bus_id,city,city_code,adapted,agency,line_code,line_url,line_fare,latitude,longitude,bus_speed,is_eletric,bus_type,bus_direction,updated_at
CUR_BI851,Curitiba,4106902,1,,175,,,-25.450185,-49.254121,,False,7,2,2023-06-17T01:09:26.632937+00:00
CUR_BL600,Curitiba,4106902,0,URBS,022,https://moovitapp.com/index/pt-br/transporte_p%C3%BAblico-line-022_INTER_2_HOR%C3%81RIO-Curitiba-942-9628-381388-0,-1.0,-25.48936,-49.294071,,False,4,,2023-06-17T01:09:26.632937+00:00
CUR_BL318,Curitiba,4106902,0,URBS,022,https://moovitapp.com/index/pt-br/transporte_p%C3%BAblico-line-022_INTER_2_HOR%C3%81RIO-Curitiba-942-9628-381388-0,-1.0,-25.438346,-49.221763,,False,3,,2023-06-17T01:08:26.632937+00:00
CUR_BL328,Curitiba,4106902,0,URBS,022,https://moovitapp.com/index/pt-br/transporte_p%C3%BAblico-line-022_INTER_2_HOR%C3%81RIO-Curitiba-942-9628-381388-0,-1.0,-25.47506,-49.292168,,False,3,,2023-06-17T01:09:26.632937+00:00
CUR_HL699,Curitiba,4106902,0,URBS,022,https://moovitapp.com/index/pt-br/transporte_p%C3%BAblico-line-022_INTER_2_HOR%C3%81RIO-Curitiba-942-9628-381388-0,-1.0,-25.412143,-49.246925,,False,4,,2023-06-17T01:09:26.632937+00:00
CUR_BL332,Curitiba,4106902,0,URBS,022,https://moovitapp.com/index/pt-br/transporte_p%C3%BAblico-line-022_INTER_2_HOR%C3%81RIO-Curitiba-942-9628-381388-0,-1.0,-25.453991,-49.230576,,False,3,,2023-06-17T01:09:26.632937+00:00
CUR_MC079,Curitiba,4106902,1,,972,,,-25.400811,-49.330551,,False,1,1,2023-06-17T01:09:26.632937+00:00
CUR_MC302,Curitiba,4106902,1,,972,,,-25.428525,-49.274361,,False,3,2,2023-06-17T01:09:26.632937+00:00
CUR_GI055,Curitiba,4106902,1,,637,,,-25.526683,-49.29351,,False,1,1,2023-06-17T01:09:26.632937+00:00
CUR_HA190,Curitiba,4106902,1,,652,,,-25.532006,-49.33475,,False,1,1,2023-06-17T01:09:26.632937+00:00
CUR_HI010,Curitiba,4106902,1,,652,,,-25.51167,-49.324831,,False,1,2,2023-06-17T01:09:26.632937+00:00
CUR_JI013,Curitiba,4106902,1,,823,,,-25.450236,-49.353806,,False,1,1,2023-06-17T01:09:26.632937+00:00
CUR_JC315,Curitiba,4106902,1,,701,,,-25.47387,-49.31824,,False,3,2,2023-06-17T01:09:26.632937+00:00
CUR_JC313,Curitiba,4106902,1,,701,,,-25.468158,-49.311398,,False,3,1,2023-06-17T01:09:26.632937+00:00
CUR_JC304,Curitiba,4106902,1,,701,,,-25.434803,-49.272326,,False,3,2,2023-06-17T01:09:26.632937+00:00
CUR_HE723,Curitiba,4106902,0,URBS,603,https://moovitapp.com/index/pt-br/transporte_p%C3%BAblico-line-603_PINHEIRINHO_RUI_BARBOSA-Curitiba-942-9628-484781-0,-1.0,-25.481863,-49.29263,,False,5,1,2023-06-17T01:09:26.632937+00:00
CUR_HE728,Curitiba,4106902,0,URBS,603,https://moovitapp.com/index/pt-br/transporte_p%C3%BAblico-line-603_PINHEIRINHO_RUI_BARBOSA-Curitiba-942-9628-484781-0,-1.0,-25.436166,-49.274728,,False,5,2,2023-06-17T01:08:26.632937+00:00
CUR_HE717,Curitiba,4106902,0,URBS,603,https://moovitapp.com/index/pt-br/transporte_p%C3%BAblico-line-603_PINHEIRINHO_RUI_BARBOSA-Curitiba-942-9628-484781-0,-1.0,-25.451276,-49.287951,,False,5,2,2023-06-17T01:09:26.632937+00:00
CUR_HD242,Curitiba,4106902,0,URBS,603,https://moovitapp.com/index/pt-br/transporte_p%C3%BAblico-line-603_PINHEIRINHO_RUI_BARBOSA-Curitiba-942-9628-484781-0,-1.0,-25.50101,-49.296015,,False,5,1,2023-06-17T01:09:26.632937+00:00
CUR_HE721,Curitiba,4106902,0,URBS,603,https://moovitapp.com/index/pt-br/transporte_p%C3%BAblico-line-603_PINHEIRINHO_RUI_BARBOSA-Curitiba-942-9628-484781-0,-1.0,-25.509973,-49.295815,,False,5,1,2023-06-17T01:09:26.632937+00:00
CUR_MA013,Curitiba,4106902,1,,924,,,-25.374125,-49.274175,,False,1,2,2023-06-17T01:09:26.632937+00:00
CUR_MI004,Curitiba,4106902,1,,924,,,-25.375648,-49.31013,,False,1,1,2023-06-17T01:09:26.632937+00:00
CUR_BI010,Curitiba,4106902,1,,924,,,-25.369606,-49.26906,,False,1,2,2023-06-17T01:09:26.632937+00:00
CUR_DR408,Curitiba,4106902,1,,335,,,-25.469021,-49.255118,,False,4,2,2023-06-17T01:09:26.632937+00:00
CUR_EI008,Curitiba,4106902,1,,335,,,-25.483315,-49.21358,,False,1,2,2023-06-17T01:09:26.632937+00:00
CUR_DR407,Curitiba,4106902,1,,335,,,-25.510163,-49.222155,,False,4,1,2023-06-17T01:09:26.632937+00:00
CUR_EI013,Curitiba,4106902,1,,663,,,-25.498196,-49.280061,,False,1,1,2023-06-17T01:08:26.632937+00:00
CUR_EA025,Curitiba,4106902,1,,663,,,-25.435746,-49.274345,,False,1,2,2023-06-17T01:09:26.632937+00:00
CUR_BI882,Curitiba,4106902,1,Auto Viação São José,213,https://moovitapp.com/index/pt-br/transporte_p%C3%BAblico-line-213_PIT_PRA%C3%87A_DA_JUVENTUDE_CRISTAL_BLANCO_POMBO_HOR%C3%81RIO-Curitiba-942-857412-119631272-0,-1.0,-25.406743,-49.252708,,False,7,2,2023-06-17T01:09:26.632937+00:00
CUR_DA011,Curitiba,4106902,1,,322,,,-25.451115,-49.215141,,False,1,1,2023-06-17T01:09:26.632937+00:00
CUR_EB608,Curitiba,4106902,1,,050,,,-25.454283,-49.230748,,False,4,2,2023-06-17T01:09:26.632937+00:00
CUR_GR125,Curitiba,4106902,1,,050,,,-25.452021,-49.227915,,False,4,2,2023-06-17T01:09:26.632937+00:00
CUR_JB699,Curitiba,4106902,1,,050,,,-25.477871,-49.29549,,False,4,1,2023-06-17T01:07:26.632937+00:00
CUR_JB604,Curitiba,4106902,1,,050,,,-25.448408,-49.365075,,False,4,1,2023-06-17T01:08:26.632937+00:00
CUR_HB602,Curitiba,4106902,1,,050,,,-25.450531,-49.258006,,False,4,1,2023-06-17T01:09:26.632937+00:00
CUR_EA602,Curitiba,4106902,1,,050,,,-25.476591,-49.30718,,False,4,1,2023-06-17T01:09:26.632937+00:00
CUR_JI858,Curitiba,4106902,1,,861,,,-25.449898,-49.318831,,False,7,1,2023-06-17T01:09:26.632937+00:00
CUR_BL305,Curitiba,4106902,0,URBS,307,https://moovitapp.com/index/pt-br/transporte_p%C3%BAblico-line-307_BAIRRO_ALTO_SANTA_FELICIDADE-Curitiba-942-9628-1323712-0,-1.0,-25.412191,-49.205113,,False,3,1,2023-06-17T01:09:26.632937+00:00
CUR_CL039,Curitiba,4106902,0,URBS,307,https://moovitapp.com/index/pt-br/transporte_p%C3%BAblico-line-307_BAIRRO_ALTO_SANTA_FELICIDADE-Curitiba-942-9628-1323712-0,-1.0,-25.42787,-49.233495,,False,3,1,2023-06-17T01:09:26.632937+00:00
CUR_ML307,Curitiba,4106902,0,URBS,307,https://moovitapp.com/index/pt-br/transporte_p%C3%BAblico-line-307_BAIRRO_ALTO_SANTA_FELICIDADE-Curitiba-942-9628-1323712-0,-1.0,-25.427511,-49.23879,,False,3,1,2023-06-17T01:08:26.632937+00:00
CUR_BL312,Curitiba,4106902,0,URBS,307,https://moovitapp.com/index/pt-br/transporte_p%C3%BAblico-line-307_BAIRRO_ALTO_SANTA_FELICIDADE-Curitiba-942-9628-1323712-0,-1.0,-25.429461,-49.204313,,False,3,2,2023-06-17T01:08:26.632937+00:00
CUR_CL038,Curitiba,4106902,0,URBS,307,https://moovitapp.com/index/pt-br/transporte_p%C3%BAblico-line-307_BAIRRO_ALTO_SANTA_FELICIDADE-Curitiba-942-9628-1323712-0,-1.0,-25.430395,-49.281206,,False,3,2,2023-06-17T01:09:26.632937+00:00
CUR_ML305,Curitiba,4106902,0,URBS,307,https://moovitapp.com/index/pt-br/transporte_p%C3%BAblico-line-307_BAIRRO_ALTO_SANTA_FELICIDADE-Curitiba-942-9628-1323712-0,-1.0,-25.409455,-49.321338,,False,3,2,2023-06-17T01:06:26.632937+00:00
CUR_HE714,Curitiba,4106902,0,URBS,203,https://moovitapp.com/index/pt-br/transporte_p%C3%BAblico-line-203_SANTA_C%C3%82NDIDA_CAP%C3%83O_RASO-Curitiba-942-9628-1323737-0,-1.0,-25.474971,-49.293303,,False,5,1,2023-06-17T01:09:26.632937+00:00
CUR_GE736,Curitiba,4106902,0,URBS,203,https://moovitapp.com/index/pt-br/transporte_p%C3%BAblico-line-203_SANTA_C%C3%82NDIDA_CAP%C3%83O_RASO-Curitiba-942-9628-1323737-0,-1.0,-25.447358,-49.287668,,False,5,1,2023-06-17T01:09:26.632937+00:00
CUR_BE707,Curitiba,4106902,0,URBS,203,https://moovitapp.com/index/pt-br/transporte_p%C3%BAblico-line-203_SANTA_C%C3%82NDIDA_CAP%C3%83O_RASO-Curitiba-942-9628-1323737-0,-1.0,-25.402463,-49.248803,,False,5,2,2023-06-17T01:09:26.632937+00:00
CUR_GE726,Curitiba,4106902,0,URBS,203,https://moovitapp.com/index/pt-br/transporte_p%C3%BAblico-line-203_SANTA_C%C3%82NDIDA_CAP%C3%83O_RASO-Curitiba-942-9628-1323737-0,-1.0,-25.43772,-49.26695,,False,5,2,2023-06-17T01:09:26.632937+00:00
CUR_BE717,Curitiba,4106902,0,URBS,203,https://moovitapp.com/index/pt-br/transporte_p%C3%BAblico-line-203_SANTA_C%C3%82NDIDA_CAP%C3%83O_RASO-Curitiba-942-9628-1323737-0,-1.0,-25.390188,-49.237526,,False,5,2,2023-06-17T01:09:26.632937+00:00
CUR_GE733,Curitiba,4106902,0,URBS,203,https://moovitapp.com/index/pt-br/transporte_p%C3%BAblico-line-203_SANTA_C%C3%82NDIDA_CAP%C3%83O_RASO-Curitiba-942-9628-1323737-0,-1.0,-25.415611,-49.261111,,False,5,2,2023-06-17T01:09:26.632937+00:00
CUR_BE712,Curitiba,4106902,0,URBS,203,https://moovitapp.com/index/pt-br/transporte_p%C3%BAblico-line-203_SANTA_C%C3%82NDIDA_CAP%C3%83O_RASO-Curitiba-942-9628-1323737-0,-1.0,-25.487928,-49.294296,,False,5,1,2023-06-17T01:09:26.632937+00:00
CUR_BE716,Curitiba,4106902,0,URBS,203,https://moovitapp.com/index/pt-br/transporte_p%C3%BAblico-line-203_SANTA_C%C3%82NDIDA_CAP%C3%83O_RASO-Curitiba-942-9628-1323737-0,-1.0,-25.37966,-49.227725,,False,5,2,2023-06-17T01:09:26.632937+00:00
CUR_BE710,Curitiba,4106902,0,URBS,203,https://moovitapp.com/index/pt-br/transporte_p%C3%BAblico-line-203_SANTA_C%C3%82NDIDA_CAP%C3%83O_RASO-Curitiba-942-9628-1323737-0,-1.0,-25.426696,-49.26836,,False,5,1,2023-06-17T01:09:26.632937+00:00
CUR_BE726,Curitiba,4106902,0,URBS,203,https://moovitapp.com/index/pt-br/transporte_p%C3%BAblico-line-203_SANTA_C%C3%82NDIDA_CAP%C3%83O_RASO-Curitiba-942-9628-1323737-0,-1.0,-25.447983,-49.287653,,False,5,1,2023-06-17T01:06:26.632937+00:00
CUR_BE722,Curitiba,4106902,0,URBS,203,https://moovitapp.com/index/pt-br/transporte_p%C3%BAblico-line-203_SANTA_C%C3%82NDIDA_CAP%C3%83O_RASO-Curitiba-942-9628-1323737-0,-1.0,-25.488303,-49.294221,,False,5,1,2023-06-17T01:09:26.632937+00:00
CUR_BL306,Curitiba,4106902,0,URBS,700,https://moovitapp.com/index/pt-br/transporte_p%C3%BAblico-line-700_PINHEIRINHO_CABRAL-Curitiba-942-9628-757429-0,-1.0,-25.406955,-49.255608,,False,3,2,2023-06-17T01:09:26.632937+00:00
CUR_HL495,Curitiba,4106902,1,URBS,700,https://moovitapp.com/index/pt-br/transporte_p%C3%BAblico-line-700_PINHEIRINHO_CABRAL-Curitiba-942-9628-757429-0,-1.0,-25.441445,-49.263076,,False,3,2,2023-06-17T01:09:26.632937+00:00
CUR_HL313,Curitiba,4106902,0,URBS,700,https://moovitapp.com/index/pt-br/transporte_p%C3%BAblico-line-700_PINHEIRINHO_CABRAL-Curitiba-942-9628-757429-0,-1.0,-25.478078,-49.295721,,False,3,1,2023-06-17T01:09:26.632937+00:00
CUR_BL338,Curitiba,4106902,0,URBS,700,https://moovitapp.com/index/pt-br/transporte_p%C3%BAblico-line-700_PINHEIRINHO_CABRAL-Curitiba-942-9628-757429-0,-1.0,-25.5049,-49.294175,,False,3,1,2023-06-17T01:09:26.632937+00:00
CUR_HL312,Curitiba,4106902,0,URBS,700,https://moovitapp.com/index/pt-br/transporte_p%C3%BAblico-line-700_PINHEIRINHO_CABRAL-Curitiba-942-9628-757429-0,-1.0,-25.513611,-49.295625,,False,3,2,2023-06-17T01:09:26.632937+00:00
CUR_BA015,Curitiba,4106902,1,,827,,,-25.448186,-49.363005,,False,1,1,2023-06-17T01:09:26.632937+00:00
CUR_HL307,Curitiba,4106902,0,URBS,508,https://moovitapp.com/index/pt-br/transporte_p%C3%BAblico-line-508_S%C3%8DTIO_CERCADO_ANTI_HOR%C3%81RIO-Curitiba-942-9628-294520-0,-1.0,-25.433023,-49.263788,,False,3,,2023-06-17T01:09:26.632937+00:00
CUR_GL320,Curitiba,4106902,0,URBS,508,https://moovitapp.com/index/pt-br/transporte_p%C3%BAblico-line-508_S%C3%8DTIO_CERCADO_ANTI_HOR%C3%81RIO-Curitiba-942-9628-294520-0,-1.0,-25.495891,-49.295913,,False,3,,2023-06-17T01:09:26.632937+00:00
CUR_GL307,Curitiba,4106902,0,URBS,508,https://moovitapp.com/index/pt-br/transporte_p%C3%BAblico-line-508_S%C3%8DTIO_CERCADO_ANTI_HOR%C3%81RIO-Curitiba-942-9628-294520-0,-1.0,-25.503435,-49.236538,,False,3,,2023-06-17T01:09:26.632937+00:00
CUR_GL315,Curitiba,4106902,0,URBS,508,https://moovitapp.com/index/pt-br/transporte_p%C3%BAblico-line-508_S%C3%8DTIO_CERCADO_ANTI_HOR%C3%81RIO-Curitiba-942-9628-294520-0,-1.0,-25.446995,-49.281865,,False,3,,2023-06-17T01:08:26.632937+00:00
CUR_GL321,Curitiba,4106902,0,URBS,508,https://moovitapp.com/index/pt-br/transporte_p%C3%BAblico-line-508_S%C3%8DTIO_CERCADO_ANTI_HOR%C3%81RIO-Curitiba-942-9628-294520-0,-1.0,-25.537206,-49.275916,,False,3,,2023-06-17T01:09:26.632937+00:00
CUR_HA025,Curitiba,4106902,1,,659,,,-25.5339,-49.300626,,False,1,1,2023-06-17T01:08:26.632937+00:00
CUR_HA013,Curitiba,4106902,1,,659,,,-25.513573,-49.295476,,False,1,2,2023-06-17T01:09:26.632937+00:00
CUR_BA019,Curitiba,4106902,1,,817,,,-25.425555,-49.342813,,False,1,2,2023-06-17T01:09:26.632937+00:00
CUR_MI001,Curitiba,4106902,1,,817,,,-25.420353,-49.343355,,False,1,2,2023-06-17T01:09:26.632937+00:00
CUR_MA012,Curitiba,4106902,1,,917,,,-25.37902,-49.32782,,False,1,2,2023-06-17T01:09:26.632937+00:00
CUR_BI020,Curitiba,4106902,1,,226,,,-25.393258,-49.240915,,False,1,1,2023-06-17T01:09:26.632937+00:00
CUR_HL496,Curitiba,4106902,1,URBS,607,https://moovitapp.com/index/pt-br/transporte_p%C3%BAblico-line-607_COLOMBO_CIC-Curitiba-942-9628-294348-0,-1.0,-25.452815,-49.264563,,False,3,1,2023-06-17T01:09:26.632937+00:00
CUR_HL325,Curitiba,4106902,0,URBS,607,https://moovitapp.com/index/pt-br/transporte_p%C3%BAblico-line-607_COLOMBO_CIC-Curitiba-942-9628-294348-0,-1.0,-25.390545,-49.223465,,False,3,1,2023-06-17T01:09:26.632937+00:00
CUR_HL318,Curitiba,4106902,0,URBS,607,https://moovitapp.com/index/pt-br/transporte_p%C3%BAblico-line-607_COLOMBO_CIC-Curitiba-942-9628-294348-0,-1.0,-25.497956,-49.306503,,False,3,2,2023-06-17T01:07:26.632937+00:00
CUR_HL329,Curitiba,4106902,1,URBS,607,https://moovitapp.com/index/pt-br/transporte_p%C3%BAblico-line-607_COLOMBO_CIC-Curitiba-942-9628-294348-0,-1.0,-25.503763,-49.314916,,False,3,2,2023-06-17T01:09:26.632937+00:00
CUR_HL328,Curitiba,4106902,0,URBS,607,https://moovitapp.com/index/pt-br/transporte_p%C3%BAblico-line-607_COLOMBO_CIC-Curitiba-942-9628-294348-0,-1.0,-25.41978,-49.268848,,False,3,2,2023-06-17T01:09:26.632937+00:00
CUR_JI601,Curitiba,4106902,1,,703,,,-25.45678,-49.302768,,False,4,2,2023-06-17T01:09:26.632937+00:00
CUR_JC317,Curitiba,4106902,1,,703,,,-25.476296,-49.320765,,False,3,1,2023-06-17T01:09:26.632937+00:00
CUR_JI300,Curitiba,4106902,0,,703,,,-25.483815,-49.350171,,False,3,1,2023-06-17T01:08:26.632937+00:00
CUR_JC300,Curitiba,4106902,1,,703,,,-25.452365,-49.296746,,False,3,2,2023-06-17T01:09:26.632937+00:00
CUR_BB608,Curitiba,4106902,1,,030,,,-25.431168,-49.204498,,False,4,1,2023-06-17T01:08:26.632937+00:00
CUR_BB611,Curitiba,4106902,1,,030,,,-25.501135,-49.237615,,False,4,2,2023-06-17T01:09:26.632937+00:00
CUR_BB601,Curitiba,4106902,1,,030,,,-25.380301,-49.219511,,False,4,2,2023-06-17T01:09:26.632937+00:00
CUR_BB615,Curitiba,4106902,1,,030,,,-25.443893,-49.207558,,False,4,2,2023-06-17T01:09:26.632937+00:00
CUR_KB606,Curitiba,4106902,1,,030,,,-25.488895,-49.225978,,False,4,1,2023-06-17T01:09:26.632937+00:00
CUR_GB609,Curitiba,4106902,1,,030,,,-25.497871,-49.294466,,False,4,1,2023-06-17T01:09:26.632937+00:00
CUR_GI857,Curitiba,4106902,1,,662,,,-25.455923,-49.26797,,False,7,2,2023-06-17T01:09:26.632937+00:00
CUR_HA604,Curitiba,4106902,1,,650,,,-25.51229,-49.295278,,False,4,1,2023-06-17T01:06:26.632937+00:00
CUR_HI016,Curitiba,4106902,1,,650,,,-25.521225,-49.293383,,False,1,2,2023-06-17T01:09:26.632937+00:00
CUR_HA609,Curitiba,4106902,1,,650,,,-25.563786,-49.328906,,False,4,1,2023-06-17T01:09:26.632937+00:00
CUR_GI051,Curitiba,4106902,1,,542,,,-25.53445,-49.268283,,False,1,,2023-06-17T01:09:26.632937+00:00
CUR_GI032,Curitiba,4106902,1,,542,,,-25.549683,-49.259908,,False,1,,2023-06-17T01:09:26.632937+00:00
CUR_HA008,Curitiba,4106902,1,,773,,,-25.536103,-49.33234,,False,1,2,2023-06-17T01:05:26.632937+00:00
CUR_BI030,Curitiba,4106902,1,,812,,,-25.418116,-49.340065,,False,1,1,2023-06-17T01:09:26.632937+00:00
CUR_BA013,Curitiba,4106902,1,,829,,,-25.441493,-49.34594,,False,1,,2023-06-17T01:09:26.632937+00:00
CUR_BA021,Curitiba,4106902,1,,812,,,-25.419748,-49.3372,,False,1,2,2023-06-17T01:09:26.632937+00:00
CUR_HI048,Curitiba,4106902,1,,622,,,-25.494205,-49.314648,,False,1,1,2023-06-17T01:09:26.632937+00:00
CUR_KE708,Curitiba,4106902,0,URBS,502,https://moovitapp.com/index/pt-br/transporte_p%C3%BAblico-line-502_CIRCULAR_SUL_HOR%C3%81RIO-Curitiba-942-9628-294482-0,-1.0,-25.533681,-49.283805,,False,5,,2023-06-17T01:09:26.632937+00:00
CUR_KE706,Curitiba,4106902,0,URBS,502,https://moovitapp.com/index/pt-br/transporte_p%C3%BAblico-line-502_CIRCULAR_SUL_HOR%C3%81RIO-Curitiba-942-9628-294482-0,-1.0,-25.469021,-49.254865,,False,5,,2023-06-17T01:09:26.632937+00:00
CUR_HE605,Curitiba,4106902,0,URBS,502,https://moovitapp.com/index/pt-br/transporte_p%C3%BAblico-line-502_CIRCULAR_SUL_HOR%C3%81RIO-Curitiba-942-9628-294482-0,-1.0,-25.477005,-49.289256,,False,4,,2023-06-17T01:09:26.632937+00:00
CUR_GE603,Curitiba,4106902,0,URBS,502,https://moovitapp.com/index/pt-br/transporte_p%C3%BAblico-line-502_CIRCULAR_SUL_HOR%C3%81RIO-Curitiba-942-9628-294482-0,-1.0,-25.492868,-49.293696,,False,4,,2023-06-17T01:09:26.632937+00:00
CUR_HE614,Curitiba,4106902,0,URBS,502,https://moovitapp.com/index/pt-br/transporte_p%C3%BAblico-line-502_CIRCULAR_SUL_HOR%C3%81RIO-Curitiba-942-9628-294482-0,-1.0,-25.479125,-49.292133,,False,4,,2023-06-17T01:08:26.632937+00:00
CUR_HE603,Curitiba,4106902,0,URBS,502,https://moovitapp.com/index/pt-br/transporte_p%C3%BAblico-line-502_CIRCULAR_SUL_HOR%C3%81RIO-Curitiba-942-9628-294482-0,-1.0,-25.525285,-49.231155,,False,4,,2023-06-17T01:09:26.632937+00:00
CUR_GE610,Curitiba,4106902,0,URBS,502,https://moovitapp.com/index/pt-br/transporte_p%C3%BAblico-line-502_CIRCULAR_SUL_HOR%C3%81RIO-Curitiba-942-9628-294482-0,-1.0,-25.501185,-49.23765,,False,4,,2023-06-17T01:09:26.632937+00:00
CUR_GE602,Curitiba,4106902,0,URBS,502,https://moovitapp.com/index/pt-br/transporte_p%C3%BAblico-line-502_CIRCULAR_SUL_HOR%C3%81RIO-Curitiba-942-9628-294482-0,-1.0,-25.472648,-49.251643,,False,4,,2023-06-17T01:09:26.632937+00:00
CUR_EI014,Curitiba,4106902,1,,533,,,-25.531535,-49.250305,,False,1,,2023-06-17T01:07:26.632937+00:00
CUR_KE702,Curitiba,4106902,0,URBS,503,https://moovitapp.com/index/pt-br/transporte_p%C3%BAblico-line-503_BOQUEIR%C3%83O-Curitiba-942-9628-294244-0,-1.0,-25.43934,-49.267815,,False,5,2,2023-06-17T01:09:26.632937+00:00
CUR_KE704,Curitiba,4106902,0,URBS,503,https://moovitapp.com/index/pt-br/transporte_p%C3%BAblico-line-503_BOQUEIR%C3%83O-Curitiba-942-9628-294244-0,-1.0,-25.493266,-49.24158,,False,5,2,2023-06-17T01:09:26.632937+00:00
CUR_KE703,Curitiba,4106902,0,URBS,503,https://moovitapp.com/index/pt-br/transporte_p%C3%BAblico-line-503_BOQUEIR%C3%83O-Curitiba-942-9628-294244-0,-1.0,-25.512876,-49.232005,,False,5,1,2023-06-17T01:09:26.632937+00:00
CUR_GR035,Curitiba,4106902,0,URBS,503,https://moovitapp.com/index/pt-br/transporte_p%C3%BAblico-line-503_BOQUEIR%C3%83O-Curitiba-942-9628-294244-0,-1.0,-25.460965,-49.257348,,False,4,1,2023-06-17T01:09:26.632937+00:00
CUR_BI873,Curitiba,4106902,1,,184,,,-25.412006,-49.269923,,False,7,2,2023-06-17T01:09:26.632937+00:00
CUR_GI056,Curitiba,4106902,1,,683,,,-25.55168,-49.274648,,False,1,1,2023-06-17T01:09:26.632937+00:00
CUR_EL310,Curitiba,4106902,0,URBS,506,https://moovitapp.com/index/pt-br/transporte_p%C3%BAblico-line-506_BAIRRO_NOVO-Curitiba-942-9628-294299-0,-1.0,-25.440171,-49.269348,,False,3,2,2023-06-17T01:07:26.632937+00:00
CUR_GL302,Curitiba,4106902,0,URBS,506,https://moovitapp.com/index/pt-br/transporte_p%C3%BAblico-line-506_BAIRRO_NOVO-Curitiba-942-9628-294299-0,-1.0,-25.5409,-49.27088,,False,3,1,2023-06-17T01:09:26.632937+00:00
CUR_EL328,Curitiba,4106902,1,URBS,506,https://moovitapp.com/index/pt-br/transporte_p%C3%BAblico-line-506_BAIRRO_NOVO-Curitiba-942-9628-294299-0,-1.0,-25.534616,-49.268531,,False,3,1,2023-06-17T01:09:26.632937+00:00
CUR_EL312,Curitiba,4106902,0,URBS,506,https://moovitapp.com/index/pt-br/transporte_p%C3%BAblico-line-506_BAIRRO_NOVO-Curitiba-942-9628-294299-0,-1.0,-25.436211,-49.271168,,False,3,2,2023-06-17T01:09:26.632937+00:00
CUR_GL308,Curitiba,4106902,0,URBS,506,https://moovitapp.com/index/pt-br/transporte_p%C3%BAblico-line-506_BAIRRO_NOVO-Curitiba-942-9628-294299-0,-1.0,-25.510513,-49.283333,,False,3,2,2023-06-17T01:09:26.632937+00:00
CUR_GI855,Curitiba,4106902,1,,661,,,-25.4743,-49.277175,,False,7,2,2023-06-17T01:09:26.632937+00:00
CUR_EI007,Curitiba,4106902,1,,522,,,-25.500821,-49.237965,,False,1,1,2023-06-17T01:09:26.632937+00:00
CUR_EA074,Curitiba,4106902,1,,512,,,-25.482071,-49.246675,,False,1,2,2023-06-17T01:09:26.632937+00:00
CUR_JA034,Curitiba,4106902,1,,714,,,-25.489865,-49.349906,,False,1,,2023-06-17T01:09:26.632937+00:00
CUR_DC092,Curitiba,4106902,1,,468,,,-25.438848,-49.270001,,False,1,2,2023-06-17T01:09:26.632937+00:00
CUR_DC292,Curitiba,4106902,1,,468,,,-25.43644,-49.260353,,False,1,1,2023-06-17T01:09:26.632937+00:00
CUR_EA027,Curitiba,4106902,1,,X06,,,-25.534036,-49.26686,,False,1,2,2023-06-17T01:09:26.632937+00:00
CUR_EL333,Curitiba,4106902,1,URBS,505,https://moovitapp.com/index/pt-br/transporte_p%C3%BAblico-line-505_BOQUEIR%C3%83O_CENTRO_C%C3%8DVICO-Curitiba-942-9628-531685-0,-1.0,-25.41658,-49.267923,,False,3,2,2023-06-17T01:09:26.632937+00:00
CUR_EL306,Curitiba,4106902,0,URBS,505,https://moovitapp.com/index/pt-br/transporte_p%C3%BAblico-line-505_BOQUEIR%C3%83O_CENTRO_C%C3%8DVICO-Curitiba-942-9628-531685-0,-1.0,-25.422658,-49.268525,,False,3,1,2023-06-17T01:09:26.632937+00:00
CUR_EL329,Curitiba,4106902,1,URBS,505,https://moovitapp.com/index/pt-br/transporte_p%C3%BAblico-line-505_BOQUEIR%C3%83O_CENTRO_C%C3%8DVICO-Curitiba-942-9628-531685-0,-1.0,-25.438148,-49.262786,,False,3,2,2023-06-17T01:07:26.632937+00:00
CUR_GI007,Curitiba,4106902,1,,547,,,-25.538828,-49.25889,,False,1,1,2023-06-17T01:09:26.632937+00:00
CUR_GI057,Curitiba,4106902,1,,638,,,-25.532873,-49.296951,,False,1,2,2023-06-17T01:09:26.632937+00:00
CUR_GI043,Curitiba,4106902,1,,638,,,-25.550051,-49.283351,,False,1,1,2023-06-17T01:09:26.632937+00:00
CUR_JI006,Curitiba,4106902,1,,611,,,-25.469836,-49.317601,,False,1,2,2023-06-17T01:09:26.632937+00:00
CUR_JI014,Curitiba,4106902,1,,611,,,-25.475688,-49.296948,,False,1,1,2023-06-17T01:09:26.632937+00:00
CUR_DL304,Curitiba,4106902,0,URBS,304,https://moovitapp.com/index/pt-br/transporte_p%C3%BAblico-line-304_PINHAIS_CAMPO_COMPRIDO-Curitiba-942-9628-133282995-0,-1.0,-25.440888,-49.219625,,False,3,2,2023-06-17T01:09:26.632937+00:00
CUR_JL318,Curitiba,4106902,0,URBS,304,https://moovitapp.com/index/pt-br/transporte_p%C3%BAblico-line-304_PINHAIS_CAMPO_COMPRIDO-Curitiba-942-9628-133282995-0,-1.0,-25.43597,-49.266721,,False,3,2,2023-06-17T01:09:26.632937+00:00
CUR_JL304,Curitiba,4106902,0,URBS,304,https://moovitapp.com/index/pt-br/transporte_p%C3%BAblico-line-304_PINHAIS_CAMPO_COMPRIDO-Curitiba-942-9628-133282995-0,-1.0,-25.443515,-49.20818,,False,3,2,2023-06-17T01:09:26.632937+00:00
CUR_GI016,Curitiba,4106902,1,,649,,,-25.534533,-49.268593,,False,1,1,2023-06-17T01:09:26.632937+00:00
CUR_GA178,Curitiba,4106902,1,,649,,,-25.520893,-49.29542,,False,1,2,2023-06-17T01:09:26.632937+00:00
CUR_JL320,Curitiba,4106902,1,URBS,702,https://moovitapp.com/index/pt-br/transporte_p%C3%BAblico-line-702_CAIU%C3%81_CACHOEIRA-Curitiba-942-9628-133282980-0,-1.0,-25.363541,-49.262531,,False,3,2,2023-06-17T01:09:26.632937+00:00
CUR_JL303,Curitiba,4106902,0,URBS,702,https://moovitapp.com/index/pt-br/transporte_p%C3%BAblico-line-702_CAIU%C3%81_CACHOEIRA-Curitiba-942-9628-133282980-0,-1.0,-25.377086,-49.262536,,False,3,2,2023-06-17T01:09:26.632937+00:00
CUR_JL319,Curitiba,4106902,0,URBS,702,https://moovitapp.com/index/pt-br/transporte_p%C3%BAblico-line-702_CAIU%C3%81_CACHOEIRA-Curitiba-942-9628-133282980-0,-1.0,-25.481528,-49.341806,,False,3,1,2023-06-17T01:09:26.632937+00:00
CUR_GI048,Curitiba,4106902,1,,640,,,-25.51264,-49.294718,,False,1,2,2023-06-17T01:09:26.632937+00:00
CUR_GI024,Curitiba,4106902,1,,640,,,-25.550846,-49.299276,,False,1,1,2023-06-17T01:09:26.632937+00:00
CUR_BI898,Curitiba,4106902,1,,169,,,-25.390908,-49.288,,False,7,1,2023-06-17T01:09:26.632937+00:00
CUR_BC031,Curitiba,4106902,1,,373,,,-25.430691,-49.264861,,False,1,2,2023-06-17T01:09:26.632937+00:00
CUR_HI020,Curitiba,4106902,1,,617,,,-25.566731,-49.316985,,False,1,1,2023-06-17T01:08:26.632937+00:00
CUR_HI028,Curitiba,4106902,1,,617,,,-25.523115,-49.29586,,False,1,1,2023-06-17T01:09:26.632937+00:00
CUR_HI047,Curitiba,4106902,1,,623,,,-25.512368,-49.304493,,False,1,2,2023-06-17T01:09:26.632937+00:00
CUR_HI004,Curitiba,4106902,1,,623,,,-25.503926,-49.304623,,False,1,1,2023-06-17T01:09:26.632937+00:00
CUR_HI017,Curitiba,4106902,1,,627,,,-25.502536,-49.309698,,False,1,2,2023-06-17T01:08:26.632937+00:00
CUR_HI006,Curitiba,4106902,1,,627,,,-25.511625,-49.32408,,False,1,2,2023-06-17T01:09:26.632937+00:00
CUR_MN608,Curitiba,4106902,1,,915,,,-25.400638,-49.330576,,False,7,1,2023-06-17T01:09:26.632937+00:00
CUR_CI007,Curitiba,4106902,1,,222,,,-25.393123,-49.241255,,False,1,2,2023-06-17T01:09:26.632937+00:00
CUR_CI008,Curitiba,4106902,1,,222,,,-25.384658,-49.195593,,False,1,1,2023-06-17T01:09:26.632937+00:00
CUR_DC088,Curitiba,4106902,1,,462,,,-25.47925,-49.208691,,False,1,2,2023-06-17T01:09:26.632937+00:00
CUR_DC090,Curitiba,4106902,1,,462,,,-25.43449,-49.267993,,False,1,2,2023-06-17T01:09:26.632937+00:00
CUR_KA603,Curitiba,4106902,1,,545,,,-25.53261,-49.29717,,False,4,2,2023-06-17T01:09:26.632937+00:00
CUR_JI600,Curitiba,4106902,1,,545,,,-25.527545,-49.252565,,False,4,2,2023-06-17T01:09:26.632937+00:00
CUR_GA697,Curitiba,4106902,1,,545,,,-25.496525,-49.335211,,False,4,1,2023-06-17T01:09:26.632937+00:00
CUR_GI008,Curitiba,4106902,1,,665,,,-25.499935,-49.284911,,False,1,1,2023-06-17T01:09:26.632937+00:00
CUR_GI850,Curitiba,4106902,1,,665,,,-25.453846,-49.266221,,False,7,2,2023-06-17T01:09:26.632937+00:00
CUR_BI885,Curitiba,4106902,1,,272,,,-25.400808,-49.259435,,False,7,2,2023-06-17T01:09:26.632937+00:00
CUR_HI042,Curitiba,4106902,1,,654,,,-25.49778,-49.310265,,False,1,1,2023-06-17T01:09:26.632937+00:00
CUR_HI041,Curitiba,4106902,1,,654,,,-25.501043,-49.319851,,False,1,2,2023-06-17T01:09:26.632937+00:00
CUR_HI850,Curitiba,4106902,1,,265,,,-25.440443,-49.269591,,False,7,1,2023-06-17T01:09:26.632937+00:00
CUR_GI044,Curitiba,4106902,1,,552,,,-25.536936,-49.272961,,False,1,1,2023-06-17T01:09:26.632937+00:00
CUR_GI013,Curitiba,4106902,1,,552,,,-25.557431,-49.260951,,False,1,2,2023-06-17T01:08:26.632937+00:00
CUR_DA291,Curitiba,4106902,1,,334,,,-25.468073,-49.199725,,False,1,,2023-06-17T01:06:26.632937+00:00
CUR_GI046,Curitiba,4106902,1,,624,,,-25.510773,-49.282856,,False,1,2,2023-06-17T01:09:26.632937+00:00
CUR_DN601,Curitiba,4106902,1,,463,,,-25.441573,-49.258951,,False,7,2,2023-06-17T01:09:26.632937+00:00
CUR_DN607,Curitiba,4106902,1,,463,,,-25.463155,-49.218038,,False,7,1,2023-06-17T01:09:26.632937+00:00
CUR_BC024,Curitiba,4106902,1,,171,,,-25.378685,-49.29255,,False,1,1,2023-06-17T01:09:26.632937+00:00
CUR_GB610,Curitiba,4106902,1,,040,,,-25.449208,-49.351668,,False,4,1,2023-06-17T01:09:26.632937+00:00
CUR_JB609,Curitiba,4106902,1,,040,,,-25.477325,-49.327713,,False,4,2,2023-06-17T01:09:26.632937+00:00
CUR_HB601,Curitiba,4106902,1,,040,,,-25.412573,-49.350618,,False,4,1,2023-06-17T01:09:26.632937+00:00
CUR_JB607,Curitiba,4106902,1,,040,,,-25.512261,-49.313855,,False,4,2,2023-06-17T01:09:26.632937+00:00
CUR_JB608,Curitiba,4106902,1,,040,,,-25.516941,-49.318731,,False,4,2,2023-06-17T01:09:26.632937+00:00
CUR_HB694,Curitiba,4106902,1,,040,,,-25.40039,-49.331506,,False,4,1,2023-06-17T01:09:26.632937+00:00
CUR_HB604,Curitiba,4106902,1,,040,,,-25.479881,-49.324225,,False,4,1,2023-06-17T01:09:26.632937+00:00
CUR_JB611,Curitiba,4106902,1,,040,,,-25.459803,-49.345255,,False,4,2,2023-06-17T01:09:26.632937+00:00
CUR_BI026,Curitiba,4106902,1,,916,,,-25.40093,-49.330183,,False,1,1,2023-06-17T01:09:26.632937+00:00
CUR_BI028,Curitiba,4106902,1,,160,,,-25.41377,-49.290423,,False,1,1,2023-06-17T01:09:26.632937+00:00
CUR_BC025,Curitiba,4106902,1,,160,,,-25.448141,-49.271915,,False,1,2,2023-06-17T01:09:26.632937+00:00
CUR_HA023,Curitiba,4106902,1,,681,,,-25.565745,-49.32949,,False,1,2,2023-06-17T01:09:26.632937+00:00
CUR_HI857,Curitiba,4106902,1,,670,,,-25.467355,-49.29802,,False,7,1,2023-06-17T01:09:26.632937+00:00
CUR_DA294,Curitiba,4106902,1,,513,,,-25.516715,-49.25004,,False,1,2,2023-06-17T01:09:26.632937+00:00
CUR_EI001,Curitiba,4106902,1,,561,,,-25.446993,-49.268521,,False,1,2,2023-06-17T01:09:26.632937+00:00
CUR_EI012,Curitiba,4106902,1,,561,,,-25.480855,-49.26877,,False,1,1,2023-06-17T01:09:26.632937+00:00
CUR_DC298,Curitiba,4106902,1,,321,,,-25.447693,-49.20952,,False,1,1,2023-06-17T01:09:26.632937+00:00
CUR_KA689,Curitiba,4106902,1,,629,,,-25.531931,-49.24179,,False,4,1,2023-06-17T01:08:26.632937+00:00
CUR_KA605,Curitiba,4106902,1,,629,,,-25.492628,-49.291303,,False,4,2,2023-06-17T01:09:26.632937+00:00
CUR_DE700,Curitiba,4106902,0,URBS,303,https://moovitapp.com/index/pt-br/transporte_p%C3%BAblico-line-303_CENTEN%C3%81RIO_CAMPO_COMPRIDO-Curitiba-942-9628-531689-0,-1.0,-25.454151,-49.214178,,False,5,1,2023-06-17T01:09:26.632937+00:00
CUR_DE715,Curitiba,4106902,0,URBS,303,https://moovitapp.com/index/pt-br/transporte_p%C3%BAblico-line-303_CENTEN%C3%81RIO_CAMPO_COMPRIDO-Curitiba-942-9628-531689-0,-1.0,-25.433361,-49.300618,,False,5,2,2023-06-17T01:09:26.632937+00:00
CUR_JE704,Curitiba,4106902,0,URBS,303,https://moovitapp.com/index/pt-br/transporte_p%C3%BAblico-line-303_CENTEN%C3%81RIO_CAMPO_COMPRIDO-Curitiba-942-9628-531689-0,-1.0,-25.439786,-49.22225,,False,5,1,2023-06-17T01:09:26.632937+00:00
CUR_DE705,Curitiba,4106902,0,URBS,303,https://moovitapp.com/index/pt-br/transporte_p%C3%BAblico-line-303_CENTEN%C3%81RIO_CAMPO_COMPRIDO-Curitiba-942-9628-531689-0,-1.0,-25.436753,-49.24542,,False,5,2,2023-06-17T01:09:26.632937+00:00
CUR_DE717,Curitiba,4106902,0,URBS,303,https://moovitapp.com/index/pt-br/transporte_p%C3%BAblico-line-303_CENTEN%C3%81RIO_CAMPO_COMPRIDO-Curitiba-942-9628-531689-0,-1.0,-25.435506,-49.306238,,False,5,2,2023-06-17T01:09:26.632937+00:00
CUR_DE703,Curitiba,4106902,0,URBS,303,https://moovitapp.com/index/pt-br/transporte_p%C3%BAblico-line-303_CENTEN%C3%81RIO_CAMPO_COMPRIDO-Curitiba-942-9628-531689-0,-1.0,-25.435781,-49.268316,,False,5,1,2023-06-17T01:09:26.632937+00:00
CUR_JE707,Curitiba,4106902,0,URBS,303,https://moovitapp.com/index/pt-br/transporte_p%C3%BAblico-line-303_CENTEN%C3%81RIO_CAMPO_COMPRIDO-Curitiba-942-9628-531689-0,-1.0,-25.469021,-49.208348,,False,5,1,2023-06-17T01:09:26.632937+00:00
CUR_JE849,Curitiba,4106902,0,URBS,303,https://moovitapp.com/index/pt-br/transporte_p%C3%BAblico-line-303_CENTEN%C3%81RIO_CAMPO_COMPRIDO-Curitiba-942-9628-531689-0,-1.0,-25.431496,-49.278463,,False,5,2,2023-06-17T01:09:26.632937+00:00
CUR_XY042,Curitiba,4106902,0,URBS,303,https://moovitapp.com/index/pt-br/transporte_p%C3%BAblico-line-303_CENTEN%C3%81RIO_CAMPO_COMPRIDO-Curitiba-942-9628-531689-0,-1.0,-25.430431,-49.281126,,False,4,2,2023-06-17T01:09:26.632937+00:00
CUR_DE716,Curitiba,4106902,0,URBS,303,https://moovitapp.com/index/pt-br/transporte_p%C3%BAblico-line-303_CENTEN%C3%81RIO_CAMPO_COMPRIDO-Curitiba-942-9628-531689-0,-1.0,-25.441606,-49.346916,,False,5,2,2023-06-17T01:09:26.632937+00:00
CUR_DE702,Curitiba,4106902,0,URBS,303,https://moovitapp.com/index/pt-br/transporte_p%C3%BAblico-line-303_CENTEN%C3%81RIO_CAMPO_COMPRIDO-Curitiba-942-9628-531689-0,-1.0,-25.435993,-49.274756,,False,5,2,2023-06-17T01:09:26.632937+00:00
CUR_EA008,Curitiba,4106902,1,,657,,,-25.491983,-49.293246,,False,1,1,2023-06-17T01:09:26.632937+00:00
CUR_EA021,Curitiba,4106902,1,,521,,,-25.522186,-49.249521,,False,1,2,2023-06-17T01:09:26.632937+00:00
CUR_EI017,Curitiba,4106902,1,,475,,,-25.445671,-49.257651,,False,1,2,2023-06-17T01:09:26.632937+00:00
CUR_EI020,Curitiba,4106902,1,,475,,,-25.458835,-49.249606,,False,1,1,2023-06-17T01:09:26.632937+00:00
CUR_JI853,Curitiba,4106902,1,,825,,,-25.462601,-49.366816,,False,7,1,2023-06-17T01:08:26.632937+00:00
CUR_GI028,Curitiba,4106902,1,,534,,,-25.518065,-49.230806,,False,1,1,2023-06-17T01:09:26.632937+00:00
CUR_GI025,Curitiba,4106902,1,,534,,,-25.53441,-49.268018,,False,1,2,2023-06-17T01:09:26.632937+00:00
CUR_BC020,Curitiba,4106902,1,,870,,,-25.416611,-49.358625,,False,1,1,2023-06-17T01:09:26.632937+00:00
CUR_BC014,Curitiba,4106902,1,,870,,,-25.435001,-49.301585,,False,1,2,2023-06-17T01:08:26.632937+00:00
CUR_GI039,Curitiba,4106902,1,,633,,,-25.522031,-49.295381,,False,1,2,2023-06-17T01:09:26.632937+00:00
CUR_GC015,Curitiba,4106902,1,,633,,,-25.529706,-49.276746,,False,1,1,2023-06-17T01:09:26.632937+00:00
CUR_BI002,Curitiba,4106902,1,,374,,,-25.409125,-49.217813,,False,1,1,2023-06-17T01:09:26.632937+00:00
CUR_BI006,Curitiba,4106902,1,,374,,,-25.413068,-49.205473,,False,1,2,2023-06-17T01:08:26.632937+00:00
CUR_BB606,Curitiba,4106902,1,,020,,,-25.417943,-49.241545,,False,4,,2023-06-17T01:09:26.632937+00:00
CUR_HB611,Curitiba,4106902,1,,020,,,-25.465598,-49.234695,,False,4,,2023-06-17T01:08:26.632937+00:00
CUR_CB600,Curitiba,4106902,1,,020,,,-25.385893,-49.282315,,False,4,,2023-06-17T01:09:26.632937+00:00
CUR_BB614,Curitiba,4106902,1,,020,,,-25.456835,-49.302885,,False,4,,2023-06-17T01:09:26.632937+00:00
CUR_BB605,Curitiba,4106902,1,,020,,,-25.494521,-49.28355,,False,4,,2023-06-17T01:09:26.632937+00:00
CUR_HI613,Curitiba,4106902,1,,684,,,-25.53936,-49.301973,,False,4,2,2023-06-17T01:09:26.632937+00:00
CUR_HA613,Curitiba,4106902,1,,684,,,-25.589841,-49.341508,,False,4,1,2023-06-17T01:08:26.632937+00:00
CUR_HI602,Curitiba,4106902,1,,684,,,-25.537296,-49.301675,,False,4,1,2023-06-17T01:09:26.632937+00:00
CUR_EB600,Curitiba,4106902,1,,021,,,-25.459635,-49.30242,,False,4,,2023-06-17T01:09:26.632937+00:00
CUR_EB601,Curitiba,4106902,1,,021,,,-25.496233,-49.284501,,False,4,,2023-06-17T01:09:26.632937+00:00
CUR_CB604,Curitiba,4106902,1,,021,,,-25.431415,-49.211013,,False,4,,2023-06-17T01:08:26.632937+00:00
CUR_GB602,Curitiba,4106902,1,,021,,,-25.421481,-49.29159,,False,4,,2023-06-17T01:08:26.632937+00:00
CUR_GB601,Curitiba,4106902,1,,021,,,-25.409561,-49.291788,,False,4,,2023-06-17T01:09:26.632937+00:00
CUR_BB300,Curitiba,4106902,1,,021,,,-25.434445,-49.21749,,False,3,,2023-06-17T01:08:26.632937+00:00
CUR_DN604,Curitiba,4106902,1,,465,,,-25.449815,-49.243786,,False,7,2,2023-06-17T01:09:26.632937+00:00
CUR_DC851,Curitiba,4106902,1,,477,,,-25.453545,-49.25274,,False,7,1,2023-06-17T01:09:26.632937+00:00
CUR_EA022,Curitiba,4106902,1,,532,,,-25.51837,-49.231115,,False,1,1,2023-06-17T01:09:26.632937+00:00
CUR_EI002,Curitiba,4106902,1,,523,,,-25.50148,-49.237481,,False,1,1,2023-06-17T01:09:26.632937+00:00
CUR_EI004,Curitiba,4106902,1,,471,,,-25.436836,-49.271026,,False,1,2,2023-06-17T01:09:26.632937+00:00
CUR_EL332,Curitiba,4106902,1,URBS,507,https://moovitapp.com/index/pt-br/transporte_p%C3%BAblico-line-507_S%C3%8DTIO_CERCADO_HOR%C3%81RIO-Curitiba-942-9628-294494-0,-1.0,-25.518443,-49.23134,,False,3,,2023-06-17T01:09:26.632937+00:00
CUR_EL322,Curitiba,4106902,1,URBS,507,https://moovitapp.com/index/pt-br/transporte_p%C3%BAblico-line-507_S%C3%8DTIO_CERCADO_HOR%C3%81RIO-Curitiba-942-9628-294494-0,-1.0,-25.44421,-49.270105,,False,3,,2023-06-17T01:09:26.632937+00:00
CUR_EL327,Curitiba,4106902,1,URBS,507,https://moovitapp.com/index/pt-br/transporte_p%C3%BAblico-line-507_S%C3%8DTIO_CERCADO_HOR%C3%81RIO-Curitiba-942-9628-294494-0,-1.0,-25.52359,-49.293586,,False,3,,2023-06-17T01:09:26.632937+00:00
CUR_EL300,Curitiba,4106902,0,URBS,507,https://moovitapp.com/index/pt-br/transporte_p%C3%BAblico-line-507_S%C3%8DTIO_CERCADO_HOR%C3%81RIO-Curitiba-942-9628-294494-0,-1.0,-25.459091,-49.258238,,False,3,,2023-06-17T01:09:26.632937+00:00
CUR_JI864,Curitiba,4106902,1,,760,,,-25.446463,-49.27577,,False,7,2,2023-06-17T01:09:26.632937+00:00
CUR_GI015,Curitiba,4106902,1,,541,,,-25.539625,-49.252631,,False,1,2,2023-06-17T01:09:26.632937+00:00
CUR_GI006,Curitiba,4106902,1,,541,,,-25.534038,-49.267266,,False,1,1,2023-06-17T01:09:26.632937+00:00
CUR_HA193,Curitiba,4106902,1,,658,,,-25.494173,-49.30923,,False,1,2,2023-06-17T01:09:26.632937+00:00
CUR_HI049,Curitiba,4106902,1,,658,,,-25.483616,-49.349968,,False,1,1,2023-06-17T01:09:26.632937+00:00
CUR_JI022,Curitiba,4106902,1,,658,,,-25.494671,-49.337381,,False,1,2,2023-06-17T01:09:26.632937+00:00
CUR_GI050,Curitiba,4106902,1,,641,,,-25.51479,-49.295696,,False,1,2,2023-06-17T01:08:26.632937+00:00
CUR_GI019,Curitiba,4106902,1,,643,,,-25.555425,-49.293661,,False,1,1,2023-06-17T01:09:26.632937+00:00
CUR_GI033,Curitiba,4106902,1,,643,,,-25.534173,-49.296011,,False,1,2,2023-06-17T01:09:26.632937+00:00
CUR_BI867,Curitiba,4106902,1,,237,,,-25.37599,-49.22446,,False,7,,2023-06-17T01:09:26.632937+00:00
CUR_BI880,Curitiba,4106902,1,,275,,,-25.419268,-49.268816,,False,7,2,2023-06-17T01:09:26.632937+00:00
CUR_BI893,Curitiba,4106902,1,,275,,,-25.374795,-49.244236,,False,7,1,2023-06-17T01:09:26.632937+00:00
CUR_BC007,Curitiba,4106902,1,,168,,,-25.420605,-49.284535,,False,1,2,2023-06-17T01:09:26.632937+00:00
CUR_HI025,Curitiba,4106902,1,,655,,,-25.563756,-49.315523,,False,1,1,2023-06-17T01:08:26.632937+00:00
CUR_HA029,Curitiba,4106902,1,,655,,,-25.517505,-49.295531,,False,1,2,2023-06-17T01:08:26.632937+00:00
CUR_HC304,Curitiba,4106902,1,,380,,,-25.426271,-49.258366,,False,10,1,2023-06-17T01:09:26.632937+00:00
CUR_CC302,Curitiba,4106902,1,,380,,,-25.435235,-49.281703,,False,10,2,2023-06-17T01:06:26.632937+00:00
CUR_MI854,Curitiba,4106902,1,,911,,,-25.395023,-49.347683,,False,7,1,2023-06-17T01:09:26.632937+00:00
CUR_DA029,Curitiba,4106902,1,,338,,,-25.49974,-49.212206,,False,1,1,2023-06-17T01:09:26.632937+00:00
CUR_DA301,Curitiba,4106902,1,,338,,,-25.50133,-49.208818,,False,3,2,2023-06-17T01:09:26.632937+00:00
CUR_DC983,Curitiba,4106902,1,,338,,,-25.481728,-49.246801,,False,1,1,2023-06-17T01:09:26.632937+00:00
CUR_DC084,Curitiba,4106902,0,,338,,,-25.469,-49.208261,,False,1,2,2023-06-17T01:09:26.632937+00:00
CUR_EI010,Curitiba,4106902,1,Auto Viação São José,515,https://moovitapp.com/index/pt-br/transporte_p%C3%BAblico-line-515_%E2%9C%88_AEROPORTO_1_SHOPPING_S%C3%83O_JOS%C3%89-Curitiba-942-857412-67925719-0,-1.0,-25.517068,-49.23054,,False,1,1,2023-06-17T01:09:26.632937+00:00
CUR_EI005,Curitiba,4106902,1,,528,,,-25.517291,-49.230425,,False,1,1,2023-06-17T01:04:26.632937+00:00
CUR_EA005,Curitiba,4106902,1,,X07,,,-25.543163,-49.26845,,False,1,2,2023-06-17T01:09:26.632937+00:00
CUR_EI006,Curitiba,4106902,1,,X07,,,-25.538691,-49.271911,,False,1,1,2023-06-17T01:08:26.632937+00:00
CUR_JI004,Curitiba,4106902,1,,719,,,-25.483771,-49.350101,,False,1,2,2023-06-17T01:09:26.632937+00:00
CUR_JI009,Curitiba,4106902,1,,718,,,-25.477311,-49.326638,,False,1,,2023-06-17T01:09:26.632937+00:00
CUR_JA035,Curitiba,4106902,1,,712,,,-25.486281,-49.335398,,False,1,1,2023-06-17T01:09:26.632937+00:00
CUR_BI018,Curitiba,4106902,1,,232,,,-25.372415,-49.22802,,False,1,1,2023-06-17T01:09:26.632937+00:00
CUR_KI002,Curitiba,4106902,1,,472,,,-25.436178,-49.262108,,False,1,1,2023-06-17T01:07:26.632937+00:00
CUR_BI024,Curitiba,4106902,1,,242,,,-25.377691,-49.262505,,False,1,1,2023-06-17T01:09:26.632937+00:00
CUR_JI860,Curitiba,4106902,1,,779,,,-25.464406,-49.309893,,False,7,2,2023-06-17T01:09:26.632937+00:00
CUR_BI879,Curitiba,4106902,1,,311,,,-25.439796,-49.222113,,False,7,1,2023-06-17T01:09:26.632937+00:00
CUR_BI029,Curitiba,4106902,1,,372,,,-25.429803,-49.215946,,False,1,2,2023-06-17T01:08:26.632937+00:00
CUR_BC316,Curitiba,4106902,1,,372,,,-25.428093,-49.245115,,False,10,1,2023-06-17T01:09:26.632937+00:00
CUR_BC002,Curitiba,4106902,1,,183,,,-25.428755,-49.26955,,False,1,2,2023-06-17T01:09:26.632937+00:00
CUR_JA022,Curitiba,4106902,1,,711,,,-25.477265,-49.326938,,False,1,2,2023-06-17T01:09:26.632937+00:00
CUR_BI863,Curitiba,4106902,1,,274,,,-25.428845,-49.269708,,False,7,2,2023-06-17T01:09:26.632937+00:00
CUR_JA030,Curitiba,4106902,1,,860,,,-25.442401,-49.283523,,False,1,2,2023-06-17T01:09:26.632937+00:00
CUR_JI298,Curitiba,4106902,1,,860,,,-25.452491,-49.323675,,False,1,2,2023-06-17T01:09:26.632937+00:00
CUR_JC309,Curitiba,4106902,1,,778,,,-25.459281,-49.325275,,False,3,1,2023-06-17T01:09:26.632937+00:00
CUR_JC303,Curitiba,4106902,1,,778,,,-25.45779,-49.305926,,False,3,2,2023-06-17T01:09:26.632937+00:00
CUR_BC315,Curitiba,4106902,1,,371,,,-25.426611,-49.254278,,False,10,2,2023-06-17T01:09:26.632937+00:00
CUR_BC313,Curitiba,4106902,1,,371,,,-25.41237,-49.223583,,False,10,1,2023-06-17T01:09:26.632937+00:00
CUR_GI047,Curitiba,4106902,1,,528,,,-25.564611,-49.282566,,False,1,1,2023-06-17T01:09:26.632937+00:00
CUR_EI016,Curitiba,4106902,1,,528,,,-25.55862,-49.258453,,False,1,1,2023-06-17T01:09:26.632937+00:00
CUR_BC021,Curitiba,4106902,1,,876,,,-25.422848,-49.314373,,False,1,2,2023-06-17T01:09:26.632937+00:00
CUR_BC017,Curitiba,4106902,1,,876,,,-25.429661,-49.294015,,False,1,1,2023-06-17T01:08:26.632937+00:00
CUR_BI899,Curitiba,4106902,1,,366,,,-25.424466,-49.259381,,False,7,2,2023-06-17T01:09:26.632937+00:00
CUR_BI017,Curitiba,4106902,1,,342,,,-25.38858,-49.206005,,False,1,2,2023-06-17T01:09:26.632937+00:00
CUR_BI012,Curitiba,4106902,1,,342,,,-25.392575,-49.226576,,False,1,1,2023-06-17T01:09:26.632937+00:00
CUR_BI025,Curitiba,4106902,1,,816,,,-25.400771,-49.330365,,False,1,1,2023-06-17T01:09:26.632937+00:00
CUR_BI031,Curitiba,4106902,1,,816,,,-25.435941,-49.307486,,False,1,2,2023-06-17T01:09:26.632937+00:00
CUR_BA601,Curitiba,4106902,1,Auto Viação São José,216,https://moovitapp.com/index/pt-br/transporte_p%C3%BAblico-line-216_PIT_PRA%C3%87A_DA_JUVENTUDE_SANTA_F%C3%89_PINDORAMA-Curitiba-942-857412-122004458-0,-1.0,-25.420341,-49.248231,,False,4,1,2023-06-17T01:09:26.632937+00:00
CUR_HA608,Curitiba,4106902,1,Auto Viação São José,216,https://moovitapp.com/index/pt-br/transporte_p%C3%BAblico-line-216_PIT_PRA%C3%87A_DA_JUVENTUDE_SANTA_F%C3%89_PINDORAMA-Curitiba-942-857412-122004458-0,-1.0,-25.416926,-49.253401,,False,4,1,2023-06-17T01:08:26.632937+00:00
CUR_BA602,Curitiba,4106902,1,Auto Viação São José,216,https://moovitapp.com/index/pt-br/transporte_p%C3%BAblico-line-216_PIT_PRA%C3%87A_DA_JUVENTUDE_SANTA_F%C3%89_PINDORAMA-Curitiba-942-857412-122004458-0,-1.0,-25.468466,-49.28183,,False,4,2,2023-06-17T01:09:26.632937+00:00
CUR_HA605,Curitiba,4106902,1,Auto Viação São José,216,https://moovitapp.com/index/pt-br/transporte_p%C3%BAblico-line-216_PIT_PRA%C3%87A_DA_JUVENTUDE_SANTA_F%C3%89_PINDORAMA-Curitiba-942-857412-122004458-0,-1.0,-25.450705,-49.262053,,False,4,2,2023-06-17T01:09:26.632937+00:00
CUR_HI023,Curitiba,4106902,1,,619,,,-25.565326,-49.339241,,False,1,1,2023-06-17T01:09:26.632937+00:00
CUR_HI608,Curitiba,4106902,1,,619,,,-25.550536,-49.329891,,False,4,1,2023-06-17T01:09:26.632937+00:00
CUR_HA619,Curitiba,4106902,1,,685,,,-25.589718,-49.339255,,False,4,1,2023-06-17T01:09:26.632937+00:00
CUR_HR409,Curitiba,4106902,1,,685,,,-25.517255,-49.32537,,False,4,2,2023-06-17T01:09:26.632937+00:00
CUR_JI020,Curitiba,4106902,1,,828,,,-25.48723,-49.31898,,False,1,2,2023-06-17T01:09:26.632937+00:00
CUR_HI008,Curitiba,4106902,1,,828,,,-25.449696,-49.344048,,False,1,1,2023-06-17T01:09:26.632937+00:00
CUR_HI859,Curitiba,4106902,1,,865,,,-25.446456,-49.320981,,False,7,1,2023-06-17T01:08:26.632937+00:00
CUR_GE611,Curitiba,4106902,0,URBS,602,https://moovitapp.com/index/pt-br/transporte_p%C3%BAblico-line-602_CIRCULAR_SUL_ANTI_HOR%C3%81RIO-Curitiba-942-9628-294517-0,-1.0,-25.53667,-49.278733,,False,4,,2023-06-17T01:09:26.632937+00:00
CUR_GE604,Curitiba,4106902,0,URBS,602,https://moovitapp.com/index/pt-br/transporte_p%C3%BAblico-line-602_CIRCULAR_SUL_ANTI_HOR%C3%81RIO-Curitiba-942-9628-294517-0,-1.0,-25.476341,-49.280338,,False,4,,2023-06-17T01:09:26.632937+00:00
CUR_HE606,Curitiba,4106902,0,URBS,602,https://moovitapp.com/index/pt-br/transporte_p%C3%BAblico-line-602_CIRCULAR_SUL_ANTI_HOR%C3%81RIO-Curitiba-942-9628-294517-0,-1.0,-25.478185,-49.292125,,False,4,,2023-06-17T01:08:26.632937+00:00
CUR_HE607,Curitiba,4106902,0,URBS,602,https://moovitapp.com/index/pt-br/transporte_p%C3%BAblico-line-602_CIRCULAR_SUL_ANTI_HOR%C3%81RIO-Curitiba-942-9628-294517-0,-1.0,-25.510701,-49.233006,,False,4,,2023-06-17T01:09:26.632937+00:00
CUR_HE608,Curitiba,4106902,0,URBS,602,https://moovitapp.com/index/pt-br/transporte_p%C3%BAblico-line-602_CIRCULAR_SUL_ANTI_HOR%C3%81RIO-Curitiba-942-9628-294517-0,-1.0,-25.529776,-49.249468,,False,4,,2023-06-17T01:09:26.632937+00:00
CUR_HE604,Curitiba,4106902,0,URBS,602,https://moovitapp.com/index/pt-br/transporte_p%C3%BAblico-line-602_CIRCULAR_SUL_ANTI_HOR%C3%81RIO-Curitiba-942-9628-294517-0,-1.0,-25.512601,-49.295478,,False,4,,2023-06-17T01:09:26.632937+00:00
CUR_HE611,Curitiba,4106902,0,URBS,602,https://moovitapp.com/index/pt-br/transporte_p%C3%BAblico-line-602_CIRCULAR_SUL_ANTI_HOR%C3%81RIO-Curitiba-942-9628-294517-0,-1.0,-25.485721,-49.294138,,False,4,,2023-06-17T01:09:26.632937+00:00
CUR_HC300,Curitiba,4106902,1,,801,,,-25.442593,-49.288048,,False,10,1,2023-06-17T01:09:26.632937+00:00
CUR_MI851,Curitiba,4106902,1,Auto Viação São José,150,https://moovitapp.com/index/pt-br/transporte_p%C3%BAblico-line-150_T_AFONSO_PENA_PIT_BORDA_DO_CAMPO-Curitiba-942-857412-53904521-0,-1.0,-25.422395,-49.283508,,False,7,1,2023-06-17T01:09:26.632937+00:00
CUR_DA033,Curitiba,4106902,1,,621,,,-25.474943,-49.26208,,False,1,1,2023-06-17T01:09:26.632937+00:00
CUR_DA298,Curitiba,4106902,1,,621,,,-25.480375,-49.268348,,False,1,2,2023-06-17T01:08:26.632937+00:00
CUR_EI011,Curitiba,4106902,1,,X03,,,-25.542475,-49.24176,,False,1,1,2023-06-17T01:09:26.632937+00:00
CUR_EI015,Curitiba,4106902,1,,511,,,-25.4987,-49.247813,,False,1,1,2023-06-17T01:09:26.632937+00:00
CUR_EA023,Curitiba,4106902,1,Auto Viação São José,531,https://moovitapp.com/index/pt-br/transporte_p%C3%BAblico-line-531_BAIRRO_A_BAIRRO_1-Curitiba-942-857412-1570571-0,-1.0,-25.543626,-49.244253,,False,1,2,2023-06-17T01:09:26.632937+00:00
CUR_EA024,Curitiba,4106902,1,Auto Viação São José,531,https://moovitapp.com/index/pt-br/transporte_p%C3%BAblico-line-531_BAIRRO_A_BAIRRO_1-Curitiba-942-857412-1570571-0,-1.0,-25.524355,-49.246071,,False,1,1,2023-06-17T01:09:26.632937+00:00
CUR_BA025,Curitiba,4106902,1,,233,,,-25.372638,-49.211495,,False,1,,2023-06-17T01:09:26.632937+00:00
CUR_BA010,Curitiba,4106902,1,,822,,,-25.440786,-49.345638,,False,1,1,2023-06-17T01:09:26.632937+00:00
CUR_BL319,Curitiba,4106902,0,URBS,256,https://moovitapp.com/index/pt-br/transporte_p%C3%BAblico-line-256_BARREIRINHA_GUADALUPE-Curitiba-942-9628-398191-0,-1.0,-25.40976,-49.264415,,False,3,1,2023-06-17T01:09:26.632937+00:00
CUR_BI004,Curitiba,4106902,1,Auto Viação São José,211,https://moovitapp.com/index/pt-br/transporte_p%C3%BAblico-line-211_PIT_PRA%C3%87A_DA_JUVENTUDE_IZAURA_IP%C3%8A-Curitiba-942-857412-73553392-0,-1.0,-25.4027,-49.212808,,False,1,2,2023-06-17T01:09:26.632937+00:00
CUR_HI046,Curitiba,4106902,1,,615,,,-25.47803,-49.303521,,False,1,1,2023-06-17T01:09:26.632937+00:00
CUR_HA030,Curitiba,4106902,1,,646,,,-25.575878,-49.316681,,False,1,1,2023-06-17T01:09:26.632937+00:00
CUR_HI021,Curitiba,4106902,1,,646,,,-25.529925,-49.299553,,False,1,2,2023-06-17T01:08:26.632937+00:00
CUR_HE719,Curitiba,4106902,0,URBS,550,https://moovitapp.com/index/pt-br/transporte_p%C3%BAblico-line-550_LIGEIR%C3%83O_PINHEIRINHO_CARLOS_GOMES-Curitiba-942-9628-1254061-0,-1.0,-25.486476,-49.267891,,False,5,2,2023-06-17T01:09:26.632937+00:00
CUR_HE702,Curitiba,4106902,0,URBS,550,https://moovitapp.com/index/pt-br/transporte_p%C3%BAblico-line-550_LIGEIR%C3%83O_PINHEIRINHO_CARLOS_GOMES-Curitiba-942-9628-1254061-0,-1.0,-25.50162,-49.280153,,False,5,1,2023-06-17T01:08:26.632937+00:00
CUR_GE706,Curitiba,4106902,0,URBS,550,https://moovitapp.com/index/pt-br/transporte_p%C3%BAblico-line-550_LIGEIR%C3%83O_PINHEIRINHO_CARLOS_GOMES-Curitiba-942-9628-1254061-0,-1.0,-25.438788,-49.268168,,False,5,2,2023-06-17T01:09:26.632937+00:00
CUR_GE708,Curitiba,4106902,0,URBS,550,https://moovitapp.com/index/pt-br/transporte_p%C3%BAblico-line-550_LIGEIR%C3%83O_PINHEIRINHO_CARLOS_GOMES-Curitiba-942-9628-1254061-0,-1.0,-25.512308,-49.29499,,False,5,1,2023-06-17T01:09:26.632937+00:00
CUR_HI299,Curitiba,4106902,1,,653,,,-25.49563,-49.340976,,False,1,1,2023-06-17T01:09:26.632937+00:00
CUR_GI021,Curitiba,4106902,1,,636,,,-25.512168,-49.295205,,False,1,2,2023-06-17T01:09:26.632937+00:00
CUR_GI009,Curitiba,4106902,1,,616,,,-25.47603,-49.291091,,False,1,1,2023-06-17T01:09:26.632937+00:00
CUR_GI852,Curitiba,4106902,1,,616,,,-25.476408,-49.29169,,False,7,2,2023-06-17T01:09:26.632937+00:00
CUR_GI029,Curitiba,4106902,1,,631,,,-25.518208,-49.288751,,False,1,,2023-06-17T01:09:26.632937+00:00
CUR_GI045,Curitiba,4106902,1,,635,,,-25.535815,-49.284718,,False,1,1,2023-06-17T01:09:26.632937+00:00
CUR_GI002,Curitiba,4106902,1,,553,,,-25.541615,-49.27174,,False,1,1,2023-06-17T01:09:26.632937+00:00
CUR_GA180,Curitiba,4106902,1,,553,,,-25.534066,-49.267828,,False,1,2,2023-06-17T01:08:26.632937+00:00
CUR_JI016,Curitiba,4106902,1,,721,,,-25.498236,-49.34725,,False,1,1,2023-06-17T01:09:26.632937+00:00
CUR_JA301,Curitiba,4106902,1,,826,,,-25.448216,-49.353643,,False,3,2,2023-06-17T01:09:26.632937+00:00
CUR_HI044,Curitiba,4106902,1,,826,,,-25.512113,-49.33216,,False,1,1,2023-06-17T01:09:26.632937+00:00
CUR_JI862,Curitiba,4106902,1,,713,,,-25.488926,-49.327048,,False,7,1,2023-06-17T01:09:26.632937+00:00
CUR_DA023,Curitiba,4106902,1,,336,,,-25.47678,-49.197733,,False,1,2,2023-06-17T01:09:26.632937+00:00
CUR_JI866,Curitiba,4106902,1,,862,,,-25.434421,-49.274646,,False,7,1,2023-06-17T01:09:26.632937+00:00
CUR_HA198,Curitiba,4106902,1,,612,,,-25.492155,-49.322953,,False,1,2,2023-06-17T01:09:26.632937+00:00
CUR_BI886,Curitiba,4106902,1,,244,,,-25.371538,-49.254091,,False,7,1,2023-06-17T01:09:26.632937+00:00
CUR_BI901,Curitiba,4106902,1,,176,,,-25.390868,-49.272425,,False,7,1,2023-06-17T01:08:26.632937+00:00
CUR_DA293,Curitiba,4106902,1,,474,,,-25.495935,-49.212161,,False,1,1,2023-06-17T01:09:26.632937+00:00
CUR_BC013,Curitiba,4106902,1,,205,,,-25.377995,-49.262253,,False,1,2,2023-06-17T01:09:26.632937+00:00
CUR_BC311,Curitiba,4106902,1,,205,,,-25.42299,-49.269896,,False,3,2,2023-06-17T01:09:26.632937+00:00
CUR_BC301,Curitiba,4106902,1,,205,,,-25.412071,-49.254735,,False,3,1,2023-06-17T01:09:26.632937+00:00
CUR_BC321,Curitiba,4106902,1,,170,,,-25.395755,-49.285776,,False,3,2,2023-06-17T01:07:26.632937+00:00
CUR_BI019,Curitiba,4106902,1,,231,,,-25.369051,-49.220108,,False,1,2,2023-06-17T01:09:26.632937+00:00
CUR_DN606,Curitiba,4106902,0,,387,,,-25.444361,-49.222985,,False,7,1,2023-06-17T01:09:26.632937+00:00
CUR_BC011,Curitiba,4106902,1,,166,,,-25.393651,-49.291291,,False,1,1,2023-06-17T01:09:26.632937+00:00
CUR_BE718,Curitiba,4106902,0,URBS,350,https://moovitapp.com/index/pt-br/transporte_p%C3%BAblico-line-350_FAGUNDES_VARELA_PINHEIRINHO-Curitiba-942-9628-52482798-0,-1.0,-25.497255,-49.276736,,False,5,1,2023-06-17T01:09:26.632937+00:00
CUR_HE718,Curitiba,4106902,0,URBS,350,https://moovitapp.com/index/pt-br/transporte_p%C3%BAblico-line-350_FAGUNDES_VARELA_PINHEIRINHO-Curitiba-942-9628-52482798-0,-1.0,-25.430691,-49.229591,,False,5,2,2023-06-17T01:08:26.632937+00:00
CUR_BL324,Curitiba,4106902,0,URBS,023,https://moovitapp.com/index/pt-br/transporte_p%C3%BAblico-line-023_INTER_2_ANTI_HOR%C3%81RIO-Curitiba-942-9628-398189-0,-1.0,-25.492258,-49.289683,,False,3,,2023-06-17T01:09:26.632937+00:00
CUR_BL330,Curitiba,4106902,0,URBS,023,https://moovitapp.com/index/pt-br/transporte_p%C3%BAblico-line-023_INTER_2_ANTI_HOR%C3%81RIO-Curitiba-942-9628-398189-0,-1.0,-25.486263,-49.255091,,False,3,,2023-06-17T01:09:26.632937+00:00
CUR_HL698,Curitiba,4106902,0,URBS,023,https://moovitapp.com/index/pt-br/transporte_p%C3%BAblico-line-023_INTER_2_ANTI_HOR%C3%81RIO-Curitiba-942-9628-398189-0,-1.0,-25.417755,-49.243498,,False,4,,2023-06-17T01:09:26.632937+00:00
CUR_EL303,Curitiba,4106902,0,URBS,023,https://moovitapp.com/index/pt-br/transporte_p%C3%BAblico-line-023_INTER_2_ANTI_HOR%C3%81RIO-Curitiba-942-9628-398189-0,-1.0,-25.438188,-49.219578,,False,3,,2023-06-17T01:07:26.632937+00:00
CUR_CL302,Curitiba,4106902,0,URBS,023,https://moovitapp.com/index/pt-br/transporte_p%C3%BAblico-line-023_INTER_2_ANTI_HOR%C3%81RIO-Curitiba-942-9628-398189-0,-1.0,-25.420365,-49.291305,,False,3,,2023-06-17T01:09:26.632937+00:00
CUR_BL333,Curitiba,4106902,0,URBS,023,https://moovitapp.com/index/pt-br/transporte_p%C3%BAblico-line-023_INTER_2_ANTI_HOR%C3%81RIO-Curitiba-942-9628-398189-0,-1.0,-25.476485,-49.29283,,False,3,,2023-06-17T01:09:26.632937+00:00
CUR_BL317,Curitiba,4106902,0,URBS,023,https://moovitapp.com/index/pt-br/transporte_p%C3%BAblico-line-023_INTER_2_ANTI_HOR%C3%81RIO-Curitiba-942-9628-398189-0,-1.0,-25.472156,-49.237621,,False,3,,2023-06-17T01:09:26.632937+00:00
CUR_DL300,Curitiba,4106902,0,URBS,023,https://moovitapp.com/index/pt-br/transporte_p%C3%BAblico-line-023_INTER_2_ANTI_HOR%C3%81RIO-Curitiba-942-9628-398189-0,-1.0,-25.414396,-49.265255,,False,3,,2023-06-17T01:09:26.632937+00:00
CUR_BL313,Curitiba,4106902,0,URBS,023,https://moovitapp.com/index/pt-br/transporte_p%C3%BAblico-line-023_INTER_2_ANTI_HOR%C3%81RIO-Curitiba-942-9628-398189-0,-1.0,-25.435046,-49.307071,,False,3,,2023-06-17T01:09:26.632937+00:00
CUR_BI860,Curitiba,4106902,1,,224,,,-25.393325,-49.240873,,False,7,,2023-06-17T01:09:26.632937+00:00
CUR_DA850,Curitiba,4106902,1,,466,,,-25.450595,-49.245136,,False,7,2,2023-06-17T01:09:26.632937+00:00
CUR_BB308,Curitiba,4106902,1,,011,,,-25.423696,-49.291141,,False,10,,2023-06-17T01:09:26.632937+00:00
CUR_BB305,Curitiba,4106902,1,,011,,,-25.440723,-49.256206,,False,10,,2023-06-17T01:09:26.632937+00:00
CUR_GI041,Curitiba,4106902,1,,625,,,-25.521976,-49.271731,,False,1,1,2023-06-17T01:09:26.632937+00:00
CUR_GI036,Curitiba,4106902,1,,625,,,-25.520411,-49.274085,,False,1,2,2023-06-17T01:09:26.632937+00:00
CUR_GI022,Curitiba,4106902,1,,625,,,-25.4922,-49.29317,,False,1,2,2023-06-17T01:09:26.632937+00:00
CUR_BC001,Curitiba,4106902,1,,375,,,-25.416475,-49.209631,,False,1,1,2023-06-17T01:09:26.632937+00:00
CUR_BC932,Curitiba,4106902,1,,365,,,-25.433035,-49.270701,,False,7,1,2023-06-17T01:06:26.632937+00:00
CUR_BI881,Curitiba,4106902,1,,385,,,-25.433003,-49.237938,,False,7,1,2023-06-17T01:09:26.632937+00:00
CUR_GI026,Curitiba,4106902,1,,639,,,-25.513073,-49.294803,,False,1,1,2023-06-17T01:09:26.632937+00:00
CUR_DC293,Curitiba,4106902,1,,332,,,-25.468835,-49.20818,,False,1,,2023-06-17T01:08:26.632937+00:00
CUR_DA020,Curitiba,4106902,0,,323,,,-25.450421,-49.207288,,False,1,,2023-06-17T01:09:26.632937+00:00
CUR_BB303,Curitiba,4106902,1,,010,,,-25.449426,-49.262408,,False,10,,2023-06-17T01:08:26.632937+00:00
CUR_BB302,Curitiba,4106902,1,,010,,,-25.416448,-49.26894,,False,10,,2023-06-17T01:09:26.632937+00:00
CUR_HN616,Curitiba,4106902,1,,814,,,-25.436893,-49.335928,,False,7,2,2023-06-17T01:09:26.632937+00:00
CUR_JI001,Curitiba,4106902,1,,777,,,-25.460801,-49.336308,,False,1,1,2023-06-17T01:09:26.632937+00:00
CUR_JA027,Curitiba,4106902,1,,777,,,-25.438453,-49.270246,,False,1,2,2023-06-17T01:09:26.632937+00:00
CUR_HA312,Curitiba,4106902,1,,712,,,-25.511685,-49.332796,,False,3,2,2023-06-17T01:09:26.632937+00:00
CUR_JI859,Curitiba,4106902,1,,762,,,-25.451753,-49.290103,,False,7,1,2023-06-17T01:09:26.632937+00:00
CUR_HC851,Curitiba,4106902,1,,674,,,-25.446021,-49.2794,,False,7,2,2023-06-17T01:09:26.632937+00:00
CUR_HA021,Curitiba,4106902,1,,628,,,-25.49168,-49.293165,,False,1,2,2023-06-17T01:09:26.632937+00:00
CUR_HI002,Curitiba,4106902,1,,628,,,-25.545651,-49.336648,,False,1,1,2023-06-17T01:09:26.632937+00:00
CUR_BC324,Curitiba,4106902,1,,182,,,-25.377965,-49.262376,,False,3,1,2023-06-17T01:09:26.632937+00:00
CUR_BI871,Curitiba,4106902,1,Auto Viação São José,214,https://moovitapp.com/index/pt-br/transporte_p%C3%BAblico-line-214_PIT_PRA%C3%87A_DA_JUVENTUDE_CRISTAL_BLANCO_POMBO_ANTI_HOR%C3%81RIO-Curitiba-942-857412-119631273-0,-1.0,-25.399481,-49.237041,,False,7,2,2023-06-17T01:09:26.632937+00:00
CUR_HI855,Curitiba,4106902,1,,673,,,-25.492691,-49.312671,,False,7,1,2023-06-17T01:09:26.632937+00:00
CUR_MI005,Curitiba,4106902,1,,821,,,-25.41089,-49.3478,,False,1,2,2023-06-17T01:08:26.632937+00:00
CUR_HA010,Curitiba,4106902,1,,680,,,-25.57561,-49.330625,,False,1,1,2023-06-17T01:09:26.632937+00:00
CUR_HA004,Curitiba,4106902,1,,680,,,-25.513703,-49.29435,,False,1,2,2023-06-17T01:09:26.632937+00:00
CUR_BI857,Curitiba,4106902,1,Auto Viação São José,212,https://moovitapp.com/index/pt-br/transporte_p%C3%BAblico-line-212_PIT_PRA%C3%87A_DA_JUVENTUDE_SANTA_F%C3%89_CRISTAL-Curitiba-942-857412-73656311-0,-1.0,-25.395043,-49.224823,,False,7,1,2023-06-17T01:09:26.632937+00:00
CUR_HB608,Curitiba,4106902,1,,060,,,-25.522885,-49.332205,,False,4,1,2023-06-17T01:09:26.632937+00:00
CUR_HR117,Curitiba,4106902,1,,060,,,-25.483501,-49.350101,,False,4,2,2023-06-17T01:09:26.632937+00:00
CUR_DL301,Curitiba,4106902,0,URBS,305,https://moovitapp.com/index/pt-br/transporte_p%C3%BAblico-line-305_CENTEN%C3%81RIO-Curitiba-942-9628-294271-0,-1.0,-25.452816,-49.226098,,False,3,2,2023-06-17T01:08:26.632937+00:00
CUR_DL314,Curitiba,4106902,0,URBS,305,https://moovitapp.com/index/pt-br/transporte_p%C3%BAblico-line-305_CENTEN%C3%81RIO-Curitiba-942-9628-294271-0,-1.0,-25.44267,-49.246868,,False,3,1,2023-06-17T01:09:26.632937+00:00
CUR_BC850,Curitiba,4106902,1,,386,,,-25.430731,-49.240375,,False,7,2,2023-06-17T01:08:26.632937+00:00
CUR_HA197,Curitiba,4106902,1,,630,,,-25.537551,-49.31244,,False,1,1,2023-06-17T01:09:26.632937+00:00
CUR_BI013,Curitiba,4106902,1,,243,,,-25.356273,-49.272751,,False,1,1,2023-06-17T01:09:26.632937+00:00
CUR_BI014,Curitiba,4106902,1,,236,,,-25.356025,-49.249803,,False,1,1,2023-06-17T01:09:26.632937+00:00
CUR_HA311,Curitiba,4106902,1,,863,,,-25.43002,-49.271273,,False,3,2,2023-06-17T01:09:26.632937+00:00
CUR_HA028,Curitiba,4106902,1,,863,,,-25.4621,-49.285898,,False,1,1,2023-06-17T01:09:26.632937+00:00
CUR_BC323,Curitiba,4106902,1,,207,,,-25.402351,-49.25546,,False,3,1,2023-06-17T01:09:26.632937+00:00
CUR_BI301,Curitiba,4106902,1,,207,,,-25.432943,-49.276386,,False,3,2,2023-06-17T01:09:26.632937+00:00
CUR_DN600,Curitiba,4106902,1,,331,,,-25.467895,-49.256001,,False,7,,2023-06-17T01:09:26.632937+00:00
CUR_MI850,Curitiba,4106902,1,,913,,,-25.419318,-49.294435,,False,7,,2023-06-17T01:04:26.632937+00:00
CUR_HL499,Curitiba,4106902,0,URBS,X02,https://moovitapp.com/index/pt-br/transporte_p%C3%BAblico-line-X02_REFOR%C3%87O_TUBO_BARIGUI-Curitiba-942-9628-64827686-0,-1.0,-25.437985,-49.314875,,False,3,,2023-06-17T01:03:26.632937+00:00
CUR_MC306,Curitiba,4106902,1,,901,,,-25.420761,-49.29243,,False,3,1,2023-06-17T01:09:26.632937+00:00
CUR_MC080,Curitiba,4106902,1,,901,,,-25.41027,-49.320811,,False,1,1,2023-06-17T01:09:26.632937+00:00
CUR_BI869,Curitiba,4106902,1,,260,,,-25.40743,-49.266163,,False,7,1,2023-06-17T01:09:26.632937+00:00
CUR_MI855,Curitiba,4106902,1,,912,,,-25.39877,-49.340188,,False,7,1,2023-06-17T01:09:26.632937+00:00
CUR_BI890,Curitiba,4106902,1,,266,,,-25.385676,-49.247193,,False,7,1,2023-06-17T01:09:26.632937+00:00
CUR_DN603,Curitiba,4106902,1,,461,,,-25.465153,-49.226086,,False,7,1,2023-06-17T01:09:26.632937+00:00
CUR_BI022,Curitiba,4106902,1,,225,,,-25.378275,-49.256303,,False,1,1,2023-06-17T01:09:26.632937+00:00
CUR_MI853,Curitiba,4106902,1,,967,,,-25.42957,-49.273046,,False,7,2,2023-06-17T01:06:26.632937+00:00
CUR_MN610,Curitiba,4106902,1,,913,,,-25.401165,-49.329928,,False,7,2,2023-06-17T01:09:26.632937+00:00
CUR_HI861,Curitiba,4106902,1,,600,,,-25.554288,-49.32945,,False,7,1,2023-06-17T01:08:26.632937+00:00
CUR_GI049,Curitiba,4106902,1,,642,,,-25.594395,-49.26552,,False,1,1,2023-06-17T01:07:26.632937+00:00
CUR_BI892,Curitiba,4106902,1,,181,,,-25.41113,-49.272421,,False,7,2,2023-06-17T01:09:26.632937+00:00
CUR_HI853,Curitiba,4106902,1,,644,,,-25.511705,-49.294611,,False,7,2,2023-06-17T01:07:26.632937+00:00
CUR_DN400,Curitiba,4106902,1,,516,,,-25.48164,-49.2469,,False,7,1,2023-06-17T01:09:26.632937+00:00
CUR_JI857,Curitiba,4106902,1,,761,,,-25.45006,-49.290396,,False,7,1,2023-06-17T01:09:26.632937+00:00
CUR_MI852,Curitiba,4106902,1,,965,,,-25.400071,-49.313435,,False,7,2,2023-06-17T01:09:26.632937+00:00
CUR_HA130,Curitiba,4106902,1,,620,,,-25.495703,-49.302393,,False,1,2,2023-06-17T01:09:26.632937+00:00
CUR_BI853,Curitiba,4106902,1,,361,,,-25.410753,-49.223365,,False,7,1,2023-06-17T01:09:26.632937+00:00
CUR_DC850,Curitiba,4106902,1,,331,,,-25.47002,-49.207795,,False,7,,2023-06-17T01:08:26.632937+00:00
CUR_BI896,Curitiba,4106902,1,,875,,,-25.429426,-49.300508,,False,7,1,2023-06-17T01:09:26.632937+00:00
CUR_MN603,Curitiba,4106902,1,,464,,,-25.436285,-49.263663,,False,7,2,2023-06-17T01:09:26.632937+00:00
CUR_GI853,Curitiba,4106902,1,,666,,,-25.463736,-49.274433,,False,7,1,2023-06-17T01:09:26.632937+00:00
CUR_DN020,Curitiba,4106902,0,,560,,,-25.449953,-49.270738,,False,6,1,2023-06-17T01:09:26.632937+00:00
CUR_BA014,Curitiba,4106902,1,,829,,,-25.44787,-49.36076,,False,1,,2023-06-17T01:09:26.632937+00:00
CUR_BA037,Curitiba,4106902,1,,829,,,-25.442023,-49.350825,,False,1,,2023-06-17T01:09:26.632937+00:00
CUR_BI895,Curitiba,4106902,1,,164,,,-25.421896,-49.274745,,False,7,1,2023-06-17T01:09:26.632937+00:00
CUR_BL336,Curitiba,4106902,0,URBS,518,https://moovitapp.com/index/pt-br/transporte_p%C3%BAblico-line-518_PUC_RODOFERROVI%C3%81RIA-Curitiba-942-9628-743528-0,-1.0,-25.45627,-49.250953,,False,3,1,2023-06-17T01:09:26.632937+00:00
CUR_BA016,Curitiba,4106902,1,,815,,,-25.425621,-49.30016,,False,1,2,2023-06-17T01:08:26.632937+00:00
CUR_DL302,Curitiba,4106902,0,URBS,469,https://moovitapp.com/index/pt-br/transporte_p%C3%BAblico-line-469_CENTRO_POLIT%C3%89CNICO-Curitiba-942-9628-294421-0,-1.0,-25.429853,-49.256493,,False,3,1,2023-06-17T01:09:26.632937+00:00
CUR_DL317,Curitiba,4106902,0,URBS,469,https://moovitapp.com/index/pt-br/transporte_p%C3%BAblico-line-469_CENTRO_POLIT%C3%89CNICO-Curitiba-942-9628-294421-0,-1.0,-25.47193,-49.252061,,False,3,1,2023-06-17T01:09:26.632937+00:00
