bus_id,city,city_code,adapted,agency,line_code,line_url,line_fare,latitude,longitude,bus_speed,is_eletric,bus_type,bus_direction,updated_at
CUR_EA017,Curitiba,4106902,1,,528,,,-25.550273,-49.25571,,False,1,2,2023-06-13T00:48:18.695414+00:00
CUR_GI047,Curitiba,4106902,1,,528,,,-25.543958,-49.263793,,False,1,1,2023-06-13T00:48:18.695414+00:00
CUR_DA298,Curitiba,4106902,1,,474,,,-25.467811,-49.255981,,False,1,,2023-06-13T00:46:18.695414+00:00
CUR_JC600,Curitiba,4106902,1,,040,,,-25.441611,-49.346075,,False,4,,2023-06-13T00:46:18.695414+00:00
CUR_DN020,Curitiba,4106902,0,,461,,,-25.468871,-49.255005,,False,6,,2023-06-13T00:43:18.695414+00:00
CUR_DE716,Curitiba,4106902,0,URBS,303,https://moovitapp.com/index/pt-br/transporte_p%C3%BAblico-line-303_CENTEN%C3%81RIO_CAMPO_COMPRIDO-Curitiba-942-9628-531689-0,-1.0,-25.468956,-49.254675,,False,5,,2023-06-13T00:38:18.695414+00:00
CUR_DA029,Curitiba,4106902,1,,474,,,-25.468263,-49.255056,,False,1,,2023-06-13T00:46:18.695414+00:00
CUR_GR126,Curitiba,4106902,1,,050,,,-25.548966,-49.29143,,False,4,,2023-06-13T00:38:18.695414+00:00
CUR_DC093,Curitiba,4106902,1,,461,,,-25.467796,-49.25545,,False,1,,2023-06-13T00:40:18.695414+00:00
CUR_CL038,Curitiba,4106902,0,URBS,307,https://moovitapp.com/index/pt-br/transporte_p%C3%BAblico-line-307_BAIRRO_ALTO_SANTA_FELICIDADE-Curitiba-942-9628-1323712-0,-1.0,-25.381035,-49.186033,,False,3,,2023-06-13T00:44:18.695414+00:00
CUR_GE605,Curitiba,4106902,0,URBS,602,https://moovitapp.com/index/pt-br/transporte_p%C3%BAblico-line-602_CIRCULAR_SUL_ANTI_HOR%C3%81RIO-Curitiba-942-9628-294517-0,-1.0,-25.550415,-49.291756,,False,4,,2023-06-13T00:43:18.695414+00:00
CUR_JI005,Curitiba,4106902,1,,718,,,-25.44915,-49.365651,,False,1,,2023-06-13T00:43:18.695414+00:00
CUR_DA699,Curitiba,4106902,1,,335,,,-25.467801,-49.254566,,False,4,,2023-06-13T00:37:18.695414+00:00
CUR_JA301,Curitiba,4106902,1,,701,,,-25.449195,-49.365685,,False,3,,2023-06-13T00:46:18.695414+00:00
CUR_KA600,Curitiba,4106902,1,,629,,,-25.469055,-49.25497,,False,4,,2023-06-13T00:39:18.695414+00:00
CUR_DE703,Curitiba,4106902,0,URBS,303,https://moovitapp.com/index/pt-br/transporte_p%C3%BAblico-line-303_CENTEN%C3%81RIO_CAMPO_COMPRIDO-Curitiba-942-9628-531689-0,-1.0,-25.438681,-49.316108,,False,5,,2023-06-13T00:47:18.695414+00:00
CUR_DL307,Curitiba,4106902,0,URBS,305,https://moovitapp.com/index/pt-br/transporte_p%C3%BAblico-line-305_CENTEN%C3%81RIO-Curitiba-942-9628-294271-0,-1.0,-25.467821,-49.254801,,False,3,,2023-06-13T00:39:18.695414+00:00
CUR_EI008,Curitiba,4106902,1,,335,,,-25.46713,-49.255638,,False,1,,2023-06-13T00:46:18.695414+00:00
CUR_DA293,Curitiba,4106902,1,,513,,,-25.467831,-49.255451,,False,1,,2023-06-13T00:41:18.695414+00:00
CUR_DC853,Curitiba,4106902,1,,387,,,-25.46794,-49.256533,,False,7,,2023-06-13T00:49:18.695414+00:00
CUR_HC008,Curitiba,4106902,1,,620,,,-25.497128,-49.302381,,False,1,,2023-06-13T00:47:18.695414+00:00
CUR_HL499,Curitiba,4106902,0,URBS,X02,https://moovitapp.com/index/pt-br/transporte_p%C3%BAblico-line-X02_REFOR%C3%87O_TUBO_BARIGUI-Curitiba-942-9628-64827686-0,-1.0,-25.451605,-49.361936,,False,3,,2023-06-13T00:48:18.695414+00:00
CUR_HI037,Curitiba,4106902,1,,655,,,-25.54007,-49.308416,,False,1,,2023-06-13T00:46:18.695414+00:00
CUR_HA010,Curitiba,4106902,1,,652,,,-25.539545,-49.307665,,False,1,,2023-06-13T00:46:18.695414+00:00
CUR_JB611,Curitiba,4106902,1,,050,,,-25.477826,-49.310981,,False,4,,2023-06-13T00:46:18.695414+00:00
CUR_HE610,Curitiba,4106902,0,URBS,502,https://moovitapp.com/index/pt-br/transporte_p%C3%BAblico-line-502_CIRCULAR_SUL_HOR%C3%81RIO-Curitiba-942-9628-294482-0,-1.0,-25.538241,-49.307256,,False,4,,2023-06-13T00:40:18.695414+00:00
CUR_GE606,Curitiba,4106902,0,URBS,502,https://moovitapp.com/index/pt-br/transporte_p%C3%BAblico-line-502_CIRCULAR_SUL_HOR%C3%81RIO-Curitiba-942-9628-294482-0,-1.0,-25.497673,-49.239386,,False,4,,2023-06-13T00:45:18.695414+00:00
CUR_BA016,Curitiba,4106902,1,,829,,,-25.442093,-49.350915,,False,1,,2023-06-13T00:46:18.695414+00:00
CUR_BI012,Curitiba,4106902,1,,342,,,-25.395158,-49.242585,,False,1,,2023-06-13T00:38:18.695414+00:00
CUR_BC317,Curitiba,4106902,1,,371,,,-25.398703,-49.212773,,False,10,,2023-06-13T00:41:18.695414+00:00
CUR_BE719,Curitiba,4106902,0,URBS,203,https://moovitapp.com/index/pt-br/transporte_p%C3%BAblico-line-203_SANTA_C%C3%82NDIDA_CAP%C3%83O_RASO-Curitiba-942-9628-1323737-0,-1.0,-25.394825,-49.242818,,False,5,,2023-06-13T00:46:18.695414+00:00
CUR_DE712,Curitiba,4106902,0,URBS,303,https://moovitapp.com/index/pt-br/transporte_p%C3%BAblico-line-303_CENTEN%C3%81RIO_CAMPO_COMPRIDO-Curitiba-942-9628-531689-0,-1.0,-25.46825,-49.25523,,False,5,,2023-06-13T00:48:18.695414+00:00
CUR_HI613,Curitiba,4106902,1,,684,,,-25.54012,-49.308601,,False,4,,2023-06-13T00:49:18.695414+00:00
CUR_HA604,Curitiba,4106902,1,,684,,,-25.522746,-49.294675,,False,4,2,2023-06-13T00:48:18.695414+00:00
CUR_HA611,Curitiba,4106902,1,,684,,,-25.579465,-49.334538,,False,4,1,2023-06-13T00:48:18.695414+00:00
CUR_HA608,Curitiba,4106902,1,,684,,,-25.563235,-49.315461,,False,4,1,2023-06-13T00:49:18.695414+00:00
CUR_BI867,Curitiba,4106902,1,Auto Viação São José,212,https://moovitapp.com/index/pt-br/transporte_p%C3%BAblico-line-212_PIT_PRA%C3%87A_DA_JUVENTUDE_SANTA_F%C3%89_CRISTAL-Curitiba-942-857412-73656311-0,-1.0,-25.407915,-49.25054,,False,7,2,2023-06-13T00:48:18.695414+00:00
CUR_BI851,Curitiba,4106902,1,,175,,,-25.444703,-49.26237,,False,7,2,2023-06-13T00:49:18.695414+00:00
CUR_JI001,Curitiba,4106902,1,,777,,,-25.461203,-49.324981,,False,1,1,2023-06-13T00:49:18.695414+00:00
CUR_JA036,Curitiba,4106902,1,,777,,,-25.444578,-49.270958,,False,1,2,2023-06-13T00:49:18.695414+00:00
CUR_HN615,Curitiba,4106902,1,,673,,,-25.489061,-49.305241,,False,7,1,2023-06-13T00:48:18.695414+00:00
CUR_BB614,Curitiba,4106902,1,,021,,,-25.454615,-49.23061,,False,4,,2023-06-13T00:49:18.695414+00:00
CUR_EB600,Curitiba,4106902,1,,021,,,-25.429261,-49.300718,,False,4,,2023-06-13T00:49:18.695414+00:00
CUR_EB603,Curitiba,4106902,1,,021,,,-25.48063,-49.29842,,False,4,,2023-06-13T00:48:18.695414+00:00
CUR_CB604,Curitiba,4106902,1,,021,,,-25.483585,-49.253776,,False,4,,2023-06-13T00:49:18.695414+00:00
CUR_GR125,Curitiba,4106902,1,,021,,,-25.390271,-49.260175,,False,4,,2023-06-13T00:48:18.695414+00:00
CUR_GB602,Curitiba,4106902,1,,021,,,-25.424976,-49.2424,,False,4,,2023-06-13T00:49:18.695414+00:00
CUR_BI897,Curitiba,4106902,1,,365,,,-25.442101,-49.286975,,False,7,1,2023-06-13T00:49:18.695414+00:00
CUR_BI877,Curitiba,4106902,1,,365,,,-25.419615,-49.232011,,False,7,2,2023-06-13T00:49:18.695414+00:00
CUR_JC310,Curitiba,4106902,1,,778,,,-25.454388,-49.296403,,False,3,1,2023-06-13T00:48:18.695414+00:00
CUR_JC314,Curitiba,4106902,1,,778,,,-25.4589,-49.316778,,False,3,2,2023-06-13T00:49:18.695414+00:00
CUR_GI603,Curitiba,4106902,1,,545,,,-25.517135,-49.326338,,False,4,1,2023-06-13T00:49:18.695414+00:00
CUR_KA604,Curitiba,4106902,1,,545,,,-25.534346,-49.267823,,False,4,2,2023-06-13T00:48:18.695414+00:00
CUR_JI600,Curitiba,4106902,1,,545,,,-25.520618,-49.236535,,False,4,1,2023-06-13T00:49:18.695414+00:00
CUR_HA311,Curitiba,4106902,1,,863,,,-25.45819,-49.282823,,False,3,1,2023-06-13T00:48:18.695414+00:00
CUR_HI002,Curitiba,4106902,1,,863,,,-25.439905,-49.273086,,False,1,1,2023-06-13T00:48:18.695414+00:00
CUR_GI039,Curitiba,4106902,1,,633,,,-25.524053,-49.269461,,False,1,1,2023-06-13T00:49:18.695414+00:00
CUR_GC018,Curitiba,4106902,1,,633,,,-25.525635,-49.288473,,False,1,2,2023-06-13T00:49:18.695414+00:00
CUR_KE708,Curitiba,4106902,0,URBS,502,https://moovitapp.com/index/pt-br/transporte_p%C3%BAblico-line-502_CIRCULAR_SUL_HOR%C3%81RIO-Curitiba-942-9628-294482-0,-1.0,-25.53253,-49.261941,,False,5,,2023-06-13T00:49:18.695414+00:00
CUR_HE615,Curitiba,4106902,0,URBS,502,https://moovitapp.com/index/pt-br/transporte_p%C3%BAblico-line-502_CIRCULAR_SUL_HOR%C3%81RIO-Curitiba-942-9628-294482-0,-1.0,-25.500005,-49.296011,,False,4,,2023-06-13T00:48:18.695414+00:00
CUR_GE603,Curitiba,4106902,0,URBS,502,https://moovitapp.com/index/pt-br/transporte_p%C3%BAblico-line-502_CIRCULAR_SUL_HOR%C3%81RIO-Curitiba-942-9628-294482-0,-1.0,-25.518721,-49.295525,,False,4,,2023-06-13T00:49:18.695414+00:00
CUR_HE614,Curitiba,4106902,0,URBS,502,https://moovitapp.com/index/pt-br/transporte_p%C3%BAblico-line-502_CIRCULAR_SUL_HOR%C3%81RIO-Curitiba-942-9628-294482-0,-1.0,-25.52144,-49.22793,,False,4,,2023-06-13T00:49:18.695414+00:00
CUR_GR034,Curitiba,4106902,0,URBS,502,https://moovitapp.com/index/pt-br/transporte_p%C3%BAblico-line-502_CIRCULAR_SUL_HOR%C3%81RIO-Curitiba-942-9628-294482-0,-1.0,-25.477211,-49.288723,,False,4,,2023-06-13T00:49:18.695414+00:00
CUR_HE602,Curitiba,4106902,0,URBS,502,https://moovitapp.com/index/pt-br/transporte_p%C3%BAblico-line-502_CIRCULAR_SUL_HOR%C3%81RIO-Curitiba-942-9628-294482-0,-1.0,-25.490946,-49.242685,,False,4,,2023-06-13T00:49:18.695414+00:00
CUR_GR036,Curitiba,4106902,0,URBS,502,https://moovitapp.com/index/pt-br/transporte_p%C3%BAblico-line-502_CIRCULAR_SUL_HOR%C3%81RIO-Curitiba-942-9628-294482-0,-1.0,-25.47264,-49.264301,,False,4,,2023-06-13T00:48:18.695414+00:00
CUR_GI856,Curitiba,4106902,1,,662,,,-25.483556,-49.277161,,False,7,1,2023-06-13T00:48:18.695414+00:00
CUR_EA073,Curitiba,4106902,1,,512,,,-25.494286,-49.261638,,False,1,2,2023-06-13T00:49:18.695414+00:00
CUR_BL324,Curitiba,4106902,0,URBS,023,https://moovitapp.com/index/pt-br/transporte_p%C3%BAblico-line-023_INTER_2_ANTI_HOR%C3%81RIO-Curitiba-942-9628-398189-0,-1.0,-25.472688,-49.295283,,False,3,,2023-06-13T00:48:18.695414+00:00
CUR_BL333,Curitiba,4106902,0,URBS,023,https://moovitapp.com/index/pt-br/transporte_p%C3%BAblico-line-023_INTER_2_ANTI_HOR%C3%81RIO-Curitiba-942-9628-398189-0,-1.0,-25.477518,-49.29225,,False,3,,2023-06-13T00:48:18.695414+00:00
CUR_XY042,Curitiba,4106902,0,URBS,023,https://moovitapp.com/index/pt-br/transporte_p%C3%BAblico-line-023_INTER_2_ANTI_HOR%C3%81RIO-Curitiba-942-9628-398189-0,-1.0,-25.3944,-49.24204,,False,4,,2023-06-13T00:49:18.695414+00:00
CUR_BL300,Curitiba,4106902,0,URBS,023,https://moovitapp.com/index/pt-br/transporte_p%C3%BAblico-line-023_INTER_2_ANTI_HOR%C3%81RIO-Curitiba-942-9628-398189-0,-1.0,-25.41475,-49.289875,,False,3,,2023-06-13T00:48:18.695414+00:00
CUR_EL333,Curitiba,4106902,1,URBS,023,https://moovitapp.com/index/pt-br/transporte_p%C3%BAblico-line-023_INTER_2_ANTI_HOR%C3%81RIO-Curitiba-942-9628-398189-0,-1.0,-25.472565,-49.237871,,False,3,,2023-06-13T00:49:18.695414+00:00
CUR_CL306,Curitiba,4106902,0,URBS,023,https://moovitapp.com/index/pt-br/transporte_p%C3%BAblico-line-023_INTER_2_ANTI_HOR%C3%81RIO-Curitiba-942-9628-398189-0,-1.0,-25.408571,-49.256618,,False,3,,2023-06-13T00:48:18.695414+00:00
CUR_DL314,Curitiba,4106902,0,URBS,023,https://moovitapp.com/index/pt-br/transporte_p%C3%BAblico-line-023_INTER_2_ANTI_HOR%C3%81RIO-Curitiba-942-9628-398189-0,-1.0,-25.427355,-49.241736,,False,3,,2023-06-13T00:49:18.695414+00:00
CUR_BL336,Curitiba,4106902,0,URBS,023,https://moovitapp.com/index/pt-br/transporte_p%C3%BAblico-line-023_INTER_2_ANTI_HOR%C3%81RIO-Curitiba-942-9628-398189-0,-1.0,-25.434718,-49.307155,,False,3,,2023-06-13T00:48:18.695414+00:00
CUR_BL314,Curitiba,4106902,0,URBS,023,https://moovitapp.com/index/pt-br/transporte_p%C3%BAblico-line-023_INTER_2_ANTI_HOR%C3%81RIO-Curitiba-942-9628-398189-0,-1.0,-25.491346,-49.288268,,False,3,,2023-06-13T00:45:18.695414+00:00
CUR_GB610,Curitiba,4106902,1,,040,,,-25.439276,-49.346585,,False,4,1,2023-06-13T00:48:18.695414+00:00
CUR_JB609,Curitiba,4106902,1,,040,,,-25.50475,-49.328355,,False,4,2,2023-06-13T00:49:18.695414+00:00
CUR_HB602,Curitiba,4106902,1,,040,,,-25.400175,-49.332063,,False,4,1,2023-06-13T00:47:18.695414+00:00
CUR_JB610,Curitiba,4106902,1,,040,,,-25.51354,-49.297495,,False,4,2,2023-06-13T00:49:18.695414+00:00
CUR_JB699,Curitiba,4106902,1,,040,,,-25.502753,-49.327855,,False,4,1,2023-06-13T00:48:18.695414+00:00
CUR_HB694,Curitiba,4106902,1,,040,,,-25.43779,-49.347783,,False,4,2,2023-06-13T00:48:18.695414+00:00
CUR_HB603,Curitiba,4106902,1,,040,,,-25.462451,-49.345728,,False,4,1,2023-06-13T00:48:18.695414+00:00
CUR_JB608,Curitiba,4106902,1,,040,,,-25.448368,-49.36498,,False,4,2,2023-06-13T00:48:18.695414+00:00
CUR_HI855,Curitiba,4106902,1,,670,,,-25.45515,-49.292785,,False,7,1,2023-06-13T00:49:18.695414+00:00
CUR_BI018,Curitiba,4106902,1,,232,,,-25.370156,-49.227756,,False,1,2,2023-06-13T00:48:18.695414+00:00
CUR_BB610,Curitiba,4106902,1,,030,,,-25.451486,-49.21494,,False,4,1,2023-06-13T00:49:18.695414+00:00
CUR_GB606,Curitiba,4106902,1,,030,,,-25.505633,-49.284518,,False,4,1,2023-06-13T00:49:18.695414+00:00
CUR_BB613,Curitiba,4106902,1,,030,,,-25.416103,-49.204613,,False,4,2,2023-06-13T00:49:18.695414+00:00
CUR_BB611,Curitiba,4106902,1,,030,,,-25.470623,-49.218038,,False,4,2,2023-06-13T00:48:18.695414+00:00
CUR_KB608,Curitiba,4106902,1,,030,,,-25.501173,-49.23763,,False,4,1,2023-06-13T00:48:18.695414+00:00
CUR_BB612,Curitiba,4106902,1,,030,,,-25.385888,-49.212663,,False,4,2,2023-06-13T00:48:18.695414+00:00
CUR_JI861,Curitiba,4106902,1,,862,,,-25.441621,-49.285865,,False,7,2,2023-06-13T00:48:18.695414+00:00
CUR_DA291,Curitiba,4106902,1,,463,,,-25.471573,-49.211173,,False,1,1,2023-06-13T00:48:18.695414+00:00
CUR_DN609,Curitiba,4106902,1,,466,,,-25.464095,-49.217295,,False,7,2,2023-06-13T00:47:18.695414+00:00
CUR_HI042,Curitiba,4106902,1,,654,,,-25.491676,-49.295743,,False,1,2,2023-06-13T00:49:18.695414+00:00
CUR_HI041,Curitiba,4106902,1,,654,,,-25.511615,-49.324236,,False,1,1,2023-06-13T00:48:18.695414+00:00
CUR_BI885,Curitiba,4106902,1,,272,,,-25.368628,-49.24972,,False,7,1,2023-06-13T00:49:18.695414+00:00
CUR_BI029,Curitiba,4106902,1,,812,,,-25.409331,-49.360821,,False,1,1,2023-06-13T00:48:18.695414+00:00
CUR_BI030,Curitiba,4106902,1,,812,,,-25.435986,-49.307131,,False,1,2,2023-06-13T00:49:18.695414+00:00
CUR_BI017,Curitiba,4106902,1,,231,,,-25.375578,-49.219581,,False,1,1,2023-06-13T00:48:18.695414+00:00
CUR_EA024,Curitiba,4106902,1,Auto Viação São José,531,https://moovitapp.com/index/pt-br/transporte_p%C3%BAblico-line-531_BAIRRO_A_BAIRRO_1-Curitiba-942-857412-1570571-0,-1.0,-25.516878,-49.23086,,False,1,2,2023-06-13T00:49:18.695414+00:00
CUR_HE714,Curitiba,4106902,0,URBS,203,https://moovitapp.com/index/pt-br/transporte_p%C3%BAblico-line-203_SANTA_C%C3%82NDIDA_CAP%C3%83O_RASO-Curitiba-942-9628-1323737-0,-1.0,-25.48591,-49.2942,,False,5,2,2023-06-13T00:48:18.695414+00:00
CUR_GE736,Curitiba,4106902,0,URBS,203,https://moovitapp.com/index/pt-br/transporte_p%C3%BAblico-line-203_SANTA_C%C3%82NDIDA_CAP%C3%83O_RASO-Curitiba-942-9628-1323737-0,-1.0,-25.432418,-49.266818,,False,5,2,2023-06-13T00:48:18.695414+00:00
CUR_GE726,Curitiba,4106902,0,URBS,203,https://moovitapp.com/index/pt-br/transporte_p%C3%BAblico-line-203_SANTA_C%C3%82NDIDA_CAP%C3%83O_RASO-Curitiba-942-9628-1323737-0,-1.0,-25.437701,-49.266833,,False,5,2,2023-06-13T00:48:18.695414+00:00
CUR_BE712,Curitiba,4106902,0,URBS,203,https://moovitapp.com/index/pt-br/transporte_p%C3%BAblico-line-203_SANTA_C%C3%82NDIDA_CAP%C3%83O_RASO-Curitiba-942-9628-1323737-0,-1.0,-25.429721,-49.267755,,False,5,1,2023-06-13T00:49:18.695414+00:00
CUR_GE704,Curitiba,4106902,0,URBS,203,https://moovitapp.com/index/pt-br/transporte_p%C3%BAblico-line-203_SANTA_C%C3%82NDIDA_CAP%C3%83O_RASO-Curitiba-942-9628-1323737-0,-1.0,-25.380873,-49.22894,,False,5,2,2023-06-13T00:48:18.695414+00:00
CUR_BE725,Curitiba,4106902,0,URBS,203,https://moovitapp.com/index/pt-br/transporte_p%C3%BAblico-line-203_SANTA_C%C3%82NDIDA_CAP%C3%83O_RASO-Curitiba-942-9628-1323737-0,-1.0,-25.40667,-49.252763,,False,5,1,2023-06-13T00:49:18.695414+00:00
CUR_BE710,Curitiba,4106902,0,URBS,203,https://moovitapp.com/index/pt-br/transporte_p%C3%BAblico-line-203_SANTA_C%C3%82NDIDA_CAP%C3%83O_RASO-Curitiba-942-9628-1323737-0,-1.0,-25.44151,-49.276956,,False,5,1,2023-06-13T00:49:18.695414+00:00
CUR_BE713,Curitiba,4106902,0,URBS,203,https://moovitapp.com/index/pt-br/transporte_p%C3%BAblico-line-203_SANTA_C%C3%82NDIDA_CAP%C3%83O_RASO-Curitiba-942-9628-1323737-0,-1.0,-25.457835,-49.288671,,False,5,1,2023-06-13T00:48:18.695414+00:00
CUR_BE729,Curitiba,4106902,0,URBS,203,https://moovitapp.com/index/pt-br/transporte_p%C3%BAblico-line-203_SANTA_C%C3%82NDIDA_CAP%C3%83O_RASO-Curitiba-942-9628-1323737-0,-1.0,-25.38209,-49.229955,,False,5,2,2023-06-13T00:49:18.695414+00:00
CUR_BE728,Curitiba,4106902,0,URBS,203,https://moovitapp.com/index/pt-br/transporte_p%C3%BAblico-line-203_SANTA_C%C3%82NDIDA_CAP%C3%83O_RASO-Curitiba-942-9628-1323737-0,-1.0,-25.477975,-49.292023,,False,5,1,2023-06-13T00:49:18.695414+00:00
CUR_BE722,Curitiba,4106902,0,URBS,203,https://moovitapp.com/index/pt-br/transporte_p%C3%BAblico-line-203_SANTA_C%C3%82NDIDA_CAP%C3%83O_RASO-Curitiba-942-9628-1323737-0,-1.0,-25.476498,-49.292608,,False,5,2,2023-06-13T00:49:18.695414+00:00
CUR_BI899,Curitiba,4106902,1,,366,,,-25.431965,-49.231573,,False,7,1,2023-06-13T00:49:18.695414+00:00
CUR_MC079,Curitiba,4106902,1,,972,,,-25.395181,-49.318631,,False,1,1,2023-06-13T00:48:18.695414+00:00
CUR_MC078,Curitiba,4106902,1,,972,,,-25.423866,-49.288861,,False,1,2,2023-06-13T00:49:18.695414+00:00
CUR_MC302,Curitiba,4106902,1,,901,,,-25.401145,-49.329868,,False,3,1,2023-06-13T00:49:18.695414+00:00
CUR_BB615,Curitiba,4106902,1,,020,,,-25.406418,-49.252426,,False,4,,2023-06-13T00:49:18.695414+00:00
CUR_HB611,Curitiba,4106902,1,,020,,,-25.42435,-49.242613,,False,4,,2023-06-13T00:49:18.695414+00:00
CUR_CB601,Curitiba,4106902,1,,020,,,-25.41518,-49.28991,,False,4,,2023-06-13T00:48:18.695414+00:00
CUR_BB603,Curitiba,4106902,1,,020,,,-25.435748,-49.30679,,False,4,,2023-06-13T00:46:18.695414+00:00
CUR_BB606,Curitiba,4106902,1,,020,,,-25.48231,-49.246821,,False,4,,2023-06-13T00:49:18.695414+00:00
CUR_BA027,Curitiba,4106902,1,,205,,,-25.393091,-49.26019,,False,1,1,2023-06-13T00:49:18.695414+00:00
CUR_BC311,Curitiba,4106902,1,,205,,,-25.428431,-49.270796,,False,3,2,2023-06-13T00:49:18.695414+00:00
CUR_BI301,Curitiba,4106902,1,,205,,,-25.377723,-49.262345,,False,3,2,2023-06-13T00:43:18.695414+00:00
CUR_HI025,Curitiba,4106902,1,,655,,,-25.522941,-49.29574,,False,1,2,2023-06-13T00:49:18.695414+00:00
CUR_HA024,Curitiba,4106902,1,,655,,,-25.564798,-49.328445,,False,1,1,2023-06-13T00:49:18.695414+00:00
CUR_KE706,Curitiba,4106902,0,URBS,503,https://moovitapp.com/index/pt-br/transporte_p%C3%BAblico-line-503_BOQUEIR%C3%83O-Curitiba-942-9628-294244-0,-1.0,-25.481441,-49.24712,,False,5,1,2023-06-13T00:49:18.695414+00:00
CUR_KE704,Curitiba,4106902,0,URBS,503,https://moovitapp.com/index/pt-br/transporte_p%C3%BAblico-line-503_BOQUEIR%C3%83O-Curitiba-942-9628-294244-0,-1.0,-25.517188,-49.229805,,False,5,1,2023-06-13T00:49:18.695414+00:00
CUR_KE703,Curitiba,4106902,0,URBS,503,https://moovitapp.com/index/pt-br/transporte_p%C3%BAblico-line-503_BOQUEIR%C3%83O-Curitiba-942-9628-294244-0,-1.0,-25.461415,-49.257106,,False,5,2,2023-06-13T00:49:18.695414+00:00
CUR_GE604,Curitiba,4106902,0,URBS,503,https://moovitapp.com/index/pt-br/transporte_p%C3%BAblico-line-503_BOQUEIR%C3%83O-Curitiba-942-9628-294244-0,-1.0,-25.433805,-49.270416,,False,4,2,2023-06-13T00:48:18.695414+00:00
CUR_EA022,Curitiba,4106902,1,,511,,,-25.503498,-49.259773,,False,1,2,2023-06-13T00:48:18.695414+00:00
CUR_BB305,Curitiba,4106902,1,,011,,,-25.451851,-49.252828,,False,10,,2023-06-13T00:49:18.695414+00:00
CUR_BB307,Curitiba,4106902,1,,011,,,-25.416338,-49.26906,,False,10,,2023-06-13T00:49:18.695414+00:00
CUR_HA006,Curitiba,4106902,1,,772,,,-25.622393,-49.36595,,False,1,1,2023-06-13T00:47:18.695414+00:00
CUR_HI609,Curitiba,4106902,1,,772,,,-25.519833,-49.295605,,False,4,2,2023-06-13T00:49:18.695414+00:00
CUR_GI855,Curitiba,4106902,1,,616,,,-25.479916,-49.292055,,False,7,2,2023-06-13T00:49:18.695414+00:00
CUR_GI851,Curitiba,4106902,1,,616,,,-25.467586,-49.275703,,False,7,2,2023-06-13T00:48:18.695414+00:00
CUR_BI875,Curitiba,4106902,1,,260,,,-25.432606,-49.27129,,False,7,2,2023-06-13T00:48:18.695414+00:00
CUR_BA029,Curitiba,4106902,1,,226,,,-25.379463,-49.246891,,False,1,2,2023-06-13T00:48:18.695414+00:00
CUR_GI057,Curitiba,4106902,1,,638,,,-25.55094,-49.276865,,False,1,1,2023-06-13T00:49:18.695414+00:00
CUR_GA001,Curitiba,4106902,1,,638,,,-25.523223,-49.296991,,False,1,2,2023-06-13T00:49:18.695414+00:00
CUR_GR035,Curitiba,4106902,0,URBS,602,https://moovitapp.com/index/pt-br/transporte_p%C3%BAblico-line-602_CIRCULAR_SUL_ANTI_HOR%C3%81RIO-Curitiba-942-9628-294517-0,-1.0,-25.49786,-49.2393,,False,4,,2023-06-13T00:49:18.695414+00:00
CUR_HE606,Curitiba,4106902,0,URBS,602,https://moovitapp.com/index/pt-br/transporte_p%C3%BAblico-line-602_CIRCULAR_SUL_ANTI_HOR%C3%81RIO-Curitiba-942-9628-294517-0,-1.0,-25.517388,-49.229743,,False,4,,2023-06-13T00:49:18.695414+00:00
CUR_HE607,Curitiba,4106902,0,URBS,602,https://moovitapp.com/index/pt-br/transporte_p%C3%BAblico-line-602_CIRCULAR_SUL_ANTI_HOR%C3%81RIO-Curitiba-942-9628-294517-0,-1.0,-25.501486,-49.237656,,False,4,,2023-06-13T00:48:18.695414+00:00
CUR_HE603,Curitiba,4106902,0,URBS,602,https://moovitapp.com/index/pt-br/transporte_p%C3%BAblico-line-602_CIRCULAR_SUL_ANTI_HOR%C3%81RIO-Curitiba-942-9628-294517-0,-1.0,-25.514268,-49.295675,,False,4,,2023-06-13T00:48:18.695414+00:00
CUR_HE608,Curitiba,4106902,0,URBS,602,https://moovitapp.com/index/pt-br/transporte_p%C3%BAblico-line-602_CIRCULAR_SUL_ANTI_HOR%C3%81RIO-Curitiba-942-9628-294517-0,-1.0,-25.53443,-49.26861,,False,4,,2023-06-13T00:49:18.695414+00:00
CUR_HE611,Curitiba,4106902,0,URBS,602,https://moovitapp.com/index/pt-br/transporte_p%C3%BAblico-line-602_CIRCULAR_SUL_ANTI_HOR%C3%81RIO-Curitiba-942-9628-294517-0,-1.0,-25.473863,-49.270243,,False,4,,2023-06-13T00:49:18.695414+00:00
CUR_GE608,Curitiba,4106902,0,URBS,602,https://moovitapp.com/index/pt-br/transporte_p%C3%BAblico-line-602_CIRCULAR_SUL_ANTI_HOR%C3%81RIO-Curitiba-942-9628-294517-0,-1.0,-25.477008,-49.289171,,False,4,,2023-06-13T00:49:18.695414+00:00
CUR_DA022,Curitiba,4106902,0,,336,,,-25.467808,-49.199201,,False,1,1,2023-06-13T00:48:18.695414+00:00
CUR_JE701,Curitiba,4106902,0,URBS,303,https://moovitapp.com/index/pt-br/transporte_p%C3%BAblico-line-303_CENTEN%C3%81RIO_CAMPO_COMPRIDO-Curitiba-942-9628-531689-0,-1.0,-25.45732,-49.213,,False,5,1,2023-06-13T00:49:18.695414+00:00
CUR_DE700,Curitiba,4106902,0,URBS,303,https://moovitapp.com/index/pt-br/transporte_p%C3%BAblico-line-303_CENTEN%C3%81RIO_CAMPO_COMPRIDO-Curitiba-942-9628-531689-0,-1.0,-25.437305,-49.242551,,False,5,2,2023-06-13T00:48:18.695414+00:00
CUR_DE702,Curitiba,4106902,0,URBS,303,https://moovitapp.com/index/pt-br/transporte_p%C3%BAblico-line-303_CENTEN%C3%81RIO_CAMPO_COMPRIDO-Curitiba-942-9628-531689-0,-1.0,-25.437613,-49.273193,,False,5,1,2023-06-13T00:49:18.695414+00:00
CUR_JE707,Curitiba,4106902,0,URBS,303,https://moovitapp.com/index/pt-br/transporte_p%C3%BAblico-line-303_CENTEN%C3%81RIO_CAMPO_COMPRIDO-Curitiba-942-9628-531689-0,-1.0,-25.436885,-49.264726,,False,5,1,2023-06-13T00:49:18.695414+00:00
CUR_DE722,Curitiba,4106902,0,URBS,303,https://moovitapp.com/index/pt-br/transporte_p%C3%BAblico-line-303_CENTEN%C3%81RIO_CAMPO_COMPRIDO-Curitiba-942-9628-531689-0,-1.0,-25.440035,-49.227931,,False,5,1,2023-06-13T00:49:18.695414+00:00
CUR_DE706,Curitiba,4106902,0,URBS,303,https://moovitapp.com/index/pt-br/transporte_p%C3%BAblico-line-303_CENTEN%C3%81RIO_CAMPO_COMPRIDO-Curitiba-942-9628-531689-0,-1.0,-25.441058,-49.342591,,False,5,2,2023-06-13T00:49:18.695414+00:00
CUR_DE717,Curitiba,4106902,0,URBS,303,https://moovitapp.com/index/pt-br/transporte_p%C3%BAblico-line-303_CENTEN%C3%81RIO_CAMPO_COMPRIDO-Curitiba-942-9628-531689-0,-1.0,-25.437676,-49.320375,,False,5,2,2023-06-13T00:49:18.695414+00:00
CUR_JE700,Curitiba,4106902,0,URBS,303,https://moovitapp.com/index/pt-br/transporte_p%C3%BAblico-line-303_CENTEN%C3%81RIO_CAMPO_COMPRIDO-Curitiba-942-9628-531689-0,-1.0,-25.469006,-49.208441,,False,5,1,2023-06-13T00:48:18.695414+00:00
CUR_DE704,Curitiba,4106902,0,URBS,303,https://moovitapp.com/index/pt-br/transporte_p%C3%BAblico-line-303_CENTEN%C3%81RIO_CAMPO_COMPRIDO-Curitiba-942-9628-531689-0,-1.0,-25.434723,-49.303355,,False,5,2,2023-06-13T00:49:18.695414+00:00
CUR_DE718,Curitiba,4106902,0,URBS,303,https://moovitapp.com/index/pt-br/transporte_p%C3%BAblico-line-303_CENTEN%C3%81RIO_CAMPO_COMPRIDO-Curitiba-942-9628-531689-0,-1.0,-25.440973,-49.236486,,False,5,2,2023-06-13T00:49:18.695414+00:00
CUR_JI855,Curitiba,4106902,1,,761,,,-25.464705,-49.298786,,False,7,2,2023-06-13T00:49:18.695414+00:00
CUR_BC308,Curitiba,4106902,1,,182,,,-25.377423,-49.262523,,False,3,2,2023-06-13T00:47:18.695414+00:00
CUR_GI859,Curitiba,4106902,1,,661,,,-25.460285,-49.27276,,False,7,1,2023-06-13T00:48:18.695414+00:00
CUR_BC021,Curitiba,4106902,1,,876,,,-25.409386,-49.354203,,False,1,1,2023-06-13T00:48:18.695414+00:00
CUR_BC012,Curitiba,4106902,1,,876,,,-25.432126,-49.280181,,False,1,1,2023-06-13T00:49:18.695414+00:00
CUR_BI010,Curitiba,4106902,1,,243,,,-25.365253,-49.26088,,False,1,1,2023-06-13T00:49:18.695414+00:00
CUR_EL316,Curitiba,4106902,0,URBS,506,https://moovitapp.com/index/pt-br/transporte_p%C3%BAblico-line-506_BAIRRO_NOVO-Curitiba-942-9628-294299-0,-1.0,-25.520985,-49.27298,,False,3,1,2023-06-13T00:48:18.695414+00:00
CUR_GL304,Curitiba,4106902,0,URBS,506,https://moovitapp.com/index/pt-br/transporte_p%C3%BAblico-line-506_BAIRRO_NOVO-Curitiba-942-9628-294299-0,-1.0,-25.547106,-49.26173,,False,3,1,2023-06-13T00:49:18.695414+00:00
CUR_EL313,Curitiba,4106902,0,URBS,506,https://moovitapp.com/index/pt-br/transporte_p%C3%BAblico-line-506_BAIRRO_NOVO-Curitiba-942-9628-294299-0,-1.0,-25.534605,-49.268533,,False,3,2,2023-06-13T00:49:18.695414+00:00
CUR_EL327,Curitiba,4106902,1,URBS,506,https://moovitapp.com/index/pt-br/transporte_p%C3%BAblico-line-506_BAIRRO_NOVO-Curitiba-942-9628-294299-0,-1.0,-25.457173,-49.269113,,False,3,2,2023-06-13T00:48:18.695414+00:00
CUR_JL321,Curitiba,4106902,1,URBS,304,https://moovitapp.com/index/pt-br/transporte_p%C3%BAblico-line-304_PINHAIS_CAMPO_COMPRIDO-Curitiba-942-9628-133282995-0,-1.0,-25.4405,-49.220396,,False,3,2,2023-06-13T00:48:18.695414+00:00
CUR_JL324,Curitiba,4106902,1,URBS,304,https://moovitapp.com/index/pt-br/transporte_p%C3%BAblico-line-304_PINHAIS_CAMPO_COMPRIDO-Curitiba-942-9628-133282995-0,-1.0,-25.443748,-49.21043,,False,3,2,2023-06-13T00:48:18.695414+00:00
CUR_DL301,Curitiba,4106902,0,URBS,304,https://moovitapp.com/index/pt-br/transporte_p%C3%BAblico-line-304_PINHAIS_CAMPO_COMPRIDO-Curitiba-942-9628-133282995-0,-1.0,-25.428153,-49.266293,,False,3,1,2023-06-13T00:48:18.695414+00:00
CUR_GI015,Curitiba,4106902,1,,541,,,-25.541776,-49.264755,,False,1,1,2023-06-13T00:49:18.695414+00:00
CUR_GI030,Curitiba,4106902,1,,541,,,-25.540583,-49.252175,,False,1,2,2023-06-13T00:48:18.695414+00:00
CUR_BL605,Curitiba,4106902,0,URBS,022,https://moovitapp.com/index/pt-br/transporte_p%C3%BAblico-line-022_INTER_2_HOR%C3%81RIO-Curitiba-942-9628-381388-0,-1.0,-25.48318,-49.247545,,False,4,,2023-06-13T00:48:18.695414+00:00
CUR_BL329,Curitiba,4106902,0,URBS,022,https://moovitapp.com/index/pt-br/transporte_p%C3%BAblico-line-022_INTER_2_HOR%C3%81RIO-Curitiba-942-9628-381388-0,-1.0,-25.438786,-49.307301,,False,3,,2023-06-13T00:48:18.695414+00:00
CUR_HL699,Curitiba,4106902,0,URBS,022,https://moovitapp.com/index/pt-br/transporte_p%C3%BAblico-line-022_INTER_2_HOR%C3%81RIO-Curitiba-942-9628-381388-0,-1.0,-25.417925,-49.241496,,False,4,,2023-06-13T00:49:18.695414+00:00
CUR_BL331,Curitiba,4106902,0,URBS,022,https://moovitapp.com/index/pt-br/transporte_p%C3%BAblico-line-022_INTER_2_HOR%C3%81RIO-Curitiba-942-9628-381388-0,-1.0,-25.425963,-49.242393,,False,3,,2023-06-13T00:48:18.695414+00:00
CUR_BL321,Curitiba,4106902,0,URBS,022,https://moovitapp.com/index/pt-br/transporte_p%C3%BAblico-line-022_INTER_2_HOR%C3%81RIO-Curitiba-942-9628-381388-0,-1.0,-25.436233,-49.307408,,False,3,,2023-06-13T00:49:18.695414+00:00
CUR_BC020,Curitiba,4106902,1,,870,,,-25.430948,-49.32449,,False,1,2,2023-06-13T00:48:18.695414+00:00
CUR_BC014,Curitiba,4106902,1,,870,,,-25.4306,-49.322143,,False,1,1,2023-06-13T00:47:18.695414+00:00
CUR_DA019,Curitiba,4106902,0,,323,,,-25.449661,-49.204748,,False,1,,2023-06-13T00:48:18.695414+00:00
CUR_DA292,Curitiba,4106902,1,,321,,,-25.447255,-49.205393,,False,1,2,2023-06-13T00:48:18.695414+00:00
CUR_DA301,Curitiba,4106902,1,,477,,,-25.435363,-49.271673,,False,3,1,2023-06-13T00:49:18.695414+00:00
CUR_BA019,Curitiba,4106902,1,,827,,,-25.434915,-49.371895,,False,1,2,2023-06-13T00:46:18.695414+00:00
CUR_BC280,Curitiba,4106902,1,,183,,,-25.41603,-49.273953,,False,1,2,2023-06-13T00:49:18.695414+00:00
CUR_JI010,Curitiba,4106902,1,,828,,,-25.492645,-49.306005,,False,1,2,2023-06-13T00:49:18.695414+00:00
CUR_HI008,Curitiba,4106902,1,,828,,,-25.45409,-49.344138,,False,1,1,2023-06-13T00:49:18.695414+00:00
CUR_HI023,Curitiba,4106902,1,,619,,,-25.574915,-49.338695,,False,1,1,2023-06-13T00:49:18.695414+00:00
CUR_HI608,Curitiba,4106902,1,,619,,,-25.51928,-49.328095,,False,4,2,2023-06-13T00:49:18.695414+00:00
CUR_BI879,Curitiba,4106902,1,,311,,,-25.438903,-49.212088,,False,7,2,2023-06-13T00:49:18.695414+00:00
CUR_HA603,Curitiba,4106902,1,Auto Viação São José,216,https://moovitapp.com/index/pt-br/transporte_p%C3%BAblico-line-216_PIT_PRA%C3%87A_DA_JUVENTUDE_SANTA_F%C3%89_PINDORAMA-Curitiba-942-857412-122004458-0,-1.0,-25.406768,-49.252546,,False,4,1,2023-06-13T00:49:18.695414+00:00
CUR_BA600,Curitiba,4106902,1,Auto Viação São José,216,https://moovitapp.com/index/pt-br/transporte_p%C3%BAblico-line-216_PIT_PRA%C3%87A_DA_JUVENTUDE_SANTA_F%C3%89_PINDORAMA-Curitiba-942-857412-122004458-0,-1.0,-25.474085,-49.288301,,False,4,2,2023-06-13T00:48:18.695414+00:00
CUR_BA604,Curitiba,4106902,1,Auto Viação São José,216,https://moovitapp.com/index/pt-br/transporte_p%C3%BAblico-line-216_PIT_PRA%C3%87A_DA_JUVENTUDE_SANTA_F%C3%89_PINDORAMA-Curitiba-942-857412-122004458-0,-1.0,-25.464756,-49.277713,,False,4,2,2023-06-13T00:49:18.695414+00:00
CUR_HR408,Curitiba,4106902,1,Auto Viação São José,216,https://moovitapp.com/index/pt-br/transporte_p%C3%BAblico-line-216_PIT_PRA%C3%87A_DA_JUVENTUDE_SANTA_F%C3%89_PINDORAMA-Curitiba-942-857412-122004458-0,-1.0,-25.41697,-49.253198,,False,4,1,2023-06-13T00:49:18.695414+00:00
CUR_CI007,Curitiba,4106902,1,,222,,,-25.387798,-49.221488,,False,1,1,2023-06-13T00:48:18.695414+00:00
CUR_CI001,Curitiba,4106902,1,,222,,,-25.387288,-49.215518,,False,1,2,2023-06-13T00:49:18.695414+00:00
CUR_BI024,Curitiba,4106902,1,,242,,,-25.35344,-49.257203,,False,1,2,2023-06-13T00:49:18.695414+00:00
CUR_BL328,Curitiba,4106902,0,URBS,307,https://moovitapp.com/index/pt-br/transporte_p%C3%BAblico-line-307_BAIRRO_ALTO_SANTA_FELICIDADE-Curitiba-942-9628-1323712-0,-1.0,-25.427891,-49.234631,,False,3,2,2023-06-13T00:49:18.695414+00:00
CUR_BL325,Curitiba,4106902,0,URBS,307,https://moovitapp.com/index/pt-br/transporte_p%C3%BAblico-line-307_BAIRRO_ALTO_SANTA_FELICIDADE-Curitiba-942-9628-1323712-0,-1.0,-25.404746,-49.324643,,False,3,2,2023-06-13T00:48:18.695414+00:00
CUR_ML307,Curitiba,4106902,0,URBS,307,https://moovitapp.com/index/pt-br/transporte_p%C3%BAblico-line-307_BAIRRO_ALTO_SANTA_FELICIDADE-Curitiba-942-9628-1323712-0,-1.0,-25.429261,-49.271683,,False,3,2,2023-06-13T00:49:18.695414+00:00
CUR_CL301,Curitiba,4106902,0,URBS,307,https://moovitapp.com/index/pt-br/transporte_p%C3%BAblico-line-307_BAIRRO_ALTO_SANTA_FELICIDADE-Curitiba-942-9628-1323712-0,-1.0,-25.414696,-49.205278,,False,3,1,2023-06-13T00:48:18.695414+00:00
CUR_ML312,Curitiba,4106902,0,URBS,307,https://moovitapp.com/index/pt-br/transporte_p%C3%BAblico-line-307_BAIRRO_ALTO_SANTA_FELICIDADE-Curitiba-942-9628-1323712-0,-1.0,-25.422495,-49.291311,,False,3,2,2023-06-13T00:48:18.695414+00:00
CUR_CL303,Curitiba,4106902,0,URBS,307,https://moovitapp.com/index/pt-br/transporte_p%C3%BAblico-line-307_BAIRRO_ALTO_SANTA_FELICIDADE-Curitiba-942-9628-1323712-0,-1.0,-25.427556,-49.241508,,False,3,1,2023-06-13T00:49:18.695414+00:00
CUR_EI002,Curitiba,4106902,1,,523,,,-25.506845,-49.217861,,False,1,1,2023-06-13T00:48:18.695414+00:00
CUR_MI001,Curitiba,4106902,1,,817,,,-25.429938,-49.321836,,False,1,2,2023-06-13T00:48:18.695414+00:00
CUR_BA015,Curitiba,4106902,1,,817,,,-25.410426,-49.333496,,False,1,1,2023-06-13T00:49:18.695414+00:00
CUR_EA021,Curitiba,4106902,1,,521,,,-25.502571,-49.25203,,False,1,2,2023-06-13T00:48:18.695414+00:00
CUR_EI006,Curitiba,4106902,1,,X07,,,-25.534333,-49.268143,,False,1,2,2023-06-13T00:49:18.695414+00:00
CUR_EA005,Curitiba,4106902,1,,X07,,,-25.555238,-49.252811,,False,1,2,2023-06-13T00:48:18.695414+00:00
CUR_DC085,Curitiba,4106902,1,,338,,,-25.492581,-49.205101,,False,1,2,2023-06-13T00:47:18.695414+00:00
CUR_DC084,Curitiba,4106902,0,,338,,,-25.477106,-49.241338,,False,1,1,2023-06-13T00:49:18.695414+00:00
CUR_DC088,Curitiba,4106902,1,,338,,,-25.476933,-49.240985,,False,1,1,2023-06-13T00:48:18.695414+00:00
CUR_DA295,Curitiba,4106902,1,,338,,,-25.477565,-49.2027,,False,1,2,2023-06-13T00:48:18.695414+00:00
CUR_EI016,Curitiba,4106902,1,,532,,,-25.536303,-49.242228,,False,1,1,2023-06-13T00:46:18.695414+00:00
CUR_HC301,Curitiba,4106902,1,,380,,,-25.432743,-49.211638,,False,10,1,2023-06-13T00:48:18.695414+00:00
CUR_CC302,Curitiba,4106902,1,,380,,,-25.442693,-49.30017,,False,10,2,2023-06-13T00:48:18.695414+00:00
CUR_BI859,Curitiba,4106902,1,,875,,,-25.42986,-49.27243,,False,7,2,2023-06-13T00:48:18.695414+00:00
CUR_EB605,Curitiba,4106902,1,,050,,,-25.454186,-49.24547,,False,4,1,2023-06-13T00:49:18.695414+00:00
CUR_JB604,Curitiba,4106902,1,,050,,,-25.450046,-49.2414,,False,4,2,2023-06-13T00:49:18.695414+00:00
CUR_GR124,Curitiba,4106902,1,,050,,,-25.453236,-49.25276,,False,4,1,2023-06-13T00:49:18.695414+00:00
CUR_HB607,Curitiba,4106902,1,,050,,,-25.476398,-49.29238,,False,4,1,2023-06-13T00:48:18.695414+00:00
CUR_EA600,Curitiba,4106902,1,,050,,,-25.476563,-49.315606,,False,4,1,2023-06-13T00:49:18.695414+00:00
CUR_HA016,Curitiba,4106902,1,,628,,,-25.538153,-49.313881,,False,1,1,2023-06-13T00:49:18.695414+00:00
CUR_HA011,Curitiba,4106902,1,,628,,,-25.511631,-49.323521,,False,1,2,2023-06-13T00:48:18.695414+00:00
CUR_JA022,Curitiba,4106902,1,,860,,,-25.436748,-49.274183,,False,1,2,2023-06-13T00:48:18.695414+00:00
CUR_JI298,Curitiba,4106902,1,,860,,,-25.46406,-49.340116,,False,1,1,2023-06-13T00:49:18.695414+00:00
CUR_JA300,Curitiba,4106902,1,,826,,,-25.451755,-49.361891,,False,3,2,2023-06-13T00:49:18.695414+00:00
CUR_HI011,Curitiba,4106902,1,,826,,,-25.500236,-49.341618,,False,1,1,2023-06-13T00:48:18.695414+00:00
CUR_GC008,Curitiba,4106902,1,,631,,,-25.521998,-49.2908,,False,1,,2023-06-13T00:49:18.695414+00:00
CUR_HE702,Curitiba,4106902,0,URBS,350,https://moovitapp.com/index/pt-br/transporte_p%C3%BAblico-line-350_FAGUNDES_VARELA_PINHEIRINHO-Curitiba-942-9628-52482798-0,-1.0,-25.429725,-49.229053,,False,5,2,2023-06-13T00:49:18.695414+00:00
CUR_BE707,Curitiba,4106902,0,URBS,350,https://moovitapp.com/index/pt-br/transporte_p%C3%BAblico-line-350_FAGUNDES_VARELA_PINHEIRINHO-Curitiba-942-9628-52482798-0,-1.0,-25.513373,-49.294945,,False,5,1,2023-06-13T00:49:18.695414+00:00
CUR_EL309,Curitiba,4106902,0,URBS,505,https://moovitapp.com/index/pt-br/transporte_p%C3%BAblico-line-505_BOQUEIR%C3%83O_CENTRO_C%C3%8DVICO-Curitiba-942-9628-531685-0,-1.0,-25.448111,-49.257906,,False,3,1,2023-06-13T00:49:18.695414+00:00
CUR_EL322,Curitiba,4106902,1,URBS,507,https://moovitapp.com/index/pt-br/transporte_p%C3%BAblico-line-507_S%C3%8DTIO_CERCADO_HOR%C3%81RIO-Curitiba-942-9628-294494-0,-1.0,-25.501298,-49.237728,,False,3,1,2023-06-13T00:47:18.695414+00:00
CUR_EL312,Curitiba,4106902,0,URBS,505,https://moovitapp.com/index/pt-br/transporte_p%C3%BAblico-line-505_BOQUEIR%C3%83O_CENTRO_C%C3%8DVICO-Curitiba-942-9628-531685-0,-1.0,-25.417025,-49.26844,,False,3,2,2023-06-13T00:48:18.695414+00:00
CUR_HC851,Curitiba,4106902,1,,674,,,-25.436773,-49.274118,,False,7,2,2023-06-13T00:48:18.695414+00:00
CUR_DC092,Curitiba,4106902,1,,468,,,-25.435126,-49.268671,,False,1,2,2023-06-13T00:49:18.695414+00:00
CUR_DC292,Curitiba,4106902,1,,468,,,-25.484946,-49.212925,,False,1,1,2023-06-13T00:49:18.695414+00:00
CUR_BC015,Curitiba,4106902,1,,160,,,-25.400046,-49.289781,,False,1,1,2023-06-13T00:48:18.695414+00:00
CUR_BC025,Curitiba,4106902,1,,160,,,-25.461726,-49.279036,,False,1,2,2023-06-13T00:49:18.695414+00:00
CUR_HI859,Curitiba,4106902,1,,865,,,-25.431956,-49.290533,,False,7,2,2023-06-13T00:49:18.695414+00:00
CUR_JL320,Curitiba,4106902,1,URBS,702,https://moovitapp.com/index/pt-br/transporte_p%C3%BAblico-line-702_CAIU%C3%81_CACHOEIRA-Curitiba-942-9628-133282980-0,-1.0,-25.390195,-49.258676,,False,3,1,2023-06-13T00:49:18.695414+00:00
CUR_JL313,Curitiba,4106902,0,URBS,702,https://moovitapp.com/index/pt-br/transporte_p%C3%BAblico-line-702_CAIU%C3%81_CACHOEIRA-Curitiba-942-9628-133282980-0,-1.0,-25.416685,-49.267423,,False,3,1,2023-06-13T00:48:18.695414+00:00
CUR_JL319,Curitiba,4106902,0,URBS,702,https://moovitapp.com/index/pt-br/transporte_p%C3%BAblico-line-702_CAIU%C3%81_CACHOEIRA-Curitiba-942-9628-133282980-0,-1.0,-25.47868,-49.326651,,False,3,1,2023-06-13T00:49:18.695414+00:00
CUR_BI895,Curitiba,4106902,1,,386,,,-25.433366,-49.222725,,False,7,1,2023-06-13T00:49:18.695414+00:00
CUR_BI864,Curitiba,4106902,1,,244,,,-25.37469,-49.263176,,False,7,2,2023-06-13T00:48:18.695414+00:00
CUR_HE723,Curitiba,4106902,0,URBS,603,https://moovitapp.com/index/pt-br/transporte_p%C3%BAblico-line-603_PINHEIRINHO_RUI_BARBOSA-Curitiba-942-9628-484781-0,-1.0,-25.5129,-49.295708,,False,5,1,2023-06-13T00:48:18.695414+00:00
CUR_HE713,Curitiba,4106902,0,URBS,603,https://moovitapp.com/index/pt-br/transporte_p%C3%BAblico-line-603_PINHEIRINHO_RUI_BARBOSA-Curitiba-942-9628-484781-0,-1.0,-25.451351,-49.287956,,False,5,2,2023-06-13T00:48:18.695414+00:00
CUR_HE717,Curitiba,4106902,0,URBS,603,https://moovitapp.com/index/pt-br/transporte_p%C3%BAblico-line-603_PINHEIRINHO_RUI_BARBOSA-Curitiba-942-9628-484781-0,-1.0,-25.444783,-49.285351,,False,5,1,2023-06-13T00:48:18.695414+00:00
CUR_HD252,Curitiba,4106902,0,URBS,603,https://moovitapp.com/index/pt-br/transporte_p%C3%BAblico-line-603_PINHEIRINHO_RUI_BARBOSA-Curitiba-942-9628-484781-0,-1.0,-25.444135,-49.283623,,False,5,2,2023-06-13T00:48:18.695414+00:00
CUR_HE712,Curitiba,4106902,0,URBS,603,https://moovitapp.com/index/pt-br/transporte_p%C3%BAblico-line-603_PINHEIRINHO_RUI_BARBOSA-Curitiba-942-9628-484781-0,-1.0,-25.468001,-49.293466,,False,5,2,2023-06-13T00:48:18.695414+00:00
CUR_BI007,Curitiba,4106902,1,,374,,,-25.410031,-49.22157,,False,1,1,2023-06-13T00:49:18.695414+00:00
CUR_BI006,Curitiba,4106902,1,,374,,,-25.428211,-49.26405,,False,1,2,2023-06-13T00:49:18.695414+00:00
CUR_JI016,Curitiba,4106902,1,,721,,,-25.483723,-49.350221,,False,1,2,2023-06-13T00:49:18.695414+00:00
CUR_MI853,Curitiba,4106902,1,,967,,,-25.428573,-49.273401,,False,7,2,2023-06-13T00:49:18.695414+00:00
CUR_DA294,Curitiba,4106902,1,,332,,,-25.468588,-49.191826,,False,1,,2023-06-13T00:48:18.695414+00:00
CUR_BI856,Curitiba,4106902,1,Auto Viação São José,213,https://moovitapp.com/index/pt-br/transporte_p%C3%BAblico-line-213_PIT_PRA%C3%87A_DA_JUVENTUDE_CRISTAL_BLANCO_POMBO_HOR%C3%81RIO-Curitiba-942-857412-119631272-0,-1.0,-25.389926,-49.222698,,False,7,1,2023-06-13T00:49:18.695414+00:00
CUR_BB302,Curitiba,4106902,1,,010,,,-25.445913,-49.255396,,False,10,,2023-06-13T00:48:18.695414+00:00
CUR_BB303,Curitiba,4106902,1,,010,,,-25.415465,-49.266235,,False,10,,2023-06-13T00:48:18.695414+00:00
CUR_GI049,Curitiba,4106902,1,,642,,,-25.566621,-49.263558,,False,1,1,2023-06-13T00:47:18.695414+00:00
CUR_JA027,Curitiba,4106902,1,,711,,,-25.470483,-49.35237,,False,1,1,2023-06-13T00:48:18.695414+00:00
CUR_BI022,Curitiba,4106902,1,,225,,,-25.38266,-49.251171,,False,1,2,2023-06-13T00:49:18.695414+00:00
CUR_HI040,Curitiba,4106902,1,,680,,,-25.571851,-49.31643,,False,1,1,2023-06-13T00:46:18.695414+00:00
CUR_HI045,Curitiba,4106902,1,,680,,,-25.576048,-49.320691,,False,1,2,2023-06-13T00:49:18.695414+00:00
CUR_EA011,Curitiba,4106902,1,,663,,,-25.485246,-49.288041,,False,1,1,2023-06-13T00:49:18.695414+00:00
CUR_EI013,Curitiba,4106902,1,,663,,,-25.484886,-49.289116,,False,1,1,2023-06-13T00:49:18.695414+00:00
CUR_KI601,Curitiba,4106902,1,,629,,,-25.491845,-49.293391,,False,4,1,2023-06-13T00:46:18.695414+00:00
CUR_EA020,Curitiba,4106902,1,,561,,,-25.439893,-49.27193,,False,1,1,2023-06-13T00:48:18.695414+00:00
CUR_HA192,Curitiba,4106902,1,,630,,,-25.512621,-49.295215,,False,1,2,2023-06-13T00:48:18.695414+00:00
CUR_GI008,Curitiba,4106902,1,,665,,,-25.518713,-49.272131,,False,1,1,2023-06-13T00:48:18.695414+00:00
CUR_GI858,Curitiba,4106902,1,,665,,,-25.442856,-49.270483,,False,7,2,2023-06-13T00:49:18.695414+00:00
CUR_DA020,Curitiba,4106902,0,,462,,,-25.478971,-49.215108,,False,1,2,2023-06-13T00:48:18.695414+00:00
CUR_DC090,Curitiba,4106902,1,,462,,,-25.43578,-49.266293,,False,1,2,2023-06-13T00:49:18.695414+00:00
CUR_DN604,Curitiba,4106902,1,,465,,,-25.454576,-49.239166,,False,7,1,2023-06-13T00:49:18.695414+00:00
CUR_HA019,Curitiba,4106902,1,,658,,,-25.496736,-49.345476,,False,1,1,2023-06-13T00:49:18.695414+00:00
CUR_HA008,Curitiba,4106902,1,,658,,,-25.497965,-49.345668,,False,1,1,2023-06-13T00:49:18.695414+00:00
CUR_JI022,Curitiba,4106902,1,,658,,,-25.491613,-49.29386,,False,1,2,2023-06-13T00:49:18.695414+00:00
CUR_JI006,Curitiba,4106902,1,,611,,,-25.47582,-49.319018,,False,1,1,2023-06-13T00:49:18.695414+00:00
CUR_JI013,Curitiba,4106902,1,,611,,,-25.475611,-49.293235,,False,1,2,2023-06-13T00:49:18.695414+00:00
CUR_EA025,Curitiba,4106902,1,,522,,,-25.50786,-49.248591,,False,1,2,2023-06-13T00:49:18.695414+00:00
CUR_EI004,Curitiba,4106902,1,,471,,,-25.435628,-49.271581,,False,1,2,2023-06-13T00:49:18.695414+00:00
CUR_EI014,Curitiba,4106902,1,,533,,,-25.521906,-49.23985,,False,1,,2023-06-13T00:48:18.695414+00:00
CUR_EI017,Curitiba,4106902,1,,475,,,-25.484873,-49.233336,,False,1,1,2023-06-13T00:48:18.695414+00:00
CUR_EI020,Curitiba,4106902,1,,475,,,-25.43866,-49.270165,,False,1,2,2023-06-13T00:48:18.695414+00:00
CUR_HA609,Curitiba,4106902,1,,650,,,-25.532821,-49.300643,,False,4,2,2023-06-13T00:49:18.695414+00:00
CUR_HI601,Curitiba,4106902,1,,650,,,-25.575046,-49.329681,,False,4,1,2023-06-13T00:48:18.695414+00:00
CUR_HI016,Curitiba,4106902,1,,650,,,-25.549833,-49.325473,,False,1,1,2023-06-13T00:49:18.695414+00:00
CUR_GI020,Curitiba,4106902,1,,636,,,-25.544706,-49.28539,,False,1,1,2023-06-13T00:48:18.695414+00:00
CUR_GI009,Curitiba,4106902,1,,649,,,-25.526976,-49.293011,,False,1,2,2023-06-13T00:48:18.695414+00:00
CUR_GA002,Curitiba,4106902,1,,649,,,-25.5125,-49.294808,,False,1,1,2023-06-13T00:48:18.695414+00:00
CUR_GI055,Curitiba,4106902,1,,624,,,-25.514171,-49.277788,,False,1,1,2023-06-13T00:49:18.695414+00:00
CUR_GI021,Curitiba,4106902,1,,683,,,-25.534408,-49.268005,,False,1,2,2023-06-13T00:49:18.695414+00:00
CUR_GI048,Curitiba,4106902,1,,640,,,-25.536316,-49.295073,,False,1,1,2023-06-13T00:48:18.695414+00:00
CUR_GI024,Curitiba,4106902,1,,640,,,-25.522391,-49.297041,,False,1,1,2023-06-13T00:49:18.695414+00:00
CUR_GI040,Curitiba,4106902,1,,625,,,-25.506541,-49.286056,,False,1,2,2023-06-13T00:49:18.695414+00:00
CUR_GI036,Curitiba,4106902,1,,625,,,-25.512991,-49.272836,,False,1,1,2023-06-13T00:48:18.695414+00:00
CUR_GI031,Curitiba,4106902,1,,625,,,-25.505753,-49.284308,,False,1,2,2023-06-13T00:48:18.695414+00:00
CUR_JI864,Curitiba,4106902,1,,760,,,-25.46055,-49.308135,,False,7,1,2023-06-13T00:49:18.695414+00:00
CUR_HA020,Curitiba,4106902,1,,646,,,-25.59898,-49.330293,,False,1,1,2023-06-13T00:48:18.695414+00:00
CUR_HI021,Curitiba,4106902,1,,646,,,-25.512726,-49.294921,,False,1,2,2023-06-13T00:48:18.695414+00:00
CUR_HI299,Curitiba,4106902,1,,653,,,-25.511505,-49.324285,,False,1,2,2023-06-13T00:48:18.695414+00:00
CUR_HA013,Curitiba,4106902,1,,659,,,-25.52898,-49.298603,,False,1,2,2023-06-13T00:48:18.695414+00:00
CUR_HI024,Curitiba,4106902,1,,659,,,-25.61624,-49.344675,,False,1,2,2023-06-13T00:48:18.695414+00:00
CUR_BI853,Curitiba,4106902,1,,169,,,-25.391618,-49.294366,,False,7,1,2023-06-13T00:49:18.695414+00:00
CUR_DA011,Curitiba,4106902,1,,322,,,-25.469198,-49.208158,,False,1,2,2023-06-13T00:47:18.695414+00:00
CUR_DA033,Curitiba,4106902,1,,621,,,-25.492033,-49.293228,,False,1,2,2023-06-13T00:46:18.695414+00:00
CUR_DA023,Curitiba,4106902,1,,621,,,-25.482493,-49.246765,,False,1,1,2023-06-13T00:49:18.695414+00:00
CUR_CI008,Curitiba,4106902,1,,341,,,-25.377233,-49.223971,,False,1,2,2023-06-13T00:49:18.695414+00:00
CUR_BC300,Curitiba,4106902,1,,170,,,-25.411538,-49.280593,,False,3,1,2023-06-13T00:48:18.695414+00:00
CUR_BA032,Curitiba,4106902,1,,233,,,-25.377198,-49.225286,,False,1,,2023-06-13T00:48:18.695414+00:00
CUR_BI873,Curitiba,4106902,1,,184,,,-25.3638,-49.280216,,False,7,1,2023-06-13T00:49:18.695414+00:00
CUR_BI871,Curitiba,4106902,1,,280,,,-25.380553,-49.237351,,False,7,1,2023-06-13T00:49:18.695414+00:00
CUR_BI866,Curitiba,4106902,1,,275,,,-25.418578,-49.268798,,False,7,2,2023-06-13T00:48:18.695414+00:00
CUR_BI869,Curitiba,4106902,1,,275,,,-25.374908,-49.24483,,False,7,2,2023-06-13T00:48:18.695414+00:00
CUR_BI004,Curitiba,4106902,1,Auto Viação São José,211,https://moovitapp.com/index/pt-br/transporte_p%C3%BAblico-line-211_PIT_PRA%C3%87A_DA_JUVENTUDE_IZAURA_IP%C3%8A-Curitiba-942-857412-73553392-0,-1.0,-25.409126,-49.239178,,False,1,2,2023-06-13T00:49:18.695414+00:00
CUR_KI001,Curitiba,4106902,1,,472,,,-25.442171,-49.259796,,False,1,1,2023-06-13T00:49:18.695414+00:00
CUR_HI047,Curitiba,4106902,1,,623,,,-25.51748,-49.309798,,False,1,1,2023-06-13T00:49:18.695414+00:00
CUR_HI018,Curitiba,4106902,1,,623,,,-25.49758,-49.298966,,False,1,2,2023-06-13T00:48:18.695414+00:00
CUR_DC086,Curitiba,4106902,1,,474,,,-25.455651,-49.241406,,False,1,2,2023-06-13T00:49:18.695414+00:00
CUR_JI020,Curitiba,4106902,1,,712,,,-25.511516,-49.324493,,False,1,2,2023-06-13T00:48:18.695414+00:00
CUR_HI010,Curitiba,4106902,1,,712,,,-25.48118,-49.329088,,False,1,1,2023-06-13T00:49:18.695414+00:00
CUR_BC007,Curitiba,4106902,1,,168,,,-25.428148,-49.27165,,False,1,2,2023-06-13T00:49:18.695414+00:00
CUR_HA619,Curitiba,4106902,1,,685,,,-25.594613,-49.340591,,False,4,2,2023-06-13T00:48:18.695414+00:00
CUR_HR409,Curitiba,4106902,1,,685,,,-25.511765,-49.325481,,False,4,1,2023-06-13T00:48:18.695414+00:00
CUR_BI886,Curitiba,4106902,1,Auto Viação São José,214,https://moovitapp.com/index/pt-br/transporte_p%C3%BAblico-line-214_PIT_PRA%C3%87A_DA_JUVENTUDE_CRISTAL_BLANCO_POMBO_ANTI_HOR%C3%81RIO-Curitiba-942-857412-119631273-0,-1.0,-25.406268,-49.251953,,False,7,1,2023-06-13T00:48:18.695414+00:00
CUR_EI010,Curitiba,4106902,1,Auto Viação São José,515,https://moovitapp.com/index/pt-br/transporte_p%C3%BAblico-line-515_%E2%9C%88_AEROPORTO_1_SHOPPING_S%C3%83O_JOS%C3%89-Curitiba-942-857412-67925719-0,-1.0,-25.468791,-49.207868,,False,1,1,2023-06-13T00:39:18.695414+00:00
CUR_DC298,Curitiba,4106902,1,,335,,,-25.51757,-49.229198,,False,1,2,2023-06-13T00:48:18.695414+00:00
CUR_MI005,Curitiba,4106902,1,,821,,,-25.41293,-49.358133,,False,1,1,2023-06-13T00:46:18.695414+00:00
CUR_EA008,Curitiba,4106902,1,,657,,,-25.494608,-49.285861,,False,1,2,2023-06-13T00:49:18.695414+00:00
CUR_JI948,Curitiba,4106902,1,,861,,,-25.44975,-49.318653,,False,7,2,2023-06-13T00:48:18.695414+00:00
CUR_BA017,Curitiba,4106902,1,,822,,,-25.437806,-49.363131,,False,1,1,2023-06-13T00:49:18.695414+00:00
CUR_MA011,Curitiba,4106902,1,,924,,,-25.384541,-49.303621,,False,1,1,2023-06-13T00:48:18.695414+00:00
CUR_MI004,Curitiba,4106902,1,,924,,,-25.386273,-49.321786,,False,1,2,2023-06-13T00:48:18.695414+00:00
CUR_BI016,Curitiba,4106902,1,,924,,,-25.374468,-49.223221,,False,1,2,2023-06-13T00:48:18.695414+00:00
CUR_BC009,Curitiba,4106902,1,,372,,,-25.413076,-49.205331,,False,1,1,2023-06-13T00:49:18.695414+00:00
CUR_BC316,Curitiba,4106902,1,,372,,,-25.433301,-49.2719,,False,10,2,2023-06-13T00:48:18.695414+00:00
CUR_DC855,Curitiba,4106902,1,,387,,,-25.462391,-49.217531,,False,7,1,2023-06-13T00:48:18.695414+00:00
CUR_BI013,Curitiba,4106902,1,,342,,,-25.397661,-49.236405,,False,1,2,2023-06-13T00:49:18.695414+00:00
CUR_BI015,Curitiba,4106902,1,,342,,,-25.405945,-49.201416,,False,1,1,2023-06-13T00:49:18.695414+00:00
CUR_GC007,Curitiba,4106902,1,,534,,,-25.53433,-49.267685,,False,1,1,2023-06-13T00:48:18.695414+00:00
CUR_GI025,Curitiba,4106902,1,,534,,,-25.524561,-49.246438,,False,1,1,2023-06-13T00:48:18.695414+00:00
CUR_EA010,Curitiba,4106902,1,Auto Viação São José,515,https://moovitapp.com/index/pt-br/transporte_p%C3%BAblico-line-515_%E2%9C%88_AEROPORTO_1_SHOPPING_S%C3%83O_JOS%C3%89-Curitiba-942-857412-67925719-0,-1.0,-25.495458,-49.23365,,False,1,2,2023-06-13T00:48:18.695414+00:00
CUR_EI001,Curitiba,4106902,1,Auto Viação São José,515,https://moovitapp.com/index/pt-br/transporte_p%C3%BAblico-line-515_%E2%9C%88_AEROPORTO_1_SHOPPING_S%C3%83O_JOS%C3%89-Curitiba-942-857412-67925719-0,-1.0,-25.508885,-49.22279,,False,1,1,2023-06-13T00:49:18.695414+00:00
CUR_DC294,Curitiba,4106902,1,,334,,,-25.461493,-49.196461,,False,1,,2023-06-13T00:49:18.695414+00:00
CUR_JI856,Curitiba,4106902,1,,762,,,-25.455988,-49.296871,,False,7,2,2023-06-13T00:48:18.695414+00:00
CUR_HA190,Curitiba,4106902,1,,652,,,-25.531553,-49.334885,,False,1,1,2023-06-13T00:48:18.695414+00:00
CUR_HI003,Curitiba,4106902,1,,652,,,-25.511731,-49.324878,,False,1,2,2023-06-13T00:49:18.695414+00:00
CUR_BC013,Curitiba,4106902,1,,375,,,-25.417733,-49.203778,,False,1,1,2023-06-13T00:48:18.695414+00:00
CUR_BI019,Curitiba,4106902,1,,236,,,-25.373585,-49.225935,,False,1,2,2023-06-13T00:49:18.695414+00:00
CUR_BC313,Curitiba,4106902,1,,371,,,-25.427478,-49.253883,,False,10,2,2023-06-13T00:49:18.695414+00:00
CUR_BC315,Curitiba,4106902,1,,371,,,-25.427373,-49.26208,,False,10,1,2023-06-13T00:48:18.695414+00:00
CUR_HE719,Curitiba,4106902,0,URBS,550,https://moovitapp.com/index/pt-br/transporte_p%C3%BAblico-line-550_LIGEIR%C3%83O_PINHEIRINHO_CARLOS_GOMES-Curitiba-942-9628-1254061-0,-1.0,-25.51265,-49.294661,,False,5,1,2023-06-13T00:49:18.695414+00:00
CUR_HE703,Curitiba,4106902,0,URBS,550,https://moovitapp.com/index/pt-br/transporte_p%C3%BAblico-line-550_LIGEIR%C3%83O_PINHEIRINHO_CARLOS_GOMES-Curitiba-942-9628-1254061-0,-1.0,-25.434391,-49.269011,,False,5,2,2023-06-13T00:49:18.695414+00:00
CUR_GE719,Curitiba,4106902,0,URBS,550,https://moovitapp.com/index/pt-br/transporte_p%C3%BAblico-line-550_LIGEIR%C3%83O_PINHEIRINHO_CARLOS_GOMES-Curitiba-942-9628-1254061-0,-1.0,-25.47429,-49.25807,,False,5,1,2023-06-13T00:49:18.695414+00:00
CUR_GE724,Curitiba,4106902,0,URBS,550,https://moovitapp.com/index/pt-br/transporte_p%C3%BAblico-line-550_LIGEIR%C3%83O_PINHEIRINHO_CARLOS_GOMES-Curitiba-942-9628-1254061-0,-1.0,-25.463153,-49.256323,,False,5,2,2023-06-13T00:48:18.695414+00:00
CUR_BA021,Curitiba,4106902,1,,816,,,-25.421353,-49.319605,,False,1,1,2023-06-13T00:49:18.695414+00:00
CUR_BI031,Curitiba,4106902,1,,816,,,-25.436038,-49.307746,,False,1,2,2023-06-13T00:49:18.695414+00:00
CUR_GI006,Curitiba,4106902,1,,553,,,-25.534183,-49.267625,,False,1,2,2023-06-13T00:49:18.695414+00:00
CUR_GA003,Curitiba,4106902,1,,553,,,-25.56321,-49.251441,,False,1,1,2023-06-13T00:49:18.695414+00:00
CUR_HI020,Curitiba,4106902,1,,617,,,-25.575595,-49.330326,,False,1,1,2023-06-13T00:48:18.695414+00:00
CUR_HI028,Curitiba,4106902,1,,617,,,-25.512076,-49.294386,,False,1,2,2023-06-13T00:49:18.695414+00:00
CUR_GI037,Curitiba,4106902,1,,643,,,-25.512928,-49.294661,,False,1,2,2023-06-13T00:48:18.695414+00:00
CUR_GI033,Curitiba,4106902,1,,643,,,-25.584415,-49.273663,,False,1,1,2023-06-13T00:49:18.695414+00:00
CUR_EA027,Curitiba,4106902,1,,X06,,,-25.534326,-49.26803,,False,1,2,2023-06-13T00:48:18.695414+00:00
CUR_GI042,Curitiba,4106902,1,,552,,,-25.534391,-49.26835,,False,1,2,2023-06-13T00:48:18.695414+00:00
CUR_GI053,Curitiba,4106902,1,,552,,,-25.553495,-49.251088,,False,1,1,2023-06-13T00:49:18.695414+00:00
CUR_GI045,Curitiba,4106902,1,,542,,,-25.547876,-49.259783,,False,1,,2023-06-13T00:49:18.695414+00:00
CUR_GI034,Curitiba,4106902,1,,542,,,-25.535745,-49.271631,,False,1,,2023-06-13T00:49:18.695414+00:00
CUR_GI026,Curitiba,4106902,1,,547,,,-25.534158,-49.26749,,False,1,1,2023-06-13T00:49:18.695414+00:00
CUR_EI011,Curitiba,4106902,1,,X03,,,-25.518633,-49.231725,,False,1,1,2023-06-13T00:49:18.695414+00:00
CUR_HB608,Curitiba,4106902,1,,060,,,-25.483598,-49.350151,,False,4,1,2023-06-13T00:49:18.695414+00:00
CUR_HR117,Curitiba,4106902,1,,060,,,-25.532351,-49.320473,,False,4,2,2023-06-13T00:48:18.695414+00:00
CUR_HI851,Curitiba,4106902,1,,600,,,-25.531516,-49.300166,,False,7,1,2023-06-13T00:48:18.695414+00:00
CUR_GI007,Curitiba,4106902,1,,639,,,-25.538318,-49.29476,,False,1,1,2023-06-13T00:49:18.695414+00:00
CUR_MI855,Curitiba,4106902,1,,912,,,-25.392988,-49.352838,,False,7,1,2023-06-13T00:46:18.695414+00:00
CUR_MI852,Curitiba,4106902,1,,911,,,-25.401183,-49.330005,,False,7,2,2023-06-13T00:49:18.695414+00:00
CUR_GI050,Curitiba,4106902,1,,641,,,-25.512475,-49.294353,,False,1,2,2023-06-13T00:48:18.695414+00:00
CUR_JI004,Curitiba,4106902,1,,719,,,-25.485191,-49.353313,,False,1,1,2023-06-13T00:49:18.695414+00:00
CUR_HA025,Curitiba,4106902,1,,773,,,-25.552648,-49.333061,,False,1,1,2023-06-13T00:48:18.695414+00:00
CUR_JI009,Curitiba,4106902,1,,718,,,-25.479301,-49.346755,,False,1,,2023-06-13T00:48:18.695414+00:00
CUR_HA198,Curitiba,4106902,1,,612,,,-25.511503,-49.32468,,False,1,1,2023-06-13T00:49:18.695414+00:00
CUR_HA021,Curitiba,4106902,1,,622,,,-25.494181,-49.306376,,False,1,2,2023-06-13T00:49:18.695414+00:00
CUR_BI025,Curitiba,4106902,1,,916,,,-25.397118,-49.33483,,False,1,2,2023-06-13T00:49:18.695414+00:00
CUR_HI006,Curitiba,4106902,1,,627,,,-25.539681,-49.327546,,False,1,1,2023-06-13T00:49:18.695414+00:00
CUR_HI017,Curitiba,4106902,1,,627,,,-25.491756,-49.293138,,False,1,2,2023-06-13T00:49:18.695414+00:00
CUR_HI046,Curitiba,4106902,1,,615,,,-25.476296,-49.29132,,False,1,1,2023-06-13T00:49:18.695414+00:00
CUR_BI860,Curitiba,4106902,1,,181,,,-25.417915,-49.268653,,False,7,1,2023-06-13T00:47:18.695414+00:00
CUR_HL320,Curitiba,4106902,0,URBS,607,https://moovitapp.com/index/pt-br/transporte_p%C3%BAblico-line-607_COLOMBO_CIC-Curitiba-942-9628-294348-0,-1.0,-25.497993,-49.306908,,False,3,1,2023-06-13T00:47:18.695414+00:00
CUR_HL322,Curitiba,4106902,0,URBS,607,https://moovitapp.com/index/pt-br/transporte_p%C3%BAblico-line-607_COLOMBO_CIC-Curitiba-942-9628-294348-0,-1.0,-25.421993,-49.269591,,False,3,1,2023-06-13T00:48:18.695414+00:00
CUR_HL325,Curitiba,4106902,0,URBS,607,https://moovitapp.com/index/pt-br/transporte_p%C3%BAblico-line-607_COLOMBO_CIC-Curitiba-942-9628-294348-0,-1.0,-25.407616,-49.250785,,False,3,2,2023-06-13T00:48:18.695414+00:00
CUR_HL497,Curitiba,4106902,1,URBS,607,https://moovitapp.com/index/pt-br/transporte_p%C3%BAblico-line-607_COLOMBO_CIC-Curitiba-942-9628-294348-0,-1.0,-25.49093,-49.291503,,False,3,2,2023-06-13T00:48:18.695414+00:00
CUR_HL315,Curitiba,4106902,0,URBS,607,https://moovitapp.com/index/pt-br/transporte_p%C3%BAblico-line-607_COLOMBO_CIC-Curitiba-942-9628-294348-0,-1.0,-25.476943,-49.28961,,False,3,2,2023-06-13T00:48:18.695414+00:00
CUR_HI850,Curitiba,4106902,1,,265,,,-25.440321,-49.269078,,False,7,2,2023-06-13T00:44:18.695414+00:00
CUR_JI003,Curitiba,4106902,1,,714,,,-25.48553,-49.354128,,False,1,,2023-06-13T00:49:18.695414+00:00
CUR_HI853,Curitiba,4106902,1,,644,,,-25.512596,-49.29496,,False,7,1,2023-06-13T00:49:18.695414+00:00
CUR_JC601,Curitiba,4106902,1,,703,,,-25.434695,-49.27223,,False,4,2,2023-06-13T00:49:18.695414+00:00
CUR_JI601,Curitiba,4106902,1,,703,,,-25.47842,-49.330341,,False,4,1,2023-06-13T00:49:18.695414+00:00
CUR_JC308,Curitiba,4106902,1,,703,,,-25.483831,-49.349945,,False,3,1,2023-06-13T00:48:18.695414+00:00
CUR_JC306,Curitiba,4106902,1,,703,,,-25.449071,-49.287718,,False,3,2,2023-06-13T00:48:18.695414+00:00
CUR_HI019,Curitiba,4106902,1,,681,,,-25.56591,-49.329626,,False,1,1,2023-06-13T00:49:18.695414+00:00
CUR_JC301,Curitiba,4106902,1,,701,,,-25.451461,-49.288878,,False,3,2,2023-06-13T00:48:18.695414+00:00
CUR_JA699,Curitiba,4106902,1,,701,,,-25.478386,-49.32661,,False,4,1,2023-06-13T00:49:18.695414+00:00
CUR_JC316,Curitiba,4106902,1,,701,,,-25.445905,-49.279156,,False,3,2,2023-06-13T00:49:18.695414+00:00
CUR_DN400,Curitiba,4106902,1,,516,,,-25.481568,-49.246978,,False,7,1,2023-06-13T00:48:18.695414+00:00
CUR_MI850,Curitiba,4106902,1,,913,,,-25.397485,-49.350868,,False,7,1,2023-06-13T00:49:18.695414+00:00
CUR_HL498,Curitiba,4106902,1,URBS,700,https://moovitapp.com/index/pt-br/transporte_p%C3%BAblico-line-700_PINHEIRINHO_CABRAL-Curitiba-942-9628-757429-0,-1.0,-25.415525,-49.259748,,False,3,2,2023-06-13T00:48:18.695414+00:00
CUR_HL328,Curitiba,4106902,0,URBS,700,https://moovitapp.com/index/pt-br/transporte_p%C3%BAblico-line-700_PINHEIRINHO_CABRAL-Curitiba-942-9628-757429-0,-1.0,-25.476338,-49.292195,,False,3,1,2023-06-13T00:49:18.695414+00:00
CUR_BL326,Curitiba,4106902,0,URBS,700,https://moovitapp.com/index/pt-br/transporte_p%C3%BAblico-line-700_PINHEIRINHO_CABRAL-Curitiba-942-9628-757429-0,-1.0,-25.478423,-49.295695,,False,3,1,2023-06-13T00:49:18.695414+00:00
CUR_HL496,Curitiba,4106902,1,URBS,700,https://moovitapp.com/index/pt-br/transporte_p%C3%BAblico-line-700_PINHEIRINHO_CABRAL-Curitiba-942-9628-757429-0,-1.0,-25.42496,-49.26606,,False,3,2,2023-06-13T00:48:18.695414+00:00
CUR_BL311,Curitiba,4106902,0,URBS,700,https://moovitapp.com/index/pt-br/transporte_p%C3%BAblico-line-700_PINHEIRINHO_CABRAL-Curitiba-942-9628-757429-0,-1.0,-25.419093,-49.268571,,False,3,2,2023-06-13T00:48:18.695414+00:00
CUR_MC307,Curitiba,4106902,1,,917,,,-25.369068,-49.327138,,False,3,1,2023-06-13T00:49:18.695414+00:00
CUR_MN608,Curitiba,4106902,1,,915,,,-25.39291,-49.344683,,False,7,1,2023-06-13T00:47:18.695414+00:00
CUR_BL316,Curitiba,4106902,0,URBS,256,https://moovitapp.com/index/pt-br/transporte_p%C3%BAblico-line-256_BARREIRINHA_GUADALUPE-Curitiba-942-9628-398191-0,-1.0,-25.414018,-49.267125,,False,3,2,2023-06-13T00:48:18.695414+00:00
CUR_BL322,Curitiba,4106902,0,URBS,256,https://moovitapp.com/index/pt-br/transporte_p%C3%BAblico-line-256_BARREIRINHA_GUADALUPE-Curitiba-942-9628-398191-0,-1.0,-25.416441,-49.266463,,False,3,1,2023-06-13T00:48:18.695414+00:00
CUR_MI856,Curitiba,4106902,1,,965,,,-25.422203,-49.2851,,False,7,1,2023-06-13T00:49:18.695414+00:00
CUR_BA010,Curitiba,4106902,1,,171,,,-25.390091,-49.283755,,False,1,2,2023-06-13T00:49:18.695414+00:00
CUR_JI007,Curitiba,4106902,1,,823,,,-25.44156,-49.346123,,False,1,2,2023-06-13T00:48:18.695414+00:00
CUR_GL320,Curitiba,4106902,0,URBS,508,https://moovitapp.com/index/pt-br/transporte_p%C3%BAblico-line-508_S%C3%8DTIO_CERCADO_ANTI_HOR%C3%81RIO-Curitiba-942-9628-294520-0,-1.0,-25.463413,-49.291493,,False,3,,2023-06-13T00:49:18.695414+00:00
CUR_GL319,Curitiba,4106902,0,URBS,508,https://moovitapp.com/index/pt-br/transporte_p%C3%BAblico-line-508_S%C3%8DTIO_CERCADO_ANTI_HOR%C3%81RIO-Curitiba-942-9628-294520-0,-1.0,-25.431616,-49.266006,,False,3,,2023-06-13T00:49:18.695414+00:00
CUR_GL313,Curitiba,4106902,0,URBS,508,https://moovitapp.com/index/pt-br/transporte_p%C3%BAblico-line-508_S%C3%8DTIO_CERCADO_ANTI_HOR%C3%81RIO-Curitiba-942-9628-294520-0,-1.0,-25.512213,-49.295841,,False,3,,2023-06-13T00:48:18.695414+00:00
CUR_GL314,Curitiba,4106902,0,URBS,508,https://moovitapp.com/index/pt-br/transporte_p%C3%BAblico-line-508_S%C3%8DTIO_CERCADO_ANTI_HOR%C3%81RIO-Curitiba-942-9628-294520-0,-1.0,-25.525061,-49.24959,,False,3,,2023-06-13T00:48:18.695414+00:00
CUR_HL330,Curitiba,4106902,1,URBS,508,https://moovitapp.com/index/pt-br/transporte_p%C3%BAblico-line-508_S%C3%8DTIO_CERCADO_ANTI_HOR%C3%81RIO-Curitiba-942-9628-294520-0,-1.0,-25.480648,-49.24635,,False,3,,2023-06-13T00:48:18.695414+00:00
CUR_JI852,Curitiba,4106902,1,,713,,,-25.477353,-49.327055,,False,7,1,2023-06-13T00:49:18.695414+00:00
CUR_BI883,Curitiba,4106902,1,,343,,,-25.410593,-49.207213,,False,7,2,2023-06-13T00:49:18.695414+00:00
CUR_EL332,Curitiba,4106902,1,URBS,507,https://moovitapp.com/index/pt-br/transporte_p%C3%BAblico-line-507_S%C3%8DTIO_CERCADO_HOR%C3%81RIO-Curitiba-942-9628-294494-0,-1.0,-25.487248,-49.244505,,False,3,,2023-06-13T00:49:18.695414+00:00
CUR_EL301,Curitiba,4106902,0,URBS,507,https://moovitapp.com/index/pt-br/transporte_p%C3%BAblico-line-507_S%C3%8DTIO_CERCADO_HOR%C3%81RIO-Curitiba-942-9628-294494-0,-1.0,-25.493293,-49.291315,,False,3,,2023-06-13T00:49:18.695414+00:00
CUR_EL323,Curitiba,4106902,1,URBS,507,https://moovitapp.com/index/pt-br/transporte_p%C3%BAblico-line-507_S%C3%8DTIO_CERCADO_HOR%C3%81RIO-Curitiba-942-9628-294494-0,-1.0,-25.532878,-49.26313,,False,3,,2023-06-13T00:48:18.695414+00:00
CUR_EL300,Curitiba,4106902,0,URBS,507,https://moovitapp.com/index/pt-br/transporte_p%C3%BAblico-line-507_S%C3%8DTIO_CERCADO_HOR%C3%81RIO-Curitiba-942-9628-294494-0,-1.0,-25.440631,-49.260863,,False,3,,2023-06-13T00:44:18.695414+00:00
CUR_BI894,Curitiba,4106902,1,,361,,,-25.423803,-49.264038,,False,7,2,2023-06-13T00:48:18.695414+00:00
CUR_GI054,Curitiba,4106902,1,,635,,,-25.512223,-49.29477,,False,1,2,2023-06-13T00:49:18.695414+00:00
CUR_BI870,Curitiba,4106902,1,,237,,,-25.373778,-49.214653,,False,7,,2023-06-13T00:47:18.695414+00:00
CUR_BC001,Curitiba,4106902,1,,207,,,-25.417116,-49.276825,,False,1,2,2023-06-13T00:49:18.695414+00:00
CUR_BI300,Curitiba,4106902,1,,207,,,-25.407535,-49.27627,,False,3,1,2023-06-13T00:49:18.695414+00:00
CUR_BI887,Curitiba,4106902,1,,274,,,-25.417336,-49.2638,,False,7,2,2023-06-13T00:49:18.695414+00:00
CUR_BI901,Curitiba,4106902,1,,176,,,-25.379828,-49.280018,,False,7,1,2023-06-13T00:49:18.695414+00:00
CUR_JI857,Curitiba,4106902,1,,825,,,-25.451418,-49.358388,,False,7,2,2023-06-13T00:49:18.695414+00:00
CUR_HC300,Curitiba,4106902,1,,801,,,-25.435906,-49.306858,,False,10,2,2023-06-13T00:49:18.695414+00:00
CUR_GI046,Curitiba,4106902,1,,637,,,-25.51232,-49.295208,,False,1,2,2023-06-13T00:49:18.695414+00:00
CUR_DN600,Curitiba,4106902,1,,331,,,-25.469128,-49.208248,,False,7,,2023-06-13T00:49:18.695414+00:00
CUR_HI857,Curitiba,4106902,1,,814,,,-25.4413,-49.335698,,False,7,1,2023-06-13T00:48:18.695414+00:00
CUR_BI863,Curitiba,4106902,1,,224,,,-25.379215,-49.240656,,False,7,,2023-06-13T00:48:18.695414+00:00
CUR_JI860,Curitiba,4106902,1,,779,,,-25.45919,-49.302323,,False,7,1,2023-06-13T00:48:18.695414+00:00
CUR_DN601,Curitiba,4106902,1,,461,,,-25.465198,-49.225195,,False,7,1,2023-06-13T00:48:18.695414+00:00
CUR_DN603,Curitiba,4106902,1,,466,,,-25.424161,-49.267005,,False,7,1,2023-06-13T00:48:18.695414+00:00
CUR_DL310,Curitiba,4106902,0,URBS,305,https://moovitapp.com/index/pt-br/transporte_p%C3%BAblico-line-305_CENTEN%C3%81RIO-Curitiba-942-9628-294271-0,-1.0,-25.46879,-49.207901,,False,3,1,2023-06-13T00:48:18.695414+00:00
CUR_DL312,Curitiba,4106902,0,URBS,305,https://moovitapp.com/index/pt-br/transporte_p%C3%BAblico-line-305_CENTEN%C3%81RIO-Curitiba-942-9628-294271-0,-1.0,-25.431673,-49.256696,,False,3,2,2023-06-13T00:48:18.695414+00:00
CUR_MI851,Curitiba,4106902,1,Auto Viação São José,150,https://moovitapp.com/index/pt-br/transporte_p%C3%BAblico-line-150_T_AFONSO_PENA_PIT_BORDA_DO_CAMPO-Curitiba-942-857412-53904521-0,-1.0,-25.430993,-49.268943,,False,7,2,2023-06-13T00:49:18.695414+00:00
CUR_MN603,Curitiba,4106902,1,,464,,,-25.433393,-49.27264,,False,7,1,2023-06-13T00:49:18.695414+00:00
CUR_GI852,Curitiba,4106902,1,,666,,,-25.45884,-49.27116,,False,7,2,2023-06-13T00:48:18.695414+00:00
CUR_BI893,Curitiba,4106902,1,,266,,,-25.412428,-49.263681,,False,7,2,2023-06-13T00:48:18.695414+00:00
CUR_BA030,Curitiba,4106902,1,,373,,,-25.426615,-49.254961,,False,1,2,2023-06-13T00:49:18.695414+00:00
CUR_DN021,Curitiba,4106902,0,,560,,,-25.43519,-49.273513,,False,6,2,2023-06-13T00:49:18.695414+00:00
CUR_BI852,Curitiba,4106902,1,,164,,,-25.432835,-49.271056,,False,7,2,2023-06-13T00:48:18.695414+00:00
CUR_BC941,Curitiba,4106902,1,,385,,,-25.431313,-49.275215,,False,7,2,2023-06-13T00:46:18.695414+00:00
CUR_BC032,Curitiba,4106902,1,,829,,,-25.441426,-49.346111,,False,1,,2023-06-13T00:48:18.695414+00:00
CUR_BA013,Curitiba,4106902,1,,829,,,-25.444308,-49.359573,,False,1,,2023-06-13T00:49:18.695414+00:00
CUR_DL304,Curitiba,4106902,0,URBS,469,https://moovitapp.com/index/pt-br/transporte_p%C3%BAblico-line-469_CENTRO_POLIT%C3%89CNICO-Curitiba-942-9628-294421-0,-1.0,-25.453013,-49.230263,,False,3,1,2023-06-13T00:49:18.695414+00:00
CUR_BL339,Curitiba,4106902,0,URBS,518,https://moovitapp.com/index/pt-br/transporte_p%C3%BAblico-line-518_PUC_RODOFERROVI%C3%81RIA-Curitiba-942-9628-743528-0,-1.0,-25.43476,-49.263308,,False,3,2,2023-06-13T00:48:18.695414+00:00
