bus_id,city,city_code,adapted,agency,line_code,line_url,line_fare,latitude,longitude,bus_speed,is_eletric,bus_type,bus_direction,updated_at
CUR_DL310,Curitiba,4106902,0,URBS,304,https://moovitapp.com/index/pt-br/transporte_p%C3%BAblico-line-304_PINHAIS_CAMPO_COMPRIDO-Curitiba-942-9628-133282995-0,-1.0,-25.4289,-49.2859,,False,3,1,2023-06-15T13:26:45.738979+00:00
CUR_JL321,Curitiba,4106902,1,URBS,304,https://moovitapp.com/index/pt-br/transporte_p%C3%BAblico-line-304_PINHAIS_CAMPO_COMPRIDO-Curitiba-942-9628-133282995-0,-1.0,-25.429331,-49.287025,,False,3,1,2023-06-15T13:25:45.738979+00:00
CUR_JL324,Curitiba,4106902,1,URBS,304,https://moovitapp.com/index/pt-br/transporte_p%C3%BAblico-line-304_PINHAIS_CAMPO_COMPRIDO-Curitiba-942-9628-133282995-0,-1.0,-25.433916,-49.262083,,False,3,1,2023-06-15T13:26:45.738979+00:00
CUR_HL313,Curitiba,4106902,0,URBS,304,https://moovitapp.com/index/pt-br/transporte_p%C3%BAblico-line-304_PINHAIS_CAMPO_COMPRIDO-Curitiba-942-9628-133282995-0,-1.0,-25.537643,-49.307103,,False,3,2,2023-06-15T13:26:45.738979+00:00
CUR_DA019,Curitiba,4106902,0,,560,,,-25.435225,-49.273563,,False,1,1,2023-06-15T13:24:45.738979+00:00
CUR_HB608,Curitiba,4106902,1,,060,,,-25.441503,-49.346043,,False,4,2,2023-06-15T13:26:45.738979+00:00
CUR_HB607,Curitiba,4106902,1,,060,,,-25.52829,-49.327308,,False,4,2,2023-06-15T13:26:45.738979+00:00
CUR_HB606,Curitiba,4106902,1,,060,,,-25.51662,-49.33579,,False,4,1,2023-06-15T13:26:45.738979+00:00
CUR_GI012,Curitiba,4106902,1,,649,,,-25.525141,-49.28762,,False,1,1,2023-06-15T13:26:45.738979+00:00
CUR_GI016,Curitiba,4106902,1,,649,,,-25.534453,-49.277235,,False,1,2,2023-06-15T13:26:45.738979+00:00
CUR_BL317,Curitiba,4106902,0,URBS,023,https://moovitapp.com/index/pt-br/transporte_p%C3%BAblico-line-023_INTER_2_ANTI_HOR%C3%81RIO-Curitiba-942-9628-398189-0,-1.0,-25.437041,-49.309841,,False,3,,2023-06-15T13:26:45.738979+00:00
CUR_BL608,Curitiba,4106902,0,URBS,023,https://moovitapp.com/index/pt-br/transporte_p%C3%BAblico-line-023_INTER_2_ANTI_HOR%C3%81RIO-Curitiba-942-9628-398189-0,-1.0,-25.429493,-49.296563,,False,4,,2023-06-15T13:24:45.738979+00:00
CUR_BL609,Curitiba,4106902,0,URBS,023,https://moovitapp.com/index/pt-br/transporte_p%C3%BAblico-line-023_INTER_2_ANTI_HOR%C3%81RIO-Curitiba-942-9628-398189-0,-1.0,-25.492386,-49.293688,,False,4,,2023-06-15T13:26:45.738979+00:00
CUR_MR800,Curitiba,4106902,0,URBS,023,https://moovitapp.com/index/pt-br/transporte_p%C3%BAblico-line-023_INTER_2_ANTI_HOR%C3%81RIO-Curitiba-942-9628-398189-0,-1.0,-25.430283,-49.211226,,False,4,,2023-06-15T13:25:45.738979+00:00
CUR_HL601,Curitiba,4106902,0,URBS,023,https://moovitapp.com/index/pt-br/transporte_p%C3%BAblico-line-023_INTER_2_ANTI_HOR%C3%81RIO-Curitiba-942-9628-398189-0,-1.0,-25.412735,-49.246328,,False,4,,2023-06-15T13:26:45.738979+00:00
CUR_CL600,Curitiba,4106902,0,URBS,023,https://moovitapp.com/index/pt-br/transporte_p%C3%BAblico-line-023_INTER_2_ANTI_HOR%C3%81RIO-Curitiba-942-9628-398189-0,-1.0,-25.422965,-49.246125,,False,4,,2023-06-15T13:25:45.738979+00:00
CUR_BL603,Curitiba,4106902,0,URBS,023,https://moovitapp.com/index/pt-br/transporte_p%C3%BAblico-line-023_INTER_2_ANTI_HOR%C3%81RIO-Curitiba-942-9628-398189-0,-1.0,-25.496506,-49.270475,,False,4,,2023-06-15T13:26:45.738979+00:00
CUR_BL309,Curitiba,4106902,0,URBS,023,https://moovitapp.com/index/pt-br/transporte_p%C3%BAblico-line-023_INTER_2_ANTI_HOR%C3%81RIO-Curitiba-942-9628-398189-0,-1.0,-25.415326,-49.275881,,False,3,,2023-06-15T13:26:45.738979+00:00
CUR_EI008,Curitiba,4106902,1,,335,,,-25.500186,-49.22,,False,1,1,2023-06-15T13:26:45.738979+00:00
CUR_DR408,Curitiba,4106902,1,,335,,,-25.501873,-49.222863,,False,4,2,2023-06-15T13:26:45.738979+00:00
CUR_MA011,Curitiba,4106902,1,,924,,,-25.37301,-49.227136,,False,1,2,2023-06-15T13:26:45.738979+00:00
CUR_MI004,Curitiba,4106902,1,,924,,,-25.375425,-49.274778,,False,1,1,2023-06-15T13:24:45.738979+00:00
CUR_MI003,Curitiba,4106902,1,,924,,,-25.386743,-49.303225,,False,1,2,2023-06-15T13:26:45.738979+00:00
CUR_BI023,Curitiba,4106902,1,,924,,,-25.397936,-49.317723,,False,1,1,2023-06-15T13:25:45.738979+00:00
CUR_GI046,Curitiba,4106902,1,,637,,,-25.5429,-49.276118,,False,1,2,2023-06-15T13:26:45.738979+00:00
CUR_MC080,Curitiba,4106902,1,,917,,,-25.400708,-49.330465,,False,1,1,2023-06-15T13:26:45.738979+00:00
CUR_EB608,Curitiba,4106902,1,,050,,,-25.477253,-49.324228,,False,4,1,2023-06-15T13:26:45.738979+00:00
CUR_GB611,Curitiba,4106902,1,,050,,,-25.476171,-49.290988,,False,4,2,2023-06-15T13:26:45.738979+00:00
CUR_JB611,Curitiba,4106902,1,,050,,,-25.455033,-49.23079,,False,4,1,2023-06-15T13:26:45.738979+00:00
CUR_GB608,Curitiba,4106902,1,,050,,,-25.450351,-49.25659,,False,4,2,2023-06-15T13:26:45.738979+00:00
CUR_JB604,Curitiba,4106902,1,,050,,,-25.459646,-49.27205,,False,4,1,2023-06-15T13:26:45.738979+00:00
CUR_JB301,Curitiba,4106902,1,,050,,,-25.450718,-49.22636,,False,3,2,2023-06-15T13:26:45.738979+00:00
CUR_JC315,Curitiba,4106902,1,,701,,,-25.469676,-49.318111,,False,3,2,2023-06-15T13:26:45.738979+00:00
CUR_JI301,Curitiba,4106902,1,,701,,,-25.44604,-49.279485,,False,3,2,2023-06-15T13:26:45.738979+00:00
CUR_JC304,Curitiba,4106902,1,,701,,,-25.446736,-49.276438,,False,3,1,2023-06-15T13:26:45.738979+00:00
CUR_JC311,Curitiba,4106902,1,,701,,,-25.461175,-49.305755,,False,3,1,2023-06-15T13:26:45.738979+00:00
CUR_DC085,Curitiba,4106902,1,,338,,,-25.474526,-49.23037,,False,1,1,2023-06-15T13:26:45.738979+00:00
CUR_DA013,Curitiba,4106902,1,,338,,,-25.49697,-49.209251,,False,1,2,2023-06-15T13:26:45.738979+00:00
CUR_DC088,Curitiba,4106902,1,,338,,,-25.474398,-49.230486,,False,1,2,2023-06-15T13:26:45.738979+00:00
CUR_DC084,Curitiba,4106902,0,,338,,,-25.468916,-49.208421,,False,1,1,2023-06-15T13:25:45.738979+00:00
CUR_DA023,Curitiba,4106902,1,,338,,,-25.484515,-49.205551,,False,1,1,2023-06-15T13:26:45.738979+00:00
CUR_MI856,Curitiba,4106902,1,,913,,,-25.400693,-49.33085,,False,7,1,2023-06-15T13:26:45.738979+00:00
CUR_BI024,Curitiba,4106902,1,,242,,,-25.377618,-49.262485,,False,1,2,2023-06-15T13:26:45.738979+00:00
CUR_BI020,Curitiba,4106902,1,,242,,,-25.394715,-49.242788,,False,1,2,2023-06-15T13:26:45.738979+00:00
CUR_DA011,Curitiba,4106902,1,,322,,,-25.45273,-49.214733,,False,1,1,2023-06-15T13:26:45.738979+00:00
CUR_JI604,Curitiba,4106902,1,,703,,,-25.47866,-49.34011,,False,4,2,2023-06-15T13:26:45.738979+00:00
CUR_JC305,Curitiba,4106902,1,,703,,,-25.453591,-49.29993,,False,3,2,2023-06-15T13:26:45.738979+00:00
CUR_JI603,Curitiba,4106902,1,,703,,,-25.434928,-49.272635,,False,4,1,2023-06-15T13:26:45.738979+00:00
CUR_JC310,Curitiba,4106902,1,,703,,,-25.454403,-49.296336,,False,3,1,2023-06-15T13:26:45.738979+00:00
CUR_JC308,Curitiba,4106902,1,,703,,,-25.47716,-49.335693,,False,3,1,2023-06-15T13:26:45.738979+00:00
CUR_GI051,Curitiba,4106902,1,,542,,,-25.534445,-49.268218,,False,1,,2023-06-15T13:26:45.738979+00:00
CUR_GI035,Curitiba,4106902,1,,542,,,-25.544225,-49.267018,,False,1,,2023-06-15T13:25:45.738979+00:00
CUR_DA296,Curitiba,4106902,1,,332,,,-25.46789,-49.199288,,False,1,,2023-06-15T13:25:45.738979+00:00
CUR_DC298,Curitiba,4106902,1,,332,,,-25.468528,-49.200533,,False,1,,2023-06-15T13:19:45.738979+00:00
CUR_DA020,Curitiba,4106902,0,,323,,,-25.454895,-49.197483,,False,1,,2023-06-15T13:26:45.738979+00:00
CUR_BA030,Curitiba,4106902,1,,226,,,-25.369178,-49.24406,,False,1,1,2023-06-15T13:26:45.738979+00:00
CUR_BI001,Curitiba,4106902,1,,226,,,-25.373405,-49.226516,,False,1,2,2023-06-15T13:26:45.738979+00:00
CUR_HA013,Curitiba,4106902,1,,659,,,-25.63797,-49.354321,,False,1,2,2023-06-15T13:15:45.738979+00:00
CUR_HI024,Curitiba,4106902,1,,659,,,-25.519645,-49.295571,,False,1,2,2023-06-15T13:26:45.738979+00:00
CUR_HA612,Curitiba,4106902,1,,650,,,-25.545351,-49.30368,,False,4,2,2023-06-15T13:26:45.738979+00:00
CUR_HI610,Curitiba,4106902,1,,650,,,-25.56302,-49.32904,,False,4,1,2023-06-15T13:26:45.738979+00:00
CUR_HI016,Curitiba,4106902,1,,650,,,-25.512163,-49.294376,,False,1,1,2023-06-15T13:26:45.738979+00:00
CUR_HI018,Curitiba,4106902,1,,650,,,-25.576455,-49.331356,,False,1,2,2023-06-15T13:26:45.738979+00:00
CUR_HI025,Curitiba,4106902,1,,655,,,-25.567273,-49.322818,,False,1,2,2023-06-15T13:26:45.738979+00:00
CUR_HI037,Curitiba,4106902,1,,655,,,-25.558443,-49.339101,,False,1,1,2023-06-15T13:26:45.738979+00:00
CUR_HI023,Curitiba,4106902,1,,619,,,-25.55967,-49.337993,,False,1,2,2023-06-15T13:17:45.738979+00:00
CUR_HI608,Curitiba,4106902,1,,619,,,-25.535298,-49.316811,,False,4,2,2023-06-15T13:26:45.738979+00:00
CUR_HA609,Curitiba,4106902,1,,619,,,-25.538605,-49.307675,,False,4,1,2023-06-15T13:26:45.738979+00:00
CUR_HA615,Curitiba,4106902,1,,685,,,-25.511541,-49.324555,,False,4,1,2023-06-15T13:25:45.738979+00:00
CUR_HA600,Curitiba,4106902,1,,685,,,-25.565638,-49.329386,,False,4,1,2023-06-15T13:26:45.738979+00:00
CUR_HA619,Curitiba,4106902,1,,685,,,-25.576025,-49.330956,,False,4,2,2023-06-15T13:26:45.738979+00:00
CUR_HA610,Curitiba,4106902,1,,685,,,-25.538573,-49.307741,,False,4,1,2023-06-15T13:26:45.738979+00:00
CUR_HI030,Curitiba,4106902,1,,773,,,-25.515913,-49.33647,,False,1,1,2023-06-15T13:26:45.738979+00:00
CUR_HL315,Curitiba,4106902,0,URBS,508,https://moovitapp.com/index/pt-br/transporte_p%C3%BAblico-line-508_S%C3%8DTIO_CERCADO_ANTI_HOR%C3%81RIO-Curitiba-942-9628-294520-0,-1.0,-25.466918,-49.29478,,False,3,,2023-06-15T13:25:45.738979+00:00
CUR_GL327,Curitiba,4106902,1,URBS,508,https://moovitapp.com/index/pt-br/transporte_p%C3%BAblico-line-508_S%C3%8DTIO_CERCADO_ANTI_HOR%C3%81RIO-Curitiba-942-9628-294520-0,-1.0,-25.512335,-49.295848,,False,3,,2023-06-15T13:26:45.738979+00:00
CUR_GL316,Curitiba,4106902,0,URBS,508,https://moovitapp.com/index/pt-br/transporte_p%C3%BAblico-line-508_S%C3%8DTIO_CERCADO_ANTI_HOR%C3%81RIO-Curitiba-942-9628-294520-0,-1.0,-25.433001,-49.2653,,False,3,,2023-06-15T13:26:45.738979+00:00
CUR_GL329,Curitiba,4106902,1,URBS,508,https://moovitapp.com/index/pt-br/transporte_p%C3%BAblico-line-508_S%C3%8DTIO_CERCADO_ANTI_HOR%C3%81RIO-Curitiba-942-9628-294520-0,-1.0,-25.446666,-49.258313,,False,3,,2023-06-15T13:26:45.738979+00:00
CUR_GL311,Curitiba,4106902,0,URBS,508,https://moovitapp.com/index/pt-br/transporte_p%C3%BAblico-line-508_S%C3%8DTIO_CERCADO_ANTI_HOR%C3%81RIO-Curitiba-942-9628-294520-0,-1.0,-25.501636,-49.23765,,False,3,,2023-06-15T13:26:45.738979+00:00
CUR_GL328,Curitiba,4106902,1,URBS,508,https://moovitapp.com/index/pt-br/transporte_p%C3%BAblico-line-508_S%C3%8DTIO_CERCADO_ANTI_HOR%C3%81RIO-Curitiba-942-9628-294520-0,-1.0,-25.534685,-49.268383,,False,3,,2023-06-15T13:26:45.738979+00:00
CUR_HI011,Curitiba,4106902,1,,652,,,-25.523263,-49.334765,,False,1,2,2023-06-15T13:26:45.738979+00:00
CUR_HI010,Curitiba,4106902,1,,652,,,-25.532231,-49.32941,,False,1,1,2023-06-15T13:26:45.738979+00:00
CUR_HA190,Curitiba,4106902,1,,652,,,-25.53919,-49.3079,,False,1,1,2023-06-15T13:26:45.738979+00:00
CUR_BL310,Curitiba,4106902,0,URBS,700,https://moovitapp.com/index/pt-br/transporte_p%C3%BAblico-line-700_PINHEIRINHO_CABRAL-Curitiba-942-9628-757429-0,-1.0,-25.452701,-49.284405,,False,3,1,2023-06-15T13:26:45.738979+00:00
CUR_HL498,Curitiba,4106902,1,URBS,700,https://moovitapp.com/index/pt-br/transporte_p%C3%BAblico-line-700_PINHEIRINHO_CABRAL-Curitiba-942-9628-757429-0,-1.0,-25.475548,-49.293091,,False,3,2,2023-06-15T13:26:45.738979+00:00
CUR_BL305,Curitiba,4106902,0,URBS,700,https://moovitapp.com/index/pt-br/transporte_p%C3%BAblico-line-700_PINHEIRINHO_CABRAL-Curitiba-942-9628-757429-0,-1.0,-25.439551,-49.262633,,False,3,2,2023-06-15T13:26:45.738979+00:00
CUR_BL313,Curitiba,4106902,0,URBS,700,https://moovitapp.com/index/pt-br/transporte_p%C3%BAblico-line-700_PINHEIRINHO_CABRAL-Curitiba-942-9628-757429-0,-1.0,-25.444158,-49.269751,,False,3,1,2023-06-15T13:26:45.738979+00:00
CUR_HL495,Curitiba,4106902,1,URBS,700,https://moovitapp.com/index/pt-br/transporte_p%C3%BAblico-line-700_PINHEIRINHO_CABRAL-Curitiba-942-9628-757429-0,-1.0,-25.417688,-49.268731,,False,3,2,2023-06-15T13:26:45.738979+00:00
CUR_BL314,Curitiba,4106902,0,URBS,700,https://moovitapp.com/index/pt-br/transporte_p%C3%BAblico-line-700_PINHEIRINHO_CABRAL-Curitiba-942-9628-757429-0,-1.0,-25.512843,-49.294478,,False,3,1,2023-06-15T13:25:45.738979+00:00
CUR_BE714,Curitiba,4106902,0,URBS,203,https://moovitapp.com/index/pt-br/transporte_p%C3%BAblico-line-203_SANTA_C%C3%82NDIDA_CAP%C3%83O_RASO-Curitiba-942-9628-1323737-0,-1.0,-25.380861,-49.228831,,False,5,1,2023-06-15T13:26:45.738979+00:00
CUR_BE713,Curitiba,4106902,0,URBS,203,https://moovitapp.com/index/pt-br/transporte_p%C3%BAblico-line-203_SANTA_C%C3%82NDIDA_CAP%C3%83O_RASO-Curitiba-942-9628-1323737-0,-1.0,-25.463243,-49.290721,,False,5,1,2023-06-15T13:25:45.738979+00:00
CUR_HE714,Curitiba,4106902,0,URBS,203,https://moovitapp.com/index/pt-br/transporte_p%C3%BAblico-line-203_SANTA_C%C3%82NDIDA_CAP%C3%83O_RASO-Curitiba-942-9628-1323737-0,-1.0,-25.40248,-49.248768,,False,5,1,2023-06-15T13:26:45.738979+00:00
CUR_BE715,Curitiba,4106902,0,URBS,203,https://moovitapp.com/index/pt-br/transporte_p%C3%BAblico-line-203_SANTA_C%C3%82NDIDA_CAP%C3%83O_RASO-Curitiba-942-9628-1323737-0,-1.0,-25.476506,-49.292633,,False,5,2,2023-06-15T13:26:45.738979+00:00
CUR_GE736,Curitiba,4106902,0,URBS,203,https://moovitapp.com/index/pt-br/transporte_p%C3%BAblico-line-203_SANTA_C%C3%82NDIDA_CAP%C3%83O_RASO-Curitiba-942-9628-1323737-0,-1.0,-25.549041,-49.29165,,False,5,1,2023-06-15T13:26:45.738979+00:00
CUR_BE702,Curitiba,4106902,0,URBS,203,https://moovitapp.com/index/pt-br/transporte_p%C3%BAblico-line-203_SANTA_C%C3%82NDIDA_CAP%C3%83O_RASO-Curitiba-942-9628-1323737-0,-1.0,-25.441625,-49.277376,,False,5,2,2023-06-15T13:26:45.738979+00:00
CUR_BE708,Curitiba,4106902,0,URBS,203,https://moovitapp.com/index/pt-br/transporte_p%C3%BAblico-line-203_SANTA_C%C3%82NDIDA_CAP%C3%83O_RASO-Curitiba-942-9628-1323737-0,-1.0,-25.439548,-49.271681,,False,5,2,2023-06-15T13:26:45.738979+00:00
CUR_GE726,Curitiba,4106902,0,URBS,203,https://moovitapp.com/index/pt-br/transporte_p%C3%BAblico-line-203_SANTA_C%C3%82NDIDA_CAP%C3%83O_RASO-Curitiba-942-9628-1323737-0,-1.0,-25.437121,-49.26517,,False,5,1,2023-06-15T13:25:45.738979+00:00
CUR_GE704,Curitiba,4106902,0,URBS,203,https://moovitapp.com/index/pt-br/transporte_p%C3%BAblico-line-203_SANTA_C%C3%82NDIDA_CAP%C3%83O_RASO-Curitiba-942-9628-1323737-0,-1.0,-25.442111,-49.278541,,False,5,1,2023-06-15T13:26:45.738979+00:00
CUR_BE727,Curitiba,4106902,0,URBS,203,https://moovitapp.com/index/pt-br/transporte_p%C3%BAblico-line-203_SANTA_C%C3%82NDIDA_CAP%C3%83O_RASO-Curitiba-942-9628-1323737-0,-1.0,-25.435353,-49.265441,,False,5,2,2023-06-15T13:26:45.738979+00:00
CUR_BE719,Curitiba,4106902,0,URBS,203,https://moovitapp.com/index/pt-br/transporte_p%C3%BAblico-line-203_SANTA_C%C3%82NDIDA_CAP%C3%83O_RASO-Curitiba-942-9628-1323737-0,-1.0,-25.48032,-49.292401,,False,5,1,2023-06-15T13:26:45.738979+00:00
CUR_BE728,Curitiba,4106902,0,URBS,203,https://moovitapp.com/index/pt-br/transporte_p%C3%BAblico-line-203_SANTA_C%C3%82NDIDA_CAP%C3%83O_RASO-Curitiba-942-9628-1323737-0,-1.0,-25.3968,-49.243618,,False,5,2,2023-06-15T13:26:45.738979+00:00
CUR_BD135,Curitiba,4106902,0,URBS,203,https://moovitapp.com/index/pt-br/transporte_p%C3%BAblico-line-203_SANTA_C%C3%82NDIDA_CAP%C3%83O_RASO-Curitiba-942-9628-1323737-0,-1.0,-25.491738,-49.29352,,False,5,2,2023-06-15T13:26:45.738979+00:00
CUR_BE710,Curitiba,4106902,0,URBS,203,https://moovitapp.com/index/pt-br/transporte_p%C3%BAblico-line-203_SANTA_C%C3%82NDIDA_CAP%C3%83O_RASO-Curitiba-942-9628-1323737-0,-1.0,-25.377748,-49.2242,,False,5,2,2023-06-15T13:26:45.738979+00:00
CUR_GD341,Curitiba,4106902,0,URBS,203,https://moovitapp.com/index/pt-br/transporte_p%C3%BAblico-line-203_SANTA_C%C3%82NDIDA_CAP%C3%83O_RASO-Curitiba-942-9628-1323737-0,-1.0,-25.415066,-49.260513,,False,5,2,2023-06-15T13:26:45.738979+00:00
CUR_BD150,Curitiba,4106902,0,URBS,203,https://moovitapp.com/index/pt-br/transporte_p%C3%BAblico-line-203_SANTA_C%C3%82NDIDA_CAP%C3%83O_RASO-Curitiba-942-9628-1323737-0,-1.0,-25.394948,-49.242668,,False,5,1,2023-06-15T13:26:45.738979+00:00
CUR_HI026,Curitiba,4106902,1,,680,,,-25.5234,-49.29602,,False,1,2,2023-06-15T13:26:45.738979+00:00
CUR_HI033,Curitiba,4106902,1,,680,,,-25.5837,-49.317881,,False,1,1,2023-06-15T13:26:45.738979+00:00
CUR_HA025,Curitiba,4106902,1,,680,,,-25.538901,-49.307973,,False,1,1,2023-06-15T13:26:45.738979+00:00
CUR_GI855,Curitiba,4106902,1,,662,,,-25.439771,-49.273185,,False,7,2,2023-06-15T13:26:45.738979+00:00
CUR_BI856,Curitiba,4106902,1,Auto Viação São José,212,https://moovitapp.com/index/pt-br/transporte_p%C3%BAblico-line-212_PIT_PRA%C3%87A_DA_JUVENTUDE_SANTA_F%C3%89_CRISTAL-Curitiba-942-857412-73656311-0,-1.0,-25.407468,-49.249616,,False,7,2,2023-06-15T13:26:45.738979+00:00
CUR_GI011,Curitiba,4106902,1,,636,,,-25.528143,-49.289143,,False,1,1,2023-06-15T13:26:45.738979+00:00
CUR_BI873,Curitiba,4106902,1,,184,,,-25.406825,-49.276071,,False,7,1,2023-06-15T13:26:45.738979+00:00
CUR_CI001,Curitiba,4106902,1,,222,,,-25.385635,-49.205805,,False,1,1,2023-06-15T13:26:45.738979+00:00
CUR_CI008,Curitiba,4106902,1,,222,,,-25.395803,-49.231415,,False,1,2,2023-06-15T13:26:45.738979+00:00
CUR_BI028,Curitiba,4106902,1,,916,,,-25.400921,-49.330168,,False,1,1,2023-06-15T13:26:45.738979+00:00
CUR_GI007,Curitiba,4106902,1,,547,,,-25.53566,-49.27008,,False,1,1,2023-06-15T13:25:45.738979+00:00
CUR_DC092,Curitiba,4106902,1,,468,,,-25.437241,-49.270745,,False,1,2,2023-06-15T13:26:45.738979+00:00
CUR_DA301,Curitiba,4106902,1,,468,,,-25.49521,-49.211335,,False,3,1,2023-06-15T13:25:45.738979+00:00
CUR_MN608,Curitiba,4106902,1,,915,,,-25.400643,-49.330586,,False,7,1,2023-06-15T13:26:45.738979+00:00
CUR_EA027,Curitiba,4106902,1,,X06,,,-25.534291,-49.26796,,False,1,1,2023-06-15T13:26:45.738979+00:00
CUR_EI001,Curitiba,4106902,1,,561,,,-25.487856,-49.277393,,False,1,2,2023-06-15T13:26:45.738979+00:00
CUR_EI012,Curitiba,4106902,1,,561,,,-25.435446,-49.273786,,False,1,1,2023-06-15T13:26:45.738979+00:00
CUR_JL322,Curitiba,4106902,1,URBS,702,https://moovitapp.com/index/pt-br/transporte_p%C3%BAblico-line-702_CAIU%C3%81_CACHOEIRA-Curitiba-942-9628-133282980-0,-1.0,-25.426836,-49.265275,,False,3,2,2023-06-15T13:26:45.738979+00:00
CUR_JL300,Curitiba,4106902,0,URBS,702,https://moovitapp.com/index/pt-br/transporte_p%C3%BAblico-line-702_CAIU%C3%81_CACHOEIRA-Curitiba-942-9628-133282980-0,-1.0,-25.377423,-49.262695,,False,3,2,2023-06-15T13:26:45.738979+00:00
CUR_JL320,Curitiba,4106902,1,URBS,702,https://moovitapp.com/index/pt-br/transporte_p%C3%BAblico-line-702_CAIU%C3%81_CACHOEIRA-Curitiba-942-9628-133282980-0,-1.0,-25.350456,-49.265091,,False,3,1,2023-06-15T13:26:45.738979+00:00
CUR_JL313,Curitiba,4106902,0,URBS,702,https://moovitapp.com/index/pt-br/transporte_p%C3%BAblico-line-702_CAIU%C3%81_CACHOEIRA-Curitiba-942-9628-133282980-0,-1.0,-25.417756,-49.268421,,False,3,1,2023-06-15T13:26:45.738979+00:00
CUR_BI898,Curitiba,4106902,1,,169,,,-25.415003,-49.273835,,False,7,1,2023-06-15T13:26:45.738979+00:00
CUR_BI853,Curitiba,4106902,1,,169,,,-25.395411,-49.286621,,False,7,2,2023-06-15T13:26:45.738979+00:00
CUR_GI057,Curitiba,4106902,1,,638,,,-25.518453,-49.295635,,False,1,2,2023-06-15T13:26:45.738979+00:00
CUR_GI009,Curitiba,4106902,1,,638,,,-25.551446,-49.274283,,False,1,1,2023-06-15T13:25:45.738979+00:00
CUR_DC983,Curitiba,4106902,1,,462,,,-25.442775,-49.257691,,False,1,1,2023-06-15T13:25:45.738979+00:00
CUR_DC090,Curitiba,4106902,1,,462,,,-25.43477,-49.272405,,False,1,1,2023-06-15T13:26:45.738979+00:00
CUR_ML307,Curitiba,4106902,0,URBS,307,https://moovitapp.com/index/pt-br/transporte_p%C3%BAblico-line-307_BAIRRO_ALTO_SANTA_FELICIDADE-Curitiba-942-9628-1323712-0,-1.0,-25.413243,-49.20579,,False,3,1,2023-06-15T13:25:45.738979+00:00
CUR_BL328,Curitiba,4106902,0,URBS,307,https://moovitapp.com/index/pt-br/transporte_p%C3%BAblico-line-307_BAIRRO_ALTO_SANTA_FELICIDADE-Curitiba-942-9628-1323712-0,-1.0,-25.425688,-49.202653,,False,3,2,2023-06-15T13:26:45.738979+00:00
CUR_CL303,Curitiba,4106902,0,URBS,307,https://moovitapp.com/index/pt-br/transporte_p%C3%BAblico-line-307_BAIRRO_ALTO_SANTA_FELICIDADE-Curitiba-942-9628-1323712-0,-1.0,-25.415426,-49.300071,,False,3,1,2023-06-15T13:22:45.738979+00:00
CUR_BL325,Curitiba,4106902,0,URBS,307,https://moovitapp.com/index/pt-br/transporte_p%C3%BAblico-line-307_BAIRRO_ALTO_SANTA_FELICIDADE-Curitiba-942-9628-1323712-0,-1.0,-25.419221,-49.29321,,False,3,2,2023-06-15T13:26:45.738979+00:00
CUR_CL302,Curitiba,4106902,0,URBS,307,https://moovitapp.com/index/pt-br/transporte_p%C3%BAblico-line-307_BAIRRO_ALTO_SANTA_FELICIDADE-Curitiba-942-9628-1323712-0,-1.0,-25.428605,-49.273898,,False,3,1,2023-06-15T13:24:45.738979+00:00
CUR_ML308,Curitiba,4106902,0,URBS,307,https://moovitapp.com/index/pt-br/transporte_p%C3%BAblico-line-307_BAIRRO_ALTO_SANTA_FELICIDADE-Curitiba-942-9628-1323712-0,-1.0,-25.425608,-49.260066,,False,3,2,2023-06-15T13:26:45.738979+00:00
CUR_CL306,Curitiba,4106902,0,URBS,307,https://moovitapp.com/index/pt-br/transporte_p%C3%BAblico-line-307_BAIRRO_ALTO_SANTA_FELICIDADE-Curitiba-942-9628-1323712-0,-1.0,-25.422556,-49.250791,,False,3,1,2023-06-15T13:25:45.738979+00:00
CUR_ML312,Curitiba,4106902,0,URBS,307,https://moovitapp.com/index/pt-br/transporte_p%C3%BAblico-line-307_BAIRRO_ALTO_SANTA_FELICIDADE-Curitiba-942-9628-1323712-0,-1.0,-25.429315,-49.271723,,False,3,2,2023-06-15T13:26:45.738979+00:00
CUR_GI048,Curitiba,4106902,1,,640,,,-25.551068,-49.296233,,False,1,1,2023-06-15T13:26:45.738979+00:00
CUR_GI024,Curitiba,4106902,1,,640,,,-25.512663,-49.294756,,False,1,1,2023-06-15T13:26:45.738979+00:00
CUR_GI008,Curitiba,4106902,1,,665,,,-25.517808,-49.272491,,False,1,1,2023-06-15T13:26:45.738979+00:00
CUR_GI851,Curitiba,4106902,1,,665,,,-25.45155,-49.26738,,False,7,2,2023-06-15T13:26:45.738979+00:00
CUR_EA074,Curitiba,4106902,1,,512,,,-25.483196,-49.252901,,False,1,1,2023-06-15T13:26:45.738979+00:00
CUR_GI041,Curitiba,4106902,1,,642,,,-25.527796,-49.292125,,False,1,2,2023-06-15T13:26:45.738979+00:00
CUR_DC294,Curitiba,4106902,1,,334,,,-25.467101,-49.197833,,False,1,,2023-06-15T13:26:45.738979+00:00
CUR_GI036,Curitiba,4106902,1,,552,,,-25.55723,-49.254743,,False,1,1,2023-06-15T13:26:45.738979+00:00
CUR_GI042,Curitiba,4106902,1,,552,,,-25.541081,-49.271506,,False,1,2,2023-06-15T13:26:45.738979+00:00
CUR_DN608,Curitiba,4106902,1,,463,,,-25.472285,-49.210578,,False,7,2,2023-06-15T13:26:45.738979+00:00
CUR_DN602,Curitiba,4106902,1,,463,,,-25.432876,-49.270273,,False,7,1,2023-06-15T13:26:45.738979+00:00
CUR_BI867,Curitiba,4106902,1,,237,,,-25.376796,-49.223996,,False,7,,2023-06-15T13:26:45.738979+00:00
CUR_BC305,Curitiba,4106902,1,,205,,,-25.385786,-49.261636,,False,3,1,2023-06-15T13:26:45.738979+00:00
CUR_BC307,Curitiba,4106902,1,,205,,,-25.417786,-49.26526,,False,3,1,2023-06-15T13:26:45.738979+00:00
CUR_BA034,Curitiba,4106902,1,,205,,,-25.42866,-49.268356,,False,1,2,2023-06-15T13:26:45.738979+00:00
CUR_BC311,Curitiba,4106902,1,,205,,,-25.41164,-49.254576,,False,3,2,2023-06-15T13:26:45.738979+00:00
CUR_BC032,Curitiba,4106902,1,,171,,,-25.41399,-49.279366,,False,1,1,2023-06-15T13:26:45.738979+00:00
CUR_BI876,Curitiba,4106902,1,,275,,,-25.426805,-49.270686,,False,7,1,2023-06-15T13:26:45.738979+00:00
CUR_BI880,Curitiba,4106902,1,,275,,,-25.378846,-49.237148,,False,7,1,2023-06-15T13:26:45.738979+00:00
CUR_BI865,Curitiba,4106902,1,,272,,,-25.377483,-49.253613,,False,7,2,2023-06-15T13:25:45.738979+00:00
CUR_BI885,Curitiba,4106902,1,,272,,,-25.413905,-49.260705,,False,7,1,2023-06-15T13:26:45.738979+00:00
CUR_GI859,Curitiba,4106902,1,,661,,,-25.46964,-49.271683,,False,7,1,2023-06-15T13:26:45.738979+00:00
CUR_HI048,Curitiba,4106902,1,,622,,,-25.49292,-49.298255,,False,1,2,2023-06-15T13:26:45.738979+00:00
CUR_HI020,Curitiba,4106902,1,,617,,,-25.529223,-49.298685,,False,1,1,2023-06-15T13:26:45.738979+00:00
CUR_HI007,Curitiba,4106902,1,,617,,,-25.556698,-49.306483,,False,1,2,2023-06-15T13:20:45.738979+00:00
CUR_HC013,Curitiba,4106902,1,,617,,,-25.53836,-49.307788,,False,1,1,2023-06-15T13:26:45.738979+00:00
CUR_HI006,Curitiba,4106902,1,,627,,,-25.494471,-49.298165,,False,1,1,2023-06-15T13:24:45.738979+00:00
CUR_HI017,Curitiba,4106902,1,,627,,,-25.534556,-49.332893,,False,1,2,2023-06-15T13:26:45.738979+00:00
CUR_HI047,Curitiba,4106902,1,,623,,,-25.501968,-49.304611,,False,1,1,2023-06-15T13:26:45.738979+00:00
CUR_HI004,Curitiba,4106902,1,,623,,,-25.5126,-49.304496,,False,1,2,2023-06-15T13:26:45.738979+00:00
CUR_HA027,Curitiba,4106902,1,,623,,,-25.539648,-49.308485,,False,1,1,2023-06-15T13:26:45.738979+00:00
CUR_HI850,Curitiba,4106902,1,,265,,,-25.405661,-49.259178,,False,7,1,2023-06-15T13:26:45.738979+00:00
CUR_KE708,Curitiba,4106902,0,URBS,502,https://moovitapp.com/index/pt-br/transporte_p%C3%BAblico-line-502_CIRCULAR_SUL_HOR%C3%81RIO-Curitiba-942-9628-294482-0,-1.0,-25.513365,-49.295543,,False,5,,2023-06-15T13:26:45.738979+00:00
CUR_HE615,Curitiba,4106902,0,URBS,502,https://moovitapp.com/index/pt-br/transporte_p%C3%BAblico-line-502_CIRCULAR_SUL_HOR%C3%81RIO-Curitiba-942-9628-294482-0,-1.0,-25.474,-49.269863,,False,4,,2023-06-15T13:26:45.738979+00:00
CUR_GE612,Curitiba,4106902,0,URBS,502,https://moovitapp.com/index/pt-br/transporte_p%C3%BAblico-line-502_CIRCULAR_SUL_HOR%C3%81RIO-Curitiba-942-9628-294482-0,-1.0,-25.484386,-49.245895,,False,4,,2023-06-15T13:26:45.738979+00:00
CUR_HE601,Curitiba,4106902,0,URBS,502,https://moovitapp.com/index/pt-br/transporte_p%C3%BAblico-line-502_CIRCULAR_SUL_HOR%C3%81RIO-Curitiba-942-9628-294482-0,-1.0,-25.474528,-49.25075,,False,4,,2023-06-15T13:26:45.738979+00:00
CUR_GE603,Curitiba,4106902,0,URBS,502,https://moovitapp.com/index/pt-br/transporte_p%C3%BAblico-line-502_CIRCULAR_SUL_HOR%C3%81RIO-Curitiba-942-9628-294482-0,-1.0,-25.482033,-49.292705,,False,4,,2023-06-15T13:26:45.738979+00:00
CUR_HE614,Curitiba,4106902,0,URBS,502,https://moovitapp.com/index/pt-br/transporte_p%C3%BAblico-line-502_CIRCULAR_SUL_HOR%C3%81RIO-Curitiba-942-9628-294482-0,-1.0,-25.533981,-49.283428,,False,4,,2023-06-15T13:26:45.738979+00:00
CUR_HE609,Curitiba,4106902,0,URBS,502,https://moovitapp.com/index/pt-br/transporte_p%C3%BAblico-line-502_CIRCULAR_SUL_HOR%C3%81RIO-Curitiba-942-9628-294482-0,-1.0,-25.531263,-49.255815,,False,4,,2023-06-15T13:26:45.738979+00:00
CUR_JA301,Curitiba,4106902,1,,826,,,-25.483508,-49.350208,,False,3,1,2023-06-15T13:26:45.738979+00:00
CUR_HI008,Curitiba,4106902,1,,826,,,-25.441558,-49.346768,,False,1,2,2023-06-15T13:26:45.738979+00:00
CUR_HI013,Curitiba,4106902,1,,826,,,-25.499445,-49.341795,,False,1,2,2023-06-15T13:26:45.738979+00:00
CUR_HA130,Curitiba,4106902,1,,826,,,-25.539345,-49.30771,,False,1,1,2023-06-15T13:26:45.738979+00:00
CUR_BI866,Curitiba,4106902,1,Auto Viação São José,214,https://moovitapp.com/index/pt-br/transporte_p%C3%BAblico-line-214_PIT_PRA%C3%87A_DA_JUVENTUDE_CRISTAL_BLANCO_POMBO_ANTI_HOR%C3%81RIO-Curitiba-942-857412-119631273-0,-1.0,-25.381308,-49.22009,,False,7,1,2023-06-15T13:26:45.738979+00:00
CUR_GI043,Curitiba,4106902,1,,624,,,-25.520725,-49.270028,,False,1,1,2023-06-15T13:26:45.738979+00:00
CUR_BC001,Curitiba,4106902,1,,207,,,-25.415968,-49.274023,,False,1,1,2023-06-15T13:26:45.738979+00:00
CUR_BC324,Curitiba,4106902,1,,207,,,-25.406288,-49.25237,,False,3,2,2023-06-15T13:26:45.738979+00:00
CUR_BC323,Curitiba,4106902,1,,207,,,-25.425311,-49.273138,,False,3,2,2023-06-15T13:26:45.738979+00:00
CUR_BC310,Curitiba,4106902,1,,207,,,-25.394713,-49.242723,,False,3,1,2023-06-15T13:26:45.738979+00:00
CUR_BC309,Curitiba,4106902,1,,207,,,-25.395055,-49.243081,,False,3,1,2023-06-15T13:26:45.738979+00:00
CUR_HB610,Curitiba,4106902,1,,040,,,-25.449291,-49.351853,,False,4,1,2023-06-15T13:26:45.738979+00:00
CUR_GB610,Curitiba,4106902,1,,040,,,-25.420815,-49.348413,,False,4,1,2023-06-15T13:26:45.738979+00:00
CUR_GB604,Curitiba,4106902,1,,040,,,-25.477186,-49.327541,,False,4,1,2023-06-15T13:26:45.738979+00:00
CUR_JB609,Curitiba,4106902,1,,040,,,-25.51278,-49.330795,,False,4,2,2023-06-15T13:26:45.738979+00:00
CUR_JB610,Curitiba,4106902,1,,040,,,-25.513716,-49.303841,,False,4,1,2023-06-15T13:25:45.738979+00:00
CUR_HB602,Curitiba,4106902,1,,040,,,-25.400571,-49.330661,,False,4,2,2023-06-15T13:26:45.738979+00:00
CUR_JB699,Curitiba,4106902,1,,040,,,-25.511481,-49.324735,,False,4,1,2023-06-15T13:26:45.738979+00:00
CUR_MR106,Curitiba,4106902,1,,040,,,-25.446286,-49.347791,,False,4,2,2023-06-15T13:26:45.738979+00:00
CUR_HB604,Curitiba,4106902,1,,040,,,-25.477456,-49.326596,,False,4,2,2023-06-15T13:25:45.738979+00:00
CUR_HI606,Curitiba,4106902,1,,040,,,-25.425485,-49.352716,,False,4,2,2023-06-15T13:26:45.738979+00:00
CUR_BL605,Curitiba,4106902,0,URBS,022,https://moovitapp.com/index/pt-br/transporte_p%C3%BAblico-line-022_INTER_2_HOR%C3%81RIO-Curitiba-942-9628-381388-0,-1.0,-25.416131,-49.26641,,False,4,,2023-06-15T13:21:45.738979+00:00
CUR_BL607,Curitiba,4106902,0,URBS,022,https://moovitapp.com/index/pt-br/transporte_p%C3%BAblico-line-022_INTER_2_HOR%C3%81RIO-Curitiba-942-9628-381388-0,-1.0,-25.495501,-49.26802,,False,4,,2023-06-15T13:25:45.738979+00:00
CUR_BL336,Curitiba,4106902,0,URBS,022,https://moovitapp.com/index/pt-br/transporte_p%C3%BAblico-line-022_INTER_2_HOR%C3%81RIO-Curitiba-942-9628-381388-0,-1.0,-25.41997,-49.291135,,False,3,,2023-06-15T13:26:45.738979+00:00
CUR_BL602,Curitiba,4106902,0,URBS,022,https://moovitapp.com/index/pt-br/transporte_p%C3%BAblico-line-022_INTER_2_HOR%C3%81RIO-Curitiba-942-9628-381388-0,-1.0,-25.48576,-49.29405,,False,4,,2023-06-15T13:26:45.738979+00:00
CUR_CL698,Curitiba,4106902,0,URBS,022,https://moovitapp.com/index/pt-br/transporte_p%C3%BAblico-line-022_INTER_2_HOR%C3%81RIO-Curitiba-942-9628-381388-0,-1.0,-25.43585,-49.306461,,False,4,,2023-06-15T13:26:45.738979+00:00
CUR_CL601,Curitiba,4106902,0,URBS,022,https://moovitapp.com/index/pt-br/transporte_p%C3%BAblico-line-022_INTER_2_HOR%C3%81RIO-Curitiba-942-9628-381388-0,-1.0,-25.481691,-49.247316,,False,4,,2023-06-15T13:26:45.738979+00:00
CUR_HL322,Curitiba,4106902,0,URBS,022,https://moovitapp.com/index/pt-br/transporte_p%C3%BAblico-line-022_INTER_2_HOR%C3%81RIO-Curitiba-942-9628-381388-0,-1.0,-25.431628,-49.211156,,False,3,,2023-06-15T13:26:45.738979+00:00
CUR_CL602,Curitiba,4106902,0,URBS,022,https://moovitapp.com/index/pt-br/transporte_p%C3%BAblico-line-022_INTER_2_HOR%C3%81RIO-Curitiba-942-9628-381388-0,-1.0,-25.417018,-49.247903,,False,4,,2023-06-15T13:24:45.738979+00:00
CUR_BL329,Curitiba,4106902,0,URBS,022,https://moovitapp.com/index/pt-br/transporte_p%C3%BAblico-line-022_INTER_2_HOR%C3%81RIO-Curitiba-942-9628-381388-0,-1.0,-25.39853,-49.212463,,False,3,,2023-06-15T13:26:45.738979+00:00
CUR_BL600,Curitiba,4106902,0,URBS,022,https://moovitapp.com/index/pt-br/transporte_p%C3%BAblico-line-022_INTER_2_HOR%C3%81RIO-Curitiba-942-9628-381388-0,-1.0,-25.41467,-49.281158,,False,4,,2023-06-15T13:26:45.738979+00:00
CUR_BL307,Curitiba,4106902,0,URBS,022,https://moovitapp.com/index/pt-br/transporte_p%C3%BAblico-line-022_INTER_2_HOR%C3%81RIO-Curitiba-942-9628-381388-0,-1.0,-25.398475,-49.212426,,False,3,,2023-06-15T13:26:45.738979+00:00
CUR_HI022,Curitiba,4106902,1,,772,,,-25.54555,-49.303518,,False,1,1,2023-06-15T13:26:45.738979+00:00
CUR_HI002,Curitiba,4106902,1,,772,,,-25.6244,-49.37,,False,1,1,2023-06-15T13:26:45.738979+00:00
CUR_HA616,Curitiba,4106902,1,,772,,,-25.562191,-49.308311,,False,4,2,2023-06-15T13:26:45.738979+00:00
CUR_HA608,Curitiba,4106902,1,,772,,,-25.538891,-49.308288,,False,4,1,2023-06-15T13:26:45.738979+00:00
CUR_BI030,Curitiba,4106902,1,,812,,,-25.435743,-49.30685,,False,1,2,2023-06-15T13:26:45.738979+00:00
CUR_BI026,Curitiba,4106902,1,,812,,,-25.41308,-49.357575,,False,1,1,2023-06-15T13:26:45.738979+00:00
CUR_MC079,Curitiba,4106902,1,,972,,,-25.422621,-49.283455,,False,1,1,2023-06-15T13:24:45.738979+00:00
CUR_MC077,Curitiba,4106902,1,,972,,,-25.39782,-49.334563,,False,1,2,2023-06-15T13:26:45.738979+00:00
CUR_MC306,Curitiba,4106902,1,,972,,,-25.405493,-49.324221,,False,3,,2023-06-15T13:26:45.738979+00:00
CUR_EA021,Curitiba,4106902,1,,521,,,-25.516545,-49.247571,,False,1,1,2023-06-15T13:26:45.738979+00:00
CUR_EI018,Curitiba,4106902,1,,663,,,-25.479028,-49.28178,,False,1,1,2023-06-15T13:26:45.738979+00:00
CUR_EI013,Curitiba,4106902,1,,663,,,-25.456071,-49.268323,,False,1,2,2023-06-15T13:26:45.738979+00:00
CUR_EI017,Curitiba,4106902,1,,475,,,-25.442163,-49.259823,,False,1,1,2023-06-15T13:26:45.738979+00:00
CUR_EI020,Curitiba,4106902,1,,475,,,-25.488048,-49.230638,,False,1,2,2023-06-15T13:26:45.738979+00:00
CUR_BI022,Curitiba,4106902,1,,225,,,-25.39319,-49.241025,,False,1,1,2023-06-15T13:26:45.738979+00:00
CUR_BB307,Curitiba,4106902,1,,011,,,-25.42921,-49.253878,,False,10,,2023-06-15T13:26:45.738979+00:00
CUR_BB305,Curitiba,4106902,1,,011,,,-25.440735,-49.29024,,False,10,,2023-06-15T13:26:45.738979+00:00
CUR_BI871,Curitiba,4106902,1,,280,,,-25.403613,-49.250808,,False,7,2,2023-06-15T13:26:45.738979+00:00
CUR_BI878,Curitiba,4106902,1,,280,,,-25.397623,-49.250831,,False,7,1,2023-06-15T13:26:45.738979+00:00
CUR_BI007,Curitiba,4106902,1,,374,,,-25.421173,-49.261528,,False,1,2,2023-06-15T13:25:45.738979+00:00
CUR_BI005,Curitiba,4106902,1,,374,,,-25.413113,-49.22908,,False,1,1,2023-06-15T13:26:45.738979+00:00
CUR_BC020,Curitiba,4106902,1,,870,,,-25.431111,-49.324028,,False,1,1,2023-06-15T13:26:45.738979+00:00
CUR_BC008,Curitiba,4106902,1,,870,,,-25.425193,-49.352683,,False,1,2,2023-06-15T13:26:45.738979+00:00
CUR_BC009,Curitiba,4106902,1,,870,,,-25.431563,-49.276235,,False,1,2,2023-06-15T13:26:45.738979+00:00
CUR_GI028,Curitiba,4106902,1,,534,,,-25.516926,-49.230786,,False,1,2,2023-06-15T13:26:45.738979+00:00
CUR_GI025,Curitiba,4106902,1,,534,,,-25.53442,-49.267986,,False,1,2,2023-06-15T13:26:45.738979+00:00
CUR_DC850,Curitiba,4106902,1,,477,,,-25.452303,-49.25377,,False,7,1,2023-06-15T13:26:45.738979+00:00
CUR_EI016,Curitiba,4106902,1,,532,,,-25.52371,-49.233235,,False,1,1,2023-06-15T13:26:45.738979+00:00
CUR_JI864,Curitiba,4106902,1,,760,,,-25.448296,-49.280453,,False,7,1,2023-06-15T13:26:45.738979+00:00
CUR_JI853,Curitiba,4106902,1,,825,,,-25.451501,-49.358225,,False,7,1,2023-06-15T13:26:45.738979+00:00
CUR_DE722,Curitiba,4106902,0,URBS,303,https://moovitapp.com/index/pt-br/transporte_p%C3%BAblico-line-303_CENTEN%C3%81RIO_CAMPO_COMPRIDO-Curitiba-942-9628-531689-0,-1.0,-25.435793,-49.307245,,False,5,1,2023-06-15T13:26:45.738979+00:00
CUR_DE705,Curitiba,4106902,0,URBS,303,https://moovitapp.com/index/pt-br/transporte_p%C3%BAblico-line-303_CENTEN%C3%81RIO_CAMPO_COMPRIDO-Curitiba-942-9628-531689-0,-1.0,-25.431261,-49.29511,,False,5,2,2023-06-15T13:26:45.738979+00:00
CUR_DE711,Curitiba,4106902,0,URBS,303,https://moovitapp.com/index/pt-br/transporte_p%C3%BAblico-line-303_CENTEN%C3%81RIO_CAMPO_COMPRIDO-Curitiba-942-9628-531689-0,-1.0,-25.43128,-49.278736,,False,5,1,2023-06-15T13:26:45.738979+00:00
CUR_JE707,Curitiba,4106902,0,URBS,303,https://moovitapp.com/index/pt-br/transporte_p%C3%BAblico-line-303_CENTEN%C3%81RIO_CAMPO_COMPRIDO-Curitiba-942-9628-531689-0,-1.0,-25.437455,-49.240666,,False,5,2,2023-06-15T13:26:45.738979+00:00
CUR_XY042,Curitiba,4106902,0,URBS,303,https://moovitapp.com/index/pt-br/transporte_p%C3%BAblico-line-303_CENTEN%C3%81RIO_CAMPO_COMPRIDO-Curitiba-942-9628-531689-0,-1.0,-25.430445,-49.292771,,False,4,1,2023-06-15T13:26:45.738979+00:00
CUR_DE703,Curitiba,4106902,0,URBS,303,https://moovitapp.com/index/pt-br/transporte_p%C3%BAblico-line-303_CENTEN%C3%81RIO_CAMPO_COMPRIDO-Curitiba-942-9628-531689-0,-1.0,-25.437026,-49.30948,,False,5,2,2023-06-15T13:26:45.738979+00:00
CUR_JE702,Curitiba,4106902,0,URBS,303,https://moovitapp.com/index/pt-br/transporte_p%C3%BAblico-line-303_CENTEN%C3%81RIO_CAMPO_COMPRIDO-Curitiba-942-9628-531689-0,-1.0,-25.436021,-49.274803,,False,5,2,2023-06-15T13:25:45.738979+00:00
CUR_DE719,Curitiba,4106902,0,URBS,303,https://moovitapp.com/index/pt-br/transporte_p%C3%BAblico-line-303_CENTEN%C3%81RIO_CAMPO_COMPRIDO-Curitiba-942-9628-531689-0,-1.0,-25.439613,-49.237476,,False,5,1,2023-06-15T13:26:45.738979+00:00
CUR_DE700,Curitiba,4106902,0,URBS,303,https://moovitapp.com/index/pt-br/transporte_p%C3%BAblico-line-303_CENTEN%C3%81RIO_CAMPO_COMPRIDO-Curitiba-942-9628-531689-0,-1.0,-25.440288,-49.220853,,False,5,1,2023-06-15T13:26:45.738979+00:00
CUR_JE709,Curitiba,4106902,0,URBS,303,https://moovitapp.com/index/pt-br/transporte_p%C3%BAblico-line-303_CENTEN%C3%81RIO_CAMPO_COMPRIDO-Curitiba-942-9628-531689-0,-1.0,-25.44165,-49.346925,,False,5,2,2023-06-15T13:26:45.738979+00:00
CUR_JE708,Curitiba,4106902,0,URBS,303,https://moovitapp.com/index/pt-br/transporte_p%C3%BAblico-line-303_CENTEN%C3%81RIO_CAMPO_COMPRIDO-Curitiba-942-9628-531689-0,-1.0,-25.441545,-49.34621,,False,5,1,2023-06-15T13:26:45.738979+00:00
CUR_DE708,Curitiba,4106902,0,URBS,303,https://moovitapp.com/index/pt-br/transporte_p%C3%BAblico-line-303_CENTEN%C3%81RIO_CAMPO_COMPRIDO-Curitiba-942-9628-531689-0,-1.0,-25.438848,-49.224281,,False,5,2,2023-06-15T13:26:45.738979+00:00
CUR_DE715,Curitiba,4106902,0,URBS,303,https://moovitapp.com/index/pt-br/transporte_p%C3%BAblico-line-303_CENTEN%C3%81RIO_CAMPO_COMPRIDO-Curitiba-942-9628-531689-0,-1.0,-25.437875,-49.267521,,False,5,2,2023-06-15T13:25:45.738979+00:00
CUR_JE705,Curitiba,4106902,0,URBS,303,https://moovitapp.com/index/pt-br/transporte_p%C3%BAblico-line-303_CENTEN%C3%81RIO_CAMPO_COMPRIDO-Curitiba-942-9628-531689-0,-1.0,-25.435735,-49.274455,,False,5,1,2023-06-15T13:25:45.738979+00:00
CUR_JE706,Curitiba,4106902,0,URBS,303,https://moovitapp.com/index/pt-br/transporte_p%C3%BAblico-line-303_CENTEN%C3%81RIO_CAMPO_COMPRIDO-Curitiba-942-9628-531689-0,-1.0,-25.435673,-49.260165,,False,5,1,2023-06-15T13:26:45.738979+00:00
CUR_JE710,Curitiba,4106902,0,URBS,303,https://moovitapp.com/index/pt-br/transporte_p%C3%BAblico-line-303_CENTEN%C3%81RIO_CAMPO_COMPRIDO-Curitiba-942-9628-531689-0,-1.0,-25.464955,-49.20991,,False,5,1,2023-06-15T13:26:45.738979+00:00
CUR_EI010,Curitiba,4106902,1,Auto Viação São José,515,https://moovitapp.com/index/pt-br/transporte_p%C3%BAblico-line-515_%E2%9C%88_AEROPORTO_1_SHOPPING_S%C3%83O_JOS%C3%89-Curitiba-942-857412-67925719-0,-1.0,-25.510583,-49.221981,,False,1,2,2023-06-15T13:26:45.738979+00:00
CUR_EI009,Curitiba,4106902,1,Auto Viação São José,515,https://moovitapp.com/index/pt-br/transporte_p%C3%BAblico-line-515_%E2%9C%88_AEROPORTO_1_SHOPPING_S%C3%83O_JOS%C3%89-Curitiba-942-857412-67925719-0,-1.0,-25.48183,-49.246745,,False,1,2,2023-06-15T13:26:45.738979+00:00
CUR_EI003,Curitiba,4106902,1,Auto Viação São José,515,https://moovitapp.com/index/pt-br/transporte_p%C3%BAblico-line-515_%E2%9C%88_AEROPORTO_1_SHOPPING_S%C3%83O_JOS%C3%89-Curitiba-942-857412-67925719-0,-1.0,-25.509346,-49.222608,,False,1,1,2023-06-15T13:26:45.738979+00:00
CUR_KI601,Curitiba,4106902,1,,629,,,-25.51824,-49.255436,,False,4,2,2023-06-15T13:26:45.738979+00:00
CUR_KI600,Curitiba,4106902,1,,629,,,-25.491938,-49.293385,,False,4,1,2023-06-15T13:26:45.738979+00:00
CUR_KA605,Curitiba,4106902,1,,629,,,-25.530886,-49.244543,,False,4,1,2023-06-15T13:26:45.738979+00:00
CUR_BB614,Curitiba,4106902,1,,021,,,-25.459235,-49.302526,,False,4,,2023-06-15T13:26:45.738979+00:00
CUR_EB600,Curitiba,4106902,1,,021,,,-25.429768,-49.215093,,False,4,,2023-06-15T13:26:45.738979+00:00
CUR_XY043,Curitiba,4106902,0,,021,,,-25.49253,-49.293251,,False,3,,2023-06-15T13:26:45.738979+00:00
CUR_GB601,Curitiba,4106902,1,,021,,,-25.493648,-49.286828,,False,4,,2023-06-15T13:26:45.738979+00:00
CUR_BB610,Curitiba,4106902,1,,021,,,-25.480681,-49.24632,,False,4,,2023-06-15T13:26:45.738979+00:00
CUR_CB604,Curitiba,4106902,1,,021,,,-25.421811,-49.291638,,False,4,,2023-06-15T13:24:45.738979+00:00
CUR_BI859,Curitiba,4106902,1,,175,,,-25.423398,-49.27523,,False,7,2,2023-06-15T13:26:45.738979+00:00
CUR_BI851,Curitiba,4106902,1,,175,,,-25.414598,-49.280426,,False,7,1,2023-06-15T13:26:45.738979+00:00
CUR_BA024,Curitiba,4106902,1,,342,,,-25.413173,-49.205586,,False,1,1,2023-06-15T13:22:45.738979+00:00
CUR_BI012,Curitiba,4106902,1,,342,,,-25.398943,-49.236575,,False,1,2,2023-06-15T13:26:45.738979+00:00
CUR_BC007,Curitiba,4106902,1,,168,,,-25.369091,-49.324208,,False,1,1,2023-06-15T13:26:45.738979+00:00
CUR_BC006,Curitiba,4106902,1,,168,,,-25.422275,-49.28479,,False,1,2,2023-06-15T13:26:45.738979+00:00
CUR_GI037,Curitiba,4106902,1,,643,,,-25.560848,-49.292711,,False,1,2,2023-06-15T13:25:45.738979+00:00
CUR_GI033,Curitiba,4106902,1,,643,,,-25.512958,-49.294768,,False,1,1,2023-06-15T13:26:45.738979+00:00
CUR_BB602,Curitiba,4106902,1,,030,,,-25.50248,-49.290641,,False,4,1,2023-06-15T13:26:45.738979+00:00
CUR_GB606,Curitiba,4106902,1,,030,,,-25.482741,-49.217288,,False,4,2,2023-06-15T13:26:45.738979+00:00
CUR_BB608,Curitiba,4106902,1,,030,,,-25.494778,-49.233906,,False,4,1,2023-06-15T13:26:45.738979+00:00
CUR_GB612,Curitiba,4106902,1,,030,,,-25.412805,-49.205085,,False,4,1,2023-06-15T13:26:45.738979+00:00
CUR_CB602,Curitiba,4106902,1,,030,,,-25.511988,-49.258973,,False,4,2,2023-06-15T13:26:45.738979+00:00
CUR_EB609,Curitiba,4106902,1,,030,,,-25.45153,-49.214973,,False,4,1,2023-06-15T13:24:45.738979+00:00
CUR_KB602,Curitiba,4106902,1,,030,,,-25.391685,-49.210975,,False,4,2,2023-06-15T13:26:45.738979+00:00
CUR_BB611,Curitiba,4106902,1,,030,,,-25.44439,-49.206513,,False,4,2,2023-06-15T13:26:45.738979+00:00
CUR_GI018,Curitiba,4106902,1,,625,,,-25.510656,-49.276396,,False,1,1,2023-06-15T13:26:45.738979+00:00
CUR_GI040,Curitiba,4106902,1,,625,,,-25.507025,-49.285115,,False,1,2,2023-06-15T13:26:45.738979+00:00
CUR_GI044,Curitiba,4106902,1,,625,,,-25.534493,-49.268406,,False,1,2,2023-06-15T13:26:45.738979+00:00
CUR_BB604,Curitiba,4106902,1,,020,,,-25.391181,-49.256651,,False,4,,2023-06-15T13:26:45.738979+00:00
CUR_HB611,Curitiba,4106902,1,,020,,,-25.492528,-49.291718,,False,4,,2023-06-15T13:26:45.738979+00:00
CUR_BB613,Curitiba,4106902,1,,020,,,-25.475951,-49.240063,,False,4,,2023-06-15T13:26:45.738979+00:00
CUR_CB603,Curitiba,4106902,1,,020,,,-25.440303,-49.22117,,False,4,,2023-06-15T13:26:45.738979+00:00
CUR_EB601,Curitiba,4106902,1,,020,,,-25.421373,-49.291511,,False,4,,2023-06-15T13:26:45.738979+00:00
CUR_EB606,Curitiba,4106902,1,,020,,,-25.455515,-49.303353,,False,4,,2023-06-15T13:26:45.738979+00:00
CUR_KB606,Curitiba,4106902,1,,020,,,-25.415025,-49.247708,,False,4,,2023-06-15T13:26:45.738979+00:00
CUR_DA294,Curitiba,4106902,1,,513,,,-25.496055,-49.259083,,False,1,2,2023-06-15T13:26:45.738979+00:00
CUR_DA300,Curitiba,4106902,1,,513,,,-25.504735,-49.255871,,False,3,1,2023-06-15T13:26:45.738979+00:00
CUR_DC851,Curitiba,4106902,1,,461,,,-25.433476,-49.265291,,False,7,2,2023-06-15T13:26:45.738979+00:00
CUR_MI854,Curitiba,4106902,1,,911,,,-25.400256,-49.335705,,False,7,2,2023-06-15T13:26:45.738979+00:00
CUR_JI023,Curitiba,4106902,1,,721,,,-25.503098,-49.34289,,False,1,2,2023-06-15T13:26:45.738979+00:00
CUR_EI006,Curitiba,4106902,1,,X07,,,-25.546166,-49.263413,,False,1,2,2023-06-15T13:26:45.738979+00:00
CUR_EA005,Curitiba,4106902,1,,X07,,,-25.539031,-49.271761,,False,1,1,2023-06-15T13:26:45.738979+00:00
CUR_EI007,Curitiba,4106902,1,,522,,,-25.512045,-49.259098,,False,1,2,2023-06-15T13:26:45.738979+00:00
CUR_EI014,Curitiba,4106902,1,,533,,,-25.518608,-49.231691,,False,1,,2023-06-15T13:25:45.738979+00:00
CUR_EI002,Curitiba,4106902,1,,523,,,-25.50308,-49.225776,,False,1,2,2023-06-15T13:26:45.738979+00:00
CUR_HI009,Curitiba,4106902,1,,828,,,-25.457846,-49.347123,,False,1,2,2023-06-15T13:26:45.738979+00:00
CUR_JI013,Curitiba,4106902,1,,828,,,-25.492531,-49.295255,,False,1,2,2023-06-15T13:26:45.738979+00:00
CUR_JI014,Curitiba,4106902,1,,828,,,-25.461963,-49.327096,,False,1,1,2023-06-15T13:26:45.738979+00:00
CUR_KA604,Curitiba,4106902,1,,545,,,-25.53264,-49.262476,,False,4,2,2023-06-15T13:26:45.738979+00:00
CUR_GI603,Curitiba,4106902,1,,545,,,-25.477241,-49.327163,,False,4,2,2023-06-15T13:26:45.738979+00:00
CUR_JI600,Curitiba,4106902,1,,545,,,-25.534363,-49.268126,,False,4,1,2023-06-15T13:26:45.738979+00:00
CUR_KA602,Curitiba,4106902,1,,545,,,-25.534463,-49.318065,,False,4,2,2023-06-15T13:26:45.738979+00:00
CUR_KA600,Curitiba,4106902,1,,545,,,-25.536756,-49.31514,,False,4,1,2023-06-15T13:26:45.738979+00:00
CUR_JI006,Curitiba,4106902,1,,611,,,-25.472865,-49.295605,,False,1,1,2023-06-15T13:26:45.738979+00:00
CUR_JI011,Curitiba,4106902,1,,611,,,-25.47607,-49.319313,,False,1,2,2023-06-15T13:26:45.738979+00:00
CUR_JI866,Curitiba,4106902,1,,862,,,-25.436476,-49.272871,,False,7,1,2023-06-15T13:26:45.738979+00:00
CUR_JI017,Curitiba,4106902,1,,777,,,-25.46095,-49.329726,,False,1,1,2023-06-15T13:26:45.738979+00:00
CUR_JI012,Curitiba,4106902,1,,777,,,-25.441946,-49.26877,,False,1,2,2023-06-15T13:26:45.738979+00:00
CUR_BI888,Curitiba,4106902,1,,274,,,-25.367061,-49.259875,,False,7,2,2023-06-15T13:26:45.738979+00:00
CUR_BI863,Curitiba,4106902,1,,274,,,-25.420153,-49.269163,,False,7,1,2023-06-15T13:26:45.738979+00:00
CUR_BA010,Curitiba,4106902,1,,817,,,-25.410898,-49.333366,,False,1,1,2023-06-15T13:26:45.738979+00:00
CUR_MI001,Curitiba,4106902,1,,817,,,-25.427351,-49.327483,,False,1,2,2023-06-15T13:26:45.738979+00:00
CUR_BC315,Curitiba,4106902,1,,371,,,-25.413598,-49.209805,,False,10,2,2023-06-15T13:26:45.738979+00:00
CUR_BC313,Curitiba,4106902,1,,371,,,-25.428305,-49.266605,,False,10,1,2023-06-15T13:26:45.738979+00:00
CUR_GE607,Curitiba,4106902,0,URBS,350,https://moovitapp.com/index/pt-br/transporte_p%C3%BAblico-line-350_FAGUNDES_VARELA_PINHEIRINHO-Curitiba-942-9628-52482798-0,-1.0,-25.472706,-49.256841,,False,4,2,2023-06-15T13:23:45.738979+00:00
CUR_HE700,Curitiba,4106902,0,URBS,350,https://moovitapp.com/index/pt-br/transporte_p%C3%BAblico-line-350_FAGUNDES_VARELA_PINHEIRINHO-Curitiba-942-9628-52482798-0,-1.0,-25.409906,-49.220176,,False,5,1,2023-06-15T13:26:45.738979+00:00
CUR_BE707,Curitiba,4106902,0,URBS,350,https://moovitapp.com/index/pt-br/transporte_p%C3%BAblico-line-350_FAGUNDES_VARELA_PINHEIRINHO-Curitiba-942-9628-52482798-0,-1.0,-25.505828,-49.283578,,False,5,1,2023-06-15T13:26:45.738979+00:00
CUR_BI874,Curitiba,4106902,1,,224,,,-25.393308,-49.240835,,False,7,,2023-06-15T13:26:45.738979+00:00
CUR_BI882,Curitiba,4106902,1,Auto Viação São José,213,https://moovitapp.com/index/pt-br/transporte_p%C3%BAblico-line-213_PIT_PRA%C3%87A_DA_JUVENTUDE_CRISTAL_BLANCO_POMBO_HOR%C3%81RIO-Curitiba-942-857412-119631272-0,-1.0,-25.392188,-49.214736,,False,7,1,2023-06-15T13:26:45.738979+00:00
CUR_CA600,Curitiba,4106902,1,Auto Viação São José,216,https://moovitapp.com/index/pt-br/transporte_p%C3%BAblico-line-216_PIT_PRA%C3%87A_DA_JUVENTUDE_SANTA_F%C3%89_PINDORAMA-Curitiba-942-857412-122004458-0,-1.0,-25.432013,-49.240553,,False,4,1,2023-06-15T13:23:45.738979+00:00
CUR_BA603,Curitiba,4106902,1,Auto Viação São José,216,https://moovitapp.com/index/pt-br/transporte_p%C3%BAblico-line-216_PIT_PRA%C3%87A_DA_JUVENTUDE_SANTA_F%C3%89_PINDORAMA-Curitiba-942-857412-122004458-0,-1.0,-25.450531,-49.26168,,False,4,2,2023-06-15T13:21:45.738979+00:00
CUR_HI609,Curitiba,4106902,1,Auto Viação São José,216,https://moovitapp.com/index/pt-br/transporte_p%C3%BAblico-line-216_PIT_PRA%C3%87A_DA_JUVENTUDE_SANTA_F%C3%89_PINDORAMA-Curitiba-942-857412-122004458-0,-1.0,-25.47605,-49.292423,,False,4,1,2023-06-15T13:26:45.738979+00:00
CUR_CA603,Curitiba,4106902,1,Auto Viação São José,216,https://moovitapp.com/index/pt-br/transporte_p%C3%BAblico-line-216_PIT_PRA%C3%87A_DA_JUVENTUDE_SANTA_F%C3%89_PINDORAMA-Curitiba-942-857412-122004458-0,-1.0,-25.406795,-49.252541,,False,4,2,2023-06-15T13:26:45.738979+00:00
CUR_GI050,Curitiba,4106902,1,,641,,,-25.512876,-49.294718,,False,1,1,2023-06-15T13:25:45.738979+00:00
CUR_CI006,Curitiba,4106902,1,,341,,,-25.393868,-49.206488,,False,1,1,2023-06-15T13:26:45.738979+00:00
CUR_CI003,Curitiba,4106902,1,,341,,,-25.396863,-49.208531,,False,1,2,2023-06-15T13:26:45.738979+00:00
CUR_HC304,Curitiba,4106902,1,,380,,,-25.431428,-49.277465,,False,10,2,2023-06-15T13:26:45.738979+00:00
CUR_CI005,Curitiba,4106902,1,,380,,,-25.433846,-49.212295,,False,1,1,2023-06-15T13:26:45.738979+00:00
CUR_CC302,Curitiba,4106902,1,,380,,,-25.433276,-49.280578,,False,10,1,2023-06-15T13:26:45.738979+00:00
CUR_DC854,Curitiba,4106902,1,,387,,,-25.443776,-49.22979,,False,7,1,2023-06-15T13:26:45.738979+00:00
CUR_EI011,Curitiba,4106902,1,,X03,,,-25.516265,-49.23107,,False,1,1,2023-06-15T13:26:45.738979+00:00
CUR_JI005,Curitiba,4106902,1,,718,,,-25.477098,-49.335958,,False,1,,2023-06-15T13:26:45.738979+00:00
CUR_JA030,Curitiba,4106902,1,,714,,,-25.483771,-49.350103,,False,1,,2023-06-15T13:26:45.738979+00:00
CUR_EL329,Curitiba,4106902,1,URBS,506,https://moovitapp.com/index/pt-br/transporte_p%C3%BAblico-line-506_BAIRRO_NOVO-Curitiba-942-9628-294299-0,-1.0,-25.493446,-49.273455,,False,3,2,2023-06-15T13:26:45.738979+00:00
CUR_GL302,Curitiba,4106902,0,URBS,506,https://moovitapp.com/index/pt-br/transporte_p%C3%BAblico-line-506_BAIRRO_NOVO-Curitiba-942-9628-294299-0,-1.0,-25.438848,-49.270063,,False,3,2,2023-06-15T13:26:45.738979+00:00
CUR_EL318,Curitiba,4106902,1,URBS,506,https://moovitapp.com/index/pt-br/transporte_p%C3%BAblico-line-506_BAIRRO_NOVO-Curitiba-942-9628-294299-0,-1.0,-25.458006,-49.268443,,False,3,1,2023-06-15T13:26:45.738979+00:00
CUR_EL328,Curitiba,4106902,1,URBS,506,https://moovitapp.com/index/pt-br/transporte_p%C3%BAblico-line-506_BAIRRO_NOVO-Curitiba-942-9628-294299-0,-1.0,-25.523701,-49.269741,,False,3,1,2023-06-15T13:26:45.738979+00:00
CUR_EL327,Curitiba,4106902,1,URBS,506,https://moovitapp.com/index/pt-br/transporte_p%C3%BAblico-line-506_BAIRRO_NOVO-Curitiba-942-9628-294299-0,-1.0,-25.53462,-49.268603,,False,3,2,2023-06-15T13:26:45.738979+00:00
CUR_GL308,Curitiba,4106902,0,URBS,506,https://moovitapp.com/index/pt-br/transporte_p%C3%BAblico-line-506_BAIRRO_NOVO-Curitiba-942-9628-294299-0,-1.0,-25.547563,-49.260341,,False,3,1,2023-06-15T13:26:45.738979+00:00
CUR_JI860,Curitiba,4106902,1,,779,,,-25.460545,-49.315051,,False,7,1,2023-06-15T13:26:45.738979+00:00
CUR_KI002,Curitiba,4106902,1,,472,,,-25.492003,-49.221185,,False,1,1,2023-06-15T13:26:45.738979+00:00
CUR_BI018,Curitiba,4106902,1,,232,,,-25.377378,-49.224611,,False,1,1,2023-06-15T13:26:45.738979+00:00
CUR_BI017,Curitiba,4106902,1,,232,,,-25.356135,-49.234953,,False,1,2,2023-06-15T13:26:45.738979+00:00
CUR_JA035,Curitiba,4106902,1,,860,,,-25.449013,-49.332578,,False,1,2,2023-06-15T13:26:45.738979+00:00
CUR_JI018,Curitiba,4106902,1,,860,,,-25.464045,-49.340125,,False,1,2,2023-06-15T13:26:45.738979+00:00
CUR_JA032,Curitiba,4106902,1,,860,,,-25.449366,-49.326091,,False,1,1,2023-06-15T13:19:45.738979+00:00
CUR_JC303,Curitiba,4106902,1,,778,,,-25.438611,-49.270163,,False,3,2,2023-06-15T13:26:45.738979+00:00
CUR_JC300,Curitiba,4106902,1,,778,,,-25.461705,-49.330256,,False,3,2,2023-06-15T13:26:45.738979+00:00
CUR_BI879,Curitiba,4106902,1,,311,,,-25.433683,-49.204166,,False,7,2,2023-06-15T13:26:45.738979+00:00
CUR_BC314,Curitiba,4106902,1,,372,,,-25.42633,-49.259121,,False,10,1,2023-06-15T13:25:45.738979+00:00
CUR_CC301,Curitiba,4106902,1,,372,,,-25.418703,-49.200746,,False,10,2,2023-06-15T13:25:45.738979+00:00
CUR_BI029,Curitiba,4106902,1,,372,,,-25.427941,-49.24733,,False,1,2,2023-06-15T13:26:45.738979+00:00
CUR_BC015,Curitiba,4106902,1,,372,,,-25.43009,-49.212998,,False,1,1,2023-06-15T13:26:45.738979+00:00
CUR_BC927,Curitiba,4106902,1,,260,,,-25.409636,-49.266106,,False,7,1,2023-06-15T13:26:45.738979+00:00
CUR_GE601,Curitiba,4106902,0,URBS,602,https://moovitapp.com/index/pt-br/transporte_p%C3%BAblico-line-602_CIRCULAR_SUL_ANTI_HOR%C3%81RIO-Curitiba-942-9628-294517-0,-1.0,-25.512363,-49.295656,,False,4,,2023-06-15T13:26:45.738979+00:00
CUR_GE604,Curitiba,4106902,0,URBS,602,https://moovitapp.com/index/pt-br/transporte_p%C3%BAblico-line-602_CIRCULAR_SUL_ANTI_HOR%C3%81RIO-Curitiba-942-9628-294517-0,-1.0,-25.470726,-49.252495,,False,4,,2023-06-15T13:25:45.738979+00:00
CUR_HE604,Curitiba,4106902,0,URBS,602,https://moovitapp.com/index/pt-br/transporte_p%C3%BAblico-line-602_CIRCULAR_SUL_ANTI_HOR%C3%81RIO-Curitiba-942-9628-294517-0,-1.0,-25.51141,-49.232748,,False,4,,2023-06-15T13:25:45.738979+00:00
CUR_HE607,Curitiba,4106902,0,URBS,602,https://moovitapp.com/index/pt-br/transporte_p%C3%BAblico-line-602_CIRCULAR_SUL_ANTI_HOR%C3%81RIO-Curitiba-942-9628-294517-0,-1.0,-25.527708,-49.240571,,False,4,,2023-06-15T13:26:45.738979+00:00
CUR_HE605,Curitiba,4106902,0,URBS,602,https://moovitapp.com/index/pt-br/transporte_p%C3%BAblico-line-602_CIRCULAR_SUL_ANTI_HOR%C3%81RIO-Curitiba-942-9628-294517-0,-1.0,-25.485896,-49.294175,,False,4,,2023-06-15T13:26:45.738979+00:00
CUR_HE603,Curitiba,4106902,0,URBS,602,https://moovitapp.com/index/pt-br/transporte_p%C3%BAblico-line-602_CIRCULAR_SUL_ANTI_HOR%C3%81RIO-Curitiba-942-9628-294517-0,-1.0,-25.53441,-49.268465,,False,4,,2023-06-15T13:26:45.738979+00:00
CUR_HE611,Curitiba,4106902,0,URBS,602,https://moovitapp.com/index/pt-br/transporte_p%C3%BAblico-line-602_CIRCULAR_SUL_ANTI_HOR%C3%81RIO-Curitiba-942-9628-294517-0,-1.0,-25.477548,-49.285101,,False,4,,2023-06-15T13:26:45.738979+00:00
CUR_EA012,Curitiba,4106902,1,,528,,,-25.540888,-49.294543,,False,1,2,2023-06-15T13:26:45.738979+00:00
CUR_GI047,Curitiba,4106902,1,,528,,,-25.534266,-49.245526,,False,1,1,2023-06-15T13:26:45.738979+00:00
CUR_MA949,Curitiba,4106902,1,,967,,,-25.419648,-49.292958,,False,7,1,2023-06-15T13:26:45.738979+00:00
CUR_MN611,Curitiba,4106902,1,,967,,,-25.41049,-49.298903,,False,7,1,2023-06-15T13:26:45.738979+00:00
CUR_DA033,Curitiba,4106902,1,,621,,,-25.477485,-49.265981,,False,1,1,2023-06-15T13:26:45.738979+00:00
CUR_DA029,Curitiba,4106902,1,,621,,,-25.4813,-49.248208,,False,1,2,2023-06-15T13:26:45.738979+00:00
CUR_DA291,Curitiba,4106902,1,,621,,,-25.492165,-49.293208,,False,1,1,2023-06-15T13:26:45.738979+00:00
CUR_MI855,Curitiba,4106902,1,,912,,,-25.40042,-49.330811,,False,7,1,2023-06-15T13:26:45.738979+00:00
CUR_MI851,Curitiba,4106902,1,Auto Viação São José,150,https://moovitapp.com/index/pt-br/transporte_p%C3%BAblico-line-150_T_AFONSO_PENA_PIT_BORDA_DO_CAMPO-Curitiba-942-857412-53904521-0,-1.0,-25.42032,-49.28138,,False,7,1,2023-06-15T13:26:45.738979+00:00
CUR_EI015,Curitiba,4106902,1,,511,,,-25.502193,-49.252175,,False,1,1,2023-06-15T13:26:45.738979+00:00
CUR_EI019,Curitiba,4106902,1,,511,,,-25.485963,-49.2534,,False,1,2,2023-06-15T13:26:45.738979+00:00
CUR_EA023,Curitiba,4106902,1,Auto Viação São José,531,https://moovitapp.com/index/pt-br/transporte_p%C3%BAblico-line-531_BAIRRO_A_BAIRRO_1-Curitiba-942-857412-1570571-0,-1.0,-25.525088,-49.249786,,False,1,2,2023-06-15T13:26:45.738979+00:00
CUR_EA024,Curitiba,4106902,1,Auto Viação São José,531,https://moovitapp.com/index/pt-br/transporte_p%C3%BAblico-line-531_BAIRRO_A_BAIRRO_1-Curitiba-942-857412-1570571-0,-1.0,-25.535725,-49.244821,,False,1,1,2023-06-15T13:26:45.738979+00:00
CUR_EL331,Curitiba,4106902,1,URBS,505,https://moovitapp.com/index/pt-br/transporte_p%C3%BAblico-line-505_BOQUEIR%C3%83O_CENTRO_C%C3%8DVICO-Curitiba-942-9628-531685-0,-1.0,-25.426936,-49.26476,,False,3,1,2023-06-15T13:26:45.738979+00:00
CUR_EL320,Curitiba,4106902,1,URBS,505,https://moovitapp.com/index/pt-br/transporte_p%C3%BAblico-line-505_BOQUEIR%C3%83O_CENTRO_C%C3%8DVICO-Curitiba-942-9628-531685-0,-1.0,-25.516211,-49.230866,,False,3,1,2023-06-15T13:26:45.738979+00:00
CUR_BL311,Curitiba,4106902,0,URBS,505,https://moovitapp.com/index/pt-br/transporte_p%C3%BAblico-line-505_BOQUEIR%C3%83O_CENTRO_C%C3%8DVICO-Curitiba-942-9628-531685-0,-1.0,-25.415086,-49.266216,,False,3,1,2023-06-15T13:23:45.738979+00:00
CUR_EL321,Curitiba,4106902,1,URBS,505,https://moovitapp.com/index/pt-br/transporte_p%C3%BAblico-line-505_BOQUEIR%C3%83O_CENTRO_C%C3%8DVICO-Curitiba-942-9628-531685-0,-1.0,-25.484815,-49.245686,,False,3,2,2023-06-15T13:26:45.738979+00:00
CUR_EL330,Curitiba,4106902,1,URBS,505,https://moovitapp.com/index/pt-br/transporte_p%C3%BAblico-line-505_BOQUEIR%C3%83O_CENTRO_C%C3%8DVICO-Curitiba-942-9628-531685-0,-1.0,-25.432343,-49.265545,,False,3,2,2023-06-15T13:26:45.738979+00:00
CUR_EL324,Curitiba,4106902,1,URBS,505,https://moovitapp.com/index/pt-br/transporte_p%C3%BAblico-line-505_BOQUEIR%C3%83O_CENTRO_C%C3%8DVICO-Curitiba-942-9628-531685-0,-1.0,-25.45805,-49.255041,,False,3,1,2023-06-15T13:26:45.738979+00:00
CUR_BL302,Curitiba,4106902,0,URBS,505,https://moovitapp.com/index/pt-br/transporte_p%C3%BAblico-line-505_BOQUEIR%C3%83O_CENTRO_C%C3%8DVICO-Curitiba-942-9628-531685-0,-1.0,-25.414946,-49.280948,,False,3,1,2023-06-15T13:26:45.738979+00:00
CUR_BA032,Curitiba,4106902,1,,233,,,-25.376933,-49.223858,,False,1,,2023-06-15T13:26:45.738979+00:00
CUR_BA025,Curitiba,4106902,1,,233,,,-25.394645,-49.242735,,False,1,,2023-06-15T13:26:45.738979+00:00
CUR_BA017,Curitiba,4106902,1,,822,,,-25.437876,-49.36323,,False,1,2,2023-06-15T13:26:45.738979+00:00
CUR_BA011,Curitiba,4106902,1,,822,,,-25.441713,-49.346475,,False,1,1,2023-06-15T13:26:45.738979+00:00
CUR_GI015,Curitiba,4106902,1,,541,,,-25.543946,-49.260723,,False,1,1,2023-06-15T13:26:45.738979+00:00
CUR_GI023,Curitiba,4106902,1,,541,,,-25.544968,-49.258966,,False,1,2,2023-06-15T13:26:45.738979+00:00
CUR_GI002,Curitiba,4106902,1,,553,,,-25.549873,-49.256483,,False,1,2,2023-06-15T13:25:45.738979+00:00
CUR_GI013,Curitiba,4106902,1,,553,,,-25.543085,-49.268468,,False,1,1,2023-06-15T13:26:45.738979+00:00
CUR_GI005,Curitiba,4106902,1,,553,,,-25.55902,-49.258448,,False,1,2,2023-06-15T13:26:45.738979+00:00
CUR_GA002,Curitiba,4106902,1,,631,,,-25.513566,-49.295583,,False,1,,2023-06-15T13:25:45.738979+00:00
CUR_GC001,Curitiba,4106902,1,,635,,,-25.526705,-49.293496,,False,1,2,2023-06-15T13:26:45.738979+00:00
CUR_DC292,Curitiba,4106902,1,,336,,,-25.46722,-49.196906,,False,1,1,2023-06-15T13:26:45.738979+00:00
CUR_JI004,Curitiba,4106902,1,,719,,,-25.483831,-49.350291,,False,1,2,2023-06-15T13:26:45.738979+00:00
CUR_JI015,Curitiba,4106902,1,,719,,,-25.48376,-49.350116,,False,1,1,2023-06-15T13:26:45.738979+00:00
CUR_JI865,Curitiba,4106902,1,,713,,,-25.491185,-49.328448,,False,7,1,2023-06-15T13:26:45.738979+00:00
CUR_JI948,Curitiba,4106902,1,,861,,,-25.457253,-49.335346,,False,7,2,2023-06-15T13:26:45.738979+00:00
CUR_BC280,Curitiba,4106902,1,,231,,,-25.3768,-49.22361,,False,1,1,2023-06-15T13:25:45.738979+00:00
CUR_BI010,Curitiba,4106902,1,,231,,,-25.39516,-49.24251,,False,1,1,2023-06-15T13:26:45.738979+00:00
CUR_BC019,Curitiba,4106902,1,,876,,,-25.427643,-49.297128,,False,1,1,2023-06-15T13:26:45.738979+00:00
CUR_BC021,Curitiba,4106902,1,,876,,,-25.433423,-49.29171,,False,1,1,2023-06-15T13:26:45.738979+00:00
CUR_BC022,Curitiba,4106902,1,,876,,,-25.409063,-49.360813,,False,1,2,2023-06-15T13:26:45.738979+00:00
CUR_BI862,Curitiba,4106902,1,,244,,,-25.374058,-49.255948,,False,7,2,2023-06-15T13:26:45.738979+00:00
CUR_GI038,Curitiba,4106902,1,,633,,,-25.523333,-49.285645,,False,1,2,2023-06-15T13:26:45.738979+00:00
CUR_GI039,Curitiba,4106902,1,,633,,,-25.52755,-49.271876,,False,1,1,2023-06-15T13:26:45.738979+00:00
CUR_GI857,Curitiba,4106902,1,,616,,,-25.468233,-49.265825,,False,7,1,2023-06-15T13:25:45.738979+00:00
CUR_GI852,Curitiba,4106902,1,,616,,,-25.479043,-49.274985,,False,7,1,2023-06-15T13:26:45.738979+00:00
CUR_BC029,Curitiba,4106902,1,,170,,,-25.384588,-49.285081,,False,1,1,2023-06-15T13:26:45.738979+00:00
CUR_BC321,Curitiba,4106902,1,,170,,,-25.423381,-49.27564,,False,3,2,2023-06-15T13:26:45.738979+00:00
CUR_BC300,Curitiba,4106902,1,,170,,,-25.414698,-49.281208,,False,3,1,2023-06-15T13:26:45.738979+00:00
CUR_BA013,Curitiba,4106902,1,,160,,,-25.452056,-49.271518,,False,1,2,2023-06-15T13:26:45.738979+00:00
CUR_BC025,Curitiba,4106902,1,,160,,,-25.409191,-49.291523,,False,1,1,2023-06-15T13:26:45.738979+00:00
CUR_GI010,Curitiba,4106902,1,,639,,,-25.533425,-49.296646,,False,1,2,2023-06-15T13:26:45.738979+00:00
CUR_GI045,Curitiba,4106902,1,,639,,,-25.561498,-49.283461,,False,1,1,2023-06-15T13:26:45.738979+00:00
CUR_BI897,Curitiba,4106902,1,,176,,,-25.377171,-49.281313,,False,7,2,2023-06-15T13:26:45.738979+00:00
CUR_BC002,Curitiba,4106902,1,,183,,,-25.365946,-49.272108,,False,1,1,2023-06-15T13:26:45.738979+00:00
CUR_BI893,Curitiba,4106902,1,,266,,,-25.403141,-49.265055,,False,7,1,2023-06-15T13:26:45.738979+00:00
CUR_BI889,Curitiba,4106902,1,,266,,,-25.394731,-49.242806,,False,7,1,2023-06-15T13:26:45.738979+00:00
CUR_BA031,Curitiba,4106902,1,,375,,,-25.416921,-49.213801,,False,1,2,2023-06-15T13:26:45.738979+00:00
CUR_BC014,Curitiba,4106902,1,,375,,,-25.414948,-49.281233,,False,1,1,2023-06-15T13:26:45.738979+00:00
CUR_DL308,Curitiba,4106902,0,URBS,305,https://moovitapp.com/index/pt-br/transporte_p%C3%BAblico-line-305_CENTEN%C3%81RIO-Curitiba-942-9628-294271-0,-1.0,-25.429971,-49.262883,,False,3,1,2023-06-15T13:26:45.738979+00:00
CUR_DL309,Curitiba,4106902,0,URBS,305,https://moovitapp.com/index/pt-br/transporte_p%C3%BAblico-line-305_CENTEN%C3%81RIO-Curitiba-942-9628-294271-0,-1.0,-25.46752,-49.254986,,False,3,,2023-06-15T13:26:45.738979+00:00
CUR_DL304,Curitiba,4106902,0,URBS,305,https://moovitapp.com/index/pt-br/transporte_p%C3%BAblico-line-305_CENTEN%C3%81RIO-Curitiba-942-9628-294271-0,-1.0,-25.468735,-49.207885,,False,3,2,2023-06-15T13:26:45.738979+00:00
CUR_BC932,Curitiba,4106902,1,,365,,,-25.419233,-49.230048,,False,7,1,2023-06-15T13:26:45.738979+00:00
CUR_BC850,Curitiba,4106902,1,,365,,,-25.444543,-49.292788,,False,7,2,2023-06-15T13:26:45.738979+00:00
CUR_BI031,Curitiba,4106902,1,,816,,,-25.435541,-49.308871,,False,1,1,2023-06-15T13:26:45.738979+00:00
CUR_BA014,Curitiba,4106902,1,,816,,,-25.415058,-49.281248,,False,1,1,2023-06-15T13:26:45.738979+00:00
CUR_BA021,Curitiba,4106902,1,,816,,,-25.410906,-49.322906,,False,1,2,2023-06-15T13:25:45.738979+00:00
CUR_BI899,Curitiba,4106902,1,,366,,,-25.43862,-49.291365,,False,7,1,2023-06-15T13:26:45.738979+00:00
CUR_HE724,Curitiba,4106902,0,URBS,603,https://moovitapp.com/index/pt-br/transporte_p%C3%BAblico-line-603_PINHEIRINHO_RUI_BARBOSA-Curitiba-942-9628-484781-0,-1.0,-25.492636,-49.293445,,False,5,1,2023-06-15T13:26:45.738979+00:00
CUR_HE723,Curitiba,4106902,0,URBS,603,https://moovitapp.com/index/pt-br/transporte_p%C3%BAblico-line-603_PINHEIRINHO_RUI_BARBOSA-Curitiba-942-9628-484781-0,-1.0,-25.447645,-49.287848,,False,5,2,2023-06-15T13:26:45.738979+00:00
CUR_HE728,Curitiba,4106902,0,URBS,603,https://moovitapp.com/index/pt-br/transporte_p%C3%BAblico-line-603_PINHEIRINHO_RUI_BARBOSA-Curitiba-942-9628-484781-0,-1.0,-25.501531,-49.295985,,False,5,1,2023-06-15T13:26:45.738979+00:00
CUR_HE706,Curitiba,4106902,0,URBS,603,https://moovitapp.com/index/pt-br/transporte_p%C3%BAblico-line-603_PINHEIRINHO_RUI_BARBOSA-Curitiba-942-9628-484781-0,-1.0,-25.454275,-49.287971,,False,5,1,2023-06-15T13:24:45.738979+00:00
CUR_HE704,Curitiba,4106902,0,URBS,603,https://moovitapp.com/index/pt-br/transporte_p%C3%BAblico-line-603_PINHEIRINHO_RUI_BARBOSA-Curitiba-942-9628-484781-0,-1.0,-25.509935,-49.295841,,False,5,2,2023-06-15T13:26:45.738979+00:00
CUR_HE725,Curitiba,4106902,0,URBS,603,https://moovitapp.com/index/pt-br/transporte_p%C3%BAblico-line-603_PINHEIRINHO_RUI_BARBOSA-Curitiba-942-9628-484781-0,-1.0,-25.489238,-49.294075,,False,5,2,2023-06-15T13:26:45.738979+00:00
CUR_HE731,Curitiba,4106902,0,URBS,603,https://moovitapp.com/index/pt-br/transporte_p%C3%BAblico-line-603_PINHEIRINHO_RUI_BARBOSA-Curitiba-942-9628-484781-0,-1.0,-25.439523,-49.27215,,False,5,2,2023-06-15T13:26:45.738979+00:00
CUR_HE708,Curitiba,4106902,0,URBS,603,https://moovitapp.com/index/pt-br/transporte_p%C3%BAblico-line-603_PINHEIRINHO_RUI_BARBOSA-Curitiba-942-9628-484781-0,-1.0,-25.458143,-49.288861,,False,5,2,2023-06-15T13:26:45.738979+00:00
CUR_HE727,Curitiba,4106902,0,URBS,603,https://moovitapp.com/index/pt-br/transporte_p%C3%BAblico-line-603_PINHEIRINHO_RUI_BARBOSA-Curitiba-942-9628-484781-0,-1.0,-25.437458,-49.273041,,False,5,1,2023-06-15T13:26:45.738979+00:00
CUR_HE726,Curitiba,4106902,0,URBS,603,https://moovitapp.com/index/pt-br/transporte_p%C3%BAblico-line-603_PINHEIRINHO_RUI_BARBOSA-Curitiba-942-9628-484781-0,-1.0,-25.466575,-49.292228,,False,5,1,2023-06-15T13:26:45.738979+00:00
CUR_HD252,Curitiba,4106902,0,URBS,603,https://moovitapp.com/index/pt-br/transporte_p%C3%BAblico-line-603_PINHEIRINHO_RUI_BARBOSA-Curitiba-942-9628-484781-0,-1.0,-25.539263,-49.308211,,False,5,1,2023-06-15T13:26:45.738979+00:00
CUR_HD244,Curitiba,4106902,0,URBS,603,https://moovitapp.com/index/pt-br/transporte_p%C3%BAblico-line-603_PINHEIRINHO_RUI_BARBOSA-Curitiba-942-9628-484781-0,-1.0,-25.53959,-49.308103,,False,5,1,2023-06-15T13:26:45.738979+00:00
CUR_HI600,Curitiba,4106902,1,,646,,,-25.515976,-49.295578,,False,4,1,2023-06-15T13:26:45.738979+00:00
CUR_HA029,Curitiba,4106902,1,,646,,,-25.587661,-49.324703,,False,1,1,2023-06-15T13:26:45.738979+00:00
CUR_HI021,Curitiba,4106902,1,,646,,,-25.580868,-49.3176,,False,1,2,2023-06-15T13:26:45.738979+00:00
CUR_HI611,Curitiba,4106902,1,,684,,,-25.556735,-49.3065,,False,4,2,2023-06-15T13:25:45.738979+00:00
CUR_HI613,Curitiba,4106902,1,,684,,,-25.592151,-49.342143,,False,4,1,2023-06-15T13:26:45.738979+00:00
CUR_HA614,Curitiba,4106902,1,,684,,,-25.512156,-49.294368,,False,4,1,2023-06-15T13:26:45.738979+00:00
CUR_HI602,Curitiba,4106902,1,,684,,,-25.569953,-49.323863,,False,4,1,2023-06-15T13:24:45.738979+00:00
CUR_HR407,Curitiba,4106902,1,,684,,,-25.540048,-49.308558,,False,4,1,2023-06-15T13:26:45.738979+00:00
CUR_HA193,Curitiba,4106902,1,,612,,,-25.479476,-49.300581,,False,1,1,2023-06-15T13:26:45.738979+00:00
CUR_GE727,Curitiba,4106902,0,URBS,550,https://moovitapp.com/index/pt-br/transporte_p%C3%BAblico-line-550_LIGEIR%C3%83O_PINHEIRINHO_CARLOS_GOMES-Curitiba-942-9628-1254061-0,-1.0,-25.46652,-49.25449,,False,5,1,2023-06-15T13:26:45.738979+00:00
CUR_HE719,Curitiba,4106902,0,URBS,550,https://moovitapp.com/index/pt-br/transporte_p%C3%BAblico-line-550_LIGEIR%C3%83O_PINHEIRINHO_CARLOS_GOMES-Curitiba-942-9628-1254061-0,-1.0,-25.497003,-49.276571,,False,5,2,2023-06-15T13:26:45.738979+00:00
CUR_HE711,Curitiba,4106902,0,URBS,550,https://moovitapp.com/index/pt-br/transporte_p%C3%BAblico-line-550_LIGEIR%C3%83O_PINHEIRINHO_CARLOS_GOMES-Curitiba-942-9628-1254061-0,-1.0,-25.51288,-49.29483,,False,5,2,2023-06-15T13:26:45.738979+00:00
CUR_HE720,Curitiba,4106902,0,URBS,550,https://moovitapp.com/index/pt-br/transporte_p%C3%BAblico-line-550_LIGEIR%C3%83O_PINHEIRINHO_CARLOS_GOMES-Curitiba-942-9628-1254061-0,-1.0,-25.434018,-49.269185,,False,5,1,2023-06-15T13:26:45.738979+00:00
CUR_GE733,Curitiba,4106902,0,URBS,550,https://moovitapp.com/index/pt-br/transporte_p%C3%BAblico-line-550_LIGEIR%C3%83O_PINHEIRINHO_CARLOS_GOMES-Curitiba-942-9628-1254061-0,-1.0,-25.449763,-49.262763,,False,5,2,2023-06-15T13:26:45.738979+00:00
CUR_GE730,Curitiba,4106902,0,URBS,550,https://moovitapp.com/index/pt-br/transporte_p%C3%BAblico-line-550_LIGEIR%C3%83O_PINHEIRINHO_CARLOS_GOMES-Curitiba-942-9628-1254061-0,-1.0,-25.485101,-49.266738,,False,5,1,2023-06-15T13:26:45.738979+00:00
CUR_HE718,Curitiba,4106902,0,URBS,550,https://moovitapp.com/index/pt-br/transporte_p%C3%BAblico-line-550_LIGEIR%C3%83O_PINHEIRINHO_CARLOS_GOMES-Curitiba-942-9628-1254061-0,-1.0,-25.53951,-49.308126,,False,5,1,2023-06-15T13:26:45.738979+00:00
CUR_HE702,Curitiba,4106902,0,URBS,550,https://moovitapp.com/index/pt-br/transporte_p%C3%BAblico-line-550_LIGEIR%C3%83O_PINHEIRINHO_CARLOS_GOMES-Curitiba-942-9628-1254061-0,-1.0,-25.539703,-49.308101,,False,5,1,2023-06-15T13:26:45.738979+00:00
CUR_HI046,Curitiba,4106902,1,,615,,,-25.478075,-49.304373,,False,1,1,2023-06-15T13:26:45.738979+00:00
CUR_HA311,Curitiba,4106902,1,,863,,,-25.434388,-49.272198,,False,3,2,2023-06-15T13:26:45.738979+00:00
CUR_HA312,Curitiba,4106902,1,,863,,,-25.458936,-49.283423,,False,3,1,2023-06-15T13:26:45.738979+00:00
CUR_HI859,Curitiba,4106902,1,,865,,,-25.432025,-49.280275,,False,7,2,2023-06-15T13:26:45.738979+00:00
CUR_JA028,Curitiba,4106902,1,,658,,,-25.496533,-49.347521,,False,1,2,2023-06-15T13:26:45.738979+00:00
CUR_HA006,Curitiba,4106902,1,,658,,,-25.494925,-49.326175,,False,1,1,2023-06-15T13:26:45.738979+00:00
CUR_HA005,Curitiba,4106902,1,,658,,,-25.48615,-49.347425,,False,1,1,2023-06-15T13:26:45.738979+00:00
CUR_JI022,Curitiba,4106902,1,,658,,,-25.491651,-49.295006,,False,1,2,2023-06-15T13:26:45.738979+00:00
CUR_HI019,Curitiba,4106902,1,,658,,,-25.539211,-49.307746,,False,1,1,2023-06-15T13:26:45.738979+00:00
CUR_HI041,Curitiba,4106902,1,,654,,,-25.500313,-49.319616,,False,1,1,2023-06-15T13:26:45.738979+00:00
CUR_HI042,Curitiba,4106902,1,,654,,,-25.496723,-49.309025,,False,1,2,2023-06-15T13:26:45.738979+00:00
CUR_HI003,Curitiba,4106902,1,,801,,,-25.444813,-49.295893,,False,1,1,2023-06-15T13:23:45.738979+00:00
CUR_HC300,Curitiba,4106902,1,,801,,,-25.436613,-49.304895,,False,10,2,2023-06-15T13:26:45.738979+00:00
CUR_HL329,Curitiba,4106902,1,URBS,607,https://moovitapp.com/index/pt-br/transporte_p%C3%BAblico-line-607_COLOMBO_CIC-Curitiba-942-9628-294348-0,-1.0,-25.36682,-49.187316,,False,3,2,2023-06-15T13:26:45.738979+00:00
CUR_HL496,Curitiba,4106902,1,URBS,607,https://moovitapp.com/index/pt-br/transporte_p%C3%BAblico-line-607_COLOMBO_CIC-Curitiba-942-9628-294348-0,-1.0,-25.422346,-49.268448,,False,3,2,2023-06-15T13:17:45.738979+00:00
CUR_HL318,Curitiba,4106902,0,URBS,607,https://moovitapp.com/index/pt-br/transporte_p%C3%BAblico-line-607_COLOMBO_CIC-Curitiba-942-9628-294348-0,-1.0,-25.42938,-49.272223,,False,3,2,2023-06-15T13:26:45.738979+00:00
CUR_HL316,Curitiba,4106902,0,URBS,607,https://moovitapp.com/index/pt-br/transporte_p%C3%BAblico-line-607_COLOMBO_CIC-Curitiba-942-9628-294348-0,-1.0,-25.405161,-49.247458,,False,3,1,2023-06-15T13:26:45.738979+00:00
CUR_HL331,Curitiba,4106902,1,URBS,607,https://moovitapp.com/index/pt-br/transporte_p%C3%BAblico-line-607_COLOMBO_CIC-Curitiba-942-9628-294348-0,-1.0,-25.47285,-49.286848,,False,3,1,2023-06-15T13:26:45.738979+00:00
CUR_HI015,Curitiba,4106902,1,,681,,,-25.515336,-49.29552,,False,1,1,2023-06-15T13:26:45.738979+00:00
CUR_HA023,Curitiba,4106902,1,,681,,,-25.573131,-49.332335,,False,1,2,2023-06-15T13:26:45.738979+00:00
CUR_DN604,Curitiba,4106902,1,,465,,,-25.453356,-49.24006,,False,7,1,2023-06-15T13:26:45.738979+00:00
CUR_BB303,Curitiba,4106902,1,,010,,,-25.41664,-49.268405,,False,10,,2023-06-15T13:26:45.738979+00:00
CUR_BA015,Curitiba,4106902,1,,827,,,-25.436085,-49.366955,,False,1,2,2023-06-15T13:26:45.738979+00:00
CUR_JI863,Curitiba,4106902,1,,762,,,-25.475241,-49.318075,,False,7,1,2023-06-15T13:26:45.738979+00:00
CUR_DC852,Curitiba,4106902,1,,466,,,-25.425276,-49.269613,,False,7,2,2023-06-15T13:25:45.738979+00:00
CUR_EL319,Curitiba,4106902,1,URBS,507,https://moovitapp.com/index/pt-br/transporte_p%C3%BAblico-line-507_S%C3%8DTIO_CERCADO_HOR%C3%81RIO-Curitiba-942-9628-294494-0,-1.0,-25.520138,-49.235586,,False,3,,2023-06-15T13:26:45.738979+00:00
CUR_EL332,Curitiba,4106902,1,URBS,507,https://moovitapp.com/index/pt-br/transporte_p%C3%BAblico-line-507_S%C3%8DTIO_CERCADO_HOR%C3%81RIO-Curitiba-942-9628-294494-0,-1.0,-25.432648,-49.265405,,False,3,,2023-06-15T13:21:45.738979+00:00
CUR_EL325,Curitiba,4106902,1,URBS,507,https://moovitapp.com/index/pt-br/transporte_p%C3%BAblico-line-507_S%C3%8DTIO_CERCADO_HOR%C3%81RIO-Curitiba-942-9628-294494-0,-1.0,-25.432598,-49.26543,,False,3,,2023-06-15T13:26:45.738979+00:00
CUR_EL333,Curitiba,4106902,1,URBS,507,https://moovitapp.com/index/pt-br/transporte_p%C3%BAblico-line-507_S%C3%8DTIO_CERCADO_HOR%C3%81RIO-Curitiba-942-9628-294494-0,-1.0,-25.441851,-49.263813,,False,3,,2023-06-15T13:26:45.738979+00:00
CUR_EL322,Curitiba,4106902,1,URBS,507,https://moovitapp.com/index/pt-br/transporte_p%C3%BAblico-line-507_S%C3%8DTIO_CERCADO_HOR%C3%81RIO-Curitiba-942-9628-294494-0,-1.0,-25.49232,-49.292988,,False,3,,2023-06-15T13:26:45.738979+00:00
CUR_EL326,Curitiba,4106902,1,URBS,507,https://moovitapp.com/index/pt-br/transporte_p%C3%BAblico-line-507_S%C3%8DTIO_CERCADO_HOR%C3%81RIO-Curitiba-942-9628-294494-0,-1.0,-25.536066,-49.272465,,False,3,,2023-06-15T13:26:45.738979+00:00
CUR_MI002,Curitiba,4106902,1,,821,,,-25.42115,-49.362981,,False,1,1,2023-06-15T13:26:45.738979+00:00
CUR_EI004,Curitiba,4106902,1,,471,,,-25.45924,-49.249835,,False,1,1,2023-06-15T13:26:45.738979+00:00
CUR_HI855,Curitiba,4106902,1,,814,,,-25.430583,-49.317113,,False,7,2,2023-06-15T13:24:45.738979+00:00
CUR_HI860,Curitiba,4106902,1,,674,,,-25.498305,-49.326158,,False,7,2,2023-06-15T13:26:45.738979+00:00
CUR_HA015,Curitiba,4106902,1,,628,,,-25.551708,-49.333011,,False,1,2,2023-06-15T13:24:45.738979+00:00
CUR_HI001,Curitiba,4106902,1,,628,,,-25.493278,-49.298173,,False,1,1,2023-06-15T13:26:45.738979+00:00
CUR_BC301,Curitiba,4106902,1,,182,,,-25.367441,-49.271823,,False,3,2,2023-06-15T13:26:45.738979+00:00
CUR_BI013,Curitiba,4106902,1,,182,,,-25.411468,-49.274851,,False,1,1,2023-06-15T13:26:45.738979+00:00
CUR_JI019,Curitiba,4106902,1,,711,,,-25.474623,-49.349891,,False,1,2,2023-06-15T13:26:45.738979+00:00
CUR_HI854,Curitiba,4106902,1,,673,,,-25.43971,-49.273168,,False,7,2,2023-06-15T13:25:45.738979+00:00
CUR_HI012,Curitiba,4106902,1,,712,,,-25.506126,-49.337905,,False,1,1,2023-06-15T13:26:45.738979+00:00
CUR_JI003,Curitiba,4106902,1,,712,,,-25.488911,-49.33553,,False,1,2,2023-06-15T13:26:45.738979+00:00
CUR_HI031,Curitiba,4106902,1,,712,,,-25.539463,-49.307696,,False,1,2,2023-06-15T13:26:45.738979+00:00
CUR_HA016,Curitiba,4106902,1,,653,,,-25.505961,-49.356345,,False,1,1,2023-06-15T13:26:45.738979+00:00
CUR_HA017,Curitiba,4106902,1,,653,,,-25.5114,-49.332996,,False,1,2,2023-06-15T13:26:45.738979+00:00
CUR_HI299,Curitiba,4106902,1,,653,,,-25.539161,-49.30787,,False,1,1,2023-06-15T13:26:45.738979+00:00
CUR_KE701,Curitiba,4106902,0,URBS,503,https://moovitapp.com/index/pt-br/transporte_p%C3%BAblico-line-503_BOQUEIR%C3%83O-Curitiba-942-9628-294244-0,-1.0,-25.48192,-49.247055,,False,5,2,2023-06-15T13:26:45.738979+00:00
CUR_KE702,Curitiba,4106902,0,URBS,503,https://moovitapp.com/index/pt-br/transporte_p%C3%BAblico-line-503_BOQUEIR%C3%83O-Curitiba-942-9628-294244-0,-1.0,-25.440221,-49.267485,,False,5,2,2023-06-15T13:25:45.738979+00:00
CUR_KE704,Curitiba,4106902,0,URBS,503,https://moovitapp.com/index/pt-br/transporte_p%C3%BAblico-line-503_BOQUEIR%C3%83O-Curitiba-942-9628-294244-0,-1.0,-25.448851,-49.263166,,False,5,1,2023-06-15T13:26:45.738979+00:00
CUR_GE614,Curitiba,4106902,0,URBS,503,https://moovitapp.com/index/pt-br/transporte_p%C3%BAblico-line-503_BOQUEIR%C3%83O-Curitiba-942-9628-294244-0,-1.0,-25.475645,-49.250153,,False,4,1,2023-06-15T13:26:45.738979+00:00
CUR_KE706,Curitiba,4106902,0,URBS,503,https://moovitapp.com/index/pt-br/transporte_p%C3%BAblico-line-503_BOQUEIR%C3%83O-Curitiba-942-9628-294244-0,-1.0,-25.517155,-49.229783,,False,5,1,2023-06-15T13:26:45.738979+00:00
CUR_HI043,Curitiba,4106902,1,,630,,,-25.540728,-49.31117,,False,1,1,2023-06-15T13:26:45.738979+00:00
CUR_HI027,Curitiba,4106902,1,,630,,,-25.537316,-49.313155,,False,1,2,2023-06-15T13:26:45.738979+00:00
CUR_BI900,Curitiba,4106902,1,,386,,,-25.432853,-49.21003,,False,7,2,2023-06-15T13:26:45.738979+00:00
CUR_BL316,Curitiba,4106902,0,URBS,256,https://moovitapp.com/index/pt-br/transporte_p%C3%BAblico-line-256_BARREIRINHA_GUADALUPE-Curitiba-942-9628-398191-0,-1.0,-25.430176,-49.263821,,False,3,2,2023-06-15T13:26:45.738979+00:00
CUR_BL340,Curitiba,4106902,1,URBS,256,https://moovitapp.com/index/pt-br/transporte_p%C3%BAblico-line-256_BARREIRINHA_GUADALUPE-Curitiba-942-9628-398191-0,-1.0,-25.417315,-49.268506,,False,3,1,2023-06-15T13:26:45.738979+00:00
CUR_BL312,Curitiba,4106902,0,URBS,256,https://moovitapp.com/index/pt-br/transporte_p%C3%BAblico-line-256_BARREIRINHA_GUADALUPE-Curitiba-942-9628-398191-0,-1.0,-25.390088,-49.258751,,False,3,2,2023-06-15T13:26:45.738979+00:00
CUR_BA002,Curitiba,4106902,1,,243,,,-25.350826,-49.266055,,False,1,2,2023-06-15T13:26:45.738979+00:00
CUR_BI011,Curitiba,4106902,1,,236,,,-25.36652,-49.227226,,False,1,1,2023-06-15T13:21:45.738979+00:00
CUR_JI007,Curitiba,4106902,1,,823,,,-25.45316,-49.357843,,False,1,2,2023-06-15T13:25:45.738979+00:00
CUR_DA290,Curitiba,4106902,1,,321,,,-25.459896,-49.200751,,False,1,2,2023-06-15T13:26:45.738979+00:00
CUR_MT011,Curitiba,4106902,0,,979,,,-25.434691,-49.27598,,False,3,,2023-06-15T13:24:45.738979+00:00
CUR_GE706,Curitiba,4106902,0,URBS,500,https://moovitapp.com/index/pt-br/transporte_p%C3%BAblico-line-500_LIGEIR%C3%83O_BOQUEIR%C3%83O-Curitiba-942-9628-294422-0,-1.0,-25.54947,-49.291531,,False,5,,2023-06-15T13:26:45.738979+00:00
CUR_DN601,Curitiba,4106902,1,,331,,,-25.467966,-49.25553,,False,7,,2023-06-15T13:24:45.738979+00:00
CUR_GE707,Curitiba,4106902,0,URBS,500,https://moovitapp.com/index/pt-br/transporte_p%C3%BAblico-line-500_LIGEIR%C3%83O_BOQUEIR%C3%83O-Curitiba-942-9628-294422-0,-1.0,-25.55008,-49.291463,,False,5,,2023-06-15T13:19:45.738979+00:00
CUR_MC307,Curitiba,4106902,1,,901,,,-25.426345,-49.274335,,False,3,1,2023-06-15T13:20:45.738979+00:00
CUR_MC300,Curitiba,4106902,1,,901,,,-25.412641,-49.318446,,False,3,1,2023-06-15T13:26:45.738979+00:00
CUR_MB499,Curitiba,4106902,0,,901,,,-25.404616,-49.327665,,False,3,2,2023-06-15T13:26:45.738979+00:00
CUR_HI851,Curitiba,4106902,1,,670,,,-25.477671,-49.311495,,False,7,2,2023-06-15T13:26:45.738979+00:00
CUR_GI056,Curitiba,4106902,1,,683,,,-25.565498,-49.276738,,False,1,2,2023-06-15T13:26:45.738979+00:00
CUR_BI004,Curitiba,4106902,1,Auto Viação São José,211,https://moovitapp.com/index/pt-br/transporte_p%C3%BAblico-line-211_PIT_PRA%C3%87A_DA_JUVENTUDE_IZAURA_IP%C3%8A-Curitiba-942-857412-73553392-0,-1.0,-25.406573,-49.252526,,False,1,1,2023-06-15T13:26:45.738979+00:00
CUR_BI002,Curitiba,4106902,1,Auto Viação São José,211,https://moovitapp.com/index/pt-br/transporte_p%C3%BAblico-line-211_PIT_PRA%C3%87A_DA_JUVENTUDE_IZAURA_IP%C3%8A-Curitiba-942-857412-73553392-0,-1.0,-25.406941,-49.21863,,False,1,2,2023-06-15T13:26:45.738979+00:00
CUR_BC017,Curitiba,4106902,1,,166,,,-25.419395,-49.274613,,False,1,1,2023-06-15T13:26:45.738979+00:00
CUR_BC012,Curitiba,4106902,1,,166,,,-25.394485,-49.302683,,False,1,2,2023-06-15T13:26:45.738979+00:00
CUR_DA292,Curitiba,4106902,1,,474,,,-25.450746,-49.244996,,False,1,2,2023-06-15T13:26:45.738979+00:00
CUR_HA605,Curitiba,4106902,1,,X37,,,-25.538923,-49.307568,,False,4,1,2023-06-15T13:26:45.738979+00:00
CUR_HI856,Curitiba,4106902,1,,600,,,-25.526645,-49.2943,,False,7,1,2023-06-15T13:24:45.738979+00:00
CUR_BI892,Curitiba,4106902,1,,181,,,-25.3857,-49.274605,,False,7,1,2023-06-15T13:26:45.738979+00:00
CUR_HI853,Curitiba,4106902,1,,644,,,-25.534855,-49.3019,,False,7,1,2023-06-15T13:26:45.738979+00:00
CUR_HL115,Curitiba,4106902,0,URBS,X35,https://moovitapp.com/index/pt-br/transporte_p%C3%BAblico-line-X35_PINHEIRINHO_PREFEITURA-Curitiba-942-9628-778958-0,-1.0,-25.539625,-49.308476,,False,3,1,2023-06-15T13:26:45.738979+00:00
CUR_HL117,Curitiba,4106902,0,URBS,X35,https://moovitapp.com/index/pt-br/transporte_p%C3%BAblico-line-X35_PINHEIRINHO_PREFEITURA-Curitiba-942-9628-778958-0,-1.0,-25.537628,-49.306956,,False,3,1,2023-06-15T13:26:45.738979+00:00
CUR_HL118,Curitiba,4106902,0,URBS,X35,https://moovitapp.com/index/pt-br/transporte_p%C3%BAblico-line-X35_PINHEIRINHO_PREFEITURA-Curitiba-942-9628-778958-0,-1.0,-25.539886,-49.308248,,False,3,1,2023-06-15T13:26:45.738979+00:00
CUR_JI855,Curitiba,4106902,1,,761,,,-25.47159,-49.314613,,False,7,1,2023-06-15T13:26:45.738979+00:00
CUR_GE702,Curitiba,4106902,0,URBS,500,https://moovitapp.com/index/pt-br/transporte_p%C3%BAblico-line-500_LIGEIR%C3%83O_BOQUEIR%C3%83O-Curitiba-942-9628-294422-0,-1.0,-25.468786,-49.253408,,False,5,1,2023-06-15T13:26:45.738979+00:00
CUR_GE725,Curitiba,4106902,0,URBS,500,https://moovitapp.com/index/pt-br/transporte_p%C3%BAblico-line-500_LIGEIR%C3%83O_BOQUEIR%C3%83O-Curitiba-942-9628-294422-0,-1.0,-25.473438,-49.251213,,False,5,2,2023-06-15T13:26:45.738979+00:00
CUR_GE728,Curitiba,4106902,0,URBS,500,https://moovitapp.com/index/pt-br/transporte_p%C3%BAblico-line-500_LIGEIR%C3%83O_BOQUEIR%C3%83O-Curitiba-942-9628-294422-0,-1.0,-25.513551,-49.231688,,False,5,2,2023-06-15T13:24:45.738979+00:00
CUR_GE717,Curitiba,4106902,0,URBS,500,https://moovitapp.com/index/pt-br/transporte_p%C3%BAblico-line-500_LIGEIR%C3%83O_BOQUEIR%C3%83O-Curitiba-942-9628-294422-0,-1.0,-25.436731,-49.269126,,False,5,2,2023-06-15T13:26:45.738979+00:00
CUR_EA008,Curitiba,4106902,1,,657,,,-25.503723,-49.276601,,False,1,1,2023-06-15T13:26:45.738979+00:00
CUR_EA026,Curitiba,4106902,1,,657,,,-25.496238,-49.284053,,False,1,2,2023-06-15T13:26:45.738979+00:00
CUR_DN603,Curitiba,4106902,1,,516,,,-25.466803,-49.241578,,False,7,1,2023-06-15T13:26:45.738979+00:00
CUR_BI857,Curitiba,4106902,1,,343,,,-25.411533,-49.206795,,False,7,1,2023-06-15T13:26:45.738979+00:00
CUR_MC851,Curitiba,4106902,1,,965,,,-25.40822,-49.30883,,False,7,1,2023-06-15T13:26:45.738979+00:00
CUR_MN605,Curitiba,4106902,1,,965,,,-25.417771,-49.293788,,False,7,2,2023-06-15T13:26:45.738979+00:00
CUR_BA601,Curitiba,4106902,1,,245,,,-25.39541,-49.242725,,False,4,1,2023-06-15T13:26:45.738979+00:00
CUR_GE703,Curitiba,4106902,0,URBS,200,https://moovitapp.com/index/pt-br/transporte_p%C3%BAblico-line-200_LIGEIR%C3%83O_SANTA_C%C3%82NDIDA_PRA%C3%87A_DO_JAP%C3%83O-Curitiba-942-9628-1323763-0,-1.0,-25.436745,-49.264865,,False,5,1,2023-06-15T13:23:45.738979+00:00
CUR_BE712,Curitiba,4106902,0,URBS,200,https://moovitapp.com/index/pt-br/transporte_p%C3%BAblico-line-200_LIGEIR%C3%83O_SANTA_C%C3%82NDIDA_PRA%C3%87A_DO_JAP%C3%83O-Curitiba-942-9628-1323763-0,-1.0,-25.377338,-49.223758,,False,5,2,2023-06-15T13:26:45.738979+00:00
CUR_BE721,Curitiba,4106902,0,URBS,200,https://moovitapp.com/index/pt-br/transporte_p%C3%BAblico-line-200_LIGEIR%C3%83O_SANTA_C%C3%82NDIDA_PRA%C3%87A_DO_JAP%C3%83O-Curitiba-942-9628-1323763-0,-1.0,-25.436576,-49.264846,,False,5,2,2023-06-15T13:26:45.738979+00:00
CUR_BE724,Curitiba,4106902,0,URBS,200,https://moovitapp.com/index/pt-br/transporte_p%C3%BAblico-line-200_LIGEIR%C3%83O_SANTA_C%C3%82NDIDA_PRA%C3%87A_DO_JAP%C3%83O-Curitiba-942-9628-1323763-0,-1.0,-25.409431,-49.25528,,False,5,1,2023-06-15T13:26:45.738979+00:00
CUR_BE725,Curitiba,4106902,0,URBS,200,https://moovitapp.com/index/pt-br/transporte_p%C3%BAblico-line-200_LIGEIR%C3%83O_SANTA_C%C3%82NDIDA_PRA%C3%87A_DO_JAP%C3%83O-Curitiba-942-9628-1323763-0,-1.0,-25.394935,-49.242715,,False,5,1,2023-06-15T13:26:45.738979+00:00
CUR_BE704,Curitiba,4106902,0,URBS,200,https://moovitapp.com/index/pt-br/transporte_p%C3%BAblico-line-200_LIGEIR%C3%83O_SANTA_C%C3%82NDIDA_PRA%C3%87A_DO_JAP%C3%83O-Curitiba-942-9628-1323763-0,-1.0,-25.395006,-49.242576,,False,5,1,2023-06-15T13:26:45.738979+00:00
CUR_BE723,Curitiba,4106902,0,URBS,200,https://moovitapp.com/index/pt-br/transporte_p%C3%BAblico-line-200_LIGEIR%C3%83O_SANTA_C%C3%82NDIDA_PRA%C3%87A_DO_JAP%C3%83O-Curitiba-942-9628-1323763-0,-1.0,-25.437323,-49.266058,,False,5,2,2023-06-15T13:18:45.738979+00:00
CUR_BI901,Curitiba,4106902,1,,361,,,-25.424515,-49.259936,,False,7,1,2023-06-15T13:26:45.738979+00:00
CUR_MN603,Curitiba,4106902,1,,464,,,-25.433546,-49.272538,,False,7,1,2023-06-15T13:26:45.738979+00:00
CUR_BC031,Curitiba,4106902,1,,373,,,-25.41405,-49.205576,,False,1,1,2023-06-15T13:26:45.738979+00:00
CUR_HB697,Curitiba,4106902,1,,027,,,-25.53813,-49.307383,,False,4,1,2023-06-15T13:26:45.738979+00:00
CUR_GI853,Curitiba,4106902,1,,666,,,-25.490373,-49.28632,,False,7,2,2023-06-15T13:26:45.738979+00:00
CUR_BI896,Curitiba,4106902,1,,875,,,-25.432991,-49.283283,,False,7,2,2023-06-15T13:25:45.738979+00:00
CUR_DC853,Curitiba,4106902,1,,331,,,-25.477208,-49.204195,,False,7,,2023-06-15T13:26:45.738979+00:00
CUR_BI886,Curitiba,4106902,1,,385,,,-25.43583,-49.259818,,False,7,2,2023-06-15T13:26:45.738979+00:00
CUR_BI883,Curitiba,4106902,1,,385,,,-25.39527,-49.242666,,False,7,1,2023-06-15T13:19:45.738979+00:00
CUR_BA019,Curitiba,4106902,1,,829,,,-25.441563,-49.346238,,False,1,,2023-06-15T13:26:45.738979+00:00
CUR_BI895,Curitiba,4106902,1,,164,,,-25.431405,-49.271568,,False,7,1,2023-06-15T13:26:45.738979+00:00
CUR_HL317,Curitiba,4106902,0,URBS,024,https://moovitapp.com/index/pt-br/transporte_p%C3%BAblico-line-024_CAP%C3%83O_RASO_CAMPINA_DO_SIQUEIRA-Curitiba-942-9628-1323693-0,-1.0,-25.539451,-49.307215,,False,3,2,2023-06-15T13:26:45.738979+00:00
CUR_HE612,Curitiba,4106902,0,URBS,X11,https://moovitapp.com/index/pt-br/transporte_p%C3%BAblico-line-X11_S%C3%8DTIO_CERCADO_CAP%C3%83O_RASO-Curitiba-942-9628-531688-0,-1.0,-25.538405,-49.307208,,False,4,1,2023-06-15T13:26:45.738979+00:00
CUR_BL304,Curitiba,4106902,0,URBS,518,https://moovitapp.com/index/pt-br/transporte_p%C3%BAblico-line-518_PUC_RODOFERROVI%C3%81RIA-Curitiba-942-9628-743528-0,-1.0,-25.435121,-49.262781,,False,3,1,2023-06-15T13:26:45.738979+00:00
CUR_DL305,Curitiba,4106902,0,URBS,469,https://moovitapp.com/index/pt-br/transporte_p%C3%BAblico-line-469_CENTRO_POLIT%C3%89CNICO-Curitiba-942-9628-294421-0,-1.0,-25.429731,-49.262891,,False,3,1,2023-06-15T13:25:45.738979+00:00
CUR_BA016,Curitiba,4106902,1,,815,,,-25.414591,-49.280765,,False,1,,2023-06-15T13:26:45.738979+00:00
CUR_BT007,Curitiba,4106902,0,,979,,,-25.398523,-49.3047,,False,3,,2023-06-15T13:26:45.738979+00:00
CUR_BT010,Curitiba,4106902,0,,979,,,-25.401046,-49.275943,,False,3,,2023-06-15T13:26:45.738979+00:00
CUR_MT013,Curitiba,4106902,0,,979,,,-25.442575,-49.247045,,False,3,,2023-06-15T13:26:45.738979+00:00
CUR_BT009,Curitiba,4106902,0,,979,,,-25.423571,-49.268625,,False,3,,2023-06-15T13:26:45.738979+00:00
