bus_id,city,city_code,adapted,agency,line_code,line_url,line_fare,latitude,longitude,bus_speed,is_eletric,bus_type,bus_direction,updated_at
CUR_DL310,Curitiba,4106902,0,URBS,304,https://moovitapp.com/index/pt-br/transporte_p%C3%BAblico-line-304_PINHAIS_CAMPO_COMPRIDO-Curitiba-942-9628-133282995-0,-1.0,-25.442045,-49.217063,,False,3,2,2023-06-15T15:51:54.766523+00:00
CUR_JL324,Curitiba,4106902,1,URBS,304,https://moovitapp.com/index/pt-br/transporte_p%C3%BAblico-line-304_PINHAIS_CAMPO_COMPRIDO-Curitiba-942-9628-133282995-0,-1.0,-25.441796,-49.231948,,False,3,2,2023-06-15T15:51:54.766523+00:00
CUR_HL313,Curitiba,4106902,0,URBS,304,https://moovitapp.com/index/pt-br/transporte_p%C3%BAblico-line-304_PINHAIS_CAMPO_COMPRIDO-Curitiba-942-9628-133282995-0,-1.0,-25.537588,-49.307101,,False,3,2,2023-06-15T15:48:54.766523+00:00
CUR_JL310,Curitiba,4106902,0,URBS,304,https://moovitapp.com/index/pt-br/transporte_p%C3%BAblico-line-304_PINHAIS_CAMPO_COMPRIDO-Curitiba-942-9628-133282995-0,-1.0,-25.428673,-49.284606,,False,3,2,2023-06-15T15:51:54.766523+00:00
CUR_DA019,Curitiba,4106902,0,,560,,,-25.459245,-49.266278,,False,1,2,2023-06-15T15:51:54.766523+00:00
CUR_HB608,Curitiba,4106902,1,,060,,,-25.53877,-49.312923,,False,4,1,2023-06-15T15:51:54.766523+00:00
CUR_HB607,Curitiba,4106902,1,,060,,,-25.4435,-49.353205,,False,4,1,2023-06-15T15:51:54.766523+00:00
CUR_HB606,Curitiba,4106902,1,,060,,,-25.508986,-49.339256,,False,4,2,2023-06-15T15:51:54.766523+00:00
CUR_GI012,Curitiba,4106902,1,,649,,,-25.532565,-49.271906,,False,1,2,2023-06-15T15:51:54.766523+00:00
CUR_GI016,Curitiba,4106902,1,,649,,,-25.524223,-49.292926,,False,1,1,2023-06-15T15:51:54.766523+00:00
CUR_BL317,Curitiba,4106902,0,URBS,023,https://moovitapp.com/index/pt-br/transporte_p%C3%BAblico-line-023_INTER_2_ANTI_HOR%C3%81RIO-Curitiba-942-9628-398189-0,-1.0,-25.48521,-49.252468,,False,3,,2023-06-15T15:49:54.766523+00:00
CUR_BL608,Curitiba,4106902,0,URBS,023,https://moovitapp.com/index/pt-br/transporte_p%C3%BAblico-line-023_INTER_2_ANTI_HOR%C3%81RIO-Curitiba-942-9628-398189-0,-1.0,-25.496323,-49.278875,,False,4,,2023-06-15T15:50:54.766523+00:00
CUR_BL609,Curitiba,4106902,0,URBS,023,https://moovitapp.com/index/pt-br/transporte_p%C3%BAblico-line-023_INTER_2_ANTI_HOR%C3%81RIO-Curitiba-942-9628-398189-0,-1.0,-25.45229,-49.229881,,False,4,,2023-06-15T15:51:54.766523+00:00
CUR_MR800,Curitiba,4106902,0,URBS,023,https://moovitapp.com/index/pt-br/transporte_p%C3%BAblico-line-023_INTER_2_ANTI_HOR%C3%81RIO-Curitiba-942-9628-398189-0,-1.0,-25.417061,-49.271225,,False,4,,2023-06-15T15:51:54.766523+00:00
CUR_HL601,Curitiba,4106902,0,URBS,023,https://moovitapp.com/index/pt-br/transporte_p%C3%BAblico-line-023_INTER_2_ANTI_HOR%C3%81RIO-Curitiba-942-9628-398189-0,-1.0,-25.466946,-49.300065,,False,4,,2023-06-15T15:51:54.766523+00:00
CUR_CL600,Curitiba,4106902,0,URBS,023,https://moovitapp.com/index/pt-br/transporte_p%C3%BAblico-line-023_INTER_2_ANTI_HOR%C3%81RIO-Curitiba-942-9628-398189-0,-1.0,-25.43581,-49.307591,,False,4,,2023-06-15T15:51:54.766523+00:00
CUR_BL603,Curitiba,4106902,0,URBS,023,https://moovitapp.com/index/pt-br/transporte_p%C3%BAblico-line-023_INTER_2_ANTI_HOR%C3%81RIO-Curitiba-942-9628-398189-0,-1.0,-25.43962,-49.222156,,False,4,,2023-06-15T15:48:54.766523+00:00
CUR_BL309,Curitiba,4106902,0,URBS,023,https://moovitapp.com/index/pt-br/transporte_p%C3%BAblico-line-023_INTER_2_ANTI_HOR%C3%81RIO-Curitiba-942-9628-398189-0,-1.0,-25.479908,-49.292331,,False,3,,2023-06-15T15:51:54.766523+00:00
CUR_BL338,Curitiba,4106902,0,URBS,023,https://moovitapp.com/index/pt-br/transporte_p%C3%BAblico-line-023_INTER_2_ANTI_HOR%C3%81RIO-Curitiba-942-9628-398189-0,-1.0,-25.428371,-49.229778,,False,3,,2023-06-15T15:51:54.766523+00:00
CUR_EI008,Curitiba,4106902,1,,335,,,-25.480501,-49.211523,,False,1,1,2023-06-15T15:50:54.766523+00:00
CUR_DR408,Curitiba,4106902,1,,335,,,-25.512665,-49.227933,,False,4,2,2023-06-15T15:51:54.766523+00:00
CUR_MA011,Curitiba,4106902,1,,924,,,-25.393513,-49.295115,,False,1,2,2023-06-15T15:51:54.766523+00:00
CUR_MI004,Curitiba,4106902,1,,924,,,-25.377188,-49.224206,,False,1,1,2023-06-15T15:50:54.766523+00:00
CUR_MI003,Curitiba,4106902,1,,924,,,-25.401238,-49.329551,,False,1,1,2023-06-15T15:51:54.766523+00:00
CUR_BI023,Curitiba,4106902,1,,924,,,-25.39322,-49.283576,,False,1,1,2023-06-15T15:51:54.766523+00:00
CUR_GI046,Curitiba,4106902,1,,637,,,-25.518395,-49.295591,,False,1,2,2023-06-15T15:50:54.766523+00:00
CUR_GA003,Curitiba,4106902,1,,637,,,-25.536565,-49.273943,,False,1,1,2023-06-15T15:51:54.766523+00:00
CUR_MC080,Curitiba,4106902,1,,917,,,-25.37035,-49.328573,,False,1,1,2023-06-15T15:51:54.766523+00:00
CUR_EB608,Curitiba,4106902,1,,050,,,-25.45267,-49.26425,,False,4,1,2023-06-15T15:51:54.766523+00:00
CUR_JB606,Curitiba,4106902,1,,050,,,-25.451036,-49.252956,,False,4,2,2023-06-15T15:51:54.766523+00:00
CUR_GB611,Curitiba,4106902,1,,050,,,-25.47703,-49.314558,,False,4,1,2023-06-15T15:51:54.766523+00:00
CUR_JB611,Curitiba,4106902,1,,050,,,-25.45211,-49.230003,,False,4,2,2023-06-15T15:51:54.766523+00:00
CUR_GB608,Curitiba,4106902,1,,050,,,-25.477163,-49.29697,,False,4,2,2023-06-15T15:50:54.766523+00:00
CUR_JB604,Curitiba,4106902,1,,050,,,-25.455763,-49.241393,,False,4,1,2023-06-15T15:51:54.766523+00:00
CUR_JC315,Curitiba,4106902,1,,701,,,-25.471135,-49.318591,,False,3,1,2023-06-15T15:51:54.766523+00:00
CUR_JI301,Curitiba,4106902,1,,701,,,-25.45932,-49.302533,,False,3,2,2023-06-15T15:51:54.766523+00:00
CUR_JC304,Curitiba,4106902,1,,701,,,-25.443693,-49.273388,,False,3,2,2023-06-15T15:51:54.766523+00:00
CUR_JC311,Curitiba,4106902,1,,701,,,-25.446533,-49.275941,,False,3,1,2023-06-15T15:51:54.766523+00:00
CUR_DC085,Curitiba,4106902,1,,338,,,-25.471636,-49.237546,,False,1,2,2023-06-15T15:51:54.766523+00:00
CUR_DA013,Curitiba,4106902,1,,338,,,-25.468875,-49.208271,,False,1,1,2023-06-15T15:50:54.766523+00:00
CUR_DC088,Curitiba,4106902,1,,338,,,-25.501551,-49.208906,,False,1,2,2023-06-15T15:51:54.766523+00:00
CUR_DC084,Curitiba,4106902,0,,338,,,-25.485133,-49.203803,,False,1,1,2023-06-15T15:51:54.766523+00:00
CUR_DA023,Curitiba,4106902,1,,338,,,-25.482538,-49.245881,,False,1,1,2023-06-15T15:51:54.766523+00:00
CUR_MI856,Curitiba,4106902,1,,913,,,-25.402046,-49.346205,,False,7,1,2023-06-15T15:51:54.766523+00:00
CUR_BI024,Curitiba,4106902,1,,242,,,-25.353958,-49.258451,,False,1,1,2023-06-15T15:48:54.766523+00:00
CUR_BI020,Curitiba,4106902,1,,242,,,-25.394716,-49.242781,,False,1,2,2023-06-15T15:51:54.766523+00:00
CUR_DA011,Curitiba,4106902,1,,322,,,-25.469206,-49.208183,,False,1,1,2023-06-15T15:51:54.766523+00:00
CUR_JI604,Curitiba,4106902,1,,703,,,-25.44942,-49.288818,,False,4,2,2023-06-15T15:51:54.766523+00:00
CUR_JC305,Curitiba,4106902,1,,703,,,-25.438638,-49.2726,,False,3,1,2023-06-15T15:49:54.766523+00:00
CUR_JI603,Curitiba,4106902,1,,703,,,-25.46819,-49.317068,,False,4,1,2023-06-15T15:51:54.766523+00:00
CUR_JC310,Curitiba,4106902,1,,703,,,-25.483718,-49.349028,,False,3,1,2023-06-15T15:51:54.766523+00:00
CUR_JC308,Curitiba,4106902,1,,703,,,-25.476453,-49.322113,,False,3,2,2023-06-15T15:51:54.766523+00:00
CUR_GI051,Curitiba,4106902,1,,542,,,-25.541658,-49.271731,,False,1,,2023-06-15T15:51:54.766523+00:00
CUR_GI035,Curitiba,4106902,1,,542,,,-25.536775,-49.272851,,False,1,,2023-06-15T15:51:54.766523+00:00
CUR_DA296,Curitiba,4106902,1,,332,,,-25.468898,-49.20822,,False,1,,2023-06-15T15:51:54.766523+00:00
CUR_DC298,Curitiba,4106902,1,,332,,,-25.475986,-49.195161,,False,1,,2023-06-15T15:51:54.766523+00:00
CUR_DA020,Curitiba,4106902,0,,323,,,-25.45002,-49.200013,,False,1,,2023-06-15T15:51:54.766523+00:00
CUR_BA030,Curitiba,4106902,1,,226,,,-25.382625,-49.245606,,False,1,2,2023-06-15T15:51:54.766523+00:00
CUR_BI001,Curitiba,4106902,1,,226,,,-25.395113,-49.243141,,False,1,2,2023-06-15T15:49:54.766523+00:00
CUR_HA013,Curitiba,4106902,1,,659,,,-25.614423,-49.342238,,False,1,2,2023-06-15T15:51:54.766523+00:00
CUR_HI024,Curitiba,4106902,1,,659,,,-25.551033,-49.304641,,False,1,1,2023-06-15T15:51:54.766523+00:00
CUR_HA612,Curitiba,4106902,1,,650,,,-25.547246,-49.315131,,False,4,2,2023-06-15T15:51:54.766523+00:00
CUR_HI610,Curitiba,4106902,1,,650,,,-25.563126,-49.328961,,False,4,1,2023-06-15T15:51:54.766523+00:00
CUR_HI016,Curitiba,4106902,1,,650,,,-25.52236,-49.29244,,False,1,1,2023-06-15T15:51:54.766523+00:00
CUR_HI018,Curitiba,4106902,1,,650,,,-25.57082,-49.331938,,False,1,2,2023-06-15T15:51:54.766523+00:00
CUR_HI025,Curitiba,4106902,1,,655,,,-25.559595,-49.331733,,False,1,2,2023-06-15T15:51:54.766523+00:00
CUR_HI037,Curitiba,4106902,1,,655,,,-25.523121,-49.292893,,False,1,1,2023-06-15T15:51:54.766523+00:00
CUR_HI023,Curitiba,4106902,1,,619,,,-25.559446,-49.331346,,False,1,1,2023-06-15T15:50:54.766523+00:00
CUR_HI608,Curitiba,4106902,1,,619,,,-25.564271,-49.33928,,False,4,2,2023-06-15T15:50:54.766523+00:00
CUR_HA609,Curitiba,4106902,1,,619,,,-25.538676,-49.30765,,False,4,1,2023-06-15T15:49:54.766523+00:00
CUR_HA615,Curitiba,4106902,1,,685,,,-25.54667,-49.31959,,False,4,1,2023-06-15T15:51:54.766523+00:00
CUR_HA600,Curitiba,4106902,1,,685,,,-25.594373,-49.344856,,False,4,2,2023-06-15T15:50:54.766523+00:00
CUR_HA619,Curitiba,4106902,1,,685,,,-25.534146,-49.316943,,False,4,2,2023-06-15T15:50:54.766523+00:00
CUR_HA610,Curitiba,4106902,1,,685,,,-25.538545,-49.307705,,False,4,1,2023-06-15T15:51:54.766523+00:00
CUR_HI030,Curitiba,4106902,1,,773,,,-25.512846,-49.330843,,False,1,2,2023-06-15T15:51:54.766523+00:00
CUR_HL315,Curitiba,4106902,0,URBS,508,https://moovitapp.com/index/pt-br/transporte_p%C3%BAblico-line-508_S%C3%8DTIO_CERCADO_ANTI_HOR%C3%81RIO-Curitiba-942-9628-294520-0,-1.0,-25.504568,-49.235998,,False,3,,2023-06-15T15:51:54.766523+00:00
CUR_GL327,Curitiba,4106902,1,URBS,508,https://moovitapp.com/index/pt-br/transporte_p%C3%BAblico-line-508_S%C3%8DTIO_CERCADO_ANTI_HOR%C3%81RIO-Curitiba-942-9628-294520-0,-1.0,-25.448513,-49.257853,,False,3,,2023-06-15T15:51:54.766523+00:00
CUR_GL316,Curitiba,4106902,0,URBS,508,https://moovitapp.com/index/pt-br/transporte_p%C3%BAblico-line-508_S%C3%8DTIO_CERCADO_ANTI_HOR%C3%81RIO-Curitiba-942-9628-294520-0,-1.0,-25.534368,-49.267295,,False,3,,2023-06-15T15:51:54.766523+00:00
CUR_GL329,Curitiba,4106902,1,URBS,508,https://moovitapp.com/index/pt-br/transporte_p%C3%BAblico-line-508_S%C3%8DTIO_CERCADO_ANTI_HOR%C3%81RIO-Curitiba-942-9628-294520-0,-1.0,-25.512306,-49.295803,,False,3,,2023-06-15T15:51:54.766523+00:00
CUR_GL311,Curitiba,4106902,0,URBS,508,https://moovitapp.com/index/pt-br/transporte_p%C3%BAblico-line-508_S%C3%8DTIO_CERCADO_ANTI_HOR%C3%81RIO-Curitiba-942-9628-294520-0,-1.0,-25.467136,-49.295093,,False,3,,2023-06-15T15:51:54.766523+00:00
CUR_GL328,Curitiba,4106902,1,URBS,508,https://moovitapp.com/index/pt-br/transporte_p%C3%BAblico-line-508_S%C3%8DTIO_CERCADO_ANTI_HOR%C3%81RIO-Curitiba-942-9628-294520-0,-1.0,-25.43232,-49.265525,,False,3,,2023-06-15T15:51:54.766523+00:00
CUR_HI011,Curitiba,4106902,1,,652,,,-25.521585,-49.330613,,False,1,1,2023-06-15T15:51:54.766523+00:00
CUR_HI010,Curitiba,4106902,1,,652,,,-25.531998,-49.336536,,False,1,2,2023-06-15T15:51:54.766523+00:00
CUR_HA190,Curitiba,4106902,1,,652,,,-25.539196,-49.307885,,False,1,1,2023-06-15T15:51:54.766523+00:00
CUR_BL310,Curitiba,4106902,0,URBS,700,https://moovitapp.com/index/pt-br/transporte_p%C3%BAblico-line-700_PINHEIRINHO_CABRAL-Curitiba-942-9628-757429-0,-1.0,-25.45144,-49.290195,,False,3,2,2023-06-15T15:51:54.766523+00:00
CUR_HL498,Curitiba,4106902,1,URBS,700,https://moovitapp.com/index/pt-br/transporte_p%C3%BAblico-line-700_PINHEIRINHO_CABRAL-Curitiba-942-9628-757429-0,-1.0,-25.41528,-49.26067,,False,3,1,2023-06-15T15:51:54.766523+00:00
CUR_BL305,Curitiba,4106902,0,URBS,700,https://moovitapp.com/index/pt-br/transporte_p%C3%BAblico-line-700_PINHEIRINHO_CABRAL-Curitiba-942-9628-757429-0,-1.0,-25.440703,-49.260886,,False,3,1,2023-06-15T15:50:54.766523+00:00
CUR_BL313,Curitiba,4106902,0,URBS,700,https://moovitapp.com/index/pt-br/transporte_p%C3%BAblico-line-700_PINHEIRINHO_CABRAL-Curitiba-942-9628-757429-0,-1.0,-25.476208,-49.292988,,False,3,2,2023-06-15T15:51:54.766523+00:00
CUR_HL495,Curitiba,4106902,1,URBS,700,https://moovitapp.com/index/pt-br/transporte_p%C3%BAblico-line-700_PINHEIRINHO_CABRAL-Curitiba-942-9628-757429-0,-1.0,-25.496736,-49.293693,,False,3,1,2023-06-15T15:50:54.766523+00:00
CUR_BL314,Curitiba,4106902,0,URBS,700,https://moovitapp.com/index/pt-br/transporte_p%C3%BAblico-line-700_PINHEIRINHO_CABRAL-Curitiba-942-9628-757429-0,-1.0,-25.417738,-49.267285,,False,3,2,2023-06-15T15:47:54.766523+00:00
CUR_BE714,Curitiba,4106902,0,URBS,203,https://moovitapp.com/index/pt-br/transporte_p%C3%BAblico-line-203_SANTA_C%C3%82NDIDA_CAP%C3%83O_RASO-Curitiba-942-9628-1323737-0,-1.0,-25.410411,-49.256241,,False,5,2,2023-06-15T15:51:54.766523+00:00
CUR_BE713,Curitiba,4106902,0,URBS,203,https://moovitapp.com/index/pt-br/transporte_p%C3%BAblico-line-203_SANTA_C%C3%82NDIDA_CAP%C3%83O_RASO-Curitiba-942-9628-1323737-0,-1.0,-25.418396,-49.263666,,False,5,1,2023-06-15T15:51:54.766523+00:00
CUR_HE714,Curitiba,4106902,0,URBS,203,https://moovitapp.com/index/pt-br/transporte_p%C3%BAblico-line-203_SANTA_C%C3%82NDIDA_CAP%C3%83O_RASO-Curitiba-942-9628-1323737-0,-1.0,-25.39373,-49.24079,,False,5,2,2023-06-15T15:51:54.766523+00:00
CUR_BE715,Curitiba,4106902,0,URBS,203,https://moovitapp.com/index/pt-br/transporte_p%C3%BAblico-line-203_SANTA_C%C3%82NDIDA_CAP%C3%83O_RASO-Curitiba-942-9628-1323737-0,-1.0,-25.463685,-49.290901,,False,5,1,2023-06-15T15:51:54.766523+00:00
CUR_BE702,Curitiba,4106902,0,URBS,203,https://moovitapp.com/index/pt-br/transporte_p%C3%BAblico-line-203_SANTA_C%C3%82NDIDA_CAP%C3%83O_RASO-Curitiba-942-9628-1323737-0,-1.0,-25.486173,-49.294308,,False,5,2,2023-06-15T15:51:54.766523+00:00
CUR_BE708,Curitiba,4106902,0,URBS,203,https://moovitapp.com/index/pt-br/transporte_p%C3%BAblico-line-203_SANTA_C%C3%82NDIDA_CAP%C3%83O_RASO-Curitiba-942-9628-1323737-0,-1.0,-25.482005,-49.292835,,False,5,2,2023-06-15T15:51:54.766523+00:00
CUR_GE726,Curitiba,4106902,0,URBS,203,https://moovitapp.com/index/pt-br/transporte_p%C3%BAblico-line-203_SANTA_C%C3%82NDIDA_CAP%C3%83O_RASO-Curitiba-942-9628-1323737-0,-1.0,-25.387783,-49.235215,,False,5,1,2023-06-15T15:49:54.766523+00:00
CUR_GE704,Curitiba,4106902,0,URBS,203,https://moovitapp.com/index/pt-br/transporte_p%C3%BAblico-line-203_SANTA_C%C3%82NDIDA_CAP%C3%83O_RASO-Curitiba-942-9628-1323737-0,-1.0,-25.406656,-49.252825,,False,5,1,2023-06-15T15:51:54.766523+00:00
CUR_BE727,Curitiba,4106902,0,URBS,203,https://moovitapp.com/index/pt-br/transporte_p%C3%BAblico-line-203_SANTA_C%C3%82NDIDA_CAP%C3%83O_RASO-Curitiba-942-9628-1323737-0,-1.0,-25.464928,-49.291395,,False,5,2,2023-06-15T15:51:54.766523+00:00
CUR_BE719,Curitiba,4106902,0,URBS,203,https://moovitapp.com/index/pt-br/transporte_p%C3%BAblico-line-203_SANTA_C%C3%82NDIDA_CAP%C3%83O_RASO-Curitiba-942-9628-1323737-0,-1.0,-25.43745,-49.266128,,False,5,1,2023-06-15T15:51:54.766523+00:00
CUR_BE728,Curitiba,4106902,0,URBS,203,https://moovitapp.com/index/pt-br/transporte_p%C3%BAblico-line-203_SANTA_C%C3%82NDIDA_CAP%C3%83O_RASO-Curitiba-942-9628-1323737-0,-1.0,-25.443376,-49.281878,,False,5,2,2023-06-15T15:51:54.766523+00:00
CUR_BD135,Curitiba,4106902,0,URBS,203,https://moovitapp.com/index/pt-br/transporte_p%C3%BAblico-line-203_SANTA_C%C3%82NDIDA_CAP%C3%83O_RASO-Curitiba-942-9628-1323737-0,-1.0,-25.448093,-49.287708,,False,5,1,2023-06-15T15:51:54.766523+00:00
CUR_BE710,Curitiba,4106902,0,URBS,203,https://moovitapp.com/index/pt-br/transporte_p%C3%BAblico-line-203_SANTA_C%C3%82NDIDA_CAP%C3%83O_RASO-Curitiba-942-9628-1323737-0,-1.0,-25.427965,-49.268463,,False,5,2,2023-06-15T15:50:54.766523+00:00
CUR_GD341,Curitiba,4106902,0,URBS,203,https://moovitapp.com/index/pt-br/transporte_p%C3%BAblico-line-203_SANTA_C%C3%82NDIDA_CAP%C3%83O_RASO-Curitiba-942-9628-1323737-0,-1.0,-25.444876,-49.285675,,False,5,2,2023-06-15T15:51:54.766523+00:00
CUR_GE715,Curitiba,4106902,0,URBS,203,https://moovitapp.com/index/pt-br/transporte_p%C3%BAblico-line-203_SANTA_C%C3%82NDIDA_CAP%C3%83O_RASO-Curitiba-942-9628-1323737-0,-1.0,-25.390105,-49.237416,,False,5,1,2023-06-15T15:44:54.766523+00:00
CUR_BD150,Curitiba,4106902,0,URBS,203,https://moovitapp.com/index/pt-br/transporte_p%C3%BAblico-line-203_SANTA_C%C3%82NDIDA_CAP%C3%83O_RASO-Curitiba-942-9628-1323737-0,-1.0,-25.394928,-49.242703,,False,5,1,2023-06-15T15:51:54.766523+00:00
CUR_HI026,Curitiba,4106902,1,,680,,,-25.52889,-49.299208,,False,1,2,2023-06-15T15:51:54.766523+00:00
CUR_HI033,Curitiba,4106902,1,,680,,,-25.583241,-49.323413,,False,1,1,2023-06-15T15:51:54.766523+00:00
CUR_HA025,Curitiba,4106902,1,,680,,,-25.538908,-49.30798,,False,1,1,2023-06-15T15:51:54.766523+00:00
CUR_GI855,Curitiba,4106902,1,,662,,,-25.481801,-49.277906,,False,7,1,2023-06-15T15:51:54.766523+00:00
CUR_BI856,Curitiba,4106902,1,Auto Viação São José,212,https://moovitapp.com/index/pt-br/transporte_p%C3%BAblico-line-212_PIT_PRA%C3%87A_DA_JUVENTUDE_SANTA_F%C3%89_CRISTAL-Curitiba-942-857412-73656311-0,-1.0,-25.395405,-49.215525,,False,7,1,2023-06-15T15:51:54.766523+00:00
CUR_GI011,Curitiba,4106902,1,,636,,,-25.532156,-49.287248,,False,1,2,2023-06-15T15:51:54.766523+00:00
CUR_BI873,Curitiba,4106902,1,,184,,,-25.427513,-49.270761,,False,7,1,2023-06-15T15:51:54.766523+00:00
CUR_CI001,Curitiba,4106902,1,,222,,,-25.38252,-49.196796,,False,1,1,2023-06-15T15:51:54.766523+00:00
CUR_CI008,Curitiba,4106902,1,,222,,,-25.39433,-49.240426,,False,1,2,2023-06-15T15:51:54.766523+00:00
CUR_BI028,Curitiba,4106902,1,,916,,,-25.40095,-49.330175,,False,1,1,2023-06-15T15:51:54.766523+00:00
CUR_GI007,Curitiba,4106902,1,,547,,,-25.534206,-49.26751,,False,1,1,2023-06-15T15:50:54.766523+00:00
CUR_DC092,Curitiba,4106902,1,,468,,,-25.440215,-49.26855,,False,1,2,2023-06-15T15:51:54.766523+00:00
CUR_DA022,Curitiba,4106902,0,,468,,,-25.49517,-49.20849,,False,1,1,2023-06-15T15:51:54.766523+00:00
CUR_MN608,Curitiba,4106902,1,,915,,,-25.390583,-49.34543,,False,7,1,2023-06-15T15:51:54.766523+00:00
CUR_EA027,Curitiba,4106902,1,,X06,,,-25.551278,-49.248831,,False,1,2,2023-06-15T15:44:54.766523+00:00
CUR_EI001,Curitiba,4106902,1,,561,,,-25.440008,-49.271961,,False,1,1,2023-06-15T15:51:54.766523+00:00
CUR_EI012,Curitiba,4106902,1,,561,,,-25.477021,-49.265568,,False,1,2,2023-06-15T15:51:54.766523+00:00
CUR_JL322,Curitiba,4106902,1,URBS,702,https://moovitapp.com/index/pt-br/transporte_p%C3%BAblico-line-702_CAIU%C3%81_CACHOEIRA-Curitiba-942-9628-133282980-0,-1.0,-25.412713,-49.266073,,False,3,2,2023-06-15T15:51:54.766523+00:00
CUR_JL300,Curitiba,4106902,0,URBS,702,https://moovitapp.com/index/pt-br/transporte_p%C3%BAblico-line-702_CAIU%C3%81_CACHOEIRA-Curitiba-942-9628-133282980-0,-1.0,-25.341978,-49.268828,,False,3,2,2023-06-15T15:51:54.766523+00:00
CUR_JL320,Curitiba,4106902,1,URBS,702,https://moovitapp.com/index/pt-br/transporte_p%C3%BAblico-line-702_CAIU%C3%81_CACHOEIRA-Curitiba-942-9628-133282980-0,-1.0,-25.393445,-49.258213,,False,3,1,2023-06-15T15:49:54.766523+00:00
CUR_JL313,Curitiba,4106902,0,URBS,702,https://moovitapp.com/index/pt-br/transporte_p%C3%BAblico-line-702_CAIU%C3%81_CACHOEIRA-Curitiba-942-9628-133282980-0,-1.0,-25.423588,-49.269861,,False,3,1,2023-06-15T15:51:54.766523+00:00
CUR_BI898,Curitiba,4106902,1,,169,,,-25.396013,-49.28659,,False,7,2,2023-06-15T15:51:54.766523+00:00
CUR_BI853,Curitiba,4106902,1,,169,,,-25.42552,-49.273918,,False,7,1,2023-06-15T15:51:54.766523+00:00
CUR_GI057,Curitiba,4106902,1,,638,,,-25.55346,-49.267521,,False,1,2,2023-06-15T15:51:54.766523+00:00
CUR_GI009,Curitiba,4106902,1,,638,,,-25.51335,-49.294743,,False,1,1,2023-06-15T15:51:54.766523+00:00
CUR_DC983,Curitiba,4106902,1,,462,,,-25.466966,-49.222023,,False,1,1,2023-06-15T15:50:54.766523+00:00
CUR_DC090,Curitiba,4106902,1,,462,,,-25.434688,-49.272293,,False,1,1,2023-06-15T15:48:54.766523+00:00
CUR_ML307,Curitiba,4106902,0,URBS,307,https://moovitapp.com/index/pt-br/transporte_p%C3%BAblico-line-307_BAIRRO_ALTO_SANTA_FELICIDADE-Curitiba-942-9628-1323712-0,-1.0,-25.420861,-49.29239,,False,3,1,2023-06-15T15:51:54.766523+00:00
CUR_BL328,Curitiba,4106902,0,URBS,307,https://moovitapp.com/index/pt-br/transporte_p%C3%BAblico-line-307_BAIRRO_ALTO_SANTA_FELICIDADE-Curitiba-942-9628-1323712-0,-1.0,-25.42615,-49.270093,,False,3,1,2023-06-15T15:51:54.766523+00:00
CUR_CL303,Curitiba,4106902,0,URBS,307,https://moovitapp.com/index/pt-br/transporte_p%C3%BAblico-line-307_BAIRRO_ALTO_SANTA_FELICIDADE-Curitiba-942-9628-1323712-0,-1.0,-25.42515,-49.258643,,False,3,2,2023-06-15T15:51:54.766523+00:00
CUR_BL325,Curitiba,4106902,0,URBS,307,https://moovitapp.com/index/pt-br/transporte_p%C3%BAblico-line-307_BAIRRO_ALTO_SANTA_FELICIDADE-Curitiba-942-9628-1323712-0,-1.0,-25.430481,-49.211125,,False,3,2,2023-06-15T15:51:54.766523+00:00
CUR_CL302,Curitiba,4106902,0,URBS,307,https://moovitapp.com/index/pt-br/transporte_p%C3%BAblico-line-307_BAIRRO_ALTO_SANTA_FELICIDADE-Curitiba-942-9628-1323712-0,-1.0,-25.428876,-49.285925,,False,3,2,2023-06-15T15:51:54.766523+00:00
CUR_ML308,Curitiba,4106902,0,URBS,307,https://moovitapp.com/index/pt-br/transporte_p%C3%BAblico-line-307_BAIRRO_ALTO_SANTA_FELICIDADE-Curitiba-942-9628-1323712-0,-1.0,-25.427628,-49.240925,,False,3,1,2023-06-15T15:51:54.766523+00:00
CUR_CL306,Curitiba,4106902,0,URBS,307,https://moovitapp.com/index/pt-br/transporte_p%C3%BAblico-line-307_BAIRRO_ALTO_SANTA_FELICIDADE-Curitiba-942-9628-1323712-0,-1.0,-25.405358,-49.32436,,False,3,2,2023-06-15T15:51:54.766523+00:00
CUR_ML312,Curitiba,4106902,0,URBS,307,https://moovitapp.com/index/pt-br/transporte_p%C3%BAblico-line-307_BAIRRO_ALTO_SANTA_FELICIDADE-Curitiba-942-9628-1323712-0,-1.0,-25.414881,-49.20523,,False,3,1,2023-06-15T15:50:54.766523+00:00
CUR_GI048,Curitiba,4106902,1,,640,,,-25.518445,-49.295645,,False,1,2,2023-06-15T15:47:54.766523+00:00
CUR_GI024,Curitiba,4106902,1,,640,,,-25.53383,-49.294388,,False,1,1,2023-06-15T15:50:54.766523+00:00
CUR_GI008,Curitiba,4106902,1,,665,,,-25.510571,-49.283311,,False,1,2,2023-06-15T15:51:54.766523+00:00
CUR_GI851,Curitiba,4106902,1,,665,,,-25.436328,-49.27384,,False,7,1,2023-06-15T15:51:54.766523+00:00
CUR_EA074,Curitiba,4106902,1,,512,,,-25.503786,-49.26507,,False,1,2,2023-06-15T15:50:54.766523+00:00
CUR_GI041,Curitiba,4106902,1,,642,,,-25.541811,-49.294521,,False,1,2,2023-06-15T15:51:54.766523+00:00
CUR_DC294,Curitiba,4106902,1,,334,,,-25.466305,-49.200385,,False,1,,2023-06-15T15:43:54.766523+00:00
CUR_GI036,Curitiba,4106902,1,,552,,,-25.546808,-49.262256,,False,1,1,2023-06-15T15:51:54.766523+00:00
CUR_GI042,Curitiba,4106902,1,,552,,,-25.543663,-49.267723,,False,1,1,2023-06-15T15:51:54.766523+00:00
CUR_DN608,Curitiba,4106902,1,,463,,,-25.434728,-49.263013,,False,7,1,2023-06-15T15:51:54.766523+00:00
CUR_DN602,Curitiba,4106902,1,,463,,,-25.484798,-49.19623,,False,7,2,2023-06-15T15:51:54.766523+00:00
CUR_BI867,Curitiba,4106902,1,,237,,,-25.376796,-49.22408,,False,7,,2023-06-15T15:51:54.766523+00:00
CUR_BC305,Curitiba,4106902,1,,205,,,-25.391938,-49.260915,,False,3,2,2023-06-15T15:51:54.766523+00:00
CUR_BC307,Curitiba,4106902,1,,205,,,-25.37796,-49.262455,,False,3,2,2023-06-15T15:50:54.766523+00:00
CUR_BC311,Curitiba,4106902,1,,205,,,-25.428765,-49.269501,,False,3,2,2023-06-15T15:51:54.766523+00:00
CUR_BC306,Curitiba,4106902,1,,205,,,-25.411668,-49.258623,,False,3,1,2023-06-15T15:51:54.766523+00:00
CUR_BC032,Curitiba,4106902,1,,171,,,-25.38044,-49.291308,,False,1,1,2023-06-15T15:51:54.766523+00:00
CUR_BI876,Curitiba,4106902,1,,275,,,-25.407255,-49.260656,,False,7,2,2023-06-15T15:51:54.766523+00:00
CUR_BI880,Curitiba,4106902,1,,275,,,-25.382215,-49.251621,,False,7,1,2023-06-15T15:51:54.766523+00:00
CUR_BI865,Curitiba,4106902,1,,272,,,-25.375103,-49.249695,,False,7,1,2023-06-15T15:51:54.766523+00:00
CUR_BI885,Curitiba,4106902,1,,272,,,-25.416725,-49.268198,,False,7,2,2023-06-15T15:50:54.766523+00:00
CUR_GI859,Curitiba,4106902,1,,661,,,-25.435768,-49.27146,,False,7,1,2023-06-15T15:49:54.766523+00:00
CUR_HI048,Curitiba,4106902,1,,622,,,-25.494286,-49.316633,,False,1,2,2023-06-15T15:51:54.766523+00:00
CUR_HI020,Curitiba,4106902,1,,617,,,-25.517993,-49.295626,,False,1,2,2023-06-15T15:51:54.766523+00:00
CUR_HI007,Curitiba,4106902,1,,617,,,-25.573638,-49.32782,,False,1,1,2023-06-15T15:51:54.766523+00:00
CUR_HC013,Curitiba,4106902,1,,617,,,-25.538345,-49.307806,,False,1,1,2023-06-15T15:51:54.766523+00:00
CUR_HI006,Curitiba,4106902,1,,627,,,-25.5356,-49.317573,,False,1,1,2023-06-15T15:51:54.766523+00:00
CUR_HI017,Curitiba,4106902,1,,627,,,-25.500348,-49.304705,,False,1,2,2023-06-15T15:51:54.766523+00:00
CUR_HI047,Curitiba,4106902,1,,623,,,-25.496175,-49.296118,,False,1,2,2023-06-15T15:51:54.766523+00:00
CUR_HI004,Curitiba,4106902,1,,623,,,-25.51986,-49.304701,,False,1,1,2023-06-15T15:51:54.766523+00:00
CUR_HA027,Curitiba,4106902,1,,623,,,-25.538978,-49.307813,,False,1,1,2023-06-15T15:51:54.766523+00:00
CUR_HI850,Curitiba,4106902,1,,265,,,-25.451146,-49.306243,,False,7,2,2023-06-15T15:51:54.766523+00:00
CUR_KE708,Curitiba,4106902,0,URBS,502,https://moovitapp.com/index/pt-br/transporte_p%C3%BAblico-line-502_CIRCULAR_SUL_HOR%C3%81RIO-Curitiba-942-9628-294482-0,-1.0,-25.52782,-49.291575,,False,5,,2023-06-15T15:51:54.766523+00:00
CUR_HE615,Curitiba,4106902,0,URBS,502,https://moovitapp.com/index/pt-br/transporte_p%C3%BAblico-line-502_CIRCULAR_SUL_HOR%C3%81RIO-Curitiba-942-9628-294482-0,-1.0,-25.475763,-49.292846,,False,4,,2023-06-15T15:51:54.766523+00:00
CUR_GE612,Curitiba,4106902,0,URBS,502,https://moovitapp.com/index/pt-br/transporte_p%C3%BAblico-line-502_CIRCULAR_SUL_HOR%C3%81RIO-Curitiba-942-9628-294482-0,-1.0,-25.492515,-49.241863,,False,4,,2023-06-15T15:51:54.766523+00:00
CUR_HE601,Curitiba,4106902,0,URBS,502,https://moovitapp.com/index/pt-br/transporte_p%C3%BAblico-line-502_CIRCULAR_SUL_HOR%C3%81RIO-Curitiba-942-9628-294482-0,-1.0,-25.476446,-49.280043,,False,4,,2023-06-15T15:51:54.766523+00:00
CUR_GE603,Curitiba,4106902,0,URBS,502,https://moovitapp.com/index/pt-br/transporte_p%C3%BAblico-line-502_CIRCULAR_SUL_HOR%C3%81RIO-Curitiba-942-9628-294482-0,-1.0,-25.497598,-49.295688,,False,4,,2023-06-15T15:51:54.766523+00:00
CUR_HE614,Curitiba,4106902,0,URBS,502,https://moovitapp.com/index/pt-br/transporte_p%C3%BAblico-line-502_CIRCULAR_SUL_HOR%C3%81RIO-Curitiba-942-9628-294482-0,-1.0,-25.53324,-49.264176,,False,4,,2023-06-15T15:51:54.766523+00:00
CUR_HE609,Curitiba,4106902,0,URBS,502,https://moovitapp.com/index/pt-br/transporte_p%C3%BAblico-line-502_CIRCULAR_SUL_HOR%C3%81RIO-Curitiba-942-9628-294482-0,-1.0,-25.52128,-49.22795,,False,4,,2023-06-15T15:51:54.766523+00:00
CUR_JA301,Curitiba,4106902,1,,826,,,-25.511771,-49.324586,,False,3,2,2023-06-15T15:51:54.766523+00:00
CUR_HI008,Curitiba,4106902,1,,826,,,-25.469058,-49.354413,,False,1,1,2023-06-15T15:51:54.766523+00:00
CUR_HI013,Curitiba,4106902,1,,826,,,-25.45014,-49.353685,,False,1,2,2023-06-15T15:43:54.766523+00:00
CUR_HA130,Curitiba,4106902,1,,826,,,-25.539355,-49.307716,,False,1,1,2023-06-15T15:51:54.766523+00:00
CUR_BI866,Curitiba,4106902,1,Auto Viação São José,214,https://moovitapp.com/index/pt-br/transporte_p%C3%BAblico-line-214_PIT_PRA%C3%87A_DA_JUVENTUDE_CRISTAL_BLANCO_POMBO_ANTI_HOR%C3%81RIO-Curitiba-942-857412-119631273-0,-1.0,-25.383008,-49.224811,,False,7,1,2023-06-15T15:51:54.766523+00:00
CUR_GI043,Curitiba,4106902,1,,624,,,-25.491618,-49.291466,,False,1,1,2023-06-15T15:51:54.766523+00:00
CUR_BC001,Curitiba,4106902,1,,207,,,-25.410478,-49.275471,,False,1,2,2023-06-15T15:51:54.766523+00:00
CUR_BC324,Curitiba,4106902,1,,207,,,-25.427538,-49.270898,,False,3,1,2023-06-15T15:51:54.766523+00:00
CUR_BC323,Curitiba,4106902,1,,207,,,-25.407025,-49.253165,,False,3,2,2023-06-15T15:51:54.766523+00:00
CUR_BC310,Curitiba,4106902,1,,207,,,-25.394741,-49.242723,,False,3,1,2023-06-15T15:51:54.766523+00:00
CUR_BC309,Curitiba,4106902,1,,207,,,-25.395071,-49.243083,,False,3,1,2023-06-15T15:50:54.766523+00:00
CUR_HB610,Curitiba,4106902,1,,040,,,-25.405353,-49.335583,,False,4,1,2023-06-15T15:51:54.766523+00:00
CUR_GB610,Curitiba,4106902,1,,040,,,-25.40783,-49.338941,,False,4,2,2023-06-15T15:51:54.766523+00:00
CUR_GB604,Curitiba,4106902,1,,040,,,-25.43989,-49.346213,,False,4,1,2023-06-15T15:49:54.766523+00:00
CUR_JB609,Curitiba,4106902,1,,040,,,-25.517975,-49.320885,,False,4,1,2023-06-15T15:51:54.766523+00:00
CUR_HB602,Curitiba,4106902,1,,040,,,-25.441626,-49.346653,,False,4,2,2023-06-15T15:51:54.766523+00:00
CUR_JB699,Curitiba,4106902,1,,040,,,-25.467733,-49.344061,,False,4,1,2023-06-15T15:51:54.766523+00:00
CUR_MR106,Curitiba,4106902,1,,040,,,-25.506105,-49.32883,,False,4,1,2023-06-15T15:51:54.766523+00:00
CUR_HB604,Curitiba,4106902,1,,040,,,-25.512275,-49.3133,,False,4,2,2023-06-15T15:51:54.766523+00:00
CUR_HI606,Curitiba,4106902,1,,040,,,-25.466828,-49.344423,,False,4,2,2023-06-15T15:51:54.766523+00:00
CUR_JI601,Curitiba,4106902,1,,040,,,-25.471261,-49.342451,,False,4,1,2023-06-15T15:51:54.766523+00:00
CUR_BL605,Curitiba,4106902,0,URBS,022,https://moovitapp.com/index/pt-br/transporte_p%C3%BAblico-line-022_INTER_2_HOR%C3%81RIO-Curitiba-942-9628-381388-0,-1.0,-25.437253,-49.219175,,False,4,,2023-06-15T15:51:54.766523+00:00
CUR_BL607,Curitiba,4106902,0,URBS,022,https://moovitapp.com/index/pt-br/transporte_p%C3%BAblico-line-022_INTER_2_HOR%C3%81RIO-Curitiba-942-9628-381388-0,-1.0,-25.445655,-49.304683,,False,4,,2023-06-15T15:51:54.766523+00:00
CUR_BL336,Curitiba,4106902,0,URBS,022,https://moovitapp.com/index/pt-br/transporte_p%C3%BAblico-line-022_INTER_2_HOR%C3%81RIO-Curitiba-942-9628-381388-0,-1.0,-25.428406,-49.241288,,False,3,,2023-06-15T15:51:54.766523+00:00
CUR_BL602,Curitiba,4106902,0,URBS,022,https://moovitapp.com/index/pt-br/transporte_p%C3%BAblico-line-022_INTER_2_HOR%C3%81RIO-Curitiba-942-9628-381388-0,-1.0,-25.433443,-49.29765,,False,4,,2023-06-15T15:51:54.766523+00:00
CUR_CL698,Curitiba,4106902,0,URBS,022,https://moovitapp.com/index/pt-br/transporte_p%C3%BAblico-line-022_INTER_2_HOR%C3%81RIO-Curitiba-942-9628-381388-0,-1.0,-25.406816,-49.252338,,False,4,,2023-06-15T15:49:54.766523+00:00
CUR_CL601,Curitiba,4106902,0,URBS,022,https://moovitapp.com/index/pt-br/transporte_p%C3%BAblico-line-022_INTER_2_HOR%C3%81RIO-Curitiba-942-9628-381388-0,-1.0,-25.473475,-49.29036,,False,4,,2023-06-15T15:51:54.766523+00:00
CUR_HL322,Curitiba,4106902,0,URBS,022,https://moovitapp.com/index/pt-br/transporte_p%C3%BAblico-line-022_INTER_2_HOR%C3%81RIO-Curitiba-942-9628-381388-0,-1.0,-25.484485,-49.250685,,False,3,,2023-06-15T15:50:54.766523+00:00
CUR_CL602,Curitiba,4106902,0,URBS,022,https://moovitapp.com/index/pt-br/transporte_p%C3%BAblico-line-022_INTER_2_HOR%C3%81RIO-Curitiba-942-9628-381388-0,-1.0,-25.47183,-49.23761,,False,4,,2023-06-15T15:51:54.766523+00:00
CUR_BL329,Curitiba,4106902,0,URBS,022,https://moovitapp.com/index/pt-br/transporte_p%C3%BAblico-line-022_INTER_2_HOR%C3%81RIO-Curitiba-942-9628-381388-0,-1.0,-25.39854,-49.21247,,False,3,,2023-06-15T15:51:54.766523+00:00
CUR_BL600,Curitiba,4106902,0,URBS,022,https://moovitapp.com/index/pt-br/transporte_p%C3%BAblico-line-022_INTER_2_HOR%C3%81RIO-Curitiba-942-9628-381388-0,-1.0,-25.415801,-49.281258,,False,4,,2023-06-15T15:51:54.766523+00:00
CUR_BL307,Curitiba,4106902,0,URBS,022,https://moovitapp.com/index/pt-br/transporte_p%C3%BAblico-line-022_INTER_2_HOR%C3%81RIO-Curitiba-942-9628-381388-0,-1.0,-25.398506,-49.212456,,False,3,,2023-06-15T15:51:54.766523+00:00
CUR_BL320,Curitiba,4106902,0,URBS,022,https://moovitapp.com/index/pt-br/transporte_p%C3%BAblico-line-022_INTER_2_HOR%C3%81RIO-Curitiba-942-9628-381388-0,-1.0,-25.415076,-49.281273,,False,3,,2023-06-15T15:51:54.766523+00:00
CUR_HI022,Curitiba,4106902,1,,772,,,-25.619985,-49.371015,,False,1,2,2023-06-15T15:49:54.766523+00:00
CUR_HI002,Curitiba,4106902,1,,772,,,-25.516425,-49.295726,,False,1,2,2023-06-15T15:50:54.766523+00:00
CUR_HA616,Curitiba,4106902,1,,772,,,-25.594621,-49.322135,,False,4,1,2023-06-15T15:51:54.766523+00:00
CUR_HA608,Curitiba,4106902,1,,772,,,-25.538911,-49.3083,,False,4,1,2023-06-15T15:51:54.766523+00:00
CUR_BI030,Curitiba,4106902,1,,812,,,-25.418401,-49.347026,,False,1,1,2023-06-15T15:51:54.766523+00:00
CUR_BI026,Curitiba,4106902,1,,812,,,-25.425225,-49.325038,,False,1,2,2023-06-15T15:51:54.766523+00:00
CUR_MC079,Curitiba,4106902,1,,972,,,-25.4229,-49.281988,,False,1,2,2023-06-15T15:51:54.766523+00:00
CUR_MC077,Curitiba,4106902,1,,972,,,-25.393898,-49.320456,,False,1,1,2023-06-15T15:51:54.766523+00:00
CUR_EA021,Curitiba,4106902,1,,521,,,-25.519391,-49.246471,,False,1,2,2023-06-15T15:51:54.766523+00:00
CUR_EI018,Curitiba,4106902,1,,663,,,-25.478551,-49.283565,,False,1,1,2023-06-15T15:51:54.766523+00:00
CUR_EI013,Curitiba,4106902,1,,663,,,-25.463101,-49.276143,,False,1,2,2023-06-15T15:51:54.766523+00:00
CUR_EI017,Curitiba,4106902,1,,475,,,-25.444826,-49.255458,,False,1,1,2023-06-15T15:51:54.766523+00:00
CUR_EI020,Curitiba,4106902,1,,475,,,-25.490758,-49.228345,,False,1,2,2023-06-15T15:51:54.766523+00:00
CUR_BI022,Curitiba,4106902,1,,225,,,-25.383406,-49.250276,,False,1,2,2023-06-15T15:50:54.766523+00:00
CUR_BB307,Curitiba,4106902,1,,011,,,-25.434661,-49.258645,,False,10,,2023-06-15T15:50:54.766523+00:00
CUR_BB305,Curitiba,4106902,1,,011,,,-25.43849,-49.291495,,False,10,,2023-06-15T15:51:54.766523+00:00
CUR_BI871,Curitiba,4106902,1,,280,,,-25.379493,-49.233736,,False,7,2,2023-06-15T15:51:54.766523+00:00
CUR_BI878,Curitiba,4106902,1,,280,,,-25.411086,-49.258008,,False,7,1,2023-06-15T15:47:54.766523+00:00
CUR_BI007,Curitiba,4106902,1,,374,,,-25.409071,-49.207945,,False,1,2,2023-06-15T15:51:54.766523+00:00
CUR_BI005,Curitiba,4106902,1,,374,,,-25.425183,-49.259598,,False,1,1,2023-06-15T15:51:54.766523+00:00
CUR_BC020,Curitiba,4106902,1,,870,,,-25.429483,-49.284685,,False,1,1,2023-06-15T15:50:54.766523+00:00
CUR_BC008,Curitiba,4106902,1,,870,,,-25.4191,-49.348543,,False,1,1,2023-06-15T15:51:54.766523+00:00
CUR_BC009,Curitiba,4106902,1,,870,,,-25.434651,-49.307238,,False,1,2,2023-06-15T15:51:54.766523+00:00
CUR_GI028,Curitiba,4106902,1,,534,,,-25.534426,-49.268023,,False,1,2,2023-06-15T15:41:54.766523+00:00
CUR_GI025,Curitiba,4106902,1,,534,,,-25.530408,-49.255956,,False,1,2,2023-06-15T15:51:54.766523+00:00
CUR_DC850,Curitiba,4106902,1,,477,,,-25.45499,-49.254916,,False,7,2,2023-06-15T15:51:54.766523+00:00
CUR_EI016,Curitiba,4106902,1,,532,,,-25.518628,-49.23174,,False,1,2,2023-06-15T15:51:54.766523+00:00
CUR_JI864,Curitiba,4106902,1,,760,,,-25.451896,-49.295378,,False,7,2,2023-06-15T15:51:54.766523+00:00
CUR_DE722,Curitiba,4106902,0,URBS,303,https://moovitapp.com/index/pt-br/transporte_p%C3%BAblico-line-303_CENTEN%C3%81RIO_CAMPO_COMPRIDO-Curitiba-942-9628-531689-0,-1.0,-25.440001,-49.336675,,False,5,2,2023-06-15T15:51:54.766523+00:00
CUR_DE705,Curitiba,4106902,0,URBS,303,https://moovitapp.com/index/pt-br/transporte_p%C3%BAblico-line-303_CENTEN%C3%81RIO_CAMPO_COMPRIDO-Curitiba-942-9628-531689-0,-1.0,-25.435756,-49.261591,,False,5,2,2023-06-15T15:51:54.766523+00:00
CUR_DE711,Curitiba,4106902,0,URBS,303,https://moovitapp.com/index/pt-br/transporte_p%C3%BAblico-line-303_CENTEN%C3%81RIO_CAMPO_COMPRIDO-Curitiba-942-9628-531689-0,-1.0,-25.440985,-49.342685,,False,5,1,2023-06-15T15:51:54.766523+00:00
CUR_JE707,Curitiba,4106902,0,URBS,303,https://moovitapp.com/index/pt-br/transporte_p%C3%BAblico-line-303_CENTEN%C3%81RIO_CAMPO_COMPRIDO-Curitiba-942-9628-531689-0,-1.0,-25.467965,-49.20895,,False,5,2,2023-06-15T15:51:54.766523+00:00
CUR_DE703,Curitiba,4106902,0,URBS,303,https://moovitapp.com/index/pt-br/transporte_p%C3%BAblico-line-303_CENTEN%C3%81RIO_CAMPO_COMPRIDO-Curitiba-942-9628-531689-0,-1.0,-25.436011,-49.274796,,False,5,2,2023-06-15T15:51:54.766523+00:00
CUR_JE702,Curitiba,4106902,0,URBS,303,https://moovitapp.com/index/pt-br/transporte_p%C3%BAblico-line-303_CENTEN%C3%81RIO_CAMPO_COMPRIDO-Curitiba-942-9628-531689-0,-1.0,-25.43961,-49.23747,,False,5,2,2023-06-15T15:51:54.766523+00:00
CUR_DE719,Curitiba,4106902,0,URBS,303,https://moovitapp.com/index/pt-br/transporte_p%C3%BAblico-line-303_CENTEN%C3%81RIO_CAMPO_COMPRIDO-Curitiba-942-9628-531689-0,-1.0,-25.433626,-49.277953,,False,5,1,2023-06-15T15:51:54.766523+00:00
CUR_DE700,Curitiba,4106902,0,URBS,303,https://moovitapp.com/index/pt-br/transporte_p%C3%BAblico-line-303_CENTEN%C3%81RIO_CAMPO_COMPRIDO-Curitiba-942-9628-531689-0,-1.0,-25.437601,-49.266645,,False,5,1,2023-06-15T15:51:54.766523+00:00
CUR_JE709,Curitiba,4106902,0,URBS,303,https://moovitapp.com/index/pt-br/transporte_p%C3%BAblico-line-303_CENTEN%C3%81RIO_CAMPO_COMPRIDO-Curitiba-942-9628-531689-0,-1.0,-25.430131,-49.292128,,False,5,2,2023-06-15T15:51:54.766523+00:00
CUR_JE708,Curitiba,4106902,0,URBS,303,https://moovitapp.com/index/pt-br/transporte_p%C3%BAblico-line-303_CENTEN%C3%81RIO_CAMPO_COMPRIDO-Curitiba-942-9628-531689-0,-1.0,-25.436745,-49.327628,,False,5,2,2023-06-15T15:46:54.766523+00:00
CUR_DE708,Curitiba,4106902,0,URBS,303,https://moovitapp.com/index/pt-br/transporte_p%C3%BAblico-line-303_CENTEN%C3%81RIO_CAMPO_COMPRIDO-Curitiba-942-9628-531689-0,-1.0,-25.462298,-49.211113,,False,5,1,2023-06-15T15:51:54.766523+00:00
CUR_DE715,Curitiba,4106902,0,URBS,303,https://moovitapp.com/index/pt-br/transporte_p%C3%BAblico-line-303_CENTEN%C3%81RIO_CAMPO_COMPRIDO-Curitiba-942-9628-531689-0,-1.0,-25.44647,-49.217056,,False,5,2,2023-06-15T15:51:54.766523+00:00
CUR_JE705,Curitiba,4106902,0,URBS,303,https://moovitapp.com/index/pt-br/transporte_p%C3%BAblico-line-303_CENTEN%C3%81RIO_CAMPO_COMPRIDO-Curitiba-942-9628-531689-0,-1.0,-25.435651,-49.306661,,False,5,1,2023-06-15T15:51:54.766523+00:00
CUR_JE706,Curitiba,4106902,0,URBS,303,https://moovitapp.com/index/pt-br/transporte_p%C3%BAblico-line-303_CENTEN%C3%81RIO_CAMPO_COMPRIDO-Curitiba-942-9628-531689-0,-1.0,-25.42963,-49.2908,,False,5,1,2023-06-15T15:50:54.766523+00:00
CUR_JE710,Curitiba,4106902,0,URBS,303,https://moovitapp.com/index/pt-br/transporte_p%C3%BAblico-line-303_CENTEN%C3%81RIO_CAMPO_COMPRIDO-Curitiba-942-9628-531689-0,-1.0,-25.437165,-49.243151,,False,5,1,2023-06-15T15:51:54.766523+00:00
CUR_DE695,Curitiba,4106902,0,URBS,303,https://moovitapp.com/index/pt-br/transporte_p%C3%BAblico-line-303_CENTEN%C3%81RIO_CAMPO_COMPRIDO-Curitiba-942-9628-531689-0,-1.0,-25.440325,-49.220911,,False,4,1,2023-06-15T15:51:54.766523+00:00
CUR_EI010,Curitiba,4106902,1,Auto Viação São José,515,https://moovitapp.com/index/pt-br/transporte_p%C3%BAblico-line-515_%E2%9C%88_AEROPORTO_1_SHOPPING_S%C3%83O_JOS%C3%89-Curitiba-942-857412-67925719-0,-1.0,-25.486216,-49.238141,,False,1,2,2023-06-15T15:50:54.766523+00:00
CUR_EI009,Curitiba,4106902,1,Auto Viação São José,515,https://moovitapp.com/index/pt-br/transporte_p%C3%BAblico-line-515_%E2%9C%88_AEROPORTO_1_SHOPPING_S%C3%83O_JOS%C3%89-Curitiba-942-857412-67925719-0,-1.0,-25.495821,-49.229603,,False,1,1,2023-06-15T15:51:54.766523+00:00
CUR_EI003,Curitiba,4106902,1,Auto Viação São José,515,https://moovitapp.com/index/pt-br/transporte_p%C3%BAblico-line-515_%E2%9C%88_AEROPORTO_1_SHOPPING_S%C3%83O_JOS%C3%89-Curitiba-942-857412-67925719-0,-1.0,-25.516846,-49.230781,,False,1,1,2023-06-15T15:51:54.766523+00:00
CUR_KI601,Curitiba,4106902,1,,629,,,-25.496058,-49.275951,,False,4,2,2023-06-15T15:51:54.766523+00:00
CUR_KI600,Curitiba,4106902,1,,629,,,-25.496458,-49.273631,,False,4,1,2023-06-15T15:51:54.766523+00:00
CUR_KA605,Curitiba,4106902,1,,629,,,-25.542458,-49.24176,,False,4,2,2023-06-15T15:51:54.766523+00:00
CUR_BB614,Curitiba,4106902,1,,021,,,-25.44529,-49.304891,,False,4,,2023-06-15T15:51:54.766523+00:00
CUR_EB600,Curitiba,4106902,1,,021,,,-25.439328,-49.220278,,False,4,,2023-06-15T15:51:54.766523+00:00
CUR_XY043,Curitiba,4106902,0,,021,,,-25.47792,-49.298021,,False,3,,2023-06-15T15:51:54.766523+00:00
CUR_GB601,Curitiba,4106902,1,,021,,,-25.492526,-49.293306,,False,4,,2023-06-15T15:51:54.766523+00:00
CUR_BB610,Curitiba,4106902,1,,021,,,-25.482573,-49.251195,,False,4,,2023-06-15T15:49:54.766523+00:00
CUR_CB604,Curitiba,4106902,1,,021,,,-25.397051,-49.288006,,False,4,,2023-06-15T15:51:54.766523+00:00
CUR_BI859,Curitiba,4106902,1,,175,,,-25.425788,-49.27401,,False,7,1,2023-06-15T15:51:54.766523+00:00
CUR_BI851,Curitiba,4106902,1,,175,,,-25.418723,-49.293453,,False,7,1,2023-06-15T15:51:54.766523+00:00
CUR_BA024,Curitiba,4106902,1,,342,,,-25.395603,-49.202566,,False,1,1,2023-06-15T15:51:54.766523+00:00
CUR_BI012,Curitiba,4106902,1,,342,,,-25.387213,-49.215906,,False,1,2,2023-06-15T15:51:54.766523+00:00
CUR_BC007,Curitiba,4106902,1,,168,,,-25.357576,-49.332786,,False,1,2,2023-06-15T15:50:54.766523+00:00
CUR_BC006,Curitiba,4106902,1,,168,,,-25.43015,-49.272211,,False,1,1,2023-06-15T15:51:54.766523+00:00
CUR_GI037,Curitiba,4106902,1,,643,,,-25.600596,-49.274031,,False,1,2,2023-06-15T15:48:54.766523+00:00
CUR_GI033,Curitiba,4106902,1,,643,,,-25.516838,-49.295633,,False,1,1,2023-06-15T15:51:54.766523+00:00
CUR_BB602,Curitiba,4106902,1,,030,,,-25.454311,-49.214211,,False,4,2,2023-06-15T15:51:54.766523+00:00
CUR_GB606,Curitiba,4106902,1,,030,,,-25.38017,-49.219328,,False,4,1,2023-06-15T15:51:54.766523+00:00
CUR_BB608,Curitiba,4106902,1,,030,,,-25.50106,-49.23785,,False,4,2,2023-06-15T15:51:54.766523+00:00
CUR_CB602,Curitiba,4106902,1,,030,,,-25.380573,-49.185953,,False,4,1,2023-06-15T15:51:54.766523+00:00
CUR_EB609,Curitiba,4106902,1,,030,,,-25.498856,-49.292833,,False,4,2,2023-06-15T15:50:54.766523+00:00
CUR_KB602,Curitiba,4106902,1,,030,,,-25.467118,-49.22158,,False,4,1,2023-06-15T15:51:54.766523+00:00
CUR_BB611,Curitiba,4106902,1,,030,,,-25.430885,-49.207655,,False,4,1,2023-06-15T15:51:54.766523+00:00
CUR_CA012,Curitiba,4106902,1,,030,,,-25.413198,-49.205716,,False,1,2,2023-06-15T15:51:54.766523+00:00
CUR_GR125,Curitiba,4106902,1,,030,,,-25.512458,-49.26048,,False,4,1,2023-06-15T15:51:54.766523+00:00
CUR_GI018,Curitiba,4106902,1,,625,,,-25.496893,-49.287181,,False,1,1,2023-06-15T15:51:54.766523+00:00
CUR_GI040,Curitiba,4106902,1,,625,,,-25.53108,-49.267325,,False,1,2,2023-06-15T15:51:54.766523+00:00
CUR_GI044,Curitiba,4106902,1,,625,,,-25.517746,-49.27655,,False,1,2,2023-06-15T15:51:54.766523+00:00
CUR_GC015,Curitiba,4106902,1,,625,,,-25.506741,-49.28575,,False,1,2,2023-06-15T15:51:54.766523+00:00
CUR_BB604,Curitiba,4106902,1,,020,,,-25.390028,-49.261491,,False,4,,2023-06-15T15:51:54.766523+00:00
CUR_HB611,Curitiba,4106902,1,,020,,,-25.492558,-49.291975,,False,4,,2023-06-15T15:49:54.766523+00:00
CUR_BB613,Curitiba,4106902,1,,020,,,-25.484238,-49.250173,,False,4,,2023-06-15T15:51:54.766523+00:00
CUR_CB603,Curitiba,4106902,1,,020,,,-25.440471,-49.220898,,False,4,,2023-06-15T15:51:54.766523+00:00
CUR_EB601,Curitiba,4106902,1,,020,,,-25.42283,-49.293156,,False,4,,2023-06-15T15:48:54.766523+00:00
CUR_EB606,Curitiba,4106902,1,,020,,,-25.46546,-49.300453,,False,4,,2023-06-15T15:50:54.766523+00:00
CUR_KB606,Curitiba,4106902,1,,020,,,-25.41757,-49.246531,,False,4,,2023-06-15T15:51:54.766523+00:00
CUR_DA294,Curitiba,4106902,1,,513,,,-25.50212,-49.256363,,False,1,1,2023-06-15T15:51:54.766523+00:00
CUR_DA300,Curitiba,4106902,1,,513,,,-25.514093,-49.251245,,False,3,2,2023-06-15T15:51:54.766523+00:00
CUR_DC851,Curitiba,4106902,1,,461,,,-25.450523,-49.262476,,False,7,2,2023-06-15T15:51:54.766523+00:00
CUR_MI854,Curitiba,4106902,1,,911,,,-25.398651,-49.340781,,False,7,1,2023-06-15T15:51:54.766523+00:00
CUR_JI023,Curitiba,4106902,1,,721,,,-25.490778,-49.347366,,False,1,2,2023-06-15T15:51:54.766523+00:00
CUR_EI006,Curitiba,4106902,1,,X07,,,-25.548293,-49.259498,,False,1,2,2023-06-15T15:51:54.766523+00:00
CUR_EA005,Curitiba,4106902,1,,X07,,,-25.536611,-49.27293,,False,1,1,2023-06-15T15:51:54.766523+00:00
CUR_EI007,Curitiba,4106902,1,,522,,,-25.521581,-49.26462,,False,1,1,2023-06-15T15:51:54.766523+00:00
CUR_EI014,Curitiba,4106902,1,,533,,,-25.516538,-49.23081,,False,1,,2023-06-15T15:51:54.766523+00:00
CUR_EI002,Curitiba,4106902,1,,523,,,-25.502065,-49.222986,,False,1,1,2023-06-15T15:50:54.766523+00:00
CUR_HI009,Curitiba,4106902,1,,828,,,-25.492711,-49.311506,,False,1,1,2023-06-15T15:51:54.766523+00:00
CUR_JI013,Curitiba,4106902,1,,828,,,-25.441618,-49.345095,,False,1,1,2023-06-15T15:51:54.766523+00:00
CUR_JI014,Curitiba,4106902,1,,828,,,-25.471658,-49.33068,,False,1,2,2023-06-15T15:51:54.766523+00:00
CUR_KA604,Curitiba,4106902,1,,545,,,-25.540633,-49.291401,,False,4,2,2023-06-15T15:51:54.766523+00:00
CUR_GI603,Curitiba,4106902,1,,545,,,-25.503871,-49.33479,,False,4,1,2023-06-15T15:51:54.766523+00:00
CUR_JI600,Curitiba,4106902,1,,545,,,-25.516688,-49.230905,,False,4,1,2023-06-15T15:51:54.766523+00:00
CUR_KA602,Curitiba,4106902,1,,545,,,-25.486053,-49.329038,,False,4,2,2023-06-15T15:51:54.766523+00:00
CUR_KA600,Curitiba,4106902,1,,545,,,-25.54067,-49.290945,,False,4,1,2023-06-15T15:51:54.766523+00:00
CUR_JI006,Curitiba,4106902,1,,611,,,-25.477281,-49.327638,,False,1,2,2023-06-15T15:51:54.766523+00:00
CUR_JI011,Curitiba,4106902,1,,611,,,-25.476498,-49.292386,,False,1,1,2023-06-15T15:51:54.766523+00:00
CUR_JI866,Curitiba,4106902,1,,862,,,-25.449346,-49.317536,,False,7,2,2023-06-15T15:51:54.766523+00:00
CUR_JI017,Curitiba,4106902,1,,777,,,-25.44475,-49.271295,,False,1,1,2023-06-15T15:51:54.766523+00:00
CUR_JI012,Curitiba,4106902,1,,777,,,-25.460808,-49.33729,,False,1,2,2023-06-15T15:51:54.766523+00:00
CUR_BI888,Curitiba,4106902,1,,274,,,-25.372556,-49.262755,,False,7,1,2023-06-15T15:51:54.766523+00:00
CUR_BI863,Curitiba,4106902,1,,274,,,-25.413535,-49.263658,,False,7,2,2023-06-15T15:51:54.766523+00:00
CUR_BA010,Curitiba,4106902,1,,817,,,-25.40882,-49.322653,,False,1,1,2023-06-15T15:51:54.766523+00:00
CUR_MI001,Curitiba,4106902,1,,817,,,-25.429768,-49.318715,,False,1,2,2023-06-15T15:51:54.766523+00:00
CUR_BC315,Curitiba,4106902,1,,371,,,-25.42672,-49.253948,,False,10,1,2023-06-15T15:51:54.766523+00:00
CUR_BC313,Curitiba,4106902,1,,371,,,-25.425421,-49.234858,,False,10,2,2023-06-15T15:41:54.766523+00:00
CUR_GE607,Curitiba,4106902,0,URBS,350,https://moovitapp.com/index/pt-br/transporte_p%C3%BAblico-line-350_FAGUNDES_VARELA_PINHEIRINHO-Curitiba-942-9628-52482798-0,-1.0,-25.480645,-49.263061,,False,4,1,2023-06-15T15:51:54.766523+00:00
CUR_HE700,Curitiba,4106902,0,URBS,350,https://moovitapp.com/index/pt-br/transporte_p%C3%BAblico-line-350_FAGUNDES_VARELA_PINHEIRINHO-Curitiba-942-9628-52482798-0,-1.0,-25.497526,-49.276976,,False,5,2,2023-06-15T15:51:54.766523+00:00
CUR_BE707,Curitiba,4106902,0,URBS,350,https://moovitapp.com/index/pt-br/transporte_p%C3%BAblico-line-350_FAGUNDES_VARELA_PINHEIRINHO-Curitiba-942-9628-52482798-0,-1.0,-25.410348,-49.220513,,False,5,2,2023-06-15T15:51:54.766523+00:00
CUR_BE722,Curitiba,4106902,0,URBS,350,https://moovitapp.com/index/pt-br/transporte_p%C3%BAblico-line-350_FAGUNDES_VARELA_PINHEIRINHO-Curitiba-942-9628-52482798-0,-1.0,-25.395088,-49.242926,,False,5,1,2023-06-15T15:48:54.766523+00:00
CUR_BI874,Curitiba,4106902,1,,224,,,-25.392928,-49.24224,,False,7,,2023-06-15T15:51:54.766523+00:00
CUR_BI882,Curitiba,4106902,1,Auto Viação São José,213,https://moovitapp.com/index/pt-br/transporte_p%C3%BAblico-line-213_PIT_PRA%C3%87A_DA_JUVENTUDE_CRISTAL_BLANCO_POMBO_HOR%C3%81RIO-Curitiba-942-857412-119631272-0,-1.0,-25.407503,-49.249568,,False,7,2,2023-06-15T15:51:54.766523+00:00
CUR_CA600,Curitiba,4106902,1,Auto Viação São José,216,https://moovitapp.com/index/pt-br/transporte_p%C3%BAblico-line-216_PIT_PRA%C3%87A_DA_JUVENTUDE_SANTA_F%C3%89_PINDORAMA-Curitiba-942-857412-122004458-0,-1.0,-25.435778,-49.248248,,False,4,2,2023-06-15T15:51:54.766523+00:00
CUR_BA603,Curitiba,4106902,1,Auto Viação São José,216,https://moovitapp.com/index/pt-br/transporte_p%C3%BAblico-line-216_PIT_PRA%C3%87A_DA_JUVENTUDE_SANTA_F%C3%89_PINDORAMA-Curitiba-942-857412-122004458-0,-1.0,-25.451225,-49.266705,,False,4,1,2023-06-15T15:51:54.766523+00:00
CUR_HI609,Curitiba,4106902,1,Auto Viação São José,216,https://moovitapp.com/index/pt-br/transporte_p%C3%BAblico-line-216_PIT_PRA%C3%87A_DA_JUVENTUDE_SANTA_F%C3%89_PINDORAMA-Curitiba-942-857412-122004458-0,-1.0,-25.417356,-49.24878,,False,4,1,2023-06-15T15:47:54.766523+00:00
CUR_CA603,Curitiba,4106902,1,Auto Viação São José,216,https://moovitapp.com/index/pt-br/transporte_p%C3%BAblico-line-216_PIT_PRA%C3%87A_DA_JUVENTUDE_SANTA_F%C3%89_PINDORAMA-Curitiba-942-857412-122004458-0,-1.0,-25.450128,-49.260581,,False,4,2,2023-06-15T15:51:54.766523+00:00
CUR_GI050,Curitiba,4106902,1,,641,,,-25.514043,-49.295718,,False,1,1,2023-06-15T15:51:54.766523+00:00
CUR_CI006,Curitiba,4106902,1,,341,,,-25.390551,-49.20061,,False,1,1,2023-06-15T15:51:54.766523+00:00
CUR_CI003,Curitiba,4106902,1,,341,,,-25.393353,-49.205355,,False,1,2,2023-06-15T15:51:54.766523+00:00
CUR_HC304,Curitiba,4106902,1,,380,,,-25.431286,-49.26957,,False,10,1,2023-06-15T15:51:54.766523+00:00
CUR_CI005,Curitiba,4106902,1,,380,,,-25.44392,-49.302978,,False,1,2,2023-06-15T15:51:54.766523+00:00
CUR_CC302,Curitiba,4106902,1,,380,,,-25.42853,-49.230103,,False,10,2,2023-06-15T15:51:54.766523+00:00
CUR_DC854,Curitiba,4106902,1,,387,,,-25.435275,-49.243116,,False,7,1,2023-06-15T15:51:54.766523+00:00
CUR_EI011,Curitiba,4106902,1,,X03,,,-25.522526,-49.23052,,False,1,1,2023-06-15T15:50:54.766523+00:00
CUR_JI005,Curitiba,4106902,1,,718,,,-25.478003,-49.345505,,False,1,,2023-06-15T15:51:54.766523+00:00
CUR_JA030,Curitiba,4106902,1,,714,,,-25.501271,-49.348443,,False,1,,2023-06-15T15:51:54.766523+00:00
CUR_EL329,Curitiba,4106902,1,URBS,506,https://moovitapp.com/index/pt-br/transporte_p%C3%BAblico-line-506_BAIRRO_NOVO-Curitiba-942-9628-294299-0,-1.0,-25.533823,-49.266436,,False,3,1,2023-06-15T15:50:54.766523+00:00
CUR_GL302,Curitiba,4106902,0,URBS,506,https://moovitapp.com/index/pt-br/transporte_p%C3%BAblico-line-506_BAIRRO_NOVO-Curitiba-942-9628-294299-0,-1.0,-25.55322,-49.250995,,False,3,2,2023-06-15T15:51:54.766523+00:00
CUR_EL318,Curitiba,4106902,1,URBS,506,https://moovitapp.com/index/pt-br/transporte_p%C3%BAblico-line-506_BAIRRO_NOVO-Curitiba-942-9628-294299-0,-1.0,-25.523451,-49.269966,,False,3,2,2023-06-15T15:51:54.766523+00:00
CUR_EL328,Curitiba,4106902,1,URBS,506,https://moovitapp.com/index/pt-br/transporte_p%C3%BAblico-line-506_BAIRRO_NOVO-Curitiba-942-9628-294299-0,-1.0,-25.479171,-49.261953,,False,3,2,2023-06-15T15:51:54.766523+00:00
CUR_EL327,Curitiba,4106902,1,URBS,506,https://moovitapp.com/index/pt-br/transporte_p%C3%BAblico-line-506_BAIRRO_NOVO-Curitiba-942-9628-294299-0,-1.0,-25.475435,-49.258988,,False,3,1,2023-06-15T15:50:54.766523+00:00
CUR_GL308,Curitiba,4106902,0,URBS,506,https://moovitapp.com/index/pt-br/transporte_p%C3%BAblico-line-506_BAIRRO_NOVO-Curitiba-942-9628-294299-0,-1.0,-25.436276,-49.27118,,False,3,1,2023-06-15T15:51:54.766523+00:00
CUR_JI860,Curitiba,4106902,1,,779,,,-25.458565,-49.306783,,False,7,1,2023-06-15T15:51:54.766523+00:00
CUR_KI002,Curitiba,4106902,1,,472,,,-25.48806,-49.223241,,False,1,1,2023-06-15T15:51:54.766523+00:00
CUR_BI018,Curitiba,4106902,1,,232,,,-25.356206,-49.23477,,False,1,1,2023-06-15T15:51:54.766523+00:00
CUR_BI017,Curitiba,4106902,1,,232,,,-25.37732,-49.224721,,False,1,1,2023-06-15T15:49:54.766523+00:00
CUR_JA035,Curitiba,4106902,1,,860,,,-25.436781,-49.274456,,False,1,1,2023-06-15T15:51:54.766523+00:00
CUR_JI018,Curitiba,4106902,1,,860,,,-25.452543,-49.322783,,False,1,2,2023-06-15T15:51:54.766523+00:00
CUR_JA032,Curitiba,4106902,1,,860,,,-25.444423,-49.344236,,False,1,1,2023-06-15T15:50:54.766523+00:00
CUR_JC303,Curitiba,4106902,1,,778,,,-25.448488,-49.281015,,False,3,1,2023-06-15T15:51:54.766523+00:00
CUR_JC300,Curitiba,4106902,1,,778,,,-25.456265,-49.307891,,False,3,2,2023-06-15T15:49:54.766523+00:00
CUR_BI879,Curitiba,4106902,1,,311,,,-25.438258,-49.20645,,False,7,2,2023-06-15T15:51:54.766523+00:00
CUR_BC314,Curitiba,4106902,1,,372,,,-25.43263,-49.270013,,False,10,2,2023-06-15T15:51:54.766523+00:00
CUR_CC301,Curitiba,4106902,1,,372,,,-25.417413,-49.201445,,False,10,1,2023-06-15T15:51:54.766523+00:00
CUR_BI029,Curitiba,4106902,1,,372,,,-25.430903,-49.20697,,False,1,2,2023-06-15T15:51:54.766523+00:00
CUR_BC015,Curitiba,4106902,1,,372,,,-25.426878,-49.252078,,False,1,1,2023-06-15T15:51:54.766523+00:00
CUR_BC927,Curitiba,4106902,1,,260,,,-25.420388,-49.268356,,False,7,2,2023-06-15T15:51:54.766523+00:00
CUR_GE601,Curitiba,4106902,0,URBS,602,https://moovitapp.com/index/pt-br/transporte_p%C3%BAblico-line-602_CIRCULAR_SUL_ANTI_HOR%C3%81RIO-Curitiba-942-9628-294517-0,-1.0,-25.475385,-49.27674,,False,4,,2023-06-15T15:51:54.766523+00:00
CUR_GE604,Curitiba,4106902,0,URBS,602,https://moovitapp.com/index/pt-br/transporte_p%C3%BAblico-line-602_CIRCULAR_SUL_ANTI_HOR%C3%81RIO-Curitiba-942-9628-294517-0,-1.0,-25.528131,-49.24226,,False,4,,2023-06-15T15:50:54.766523+00:00
CUR_HE604,Curitiba,4106902,0,URBS,602,https://moovitapp.com/index/pt-br/transporte_p%C3%BAblico-line-602_CIRCULAR_SUL_ANTI_HOR%C3%81RIO-Curitiba-942-9628-294517-0,-1.0,-25.535596,-49.273626,,False,4,,2023-06-15T15:51:54.766523+00:00
CUR_HE607,Curitiba,4106902,0,URBS,602,https://moovitapp.com/index/pt-br/transporte_p%C3%BAblico-line-602_CIRCULAR_SUL_ANTI_HOR%C3%81RIO-Curitiba-942-9628-294517-0,-1.0,-25.51844,-49.295593,,False,4,,2023-06-15T15:51:54.766523+00:00
CUR_HE605,Curitiba,4106902,0,URBS,602,https://moovitapp.com/index/pt-br/transporte_p%C3%BAblico-line-602_CIRCULAR_SUL_ANTI_HOR%C3%81RIO-Curitiba-942-9628-294517-0,-1.0,-25.478383,-49.248868,,False,4,,2023-06-15T15:51:54.766523+00:00
CUR_HE603,Curitiba,4106902,0,URBS,602,https://moovitapp.com/index/pt-br/transporte_p%C3%BAblico-line-602_CIRCULAR_SUL_ANTI_HOR%C3%81RIO-Curitiba-942-9628-294517-0,-1.0,-25.489658,-49.294086,,False,4,,2023-06-15T15:50:54.766523+00:00
CUR_HE611,Curitiba,4106902,0,URBS,602,https://moovitapp.com/index/pt-br/transporte_p%C3%BAblico-line-602_CIRCULAR_SUL_ANTI_HOR%C3%81RIO-Curitiba-942-9628-294517-0,-1.0,-25.50182,-49.237521,,False,4,,2023-06-15T15:51:54.766523+00:00
CUR_EA012,Curitiba,4106902,1,,528,,,-25.517358,-49.230603,,False,1,2,2023-06-15T15:51:54.766523+00:00
CUR_GI047,Curitiba,4106902,1,,528,,,-25.527611,-49.291518,,False,1,1,2023-06-15T15:51:54.766523+00:00
CUR_MA949,Curitiba,4106902,1,,967,,,-25.429286,-49.27122,,False,7,2,2023-06-15T15:51:54.766523+00:00
CUR_MN611,Curitiba,4106902,1,,967,,,-25.399188,-49.298943,,False,7,2,2023-06-15T15:51:54.766523+00:00
CUR_DA033,Curitiba,4106902,1,,621,,,-25.488018,-49.282773,,False,1,2,2023-06-15T15:50:54.766523+00:00
CUR_DA029,Curitiba,4106902,1,,621,,,-25.483505,-49.270843,,False,1,1,2023-06-15T15:51:54.766523+00:00
CUR_DA291,Curitiba,4106902,1,,621,,,-25.482531,-49.246783,,False,1,2,2023-06-15T15:51:54.766523+00:00
CUR_MI855,Curitiba,4106902,1,,912,,,-25.39495,-49.356076,,False,7,1,2023-06-15T15:51:54.766523+00:00
CUR_MI851,Curitiba,4106902,1,Auto Viação São José,150,https://moovitapp.com/index/pt-br/transporte_p%C3%BAblico-line-150_T_AFONSO_PENA_PIT_BORDA_DO_CAMPO-Curitiba-942-857412-53904521-0,-1.0,-25.420093,-49.289675,,False,7,2,2023-06-15T15:51:54.766523+00:00
CUR_EI015,Curitiba,4106902,1,,511,,,-25.502501,-49.257368,,False,1,2,2023-06-15T15:51:54.766523+00:00
CUR_EI019,Curitiba,4106902,1,,511,,,-25.497338,-49.246436,,False,1,1,2023-06-15T15:51:54.766523+00:00
CUR_EA023,Curitiba,4106902,1,Auto Viação São José,531,https://moovitapp.com/index/pt-br/transporte_p%C3%BAblico-line-531_BAIRRO_A_BAIRRO_1-Curitiba-942-857412-1570571-0,-1.0,-25.520346,-49.23583,,False,1,1,2023-06-15T15:51:54.766523+00:00
CUR_EA024,Curitiba,4106902,1,Auto Viação São José,531,https://moovitapp.com/index/pt-br/transporte_p%C3%BAblico-line-531_BAIRRO_A_BAIRRO_1-Curitiba-942-857412-1570571-0,-1.0,-25.544468,-49.244695,,False,1,2,2023-06-15T15:51:54.766523+00:00
CUR_EL331,Curitiba,4106902,1,URBS,505,https://moovitapp.com/index/pt-br/transporte_p%C3%BAblico-line-505_BOQUEIR%C3%83O_CENTRO_C%C3%8DVICO-Curitiba-942-9628-531685-0,-1.0,-25.502735,-49.236968,,False,3,1,2023-06-15T15:51:54.766523+00:00
CUR_EL320,Curitiba,4106902,1,URBS,505,https://moovitapp.com/index/pt-br/transporte_p%C3%BAblico-line-505_BOQUEIR%C3%83O_CENTRO_C%C3%8DVICO-Curitiba-942-9628-531685-0,-1.0,-25.442246,-49.260811,,False,3,2,2023-06-15T15:51:54.766523+00:00
CUR_BL311,Curitiba,4106902,0,URBS,505,https://moovitapp.com/index/pt-br/transporte_p%C3%BAblico-line-505_BOQUEIR%C3%83O_CENTRO_C%C3%8DVICO-Curitiba-942-9628-531685-0,-1.0,-25.476248,-49.248576,,False,3,1,2023-06-15T15:48:54.766523+00:00
CUR_EL321,Curitiba,4106902,1,URBS,505,https://moovitapp.com/index/pt-br/transporte_p%C3%BAblico-line-505_BOQUEIR%C3%83O_CENTRO_C%C3%8DVICO-Curitiba-942-9628-531685-0,-1.0,-25.415568,-49.268016,,False,3,2,2023-06-15T15:51:54.766523+00:00
CUR_EL330,Curitiba,4106902,1,URBS,505,https://moovitapp.com/index/pt-br/transporte_p%C3%BAblico-line-505_BOQUEIR%C3%83O_CENTRO_C%C3%8DVICO-Curitiba-942-9628-531685-0,-1.0,-25.42697,-49.264366,,False,3,1,2023-06-15T15:51:54.766523+00:00
CUR_EL324,Curitiba,4106902,1,URBS,505,https://moovitapp.com/index/pt-br/transporte_p%C3%BAblico-line-505_BOQUEIR%C3%83O_CENTRO_C%C3%8DVICO-Curitiba-942-9628-531685-0,-1.0,-25.487943,-49.244211,,False,3,2,2023-06-15T15:51:54.766523+00:00
CUR_BL302,Curitiba,4106902,0,URBS,505,https://moovitapp.com/index/pt-br/transporte_p%C3%BAblico-line-505_BOQUEIR%C3%83O_CENTRO_C%C3%8DVICO-Curitiba-942-9628-531685-0,-1.0,-25.414945,-49.2809,,False,3,1,2023-06-15T15:51:54.766523+00:00
CUR_BA032,Curitiba,4106902,1,,233,,,-25.375178,-49.22049,,False,1,,2023-06-15T15:51:54.766523+00:00
CUR_BA025,Curitiba,4106902,1,,233,,,-25.394656,-49.242756,,False,1,,2023-06-15T15:47:54.766523+00:00
CUR_BA017,Curitiba,4106902,1,,822,,,-25.44159,-49.34526,,False,1,2,2023-06-15T15:51:54.766523+00:00
CUR_BA011,Curitiba,4106902,1,,822,,,-25.436326,-49.361788,,False,1,1,2023-06-15T15:51:54.766523+00:00
CUR_GI015,Curitiba,4106902,1,,541,,,-25.539655,-49.252528,,False,1,1,2023-06-15T15:51:54.766523+00:00
CUR_GI023,Curitiba,4106902,1,,541,,,-25.54271,-49.263046,,False,1,2,2023-06-15T15:51:54.766523+00:00
CUR_GI002,Curitiba,4106902,1,,553,,,-25.551658,-49.253276,,False,1,1,2023-06-15T15:50:54.766523+00:00
CUR_GI013,Curitiba,4106902,1,,553,,,-25.560051,-49.257356,,False,1,1,2023-06-15T15:51:54.766523+00:00
CUR_GA002,Curitiba,4106902,1,,631,,,-25.512296,-49.295246,,False,1,,2023-06-15T15:51:54.766523+00:00
CUR_GC001,Curitiba,4106902,1,,635,,,-25.530283,-49.289098,,False,1,2,2023-06-15T15:51:54.766523+00:00
CUR_DC292,Curitiba,4106902,1,,336,,,-25.477173,-49.197966,,False,1,2,2023-06-15T15:51:54.766523+00:00
CUR_JI004,Curitiba,4106902,1,,719,,,-25.483888,-49.350271,,False,1,2,2023-06-15T15:51:54.766523+00:00
CUR_JI015,Curitiba,4106902,1,,719,,,-25.483715,-49.348961,,False,1,1,2023-06-15T15:49:54.766523+00:00
CUR_JI865,Curitiba,4106902,1,,713,,,-25.49115,-49.328361,,False,7,1,2023-06-15T15:49:54.766523+00:00
CUR_JI948,Curitiba,4106902,1,,861,,,-25.463215,-49.345578,,False,7,1,2023-06-15T15:51:54.766523+00:00
CUR_BC280,Curitiba,4106902,1,,231,,,-25.3675,-49.204801,,False,1,1,2023-06-15T15:50:54.766523+00:00
CUR_BI010,Curitiba,4106902,1,,231,,,-25.395165,-49.242486,,False,1,1,2023-06-15T15:51:54.766523+00:00
CUR_BC019,Curitiba,4106902,1,,876,,,-25.432761,-49.279305,,False,1,2,2023-06-15T15:51:54.766523+00:00
CUR_BC021,Curitiba,4106902,1,,876,,,-25.41451,-49.330405,,False,1,1,2023-06-15T15:45:54.766523+00:00
CUR_BC022,Curitiba,4106902,1,,876,,,-25.410353,-49.352441,,False,1,2,2023-06-15T15:51:54.766523+00:00
CUR_BI862,Curitiba,4106902,1,,244,,,-25.37244,-49.252838,,False,7,1,2023-06-15T15:51:54.766523+00:00
CUR_GI038,Curitiba,4106902,1,,633,,,-25.525496,-49.268511,,False,1,1,2023-06-15T15:51:54.766523+00:00
CUR_GI039,Curitiba,4106902,1,,633,,,-25.522175,-49.282868,,False,1,2,2023-06-15T15:51:54.766523+00:00
CUR_GI857,Curitiba,4106902,1,,616,,,-25.47994,-49.292145,,False,7,1,2023-06-15T15:51:54.766523+00:00
CUR_GI852,Curitiba,4106902,1,,616,,,-25.476265,-49.292458,,False,7,1,2023-06-15T15:51:54.766523+00:00
CUR_BC029,Curitiba,4106902,1,,170,,,-25.427658,-49.273583,,False,1,1,2023-06-15T15:51:54.766523+00:00
CUR_BC321,Curitiba,4106902,1,,170,,,-25.381671,-49.300831,,False,3,2,2023-06-15T15:50:54.766523+00:00
CUR_BC300,Curitiba,4106902,1,,170,,,-25.414636,-49.280708,,False,3,1,2023-06-15T15:51:54.766523+00:00
CUR_BA013,Curitiba,4106902,1,,160,,,-25.42149,-49.283203,,False,1,1,2023-06-15T15:48:54.766523+00:00
CUR_BC025,Curitiba,4106902,1,,160,,,-25.434915,-49.271828,,False,1,2,2023-06-15T15:51:54.766523+00:00
CUR_GI010,Curitiba,4106902,1,,639,,,-25.563081,-49.283046,,False,1,2,2023-06-15T15:50:54.766523+00:00
CUR_GI045,Curitiba,4106902,1,,639,,,-25.519896,-49.29555,,False,1,1,2023-06-15T15:51:54.766523+00:00
CUR_BI897,Curitiba,4106902,1,,176,,,-25.381248,-49.279606,,False,7,2,2023-06-15T15:51:54.766523+00:00
CUR_BC002,Curitiba,4106902,1,,183,,,-25.366431,-49.272573,,False,1,1,2023-06-15T15:51:54.766523+00:00
CUR_BI893,Curitiba,4106902,1,,266,,,-25.40501,-49.263941,,False,7,2,2023-06-15T15:51:54.766523+00:00
CUR_BI889,Curitiba,4106902,1,,266,,,-25.394733,-49.242806,,False,7,1,2023-06-15T15:51:54.766523+00:00
CUR_BA031,Curitiba,4106902,1,,375,,,-25.42037,-49.210136,,False,1,1,2023-06-15T15:51:54.766523+00:00
CUR_BC014,Curitiba,4106902,1,,375,,,-25.414968,-49.281246,,False,1,1,2023-06-15T15:51:54.766523+00:00
CUR_DL308,Curitiba,4106902,0,URBS,305,https://moovitapp.com/index/pt-br/transporte_p%C3%BAblico-line-305_CENTEN%C3%81RIO-Curitiba-942-9628-294271-0,-1.0,-25.430543,-49.256626,,False,3,1,2023-06-15T15:51:54.766523+00:00
CUR_DL309,Curitiba,4106902,0,URBS,305,https://moovitapp.com/index/pt-br/transporte_p%C3%BAblico-line-305_CENTEN%C3%81RIO-Curitiba-942-9628-294271-0,-1.0,-25.467008,-49.215001,,False,3,2,2023-06-15T15:50:54.766523+00:00
CUR_BC932,Curitiba,4106902,1,,365,,,-25.443135,-49.289485,,False,7,2,2023-06-15T15:51:54.766523+00:00
CUR_BC850,Curitiba,4106902,1,,365,,,-25.424295,-49.249465,,False,7,1,2023-06-15T15:51:54.766523+00:00
CUR_BI031,Curitiba,4106902,1,,816,,,-25.404598,-49.324833,,False,1,2,2023-06-15T15:51:54.766523+00:00
CUR_BA014,Curitiba,4106902,1,,816,,,-25.415076,-49.281261,,False,1,1,2023-06-15T15:51:54.766523+00:00
CUR_BA021,Curitiba,4106902,1,,816,,,-25.433361,-49.311516,,False,1,1,2023-06-15T15:51:54.766523+00:00
CUR_BI899,Curitiba,4106902,1,,366,,,-25.430011,-49.271176,,False,7,2,2023-06-15T15:51:54.766523+00:00
CUR_HE724,Curitiba,4106902,0,URBS,603,https://moovitapp.com/index/pt-br/transporte_p%C3%BAblico-line-603_PINHEIRINHO_RUI_BARBOSA-Curitiba-942-9628-484781-0,-1.0,-25.512265,-49.295243,,False,5,2,2023-06-15T15:51:54.766523+00:00
CUR_HE723,Curitiba,4106902,0,URBS,603,https://moovitapp.com/index/pt-br/transporte_p%C3%BAblico-line-603_PINHEIRINHO_RUI_BARBOSA-Curitiba-942-9628-484781-0,-1.0,-25.436168,-49.274111,,False,5,1,2023-06-15T15:51:54.766523+00:00
CUR_HE728,Curitiba,4106902,0,URBS,603,https://moovitapp.com/index/pt-br/transporte_p%C3%BAblico-line-603_PINHEIRINHO_RUI_BARBOSA-Curitiba-942-9628-484781-0,-1.0,-25.488965,-49.29417,,False,5,2,2023-06-15T15:50:54.766523+00:00
CUR_HE706,Curitiba,4106902,0,URBS,603,https://moovitapp.com/index/pt-br/transporte_p%C3%BAblico-line-603_PINHEIRINHO_RUI_BARBOSA-Curitiba-942-9628-484781-0,-1.0,-25.490926,-49.293835,,False,5,1,2023-06-15T15:51:54.766523+00:00
CUR_HE704,Curitiba,4106902,0,URBS,603,https://moovitapp.com/index/pt-br/transporte_p%C3%BAblico-line-603_PINHEIRINHO_RUI_BARBOSA-Curitiba-942-9628-484781-0,-1.0,-25.471381,-49.294451,,False,5,2,2023-06-15T15:51:54.766523+00:00
CUR_HE725,Curitiba,4106902,0,URBS,603,https://moovitapp.com/index/pt-br/transporte_p%C3%BAblico-line-603_PINHEIRINHO_RUI_BARBOSA-Curitiba-942-9628-484781-0,-1.0,-25.457,-49.288581,,False,5,2,2023-06-15T15:51:54.766523+00:00
CUR_HE731,Curitiba,4106902,0,URBS,603,https://moovitapp.com/index/pt-br/transporte_p%C3%BAblico-line-603_PINHEIRINHO_RUI_BARBOSA-Curitiba-942-9628-484781-0,-1.0,-25.468025,-49.293495,,False,5,1,2023-06-15T15:50:54.766523+00:00
CUR_HE708,Curitiba,4106902,0,URBS,603,https://moovitapp.com/index/pt-br/transporte_p%C3%BAblico-line-603_PINHEIRINHO_RUI_BARBOSA-Curitiba-942-9628-484781-0,-1.0,-25.440926,-49.275346,,False,5,2,2023-06-15T15:51:54.766523+00:00
CUR_HE727,Curitiba,4106902,0,URBS,603,https://moovitapp.com/index/pt-br/transporte_p%C3%BAblico-line-603_PINHEIRINHO_RUI_BARBOSA-Curitiba-942-9628-484781-0,-1.0,-25.471763,-49.294435,,False,5,1,2023-06-15T15:51:54.766523+00:00
CUR_HE726,Curitiba,4106902,0,URBS,603,https://moovitapp.com/index/pt-br/transporte_p%C3%BAblico-line-603_PINHEIRINHO_RUI_BARBOSA-Curitiba-942-9628-484781-0,-1.0,-25.501595,-49.295988,,False,5,1,2023-06-15T15:51:54.766523+00:00
CUR_HD252,Curitiba,4106902,0,URBS,603,https://moovitapp.com/index/pt-br/transporte_p%C3%BAblico-line-603_PINHEIRINHO_RUI_BARBOSA-Curitiba-942-9628-484781-0,-1.0,-25.539658,-49.30803,,False,5,1,2023-06-15T15:51:54.766523+00:00
CUR_HD244,Curitiba,4106902,0,URBS,603,https://moovitapp.com/index/pt-br/transporte_p%C3%BAblico-line-603_PINHEIRINHO_RUI_BARBOSA-Curitiba-942-9628-484781-0,-1.0,-25.539655,-49.308128,,False,5,1,2023-06-15T15:51:54.766523+00:00
CUR_HI600,Curitiba,4106902,1,,646,,,-25.5127,-49.294951,,False,4,1,2023-06-15T15:51:54.766523+00:00
CUR_HA029,Curitiba,4106902,1,,646,,,-25.586588,-49.321396,,False,1,1,2023-06-15T15:51:54.766523+00:00
CUR_HI021,Curitiba,4106902,1,,646,,,-25.582986,-49.317786,,False,1,2,2023-06-15T15:51:54.766523+00:00
CUR_HI611,Curitiba,4106902,1,,684,,,-25.559923,-49.307471,,False,4,2,2023-06-15T15:49:54.766523+00:00
CUR_HI613,Curitiba,4106902,1,,684,,,-25.59283,-49.34102,,False,4,1,2023-06-15T15:50:54.766523+00:00
CUR_HA614,Curitiba,4106902,1,,684,,,-25.513171,-49.295198,,False,4,1,2023-06-15T15:51:54.766523+00:00
CUR_HI602,Curitiba,4106902,1,,684,,,-25.568608,-49.319706,,False,4,1,2023-06-15T15:50:54.766523+00:00
CUR_HR407,Curitiba,4106902,1,,684,,,-25.53862,-49.30771,,False,4,1,2023-06-15T15:51:54.766523+00:00
CUR_HA193,Curitiba,4106902,1,,612,,,-25.499398,-49.322056,,False,1,1,2023-06-15T15:51:54.766523+00:00
CUR_HA008,Curitiba,4106902,1,,612,,,-25.484275,-49.317426,,False,1,1,2023-06-15T15:44:54.766523+00:00
CUR_GE727,Curitiba,4106902,0,URBS,550,https://moovitapp.com/index/pt-br/transporte_p%C3%BAblico-line-550_LIGEIR%C3%83O_PINHEIRINHO_CARLOS_GOMES-Curitiba-942-9628-1254061-0,-1.0,-25.468115,-49.253358,,False,5,2,2023-06-15T15:51:54.766523+00:00
CUR_HE719,Curitiba,4106902,0,URBS,550,https://moovitapp.com/index/pt-br/transporte_p%C3%BAblico-line-550_LIGEIR%C3%83O_PINHEIRINHO_CARLOS_GOMES-Curitiba-942-9628-1254061-0,-1.0,-25.473925,-49.257781,,False,5,1,2023-06-15T15:51:54.766523+00:00
CUR_HE711,Curitiba,4106902,0,URBS,550,https://moovitapp.com/index/pt-br/transporte_p%C3%BAblico-line-550_LIGEIR%C3%83O_PINHEIRINHO_CARLOS_GOMES-Curitiba-942-9628-1254061-0,-1.0,-25.444046,-49.265543,,False,5,1,2023-06-15T15:50:54.766523+00:00
CUR_HE720,Curitiba,4106902,0,URBS,550,https://moovitapp.com/index/pt-br/transporte_p%C3%BAblico-line-550_LIGEIR%C3%83O_PINHEIRINHO_CARLOS_GOMES-Curitiba-942-9628-1254061-0,-1.0,-25.507798,-49.285245,,False,5,2,2023-06-15T15:51:54.766523+00:00
CUR_GE733,Curitiba,4106902,0,URBS,550,https://moovitapp.com/index/pt-br/transporte_p%C3%BAblico-line-550_LIGEIR%C3%83O_PINHEIRINHO_CARLOS_GOMES-Curitiba-942-9628-1254061-0,-1.0,-25.49658,-49.27611,,False,5,1,2023-06-15T15:51:54.766523+00:00
CUR_GE730,Curitiba,4106902,0,URBS,550,https://moovitapp.com/index/pt-br/transporte_p%C3%BAblico-line-550_LIGEIR%C3%83O_PINHEIRINHO_CARLOS_GOMES-Curitiba-942-9628-1254061-0,-1.0,-25.44097,-49.267048,,False,5,2,2023-06-15T15:51:54.766523+00:00
CUR_HE718,Curitiba,4106902,0,URBS,550,https://moovitapp.com/index/pt-br/transporte_p%C3%BAblico-line-550_LIGEIR%C3%83O_PINHEIRINHO_CARLOS_GOMES-Curitiba-942-9628-1254061-0,-1.0,-25.539253,-49.308226,,False,5,1,2023-06-15T15:51:54.766523+00:00
CUR_HE702,Curitiba,4106902,0,URBS,550,https://moovitapp.com/index/pt-br/transporte_p%C3%BAblico-line-550_LIGEIR%C3%83O_PINHEIRINHO_CARLOS_GOMES-Curitiba-942-9628-1254061-0,-1.0,-25.53973,-49.308103,,False,5,1,2023-06-15T15:51:54.766523+00:00
CUR_HI046,Curitiba,4106902,1,,615,,,-25.476196,-49.291225,,False,1,1,2023-06-15T15:49:54.766523+00:00
CUR_HA311,Curitiba,4106902,1,,863,,,-25.452043,-49.281068,,False,3,1,2023-06-15T15:48:54.766523+00:00
CUR_HA010,Curitiba,4106902,1,,863,,,-25.469731,-49.287938,,False,1,1,2023-06-15T15:51:54.766523+00:00
CUR_HI859,Curitiba,4106902,1,,865,,,-25.44873,-49.319875,,False,7,2,2023-06-15T15:46:54.766523+00:00
CUR_JA028,Curitiba,4106902,1,,658,,,-25.491723,-49.296296,,False,1,2,2023-06-15T15:51:54.766523+00:00
CUR_HA006,Curitiba,4106902,1,,658,,,-25.483986,-49.34986,,False,1,2,2023-06-15T15:51:54.766523+00:00
CUR_HA005,Curitiba,4106902,1,,658,,,-25.497633,-49.338831,,False,1,2,2023-06-15T15:51:54.766523+00:00
CUR_JI022,Curitiba,4106902,1,,658,,,-25.494956,-49.319331,,False,1,1,2023-06-15T15:51:54.766523+00:00
CUR_HI019,Curitiba,4106902,1,,658,,,-25.539228,-49.307755,,False,1,1,2023-06-15T15:51:54.766523+00:00
CUR_JA033,Curitiba,4106902,1,,658,,,-25.487406,-49.349385,,False,1,1,2023-06-15T15:51:54.766523+00:00
CUR_HI041,Curitiba,4106902,1,,654,,,-25.497331,-49.313488,,False,1,1,2023-06-15T15:51:54.766523+00:00
CUR_HI042,Curitiba,4106902,1,,654,,,-25.511773,-49.324635,,False,1,2,2023-06-15T15:49:54.766523+00:00
CUR_HA028,Curitiba,4106902,1,,654,,,-25.497918,-49.308528,,False,1,2,2023-06-15T15:51:54.766523+00:00
CUR_HC300,Curitiba,4106902,1,,801,,,-25.436245,-49.305756,,False,10,2,2023-06-15T15:51:54.766523+00:00
CUR_HA196,Curitiba,4106902,1,,801,,,-25.43604,-49.271628,,False,1,2,2023-06-15T15:51:54.766523+00:00
CUR_HL329,Curitiba,4106902,1,URBS,607,https://moovitapp.com/index/pt-br/transporte_p%C3%BAblico-line-607_COLOMBO_CIC-Curitiba-942-9628-294348-0,-1.0,-25.38554,-49.202835,,False,3,2,2023-06-15T15:51:54.766523+00:00
CUR_HL496,Curitiba,4106902,1,URBS,607,https://moovitapp.com/index/pt-br/transporte_p%C3%BAblico-line-607_COLOMBO_CIC-Curitiba-942-9628-294348-0,-1.0,-25.41208,-49.254691,,False,3,2,2023-06-15T15:51:54.766523+00:00
CUR_HL318,Curitiba,4106902,0,URBS,607,https://moovitapp.com/index/pt-br/transporte_p%C3%BAblico-line-607_COLOMBO_CIC-Curitiba-942-9628-294348-0,-1.0,-25.440255,-49.271776,,False,3,1,2023-06-15T15:51:54.766523+00:00
CUR_HL316,Curitiba,4106902,0,URBS,607,https://moovitapp.com/index/pt-br/transporte_p%C3%BAblico-line-607_COLOMBO_CIC-Curitiba-942-9628-294348-0,-1.0,-25.37251,-49.210836,,False,3,1,2023-06-15T15:51:54.766523+00:00
CUR_HL331,Curitiba,4106902,1,URBS,607,https://moovitapp.com/index/pt-br/transporte_p%C3%BAblico-line-607_COLOMBO_CIC-Curitiba-942-9628-294348-0,-1.0,-25.461783,-49.274558,,False,3,1,2023-06-15T15:51:54.766523+00:00
CUR_HI015,Curitiba,4106902,1,,681,,,-25.512291,-49.29481,,False,1,1,2023-06-15T15:51:54.766523+00:00
CUR_HA023,Curitiba,4106902,1,,681,,,-25.575963,-49.33129,,False,1,2,2023-06-15T15:51:54.766523+00:00
CUR_DN604,Curitiba,4106902,1,,465,,,-25.453515,-49.239966,,False,7,2,2023-06-15T15:51:54.766523+00:00
CUR_BB303,Curitiba,4106902,1,,010,,,-25.410611,-49.275135,,False,10,,2023-06-15T15:51:54.766523+00:00
CUR_BB309,Curitiba,4106902,1,,010,,,-25.428876,-49.255368,,False,10,,2023-06-15T15:51:54.766523+00:00
CUR_BA015,Curitiba,4106902,1,,827,,,-25.436283,-49.362208,,False,1,2,2023-06-15T15:51:54.766523+00:00
CUR_JI863,Curitiba,4106902,1,,762,,,-25.453375,-49.293695,,False,7,1,2023-06-15T15:51:54.766523+00:00
CUR_DC852,Curitiba,4106902,1,,466,,,-25.450026,-49.231658,,False,7,2,2023-06-15T15:50:54.766523+00:00
CUR_EL319,Curitiba,4106902,1,URBS,507,https://moovitapp.com/index/pt-br/transporte_p%C3%BAblico-line-507_S%C3%8DTIO_CERCADO_HOR%C3%81RIO-Curitiba-942-9628-294494-0,-1.0,-25.442476,-49.265581,,False,3,,2023-06-15T15:48:54.766523+00:00
CUR_EL325,Curitiba,4106902,1,URBS,507,https://moovitapp.com/index/pt-br/transporte_p%C3%BAblico-line-507_S%C3%8DTIO_CERCADO_HOR%C3%81RIO-Curitiba-942-9628-294494-0,-1.0,-25.524286,-49.292871,,False,3,,2023-06-15T15:51:54.766523+00:00
CUR_EL333,Curitiba,4106902,1,URBS,507,https://moovitapp.com/index/pt-br/transporte_p%C3%BAblico-line-507_S%C3%8DTIO_CERCADO_HOR%C3%81RIO-Curitiba-942-9628-294494-0,-1.0,-25.524805,-49.248533,,False,3,,2023-06-15T15:51:54.766523+00:00
CUR_EL322,Curitiba,4106902,1,URBS,507,https://moovitapp.com/index/pt-br/transporte_p%C3%BAblico-line-507_S%C3%8DTIO_CERCADO_HOR%C3%81RIO-Curitiba-942-9628-294494-0,-1.0,-25.501008,-49.23764,,False,3,,2023-06-15T15:51:54.766523+00:00
CUR_EL326,Curitiba,4106902,1,URBS,507,https://moovitapp.com/index/pt-br/transporte_p%C3%BAblico-line-507_S%C3%8DTIO_CERCADO_HOR%C3%81RIO-Curitiba-942-9628-294494-0,-1.0,-25.442956,-49.260413,,False,3,,2023-06-15T15:51:54.766523+00:00
CUR_EL313,Curitiba,4106902,0,URBS,507,https://moovitapp.com/index/pt-br/transporte_p%C3%BAblico-line-507_S%C3%8DTIO_CERCADO_HOR%C3%81RIO-Curitiba-942-9628-294494-0,-1.0,-25.48885,-49.291823,,False,3,,2023-06-15T15:51:54.766523+00:00
CUR_MI002,Curitiba,4106902,1,,821,,,-25.429128,-49.360753,,False,1,1,2023-06-15T15:51:54.766523+00:00
CUR_EI004,Curitiba,4106902,1,,471,,,-25.458095,-49.24973,,False,1,1,2023-06-15T15:51:54.766523+00:00
CUR_HI855,Curitiba,4106902,1,,814,,,-25.430885,-49.338838,,False,7,1,2023-06-15T15:51:54.766523+00:00
CUR_HI860,Curitiba,4106902,1,,674,,,-25.489845,-49.321261,,False,7,2,2023-06-15T15:51:54.766523+00:00
CUR_HA015,Curitiba,4106902,1,,628,,,-25.511688,-49.325021,,False,1,2,2023-06-15T15:51:54.766523+00:00
CUR_HI001,Curitiba,4106902,1,,628,,,-25.528828,-49.326873,,False,1,1,2023-06-15T15:51:54.766523+00:00
CUR_BC301,Curitiba,4106902,1,,182,,,-25.390526,-49.26739,,False,3,2,2023-06-15T15:51:54.766523+00:00
CUR_BI013,Curitiba,4106902,1,,182,,,-25.396135,-49.273393,,False,1,1,2023-06-15T15:51:54.766523+00:00
CUR_JI019,Curitiba,4106902,1,,711,,,-25.47707,-49.33582,,False,1,1,2023-06-15T15:51:54.766523+00:00
CUR_HI854,Curitiba,4106902,1,,673,,,-25.469096,-49.29572,,False,7,2,2023-06-15T15:51:54.766523+00:00
CUR_HI012,Curitiba,4106902,1,,712,,,-25.512745,-49.330586,,False,1,2,2023-06-15T15:50:54.766523+00:00
CUR_JI003,Curitiba,4106902,1,,712,,,-25.477388,-49.32693,,False,1,2,2023-06-15T15:51:54.766523+00:00
CUR_HI031,Curitiba,4106902,1,,712,,,-25.539455,-49.307711,,False,1,2,2023-06-15T15:51:54.766523+00:00
CUR_HA016,Curitiba,4106902,1,,653,,,-25.499583,-49.346635,,False,1,2,2023-06-15T15:45:54.766523+00:00
CUR_HA017,Curitiba,4106902,1,,653,,,-25.511571,-49.324381,,False,1,1,2023-06-15T15:51:54.766523+00:00
CUR_HI299,Curitiba,4106902,1,,653,,,-25.539151,-49.307893,,False,1,1,2023-06-15T15:49:54.766523+00:00
CUR_KE701,Curitiba,4106902,0,URBS,503,https://moovitapp.com/index/pt-br/transporte_p%C3%BAblico-line-503_BOQUEIR%C3%83O-Curitiba-942-9628-294244-0,-1.0,-25.486886,-49.244703,,False,5,2,2023-06-15T15:51:54.766523+00:00
CUR_KE702,Curitiba,4106902,0,URBS,503,https://moovitapp.com/index/pt-br/transporte_p%C3%BAblico-line-503_BOQUEIR%C3%83O-Curitiba-942-9628-294244-0,-1.0,-25.452036,-49.26176,,False,5,2,2023-06-15T15:51:54.766523+00:00
CUR_KE704,Curitiba,4106902,0,URBS,503,https://moovitapp.com/index/pt-br/transporte_p%C3%BAblico-line-503_BOQUEIR%C3%83O-Curitiba-942-9628-294244-0,-1.0,-25.433761,-49.270311,,False,5,1,2023-06-15T15:50:54.766523+00:00
CUR_GE614,Curitiba,4106902,0,URBS,503,https://moovitapp.com/index/pt-br/transporte_p%C3%BAblico-line-503_BOQUEIR%C3%83O-Curitiba-942-9628-294244-0,-1.0,-25.466511,-49.25443,,False,4,1,2023-06-15T15:49:54.766523+00:00
CUR_KE706,Curitiba,4106902,0,URBS,503,https://moovitapp.com/index/pt-br/transporte_p%C3%BAblico-line-503_BOQUEIR%C3%83O-Curitiba-942-9628-294244-0,-1.0,-25.499678,-49.23845,,False,5,1,2023-06-15T15:51:54.766523+00:00
CUR_HI043,Curitiba,4106902,1,,630,,,-25.543863,-49.337145,,False,1,2,2023-06-15T15:51:54.766523+00:00
CUR_HI027,Curitiba,4106902,1,,630,,,-25.515351,-49.29555,,False,1,1,2023-06-15T15:51:54.766523+00:00
CUR_BI900,Curitiba,4106902,1,,386,,,-25.432103,-49.239006,,False,7,1,2023-06-15T15:49:54.766523+00:00
CUR_BL316,Curitiba,4106902,0,URBS,256,https://moovitapp.com/index/pt-br/transporte_p%C3%BAblico-line-256_BARREIRINHA_GUADALUPE-Curitiba-942-9628-398191-0,-1.0,-25.427881,-49.26469,,False,3,1,2023-06-15T15:51:54.766523+00:00
CUR_BL340,Curitiba,4106902,1,URBS,256,https://moovitapp.com/index/pt-br/transporte_p%C3%BAblico-line-256_BARREIRINHA_GUADALUPE-Curitiba-942-9628-398191-0,-1.0,-25.382731,-49.261793,,False,3,1,2023-06-15T15:51:54.766523+00:00
CUR_BL312,Curitiba,4106902,0,URBS,256,https://moovitapp.com/index/pt-br/transporte_p%C3%BAblico-line-256_BARREIRINHA_GUADALUPE-Curitiba-942-9628-398191-0,-1.0,-25.422213,-49.268361,,False,3,2,2023-06-15T15:51:54.766523+00:00
CUR_BA002,Curitiba,4106902,1,,243,,,-25.367163,-49.259888,,False,1,1,2023-06-15T15:51:54.766523+00:00
CUR_BI011,Curitiba,4106902,1,,236,,,-25.363811,-49.232756,,False,1,2,2023-06-15T15:51:54.766523+00:00
CUR_JI007,Curitiba,4106902,1,,823,,,-25.45198,-49.35375,,False,1,2,2023-06-15T15:50:54.766523+00:00
CUR_DA290,Curitiba,4106902,1,,321,,,-25.456038,-49.202163,,False,1,2,2023-06-15T15:51:54.766523+00:00
CUR_GE706,Curitiba,4106902,0,URBS,500,https://moovitapp.com/index/pt-br/transporte_p%C3%BAblico-line-500_LIGEIR%C3%83O_BOQUEIR%C3%83O-Curitiba-942-9628-294422-0,-1.0,-25.549458,-49.291515,,False,5,,2023-06-15T15:41:54.766523+00:00
CUR_DN601,Curitiba,4106902,1,,331,,,-25.468155,-49.255353,,False,7,,2023-06-15T15:41:54.766523+00:00
CUR_GE707,Curitiba,4106902,0,URBS,500,https://moovitapp.com/index/pt-br/transporte_p%C3%BAblico-line-500_LIGEIR%C3%83O_BOQUEIR%C3%83O-Curitiba-942-9628-294422-0,-1.0,-25.549323,-49.290406,,False,5,,2023-06-15T15:50:54.766523+00:00
CUR_MB499,Curitiba,4106902,0,,901,,,-25.419093,-49.294733,,False,3,,2023-06-15T15:44:54.766523+00:00
CUR_MC307,Curitiba,4106902,1,,901,,,-25.403951,-49.328501,,False,3,2,2023-06-15T15:51:54.766523+00:00
CUR_MC300,Curitiba,4106902,1,,901,,,-25.42737,-49.270876,,False,3,2,2023-06-15T15:51:54.766523+00:00
CUR_MC306,Curitiba,4106902,1,,901,,,-25.41987,-49.292975,,False,3,1,2023-06-15T15:51:54.766523+00:00
CUR_HI851,Curitiba,4106902,1,,670,,,-25.45129,-49.284746,,False,7,1,2023-06-15T15:51:54.766523+00:00
CUR_GI056,Curitiba,4106902,1,,683,,,-25.552358,-49.277328,,False,1,2,2023-06-15T15:51:54.766523+00:00
CUR_BI004,Curitiba,4106902,1,Auto Viação São José,211,https://moovitapp.com/index/pt-br/transporte_p%C3%BAblico-line-211_PIT_PRA%C3%87A_DA_JUVENTUDE_IZAURA_IP%C3%8A-Curitiba-942-857412-73553392-0,-1.0,-25.404936,-49.24543,,False,1,2,2023-06-15T15:51:54.766523+00:00
CUR_BI002,Curitiba,4106902,1,Auto Viação São José,211,https://moovitapp.com/index/pt-br/transporte_p%C3%BAblico-line-211_PIT_PRA%C3%87A_DA_JUVENTUDE_IZAURA_IP%C3%8A-Curitiba-942-857412-73553392-0,-1.0,-25.407046,-49.21896,,False,1,1,2023-06-15T15:51:54.766523+00:00
CUR_BC017,Curitiba,4106902,1,,166,,,-25.390211,-49.302588,,False,1,2,2023-06-15T15:51:54.766523+00:00
CUR_BC012,Curitiba,4106902,1,,166,,,-25.428323,-49.27269,,False,1,1,2023-06-15T15:50:54.766523+00:00
CUR_DA292,Curitiba,4106902,1,,474,,,-25.46548,-49.234308,,False,1,2,2023-06-15T15:51:54.766523+00:00
CUR_HA605,Curitiba,4106902,1,,X37,,,-25.538928,-49.307558,,False,4,1,2023-06-15T15:51:54.766523+00:00
CUR_HI856,Curitiba,4106902,1,,600,,,-25.523625,-49.293628,,False,7,1,2023-06-15T15:50:54.766523+00:00
CUR_BI892,Curitiba,4106902,1,,181,,,-25.402455,-49.27535,,False,7,1,2023-06-15T15:51:54.766523+00:00
CUR_HI853,Curitiba,4106902,1,,644,,,-25.513543,-49.295428,,False,7,2,2023-06-15T15:51:54.766523+00:00
CUR_HL115,Curitiba,4106902,0,URBS,X35,https://moovitapp.com/index/pt-br/transporte_p%C3%BAblico-line-X35_PINHEIRINHO_PREFEITURA-Curitiba-942-9628-778958-0,-1.0,-25.539593,-49.308205,,False,3,1,2023-06-15T15:51:54.766523+00:00
CUR_HL117,Curitiba,4106902,0,URBS,X35,https://moovitapp.com/index/pt-br/transporte_p%C3%BAblico-line-X35_PINHEIRINHO_PREFEITURA-Curitiba-942-9628-778958-0,-1.0,-25.537621,-49.306963,,False,3,1,2023-06-15T15:50:54.766523+00:00
CUR_HL118,Curitiba,4106902,0,URBS,X35,https://moovitapp.com/index/pt-br/transporte_p%C3%BAblico-line-X35_PINHEIRINHO_PREFEITURA-Curitiba-942-9628-778958-0,-1.0,-25.539935,-49.308371,,False,3,1,2023-06-15T15:51:54.766523+00:00
CUR_JI855,Curitiba,4106902,1,,761,,,-25.43506,-49.272891,,False,7,1,2023-06-15T15:51:54.766523+00:00
CUR_GE702,Curitiba,4106902,0,URBS,500,https://moovitapp.com/index/pt-br/transporte_p%C3%BAblico-line-500_LIGEIR%C3%83O_BOQUEIR%C3%83O-Curitiba-942-9628-294422-0,-1.0,-25.516111,-49.230551,,False,5,1,2023-06-15T15:51:54.766523+00:00
CUR_GE725,Curitiba,4106902,0,URBS,500,https://moovitapp.com/index/pt-br/transporte_p%C3%BAblico-line-500_LIGEIR%C3%83O_BOQUEIR%C3%83O-Curitiba-942-9628-294422-0,-1.0,-25.439356,-49.26774,,False,5,2,2023-06-15T15:51:54.766523+00:00
CUR_GE728,Curitiba,4106902,0,URBS,500,https://moovitapp.com/index/pt-br/transporte_p%C3%BAblico-line-500_LIGEIR%C3%83O_BOQUEIR%C3%83O-Curitiba-942-9628-294422-0,-1.0,-25.481801,-49.24709,,False,5,2,2023-06-15T15:51:54.766523+00:00
CUR_GE717,Curitiba,4106902,0,URBS,500,https://moovitapp.com/index/pt-br/transporte_p%C3%BAblico-line-500_LIGEIR%C3%83O_BOQUEIR%C3%83O-Curitiba-942-9628-294422-0,-1.0,-25.45801,-49.25876,,False,5,1,2023-06-15T15:51:54.766523+00:00
CUR_EA008,Curitiba,4106902,1,,657,,,-25.50093,-49.273675,,False,1,2,2023-06-15T15:51:54.766523+00:00
CUR_EA026,Curitiba,4106902,1,,657,,,-25.49714,-49.276418,,False,1,1,2023-06-15T15:51:54.766523+00:00
CUR_DN603,Curitiba,4106902,1,,516,,,-25.46951,-49.239953,,False,7,1,2023-06-15T15:51:54.766523+00:00
CUR_BI857,Curitiba,4106902,1,,343,,,-25.399328,-49.209946,,False,7,1,2023-06-15T15:51:54.766523+00:00
CUR_MC851,Curitiba,4106902,1,,965,,,-25.408451,-49.308411,,False,7,1,2023-06-15T15:51:54.766523+00:00
CUR_MN605,Curitiba,4106902,1,,965,,,-25.416916,-49.293788,,False,7,2,2023-06-15T15:50:54.766523+00:00
CUR_BA601,Curitiba,4106902,1,,245,,,-25.395436,-49.242768,,False,4,1,2023-06-15T15:51:54.766523+00:00
CUR_GE703,Curitiba,4106902,0,URBS,200,https://moovitapp.com/index/pt-br/transporte_p%C3%BAblico-line-200_LIGEIR%C3%83O_SANTA_C%C3%82NDIDA_PRA%C3%87A_DO_JAP%C3%83O-Curitiba-942-9628-1323763-0,-1.0,-25.431833,-49.267096,,False,5,2,2023-06-15T15:51:54.766523+00:00
CUR_BE712,Curitiba,4106902,0,URBS,200,https://moovitapp.com/index/pt-br/transporte_p%C3%BAblico-line-200_LIGEIR%C3%83O_SANTA_C%C3%82NDIDA_PRA%C3%87A_DO_JAP%C3%83O-Curitiba-942-9628-1323763-0,-1.0,-25.422698,-49.266925,,False,5,1,2023-06-15T15:51:54.766523+00:00
CUR_BE721,Curitiba,4106902,0,URBS,200,https://moovitapp.com/index/pt-br/transporte_p%C3%BAblico-line-200_LIGEIR%C3%83O_SANTA_C%C3%82NDIDA_PRA%C3%87A_DO_JAP%C3%83O-Curitiba-942-9628-1323763-0,-1.0,-25.406445,-49.252635,,False,5,2,2023-06-15T15:51:54.766523+00:00
CUR_BE724,Curitiba,4106902,0,URBS,200,https://moovitapp.com/index/pt-br/transporte_p%C3%BAblico-line-200_LIGEIR%C3%83O_SANTA_C%C3%82NDIDA_PRA%C3%87A_DO_JAP%C3%83O-Curitiba-942-9628-1323763-0,-1.0,-25.44195,-49.27792,,False,5,1,2023-06-15T15:51:54.766523+00:00
CUR_BE725,Curitiba,4106902,0,URBS,200,https://moovitapp.com/index/pt-br/transporte_p%C3%BAblico-line-200_LIGEIR%C3%83O_SANTA_C%C3%82NDIDA_PRA%C3%87A_DO_JAP%C3%83O-Curitiba-942-9628-1323763-0,-1.0,-25.39492,-49.242693,,False,5,1,2023-06-15T15:48:54.766523+00:00
CUR_BE704,Curitiba,4106902,0,URBS,200,https://moovitapp.com/index/pt-br/transporte_p%C3%BAblico-line-200_LIGEIR%C3%83O_SANTA_C%C3%82NDIDA_PRA%C3%87A_DO_JAP%C3%83O-Curitiba-942-9628-1323763-0,-1.0,-25.395013,-49.24259,,False,5,1,2023-06-15T15:51:54.766523+00:00
CUR_BE723,Curitiba,4106902,0,URBS,200,https://moovitapp.com/index/pt-br/transporte_p%C3%BAblico-line-200_LIGEIR%C3%83O_SANTA_C%C3%82NDIDA_PRA%C3%87A_DO_JAP%C3%83O-Curitiba-942-9628-1323763-0,-1.0,-25.3901,-49.237331,,False,5,2,2023-06-15T15:41:54.766523+00:00
CUR_BI901,Curitiba,4106902,1,,361,,,-25.417581,-49.24114,,False,7,2,2023-06-15T15:51:54.766523+00:00
CUR_MN603,Curitiba,4106902,1,,464,,,-25.425431,-49.291806,,False,7,2,2023-06-15T15:51:54.766523+00:00
CUR_BC031,Curitiba,4106902,1,,373,,,-25.427771,-49.2141,,False,1,1,2023-06-15T15:51:54.766523+00:00
CUR_HB697,Curitiba,4106902,1,,027,,,-25.53911,-49.308223,,False,4,1,2023-06-15T15:51:54.766523+00:00
CUR_GI853,Curitiba,4106902,1,,666,,,-25.470223,-49.27306,,False,7,1,2023-06-15T15:51:54.766523+00:00
CUR_BI896,Curitiba,4106902,1,,875,,,-25.425141,-49.300341,,False,7,1,2023-06-15T15:50:54.766523+00:00
CUR_DC853,Curitiba,4106902,1,,331,,,-25.469155,-49.208288,,False,7,,2023-06-15T15:50:54.766523+00:00
CUR_BI886,Curitiba,4106902,1,,385,,,-25.4355,-49.234771,,False,7,1,2023-06-15T15:51:54.766523+00:00
CUR_BI883,Curitiba,4106902,1,,385,,,-25.39528,-49.24267,,False,7,1,2023-06-15T15:51:54.766523+00:00
CUR_BA019,Curitiba,4106902,1,,829,,,-25.443265,-49.354858,,False,1,,2023-06-15T15:51:54.766523+00:00
CUR_BI027,Curitiba,4106902,1,,829,,,-25.441438,-49.346183,,False,1,,2023-06-15T15:51:54.766523+00:00
CUR_BC004,Curitiba,4106902,1,,829,,,-25.448171,-49.360486,,False,1,,2023-06-15T15:51:54.766523+00:00
CUR_BI895,Curitiba,4106902,1,,164,,,-25.415836,-49.282391,,False,7,1,2023-06-15T15:51:54.766523+00:00
CUR_HL317,Curitiba,4106902,0,URBS,024,https://moovitapp.com/index/pt-br/transporte_p%C3%BAblico-line-024_CAP%C3%83O_RASO_CAMPINA_DO_SIQUEIRA-Curitiba-942-9628-1323693-0,-1.0,-25.539413,-49.307176,,False,3,2,2023-06-15T15:49:54.766523+00:00
CUR_HE612,Curitiba,4106902,0,URBS,X11,https://moovitapp.com/index/pt-br/transporte_p%C3%BAblico-line-X11_S%C3%8DTIO_CERCADO_CAP%C3%83O_RASO-Curitiba-942-9628-531688-0,-1.0,-25.5384,-49.307183,,False,4,1,2023-06-15T15:51:54.766523+00:00
CUR_BL304,Curitiba,4106902,0,URBS,518,https://moovitapp.com/index/pt-br/transporte_p%C3%BAblico-line-518_PUC_RODOFERROVI%C3%81RIA-Curitiba-942-9628-743528-0,-1.0,-25.43948,-49.260506,,False,3,2,2023-06-15T15:51:54.766523+00:00
CUR_DL305,Curitiba,4106902,0,URBS,469,https://moovitapp.com/index/pt-br/transporte_p%C3%BAblico-line-469_CENTRO_POLIT%C3%89CNICO-Curitiba-942-9628-294421-0,-1.0,-25.430726,-49.25667,,False,3,1,2023-06-15T15:43:54.766523+00:00
CUR_BA016,Curitiba,4106902,1,,815,,,-25.414918,-49.280988,,False,1,,2023-06-15T15:51:54.766523+00:00
CUR_BA012,Curitiba,4106902,1,,815,,,-25.428571,-49.321363,,False,1,,2023-06-15T15:51:54.766523+00:00
CUR_BT007,Curitiba,4106902,0,,979,,,-25.3994,-49.28807,,False,3,,2023-06-15T15:51:54.766523+00:00
CUR_BT010,Curitiba,4106902,0,,979,,,-25.430571,-49.269,,False,3,,2023-06-15T15:50:54.766523+00:00
CUR_MT013,Curitiba,4106902,0,,979,,,-25.42855,-49.273178,,False,3,,2023-06-15T15:50:54.766523+00:00
CUR_BT009,Curitiba,4106902,0,,979,,,-25.440696,-49.249428,,False,3,,2023-06-15T15:51:54.766523+00:00
CUR_MT011,Curitiba,4106902,0,,979,,,-25.422891,-49.313916,,False,3,,2023-06-15T15:48:54.766523+00:00
CUR_MT010,Curitiba,4106902,0,,979,,,-25.395571,-49.306266,,False,3,,2023-06-15T15:50:54.766523+00:00
