bus_id,city,city_code,adapted,agency,line_code,line_url,line_fare,latitude,longitude,bus_speed,is_eletric,bus_type,bus_direction,updated_at
CUR_BI851,Curitiba,4106902,1,,175,,,-25.433805,-49.270553,,False,7,1,2023-06-16T23:07:23.579802+00:00
CUR_BL600,Curitiba,4106902,0,URBS,022,https://moovitapp.com/index/pt-br/transporte_p%C3%BAblico-line-022_INTER_2_HOR%C3%81RIO-Curitiba-942-9628-381388-0,-1.0,-25.483196,-49.293248,,False,4,,2023-06-16T23:06:23.579802+00:00
CUR_BL322,Curitiba,4106902,0,URBS,022,https://moovitapp.com/index/pt-br/transporte_p%C3%BAblico-line-022_INTER_2_HOR%C3%81RIO-Curitiba-942-9628-381388-0,-1.0,-25.437596,-49.219365,,False,3,,2023-06-16T23:06:23.579802+00:00
CUR_CL601,Curitiba,4106902,0,URBS,022,https://moovitapp.com/index/pt-br/transporte_p%C3%BAblico-line-022_INTER_2_HOR%C3%81RIO-Curitiba-942-9628-381388-0,-1.0,-25.412791,-49.26388,,False,4,,2023-06-16T23:08:23.579802+00:00
CUR_CL602,Curitiba,4106902,0,URBS,022,https://moovitapp.com/index/pt-br/transporte_p%C3%BAblico-line-022_INTER_2_HOR%C3%81RIO-Curitiba-942-9628-381388-0,-1.0,-25.475895,-49.29235,,False,4,,2023-06-16T23:08:23.579802+00:00
CUR_ML300,Curitiba,4106902,0,URBS,022,https://moovitapp.com/index/pt-br/transporte_p%C3%BAblico-line-022_INTER_2_HOR%C3%81RIO-Curitiba-942-9628-381388-0,-1.0,-25.491706,-49.29307,,False,3,,2023-06-16T23:07:23.579802+00:00
CUR_DR805,Curitiba,4106902,0,URBS,022,https://moovitapp.com/index/pt-br/transporte_p%C3%BAblico-line-022_INTER_2_HOR%C3%81RIO-Curitiba-942-9628-381388-0,-1.0,-25.471808,-49.237553,,False,4,,2023-06-16T23:08:23.579802+00:00
CUR_BL318,Curitiba,4106902,0,URBS,022,https://moovitapp.com/index/pt-br/transporte_p%C3%BAblico-line-022_INTER_2_HOR%C3%81RIO-Curitiba-942-9628-381388-0,-1.0,-25.439883,-49.222265,,False,3,,2023-06-16T23:07:23.579802+00:00
CUR_BL328,Curitiba,4106902,0,URBS,022,https://moovitapp.com/index/pt-br/transporte_p%C3%BAblico-line-022_INTER_2_HOR%C3%81RIO-Curitiba-942-9628-381388-0,-1.0,-25.425835,-49.293293,,False,3,,2023-06-16T23:06:23.579802+00:00
CUR_HL699,Curitiba,4106902,0,URBS,022,https://moovitapp.com/index/pt-br/transporte_p%C3%BAblico-line-022_INTER_2_HOR%C3%81RIO-Curitiba-942-9628-381388-0,-1.0,-25.427711,-49.236673,,False,4,,2023-06-16T23:04:23.579802+00:00
CUR_GL601,Curitiba,4106902,0,URBS,022,https://moovitapp.com/index/pt-br/transporte_p%C3%BAblico-line-022_INTER_2_HOR%C3%81RIO-Curitiba-942-9628-381388-0,-1.0,-25.48322,-49.247673,,False,4,,2023-06-16T23:07:23.579802+00:00
CUR_BL332,Curitiba,4106902,0,URBS,022,https://moovitapp.com/index/pt-br/transporte_p%C3%BAblico-line-022_INTER_2_HOR%C3%81RIO-Curitiba-942-9628-381388-0,-1.0,-25.48169,-49.247306,,False,3,,2023-06-16T23:04:23.579802+00:00
CUR_CL699,Curitiba,4106902,0,URBS,022,https://moovitapp.com/index/pt-br/transporte_p%C3%BAblico-line-022_INTER_2_HOR%C3%81RIO-Curitiba-942-9628-381388-0,-1.0,-25.424326,-49.291095,,False,4,,2023-06-16T23:08:23.579802+00:00
CUR_MC079,Curitiba,4106902,1,,972,,,-25.419611,-49.293046,,False,1,1,2023-06-16T23:07:23.579802+00:00
CUR_MC302,Curitiba,4106902,1,,972,,,-25.39376,-49.335683,,False,3,1,2023-06-16T23:08:23.579802+00:00
CUR_GI055,Curitiba,4106902,1,,637,,,-25.513728,-49.294291,,False,1,2,2023-06-16T23:08:23.579802+00:00
CUR_GA003,Curitiba,4106902,1,,637,,,-25.538683,-49.281286,,False,1,2,2023-06-16T23:07:23.579802+00:00
CUR_HA190,Curitiba,4106902,1,,652,,,-25.517478,-49.325096,,False,1,1,2023-06-16T23:07:23.579802+00:00
CUR_HI010,Curitiba,4106902,1,,652,,,-25.532685,-49.338638,,False,1,1,2023-06-16T23:06:23.579802+00:00
CUR_JI013,Curitiba,4106902,1,,823,,,-25.452163,-49.35831,,False,1,1,2023-06-16T23:07:23.579802+00:00
CUR_JC315,Curitiba,4106902,1,,701,,,-25.478011,-49.327665,,False,3,1,2023-06-16T23:07:23.579802+00:00
CUR_JC313,Curitiba,4106902,1,,701,,,-25.451791,-49.295053,,False,3,2,2023-06-16T23:08:23.579802+00:00
CUR_JC304,Curitiba,4106902,1,,701,,,-25.438616,-49.272498,,False,3,2,2023-06-16T23:07:23.579802+00:00
CUR_HE723,Curitiba,4106902,0,URBS,603,https://moovitapp.com/index/pt-br/transporte_p%C3%BAblico-line-603_PINHEIRINHO_RUI_BARBOSA-Curitiba-942-9628-484781-0,-1.0,-25.482018,-49.29281,,False,5,1,2023-06-16T23:07:23.579802+00:00
CUR_HE728,Curitiba,4106902,0,URBS,603,https://moovitapp.com/index/pt-br/transporte_p%C3%BAblico-line-603_PINHEIRINHO_RUI_BARBOSA-Curitiba-942-9628-484781-0,-1.0,-25.47181,-49.294386,,False,5,2,2023-06-16T23:07:23.579802+00:00
CUR_HE717,Curitiba,4106902,0,URBS,603,https://moovitapp.com/index/pt-br/transporte_p%C3%BAblico-line-603_PINHEIRINHO_RUI_BARBOSA-Curitiba-942-9628-484781-0,-1.0,-25.506776,-49.295891,,False,5,2,2023-06-16T23:07:23.579802+00:00
CUR_HE725,Curitiba,4106902,0,URBS,603,https://moovitapp.com/index/pt-br/transporte_p%C3%BAblico-line-603_PINHEIRINHO_RUI_BARBOSA-Curitiba-942-9628-484781-0,-1.0,-25.500388,-49.296023,,False,5,2,2023-06-16T23:04:23.579802+00:00
CUR_HD242,Curitiba,4106902,0,URBS,603,https://moovitapp.com/index/pt-br/transporte_p%C3%BAblico-line-603_PINHEIRINHO_RUI_BARBOSA-Curitiba-942-9628-484781-0,-1.0,-25.439391,-49.272161,,False,5,1,2023-06-16T23:06:23.579802+00:00
CUR_HE721,Curitiba,4106902,0,URBS,603,https://moovitapp.com/index/pt-br/transporte_p%C3%BAblico-line-603_PINHEIRINHO_RUI_BARBOSA-Curitiba-942-9628-484781-0,-1.0,-25.44441,-49.284273,,False,5,1,2023-06-16T23:05:23.579802+00:00
CUR_BI023,Curitiba,4106902,1,,924,,,-25.39184,-49.318851,,False,1,2,2023-06-16T23:07:23.579802+00:00
CUR_MA013,Curitiba,4106902,1,,924,,,-25.39358,-49.295115,,False,1,1,2023-06-16T23:08:23.579802+00:00
CUR_MI004,Curitiba,4106902,1,,924,,,-25.398868,-49.314383,,False,1,1,2023-06-16T23:08:23.579802+00:00
CUR_MI003,Curitiba,4106902,1,,924,,,-25.377183,-49.224033,,False,1,2,2023-06-16T23:08:23.579802+00:00
CUR_BI010,Curitiba,4106902,1,,924,,,-25.370048,-49.269815,,False,1,1,2023-06-16T23:06:23.579802+00:00
CUR_BA036,Curitiba,4106902,1,,924,,,-25.360528,-49.247151,,False,1,1,2023-06-16T22:56:23.579802+00:00
CUR_DR408,Curitiba,4106902,1,,335,,,-25.469061,-49.255095,,False,4,2,2023-06-16T23:07:23.579802+00:00
CUR_EI008,Curitiba,4106902,1,,335,,,-25.475468,-49.209518,,False,1,1,2023-06-16T23:08:23.579802+00:00
CUR_DR407,Curitiba,4106902,1,,335,,,-25.51107,-49.223983,,False,4,2,2023-06-16T23:08:23.579802+00:00
CUR_DA698,Curitiba,4106902,1,,335,,,-25.50312,-49.225568,,False,4,2,2023-06-16T23:07:23.579802+00:00
CUR_EI018,Curitiba,4106902,1,,335,,,-25.516545,-49.230465,,False,1,1,2023-06-16T23:05:23.579802+00:00
CUR_EI013,Curitiba,4106902,1,,663,,,-25.482721,-49.288351,,False,1,1,2023-06-16T23:08:23.579802+00:00
CUR_EA025,Curitiba,4106902,1,,663,,,-25.458866,-49.271378,,False,1,2,2023-06-16T23:08:23.579802+00:00
CUR_BI882,Curitiba,4106902,1,Auto Viação São José,213,https://moovitapp.com/index/pt-br/transporte_p%C3%BAblico-line-213_PIT_PRA%C3%87A_DA_JUVENTUDE_CRISTAL_BLANCO_POMBO_HOR%C3%81RIO-Curitiba-942-857412-119631272-0,-1.0,-25.392281,-49.215516,,False,7,1,2023-06-16T23:06:23.579802+00:00
CUR_DA011,Curitiba,4106902,1,,322,,,-25.451088,-49.215128,,False,1,1,2023-06-16T23:08:23.579802+00:00
CUR_EB608,Curitiba,4106902,1,,050,,,-25.451361,-49.227125,,False,4,2,2023-06-16T23:08:23.579802+00:00
CUR_JB606,Curitiba,4106902,1,,050,,,-25.475956,-49.291206,,False,4,2,2023-06-16T23:08:23.579802+00:00
CUR_GR125,Curitiba,4106902,1,,050,,,-25.450993,-49.25402,,False,4,1,2023-06-16T23:07:23.579802+00:00
CUR_JB699,Curitiba,4106902,1,,050,,,-25.475293,-49.289606,,False,4,2,2023-06-16T23:08:23.579802+00:00
CUR_JB604,Curitiba,4106902,1,,050,,,-25.45393,-49.242395,,False,4,2,2023-06-16T23:07:23.579802+00:00
CUR_HB602,Curitiba,4106902,1,,050,,,-25.459183,-49.249761,,False,4,1,2023-06-16T23:08:23.579802+00:00
CUR_EB609,Curitiba,4106902,1,,030,,,-25.47605,-49.29058,,False,4,2,2023-06-16T23:03:23.579802+00:00
CUR_JI858,Curitiba,4106902,1,,861,,,-25.44355,-49.290205,,False,7,2,2023-06-16T23:08:23.579802+00:00
CUR_BL305,Curitiba,4106902,0,URBS,307,https://moovitapp.com/index/pt-br/transporte_p%C3%BAblico-line-307_BAIRRO_ALTO_SANTA_FELICIDADE-Curitiba-942-9628-1323712-0,-1.0,-25.430423,-49.211236,,False,3,2,2023-06-16T23:01:23.579802+00:00
CUR_CL039,Curitiba,4106902,0,URBS,307,https://moovitapp.com/index/pt-br/transporte_p%C3%BAblico-line-307_BAIRRO_ALTO_SANTA_FELICIDADE-Curitiba-942-9628-1323712-0,-1.0,-25.413865,-49.205651,,False,3,1,2023-06-16T23:08:23.579802+00:00
CUR_ML307,Curitiba,4106902,0,URBS,307,https://moovitapp.com/index/pt-br/transporte_p%C3%BAblico-line-307_BAIRRO_ALTO_SANTA_FELICIDADE-Curitiba-942-9628-1323712-0,-1.0,-25.430928,-49.27993,,False,3,2,2023-06-16T23:08:23.579802+00:00
CUR_BL312,Curitiba,4106902,0,URBS,307,https://moovitapp.com/index/pt-br/transporte_p%C3%BAblico-line-307_BAIRRO_ALTO_SANTA_FELICIDADE-Curitiba-942-9628-1323712-0,-1.0,-25.428876,-49.285908,,False,3,1,2023-06-16T23:07:23.579802+00:00
CUR_ML313,Curitiba,4106902,0,URBS,307,https://moovitapp.com/index/pt-br/transporte_p%C3%BAblico-line-307_BAIRRO_ALTO_SANTA_FELICIDADE-Curitiba-942-9628-1323712-0,-1.0,-25.422935,-49.256611,,False,3,1,2023-06-16T23:07:23.579802+00:00
CUR_CL038,Curitiba,4106902,0,URBS,307,https://moovitapp.com/index/pt-br/transporte_p%C3%BAblico-line-307_BAIRRO_ALTO_SANTA_FELICIDADE-Curitiba-942-9628-1323712-0,-1.0,-25.428261,-49.230585,,False,3,1,2023-06-16T23:08:23.579802+00:00
CUR_HE714,Curitiba,4106902,0,URBS,203,https://moovitapp.com/index/pt-br/transporte_p%C3%BAblico-line-203_SANTA_C%C3%82NDIDA_CAP%C3%83O_RASO-Curitiba-942-9628-1323737-0,-1.0,-25.466646,-49.292291,,False,5,2,2023-06-16T23:06:23.579802+00:00
CUR_BE715,Curitiba,4106902,0,URBS,203,https://moovitapp.com/index/pt-br/transporte_p%C3%BAblico-line-203_SANTA_C%C3%82NDIDA_CAP%C3%83O_RASO-Curitiba-942-9628-1323737-0,-1.0,-25.37945,-49.227513,,False,5,1,2023-06-16T22:53:23.579802+00:00
CUR_GE736,Curitiba,4106902,0,URBS,203,https://moovitapp.com/index/pt-br/transporte_p%C3%BAblico-line-203_SANTA_C%C3%82NDIDA_CAP%C3%83O_RASO-Curitiba-942-9628-1323737-0,-1.0,-25.461065,-49.289801,,False,5,1,2023-06-16T23:08:23.579802+00:00
CUR_BE707,Curitiba,4106902,0,URBS,203,https://moovitapp.com/index/pt-br/transporte_p%C3%BAblico-line-203_SANTA_C%C3%82NDIDA_CAP%C3%83O_RASO-Curitiba-942-9628-1323737-0,-1.0,-25.39366,-49.240755,,False,5,1,2023-06-16T23:07:23.579802+00:00
CUR_GE726,Curitiba,4106902,0,URBS,203,https://moovitapp.com/index/pt-br/transporte_p%C3%BAblico-line-203_SANTA_C%C3%82NDIDA_CAP%C3%83O_RASO-Curitiba-942-9628-1323737-0,-1.0,-25.448793,-49.287803,,False,5,2,2023-06-16T23:07:23.579802+00:00
CUR_BE714,Curitiba,4106902,0,URBS,203,https://moovitapp.com/index/pt-br/transporte_p%C3%BAblico-line-203_SANTA_C%C3%82NDIDA_CAP%C3%83O_RASO-Curitiba-942-9628-1323737-0,-1.0,-25.387426,-49.23493,,False,5,1,2023-06-16T23:07:23.579802+00:00
CUR_BE717,Curitiba,4106902,0,URBS,203,https://moovitapp.com/index/pt-br/transporte_p%C3%BAblico-line-203_SANTA_C%C3%82NDIDA_CAP%C3%83O_RASO-Curitiba-942-9628-1323737-0,-1.0,-25.433406,-49.266361,,False,5,1,2023-06-16T23:07:23.579802+00:00
CUR_GE733,Curitiba,4106902,0,URBS,203,https://moovitapp.com/index/pt-br/transporte_p%C3%BAblico-line-203_SANTA_C%C3%82NDIDA_CAP%C3%83O_RASO-Curitiba-942-9628-1323737-0,-1.0,-25.430151,-49.26762,,False,5,2,2023-06-16T23:08:23.579802+00:00
CUR_GD342,Curitiba,4106902,0,URBS,203,https://moovitapp.com/index/pt-br/transporte_p%C3%BAblico-line-203_SANTA_C%C3%82NDIDA_CAP%C3%83O_RASO-Curitiba-942-9628-1323737-0,-1.0,-25.46463,-49.291248,,False,5,2,2023-06-16T23:08:23.579802+00:00
CUR_BE712,Curitiba,4106902,0,URBS,203,https://moovitapp.com/index/pt-br/transporte_p%C3%BAblico-line-203_SANTA_C%C3%82NDIDA_CAP%C3%83O_RASO-Curitiba-942-9628-1323737-0,-1.0,-25.438908,-49.269945,,False,5,2,2023-06-16T23:06:23.579802+00:00
CUR_BE716,Curitiba,4106902,0,URBS,203,https://moovitapp.com/index/pt-br/transporte_p%C3%BAblico-line-203_SANTA_C%C3%82NDIDA_CAP%C3%83O_RASO-Curitiba-942-9628-1323737-0,-1.0,-25.403595,-49.249905,,False,5,1,2023-06-16T23:01:23.579802+00:00
CUR_BE710,Curitiba,4106902,0,URBS,203,https://moovitapp.com/index/pt-br/transporte_p%C3%BAblico-line-203_SANTA_C%C3%82NDIDA_CAP%C3%83O_RASO-Curitiba-942-9628-1323737-0,-1.0,-25.379696,-49.227658,,False,5,1,2023-06-16T23:06:23.579802+00:00
CUR_GD344,Curitiba,4106902,0,URBS,203,https://moovitapp.com/index/pt-br/transporte_p%C3%BAblico-line-203_SANTA_C%C3%82NDIDA_CAP%C3%83O_RASO-Curitiba-942-9628-1323737-0,-1.0,-25.433623,-49.266161,,False,5,2,2023-06-16T23:08:23.579802+00:00
CUR_BE722,Curitiba,4106902,0,URBS,203,https://moovitapp.com/index/pt-br/transporte_p%C3%BAblico-line-203_SANTA_C%C3%82NDIDA_CAP%C3%83O_RASO-Curitiba-942-9628-1323737-0,-1.0,-25.444828,-49.285296,,False,5,2,2023-06-16T23:02:23.579802+00:00
CUR_BE726,Curitiba,4106902,0,URBS,203,https://moovitapp.com/index/pt-br/transporte_p%C3%BAblico-line-203_SANTA_C%C3%82NDIDA_CAP%C3%83O_RASO-Curitiba-942-9628-1323737-0,-1.0,-25.417826,-49.26302,,False,5,1,2023-06-16T23:01:23.579802+00:00
CUR_HL498,Curitiba,4106902,1,URBS,700,https://moovitapp.com/index/pt-br/transporte_p%C3%BAblico-line-700_PINHEIRINHO_CABRAL-Curitiba-942-9628-757429-0,-1.0,-25.40854,-49.254391,,False,3,1,2023-06-16T23:07:23.579802+00:00
CUR_BL306,Curitiba,4106902,0,URBS,700,https://moovitapp.com/index/pt-br/transporte_p%C3%BAblico-line-700_PINHEIRINHO_CABRAL-Curitiba-942-9628-757429-0,-1.0,-25.44198,-49.26445,,False,3,2,2023-06-16T23:04:23.579802+00:00
CUR_BL310,Curitiba,4106902,0,URBS,700,https://moovitapp.com/index/pt-br/transporte_p%C3%BAblico-line-700_PINHEIRINHO_CABRAL-Curitiba-942-9628-757429-0,-1.0,-25.454166,-49.289511,,False,3,2,2023-06-16T22:56:23.579802+00:00
CUR_HL495,Curitiba,4106902,1,URBS,700,https://moovitapp.com/index/pt-br/transporte_p%C3%BAblico-line-700_PINHEIRINHO_CABRAL-Curitiba-942-9628-757429-0,-1.0,-25.483071,-49.29146,,False,3,2,2023-06-16T23:07:23.579802+00:00
CUR_HL313,Curitiba,4106902,0,URBS,700,https://moovitapp.com/index/pt-br/transporte_p%C3%BAblico-line-700_PINHEIRINHO_CABRAL-Curitiba-942-9628-757429-0,-1.0,-25.43098,-49.263251,,False,3,1,2023-06-16T23:04:23.579802+00:00
CUR_BL338,Curitiba,4106902,0,URBS,700,https://moovitapp.com/index/pt-br/transporte_p%C3%BAblico-line-700_PINHEIRINHO_CABRAL-Curitiba-942-9628-757429-0,-1.0,-25.475628,-49.29328,,False,3,2,2023-06-16T23:06:23.579802+00:00
CUR_BA015,Curitiba,4106902,1,,827,,,-25.443615,-49.367578,,False,1,2,2023-06-16T23:06:23.579802+00:00
CUR_HL307,Curitiba,4106902,0,URBS,508,https://moovitapp.com/index/pt-br/transporte_p%C3%BAblico-line-508_S%C3%8DTIO_CERCADO_ANTI_HOR%C3%81RIO-Curitiba-942-9628-294520-0,-1.0,-25.463126,-49.25406,,False,3,,2023-06-16T23:06:23.579802+00:00
CUR_GL329,Curitiba,4106902,1,URBS,508,https://moovitapp.com/index/pt-br/transporte_p%C3%BAblico-line-508_S%C3%8DTIO_CERCADO_ANTI_HOR%C3%81RIO-Curitiba-942-9628-294520-0,-1.0,-25.512293,-49.295751,,False,3,,2023-06-16T23:07:23.579802+00:00
CUR_GL330,Curitiba,4106902,1,URBS,508,https://moovitapp.com/index/pt-br/transporte_p%C3%BAblico-line-508_S%C3%8DTIO_CERCADO_ANTI_HOR%C3%81RIO-Curitiba-942-9628-294520-0,-1.0,-25.482645,-49.29561,,False,3,,2023-06-16T23:08:23.579802+00:00
CUR_GL320,Curitiba,4106902,0,URBS,508,https://moovitapp.com/index/pt-br/transporte_p%C3%BAblico-line-508_S%C3%8DTIO_CERCADO_ANTI_HOR%C3%81RIO-Curitiba-942-9628-294520-0,-1.0,-25.441945,-49.268908,,False,3,,2023-06-16T23:07:23.579802+00:00
CUR_GL307,Curitiba,4106902,0,URBS,508,https://moovitapp.com/index/pt-br/transporte_p%C3%BAblico-line-508_S%C3%8DTIO_CERCADO_ANTI_HOR%C3%81RIO-Curitiba-942-9628-294520-0,-1.0,-25.533585,-49.286688,,False,3,,2023-06-16T23:08:23.579802+00:00
CUR_GL315,Curitiba,4106902,0,URBS,508,https://moovitapp.com/index/pt-br/transporte_p%C3%BAblico-line-508_S%C3%8DTIO_CERCADO_ANTI_HOR%C3%81RIO-Curitiba-942-9628-294520-0,-1.0,-25.440186,-49.260296,,False,3,,2023-06-16T23:08:23.579802+00:00
CUR_GL321,Curitiba,4106902,0,URBS,508,https://moovitapp.com/index/pt-br/transporte_p%C3%BAblico-line-508_S%C3%8DTIO_CERCADO_ANTI_HOR%C3%81RIO-Curitiba-942-9628-294520-0,-1.0,-25.485168,-49.296341,,False,3,,2023-06-16T23:08:23.579802+00:00
CUR_HA025,Curitiba,4106902,1,,659,,,-25.519896,-49.295546,,False,1,1,2023-06-16T23:08:23.579802+00:00
CUR_HA020,Curitiba,4106902,1,,659,,,-25.596198,-49.323296,,False,1,1,2023-06-16T23:04:23.579802+00:00
CUR_HA013,Curitiba,4106902,1,,659,,,-25.589251,-49.318936,,False,1,2,2023-06-16T23:06:23.579802+00:00
CUR_BA019,Curitiba,4106902,1,,817,,,-25.41114,-49.340198,,False,1,1,2023-06-16T23:06:23.579802+00:00
CUR_MI001,Curitiba,4106902,1,,817,,,-25.408811,-49.322626,,False,1,1,2023-06-16T23:08:23.579802+00:00
CUR_MA012,Curitiba,4106902,1,,917,,,-25.400505,-49.331285,,False,1,2,2023-06-16T23:07:23.579802+00:00
CUR_BI020,Curitiba,4106902,1,,226,,,-25.369615,-49.243436,,False,1,2,2023-06-16T23:04:23.579802+00:00
CUR_HL496,Curitiba,4106902,1,URBS,607,https://moovitapp.com/index/pt-br/transporte_p%C3%BAblico-line-607_COLOMBO_CIC-Curitiba-942-9628-294348-0,-1.0,-25.511711,-49.324845,,False,3,1,2023-06-16T23:06:23.579802+00:00
CUR_HL331,Curitiba,4106902,1,URBS,607,https://moovitapp.com/index/pt-br/transporte_p%C3%BAblico-line-607_COLOMBO_CIC-Curitiba-942-9628-294348-0,-1.0,-25.377975,-49.196501,,False,3,2,2023-06-16T22:57:23.579802+00:00
CUR_HL325,Curitiba,4106902,0,URBS,607,https://moovitapp.com/index/pt-br/transporte_p%C3%BAblico-line-607_COLOMBO_CIC-Curitiba-942-9628-294348-0,-1.0,-25.471913,-49.28582,,False,3,1,2023-06-16T23:06:23.579802+00:00
CUR_HL318,Curitiba,4106902,0,URBS,607,https://moovitapp.com/index/pt-br/transporte_p%C3%BAblico-line-607_COLOMBO_CIC-Curitiba-942-9628-294348-0,-1.0,-25.419771,-49.268898,,False,3,2,2023-06-16T23:08:23.579802+00:00
CUR_HL329,Curitiba,4106902,1,URBS,607,https://moovitapp.com/index/pt-br/transporte_p%C3%BAblico-line-607_COLOMBO_CIC-Curitiba-942-9628-294348-0,-1.0,-25.46947,-49.282988,,False,3,1,2023-06-16T23:07:23.579802+00:00
CUR_HL302,Curitiba,4106902,0,URBS,607,https://moovitapp.com/index/pt-br/transporte_p%C3%BAblico-line-607_COLOMBO_CIC-Curitiba-942-9628-294348-0,-1.0,-25.497183,-49.298206,,False,3,1,2023-06-16T22:54:23.579802+00:00
CUR_HL328,Curitiba,4106902,0,URBS,607,https://moovitapp.com/index/pt-br/transporte_p%C3%BAblico-line-607_COLOMBO_CIC-Curitiba-942-9628-294348-0,-1.0,-25.378581,-49.197068,,False,3,2,2023-06-16T23:04:23.579802+00:00
CUR_HL321,Curitiba,4106902,0,URBS,607,https://moovitapp.com/index/pt-br/transporte_p%C3%BAblico-line-607_COLOMBO_CIC-Curitiba-942-9628-294348-0,-1.0,-25.429376,-49.27372,,False,3,1,2023-06-16T23:07:23.579802+00:00
CUR_JC305,Curitiba,4106902,1,,703,,,-25.457625,-49.303095,,False,3,2,2023-06-16T23:08:23.579802+00:00
CUR_JC600,Curitiba,4106902,1,,703,,,-25.454723,-49.302956,,False,4,2,2023-06-16T23:08:23.579802+00:00
CUR_JI601,Curitiba,4106902,1,,703,,,-25.445948,-49.279188,,False,4,2,2023-06-16T23:08:23.579802+00:00
CUR_JC317,Curitiba,4106902,1,,703,,,-25.43507,-49.271891,,False,3,2,2023-06-16T23:08:23.579802+00:00
CUR_JI300,Curitiba,4106902,0,,703,,,-25.450478,-49.286253,,False,3,1,2023-06-16T23:08:23.579802+00:00
CUR_JC300,Curitiba,4106902,1,,703,,,-25.483688,-49.348993,,False,3,1,2023-06-16T23:08:23.579802+00:00
CUR_GB606,Curitiba,4106902,1,,030,,,-25.423996,-49.203105,,False,4,1,2023-06-16T23:07:23.579802+00:00
CUR_BB608,Curitiba,4106902,1,,030,,,-25.49014,-49.227831,,False,4,2,2023-06-16T23:03:23.579802+00:00
CUR_BB611,Curitiba,4106902,1,,030,,,-25.43081,-49.207616,,False,4,1,2023-06-16T23:08:23.579802+00:00
CUR_EA600,Curitiba,4106902,1,,030,,,-25.512876,-49.262403,,False,4,2,2023-06-16T23:08:23.579802+00:00
CUR_KB605,Curitiba,4106902,1,,030,,,-25.452578,-49.214825,,False,4,1,2023-06-16T23:08:23.579802+00:00
CUR_EB604,Curitiba,4106902,1,,030,,,-25.489823,-49.227285,,False,4,,2023-06-16T23:07:23.579802+00:00
CUR_GR124,Curitiba,4106902,1,,030,,,-25.452573,-49.21473,,False,4,2,2023-06-16T23:08:23.579802+00:00
CUR_GB603,Curitiba,4106902,1,,030,,,-25.498025,-49.235183,,False,4,2,2023-06-16T23:08:23.579802+00:00
CUR_BB601,Curitiba,4106902,1,,030,,,-25.491731,-49.293251,,False,4,2,2023-06-16T23:03:23.579802+00:00
CUR_BB615,Curitiba,4106902,1,,030,,,-25.492313,-49.231711,,False,4,1,2023-06-16T23:07:23.579802+00:00
CUR_KB606,Curitiba,4106902,1,,030,,,-25.39186,-49.210846,,False,4,2,2023-06-16T23:08:23.579802+00:00
CUR_BB604,Curitiba,4106902,1,,030,,,-25.377613,-49.220423,,False,4,1,2023-06-16T22:54:23.579802+00:00
CUR_KB608,Curitiba,4106902,1,,030,,,-25.509063,-49.251691,,False,4,,2023-06-16T23:08:23.579802+00:00
CUR_GI857,Curitiba,4106902,1,,662,,,-25.46375,-49.274313,,False,7,2,2023-06-16T23:07:23.579802+00:00
CUR_HA604,Curitiba,4106902,1,,650,,,-25.561681,-49.32998,,False,4,1,2023-06-16T23:08:23.579802+00:00
CUR_HI016,Curitiba,4106902,1,,650,,,-25.574715,-49.332076,,False,1,2,2023-06-16T23:05:23.579802+00:00
CUR_HA610,Curitiba,4106902,1,,650,,,-25.518853,-49.295583,,False,4,1,2023-06-16T23:06:23.579802+00:00
CUR_HA611,Curitiba,4106902,1,,650,,,-25.57603,-49.330913,,False,4,2,2023-06-16T22:59:23.579802+00:00
CUR_HA609,Curitiba,4106902,1,,650,,,-25.564823,-49.328061,,False,4,2,2023-06-16T23:00:23.579802+00:00
CUR_GI051,Curitiba,4106902,1,,542,,,-25.538925,-49.271783,,False,1,,2023-06-16T23:08:23.579802+00:00
CUR_GI032,Curitiba,4106902,1,,542,,,-25.535016,-49.269516,,False,1,,2023-06-16T23:08:23.579802+00:00
CUR_HR413,Curitiba,4106902,1,,773,,,-25.513926,-49.335958,,False,4,2,2023-06-16T22:53:23.579802+00:00
CUR_BI030,Curitiba,4106902,1,,812,,,-25.416965,-49.343501,,False,1,1,2023-06-16T23:08:23.579802+00:00
CUR_BA013,Curitiba,4106902,1,,812,,,-25.414953,-49.281208,,False,1,,2023-06-16T22:56:23.579802+00:00
CUR_BA021,Curitiba,4106902,1,,812,,,-25.409341,-49.360823,,False,1,2,2023-06-16T22:58:23.579802+00:00
CUR_HI048,Curitiba,4106902,1,,622,,,-25.498223,-49.330655,,False,1,1,2023-06-16T23:03:23.579802+00:00
CUR_KE708,Curitiba,4106902,0,URBS,502,https://moovitapp.com/index/pt-br/transporte_p%C3%BAblico-line-502_CIRCULAR_SUL_HOR%C3%81RIO-Curitiba-942-9628-294482-0,-1.0,-25.492721,-49.241845,,False,5,,2023-06-16T23:08:23.579802+00:00
CUR_KE706,Curitiba,4106902,0,URBS,502,https://moovitapp.com/index/pt-br/transporte_p%C3%BAblico-line-502_CIRCULAR_SUL_HOR%C3%81RIO-Curitiba-942-9628-294482-0,-1.0,-25.468995,-49.254841,,False,5,,2023-06-16T23:08:23.579802+00:00
CUR_HE605,Curitiba,4106902,0,URBS,502,https://moovitapp.com/index/pt-br/transporte_p%C3%BAblico-line-502_CIRCULAR_SUL_HOR%C3%81RIO-Curitiba-942-9628-294482-0,-1.0,-25.53555,-49.274085,,False,4,,2023-06-16T23:07:23.579802+00:00
CUR_GE612,Curitiba,4106902,0,URBS,502,https://moovitapp.com/index/pt-br/transporte_p%C3%BAblico-line-502_CIRCULAR_SUL_HOR%C3%81RIO-Curitiba-942-9628-294482-0,-1.0,-25.536205,-49.276831,,False,4,,2023-06-16T23:08:23.579802+00:00
CUR_GE603,Curitiba,4106902,0,URBS,502,https://moovitapp.com/index/pt-br/transporte_p%C3%BAblico-line-502_CIRCULAR_SUL_HOR%C3%81RIO-Curitiba-942-9628-294482-0,-1.0,-25.516615,-49.230146,,False,4,,2023-06-16T23:08:23.579802+00:00
CUR_HE614,Curitiba,4106902,0,URBS,502,https://moovitapp.com/index/pt-br/transporte_p%C3%BAblico-line-502_CIRCULAR_SUL_HOR%C3%81RIO-Curitiba-942-9628-294482-0,-1.0,-25.481303,-49.247358,,False,4,,2023-06-16T23:07:23.579802+00:00
CUR_HE603,Curitiba,4106902,0,URBS,502,https://moovitapp.com/index/pt-br/transporte_p%C3%BAblico-line-502_CIRCULAR_SUL_HOR%C3%81RIO-Curitiba-942-9628-294482-0,-1.0,-25.468875,-49.253578,,False,4,,2023-06-16T23:07:23.579802+00:00
CUR_GE610,Curitiba,4106902,0,URBS,502,https://moovitapp.com/index/pt-br/transporte_p%C3%BAblico-line-502_CIRCULAR_SUL_HOR%C3%81RIO-Curitiba-942-9628-294482-0,-1.0,-25.498613,-49.295943,,False,4,,2023-06-16T23:08:23.579802+00:00
CUR_GE602,Curitiba,4106902,0,URBS,502,https://moovitapp.com/index/pt-br/transporte_p%C3%BAblico-line-502_CIRCULAR_SUL_HOR%C3%81RIO-Curitiba-942-9628-294482-0,-1.0,-25.532428,-49.261271,,False,4,,2023-06-16T23:08:23.579802+00:00
CUR_EI014,Curitiba,4106902,1,,533,,,-25.533601,-49.250885,,False,1,,2023-06-16T23:08:23.579802+00:00
CUR_KE702,Curitiba,4106902,0,URBS,503,https://moovitapp.com/index/pt-br/transporte_p%C3%BAblico-line-503_BOQUEIR%C3%83O-Curitiba-942-9628-294244-0,-1.0,-25.469778,-49.252903,,False,5,2,2023-06-16T23:08:23.579802+00:00
CUR_KE704,Curitiba,4106902,0,URBS,503,https://moovitapp.com/index/pt-br/transporte_p%C3%BAblico-line-503_BOQUEIR%C3%83O-Curitiba-942-9628-294244-0,-1.0,-25.436648,-49.267738,,False,5,2,2023-06-16T23:08:23.579802+00:00
CUR_GR032,Curitiba,4106902,0,URBS,503,https://moovitapp.com/index/pt-br/transporte_p%C3%BAblico-line-503_BOQUEIR%C3%83O-Curitiba-942-9628-294244-0,-1.0,-25.455548,-49.260008,,False,4,2,2023-06-16T23:08:23.579802+00:00
CUR_KE703,Curitiba,4106902,0,URBS,503,https://moovitapp.com/index/pt-br/transporte_p%C3%BAblico-line-503_BOQUEIR%C3%83O-Curitiba-942-9628-294244-0,-1.0,-25.472851,-49.251478,,False,5,1,2023-06-16T23:07:23.579802+00:00
CUR_GR035,Curitiba,4106902,0,URBS,503,https://moovitapp.com/index/pt-br/transporte_p%C3%BAblico-line-503_BOQUEIR%C3%83O-Curitiba-942-9628-294244-0,-1.0,-25.517251,-49.229698,,False,4,1,2023-06-16T23:07:23.579802+00:00
CUR_BI873,Curitiba,4106902,1,,184,,,-25.42898,-49.269908,,False,7,1,2023-06-16T23:01:23.579802+00:00
CUR_GI056,Curitiba,4106902,1,,683,,,-25.548778,-49.26994,,False,1,2,2023-06-16T23:07:23.579802+00:00
CUR_EL310,Curitiba,4106902,0,URBS,506,https://moovitapp.com/index/pt-br/transporte_p%C3%BAblico-line-506_BAIRRO_NOVO-Curitiba-942-9628-294299-0,-1.0,-25.525863,-49.267981,,False,3,1,2023-06-16T23:08:23.579802+00:00
CUR_GL302,Curitiba,4106902,0,URBS,506,https://moovitapp.com/index/pt-br/transporte_p%C3%BAblico-line-506_BAIRRO_NOVO-Curitiba-942-9628-294299-0,-1.0,-25.544853,-49.265981,,False,3,1,2023-06-16T23:08:23.579802+00:00
CUR_EL318,Curitiba,4106902,1,URBS,506,https://moovitapp.com/index/pt-br/transporte_p%C3%BAblico-line-506_BAIRRO_NOVO-Curitiba-942-9628-294299-0,-1.0,-25.533546,-49.266621,,False,3,2,2023-06-16T23:08:23.579802+00:00
CUR_EL328,Curitiba,4106902,1,URBS,506,https://moovitapp.com/index/pt-br/transporte_p%C3%BAblico-line-506_BAIRRO_NOVO-Curitiba-942-9628-294299-0,-1.0,-25.507275,-49.284631,,False,3,2,2023-06-16T23:07:23.579802+00:00
CUR_EL312,Curitiba,4106902,0,URBS,506,https://moovitapp.com/index/pt-br/transporte_p%C3%BAblico-line-506_BAIRRO_NOVO-Curitiba-942-9628-294299-0,-1.0,-25.517238,-49.273141,,False,3,1,2023-06-16T23:08:23.579802+00:00
CUR_GL308,Curitiba,4106902,0,URBS,506,https://moovitapp.com/index/pt-br/transporte_p%C3%BAblico-line-506_BAIRRO_NOVO-Curitiba-942-9628-294299-0,-1.0,-25.437301,-49.270763,,False,3,2,2023-06-16T23:08:23.579802+00:00
CUR_GL327,Curitiba,4106902,1,URBS,506,https://moovitapp.com/index/pt-br/transporte_p%C3%BAblico-line-506_BAIRRO_NOVO-Curitiba-942-9628-294299-0,-1.0,-25.455723,-49.267848,,False,3,2,2023-06-16T23:04:23.579802+00:00
CUR_GL311,Curitiba,4106902,0,URBS,506,https://moovitapp.com/index/pt-br/transporte_p%C3%BAblico-line-506_BAIRRO_NOVO-Curitiba-942-9628-294299-0,-1.0,-25.50906,-49.28237,,False,3,2,2023-06-16T23:07:23.579802+00:00
CUR_EL307,Curitiba,4106902,0,URBS,506,https://moovitapp.com/index/pt-br/transporte_p%C3%BAblico-line-506_BAIRRO_NOVO-Curitiba-942-9628-294299-0,-1.0,-25.53459,-49.268538,,False,3,2,2023-06-16T23:04:23.579802+00:00
CUR_GI855,Curitiba,4106902,1,,661,,,-25.447196,-49.26841,,False,7,2,2023-06-16T23:08:23.579802+00:00
CUR_EI007,Curitiba,4106902,1,,522,,,-25.519781,-49.269093,,False,1,1,2023-06-16T23:08:23.579802+00:00
CUR_EA074,Curitiba,4106902,1,,512,,,-25.514001,-49.266821,,False,1,1,2023-06-16T23:08:23.579802+00:00
CUR_JA034,Curitiba,4106902,1,,714,,,-25.48371,-49.350191,,False,1,,2023-06-16T23:08:23.579802+00:00
CUR_DC092,Curitiba,4106902,1,,468,,,-25.493661,-49.207885,,False,1,1,2023-06-16T23:07:23.579802+00:00
CUR_DC292,Curitiba,4106902,1,,468,,,-25.434453,-49.262956,,False,1,2,2023-06-16T23:08:23.579802+00:00
CUR_EA211,Curitiba,4106902,1,,468,,,-25.437435,-49.26017,,False,1,2,2023-06-16T23:08:23.579802+00:00
CUR_EA027,Curitiba,4106902,1,,X06,,,-25.546301,-49.243343,,False,1,1,2023-06-16T23:08:23.579802+00:00
CUR_BL304,Curitiba,4106902,0,URBS,505,https://moovitapp.com/index/pt-br/transporte_p%C3%BAblico-line-505_BOQUEIR%C3%83O_CENTRO_C%C3%8DVICO-Curitiba-942-9628-531685-0,-1.0,-25.501545,-49.236505,,False,3,2,2023-06-16T23:04:23.579802+00:00
CUR_EL333,Curitiba,4106902,1,URBS,505,https://moovitapp.com/index/pt-br/transporte_p%C3%BAblico-line-505_BOQUEIR%C3%83O_CENTRO_C%C3%8DVICO-Curitiba-942-9628-531685-0,-1.0,-25.51635,-49.230758,,False,3,1,2023-06-16T23:07:23.579802+00:00
CUR_EL306,Curitiba,4106902,0,URBS,505,https://moovitapp.com/index/pt-br/transporte_p%C3%BAblico-line-505_BOQUEIR%C3%83O_CENTRO_C%C3%8DVICO-Curitiba-942-9628-531685-0,-1.0,-25.427305,-49.264718,,False,3,2,2023-06-16T23:07:23.579802+00:00
CUR_EL329,Curitiba,4106902,1,URBS,505,https://moovitapp.com/index/pt-br/transporte_p%C3%BAblico-line-505_BOQUEIR%C3%83O_CENTRO_C%C3%8DVICO-Curitiba-942-9628-531685-0,-1.0,-25.449066,-49.257645,,False,3,1,2023-06-16T23:07:23.579802+00:00
CUR_BL320,Curitiba,4106902,0,URBS,505,https://moovitapp.com/index/pt-br/transporte_p%C3%BAblico-line-505_BOQUEIR%C3%83O_CENTRO_C%C3%8DVICO-Curitiba-942-9628-531685-0,-1.0,-25.412238,-49.265821,,False,3,1,2023-06-16T22:58:23.579802+00:00
CUR_GI007,Curitiba,4106902,1,,547,,,-25.534151,-49.267458,,False,1,1,2023-06-16T23:08:23.579802+00:00
CUR_GI057,Curitiba,4106902,1,,638,,,-25.515096,-49.294018,,False,1,2,2023-06-16T23:08:23.579802+00:00
CUR_GI043,Curitiba,4106902,1,,638,,,-25.551493,-49.277696,,False,1,1,2023-06-16T23:08:23.579802+00:00
CUR_JI006,Curitiba,4106902,1,,611,,,-25.476563,-49.292318,,False,1,2,2023-06-16T23:07:23.579802+00:00
CUR_JI014,Curitiba,4106902,1,,611,,,-25.47528,-49.318476,,False,1,1,2023-06-16T23:08:23.579802+00:00
CUR_JL321,Curitiba,4106902,1,URBS,304,https://moovitapp.com/index/pt-br/transporte_p%C3%BAblico-line-304_PINHAIS_CAMPO_COMPRIDO-Curitiba-942-9628-133282995-0,-1.0,-25.44056,-49.220328,,False,3,2,2023-06-16T23:07:23.579802+00:00
CUR_JL324,Curitiba,4106902,1,URBS,304,https://moovitapp.com/index/pt-br/transporte_p%C3%BAblico-line-304_PINHAIS_CAMPO_COMPRIDO-Curitiba-942-9628-133282995-0,-1.0,-25.438616,-49.31104,,False,3,1,2023-06-16T23:08:23.579802+00:00
CUR_JL316,Curitiba,4106902,0,URBS,304,https://moovitapp.com/index/pt-br/transporte_p%C3%BAblico-line-304_PINHAIS_CAMPO_COMPRIDO-Curitiba-942-9628-133282995-0,-1.0,-25.448568,-49.364743,,False,3,2,2023-06-16T23:08:23.579802+00:00
CUR_DL304,Curitiba,4106902,0,URBS,304,https://moovitapp.com/index/pt-br/transporte_p%C3%BAblico-line-304_PINHAIS_CAMPO_COMPRIDO-Curitiba-942-9628-133282995-0,-1.0,-25.428818,-49.268471,,False,3,1,2023-06-16T23:07:23.579802+00:00
CUR_GI016,Curitiba,4106902,1,,649,,,-25.523796,-49.285263,,False,1,2,2023-06-16T23:07:23.579802+00:00
CUR_GA178,Curitiba,4106902,1,,649,,,-25.512803,-49.294675,,False,1,1,2023-06-16T23:08:23.579802+00:00
CUR_JL300,Curitiba,4106902,0,URBS,702,https://moovitapp.com/index/pt-br/transporte_p%C3%BAblico-line-702_CAIU%C3%81_CACHOEIRA-Curitiba-942-9628-133282980-0,-1.0,-25.464358,-49.309856,,False,3,2,2023-06-16T23:08:23.579802+00:00
CUR_JL320,Curitiba,4106902,1,URBS,702,https://moovitapp.com/index/pt-br/transporte_p%C3%BAblico-line-702_CAIU%C3%81_CACHOEIRA-Curitiba-942-9628-133282980-0,-1.0,-25.433175,-49.265216,,False,3,2,2023-06-16T23:08:23.579802+00:00
CUR_JL303,Curitiba,4106902,0,URBS,702,https://moovitapp.com/index/pt-br/transporte_p%C3%BAblico-line-702_CAIU%C3%81_CACHOEIRA-Curitiba-942-9628-133282980-0,-1.0,-25.391168,-49.25818,,False,3,2,2023-06-16T23:08:23.579802+00:00
CUR_JL319,Curitiba,4106902,0,URBS,702,https://moovitapp.com/index/pt-br/transporte_p%C3%BAblico-line-702_CAIU%C3%81_CACHOEIRA-Curitiba-942-9628-133282980-0,-1.0,-25.437645,-49.26101,,False,3,1,2023-06-16T23:08:23.579802+00:00
CUR_GI048,Curitiba,4106902,1,,640,,,-25.51266,-49.294746,,False,1,1,2023-06-16T23:07:23.579802+00:00
CUR_GI024,Curitiba,4106902,1,,640,,,-25.530001,-49.289388,,False,1,1,2023-06-16T23:08:23.579802+00:00
CUR_BI898,Curitiba,4106902,1,,169,,,-25.409043,-49.276108,,False,7,2,2023-06-16T23:07:23.579802+00:00
CUR_BC031,Curitiba,4106902,1,,373,,,-25.429786,-49.263003,,False,1,2,2023-06-16T23:07:23.579802+00:00
CUR_HI020,Curitiba,4106902,1,,617,,,-25.5147,-49.294015,,False,1,2,2023-06-16T23:08:23.579802+00:00
CUR_HI028,Curitiba,4106902,1,,617,,,-25.558918,-49.307033,,False,1,1,2023-06-16T23:01:23.579802+00:00
CUR_HI047,Curitiba,4106902,1,,623,,,-25.496941,-49.29756,,False,1,2,2023-06-16T23:07:23.579802+00:00
CUR_HI004,Curitiba,4106902,1,,623,,,-25.513941,-49.30441,,False,1,1,2023-06-16T23:07:23.579802+00:00
CUR_HI017,Curitiba,4106902,1,,627,,,-25.497843,-49.305705,,False,1,1,2023-06-16T23:06:23.579802+00:00
CUR_HI006,Curitiba,4106902,1,,627,,,-25.534505,-49.333023,,False,1,2,2023-06-16T23:06:23.579802+00:00
CUR_HC008,Curitiba,4106902,1,,627,,,-25.492428,-49.295445,,False,1,1,2023-06-16T22:53:23.579802+00:00
CUR_MN608,Curitiba,4106902,1,,915,,,-25.400551,-49.330568,,False,7,2,2023-06-16T23:08:23.579802+00:00
CUR_CI007,Curitiba,4106902,1,,222,,,-25.384146,-49.203736,,False,1,1,2023-06-16T23:08:23.579802+00:00
CUR_CI008,Curitiba,4106902,1,,222,,,-25.39312,-49.241225,,False,1,2,2023-06-16T23:08:23.579802+00:00
CUR_DC088,Curitiba,4106902,1,,462,,,-25.44932,-49.225063,,False,1,2,2023-06-16T23:08:23.579802+00:00
CUR_DC090,Curitiba,4106902,1,,462,,,-25.473283,-49.216875,,False,1,1,2023-06-16T23:08:23.579802+00:00
CUR_KA603,Curitiba,4106902,1,,545,,,-25.537648,-49.311175,,False,4,2,2023-06-16T23:08:23.579802+00:00
CUR_JI600,Curitiba,4106902,1,,545,,,-25.516326,-49.231136,,False,4,2,2023-06-16T23:08:23.579802+00:00
CUR_KA601,Curitiba,4106902,1,,545,,,-25.538843,-49.280708,,False,4,1,2023-06-16T23:07:23.579802+00:00
CUR_GA697,Curitiba,4106902,1,,545,,,-25.534868,-49.317396,,False,4,1,2023-06-16T23:08:23.579802+00:00
CUR_GI603,Curitiba,4106902,1,,528,,,-25.533866,-49.243983,,False,4,2,2023-06-16T23:08:23.579802+00:00
CUR_JA699,Curitiba,4106902,1,,545,,,-25.532158,-49.26098,,False,4,2,2023-06-16T23:08:23.579802+00:00
CUR_KA692,Curitiba,4106902,1,,545,,,-25.535775,-49.271625,,False,4,2,2023-06-16T23:08:23.579802+00:00
CUR_GA602,Curitiba,4106902,1,,545,,,-25.485138,-49.328295,,False,4,1,2023-06-16T23:08:23.579802+00:00
CUR_GI008,Curitiba,4106902,1,,665,,,-25.463148,-49.276146,,False,1,2,2023-06-16T23:08:23.579802+00:00
CUR_GI850,Curitiba,4106902,1,,665,,,-25.51275,-49.279915,,False,7,1,2023-06-16T23:08:23.579802+00:00
CUR_BI885,Curitiba,4106902,1,,272,,,-25.417928,-49.268475,,False,7,1,2023-06-16T23:06:23.579802+00:00
CUR_BI856,Curitiba,4106902,1,,272,,,-25.368558,-49.25219,,False,7,2,2023-06-16T23:03:23.579802+00:00
CUR_HI042,Curitiba,4106902,1,,654,,,-25.492561,-49.298638,,False,1,2,2023-06-16T23:06:23.579802+00:00
CUR_HI041,Curitiba,4106902,1,,654,,,-25.500258,-49.32438,,False,1,1,2023-06-16T23:03:23.579802+00:00
CUR_HI850,Curitiba,4106902,1,,265,,,-25.41417,-49.267596,,False,7,1,2023-06-16T23:03:23.579802+00:00
CUR_GI044,Curitiba,4106902,1,,552,,,-25.536135,-49.272895,,False,1,1,2023-06-16T23:08:23.579802+00:00
CUR_GI013,Curitiba,4106902,1,,552,,,-25.536383,-49.272991,,False,1,2,2023-06-16T23:08:23.579802+00:00
CUR_DA291,Curitiba,4106902,1,,334,,,-25.465796,-49.193011,,False,1,,2023-06-16T23:08:23.579802+00:00
CUR_GI046,Curitiba,4106902,1,,624,,,-25.508491,-49.28174,,False,1,2,2023-06-16T23:08:23.579802+00:00
CUR_GI054,Curitiba,4106902,1,,624,,,-25.521203,-49.2702,,False,1,1,2023-06-16T23:08:23.579802+00:00
CUR_DN601,Curitiba,4106902,1,,463,,,-25.444245,-49.23921,,False,7,2,2023-06-16T23:08:23.579802+00:00
CUR_DN607,Curitiba,4106902,1,,463,,,-25.43284,-49.270213,,False,7,2,2023-06-16T23:08:23.579802+00:00
CUR_BC024,Curitiba,4106902,1,,171,,,-25.382888,-49.287838,,False,1,1,2023-06-16T23:04:23.579802+00:00
CUR_HB610,Curitiba,4106902,1,,040,,,-25.511961,-49.296453,,False,4,1,2023-06-16T22:58:23.579802+00:00
CUR_GB610,Curitiba,4106902,1,,040,,,-25.512935,-49.331228,,False,4,1,2023-06-16T23:08:23.579802+00:00
CUR_JB609,Curitiba,4106902,1,,040,,,-25.400891,-49.3307,,False,4,2,2023-06-16T23:07:23.579802+00:00
CUR_HB601,Curitiba,4106902,1,,040,,,-25.51163,-49.32818,,False,4,1,2023-06-16T23:07:23.579802+00:00
CUR_JB607,Curitiba,4106902,1,,040,,,-25.460855,-49.345203,,False,4,2,2023-06-16T23:08:23.579802+00:00
CUR_JB608,Curitiba,4106902,1,,040,,,-25.501595,-49.32729,,False,4,2,2023-06-16T23:07:23.579802+00:00
CUR_HB694,Curitiba,4106902,1,,040,,,-25.462681,-49.345705,,False,4,1,2023-06-16T23:02:23.579802+00:00
CUR_HB604,Curitiba,4106902,1,,040,,,-25.511628,-49.325825,,False,4,1,2023-06-16T23:05:23.579802+00:00
CUR_JB611,Curitiba,4106902,1,,040,,,-25.41191,-49.350295,,False,4,1,2023-06-16T23:08:23.579802+00:00
CUR_BI026,Curitiba,4106902,1,,916,,,-25.388086,-49.33512,,False,1,2,2023-06-16T23:07:23.579802+00:00
CUR_BI028,Curitiba,4106902,1,,160,,,-25.401545,-49.287038,,False,1,2,2023-06-16T23:07:23.579802+00:00
CUR_BC025,Curitiba,4106902,1,,160,,,-25.448156,-49.271631,,False,1,2,2023-06-16T23:05:23.579802+00:00
CUR_HA023,Curitiba,4106902,1,,681,,,-25.53681,-49.301415,,False,1,2,2023-06-16T23:01:23.579802+00:00
CUR_HI857,Curitiba,4106902,1,,670,,,-25.46697,-49.297938,,False,7,1,2023-06-16T23:06:23.579802+00:00
CUR_DA294,Curitiba,4106902,1,,513,,,-25.517965,-49.230721,,False,1,2,2023-06-16T23:08:23.579802+00:00
CUR_EI001,Curitiba,4106902,1,,561,,,-25.46306,-49.260578,,False,1,1,2023-06-16T23:07:23.579802+00:00
CUR_EI012,Curitiba,4106902,1,,561,,,-25.473515,-49.262763,,False,1,1,2023-06-16T23:08:23.579802+00:00
CUR_DC298,Curitiba,4106902,1,,321,,,-25.45109,-49.215231,,False,1,2,2023-06-16T23:07:23.579802+00:00
CUR_KA689,Curitiba,4106902,1,,629,,,-25.495026,-49.277996,,False,4,1,2023-06-16T23:08:23.579802+00:00
CUR_KA605,Curitiba,4106902,1,,629,,,-25.496778,-49.269265,,False,4,2,2023-06-16T23:08:23.579802+00:00
CUR_DE700,Curitiba,4106902,0,URBS,303,https://moovitapp.com/index/pt-br/transporte_p%C3%BAblico-line-303_CENTEN%C3%81RIO_CAMPO_COMPRIDO-Curitiba-942-9628-531689-0,-1.0,-25.468966,-49.208055,,False,5,1,2023-06-16T23:08:23.579802+00:00
CUR_DE715,Curitiba,4106902,0,URBS,303,https://moovitapp.com/index/pt-br/transporte_p%C3%BAblico-line-303_CENTEN%C3%81RIO_CAMPO_COMPRIDO-Curitiba-942-9628-531689-0,-1.0,-25.43495,-49.275798,,False,5,2,2023-06-16T23:08:23.579802+00:00
CUR_JE704,Curitiba,4106902,0,URBS,303,https://moovitapp.com/index/pt-br/transporte_p%C3%BAblico-line-303_CENTEN%C3%81RIO_CAMPO_COMPRIDO-Curitiba-942-9628-531689-0,-1.0,-25.435648,-49.257431,,False,5,1,2023-06-16T23:08:23.579802+00:00
CUR_DE705,Curitiba,4106902,0,URBS,303,https://moovitapp.com/index/pt-br/transporte_p%C3%BAblico-line-303_CENTEN%C3%81RIO_CAMPO_COMPRIDO-Curitiba-942-9628-531689-0,-1.0,-25.441836,-49.232658,,False,5,2,2023-06-16T23:08:23.579802+00:00
CUR_DE717,Curitiba,4106902,0,URBS,303,https://moovitapp.com/index/pt-br/transporte_p%C3%BAblico-line-303_CENTEN%C3%81RIO_CAMPO_COMPRIDO-Curitiba-942-9628-531689-0,-1.0,-25.439031,-49.334015,,False,5,2,2023-06-16T23:07:23.579802+00:00
CUR_DE703,Curitiba,4106902,0,URBS,303,https://moovitapp.com/index/pt-br/transporte_p%C3%BAblico-line-303_CENTEN%C3%81RIO_CAMPO_COMPRIDO-Curitiba-942-9628-531689-0,-1.0,-25.433663,-49.277343,,False,5,1,2023-06-16T23:08:23.579802+00:00
CUR_JE707,Curitiba,4106902,0,URBS,303,https://moovitapp.com/index/pt-br/transporte_p%C3%BAblico-line-303_CENTEN%C3%81RIO_CAMPO_COMPRIDO-Curitiba-942-9628-531689-0,-1.0,-25.452301,-49.214695,,False,5,1,2023-06-16T23:08:23.579802+00:00
CUR_JE849,Curitiba,4106902,0,URBS,303,https://moovitapp.com/index/pt-br/transporte_p%C3%BAblico-line-303_CENTEN%C3%81RIO_CAMPO_COMPRIDO-Curitiba-942-9628-531689-0,-1.0,-25.433315,-49.300018,,False,5,1,2023-06-16T23:08:23.579802+00:00
CUR_XY042,Curitiba,4106902,0,URBS,303,https://moovitapp.com/index/pt-br/transporte_p%C3%BAblico-line-303_CENTEN%C3%81RIO_CAMPO_COMPRIDO-Curitiba-942-9628-531689-0,-1.0,-25.439808,-49.222081,,False,4,2,2023-06-16T23:06:23.579802+00:00
CUR_DE716,Curitiba,4106902,0,URBS,303,https://moovitapp.com/index/pt-br/transporte_p%C3%BAblico-line-303_CENTEN%C3%81RIO_CAMPO_COMPRIDO-Curitiba-942-9628-531689-0,-1.0,-25.437706,-49.311201,,False,5,2,2023-06-16T23:07:23.579802+00:00
CUR_DE702,Curitiba,4106902,0,URBS,303,https://moovitapp.com/index/pt-br/transporte_p%C3%BAblico-line-303_CENTEN%C3%81RIO_CAMPO_COMPRIDO-Curitiba-942-9628-531689-0,-1.0,-25.43566,-49.260626,,False,5,2,2023-06-16T23:08:23.579802+00:00
CUR_EA008,Curitiba,4106902,1,,657,,,-25.496518,-49.278558,,False,1,2,2023-06-16T23:08:23.579802+00:00
CUR_EA021,Curitiba,4106902,1,,521,,,-25.500948,-49.23787,,False,1,1,2023-06-16T23:06:23.579802+00:00
CUR_EI017,Curitiba,4106902,1,,475,,,-25.459103,-49.249663,,False,1,2,2023-06-16T23:08:23.579802+00:00
CUR_EI020,Curitiba,4106902,1,,475,,,-25.457978,-49.24982,,False,1,1,2023-06-16T23:08:23.579802+00:00
CUR_JI853,Curitiba,4106902,1,,825,,,-25.449848,-49.353421,,False,7,2,2023-06-16T23:03:23.579802+00:00
CUR_GI028,Curitiba,4106902,1,,534,,,-25.530708,-49.266001,,False,1,2,2023-06-16T23:07:23.579802+00:00
CUR_GI025,Curitiba,4106902,1,,534,,,-25.524161,-49.245735,,False,1,1,2023-06-16T23:08:23.579802+00:00
CUR_BC020,Curitiba,4106902,1,,870,,,-25.42948,-49.28479,,False,1,1,2023-06-16T23:06:23.579802+00:00
CUR_BC008,Curitiba,4106902,1,,870,,,-25.430885,-49.326038,,False,1,1,2023-06-16T22:57:23.579802+00:00
CUR_BC014,Curitiba,4106902,1,,870,,,-25.429758,-49.272571,,False,1,2,2023-06-16T23:05:23.579802+00:00
CUR_GI039,Curitiba,4106902,1,,633,,,-25.514086,-49.294286,,False,1,2,2023-06-16T23:08:23.579802+00:00
CUR_GC015,Curitiba,4106902,1,,633,,,-25.528821,-49.277438,,False,1,1,2023-06-16T23:08:23.579802+00:00
CUR_BI002,Curitiba,4106902,1,,374,,,-25.417275,-49.249008,,False,1,1,2023-06-16T23:01:23.579802+00:00
CUR_BI006,Curitiba,4106902,1,,374,,,-25.417795,-49.243466,,False,1,1,2023-06-16T23:05:23.579802+00:00
CUR_BB606,Curitiba,4106902,1,,020,,,-25.45124,-49.229706,,False,4,,2023-06-16T23:03:23.579802+00:00
CUR_HB611,Curitiba,4106902,1,,020,,,-25.49526,-49.291571,,False,4,,2023-06-16T23:07:23.579802+00:00
CUR_KB604,Curitiba,4106902,1,,020,,,-25.40057,-49.287725,,False,4,,2023-06-16T23:08:23.579802+00:00
CUR_BI600,Curitiba,4106902,1,,020,,,-25.482328,-49.246845,,False,4,,2023-06-16T23:03:23.579802+00:00
CUR_BB600,Curitiba,4106902,1,,020,,,-25.440371,-49.221026,,False,4,,2023-06-16T23:05:23.579802+00:00
CUR_CB600,Curitiba,4106902,1,,020,,,-25.395495,-49.250925,,False,4,,2023-06-16T23:08:23.579802+00:00
CUR_BB614,Curitiba,4106902,1,,020,,,-25.408235,-49.292176,,False,4,,2023-06-16T23:08:23.579802+00:00
CUR_BB605,Curitiba,4106902,1,,020,,,-25.471425,-49.299591,,False,4,,2023-06-16T23:03:23.579802+00:00
CUR_HI613,Curitiba,4106902,1,,684,,,-25.526701,-49.2981,,False,4,1,2023-06-16T23:04:23.579802+00:00
CUR_HA613,Curitiba,4106902,1,,684,,,-25.521675,-49.292123,,False,4,1,2023-06-16T23:07:23.579802+00:00
CUR_HI603,Curitiba,4106902,0,,684,,,-25.580341,-49.314253,,False,4,1,2023-06-16T23:04:23.579802+00:00
CUR_HA699,Curitiba,4106902,1,,684,,,-25.589436,-49.330775,,False,4,2,2023-06-16T23:01:23.579802+00:00
CUR_HI602,Curitiba,4106902,1,,684,,,-25.585123,-49.340255,,False,4,2,2023-06-16T23:06:23.579802+00:00
CUR_HA615,Curitiba,4106902,1,,684,,,-25.585145,-49.340278,,False,4,2,2023-06-16T22:56:23.579802+00:00
CUR_EB600,Curitiba,4106902,1,,021,,,-25.486945,-49.299696,,False,4,,2023-06-16T23:08:23.579802+00:00
CUR_EB601,Curitiba,4106902,1,,021,,,-25.484255,-49.255391,,False,4,,2023-06-16T23:08:23.579802+00:00
CUR_CB604,Curitiba,4106902,1,,021,,,-25.440648,-49.220983,,False,4,,2023-06-16T23:08:23.579802+00:00
CUR_BB498,Curitiba,4106902,1,,021,,,-25.45967,-49.232903,,False,3,,2023-06-16T23:05:23.579802+00:00
CUR_XY043,Curitiba,4106902,0,,021,,,-25.428903,-49.224163,,False,3,,2023-06-16T23:02:23.579802+00:00
CUR_GB602,Curitiba,4106902,1,,021,,,-25.385418,-49.281018,,False,4,,2023-06-16T23:08:23.579802+00:00
CUR_GB601,Curitiba,4106902,1,,021,,,-25.435713,-49.306758,,False,4,,2023-06-16T23:07:23.579802+00:00
CUR_BB300,Curitiba,4106902,1,,021,,,-25.394828,-49.25174,,False,3,,2023-06-16T23:05:23.579802+00:00
CUR_BB603,Curitiba,4106902,1,,021,,,-25.43809,-49.233526,,False,4,,2023-06-16T23:05:23.579802+00:00
CUR_DN604,Curitiba,4106902,1,,465,,,-25.458178,-49.23947,,False,7,1,2023-06-16T23:08:23.579802+00:00
CUR_DC851,Curitiba,4106902,1,,477,,,-25.474933,-49.222641,,False,7,2,2023-06-16T23:08:23.579802+00:00
CUR_EA022,Curitiba,4106902,1,,532,,,-25.518003,-49.230383,,False,1,2,2023-06-16T23:07:23.579802+00:00
CUR_EI002,Curitiba,4106902,1,,523,,,-25.504128,-49.22204,,False,1,1,2023-06-16T23:07:23.579802+00:00
CUR_EI004,Curitiba,4106902,1,,471,,,-25.467708,-49.240655,,False,1,1,2023-06-16T23:08:23.579802+00:00
CUR_EL319,Curitiba,4106902,1,URBS,507,https://moovitapp.com/index/pt-br/transporte_p%C3%BAblico-line-507_S%C3%8DTIO_CERCADO_HOR%C3%81RIO-Curitiba-942-9628-294494-0,-1.0,-25.49099,-49.242668,,False,3,,2023-06-16T23:07:23.579802+00:00
CUR_EL332,Curitiba,4106902,1,URBS,507,https://moovitapp.com/index/pt-br/transporte_p%C3%BAblico-line-507_S%C3%8DTIO_CERCADO_HOR%C3%81RIO-Curitiba-942-9628-294494-0,-1.0,-25.487271,-49.244481,,False,3,,2023-06-16T23:07:23.579802+00:00
CUR_EL325,Curitiba,4106902,1,URBS,507,https://moovitapp.com/index/pt-br/transporte_p%C3%BAblico-line-507_S%C3%8DTIO_CERCADO_HOR%C3%81RIO-Curitiba-942-9628-294494-0,-1.0,-25.446178,-49.275305,,False,3,,2023-06-16T23:07:23.579802+00:00
CUR_EL322,Curitiba,4106902,1,URBS,507,https://moovitapp.com/index/pt-br/transporte_p%C3%BAblico-line-507_S%C3%8DTIO_CERCADO_HOR%C3%81RIO-Curitiba-942-9628-294494-0,-1.0,-25.53563,-49.284893,,False,3,,2023-06-16T23:08:23.579802+00:00
CUR_GL310,Curitiba,4106902,0,URBS,507,https://moovitapp.com/index/pt-br/transporte_p%C3%BAblico-line-507_S%C3%8DTIO_CERCADO_HOR%C3%81RIO-Curitiba-942-9628-294494-0,-1.0,-25.440271,-49.260233,,False,3,,2023-06-16T23:07:23.579802+00:00
CUR_EL327,Curitiba,4106902,1,URBS,507,https://moovitapp.com/index/pt-br/transporte_p%C3%BAblico-line-507_S%C3%8DTIO_CERCADO_HOR%C3%81RIO-Curitiba-942-9628-294494-0,-1.0,-25.514616,-49.231133,,False,3,,2023-06-16T23:08:23.579802+00:00
CUR_GL314,Curitiba,4106902,0,URBS,507,https://moovitapp.com/index/pt-br/transporte_p%C3%BAblico-line-507_S%C3%8DTIO_CERCADO_HOR%C3%81RIO-Curitiba-942-9628-294494-0,-1.0,-25.448613,-49.25802,,False,3,,2023-06-16T23:08:23.579802+00:00
CUR_EL300,Curitiba,4106902,0,URBS,507,https://moovitapp.com/index/pt-br/transporte_p%C3%BAblico-line-507_S%C3%8DTIO_CERCADO_HOR%C3%81RIO-Curitiba-942-9628-294494-0,-1.0,-25.464393,-49.289761,,False,3,,2023-06-16T23:07:23.579802+00:00
CUR_JI864,Curitiba,4106902,1,,760,,,-25.441398,-49.271163,,False,7,2,2023-06-16T23:08:23.579802+00:00
CUR_GI015,Curitiba,4106902,1,,541,,,-25.53983,-49.252455,,False,1,2,2023-06-16T23:07:23.579802+00:00
CUR_GI006,Curitiba,4106902,1,,541,,,-25.534088,-49.267313,,False,1,1,2023-06-16T23:08:23.579802+00:00
CUR_GI037,Curitiba,4106902,1,,541,,,-25.543666,-49.248548,,False,1,1,2023-06-16T23:08:23.579802+00:00
CUR_GC007,Curitiba,4106902,1,,541,,,-25.545666,-49.257831,,False,1,1,2023-06-16T23:08:23.579802+00:00
CUR_HA193,Curitiba,4106902,1,,658,,,-25.491786,-49.34926,,False,1,2,2023-06-16T23:04:23.579802+00:00
CUR_HI049,Curitiba,4106902,1,,658,,,-25.494176,-49.313275,,False,1,1,2023-06-16T23:07:23.579802+00:00
CUR_JI022,Curitiba,4106902,1,,658,,,-25.489378,-49.351278,,False,1,1,2023-06-16T23:08:23.579802+00:00
CUR_JA024,Curitiba,4106902,1,,658,,,-25.495246,-49.309271,,False,1,2,2023-06-16T23:08:23.579802+00:00
CUR_GI050,Curitiba,4106902,1,,641,,,-25.573348,-49.295208,,False,1,1,2023-06-16T23:08:23.579802+00:00
CUR_GI019,Curitiba,4106902,1,,643,,,-25.568385,-49.284036,,False,1,1,2023-06-16T23:08:23.579802+00:00
CUR_GI033,Curitiba,4106902,1,,643,,,-25.512875,-49.294623,,False,1,2,2023-06-16T23:08:23.579802+00:00
CUR_BI867,Curitiba,4106902,1,,237,,,-25.378788,-49.216991,,False,7,,2023-06-16T23:07:23.579802+00:00
CUR_BI880,Curitiba,4106902,1,,275,,,-25.378305,-49.235961,,False,7,2,2023-06-16T23:04:23.579802+00:00
CUR_BI893,Curitiba,4106902,1,,275,,,-25.409253,-49.261103,,False,7,1,2023-06-16T23:07:23.579802+00:00
CUR_BC007,Curitiba,4106902,1,,168,,,-25.424336,-49.281886,,False,1,2,2023-06-16T23:06:23.579802+00:00
CUR_HI025,Curitiba,4106902,1,,655,,,-25.561993,-49.333101,,False,1,1,2023-06-16T23:07:23.579802+00:00
CUR_HA029,Curitiba,4106902,1,,655,,,-25.516546,-49.295565,,False,1,2,2023-06-16T23:07:23.579802+00:00
CUR_HI001,Curitiba,4106902,1,,772,,,-25.624371,-49.369896,,False,1,2,2023-06-16T23:08:23.579802+00:00
CUR_HA614,Curitiba,4106902,1,,772,,,-25.608241,-49.333211,,False,4,1,2023-06-16T23:07:23.579802+00:00
CUR_HI607,Curitiba,4106902,0,,772,,,-25.512946,-49.29497,,False,4,1,2023-06-16T23:06:23.579802+00:00
CUR_HA602,Curitiba,4106902,1,,772,,,-25.627093,-49.36663,,False,4,2,2023-06-16T22:53:23.579802+00:00
CUR_HC304,Curitiba,4106902,1,,380,,,-25.432976,-49.276401,,False,10,1,2023-06-16T23:07:23.579802+00:00
CUR_CI006,Curitiba,4106902,1,,380,,,-25.427455,-49.264468,,False,1,2,2023-06-16T23:08:23.579802+00:00
CUR_CC302,Curitiba,4106902,1,,380,,,-25.427568,-49.243131,,False,10,1,2023-06-16T23:08:23.579802+00:00
CUR_CI003,Curitiba,4106902,1,,380,,,-25.428083,-49.231845,,False,1,1,2023-06-16T23:07:23.579802+00:00
CUR_MI854,Curitiba,4106902,1,,911,,,-25.386171,-49.362998,,False,7,1,2023-06-16T23:08:23.579802+00:00
CUR_DA013,Curitiba,4106902,1,,338,,,-25.487706,-49.204121,,False,1,2,2023-06-16T23:07:23.579802+00:00
CUR_DA029,Curitiba,4106902,1,,338,,,-25.500521,-49.211773,,False,1,1,2023-06-16T23:07:23.579802+00:00
CUR_DA301,Curitiba,4106902,1,,338,,,-25.479633,-49.246846,,False,3,1,2023-06-16T23:08:23.579802+00:00
CUR_DC983,Curitiba,4106902,1,,338,,,-25.468906,-49.208345,,False,1,2,2023-06-16T23:08:23.579802+00:00
CUR_DC084,Curitiba,4106902,0,,338,,,-25.481748,-49.2468,,False,1,2,2023-06-16T23:08:23.579802+00:00
CUR_GC011,Curitiba,4106902,1,,338,,,-25.472676,-49.235408,,False,1,1,2023-06-16T23:07:23.579802+00:00
CUR_EI010,Curitiba,4106902,1,Auto Viação São José,515,https://moovitapp.com/index/pt-br/transporte_p%C3%BAblico-line-515_%E2%9C%88_AEROPORTO_1_SHOPPING_S%C3%83O_JOS%C3%89-Curitiba-942-857412-67925719-0,-1.0,-25.517441,-49.22873,,False,1,2,2023-06-16T23:07:23.579802+00:00
CUR_EI005,Curitiba,4106902,1,,528,,,-25.51709,-49.230496,,False,1,1,2023-06-16T23:07:23.579802+00:00
CUR_EA005,Curitiba,4106902,1,,X07,,,-25.55245,-49.254315,,False,1,1,2023-06-16T23:08:23.579802+00:00
CUR_EI006,Curitiba,4106902,1,,X07,,,-25.534165,-49.267663,,False,1,2,2023-06-16T23:08:23.579802+00:00
CUR_JI004,Curitiba,4106902,1,,719,,,-25.483431,-49.348171,,False,1,2,2023-06-16T23:07:23.579802+00:00
CUR_JI009,Curitiba,4106902,1,,718,,,-25.477143,-49.335666,,False,1,,2023-06-16T23:08:23.579802+00:00
CUR_BI018,Curitiba,4106902,1,,232,,,-25.37277,-49.22745,,False,1,2,2023-06-16T23:07:23.579802+00:00
CUR_BA028,Curitiba,4106902,1,,232,,,-25.35164,-49.235745,,False,1,1,2023-06-16T23:02:23.579802+00:00
CUR_KI002,Curitiba,4106902,1,,472,,,-25.45002,-49.254123,,False,1,2,2023-06-16T23:08:23.579802+00:00
CUR_BI024,Curitiba,4106902,1,,242,,,-25.352553,-49.25467,,False,1,1,2023-06-16T23:06:23.579802+00:00
CUR_BI015,Curitiba,4106902,1,,242,,,-25.378635,-49.25649,,False,1,2,2023-06-16T22:59:23.579802+00:00
CUR_JI860,Curitiba,4106902,1,,779,,,-25.461021,-49.326726,,False,7,2,2023-06-16T23:08:23.579802+00:00
CUR_BI879,Curitiba,4106902,1,,311,,,-25.438741,-49.216041,,False,7,1,2023-06-16T23:07:23.579802+00:00
CUR_BI029,Curitiba,4106902,1,,372,,,-25.43287,-49.270551,,False,1,2,2023-06-16T23:05:23.579802+00:00
CUR_BC316,Curitiba,4106902,1,,372,,,-25.425725,-49.202683,,False,10,1,2023-06-16T23:05:23.579802+00:00
CUR_CC297,Curitiba,4106902,1,,372,,,-25.417855,-49.201206,,False,1,1,2023-06-16T23:08:23.579802+00:00
CUR_BC002,Curitiba,4106902,1,,183,,,-25.388451,-49.267535,,False,1,1,2023-06-16T23:06:23.579802+00:00
CUR_JA022,Curitiba,4106902,1,,711,,,-25.469581,-49.347256,,False,1,2,2023-06-16T23:08:23.579802+00:00
CUR_BI863,Curitiba,4106902,1,,274,,,-25.385053,-49.261603,,False,7,1,2023-06-16T23:07:23.579802+00:00
CUR_JA030,Curitiba,4106902,1,,860,,,-25.458036,-49.347045,,False,1,1,2023-06-16T23:08:23.579802+00:00
CUR_JI298,Curitiba,4106902,1,,860,,,-25.438976,-49.274365,,False,1,2,2023-06-16T23:08:23.579802+00:00
CUR_JC314,Curitiba,4106902,1,,778,,,-25.451728,-49.289466,,False,3,2,2023-06-16T23:07:23.579802+00:00
CUR_JC309,Curitiba,4106902,1,,778,,,-25.457453,-49.3241,,False,3,1,2023-06-16T23:08:23.579802+00:00
CUR_JC303,Curitiba,4106902,1,,778,,,-25.457893,-49.306081,,False,3,1,2023-06-16T23:08:23.579802+00:00
CUR_BC315,Curitiba,4106902,1,,371,,,-25.426371,-49.25722,,False,10,2,2023-06-16T23:06:23.579802+00:00
CUR_BC313,Curitiba,4106902,1,,371,,,-25.414533,-49.222098,,False,10,1,2023-06-16T23:07:23.579802+00:00
CUR_GI047,Curitiba,4106902,1,,528,,,-25.536863,-49.256023,,False,1,1,2023-06-16T23:07:23.579802+00:00
CUR_EI016,Curitiba,4106902,1,,528,,,-25.549676,-49.29301,,False,1,2,2023-06-16T23:08:23.579802+00:00
CUR_EA601,Curitiba,4106902,1,,528,,,-25.533286,-49.296671,,False,4,2,2023-06-16T23:08:23.579802+00:00
CUR_GI601,Curitiba,4106902,1,,528,,,-25.51885,-49.231661,,False,4,1,2023-06-16T23:08:23.579802+00:00
CUR_EA699,Curitiba,4106902,1,,528,,,-25.562906,-49.269645,,False,4,1,2023-06-16T23:07:23.579802+00:00
CUR_BC005,Curitiba,4106902,1,,876,,,-25.414283,-49.33902,,False,1,2,2023-06-16T22:59:23.579802+00:00
CUR_BC021,Curitiba,4106902,1,,876,,,-25.431181,-49.292683,,False,1,1,2023-06-16T23:05:23.579802+00:00
CUR_BC017,Curitiba,4106902,1,,876,,,-25.418003,-49.324595,,False,1,1,2023-06-16T23:06:23.579802+00:00
CUR_BI899,Curitiba,4106902,1,,366,,,-25.436173,-49.284336,,False,7,2,2023-06-16T23:06:23.579802+00:00
CUR_BI017,Curitiba,4106902,1,,342,,,-25.397763,-49.234501,,False,1,2,2023-06-16T23:07:23.579802+00:00
CUR_BI012,Curitiba,4106902,1,,342,,,-25.389473,-49.203811,,False,1,1,2023-06-16T23:07:23.579802+00:00
CUR_BI025,Curitiba,4106902,1,,816,,,-25.436215,-49.308388,,False,1,2,2023-06-16T23:07:23.579802+00:00
CUR_BI031,Curitiba,4106902,1,,816,,,-25.407961,-49.322891,,False,1,2,2023-06-16T23:08:23.579802+00:00
CUR_BA601,Curitiba,4106902,1,Auto Viação São José,216,https://moovitapp.com/index/pt-br/transporte_p%C3%BAblico-line-216_PIT_PRA%C3%87A_DA_JUVENTUDE_SANTA_F%C3%89_PINDORAMA-Curitiba-942-857412-122004458-0,-1.0,-25.475945,-49.292415,,False,4,1,2023-06-16T23:05:23.579802+00:00
CUR_HA608,Curitiba,4106902,1,Auto Viação São José,216,https://moovitapp.com/index/pt-br/transporte_p%C3%BAblico-line-216_PIT_PRA%C3%87A_DA_JUVENTUDE_SANTA_F%C3%89_PINDORAMA-Curitiba-942-857412-122004458-0,-1.0,-25.437303,-49.240413,,False,4,1,2023-06-16T23:06:23.579802+00:00
CUR_BA602,Curitiba,4106902,1,Auto Viação São José,216,https://moovitapp.com/index/pt-br/transporte_p%C3%BAblico-line-216_PIT_PRA%C3%87A_DA_JUVENTUDE_SANTA_F%C3%89_PINDORAMA-Curitiba-942-857412-122004458-0,-1.0,-25.439753,-49.239065,,False,4,2,2023-06-16T23:07:23.579802+00:00
CUR_HA605,Curitiba,4106902,1,Auto Viação São José,216,https://moovitapp.com/index/pt-br/transporte_p%C3%BAblico-line-216_PIT_PRA%C3%87A_DA_JUVENTUDE_SANTA_F%C3%89_PINDORAMA-Curitiba-942-857412-122004458-0,-1.0,-25.41169,-49.254028,,False,4,2,2023-06-16T23:05:23.579802+00:00
CUR_HI023,Curitiba,4106902,1,,619,,,-25.511636,-49.324163,,False,1,1,2023-06-16T23:03:23.579802+00:00
CUR_HI608,Curitiba,4106902,1,,619,,,-25.576271,-49.33151,,False,4,2,2023-06-16T23:06:23.579802+00:00
CUR_HA619,Curitiba,4106902,1,,685,,,-25.526893,-49.32865,,False,4,1,2023-06-16T23:04:23.579802+00:00
CUR_HI610,Curitiba,4106902,1,,685,,,-25.576471,-49.331463,,False,4,2,2023-06-16T23:06:23.579802+00:00
CUR_HR409,Curitiba,4106902,1,,685,,,-25.57354,-49.331951,,False,4,2,2023-06-16T23:06:23.579802+00:00
CUR_JI020,Curitiba,4106902,1,,828,,,-25.477201,-49.32736,,False,1,1,2023-06-16T23:08:23.579802+00:00
CUR_HI008,Curitiba,4106902,1,,828,,,-25.469285,-49.331326,,False,1,1,2023-06-16T23:06:23.579802+00:00
CUR_HC502,Curitiba,4106902,1,,828,,,-25.477758,-49.328238,,False,2,2,2023-06-16T23:07:23.579802+00:00
CUR_HI859,Curitiba,4106902,1,,865,,,-25.432921,-49.292698,,False,7,1,2023-06-16T23:07:23.579802+00:00
CUR_GE611,Curitiba,4106902,0,URBS,602,https://moovitapp.com/index/pt-br/transporte_p%C3%BAblico-line-602_CIRCULAR_SUL_ANTI_HOR%C3%81RIO-Curitiba-942-9628-294517-0,-1.0,-25.476256,-49.292725,,False,4,,2023-06-16T23:07:23.579802+00:00
CUR_GE604,Curitiba,4106902,0,URBS,602,https://moovitapp.com/index/pt-br/transporte_p%C3%BAblico-line-602_CIRCULAR_SUL_ANTI_HOR%C3%81RIO-Curitiba-942-9628-294517-0,-1.0,-25.517165,-49.22988,,False,4,,2023-06-16T23:08:23.579802+00:00
CUR_HE606,Curitiba,4106902,0,URBS,602,https://moovitapp.com/index/pt-br/transporte_p%C3%BAblico-line-602_CIRCULAR_SUL_ANTI_HOR%C3%81RIO-Curitiba-942-9628-294517-0,-1.0,-25.516663,-49.230136,,False,4,,2023-06-16T23:07:23.579802+00:00
CUR_HE607,Curitiba,4106902,0,URBS,602,https://moovitapp.com/index/pt-br/transporte_p%C3%BAblico-line-602_CIRCULAR_SUL_ANTI_HOR%C3%81RIO-Curitiba-942-9628-294517-0,-1.0,-25.53299,-49.26299,,False,4,,2023-06-16T23:05:23.579802+00:00
CUR_HE608,Curitiba,4106902,0,URBS,602,https://moovitapp.com/index/pt-br/transporte_p%C3%BAblico-line-602_CIRCULAR_SUL_ANTI_HOR%C3%81RIO-Curitiba-942-9628-294517-0,-1.0,-25.530928,-49.287651,,False,4,,2023-06-16T23:07:23.579802+00:00
CUR_HE604,Curitiba,4106902,0,URBS,602,https://moovitapp.com/index/pt-br/transporte_p%C3%BAblico-line-602_CIRCULAR_SUL_ANTI_HOR%C3%81RIO-Curitiba-942-9628-294517-0,-1.0,-25.476448,-49.292593,,False,4,,2023-06-16T23:06:23.579802+00:00
CUR_HE611,Curitiba,4106902,0,URBS,602,https://moovitapp.com/index/pt-br/transporte_p%C3%BAblico-line-602_CIRCULAR_SUL_ANTI_HOR%C3%81RIO-Curitiba-942-9628-294517-0,-1.0,-25.469183,-49.253978,,False,4,,2023-06-16T23:07:23.579802+00:00
CUR_GE707,Curitiba,4106902,0,URBS,602,https://moovitapp.com/index/pt-br/transporte_p%C3%BAblico-line-602_CIRCULAR_SUL_ANTI_HOR%C3%81RIO-Curitiba-942-9628-294517-0,-1.0,-25.51372,-49.295685,,False,5,,2023-06-16T23:08:23.579802+00:00
CUR_GD343,Curitiba,4106902,0,URBS,602,https://moovitapp.com/index/pt-br/transporte_p%C3%BAblico-line-602_CIRCULAR_SUL_ANTI_HOR%C3%81RIO-Curitiba-942-9628-294517-0,-1.0,-25.476251,-49.292663,,False,5,,2023-06-16T23:08:23.579802+00:00
CUR_HI031,Curitiba,4106902,1,,801,,,-25.435901,-49.307011,,False,1,1,2023-06-16T23:00:23.579802+00:00
CUR_HC300,Curitiba,4106902,1,,801,,,-25.439623,-49.29996,,False,10,2,2023-06-16T23:07:23.579802+00:00
CUR_MI851,Curitiba,4106902,1,Auto Viação São José,150,https://moovitapp.com/index/pt-br/transporte_p%C3%BAblico-line-150_T_AFONSO_PENA_PIT_BORDA_DO_CAMPO-Curitiba-942-857412-53904521-0,-1.0,-25.419631,-49.281171,,False,7,2,2023-06-16T23:08:23.579802+00:00
CUR_DA033,Curitiba,4106902,1,,621,,,-25.491375,-49.288346,,False,1,2,2023-06-16T23:08:23.579802+00:00
CUR_DA298,Curitiba,4106902,1,,621,,,-25.482943,-49.253425,,False,1,1,2023-06-16T23:08:23.579802+00:00
CUR_EI011,Curitiba,4106902,1,,X03,,,-25.521925,-49.230166,,False,1,1,2023-06-16T23:08:23.579802+00:00
CUR_EI015,Curitiba,4106902,1,,511,,,-25.510728,-49.261211,,False,1,1,2023-06-16T23:08:23.579802+00:00
CUR_EI019,Curitiba,4106902,1,,511,,,-25.481101,-49.247803,,False,1,2,2023-06-16T23:08:23.579802+00:00
CUR_EA023,Curitiba,4106902,1,Auto Viação São José,531,https://moovitapp.com/index/pt-br/transporte_p%C3%BAblico-line-531_BAIRRO_A_BAIRRO_1-Curitiba-942-857412-1570571-0,-1.0,-25.518486,-49.23149,,False,1,2,2023-06-16T23:08:23.579802+00:00
CUR_EA024,Curitiba,4106902,1,Auto Viação São José,531,https://moovitapp.com/index/pt-br/transporte_p%C3%BAblico-line-531_BAIRRO_A_BAIRRO_1-Curitiba-942-857412-1570571-0,-1.0,-25.540806,-49.246411,,False,1,1,2023-06-16T23:08:23.579802+00:00
CUR_BA025,Curitiba,4106902,1,,233,,,-25.374836,-49.221156,,False,1,,2023-06-16T23:07:23.579802+00:00
CUR_BA010,Curitiba,4106902,1,,822,,,-25.437881,-49.360816,,False,1,2,2023-06-16T23:07:23.579802+00:00
CUR_BL334,Curitiba,4106902,0,URBS,256,https://moovitapp.com/index/pt-br/transporte_p%C3%BAblico-line-256_BARREIRINHA_GUADALUPE-Curitiba-942-9628-398191-0,-1.0,-25.432345,-49.263965,,False,3,1,2023-06-16T22:55:23.579802+00:00
CUR_BL319,Curitiba,4106902,0,URBS,256,https://moovitapp.com/index/pt-br/transporte_p%C3%BAblico-line-256_BARREIRINHA_GUADALUPE-Curitiba-942-9628-398191-0,-1.0,-25.43194,-49.265841,,False,3,2,2023-06-16T23:06:23.579802+00:00
CUR_BI004,Curitiba,4106902,1,Auto Viação São José,211,https://moovitapp.com/index/pt-br/transporte_p%C3%BAblico-line-211_PIT_PRA%C3%87A_DA_JUVENTUDE_IZAURA_IP%C3%8A-Curitiba-942-857412-73553392-0,-1.0,-25.404418,-49.24288,,False,1,2,2023-06-16T23:06:23.579802+00:00
CUR_HI046,Curitiba,4106902,1,,615,,,-25.47937,-49.297531,,False,1,1,2023-06-16T23:06:23.579802+00:00
CUR_HA030,Curitiba,4106902,1,,646,,,-25.525855,-49.29753,,False,1,1,2023-06-16T23:07:23.579802+00:00
CUR_HI021,Curitiba,4106902,1,,646,,,-25.579166,-49.317046,,False,1,2,2023-06-16T23:07:23.579802+00:00
CUR_HI600,Curitiba,4106902,1,,646,,,-25.599178,-49.326451,,False,4,2,2023-06-16T23:07:23.579802+00:00
CUR_GE727,Curitiba,4106902,0,URBS,550,https://moovitapp.com/index/pt-br/transporte_p%C3%BAblico-line-550_LIGEIR%C3%83O_PINHEIRINHO_CARLOS_GOMES-Curitiba-942-9628-1254061-0,-1.0,-25.448628,-49.26331,,False,5,2,2023-06-16T23:07:23.579802+00:00
CUR_HE719,Curitiba,4106902,0,URBS,550,https://moovitapp.com/index/pt-br/transporte_p%C3%BAblico-line-550_LIGEIR%C3%83O_PINHEIRINHO_CARLOS_GOMES-Curitiba-942-9628-1254061-0,-1.0,-25.43506,-49.268645,,False,5,2,2023-06-16T23:07:23.579802+00:00
CUR_HE716,Curitiba,4106902,0,URBS,550,https://moovitapp.com/index/pt-br/transporte_p%C3%BAblico-line-550_LIGEIR%C3%83O_PINHEIRINHO_CARLOS_GOMES-Curitiba-942-9628-1254061-0,-1.0,-25.454618,-49.260393,,False,5,1,2023-06-16T23:08:23.579802+00:00
CUR_HE702,Curitiba,4106902,0,URBS,550,https://moovitapp.com/index/pt-br/transporte_p%C3%BAblico-line-550_LIGEIR%C3%83O_PINHEIRINHO_CARLOS_GOMES-Curitiba-942-9628-1254061-0,-1.0,-25.512053,-49.294725,,False,5,2,2023-06-16T23:04:23.579802+00:00
CUR_GE706,Curitiba,4106902,0,URBS,550,https://moovitapp.com/index/pt-br/transporte_p%C3%BAblico-line-550_LIGEIR%C3%83O_PINHEIRINHO_CARLOS_GOMES-Curitiba-942-9628-1254061-0,-1.0,-25.43807,-49.268476,,False,5,2,2023-06-16T23:08:23.579802+00:00
CUR_GE708,Curitiba,4106902,0,URBS,550,https://moovitapp.com/index/pt-br/transporte_p%C3%BAblico-line-550_LIGEIR%C3%83O_PINHEIRINHO_CARLOS_GOMES-Curitiba-942-9628-1254061-0,-1.0,-25.512676,-49.294663,,False,5,1,2023-06-16T23:08:23.579802+00:00
CUR_GE701,Curitiba,4106902,0,URBS,550,https://moovitapp.com/index/pt-br/transporte_p%C3%BAblico-line-550_LIGEIR%C3%83O_PINHEIRINHO_CARLOS_GOMES-Curitiba-942-9628-1254061-0,-1.0,-25.46112,-49.257256,,False,5,2,2023-06-16T23:08:23.579802+00:00
CUR_HE613,Curitiba,4106902,0,URBS,550,https://moovitapp.com/index/pt-br/transporte_p%C3%BAblico-line-550_LIGEIR%C3%83O_PINHEIRINHO_CARLOS_GOMES-Curitiba-942-9628-1254061-0,-1.0,-25.525698,-49.297073,,False,4,2,2023-06-16T22:58:23.579802+00:00
CUR_HE730,Curitiba,4106902,0,URBS,550,https://moovitapp.com/index/pt-br/transporte_p%C3%BAblico-line-550_LIGEIR%C3%83O_PINHEIRINHO_CARLOS_GOMES-Curitiba-942-9628-1254061-0,-1.0,-25.524355,-49.296431,,False,5,2,2023-06-16T23:01:23.579802+00:00
CUR_HA017,Curitiba,4106902,1,,653,,,-25.49464,-49.337153,,False,1,2,2023-06-16T23:06:23.579802+00:00
CUR_HA199,Curitiba,4106902,1,,653,,,-25.506811,-49.356113,,False,1,1,2023-06-16T23:01:23.579802+00:00
CUR_HI299,Curitiba,4106902,1,,653,,,-25.507468,-49.334551,,False,1,2,2023-06-16T23:07:23.579802+00:00
CUR_GI021,Curitiba,4106902,1,,636,,,-25.535788,-49.2847,,False,1,1,2023-06-16T23:08:23.579802+00:00
CUR_GI009,Curitiba,4106902,1,,616,,,-25.485361,-49.26678,,False,1,1,2023-06-16T23:08:23.579802+00:00
CUR_GI852,Curitiba,4106902,1,,616,,,-25.474103,-49.258516,,False,7,1,2023-06-16T23:08:23.579802+00:00
CUR_GI029,Curitiba,4106902,1,,631,,,-25.512931,-49.29519,,False,1,,2023-06-16T23:07:23.579802+00:00
CUR_GI045,Curitiba,4106902,1,,635,,,-25.539843,-49.28534,,False,1,2,2023-06-16T23:08:23.579802+00:00
CUR_GI002,Curitiba,4106902,1,,553,,,-25.534545,-49.268291,,False,1,1,2023-06-16T23:07:23.579802+00:00
CUR_GA180,Curitiba,4106902,1,,553,,,-25.559096,-49.258405,,False,1,1,2023-06-16T23:08:23.579802+00:00
CUR_JI016,Curitiba,4106902,1,,721,,,-25.49526,-49.345113,,False,1,1,2023-06-16T23:08:23.579802+00:00
CUR_JA301,Curitiba,4106902,1,,826,,,-25.488493,-49.345365,,False,3,1,2023-06-16T23:08:23.579802+00:00
CUR_HI013,Curitiba,4106902,1,,826,,,-25.453615,-49.36125,,False,1,1,2023-06-16T23:07:23.579802+00:00
CUR_HA005,Curitiba,4106902,1,,826,,,-25.468108,-49.355021,,False,1,1,2023-06-16T23:04:23.579802+00:00
CUR_HI044,Curitiba,4106902,1,,826,,,-25.443778,-49.353361,,False,1,1,2023-06-16T23:05:23.579802+00:00
CUR_JA032,Curitiba,4106902,1,,826,,,-25.483438,-49.348256,,False,1,2,2023-06-16T23:06:23.579802+00:00
CUR_JI862,Curitiba,4106902,1,,713,,,-25.483618,-49.323735,,False,7,1,2023-06-16T23:08:23.579802+00:00
CUR_DA023,Curitiba,4106902,1,,336,,,-25.469078,-49.20767,,False,1,2,2023-06-16T23:08:23.579802+00:00
CUR_JI866,Curitiba,4106902,1,,862,,,-25.435573,-49.270736,,False,7,1,2023-06-16T23:08:23.579802+00:00
CUR_HA198,Curitiba,4106902,1,,612,,,-25.510725,-49.325346,,False,1,2,2023-06-16T23:07:23.579802+00:00
CUR_CI005,Curitiba,4106902,1,,341,,,-25.400418,-49.20681,,False,1,2,2023-06-16T23:08:23.579802+00:00
CUR_BI886,Curitiba,4106902,1,,244,,,-25.37335,-49.252153,,False,7,2,2023-06-16T23:07:23.579802+00:00
CUR_BI901,Curitiba,4106902,1,,176,,,-25.414806,-49.26788,,False,7,2,2023-06-16T23:06:23.579802+00:00
CUR_DA293,Curitiba,4106902,1,,474,,,-25.492888,-49.2076,,False,1,1,2023-06-16T23:08:23.579802+00:00
CUR_BC013,Curitiba,4106902,1,,205,,,-25.400516,-49.259353,,False,1,1,2023-06-16T23:06:23.579802+00:00
CUR_BC311,Curitiba,4106902,1,,205,,,-25.41776,-49.265005,,False,3,2,2023-06-16T23:06:23.579802+00:00
CUR_BC301,Curitiba,4106902,1,,205,,,-25.38077,-49.261321,,False,3,1,2023-06-16T23:07:23.579802+00:00
CUR_BC321,Curitiba,4106902,1,,170,,,-25.385553,-49.28442,,False,3,2,2023-06-16T23:02:23.579802+00:00
CUR_BC322,Curitiba,4106902,1,,170,,,-25.400403,-49.285955,,False,3,1,2023-06-16T23:08:23.579802+00:00
CUR_BI019,Curitiba,4106902,1,,231,,,-25.372688,-49.204146,,False,1,2,2023-06-16T23:06:23.579802+00:00
CUR_BA027,Curitiba,4106902,1,,231,,,-25.381913,-49.2312,,False,1,1,2023-06-16T22:59:23.579802+00:00
CUR_DN606,Curitiba,4106902,0,,387,,,-25.446555,-49.221541,,False,7,1,2023-06-16T23:08:23.579802+00:00
CUR_BC012,Curitiba,4106902,1,,166,,,-25.424795,-49.273986,,False,1,2,2023-06-16T23:04:23.579802+00:00
CUR_BC011,Curitiba,4106902,1,,166,,,-25.39167,-49.300893,,False,1,1,2023-06-16T23:05:23.579802+00:00
CUR_BE718,Curitiba,4106902,0,URBS,350,https://moovitapp.com/index/pt-br/transporte_p%C3%BAblico-line-350_FAGUNDES_VARELA_PINHEIRINHO-Curitiba-942-9628-52482798-0,-1.0,-25.409938,-49.22021,,False,5,2,2023-06-16T23:06:23.579802+00:00
CUR_BE724,Curitiba,4106902,0,URBS,350,https://moovitapp.com/index/pt-br/transporte_p%C3%BAblico-line-350_FAGUNDES_VARELA_PINHEIRINHO-Curitiba-942-9628-52482798-0,-1.0,-25.413726,-49.230563,,False,5,1,2023-06-16T22:56:23.579802+00:00
CUR_HE718,Curitiba,4106902,0,URBS,350,https://moovitapp.com/index/pt-br/transporte_p%C3%BAblico-line-350_FAGUNDES_VARELA_PINHEIRINHO-Curitiba-942-9628-52482798-0,-1.0,-25.51234,-49.294663,,False,5,1,2023-06-16T23:07:23.579802+00:00
CUR_BL324,Curitiba,4106902,0,URBS,023,https://moovitapp.com/index/pt-br/transporte_p%C3%BAblico-line-023_INTER_2_ANTI_HOR%C3%81RIO-Curitiba-942-9628-398189-0,-1.0,-25.496198,-49.28394,,False,3,,2023-06-16T23:06:23.579802+00:00
CUR_BL330,Curitiba,4106902,0,URBS,023,https://moovitapp.com/index/pt-br/transporte_p%C3%BAblico-line-023_INTER_2_ANTI_HOR%C3%81RIO-Curitiba-942-9628-398189-0,-1.0,-25.490853,-49.255493,,False,3,,2023-06-16T23:05:23.579802+00:00
CUR_BL611,Curitiba,4106902,0,URBS,023,https://moovitapp.com/index/pt-br/transporte_p%C3%BAblico-line-023_INTER_2_ANTI_HOR%C3%81RIO-Curitiba-942-9628-398189-0,-1.0,-25.407303,-49.253451,,False,4,,2023-06-16T23:07:23.579802+00:00
CUR_HL698,Curitiba,4106902,0,URBS,023,https://moovitapp.com/index/pt-br/transporte_p%C3%BAblico-line-023_INTER_2_ANTI_HOR%C3%81RIO-Curitiba-942-9628-398189-0,-1.0,-25.420961,-49.2483,,False,4,,2023-06-16T23:04:23.579802+00:00
CUR_BL603,Curitiba,4106902,0,URBS,023,https://moovitapp.com/index/pt-br/transporte_p%C3%BAblico-line-023_INTER_2_ANTI_HOR%C3%81RIO-Curitiba-942-9628-398189-0,-1.0,-25.406768,-49.253815,,False,4,,2023-06-16T22:56:23.579802+00:00
CUR_DR803,Curitiba,4106902,0,URBS,023,https://moovitapp.com/index/pt-br/transporte_p%C3%BAblico-line-023_INTER_2_ANTI_HOR%C3%81RIO-Curitiba-942-9628-398189-0,-1.0,-25.43391,-49.298818,,False,4,,2023-06-16T23:08:23.579802+00:00
CUR_DR804,Curitiba,4106902,0,URBS,023,https://moovitapp.com/index/pt-br/transporte_p%C3%BAblico-line-023_INTER_2_ANTI_HOR%C3%81RIO-Curitiba-942-9628-398189-0,-1.0,-25.406581,-49.252961,,False,4,,2023-06-16T23:08:23.579802+00:00
CUR_EL303,Curitiba,4106902,0,URBS,023,https://moovitapp.com/index/pt-br/transporte_p%C3%BAblico-line-023_INTER_2_ANTI_HOR%C3%81RIO-Curitiba-942-9628-398189-0,-1.0,-25.480308,-49.246506,,False,3,,2023-06-16T23:08:23.579802+00:00
CUR_JL600,Curitiba,4106902,0,URBS,023,https://moovitapp.com/index/pt-br/transporte_p%C3%BAblico-line-023_INTER_2_ANTI_HOR%C3%81RIO-Curitiba-942-9628-398189-0,-1.0,-25.447251,-49.223928,,False,4,,2023-06-16T23:07:23.579802+00:00
CUR_CL302,Curitiba,4106902,0,URBS,023,https://moovitapp.com/index/pt-br/transporte_p%C3%BAblico-line-023_INTER_2_ANTI_HOR%C3%81RIO-Curitiba-942-9628-398189-0,-1.0,-25.416321,-49.268206,,False,3,,2023-06-16T23:08:23.579802+00:00
CUR_EL603,Curitiba,4106902,0,URBS,023,https://moovitapp.com/index/pt-br/transporte_p%C3%BAblico-line-023_INTER_2_ANTI_HOR%C3%81RIO-Curitiba-942-9628-398189-0,-1.0,-25.432508,-49.301863,,False,4,,2023-06-16T23:08:23.579802+00:00
CUR_BL333,Curitiba,4106902,0,URBS,023,https://moovitapp.com/index/pt-br/transporte_p%C3%BAblico-line-023_INTER_2_ANTI_HOR%C3%81RIO-Curitiba-942-9628-398189-0,-1.0,-25.492555,-49.291455,,False,3,,2023-06-16T23:07:23.579802+00:00
CUR_BL317,Curitiba,4106902,0,URBS,023,https://moovitapp.com/index/pt-br/transporte_p%C3%BAblico-line-023_INTER_2_ANTI_HOR%C3%81RIO-Curitiba-942-9628-398189-0,-1.0,-25.484101,-49.24971,,False,3,,2023-06-16T23:06:23.579802+00:00
CUR_DL300,Curitiba,4106902,0,URBS,023,https://moovitapp.com/index/pt-br/transporte_p%C3%BAblico-line-023_INTER_2_ANTI_HOR%C3%81RIO-Curitiba-942-9628-398189-0,-1.0,-25.427638,-49.236345,,False,3,,2023-06-16T23:08:23.579802+00:00
CUR_BL313,Curitiba,4106902,0,URBS,023,https://moovitapp.com/index/pt-br/transporte_p%C3%BAblico-line-023_INTER_2_ANTI_HOR%C3%81RIO-Curitiba-942-9628-398189-0,-1.0,-25.434713,-49.307063,,False,3,,2023-06-16T23:06:23.579802+00:00
CUR_BI860,Curitiba,4106902,1,,224,,,-25.393256,-49.240965,,False,7,,2023-06-16T23:06:23.579802+00:00
CUR_DA850,Curitiba,4106902,1,,466,,,-25.428203,-49.264475,,False,7,2,2023-06-16T23:08:23.579802+00:00
CUR_BB308,Curitiba,4106902,1,,011,,,-25.450098,-49.25988,,False,10,,2023-06-16T23:07:23.579802+00:00
CUR_BB305,Curitiba,4106902,1,,011,,,-25.436916,-49.26022,,False,10,,2023-06-16T23:06:23.579802+00:00
CUR_GI018,Curitiba,4106902,1,,625,,,-25.49135,-49.288256,,False,1,2,2023-06-16T23:07:23.579802+00:00
CUR_GI041,Curitiba,4106902,1,,625,,,-25.534315,-49.268318,,False,1,1,2023-06-16T23:07:23.579802+00:00
CUR_GI036,Curitiba,4106902,1,,625,,,-25.507438,-49.281276,,False,1,2,2023-06-16T23:08:23.579802+00:00
CUR_GI022,Curitiba,4106902,1,,625,,,-25.514446,-49.274548,,False,1,2,2023-06-16T23:05:23.579802+00:00
CUR_BC001,Curitiba,4106902,1,,375,,,-25.417271,-49.213165,,False,1,2,2023-06-16T23:04:23.579802+00:00
CUR_BC029,Curitiba,4106902,1,,375,,,-25.415656,-49.215051,,False,1,1,2023-06-16T23:04:23.579802+00:00
CUR_BC932,Curitiba,4106902,1,,365,,,-25.439043,-49.279225,,False,7,2,2023-06-16T23:07:23.579802+00:00
CUR_BI881,Curitiba,4106902,1,,385,,,-25.434181,-49.239543,,False,7,1,2023-06-16T23:06:23.579802+00:00
CUR_GI026,Curitiba,4106902,1,,639,,,-25.559865,-49.283358,,False,1,2,2023-06-16T23:08:23.579802+00:00
CUR_GC005,Curitiba,4106902,1,,639,,,-25.513095,-49.294615,,False,1,1,2023-06-16T23:08:23.579802+00:00
CUR_DC293,Curitiba,4106902,1,,332,,,-25.469633,-49.207403,,False,1,,2023-06-16T23:07:23.579802+00:00
CUR_DA296,Curitiba,4106902,1,,332,,,-25.466211,-49.192711,,False,1,,2023-06-16T23:06:23.579802+00:00
CUR_EA077,Curitiba,4106902,1,,332,,,-25.471538,-49.194588,,False,1,,2023-06-16T23:06:23.579802+00:00
CUR_DA020,Curitiba,4106902,0,,323,,,-25.450425,-49.207236,,False,1,,2023-06-16T23:08:23.579802+00:00
CUR_BB303,Curitiba,4106902,1,,010,,,-25.416356,-49.280356,,False,10,,2023-06-16T23:07:23.579802+00:00
CUR_BB302,Curitiba,4106902,1,,010,,,-25.442153,-49.251861,,False,10,,2023-06-16T23:05:23.579802+00:00
CUR_HN616,Curitiba,4106902,1,,814,,,-25.430581,-49.316986,,False,7,2,2023-06-16T23:05:23.579802+00:00
CUR_JI001,Curitiba,4106902,1,,777,,,-25.460926,-49.330496,,False,1,1,2023-06-16T23:07:23.579802+00:00
CUR_JA027,Curitiba,4106902,1,,777,,,-25.4352,-49.273205,,False,1,2,2023-06-16T23:08:23.579802+00:00
CUR_JA033,Curitiba,4106902,1,,712,,,-25.494368,-49.335616,,False,1,1,2023-06-16T23:08:23.579802+00:00
CUR_HA312,Curitiba,4106902,1,,712,,,-25.477363,-49.327051,,False,3,1,2023-06-16T23:07:23.579802+00:00
CUR_JI859,Curitiba,4106902,1,,762,,,-25.449596,-49.289038,,False,7,2,2023-06-16T23:08:23.579802+00:00
CUR_HC851,Curitiba,4106902,1,,674,,,-25.506621,-49.32423,,False,7,2,2023-06-16T23:03:23.579802+00:00
CUR_HA021,Curitiba,4106902,1,,628,,,-25.540945,-49.312551,,False,1,2,2023-06-16T23:04:23.579802+00:00
CUR_HI002,Curitiba,4106902,1,,628,,,-25.511845,-49.324323,,False,1,1,2023-06-16T23:04:23.579802+00:00
CUR_BC305,Curitiba,4106902,1,,182,,,-25.375625,-49.274215,,False,3,1,2023-06-16T23:07:23.579802+00:00
CUR_BC324,Curitiba,4106902,1,,182,,,-25.396921,-49.273561,,False,3,2,2023-06-16T23:06:23.579802+00:00
CUR_BI871,Curitiba,4106902,1,Auto Viação São José,214,https://moovitapp.com/index/pt-br/transporte_p%C3%BAblico-line-214_PIT_PRA%C3%87A_DA_JUVENTUDE_CRISTAL_BLANCO_POMBO_ANTI_HOR%C3%81RIO-Curitiba-942-857412-119631273-0,-1.0,-25.399151,-49.236556,,False,7,1,2023-06-16T23:07:23.579802+00:00
CUR_HI855,Curitiba,4106902,1,,673,,,-25.442886,-49.270448,,False,7,2,2023-06-16T23:07:23.579802+00:00
CUR_MI005,Curitiba,4106902,1,,821,,,-25.429718,-49.353933,,False,1,2,2023-06-16T23:07:23.579802+00:00
CUR_MI002,Curitiba,4106902,1,,821,,,-25.437075,-49.348223,,False,1,1,2023-06-16T23:07:23.579802+00:00
CUR_HA010,Curitiba,4106902,1,,680,,,-25.512798,-49.294915,,False,1,1,2023-06-16T23:04:23.579802+00:00
CUR_HI040,Curitiba,4106902,1,,680,,,-25.583745,-49.328526,,False,1,2,2023-06-16T22:54:23.579802+00:00
CUR_HA004,Curitiba,4106902,1,,680,,,-25.576141,-49.331038,,False,1,2,2023-06-16T23:05:23.579802+00:00
CUR_BI857,Curitiba,4106902,1,Auto Viação São José,212,https://moovitapp.com/index/pt-br/transporte_p%C3%BAblico-line-212_PIT_PRA%C3%87A_DA_JUVENTUDE_SANTA_F%C3%89_CRISTAL-Curitiba-942-857412-73656311-0,-1.0,-25.397705,-49.23452,,False,7,1,2023-06-16T23:04:23.579802+00:00
CUR_HB608,Curitiba,4106902,1,,060,,,-25.525506,-49.329906,,False,4,1,2023-06-16T23:07:23.579802+00:00
CUR_HB607,Curitiba,4106902,1,,060,,,-25.454853,-49.36067,,False,4,2,2023-06-16T23:06:23.579802+00:00
CUR_HB606,Curitiba,4106902,1,,060,,,-25.513781,-49.295693,,False,4,1,2023-06-16T22:54:23.579802+00:00
CUR_HR117,Curitiba,4106902,1,,060,,,-25.525735,-49.297466,,False,4,1,2023-06-16T23:06:23.579802+00:00
CUR_DL301,Curitiba,4106902,0,URBS,305,https://moovitapp.com/index/pt-br/transporte_p%C3%BAblico-line-305_CENTEN%C3%81RIO-Curitiba-942-9628-294271-0,-1.0,-25.428903,-49.263735,,False,3,2,2023-06-16T23:08:23.579802+00:00
CUR_DL314,Curitiba,4106902,0,URBS,305,https://moovitapp.com/index/pt-br/transporte_p%C3%BAblico-line-305_CENTEN%C3%81RIO-Curitiba-942-9628-294271-0,-1.0,-25.463678,-49.210603,,False,3,1,2023-06-16T23:08:23.579802+00:00
CUR_BC850,Curitiba,4106902,1,,386,,,-25.432898,-49.263898,,False,7,2,2023-06-16T23:06:23.579802+00:00
CUR_HI027,Curitiba,4106902,1,,630,,,-25.543195,-49.34235,,False,1,1,2023-06-16T23:02:23.579802+00:00
CUR_HA197,Curitiba,4106902,1,,630,,,-25.534516,-49.31631,,False,1,1,2023-06-16T23:06:23.579802+00:00
CUR_BI013,Curitiba,4106902,1,,243,,,-25.377615,-49.262481,,False,1,1,2023-06-16T23:04:23.579802+00:00
CUR_BI014,Curitiba,4106902,1,,236,,,-25.377228,-49.22392,,False,1,2,2023-06-16T23:03:23.579802+00:00
CUR_HA311,Curitiba,4106902,1,,863,,,-25.430061,-49.273355,,False,3,1,2023-06-16T23:06:23.579802+00:00
CUR_HA028,Curitiba,4106902,1,,863,,,-25.469688,-49.287835,,False,1,2,2023-06-16T23:06:23.579802+00:00
CUR_BC323,Curitiba,4106902,1,,207,,,-25.402603,-49.270253,,False,3,1,2023-06-16T23:08:23.579802+00:00
CUR_BI301,Curitiba,4106902,1,,207,,,-25.432991,-49.276348,,False,3,2,2023-06-16T23:04:23.579802+00:00
CUR_DN600,Curitiba,4106902,1,,331,,,-25.468273,-49.255841,,False,7,,2023-06-16T23:04:23.579802+00:00
CUR_MI850,Curitiba,4106902,1,,913,,,-25.419321,-49.294413,,False,7,,2023-06-16T23:03:23.579802+00:00
CUR_GC008,Curitiba,4106902,1,,642,,,-25.565245,-49.264053,,False,1,,2023-06-16T22:57:23.579802+00:00
CUR_GE704,Curitiba,4106902,0,URBS,500,https://moovitapp.com/index/pt-br/transporte_p%C3%BAblico-line-500_LIGEIR%C3%83O_BOQUEIR%C3%83O-Curitiba-942-9628-294422-0,-1.0,-25.522638,-49.228531,,False,5,,2023-06-16T23:02:23.579802+00:00
CUR_MN605,Curitiba,4106902,1,,965,,,-25.399603,-49.326215,,False,7,,2023-06-16T22:59:23.579802+00:00
CUR_MC306,Curitiba,4106902,1,,901,,,-25.428398,-49.273011,,False,3,2,2023-06-16T23:08:23.579802+00:00
CUR_MC080,Curitiba,4106902,1,,901,,,-25.40267,-49.326966,,False,1,1,2023-06-16T23:08:23.579802+00:00
CUR_BI869,Curitiba,4106902,1,,260,,,-25.384531,-49.261631,,False,7,1,2023-06-16T23:07:23.579802+00:00
CUR_MI855,Curitiba,4106902,1,,912,,,-25.395956,-49.358245,,False,7,1,2023-06-16T23:08:23.579802+00:00
CUR_BI890,Curitiba,4106902,1,,266,,,-25.417791,-49.268421,,False,7,2,2023-06-16T23:07:23.579802+00:00
CUR_DN603,Curitiba,4106902,1,,461,,,-25.47259,-49.219391,,False,7,1,2023-06-16T23:08:23.579802+00:00
CUR_BI022,Curitiba,4106902,1,,225,,,-25.37939,-49.255443,,False,1,1,2023-06-16T23:06:23.579802+00:00
CUR_MI853,Curitiba,4106902,1,,967,,,-25.399441,-49.301975,,False,7,1,2023-06-16T23:07:23.579802+00:00
CUR_MN610,Curitiba,4106902,1,,913,,,-25.400971,-49.351061,,False,7,1,2023-06-16T23:06:23.579802+00:00
CUR_HI861,Curitiba,4106902,1,,600,,,-25.529368,-49.300758,,False,7,1,2023-06-16T23:03:23.579802+00:00
CUR_GI049,Curitiba,4106902,1,,642,,,-25.513271,-49.29472,,False,1,2,2023-06-16T23:07:23.579802+00:00
CUR_HA617,Curitiba,4106902,1,,X37,,,-25.562985,-49.330928,,False,4,2,2023-06-16T23:05:23.579802+00:00
CUR_HA612,Curitiba,4106902,1,,X37,,,-25.564398,-49.328363,,False,4,1,2023-06-16T23:05:23.579802+00:00
CUR_BI892,Curitiba,4106902,1,,181,,,-25.427983,-49.271196,,False,7,2,2023-06-16T23:08:23.579802+00:00
CUR_HI853,Curitiba,4106902,1,,644,,,-25.521903,-49.29528,,False,7,2,2023-06-16T23:06:23.579802+00:00
CUR_DN400,Curitiba,4106902,1,,516,,,-25.48512,-49.229213,,False,7,1,2023-06-16T23:07:23.579802+00:00
CUR_GE721,Curitiba,4106902,0,URBS,500,https://moovitapp.com/index/pt-br/transporte_p%C3%BAblico-line-500_LIGEIR%C3%83O_BOQUEIR%C3%83O-Curitiba-942-9628-294422-0,-1.0,-25.433493,-49.270148,,False,5,2,2023-06-16T23:07:23.579802+00:00
CUR_GD346,Curitiba,4106902,0,URBS,500,https://moovitapp.com/index/pt-br/transporte_p%C3%BAblico-line-500_LIGEIR%C3%83O_BOQUEIR%C3%83O-Curitiba-942-9628-294422-0,-1.0,-25.440846,-49.267118,,False,5,2,2023-06-16T23:07:23.579802+00:00
CUR_GE709,Curitiba,4106902,0,URBS,500,https://moovitapp.com/index/pt-br/transporte_p%C3%BAblico-line-500_LIGEIR%C3%83O_BOQUEIR%C3%83O-Curitiba-942-9628-294422-0,-1.0,-25.449408,-49.262901,,False,5,2,2023-06-16T23:07:23.579802+00:00
CUR_JI857,Curitiba,4106902,1,,761,,,-25.442593,-49.270416,,False,7,2,2023-06-16T23:08:23.579802+00:00
CUR_MI852,Curitiba,4106902,1,,965,,,-25.400458,-49.313008,,False,7,2,2023-06-16T23:08:23.579802+00:00
CUR_HN615,Curitiba,4106902,1,,671,,,-25.483271,-49.312466,,False,7,2,2023-06-16T23:05:23.579802+00:00
CUR_BI853,Curitiba,4106902,1,,361,,,-25.412956,-49.22887,,False,7,1,2023-06-16T23:06:23.579802+00:00
CUR_BE713,Curitiba,4106902,0,URBS,200,https://moovitapp.com/index/pt-br/transporte_p%C3%BAblico-line-200_LIGEIR%C3%83O_SANTA_C%C3%82NDIDA_PRA%C3%87A_DO_JAP%C3%83O-Curitiba-942-9628-1323763-0,-1.0,-25.431641,-49.267231,,False,5,1,2023-06-16T23:07:23.579802+00:00
CUR_HE710,Curitiba,4106902,0,URBS,200,https://moovitapp.com/index/pt-br/transporte_p%C3%BAblico-line-200_LIGEIR%C3%83O_SANTA_C%C3%82NDIDA_PRA%C3%87A_DO_JAP%C3%83O-Curitiba-942-9628-1323763-0,-1.0,-25.411135,-49.256866,,False,5,2,2023-06-16T23:07:23.579802+00:00
CUR_BE725,Curitiba,4106902,0,URBS,200,https://moovitapp.com/index/pt-br/transporte_p%C3%BAblico-line-200_LIGEIR%C3%83O_SANTA_C%C3%82NDIDA_PRA%C3%87A_DO_JAP%C3%83O-Curitiba-942-9628-1323763-0,-1.0,-25.408286,-49.254116,,False,5,1,2023-06-16T23:07:23.579802+00:00
CUR_HE707,Curitiba,4106902,0,URBS,200,https://moovitapp.com/index/pt-br/transporte_p%C3%BAblico-line-200_LIGEIR%C3%83O_SANTA_C%C3%82NDIDA_PRA%C3%87A_DO_JAP%C3%83O-Curitiba-942-9628-1323763-0,-1.0,-25.439796,-49.27239,,False,5,2,2023-06-16T23:03:23.579802+00:00
CUR_DC850,Curitiba,4106902,1,,331,,,-25.469136,-49.208331,,False,7,,2023-06-16T23:07:23.579802+00:00
CUR_BI896,Curitiba,4106902,1,,875,,,-25.42265,-49.310175,,False,7,1,2023-06-16T23:05:23.579802+00:00
CUR_MN603,Curitiba,4106902,1,,464,,,-25.418835,-49.299363,,False,7,1,2023-06-16T23:07:23.579802+00:00
CUR_GI853,Curitiba,4106902,1,,666,,,-25.444628,-49.270788,,False,7,2,2023-06-16T23:07:23.579802+00:00
CUR_DN020,Curitiba,4106902,0,,560,,,-25.462768,-49.264518,,False,6,2,2023-06-16T23:07:23.579802+00:00
CUR_BA014,Curitiba,4106902,1,,829,,,-25.444521,-49.358908,,False,1,,2023-06-16T23:07:23.579802+00:00
CUR_BI895,Curitiba,4106902,1,,164,,,-25.41488,-49.284478,,False,7,1,2023-06-16T23:07:23.579802+00:00
CUR_BL336,Curitiba,4106902,0,URBS,518,https://moovitapp.com/index/pt-br/transporte_p%C3%BAblico-line-518_PUC_RODOFERROVI%C3%81RIA-Curitiba-942-9628-743528-0,-1.0,-25.45375,-49.252363,,False,3,2,2023-06-16T23:06:23.579802+00:00
CUR_DL302,Curitiba,4106902,0,URBS,469,https://moovitapp.com/index/pt-br/transporte_p%C3%BAblico-line-469_CENTRO_POLIT%C3%89CNICO-Curitiba-942-9628-294421-0,-1.0,-25.44375,-49.235971,,False,3,1,2023-06-16T23:08:23.579802+00:00
CUR_BT007,Curitiba,4106902,0,,979,,,-25.422825,-49.315401,,False,3,,2023-06-16T23:04:23.579802+00:00
