bus_id,city,city_code,adapted,agency,line_code,line_url,line_fare,latitude,longitude,bus_speed,is_eletric,bus_type,bus_direction,updated_at
CUR_BC020,Curitiba,4106902,1,,870,,,-25.430746,-49.322735,,False,1,2,2023-06-19T11:06:24.349288+00:00
CUR_BC008,Curitiba,4106902,1,,870,,,-25.416903,-49.358751,,False,1,1,2023-06-19T11:11:24.349288+00:00
CUR_BC014,Curitiba,4106902,1,,870,,,-25.428141,-49.284801,,False,1,1,2023-06-19T11:11:24.349288+00:00
CUR_DE703,Curitiba,4106902,0,URBS,302,https://moovitapp.com/index/pt-br/transporte_p%C3%BAblico-line-302_CENTEN%C3%81RIO_RUI_BARBOSA-Curitiba-942-9628-294501-0,-1.0,-25.467776,-49.255291,,False,5,,2023-06-19T11:01:24.349288+00:00
CUR_DL317,Curitiba,4106902,0,URBS,023,https://moovitapp.com/index/pt-br/transporte_p%C3%BAblico-line-023_INTER_2_ANTI_HOR%C3%81RIO-Curitiba-942-9628-398189-0,-1.0,-25.412453,-49.25924,,False,3,,2023-06-19T11:11:24.349288+00:00
CUR_MB601,Curitiba,4106902,1,,040,,,-25.419778,-49.294048,,False,4,,2023-06-19T11:07:24.349288+00:00
CUR_DN600,Curitiba,4106902,1,,461,,,-25.467793,-49.254248,,False,7,,2023-06-19T11:06:24.349288+00:00
CUR_MC080,Curitiba,4106902,1,,972,,,-25.419133,-49.294778,,False,1,,2023-06-19T11:05:24.349288+00:00
CUR_GC014,Curitiba,4106902,1,,513,,,-25.54853,-49.291383,,False,1,,2023-06-19T11:11:24.349288+00:00
CUR_HI854,Curitiba,4106902,1,,673,,,-25.436816,-49.27433,,False,7,2,2023-06-19T11:12:24.349288+00:00
CUR_HI862,Curitiba,4106902,1,,673,,,-25.489183,-49.308998,,False,7,1,2023-06-19T11:10:24.349288+00:00
CUR_BI030,Curitiba,4106902,1,,812,,,-25.418821,-49.34151,,False,1,1,2023-06-19T11:12:24.349288+00:00
CUR_BI026,Curitiba,4106902,1,,812,,,-25.424396,-49.324958,,False,1,2,2023-06-19T11:10:24.349288+00:00
CUR_BC022,Curitiba,4106902,1,,812,,,-25.414525,-49.353505,,False,1,1,2023-06-19T11:11:24.349288+00:00
CUR_BA022,Curitiba,4106902,1,,812,,,-25.434643,-49.310483,,False,1,2,2023-06-19T11:12:24.349288+00:00
CUR_GE607,Curitiba,4106902,0,URBS,350,https://moovitapp.com/index/pt-br/transporte_p%C3%BAblico-line-350_FAGUNDES_VARELA_PINHEIRINHO-Curitiba-942-9628-52482798-0,-1.0,-25.420553,-49.225093,,False,4,1,2023-06-19T11:11:24.349288+00:00
CUR_BE718,Curitiba,4106902,0,URBS,350,https://moovitapp.com/index/pt-br/transporte_p%C3%BAblico-line-350_FAGUNDES_VARELA_PINHEIRINHO-Curitiba-942-9628-52482798-0,-1.0,-25.474901,-49.258696,,False,5,1,2023-06-19T11:10:24.349288+00:00
CUR_HE716,Curitiba,4106902,0,URBS,350,https://moovitapp.com/index/pt-br/transporte_p%C3%BAblico-line-350_FAGUNDES_VARELA_PINHEIRINHO-Curitiba-942-9628-52482798-0,-1.0,-25.466561,-49.252635,,False,5,2,2023-06-19T11:12:24.349288+00:00
CUR_BE708,Curitiba,4106902,0,URBS,350,https://moovitapp.com/index/pt-br/transporte_p%C3%BAblico-line-350_FAGUNDES_VARELA_PINHEIRINHO-Curitiba-942-9628-52482798-0,-1.0,-25.50754,-49.284968,,False,5,1,2023-06-19T11:12:24.349288+00:00
CUR_MC304,Curitiba,4106902,1,,901,,,-25.419018,-49.29337,,False,3,1,2023-06-19T11:12:24.349288+00:00
CUR_MC300,Curitiba,4106902,1,,901,,,-25.402843,-49.32709,,False,3,2,2023-06-19T11:12:24.349288+00:00
CUR_MC306,Curitiba,4106902,1,,901,,,-25.412108,-49.318886,,False,3,2,2023-06-19T11:12:24.349288+00:00
CUR_MC307,Curitiba,4106902,1,,901,,,-25.428585,-49.273106,,False,3,1,2023-06-19T11:13:24.349288+00:00
CUR_BC009,Curitiba,4106902,1,,160,,,-25.408163,-49.292316,,False,1,2,2023-06-19T11:12:24.349288+00:00
CUR_BC025,Curitiba,4106902,1,,160,,,-25.45413,-49.270725,,False,1,1,2023-06-19T11:11:24.349288+00:00
CUR_JC306,Curitiba,4106902,1,,778,,,-25.466623,-49.328288,,False,3,2,2023-06-19T11:11:24.349288+00:00
CUR_JC314,Curitiba,4106902,1,,778,,,-25.477318,-49.326595,,False,3,2,2023-06-19T11:10:24.349288+00:00
CUR_JC300,Curitiba,4106902,1,,778,,,-25.443476,-49.27016,,False,3,1,2023-06-19T11:07:24.349288+00:00
CUR_JI300,Curitiba,4106902,0,,778,,,-25.452006,-49.290173,,False,3,1,2023-06-19T11:12:24.349288+00:00
CUR_EI015,Curitiba,4106902,1,,511,,,-25.50884,-49.263751,,False,1,2,2023-06-19T11:12:24.349288+00:00
CUR_EA007,Curitiba,4106902,1,,511,,,-25.490835,-49.249533,,False,1,1,2023-06-19T11:12:24.349288+00:00
CUR_HI023,Curitiba,4106902,1,,619,,,-25.573518,-49.338586,,False,1,1,2023-06-19T11:13:24.349288+00:00
CUR_HA600,Curitiba,4106902,1,,619,,,-25.524735,-49.33052,,False,4,2,2023-06-19T11:09:24.349288+00:00
CUR_HA609,Curitiba,4106902,1,,619,,,-25.53306,-49.318951,,False,4,1,2023-06-19T11:10:24.349288+00:00
CUR_HB300,Curitiba,4106902,1,,619,,,-25.559583,-49.3317,,False,3,1,2023-06-19T11:10:24.349288+00:00
CUR_BA021,Curitiba,4106902,1,,817,,,-25.408178,-49.340131,,False,1,2,2023-06-19T11:12:24.349288+00:00
CUR_MI001,Curitiba,4106902,1,,817,,,-25.422243,-49.346498,,False,1,2,2023-06-19T11:08:24.349288+00:00
CUR_BA013,Curitiba,4106902,1,,817,,,-25.430641,-49.322255,,False,1,2,2023-06-19T11:12:24.349288+00:00
CUR_BA602,Curitiba,4106902,1,Auto Viação São José,216,https://moovitapp.com/index/pt-br/transporte_p%C3%BAblico-line-216_PIT_PRA%C3%87A_DA_JUVENTUDE_SANTA_F%C3%89_PINDORAMA-Curitiba-942-857412-122004458-0,-1.0,-25.462375,-49.275293,,False,4,2,2023-06-19T11:13:24.349288+00:00
CUR_CA600,Curitiba,4106902,1,Auto Viação São José,216,https://moovitapp.com/index/pt-br/transporte_p%C3%BAblico-line-216_PIT_PRA%C3%87A_DA_JUVENTUDE_SANTA_F%C3%89_PINDORAMA-Curitiba-942-857412-122004458-0,-1.0,-25.444128,-49.243155,,False,4,2,2023-06-19T11:12:24.349288+00:00
CUR_BI301,Curitiba,4106902,1,Auto Viação São José,216,https://moovitapp.com/index/pt-br/transporte_p%C3%BAblico-line-216_PIT_PRA%C3%87A_DA_JUVENTUDE_SANTA_F%C3%89_PINDORAMA-Curitiba-942-857412-122004458-0,-1.0,-25.417061,-49.252765,,False,3,1,2023-06-19T11:11:24.349288+00:00
CUR_CB600,Curitiba,4106902,1,Auto Viação São José,216,https://moovitapp.com/index/pt-br/transporte_p%C3%BAblico-line-216_PIT_PRA%C3%87A_DA_JUVENTUDE_SANTA_F%C3%89_PINDORAMA-Curitiba-942-857412-122004458-0,-1.0,-25.459036,-49.271368,,False,4,1,2023-06-19T11:12:24.349288+00:00
CUR_HI602,Curitiba,4106902,1,Auto Viação São José,216,https://moovitapp.com/index/pt-br/transporte_p%C3%BAblico-line-216_PIT_PRA%C3%87A_DA_JUVENTUDE_SANTA_F%C3%89_PINDORAMA-Curitiba-942-857412-122004458-0,-1.0,-25.434105,-49.249621,,False,4,1,2023-06-19T11:10:24.349288+00:00
CUR_HI609,Curitiba,4106902,1,Auto Viação São José,216,https://moovitapp.com/index/pt-br/transporte_p%C3%BAblico-line-216_PIT_PRA%C3%87A_DA_JUVENTUDE_SANTA_F%C3%89_PINDORAMA-Curitiba-942-857412-122004458-0,-1.0,-25.406738,-49.252525,,False,4,2,2023-06-19T11:09:24.349288+00:00
CUR_BA601,Curitiba,4106902,1,Auto Viação São José,216,https://moovitapp.com/index/pt-br/transporte_p%C3%BAblico-line-216_PIT_PRA%C3%87A_DA_JUVENTUDE_SANTA_F%C3%89_PINDORAMA-Curitiba-942-857412-122004458-0,-1.0,-25.446236,-49.25449,,False,4,2,2023-06-19T11:12:24.349288+00:00
CUR_DA699,Curitiba,4106902,1,Auto Viação São José,216,https://moovitapp.com/index/pt-br/transporte_p%C3%BAblico-line-216_PIT_PRA%C3%87A_DA_JUVENTUDE_SANTA_F%C3%89_PINDORAMA-Curitiba-942-857412-122004458-0,-1.0,-25.475841,-49.290233,,False,4,1,2023-06-19T11:12:24.349288+00:00
CUR_CA697,Curitiba,4106902,1,Auto Viação São José,216,https://moovitapp.com/index/pt-br/transporte_p%C3%BAblico-line-216_PIT_PRA%C3%87A_DA_JUVENTUDE_SANTA_F%C3%89_PINDORAMA-Curitiba-942-857412-122004458-0,-1.0,-25.448131,-49.25352,,False,4,2,2023-06-19T11:11:24.349288+00:00
CUR_DA698,Curitiba,4106902,1,Auto Viação São José,216,https://moovitapp.com/index/pt-br/transporte_p%C3%BAblico-line-216_PIT_PRA%C3%87A_DA_JUVENTUDE_SANTA_F%C3%89_PINDORAMA-Curitiba-942-857412-122004458-0,-1.0,-25.426923,-49.248953,,False,4,1,2023-06-19T11:07:24.349288+00:00
CUR_CA698,Curitiba,4106902,0,Auto Viação São José,216,https://moovitapp.com/index/pt-br/transporte_p%C3%BAblico-line-216_PIT_PRA%C3%87A_DA_JUVENTUDE_SANTA_F%C3%89_PINDORAMA-Curitiba-942-857412-122004458-0,-1.0,-25.475963,-49.291148,,False,4,1,2023-06-19T11:12:24.349288+00:00
CUR_HA607,Curitiba,4106902,1,Auto Viação São José,216,https://moovitapp.com/index/pt-br/transporte_p%C3%BAblico-line-216_PIT_PRA%C3%87A_DA_JUVENTUDE_SANTA_F%C3%89_PINDORAMA-Curitiba-942-857412-122004458-0,-1.0,-25.417181,-49.250051,,False,4,1,2023-06-19T11:11:24.349288+00:00
CUR_JB611,Curitiba,4106902,1,,040,,,-25.45562,-49.34825,,False,4,1,2023-06-19T11:12:24.349288+00:00
CUR_GB603,Curitiba,4106902,1,,040,,,-25.485881,-49.320283,,False,4,1,2023-06-19T11:11:24.349288+00:00
CUR_HB694,Curitiba,4106902,1,,040,,,-25.47849,-49.325475,,False,4,1,2023-06-19T11:11:24.349288+00:00
CUR_HB699,Curitiba,4106902,1,,040,,,-25.511461,-49.324785,,False,4,1,2023-06-19T11:12:24.349288+00:00
CUR_HB602,Curitiba,4106902,1,,040,,,-25.423686,-49.351126,,False,4,2,2023-06-19T11:12:24.349288+00:00
CUR_GB609,Curitiba,4106902,1,,040,,,-25.513331,-49.295083,,False,4,1,2023-06-19T11:12:24.349288+00:00
CUR_MB605,Curitiba,4106902,1,,040,,,-25.441586,-49.347216,,False,4,1,2023-06-19T11:12:24.349288+00:00
CUR_JB609,Curitiba,4106902,1,,040,,,-25.46929,-49.343591,,False,4,2,2023-06-19T11:03:24.349288+00:00
CUR_MB699,Curitiba,4106902,1,,040,,,-25.512031,-49.304276,,False,4,1,2023-06-19T11:10:24.349288+00:00
CUR_GR123,Curitiba,4106902,1,,040,,,-25.41054,-49.346231,,False,4,2,2023-06-19T11:12:24.349288+00:00
CUR_HB609,Curitiba,4106902,1,,040,,,-25.512818,-49.330795,,False,4,1,2023-06-19T11:12:24.349288+00:00
CUR_HB600,Curitiba,4106902,1,,040,,,-25.450428,-49.35115,,False,4,2,2023-06-19T11:12:24.349288+00:00
CUR_JB607,Curitiba,4106902,1,,040,,,-25.477863,-49.331861,,False,4,2,2023-06-19T11:12:24.349288+00:00
CUR_MB698,Curitiba,4106902,1,,040,,,-25.416668,-49.349865,,False,4,2,2023-06-19T11:11:24.349288+00:00
CUR_GR126,Curitiba,4106902,1,,040,,,-25.477215,-49.33513,,False,4,1,2023-06-19T11:12:24.349288+00:00
CUR_HB698,Curitiba,4106902,1,,040,,,-25.498626,-49.326415,,False,4,1,2023-06-19T11:13:24.349288+00:00
CUR_MR106,Curitiba,4106902,1,,040,,,-25.407088,-49.336756,,False,4,2,2023-06-19T11:11:24.349288+00:00
CUR_JB608,Curitiba,4106902,1,,040,,,-25.488075,-49.319956,,False,4,2,2023-06-19T11:11:24.349288+00:00
CUR_HB605,Curitiba,4106902,1,,040,,,-25.439691,-49.346283,,False,4,2,2023-06-19T11:12:24.349288+00:00
CUR_HB302,Curitiba,4106902,1,,040,,,-25.517066,-49.325338,,False,3,1,2023-06-19T11:11:24.349288+00:00
CUR_HB697,Curitiba,4106902,1,,040,,,-25.400485,-49.330775,,False,4,2,2023-06-19T11:10:24.349288+00:00
CUR_MB499,Curitiba,4106902,0,,040,,,-25.455171,-49.348446,,False,3,2,2023-06-19T11:13:24.349288+00:00
CUR_GI855,Curitiba,4106902,1,,661,,,-25.437856,-49.272838,,False,7,1,2023-06-19T11:12:24.349288+00:00
CUR_GI859,Curitiba,4106902,1,,661,,,-25.47194,-49.26283,,False,7,2,2023-06-19T11:13:24.349288+00:00
CUR_BB601,Curitiba,4106902,1,,020,,,-25.412001,-49.247068,,False,4,,2023-06-19T11:12:24.349288+00:00
CUR_BB605,Curitiba,4106902,1,,020,,,-25.395173,-49.251308,,False,4,,2023-06-19T11:12:24.349288+00:00
CUR_CB602,Curitiba,4106902,1,,020,,,-25.422223,-49.29201,,False,4,,2023-06-19T11:11:24.349288+00:00
CUR_BB613,Curitiba,4106902,1,,020,,,-25.495485,-49.267961,,False,4,,2023-06-19T11:11:24.349288+00:00
CUR_HB611,Curitiba,4106902,1,,020,,,-25.479391,-49.298211,,False,4,,2023-06-19T11:12:24.349288+00:00
CUR_BB612,Curitiba,4106902,1,,020,,,-25.45764,-49.302568,,False,4,,2023-06-19T11:11:24.349288+00:00
CUR_BB609,Curitiba,4106902,1,,020,,,-25.440306,-49.221148,,False,4,,2023-06-19T11:10:24.349288+00:00
CUR_CB603,Curitiba,4106902,1,,020,,,-25.450658,-49.228378,,False,4,,2023-06-19T11:06:24.349288+00:00
CUR_EB604,Curitiba,4106902,1,,020,,,-25.3875,-49.282813,,False,4,,2023-06-19T11:12:24.349288+00:00
CUR_BB620,Curitiba,4106902,1,,020,,,-25.492481,-49.29308,,False,4,,2023-06-19T11:12:24.349288+00:00
CUR_BB606,Curitiba,4106902,1,,020,,,-25.482256,-49.246893,,False,4,,2023-06-19T11:09:24.349288+00:00
CUR_EB607,Curitiba,4106902,1,,020,,,-25.435793,-49.306773,,False,4,,2023-06-19T11:09:24.349288+00:00
CUR_KB608,Curitiba,4106902,1,,020,,,-25.42875,-49.228245,,False,4,,2023-06-19T11:12:24.349288+00:00
CUR_GR034,Curitiba,4106902,0,URBS,602,https://moovitapp.com/index/pt-br/transporte_p%C3%BAblico-line-602_CIRCULAR_SUL_ANTI_HOR%C3%81RIO-Curitiba-942-9628-294517-0,-1.0,-25.516505,-49.23022,,False,4,,2023-06-19T11:11:24.349288+00:00
CUR_GE713,Curitiba,4106902,0,URBS,602,https://moovitapp.com/index/pt-br/transporte_p%C3%BAblico-line-602_CIRCULAR_SUL_ANTI_HOR%C3%81RIO-Curitiba-942-9628-294517-0,-1.0,-25.533931,-49.266228,,False,5,,2023-06-19T11:12:24.349288+00:00
CUR_GE601,Curitiba,4106902,0,URBS,602,https://moovitapp.com/index/pt-br/transporte_p%C3%BAblico-line-602_CIRCULAR_SUL_ANTI_HOR%C3%81RIO-Curitiba-942-9628-294517-0,-1.0,-25.51248,-49.295533,,False,4,,2023-06-19T11:12:24.349288+00:00
CUR_HE606,Curitiba,4106902,0,URBS,602,https://moovitapp.com/index/pt-br/transporte_p%C3%BAblico-line-602_CIRCULAR_SUL_ANTI_HOR%C3%81RIO-Curitiba-942-9628-294517-0,-1.0,-25.477536,-49.292241,,False,4,,2023-06-19T11:10:24.349288+00:00
CUR_HE612,Curitiba,4106902,0,URBS,602,https://moovitapp.com/index/pt-br/transporte_p%C3%BAblico-line-602_CIRCULAR_SUL_ANTI_HOR%C3%81RIO-Curitiba-942-9628-294517-0,-1.0,-25.496185,-49.295783,,False,4,,2023-06-19T11:11:24.349288+00:00
CUR_GR032,Curitiba,4106902,0,URBS,602,https://moovitapp.com/index/pt-br/transporte_p%C3%BAblico-line-602_CIRCULAR_SUL_ANTI_HOR%C3%81RIO-Curitiba-942-9628-294517-0,-1.0,-25.470615,-49.257096,,False,4,,2023-06-19T11:11:24.349288+00:00
CUR_HE607,Curitiba,4106902,0,URBS,602,https://moovitapp.com/index/pt-br/transporte_p%C3%BAblico-line-602_CIRCULAR_SUL_ANTI_HOR%C3%81RIO-Curitiba-942-9628-294517-0,-1.0,-25.477728,-49.285506,,False,4,,2023-06-19T11:12:24.349288+00:00
CUR_GE611,Curitiba,4106902,0,URBS,602,https://moovitapp.com/index/pt-br/transporte_p%C3%BAblico-line-602_CIRCULAR_SUL_ANTI_HOR%C3%81RIO-Curitiba-942-9628-294517-0,-1.0,-25.499158,-49.238645,,False,4,,2023-06-19T11:12:24.349288+00:00
CUR_HE608,Curitiba,4106902,0,URBS,602,https://moovitapp.com/index/pt-br/transporte_p%C3%BAblico-line-602_CIRCULAR_SUL_ANTI_HOR%C3%81RIO-Curitiba-942-9628-294517-0,-1.0,-25.47543,-49.250233,,False,4,,2023-06-19T11:13:24.349288+00:00
CUR_HE601,Curitiba,4106902,0,URBS,602,https://moovitapp.com/index/pt-br/transporte_p%C3%BAblico-line-602_CIRCULAR_SUL_ANTI_HOR%C3%81RIO-Curitiba-942-9628-294517-0,-1.0,-25.527348,-49.23897,,False,4,,2023-06-19T11:13:24.349288+00:00
CUR_HE611,Curitiba,4106902,0,URBS,602,https://moovitapp.com/index/pt-br/transporte_p%C3%BAblico-line-602_CIRCULAR_SUL_ANTI_HOR%C3%81RIO-Curitiba-942-9628-294517-0,-1.0,-25.53474,-49.282608,,False,4,,2023-06-19T11:13:24.349288+00:00
CUR_DC855,Curitiba,4106902,1,,387,,,-25.443958,-49.231015,,False,7,2,2023-06-19T11:11:24.349288+00:00
CUR_HI606,Curitiba,4106902,1,,772,,,-25.590081,-49.319401,,False,4,2,2023-06-19T11:12:24.349288+00:00
CUR_HA311,Curitiba,4106902,1,,772,,,-25.620186,-49.373331,,False,3,1,2023-06-19T11:10:24.349288+00:00
CUR_HA614,Curitiba,4106902,1,,772,,,-25.521241,-49.293325,,False,4,1,2023-06-19T11:12:24.349288+00:00
CUR_HI607,Curitiba,4106902,0,,772,,,-25.549075,-49.304168,,False,4,2,2023-06-19T11:11:24.349288+00:00
CUR_HA310,Curitiba,4106902,1,,772,,,-25.523701,-49.296128,,False,3,1,2023-06-19T11:13:24.349288+00:00
CUR_BI856,Curitiba,4106902,1,Auto Viação São José,212,https://moovitapp.com/index/pt-br/transporte_p%C3%BAblico-line-212_PIT_PRA%C3%87A_DA_JUVENTUDE_SANTA_F%C3%89_CRISTAL-Curitiba-942-857412-73656311-0,-1.0,-25.40129,-49.218081,,False,7,2,2023-06-19T11:12:24.349288+00:00
CUR_BI868,Curitiba,4106902,1,Auto Viação São José,212,https://moovitapp.com/index/pt-br/transporte_p%C3%BAblico-line-212_PIT_PRA%C3%87A_DA_JUVENTUDE_SANTA_F%C3%89_CRISTAL-Curitiba-942-857412-73656311-0,-1.0,-25.406843,-49.252756,,False,7,1,2023-06-19T11:08:24.349288+00:00
CUR_DN601,Curitiba,4106902,1,,463,,,-25.443878,-49.244108,,False,7,1,2023-06-19T11:12:24.349288+00:00
CUR_DN602,Curitiba,4106902,1,,463,,,-25.440683,-49.260186,,False,7,1,2023-06-19T11:13:24.349288+00:00
CUR_DN608,Curitiba,4106902,1,,463,,,-25.456046,-49.223496,,False,7,1,2023-06-19T11:11:24.349288+00:00
CUR_CI007,Curitiba,4106902,1,,222,,,-25.397963,-49.23485,,False,1,1,2023-06-19T11:12:24.349288+00:00
CUR_CI008,Curitiba,4106902,1,,222,,,-25.383843,-49.204096,,False,1,2,2023-06-19T11:12:24.349288+00:00
CUR_CI005,Curitiba,4106902,1,,222,,,-25.385103,-49.205225,,False,1,1,2023-06-19T11:11:24.349288+00:00
CUR_EA074,Curitiba,4106902,1,,512,,,-25.481941,-49.246695,,False,1,1,2023-06-19T11:11:24.349288+00:00
CUR_EI012,Curitiba,4106902,1,,512,,,-25.507093,-49.265658,,False,1,2,2023-06-19T11:12:24.349288+00:00
CUR_EI017,Curitiba,4106902,1,,512,,,-25.499746,-49.262585,,False,1,1,2023-06-19T11:09:24.349288+00:00
CUR_BI021,Curitiba,4106902,1,,226,,,-25.382851,-49.245816,,False,1,1,2023-06-19T11:11:24.349288+00:00
CUR_BA030,Curitiba,4106902,1,,226,,,-25.387571,-49.24474,,False,1,1,2023-06-19T11:12:24.349288+00:00
CUR_BI016,Curitiba,4106902,1,,226,,,-25.372098,-49.243405,,False,1,2,2023-06-19T11:12:24.349288+00:00
CUR_BL312,Curitiba,4106902,0,URBS,023,https://moovitapp.com/index/pt-br/transporte_p%C3%BAblico-line-023_INTER_2_ANTI_HOR%C3%81RIO-Curitiba-942-9628-398189-0,-1.0,-25.41633,-49.262505,,False,3,,2023-06-19T11:11:24.349288+00:00
CUR_BL324,Curitiba,4106902,0,URBS,023,https://moovitapp.com/index/pt-br/transporte_p%C3%BAblico-line-023_INTER_2_ANTI_HOR%C3%81RIO-Curitiba-942-9628-398189-0,-1.0,-25.476551,-49.292861,,False,3,,2023-06-19T11:11:24.349288+00:00
CUR_BL608,Curitiba,4106902,0,URBS,023,https://moovitapp.com/index/pt-br/transporte_p%C3%BAblico-line-023_INTER_2_ANTI_HOR%C3%81RIO-Curitiba-942-9628-398189-0,-1.0,-25.41023,-49.248491,,False,4,,2023-06-19T11:10:24.349288+00:00
CUR_EL602,Curitiba,4106902,0,URBS,023,https://moovitapp.com/index/pt-br/transporte_p%C3%BAblico-line-023_INTER_2_ANTI_HOR%C3%81RIO-Curitiba-942-9628-398189-0,-1.0,-25.465608,-49.30086,,False,4,,2023-06-19T11:12:24.349288+00:00
CUR_MR800,Curitiba,4106902,0,URBS,023,https://moovitapp.com/index/pt-br/transporte_p%C3%BAblico-line-023_INTER_2_ANTI_HOR%C3%81RIO-Curitiba-942-9628-398189-0,-1.0,-25.485038,-49.251988,,False,4,,2023-06-19T11:13:24.349288+00:00
CUR_ER802,Curitiba,4106902,0,URBS,023,https://moovitapp.com/index/pt-br/transporte_p%C3%BAblico-line-023_INTER_2_ANTI_HOR%C3%81RIO-Curitiba-942-9628-398189-0,-1.0,-25.427171,-49.297151,,False,4,,2023-06-19T11:11:24.349288+00:00
CUR_HL698,Curitiba,4106902,0,URBS,023,https://moovitapp.com/index/pt-br/transporte_p%C3%BAblico-line-023_INTER_2_ANTI_HOR%C3%81RIO-Curitiba-942-9628-398189-0,-1.0,-25.429891,-49.214968,,False,4,,2023-06-19T11:07:24.349288+00:00
CUR_DR800,Curitiba,4106902,0,URBS,023,https://moovitapp.com/index/pt-br/transporte_p%C3%BAblico-line-023_INTER_2_ANTI_HOR%C3%81RIO-Curitiba-942-9628-398189-0,-1.0,-25.465783,-49.254851,,False,4,,2023-06-19T11:12:24.349288+00:00
CUR_HL600,Curitiba,4106902,0,URBS,023,https://moovitapp.com/index/pt-br/transporte_p%C3%BAblico-line-023_INTER_2_ANTI_HOR%C3%81RIO-Curitiba-942-9628-398189-0,-1.0,-25.476531,-49.240421,,False,4,,2023-06-19T11:12:24.349288+00:00
CUR_BL611,Curitiba,4106902,0,URBS,023,https://moovitapp.com/index/pt-br/transporte_p%C3%BAblico-line-023_INTER_2_ANTI_HOR%C3%81RIO-Curitiba-942-9628-398189-0,-1.0,-25.427528,-49.237268,,False,4,,2023-06-19T11:11:24.349288+00:00
CUR_BL332,Curitiba,4106902,0,URBS,023,https://moovitapp.com/index/pt-br/transporte_p%C3%BAblico-line-023_INTER_2_ANTI_HOR%C3%81RIO-Curitiba-942-9628-398189-0,-1.0,-25.414578,-49.289795,,False,3,,2023-06-19T11:12:24.349288+00:00
CUR_HL602,Curitiba,4106902,0,URBS,023,https://moovitapp.com/index/pt-br/transporte_p%C3%BAblico-line-023_INTER_2_ANTI_HOR%C3%81RIO-Curitiba-942-9628-398189-0,-1.0,-25.438675,-49.221601,,False,4,,2023-06-19T11:13:24.349288+00:00
CUR_CL699,Curitiba,4106902,0,URBS,023,https://moovitapp.com/index/pt-br/transporte_p%C3%BAblico-line-023_INTER_2_ANTI_HOR%C3%81RIO-Curitiba-942-9628-398189-0,-1.0,-25.491308,-49.256568,,False,4,,2023-06-19T11:11:24.349288+00:00
CUR_JL602,Curitiba,4106902,0,URBS,023,https://moovitapp.com/index/pt-br/transporte_p%C3%BAblico-line-023_INTER_2_ANTI_HOR%C3%81RIO-Curitiba-942-9628-398189-0,-1.0,-25.448783,-49.365588,,False,4,,2023-06-19T11:05:24.349288+00:00
CUR_CL600,Curitiba,4106902,0,URBS,023,https://moovitapp.com/index/pt-br/transporte_p%C3%BAblico-line-023_INTER_2_ANTI_HOR%C3%81RIO-Curitiba-942-9628-398189-0,-1.0,-25.442741,-49.222098,,False,4,,2023-06-19T11:11:24.349288+00:00
CUR_JL601,Curitiba,4106902,0,URBS,023,https://moovitapp.com/index/pt-br/transporte_p%C3%BAblico-line-023_INTER_2_ANTI_HOR%C3%81RIO-Curitiba-942-9628-398189-0,-1.0,-25.40651,-49.253056,,False,4,,2023-06-19T11:11:24.349288+00:00
CUR_DR804,Curitiba,4106902,0,URBS,023,https://moovitapp.com/index/pt-br/transporte_p%C3%BAblico-line-023_INTER_2_ANTI_HOR%C3%81RIO-Curitiba-942-9628-398189-0,-1.0,-25.433648,-49.212211,,False,4,,2023-06-19T11:12:24.349288+00:00
CUR_GL600,Curitiba,4106902,0,URBS,023,https://moovitapp.com/index/pt-br/transporte_p%C3%BAblico-line-023_INTER_2_ANTI_HOR%C3%81RIO-Curitiba-942-9628-398189-0,-1.0,-25.440683,-49.220971,,False,4,,2023-06-19T11:09:24.349288+00:00
CUR_DR801,Curitiba,4106902,0,URBS,023,https://moovitapp.com/index/pt-br/transporte_p%C3%BAblico-line-023_INTER_2_ANTI_HOR%C3%81RIO-Curitiba-942-9628-398189-0,-1.0,-25.452206,-49.229883,,False,4,,2023-06-19T11:08:24.349288+00:00
CUR_JL600,Curitiba,4106902,0,URBS,023,https://moovitapp.com/index/pt-br/transporte_p%C3%BAblico-line-023_INTER_2_ANTI_HOR%C3%81RIO-Curitiba-942-9628-398189-0,-1.0,-25.420245,-49.239615,,False,4,,2023-06-19T11:12:24.349288+00:00
CUR_ML306,Curitiba,4106902,0,URBS,023,https://moovitapp.com/index/pt-br/transporte_p%C3%BAblico-line-023_INTER_2_ANTI_HOR%C3%81RIO-Curitiba-942-9628-398189-0,-1.0,-25.427368,-49.29739,,False,3,,2023-06-19T11:11:24.349288+00:00
CUR_BL323,Curitiba,4106902,0,URBS,023,https://moovitapp.com/index/pt-br/transporte_p%C3%BAblico-line-023_INTER_2_ANTI_HOR%C3%81RIO-Curitiba-942-9628-398189-0,-1.0,-25.495951,-49.280625,,False,3,,2023-06-19T11:11:24.349288+00:00
CUR_JL313,Curitiba,4106902,0,URBS,023,https://moovitapp.com/index/pt-br/transporte_p%C3%BAblico-line-023_INTER_2_ANTI_HOR%C3%81RIO-Curitiba-942-9628-398189-0,-1.0,-25.492375,-49.290331,,False,3,,2023-06-19T11:12:24.349288+00:00
CUR_BC932,Curitiba,4106902,1,,365,,,-25.44907,-49.309011,,False,7,2,2023-06-19T11:09:24.349288+00:00
CUR_BI859,Curitiba,4106902,1,,365,,,-25.415988,-49.22397,,False,7,1,2023-06-19T11:07:24.349288+00:00
CUR_DA023,Curitiba,4106902,1,,336,,,-25.47821,-49.198475,,False,1,2,2023-06-19T11:11:24.349288+00:00
CUR_EA004,Curitiba,4106902,1,,336,,,-25.496211,-49.202248,,False,1,2,2023-06-19T11:08:24.349288+00:00
CUR_EA202,Curitiba,4106902,1,,336,,,-25.47002,-49.20765,,False,1,1,2023-06-19T11:11:24.349288+00:00
CUR_GI015,Curitiba,4106902,1,,541,,,-25.543378,-49.261968,,False,1,1,2023-06-19T11:11:24.349288+00:00
CUR_GI040,Curitiba,4106902,1,,541,,,-25.544663,-49.258766,,False,1,2,2023-06-19T11:10:24.349288+00:00
CUR_GC017,Curitiba,4106902,1,,541,,,-25.544366,-49.249748,,False,1,1,2023-06-19T11:11:24.349288+00:00
CUR_GI033,Curitiba,4106902,1,,541,,,-25.536575,-49.269726,,False,1,1,2023-06-19T11:12:24.349288+00:00
CUR_GI030,Curitiba,4106902,1,,541,,,-25.539886,-49.268083,,False,1,2,2023-06-19T11:12:24.349288+00:00
CUR_GI020,Curitiba,4106902,1,,541,,,-25.541435,-49.251743,,False,1,2,2023-06-19T11:12:24.349288+00:00
CUR_BB602,Curitiba,4106902,1,,030,,,-25.413883,-49.205613,,False,4,1,2023-06-19T11:13:24.349288+00:00
CUR_KB696,Curitiba,4106902,0,,030,,,-25.398105,-49.207895,,False,4,2,2023-06-19T11:12:24.349288+00:00
CUR_GB610,Curitiba,4106902,1,,030,,,-25.451835,-49.214955,,False,4,2,2023-06-19T11:11:24.349288+00:00
CUR_GB605,Curitiba,4106902,1,,030,,,-25.49792,-49.234996,,False,4,2,2023-06-19T11:11:24.349288+00:00
CUR_GB606,Curitiba,4106902,1,,030,,,-25.499106,-49.232485,,False,4,1,2023-06-19T11:12:24.349288+00:00
CUR_KB605,Curitiba,4106902,1,,030,,,-25.504826,-49.241018,,False,4,,2023-06-19T11:12:24.349288+00:00
CUR_BB608,Curitiba,4106902,1,,030,,,-25.38627,-49.212396,,False,4,1,2023-06-19T11:10:24.349288+00:00
CUR_BB300,Curitiba,4106902,1,,030,,,-25.444015,-49.206596,,False,3,1,2023-06-19T11:11:24.349288+00:00
CUR_CB601,Curitiba,4106902,1,,030,,,-25.451505,-49.214951,,False,4,1,2023-06-19T11:11:24.349288+00:00
CUR_GB612,Curitiba,4106902,1,,030,,,-25.476393,-49.218038,,False,4,2,2023-06-19T11:11:24.349288+00:00
CUR_EB609,Curitiba,4106902,1,,030,,,-25.435878,-49.210443,,False,4,2,2023-06-19T11:11:24.349288+00:00
CUR_KB606,Curitiba,4106902,1,,030,,,-25.512848,-49.26225,,False,4,2,2023-06-19T11:12:24.349288+00:00
CUR_BB611,Curitiba,4106902,1,,030,,,-25.49544,-49.29569,,False,4,2,2023-06-19T11:11:24.349288+00:00
CUR_EA600,Curitiba,4106902,1,,030,,,-25.498801,-49.29287,,False,4,2,2023-06-19T11:12:24.349288+00:00
CUR_BB498,Curitiba,4106902,1,,030,,,-25.483341,-49.220758,,False,3,2,2023-06-19T11:11:24.349288+00:00
CUR_BB610,Curitiba,4106902,1,,030,,,-25.40945,-49.218033,,False,4,1,2023-06-19T11:10:24.349288+00:00
CUR_BI015,Curitiba,4106902,1,,242,,,-25.362433,-49.263203,,False,1,1,2023-06-19T11:13:24.349288+00:00
CUR_BI020,Curitiba,4106902,1,,242,,,-25.37419,-49.263248,,False,1,1,2023-06-19T11:10:24.349288+00:00
CUR_EB600,Curitiba,4106902,1,,021,,,-25.397643,-49.250761,,False,4,,2023-06-19T11:11:24.349288+00:00
CUR_EB603,Curitiba,4106902,1,,021,,,-25.414336,-49.289745,,False,4,,2023-06-19T11:11:24.349288+00:00
CUR_KB607,Curitiba,4106902,1,,021,,,-25.43969,-49.222291,,False,4,,2023-06-19T11:10:24.349288+00:00
CUR_XY043,Curitiba,4106902,0,,021,,,-25.481071,-49.247191,,False,3,,2023-06-19T11:12:24.349288+00:00
CUR_KB697,Curitiba,4106902,0,,021,,,-25.481446,-49.246935,,False,4,,2023-06-19T11:09:24.349288+00:00
CUR_BB600,Curitiba,4106902,1,,021,,,-25.492485,-49.293301,,False,4,,2023-06-19T11:10:24.349288+00:00
CUR_HB606,Curitiba,4106902,1,,021,,,-25.478145,-49.298471,,False,4,,2023-06-19T11:11:24.349288+00:00
CUR_GB601,Curitiba,4106902,1,,021,,,-25.49521,-49.266651,,False,4,,2023-06-19T11:11:24.349288+00:00
CUR_CB604,Curitiba,4106902,1,,021,,,-25.445111,-49.304861,,False,4,,2023-06-19T11:08:24.349288+00:00
CUR_BB604,Curitiba,4106902,1,,021,,,-25.429473,-49.218401,,False,4,,2023-06-19T11:12:24.349288+00:00
CUR_GB602,Curitiba,4106902,1,,021,,,-25.457366,-49.231883,,False,4,,2023-06-19T11:12:24.349288+00:00
CUR_BB615,Curitiba,4106902,1,,021,,,-25.427318,-49.300366,,False,4,,2023-06-19T11:09:24.349288+00:00
CUR_BB614,Curitiba,4106902,1,,021,,,-25.38594,-49.282371,,False,4,,2023-06-19T11:13:24.349288+00:00
CUR_GB600,Curitiba,4106902,1,,021,,,-25.417145,-49.24789,,False,4,,2023-06-19T11:12:24.349288+00:00
CUR_GI858,Curitiba,4106902,1,,616,,,-25.484185,-49.266755,,False,7,2,2023-06-19T11:11:24.349288+00:00
CUR_GI857,Curitiba,4106902,1,,616,,,-25.467775,-49.266991,,False,7,2,2023-06-19T11:13:24.349288+00:00
CUR_GC011,Curitiba,4106902,1,,338,,,-25.475911,-49.240023,,False,1,2,2023-06-19T11:11:24.349288+00:00
CUR_DC293,Curitiba,4106902,1,,338,,,-25.468971,-49.208561,,False,1,1,2023-06-19T11:08:24.349288+00:00
CUR_DC086,Curitiba,4106902,1,,338,,,-25.481533,-49.22427,,False,1,2,2023-06-19T11:12:24.349288+00:00
CUR_GC012,Curitiba,4106902,1,,338,,,-25.472918,-49.200218,,False,1,1,2023-06-19T11:12:24.349288+00:00
CUR_EA076,Curitiba,4106902,1,,338,,,-25.468871,-49.20829,,False,1,1,2023-06-19T11:08:24.349288+00:00
CUR_DA013,Curitiba,4106902,1,,338,,,-25.479763,-49.24771,,False,1,2,2023-06-19T11:06:24.349288+00:00
CUR_EA003,Curitiba,4106902,1,,338,,,-25.480338,-49.224826,,False,1,2,2023-06-19T11:09:24.349288+00:00
CUR_DA020,Curitiba,4106902,0,,338,,,-25.492566,-49.205161,,False,1,2,2023-06-19T11:10:24.349288+00:00
CUR_DA022,Curitiba,4106902,0,,338,,,-25.492631,-49.205281,,False,1,1,2023-06-19T11:12:24.349288+00:00
CUR_DC084,Curitiba,4106902,0,,338,,,-25.472956,-49.234565,,False,1,2,2023-06-19T11:10:24.349288+00:00
CUR_EA005,Curitiba,4106902,1,,X07,,,-25.536118,-49.272505,,False,1,1,2023-06-19T11:06:24.349288+00:00
CUR_EI006,Curitiba,4106902,1,,X07,,,-25.549315,-49.257093,,False,1,2,2023-06-19T11:12:24.349288+00:00
CUR_DC850,Curitiba,4106902,1,,477,,,-25.443685,-49.256336,,False,7,2,2023-06-19T11:12:24.349288+00:00
CUR_DC854,Curitiba,4106902,1,,477,,,-25.467401,-49.231118,,False,7,1,2023-06-19T11:12:24.349288+00:00
CUR_JI001,Curitiba,4106902,1,,777,,,-25.448365,-49.285763,,False,1,1,2023-06-19T11:12:24.349288+00:00
CUR_JI010,Curitiba,4106902,1,,777,,,-25.451326,-49.288475,,False,1,1,2023-06-19T11:12:24.349288+00:00
CUR_JI017,Curitiba,4106902,1,,777,,,-25.4609,-49.337256,,False,1,2,2023-06-19T11:10:24.349288+00:00
CUR_JI012,Curitiba,4106902,1,,777,,,-25.435166,-49.27325,,False,1,1,2023-06-19T11:11:24.349288+00:00
CUR_GD342,Curitiba,4106902,0,URBS,203,https://moovitapp.com/index/pt-br/transporte_p%C3%BAblico-line-203_SANTA_C%C3%82NDIDA_CAP%C3%83O_RASO-Curitiba-942-9628-1323737-0,-1.0,-25.381248,-49.229221,,False,5,1,2023-06-19T11:12:24.349288+00:00
CUR_BE727,Curitiba,4106902,0,URBS,203,https://moovitapp.com/index/pt-br/transporte_p%C3%BAblico-line-203_SANTA_C%C3%82NDIDA_CAP%C3%83O_RASO-Curitiba-942-9628-1323737-0,-1.0,-25.395481,-49.242336,,False,5,1,2023-06-19T11:11:24.349288+00:00
CUR_BE717,Curitiba,4106902,0,URBS,203,https://moovitapp.com/index/pt-br/transporte_p%C3%BAblico-line-203_SANTA_C%C3%82NDIDA_CAP%C3%83O_RASO-Curitiba-942-9628-1323737-0,-1.0,-25.477916,-49.29199,,False,5,2,2023-06-19T11:12:24.349288+00:00
CUR_BE729,Curitiba,4106902,0,URBS,203,https://moovitapp.com/index/pt-br/transporte_p%C3%BAblico-line-203_SANTA_C%C3%82NDIDA_CAP%C3%83O_RASO-Curitiba-942-9628-1323737-0,-1.0,-25.481801,-49.292703,,False,5,2,2023-06-19T11:12:24.349288+00:00
CUR_BE715,Curitiba,4106902,0,URBS,203,https://moovitapp.com/index/pt-br/transporte_p%C3%BAblico-line-203_SANTA_C%C3%82NDIDA_CAP%C3%83O_RASO-Curitiba-942-9628-1323737-0,-1.0,-25.4456,-49.286668,,False,5,1,2023-06-19T11:12:24.349288+00:00
CUR_HE711,Curitiba,4106902,0,URBS,203,https://moovitapp.com/index/pt-br/transporte_p%C3%BAblico-line-203_SANTA_C%C3%82NDIDA_CAP%C3%83O_RASO-Curitiba-942-9628-1323737-0,-1.0,-25.429203,-49.267886,,False,5,2,2023-06-19T11:05:24.349288+00:00
CUR_GE736,Curitiba,4106902,0,URBS,203,https://moovitapp.com/index/pt-br/transporte_p%C3%BAblico-line-203_SANTA_C%C3%82NDIDA_CAP%C3%83O_RASO-Curitiba-942-9628-1323737-0,-1.0,-25.430256,-49.26743,,False,5,1,2023-06-19T11:13:24.349288+00:00
CUR_BE716,Curitiba,4106902,0,URBS,203,https://moovitapp.com/index/pt-br/transporte_p%C3%BAblico-line-203_SANTA_C%C3%82NDIDA_CAP%C3%83O_RASO-Curitiba-942-9628-1323737-0,-1.0,-25.438103,-49.267923,,False,5,1,2023-06-19T11:12:24.349288+00:00
CUR_GE726,Curitiba,4106902,0,URBS,203,https://moovitapp.com/index/pt-br/transporte_p%C3%BAblico-line-203_SANTA_C%C3%82NDIDA_CAP%C3%83O_RASO-Curitiba-942-9628-1323737-0,-1.0,-25.44375,-49.282585,,False,5,1,2023-06-19T11:12:24.349288+00:00
CUR_BE725,Curitiba,4106902,0,URBS,203,https://moovitapp.com/index/pt-br/transporte_p%C3%BAblico-line-203_SANTA_C%C3%82NDIDA_CAP%C3%83O_RASO-Curitiba-942-9628-1323737-0,-1.0,-25.439558,-49.271705,,False,5,1,2023-06-19T11:11:24.349288+00:00
CUR_BE710,Curitiba,4106902,0,URBS,203,https://moovitapp.com/index/pt-br/transporte_p%C3%BAblico-line-203_SANTA_C%C3%82NDIDA_CAP%C3%83O_RASO-Curitiba-942-9628-1323737-0,-1.0,-25.417308,-49.26289,,False,5,1,2023-06-19T11:12:24.349288+00:00
CUR_BE719,Curitiba,4106902,0,URBS,203,https://moovitapp.com/index/pt-br/transporte_p%C3%BAblico-line-203_SANTA_C%C3%82NDIDA_CAP%C3%83O_RASO-Curitiba-942-9628-1323737-0,-1.0,-25.485906,-49.294171,,False,5,2,2023-06-19T11:11:24.349288+00:00
CUR_GE704,Curitiba,4106902,0,URBS,203,https://moovitapp.com/index/pt-br/transporte_p%C3%BAblico-line-203_SANTA_C%C3%82NDIDA_CAP%C3%83O_RASO-Curitiba-942-9628-1323737-0,-1.0,-25.476125,-49.292628,,False,5,2,2023-06-19T11:09:24.349288+00:00
CUR_BD144,Curitiba,4106902,0,URBS,203,https://moovitapp.com/index/pt-br/transporte_p%C3%BAblico-line-203_SANTA_C%C3%82NDIDA_CAP%C3%83O_RASO-Curitiba-942-9628-1323737-0,-1.0,-25.455383,-49.288185,,False,5,2,2023-06-19T11:12:24.349288+00:00
CUR_BD135,Curitiba,4106902,0,URBS,203,https://moovitapp.com/index/pt-br/transporte_p%C3%BAblico-line-203_SANTA_C%C3%82NDIDA_CAP%C3%83O_RASO-Curitiba-942-9628-1323737-0,-1.0,-25.376983,-49.223916,,False,5,1,2023-06-19T11:10:24.349288+00:00
CUR_BE703,Curitiba,4106902,0,URBS,203,https://moovitapp.com/index/pt-br/transporte_p%C3%BAblico-line-203_SANTA_C%C3%82NDIDA_CAP%C3%83O_RASO-Curitiba-942-9628-1323737-0,-1.0,-25.407658,-49.253633,,False,5,1,2023-06-19T11:12:24.349288+00:00
CUR_BD150,Curitiba,4106902,0,URBS,203,https://moovitapp.com/index/pt-br/transporte_p%C3%BAblico-line-203_SANTA_C%C3%82NDIDA_CAP%C3%83O_RASO-Curitiba-942-9628-1323737-0,-1.0,-25.438683,-49.269405,,False,5,2,2023-06-19T11:12:24.349288+00:00
CUR_GD343,Curitiba,4106902,0,URBS,203,https://moovitapp.com/index/pt-br/transporte_p%C3%BAblico-line-203_SANTA_C%C3%82NDIDA_CAP%C3%83O_RASO-Curitiba-942-9628-1323737-0,-1.0,-25.423416,-49.26771,,False,5,2,2023-06-19T11:11:24.349288+00:00
CUR_GD341,Curitiba,4106902,0,URBS,203,https://moovitapp.com/index/pt-br/transporte_p%C3%BAblico-line-203_SANTA_C%C3%82NDIDA_CAP%C3%83O_RASO-Curitiba-942-9628-1323737-0,-1.0,-25.393641,-49.240713,,False,5,1,2023-06-19T11:11:24.349288+00:00
CUR_BI019,Curitiba,4106902,1,,231,,,-25.37684,-49.223663,,False,1,2,2023-06-19T11:11:24.349288+00:00
CUR_BA001,Curitiba,4106902,1,,231,,,-25.37463,-49.216258,,False,1,1,2023-06-19T11:13:24.349288+00:00
CUR_JI861,Curitiba,4106902,1,,862,,,-25.448126,-49.296855,,False,7,1,2023-06-19T11:13:24.349288+00:00
CUR_BI865,Curitiba,4106902,1,,862,,,-25.442786,-49.288638,,False,7,2,2023-06-19T11:12:24.349288+00:00
CUR_BA019,Curitiba,4106902,1,,876,,,-25.418353,-49.348641,,False,1,2,2023-06-19T11:12:24.349288+00:00
CUR_BC015,Curitiba,4106902,1,,876,,,-25.415603,-49.342115,,False,1,1,2023-06-19T11:13:24.349288+00:00
CUR_BC005,Curitiba,4106902,1,,876,,,-25.43176,-49.276815,,False,1,1,2023-06-19T11:11:24.349288+00:00
CUR_JI003,Curitiba,4106902,1,,711,,,-25.474671,-49.349801,,False,1,2,2023-06-19T11:12:24.349288+00:00
CUR_JA027,Curitiba,4106902,1,,711,,,-25.47714,-49.337251,,False,1,1,2023-06-19T11:11:24.349288+00:00
CUR_BC017,Curitiba,4106902,1,,166,,,-25.389088,-49.302716,,False,1,1,2023-06-19T11:05:24.349288+00:00
CUR_BC004,Curitiba,4106902,1,,166,,,-25.417368,-49.275311,,False,1,2,2023-06-19T11:06:24.349288+00:00
CUR_GI057,Curitiba,4106902,1,,638,,,-25.51337,-49.294896,,False,1,1,2023-06-19T11:11:24.349288+00:00
CUR_GI014,Curitiba,4106902,1,,638,,,-25.53952,-49.294468,,False,1,2,2023-06-19T11:12:24.349288+00:00
CUR_GI005,Curitiba,4106902,1,,638,,,-25.5509,-49.2816,,False,1,2,2023-06-19T11:11:24.349288+00:00
CUR_HE722,Curitiba,4106902,0,URBS,603,https://moovitapp.com/index/pt-br/transporte_p%C3%BAblico-line-603_PINHEIRINHO_RUI_BARBOSA-Curitiba-942-9628-484781-0,-1.0,-25.43504,-49.272946,,False,5,2,2023-06-19T11:04:24.349288+00:00
CUR_HE723,Curitiba,4106902,0,URBS,603,https://moovitapp.com/index/pt-br/transporte_p%C3%BAblico-line-603_PINHEIRINHO_RUI_BARBOSA-Curitiba-942-9628-484781-0,-1.0,-25.5032,-49.29607,,False,5,1,2023-06-19T11:12:24.349288+00:00
CUR_HE724,Curitiba,4106902,0,URBS,603,https://moovitapp.com/index/pt-br/transporte_p%C3%BAblico-line-603_PINHEIRINHO_RUI_BARBOSA-Curitiba-942-9628-484781-0,-1.0,-25.442736,-49.280096,,False,5,2,2023-06-19T11:12:24.349288+00:00
CUR_HE728,Curitiba,4106902,0,URBS,603,https://moovitapp.com/index/pt-br/transporte_p%C3%BAblico-line-603_PINHEIRINHO_RUI_BARBOSA-Curitiba-942-9628-484781-0,-1.0,-25.449075,-49.287938,,False,5,2,2023-06-19T11:12:24.349288+00:00
CUR_HE729,Curitiba,4106902,0,URBS,603,https://moovitapp.com/index/pt-br/transporte_p%C3%BAblico-line-603_PINHEIRINHO_RUI_BARBOSA-Curitiba-942-9628-484781-0,-1.0,-25.475685,-49.292878,,False,5,2,2023-06-19T11:11:24.349288+00:00
CUR_HE717,Curitiba,4106902,0,URBS,603,https://moovitapp.com/index/pt-br/transporte_p%C3%BAblico-line-603_PINHEIRINHO_RUI_BARBOSA-Curitiba-942-9628-484781-0,-1.0,-25.4449,-49.285596,,False,5,1,2023-06-19T11:11:24.349288+00:00
CUR_HE725,Curitiba,4106902,0,URBS,603,https://moovitapp.com/index/pt-br/transporte_p%C3%BAblico-line-603_PINHEIRINHO_RUI_BARBOSA-Curitiba-942-9628-484781-0,-1.0,-25.501565,-49.29596,,False,5,1,2023-06-19T11:10:24.349288+00:00
CUR_GE703,Curitiba,4106902,0,URBS,603,https://moovitapp.com/index/pt-br/transporte_p%C3%BAblico-line-603_PINHEIRINHO_RUI_BARBOSA-Curitiba-942-9628-484781-0,-1.0,-25.481828,-49.292646,,False,5,2,2023-06-19T11:12:24.349288+00:00
CUR_HE713,Curitiba,4106902,0,URBS,603,https://moovitapp.com/index/pt-br/transporte_p%C3%BAblico-line-603_PINHEIRINHO_RUI_BARBOSA-Curitiba-942-9628-484781-0,-1.0,-25.512243,-49.29555,,False,5,1,2023-06-19T11:12:24.349288+00:00
CUR_HE714,Curitiba,4106902,0,URBS,603,https://moovitapp.com/index/pt-br/transporte_p%C3%BAblico-line-603_PINHEIRINHO_RUI_BARBOSA-Curitiba-942-9628-484781-0,-1.0,-25.494938,-49.294263,,False,5,1,2023-06-19T11:08:24.349288+00:00
CUR_HE731,Curitiba,4106902,0,URBS,603,https://moovitapp.com/index/pt-br/transporte_p%C3%BAblico-line-603_PINHEIRINHO_RUI_BARBOSA-Curitiba-942-9628-484781-0,-1.0,-25.480985,-49.292543,,False,5,1,2023-06-19T11:12:24.349288+00:00
CUR_HE727,Curitiba,4106902,0,URBS,603,https://moovitapp.com/index/pt-br/transporte_p%C3%BAblico-line-603_PINHEIRINHO_RUI_BARBOSA-Curitiba-942-9628-484781-0,-1.0,-25.456738,-49.28856,,False,5,1,2023-06-19T11:08:24.349288+00:00
CUR_HD242,Curitiba,4106902,0,URBS,603,https://moovitapp.com/index/pt-br/transporte_p%C3%BAblico-line-603_PINHEIRINHO_RUI_BARBOSA-Curitiba-942-9628-484781-0,-1.0,-25.438466,-49.272528,,False,5,1,2023-06-19T11:01:24.349288+00:00
CUR_HE721,Curitiba,4106902,0,URBS,603,https://moovitapp.com/index/pt-br/transporte_p%C3%BAblico-line-603_PINHEIRINHO_RUI_BARBOSA-Curitiba-942-9628-484781-0,-1.0,-25.488431,-49.294196,,False,5,1,2023-06-19T11:11:24.349288+00:00
CUR_HE726,Curitiba,4106902,0,URBS,603,https://moovitapp.com/index/pt-br/transporte_p%C3%BAblico-line-603_PINHEIRINHO_RUI_BARBOSA-Curitiba-942-9628-484781-0,-1.0,-25.43953,-49.272208,,False,5,2,2023-06-19T11:11:24.349288+00:00
CUR_HD244,Curitiba,4106902,0,URBS,603,https://moovitapp.com/index/pt-br/transporte_p%C3%BAblico-line-603_PINHEIRINHO_RUI_BARBOSA-Curitiba-942-9628-484781-0,-1.0,-25.44537,-49.286686,,False,5,2,2023-06-19T11:11:24.349288+00:00
CUR_GE733,Curitiba,4106902,0,URBS,603,https://moovitapp.com/index/pt-br/transporte_p%C3%BAblico-line-603_PINHEIRINHO_RUI_BARBOSA-Curitiba-942-9628-484781-0,-1.0,-25.450021,-49.287916,,False,5,1,2023-06-19T11:10:24.349288+00:00
CUR_HE730,Curitiba,4106902,0,URBS,603,https://moovitapp.com/index/pt-br/transporte_p%C3%BAblico-line-603_PINHEIRINHO_RUI_BARBOSA-Curitiba-942-9628-484781-0,-1.0,-25.475635,-49.292845,,False,5,2,2023-06-19T11:10:24.349288+00:00
CUR_GE731,Curitiba,4106902,0,URBS,603,https://moovitapp.com/index/pt-br/transporte_p%C3%BAblico-line-603_PINHEIRINHO_RUI_BARBOSA-Curitiba-942-9628-484781-0,-1.0,-25.483723,-49.293453,,False,5,2,2023-06-19T11:11:24.349288+00:00
CUR_HD250,Curitiba,4106902,0,URBS,603,https://moovitapp.com/index/pt-br/transporte_p%C3%BAblico-line-603_PINHEIRINHO_RUI_BARBOSA-Curitiba-942-9628-484781-0,-1.0,-25.511838,-49.295663,,False,5,1,2023-06-19T11:10:24.349288+00:00
CUR_BA027,Curitiba,4106902,1,,243,,,-25.35238,-49.27121,,False,1,2,2023-06-19T11:12:24.349288+00:00
CUR_BI013,Curitiba,4106902,1,,243,,,-25.37291,-49.262953,,False,1,2,2023-06-19T11:11:24.349288+00:00
CUR_BC028,Curitiba,4106902,1,,182,,,-25.419748,-49.269101,,False,1,2,2023-06-19T11:12:24.349288+00:00
CUR_BC305,Curitiba,4106902,1,,182,,,-25.370165,-49.269621,,False,3,1,2023-06-19T11:11:24.349288+00:00
CUR_BC306,Curitiba,4106902,1,,182,,,-25.388843,-49.26744,,False,3,1,2023-06-19T11:11:24.349288+00:00
CUR_EB608,Curitiba,4106902,1,,050,,,-25.47751,-49.292071,,False,4,2,2023-06-19T11:12:24.349288+00:00
CUR_EB605,Curitiba,4106902,1,,050,,,-25.45624,-49.248225,,False,4,1,2023-06-19T11:12:24.349288+00:00
CUR_JB606,Curitiba,4106902,1,,050,,,-25.4575,-49.236455,,False,4,1,2023-06-19T11:08:24.349288+00:00
CUR_GR124,Curitiba,4106902,1,,050,,,-25.449398,-49.260236,,False,4,2,2023-06-19T11:06:24.349288+00:00
CUR_JB610,Curitiba,4106902,1,,050,,,-25.45466,-49.26652,,False,4,1,2023-06-19T11:13:24.349288+00:00
CUR_EB606,Curitiba,4106902,1,,050,,,-25.472116,-49.285835,,False,4,1,2023-06-19T11:11:24.349288+00:00
CUR_GB608,Curitiba,4106902,1,,050,,,-25.455036,-49.241523,,False,4,1,2023-06-19T11:12:24.349288+00:00
CUR_EB601,Curitiba,4106902,1,,050,,,-25.47809,-49.325686,,False,4,2,2023-06-19T11:12:24.349288+00:00
CUR_JB604,Curitiba,4106902,1,,050,,,-25.475873,-49.302646,,False,4,2,2023-06-19T11:11:24.349288+00:00
CUR_KB600,Curitiba,4106902,1,,050,,,-25.467131,-49.28059,,False,4,2,2023-06-19T11:12:24.349288+00:00
CUR_KB604,Curitiba,4106902,1,,050,,,-25.457723,-49.249583,,False,4,2,2023-06-19T11:11:24.349288+00:00
CUR_HB603,Curitiba,4106902,1,,050,,,-25.45237,-49.214913,,False,4,1,2023-06-19T11:07:24.349288+00:00
CUR_DE702,Curitiba,4106902,0,URBS,303,https://moovitapp.com/index/pt-br/transporte_p%C3%BAblico-line-303_CENTEN%C3%81RIO_CAMPO_COMPRIDO-Curitiba-942-9628-531689-0,-1.0,-25.429031,-49.286233,,False,5,1,2023-06-19T11:11:24.349288+00:00
CUR_JE704,Curitiba,4106902,0,URBS,303,https://moovitapp.com/index/pt-br/transporte_p%C3%BAblico-line-303_CENTEN%C3%81RIO_CAMPO_COMPRIDO-Curitiba-942-9628-531689-0,-1.0,-25.429458,-49.28437,,False,5,2,2023-06-19T11:09:24.349288+00:00
CUR_DE711,Curitiba,4106902,0,URBS,303,https://moovitapp.com/index/pt-br/transporte_p%C3%BAblico-line-303_CENTEN%C3%81RIO_CAMPO_COMPRIDO-Curitiba-942-9628-531689-0,-1.0,-25.433776,-49.276945,,False,5,1,2023-06-19T11:12:24.349288+00:00
CUR_DE710,Curitiba,4106902,0,URBS,303,https://moovitapp.com/index/pt-br/transporte_p%C3%BAblico-line-303_CENTEN%C3%81RIO_CAMPO_COMPRIDO-Curitiba-942-9628-531689-0,-1.0,-25.43578,-49.30669,,False,5,1,2023-06-19T11:13:24.349288+00:00
CUR_JE700,Curitiba,4106902,0,URBS,303,https://moovitapp.com/index/pt-br/transporte_p%C3%BAblico-line-303_CENTEN%C3%81RIO_CAMPO_COMPRIDO-Curitiba-942-9628-531689-0,-1.0,-25.435593,-49.251116,,False,5,2,2023-06-19T11:12:24.349288+00:00
CUR_XY042,Curitiba,4106902,0,URBS,303,https://moovitapp.com/index/pt-br/transporte_p%C3%BAblico-line-303_CENTEN%C3%81RIO_CAMPO_COMPRIDO-Curitiba-942-9628-531689-0,-1.0,-25.43363,-49.277381,,False,4,2,2023-06-19T11:12:24.349288+00:00
CUR_DE705,Curitiba,4106902,0,URBS,303,https://moovitapp.com/index/pt-br/transporte_p%C3%BAblico-line-303_CENTEN%C3%81RIO_CAMPO_COMPRIDO-Curitiba-942-9628-531689-0,-1.0,-25.441851,-49.233251,,False,5,1,2023-06-19T11:11:24.349288+00:00
CUR_DE715,Curitiba,4106902,0,URBS,303,https://moovitapp.com/index/pt-br/transporte_p%C3%BAblico-line-303_CENTEN%C3%81RIO_CAMPO_COMPRIDO-Curitiba-942-9628-531689-0,-1.0,-25.436565,-49.328328,,False,5,1,2023-06-19T11:11:24.349288+00:00
CUR_DE700,Curitiba,4106902,0,URBS,303,https://moovitapp.com/index/pt-br/transporte_p%C3%BAblico-line-303_CENTEN%C3%81RIO_CAMPO_COMPRIDO-Curitiba-942-9628-531689-0,-1.0,-25.437568,-49.266608,,False,5,1,2023-06-19T11:11:24.349288+00:00
CUR_DE722,Curitiba,4106902,0,URBS,303,https://moovitapp.com/index/pt-br/transporte_p%C3%BAblico-line-303_CENTEN%C3%81RIO_CAMPO_COMPRIDO-Curitiba-942-9628-531689-0,-1.0,-25.45893,-49.212306,,False,5,2,2023-06-19T11:11:24.349288+00:00
CUR_DE708,Curitiba,4106902,0,URBS,303,https://moovitapp.com/index/pt-br/transporte_p%C3%BAblico-line-303_CENTEN%C3%81RIO_CAMPO_COMPRIDO-Curitiba-942-9628-531689-0,-1.0,-25.435868,-49.307196,,False,5,1,2023-06-19T11:11:24.349288+00:00
CUR_DE704,Curitiba,4106902,0,URBS,303,https://moovitapp.com/index/pt-br/transporte_p%C3%BAblico-line-303_CENTEN%C3%81RIO_CAMPO_COMPRIDO-Curitiba-942-9628-531689-0,-1.0,-25.430483,-49.292593,,False,5,2,2023-06-19T11:12:24.349288+00:00
CUR_DE718,Curitiba,4106902,0,URBS,303,https://moovitapp.com/index/pt-br/transporte_p%C3%BAblico-line-303_CENTEN%C3%81RIO_CAMPO_COMPRIDO-Curitiba-942-9628-531689-0,-1.0,-25.465596,-49.20969,,False,5,2,2023-06-19T11:12:24.349288+00:00
CUR_DE719,Curitiba,4106902,0,URBS,303,https://moovitapp.com/index/pt-br/transporte_p%C3%BAblico-line-303_CENTEN%C3%81RIO_CAMPO_COMPRIDO-Curitiba-942-9628-531689-0,-1.0,-25.447145,-49.216875,,False,5,2,2023-06-19T11:11:24.349288+00:00
CUR_JE709,Curitiba,4106902,0,URBS,303,https://moovitapp.com/index/pt-br/transporte_p%C3%BAblico-line-303_CENTEN%C3%81RIO_CAMPO_COMPRIDO-Curitiba-942-9628-531689-0,-1.0,-25.439543,-49.227365,,False,5,1,2023-06-19T11:11:24.349288+00:00
CUR_JE701,Curitiba,4106902,0,URBS,303,https://moovitapp.com/index/pt-br/transporte_p%C3%BAblico-line-303_CENTEN%C3%81RIO_CAMPO_COMPRIDO-Curitiba-942-9628-531689-0,-1.0,-25.438708,-49.333358,,False,5,1,2023-06-19T11:09:24.349288+00:00
CUR_DE709,Curitiba,4106902,0,URBS,303,https://moovitapp.com/index/pt-br/transporte_p%C3%BAblico-line-303_CENTEN%C3%81RIO_CAMPO_COMPRIDO-Curitiba-942-9628-531689-0,-1.0,-25.438643,-49.238268,,False,5,2,2023-06-19T11:12:24.349288+00:00
CUR_DE716,Curitiba,4106902,0,URBS,303,https://moovitapp.com/index/pt-br/transporte_p%C3%BAblico-line-303_CENTEN%C3%81RIO_CAMPO_COMPRIDO-Curitiba-942-9628-531689-0,-1.0,-25.440283,-49.221161,,False,5,2,2023-06-19T11:13:24.349288+00:00
CUR_JE703,Curitiba,4106902,0,URBS,303,https://moovitapp.com/index/pt-br/transporte_p%C3%BAblico-line-303_CENTEN%C3%81RIO_CAMPO_COMPRIDO-Curitiba-942-9628-531689-0,-1.0,-25.436508,-49.328643,,False,5,1,2023-06-19T11:11:24.349288+00:00
CUR_DE717,Curitiba,4106902,0,URBS,303,https://moovitapp.com/index/pt-br/transporte_p%C3%BAblico-line-303_CENTEN%C3%81RIO_CAMPO_COMPRIDO-Curitiba-942-9628-531689-0,-1.0,-25.437426,-49.273158,,False,5,2,2023-06-19T11:12:24.349288+00:00
CUR_JE710,Curitiba,4106902,0,URBS,303,https://moovitapp.com/index/pt-br/transporte_p%C3%BAblico-line-303_CENTEN%C3%81RIO_CAMPO_COMPRIDO-Curitiba-942-9628-531689-0,-1.0,-25.431666,-49.278238,,False,5,1,2023-06-19T11:12:24.349288+00:00
CUR_DE714,Curitiba,4106902,0,URBS,303,https://moovitapp.com/index/pt-br/transporte_p%C3%BAblico-line-303_CENTEN%C3%81RIO_CAMPO_COMPRIDO-Curitiba-942-9628-531689-0,-1.0,-25.436575,-49.26381,,False,5,2,2023-06-19T11:12:24.349288+00:00
CUR_JE705,Curitiba,4106902,0,URBS,303,https://moovitapp.com/index/pt-br/transporte_p%C3%BAblico-line-303_CENTEN%C3%81RIO_CAMPO_COMPRIDO-Curitiba-942-9628-531689-0,-1.0,-25.434535,-49.268861,,False,5,1,2023-06-19T11:11:24.349288+00:00
CUR_JE706,Curitiba,4106902,0,URBS,303,https://moovitapp.com/index/pt-br/transporte_p%C3%BAblico-line-303_CENTEN%C3%81RIO_CAMPO_COMPRIDO-Curitiba-942-9628-531689-0,-1.0,-25.435668,-49.258988,,False,5,1,2023-06-19T11:12:24.349288+00:00
CUR_JE708,Curitiba,4106902,0,URBS,303,https://moovitapp.com/index/pt-br/transporte_p%C3%BAblico-line-303_CENTEN%C3%81RIO_CAMPO_COMPRIDO-Curitiba-942-9628-531689-0,-1.0,-25.440633,-49.236735,,False,5,1,2023-06-19T11:11:24.349288+00:00
CUR_DE699,Curitiba,4106902,0,URBS,303,https://moovitapp.com/index/pt-br/transporte_p%C3%BAblico-line-303_CENTEN%C3%81RIO_CAMPO_COMPRIDO-Curitiba-942-9628-531689-0,-1.0,-25.42881,-49.287886,,False,4,2,2023-06-19T11:12:24.349288+00:00
CUR_JE707,Curitiba,4106902,0,URBS,303,https://moovitapp.com/index/pt-br/transporte_p%C3%BAblico-line-303_CENTEN%C3%81RIO_CAMPO_COMPRIDO-Curitiba-942-9628-531689-0,-1.0,-25.468913,-49.20797,,False,5,2,2023-06-19T11:10:24.349288+00:00
CUR_KE700,Curitiba,4106902,0,URBS,503,https://moovitapp.com/index/pt-br/transporte_p%C3%BAblico-line-503_BOQUEIR%C3%83O-Curitiba-942-9628-294244-0,-1.0,-25.485245,-49.245493,,False,5,2,2023-06-19T11:09:24.349288+00:00
CUR_KE702,Curitiba,4106902,0,URBS,503,https://moovitapp.com/index/pt-br/transporte_p%C3%BAblico-line-503_BOQUEIR%C3%83O-Curitiba-942-9628-294244-0,-1.0,-25.456071,-49.259731,,False,5,2,2023-06-19T11:12:24.349288+00:00
CUR_GE613,Curitiba,4106902,0,URBS,503,https://moovitapp.com/index/pt-br/transporte_p%C3%BAblico-line-503_BOQUEIR%C3%83O-Curitiba-942-9628-294244-0,-1.0,-25.437938,-49.267431,,False,4,1,2023-06-19T11:07:24.349288+00:00
CUR_KE703,Curitiba,4106902,0,URBS,503,https://moovitapp.com/index/pt-br/transporte_p%C3%BAblico-line-503_BOQUEIR%C3%83O-Curitiba-942-9628-294244-0,-1.0,-25.436968,-49.267681,,False,5,1,2023-06-19T11:12:24.349288+00:00
CUR_GE614,Curitiba,4106902,0,URBS,503,https://moovitapp.com/index/pt-br/transporte_p%C3%BAblico-line-503_BOQUEIR%C3%83O-Curitiba-942-9628-294244-0,-1.0,-25.451316,-49.261973,,False,4,1,2023-06-19T11:12:24.349288+00:00
CUR_KE845,Curitiba,4106902,0,URBS,503,https://moovitapp.com/index/pt-br/transporte_p%C3%BAblico-line-503_BOQUEIR%C3%83O-Curitiba-942-9628-294244-0,-1.0,-25.481438,-49.247108,,False,5,1,2023-06-19T11:12:24.349288+00:00
CUR_KE705,Curitiba,4106902,0,URBS,503,https://moovitapp.com/index/pt-br/transporte_p%C3%BAblico-line-503_BOQUEIR%C3%83O-Curitiba-942-9628-294244-0,-1.0,-25.509426,-49.23359,,False,5,2,2023-06-19T11:11:24.349288+00:00
CUR_GE609,Curitiba,4106902,0,URBS,503,https://moovitapp.com/index/pt-br/transporte_p%C3%BAblico-line-503_BOQUEIR%C3%83O-Curitiba-942-9628-294244-0,-1.0,-25.498663,-49.238923,,False,4,2,2023-06-19T11:12:24.349288+00:00
CUR_BA017,Curitiba,4106902,1,,822,,,-25.437683,-49.347848,,False,1,2,2023-06-19T11:12:24.349288+00:00
CUR_BA011,Curitiba,4106902,1,,822,,,-25.43783,-49.363008,,False,1,1,2023-06-19T11:10:24.349288+00:00
CUR_HI042,Curitiba,4106902,1,,654,,,-25.497768,-49.310426,,False,1,2,2023-06-19T11:12:24.349288+00:00
CUR_HI041,Curitiba,4106902,1,,654,,,-25.500796,-49.322666,,False,1,1,2023-06-19T11:08:24.349288+00:00
CUR_HA194,Curitiba,4106902,1,,654,,,-25.511716,-49.324713,,False,1,1,2023-06-19T11:10:24.349288+00:00
CUR_HA015,Curitiba,4106902,1,,654,,,-25.494645,-49.310075,,False,1,1,2023-06-19T11:04:24.349288+00:00
CUR_BI869,Curitiba,4106902,1,,260,,,-25.38276,-49.26175,,False,7,1,2023-06-19T11:11:24.349288+00:00
CUR_GI854,Curitiba,4106902,1,,662,,,-25.444896,-49.269481,,False,7,1,2023-06-19T11:12:24.349288+00:00
CUR_GI852,Curitiba,4106902,1,,662,,,-25.478576,-49.283873,,False,7,2,2023-06-19T11:09:24.349288+00:00
CUR_BI871,Curitiba,4106902,1,,272,,,-25.415138,-49.26367,,False,7,1,2023-06-19T11:13:24.349288+00:00
CUR_BI875,Curitiba,4106902,1,,272,,,-25.370473,-49.247925,,False,7,1,2023-06-19T11:10:24.349288+00:00
CUR_BI885,Curitiba,4106902,1,,272,,,-25.409165,-49.256791,,False,7,2,2023-06-19T11:12:24.349288+00:00
CUR_BI011,Curitiba,4106902,1,,236,,,-25.355225,-49.248118,,False,1,1,2023-06-19T11:07:24.349288+00:00
CUR_BI003,Curitiba,4106902,1,,236,,,-25.380485,-49.228645,,False,1,2,2023-06-19T11:04:24.349288+00:00
CUR_EA602,Curitiba,4106902,1,,528,,,-25.5122,-49.29481,,False,4,1,2023-06-19T11:10:24.349288+00:00
CUR_GI601,Curitiba,4106902,1,,528,,,-25.517535,-49.230498,,False,4,2,2023-06-19T11:10:24.349288+00:00
CUR_EA012,Curitiba,4106902,1,,528,,,-25.541388,-49.294443,,False,1,1,2023-06-19T11:06:24.349288+00:00
CUR_GI047,Curitiba,4106902,1,,528,,,-25.538885,-49.25514,,False,1,2,2023-06-19T11:11:24.349288+00:00
CUR_EA601,Curitiba,4106902,1,,528,,,-25.567576,-49.281635,,False,4,1,2023-06-19T11:11:24.349288+00:00
CUR_EA699,Curitiba,4106902,1,,528,,,-25.550873,-49.292745,,False,4,2,2023-06-19T11:11:24.349288+00:00
CUR_EA698,Curitiba,4106902,1,,528,,,-25.5356,-49.251868,,False,4,1,2023-06-19T11:10:24.349288+00:00
CUR_GA600,Curitiba,4106902,1,,528,,,-25.548316,-49.293306,,False,4,1,2023-06-19T11:12:24.349288+00:00
CUR_HI046,Curitiba,4106902,1,,828,,,-25.460978,-49.328501,,False,1,2,2023-06-19T11:04:24.349288+00:00
CUR_JI020,Curitiba,4106902,1,,828,,,-25.461321,-49.343868,,False,1,2,2023-06-19T11:10:24.349288+00:00
CUR_HA192,Curitiba,4106902,1,,828,,,-25.492598,-49.308651,,False,1,1,2023-06-19T11:10:24.349288+00:00
CUR_HA312,Curitiba,4106902,1,,828,,,-25.460098,-49.340865,,False,3,2,2023-06-19T11:06:24.349288+00:00
CUR_HI008,Curitiba,4106902,1,,828,,,-25.486533,-49.319671,,False,1,2,2023-06-19T11:07:24.349288+00:00
CUR_BI879,Curitiba,4106902,1,Auto Viação São José,213,https://moovitapp.com/index/pt-br/transporte_p%C3%BAblico-line-213_PIT_PRA%C3%87A_DA_JUVENTUDE_CRISTAL_BLANCO_POMBO_HOR%C3%81RIO-Curitiba-942-857412-119631272-0,-1.0,-25.397978,-49.234921,,False,7,1,2023-06-19T11:11:24.349288+00:00
CUR_BI882,Curitiba,4106902,1,Auto Viação São José,213,https://moovitapp.com/index/pt-br/transporte_p%C3%BAblico-line-213_PIT_PRA%C3%87A_DA_JUVENTUDE_CRISTAL_BLANCO_POMBO_HOR%C3%81RIO-Curitiba-942-857412-119631272-0,-1.0,-25.395781,-49.231443,,False,7,2,2023-06-19T11:12:24.349288+00:00
CUR_GI038,Curitiba,4106902,1,,633,,,-25.512301,-49.294823,,False,1,1,2023-06-19T11:09:24.349288+00:00
CUR_GC018,Curitiba,4106902,1,,633,,,-25.52021,-49.274288,,False,1,1,2023-06-19T11:10:24.349288+00:00
CUR_GI039,Curitiba,4106902,1,,633,,,-25.533515,-49.266613,,False,1,2,2023-06-19T11:11:24.349288+00:00
CUR_KA600,Curitiba,4106902,1,,545,,,-25.517966,-49.230801,,False,4,1,2023-06-19T11:11:24.349288+00:00
CUR_GI600,Curitiba,4106902,1,,545,,,-25.497903,-49.335081,,False,4,2,2023-06-19T11:11:24.349288+00:00
CUR_GI603,Curitiba,4106902,1,,545,,,-25.5123,-49.331791,,False,4,2,2023-06-19T11:12:24.349288+00:00
CUR_KA602,Curitiba,4106902,1,,545,,,-25.536206,-49.301411,,False,4,2,2023-06-19T11:11:24.349288+00:00
CUR_JI600,Curitiba,4106902,1,,545,,,-25.534391,-49.268438,,False,4,1,2023-06-19T11:11:24.349288+00:00
CUR_JI602,Curitiba,4106902,1,,545,,,-25.532083,-49.297578,,False,4,1,2023-06-19T11:12:24.349288+00:00
CUR_KA692,Curitiba,4106902,1,,545,,,-25.531771,-49.259893,,False,4,2,2023-06-19T11:07:24.349288+00:00
CUR_KA601,Curitiba,4106902,1,,545,,,-25.515158,-49.328498,,False,4,1,2023-06-19T11:11:24.349288+00:00
CUR_BL605,Curitiba,4106902,0,URBS,022,https://moovitapp.com/index/pt-br/transporte_p%C3%BAblico-line-022_INTER_2_HOR%C3%81RIO-Curitiba-942-9628-381388-0,-1.0,-25.431795,-49.293321,,False,4,,2023-06-19T11:11:24.349288+00:00
CUR_BL337,Curitiba,4106902,0,URBS,022,https://moovitapp.com/index/pt-br/transporte_p%C3%BAblico-line-022_INTER_2_HOR%C3%81RIO-Curitiba-942-9628-381388-0,-1.0,-25.428941,-49.22503,,False,3,,2023-06-19T11:12:24.349288+00:00
CUR_ML312,Curitiba,4106902,0,URBS,022,https://moovitapp.com/index/pt-br/transporte_p%C3%BAblico-line-022_INTER_2_HOR%C3%81RIO-Curitiba-942-9628-381388-0,-1.0,-25.423435,-49.2906,,False,3,,2023-06-19T11:11:24.349288+00:00
CUR_EL601,Curitiba,4106902,0,URBS,022,https://moovitapp.com/index/pt-br/transporte_p%C3%BAblico-line-022_INTER_2_HOR%C3%81RIO-Curitiba-942-9628-381388-0,-1.0,-25.407068,-49.252401,,False,4,,2023-06-19T11:12:24.349288+00:00
CUR_JL305,Curitiba,4106902,0,URBS,022,https://moovitapp.com/index/pt-br/transporte_p%C3%BAblico-line-022_INTER_2_HOR%C3%81RIO-Curitiba-942-9628-381388-0,-1.0,-25.476161,-49.292235,,False,3,,2023-06-19T11:10:24.349288+00:00
CUR_BL320,Curitiba,4106902,0,URBS,022,https://moovitapp.com/index/pt-br/transporte_p%C3%BAblico-line-022_INTER_2_HOR%C3%81RIO-Curitiba-942-9628-381388-0,-1.0,-25.447961,-49.226058,,False,3,,2023-06-19T11:12:24.349288+00:00
CUR_BL300,Curitiba,4106902,0,URBS,022,https://moovitapp.com/index/pt-br/transporte_p%C3%BAblico-line-022_INTER_2_HOR%C3%81RIO-Curitiba-942-9628-381388-0,-1.0,-25.471526,-49.237451,,False,3,,2023-06-19T11:08:24.349288+00:00
CUR_DL301,Curitiba,4106902,0,URBS,022,https://moovitapp.com/index/pt-br/transporte_p%C3%BAblico-line-022_INTER_2_HOR%C3%81RIO-Curitiba-942-9628-381388-0,-1.0,-25.422503,-49.291295,,False,3,,2023-06-19T11:12:24.349288+00:00
CUR_CL698,Curitiba,4106902,0,URBS,022,https://moovitapp.com/index/pt-br/transporte_p%C3%BAblico-line-022_INTER_2_HOR%C3%81RIO-Curitiba-942-9628-381388-0,-1.0,-25.474588,-49.290725,,False,4,,2023-06-19T11:11:24.349288+00:00
CUR_BL607,Curitiba,4106902,0,URBS,022,https://moovitapp.com/index/pt-br/transporte_p%C3%BAblico-line-022_INTER_2_HOR%C3%81RIO-Curitiba-942-9628-381388-0,-1.0,-25.478176,-49.24397,,False,4,,2023-06-19T11:12:24.349288+00:00
CUR_BL610,Curitiba,4106902,0,URBS,022,https://moovitapp.com/index/pt-br/transporte_p%C3%BAblico-line-022_INTER_2_HOR%C3%81RIO-Curitiba-942-9628-381388-0,-1.0,-25.434166,-49.212863,,False,4,,2023-06-19T11:10:24.349288+00:00
CUR_DR805,Curitiba,4106902,0,URBS,022,https://moovitapp.com/index/pt-br/transporte_p%C3%BAblico-line-022_INTER_2_HOR%C3%81RIO-Curitiba-942-9628-381388-0,-1.0,-25.458051,-49.302498,,False,4,,2023-06-19T11:11:24.349288+00:00
CUR_BL334,Curitiba,4106902,0,URBS,022,https://moovitapp.com/index/pt-br/transporte_p%C3%BAblico-line-022_INTER_2_HOR%C3%81RIO-Curitiba-942-9628-381388-0,-1.0,-25.439496,-49.222381,,False,3,,2023-06-19T11:12:24.349288+00:00
CUR_JL310,Curitiba,4106902,0,URBS,022,https://moovitapp.com/index/pt-br/transporte_p%C3%BAblico-line-022_INTER_2_HOR%C3%81RIO-Curitiba-942-9628-381388-0,-1.0,-25.457771,-49.302585,,False,3,,2023-06-19T11:11:24.349288+00:00
CUR_BL600,Curitiba,4106902,0,URBS,022,https://moovitapp.com/index/pt-br/transporte_p%C3%BAblico-line-022_INTER_2_HOR%C3%81RIO-Curitiba-942-9628-381388-0,-1.0,-25.47182,-49.23758,,False,4,,2023-06-19T11:08:24.349288+00:00
CUR_DL316,Curitiba,4106902,0,URBS,022,https://moovitapp.com/index/pt-br/transporte_p%C3%BAblico-line-022_INTER_2_HOR%C3%81RIO-Curitiba-942-9628-381388-0,-1.0,-25.436346,-49.307813,,False,3,,2023-06-19T11:11:24.349288+00:00
CUR_JL603,Curitiba,4106902,0,URBS,022,https://moovitapp.com/index/pt-br/transporte_p%C3%BAblico-line-022_INTER_2_HOR%C3%81RIO-Curitiba-942-9628-381388-0,-1.0,-25.469088,-49.290166,,False,4,,2023-06-19T11:06:24.349288+00:00
CUR_BL326,Curitiba,4106902,0,URBS,022,https://moovitapp.com/index/pt-br/transporte_p%C3%BAblico-line-022_INTER_2_HOR%C3%81RIO-Curitiba-942-9628-381388-0,-1.0,-25.416613,-49.27918,,False,3,,2023-06-19T11:11:24.349288+00:00
CUR_GL601,Curitiba,4106902,0,URBS,022,https://moovitapp.com/index/pt-br/transporte_p%C3%BAblico-line-022_INTER_2_HOR%C3%81RIO-Curitiba-942-9628-381388-0,-1.0,-25.492073,-49.258646,,False,4,,2023-06-19T11:07:24.349288+00:00
CUR_HL494,Curitiba,4106902,1,URBS,022,https://moovitapp.com/index/pt-br/transporte_p%C3%BAblico-line-022_INTER_2_HOR%C3%81RIO-Curitiba-942-9628-381388-0,-1.0,-25.407603,-49.250845,,False,3,,2023-06-19T11:09:24.349288+00:00
CUR_HL601,Curitiba,4106902,0,URBS,022,https://moovitapp.com/index/pt-br/transporte_p%C3%BAblico-line-022_INTER_2_HOR%C3%81RIO-Curitiba-942-9628-381388-0,-1.0,-25.423218,-49.290573,,False,4,,2023-06-19T11:11:24.349288+00:00
CUR_CR804,Curitiba,4106902,0,URBS,022,https://moovitapp.com/index/pt-br/transporte_p%C3%BAblico-line-022_INTER_2_HOR%C3%81RIO-Curitiba-942-9628-381388-0,-1.0,-25.406785,-49.252285,,False,4,,2023-06-19T11:04:24.349288+00:00
CUR_CL601,Curitiba,4106902,0,URBS,022,https://moovitapp.com/index/pt-br/transporte_p%C3%BAblico-line-022_INTER_2_HOR%C3%81RIO-Curitiba-942-9628-381388-0,-1.0,-25.457843,-49.232286,,False,4,,2023-06-19T11:11:24.349288+00:00
CUR_EL075,Curitiba,4106902,0,URBS,022,https://moovitapp.com/index/pt-br/transporte_p%C3%BAblico-line-022_INTER_2_HOR%C3%81RIO-Curitiba-942-9628-381388-0,-1.0,-25.432208,-49.294561,,False,3,,2023-06-19T11:12:24.349288+00:00
CUR_EL600,Curitiba,4106902,0,URBS,022,https://moovitapp.com/index/pt-br/transporte_p%C3%BAblico-line-022_INTER_2_HOR%C3%81RIO-Curitiba-942-9628-381388-0,-1.0,-25.475166,-49.292211,,False,4,,2023-06-19T11:11:24.349288+00:00
CUR_BL601,Curitiba,4106902,0,URBS,022,https://moovitapp.com/index/pt-br/transporte_p%C3%BAblico-line-022_INTER_2_HOR%C3%81RIO-Curitiba-942-9628-381388-0,-1.0,-25.43462,-49.213685,,False,4,,2023-06-19T11:12:24.349288+00:00
CUR_BL602,Curitiba,4106902,0,URBS,022,https://moovitapp.com/index/pt-br/transporte_p%C3%BAblico-line-022_INTER_2_HOR%C3%81RIO-Curitiba-942-9628-381388-0,-1.0,-25.439815,-49.222371,,False,4,,2023-06-19T11:10:24.349288+00:00
CUR_CL602,Curitiba,4106902,0,URBS,022,https://moovitapp.com/index/pt-br/transporte_p%C3%BAblico-line-022_INTER_2_HOR%C3%81RIO-Curitiba-942-9628-381388-0,-1.0,-25.417903,-49.268488,,False,4,,2023-06-19T11:12:24.349288+00:00
CUR_DL311,Curitiba,4106902,0,URBS,022,https://moovitapp.com/index/pt-br/transporte_p%C3%BAblico-line-022_INTER_2_HOR%C3%81RIO-Curitiba-942-9628-381388-0,-1.0,-25.416961,-49.276943,,False,3,,2023-06-19T11:09:24.349288+00:00
CUR_BL311,Curitiba,4106902,0,URBS,022,https://moovitapp.com/index/pt-br/transporte_p%C3%BAblico-line-022_INTER_2_HOR%C3%81RIO-Curitiba-942-9628-381388-0,-1.0,-25.447545,-49.304698,,False,3,,2023-06-19T11:12:24.349288+00:00
CUR_JA037,Curitiba,4106902,1,,860,,,-25.45041,-49.351096,,False,1,2,2023-06-19T11:13:24.349288+00:00
CUR_JA036,Curitiba,4106902,1,,860,,,-25.449665,-49.313256,,False,1,2,2023-06-19T11:11:24.349288+00:00
CUR_JI018,Curitiba,4106902,1,,860,,,-25.436758,-49.274425,,False,1,1,2023-06-19T11:09:24.349288+00:00
CUR_JA033,Curitiba,4106902,1,,860,,,-25.441911,-49.28631,,False,1,1,2023-06-19T11:11:24.349288+00:00
CUR_JC011,Curitiba,4106902,1,,860,,,-25.449568,-49.366965,,False,1,1,2023-06-19T11:01:24.349288+00:00
CUR_BC301,Curitiba,4106902,1,,205,,,-25.419606,-49.269031,,False,3,2,2023-06-19T11:12:24.349288+00:00
CUR_BC302,Curitiba,4106902,1,,205,,,-25.377296,-49.262321,,False,3,1,2023-06-19T11:12:24.349288+00:00
CUR_BC308,Curitiba,4106902,1,,205,,,-25.426635,-49.270653,,False,3,2,2023-06-19T11:12:24.349288+00:00
CUR_BC280,Curitiba,4106902,1,,205,,,-25.380435,-49.261521,,False,1,1,2023-06-19T11:08:24.349288+00:00
CUR_BC307,Curitiba,4106902,1,,205,,,-25.41348,-49.25662,,False,3,2,2023-06-19T11:11:24.349288+00:00
CUR_GA002,Curitiba,4106902,1,,631,,,-25.51352,-49.295141,,False,1,,2023-06-19T11:12:24.349288+00:00
CUR_GI027,Curitiba,4106902,1,,631,,,-25.522331,-49.29239,,False,1,,2023-06-19T11:11:24.349288+00:00
CUR_BI857,Curitiba,4106902,1,,311,,,-25.439798,-49.222098,,False,7,2,2023-06-19T11:11:24.349288+00:00
CUR_EI002,Curitiba,4106902,1,,523,,,-25.508323,-49.217138,,False,1,1,2023-06-19T11:12:24.349288+00:00
CUR_HI043,Curitiba,4106902,1,,630,,,-25.546581,-49.341056,,False,1,1,2023-06-19T11:11:24.349288+00:00
CUR_HI032,Curitiba,4106902,1,,630,,,-25.54207,-49.302635,,False,1,1,2023-06-19T11:11:24.349288+00:00
CUR_HA016,Curitiba,4106902,1,,630,,,-25.513891,-49.294325,,False,1,1,2023-06-19T11:02:24.349288+00:00
CUR_HI027,Curitiba,4106902,1,,630,,,-25.51352,-49.29495,,False,1,2,2023-06-19T11:12:24.349288+00:00
CUR_BB308,Curitiba,4106902,1,,011,,,-25.42383,-49.291076,,False,10,,2023-06-19T11:11:24.349288+00:00
CUR_BB305,Curitiba,4106902,1,,011,,,-25.450385,-49.256233,,False,10,,2023-06-19T11:09:24.349288+00:00
CUR_BB309,Curitiba,4106902,1,,011,,,-25.423995,-49.253266,,False,10,,2023-06-19T11:07:24.349288+00:00
CUR_HC304,Curitiba,4106902,1,,380,,,-25.432711,-49.272755,,False,10,2,2023-06-19T11:09:24.349288+00:00
CUR_CC301,Curitiba,4106902,1,,380,,,-25.427596,-49.264866,,False,10,2,2023-06-19T11:08:24.349288+00:00
CUR_CI006,Curitiba,4106902,1,,380,,,-25.441666,-49.298176,,False,1,1,2023-06-19T11:12:24.349288+00:00
CUR_CC302,Curitiba,4106902,1,,380,,,-25.429901,-49.214746,,False,10,2,2023-06-19T11:12:24.349288+00:00
CUR_BI008,Curitiba,4106902,1,,374,,,-25.407451,-49.208615,,False,1,1,2023-06-19T11:07:24.349288+00:00
CUR_BI001,Curitiba,4106902,1,,374,,,-25.41746,-49.24664,,False,1,1,2023-06-19T11:10:24.349288+00:00
CUR_BI005,Curitiba,4106902,1,,374,,,-25.42828,-49.264233,,False,1,2,2023-06-19T11:12:24.349288+00:00
CUR_BI029,Curitiba,4106902,1,,827,,,-25.449026,-49.36283,,False,1,2,2023-06-19T11:11:24.349288+00:00
CUR_GC006,Curitiba,4106902,1,,513,,,-25.50295,-49.256713,,False,1,2,2023-06-19T11:11:24.349288+00:00
CUR_DA292,Curitiba,4106902,1,,513,,,-25.514571,-49.232415,,False,1,1,2023-06-19T11:11:24.349288+00:00
CUR_DC085,Curitiba,4106902,1,,513,,,-25.484988,-49.25203,,False,1,2,2023-06-19T11:12:24.349288+00:00
CUR_GI013,Curitiba,4106902,1,,513,,,-25.50245,-49.256903,,False,1,2,2023-06-19T11:11:24.349288+00:00
CUR_BL338,Curitiba,4106902,0,URBS,505,https://moovitapp.com/index/pt-br/transporte_p%C3%BAblico-line-505_BOQUEIR%C3%83O_CENTRO_C%C3%8DVICO-Curitiba-942-9628-531685-0,-1.0,-25.476585,-49.249726,,False,3,1,2023-06-19T11:12:24.349288+00:00
CUR_EL331,Curitiba,4106902,1,URBS,505,https://moovitapp.com/index/pt-br/transporte_p%C3%BAblico-line-505_BOQUEIR%C3%83O_CENTRO_C%C3%8DVICO-Curitiba-942-9628-531685-0,-1.0,-25.476736,-49.249603,,False,3,2,2023-06-19T11:10:24.349288+00:00
CUR_EL320,Curitiba,4106902,1,URBS,505,https://moovitapp.com/index/pt-br/transporte_p%C3%BAblico-line-505_BOQUEIR%C3%83O_CENTRO_C%C3%8DVICO-Curitiba-942-9628-531685-0,-1.0,-25.410748,-49.266128,,False,3,1,2023-06-19T11:08:24.349288+00:00
CUR_BL302,Curitiba,4106902,0,URBS,505,https://moovitapp.com/index/pt-br/transporte_p%C3%BAblico-line-505_BOQUEIR%C3%83O_CENTRO_C%C3%8DVICO-Curitiba-942-9628-531685-0,-1.0,-25.429083,-49.263225,,False,3,2,2023-06-19T11:12:24.349288+00:00
CUR_EL333,Curitiba,4106902,1,URBS,505,https://moovitapp.com/index/pt-br/transporte_p%C3%BAblico-line-505_BOQUEIR%C3%83O_CENTRO_C%C3%8DVICO-Curitiba-942-9628-531685-0,-1.0,-25.410938,-49.263903,,False,3,1,2023-06-19T11:12:24.349288+00:00
CUR_BL310,Curitiba,4106902,0,URBS,505,https://moovitapp.com/index/pt-br/transporte_p%C3%BAblico-line-505_BOQUEIR%C3%83O_CENTRO_C%C3%8DVICO-Curitiba-942-9628-531685-0,-1.0,-25.479871,-49.246776,,False,3,2,2023-06-19T11:12:24.349288+00:00
CUR_EL321,Curitiba,4106902,1,URBS,505,https://moovitapp.com/index/pt-br/transporte_p%C3%BAblico-line-505_BOQUEIR%C3%83O_CENTRO_C%C3%8DVICO-Curitiba-942-9628-531685-0,-1.0,-25.42126,-49.268253,,False,3,1,2023-06-19T11:12:24.349288+00:00
CUR_BL322,Curitiba,4106902,0,URBS,505,https://moovitapp.com/index/pt-br/transporte_p%C3%BAblico-line-505_BOQUEIR%C3%83O_CENTRO_C%C3%8DVICO-Curitiba-942-9628-531685-0,-1.0,-25.463281,-49.254023,,False,3,2,2023-06-19T11:12:24.349288+00:00
CUR_EL317,Curitiba,4106902,0,URBS,505,https://moovitapp.com/index/pt-br/transporte_p%C3%BAblico-line-505_BOQUEIR%C3%83O_CENTRO_C%C3%8DVICO-Curitiba-942-9628-531685-0,-1.0,-25.440551,-49.2602,,False,3,1,2023-06-19T11:12:24.349288+00:00
CUR_BL315,Curitiba,4106902,0,URBS,505,https://moovitapp.com/index/pt-br/transporte_p%C3%BAblico-line-505_BOQUEIR%C3%83O_CENTRO_C%C3%8DVICO-Curitiba-942-9628-531685-0,-1.0,-25.434873,-49.26287,,False,3,1,2023-06-19T11:12:24.349288+00:00
CUR_BL333,Curitiba,4106902,0,URBS,505,https://moovitapp.com/index/pt-br/transporte_p%C3%BAblico-line-505_BOQUEIR%C3%83O_CENTRO_C%C3%8DVICO-Curitiba-942-9628-531685-0,-1.0,-25.496816,-49.239781,,False,3,2,2023-06-19T11:12:24.349288+00:00
CUR_EL322,Curitiba,4106902,1,URBS,505,https://moovitapp.com/index/pt-br/transporte_p%C3%BAblico-line-505_BOQUEIR%C3%83O_CENTRO_C%C3%8DVICO-Curitiba-942-9628-531685-0,-1.0,-25.509461,-49.233621,,False,3,2,2023-06-19T11:11:24.349288+00:00
CUR_EL306,Curitiba,4106902,0,URBS,505,https://moovitapp.com/index/pt-br/transporte_p%C3%BAblico-line-505_BOQUEIR%C3%83O_CENTRO_C%C3%8DVICO-Curitiba-942-9628-531685-0,-1.0,-25.447568,-49.258403,,False,3,2,2023-06-19T11:11:24.349288+00:00
CUR_EL324,Curitiba,4106902,1,URBS,505,https://moovitapp.com/index/pt-br/transporte_p%C3%BAblico-line-505_BOQUEIR%C3%83O_CENTRO_C%C3%8DVICO-Curitiba-942-9628-531685-0,-1.0,-25.421043,-49.269463,,False,3,1,2023-06-19T11:12:24.349288+00:00
CUR_HC300,Curitiba,4106902,1,,863,,,-25.441543,-49.271058,,False,10,2,2023-06-19T11:12:24.349288+00:00
CUR_HC011,Curitiba,4106902,1,,863,,,-25.447258,-49.272058,,False,1,2,2023-06-19T11:12:24.349288+00:00
CUR_BC018,Curitiba,4106902,1,,375,,,-25.427543,-49.236876,,False,1,2,2023-06-19T11:12:24.349288+00:00
CUR_BA002,Curitiba,4106902,1,,375,,,-25.416373,-49.209673,,False,1,1,2023-06-19T11:12:24.349288+00:00
CUR_EA021,Curitiba,4106902,1,,521,,,-25.502071,-49.245346,,False,1,1,2023-06-19T11:12:24.349288+00:00
CUR_MA949,Curitiba,4106902,1,,967,,,-25.411826,-49.303283,,False,7,2,2023-06-19T11:12:24.349288+00:00
CUR_MI853,Curitiba,4106902,1,,967,,,-25.426396,-49.279461,,False,7,1,2023-06-19T11:10:24.349288+00:00
CUR_HI611,Curitiba,4106902,1,,684,,,-25.593108,-49.340165,,False,4,1,2023-06-19T11:08:24.349288+00:00
CUR_HR407,Curitiba,4106902,1,,684,,,-25.523295,-49.292988,,False,4,1,2023-06-19T11:07:24.349288+00:00
CUR_HR408,Curitiba,4106902,1,,684,,,-25.549913,-49.304361,,False,4,2,2023-06-19T11:07:24.349288+00:00
CUR_HI613,Curitiba,4106902,1,,684,,,-25.572788,-49.326903,,False,4,2,2023-06-19T11:10:24.349288+00:00
CUR_HA619,Curitiba,4106902,1,,684,,,-25.526548,-49.29795,,False,4,1,2023-06-19T11:12:24.349288+00:00
CUR_HA618,Curitiba,4106902,1,,684,,,-25.525901,-49.296888,,False,4,2,2023-06-19T11:11:24.349288+00:00
CUR_HA613,Curitiba,4106902,1,,684,,,-25.546803,-49.304025,,False,4,1,2023-06-19T11:11:24.349288+00:00
CUR_BI891,Curitiba,4106902,1,,244,,,-25.354043,-49.243166,,False,7,1,2023-06-19T11:01:24.349288+00:00
CUR_ML302,Curitiba,4106902,0,URBS,307,https://moovitapp.com/index/pt-br/transporte_p%C3%BAblico-line-307_BAIRRO_ALTO_SANTA_FELICIDADE-Curitiba-942-9628-1323712-0,-1.0,-25.427451,-49.238415,,False,3,2,2023-06-19T11:11:24.349288+00:00
CUR_ML313,Curitiba,4106902,0,URBS,307,https://moovitapp.com/index/pt-br/transporte_p%C3%BAblico-line-307_BAIRRO_ALTO_SANTA_FELICIDADE-Curitiba-942-9628-1323712-0,-1.0,-25.42462,-49.257391,,False,3,2,2023-06-19T11:11:24.349288+00:00
CUR_CL303,Curitiba,4106902,0,URBS,307,https://moovitapp.com/index/pt-br/transporte_p%C3%BAblico-line-307_BAIRRO_ALTO_SANTA_FELICIDADE-Curitiba-942-9628-1323712-0,-1.0,-25.428558,-49.264793,,False,3,1,2023-06-19T11:11:24.349288+00:00
CUR_BL325,Curitiba,4106902,0,URBS,307,https://moovitapp.com/index/pt-br/transporte_p%C3%BAblico-line-307_BAIRRO_ALTO_SANTA_FELICIDADE-Curitiba-942-9628-1323712-0,-1.0,-25.422436,-49.28871,,False,3,1,2023-06-19T11:12:24.349288+00:00
CUR_CL039,Curitiba,4106902,0,URBS,307,https://moovitapp.com/index/pt-br/transporte_p%C3%BAblico-line-307_BAIRRO_ALTO_SANTA_FELICIDADE-Curitiba-942-9628-1323712-0,-1.0,-25.425288,-49.24248,,False,3,1,2023-06-19T11:12:24.349288+00:00
CUR_ML308,Curitiba,4106902,0,URBS,307,https://moovitapp.com/index/pt-br/transporte_p%C3%BAblico-line-307_BAIRRO_ALTO_SANTA_FELICIDADE-Curitiba-942-9628-1323712-0,-1.0,-25.418655,-49.29352,,False,3,1,2023-06-19T11:11:24.349288+00:00
CUR_CL302,Curitiba,4106902,0,URBS,307,https://moovitapp.com/index/pt-br/transporte_p%C3%BAblico-line-307_BAIRRO_ALTO_SANTA_FELICIDADE-Curitiba-942-9628-1323712-0,-1.0,-25.430293,-49.211271,,False,3,2,2023-06-19T11:12:24.349288+00:00
CUR_CL306,Curitiba,4106902,0,URBS,307,https://moovitapp.com/index/pt-br/transporte_p%C3%BAblico-line-307_BAIRRO_ALTO_SANTA_FELICIDADE-Curitiba-942-9628-1323712-0,-1.0,-25.413253,-49.205798,,False,3,2,2023-06-19T11:09:24.349288+00:00
CUR_ML307,Curitiba,4106902,0,URBS,307,https://moovitapp.com/index/pt-br/transporte_p%C3%BAblico-line-307_BAIRRO_ALTO_SANTA_FELICIDADE-Curitiba-942-9628-1323712-0,-1.0,-25.401251,-49.329693,,False,3,1,2023-06-19T11:12:24.349288+00:00
CUR_BL328,Curitiba,4106902,0,URBS,307,https://moovitapp.com/index/pt-br/transporte_p%C3%BAblico-line-307_BAIRRO_ALTO_SANTA_FELICIDADE-Curitiba-942-9628-1323712-0,-1.0,-25.4307,-49.280486,,False,3,2,2023-06-19T11:10:24.349288+00:00
CUR_EI016,Curitiba,4106902,1,,532,,,-25.534965,-49.236415,,False,1,2,2023-06-19T11:12:24.349288+00:00
CUR_EA199,Curitiba,4106902,1,,532,,,-25.517618,-49.230488,,False,1,1,2023-06-19T11:07:24.349288+00:00
CUR_EA023,Curitiba,4106902,1,,532,,,-25.517796,-49.230361,,False,1,2,2023-06-19T11:12:24.349288+00:00
CUR_EA016,Curitiba,4106902,1,,532,,,-25.525325,-49.237393,,False,1,1,2023-06-19T11:12:24.349288+00:00
CUR_HI025,Curitiba,4106902,1,,655,,,-25.568261,-49.321086,,False,1,1,2023-06-19T11:12:24.349288+00:00
CUR_HA005,Curitiba,4106902,1,,655,,,-25.52113,-49.293976,,False,1,2,2023-06-19T11:11:24.349288+00:00
CUR_BI012,Curitiba,4106902,1,,342,,,-25.409076,-49.201356,,False,1,1,2023-06-19T11:11:24.349288+00:00
CUR_BI010,Curitiba,4106902,1,,342,,,-25.387113,-49.216153,,False,1,2,2023-06-19T11:11:24.349288+00:00
CUR_BA034,Curitiba,4106902,1,,342,,,-25.387346,-49.21525,,False,1,1,2023-06-19T11:11:24.349288+00:00
CUR_BI018,Curitiba,4106902,1,,232,,,-25.352603,-49.231158,,False,1,2,2023-06-19T11:05:24.349288+00:00
CUR_BA028,Curitiba,4106902,1,,232,,,-25.36358,-49.229411,,False,1,1,2023-06-19T11:09:24.349288+00:00
CUR_BI017,Curitiba,4106902,1,,232,,,-25.37416,-49.223645,,False,1,1,2023-06-19T11:06:24.349288+00:00
CUR_BI006,Curitiba,4106902,1,,232,,,-25.377255,-49.224683,,False,1,1,2023-06-19T11:08:24.349288+00:00
CUR_DA298,Curitiba,4106902,1,,332,,,-25.467761,-49.199063,,False,1,,2023-06-19T11:12:24.349288+00:00
CUR_DA296,Curitiba,4106902,1,,332,,,-25.479585,-49.19461,,False,1,,2023-06-19T11:12:24.349288+00:00
CUR_EA077,Curitiba,4106902,1,,332,,,-25.468873,-49.208228,,False,1,,2023-06-19T11:08:24.349288+00:00
CUR_HI034,Curitiba,4106902,1,,628,,,-25.509775,-49.322851,,False,1,2,2023-06-19T11:12:24.349288+00:00
CUR_HI044,Curitiba,4106902,1,,628,,,-25.546235,-49.343566,,False,1,2,2023-06-19T11:11:24.349288+00:00
CUR_HI002,Curitiba,4106902,1,,628,,,-25.494266,-49.301935,,False,1,1,2023-06-19T11:12:24.349288+00:00
CUR_HI001,Curitiba,4106902,1,,628,,,-25.532675,-49.31987,,False,1,1,2023-06-19T11:13:24.349288+00:00
CUR_JL315,Curitiba,4106902,0,URBS,702,https://moovitapp.com/index/pt-br/transporte_p%C3%BAblico-line-702_CAIU%C3%81_CACHOEIRA-Curitiba-942-9628-133282980-0,-1.0,-25.367061,-49.259846,,False,3,1,2023-06-19T11:11:24.349288+00:00
CUR_JL319,Curitiba,4106902,0,URBS,702,https://moovitapp.com/index/pt-br/transporte_p%C3%BAblico-line-702_CAIU%C3%81_CACHOEIRA-Curitiba-942-9628-133282980-0,-1.0,-25.477156,-49.335241,,False,3,2,2023-06-19T11:12:24.349288+00:00
CUR_JL322,Curitiba,4106902,1,URBS,702,https://moovitapp.com/index/pt-br/transporte_p%C3%BAblico-line-702_CAIU%C3%81_CACHOEIRA-Curitiba-942-9628-133282980-0,-1.0,-25.464361,-49.309798,,False,3,2,2023-06-19T11:10:24.349288+00:00
CUR_JL302,Curitiba,4106902,0,URBS,702,https://moovitapp.com/index/pt-br/transporte_p%C3%BAblico-line-702_CAIU%C3%81_CACHOEIRA-Curitiba-942-9628-133282980-0,-1.0,-25.441191,-49.26679,,False,3,2,2023-06-19T11:10:24.349288+00:00
CUR_JL311,Curitiba,4106902,0,URBS,702,https://moovitapp.com/index/pt-br/transporte_p%C3%BAblico-line-702_CAIU%C3%81_CACHOEIRA-Curitiba-942-9628-133282980-0,-1.0,-25.421018,-49.269421,,False,3,2,2023-06-19T11:09:24.349288+00:00
CUR_JL320,Curitiba,4106902,1,URBS,702,https://moovitapp.com/index/pt-br/transporte_p%C3%BAblico-line-702_CAIU%C3%81_CACHOEIRA-Curitiba-942-9628-133282980-0,-1.0,-25.410003,-49.26605,,False,3,2,2023-06-19T11:11:24.349288+00:00
CUR_JL303,Curitiba,4106902,0,URBS,702,https://moovitapp.com/index/pt-br/transporte_p%C3%BAblico-line-702_CAIU%C3%81_CACHOEIRA-Curitiba-942-9628-133282980-0,-1.0,-25.363645,-49.262481,,False,3,1,2023-06-19T11:12:24.349288+00:00
CUR_HI859,Curitiba,4106902,1,,865,,,-25.432881,-49.282888,,False,7,2,2023-06-19T11:11:24.349288+00:00
CUR_DL310,Curitiba,4106902,0,URBS,304,https://moovitapp.com/index/pt-br/transporte_p%C3%BAblico-line-304_PINHAIS_CAMPO_COMPRIDO-Curitiba-942-9628-133282995-0,-1.0,-25.434626,-49.306723,,False,3,2,2023-06-19T11:08:24.349288+00:00
CUR_HL324,Curitiba,4106902,0,URBS,304,https://moovitapp.com/index/pt-br/transporte_p%C3%BAblico-line-304_PINHAIS_CAMPO_COMPRIDO-Curitiba-942-9628-133282995-0,-1.0,-25.438828,-49.226241,,False,3,1,2023-06-19T11:08:24.349288+00:00
CUR_HL330,Curitiba,4106902,1,URBS,304,https://moovitapp.com/index/pt-br/transporte_p%C3%BAblico-line-304_PINHAIS_CAMPO_COMPRIDO-Curitiba-942-9628-133282995-0,-1.0,-25.434433,-49.25807,,False,3,2,2023-06-19T11:10:24.349288+00:00
CUR_DL313,Curitiba,4106902,0,URBS,304,https://moovitapp.com/index/pt-br/transporte_p%C3%BAblico-line-304_PINHAIS_CAMPO_COMPRIDO-Curitiba-942-9628-133282995-0,-1.0,-25.428495,-49.284861,,False,3,1,2023-06-19T11:11:24.349288+00:00
CUR_DL307,Curitiba,4106902,0,URBS,304,https://moovitapp.com/index/pt-br/transporte_p%C3%BAblico-line-304_PINHAIS_CAMPO_COMPRIDO-Curitiba-942-9628-133282995-0,-1.0,-25.433833,-49.270361,,False,3,2,2023-06-19T11:10:24.349288+00:00
CUR_DL304,Curitiba,4106902,0,URBS,304,https://moovitapp.com/index/pt-br/transporte_p%C3%BAblico-line-304_PINHAIS_CAMPO_COMPRIDO-Curitiba-942-9628-133282995-0,-1.0,-25.439655,-49.237453,,False,3,2,2023-06-19T11:11:24.349288+00:00
CUR_DL300,Curitiba,4106902,0,URBS,304,https://moovitapp.com/index/pt-br/transporte_p%C3%BAblico-line-304_PINHAIS_CAMPO_COMPRIDO-Curitiba-942-9628-133282995-0,-1.0,-25.43626,-49.308218,,False,3,2,2023-06-19T11:12:24.349288+00:00
CUR_HL313,Curitiba,4106902,0,URBS,304,https://moovitapp.com/index/pt-br/transporte_p%C3%BAblico-line-304_PINHAIS_CAMPO_COMPRIDO-Curitiba-942-9628-133282995-0,-1.0,-25.442516,-49.351965,,False,3,2,2023-06-19T11:11:24.349288+00:00
CUR_JL321,Curitiba,4106902,1,URBS,304,https://moovitapp.com/index/pt-br/transporte_p%C3%BAblico-line-304_PINHAIS_CAMPO_COMPRIDO-Curitiba-942-9628-133282995-0,-1.0,-25.431753,-49.29321,,False,3,1,2023-06-19T11:11:24.349288+00:00
CUR_JL307,Curitiba,4106902,0,URBS,304,https://moovitapp.com/index/pt-br/transporte_p%C3%BAblico-line-304_PINHAIS_CAMPO_COMPRIDO-Curitiba-942-9628-133282995-0,-1.0,-25.44933,-49.353455,,False,3,2,2023-06-19T11:07:24.349288+00:00
CUR_DL303,Curitiba,4106902,0,URBS,304,https://moovitapp.com/index/pt-br/transporte_p%C3%BAblico-line-304_PINHAIS_CAMPO_COMPRIDO-Curitiba-942-9628-133282995-0,-1.0,-25.435966,-49.30661,,False,3,2,2023-06-19T11:13:24.349288+00:00
CUR_DC852,Curitiba,4106902,1,,466,,,-25.444796,-49.24904,,False,7,2,2023-06-19T11:11:24.349288+00:00
CUR_BC023,Curitiba,4106902,1,,373,,,-25.424845,-49.205693,,False,1,1,2023-06-19T11:11:24.349288+00:00
CUR_GE727,Curitiba,4106902,0,URBS,550,https://moovitapp.com/index/pt-br/transporte_p%C3%BAblico-line-550_LIGEIR%C3%83O_PINHEIRINHO_CARLOS_GOMES-Curitiba-942-9628-1254061-0,-1.0,-25.512566,-49.294628,,False,5,2,2023-06-19T11:12:24.349288+00:00
CUR_GE718,Curitiba,4106902,0,URBS,550,https://moovitapp.com/index/pt-br/transporte_p%C3%BAblico-line-550_LIGEIR%C3%83O_PINHEIRINHO_CARLOS_GOMES-Curitiba-942-9628-1254061-0,-1.0,-25.46948,-49.254166,,False,5,2,2023-06-19T11:12:24.349288+00:00
CUR_HE719,Curitiba,4106902,0,URBS,550,https://moovitapp.com/index/pt-br/transporte_p%C3%BAblico-line-550_LIGEIR%C3%83O_PINHEIRINHO_CARLOS_GOMES-Curitiba-942-9628-1254061-0,-1.0,-25.439191,-49.26796,,False,5,2,2023-06-19T11:12:24.349288+00:00
CUR_HE708,Curitiba,4106902,0,URBS,550,https://moovitapp.com/index/pt-br/transporte_p%C3%BAblico-line-550_LIGEIR%C3%83O_PINHEIRINHO_CARLOS_GOMES-Curitiba-942-9628-1254061-0,-1.0,-25.437978,-49.268615,,False,5,2,2023-06-19T11:06:24.349288+00:00
CUR_HE700,Curitiba,4106902,0,URBS,550,https://moovitapp.com/index/pt-br/transporte_p%C3%BAblico-line-550_LIGEIR%C3%83O_PINHEIRINHO_CARLOS_GOMES-Curitiba-942-9628-1254061-0,-1.0,-25.457176,-49.259135,,False,5,2,2023-06-19T11:12:24.349288+00:00
CUR_GE730,Curitiba,4106902,0,URBS,550,https://moovitapp.com/index/pt-br/transporte_p%C3%BAblico-line-550_LIGEIR%C3%83O_PINHEIRINHO_CARLOS_GOMES-Curitiba-942-9628-1254061-0,-1.0,-25.474571,-49.25825,,False,5,2,2023-06-19T11:11:24.349288+00:00
CUR_HE712,Curitiba,4106902,0,URBS,550,https://moovitapp.com/index/pt-br/transporte_p%C3%BAblico-line-550_LIGEIR%C3%83O_PINHEIRINHO_CARLOS_GOMES-Curitiba-942-9628-1254061-0,-1.0,-25.46912,-49.253766,,False,5,1,2023-06-19T11:12:24.349288+00:00
CUR_GE721,Curitiba,4106902,0,URBS,550,https://moovitapp.com/index/pt-br/transporte_p%C3%BAblico-line-550_LIGEIR%C3%83O_PINHEIRINHO_CARLOS_GOMES-Curitiba-942-9628-1254061-0,-1.0,-25.511995,-49.295145,,False,5,2,2023-06-19T11:12:24.349288+00:00
CUR_GE711,Curitiba,4106902,0,URBS,550,https://moovitapp.com/index/pt-br/transporte_p%C3%BAblico-line-550_LIGEIR%C3%83O_PINHEIRINHO_CARLOS_GOMES-Curitiba-942-9628-1254061-0,-1.0,-25.504421,-49.282536,,False,5,2,2023-06-19T11:12:24.349288+00:00
CUR_HE718,Curitiba,4106902,0,URBS,550,https://moovitapp.com/index/pt-br/transporte_p%C3%BAblico-line-550_LIGEIR%C3%83O_PINHEIRINHO_CARLOS_GOMES-Curitiba-942-9628-1254061-0,-1.0,-25.512713,-49.294643,,False,5,1,2023-06-19T11:12:24.349288+00:00
CUR_HE701,Curitiba,4106902,0,URBS,550,https://moovitapp.com/index/pt-br/transporte_p%C3%BAblico-line-550_LIGEIR%C3%83O_PINHEIRINHO_CARLOS_GOMES-Curitiba-942-9628-1254061-0,-1.0,-25.448916,-49.263231,,False,5,2,2023-06-19T11:09:24.349288+00:00
CUR_GE702,Curitiba,4106902,0,URBS,550,https://moovitapp.com/index/pt-br/transporte_p%C3%BAblico-line-550_LIGEIR%C3%83O_PINHEIRINHO_CARLOS_GOMES-Curitiba-942-9628-1254061-0,-1.0,-25.444245,-49.265465,,False,5,1,2023-06-19T11:12:24.349288+00:00
CUR_HE702,Curitiba,4106902,0,URBS,550,https://moovitapp.com/index/pt-br/transporte_p%C3%BAblico-line-550_LIGEIR%C3%83O_PINHEIRINHO_CARLOS_GOMES-Curitiba-942-9628-1254061-0,-1.0,-25.437845,-49.267358,,False,5,2,2023-06-19T11:09:24.349288+00:00
CUR_GE724,Curitiba,4106902,0,URBS,550,https://moovitapp.com/index/pt-br/transporte_p%C3%BAblico-line-550_LIGEIR%C3%83O_PINHEIRINHO_CARLOS_GOMES-Curitiba-942-9628-1254061-0,-1.0,-25.439045,-49.268033,,False,5,1,2023-06-19T11:09:24.349288+00:00
CUR_EA075,Curitiba,4106902,1,,323,,,-25.456491,-49.197213,,False,1,,2023-06-19T11:09:24.349288+00:00
CUR_DC983,Curitiba,4106902,1,,323,,,-25.452071,-49.2149,,False,1,,2023-06-19T11:08:24.349288+00:00
CUR_EA001,Curitiba,4106902,1,,323,,,-25.451928,-49.212243,,False,1,,2023-06-19T11:02:24.349288+00:00
CUR_JI023,Curitiba,4106902,1,,721,,,-25.490396,-49.349315,,False,1,1,2023-06-19T11:10:24.349288+00:00
CUR_JA024,Curitiba,4106902,1,,721,,,-25.500513,-49.35403,,False,1,2,2023-06-19T11:13:24.349288+00:00
CUR_JA023,Curitiba,4106902,1,,721,,,-25.49797,-49.346075,,False,1,1,2023-06-19T11:11:24.349288+00:00
CUR_EL302,Curitiba,4106902,0,URBS,506,https://moovitapp.com/index/pt-br/transporte_p%C3%BAblico-line-506_BAIRRO_NOVO-Curitiba-942-9628-294299-0,-1.0,-25.468158,-49.26387,,False,3,1,2023-06-19T11:10:24.349288+00:00
CUR_GL322,Curitiba,4106902,0,URBS,506,https://moovitapp.com/index/pt-br/transporte_p%C3%BAblico-line-506_BAIRRO_NOVO-Curitiba-942-9628-294299-0,-1.0,-25.44662,-49.26865,,False,3,1,2023-06-19T11:12:24.349288+00:00
CUR_EL316,Curitiba,4106902,0,URBS,506,https://moovitapp.com/index/pt-br/transporte_p%C3%BAblico-line-506_BAIRRO_NOVO-Curitiba-942-9628-294299-0,-1.0,-25.475586,-49.25914,,False,3,1,2023-06-19T11:12:24.349288+00:00
CUR_EL330,Curitiba,4106902,1,URBS,506,https://moovitapp.com/index/pt-br/transporte_p%C3%BAblico-line-506_BAIRRO_NOVO-Curitiba-942-9628-294299-0,-1.0,-25.517943,-49.272115,,False,3,1,2023-06-19T11:11:24.349288+00:00
CUR_GL302,Curitiba,4106902,0,URBS,506,https://moovitapp.com/index/pt-br/transporte_p%C3%BAblico-line-506_BAIRRO_NOVO-Curitiba-942-9628-294299-0,-1.0,-25.50135,-49.279925,,False,3,1,2023-06-19T11:11:24.349288+00:00
CUR_EL315,Curitiba,4106902,0,URBS,506,https://moovitapp.com/index/pt-br/transporte_p%C3%BAblico-line-506_BAIRRO_NOVO-Curitiba-942-9628-294299-0,-1.0,-25.552988,-49.250926,,False,3,2,2023-06-19T11:01:24.349288+00:00
CUR_EL329,Curitiba,4106902,1,URBS,506,https://moovitapp.com/index/pt-br/transporte_p%C3%BAblico-line-506_BAIRRO_NOVO-Curitiba-942-9628-294299-0,-1.0,-25.458206,-49.26837,,False,3,1,2023-06-19T11:10:24.349288+00:00
CUR_GL081,Curitiba,4106902,0,URBS,506,https://moovitapp.com/index/pt-br/transporte_p%C3%BAblico-line-506_BAIRRO_NOVO-Curitiba-942-9628-294299-0,-1.0,-25.528593,-49.26868,,False,3,1,2023-06-19T11:12:24.349288+00:00
CUR_EL328,Curitiba,4106902,1,URBS,506,https://moovitapp.com/index/pt-br/transporte_p%C3%BAblico-line-506_BAIRRO_NOVO-Curitiba-942-9628-294299-0,-1.0,-25.541128,-49.271651,,False,3,2,2023-06-19T11:13:24.349288+00:00
CUR_GL323,Curitiba,4106902,0,URBS,506,https://moovitapp.com/index/pt-br/transporte_p%C3%BAblico-line-506_BAIRRO_NOVO-Curitiba-942-9628-294299-0,-1.0,-25.547706,-49.26061,,False,3,2,2023-06-19T11:12:24.349288+00:00
CUR_GL317,Curitiba,4106902,0,URBS,506,https://moovitapp.com/index/pt-br/transporte_p%C3%BAblico-line-506_BAIRRO_NOVO-Curitiba-942-9628-294299-0,-1.0,-25.534598,-49.268565,,False,3,2,2023-06-19T11:11:24.349288+00:00
CUR_GL325,Curitiba,4106902,0,URBS,506,https://moovitapp.com/index/pt-br/transporte_p%C3%BAblico-line-506_BAIRRO_NOVO-Curitiba-942-9628-294299-0,-1.0,-25.508463,-49.283208,,False,3,2,2023-06-19T11:11:24.349288+00:00
CUR_EL327,Curitiba,4106902,1,URBS,506,https://moovitapp.com/index/pt-br/transporte_p%C3%BAblico-line-506_BAIRRO_NOVO-Curitiba-942-9628-294299-0,-1.0,-25.446875,-49.26632,,False,3,1,2023-06-19T11:12:24.349288+00:00
CUR_GL308,Curitiba,4106902,0,URBS,506,https://moovitapp.com/index/pt-br/transporte_p%C3%BAblico-line-506_BAIRRO_NOVO-Curitiba-942-9628-294299-0,-1.0,-25.47178,-49.263201,,False,3,1,2023-06-19T11:12:24.349288+00:00
CUR_EL307,Curitiba,4106902,0,URBS,506,https://moovitapp.com/index/pt-br/transporte_p%C3%BAblico-line-506_BAIRRO_NOVO-Curitiba-942-9628-294299-0,-1.0,-25.467531,-49.256425,,False,3,1,2023-06-19T10:58:24.349288+00:00
CUR_BC001,Curitiba,4106902,1,,183,,,-25.3872,-49.267513,,False,1,2,2023-06-19T11:09:24.349288+00:00
CUR_BC002,Curitiba,4106902,1,,183,,,-25.383598,-49.26776,,False,1,1,2023-06-19T11:13:24.349288+00:00
CUR_HI860,Curitiba,4106902,1,,674,,,-25.477058,-49.30813,,False,7,2,2023-06-19T11:12:24.349288+00:00
CUR_HC851,Curitiba,4106902,1,,674,,,-25.465441,-49.292708,,False,7,1,2023-06-19T11:10:24.349288+00:00
CUR_BB307,Curitiba,4106902,1,,010,,,-25.433343,-49.25972,,False,10,,2023-06-19T11:11:24.349288+00:00
CUR_BB302,Curitiba,4106902,1,,010,,,-25.450615,-49.265421,,False,10,,2023-06-19T11:11:24.349288+00:00
CUR_BB303,Curitiba,4106902,1,,010,,,-25.422573,-49.283561,,False,10,,2023-06-19T11:12:24.349288+00:00
CUR_GI049,Curitiba,4106902,1,,642,,,-25.541555,-49.294521,,False,1,1,2023-06-19T11:10:24.349288+00:00
CUR_GC015,Curitiba,4106902,1,,642,,,-25.548001,-49.288933,,False,1,2,2023-06-19T11:12:24.349288+00:00
CUR_EI018,Curitiba,4106902,1,,663,,,-25.454275,-49.266148,,False,1,1,2023-06-19T11:11:24.349288+00:00
CUR_EI013,Curitiba,4106902,1,,663,,,-25.4776,-49.286588,,False,1,2,2023-06-19T11:11:24.349288+00:00
CUR_EI001,Curitiba,4106902,1,,561,,,-25.45809,-49.26416,,False,1,1,2023-06-19T11:11:24.349288+00:00
CUR_EA020,Curitiba,4106902,1,,561,,,-25.47226,-49.261295,,False,1,1,2023-06-19T11:10:24.349288+00:00
CUR_BI022,Curitiba,4106902,1,,225,,,-25.376658,-49.255563,,False,1,1,2023-06-19T11:12:24.349288+00:00
CUR_BA035,Curitiba,4106902,1,,225,,,-25.393143,-49.241053,,False,1,2,2023-06-19T11:06:24.349288+00:00
CUR_BI024,Curitiba,4106902,1,,341,,,-25.389003,-49.201723,,False,1,2,2023-06-19T11:10:24.349288+00:00
CUR_CI004,Curitiba,4106902,1,,341,,,-25.386211,-49.20373,,False,1,1,2023-06-19T11:12:24.349288+00:00
CUR_CI003,Curitiba,4106902,1,,341,,,-25.402553,-49.196716,,False,1,2,2023-06-19T11:09:24.349288+00:00
CUR_DA011,Curitiba,4106902,1,,322,,,-25.46487,-49.202698,,False,1,1,2023-06-19T11:07:24.349288+00:00
CUR_DA019,Curitiba,4106902,0,,322,,,-25.451075,-49.215135,,False,1,2,2023-06-19T11:08:24.349288+00:00
CUR_DC851,Curitiba,4106902,1,,461,,,-25.435761,-49.271431,,False,7,1,2023-06-19T11:09:24.349288+00:00
CUR_DA850,Curitiba,4106902,1,,461,,,-25.452408,-49.229811,,False,7,1,2023-06-19T11:10:24.349288+00:00
CUR_KA689,Curitiba,4106902,1,,629,,,-25.492088,-49.293186,,False,4,1,2023-06-19T11:07:24.349288+00:00
CUR_KI601,Curitiba,4106902,1,,629,,,-25.526258,-49.253131,,False,4,1,2023-06-19T11:11:24.349288+00:00
CUR_KA693,Curitiba,4106902,1,,629,,,-25.541838,-49.241896,,False,4,2,2023-06-19T11:07:24.349288+00:00
CUR_KI600,Curitiba,4106902,1,,629,,,-25.497956,-49.26794,,False,4,2,2023-06-19T11:11:24.349288+00:00
CUR_KA605,Curitiba,4106902,1,,629,,,-25.496156,-49.274335,,False,4,1,2023-06-19T11:08:24.349288+00:00
CUR_GC010,Curitiba,4106902,1,,665,,,-25.494188,-49.2867,,False,1,2,2023-06-19T11:12:24.349288+00:00
CUR_GI008,Curitiba,4106902,1,,665,,,-25.435458,-49.273951,,False,1,1,2023-06-19T11:12:24.349288+00:00
CUR_GI850,Curitiba,4106902,1,,665,,,-25.487628,-49.292175,,False,7,1,2023-06-19T11:13:24.349288+00:00
CUR_BC006,Curitiba,4106902,1,,168,,,-25.384263,-49.303466,,False,1,1,2023-06-19T11:10:24.349288+00:00
CUR_BC007,Curitiba,4106902,1,,168,,,-25.42176,-49.283205,,False,1,2,2023-06-19T11:09:24.349288+00:00
CUR_BI002,Curitiba,4106902,1,Auto Viação São José,211,https://moovitapp.com/index/pt-br/transporte_p%C3%BAblico-line-211_PIT_PRA%C3%87A_DA_JUVENTUDE_IZAURA_IP%C3%8A-Curitiba-942-857412-73553392-0,-1.0,-25.403123,-49.241945,,False,1,1,2023-06-19T11:11:24.349288+00:00
CUR_BI007,Curitiba,4106902,1,Auto Viação São José,211,https://moovitapp.com/index/pt-br/transporte_p%C3%BAblico-line-211_PIT_PRA%C3%87A_DA_JUVENTUDE_IZAURA_IP%C3%8A-Curitiba-942-857412-73553392-0,-1.0,-25.410056,-49.224338,,False,1,2,2023-06-19T11:08:24.349288+00:00
CUR_BI004,Curitiba,4106902,1,Auto Viação São José,211,https://moovitapp.com/index/pt-br/transporte_p%C3%BAblico-line-211_PIT_PRA%C3%87A_DA_JUVENTUDE_IZAURA_IP%C3%8A-Curitiba-942-857412-73553392-0,-1.0,-25.405111,-49.24664,,False,1,2,2023-06-19T11:10:24.349288+00:00
CUR_BI009,Curitiba,4106902,1,Auto Viação São José,211,https://moovitapp.com/index/pt-br/transporte_p%C3%BAblico-line-211_PIT_PRA%C3%87A_DA_JUVENTUDE_IZAURA_IP%C3%8A-Curitiba-942-857412-73553392-0,-1.0,-25.405693,-49.218133,,False,1,1,2023-06-19T11:13:24.349288+00:00
CUR_MI002,Curitiba,4106902,1,,821,,,-25.435493,-49.349941,,False,1,1,2023-06-19T11:12:24.349288+00:00
CUR_MI005,Curitiba,4106902,1,,821,,,-25.40556,-49.33551,,False,1,2,2023-06-19T11:10:24.349288+00:00
CUR_DN604,Curitiba,4106902,1,,465,,,-25.440746,-49.26017,,False,7,1,2023-06-19T11:11:24.349288+00:00
CUR_DC090,Curitiba,4106902,1,,474,,,-25.477745,-49.225315,,False,1,2,2023-06-19T11:08:24.349288+00:00
CUR_HA601,Curitiba,4106902,1,,650,,,-25.563481,-49.32913,,False,4,1,2023-06-19T11:09:24.349288+00:00
CUR_HA612,Curitiba,4106902,1,,650,,,-25.521171,-49.293635,,False,4,2,2023-06-19T11:09:24.349288+00:00
CUR_HI016,Curitiba,4106902,1,,650,,,-25.529781,-49.299503,,False,1,1,2023-06-19T11:12:24.349288+00:00
CUR_HA010,Curitiba,4106902,1,,614,,,-25.564293,-49.330643,,False,1,2,2023-06-19T11:07:24.349288+00:00
CUR_HR413,Curitiba,4106902,1,,646,,,-25.514085,-49.29567,,False,4,1,2023-06-19T11:12:24.349288+00:00
CUR_HA028,Curitiba,4106902,1,,646,,,-25.525193,-49.296515,,False,1,2,2023-06-19T11:10:24.349288+00:00
CUR_HA603,Curitiba,4106902,1,,646,,,-25.575675,-49.316615,,False,4,1,2023-06-19T11:10:24.349288+00:00
CUR_HI021,Curitiba,4106902,1,,646,,,-25.588935,-49.328013,,False,1,1,2023-06-19T11:11:24.349288+00:00
CUR_JA028,Curitiba,4106902,1,,658,,,-25.497453,-49.345295,,False,1,1,2023-06-19T11:12:24.349288+00:00
CUR_JI007,Curitiba,4106902,1,,658,,,-25.493623,-49.331588,,False,1,1,2023-06-19T11:12:24.349288+00:00
CUR_HI036,Curitiba,4106902,1,,658,,,-25.491635,-49.293166,,False,1,2,2023-06-19T11:10:24.349288+00:00
CUR_HI049,Curitiba,4106902,1,,658,,,-25.49521,-49.309278,,False,1,2,2023-06-19T11:10:24.349288+00:00
CUR_HI037,Curitiba,4106902,1,,658,,,-25.484613,-49.34873,,False,1,1,2023-06-19T11:12:24.349288+00:00
CUR_HI005,Curitiba,4106902,1,,658,,,-25.495498,-49.323745,,False,1,1,2023-06-19T11:12:24.349288+00:00
CUR_JI022,Curitiba,4106902,1,,658,,,-25.497976,-49.347045,,False,1,2,2023-06-19T11:12:24.349288+00:00
CUR_HA195,Curitiba,4106902,1,,658,,,-25.494506,-49.317865,,False,1,1,2023-06-19T11:02:24.349288+00:00
CUR_GI011,Curitiba,4106902,1,,636,,,-25.527581,-49.289925,,False,1,2,2023-06-19T11:12:24.349288+00:00
CUR_GI034,Curitiba,4106902,1,,636,,,-25.514076,-49.294251,,False,1,1,2023-06-19T11:06:24.349288+00:00
CUR_GI012,Curitiba,4106902,1,,649,,,-25.534386,-49.277061,,False,1,1,2023-06-19T11:12:24.349288+00:00
CUR_GI009,Curitiba,4106902,1,,649,,,-25.512465,-49.294793,,False,1,1,2023-06-19T11:09:24.349288+00:00
CUR_GC005,Curitiba,4106902,1,,649,,,-25.527293,-49.284523,,False,1,2,2023-06-19T11:12:24.349288+00:00
CUR_GI048,Curitiba,4106902,1,,640,,,-25.512778,-49.2947,,False,1,1,2023-06-19T11:13:24.349288+00:00
CUR_GA177,Curitiba,4106902,1,,640,,,-25.525995,-49.291726,,False,1,1,2023-06-19T11:11:24.349288+00:00
CUR_GI010,Curitiba,4106902,1,,640,,,-25.559726,-49.2952,,False,1,2,2023-06-19T11:12:24.349288+00:00
CUR_EI007,Curitiba,4106902,1,,522,,,-25.51201,-49.259081,,False,1,1,2023-06-19T11:10:24.349288+00:00
CUR_EA073,Curitiba,4106902,1,,522,,,-25.520525,-49.25525,,False,1,2,2023-06-19T11:11:24.349288+00:00
CUR_EA205,Curitiba,4106902,1,,471,,,-25.493335,-49.223036,,False,1,2,2023-06-19T11:09:24.349288+00:00
CUR_EI004,Curitiba,4106902,1,,471,,,-25.435605,-49.27159,,False,1,1,2023-06-19T11:10:24.349288+00:00
CUR_EI014,Curitiba,4106902,1,,533,,,-25.52493,-49.247578,,False,1,,2023-06-19T11:12:24.349288+00:00
CUR_EA008,Curitiba,4106902,1,,657,,,-25.496093,-49.275985,,False,1,1,2023-06-19T11:11:24.349288+00:00
CUR_EA026,Curitiba,4106902,1,,657,,,-25.496396,-49.277338,,False,1,1,2023-06-19T11:09:24.349288+00:00
CUR_KI002,Curitiba,4106902,1,,472,,,-25.458405,-49.248815,,False,1,1,2023-06-19T11:11:24.349288+00:00
CUR_KC002,Curitiba,4106902,1,,472,,,-25.448546,-49.25576,,False,1,1,2023-06-19T11:12:24.349288+00:00
CUR_BI876,Curitiba,4106902,1,,275,,,-25.400621,-49.258293,,False,7,1,2023-06-19T11:06:24.349288+00:00
CUR_BI880,Curitiba,4106902,1,,275,,,-25.380488,-49.249993,,False,7,2,2023-06-19T11:12:24.349288+00:00
CUR_BI863,Curitiba,4106902,1,,275,,,-25.428571,-49.2707,,False,7,2,2023-06-19T11:12:24.349288+00:00
CUR_BI861,Curitiba,4106902,1,,266,,,-25.429033,-49.27021,,False,7,2,2023-06-19T11:03:24.349288+00:00
CUR_BI887,Curitiba,4106902,1,,266,,,-25.395015,-49.25797,,False,7,1,2023-06-19T11:13:24.349288+00:00
CUR_KE708,Curitiba,4106902,0,URBS,502,https://moovitapp.com/index/pt-br/transporte_p%C3%BAblico-line-502_CIRCULAR_SUL_HOR%C3%81RIO-Curitiba-942-9628-294482-0,-1.0,-25.477135,-49.282671,,False,5,,2023-06-19T11:13:24.349288+00:00
CUR_KE701,Curitiba,4106902,0,URBS,502,https://moovitapp.com/index/pt-br/transporte_p%C3%BAblico-line-502_CIRCULAR_SUL_HOR%C3%81RIO-Curitiba-942-9628-294482-0,-1.0,-25.527951,-49.29135,,False,5,,2023-06-19T11:11:24.349288+00:00
CUR_GE604,Curitiba,4106902,0,URBS,502,https://moovitapp.com/index/pt-br/transporte_p%C3%BAblico-line-502_CIRCULAR_SUL_HOR%C3%81RIO-Curitiba-942-9628-294482-0,-1.0,-25.511285,-49.295765,,False,4,,2023-06-19T11:12:24.349288+00:00
CUR_GE610,Curitiba,4106902,0,URBS,502,https://moovitapp.com/index/pt-br/transporte_p%C3%BAblico-line-502_CIRCULAR_SUL_HOR%C3%81RIO-Curitiba-942-9628-294482-0,-1.0,-25.475981,-49.29268,,False,4,,2023-06-19T11:11:24.349288+00:00
CUR_KE704,Curitiba,4106902,0,URBS,502,https://moovitapp.com/index/pt-br/transporte_p%C3%BAblico-line-502_CIRCULAR_SUL_HOR%C3%81RIO-Curitiba-942-9628-294482-0,-1.0,-25.53254,-49.26187,,False,5,,2023-06-19T11:11:24.349288+00:00
CUR_GE612,Curitiba,4106902,0,URBS,502,https://moovitapp.com/index/pt-br/transporte_p%C3%BAblico-line-502_CIRCULAR_SUL_HOR%C3%81RIO-Curitiba-942-9628-294482-0,-1.0,-25.534288,-49.267441,,False,4,,2023-06-19T11:12:24.349288+00:00
CUR_HE615,Curitiba,4106902,0,URBS,502,https://moovitapp.com/index/pt-br/transporte_p%C3%BAblico-line-502_CIRCULAR_SUL_HOR%C3%81RIO-Curitiba-942-9628-294482-0,-1.0,-25.490851,-49.242781,,False,4,,2023-06-19T11:08:24.349288+00:00
CUR_KE847,Curitiba,4106902,0,URBS,502,https://moovitapp.com/index/pt-br/transporte_p%C3%BAblico-line-502_CIRCULAR_SUL_HOR%C3%81RIO-Curitiba-942-9628-294482-0,-1.0,-25.480566,-49.247775,,False,5,,2023-06-19T11:09:24.349288+00:00
CUR_HE613,Curitiba,4106902,0,URBS,502,https://moovitapp.com/index/pt-br/transporte_p%C3%BAblico-line-502_CIRCULAR_SUL_HOR%C3%81RIO-Curitiba-942-9628-294482-0,-1.0,-25.525331,-49.231225,,False,4,,2023-06-19T11:10:24.349288+00:00
CUR_GE605,Curitiba,4106902,0,URBS,502,https://moovitapp.com/index/pt-br/transporte_p%C3%BAblico-line-502_CIRCULAR_SUL_HOR%C3%81RIO-Curitiba-942-9628-294482-0,-1.0,-25.513166,-49.231815,,False,4,,2023-06-19T11:11:24.349288+00:00
CUR_GE603,Curitiba,4106902,0,URBS,502,https://moovitapp.com/index/pt-br/transporte_p%C3%BAblico-line-502_CIRCULAR_SUL_HOR%C3%81RIO-Curitiba-942-9628-294482-0,-1.0,-25.471406,-49.252225,,False,4,,2023-06-19T11:11:24.349288+00:00
CUR_HE609,Curitiba,4106902,0,URBS,502,https://moovitapp.com/index/pt-br/transporte_p%C3%BAblico-line-502_CIRCULAR_SUL_HOR%C3%81RIO-Curitiba-942-9628-294482-0,-1.0,-25.484506,-49.293723,,False,4,,2023-06-19T11:11:24.349288+00:00
CUR_HE603,Curitiba,4106902,0,URBS,502,https://moovitapp.com/index/pt-br/transporte_p%C3%BAblico-line-502_CIRCULAR_SUL_HOR%C3%81RIO-Curitiba-942-9628-294482-0,-1.0,-25.5276,-49.291835,,False,4,,2023-06-19T11:11:24.349288+00:00
CUR_GI055,Curitiba,4106902,1,,624,,,-25.496473,-49.290545,,False,1,1,2023-06-19T11:12:24.349288+00:00
CUR_GI023,Curitiba,4106902,1,,624,,,-25.509856,-49.282835,,False,1,2,2023-06-19T11:10:24.349288+00:00
CUR_GI035,Curitiba,4106902,1,,625,,,-25.530658,-49.266,,False,1,2,2023-06-19T11:12:24.349288+00:00
CUR_GI018,Curitiba,4106902,1,,625,,,-25.514021,-49.273153,,False,1,2,2023-06-19T11:12:24.349288+00:00
CUR_GI024,Curitiba,4106902,1,,625,,,-25.506876,-49.285518,,False,1,1,2023-06-19T11:11:24.349288+00:00
CUR_GI043,Curitiba,4106902,1,,625,,,-25.491426,-49.291963,,False,1,1,2023-06-19T11:12:24.349288+00:00
CUR_GI041,Curitiba,4106902,1,,625,,,-25.50694,-49.281926,,False,1,1,2023-06-19T11:06:24.349288+00:00
CUR_GI045,Curitiba,4106902,1,,625,,,-25.51671,-49.275821,,False,1,2,2023-06-19T11:12:24.349288+00:00
CUR_GI028,Curitiba,4106902,1,,534,,,-25.534393,-49.268003,,False,1,2,2023-06-19T11:08:24.349288+00:00
CUR_GI025,Curitiba,4106902,1,,534,,,-25.521565,-49.238821,,False,1,1,2023-06-19T11:11:24.349288+00:00
CUR_GA179,Curitiba,4106902,1,,534,,,-25.527348,-49.252455,,False,1,1,2023-06-19T11:12:24.349288+00:00
CUR_GI022,Curitiba,4106902,1,,683,,,-25.553736,-49.275991,,False,1,2,2023-06-19T11:12:24.349288+00:00
CUR_JI859,Curitiba,4106902,1,,760,,,-25.462068,-49.313503,,False,7,2,2023-06-19T11:12:24.349288+00:00
CUR_JI866,Curitiba,4106902,1,,760,,,-25.43578,-49.271498,,False,7,1,2023-06-19T11:11:24.349288+00:00
CUR_HA024,Curitiba,4106902,1,,653,,,-25.51154,-49.324376,,False,1,1,2023-06-19T11:11:24.349288+00:00
CUR_HI299,Curitiba,4106902,1,,653,,,-25.511743,-49.325218,,False,1,2,2023-06-19T10:59:24.349288+00:00
CUR_HA023,Curitiba,4106902,1,,653,,,-25.499498,-49.345101,,False,1,1,2023-06-19T11:06:24.349288+00:00
CUR_HI033,Curitiba,4106902,1,,680,,,-25.547783,-49.303868,,False,1,2,2023-06-19T11:09:24.349288+00:00
CUR_HI018,Curitiba,4106902,1,,680,,,-25.515148,-49.294885,,False,1,1,2023-06-19T11:12:24.349288+00:00
CUR_HI009,Curitiba,4106902,1,,680,,,-25.575635,-49.322461,,False,1,2,2023-06-19T11:10:24.349288+00:00
CUR_HA017,Curitiba,4106902,1,,680,,,-25.515111,-49.294631,,False,1,1,2023-06-19T10:59:24.349288+00:00
CUR_HI026,Curitiba,4106902,1,,680,,,-25.557591,-49.306721,,False,1,1,2023-06-19T11:06:24.349288+00:00
CUR_HI024,Curitiba,4106902,1,,659,,,-25.604338,-49.326681,,False,1,1,2023-06-19T11:06:24.349288+00:00
CUR_HA030,Curitiba,4106902,1,,659,,,-25.521821,-49.29214,,False,1,2,2023-06-19T11:11:24.349288+00:00
CUR_BI884,Curitiba,4106902,1,,184,,,-25.421421,-49.270623,,False,7,1,2023-06-19T11:10:24.349288+00:00
CUR_BI873,Curitiba,4106902,1,,184,,,-25.374936,-49.274123,,False,7,1,2023-06-19T11:12:24.349288+00:00
CUR_BC322,Curitiba,4106902,1,,170,,,-25.426758,-49.272238,,False,3,2,2023-06-19T11:12:24.349288+00:00
CUR_BC321,Curitiba,4106902,1,,170,,,-25.381651,-49.30081,,False,3,1,2023-06-19T11:10:24.349288+00:00
CUR_BC300,Curitiba,4106902,1,,170,,,-25.39365,-49.284145,,False,3,1,2023-06-19T11:11:24.349288+00:00
CUR_BC029,Curitiba,4106902,1,,170,,,-25.413913,-49.279283,,False,1,2,2023-06-19T11:11:24.349288+00:00
CUR_DA293,Curitiba,4106902,1,,621,,,-25.482051,-49.253843,,False,1,2,2023-06-19T11:11:24.349288+00:00
CUR_DA291,Curitiba,4106902,1,,621,,,-25.49143,-49.288431,,False,1,1,2023-06-19T11:11:24.349288+00:00
CUR_DC093,Curitiba,4106902,1,,621,,,-25.482893,-49.270371,,False,1,1,2023-06-19T11:12:24.349288+00:00
CUR_EA013,Curitiba,4106902,1,,621,,,-25.482345,-49.269865,,False,1,1,2023-06-19T11:11:24.349288+00:00
CUR_BA032,Curitiba,4106902,1,,233,,,-25.374045,-49.215213,,False,1,,2023-06-19T11:12:24.349288+00:00
CUR_BA033,Curitiba,4106902,1,,233,,,-25.376845,-49.223936,,False,1,,2023-06-19T11:09:24.349288+00:00
CUR_BA020,Curitiba,4106902,1,,233,,,-25.376571,-49.22497,,False,1,,2023-06-19T11:12:24.349288+00:00
CUR_BI866,Curitiba,4106902,1,,280,,,-25.419808,-49.267268,,False,7,2,2023-06-19T11:12:24.349288+00:00
CUR_BI878,Curitiba,4106902,1,,280,,,-25.38844,-49.243655,,False,7,1,2023-06-19T11:12:24.349288+00:00
CUR_BI897,Curitiba,4106902,1,,169,,,-25.405451,-49.27108,,False,7,2,2023-06-19T11:12:24.349288+00:00
CUR_BI855,Curitiba,4106902,1,,169,,,-25.394655,-49.286746,,False,7,1,2023-06-19T11:11:24.349288+00:00
CUR_DC292,Curitiba,4106902,1,,462,,,-25.47865,-49.21564,,False,1,1,2023-06-19T11:12:24.349288+00:00
CUR_DA297,Curitiba,4106902,1,,462,,,-25.441658,-49.254756,,False,1,2,2023-06-19T11:09:24.349288+00:00
CUR_EA210,Curitiba,4106902,1,,462,,,-25.442595,-49.246495,,False,1,2,2023-06-19T11:07:24.349288+00:00
CUR_BI028,Curitiba,4106902,1,,372,,,-25.429603,-49.267021,,False,1,2,2023-06-19T11:12:24.349288+00:00
CUR_CI001,Curitiba,4106902,1,,372,,,-25.426543,-49.20231,,False,1,2,2023-06-19T11:08:24.349288+00:00
CUR_BC316,Curitiba,4106902,1,,372,,,-25.4282,-49.244203,,False,10,1,2023-06-19T11:12:24.349288+00:00
CUR_CC196,Curitiba,4106902,1,,372,,,-25.417316,-49.201366,,False,1,2,2023-06-19T11:12:24.349288+00:00
CUR_BI027,Curitiba,4106902,1,,372,,,-25.427441,-49.238216,,False,1,2,2023-06-19T11:11:24.349288+00:00
CUR_JI019,Curitiba,4106902,1,,611,,,-25.477285,-49.327616,,False,1,1,2023-06-19T11:11:24.349288+00:00
CUR_JI006,Curitiba,4106902,1,,611,,,-25.469885,-49.303156,,False,1,2,2023-06-19T11:10:24.349288+00:00
CUR_JI011,Curitiba,4106902,1,,611,,,-25.47787,-49.296695,,False,1,1,2023-06-19T11:10:24.349288+00:00
CUR_BI864,Curitiba,4106902,1,,386,,,-25.430643,-49.264693,,False,7,2,2023-06-19T11:12:24.349288+00:00
CUR_BI900,Curitiba,4106902,1,,386,,,-25.436553,-49.210798,,False,7,1,2023-06-19T11:13:24.349288+00:00
CUR_DN017,Curitiba,4106902,0,,560,,,-25.450593,-49.26678,,False,6,2,2023-06-19T11:12:24.349288+00:00
CUR_HI047,Curitiba,4106902,1,,623,,,-25.505098,-49.30393,,False,1,1,2023-06-19T11:12:24.349288+00:00
CUR_HI004,Curitiba,4106902,1,,623,,,-25.504221,-49.304633,,False,1,2,2023-06-19T11:11:24.349288+00:00
CUR_HA027,Curitiba,4106902,1,,623,,,-25.500615,-49.297526,,False,1,1,2023-06-19T11:12:24.349288+00:00
CUR_HA026,Curitiba,4106902,1,,623,,,-25.516283,-49.311431,,False,1,1,2023-06-19T11:11:24.349288+00:00
CUR_DC092,Curitiba,4106902,1,,468,,,-25.49246,-49.207728,,False,1,2,2023-06-19T11:12:24.349288+00:00
CUR_EA211,Curitiba,4106902,1,,468,,,-25.445366,-49.24896,,False,1,1,2023-06-19T11:12:24.349288+00:00
CUR_DA033,Curitiba,4106902,1,,468,,,-25.439755,-49.25761,,False,1,1,2023-06-19T11:12:24.349288+00:00
CUR_HI014,Curitiba,4106902,1,,712,,,-25.480418,-49.328075,,False,1,2,2023-06-19T11:09:24.349288+00:00
CUR_HA014,Curitiba,4106902,1,,712,,,-25.494645,-49.337411,,False,1,1,2023-06-19T11:11:24.349288+00:00
CUR_JI008,Curitiba,4106902,1,,712,,,-25.49768,-49.337943,,False,1,1,2023-06-19T11:11:24.349288+00:00
CUR_EA203,Curitiba,4106902,1,,475,,,-25.496948,-49.222323,,False,1,2,2023-06-19T11:12:24.349288+00:00
CUR_EA015,Curitiba,4106902,1,,475,,,-25.437401,-49.270751,,False,1,1,2023-06-19T11:11:24.349288+00:00
CUR_EI020,Curitiba,4106902,1,,475,,,-25.474273,-49.24342,,False,1,1,2023-06-19T11:12:24.349288+00:00
CUR_HA608,Curitiba,4106902,1,,685,,,-25.563885,-49.328603,,False,4,2,2023-06-19T11:12:24.349288+00:00
CUR_HI605,Curitiba,4106902,1,,685,,,-25.584485,-49.337916,,False,4,1,2023-06-19T11:08:24.349288+00:00
CUR_HI603,Curitiba,4106902,0,,685,,,-25.548626,-49.324913,,False,4,1,2023-06-19T11:11:24.349288+00:00
CUR_HI610,Curitiba,4106902,1,,685,,,-25.511655,-49.32502,,False,4,1,2023-06-19T11:12:24.349288+00:00
CUR_HA610,Curitiba,4106902,1,,685,,,-25.52008,-49.328173,,False,4,2,2023-06-19T11:12:24.349288+00:00
CUR_HI007,Curitiba,4106902,1,,652,,,-25.530126,-49.327823,,False,1,2,2023-06-19T11:12:24.349288+00:00
CUR_HA190,Curitiba,4106902,1,,652,,,-25.514566,-49.329081,,False,1,1,2023-06-19T11:11:24.349288+00:00
CUR_HA128,Curitiba,4106902,1,,652,,,-25.51179,-49.325521,,False,1,2,2023-06-19T11:05:24.349288+00:00
CUR_HI010,Curitiba,4106902,1,,652,,,-25.53288,-49.329935,,False,1,1,2023-06-19T11:12:24.349288+00:00
CUR_HA196,Curitiba,4106902,1,,652,,,-25.526736,-49.333648,,False,1,1,2023-06-19T11:10:24.349288+00:00
CUR_HI040,Curitiba,4106902,1,,826,,,-25.511768,-49.324561,,False,1,2,2023-06-19T11:09:24.349288+00:00
CUR_HI013,Curitiba,4106902,1,,826,,,-25.484066,-49.347215,,False,1,2,2023-06-19T11:10:24.349288+00:00
CUR_HA193,Curitiba,4106902,1,,826,,,-25.512658,-49.333243,,False,1,1,2023-06-19T11:12:24.349288+00:00
CUR_HA130,Curitiba,4106902,1,,826,,,-25.47675,-49.350371,,False,1,2,2023-06-19T11:11:24.349288+00:00
CUR_JA301,Curitiba,4106902,1,,826,,,-25.451316,-49.36007,,False,3,1,2023-06-19T11:11:24.349288+00:00
CUR_HI039,Curitiba,4106902,1,,826,,,-25.511763,-49.325513,,False,1,1,2023-06-19T11:12:24.349288+00:00
CUR_HA020,Curitiba,4106902,1,,826,,,-25.446081,-49.354386,,False,1,2,2023-06-19T11:12:24.349288+00:00
CUR_BI023,Curitiba,4106902,1,,924,,,-25.377965,-49.278155,,False,1,2,2023-06-19T11:09:24.349288+00:00
CUR_BA026,Curitiba,4106902,1,,924,,,-25.388988,-49.320701,,False,1,2,2023-06-19T11:10:24.349288+00:00
CUR_BA036,Curitiba,4106902,1,,924,,,-25.40004,-49.326711,,False,1,2,2023-06-19T11:11:24.349288+00:00
CUR_MA011,Curitiba,4106902,1,,924,,,-25.361055,-49.251663,,False,1,1,2023-06-19T11:07:24.349288+00:00
CUR_MI004,Curitiba,4106902,1,,924,,,-25.38841,-49.299603,,False,1,1,2023-06-19T11:12:24.349288+00:00
CUR_MI003,Curitiba,4106902,1,,924,,,-25.393556,-49.292871,,False,1,2,2023-06-19T11:12:24.349288+00:00
CUR_BI014,Curitiba,4106902,1,,924,,,-25.365256,-49.258526,,False,1,1,2023-06-19T11:12:24.349288+00:00
CUR_EA022,Curitiba,4106902,1,,335,,,-25.513403,-49.229828,,False,1,1,2023-06-19T11:11:24.349288+00:00
CUR_EA025,Curitiba,4106902,1,,335,,,-25.49945,-49.219375,,False,1,1,2023-06-19T11:11:24.349288+00:00
CUR_DR407,Curitiba,4106902,1,,335,,,-25.47511,-49.209451,,False,4,2,2023-06-19T11:09:24.349288+00:00
CUR_DA301,Curitiba,4106902,1,,335,,,-25.502286,-49.223858,,False,3,1,2023-06-19T11:12:24.349288+00:00
CUR_BI860,Curitiba,4106902,1,Auto Viação São José,214,https://moovitapp.com/index/pt-br/transporte_p%C3%BAblico-line-214_PIT_PRA%C3%87A_DA_JUVENTUDE_CRISTAL_BLANCO_POMBO_ANTI_HOR%C3%81RIO-Curitiba-942-857412-119631273-0,-1.0,-25.391046,-49.224155,,False,7,1,2023-06-19T11:05:24.349288+00:00
CUR_BC927,Curitiba,4106902,1,Auto Viação São José,214,https://moovitapp.com/index/pt-br/transporte_p%C3%BAblico-line-214_PIT_PRA%C3%87A_DA_JUVENTUDE_CRISTAL_BLANCO_POMBO_ANTI_HOR%C3%81RIO-Curitiba-942-857412-119631273-0,-1.0,-25.381318,-49.220111,,False,7,2,2023-06-19T11:13:24.349288+00:00
CUR_DA014,Curitiba,4106902,1,,321,,,-25.467798,-49.208291,,False,1,2,2023-06-19T11:08:24.349288+00:00
CUR_DA290,Curitiba,4106902,1,,321,,,-25.451421,-49.203915,,False,1,1,2023-06-19T11:11:24.349288+00:00
CUR_BI851,Curitiba,4106902,1,,175,,,-25.430085,-49.271575,,False,7,1,2023-06-19T11:12:24.349288+00:00
CUR_BI898,Curitiba,4106902,1,,175,,,-25.433503,-49.27195,,False,7,2,2023-06-19T11:11:24.349288+00:00
CUR_MC079,Curitiba,4106902,1,,972,,,-25.426828,-49.271748,,False,1,1,2023-06-19T11:12:24.349288+00:00
CUR_MC302,Curitiba,4106902,1,,972,,,-25.399141,-49.334163,,False,3,2,2023-06-19T11:13:24.349288+00:00
CUR_JI856,Curitiba,4106902,1,,762,,,-25.47054,-49.311895,,False,7,2,2023-06-19T11:13:24.349288+00:00
CUR_JI865,Curitiba,4106902,1,,762,,,-25.442556,-49.270471,,False,7,1,2023-06-19T11:12:24.349288+00:00
CUR_EA011,Curitiba,4106902,1,Auto Viação São José,531,https://moovitapp.com/index/pt-br/transporte_p%C3%BAblico-line-531_BAIRRO_A_BAIRRO_1-Curitiba-942-857412-1570571-0,-1.0,-25.52579,-49.250578,,False,1,2,2023-06-19T11:12:24.349288+00:00
CUR_EA002,Curitiba,4106902,1,Auto Viação São José,531,https://moovitapp.com/index/pt-br/transporte_p%C3%BAblico-line-531_BAIRRO_A_BAIRRO_1-Curitiba-942-857412-1570571-0,-1.0,-25.541236,-49.246176,,False,1,2,2023-06-19T11:13:24.349288+00:00
CUR_EA024,Curitiba,4106902,1,Auto Viação São José,531,https://moovitapp.com/index/pt-br/transporte_p%C3%BAblico-line-531_BAIRRO_A_BAIRRO_1-Curitiba-942-857412-1570571-0,-1.0,-25.535048,-49.242698,,False,1,1,2023-06-19T11:13:24.349288+00:00
CUR_EA183,Curitiba,4106902,1,Auto Viação São José,531,https://moovitapp.com/index/pt-br/transporte_p%C3%BAblico-line-531_BAIRRO_A_BAIRRO_1-Curitiba-942-857412-1570571-0,-1.0,-25.516966,-49.230743,,False,1,1,2023-06-19T11:09:24.349288+00:00
CUR_BI872,Curitiba,4106902,1,,366,,,-25.431795,-49.232005,,False,7,1,2023-06-19T11:08:24.349288+00:00
CUR_BI889,Curitiba,4106902,1,,366,,,-25.4384,-49.289873,,False,7,2,2023-06-19T11:12:24.349288+00:00
CUR_DC294,Curitiba,4106902,1,,334,,,-25.466768,-49.2042,,False,1,,2023-06-19T11:12:24.349288+00:00
CUR_HI858,Curitiba,4106902,1,,670,,,-25.472726,-49.303888,,False,7,1,2023-06-19T11:12:24.349288+00:00
CUR_HI857,Curitiba,4106902,1,,670,,,-25.449695,-49.2893,,False,7,2,2023-06-19T11:12:24.349288+00:00
CUR_JI860,Curitiba,4106902,1,,761,,,-25.438605,-49.270155,,False,7,1,2023-06-19T11:11:24.349288+00:00
CUR_JI857,Curitiba,4106902,1,,761,,,-25.468796,-49.305841,,False,7,2,2023-06-19T11:11:24.349288+00:00
CUR_EI010,Curitiba,4106902,1,Auto Viação São José,515,https://moovitapp.com/index/pt-br/transporte_p%C3%BAblico-line-515_%E2%9C%88_AEROPORTO_1_SHOPPING_S%C3%83O_JOS%C3%89-Curitiba-942-857412-67925719-0,-1.0,-25.496523,-49.23308,,False,1,2,2023-06-19T11:12:24.349288+00:00
CUR_EA206,Curitiba,4106902,1,Auto Viação São José,515,https://moovitapp.com/index/pt-br/transporte_p%C3%BAblico-line-515_%E2%9C%88_AEROPORTO_1_SHOPPING_S%C3%83O_JOS%C3%89-Curitiba-942-857412-67925719-0,-1.0,-25.507531,-49.223493,,False,1,1,2023-06-19T11:12:24.349288+00:00
CUR_EI009,Curitiba,4106902,1,Auto Viação São José,515,https://moovitapp.com/index/pt-br/transporte_p%C3%BAblico-line-515_%E2%9C%88_AEROPORTO_1_SHOPPING_S%C3%83O_JOS%C3%89-Curitiba-942-857412-67925719-0,-1.0,-25.486876,-49.237855,,False,1,2,2023-06-19T11:11:24.349288+00:00
CUR_EA019,Curitiba,4106902,1,Auto Viação São José,515,https://moovitapp.com/index/pt-br/transporte_p%C3%BAblico-line-515_%E2%9C%88_AEROPORTO_1_SHOPPING_S%C3%83O_JOS%C3%89-Curitiba-942-857412-67925719-0,-1.0,-25.48027,-49.240933,,False,1,2,2023-06-19T11:11:24.349288+00:00
CUR_EI019,Curitiba,4106902,1,Auto Viação São José,515,https://moovitapp.com/index/pt-br/transporte_p%C3%BAblico-line-515_%E2%9C%88_AEROPORTO_1_SHOPPING_S%C3%83O_JOS%C3%89-Curitiba-942-857412-67925719-0,-1.0,-25.518045,-49.230323,,False,1,1,2023-06-19T11:10:24.349288+00:00
CUR_EI003,Curitiba,4106902,1,Auto Viação São José,515,https://moovitapp.com/index/pt-br/transporte_p%C3%BAblico-line-515_%E2%9C%88_AEROPORTO_1_SHOPPING_S%C3%83O_JOS%C3%89-Curitiba-942-857412-67925719-0,-1.0,-25.517281,-49.230393,,False,1,1,2023-06-19T11:08:24.349288+00:00
CUR_BC314,Curitiba,4106902,1,,371,,,-25.417696,-49.218565,,False,10,1,2023-06-19T11:12:24.349288+00:00
CUR_BC315,Curitiba,4106902,1,,371,,,-25.427936,-49.24742,,False,10,2,2023-06-19T11:11:24.349288+00:00
CUR_BC313,Curitiba,4106902,1,,371,,,-25.423645,-49.23022,,False,10,1,2023-06-19T11:11:24.349288+00:00
CUR_JI948,Curitiba,4106902,1,,861,,,-25.462848,-49.348843,,False,7,2,2023-06-19T11:10:24.349288+00:00
CUR_JI852,Curitiba,4106902,1,,861,,,-25.438755,-49.278603,,False,7,1,2023-06-19T11:12:24.349288+00:00
CUR_GI017,Curitiba,4106902,1,,553,,,-25.557245,-49.25062,,False,1,1,2023-06-19T11:07:24.349288+00:00
CUR_GI006,Curitiba,4106902,1,,553,,,-25.559346,-49.259418,,False,1,2,2023-06-19T11:12:24.349288+00:00
CUR_GI002,Curitiba,4106902,1,,553,,,-25.54626,-49.263213,,False,1,1,2023-06-19T11:11:24.349288+00:00
CUR_GI004,Curitiba,4106902,1,,553,,,-25.534338,-49.267548,,False,1,1,2023-06-19T11:10:24.349288+00:00
CUR_GI037,Curitiba,4106902,1,,643,,,-25.573085,-49.278701,,False,1,2,2023-06-19T11:09:24.349288+00:00
CUR_GI029,Curitiba,4106902,1,,643,,,-25.51289,-49.29473,,False,1,1,2023-06-19T11:10:24.349288+00:00
CUR_GI019,Curitiba,4106902,1,,643,,,-25.538075,-49.294775,,False,1,1,2023-06-19T11:12:24.349288+00:00
CUR_EA027,Curitiba,4106902,1,,X06,,,-25.546183,-49.262936,,False,1,2,2023-06-19T11:01:24.349288+00:00
CUR_GI051,Curitiba,4106902,1,,552,,,-25.553593,-49.251128,,False,1,2,2023-06-19T11:12:24.349288+00:00
CUR_GI044,Curitiba,4106902,1,,552,,,-25.553476,-49.250758,,False,1,1,2023-06-19T11:12:24.349288+00:00
CUR_GI053,Curitiba,4106902,1,,552,,,-25.534203,-49.267623,,False,1,1,2023-06-19T11:11:24.349288+00:00
CUR_HA006,Curitiba,4106902,1,,617,,,-25.573798,-49.328036,,False,1,1,2023-06-19T11:04:24.349288+00:00
CUR_HI028,Curitiba,4106902,1,,617,,,-25.516558,-49.295675,,False,1,1,2023-06-19T11:11:24.349288+00:00
CUR_HI020,Curitiba,4106902,1,,617,,,-25.523215,-49.294128,,False,1,2,2023-06-19T11:12:24.349288+00:00
CUR_HA617,Curitiba,4106902,1,,617,,,-25.576275,-49.333708,,False,4,1,2023-06-19T11:10:24.349288+00:00
CUR_GI016,Curitiba,4106902,1,,542,,,-25.536666,-49.272858,,False,1,,2023-06-19T11:05:24.349288+00:00
CUR_GC016,Curitiba,4106902,1,,542,,,-25.535683,-49.271228,,False,1,,2023-06-19T11:12:24.349288+00:00
CUR_GI042,Curitiba,4106902,1,,542,,,-25.544576,-49.26583,,False,1,,2023-06-19T11:12:24.349288+00:00
CUR_GC003,Curitiba,4106902,1,,542,,,-25.541093,-49.270773,,False,1,,2023-06-19T11:12:24.349288+00:00
CUR_GI032,Curitiba,4106902,1,,542,,,-25.53444,-49.268213,,False,1,,2023-06-19T11:07:24.349288+00:00
CUR_MI855,Curitiba,4106902,1,,912,,,-25.401146,-49.330078,,False,7,1,2023-06-19T11:09:24.349288+00:00
CUR_EA009,Curitiba,4106902,1,,X03,,,-25.518828,-49.231693,,False,1,1,2023-06-19T11:10:24.349288+00:00
CUR_HI856,Curitiba,4106902,1,,600,,,-25.51771,-49.295495,,False,7,2,2023-06-19T11:10:24.349288+00:00
CUR_HI850,Curitiba,4106902,1,,600,,,-25.519486,-49.297185,,False,7,1,2023-06-19T11:03:24.349288+00:00
CUR_GI021,Curitiba,4106902,1,,639,,,-25.535041,-49.295698,,False,1,2,2023-06-19T11:12:24.349288+00:00
CUR_GI026,Curitiba,4106902,1,,639,,,-25.528291,-49.292431,,False,1,2,2023-06-19T11:10:24.349288+00:00
CUR_GI036,Curitiba,4106902,1,,639,,,-25.559778,-49.283081,,False,1,1,2023-06-19T11:12:24.349288+00:00
CUR_GI007,Curitiba,4106902,1,,547,,,-25.53854,-49.268776,,False,1,1,2023-06-19T11:12:24.349288+00:00
CUR_HB608,Curitiba,4106902,1,,060,,,-25.492228,-49.343683,,False,4,1,2023-06-19T11:12:24.349288+00:00
CUR_HB695,Curitiba,4106902,1,,060,,,-25.512175,-49.294958,,False,4,1,2023-06-19T11:11:24.349288+00:00
CUR_HB607,Curitiba,4106902,1,,060,,,-25.545333,-49.301825,,False,4,2,2023-06-19T11:12:24.349288+00:00
CUR_HR117,Curitiba,4106902,1,,060,,,-25.465698,-49.356135,,False,4,1,2023-06-19T11:12:24.349288+00:00
CUR_HB601,Curitiba,4106902,1,,060,,,-25.476161,-49.350715,,False,4,2,2023-06-19T11:13:24.349288+00:00
CUR_GI050,Curitiba,4106902,1,,641,,,-25.568956,-49.287141,,False,1,2,2023-06-19T11:11:24.349288+00:00
CUR_MI854,Curitiba,4106902,1,,911,,,-25.39986,-49.336956,,False,7,2,2023-06-19T11:12:24.349288+00:00
CUR_HI045,Curitiba,4106902,1,,612,,,-25.478166,-49.310753,,False,1,2,2023-06-19T11:11:24.349288+00:00
CUR_HA191,Curitiba,4106902,1,,612,,,-25.479648,-49.310721,,False,1,2,2023-06-19T11:10:24.349288+00:00
CUR_HA198,Curitiba,4106902,1,,612,,,-25.505495,-49.32359,,False,1,1,2023-06-19T11:12:24.349288+00:00
CUR_HA615,Curitiba,4106902,1,,X37,,,-25.529456,-49.299115,,False,4,1,2023-06-19T11:05:24.349288+00:00
CUR_HA605,Curitiba,4106902,1,,X37,,,-25.526265,-49.297393,,False,4,2,2023-06-19T11:10:24.349288+00:00
CUR_HI608,Curitiba,4106902,1,,X37,,,-25.55138,-49.330653,,False,4,1,2023-06-19T11:12:24.349288+00:00
CUR_HA699,Curitiba,4106902,1,,X37,,,-25.525841,-49.297355,,False,4,2,2023-06-19T11:11:24.349288+00:00
CUR_HA007,Curitiba,4106902,1,,X37,,,-25.564243,-49.334913,,False,1,2,2023-06-19T11:07:24.349288+00:00
CUR_HL498,Curitiba,4106902,1,URBS,607,https://moovitapp.com/index/pt-br/transporte_p%C3%BAblico-line-607_COLOMBO_CIC-Curitiba-942-9628-294348-0,-1.0,-25.440228,-49.2717,,False,3,1,2023-06-19T11:10:24.349288+00:00
CUR_HL310,Curitiba,4106902,0,URBS,607,https://moovitapp.com/index/pt-br/transporte_p%C3%BAblico-line-607_COLOMBO_CIC-Curitiba-942-9628-294348-0,-1.0,-25.47185,-49.285623,,False,3,1,2023-06-19T11:06:24.349288+00:00
CUR_HL329,Curitiba,4106902,1,URBS,607,https://moovitapp.com/index/pt-br/transporte_p%C3%BAblico-line-607_COLOMBO_CIC-Curitiba-942-9628-294348-0,-1.0,-25.399171,-49.245781,,False,3,2,2023-06-19T11:12:24.349288+00:00
CUR_HL316,Curitiba,4106902,0,URBS,607,https://moovitapp.com/index/pt-br/transporte_p%C3%BAblico-line-607_COLOMBO_CIC-Curitiba-942-9628-294348-0,-1.0,-25.497811,-49.305503,,False,3,1,2023-06-19T11:07:24.349288+00:00
CUR_HL496,Curitiba,4106902,1,URBS,607,https://moovitapp.com/index/pt-br/transporte_p%C3%BAblico-line-607_COLOMBO_CIC-Curitiba-942-9628-294348-0,-1.0,-25.373426,-49.192725,,False,3,2,2023-06-19T11:11:24.349288+00:00
CUR_HL331,Curitiba,4106902,1,URBS,607,https://moovitapp.com/index/pt-br/transporte_p%C3%BAblico-line-607_COLOMBO_CIC-Curitiba-942-9628-294348-0,-1.0,-25.51179,-49.324666,,False,3,1,2023-06-19T11:08:24.349288+00:00
CUR_HL493,Curitiba,4106902,1,URBS,607,https://moovitapp.com/index/pt-br/transporte_p%C3%BAblico-line-607_COLOMBO_CIC-Curitiba-942-9628-294348-0,-1.0,-25.49755,-49.304593,,False,3,1,2023-06-19T11:13:24.349288+00:00
CUR_HL320,Curitiba,4106902,0,URBS,607,https://moovitapp.com/index/pt-br/transporte_p%C3%BAblico-line-607_COLOMBO_CIC-Curitiba-942-9628-294348-0,-1.0,-25.39504,-49.241913,,False,3,2,2023-06-19T11:12:24.349288+00:00
CUR_HL312,Curitiba,4106902,0,URBS,607,https://moovitapp.com/index/pt-br/transporte_p%C3%BAblico-line-607_COLOMBO_CIC-Curitiba-942-9628-294348-0,-1.0,-25.479156,-49.29564,,False,3,1,2023-06-19T11:11:24.349288+00:00
CUR_HL497,Curitiba,4106902,1,URBS,607,https://moovitapp.com/index/pt-br/transporte_p%C3%BAblico-line-607_COLOMBO_CIC-Curitiba-942-9628-294348-0,-1.0,-25.44191,-49.268606,,False,3,1,2023-06-19T11:12:24.349288+00:00
CUR_HL318,Curitiba,4106902,0,URBS,607,https://moovitapp.com/index/pt-br/transporte_p%C3%BAblico-line-607_COLOMBO_CIC-Curitiba-942-9628-294348-0,-1.0,-25.436553,-49.270986,,False,3,2,2023-06-19T11:11:24.349288+00:00
CUR_HL325,Curitiba,4106902,0,URBS,607,https://moovitapp.com/index/pt-br/transporte_p%C3%BAblico-line-607_COLOMBO_CIC-Curitiba-942-9628-294348-0,-1.0,-25.42086,-49.269406,,False,3,2,2023-06-19T11:12:24.349288+00:00
CUR_JI004,Curitiba,4106902,1,,719,,,-25.449153,-49.366085,,False,1,2,2023-06-19T11:01:24.349288+00:00
CUR_JI015,Curitiba,4106902,1,,719,,,-25.477901,-49.328006,,False,1,1,2023-06-19T11:10:24.349288+00:00
CUR_HI022,Curitiba,4106902,1,,773,,,-25.561823,-49.33926,,False,1,1,2023-06-19T11:10:24.349288+00:00
CUR_BI892,Curitiba,4106902,1,,181,,,-25.403888,-49.275508,,False,7,1,2023-06-19T11:09:24.349288+00:00
CUR_JI005,Curitiba,4106902,1,,718,,,-25.482825,-49.34569,,False,1,,2023-06-19T11:13:24.349288+00:00
CUR_HA029,Curitiba,4106902,1,,615,,,-25.4767,-49.296926,,False,1,1,2023-06-19T11:11:24.349288+00:00
CUR_HI048,Curitiba,4106902,1,,622,,,-25.495441,-49.323963,,False,1,2,2023-06-19T11:12:24.349288+00:00
CUR_HI851,Curitiba,4106902,1,,265,,,-25.44701,-49.290866,,False,7,1,2023-06-19T11:12:24.349288+00:00
CUR_BI025,Curitiba,4106902,1,,916,,,-25.400746,-49.330403,,False,1,1,2023-06-19T11:07:24.349288+00:00
CUR_MA013,Curitiba,4106902,1,,916,,,-25.373926,-49.328531,,False,1,2,2023-06-19T11:12:24.349288+00:00
CUR_HI006,Curitiba,4106902,1,,627,,,-25.539015,-49.328935,,False,1,2,2023-06-19T11:11:24.349288+00:00
CUR_HA019,Curitiba,4106902,1,,627,,,-25.503131,-49.314276,,False,1,2,2023-06-19T11:11:24.349288+00:00
CUR_HA008,Curitiba,4106902,1,,627,,,-25.511036,-49.323395,,False,1,1,2023-06-19T11:07:24.349288+00:00
CUR_JC316,Curitiba,4106902,1,,701,,,-25.469785,-49.31783,,False,3,2,2023-06-19T11:09:24.349288+00:00
CUR_JC305,Curitiba,4106902,1,,701,,,-25.438708,-49.273325,,False,3,1,2023-06-19T11:10:24.349288+00:00
CUR_JC600,Curitiba,4106902,1,,701,,,-25.454566,-49.296923,,False,4,1,2023-06-19T11:10:24.349288+00:00
CUR_JC301,Curitiba,4106902,1,,701,,,-25.47641,-49.319675,,False,3,2,2023-06-19T11:11:24.349288+00:00
CUR_JC313,Curitiba,4106902,1,,701,,,-25.450351,-49.29112,,False,3,2,2023-06-19T11:12:24.349288+00:00
CUR_JC304,Curitiba,4106902,1,,701,,,-25.440283,-49.271705,,False,3,1,2023-06-19T11:12:24.349288+00:00
CUR_JC311,Curitiba,4106902,1,,701,,,-25.464411,-49.309863,,False,3,2,2023-06-19T11:12:24.349288+00:00
CUR_JA699,Curitiba,4106902,1,,703,,,-25.450068,-49.285238,,False,4,1,2023-06-19T11:12:24.349288+00:00
CUR_JC317,Curitiba,4106902,1,,703,,,-25.477711,-49.325068,,False,3,1,2023-06-19T11:12:24.349288+00:00
CUR_JI603,Curitiba,4106902,1,,703,,,-25.483853,-49.350213,,False,4,2,2023-06-19T11:11:24.349288+00:00
CUR_JC310,Curitiba,4106902,1,,703,,,-25.453791,-49.300628,,False,3,2,2023-06-19T11:11:24.349288+00:00
CUR_JI301,Curitiba,4106902,1,,703,,,-25.442596,-49.283423,,False,3,1,2023-06-19T11:04:24.349288+00:00
CUR_JC309,Curitiba,4106902,1,,703,,,-25.435123,-49.271763,,False,3,1,2023-06-19T11:12:24.349288+00:00
CUR_JC315,Curitiba,4106902,1,,703,,,-25.462123,-49.305431,,False,3,1,2023-06-19T11:11:24.349288+00:00
CUR_JI601,Curitiba,4106902,1,,703,,,-25.483805,-49.349243,,False,4,2,2023-06-19T11:10:24.349288+00:00
CUR_JI604,Curitiba,4106902,1,,703,,,-25.477896,-49.32563,,False,4,2,2023-06-19T11:11:24.349288+00:00
CUR_JC308,Curitiba,4106902,1,,703,,,-25.434831,-49.272316,,False,3,1,2023-06-19T11:07:24.349288+00:00
CUR_DN607,Curitiba,4106902,1,,516,,,-25.481985,-49.246631,,False,7,1,2023-06-19T11:10:24.349288+00:00
CUR_MI856,Curitiba,4106902,1,,913,,,-25.400465,-49.334453,,False,7,1,2023-06-19T11:11:24.349288+00:00
CUR_HL307,Curitiba,4106902,0,URBS,700,https://moovitapp.com/index/pt-br/transporte_p%C3%BAblico-line-700_PINHEIRINHO_CABRAL-Curitiba-942-9628-757429-0,-1.0,-25.427425,-49.264741,,False,3,1,2023-06-19T11:09:24.349288+00:00
CUR_BL319,Curitiba,4106902,0,URBS,700,https://moovitapp.com/index/pt-br/transporte_p%C3%BAblico-line-700_PINHEIRINHO_CABRAL-Curitiba-942-9628-757429-0,-1.0,-25.47795,-49.294318,,False,3,1,2023-06-19T11:12:24.349288+00:00
CUR_BL306,Curitiba,4106902,0,URBS,700,https://moovitapp.com/index/pt-br/transporte_p%C3%BAblico-line-700_PINHEIRINHO_CABRAL-Curitiba-942-9628-757429-0,-1.0,-25.420428,-49.268546,,False,3,2,2023-06-19T11:11:24.349288+00:00
CUR_BL313,Curitiba,4106902,0,URBS,700,https://moovitapp.com/index/pt-br/transporte_p%C3%BAblico-line-700_PINHEIRINHO_CABRAL-Curitiba-942-9628-757429-0,-1.0,-25.485885,-49.29239,,False,3,2,2023-06-19T11:11:24.349288+00:00
CUR_HL328,Curitiba,4106902,0,URBS,700,https://moovitapp.com/index/pt-br/transporte_p%C3%BAblico-line-700_PINHEIRINHO_CABRAL-Curitiba-942-9628-757429-0,-1.0,-25.40701,-49.252543,,False,3,1,2023-06-19T11:10:24.349288+00:00
CUR_HL302,Curitiba,4106902,0,URBS,700,https://moovitapp.com/index/pt-br/transporte_p%C3%BAblico-line-700_PINHEIRINHO_CABRAL-Curitiba-942-9628-757429-0,-1.0,-25.433693,-49.26337,,False,3,2,2023-06-19T11:12:24.349288+00:00
CUR_BL304,Curitiba,4106902,0,URBS,700,https://moovitapp.com/index/pt-br/transporte_p%C3%BAblico-line-700_PINHEIRINHO_CABRAL-Curitiba-942-9628-757429-0,-1.0,-25.513248,-49.294395,,False,3,2,2023-06-19T11:08:24.349288+00:00
CUR_HL495,Curitiba,4106902,1,URBS,700,https://moovitapp.com/index/pt-br/transporte_p%C3%BAblico-line-700_PINHEIRINHO_CABRAL-Curitiba-942-9628-757429-0,-1.0,-25.452035,-49.284516,,False,3,2,2023-06-19T11:12:24.349288+00:00
CUR_JA034,Curitiba,4106902,1,,714,,,-25.483743,-49.350391,,False,1,,2023-06-19T11:09:24.349288+00:00
CUR_HI853,Curitiba,4106902,1,,644,,,-25.519806,-49.321758,,False,7,1,2023-06-19T11:12:24.349288+00:00
CUR_MA012,Curitiba,4106902,1,,917,,,-25.391713,-49.335136,,False,1,2,2023-06-19T11:12:24.349288+00:00
CUR_MA003,Curitiba,4106902,1,,917,,,-25.391623,-49.333678,,False,1,1,2023-06-19T11:11:24.349288+00:00
CUR_MN608,Curitiba,4106902,1,,915,,,-25.422771,-49.28582,,False,7,2,2023-06-19T11:01:24.349288+00:00
CUR_HL315,Curitiba,4106902,0,URBS,X35,https://moovitapp.com/index/pt-br/transporte_p%C3%BAblico-line-X35_PINHEIRINHO_PREFEITURA-Curitiba-942-9628-778958-0,-1.0,-25.445735,-49.2787,,False,3,1,2023-06-19T11:11:24.349288+00:00
CUR_HL118,Curitiba,4106902,0,URBS,X35,https://moovitapp.com/index/pt-br/transporte_p%C3%BAblico-line-X35_PINHEIRINHO_PREFEITURA-Curitiba-942-9628-778958-0,-1.0,-25.428996,-49.263263,,False,3,2,2023-06-19T11:06:24.349288+00:00
CUR_HL319,Curitiba,4106902,0,URBS,X35,https://moovitapp.com/index/pt-br/transporte_p%C3%BAblico-line-X35_PINHEIRINHO_PREFEITURA-Curitiba-942-9628-778958-0,-1.0,-25.433591,-49.263431,,False,3,2,2023-06-19T11:12:24.349288+00:00
CUR_HL326,Curitiba,4106902,0,URBS,X35,https://moovitapp.com/index/pt-br/transporte_p%C3%BAblico-line-X35_PINHEIRINHO_PREFEITURA-Curitiba-942-9628-778958-0,-1.0,-25.537615,-49.306825,,False,3,1,2023-06-19T11:12:24.349288+00:00
CUR_HL321,Curitiba,4106902,0,URBS,X35,https://moovitapp.com/index/pt-br/transporte_p%C3%BAblico-line-X35_PINHEIRINHO_PREFEITURA-Curitiba-942-9628-778958-0,-1.0,-25.474436,-49.290231,,False,3,2,2023-06-19T11:11:24.349288+00:00
CUR_HL301,Curitiba,4106902,0,URBS,X35,https://moovitapp.com/index/pt-br/transporte_p%C3%BAblico-line-X35_PINHEIRINHO_PREFEITURA-Curitiba-942-9628-778958-0,-1.0,-25.505255,-49.294095,,False,3,2,2023-06-19T11:12:24.349288+00:00
CUR_HL303,Curitiba,4106902,0,URBS,X35,https://moovitapp.com/index/pt-br/transporte_p%C3%BAblico-line-X35_PINHEIRINHO_PREFEITURA-Curitiba-942-9628-778958-0,-1.0,-25.500346,-49.2975,,False,3,1,2023-06-19T11:12:24.349288+00:00
CUR_HA025,Curitiba,4106902,1,,681,,,-25.53583,-49.301188,,False,1,2,2023-06-19T11:11:24.349288+00:00
CUR_HI019,Curitiba,4106902,1,,681,,,-25.576363,-49.331708,,False,1,1,2023-06-19T11:10:24.349288+00:00
CUR_JI299,Curitiba,4106902,1,,823,,,-25.45895,-49.350541,,False,1,1,2023-06-19T11:11:24.349288+00:00
CUR_JA035,Curitiba,4106902,1,,823,,,-25.449125,-49.353435,,False,1,2,2023-06-19T11:12:24.349288+00:00
CUR_GE710,Curitiba,4106902,0,URBS,500,https://moovitapp.com/index/pt-br/transporte_p%C3%BAblico-line-500_LIGEIR%C3%83O_BOQUEIR%C3%83O-Curitiba-942-9628-294422-0,-1.0,-25.482106,-49.246883,,False,5,2,2023-06-19T11:12:24.349288+00:00
CUR_GE701,Curitiba,4106902,0,URBS,500,https://moovitapp.com/index/pt-br/transporte_p%C3%BAblico-line-500_LIGEIR%C3%83O_BOQUEIR%C3%83O-Curitiba-942-9628-294422-0,-1.0,-25.455916,-49.259788,,False,5,1,2023-06-19T11:11:24.349288+00:00
CUR_GE709,Curitiba,4106902,0,URBS,500,https://moovitapp.com/index/pt-br/transporte_p%C3%BAblico-line-500_LIGEIR%C3%83O_BOQUEIR%C3%83O-Curitiba-942-9628-294422-0,-1.0,-25.457593,-49.25895,,False,5,1,2023-06-19T11:13:24.349288+00:00
CUR_GE716,Curitiba,4106902,0,URBS,500,https://moovitapp.com/index/pt-br/transporte_p%C3%BAblico-line-500_LIGEIR%C3%83O_BOQUEIR%C3%83O-Curitiba-942-9628-294422-0,-1.0,-25.486973,-49.244546,,False,5,2,2023-06-19T11:12:24.349288+00:00
CUR_GE720,Curitiba,4106902,0,URBS,500,https://moovitapp.com/index/pt-br/transporte_p%C3%BAblico-line-500_LIGEIR%C3%83O_BOQUEIR%C3%83O-Curitiba-942-9628-294422-0,-1.0,-25.516508,-49.230315,,False,5,2,2023-06-19T11:12:24.349288+00:00
CUR_GE706,Curitiba,4106902,0,URBS,500,https://moovitapp.com/index/pt-br/transporte_p%C3%BAblico-line-500_LIGEIR%C3%83O_BOQUEIR%C3%83O-Curitiba-942-9628-294422-0,-1.0,-25.435021,-49.270013,,False,5,1,2023-06-19T11:08:24.349288+00:00
CUR_GE719,Curitiba,4106902,0,URBS,500,https://moovitapp.com/index/pt-br/transporte_p%C3%BAblico-line-500_LIGEIR%C3%83O_BOQUEIR%C3%83O-Curitiba-942-9628-294422-0,-1.0,-25.455675,-49.259901,,False,5,1,2023-06-19T11:11:24.349288+00:00
CUR_GE715,Curitiba,4106902,0,URBS,500,https://moovitapp.com/index/pt-br/transporte_p%C3%BAblico-line-500_LIGEIR%C3%83O_BOQUEIR%C3%83O-Curitiba-942-9628-294422-0,-1.0,-25.433723,-49.270108,,False,5,1,2023-06-19T11:04:24.349288+00:00
CUR_GE728,Curitiba,4106902,0,URBS,500,https://moovitapp.com/index/pt-br/transporte_p%C3%BAblico-line-500_LIGEIR%C3%83O_BOQUEIR%C3%83O-Curitiba-942-9628-294422-0,-1.0,-25.43679,-49.267935,,False,5,1,2023-06-19T11:12:24.349288+00:00
CUR_GD348,Curitiba,4106902,0,URBS,500,https://moovitapp.com/index/pt-br/transporte_p%C3%BAblico-line-500_LIGEIR%C3%83O_BOQUEIR%C3%83O-Curitiba-942-9628-294422-0,-1.0,-25.458203,-49.25862,,False,5,1,2023-06-19T11:12:24.349288+00:00
CUR_GD349,Curitiba,4106902,0,URBS,500,https://moovitapp.com/index/pt-br/transporte_p%C3%BAblico-line-500_LIGEIR%C3%83O_BOQUEIR%C3%83O-Curitiba-942-9628-294422-0,-1.0,-25.516706,-49.230151,,False,5,2,2023-06-19T11:10:24.349288+00:00
CUR_GE723,Curitiba,4106902,0,URBS,500,https://moovitapp.com/index/pt-br/transporte_p%C3%BAblico-line-500_LIGEIR%C3%83O_BOQUEIR%C3%83O-Curitiba-942-9628-294422-0,-1.0,-25.516076,-49.230496,,False,5,2,2023-06-19T11:12:24.349288+00:00
CUR_BI867,Curitiba,4106902,1,,237,,,-25.381435,-49.207791,,False,7,,2023-06-19T11:11:24.349288+00:00
CUR_BL340,Curitiba,4106902,1,URBS,256,https://moovitapp.com/index/pt-br/transporte_p%C3%BAblico-line-256_BARREIRINHA_GUADALUPE-Curitiba-942-9628-398191-0,-1.0,-25.415866,-49.266416,,False,3,2,2023-06-19T11:10:24.349288+00:00
CUR_BL336,Curitiba,4106902,0,URBS,256,https://moovitapp.com/index/pt-br/transporte_p%C3%BAblico-line-256_BARREIRINHA_GUADALUPE-Curitiba-942-9628-398191-0,-1.0,-25.400273,-49.262548,,False,3,1,2023-06-19T11:12:24.349288+00:00
CUR_BL329,Curitiba,4106902,0,URBS,256,https://moovitapp.com/index/pt-br/transporte_p%C3%BAblico-line-256_BARREIRINHA_GUADALUPE-Curitiba-942-9628-398191-0,-1.0,-25.429755,-49.265531,,False,3,2,2023-06-19T11:09:24.349288+00:00
CUR_BL331,Curitiba,4106902,0,URBS,256,https://moovitapp.com/index/pt-br/transporte_p%C3%BAblico-line-256_BARREIRINHA_GUADALUPE-Curitiba-942-9628-398191-0,-1.0,-25.418655,-49.268906,,False,3,2,2023-06-19T11:11:24.349288+00:00
CUR_BL318,Curitiba,4106902,0,URBS,256,https://moovitapp.com/index/pt-br/transporte_p%C3%BAblico-line-256_BARREIRINHA_GUADALUPE-Curitiba-942-9628-398191-0,-1.0,-25.410746,-49.263976,,False,3,1,2023-06-19T11:07:24.349288+00:00
CUR_BA015,Curitiba,4106902,1,,171,,,-25.395205,-49.285366,,False,1,1,2023-06-19T11:10:24.349288+00:00
CUR_HC852,Curitiba,4106902,1,,671,,,-25.447298,-49.277888,,False,7,2,2023-06-19T11:13:24.349288+00:00
CUR_EL300,Curitiba,4106902,0,URBS,507,https://moovitapp.com/index/pt-br/transporte_p%C3%BAblico-line-507_S%C3%8DTIO_CERCADO_HOR%C3%81RIO-Curitiba-942-9628-294494-0,-1.0,-25.440618,-49.260598,,False,3,,2023-06-19T11:12:24.349288+00:00
CUR_GL326,Curitiba,4106902,0,URBS,507,https://moovitapp.com/index/pt-br/transporte_p%C3%BAblico-line-507_S%C3%8DTIO_CERCADO_HOR%C3%81RIO-Curitiba-942-9628-294494-0,-1.0,-25.45881,-49.287125,,False,3,,2023-06-19T11:12:24.349288+00:00
CUR_EL308,Curitiba,4106902,0,URBS,507,https://moovitapp.com/index/pt-br/transporte_p%C3%BAblico-line-507_S%C3%8DTIO_CERCADO_HOR%C3%81RIO-Curitiba-942-9628-294494-0,-1.0,-25.48295,-49.291288,,False,3,,2023-06-19T11:11:24.349288+00:00
CUR_GL310,Curitiba,4106902,0,URBS,507,https://moovitapp.com/index/pt-br/transporte_p%C3%BAblico-line-507_S%C3%8DTIO_CERCADO_HOR%C3%81RIO-Curitiba-942-9628-294494-0,-1.0,-25.492313,-49.292985,,False,3,,2023-06-19T11:10:24.349288+00:00
CUR_EL303,Curitiba,4106902,0,URBS,507,https://moovitapp.com/index/pt-br/transporte_p%C3%BAblico-line-507_S%C3%8DTIO_CERCADO_HOR%C3%81RIO-Curitiba-942-9628-294494-0,-1.0,-25.442825,-49.266376,,False,3,,2023-06-19T11:12:24.349288+00:00
CUR_GL305,Curitiba,4106902,0,URBS,507,https://moovitapp.com/index/pt-br/transporte_p%C3%BAblico-line-507_S%C3%8DTIO_CERCADO_HOR%C3%81RIO-Curitiba-942-9628-294494-0,-1.0,-25.534745,-49.286196,,False,3,,2023-06-19T11:12:24.349288+00:00
CUR_EL312,Curitiba,4106902,0,URBS,507,https://moovitapp.com/index/pt-br/transporte_p%C3%BAblico-line-507_S%C3%8DTIO_CERCADO_HOR%C3%81RIO-Curitiba-942-9628-294494-0,-1.0,-25.532001,-49.26063,,False,3,,2023-06-19T11:11:24.349288+00:00
CUR_EL310,Curitiba,4106902,0,URBS,507,https://moovitapp.com/index/pt-br/transporte_p%C3%BAblico-line-507_S%C3%8DTIO_CERCADO_HOR%C3%81RIO-Curitiba-942-9628-294494-0,-1.0,-25.520798,-49.29503,,False,3,,2023-06-19T11:09:24.349288+00:00
CUR_EL309,Curitiba,4106902,0,URBS,507,https://moovitapp.com/index/pt-br/transporte_p%C3%BAblico-line-507_S%C3%8DTIO_CERCADO_HOR%C3%81RIO-Curitiba-942-9628-294494-0,-1.0,-25.50206,-49.23722,,False,3,,2023-06-19T11:11:24.349288+00:00
CUR_EL323,Curitiba,4106902,1,URBS,507,https://moovitapp.com/index/pt-br/transporte_p%C3%BAblico-line-507_S%C3%8DTIO_CERCADO_HOR%C3%81RIO-Curitiba-942-9628-294494-0,-1.0,-25.436651,-49.261638,,False,3,,2023-06-19T10:59:24.349288+00:00
CUR_EL326,Curitiba,4106902,1,URBS,507,https://moovitapp.com/index/pt-br/transporte_p%C3%BAblico-line-507_S%C3%8DTIO_CERCADO_HOR%C3%81RIO-Curitiba-942-9628-294494-0,-1.0,-25.437613,-49.261048,,False,3,,2023-06-19T11:12:24.349288+00:00
CUR_JI850,Curitiba,4106902,1,,825,,,-25.494285,-49.34995,,False,7,1,2023-06-19T10:58:24.349288+00:00
CUR_GL320,Curitiba,4106902,0,URBS,508,https://moovitapp.com/index/pt-br/transporte_p%C3%BAblico-line-508_S%C3%8DTIO_CERCADO_ANTI_HOR%C3%81RIO-Curitiba-942-9628-294520-0,-1.0,-25.431303,-49.26442,,False,3,,2023-06-19T11:06:24.349288+00:00
CUR_GL327,Curitiba,4106902,1,URBS,508,https://moovitapp.com/index/pt-br/transporte_p%C3%BAblico-line-508_S%C3%8DTIO_CERCADO_ANTI_HOR%C3%81RIO-Curitiba-942-9628-294520-0,-1.0,-25.43229,-49.265653,,False,3,,2023-06-19T11:11:24.349288+00:00
CUR_HL322,Curitiba,4106902,0,URBS,508,https://moovitapp.com/index/pt-br/transporte_p%C3%BAblico-line-508_S%C3%8DTIO_CERCADO_ANTI_HOR%C3%81RIO-Curitiba-942-9628-294520-0,-1.0,-25.458995,-49.255255,,False,3,,2023-06-19T11:10:24.349288+00:00
CUR_GL313,Curitiba,4106902,0,URBS,508,https://moovitapp.com/index/pt-br/transporte_p%C3%BAblico-line-508_S%C3%8DTIO_CERCADO_ANTI_HOR%C3%81RIO-Curitiba-942-9628-294520-0,-1.0,-25.44748,-49.258123,,False,3,,2023-06-19T11:11:24.349288+00:00
CUR_EL332,Curitiba,4106902,1,URBS,508,https://moovitapp.com/index/pt-br/transporte_p%C3%BAblico-line-508_S%C3%8DTIO_CERCADO_ANTI_HOR%C3%81RIO-Curitiba-942-9628-294520-0,-1.0,-25.472275,-49.250491,,False,3,,2023-06-19T11:11:24.349288+00:00
CUR_GL307,Curitiba,4106902,0,URBS,508,https://moovitapp.com/index/pt-br/transporte_p%C3%BAblico-line-508_S%C3%8DTIO_CERCADO_ANTI_HOR%C3%81RIO-Curitiba-942-9628-294520-0,-1.0,-25.51653,-49.230073,,False,3,,2023-06-19T11:12:24.349288+00:00
CUR_GL306,Curitiba,4106902,0,URBS,508,https://moovitapp.com/index/pt-br/transporte_p%C3%BAblico-line-508_S%C3%8DTIO_CERCADO_ANTI_HOR%C3%81RIO-Curitiba-942-9628-294520-0,-1.0,-25.501716,-49.237598,,False,3,,2023-06-19T11:10:24.349288+00:00
CUR_GL312,Curitiba,4106902,0,URBS,508,https://moovitapp.com/index/pt-br/transporte_p%C3%BAblico-line-508_S%C3%8DTIO_CERCADO_ANTI_HOR%C3%81RIO-Curitiba-942-9628-294520-0,-1.0,-25.52499,-49.247448,,False,3,,2023-06-19T11:11:24.349288+00:00
CUR_GL321,Curitiba,4106902,0,URBS,508,https://moovitapp.com/index/pt-br/transporte_p%C3%BAblico-line-508_S%C3%8DTIO_CERCADO_ANTI_HOR%C3%81RIO-Curitiba-942-9628-294520-0,-1.0,-25.535938,-49.284171,,False,3,,2023-06-19T11:11:24.349288+00:00
CUR_GL330,Curitiba,4106902,1,URBS,508,https://moovitapp.com/index/pt-br/transporte_p%C3%BAblico-line-508_S%C3%8DTIO_CERCADO_ANTI_HOR%C3%81RIO-Curitiba-942-9628-294520-0,-1.0,-25.512245,-49.295765,,False,3,,2023-06-19T11:09:24.349288+00:00
CUR_GL328,Curitiba,4106902,1,URBS,508,https://moovitapp.com/index/pt-br/transporte_p%C3%BAblico-line-508_S%C3%8DTIO_CERCADO_ANTI_HOR%C3%81RIO-Curitiba-942-9628-294520-0,-1.0,-25.448315,-49.28546,,False,3,,2023-06-19T11:11:24.349288+00:00
CUR_JI858,Curitiba,4106902,1,,713,,,-25.484236,-49.3241,,False,7,1,2023-06-19T11:09:24.349288+00:00
CUR_BA603,Curitiba,4106902,1,,245,,,-25.369136,-49.2599,,False,4,1,2023-06-19T11:10:24.349288+00:00
CUR_BI600,Curitiba,4106902,1,,245,,,-25.406026,-49.25202,,False,4,2,2023-06-19T11:11:24.349288+00:00
CUR_HC001,Curitiba,4106902,1,,690,,,-25.616145,-49.355438,,False,1,1,2023-06-19T11:09:24.349288+00:00
CUR_HC006,Curitiba,4106902,1,,690,,,-25.5126,-49.294946,,False,1,1,2023-06-19T11:12:24.349288+00:00
CUR_GI054,Curitiba,4106902,1,,635,,,-25.528696,-49.290978,,False,1,1,2023-06-19T11:12:24.349288+00:00
CUR_GA180,Curitiba,4106902,1,,635,,,-25.538713,-49.280288,,False,1,2,2023-06-19T11:12:24.349288+00:00
CUR_BI870,Curitiba,4106902,1,,343,,,-25.409441,-49.207715,,False,7,2,2023-06-19T11:13:24.349288+00:00
CUR_BC311,Curitiba,4106902,1,,207,,,-25.401981,-49.261778,,False,3,1,2023-06-19T11:08:24.349288+00:00
CUR_BC309,Curitiba,4106902,1,,207,,,-25.425725,-49.273273,,False,3,1,2023-06-19T11:11:24.349288+00:00
CUR_BC027,Curitiba,4106902,1,,207,,,-25.403185,-49.271115,,False,1,1,2023-06-19T11:10:24.349288+00:00
CUR_BC324,Curitiba,4106902,1,,207,,,-25.412015,-49.278943,,False,3,2,2023-06-19T11:13:24.349288+00:00
CUR_BA031,Curitiba,4106902,1,,207,,,-25.432966,-49.276416,,False,1,2,2023-06-19T11:12:24.349288+00:00
CUR_BC323,Curitiba,4106902,1,,207,,,-25.427636,-49.270853,,False,3,2,2023-06-19T11:12:24.349288+00:00
CUR_BC310,Curitiba,4106902,1,,207,,,-25.402461,-49.258716,,False,3,1,2023-06-19T11:12:24.349288+00:00
CUR_MN611,Curitiba,4106902,1,,965,,,-25.398326,-49.31934,,False,7,1,2023-06-19T11:11:24.349288+00:00
CUR_MN603,Curitiba,4106902,1,,965,,,-25.410203,-49.29835,,False,7,1,2023-06-19T11:11:24.349288+00:00
CUR_MN605,Curitiba,4106902,1,,965,,,-25.426546,-49.27648,,False,7,2,2023-06-19T11:11:24.349288+00:00
CUR_BI850,Curitiba,4106902,1,,176,,,-25.392236,-49.272635,,False,7,1,2023-06-19T11:11:24.349288+00:00
CUR_GL301,Curitiba,4106902,0,URBS,546,https://moovitapp.com/index/pt-br/transporte_p%C3%BAblico-line-546_S%C3%8DTIO_CERCADO_BOQUEIR%C3%83O-Curitiba-942-9628-531687-0,-1.0,-25.548403,-49.290983,,False,3,2,2023-06-19T10:58:24.349288+00:00
CUR_GL304,Curitiba,4106902,0,URBS,546,https://moovitapp.com/index/pt-br/transporte_p%C3%BAblico-line-546_S%C3%8DTIO_CERCADO_BOQUEIR%C3%83O-Curitiba-942-9628-531687-0,-1.0,-25.51806,-49.230786,,False,3,2,2023-06-19T11:10:24.349288+00:00
CUR_GL300,Curitiba,4106902,0,URBS,546,https://moovitapp.com/index/pt-br/transporte_p%C3%BAblico-line-546_S%C3%8DTIO_CERCADO_BOQUEIR%C3%83O-Curitiba-942-9628-531687-0,-1.0,-25.519286,-49.233428,,False,3,2,2023-06-19T11:03:24.349288+00:00
CUR_BA010,Curitiba,4106902,1,,816,,,-25.425026,-49.32152,,False,1,2,2023-06-19T11:13:24.349288+00:00
CUR_BA014,Curitiba,4106902,1,,816,,,-25.435598,-49.308825,,False,1,1,2023-06-19T11:04:24.349288+00:00
CUR_BA037,Curitiba,4106902,1,,816,,,-25.400753,-49.33037,,False,1,1,2023-06-19T11:09:24.349288+00:00
CUR_BI031,Curitiba,4106902,1,,816,,,-25.435883,-49.307228,,False,1,2,2023-06-19T11:09:24.349288+00:00
CUR_ML303,Curitiba,4106902,0,URBS,902,https://moovitapp.com/index/pt-br/transporte_p%C3%BAblico-line-902_SANTA_FELICIDADE_PRA%C3%87A_TIRADENTES-Curitiba-942-9628-5597930-0,-1.0,-25.427816,-49.285013,,False,3,1,2023-06-19T11:07:24.349288+00:00
CUR_ML314,Curitiba,4106902,0,URBS,902,https://moovitapp.com/index/pt-br/transporte_p%C3%BAblico-line-902_SANTA_FELICIDADE_PRA%C3%87A_TIRADENTES-Curitiba-942-9628-5597930-0,-1.0,-25.431098,-49.279533,,False,3,1,2023-06-19T11:09:24.349288+00:00
CUR_ML305,Curitiba,4106902,0,URBS,902,https://moovitapp.com/index/pt-br/transporte_p%C3%BAblico-line-902_SANTA_FELICIDADE_PRA%C3%87A_TIRADENTES-Curitiba-942-9628-5597930-0,-1.0,-25.419368,-49.294528,,False,3,2,2023-06-19T10:58:24.349288+00:00
CUR_ML301,Curitiba,4106902,0,URBS,902,https://moovitapp.com/index/pt-br/transporte_p%C3%BAblico-line-902_SANTA_FELICIDADE_PRA%C3%87A_TIRADENTES-Curitiba-942-9628-5597930-0,-1.0,-25.416783,-49.29474,,False,3,2,2023-06-19T11:11:24.349288+00:00
CUR_HE704,Curitiba,4106902,0,URBS,200,https://moovitapp.com/index/pt-br/transporte_p%C3%BAblico-line-200_LIGEIR%C3%83O_SANTA_C%C3%82NDIDA_PRA%C3%87A_DO_JAP%C3%83O-Curitiba-942-9628-1323763-0,-1.0,-25.38326,-49.231136,,False,5,1,2023-06-19T11:10:24.349288+00:00
CUR_BE724,Curitiba,4106902,0,URBS,200,https://moovitapp.com/index/pt-br/transporte_p%C3%BAblico-line-200_LIGEIR%C3%83O_SANTA_C%C3%82NDIDA_PRA%C3%87A_DO_JAP%C3%83O-Curitiba-942-9628-1323763-0,-1.0,-25.380046,-49.228171,,False,5,1,2023-06-19T11:01:24.349288+00:00
CUR_GE729,Curitiba,4106902,0,URBS,200,https://moovitapp.com/index/pt-br/transporte_p%C3%BAblico-line-200_LIGEIR%C3%83O_SANTA_C%C3%82NDIDA_PRA%C3%87A_DO_JAP%C3%83O-Curitiba-942-9628-1323763-0,-1.0,-25.44169,-49.277203,,False,5,1,2023-06-19T11:11:24.349288+00:00
CUR_GE722,Curitiba,4106902,0,URBS,200,https://moovitapp.com/index/pt-br/transporte_p%C3%BAblico-line-200_LIGEIR%C3%83O_SANTA_C%C3%82NDIDA_PRA%C3%87A_DO_JAP%C3%83O-Curitiba-942-9628-1323763-0,-1.0,-25.437688,-49.266926,,False,5,1,2023-06-19T11:09:24.349288+00:00
CUR_BE707,Curitiba,4106902,0,URBS,200,https://moovitapp.com/index/pt-br/transporte_p%C3%BAblico-line-200_LIGEIR%C3%83O_SANTA_C%C3%82NDIDA_PRA%C3%87A_DO_JAP%C3%83O-Curitiba-942-9628-1323763-0,-1.0,-25.377383,-49.224443,,False,5,1,2023-06-19T11:10:24.349288+00:00
CUR_HE710,Curitiba,4106902,0,URBS,200,https://moovitapp.com/index/pt-br/transporte_p%C3%BAblico-line-200_LIGEIR%C3%83O_SANTA_C%C3%82NDIDA_PRA%C3%87A_DO_JAP%C3%83O-Curitiba-942-9628-1323763-0,-1.0,-25.425048,-49.268755,,False,5,2,2023-06-19T11:12:24.349288+00:00
CUR_HE706,Curitiba,4106902,0,URBS,200,https://moovitapp.com/index/pt-br/transporte_p%C3%BAblico-line-200_LIGEIR%C3%83O_SANTA_C%C3%82NDIDA_PRA%C3%87A_DO_JAP%C3%83O-Curitiba-942-9628-1323763-0,-1.0,-25.423926,-49.268383,,False,5,1,2023-06-19T11:12:24.349288+00:00
CUR_BE702,Curitiba,4106902,0,URBS,200,https://moovitapp.com/index/pt-br/transporte_p%C3%BAblico-line-200_LIGEIR%C3%83O_SANTA_C%C3%82NDIDA_PRA%C3%87A_DO_JAP%C3%83O-Curitiba-942-9628-1323763-0,-1.0,-25.412195,-49.257805,,False,5,1,2023-06-19T11:12:24.349288+00:00
CUR_BE721,Curitiba,4106902,0,URBS,200,https://moovitapp.com/index/pt-br/transporte_p%C3%BAblico-line-200_LIGEIR%C3%83O_SANTA_C%C3%82NDIDA_PRA%C3%87A_DO_JAP%C3%83O-Curitiba-942-9628-1323763-0,-1.0,-25.437535,-49.266366,,False,5,2,2023-06-19T11:11:24.349288+00:00
CUR_BE712,Curitiba,4106902,0,URBS,200,https://moovitapp.com/index/pt-br/transporte_p%C3%BAblico-line-200_LIGEIR%C3%83O_SANTA_C%C3%82NDIDA_PRA%C3%87A_DO_JAP%C3%83O-Curitiba-942-9628-1323763-0,-1.0,-25.39427,-49.241185,,False,5,1,2023-06-19T11:12:24.349288+00:00
CUR_BE701,Curitiba,4106902,0,URBS,200,https://moovitapp.com/index/pt-br/transporte_p%C3%BAblico-line-200_LIGEIR%C3%83O_SANTA_C%C3%82NDIDA_PRA%C3%87A_DO_JAP%C3%83O-Curitiba-942-9628-1323763-0,-1.0,-25.433051,-49.266455,,False,5,2,2023-06-19T11:09:24.349288+00:00
CUR_BE704,Curitiba,4106902,0,URBS,200,https://moovitapp.com/index/pt-br/transporte_p%C3%BAblico-line-200_LIGEIR%C3%83O_SANTA_C%C3%82NDIDA_PRA%C3%87A_DO_JAP%C3%83O-Curitiba-942-9628-1323763-0,-1.0,-25.437433,-49.266366,,False,5,2,2023-06-19T11:01:24.349288+00:00
CUR_BE714,Curitiba,4106902,0,URBS,200,https://moovitapp.com/index/pt-br/transporte_p%C3%BAblico-line-200_LIGEIR%C3%83O_SANTA_C%C3%82NDIDA_PRA%C3%87A_DO_JAP%C3%83O-Curitiba-942-9628-1323763-0,-1.0,-25.430551,-49.26741,,False,5,2,2023-06-19T11:11:24.349288+00:00
CUR_BE706,Curitiba,4106902,0,URBS,200,https://moovitapp.com/index/pt-br/transporte_p%C3%BAblico-line-200_LIGEIR%C3%83O_SANTA_C%C3%82NDIDA_PRA%C3%87A_DO_JAP%C3%83O-Curitiba-942-9628-1323763-0,-1.0,-25.389053,-49.236485,,False,5,1,2023-06-19T11:10:24.349288+00:00
CUR_GL311,Curitiba,4106902,0,URBS,610,https://moovitapp.com/index/pt-br/transporte_p%C3%BAblico-line-610_S%C3%8DTIO_CERCADO_CAP%C3%83O_RASO-Curitiba-942-9628-491981-0,-1.0,-25.512248,-49.294463,,False,3,1,2023-06-19T11:01:24.349288+00:00
CUR_GL315,Curitiba,4106902,0,URBS,610,https://moovitapp.com/index/pt-br/transporte_p%C3%BAblico-line-610_S%C3%8DTIO_CERCADO_CAP%C3%83O_RASO-Curitiba-942-9628-491981-0,-1.0,-25.526075,-49.291631,,False,3,2,2023-06-19T11:08:24.349288+00:00
CUR_GA003,Curitiba,4106902,1,,637,,,-25.542995,-49.276453,,False,1,1,2023-06-19T11:11:24.349288+00:00
CUR_GI046,Curitiba,4106902,1,,637,,,-25.527545,-49.289978,,False,1,1,2023-06-19T11:11:24.349288+00:00
CUR_BI901,Curitiba,4106902,1,,361,,,-25.414385,-49.232308,,False,7,1,2023-06-19T11:10:24.349288+00:00
CUR_HI855,Curitiba,4106902,1,,814,,,-25.436303,-49.340658,,False,7,1,2023-06-19T11:07:24.349288+00:00
CUR_HC853,Curitiba,4106902,1,,814,,,-25.436551,-49.336445,,False,7,2,2023-06-19T11:10:24.349288+00:00
CUR_JA299,Curitiba,4106902,1,,814,,,-25.435615,-49.30655,,False,1,2,2023-06-19T11:05:24.349288+00:00
CUR_BI874,Curitiba,4106902,1,,274,,,-25.407851,-49.256576,,False,7,2,2023-06-19T11:12:24.349288+00:00
CUR_BI888,Curitiba,4106902,1,,274,,,-25.399791,-49.257805,,False,7,1,2023-06-19T11:10:24.349288+00:00
CUR_MN610,Curitiba,4106902,1,,464,,,-25.44143,-49.258396,,False,7,2,2023-06-19T11:12:24.349288+00:00
CUR_DN603,Curitiba,4106902,1,,464,,,-25.431133,-49.27705,,False,7,2,2023-06-19T11:12:24.349288+00:00
CUR_HI003,Curitiba,4106902,1,,801,,,-25.437381,-49.307891,,False,1,2,2023-06-19T11:12:24.349288+00:00
CUR_HC008,Curitiba,4106902,1,,801,,,-25.432281,-49.271945,,False,1,1,2023-06-19T11:12:24.349288+00:00
CUR_HC502,Curitiba,4106902,1,,801,,,-25.44533,-49.295731,,False,2,2,2023-06-19T11:12:24.349288+00:00
CUR_JC318,Curitiba,4106902,1,,801,,,-25.440073,-49.281803,,False,10,2,2023-06-19T11:11:24.349288+00:00
CUR_HC500,Curitiba,4106902,1,,801,,,-25.444643,-49.291616,,False,2,2,2023-06-19T11:11:24.349288+00:00
CUR_BI886,Curitiba,4106902,1,,224,,,-25.385251,-49.23708,,False,7,,2023-06-19T11:12:24.349288+00:00
CUR_JB302,Curitiba,4106902,1,,720,,,-25.445286,-49.34591,,False,10,2,2023-06-19T11:05:24.349288+00:00
CUR_JI863,Curitiba,4106902,1,,779,,,-25.4586,-49.321591,,False,7,2,2023-06-19T11:11:24.349288+00:00
CUR_HL306,Curitiba,4106902,0,URBS,X32,https://moovitapp.com/index/pt-br/transporte_p%C3%BAblico-line-X32_CIC_CAP%C3%83O_RASO-Curitiba-942-9628-557282-0,-1.0,-25.504408,-49.3177,,False,3,1,2023-06-19T11:11:24.349288+00:00
CUR_MI852,Curitiba,4106902,1,Auto Viação São José,150,https://moovitapp.com/index/pt-br/transporte_p%C3%BAblico-line-150_T_AFONSO_PENA_PIT_BORDA_DO_CAMPO-Curitiba-942-857412-53904521-0,-1.0,-25.419501,-49.280235,,False,7,1,2023-06-19T11:12:24.349288+00:00
CUR_GA001,Curitiba,4106902,1,,614,,,-25.450376,-49.256085,,False,1,1,2023-06-19T11:09:24.349288+00:00
CUR_GI301,Curitiba,4106902,1,,614,,,-25.477321,-49.327191,,False,3,2,2023-06-19T11:11:24.349288+00:00
CUR_BI881,Curitiba,4106902,1,,385,,,-25.432776,-49.23749,,False,7,1,2023-06-19T11:12:24.349288+00:00
CUR_BI862,Curitiba,4106902,1,,385,,,-25.430545,-49.267713,,False,7,1,2023-06-19T11:12:24.349288+00:00
CUR_GI853,Curitiba,4106902,1,,666,,,-25.494401,-49.28167,,False,7,2,2023-06-19T11:12:24.349288+00:00
CUR_HB693,Curitiba,4106902,1,,027,,,-25.43954,-49.306963,,False,4,2,2023-06-19T11:11:24.349288+00:00
CUR_DC853,Curitiba,4106902,1,,331,,,-25.469131,-49.208426,,False,7,,2023-06-19T11:12:24.349288+00:00
CUR_BI896,Curitiba,4106902,1,,875,,,-25.431436,-49.283031,,False,7,2,2023-06-19T11:10:24.349288+00:00
CUR_GL080,Curitiba,4106902,0,URBS,520,https://moovitapp.com/index/pt-br/transporte_p%C3%BAblico-line-520_OSTERNACK_S%C3%8DTIO_CERCADO_LD-Curitiba-942-9628-82134294-0,-1.0,-25.43694,-49.270871,,False,3,1,2023-06-19T11:04:24.349288+00:00
CUR_GL329,Curitiba,4106902,1,URBS,520,https://moovitapp.com/index/pt-br/transporte_p%C3%BAblico-line-520_OSTERNACK_S%C3%8DTIO_CERCADO_LD-Curitiba-942-9628-82134294-0,-1.0,-25.451871,-49.266166,,False,3,1,2023-06-19T11:12:24.349288+00:00
CUR_BC011,Curitiba,4106902,1,,829,,,-25.444316,-49.359423,,False,1,2,2023-06-19T11:09:24.349288+00:00
CUR_BC010,Curitiba,4106902,1,,829,,,-25.446651,-49.355918,,False,1,,2023-06-19T11:12:24.349288+00:00
CUR_BA018,Curitiba,4106902,1,,829,,,-25.441403,-49.347093,,False,1,,2023-06-19T11:08:24.349288+00:00
CUR_BC012,Curitiba,4106902,1,,829,,,-25.44795,-49.355871,,False,1,,2023-06-19T11:12:24.349288+00:00
CUR_JL301,Curitiba,4106902,0,URBS,X36,https://moovitapp.com/index/pt-br/transporte_p%C3%BAblico-line-X36_REFOR%C3%87O_GUADALUPE_FAZENDINHA-Curitiba-942-9628-11745709-0,-1.0,-25.477523,-49.326251,,False,3,2,2023-06-19T11:11:24.349288+00:00
CUR_JL308,Curitiba,4106902,0,URBS,X36,https://moovitapp.com/index/pt-br/transporte_p%C3%BAblico-line-X36_REFOR%C3%87O_GUADALUPE_FAZENDINHA-Curitiba-942-9628-11745709-0,-1.0,-25.450301,-49.290726,,False,3,2,2023-06-19T11:11:24.349288+00:00
CUR_JL316,Curitiba,4106902,0,URBS,X36,https://moovitapp.com/index/pt-br/transporte_p%C3%BAblico-line-X36_REFOR%C3%87O_GUADALUPE_FAZENDINHA-Curitiba-942-9628-11745709-0,-1.0,-25.435291,-49.26496,,False,3,1,2023-06-19T11:12:24.349288+00:00
CUR_JL312,Curitiba,4106902,0,URBS,X36,https://moovitapp.com/index/pt-br/transporte_p%C3%BAblico-line-X36_REFOR%C3%87O_GUADALUPE_FAZENDINHA-Curitiba-942-9628-11745709-0,-1.0,-25.451551,-49.288985,,False,3,1,2023-06-19T11:12:24.349288+00:00
CUR_DE701,Curitiba,4106902,0,URBS,302,https://moovitapp.com/index/pt-br/transporte_p%C3%BAblico-line-302_CENTEN%C3%81RIO_RUI_BARBOSA-Curitiba-942-9628-294501-0,-1.0,-25.467761,-49.25526,,False,5,1,2023-06-19T11:01:24.349288+00:00
CUR_DE695,Curitiba,4106902,0,URBS,302,https://moovitapp.com/index/pt-br/transporte_p%C3%BAblico-line-302_CENTEN%C3%81RIO_RUI_BARBOSA-Curitiba-942-9628-294501-0,-1.0,-25.437551,-49.266588,,False,4,1,2023-06-19T11:01:24.349288+00:00
CUR_DE696,Curitiba,4106902,0,URBS,302,https://moovitapp.com/index/pt-br/transporte_p%C3%BAblico-line-302_CENTEN%C3%81RIO_RUI_BARBOSA-Curitiba-942-9628-294501-0,-1.0,-25.43571,-49.261051,,False,4,1,2023-06-19T11:11:24.349288+00:00
CUR_DE698,Curitiba,4106902,0,URBS,302,https://moovitapp.com/index/pt-br/transporte_p%C3%BAblico-line-302_CENTEN%C3%81RIO_RUI_BARBOSA-Curitiba-942-9628-294501-0,-1.0,-25.440048,-49.221501,,False,4,2,2023-06-19T11:12:24.349288+00:00
CUR_JA029,Curitiba,4106902,1,,831,,,-25.492585,-49.305505,,False,1,1,2023-06-19T11:12:24.349288+00:00
CUR_JA020,Curitiba,4106902,1,,831,,,-25.482116,-49.323063,,False,1,2,2023-06-19T11:13:24.349288+00:00
CUR_BC850,Curitiba,4106902,1,,164,,,-25.416826,-49.277633,,False,7,2,2023-06-19T11:12:24.349288+00:00
CUR_DL308,Curitiba,4106902,0,URBS,305,https://moovitapp.com/index/pt-br/transporte_p%C3%BAblico-line-305_CENTEN%C3%81RIO-Curitiba-942-9628-294271-0,-1.0,-25.455658,-49.224033,,False,3,2,2023-06-19T11:13:24.349288+00:00
CUR_JL318,Curitiba,4106902,0,URBS,024,https://moovitapp.com/index/pt-br/transporte_p%C3%BAblico-line-024_CAP%C3%83O_RASO_CAMPINA_DO_SIQUEIRA-Curitiba-942-9628-1323693-0,-1.0,-25.4359,-49.306146,,False,3,1,2023-06-19T11:12:24.349288+00:00
CUR_HL317,Curitiba,4106902,0,URBS,024,https://moovitapp.com/index/pt-br/transporte_p%C3%BAblico-line-024_CAP%C3%83O_RASO_CAMPINA_DO_SIQUEIRA-Curitiba-942-9628-1323693-0,-1.0,-25.459208,-49.302445,,False,3,2,2023-06-19T11:12:24.349288+00:00
CUR_HL311,Curitiba,4106902,0,URBS,024,https://moovitapp.com/index/pt-br/transporte_p%C3%BAblico-line-024_CAP%C3%83O_RASO_CAMPINA_DO_SIQUEIRA-Curitiba-942-9628-1323693-0,-1.0,-25.492336,-49.292908,,False,3,1,2023-06-19T11:13:24.349288+00:00
CUR_HE605,Curitiba,4106902,0,URBS,X11,https://moovitapp.com/index/pt-br/transporte_p%C3%BAblico-line-X11_S%C3%8DTIO_CERCADO_CAP%C3%83O_RASO-Curitiba-942-9628-531688-0,-1.0,-25.438295,-49.272606,,False,4,1,2023-06-19T11:12:24.349288+00:00
CUR_HE600,Curitiba,4106902,0,URBS,X11,https://moovitapp.com/index/pt-br/transporte_p%C3%BAblico-line-X11_S%C3%8DTIO_CERCADO_CAP%C3%83O_RASO-Curitiba-942-9628-531688-0,-1.0,-25.44037,-49.269313,,False,4,1,2023-06-19T11:00:24.349288+00:00
CUR_DL315,Curitiba,4106902,0,URBS,469,https://moovitapp.com/index/pt-br/transporte_p%C3%BAblico-line-469_CENTRO_POLIT%C3%89CNICO-Curitiba-942-9628-294421-0,-1.0,-25.439986,-49.249441,,False,3,1,2023-06-19T11:12:24.349288+00:00
CUR_DL040,Curitiba,4106902,0,URBS,469,https://moovitapp.com/index/pt-br/transporte_p%C3%BAblico-line-469_CENTRO_POLIT%C3%89CNICO-Curitiba-942-9628-294421-0,-1.0,-25.443711,-49.244356,,False,3,1,2023-06-19T11:12:24.349288+00:00
CUR_BL316,Curitiba,4106902,0,URBS,518,https://moovitapp.com/index/pt-br/transporte_p%C3%BAblico-line-518_PUC_RODOFERROVI%C3%81RIA-Curitiba-942-9628-743528-0,-1.0,-25.436276,-49.263721,,False,3,2,2023-06-19T11:08:24.349288+00:00
CUR_GE602,Curitiba,4106902,0,URBS,X12,https://moovitapp.com/index/pt-br/transporte_p%C3%BAblico-line-X12_ESPECIAL_BOQUEIR%C3%83O-Curitiba-942-9628-504177-0,-1.0,-25.530948,-49.254713,,False,4,1,2023-06-19T11:12:24.349288+00:00
CUR_BA012,Curitiba,4106902,1,,815,,,-25.436033,-49.30744,,False,1,,2023-06-19T11:07:24.349288+00:00
CUR_BA016,Curitiba,4106902,1,,815,,,-25.431183,-49.316168,,False,1,,2023-06-19T11:11:24.349288+00:00
