bus_id,city,city_code,adapted,agency,line_code,line_url,line_fare,latitude,longitude,bus_speed,is_eletric,bus_type,bus_direction,updated_at
CUR_BC020,Curitiba,4106902,1,,870,,,-25.429876,-49.35357,,False,1,1,2023-06-19T10:40:29.657453+00:00
CUR_BC008,Curitiba,4106902,1,,870,,,-25.429721,-49.272608,,False,1,1,2023-06-19T10:39:29.657453+00:00
CUR_BC014,Curitiba,4106902,1,,870,,,-25.430735,-49.338475,,False,1,2,2023-06-19T10:40:29.657453+00:00
CUR_DE698,Curitiba,4106902,0,URBS,302,https://moovitapp.com/index/pt-br/transporte_p%C3%BAblico-line-302_CENTEN%C3%81RIO_RUI_BARBOSA-Curitiba-942-9628-294501-0,-1.0,-25.468136,-49.254455,,False,4,2,2023-06-19T10:41:29.657453+00:00
CUR_DE703,Curitiba,4106902,0,URBS,302,https://moovitapp.com/index/pt-br/transporte_p%C3%BAblico-line-302_CENTEN%C3%81RIO_RUI_BARBOSA-Curitiba-942-9628-294501-0,-1.0,-25.450125,-49.253635,,False,5,,2023-06-19T10:39:29.657453+00:00
CUR_DL317,Curitiba,4106902,0,URBS,023,https://moovitapp.com/index/pt-br/transporte_p%C3%BAblico-line-023_INTER_2_ANTI_HOR%C3%81RIO-Curitiba-942-9628-398189-0,-1.0,-25.435783,-49.21465,,False,3,,2023-06-19T10:41:29.657453+00:00
CUR_MB601,Curitiba,4106902,1,,040,,,-25.419761,-49.29397,,False,4,,2023-06-19T10:37:29.657453+00:00
CUR_DN600,Curitiba,4106902,1,,461,,,-25.468293,-49.256091,,False,7,,2023-06-19T10:41:29.657453+00:00
CUR_MC080,Curitiba,4106902,1,,972,,,-25.41914,-49.29477,,False,1,,2023-06-19T10:35:29.657453+00:00
CUR_HI854,Curitiba,4106902,1,,673,,,-25.48904,-49.303581,,False,7,2,2023-06-19T10:38:29.657453+00:00
CUR_HI862,Curitiba,4106902,1,,673,,,-25.441331,-49.272425,,False,7,1,2023-06-19T10:42:29.657453+00:00
CUR_BI030,Curitiba,4106902,1,,812,,,-25.429863,-49.32278,,False,1,1,2023-06-19T10:39:29.657453+00:00
CUR_BI026,Curitiba,4106902,1,,812,,,-25.417181,-49.342885,,False,1,2,2023-06-19T10:41:29.657453+00:00
CUR_BC022,Curitiba,4106902,1,,812,,,-25.431125,-49.316386,,False,1,2,2023-06-19T10:40:29.657453+00:00
CUR_BA022,Curitiba,4106902,1,,812,,,-25.413205,-49.356306,,False,1,1,2023-06-19T10:42:29.657453+00:00
CUR_GE607,Curitiba,4106902,0,URBS,350,https://moovitapp.com/index/pt-br/transporte_p%C3%BAblico-line-350_FAGUNDES_VARELA_PINHEIRINHO-Curitiba-942-9628-52482798-0,-1.0,-25.512473,-49.290078,,False,4,2,2023-06-19T10:40:29.657453+00:00
CUR_BE718,Curitiba,4106902,0,URBS,350,https://moovitapp.com/index/pt-br/transporte_p%C3%BAblico-line-350_FAGUNDES_VARELA_PINHEIRINHO-Curitiba-942-9628-52482798-0,-1.0,-25.459573,-49.250045,,False,5,2,2023-06-19T10:40:29.657453+00:00
CUR_HE716,Curitiba,4106902,0,URBS,350,https://moovitapp.com/index/pt-br/transporte_p%C3%BAblico-line-350_FAGUNDES_VARELA_PINHEIRINHO-Curitiba-942-9628-52482798-0,-1.0,-25.485236,-49.267063,,False,5,1,2023-06-19T10:41:29.657453+00:00
CUR_BE708,Curitiba,4106902,0,URBS,350,https://moovitapp.com/index/pt-br/transporte_p%C3%BAblico-line-350_FAGUNDES_VARELA_PINHEIRINHO-Curitiba-942-9628-52482798-0,-1.0,-25.410158,-49.220405,,False,5,1,2023-06-19T10:41:29.657453+00:00
CUR_MC304,Curitiba,4106902,1,,901,,,-25.420801,-49.292305,,False,3,2,2023-06-19T10:41:29.657453+00:00
CUR_MC300,Curitiba,4106902,1,,901,,,-25.424326,-49.279461,,False,3,1,2023-06-19T10:41:29.657453+00:00
CUR_MC306,Curitiba,4106902,1,,901,,,-25.41601,-49.296431,,False,3,1,2023-06-19T10:41:29.657453+00:00
CUR_MC307,Curitiba,4106902,1,,901,,,-25.419096,-49.294658,,False,3,2,2023-06-19T10:40:29.657453+00:00
CUR_BC009,Curitiba,4106902,1,,160,,,-25.435696,-49.270963,,False,1,1,2023-06-19T10:41:29.657453+00:00
CUR_BC025,Curitiba,4106902,1,,160,,,-25.430805,-49.273008,,False,1,2,2023-06-19T10:41:29.657453+00:00
CUR_JC306,Curitiba,4106902,1,,778,,,-25.455736,-49.306056,,False,3,2,2023-06-19T10:40:29.657453+00:00
CUR_JC314,Curitiba,4106902,1,,778,,,-25.437163,-49.270801,,False,3,1,2023-06-19T10:41:29.657453+00:00
CUR_JC300,Curitiba,4106902,1,,778,,,-25.449395,-49.366723,,False,3,1,2023-06-19T10:39:29.657453+00:00
CUR_JI300,Curitiba,4106902,0,,778,,,-25.47137,-49.33111,,False,3,1,2023-06-19T10:42:29.657453+00:00
CUR_EI015,Curitiba,4106902,1,,511,,,-25.51689,-49.230831,,False,1,1,2023-06-19T10:41:29.657453+00:00
CUR_EA007,Curitiba,4106902,1,,511,,,-25.46843,-49.255813,,False,1,2,2023-06-19T10:41:29.657453+00:00
CUR_HI023,Curitiba,4106902,1,,619,,,-25.511766,-49.325508,,False,1,1,2023-06-19T10:42:29.657453+00:00
CUR_HA600,Curitiba,4106902,1,,619,,,-25.575526,-49.338348,,False,4,2,2023-06-19T10:40:29.657453+00:00
CUR_HA609,Curitiba,4106902,1,,619,,,-25.551858,-49.333358,,False,4,2,2023-06-19T10:39:29.657453+00:00
CUR_HB300,Curitiba,4106902,1,,619,,,-25.531165,-49.323025,,False,3,1,2023-06-19T10:41:29.657453+00:00
CUR_BA021,Curitiba,4106902,1,,817,,,-25.418973,-49.343638,,False,1,1,2023-06-19T10:42:29.657453+00:00
CUR_MI001,Curitiba,4106902,1,,817,,,-25.43078,-49.324318,,False,1,1,2023-06-19T10:41:29.657453+00:00
CUR_BA013,Curitiba,4106902,1,,817,,,-25.411385,-49.32617,,False,1,2,2023-06-19T10:41:29.657453+00:00
CUR_BA602,Curitiba,4106902,1,Auto Viação São José,216,https://moovitapp.com/index/pt-br/transporte_p%C3%BAblico-line-216_PIT_PRA%C3%87A_DA_JUVENTUDE_SANTA_F%C3%89_PINDORAMA-Curitiba-942-857412-122004458-0,-1.0,-25.417363,-49.248428,,False,4,2,2023-06-19T10:39:29.657453+00:00
CUR_HA607,Curitiba,4106902,1,Auto Viação São José,216,https://moovitapp.com/index/pt-br/transporte_p%C3%BAblico-line-216_PIT_PRA%C3%87A_DA_JUVENTUDE_SANTA_F%C3%89_PINDORAMA-Curitiba-942-857412-122004458-0,-1.0,-25.463753,-49.276605,,False,4,1,2023-06-19T10:34:29.657453+00:00
CUR_CA600,Curitiba,4106902,1,Auto Viação São José,216,https://moovitapp.com/index/pt-br/transporte_p%C3%BAblico-line-216_PIT_PRA%C3%87A_DA_JUVENTUDE_SANTA_F%C3%89_PINDORAMA-Curitiba-942-857412-122004458-0,-1.0,-25.45826,-49.270746,,False,4,1,2023-06-19T10:42:29.657453+00:00
CUR_BI301,Curitiba,4106902,1,Auto Viação São José,216,https://moovitapp.com/index/pt-br/transporte_p%C3%BAblico-line-216_PIT_PRA%C3%87A_DA_JUVENTUDE_SANTA_F%C3%89_PINDORAMA-Curitiba-942-857412-122004458-0,-1.0,-25.439108,-49.237683,,False,3,1,2023-06-19T10:36:29.657453+00:00
CUR_CB600,Curitiba,4106902,1,Auto Viação São José,216,https://moovitapp.com/index/pt-br/transporte_p%C3%BAblico-line-216_PIT_PRA%C3%87A_DA_JUVENTUDE_SANTA_F%C3%89_PINDORAMA-Curitiba-942-857412-122004458-0,-1.0,-25.387145,-49.21155,,False,4,1,2023-06-19T10:41:29.657453+00:00
CUR_HI602,Curitiba,4106902,1,Auto Viação São José,216,https://moovitapp.com/index/pt-br/transporte_p%C3%BAblico-line-216_PIT_PRA%C3%87A_DA_JUVENTUDE_SANTA_F%C3%89_PINDORAMA-Curitiba-942-857412-122004458-0,-1.0,-25.471806,-49.285526,,False,4,1,2023-06-19T10:39:29.657453+00:00
CUR_HI609,Curitiba,4106902,1,Auto Viação São José,216,https://moovitapp.com/index/pt-br/transporte_p%C3%BAblico-line-216_PIT_PRA%C3%87A_DA_JUVENTUDE_SANTA_F%C3%89_PINDORAMA-Curitiba-942-857412-122004458-0,-1.0,-25.452803,-49.26449,,False,4,1,2023-06-19T10:33:29.657453+00:00
CUR_BA601,Curitiba,4106902,1,Auto Viação São José,216,https://moovitapp.com/index/pt-br/transporte_p%C3%BAblico-line-216_PIT_PRA%C3%87A_DA_JUVENTUDE_SANTA_F%C3%89_PINDORAMA-Curitiba-942-857412-122004458-0,-1.0,-25.406211,-49.252085,,False,4,2,2023-06-19T10:41:29.657453+00:00
CUR_DA699,Curitiba,4106902,1,Auto Viação São José,216,https://moovitapp.com/index/pt-br/transporte_p%C3%BAblico-line-216_PIT_PRA%C3%87A_DA_JUVENTUDE_SANTA_F%C3%89_PINDORAMA-Curitiba-942-857412-122004458-0,-1.0,-25.429625,-49.249153,,False,4,1,2023-06-19T10:40:29.657453+00:00
CUR_CA697,Curitiba,4106902,1,Auto Viação São José,216,https://moovitapp.com/index/pt-br/transporte_p%C3%BAblico-line-216_PIT_PRA%C3%87A_DA_JUVENTUDE_SANTA_F%C3%89_PINDORAMA-Curitiba-942-857412-122004458-0,-1.0,-25.38058,-49.185845,,False,4,1,2023-06-19T10:41:29.657453+00:00
CUR_DA698,Curitiba,4106902,1,Auto Viação São José,216,https://moovitapp.com/index/pt-br/transporte_p%C3%BAblico-line-216_PIT_PRA%C3%87A_DA_JUVENTUDE_SANTA_F%C3%89_PINDORAMA-Curitiba-942-857412-122004458-0,-1.0,-25.467801,-49.254576,,False,4,2,2023-06-19T10:41:29.657453+00:00
CUR_CA698,Curitiba,4106902,0,Auto Viação São José,216,https://moovitapp.com/index/pt-br/transporte_p%C3%BAblico-line-216_PIT_PRA%C3%87A_DA_JUVENTUDE_SANTA_F%C3%89_PINDORAMA-Curitiba-942-857412-122004458-0,-1.0,-25.38054,-49.185866,,False,4,1,2023-06-19T10:41:29.657453+00:00
CUR_JB611,Curitiba,4106902,1,,040,,,-25.449108,-49.367091,,False,4,1,2023-06-19T10:40:29.657453+00:00
CUR_GB603,Curitiba,4106902,1,,040,,,-25.441576,-49.34654,,False,4,1,2023-06-19T10:39:29.657453+00:00
CUR_HB694,Curitiba,4106902,1,,040,,,-25.513175,-49.295115,,False,4,1,2023-06-19T10:40:29.657453+00:00
CUR_HB699,Curitiba,4106902,1,,040,,,-25.460795,-49.345293,,False,4,1,2023-06-19T10:41:29.657453+00:00
CUR_HB602,Curitiba,4106902,1,,040,,,-25.477425,-49.326618,,False,4,2,2023-06-19T10:38:29.657453+00:00
CUR_GB609,Curitiba,4106902,1,,040,,,-25.479868,-49.324206,,False,4,1,2023-06-19T10:42:29.657453+00:00
CUR_MB605,Curitiba,4106902,1,,040,,,-25.405978,-49.335583,,False,4,2,2023-06-19T10:40:29.657453+00:00
CUR_JB609,Curitiba,4106902,1,,040,,,-25.496931,-49.32572,,False,4,2,2023-06-19T10:41:29.657453+00:00
CUR_MB699,Curitiba,4106902,1,,040,,,-25.511691,-49.332586,,False,4,1,2023-06-19T10:42:29.657453+00:00
CUR_GR123,Curitiba,4106902,1,,040,,,-25.472005,-49.34123,,False,4,2,2023-06-19T10:41:29.657453+00:00
CUR_HB609,Curitiba,4106902,1,,040,,,-25.506986,-49.329258,,False,4,1,2023-06-19T10:36:29.657453+00:00
CUR_HB600,Curitiba,4106902,1,,040,,,-25.400651,-49.330895,,False,4,2,2023-06-19T10:42:29.657453+00:00
CUR_JB607,Curitiba,4106902,1,,040,,,-25.512136,-49.308188,,False,4,2,2023-06-19T10:41:29.657453+00:00
CUR_MB698,Curitiba,4106902,1,,040,,,-25.419546,-49.294058,,False,4,2,2023-06-19T10:39:29.657453+00:00
CUR_GR126,Curitiba,4106902,1,,040,,,-25.422366,-49.34945,,False,4,1,2023-06-19T10:40:29.657453+00:00
CUR_HB698,Curitiba,4106902,1,,040,,,-25.445348,-49.346011,,False,4,1,2023-06-19T10:40:29.657453+00:00
CUR_MR106,Curitiba,4106902,1,,040,,,-25.419355,-49.294101,,False,4,2,2023-06-19T10:40:29.657453+00:00
CUR_JB608,Curitiba,4106902,1,,040,,,-25.51395,-49.312105,,False,4,1,2023-06-19T10:42:29.657453+00:00
CUR_HB605,Curitiba,4106902,1,,040,,,-25.416583,-49.349825,,False,4,2,2023-06-19T10:41:29.657453+00:00
CUR_HB302,Curitiba,4106902,1,,040,,,-25.477261,-49.33491,,False,3,1,2023-06-19T10:41:29.657453+00:00
CUR_HB697,Curitiba,4106902,1,,040,,,-25.449133,-49.351533,,False,4,2,2023-06-19T10:40:29.657453+00:00
CUR_MB499,Curitiba,4106902,0,,040,,,-25.419565,-49.294256,,False,3,2,2023-06-19T10:40:29.657453+00:00
CUR_GI855,Curitiba,4106902,1,,661,,,-25.47233,-49.264603,,False,7,2,2023-06-19T10:38:29.657453+00:00
CUR_GI859,Curitiba,4106902,1,,661,,,-25.439866,-49.271866,,False,7,1,2023-06-19T10:40:29.657453+00:00
CUR_BB601,Curitiba,4106902,1,,020,,,-25.409758,-49.291785,,False,4,,2023-06-19T10:40:29.657453+00:00
CUR_BB605,Curitiba,4106902,1,,020,,,-25.432645,-49.298833,,False,4,,2023-06-19T10:40:29.657453+00:00
CUR_CB602,Curitiba,4106902,1,,020,,,-25.380908,-49.186183,,False,4,,2023-06-19T10:42:29.657453+00:00
CUR_BB613,Curitiba,4106902,1,,020,,,-25.441083,-49.221283,,False,4,,2023-06-19T10:40:29.657453+00:00
CUR_HB611,Curitiba,4106902,1,,020,,,-25.48658,-49.255948,,False,4,,2023-06-19T10:41:29.657453+00:00
CUR_BB612,Curitiba,4106902,1,,020,,,-25.494973,-49.277998,,False,4,,2023-06-19T10:39:29.657453+00:00
CUR_BB609,Curitiba,4106902,1,,020,,,-25.397196,-49.251173,,False,4,,2023-06-19T10:39:29.657453+00:00
CUR_CB603,Curitiba,4106902,1,,020,,,-25.5015,-49.237431,,False,4,,2023-06-19T10:41:29.657453+00:00
CUR_EB604,Curitiba,4106902,1,,020,,,-25.468538,-49.254628,,False,4,,2023-06-19T10:41:29.657453+00:00
CUR_BB620,Curitiba,4106902,1,,020,,,-25.472501,-49.23793,,False,4,,2023-06-19T10:41:29.657453+00:00
CUR_BB606,Curitiba,4106902,1,,020,,,-25.428766,-49.227071,,False,4,,2023-06-19T10:41:29.657453+00:00
CUR_EB607,Curitiba,4106902,1,,020,,,-25.468491,-49.254665,,False,4,,2023-06-19T10:41:29.657453+00:00
CUR_KB608,Curitiba,4106902,1,,020,,,-25.513026,-49.262926,,False,4,,2023-06-19T10:41:29.657453+00:00
CUR_GR034,Curitiba,4106902,0,URBS,602,https://moovitapp.com/index/pt-br/transporte_p%C3%BAblico-line-602_CIRCULAR_SUL_ANTI_HOR%C3%81RIO-Curitiba-942-9628-294517-0,-1.0,-25.512276,-49.295636,,False,4,,2023-06-19T10:38:29.657453+00:00
CUR_GE713,Curitiba,4106902,0,URBS,602,https://moovitapp.com/index/pt-br/transporte_p%C3%BAblico-line-602_CIRCULAR_SUL_ANTI_HOR%C3%81RIO-Curitiba-942-9628-294517-0,-1.0,-25.488298,-49.294223,,False,5,,2023-06-19T10:41:29.657453+00:00
CUR_GE601,Curitiba,4106902,0,URBS,602,https://moovitapp.com/index/pt-br/transporte_p%C3%BAblico-line-602_CIRCULAR_SUL_ANTI_HOR%C3%81RIO-Curitiba-942-9628-294517-0,-1.0,-25.471761,-49.261785,,False,4,,2023-06-19T10:41:29.657453+00:00
CUR_HE606,Curitiba,4106902,0,URBS,602,https://moovitapp.com/index/pt-br/transporte_p%C3%BAblico-line-602_CIRCULAR_SUL_ANTI_HOR%C3%81RIO-Curitiba-942-9628-294517-0,-1.0,-25.509161,-49.233715,,False,4,,2023-06-19T10:38:29.657453+00:00
CUR_HE612,Curitiba,4106902,0,URBS,602,https://moovitapp.com/index/pt-br/transporte_p%C3%BAblico-line-602_CIRCULAR_SUL_ANTI_HOR%C3%81RIO-Curitiba-942-9628-294517-0,-1.0,-25.482695,-49.246698,,False,4,,2023-06-19T10:41:29.657453+00:00
CUR_GR032,Curitiba,4106902,0,URBS,602,https://moovitapp.com/index/pt-br/transporte_p%C3%BAblico-line-602_CIRCULAR_SUL_ANTI_HOR%C3%81RIO-Curitiba-942-9628-294517-0,-1.0,-25.529361,-49.247595,,False,4,,2023-06-19T10:41:29.657453+00:00
CUR_HE607,Curitiba,4106902,0,URBS,602,https://moovitapp.com/index/pt-br/transporte_p%C3%BAblico-line-602_CIRCULAR_SUL_ANTI_HOR%C3%81RIO-Curitiba-942-9628-294517-0,-1.0,-25.516495,-49.230205,,False,4,,2023-06-19T10:41:29.657453+00:00
CUR_GE611,Curitiba,4106902,0,URBS,602,https://moovitapp.com/index/pt-br/transporte_p%C3%BAblico-line-602_CIRCULAR_SUL_ANTI_HOR%C3%81RIO-Curitiba-942-9628-294517-0,-1.0,-25.530893,-49.287653,,False,4,,2023-06-19T10:40:29.657453+00:00
CUR_HE608,Curitiba,4106902,0,URBS,602,https://moovitapp.com/index/pt-br/transporte_p%C3%BAblico-line-602_CIRCULAR_SUL_ANTI_HOR%C3%81RIO-Curitiba-942-9628-294517-0,-1.0,-25.534386,-49.268473,,False,4,,2023-06-19T10:40:29.657453+00:00
CUR_HE601,Curitiba,4106902,0,URBS,602,https://moovitapp.com/index/pt-br/transporte_p%C3%BAblico-line-602_CIRCULAR_SUL_ANTI_HOR%C3%81RIO-Curitiba-942-9628-294517-0,-1.0,-25.495695,-49.295028,,False,4,,2023-06-19T10:41:29.657453+00:00
CUR_HE611,Curitiba,4106902,0,URBS,602,https://moovitapp.com/index/pt-br/transporte_p%C3%BAblico-line-602_CIRCULAR_SUL_ANTI_HOR%C3%81RIO-Curitiba-942-9628-294517-0,-1.0,-25.476506,-49.281211,,False,4,,2023-06-19T10:42:29.657453+00:00
CUR_DC855,Curitiba,4106902,1,,387,,,-25.432686,-49.263483,,False,7,2,2023-06-19T10:41:29.657453+00:00
CUR_HI606,Curitiba,4106902,1,,772,,,-25.620148,-49.367733,,False,4,2,2023-06-19T10:38:29.657453+00:00
CUR_HA311,Curitiba,4106902,1,,772,,,-25.513865,-49.295721,,False,3,1,2023-06-19T10:39:29.657453+00:00
CUR_HA614,Curitiba,4106902,1,,772,,,-25.59327,-49.32133,,False,4,2,2023-06-19T10:42:29.657453+00:00
CUR_HI607,Curitiba,4106902,0,,772,,,-25.614615,-49.362998,,False,4,2,2023-06-19T10:41:29.657453+00:00
CUR_HA616,Curitiba,4106902,1,,772,,,-25.523415,-49.29303,,False,4,1,2023-06-19T10:41:29.657453+00:00
CUR_HA310,Curitiba,4106902,1,,772,,,-25.548925,-49.304126,,False,3,1,2023-06-19T10:38:29.657453+00:00
CUR_BI856,Curitiba,4106902,1,Auto Viação São José,212,https://moovitapp.com/index/pt-br/transporte_p%C3%BAblico-line-212_PIT_PRA%C3%87A_DA_JUVENTUDE_SANTA_F%C3%89_CRISTAL-Curitiba-942-857412-73656311-0,-1.0,-25.395056,-49.23039,,False,7,2,2023-06-19T10:39:29.657453+00:00
CUR_BI868,Curitiba,4106902,1,Auto Viação São José,212,https://moovitapp.com/index/pt-br/transporte_p%C3%BAblico-line-212_PIT_PRA%C3%87A_DA_JUVENTUDE_SANTA_F%C3%89_CRISTAL-Curitiba-942-857412-73656311-0,-1.0,-25.405096,-49.246331,,False,7,1,2023-06-19T10:35:29.657453+00:00
CUR_DN601,Curitiba,4106902,1,,463,,,-25.452103,-49.229143,,False,7,1,2023-06-19T10:41:29.657453+00:00
CUR_DN602,Curitiba,4106902,1,,463,,,-25.43762,-49.255431,,False,7,1,2023-06-19T10:41:29.657453+00:00
CUR_DN608,Curitiba,4106902,1,,463,,,-25.434393,-49.269146,,False,7,2,2023-06-19T10:41:29.657453+00:00
CUR_CI007,Curitiba,4106902,1,,222,,,-25.388323,-49.209548,,False,1,2,2023-06-19T10:42:29.657453+00:00
CUR_CI008,Curitiba,4106902,1,,222,,,-25.381821,-49.186073,,False,1,1,2023-06-19T10:41:29.657453+00:00
CUR_CI005,Curitiba,4106902,1,,222,,,-25.381846,-49.186098,,False,1,1,2023-06-19T10:41:29.657453+00:00
CUR_EA074,Curitiba,4106902,1,,512,,,-25.502831,-49.265268,,False,1,2,2023-06-19T10:41:29.657453+00:00
CUR_EI012,Curitiba,4106902,1,,512,,,-25.467166,-49.255576,,False,1,1,2023-06-19T10:41:29.657453+00:00
CUR_EI017,Curitiba,4106902,1,,512,,,-25.5032,-49.216386,,False,1,1,2023-06-19T10:41:29.657453+00:00
CUR_BI021,Curitiba,4106902,1,,226,,,-25.393265,-49.240893,,False,1,2,2023-06-19T10:40:29.657453+00:00
CUR_BA030,Curitiba,4106902,1,,226,,,-25.378991,-49.24528,,False,1,1,2023-06-19T10:37:29.657453+00:00
CUR_BI016,Curitiba,4106902,1,,226,,,-25.372121,-49.243341,,False,1,1,2023-06-19T10:40:29.657453+00:00
CUR_BL312,Curitiba,4106902,0,URBS,023,https://moovitapp.com/index/pt-br/transporte_p%C3%BAblico-line-023_INTER_2_ANTI_HOR%C3%81RIO-Curitiba-942-9628-398189-0,-1.0,-25.43967,-49.222065,,False,3,,2023-06-19T10:40:29.657453+00:00
CUR_BL324,Curitiba,4106902,0,URBS,023,https://moovitapp.com/index/pt-br/transporte_p%C3%BAblico-line-023_INTER_2_ANTI_HOR%C3%81RIO-Curitiba-942-9628-398189-0,-1.0,-25.414473,-49.27967,,False,3,,2023-06-19T10:41:29.657453+00:00
CUR_BL608,Curitiba,4106902,0,URBS,023,https://moovitapp.com/index/pt-br/transporte_p%C3%BAblico-line-023_INTER_2_ANTI_HOR%C3%81RIO-Curitiba-942-9628-398189-0,-1.0,-25.44386,-49.22271,,False,4,,2023-06-19T10:41:29.657453+00:00
CUR_EL602,Curitiba,4106902,0,URBS,023,https://moovitapp.com/index/pt-br/transporte_p%C3%BAblico-line-023_INTER_2_ANTI_HOR%C3%81RIO-Curitiba-942-9628-398189-0,-1.0,-25.468318,-49.25593,,False,4,,2023-06-19T10:41:29.657453+00:00
CUR_MR800,Curitiba,4106902,0,URBS,023,https://moovitapp.com/index/pt-br/transporte_p%C3%BAblico-line-023_INTER_2_ANTI_HOR%C3%81RIO-Curitiba-942-9628-398189-0,-1.0,-25.418886,-49.294375,,False,4,,2023-06-19T10:40:29.657453+00:00
CUR_ER802,Curitiba,4106902,0,URBS,023,https://moovitapp.com/index/pt-br/transporte_p%C3%BAblico-line-023_INTER_2_ANTI_HOR%C3%81RIO-Curitiba-942-9628-398189-0,-1.0,-25.468476,-49.255161,,False,4,,2023-06-19T10:41:29.657453+00:00
CUR_HL698,Curitiba,4106902,0,URBS,023,https://moovitapp.com/index/pt-br/transporte_p%C3%BAblico-line-023_INTER_2_ANTI_HOR%C3%81RIO-Curitiba-942-9628-398189-0,-1.0,-25.471173,-49.237228,,False,4,,2023-06-19T10:41:29.657453+00:00
CUR_DR800,Curitiba,4106902,0,URBS,023,https://moovitapp.com/index/pt-br/transporte_p%C3%BAblico-line-023_INTER_2_ANTI_HOR%C3%81RIO-Curitiba-942-9628-398189-0,-1.0,-25.468195,-49.254701,,False,4,,2023-06-19T10:39:29.657453+00:00
CUR_HL600,Curitiba,4106902,0,URBS,023,https://moovitapp.com/index/pt-br/transporte_p%C3%BAblico-line-023_INTER_2_ANTI_HOR%C3%81RIO-Curitiba-942-9628-398189-0,-1.0,-25.475665,-49.293448,,False,4,,2023-06-19T10:40:29.657453+00:00
CUR_BL611,Curitiba,4106902,0,URBS,023,https://moovitapp.com/index/pt-br/transporte_p%C3%BAblico-line-023_INTER_2_ANTI_HOR%C3%81RIO-Curitiba-942-9628-398189-0,-1.0,-25.483485,-49.248065,,False,4,,2023-06-19T10:38:29.657453+00:00
CUR_BL332,Curitiba,4106902,0,URBS,023,https://moovitapp.com/index/pt-br/transporte_p%C3%BAblico-line-023_INTER_2_ANTI_HOR%C3%81RIO-Curitiba-942-9628-398189-0,-1.0,-25.430335,-49.211093,,False,3,,2023-06-19T10:40:29.657453+00:00
CUR_HL602,Curitiba,4106902,0,URBS,023,https://moovitapp.com/index/pt-br/transporte_p%C3%BAblico-line-023_INTER_2_ANTI_HOR%C3%81RIO-Curitiba-942-9628-398189-0,-1.0,-25.496466,-49.278621,,False,4,,2023-06-19T10:40:29.657453+00:00
CUR_CL699,Curitiba,4106902,0,URBS,023,https://moovitapp.com/index/pt-br/transporte_p%C3%BAblico-line-023_INTER_2_ANTI_HOR%C3%81RIO-Curitiba-942-9628-398189-0,-1.0,-25.451165,-49.304765,,False,4,,2023-06-19T10:42:29.657453+00:00
CUR_JL602,Curitiba,4106902,0,URBS,023,https://moovitapp.com/index/pt-br/transporte_p%C3%BAblico-line-023_INTER_2_ANTI_HOR%C3%81RIO-Curitiba-942-9628-398189-0,-1.0,-25.448695,-49.366686,,False,4,,2023-06-19T10:40:29.657453+00:00
CUR_CL600,Curitiba,4106902,0,URBS,023,https://moovitapp.com/index/pt-br/transporte_p%C3%BAblico-line-023_INTER_2_ANTI_HOR%C3%81RIO-Curitiba-942-9628-398189-0,-1.0,-25.381453,-49.185431,,False,4,,2023-06-19T10:42:29.657453+00:00
CUR_JL601,Curitiba,4106902,0,URBS,023,https://moovitapp.com/index/pt-br/transporte_p%C3%BAblico-line-023_INTER_2_ANTI_HOR%C3%81RIO-Curitiba-942-9628-398189-0,-1.0,-25.442911,-49.22219,,False,4,,2023-06-19T10:41:29.657453+00:00
CUR_DR804,Curitiba,4106902,0,URBS,023,https://moovitapp.com/index/pt-br/transporte_p%C3%BAblico-line-023_INTER_2_ANTI_HOR%C3%81RIO-Curitiba-942-9628-398189-0,-1.0,-25.490156,-49.255561,,False,4,,2023-06-19T10:41:29.657453+00:00
CUR_GL600,Curitiba,4106902,0,URBS,023,https://moovitapp.com/index/pt-br/transporte_p%C3%BAblico-line-023_INTER_2_ANTI_HOR%C3%81RIO-Curitiba-942-9628-398189-0,-1.0,-25.548545,-49.291623,,False,4,,2023-06-19T10:38:29.657453+00:00
CUR_DR801,Curitiba,4106902,0,URBS,023,https://moovitapp.com/index/pt-br/transporte_p%C3%BAblico-line-023_INTER_2_ANTI_HOR%C3%81RIO-Curitiba-942-9628-398189-0,-1.0,-25.492378,-49.293676,,False,4,,2023-06-19T10:41:29.657453+00:00
CUR_JL600,Curitiba,4106902,0,URBS,023,https://moovitapp.com/index/pt-br/transporte_p%C3%BAblico-line-023_INTER_2_ANTI_HOR%C3%81RIO-Curitiba-942-9628-398189-0,-1.0,-25.479156,-49.246325,,False,4,,2023-06-19T10:41:29.657453+00:00
CUR_ML306,Curitiba,4106902,0,URBS,023,https://moovitapp.com/index/pt-br/transporte_p%C3%BAblico-line-023_INTER_2_ANTI_HOR%C3%81RIO-Curitiba-942-9628-398189-0,-1.0,-25.421741,-49.248351,,False,3,,2023-06-19T10:41:29.657453+00:00
CUR_BL323,Curitiba,4106902,0,URBS,023,https://moovitapp.com/index/pt-br/transporte_p%C3%BAblico-line-023_INTER_2_ANTI_HOR%C3%81RIO-Curitiba-942-9628-398189-0,-1.0,-25.43306,-49.302936,,False,3,,2023-06-19T10:40:29.657453+00:00
CUR_BC932,Curitiba,4106902,1,,365,,,-25.427928,-49.263335,,False,7,1,2023-06-19T10:40:29.657453+00:00
CUR_BI859,Curitiba,4106902,1,,365,,,-25.4329,-49.270543,,False,7,2,2023-06-19T10:41:29.657453+00:00
CUR_DA023,Curitiba,4106902,1,,336,,,-25.467205,-49.255376,,False,1,1,2023-06-19T10:41:29.657453+00:00
CUR_EA004,Curitiba,4106902,1,,336,,,-25.46867,-49.255798,,False,1,1,2023-06-19T10:39:29.657453+00:00
CUR_EA202,Curitiba,4106902,1,,336,,,-25.468496,-49.255851,,False,1,2,2023-06-19T10:40:29.657453+00:00
CUR_GI015,Curitiba,4106902,1,,541,,,-25.54276,-49.262988,,False,1,2,2023-06-19T10:40:29.657453+00:00
CUR_GI040,Curitiba,4106902,1,,541,,,-25.542956,-49.257581,,False,1,1,2023-06-19T10:40:29.657453+00:00
CUR_GC017,Curitiba,4106902,1,,541,,,-25.543666,-49.248746,,False,1,2,2023-06-19T10:38:29.657453+00:00
CUR_GI033,Curitiba,4106902,1,,541,,,-25.534545,-49.269588,,False,1,1,2023-06-19T10:41:29.657453+00:00
CUR_GI030,Curitiba,4106902,1,,541,,,-25.534066,-49.2672,,False,1,1,2023-06-19T10:40:29.657453+00:00
CUR_GI020,Curitiba,4106902,1,,541,,,-25.541853,-49.251386,,False,1,2,2023-06-19T10:41:29.657453+00:00
CUR_BB602,Curitiba,4106902,1,,030,,,-25.46612,-49.218731,,False,4,1,2023-06-19T10:37:29.657453+00:00
CUR_KB696,Curitiba,4106902,0,,030,,,-25.390543,-49.21117,,False,4,1,2023-06-19T10:42:29.657453+00:00
CUR_GB610,Curitiba,4106902,1,,030,,,-25.549253,-49.291313,,False,4,2,2023-06-19T10:38:29.657453+00:00
CUR_GB605,Curitiba,4106902,1,,030,,,-25.451923,-49.214945,,False,4,2,2023-06-19T10:40:29.657453+00:00
CUR_GB606,Curitiba,4106902,1,,030,,,-25.497575,-49.294063,,False,4,2,2023-06-19T10:40:29.657453+00:00
CUR_KB605,Curitiba,4106902,1,,030,,,-25.452436,-49.22978,,False,4,2,2023-06-19T10:40:29.657453+00:00
CUR_BB608,Curitiba,4106902,1,,030,,,-25.42384,-49.20279,,False,4,1,2023-06-19T10:40:29.657453+00:00
CUR_BB300,Curitiba,4106902,1,,030,,,-25.49041,-49.22809,,False,3,1,2023-06-19T10:39:29.657453+00:00
CUR_CB601,Curitiba,4106902,1,,030,,,-25.380933,-49.186276,,False,4,1,2023-06-19T10:41:29.657453+00:00
CUR_GB612,Curitiba,4106902,1,,030,,,-25.459831,-49.345253,,False,4,2,2023-06-19T10:38:29.657453+00:00
CUR_EB609,Curitiba,4106902,1,,030,,,-25.468575,-49.254601,,False,4,2,2023-06-19T10:41:29.657453+00:00
CUR_KB606,Curitiba,4106902,1,,030,,,-25.496608,-49.286688,,False,4,2,2023-06-19T10:41:29.657453+00:00
CUR_BB611,Curitiba,4106902,1,,030,,,-25.500775,-49.238826,,False,4,2,2023-06-19T10:38:29.657453+00:00
CUR_EA600,Curitiba,4106902,1,,030,,,-25.467663,-49.256118,,False,4,2,2023-06-19T10:41:29.657453+00:00
CUR_BB498,Curitiba,4106902,1,,030,,,-25.511258,-49.279033,,False,3,2,2023-06-19T10:41:29.657453+00:00
CUR_BB610,Curitiba,4106902,1,,030,,,-25.443893,-49.206656,,False,4,1,2023-06-19T10:40:29.657453+00:00
CUR_BI015,Curitiba,4106902,1,,242,,,-25.370998,-49.26137,,False,1,2,2023-06-19T10:40:29.657453+00:00
CUR_BI020,Curitiba,4106902,1,,242,,,-25.353255,-49.256356,,False,1,1,2023-06-19T10:41:29.657453+00:00
CUR_EB600,Curitiba,4106902,1,,021,,,-25.386723,-49.282591,,False,4,,2023-06-19T10:41:29.657453+00:00
CUR_EB603,Curitiba,4106902,1,,021,,,-25.476353,-49.292326,,False,4,,2023-06-19T10:41:29.657453+00:00
CUR_KB607,Curitiba,4106902,1,,021,,,-25.463191,-49.214745,,False,4,,2023-06-19T10:41:29.657453+00:00
CUR_XY043,Curitiba,4106902,0,,021,,,-25.486201,-49.299651,,False,3,,2023-06-19T10:39:29.657453+00:00
CUR_KB697,Curitiba,4106902,0,,021,,,-25.467315,-49.254626,,False,4,,2023-06-19T10:41:29.657453+00:00
CUR_BB600,Curitiba,4106902,1,,021,,,-25.439265,-49.310181,,False,4,,2023-06-19T10:41:29.657453+00:00
CUR_HB606,Curitiba,4106902,1,,021,,,-25.422538,-49.292721,,False,4,,2023-06-19T10:40:29.657453+00:00
CUR_GB601,Curitiba,4106902,1,,021,,,-25.467755,-49.29849,,False,4,,2023-06-19T10:40:29.657453+00:00
CUR_CB604,Curitiba,4106902,1,,021,,,-25.39761,-49.288146,,False,4,,2023-06-19T10:42:29.657453+00:00
CUR_BB604,Curitiba,4106902,1,,021,,,-25.471363,-49.237256,,False,4,,2023-06-19T10:41:29.657453+00:00
CUR_GB602,Curitiba,4106902,1,,021,,,-25.496043,-49.280148,,False,4,,2023-06-19T10:39:29.657453+00:00
CUR_BB615,Curitiba,4106902,1,,021,,,-25.390213,-49.260365,,False,4,,2023-06-19T10:40:29.657453+00:00
CUR_BB614,Curitiba,4106902,1,,021,,,-25.422631,-49.241006,,False,4,,2023-06-19T10:40:29.657453+00:00
CUR_GB600,Curitiba,4106902,1,,021,,,-25.442526,-49.221945,,False,4,,2023-06-19T10:39:29.657453+00:00
CUR_GI858,Curitiba,4106902,1,,616,,,-25.473701,-49.282365,,False,7,1,2023-06-19T10:40:29.657453+00:00
CUR_GI857,Curitiba,4106902,1,,616,,,-25.479938,-49.29209,,False,7,1,2023-06-19T10:41:29.657453+00:00
CUR_GC011,Curitiba,4106902,1,,338,,,-25.479791,-49.203606,,False,1,2,2023-06-19T10:41:29.657453+00:00
CUR_DC293,Curitiba,4106902,1,,338,,,-25.484511,-49.198571,,False,1,1,2023-06-19T10:41:29.657453+00:00
CUR_DC086,Curitiba,4106902,1,,338,,,-25.476363,-49.202026,,False,1,1,2023-06-19T10:42:29.657453+00:00
CUR_GC012,Curitiba,4106902,1,,338,,,-25.481421,-49.246936,,False,1,2,2023-06-19T10:38:29.657453+00:00
CUR_EA076,Curitiba,4106902,1,,338,,,-25.48789,-49.22334,,False,1,1,2023-06-19T10:42:29.657453+00:00
CUR_DA013,Curitiba,4106902,1,,338,,,-25.467918,-49.254675,,False,1,2,2023-06-19T10:41:29.657453+00:00
CUR_EA003,Curitiba,4106902,1,,338,,,-25.468911,-49.255601,,False,1,2,2023-06-19T10:41:29.657453+00:00
CUR_DA020,Curitiba,4106902,0,,338,,,-25.489756,-49.204851,,False,1,1,2023-06-19T10:41:29.657453+00:00
CUR_DA022,Curitiba,4106902,0,,338,,,-25.481436,-49.246926,,False,1,2,2023-06-19T10:41:29.657453+00:00
CUR_DC084,Curitiba,4106902,0,,338,,,-25.46968,-49.206273,,False,1,2,2023-06-19T10:41:29.657453+00:00
CUR_EA005,Curitiba,4106902,1,,X07,,,-25.468895,-49.255623,,False,1,2,2023-06-19T10:41:29.657453+00:00
CUR_EI006,Curitiba,4106902,1,,X07,,,-25.53959,-49.271476,,False,1,1,2023-06-19T10:42:29.657453+00:00
CUR_DC850,Curitiba,4106902,1,,477,,,-25.460206,-49.248836,,False,7,2,2023-06-19T10:41:29.657453+00:00
CUR_DC854,Curitiba,4106902,1,,477,,,-25.458786,-49.249586,,False,7,1,2023-06-19T10:41:29.657453+00:00
CUR_JI001,Curitiba,4106902,1,,777,,,-25.453331,-49.293578,,False,1,1,2023-06-19T10:41:29.657453+00:00
CUR_JI010,Curitiba,4106902,1,,777,,,-25.456421,-49.308356,,False,1,2,2023-06-19T10:41:29.657453+00:00
CUR_JI017,Curitiba,4106902,1,,777,,,-25.437313,-49.270688,,False,1,1,2023-06-19T10:41:29.657453+00:00
CUR_JI012,Curitiba,4106902,1,,777,,,-25.461578,-49.331878,,False,1,1,2023-06-19T10:42:29.657453+00:00
CUR_GD342,Curitiba,4106902,0,URBS,203,https://moovitapp.com/index/pt-br/transporte_p%C3%BAblico-line-203_SANTA_C%C3%82NDIDA_CAP%C3%83O_RASO-Curitiba-942-9628-1323737-0,-1.0,-25.433926,-49.266046,,False,5,1,2023-06-19T10:40:29.657453+00:00
CUR_BE727,Curitiba,4106902,0,URBS,203,https://moovitapp.com/index/pt-br/transporte_p%C3%BAblico-line-203_SANTA_C%C3%82NDIDA_CAP%C3%83O_RASO-Curitiba-942-9628-1323737-0,-1.0,-25.448248,-49.287713,,False,5,2,2023-06-19T10:41:29.657453+00:00
CUR_BE717,Curitiba,4106902,0,URBS,203,https://moovitapp.com/index/pt-br/transporte_p%C3%BAblico-line-203_SANTA_C%C3%82NDIDA_CAP%C3%83O_RASO-Curitiba-942-9628-1323737-0,-1.0,-25.441568,-49.276898,,False,5,2,2023-06-19T10:38:29.657453+00:00
CUR_BE729,Curitiba,4106902,0,URBS,203,https://moovitapp.com/index/pt-br/transporte_p%C3%BAblico-line-203_SANTA_C%C3%82NDIDA_CAP%C3%83O_RASO-Curitiba-942-9628-1323737-0,-1.0,-25.420461,-49.265558,,False,5,1,2023-06-19T10:38:29.657453+00:00
CUR_BE715,Curitiba,4106902,0,URBS,203,https://moovitapp.com/index/pt-br/transporte_p%C3%BAblico-line-203_SANTA_C%C3%82NDIDA_CAP%C3%83O_RASO-Curitiba-942-9628-1323737-0,-1.0,-25.396906,-49.243693,,False,5,1,2023-06-19T10:39:29.657453+00:00
CUR_HE711,Curitiba,4106902,0,URBS,203,https://moovitapp.com/index/pt-br/transporte_p%C3%BAblico-line-203_SANTA_C%C3%82NDIDA_CAP%C3%83O_RASO-Curitiba-942-9628-1323737-0,-1.0,-25.475631,-49.292863,,False,5,2,2023-06-19T10:38:29.657453+00:00
CUR_GE736,Curitiba,4106902,0,URBS,203,https://moovitapp.com/index/pt-br/transporte_p%C3%BAblico-line-203_SANTA_C%C3%82NDIDA_CAP%C3%83O_RASO-Curitiba-942-9628-1323737-0,-1.0,-25.549338,-49.291578,,False,5,2,2023-06-19T10:38:29.657453+00:00
CUR_BE716,Curitiba,4106902,0,URBS,203,https://moovitapp.com/index/pt-br/transporte_p%C3%BAblico-line-203_SANTA_C%C3%82NDIDA_CAP%C3%83O_RASO-Curitiba-942-9628-1323737-0,-1.0,-25.376968,-49.223801,,False,5,1,2023-06-19T10:38:29.657453+00:00
CUR_GE726,Curitiba,4106902,0,URBS,203,https://moovitapp.com/index/pt-br/transporte_p%C3%BAblico-line-203_SANTA_C%C3%82NDIDA_CAP%C3%83O_RASO-Curitiba-942-9628-1323737-0,-1.0,-25.477233,-49.29238,,False,5,2,2023-06-19T10:41:29.657453+00:00
CUR_BE725,Curitiba,4106902,0,URBS,203,https://moovitapp.com/index/pt-br/transporte_p%C3%BAblico-line-203_SANTA_C%C3%82NDIDA_CAP%C3%83O_RASO-Curitiba-942-9628-1323737-0,-1.0,-25.384666,-49.232371,,False,5,1,2023-06-19T10:41:29.657453+00:00
CUR_BE710,Curitiba,4106902,0,URBS,203,https://moovitapp.com/index/pt-br/transporte_p%C3%BAblico-line-203_SANTA_C%C3%82NDIDA_CAP%C3%83O_RASO-Curitiba-942-9628-1323737-0,-1.0,-25.402098,-49.248273,,False,5,1,2023-06-19T10:39:29.657453+00:00
CUR_BE719,Curitiba,4106902,0,URBS,203,https://moovitapp.com/index/pt-br/transporte_p%C3%BAblico-line-203_SANTA_C%C3%82NDIDA_CAP%C3%83O_RASO-Curitiba-942-9628-1323737-0,-1.0,-25.431096,-49.2674,,False,5,2,2023-06-19T10:41:29.657453+00:00
CUR_GE704,Curitiba,4106902,0,URBS,203,https://moovitapp.com/index/pt-br/transporte_p%C3%BAblico-line-203_SANTA_C%C3%82NDIDA_CAP%C3%83O_RASO-Curitiba-942-9628-1323737-0,-1.0,-25.449311,-49.287866,,False,5,2,2023-06-19T10:41:29.657453+00:00
CUR_BD144,Curitiba,4106902,0,URBS,203,https://moovitapp.com/index/pt-br/transporte_p%C3%BAblico-line-203_SANTA_C%C3%82NDIDA_CAP%C3%83O_RASO-Curitiba-942-9628-1323737-0,-1.0,-25.461085,-49.289851,,False,5,2,2023-06-19T10:41:29.657453+00:00
CUR_BD135,Curitiba,4106902,0,URBS,203,https://moovitapp.com/index/pt-br/transporte_p%C3%BAblico-line-203_SANTA_C%C3%82NDIDA_CAP%C3%83O_RASO-Curitiba-942-9628-1323737-0,-1.0,-25.438813,-49.26969,,False,5,2,2023-06-19T10:41:29.657453+00:00
CUR_BE703,Curitiba,4106902,0,URBS,203,https://moovitapp.com/index/pt-br/transporte_p%C3%BAblico-line-203_SANTA_C%C3%82NDIDA_CAP%C3%83O_RASO-Curitiba-942-9628-1323737-0,-1.0,-25.412285,-49.257901,,False,5,1,2023-06-19T10:39:29.657453+00:00
CUR_BE722,Curitiba,4106902,0,URBS,203,https://moovitapp.com/index/pt-br/transporte_p%C3%BAblico-line-203_SANTA_C%C3%82NDIDA_CAP%C3%83O_RASO-Curitiba-942-9628-1323737-0,-1.0,-25.44822,-49.287755,,False,5,2,2023-06-19T10:38:29.657453+00:00
CUR_BD150,Curitiba,4106902,0,URBS,203,https://moovitapp.com/index/pt-br/transporte_p%C3%BAblico-line-203_SANTA_C%C3%82NDIDA_CAP%C3%83O_RASO-Curitiba-942-9628-1323737-0,-1.0,-25.488433,-49.294143,,False,5,2,2023-06-19T10:40:29.657453+00:00
CUR_GD343,Curitiba,4106902,0,URBS,203,https://moovitapp.com/index/pt-br/transporte_p%C3%BAblico-line-203_SANTA_C%C3%82NDIDA_CAP%C3%83O_RASO-Curitiba-942-9628-1323737-0,-1.0,-25.38092,-49.22891,,False,5,1,2023-06-19T10:41:29.657453+00:00
CUR_GD341,Curitiba,4106902,0,URBS,203,https://moovitapp.com/index/pt-br/transporte_p%C3%BAblico-line-203_SANTA_C%C3%82NDIDA_CAP%C3%83O_RASO-Curitiba-942-9628-1323737-0,-1.0,-25.418846,-49.264021,,False,5,1,2023-06-19T10:41:29.657453+00:00
CUR_BI019,Curitiba,4106902,1,,231,,,-25.366925,-49.220505,,False,1,2,2023-06-19T10:39:29.657453+00:00
CUR_BA001,Curitiba,4106902,1,,231,,,-25.363841,-49.212781,,False,1,1,2023-06-19T10:38:29.657453+00:00
CUR_JI861,Curitiba,4106902,1,,862,,,-25.442828,-49.288693,,False,7,2,2023-06-19T10:40:29.657453+00:00
CUR_BI865,Curitiba,4106902,1,,862,,,-25.449145,-49.311876,,False,7,2,2023-06-19T10:40:29.657453+00:00
CUR_BA019,Curitiba,4106902,1,,876,,,-25.429708,-49.293753,,False,1,1,2023-06-19T10:36:29.657453+00:00
CUR_BC015,Curitiba,4106902,1,,876,,,-25.43164,-49.27993,,False,1,1,2023-06-19T10:38:29.657453+00:00
CUR_BC005,Curitiba,4106902,1,,876,,,-25.417115,-49.325621,,False,1,2,2023-06-19T10:38:29.657453+00:00
CUR_JI003,Curitiba,4106902,1,,711,,,-25.470655,-49.351856,,False,1,1,2023-06-19T10:40:29.657453+00:00
CUR_JA027,Curitiba,4106902,1,,711,,,-25.477813,-49.332311,,False,1,2,2023-06-19T10:40:29.657453+00:00
CUR_BC017,Curitiba,4106902,1,,166,,,-25.421535,-49.274551,,False,1,2,2023-06-19T10:40:29.657453+00:00
CUR_BC004,Curitiba,4106902,1,,166,,,-25.391681,-49.30246,,False,1,1,2023-06-19T10:39:29.657453+00:00
CUR_GI057,Curitiba,4106902,1,,638,,,-25.550935,-49.273456,,False,1,2,2023-06-19T10:42:29.657453+00:00
CUR_GI014,Curitiba,4106902,1,,638,,,-25.535278,-49.295626,,False,1,2,2023-06-19T10:41:29.657453+00:00
CUR_GI005,Curitiba,4106902,1,,638,,,-25.527585,-49.291576,,False,1,1,2023-06-19T10:40:29.657453+00:00
CUR_HE722,Curitiba,4106902,0,URBS,603,https://moovitapp.com/index/pt-br/transporte_p%C3%BAblico-line-603_PINHEIRINHO_RUI_BARBOSA-Curitiba-942-9628-484781-0,-1.0,-25.48378,-49.29347,,False,5,2,2023-06-19T10:40:29.657453+00:00
CUR_HE723,Curitiba,4106902,0,URBS,603,https://moovitapp.com/index/pt-br/transporte_p%C3%BAblico-line-603_PINHEIRINHO_RUI_BARBOSA-Curitiba-942-9628-484781-0,-1.0,-25.437021,-49.273316,,False,5,1,2023-06-19T10:40:29.657453+00:00
CUR_HE724,Curitiba,4106902,0,URBS,603,https://moovitapp.com/index/pt-br/transporte_p%C3%BAblico-line-603_PINHEIRINHO_RUI_BARBOSA-Curitiba-942-9628-484781-0,-1.0,-25.513278,-49.29559,,False,5,2,2023-06-19T10:41:29.657453+00:00
CUR_HE728,Curitiba,4106902,0,URBS,603,https://moovitapp.com/index/pt-br/transporte_p%C3%BAblico-line-603_PINHEIRINHO_RUI_BARBOSA-Curitiba-942-9628-484781-0,-1.0,-25.500641,-49.296086,,False,5,2,2023-06-19T10:42:29.657453+00:00
CUR_HE729,Curitiba,4106902,0,URBS,603,https://moovitapp.com/index/pt-br/transporte_p%C3%BAblico-line-603_PINHEIRINHO_RUI_BARBOSA-Curitiba-942-9628-484781-0,-1.0,-25.476283,-49.29272,,False,5,1,2023-06-19T10:41:29.657453+00:00
CUR_HE717,Curitiba,4106902,0,URBS,603,https://moovitapp.com/index/pt-br/transporte_p%C3%BAblico-line-603_PINHEIRINHO_RUI_BARBOSA-Curitiba-942-9628-484781-0,-1.0,-25.469808,-49.294218,,False,5,2,2023-06-19T10:41:29.657453+00:00
CUR_HE725,Curitiba,4106902,0,URBS,603,https://moovitapp.com/index/pt-br/transporte_p%C3%BAblico-line-603_PINHEIRINHO_RUI_BARBOSA-Curitiba-942-9628-484781-0,-1.0,-25.444715,-49.285356,,False,5,1,2023-06-19T10:38:29.657453+00:00
CUR_GE703,Curitiba,4106902,0,URBS,603,https://moovitapp.com/index/pt-br/transporte_p%C3%BAblico-line-603_PINHEIRINHO_RUI_BARBOSA-Curitiba-942-9628-484781-0,-1.0,-25.461905,-49.290206,,False,5,2,2023-06-19T10:40:29.657453+00:00
CUR_HE713,Curitiba,4106902,0,URBS,603,https://moovitapp.com/index/pt-br/transporte_p%C3%BAblico-line-603_PINHEIRINHO_RUI_BARBOSA-Curitiba-942-9628-484781-0,-1.0,-25.443425,-49.281823,,False,5,1,2023-06-19T10:41:29.657453+00:00
CUR_HE714,Curitiba,4106902,0,URBS,603,https://moovitapp.com/index/pt-br/transporte_p%C3%BAblico-line-603_PINHEIRINHO_RUI_BARBOSA-Curitiba-942-9628-484781-0,-1.0,-25.436223,-49.27402,,False,5,1,2023-06-19T10:39:29.657453+00:00
CUR_GE732,Curitiba,4106902,0,URBS,603,https://moovitapp.com/index/pt-br/transporte_p%C3%BAblico-line-603_PINHEIRINHO_RUI_BARBOSA-Curitiba-942-9628-484781-0,-1.0,-25.43853,-49.272431,,False,5,1,2023-06-19T10:41:29.657453+00:00
CUR_HE731,Curitiba,4106902,0,URBS,603,https://moovitapp.com/index/pt-br/transporte_p%C3%BAblico-line-603_PINHEIRINHO_RUI_BARBOSA-Curitiba-942-9628-484781-0,-1.0,-25.444885,-49.285371,,False,5,1,2023-06-19T10:41:29.657453+00:00
CUR_HE727,Curitiba,4106902,0,URBS,603,https://moovitapp.com/index/pt-br/transporte_p%C3%BAblico-line-603_PINHEIRINHO_RUI_BARBOSA-Curitiba-942-9628-484781-0,-1.0,-25.455336,-49.28831,,False,5,2,2023-06-19T10:40:29.657453+00:00
CUR_HD246,Curitiba,4106902,0,URBS,603,https://moovitapp.com/index/pt-br/transporte_p%C3%BAblico-line-603_PINHEIRINHO_RUI_BARBOSA-Curitiba-942-9628-484781-0,-1.0,-25.463415,-49.290433,,False,5,2,2023-06-19T10:42:29.657453+00:00
CUR_HD242,Curitiba,4106902,0,URBS,603,https://moovitapp.com/index/pt-br/transporte_p%C3%BAblico-line-603_PINHEIRINHO_RUI_BARBOSA-Curitiba-942-9628-484781-0,-1.0,-25.474771,-49.29332,,False,5,2,2023-06-19T10:40:29.657453+00:00
CUR_HE721,Curitiba,4106902,0,URBS,603,https://moovitapp.com/index/pt-br/transporte_p%C3%BAblico-line-603_PINHEIRINHO_RUI_BARBOSA-Curitiba-942-9628-484781-0,-1.0,-25.441433,-49.276583,,False,5,1,2023-06-19T10:41:29.657453+00:00
CUR_HE726,Curitiba,4106902,0,URBS,603,https://moovitapp.com/index/pt-br/transporte_p%C3%BAblico-line-603_PINHEIRINHO_RUI_BARBOSA-Curitiba-942-9628-484781-0,-1.0,-25.486291,-49.294213,,False,5,2,2023-06-19T10:41:29.657453+00:00
CUR_HD244,Curitiba,4106902,0,URBS,603,https://moovitapp.com/index/pt-br/transporte_p%C3%BAblico-line-603_PINHEIRINHO_RUI_BARBOSA-Curitiba-942-9628-484781-0,-1.0,-25.49805,-49.295711,,False,5,2,2023-06-19T10:38:29.657453+00:00
CUR_GE733,Curitiba,4106902,0,URBS,603,https://moovitapp.com/index/pt-br/transporte_p%C3%BAblico-line-603_PINHEIRINHO_RUI_BARBOSA-Curitiba-942-9628-484781-0,-1.0,-25.504216,-49.296048,,False,5,2,2023-06-19T10:41:29.657453+00:00
CUR_HE730,Curitiba,4106902,0,URBS,603,https://moovitapp.com/index/pt-br/transporte_p%C3%BAblico-line-603_PINHEIRINHO_RUI_BARBOSA-Curitiba-942-9628-484781-0,-1.0,-25.486253,-49.294326,,False,5,1,2023-06-19T10:42:29.657453+00:00
CUR_GE731,Curitiba,4106902,0,URBS,603,https://moovitapp.com/index/pt-br/transporte_p%C3%BAblico-line-603_PINHEIRINHO_RUI_BARBOSA-Curitiba-942-9628-484781-0,-1.0,-25.47601,-49.292795,,False,5,2,2023-06-19T10:41:29.657453+00:00
CUR_HD250,Curitiba,4106902,0,URBS,603,https://moovitapp.com/index/pt-br/transporte_p%C3%BAblico-line-603_PINHEIRINHO_RUI_BARBOSA-Curitiba-942-9628-484781-0,-1.0,-25.444823,-49.285595,,False,5,1,2023-06-19T10:41:29.657453+00:00
CUR_GD344,Curitiba,4106902,0,URBS,603,https://moovitapp.com/index/pt-br/transporte_p%C3%BAblico-line-603_PINHEIRINHO_RUI_BARBOSA-Curitiba-942-9628-484781-0,-1.0,-25.548641,-49.291876,,False,5,1,2023-06-19T10:38:29.657453+00:00
CUR_BA027,Curitiba,4106902,1,,243,,,-25.350846,-49.267281,,False,1,2,2023-06-19T10:41:29.657453+00:00
CUR_BI013,Curitiba,4106902,1,,243,,,-25.37701,-49.262423,,False,1,1,2023-06-19T10:38:29.657453+00:00
CUR_BC028,Curitiba,4106902,1,,182,,,-25.37748,-49.262508,,False,1,2,2023-06-19T10:38:29.657453+00:00
CUR_BC305,Curitiba,4106902,1,,182,,,-25.3911,-49.26733,,False,3,1,2023-06-19T10:42:29.657453+00:00
CUR_BC306,Curitiba,4106902,1,,182,,,-25.400631,-49.274693,,False,3,1,2023-06-19T10:38:29.657453+00:00
CUR_EB608,Curitiba,4106902,1,,050,,,-25.47726,-49.309128,,False,4,2,2023-06-19T10:41:29.657453+00:00
CUR_EB605,Curitiba,4106902,1,,050,,,-25.467628,-49.255613,,False,4,1,2023-06-19T10:41:29.657453+00:00
CUR_JB606,Curitiba,4106902,1,,050,,,-25.46881,-49.282225,,False,4,1,2023-06-19T10:41:29.657453+00:00
CUR_GR124,Curitiba,4106902,1,,050,,,-25.549093,-49.291366,,False,4,2,2023-06-19T10:38:29.657453+00:00
CUR_JB610,Curitiba,4106902,1,,050,,,-25.47734,-49.327381,,False,4,2,2023-06-19T10:41:29.657453+00:00
CUR_EB606,Curitiba,4106902,1,,050,,,-25.468495,-49.254606,,False,4,2,2023-06-19T10:41:29.657453+00:00
CUR_GB608,Curitiba,4106902,1,,050,,,-25.458963,-49.249663,,False,4,1,2023-06-19T10:41:29.657453+00:00
CUR_EB601,Curitiba,4106902,1,,050,,,-25.438156,-49.219625,,False,4,2,2023-06-19T10:41:29.657453+00:00
CUR_JB604,Curitiba,4106902,1,,050,,,-25.476003,-49.290408,,False,4,2,2023-06-19T10:41:29.657453+00:00
CUR_KB600,Curitiba,4106902,1,,050,,,-25.467488,-49.254686,,False,4,2,2023-06-19T10:41:29.657453+00:00
CUR_KB604,Curitiba,4106902,1,,050,,,-25.468733,-49.28206,,False,4,1,2023-06-19T10:41:29.657453+00:00
CUR_HB603,Curitiba,4106902,1,,050,,,-25.454865,-49.266756,,False,4,1,2023-06-19T10:38:29.657453+00:00
CUR_DE702,Curitiba,4106902,0,URBS,303,https://moovitapp.com/index/pt-br/transporte_p%C3%BAblico-line-303_CENTEN%C3%81RIO_CAMPO_COMPRIDO-Curitiba-942-9628-531689-0,-1.0,-25.433221,-49.299791,,False,5,1,2023-06-19T10:41:29.657453+00:00
CUR_JE704,Curitiba,4106902,0,URBS,303,https://moovitapp.com/index/pt-br/transporte_p%C3%BAblico-line-303_CENTEN%C3%81RIO_CAMPO_COMPRIDO-Curitiba-942-9628-531689-0,-1.0,-25.440025,-49.337073,,False,5,1,2023-06-19T10:40:29.657453+00:00
CUR_DE711,Curitiba,4106902,0,URBS,303,https://moovitapp.com/index/pt-br/transporte_p%C3%BAblico-line-303_CENTEN%C3%81RIO_CAMPO_COMPRIDO-Curitiba-942-9628-531689-0,-1.0,-25.435705,-49.256986,,False,5,1,2023-06-19T10:41:29.657453+00:00
CUR_DE710,Curitiba,4106902,0,URBS,303,https://moovitapp.com/index/pt-br/transporte_p%C3%BAblico-line-303_CENTEN%C3%81RIO_CAMPO_COMPRIDO-Curitiba-942-9628-531689-0,-1.0,-25.469511,-49.25526,,False,5,1,2023-06-19T10:41:29.657453+00:00
CUR_JE700,Curitiba,4106902,0,URBS,303,https://moovitapp.com/index/pt-br/transporte_p%C3%BAblico-line-303_CENTEN%C3%81RIO_CAMPO_COMPRIDO-Curitiba-942-9628-531689-0,-1.0,-25.437785,-49.311461,,False,5,2,2023-06-19T10:42:29.657453+00:00
CUR_XY042,Curitiba,4106902,0,URBS,303,https://moovitapp.com/index/pt-br/transporte_p%C3%BAblico-line-303_CENTEN%C3%81RIO_CAMPO_COMPRIDO-Curitiba-942-9628-531689-0,-1.0,-25.44523,-49.216451,,False,4,2,2023-06-19T10:40:29.657453+00:00
CUR_DE705,Curitiba,4106902,0,URBS,303,https://moovitapp.com/index/pt-br/transporte_p%C3%BAblico-line-303_CENTEN%C3%81RIO_CAMPO_COMPRIDO-Curitiba-942-9628-531689-0,-1.0,-25.43562,-49.252988,,False,5,2,2023-06-19T10:41:29.657453+00:00
CUR_DE715,Curitiba,4106902,0,URBS,303,https://moovitapp.com/index/pt-br/transporte_p%C3%BAblico-line-303_CENTEN%C3%81RIO_CAMPO_COMPRIDO-Curitiba-942-9628-531689-0,-1.0,-25.467758,-49.255285,,False,5,1,2023-06-19T10:41:29.657453+00:00
CUR_DE700,Curitiba,4106902,0,URBS,303,https://moovitapp.com/index/pt-br/transporte_p%C3%BAblico-line-303_CENTEN%C3%81RIO_CAMPO_COMPRIDO-Curitiba-942-9628-531689-0,-1.0,-25.468988,-49.254565,,False,5,2,2023-06-19T10:41:29.657453+00:00
CUR_DE722,Curitiba,4106902,0,URBS,303,https://moovitapp.com/index/pt-br/transporte_p%C3%BAblico-line-303_CENTEN%C3%81RIO_CAMPO_COMPRIDO-Curitiba-942-9628-531689-0,-1.0,-25.467833,-49.255328,,False,5,2,2023-06-19T10:41:29.657453+00:00
CUR_DE708,Curitiba,4106902,0,URBS,303,https://moovitapp.com/index/pt-br/transporte_p%C3%BAblico-line-303_CENTEN%C3%81RIO_CAMPO_COMPRIDO-Curitiba-942-9628-531689-0,-1.0,-25.468136,-49.255005,,False,5,1,2023-06-19T10:41:29.657453+00:00
CUR_DE704,Curitiba,4106902,0,URBS,303,https://moovitapp.com/index/pt-br/transporte_p%C3%BAblico-line-303_CENTEN%C3%81RIO_CAMPO_COMPRIDO-Curitiba-942-9628-531689-0,-1.0,-25.43503,-49.304556,,False,5,2,2023-06-19T10:41:29.657453+00:00
CUR_DE718,Curitiba,4106902,0,URBS,303,https://moovitapp.com/index/pt-br/transporte_p%C3%BAblico-line-303_CENTEN%C3%81RIO_CAMPO_COMPRIDO-Curitiba-942-9628-531689-0,-1.0,-25.430121,-49.291691,,False,5,2,2023-06-19T10:40:29.657453+00:00
CUR_DE719,Curitiba,4106902,0,URBS,303,https://moovitapp.com/index/pt-br/transporte_p%C3%BAblico-line-303_CENTEN%C3%81RIO_CAMPO_COMPRIDO-Curitiba-942-9628-531689-0,-1.0,-25.42937,-49.28491,,False,5,2,2023-06-19T10:41:29.657453+00:00
CUR_JE709,Curitiba,4106902,0,URBS,303,https://moovitapp.com/index/pt-br/transporte_p%C3%BAblico-line-303_CENTEN%C3%81RIO_CAMPO_COMPRIDO-Curitiba-942-9628-531689-0,-1.0,-25.439538,-49.227363,,False,5,1,2023-06-19T10:40:29.657453+00:00
CUR_JE701,Curitiba,4106902,0,URBS,303,https://moovitapp.com/index/pt-br/transporte_p%C3%BAblico-line-303_CENTEN%C3%81RIO_CAMPO_COMPRIDO-Curitiba-942-9628-531689-0,-1.0,-25.43599,-49.268161,,False,5,1,2023-06-19T10:40:29.657453+00:00
CUR_DE709,Curitiba,4106902,0,URBS,303,https://moovitapp.com/index/pt-br/transporte_p%C3%BAblico-line-303_CENTEN%C3%81RIO_CAMPO_COMPRIDO-Curitiba-942-9628-531689-0,-1.0,-25.433343,-49.299825,,False,5,2,2023-06-19T10:42:29.657453+00:00
CUR_DE716,Curitiba,4106902,0,URBS,303,https://moovitapp.com/index/pt-br/transporte_p%C3%BAblico-line-303_CENTEN%C3%81RIO_CAMPO_COMPRIDO-Curitiba-942-9628-531689-0,-1.0,-25.468008,-49.255076,,False,5,2,2023-06-19T10:41:29.657453+00:00
CUR_JE703,Curitiba,4106902,0,URBS,303,https://moovitapp.com/index/pt-br/transporte_p%C3%BAblico-line-303_CENTEN%C3%81RIO_CAMPO_COMPRIDO-Curitiba-942-9628-531689-0,-1.0,-25.435703,-49.260988,,False,5,1,2023-06-19T10:40:29.657453+00:00
CUR_DE721,Curitiba,4106902,0,URBS,303,https://moovitapp.com/index/pt-br/transporte_p%C3%BAblico-line-303_CENTEN%C3%81RIO_CAMPO_COMPRIDO-Curitiba-942-9628-531689-0,-1.0,-25.467758,-49.255205,,False,5,2,2023-06-19T10:40:29.657453+00:00
CUR_DE717,Curitiba,4106902,0,URBS,303,https://moovitapp.com/index/pt-br/transporte_p%C3%BAblico-line-303_CENTEN%C3%81RIO_CAMPO_COMPRIDO-Curitiba-942-9628-531689-0,-1.0,-25.468035,-49.255008,,False,5,1,2023-06-19T10:41:29.657453+00:00
CUR_JE710,Curitiba,4106902,0,URBS,303,https://moovitapp.com/index/pt-br/transporte_p%C3%BAblico-line-303_CENTEN%C3%81RIO_CAMPO_COMPRIDO-Curitiba-942-9628-531689-0,-1.0,-25.44898,-49.366573,,False,5,1,2023-06-19T10:40:29.657453+00:00
CUR_DE714,Curitiba,4106902,0,URBS,303,https://moovitapp.com/index/pt-br/transporte_p%C3%BAblico-line-303_CENTEN%C3%81RIO_CAMPO_COMPRIDO-Curitiba-942-9628-531689-0,-1.0,-25.436488,-49.329451,,False,5,2,2023-06-19T10:42:29.657453+00:00
CUR_JE705,Curitiba,4106902,0,URBS,303,https://moovitapp.com/index/pt-br/transporte_p%C3%BAblico-line-303_CENTEN%C3%81RIO_CAMPO_COMPRIDO-Curitiba-942-9628-531689-0,-1.0,-25.462666,-49.210911,,False,5,1,2023-06-19T10:40:29.657453+00:00
CUR_JE706,Curitiba,4106902,0,URBS,303,https://moovitapp.com/index/pt-br/transporte_p%C3%BAblico-line-303_CENTEN%C3%81RIO_CAMPO_COMPRIDO-Curitiba-942-9628-531689-0,-1.0,-25.458086,-49.212648,,False,5,2,2023-06-19T10:41:29.657453+00:00
CUR_JE708,Curitiba,4106902,0,URBS,303,https://moovitapp.com/index/pt-br/transporte_p%C3%BAblico-line-303_CENTEN%C3%81RIO_CAMPO_COMPRIDO-Curitiba-942-9628-531689-0,-1.0,-25.43949,-49.222703,,False,5,2,2023-06-19T10:41:29.657453+00:00
CUR_DE699,Curitiba,4106902,0,URBS,303,https://moovitapp.com/index/pt-br/transporte_p%C3%BAblico-line-303_CENTEN%C3%81RIO_CAMPO_COMPRIDO-Curitiba-942-9628-531689-0,-1.0,-25.468271,-49.254525,,False,4,1,2023-06-19T10:41:29.657453+00:00
CUR_JE707,Curitiba,4106902,0,URBS,303,https://moovitapp.com/index/pt-br/transporte_p%C3%BAblico-line-303_CENTEN%C3%81RIO_CAMPO_COMPRIDO-Curitiba-942-9628-531689-0,-1.0,-25.437616,-49.266711,,False,5,2,2023-06-19T10:41:29.657453+00:00
CUR_KE700,Curitiba,4106902,0,URBS,503,https://moovitapp.com/index/pt-br/transporte_p%C3%BAblico-line-503_BOQUEIR%C3%83O-Curitiba-942-9628-294244-0,-1.0,-25.467023,-49.254818,,False,5,1,2023-06-19T10:41:29.657453+00:00
CUR_KE702,Curitiba,4106902,0,URBS,503,https://moovitapp.com/index/pt-br/transporte_p%C3%BAblico-line-503_BOQUEIR%C3%83O-Curitiba-942-9628-294244-0,-1.0,-25.466973,-49.254835,,False,5,1,2023-06-19T10:41:29.657453+00:00
CUR_GE613,Curitiba,4106902,0,URBS,503,https://moovitapp.com/index/pt-br/transporte_p%C3%BAblico-line-503_BOQUEIR%C3%83O-Curitiba-942-9628-294244-0,-1.0,-25.4958,-49.240226,,False,4,1,2023-06-19T10:40:29.657453+00:00
CUR_KE703,Curitiba,4106902,0,URBS,503,https://moovitapp.com/index/pt-br/transporte_p%C3%BAblico-line-503_BOQUEIR%C3%83O-Curitiba-942-9628-294244-0,-1.0,-25.466971,-49.254875,,False,5,1,2023-06-19T10:41:29.657453+00:00
CUR_GE614,Curitiba,4106902,0,URBS,503,https://moovitapp.com/index/pt-br/transporte_p%C3%BAblico-line-503_BOQUEIR%C3%83O-Curitiba-942-9628-294244-0,-1.0,-25.50746,-49.23425,,False,4,2,2023-06-19T10:42:29.657453+00:00
CUR_KE845,Curitiba,4106902,0,URBS,503,https://moovitapp.com/index/pt-br/transporte_p%C3%BAblico-line-503_BOQUEIR%C3%83O-Curitiba-942-9628-294244-0,-1.0,-25.47506,-49.250475,,False,5,2,2023-06-19T10:42:29.657453+00:00
CUR_KE705,Curitiba,4106902,0,URBS,503,https://moovitapp.com/index/pt-br/transporte_p%C3%BAblico-line-503_BOQUEIR%C3%83O-Curitiba-942-9628-294244-0,-1.0,-25.467088,-49.254818,,False,5,2,2023-06-19T10:41:29.657453+00:00
CUR_GE609,Curitiba,4106902,0,URBS,503,https://moovitapp.com/index/pt-br/transporte_p%C3%BAblico-line-503_BOQUEIR%C3%83O-Curitiba-942-9628-294244-0,-1.0,-25.433765,-49.270206,,False,4,1,2023-06-19T10:41:29.657453+00:00
CUR_BA017,Curitiba,4106902,1,,822,,,-25.444733,-49.364508,,False,1,1,2023-06-19T10:41:29.657453+00:00
CUR_BA011,Curitiba,4106902,1,,822,,,-25.441585,-49.348728,,False,1,2,2023-06-19T10:41:29.657453+00:00
CUR_HI042,Curitiba,4106902,1,,654,,,-25.507161,-49.327156,,False,1,1,2023-06-19T10:41:29.657453+00:00
CUR_HI041,Curitiba,4106902,1,,654,,,-25.492266,-49.293288,,False,1,2,2023-06-19T10:41:29.657453+00:00
CUR_HA194,Curitiba,4106902,1,,654,,,-25.497513,-49.318141,,False,1,2,2023-06-19T10:37:29.657453+00:00
CUR_HA015,Curitiba,4106902,1,,654,,,-25.493063,-49.311103,,False,1,1,2023-06-19T10:36:29.657453+00:00
CUR_BI869,Curitiba,4106902,1,,260,,,-25.430015,-49.27144,,False,7,1,2023-06-19T10:38:29.657453+00:00
CUR_GI854,Curitiba,4106902,1,,662,,,-25.529588,-49.289913,,False,7,2,2023-06-19T10:38:29.657453+00:00
CUR_GI852,Curitiba,4106902,1,,662,,,-25.439856,-49.271891,,False,7,1,2023-06-19T10:40:29.657453+00:00
CUR_BI871,Curitiba,4106902,1,,272,,,-25.389513,-49.260675,,False,7,2,2023-06-19T10:40:29.657453+00:00
CUR_BI875,Curitiba,4106902,1,,272,,,-25.424661,-49.270198,,False,7,1,2023-06-19T10:41:29.657453+00:00
CUR_BI885,Curitiba,4106902,1,,272,,,-25.383936,-49.259793,,False,7,1,2023-06-19T10:36:29.657453+00:00
CUR_BI011,Curitiba,4106902,1,,236,,,-25.363851,-49.231873,,False,1,2,2023-06-19T10:36:29.657453+00:00
CUR_BI003,Curitiba,4106902,1,,236,,,-25.35196,-49.246213,,False,1,1,2023-06-19T10:40:29.657453+00:00
CUR_EA602,Curitiba,4106902,1,,528,,,-25.467581,-49.256183,,False,4,1,2023-06-19T10:41:29.657453+00:00
CUR_GI601,Curitiba,4106902,1,,528,,,-25.563858,-49.2721,,False,4,2,2023-06-19T10:42:29.657453+00:00
CUR_EA012,Curitiba,4106902,1,,528,,,-25.468836,-49.255648,,False,1,1,2023-06-19T10:41:29.657453+00:00
CUR_GI047,Curitiba,4106902,1,,528,,,-25.531826,-49.296916,,False,1,2,2023-06-19T10:41:29.657453+00:00
CUR_EA601,Curitiba,4106902,1,,528,,,-25.467616,-49.256121,,False,4,2,2023-06-19T10:41:29.657453+00:00
CUR_EA699,Curitiba,4106902,1,,528,,,-25.467631,-49.25616,,False,4,1,2023-06-19T10:41:29.657453+00:00
CUR_EA698,Curitiba,4106902,1,,528,,,-25.467653,-49.256118,,False,4,2,2023-06-19T10:41:29.657453+00:00
CUR_GA600,Curitiba,4106902,1,,528,,,-25.533308,-49.296646,,False,4,1,2023-06-19T10:41:29.657453+00:00
CUR_HI046,Curitiba,4106902,1,,828,,,-25.444218,-49.343833,,False,1,2,2023-06-19T10:42:29.657453+00:00
CUR_JI020,Curitiba,4106902,1,,828,,,-25.460895,-49.32812,,False,1,2,2023-06-19T10:41:29.657453+00:00
CUR_HA192,Curitiba,4106902,1,,828,,,-25.477311,-49.331775,,False,1,1,2023-06-19T10:41:29.657453+00:00
CUR_HA312,Curitiba,4106902,1,,828,,,-25.481635,-49.322953,,False,3,1,2023-06-19T10:41:29.657453+00:00
CUR_HI008,Curitiba,4106902,1,,828,,,-25.455453,-49.348323,,False,1,2,2023-06-19T10:38:29.657453+00:00
CUR_BI879,Curitiba,4106902,1,Auto Viação São José,213,https://moovitapp.com/index/pt-br/transporte_p%C3%BAblico-line-213_PIT_PRA%C3%87A_DA_JUVENTUDE_CRISTAL_BLANCO_POMBO_HOR%C3%81RIO-Curitiba-942-857412-119631272-0,-1.0,-25.406728,-49.252618,,False,7,2,2023-06-19T10:36:29.657453+00:00
CUR_BI882,Curitiba,4106902,1,Auto Viação São José,213,https://moovitapp.com/index/pt-br/transporte_p%C3%BAblico-line-213_PIT_PRA%C3%87A_DA_JUVENTUDE_CRISTAL_BLANCO_POMBO_HOR%C3%81RIO-Curitiba-942-857412-119631272-0,-1.0,-25.392401,-49.217066,,False,7,1,2023-06-19T10:41:29.657453+00:00
CUR_GI038,Curitiba,4106902,1,,633,,,-25.531433,-49.267513,,False,1,2,2023-06-19T10:40:29.657453+00:00
CUR_GC018,Curitiba,4106902,1,,633,,,-25.5206,-49.273818,,False,1,2,2023-06-19T10:41:29.657453+00:00
CUR_GI039,Curitiba,4106902,1,,633,,,-25.519235,-49.295471,,False,1,1,2023-06-19T10:41:29.657453+00:00
CUR_KA600,Curitiba,4106902,1,,545,,,-25.540965,-49.293426,,False,4,1,2023-06-19T10:41:29.657453+00:00
CUR_GI600,Curitiba,4106902,1,,545,,,-25.533796,-49.301048,,False,4,2,2023-06-19T10:41:29.657453+00:00
CUR_GI603,Curitiba,4106902,1,,545,,,-25.536505,-49.273921,,False,4,2,2023-06-19T10:41:29.657453+00:00
CUR_KA602,Curitiba,4106902,1,,545,,,-25.467625,-49.254651,,False,4,2,2023-06-19T10:41:29.657453+00:00
CUR_JI600,Curitiba,4106902,1,,545,,,-25.516775,-49.326545,,False,4,1,2023-06-19T10:41:29.657453+00:00
CUR_JI602,Curitiba,4106902,1,,545,,,-25.477243,-49.326085,,False,4,2,2023-06-19T10:41:29.657453+00:00
CUR_KA692,Curitiba,4106902,1,,545,,,-25.46726,-49.254655,,False,4,1,2023-06-19T10:41:29.657453+00:00
CUR_KA601,Curitiba,4106902,1,,545,,,-25.467593,-49.254666,,False,4,2,2023-06-19T10:41:29.657453+00:00
CUR_BL605,Curitiba,4106902,0,URBS,022,https://moovitapp.com/index/pt-br/transporte_p%C3%BAblico-line-022_INTER_2_HOR%C3%81RIO-Curitiba-942-9628-381388-0,-1.0,-25.490878,-49.293845,,False,4,,2023-06-19T10:40:29.657453+00:00
CUR_BL337,Curitiba,4106902,0,URBS,022,https://moovitapp.com/index/pt-br/transporte_p%C3%BAblico-line-022_INTER_2_HOR%C3%81RIO-Curitiba-942-9628-381388-0,-1.0,-25.415408,-49.289911,,False,3,,2023-06-19T10:41:29.657453+00:00
CUR_ML312,Curitiba,4106902,0,URBS,022,https://moovitapp.com/index/pt-br/transporte_p%C3%BAblico-line-022_INTER_2_HOR%C3%81RIO-Curitiba-942-9628-381388-0,-1.0,-25.426678,-49.264653,,False,3,,2023-06-19T10:40:29.657453+00:00
CUR_EL601,Curitiba,4106902,0,URBS,022,https://moovitapp.com/index/pt-br/transporte_p%C3%BAblico-line-022_INTER_2_HOR%C3%81RIO-Curitiba-942-9628-381388-0,-1.0,-25.46823,-49.2558,,False,4,,2023-06-19T10:41:29.657453+00:00
CUR_JL305,Curitiba,4106902,0,URBS,022,https://moovitapp.com/index/pt-br/transporte_p%C3%BAblico-line-022_INTER_2_HOR%C3%81RIO-Curitiba-942-9628-381388-0,-1.0,-25.457265,-49.23203,,False,3,,2023-06-19T10:39:29.657453+00:00
CUR_BL320,Curitiba,4106902,0,URBS,022,https://moovitapp.com/index/pt-br/transporte_p%C3%BAblico-line-022_INTER_2_HOR%C3%81RIO-Curitiba-942-9628-381388-0,-1.0,-25.41404,-49.259616,,False,3,,2023-06-19T10:41:29.657453+00:00
CUR_BL300,Curitiba,4106902,0,URBS,022,https://moovitapp.com/index/pt-br/transporte_p%C3%BAblico-line-022_INTER_2_HOR%C3%81RIO-Curitiba-942-9628-381388-0,-1.0,-25.41725,-49.247961,,False,3,,2023-06-19T10:35:29.657453+00:00
CUR_DL301,Curitiba,4106902,0,URBS,022,https://moovitapp.com/index/pt-br/transporte_p%C3%BAblico-line-022_INTER_2_HOR%C3%81RIO-Curitiba-942-9628-381388-0,-1.0,-25.41889,-49.240523,,False,3,,2023-06-19T10:41:29.657453+00:00
CUR_CL698,Curitiba,4106902,0,URBS,022,https://moovitapp.com/index/pt-br/transporte_p%C3%BAblico-line-022_INTER_2_HOR%C3%81RIO-Curitiba-942-9628-381388-0,-1.0,-25.380743,-49.18602,,False,4,,2023-06-19T10:41:29.657453+00:00
CUR_BL607,Curitiba,4106902,0,URBS,022,https://moovitapp.com/index/pt-br/transporte_p%C3%BAblico-line-022_INTER_2_HOR%C3%81RIO-Curitiba-942-9628-381388-0,-1.0,-25.417461,-49.247198,,False,4,,2023-06-19T10:41:29.657453+00:00
CUR_BL610,Curitiba,4106902,0,URBS,022,https://moovitapp.com/index/pt-br/transporte_p%C3%BAblico-line-022_INTER_2_HOR%C3%81RIO-Curitiba-942-9628-381388-0,-1.0,-25.418476,-49.268615,,False,4,,2023-06-19T10:41:29.657453+00:00
CUR_DR805,Curitiba,4106902,0,URBS,022,https://moovitapp.com/index/pt-br/transporte_p%C3%BAblico-line-022_INTER_2_HOR%C3%81RIO-Curitiba-942-9628-381388-0,-1.0,-25.467825,-49.25452,,False,4,,2023-06-19T10:41:29.657453+00:00
CUR_BL334,Curitiba,4106902,0,URBS,022,https://moovitapp.com/index/pt-br/transporte_p%C3%BAblico-line-022_INTER_2_HOR%C3%81RIO-Curitiba-942-9628-381388-0,-1.0,-25.415045,-49.285936,,False,3,,2023-06-19T10:37:29.657453+00:00
CUR_JL310,Curitiba,4106902,0,URBS,022,https://moovitapp.com/index/pt-br/transporte_p%C3%BAblico-line-022_INTER_2_HOR%C3%81RIO-Curitiba-942-9628-381388-0,-1.0,-25.495486,-49.268045,,False,3,,2023-06-19T10:42:29.657453+00:00
CUR_BL600,Curitiba,4106902,0,URBS,022,https://moovitapp.com/index/pt-br/transporte_p%C3%BAblico-line-022_INTER_2_HOR%C3%81RIO-Curitiba-942-9628-381388-0,-1.0,-25.428158,-49.241013,,False,4,,2023-06-19T10:41:29.657453+00:00
CUR_DL316,Curitiba,4106902,0,URBS,022,https://moovitapp.com/index/pt-br/transporte_p%C3%BAblico-line-022_INTER_2_HOR%C3%81RIO-Curitiba-942-9628-381388-0,-1.0,-25.467721,-49.254838,,False,3,,2023-06-19T10:41:29.657453+00:00
CUR_JL603,Curitiba,4106902,0,URBS,022,https://moovitapp.com/index/pt-br/transporte_p%C3%BAblico-line-022_INTER_2_HOR%C3%81RIO-Curitiba-942-9628-381388-0,-1.0,-25.449305,-49.367105,,False,4,,2023-06-19T10:40:29.657453+00:00
CUR_BL326,Curitiba,4106902,0,URBS,022,https://moovitapp.com/index/pt-br/transporte_p%C3%BAblico-line-022_INTER_2_HOR%C3%81RIO-Curitiba-942-9628-381388-0,-1.0,-25.461305,-49.294283,,False,3,,2023-06-19T10:41:29.657453+00:00
CUR_GL601,Curitiba,4106902,0,URBS,022,https://moovitapp.com/index/pt-br/transporte_p%C3%BAblico-line-022_INTER_2_HOR%C3%81RIO-Curitiba-942-9628-381388-0,-1.0,-25.439516,-49.222371,,False,4,,2023-06-19T10:40:29.657453+00:00
CUR_HL494,Curitiba,4106902,1,URBS,022,https://moovitapp.com/index/pt-br/transporte_p%C3%BAblico-line-022_INTER_2_HOR%C3%81RIO-Curitiba-942-9628-381388-0,-1.0,-25.434055,-49.29924,,False,3,,2023-06-19T10:40:29.657453+00:00
CUR_HL601,Curitiba,4106902,0,URBS,022,https://moovitapp.com/index/pt-br/transporte_p%C3%BAblico-line-022_INTER_2_HOR%C3%81RIO-Curitiba-942-9628-381388-0,-1.0,-25.48609,-49.294183,,False,4,,2023-06-19T10:40:29.657453+00:00
CUR_CR804,Curitiba,4106902,0,URBS,022,https://moovitapp.com/index/pt-br/transporte_p%C3%BAblico-line-022_INTER_2_HOR%C3%81RIO-Curitiba-942-9628-381388-0,-1.0,-25.38053,-49.185925,,False,4,,2023-06-19T10:42:29.657453+00:00
CUR_CL601,Curitiba,4106902,0,URBS,022,https://moovitapp.com/index/pt-br/transporte_p%C3%BAblico-line-022_INTER_2_HOR%C3%81RIO-Curitiba-942-9628-381388-0,-1.0,-25.381626,-49.185521,,False,4,,2023-06-19T10:41:29.657453+00:00
CUR_EL075,Curitiba,4106902,0,URBS,022,https://moovitapp.com/index/pt-br/transporte_p%C3%BAblico-line-022_INTER_2_HOR%C3%81RIO-Curitiba-942-9628-381388-0,-1.0,-25.467698,-49.25646,,False,3,,2023-06-19T10:41:29.657453+00:00
CUR_EL600,Curitiba,4106902,0,URBS,022,https://moovitapp.com/index/pt-br/transporte_p%C3%BAblico-line-022_INTER_2_HOR%C3%81RIO-Curitiba-942-9628-381388-0,-1.0,-25.468243,-49.255855,,False,4,,2023-06-19T10:41:29.657453+00:00
CUR_BL601,Curitiba,4106902,0,URBS,022,https://moovitapp.com/index/pt-br/transporte_p%C3%BAblico-line-022_INTER_2_HOR%C3%81RIO-Curitiba-942-9628-381388-0,-1.0,-25.416016,-49.281615,,False,4,,2023-06-19T10:41:29.657453+00:00
CUR_BL602,Curitiba,4106902,0,URBS,022,https://moovitapp.com/index/pt-br/transporte_p%C3%BAblico-line-022_INTER_2_HOR%C3%81RIO-Curitiba-942-9628-381388-0,-1.0,-25.412773,-49.265645,,False,4,,2023-06-19T10:41:29.657453+00:00
CUR_CL602,Curitiba,4106902,0,URBS,022,https://moovitapp.com/index/pt-br/transporte_p%C3%BAblico-line-022_INTER_2_HOR%C3%81RIO-Curitiba-942-9628-381388-0,-1.0,-25.381631,-49.18557,,False,4,,2023-06-19T10:41:29.657453+00:00
CUR_DL311,Curitiba,4106902,0,URBS,022,https://moovitapp.com/index/pt-br/transporte_p%C3%BAblico-line-022_INTER_2_HOR%C3%81RIO-Curitiba-942-9628-381388-0,-1.0,-25.467615,-49.254905,,False,3,,2023-06-19T10:36:29.657453+00:00
CUR_BL311,Curitiba,4106902,0,URBS,022,https://moovitapp.com/index/pt-br/transporte_p%C3%BAblico-line-022_INTER_2_HOR%C3%81RIO-Curitiba-942-9628-381388-0,-1.0,-25.496533,-49.2717,,False,3,,2023-06-19T10:41:29.657453+00:00
CUR_JA037,Curitiba,4106902,1,,860,,,-25.449268,-49.365913,,False,1,2,2023-06-19T10:40:29.657453+00:00
CUR_JA036,Curitiba,4106902,1,,860,,,-25.449225,-49.365733,,False,1,1,2023-06-19T10:39:29.657453+00:00
CUR_JI018,Curitiba,4106902,1,,860,,,-25.445536,-49.346303,,False,1,1,2023-06-19T10:42:29.657453+00:00
CUR_JA033,Curitiba,4106902,1,,860,,,-25.449271,-49.366081,,False,1,2,2023-06-19T10:36:29.657453+00:00
CUR_JC011,Curitiba,4106902,1,,860,,,-25.449568,-49.366965,,False,1,1,2023-06-19T10:40:29.657453+00:00
CUR_BC301,Curitiba,4106902,1,,205,,,-25.39437,-49.258191,,False,3,1,2023-06-19T10:41:29.657453+00:00
CUR_BC302,Curitiba,4106902,1,,205,,,-25.409471,-49.256785,,False,3,2,2023-06-19T10:41:29.657453+00:00
CUR_BC308,Curitiba,4106902,1,,205,,,-25.40184,-49.258701,,False,3,2,2023-06-19T10:35:29.657453+00:00
CUR_BC280,Curitiba,4106902,1,,205,,,-25.417823,-49.268638,,False,1,2,2023-06-19T10:41:29.657453+00:00
CUR_BC307,Curitiba,4106902,1,,205,,,-25.386843,-49.261218,,False,3,2,2023-06-19T10:39:29.657453+00:00
CUR_GA002,Curitiba,4106902,1,,631,,,-25.52192,-49.290256,,False,1,,2023-06-19T10:42:29.657453+00:00
CUR_GI027,Curitiba,4106902,1,,631,,,-25.511826,-49.294968,,False,1,,2023-06-19T10:41:29.657453+00:00
CUR_BI857,Curitiba,4106902,1,,311,,,-25.43826,-49.206285,,False,7,1,2023-06-19T10:33:29.657453+00:00
CUR_EI002,Curitiba,4106902,1,,523,,,-25.502248,-49.222896,,False,1,2,2023-06-19T10:42:29.657453+00:00
CUR_HI043,Curitiba,4106902,1,,630,,,-25.51515,-49.294838,,False,1,1,2023-06-19T10:41:29.657453+00:00
CUR_HI032,Curitiba,4106902,1,,630,,,-25.54066,-49.302828,,False,1,1,2023-06-19T10:40:29.657453+00:00
CUR_HA016,Curitiba,4106902,1,,630,,,-25.538673,-49.312936,,False,1,2,2023-06-19T10:41:29.657453+00:00
CUR_HI027,Curitiba,4106902,1,,630,,,-25.546568,-49.341051,,False,1,1,2023-06-19T10:41:29.657453+00:00
CUR_BB308,Curitiba,4106902,1,,011,,,-25.418466,-49.252685,,False,10,,2023-06-19T10:38:29.657453+00:00
CUR_BB305,Curitiba,4106902,1,,011,,,-25.428331,-49.291411,,False,10,,2023-06-19T10:41:29.657453+00:00
CUR_BB309,Curitiba,4106902,1,,011,,,-25.452173,-49.253096,,False,10,,2023-06-19T10:37:29.657453+00:00
CUR_HC304,Curitiba,4106902,1,,380,,,-25.431745,-49.212211,,False,10,2,2023-06-19T10:40:29.657453+00:00
CUR_CC301,Curitiba,4106902,1,,380,,,-25.38184,-49.185775,,False,10,1,2023-06-19T10:41:29.657453+00:00
CUR_CI006,Curitiba,4106902,1,,380,,,-25.429623,-49.21741,,False,1,1,2023-06-19T10:41:29.657453+00:00
CUR_CC302,Curitiba,4106902,1,,380,,,-25.381971,-49.185775,,False,10,2,2023-06-19T10:42:29.657453+00:00
CUR_BI008,Curitiba,4106902,1,,374,,,-25.417076,-49.252288,,False,1,1,2023-06-19T10:41:29.657453+00:00
CUR_BI001,Curitiba,4106902,1,,374,,,-25.422628,-49.260756,,False,1,2,2023-06-19T10:41:29.657453+00:00
CUR_BI005,Curitiba,4106902,1,,374,,,-25.408416,-49.211906,,False,1,2,2023-06-19T10:40:29.657453+00:00
CUR_BI029,Curitiba,4106902,1,,827,,,-25.444306,-49.363675,,False,1,2,2023-06-19T10:41:29.657453+00:00
CUR_GC006,Curitiba,4106902,1,,513,,,-25.548818,-49.291231,,False,1,2,2023-06-19T10:38:29.657453+00:00
CUR_DA292,Curitiba,4106902,1,,513,,,-25.483196,-49.247603,,False,1,1,2023-06-19T10:41:29.657453+00:00
CUR_DC085,Curitiba,4106902,1,,513,,,-25.515871,-49.235846,,False,1,2,2023-06-19T10:42:29.657453+00:00
CUR_BL338,Curitiba,4106902,0,URBS,505,https://moovitapp.com/index/pt-br/transporte_p%C3%BAblico-line-505_BOQUEIR%C3%83O_CENTRO_C%C3%8DVICO-Curitiba-942-9628-531685-0,-1.0,-25.410715,-49.266121,,False,3,1,2023-06-19T10:41:29.657453+00:00
CUR_EL331,Curitiba,4106902,1,URBS,505,https://moovitapp.com/index/pt-br/transporte_p%C3%BAblico-line-505_BOQUEIR%C3%83O_CENTRO_C%C3%8DVICO-Curitiba-942-9628-531685-0,-1.0,-25.467461,-49.255973,,False,3,2,2023-06-19T10:41:29.657453+00:00
CUR_EL318,Curitiba,4106902,1,URBS,505,https://moovitapp.com/index/pt-br/transporte_p%C3%BAblico-line-505_BOQUEIR%C3%83O_CENTRO_C%C3%8DVICO-Curitiba-942-9628-531685-0,-1.0,-25.468348,-49.254708,,False,3,1,2023-06-19T10:41:29.657453+00:00
CUR_EL320,Curitiba,4106902,1,URBS,505,https://moovitapp.com/index/pt-br/transporte_p%C3%BAblico-line-505_BOQUEIR%C3%83O_CENTRO_C%C3%8DVICO-Curitiba-942-9628-531685-0,-1.0,-25.456323,-49.25481,,False,3,1,2023-06-19T10:41:29.657453+00:00
CUR_BL302,Curitiba,4106902,0,URBS,505,https://moovitapp.com/index/pt-br/transporte_p%C3%BAblico-line-505_BOQUEIR%C3%83O_CENTRO_C%C3%8DVICO-Curitiba-942-9628-531685-0,-1.0,-25.506645,-49.234991,,False,3,2,2023-06-19T10:40:29.657453+00:00
CUR_EL333,Curitiba,4106902,1,URBS,505,https://moovitapp.com/index/pt-br/transporte_p%C3%BAblico-line-505_BOQUEIR%C3%83O_CENTRO_C%C3%8DVICO-Curitiba-942-9628-531685-0,-1.0,-25.467461,-49.256038,,False,3,1,2023-06-19T10:41:29.657453+00:00
CUR_BL310,Curitiba,4106902,0,URBS,505,https://moovitapp.com/index/pt-br/transporte_p%C3%BAblico-line-505_BOQUEIR%C3%83O_CENTRO_C%C3%8DVICO-Curitiba-942-9628-531685-0,-1.0,-25.462756,-49.256491,,False,3,2,2023-06-19T10:41:29.657453+00:00
CUR_EL321,Curitiba,4106902,1,URBS,505,https://moovitapp.com/index/pt-br/transporte_p%C3%BAblico-line-505_BOQUEIR%C3%83O_CENTRO_C%C3%8DVICO-Curitiba-942-9628-531685-0,-1.0,-25.468365,-49.254605,,False,3,1,2023-06-19T10:41:29.657453+00:00
CUR_BL322,Curitiba,4106902,0,URBS,505,https://moovitapp.com/index/pt-br/transporte_p%C3%BAblico-line-505_BOQUEIR%C3%83O_CENTRO_C%C3%8DVICO-Curitiba-942-9628-531685-0,-1.0,-25.482796,-49.24677,,False,3,2,2023-06-19T10:41:29.657453+00:00
CUR_EL317,Curitiba,4106902,0,URBS,505,https://moovitapp.com/index/pt-br/transporte_p%C3%BAblico-line-505_BOQUEIR%C3%83O_CENTRO_C%C3%8DVICO-Curitiba-942-9628-531685-0,-1.0,-25.515783,-49.230586,,False,3,2,2023-06-19T10:41:29.657453+00:00
CUR_BL315,Curitiba,4106902,0,URBS,505,https://moovitapp.com/index/pt-br/transporte_p%C3%BAblico-line-505_BOQUEIR%C3%83O_CENTRO_C%C3%8DVICO-Curitiba-942-9628-531685-0,-1.0,-25.447975,-49.2575,,False,3,1,2023-06-19T10:37:29.657453+00:00
CUR_BL333,Curitiba,4106902,0,URBS,505,https://moovitapp.com/index/pt-br/transporte_p%C3%BAblico-line-505_BOQUEIR%C3%83O_CENTRO_C%C3%8DVICO-Curitiba-942-9628-531685-0,-1.0,-25.448156,-49.258101,,False,3,1,2023-06-19T10:41:29.657453+00:00
CUR_EL322,Curitiba,4106902,1,URBS,505,https://moovitapp.com/index/pt-br/transporte_p%C3%BAblico-line-505_BOQUEIR%C3%83O_CENTRO_C%C3%8DVICO-Curitiba-942-9628-531685-0,-1.0,-25.467365,-49.255925,,False,3,2,2023-06-19T10:41:29.657453+00:00
CUR_EL306,Curitiba,4106902,0,URBS,505,https://moovitapp.com/index/pt-br/transporte_p%C3%BAblico-line-505_BOQUEIR%C3%83O_CENTRO_C%C3%8DVICO-Curitiba-942-9628-531685-0,-1.0,-25.467336,-49.256096,,False,3,1,2023-06-19T10:41:29.657453+00:00
CUR_EL324,Curitiba,4106902,1,URBS,505,https://moovitapp.com/index/pt-br/transporte_p%C3%BAblico-line-505_BOQUEIR%C3%83O_CENTRO_C%C3%8DVICO-Curitiba-942-9628-531685-0,-1.0,-25.440403,-49.260243,,False,3,1,2023-06-19T10:42:29.657453+00:00
CUR_HC300,Curitiba,4106902,1,,863,,,-25.446066,-49.270395,,False,10,1,2023-06-19T10:41:29.657453+00:00
CUR_HC011,Curitiba,4106902,1,,863,,,-25.445765,-49.269058,,False,1,2,2023-06-19T10:42:29.657453+00:00
CUR_BC018,Curitiba,4106902,1,,375,,,-25.41288,-49.205343,,False,1,1,2023-06-19T10:42:29.657453+00:00
CUR_BA002,Curitiba,4106902,1,,375,,,-25.427643,-49.236043,,False,1,2,2023-06-19T10:39:29.657453+00:00
CUR_EA021,Curitiba,4106902,1,,521,,,-25.506376,-49.25013,,False,1,2,2023-06-19T10:42:29.657453+00:00
CUR_MA949,Curitiba,4106902,1,,967,,,-25.429058,-49.271195,,False,7,1,2023-06-19T10:42:29.657453+00:00
CUR_MI853,Curitiba,4106902,1,,967,,,-25.42936,-49.271201,,False,7,1,2023-06-19T10:40:29.657453+00:00
CUR_HI611,Curitiba,4106902,1,,684,,,-25.525601,-49.297408,,False,4,1,2023-06-19T10:42:29.657453+00:00
CUR_HR407,Curitiba,4106902,1,,684,,,-25.568576,-49.320165,,False,4,2,2023-06-19T10:40:29.657453+00:00
CUR_HR408,Curitiba,4106902,1,,684,,,-25.588428,-49.341123,,False,4,1,2023-06-19T10:40:29.657453+00:00
CUR_HI613,Curitiba,4106902,1,,684,,,-25.558335,-49.306906,,False,4,1,2023-06-19T10:34:29.657453+00:00
CUR_HA604,Curitiba,4106902,1,,684,,,-25.515121,-49.295088,,False,4,1,2023-06-19T10:41:29.657453+00:00
CUR_HB301,Curitiba,4106902,1,,684,,,-25.527105,-49.298043,,False,3,1,2023-06-19T10:31:29.657453+00:00
CUR_HA132,Curitiba,4106902,1,,684,,,-25.512393,-49.295258,,False,1,1,2023-06-19T10:41:29.657453+00:00
CUR_HA619,Curitiba,4106902,1,,684,,,-25.549088,-49.30422,,False,4,1,2023-06-19T10:38:29.657453+00:00
CUR_HA618,Curitiba,4106902,1,,684,,,-25.585161,-49.337803,,False,4,2,2023-06-19T10:41:29.657453+00:00
CUR_HA613,Curitiba,4106902,1,,684,,,-25.54903,-49.304145,,False,4,1,2023-06-19T10:39:29.657453+00:00
CUR_BI891,Curitiba,4106902,1,,244,,,-25.375448,-49.262805,,False,7,2,2023-06-19T10:42:29.657453+00:00
CUR_ML302,Curitiba,4106902,0,URBS,307,https://moovitapp.com/index/pt-br/transporte_p%C3%BAblico-line-307_BAIRRO_ALTO_SANTA_FELICIDADE-Curitiba-942-9628-1323712-0,-1.0,-25.419131,-49.294675,,False,3,2,2023-06-19T10:39:29.657453+00:00
CUR_ML313,Curitiba,4106902,0,URBS,307,https://moovitapp.com/index/pt-br/transporte_p%C3%BAblico-line-307_BAIRRO_ALTO_SANTA_FELICIDADE-Curitiba-942-9628-1323712-0,-1.0,-25.402958,-49.325971,,False,3,1,2023-06-19T10:41:29.657453+00:00
CUR_CL303,Curitiba,4106902,0,URBS,307,https://moovitapp.com/index/pt-br/transporte_p%C3%BAblico-line-307_BAIRRO_ALTO_SANTA_FELICIDADE-Curitiba-942-9628-1323712-0,-1.0,-25.381135,-49.186208,,False,3,1,2023-06-19T10:42:29.657453+00:00
CUR_BL325,Curitiba,4106902,0,URBS,307,https://moovitapp.com/index/pt-br/transporte_p%C3%BAblico-line-307_BAIRRO_ALTO_SANTA_FELICIDADE-Curitiba-942-9628-1323712-0,-1.0,-25.428851,-49.225221,,False,3,2,2023-06-19T10:42:29.657453+00:00
CUR_CL039,Curitiba,4106902,0,URBS,307,https://moovitapp.com/index/pt-br/transporte_p%C3%BAblico-line-307_BAIRRO_ALTO_SANTA_FELICIDADE-Curitiba-942-9628-1323712-0,-1.0,-25.381191,-49.186156,,False,3,2,2023-06-19T10:41:29.657453+00:00
CUR_ML308,Curitiba,4106902,0,URBS,307,https://moovitapp.com/index/pt-br/transporte_p%C3%BAblico-line-307_BAIRRO_ALTO_SANTA_FELICIDADE-Curitiba-942-9628-1323712-0,-1.0,-25.418961,-49.29447,,False,3,1,2023-06-19T10:40:29.657453+00:00
CUR_CL302,Curitiba,4106902,0,URBS,307,https://moovitapp.com/index/pt-br/transporte_p%C3%BAblico-line-307_BAIRRO_ALTO_SANTA_FELICIDADE-Curitiba-942-9628-1323712-0,-1.0,-25.414001,-49.20556,,False,3,2,2023-06-19T10:41:29.657453+00:00
CUR_CL306,Curitiba,4106902,0,URBS,307,https://moovitapp.com/index/pt-br/transporte_p%C3%BAblico-line-307_BAIRRO_ALTO_SANTA_FELICIDADE-Curitiba-942-9628-1323712-0,-1.0,-25.38116,-49.186158,,False,3,2,2023-06-19T10:42:29.657453+00:00
CUR_ML307,Curitiba,4106902,0,URBS,307,https://moovitapp.com/index/pt-br/transporte_p%C3%BAblico-line-307_BAIRRO_ALTO_SANTA_FELICIDADE-Curitiba-942-9628-1323712-0,-1.0,-25.425666,-49.262088,,False,3,1,2023-06-19T10:41:29.657453+00:00
CUR_EI016,Curitiba,4106902,1,,532,,,-25.533576,-49.238275,,False,1,1,2023-06-19T10:41:29.657453+00:00
CUR_EA199,Curitiba,4106902,1,,532,,,-25.468325,-49.255678,,False,1,2,2023-06-19T10:41:29.657453+00:00
CUR_EA023,Curitiba,4106902,1,,532,,,-25.469018,-49.255516,,False,1,1,2023-06-19T10:39:29.657453+00:00
CUR_EA016,Curitiba,4106902,1,,532,,,-25.468846,-49.25566,,False,1,2,2023-06-19T10:41:29.657453+00:00
CUR_HI025,Curitiba,4106902,1,,655,,,-25.518423,-49.295656,,False,1,1,2023-06-19T10:42:29.657453+00:00
CUR_HA005,Curitiba,4106902,1,,655,,,-25.555741,-49.337475,,False,1,2,2023-06-19T10:40:29.657453+00:00
CUR_BI012,Curitiba,4106902,1,,342,,,-25.388005,-49.212275,,False,1,1,2023-06-19T10:42:29.657453+00:00
CUR_BI010,Curitiba,4106902,1,,342,,,-25.408241,-49.200503,,False,1,2,2023-06-19T10:41:29.657453+00:00
CUR_BA034,Curitiba,4106902,1,,342,,,-25.388108,-49.211071,,False,1,2,2023-06-19T10:40:29.657453+00:00
CUR_BI018,Curitiba,4106902,1,,232,,,-25.37076,-49.227953,,False,1,2,2023-06-19T10:41:29.657453+00:00
CUR_BA028,Curitiba,4106902,1,,232,,,-25.371645,-49.22823,,False,1,2,2023-06-19T10:40:29.657453+00:00
CUR_BI017,Curitiba,4106902,1,,232,,,-25.351571,-49.235363,,False,1,1,2023-06-19T10:41:29.657453+00:00
CUR_BA024,Curitiba,4106902,1,,232,,,-25.356665,-49.23522,,False,1,1,2023-06-19T10:39:29.657453+00:00
CUR_BI006,Curitiba,4106902,1,,232,,,-25.363786,-49.232703,,False,1,1,2023-06-19T10:41:29.657453+00:00
CUR_DA298,Curitiba,4106902,1,,332,,,-25.478926,-49.195998,,False,1,,2023-06-19T10:41:29.657453+00:00
CUR_DA296,Curitiba,4106902,1,,332,,,-25.478073,-49.214288,,False,1,,2023-06-19T10:41:29.657453+00:00
CUR_EA077,Curitiba,4106902,1,,332,,,-25.470008,-49.20789,,False,1,,2023-06-19T10:41:29.657453+00:00
CUR_HI034,Curitiba,4106902,1,,628,,,-25.551643,-49.332953,,False,1,2,2023-06-19T10:40:29.657453+00:00
CUR_HI044,Curitiba,4106902,1,,628,,,-25.503525,-49.314725,,False,1,1,2023-06-19T10:41:29.657453+00:00
CUR_HI002,Curitiba,4106902,1,,628,,,-25.514636,-49.328911,,False,1,2,2023-06-19T10:41:29.657453+00:00
CUR_HI001,Curitiba,4106902,1,,628,,,-25.492543,-49.295823,,False,1,1,2023-06-19T10:40:29.657453+00:00
CUR_JL315,Curitiba,4106902,0,URBS,702,https://moovitapp.com/index/pt-br/transporte_p%C3%BAblico-line-702_CAIU%C3%81_CACHOEIRA-Curitiba-942-9628-133282980-0,-1.0,-25.433671,-49.26341,,False,3,1,2023-06-19T10:40:29.657453+00:00
CUR_JL319,Curitiba,4106902,0,URBS,702,https://moovitapp.com/index/pt-br/transporte_p%C3%BAblico-line-702_CAIU%C3%81_CACHOEIRA-Curitiba-942-9628-133282980-0,-1.0,-25.43498,-49.264343,,False,3,2,2023-06-19T10:41:29.657453+00:00
CUR_JL322,Curitiba,4106902,1,URBS,702,https://moovitapp.com/index/pt-br/transporte_p%C3%BAblico-line-702_CAIU%C3%81_CACHOEIRA-Curitiba-942-9628-133282980-0,-1.0,-25.448751,-49.365923,,False,3,2,2023-06-19T10:40:29.657453+00:00
CUR_JL302,Curitiba,4106902,0,URBS,702,https://moovitapp.com/index/pt-br/transporte_p%C3%BAblico-line-702_CAIU%C3%81_CACHOEIRA-Curitiba-942-9628-133282980-0,-1.0,-25.448745,-49.365855,,False,3,2,2023-06-19T10:40:29.657453+00:00
CUR_JL311,Curitiba,4106902,0,URBS,702,https://moovitapp.com/index/pt-br/transporte_p%C3%BAblico-line-702_CAIU%C3%81_CACHOEIRA-Curitiba-942-9628-133282980-0,-1.0,-25.448663,-49.366035,,False,3,2,2023-06-19T10:40:29.657453+00:00
CUR_JL320,Curitiba,4106902,1,URBS,702,https://moovitapp.com/index/pt-br/transporte_p%C3%BAblico-line-702_CAIU%C3%81_CACHOEIRA-Curitiba-942-9628-133282980-0,-1.0,-25.38479,-49.261313,,False,3,1,2023-06-19T10:40:29.657453+00:00
CUR_JL303,Curitiba,4106902,0,URBS,702,https://moovitapp.com/index/pt-br/transporte_p%C3%BAblico-line-702_CAIU%C3%81_CACHOEIRA-Curitiba-942-9628-133282980-0,-1.0,-25.39994,-49.259515,,False,3,1,2023-06-19T10:42:29.657453+00:00
CUR_HI859,Curitiba,4106902,1,,865,,,-25.445165,-49.310491,,False,7,1,2023-06-19T10:38:29.657453+00:00
CUR_DL310,Curitiba,4106902,0,URBS,304,https://moovitapp.com/index/pt-br/transporte_p%C3%BAblico-line-304_PINHAIS_CAMPO_COMPRIDO-Curitiba-942-9628-133282995-0,-1.0,-25.46786,-49.254671,,False,3,2,2023-06-19T10:41:29.657453+00:00
CUR_HL324,Curitiba,4106902,0,URBS,304,https://moovitapp.com/index/pt-br/transporte_p%C3%BAblico-line-304_PINHAIS_CAMPO_COMPRIDO-Curitiba-942-9628-133282995-0,-1.0,-25.435391,-49.302565,,False,3,2,2023-06-19T10:42:29.657453+00:00
CUR_HL330,Curitiba,4106902,1,URBS,304,https://moovitapp.com/index/pt-br/transporte_p%C3%BAblico-line-304_PINHAIS_CAMPO_COMPRIDO-Curitiba-942-9628-133282995-0,-1.0,-25.442015,-49.338946,,False,3,2,2023-06-19T10:42:29.657453+00:00
CUR_DL313,Curitiba,4106902,0,URBS,304,https://moovitapp.com/index/pt-br/transporte_p%C3%BAblico-line-304_PINHAIS_CAMPO_COMPRIDO-Curitiba-942-9628-133282995-0,-1.0,-25.436991,-49.313456,,False,3,2,2023-06-19T10:42:29.657453+00:00
CUR_DL307,Curitiba,4106902,0,URBS,304,https://moovitapp.com/index/pt-br/transporte_p%C3%BAblico-line-304_PINHAIS_CAMPO_COMPRIDO-Curitiba-942-9628-133282995-0,-1.0,-25.446126,-49.189173,,False,3,1,2023-06-19T10:41:29.657453+00:00
CUR_DL304,Curitiba,4106902,0,URBS,304,https://moovitapp.com/index/pt-br/transporte_p%C3%BAblico-line-304_PINHAIS_CAMPO_COMPRIDO-Curitiba-942-9628-133282995-0,-1.0,-25.413833,-49.266501,,False,3,1,2023-06-19T10:40:29.657453+00:00
CUR_DL300,Curitiba,4106902,0,URBS,304,https://moovitapp.com/index/pt-br/transporte_p%C3%BAblico-line-304_PINHAIS_CAMPO_COMPRIDO-Curitiba-942-9628-133282995-0,-1.0,-25.43866,-49.224886,,False,3,2,2023-06-19T10:42:29.657453+00:00
CUR_HL313,Curitiba,4106902,0,URBS,304,https://moovitapp.com/index/pt-br/transporte_p%C3%BAblico-line-304_PINHAIS_CAMPO_COMPRIDO-Curitiba-942-9628-133282995-0,-1.0,-25.428458,-49.271093,,False,3,2,2023-06-19T10:41:29.657453+00:00
CUR_JL321,Curitiba,4106902,1,URBS,304,https://moovitapp.com/index/pt-br/transporte_p%C3%BAblico-line-304_PINHAIS_CAMPO_COMPRIDO-Curitiba-942-9628-133282995-0,-1.0,-25.434513,-49.263148,,False,3,2,2023-06-19T10:39:29.657453+00:00
CUR_JL307,Curitiba,4106902,0,URBS,304,https://moovitapp.com/index/pt-br/transporte_p%C3%BAblico-line-304_PINHAIS_CAMPO_COMPRIDO-Curitiba-942-9628-133282995-0,-1.0,-25.393865,-49.258458,,False,3,2,2023-06-19T10:39:29.657453+00:00
CUR_DL303,Curitiba,4106902,0,URBS,304,https://moovitapp.com/index/pt-br/transporte_p%C3%BAblico-line-304_PINHAIS_CAMPO_COMPRIDO-Curitiba-942-9628-133282995-0,-1.0,-25.467551,-49.254953,,False,3,2,2023-06-19T10:37:29.657453+00:00
CUR_DC852,Curitiba,4106902,1,,466,,,-25.437786,-49.26301,,False,7,1,2023-06-19T10:41:29.657453+00:00
CUR_BC023,Curitiba,4106902,1,,373,,,-25.428485,-49.25982,,False,1,1,2023-06-19T10:37:29.657453+00:00
CUR_GE727,Curitiba,4106902,0,URBS,550,https://moovitapp.com/index/pt-br/transporte_p%C3%BAblico-line-550_LIGEIR%C3%83O_PINHEIRINHO_CARLOS_GOMES-Curitiba-942-9628-1254061-0,-1.0,-25.434281,-49.268961,,False,5,1,2023-06-19T10:40:29.657453+00:00
CUR_GE718,Curitiba,4106902,0,URBS,550,https://moovitapp.com/index/pt-br/transporte_p%C3%BAblico-line-550_LIGEIR%C3%83O_PINHEIRINHO_CARLOS_GOMES-Curitiba-942-9628-1254061-0,-1.0,-25.46953,-49.254118,,False,5,1,2023-06-19T10:40:29.657453+00:00
CUR_HE719,Curitiba,4106902,0,URBS,550,https://moovitapp.com/index/pt-br/transporte_p%C3%BAblico-line-550_LIGEIR%C3%83O_PINHEIRINHO_CARLOS_GOMES-Curitiba-942-9628-1254061-0,-1.0,-25.511971,-49.288526,,False,5,2,2023-06-19T10:41:29.657453+00:00
CUR_HE708,Curitiba,4106902,0,URBS,550,https://moovitapp.com/index/pt-br/transporte_p%C3%BAblico-line-550_LIGEIR%C3%83O_PINHEIRINHO_CARLOS_GOMES-Curitiba-942-9628-1254061-0,-1.0,-25.493766,-49.273725,,False,5,2,2023-06-19T10:41:29.657453+00:00
CUR_HE700,Curitiba,4106902,0,URBS,550,https://moovitapp.com/index/pt-br/transporte_p%C3%BAblico-line-550_LIGEIR%C3%83O_PINHEIRINHO_CARLOS_GOMES-Curitiba-942-9628-1254061-0,-1.0,-25.474766,-49.258591,,False,5,1,2023-06-19T10:41:29.657453+00:00
CUR_GE730,Curitiba,4106902,0,URBS,550,https://moovitapp.com/index/pt-br/transporte_p%C3%BAblico-line-550_LIGEIR%C3%83O_PINHEIRINHO_CARLOS_GOMES-Curitiba-942-9628-1254061-0,-1.0,-25.467618,-49.253718,,False,5,2,2023-06-19T10:40:29.657453+00:00
CUR_HE712,Curitiba,4106902,0,URBS,550,https://moovitapp.com/index/pt-br/transporte_p%C3%BAblico-line-550_LIGEIR%C3%83O_PINHEIRINHO_CARLOS_GOMES-Curitiba-942-9628-1254061-0,-1.0,-25.453618,-49.26095,,False,5,1,2023-06-19T10:39:29.657453+00:00
CUR_GE721,Curitiba,4106902,0,URBS,550,https://moovitapp.com/index/pt-br/transporte_p%C3%BAblico-line-550_LIGEIR%C3%83O_PINHEIRINHO_CARLOS_GOMES-Curitiba-942-9628-1254061-0,-1.0,-25.437215,-49.267705,,False,5,1,2023-06-19T10:41:29.657453+00:00
CUR_GE711,Curitiba,4106902,0,URBS,550,https://moovitapp.com/index/pt-br/transporte_p%C3%BAblico-line-550_LIGEIR%C3%83O_PINHEIRINHO_CARLOS_GOMES-Curitiba-942-9628-1254061-0,-1.0,-25.447321,-49.263858,,False,5,1,2023-06-19T10:41:29.657453+00:00
CUR_HE718,Curitiba,4106902,0,URBS,550,https://moovitapp.com/index/pt-br/transporte_p%C3%BAblico-line-550_LIGEIR%C3%83O_PINHEIRINHO_CARLOS_GOMES-Curitiba-942-9628-1254061-0,-1.0,-25.433801,-49.270206,,False,5,1,2023-06-19T10:40:29.657453+00:00
CUR_HE701,Curitiba,4106902,0,URBS,550,https://moovitapp.com/index/pt-br/transporte_p%C3%BAblico-line-550_LIGEIR%C3%83O_PINHEIRINHO_CARLOS_GOMES-Curitiba-942-9628-1254061-0,-1.0,-25.490175,-49.270831,,False,5,2,2023-06-19T10:40:29.657453+00:00
CUR_GE702,Curitiba,4106902,0,URBS,550,https://moovitapp.com/index/pt-br/transporte_p%C3%BAblico-line-550_LIGEIR%C3%83O_PINHEIRINHO_CARLOS_GOMES-Curitiba-942-9628-1254061-0,-1.0,-25.49716,-49.276648,,False,5,1,2023-06-19T10:42:29.657453+00:00
CUR_HE702,Curitiba,4106902,0,URBS,550,https://moovitapp.com/index/pt-br/transporte_p%C3%BAblico-line-550_LIGEIR%C3%83O_PINHEIRINHO_CARLOS_GOMES-Curitiba-942-9628-1254061-0,-1.0,-25.512031,-49.294693,,False,5,2,2023-06-19T10:42:29.657453+00:00
CUR_GE724,Curitiba,4106902,0,URBS,550,https://moovitapp.com/index/pt-br/transporte_p%C3%BAblico-line-550_LIGEIR%C3%83O_PINHEIRINHO_CARLOS_GOMES-Curitiba-942-9628-1254061-0,-1.0,-25.497275,-49.276795,,False,5,2,2023-06-19T10:40:29.657453+00:00
CUR_EA075,Curitiba,4106902,1,,323,,,-25.46847,-49.255981,,False,1,,2023-06-19T10:41:29.657453+00:00
CUR_DC983,Curitiba,4106902,1,,323,,,-25.46799,-49.255311,,False,1,,2023-06-19T10:41:29.657453+00:00
CUR_EA001,Curitiba,4106902,1,,323,,,-25.46909,-49.255451,,False,1,,2023-06-19T10:41:29.657453+00:00
CUR_JI023,Curitiba,4106902,1,,721,,,-25.449271,-49.365643,,False,1,2,2023-06-19T10:40:29.657453+00:00
CUR_JA024,Curitiba,4106902,1,,721,,,-25.449208,-49.366283,,False,1,1,2023-06-19T10:40:29.657453+00:00
CUR_JA023,Curitiba,4106902,1,,721,,,-25.449255,-49.36592,,False,1,2,2023-06-19T10:40:29.657453+00:00
CUR_EL302,Curitiba,4106902,0,URBS,506,https://moovitapp.com/index/pt-br/transporte_p%C3%BAblico-line-506_BAIRRO_NOVO-Curitiba-942-9628-294299-0,-1.0,-25.467518,-49.256478,,False,3,1,2023-06-19T10:41:29.657453+00:00
CUR_GL322,Curitiba,4106902,0,URBS,506,https://moovitapp.com/index/pt-br/transporte_p%C3%BAblico-line-506_BAIRRO_NOVO-Curitiba-942-9628-294299-0,-1.0,-25.509291,-49.282375,,False,3,1,2023-06-19T10:40:29.657453+00:00
CUR_EL316,Curitiba,4106902,0,URBS,506,https://moovitapp.com/index/pt-br/transporte_p%C3%BAblico-line-506_BAIRRO_NOVO-Curitiba-942-9628-294299-0,-1.0,-25.545233,-49.26462,,False,3,1,2023-06-19T10:41:29.657453+00:00
CUR_EL330,Curitiba,4106902,1,URBS,506,https://moovitapp.com/index/pt-br/transporte_p%C3%BAblico-line-506_BAIRRO_NOVO-Curitiba-942-9628-294299-0,-1.0,-25.541168,-49.271731,,False,3,2,2023-06-19T10:40:29.657453+00:00
CUR_GL302,Curitiba,4106902,0,URBS,506,https://moovitapp.com/index/pt-br/transporte_p%C3%BAblico-line-506_BAIRRO_NOVO-Curitiba-942-9628-294299-0,-1.0,-25.553155,-49.250921,,False,3,2,2023-06-19T10:40:29.657453+00:00
CUR_EL315,Curitiba,4106902,0,URBS,506,https://moovitapp.com/index/pt-br/transporte_p%C3%BAblico-line-506_BAIRRO_NOVO-Curitiba-942-9628-294299-0,-1.0,-25.467575,-49.256583,,False,3,2,2023-06-19T10:41:29.657453+00:00
CUR_EL329,Curitiba,4106902,1,URBS,506,https://moovitapp.com/index/pt-br/transporte_p%C3%BAblico-line-506_BAIRRO_NOVO-Curitiba-942-9628-294299-0,-1.0,-25.524778,-49.268785,,False,3,1,2023-06-19T10:41:29.657453+00:00
CUR_GL081,Curitiba,4106902,0,URBS,506,https://moovitapp.com/index/pt-br/transporte_p%C3%BAblico-line-506_BAIRRO_NOVO-Curitiba-942-9628-294299-0,-1.0,-25.534578,-49.268541,,False,3,2,2023-06-19T10:38:29.657453+00:00
CUR_EL328,Curitiba,4106902,1,URBS,506,https://moovitapp.com/index/pt-br/transporte_p%C3%BAblico-line-506_BAIRRO_NOVO-Curitiba-942-9628-294299-0,-1.0,-25.467385,-49.255951,,False,3,2,2023-06-19T10:41:29.657453+00:00
CUR_GL323,Curitiba,4106902,0,URBS,506,https://moovitapp.com/index/pt-br/transporte_p%C3%BAblico-line-506_BAIRRO_NOVO-Curitiba-942-9628-294299-0,-1.0,-25.472263,-49.263061,,False,3,2,2023-06-19T10:41:29.657453+00:00
CUR_GL317,Curitiba,4106902,0,URBS,506,https://moovitapp.com/index/pt-br/transporte_p%C3%BAblico-line-506_BAIRRO_NOVO-Curitiba-942-9628-294299-0,-1.0,-25.438701,-49.269953,,False,3,1,2023-06-19T10:41:29.657453+00:00
CUR_GL325,Curitiba,4106902,0,URBS,506,https://moovitapp.com/index/pt-br/transporte_p%C3%BAblico-line-506_BAIRRO_NOVO-Curitiba-942-9628-294299-0,-1.0,-25.441471,-49.271163,,False,3,1,2023-06-19T10:40:29.657453+00:00
CUR_EL327,Curitiba,4106902,1,URBS,506,https://moovitapp.com/index/pt-br/transporte_p%C3%BAblico-line-506_BAIRRO_NOVO-Curitiba-942-9628-294299-0,-1.0,-25.45552,-49.260023,,False,3,1,2023-06-19T10:41:29.657453+00:00
CUR_EL304,Curitiba,4106902,0,URBS,506,https://moovitapp.com/index/pt-br/transporte_p%C3%BAblico-line-506_BAIRRO_NOVO-Curitiba-942-9628-294299-0,-1.0,-25.467543,-49.256561,,False,3,2,2023-06-19T10:36:29.657453+00:00
CUR_GL308,Curitiba,4106902,0,URBS,506,https://moovitapp.com/index/pt-br/transporte_p%C3%BAblico-line-506_BAIRRO_NOVO-Curitiba-942-9628-294299-0,-1.0,-25.46619,-49.264315,,False,3,1,2023-06-19T10:42:29.657453+00:00
CUR_EL307,Curitiba,4106902,0,URBS,506,https://moovitapp.com/index/pt-br/transporte_p%C3%BAblico-line-506_BAIRRO_NOVO-Curitiba-942-9628-294299-0,-1.0,-25.467531,-49.256425,,False,3,1,2023-06-19T10:39:29.657453+00:00
CUR_BC001,Curitiba,4106902,1,,183,,,-25.371385,-49.27448,,False,1,1,2023-06-19T10:41:29.657453+00:00
CUR_BC002,Curitiba,4106902,1,,183,,,-25.413465,-49.273563,,False,1,1,2023-06-19T10:42:29.657453+00:00
CUR_HI860,Curitiba,4106902,1,,674,,,-25.480183,-49.31498,,False,7,2,2023-06-19T10:41:29.657453+00:00
CUR_HC851,Curitiba,4106902,1,,674,,,-25.463491,-49.2893,,False,7,1,2023-06-19T10:41:29.657453+00:00
CUR_BB307,Curitiba,4106902,1,,010,,,-25.422568,-49.28358,,False,10,,2023-06-19T10:41:29.657453+00:00
CUR_BB302,Curitiba,4106902,1,,010,,,-25.432728,-49.258648,,False,10,,2023-06-19T10:39:29.657453+00:00
CUR_BB303,Curitiba,4106902,1,,010,,,-25.448595,-49.255671,,False,10,,2023-06-19T10:40:29.657453+00:00
CUR_GI049,Curitiba,4106902,1,,642,,,-25.53311,-49.296811,,False,1,1,2023-06-19T10:41:29.657453+00:00
CUR_GC015,Curitiba,4106902,1,,642,,,-25.553713,-49.276988,,False,1,2,2023-06-19T10:39:29.657453+00:00
CUR_EI018,Curitiba,4106902,1,,663,,,-25.49438,-49.279623,,False,1,2,2023-06-19T10:41:29.657453+00:00
CUR_EI013,Curitiba,4106902,1,,663,,,-25.4959,-49.259091,,False,1,1,2023-06-19T10:41:29.657453+00:00
CUR_EI001,Curitiba,4106902,1,,561,,,-25.45918,-49.26364,,False,1,1,2023-06-19T10:41:29.657453+00:00
CUR_EA020,Curitiba,4106902,1,,561,,,-25.524011,-49.233968,,False,1,2,2023-06-19T10:41:29.657453+00:00
CUR_BI022,Curitiba,4106902,1,,225,,,-25.377183,-49.262541,,False,1,2,2023-06-19T10:37:29.657453+00:00
CUR_BA035,Curitiba,4106902,1,,225,,,-25.393451,-49.24145,,False,1,1,2023-06-19T10:41:29.657453+00:00
CUR_BI024,Curitiba,4106902,1,,341,,,-25.401593,-49.197185,,False,1,2,2023-06-19T10:41:29.657453+00:00
CUR_CI004,Curitiba,4106902,1,,341,,,-25.409855,-49.202425,,False,1,1,2023-06-19T10:42:29.657453+00:00
CUR_CI003,Curitiba,4106902,1,,341,,,-25.43632,-49.284666,,False,1,2,2023-06-19T10:41:29.657453+00:00
CUR_DA011,Curitiba,4106902,1,,322,,,-25.46052,-49.206296,,False,1,2,2023-06-19T10:41:29.657453+00:00
CUR_DA019,Curitiba,4106902,0,,322,,,-25.467691,-49.255926,,False,1,1,2023-06-19T10:40:29.657453+00:00
CUR_DC851,Curitiba,4106902,1,,461,,,-25.443633,-49.234123,,False,7,1,2023-06-19T10:42:29.657453+00:00
CUR_DA850,Curitiba,4106902,1,,461,,,-25.441281,-49.249076,,False,7,2,2023-06-19T10:41:29.657453+00:00
CUR_KA689,Curitiba,4106902,1,,629,,,-25.467443,-49.254728,,False,4,1,2023-06-19T10:41:29.657453+00:00
CUR_KI601,Curitiba,4106902,1,,629,,,-25.467465,-49.25477,,False,4,2,2023-06-19T10:41:29.657453+00:00
CUR_KA693,Curitiba,4106902,1,,629,,,-25.496345,-49.278808,,False,4,2,2023-06-19T10:41:29.657453+00:00
CUR_KI600,Curitiba,4106902,1,,629,,,-25.467763,-49.255973,,False,4,1,2023-06-19T10:41:29.657453+00:00
CUR_KA605,Curitiba,4106902,1,,629,,,-25.539601,-49.241688,,False,4,1,2023-06-19T10:42:29.657453+00:00
CUR_GC010,Curitiba,4106902,1,,665,,,-25.548678,-49.291348,,False,1,1,2023-06-19T10:38:29.657453+00:00
CUR_GI008,Curitiba,4106902,1,,665,,,-25.494501,-49.287911,,False,1,1,2023-06-19T10:40:29.657453+00:00
CUR_GI850,Curitiba,4106902,1,,665,,,-25.475078,-49.2889,,False,7,2,2023-06-19T10:38:29.657453+00:00
CUR_BC006,Curitiba,4106902,1,,168,,,-25.422686,-49.283096,,False,1,1,2023-06-19T10:40:29.657453+00:00
CUR_BC007,Curitiba,4106902,1,,168,,,-25.368885,-49.324745,,False,1,2,2023-06-19T10:36:29.657453+00:00
CUR_BI002,Curitiba,4106902,1,Auto Viação São José,211,https://moovitapp.com/index/pt-br/transporte_p%C3%BAblico-line-211_PIT_PRA%C3%87A_DA_JUVENTUDE_IZAURA_IP%C3%8A-Curitiba-942-857412-73553392-0,-1.0,-25.404263,-49.244346,,False,1,1,2023-06-19T10:37:29.657453+00:00
CUR_BI007,Curitiba,4106902,1,Auto Viação São José,211,https://moovitapp.com/index/pt-br/transporte_p%C3%BAblico-line-211_PIT_PRA%C3%87A_DA_JUVENTUDE_IZAURA_IP%C3%8A-Curitiba-942-857412-73553392-0,-1.0,-25.408813,-49.22416,,False,1,2,2023-06-19T10:41:29.657453+00:00
CUR_BI004,Curitiba,4106902,1,Auto Viação São José,211,https://moovitapp.com/index/pt-br/transporte_p%C3%BAblico-line-211_PIT_PRA%C3%87A_DA_JUVENTUDE_IZAURA_IP%C3%8A-Curitiba-942-857412-73553392-0,-1.0,-25.404536,-49.21734,,False,1,1,2023-06-19T10:42:29.657453+00:00
CUR_BI009,Curitiba,4106902,1,Auto Viação São José,211,https://moovitapp.com/index/pt-br/transporte_p%C3%BAblico-line-211_PIT_PRA%C3%87A_DA_JUVENTUDE_IZAURA_IP%C3%8A-Curitiba-942-857412-73553392-0,-1.0,-25.406178,-49.251958,,False,1,2,2023-06-19T10:40:29.657453+00:00
CUR_MI002,Curitiba,4106902,1,,821,,,-25.41952,-49.294343,,False,1,2,2023-06-19T10:39:29.657453+00:00
CUR_MI005,Curitiba,4106902,1,,821,,,-25.419266,-49.294423,,False,1,2,2023-06-19T10:40:29.657453+00:00
CUR_DN604,Curitiba,4106902,1,,465,,,-25.435866,-49.26121,,False,7,2,2023-06-19T10:41:29.657453+00:00
CUR_DC090,Curitiba,4106902,1,,474,,,-25.467825,-49.255466,,False,1,1,2023-06-19T10:41:29.657453+00:00
CUR_HA601,Curitiba,4106902,1,,650,,,-25.52352,-49.293151,,False,4,1,2023-06-19T10:39:29.657453+00:00
CUR_HA612,Curitiba,4106902,1,,650,,,-25.57647,-49.331438,,False,4,2,2023-06-19T10:28:29.657453+00:00
CUR_HI016,Curitiba,4106902,1,,650,,,-25.548775,-49.304071,,False,1,1,2023-06-19T10:39:29.657453+00:00
CUR_HA010,Curitiba,4106902,1,,614,,,-25.552278,-49.332108,,False,1,1,2023-06-19T10:39:29.657453+00:00
CUR_HR413,Curitiba,4106902,1,,646,,,-25.54897,-49.304163,,False,4,1,2023-06-19T10:40:29.657453+00:00
CUR_HA028,Curitiba,4106902,1,,646,,,-25.587948,-49.325695,,False,1,2,2023-06-19T10:41:29.657453+00:00
CUR_HC002,Curitiba,4106902,1,,646,,,-25.521373,-49.293006,,False,1,1,2023-06-19T10:38:29.657453+00:00
CUR_HA603,Curitiba,4106902,1,,646,,,-25.544843,-49.303548,,False,4,1,2023-06-19T10:37:29.657453+00:00
CUR_HI021,Curitiba,4106902,1,,646,,,-25.512451,-49.294956,,False,1,1,2023-06-19T10:37:29.657453+00:00
CUR_JA028,Curitiba,4106902,1,,658,,,-25.497773,-49.342108,,False,1,2,2023-06-19T10:41:29.657453+00:00
CUR_JI007,Curitiba,4106902,1,,658,,,-25.487453,-49.34889,,False,1,2,2023-06-19T10:41:29.657453+00:00
CUR_HI036,Curitiba,4106902,1,,658,,,-25.496788,-49.349863,,False,1,2,2023-06-19T10:39:29.657453+00:00
CUR_HI049,Curitiba,4106902,1,,658,,,-25.487463,-49.347333,,False,1,2,2023-06-19T10:41:29.657453+00:00
CUR_HI037,Curitiba,4106902,1,,658,,,-25.494131,-49.3039,,False,1,1,2023-06-19T10:39:29.657453+00:00
CUR_HI005,Curitiba,4106902,1,,658,,,-25.493736,-49.330315,,False,1,1,2023-06-19T10:42:29.657453+00:00
CUR_JI022,Curitiba,4106902,1,,658,,,-25.492176,-49.293078,,False,1,1,2023-06-19T10:41:29.657453+00:00
CUR_HA195,Curitiba,4106902,1,,658,,,-25.495228,-49.324796,,False,1,1,2023-06-19T10:41:29.657453+00:00
CUR_HI861,Curitiba,4106902,1,,658,,,-25.497581,-49.296845,,False,7,1,2023-06-19T10:38:29.657453+00:00
CUR_GI011,Curitiba,4106902,1,,636,,,-25.511915,-49.29518,,False,1,1,2023-06-19T10:41:29.657453+00:00
CUR_GI034,Curitiba,4106902,1,,636,,,-25.544773,-49.292326,,False,1,2,2023-06-19T10:40:29.657453+00:00
CUR_GI012,Curitiba,4106902,1,,649,,,-25.525701,-49.288646,,False,1,1,2023-06-19T10:42:29.657453+00:00
CUR_GI009,Curitiba,4106902,1,,649,,,-25.549811,-49.292075,,False,1,2,2023-06-19T10:38:29.657453+00:00
CUR_GC005,Curitiba,4106902,1,,649,,,-25.519756,-49.295576,,False,1,1,2023-06-19T10:41:29.657453+00:00
CUR_GI048,Curitiba,4106902,1,,640,,,-25.528738,-49.26039,,False,1,1,2023-06-19T10:37:29.657453+00:00
CUR_GA177,Curitiba,4106902,1,,640,,,-25.534795,-49.289821,,False,1,2,2023-06-19T10:40:29.657453+00:00
CUR_GI010,Curitiba,4106902,1,,640,,,-25.521311,-49.29548,,False,1,1,2023-06-19T10:40:29.657453+00:00
CUR_EI007,Curitiba,4106902,1,,522,,,-25.520341,-49.255318,,False,1,1,2023-06-19T10:41:29.657453+00:00
CUR_EA073,Curitiba,4106902,1,,522,,,-25.468718,-49.255746,,False,1,2,2023-06-19T10:41:29.657453+00:00
CUR_EA205,Curitiba,4106902,1,,471,,,-25.468528,-49.255888,,False,1,2,2023-06-19T10:41:29.657453+00:00
CUR_EI004,Curitiba,4106902,1,,471,,,-25.450295,-49.254936,,False,1,1,2023-06-19T10:41:29.657453+00:00
CUR_EI008,Curitiba,4106902,1,,533,,,-25.553761,-49.251306,,False,1,,2023-06-19T10:41:29.657453+00:00
CUR_EI014,Curitiba,4106902,1,,533,,,-25.520336,-49.235818,,False,1,,2023-06-19T10:41:29.657453+00:00
CUR_EA008,Curitiba,4106902,1,,657,,,-25.469108,-49.255413,,False,1,1,2023-06-19T10:41:29.657453+00:00
CUR_EA026,Curitiba,4106902,1,,657,,,-25.496571,-49.272658,,False,1,1,2023-06-19T10:41:29.657453+00:00
CUR_KI002,Curitiba,4106902,1,,472,,,-25.517646,-49.32684,,False,1,2,2023-06-19T10:41:29.657453+00:00
CUR_KC002,Curitiba,4106902,1,,472,,,-25.466978,-49.255081,,False,1,1,2023-06-19T10:41:29.657453+00:00
CUR_BI876,Curitiba,4106902,1,,275,,,-25.416461,-49.263006,,False,7,1,2023-06-19T10:41:29.657453+00:00
CUR_BI880,Curitiba,4106902,1,,275,,,-25.405581,-49.259525,,False,7,1,2023-06-19T10:41:29.657453+00:00
CUR_BI863,Curitiba,4106902,1,,275,,,-25.374775,-49.244238,,False,7,2,2023-06-19T10:42:29.657453+00:00
CUR_BI861,Curitiba,4106902,1,,266,,,-25.387245,-49.2502,,False,7,1,2023-06-19T10:41:29.657453+00:00
CUR_BI887,Curitiba,4106902,1,,266,,,-25.42898,-49.270211,,False,7,1,2023-06-19T10:42:29.657453+00:00
CUR_KE708,Curitiba,4106902,0,URBS,502,https://moovitapp.com/index/pt-br/transporte_p%C3%BAblico-line-502_CIRCULAR_SUL_HOR%C3%81RIO-Curitiba-942-9628-294482-0,-1.0,-25.466945,-49.254875,,False,5,,2023-06-19T10:41:29.657453+00:00
CUR_KE701,Curitiba,4106902,0,URBS,502,https://moovitapp.com/index/pt-br/transporte_p%C3%BAblico-line-502_CIRCULAR_SUL_HOR%C3%81RIO-Curitiba-942-9628-294482-0,-1.0,-25.443325,-49.265958,,False,5,,2023-06-19T10:41:29.657453+00:00
CUR_GE604,Curitiba,4106902,0,URBS,502,https://moovitapp.com/index/pt-br/transporte_p%C3%BAblico-line-502_CIRCULAR_SUL_HOR%C3%81RIO-Curitiba-942-9628-294482-0,-1.0,-25.521003,-49.228036,,False,4,,2023-06-19T10:39:29.657453+00:00
CUR_GE610,Curitiba,4106902,0,URBS,502,https://moovitapp.com/index/pt-br/transporte_p%C3%BAblico-line-502_CIRCULAR_SUL_HOR%C3%81RIO-Curitiba-942-9628-294482-0,-1.0,-25.532723,-49.262518,,False,4,,2023-06-19T10:40:29.657453+00:00
CUR_KE704,Curitiba,4106902,0,URBS,502,https://moovitapp.com/index/pt-br/transporte_p%C3%BAblico-line-502_CIRCULAR_SUL_HOR%C3%81RIO-Curitiba-942-9628-294482-0,-1.0,-25.466985,-49.254868,,False,5,,2023-06-19T10:41:29.657453+00:00
CUR_GE612,Curitiba,4106902,0,URBS,502,https://moovitapp.com/index/pt-br/transporte_p%C3%BAblico-line-502_CIRCULAR_SUL_HOR%C3%81RIO-Curitiba-942-9628-294482-0,-1.0,-25.477076,-49.249475,,False,4,,2023-06-19T10:41:29.657453+00:00
CUR_HE615,Curitiba,4106902,0,URBS,502,https://moovitapp.com/index/pt-br/transporte_p%C3%BAblico-line-502_CIRCULAR_SUL_HOR%C3%81RIO-Curitiba-942-9628-294482-0,-1.0,-25.48451,-49.29375,,False,4,,2023-06-19T10:40:29.657453+00:00
CUR_KE847,Curitiba,4106902,0,URBS,502,https://moovitapp.com/index/pt-br/transporte_p%C3%BAblico-line-502_CIRCULAR_SUL_HOR%C3%81RIO-Curitiba-942-9628-294482-0,-1.0,-25.467138,-49.254825,,False,5,,2023-06-19T10:41:29.657453+00:00
CUR_HE613,Curitiba,4106902,0,URBS,502,https://moovitapp.com/index/pt-br/transporte_p%C3%BAblico-line-502_CIRCULAR_SUL_HOR%C3%81RIO-Curitiba-942-9628-294482-0,-1.0,-25.477078,-49.289266,,False,4,,2023-06-19T10:38:29.657453+00:00
CUR_GE605,Curitiba,4106902,0,URBS,502,https://moovitapp.com/index/pt-br/transporte_p%C3%BAblico-line-502_CIRCULAR_SUL_HOR%C3%81RIO-Curitiba-942-9628-294482-0,-1.0,-25.476055,-49.292615,,False,4,,2023-06-19T10:41:29.657453+00:00
CUR_GE603,Curitiba,4106902,0,URBS,502,https://moovitapp.com/index/pt-br/transporte_p%C3%BAblico-line-502_CIRCULAR_SUL_HOR%C3%81RIO-Curitiba-942-9628-294482-0,-1.0,-25.55047,-49.291718,,False,4,,2023-06-19T10:37:29.657453+00:00
CUR_HE609,Curitiba,4106902,0,URBS,502,https://moovitapp.com/index/pt-br/transporte_p%C3%BAblico-line-502_CIRCULAR_SUL_HOR%C3%81RIO-Curitiba-942-9628-294482-0,-1.0,-25.532485,-49.261778,,False,4,,2023-06-19T10:40:29.657453+00:00
CUR_HE603,Curitiba,4106902,0,URBS,502,https://moovitapp.com/index/pt-br/transporte_p%C3%BAblico-line-502_CIRCULAR_SUL_HOR%C3%81RIO-Curitiba-942-9628-294482-0,-1.0,-25.500413,-49.238016,,False,4,,2023-06-19T10:41:29.657453+00:00
CUR_GI055,Curitiba,4106902,1,,624,,,-25.520898,-49.26974,,False,1,2,2023-06-19T10:41:29.657453+00:00
CUR_GI023,Curitiba,4106902,1,,624,,,-25.49565,-49.292866,,False,1,1,2023-06-19T10:39:29.657453+00:00
CUR_GI035,Curitiba,4106902,1,,625,,,-25.494788,-49.286965,,False,1,1,2023-06-19T10:41:29.657453+00:00
CUR_GI018,Curitiba,4106902,1,,625,,,-25.507498,-49.28469,,False,1,2,2023-06-19T10:40:29.657453+00:00
CUR_GI024,Curitiba,4106902,1,,625,,,-25.51053,-49.27653,,False,1,1,2023-06-19T10:40:29.657453+00:00
CUR_GI043,Curitiba,4106902,1,,625,,,-25.530345,-49.264923,,False,1,1,2023-06-19T10:39:29.657453+00:00
CUR_GI041,Curitiba,4106902,1,,625,,,-25.529326,-49.262231,,False,1,2,2023-06-19T10:38:29.657453+00:00
CUR_GI045,Curitiba,4106902,1,,625,,,-25.506275,-49.282865,,False,1,1,2023-06-19T10:40:29.657453+00:00
CUR_GI028,Curitiba,4106902,1,,534,,,-25.529448,-49.254256,,False,1,1,2023-06-19T10:40:29.657453+00:00
CUR_GI025,Curitiba,4106902,1,,534,,,-25.517558,-49.231053,,False,1,1,2023-06-19T10:40:29.657453+00:00
CUR_GA179,Curitiba,4106902,1,,534,,,-25.531306,-49.267636,,False,1,2,2023-06-19T10:41:29.657453+00:00
CUR_GI022,Curitiba,4106902,1,,683,,,-25.541165,-49.271748,,False,1,1,2023-06-19T10:41:29.657453+00:00
CUR_JI859,Curitiba,4106902,1,,760,,,-25.434956,-49.272705,,False,7,1,2023-06-19T10:41:29.657453+00:00
CUR_JI866,Curitiba,4106902,1,,760,,,-25.464503,-49.317793,,False,7,1,2023-06-19T10:41:29.657453+00:00
CUR_HA024,Curitiba,4106902,1,,653,,,-25.494713,-49.337805,,False,1,1,2023-06-19T10:40:29.657453+00:00
CUR_HI299,Curitiba,4106902,1,,653,,,-25.499625,-49.346808,,False,1,1,2023-06-19T10:41:29.657453+00:00
CUR_HA023,Curitiba,4106902,1,,653,,,-25.503486,-49.334788,,False,1,2,2023-06-19T10:40:29.657453+00:00
CUR_HI033,Curitiba,4106902,1,,680,,,-25.577621,-49.332573,,False,1,2,2023-06-19T10:40:29.657453+00:00
CUR_HI018,Curitiba,4106902,1,,680,,,-25.574746,-49.321741,,False,1,2,2023-06-19T10:38:29.657453+00:00
CUR_HI009,Curitiba,4106902,1,,680,,,-25.546576,-49.303986,,False,1,1,2023-06-19T10:35:29.657453+00:00
CUR_HA031,Curitiba,4106902,1,,680,,,-25.515288,-49.297265,,False,1,1,2023-06-19T10:36:29.657453+00:00
CUR_HI011,Curitiba,4106902,1,,680,,,-25.520171,-49.295588,,False,1,1,2023-06-19T10:41:29.657453+00:00
CUR_HA017,Curitiba,4106902,1,,680,,,-25.544943,-49.303363,,False,1,2,2023-06-19T10:41:29.657453+00:00
CUR_HI026,Curitiba,4106902,1,,680,,,-25.521353,-49.293126,,False,1,1,2023-06-19T10:40:29.657453+00:00
CUR_HI024,Curitiba,4106902,1,,659,,,-25.5179,-49.295503,,False,1,1,2023-06-19T10:40:29.657453+00:00
CUR_HA030,Curitiba,4106902,1,,659,,,-25.611355,-49.337325,,False,1,2,2023-06-19T10:41:29.657453+00:00
CUR_BI884,Curitiba,4106902,1,,184,,,-25.387415,-49.267556,,False,7,2,2023-06-19T10:40:29.657453+00:00
CUR_BI873,Curitiba,4106902,1,,184,,,-25.421423,-49.270348,,False,7,1,2023-06-19T10:38:29.657453+00:00
CUR_BC322,Curitiba,4106902,1,,170,,,-25.381653,-49.300815,,False,3,2,2023-06-19T10:38:29.657453+00:00
CUR_BC321,Curitiba,4106902,1,,170,,,-25.425531,-49.273966,,False,3,1,2023-06-19T10:40:29.657453+00:00
CUR_BC300,Curitiba,4106902,1,,170,,,-25.404676,-49.282413,,False,3,1,2023-06-19T10:41:29.657453+00:00
CUR_BC029,Curitiba,4106902,1,,170,,,-25.396801,-49.28788,,False,1,2,2023-06-19T10:40:29.657453+00:00
CUR_DA293,Curitiba,4106902,1,,621,,,-25.491643,-49.28862,,False,1,2,2023-06-19T10:41:29.657453+00:00
CUR_DA291,Curitiba,4106902,1,,621,,,-25.467791,-49.255508,,False,1,1,2023-06-19T10:41:29.657453+00:00
CUR_DC093,Curitiba,4106902,1,,621,,,-25.482805,-49.270278,,False,1,2,2023-06-19T10:41:29.657453+00:00
CUR_EA013,Curitiba,4106902,1,,621,,,-25.468645,-49.255806,,False,1,1,2023-06-19T10:41:29.657453+00:00
CUR_BA032,Curitiba,4106902,1,,233,,,-25.366268,-49.215831,,False,1,,2023-06-19T10:40:29.657453+00:00
CUR_BA033,Curitiba,4106902,1,,233,,,-25.376821,-49.223953,,False,1,,2023-06-19T10:40:29.657453+00:00
CUR_BA020,Curitiba,4106902,1,,233,,,-25.374576,-49.221998,,False,1,,2023-06-19T10:42:29.657453+00:00
CUR_BI866,Curitiba,4106902,1,,280,,,-25.389283,-49.24441,,False,7,2,2023-06-19T10:41:29.657453+00:00
CUR_BI878,Curitiba,4106902,1,,280,,,-25.41913,-49.265543,,False,7,1,2023-06-19T10:41:29.657453+00:00
CUR_BI897,Curitiba,4106902,1,,169,,,-25.391291,-49.294585,,False,7,2,2023-06-19T10:35:29.657453+00:00
CUR_BI855,Curitiba,4106902,1,,169,,,-25.428153,-49.272065,,False,7,1,2023-06-19T10:40:29.657453+00:00
CUR_DC292,Curitiba,4106902,1,,462,,,-25.440738,-49.26145,,False,1,1,2023-06-19T10:42:29.657453+00:00
CUR_DA297,Curitiba,4106902,1,,462,,,-25.440138,-49.249403,,False,1,1,2023-06-19T10:41:29.657453+00:00
CUR_EA210,Curitiba,4106902,1,,462,,,-25.468771,-49.255696,,False,1,2,2023-06-19T10:41:29.657453+00:00
CUR_BI028,Curitiba,4106902,1,,372,,,-25.413098,-49.205493,,False,1,2,2023-06-19T10:37:29.657453+00:00
CUR_CI001,Curitiba,4106902,1,,372,,,-25.381986,-49.185783,,False,1,2,2023-06-19T10:42:29.657453+00:00
CUR_BC316,Curitiba,4106902,1,,372,,,-25.427781,-49.234623,,False,10,2,2023-06-19T10:41:29.657453+00:00
CUR_CC196,Curitiba,4106902,1,,372,,,-25.43289,-49.270456,,False,1,1,2023-06-19T10:42:29.657453+00:00
CUR_BI027,Curitiba,4106902,1,,372,,,-25.4278,-49.204405,,False,1,1,2023-06-19T10:40:29.657453+00:00
CUR_JI019,Curitiba,4106902,1,,611,,,-25.46873,-49.30584,,False,1,1,2023-06-19T10:42:29.657453+00:00
CUR_JI006,Curitiba,4106902,1,,611,,,-25.449316,-49.366226,,False,1,2,2023-06-19T10:40:29.657453+00:00
CUR_JI011,Curitiba,4106902,1,,611,,,-25.477683,-49.325915,,False,1,2,2023-06-19T10:40:29.657453+00:00
CUR_BI864,Curitiba,4106902,1,,386,,,-25.436113,-49.210595,,False,7,2,2023-06-19T10:40:29.657453+00:00
CUR_BI900,Curitiba,4106902,1,,386,,,-25.432856,-49.270328,,False,7,1,2023-06-19T10:35:29.657453+00:00
CUR_DN017,Curitiba,4106902,0,,560,,,-25.438698,-49.2733,,False,6,2,2023-06-19T10:41:29.657453+00:00
CUR_HI047,Curitiba,4106902,1,,623,,,-25.491901,-49.29337,,False,1,2,2023-06-19T10:38:29.657453+00:00
CUR_HI004,Curitiba,4106902,1,,623,,,-25.518438,-49.308976,,False,1,1,2023-06-19T10:41:29.657453+00:00
CUR_HA027,Curitiba,4106902,1,,623,,,-25.51289,-49.304478,,False,1,1,2023-06-19T10:41:29.657453+00:00
CUR_HA026,Curitiba,4106902,1,,623,,,-25.504795,-49.304558,,False,1,2,2023-06-19T10:40:29.657453+00:00
CUR_DC092,Curitiba,4106902,1,,468,,,-25.44276,-49.250795,,False,1,2,2023-06-19T10:42:29.657453+00:00
CUR_EA211,Curitiba,4106902,1,,468,,,-25.468456,-49.25563,,False,1,1,2023-06-19T10:41:29.657453+00:00
CUR_DA033,Curitiba,4106902,1,,468,,,-25.476476,-49.24039,,False,1,1,2023-06-19T10:41:29.657453+00:00
CUR_JA022,Curitiba,4106902,1,,712,,,-25.510223,-49.334483,,False,1,2,2023-06-19T10:41:29.657453+00:00
CUR_JA031,Curitiba,4106902,1,,712,,,-25.478365,-49.326383,,False,1,2,2023-06-19T10:41:29.657453+00:00
CUR_HI014,Curitiba,4106902,1,,712,,,-25.499865,-49.33795,,False,1,2,2023-06-19T10:41:29.657453+00:00
CUR_HA014,Curitiba,4106902,1,,712,,,-25.511521,-49.324513,,False,1,2,2023-06-19T10:39:29.657453+00:00
CUR_JI008,Curitiba,4106902,1,,712,,,-25.492568,-49.295501,,False,1,2,2023-06-19T10:38:29.657453+00:00
CUR_EA203,Curitiba,4106902,1,,475,,,-25.434103,-49.27107,,False,1,1,2023-06-19T10:41:29.657453+00:00
CUR_EA015,Curitiba,4106902,1,,475,,,-25.468285,-49.256073,,False,1,1,2023-06-19T10:41:29.657453+00:00
CUR_EI020,Curitiba,4106902,1,,475,,,-25.458785,-49.249586,,False,1,2,2023-06-19T10:41:29.657453+00:00
CUR_HA608,Curitiba,4106902,1,,685,,,-25.569168,-49.33178,,False,4,2,2023-06-19T10:40:29.657453+00:00
CUR_HI605,Curitiba,4106902,1,,685,,,-25.519626,-49.332043,,False,4,1,2023-06-19T10:42:29.657453+00:00
CUR_HI603,Curitiba,4106902,0,,685,,,-25.525038,-49.330191,,False,4,1,2023-06-19T10:39:29.657453+00:00
CUR_HI610,Curitiba,4106902,1,,685,,,-25.546236,-49.31865,,False,4,2,2023-06-19T10:40:29.657453+00:00
CUR_HA610,Curitiba,4106902,1,,685,,,-25.595851,-49.346793,,False,4,2,2023-06-19T10:39:29.657453+00:00
CUR_HI007,Curitiba,4106902,1,,652,,,-25.53259,-49.33834,,False,1,1,2023-06-19T10:42:29.657453+00:00
CUR_HA190,Curitiba,4106902,1,,652,,,-25.523105,-49.33329,,False,1,1,2023-06-19T10:40:29.657453+00:00
CUR_HA128,Curitiba,4106902,1,,652,,,-25.528606,-49.336053,,False,1,1,2023-06-19T10:40:29.657453+00:00
CUR_HI010,Curitiba,4106902,1,,652,,,-25.512405,-49.32981,,False,1,2,2023-06-19T10:39:29.657453+00:00
CUR_HA196,Curitiba,4106902,1,,652,,,-25.519135,-49.324316,,False,1,1,2023-06-19T10:40:29.657453+00:00
CUR_HI040,Curitiba,4106902,1,,826,,,-25.483065,-49.347735,,False,1,1,2023-06-19T10:40:29.657453+00:00
CUR_HI013,Curitiba,4106902,1,,826,,,-25.48388,-49.349451,,False,1,2,2023-06-19T10:34:29.657453+00:00
CUR_HA193,Curitiba,4106902,1,,826,,,-25.448583,-49.353596,,False,1,1,2023-06-19T10:39:29.657453+00:00
CUR_HA130,Curitiba,4106902,1,,826,,,-25.512271,-49.3329,,False,1,2,2023-06-19T10:40:29.657453+00:00
CUR_JA301,Curitiba,4106902,1,,826,,,-25.44928,-49.366013,,False,3,1,2023-06-19T10:40:29.657453+00:00
CUR_HI039,Curitiba,4106902,1,,826,,,-25.451358,-49.360751,,False,1,1,2023-06-19T10:41:29.657453+00:00
CUR_JA032,Curitiba,4106902,1,,826,,,-25.449241,-49.366005,,False,1,1,2023-06-19T10:34:29.657453+00:00
CUR_HA020,Curitiba,4106902,1,,826,,,-25.509111,-49.339196,,False,1,2,2023-06-19T10:41:29.657453+00:00
CUR_BI014,Curitiba,4106902,1,,924,,,-25.369338,-49.268566,,False,1,1,2023-06-19T10:40:29.657453+00:00
CUR_BI023,Curitiba,4106902,1,,924,,,-25.392558,-49.318986,,False,1,2,2023-06-19T10:42:29.657453+00:00
CUR_BA026,Curitiba,4106902,1,,924,,,-25.375441,-49.274943,,False,1,1,2023-06-19T10:41:29.657453+00:00
CUR_BA036,Curitiba,4106902,1,,924,,,-25.384438,-49.30356,,False,1,2,2023-06-19T10:41:29.657453+00:00
CUR_MA011,Curitiba,4106902,1,,924,,,-25.386878,-49.302878,,False,1,1,2023-06-19T10:40:29.657453+00:00
CUR_MI004,Curitiba,4106902,1,,924,,,-25.426588,-49.275456,,False,1,2,2023-06-19T10:40:29.657453+00:00
CUR_MI003,Curitiba,4106902,1,,924,,,-25.419085,-49.29467,,False,1,2,2023-06-19T10:40:29.657453+00:00
CUR_EA022,Curitiba,4106902,1,,335,,,-25.51723,-49.261396,,False,1,2,2023-06-19T10:41:29.657453+00:00
CUR_EA025,Curitiba,4106902,1,,335,,,-25.468523,-49.255718,,False,1,2,2023-06-19T10:41:29.657453+00:00
CUR_DR407,Curitiba,4106902,1,,335,,,-25.467661,-49.254635,,False,4,1,2023-06-19T10:41:29.657453+00:00
CUR_DA301,Curitiba,4106902,1,,335,,,-25.468043,-49.254701,,False,3,1,2023-06-19T10:41:29.657453+00:00
CUR_BI860,Curitiba,4106902,1,Auto Viação São José,214,https://moovitapp.com/index/pt-br/transporte_p%C3%BAblico-line-214_PIT_PRA%C3%87A_DA_JUVENTUDE_CRISTAL_BLANCO_POMBO_ANTI_HOR%C3%81RIO-Curitiba-942-857412-119631273-0,-1.0,-25.390265,-49.223993,,False,7,2,2023-06-19T10:41:29.657453+00:00
CUR_BC927,Curitiba,4106902,1,Auto Viação São José,214,https://moovitapp.com/index/pt-br/transporte_p%C3%BAblico-line-214_PIT_PRA%C3%87A_DA_JUVENTUDE_CRISTAL_BLANCO_POMBO_ANTI_HOR%C3%81RIO-Curitiba-942-857412-119631273-0,-1.0,-25.394556,-49.229688,,False,7,1,2023-06-19T10:40:29.657453+00:00
CUR_DA014,Curitiba,4106902,1,,321,,,-25.46828,-49.255065,,False,1,1,2023-06-19T10:41:29.657453+00:00
CUR_DA290,Curitiba,4106902,1,,321,,,-25.475875,-49.201698,,False,1,2,2023-06-19T10:41:29.657453+00:00
CUR_BI851,Curitiba,4106902,1,,175,,,-25.433481,-49.272115,,False,7,2,2023-06-19T10:41:29.657453+00:00
CUR_BI898,Curitiba,4106902,1,,175,,,-25.42668,-49.273438,,False,7,1,2023-06-19T10:41:29.657453+00:00
CUR_MC079,Curitiba,4106902,1,,972,,,-25.399756,-49.333486,,False,1,1,2023-06-19T10:41:29.657453+00:00
CUR_MC302,Curitiba,4106902,1,,972,,,-25.424496,-49.29068,,False,3,1,2023-06-19T10:40:29.657453+00:00
CUR_JI856,Curitiba,4106902,1,,762,,,-25.452738,-49.323195,,False,7,2,2023-06-19T10:40:29.657453+00:00
CUR_JI865,Curitiba,4106902,1,,762,,,-25.46774,-49.306188,,False,7,1,2023-06-19T10:40:29.657453+00:00
CUR_EA011,Curitiba,4106902,1,Auto Viação São José,531,https://moovitapp.com/index/pt-br/transporte_p%C3%BAblico-line-531_BAIRRO_A_BAIRRO_1-Curitiba-942-857412-1570571-0,-1.0,-25.46821,-49.25617,,False,1,1,2023-06-19T10:41:29.657453+00:00
CUR_EA002,Curitiba,4106902,1,Auto Viação São José,531,https://moovitapp.com/index/pt-br/transporte_p%C3%BAblico-line-531_BAIRRO_A_BAIRRO_1-Curitiba-942-857412-1570571-0,-1.0,-25.469033,-49.255465,,False,1,1,2023-06-19T10:41:29.657453+00:00
CUR_EA024,Curitiba,4106902,1,Auto Viação São José,531,https://moovitapp.com/index/pt-br/transporte_p%C3%BAblico-line-531_BAIRRO_A_BAIRRO_1-Curitiba-942-857412-1570571-0,-1.0,-25.46861,-49.255835,,False,1,1,2023-06-19T10:41:29.657453+00:00
CUR_EA183,Curitiba,4106902,1,Auto Viação São José,531,https://moovitapp.com/index/pt-br/transporte_p%C3%BAblico-line-531_BAIRRO_A_BAIRRO_1-Curitiba-942-857412-1570571-0,-1.0,-25.537143,-49.247905,,False,1,2,2023-06-19T10:41:29.657453+00:00
CUR_BI872,Curitiba,4106902,1,,366,,,-25.437291,-49.2872,,False,7,1,2023-06-19T10:41:29.657453+00:00
CUR_BI889,Curitiba,4106902,1,,366,,,-25.429256,-49.23662,,False,7,2,2023-06-19T10:40:29.657453+00:00
CUR_DC294,Curitiba,4106902,1,,334,,,-25.466115,-49.194056,,False,1,,2023-06-19T10:41:29.657453+00:00
CUR_HI858,Curitiba,4106902,1,,670,,,-25.438715,-49.273216,,False,7,1,2023-06-19T10:39:29.657453+00:00
CUR_HI857,Curitiba,4106902,1,,670,,,-25.467635,-49.298338,,False,7,2,2023-06-19T10:41:29.657453+00:00
CUR_JI860,Curitiba,4106902,1,,761,,,-25.4686,-49.305173,,False,7,1,2023-06-19T10:40:29.657453+00:00
CUR_JI857,Curitiba,4106902,1,,761,,,-25.453511,-49.289448,,False,7,2,2023-06-19T10:41:29.657453+00:00
CUR_EI010,Curitiba,4106902,1,Auto Viação São José,515,https://moovitapp.com/index/pt-br/transporte_p%C3%BAblico-line-515_%E2%9C%88_AEROPORTO_1_SHOPPING_S%C3%83O_JOS%C3%89-Curitiba-942-857412-67925719-0,-1.0,-25.484968,-49.238755,,False,1,1,2023-06-19T10:42:29.657453+00:00
CUR_EA206,Curitiba,4106902,1,Auto Viação São José,515,https://moovitapp.com/index/pt-br/transporte_p%C3%BAblico-line-515_%E2%9C%88_AEROPORTO_1_SHOPPING_S%C3%83O_JOS%C3%89-Curitiba-942-857412-67925719-0,-1.0,-25.511653,-49.22144,,False,1,2,2023-06-19T10:41:29.657453+00:00
CUR_EI009,Curitiba,4106902,1,Auto Viação São José,515,https://moovitapp.com/index/pt-br/transporte_p%C3%BAblico-line-515_%E2%9C%88_AEROPORTO_1_SHOPPING_S%C3%83O_JOS%C3%89-Curitiba-942-857412-67925719-0,-1.0,-25.515343,-49.245788,,False,1,1,2023-06-19T10:41:29.657453+00:00
CUR_EA019,Curitiba,4106902,1,Auto Viação São José,515,https://moovitapp.com/index/pt-br/transporte_p%C3%BAblico-line-515_%E2%9C%88_AEROPORTO_1_SHOPPING_S%C3%83O_JOS%C3%89-Curitiba-942-857412-67925719-0,-1.0,-25.468711,-49.255756,,False,1,1,2023-06-19T10:41:29.657453+00:00
CUR_EI019,Curitiba,4106902,1,Auto Viação São José,515,https://moovitapp.com/index/pt-br/transporte_p%C3%BAblico-line-515_%E2%9C%88_AEROPORTO_1_SHOPPING_S%C3%83O_JOS%C3%89-Curitiba-942-857412-67925719-0,-1.0,-25.500623,-49.252708,,False,1,2,2023-06-19T10:41:29.657453+00:00
CUR_EI003,Curitiba,4106902,1,Auto Viação São José,515,https://moovitapp.com/index/pt-br/transporte_p%C3%BAblico-line-515_%E2%9C%88_AEROPORTO_1_SHOPPING_S%C3%83O_JOS%C3%89-Curitiba-942-857412-67925719-0,-1.0,-25.469556,-49.255015,,False,1,2,2023-06-19T10:41:29.657453+00:00
CUR_BC314,Curitiba,4106902,1,,371,,,-25.426151,-49.236783,,False,10,2,2023-06-19T10:41:29.657453+00:00
CUR_BC315,Curitiba,4106902,1,,371,,,-25.412368,-49.205003,,False,10,2,2023-06-19T10:41:29.657453+00:00
CUR_BC313,Curitiba,4106902,1,,371,,,-25.426913,-49.238113,,False,10,1,2023-06-19T10:40:29.657453+00:00
CUR_JI948,Curitiba,4106902,1,,861,,,-25.436625,-49.273875,,False,7,1,2023-06-19T10:40:29.657453+00:00
CUR_JI852,Curitiba,4106902,1,,861,,,-25.462516,-49.345653,,False,7,1,2023-06-19T10:41:29.657453+00:00
CUR_GI017,Curitiba,4106902,1,,553,,,-25.541168,-49.271836,,False,1,2,2023-06-19T10:40:29.657453+00:00
CUR_GI006,Curitiba,4106902,1,,553,,,-25.541445,-49.270635,,False,1,1,2023-06-19T10:41:29.657453+00:00
CUR_GI002,Curitiba,4106902,1,,553,,,-25.558948,-49.251973,,False,1,1,2023-06-19T10:41:29.657453+00:00
CUR_GI004,Curitiba,4106902,1,,553,,,-25.562511,-49.252006,,False,1,2,2023-06-19T10:38:29.657453+00:00
CUR_GI037,Curitiba,4106902,1,,643,,,-25.51288,-49.294831,,False,1,1,2023-06-19T10:41:29.657453+00:00
CUR_GI029,Curitiba,4106902,1,,643,,,-25.56149,-49.291245,,False,1,1,2023-06-19T10:41:29.657453+00:00
CUR_GI019,Curitiba,4106902,1,,643,,,-25.588821,-49.27534,,False,1,2,2023-06-19T10:41:29.657453+00:00
CUR_EA027,Curitiba,4106902,1,,X06,,,-25.55255,-49.25174,,False,1,2,2023-06-19T10:41:29.657453+00:00
CUR_GI051,Curitiba,4106902,1,,552,,,-25.5364,-49.272981,,False,1,1,2023-06-19T10:41:29.657453+00:00
CUR_GI044,Curitiba,4106902,1,,552,,,-25.557703,-49.255233,,False,1,1,2023-06-19T10:42:29.657453+00:00
CUR_GI053,Curitiba,4106902,1,,552,,,-25.548031,-49.259985,,False,1,2,2023-06-19T10:41:29.657453+00:00
CUR_HA006,Curitiba,4106902,1,,617,,,-25.521961,-49.295555,,False,1,1,2023-06-19T10:40:29.657453+00:00
CUR_HI028,Curitiba,4106902,1,,617,,,-25.5488,-49.30411,,False,1,2,2023-06-19T10:41:29.657453+00:00
CUR_HI020,Curitiba,4106902,1,,617,,,-25.57265,-49.326773,,False,1,2,2023-06-19T10:39:29.657453+00:00
CUR_HA617,Curitiba,4106902,1,,617,,,-25.522975,-49.29278,,False,4,1,2023-06-19T10:39:29.657453+00:00
CUR_GI016,Curitiba,4106902,1,,542,,,-25.537121,-49.272635,,False,1,,2023-06-19T10:41:29.657453+00:00
CUR_GC016,Curitiba,4106902,1,,542,,,-25.548501,-49.291431,,False,1,,2023-06-19T10:38:29.657453+00:00
CUR_GI042,Curitiba,4106902,1,,542,,,-25.550878,-49.266316,,False,1,,2023-06-19T10:42:29.657453+00:00
CUR_GC003,Curitiba,4106902,1,,542,,,-25.550141,-49.261596,,False,1,,2023-06-19T10:40:29.657453+00:00
CUR_GI032,Curitiba,4106902,1,,542,,,-25.538055,-49.272168,,False,1,,2023-06-19T10:41:29.657453+00:00
CUR_MI855,Curitiba,4106902,1,,912,,,-25.396131,-49.358556,,False,7,2,2023-06-19T10:41:29.657453+00:00
CUR_EA009,Curitiba,4106902,1,,X03,,,-25.46831,-49.256105,,False,1,1,2023-06-19T10:41:29.657453+00:00
CUR_HI856,Curitiba,4106902,1,,600,,,-25.551588,-49.305278,,False,7,2,2023-06-19T10:34:29.657453+00:00
CUR_HI850,Curitiba,4106902,1,,600,,,-25.519138,-49.307158,,False,7,1,2023-06-19T10:41:29.657453+00:00
CUR_GI021,Curitiba,4106902,1,,639,,,-25.549805,-49.29287,,False,1,2,2023-06-19T10:41:29.657453+00:00
CUR_GI026,Curitiba,4106902,1,,639,,,-25.549263,-49.292225,,False,1,1,2023-06-19T10:38:29.657453+00:00
CUR_GI036,Curitiba,4106902,1,,639,,,-25.52153,-49.29542,,False,1,2,2023-06-19T10:42:29.657453+00:00
CUR_GI007,Curitiba,4106902,1,,547,,,-25.53415,-49.267483,,False,1,1,2023-06-19T10:39:29.657453+00:00
CUR_GA178,Curitiba,4106902,1,,547,,,-25.536833,-49.255978,,False,1,1,2023-06-19T10:40:29.657453+00:00
CUR_HB608,Curitiba,4106902,1,,060,,,-25.521393,-49.29293,,False,4,1,2023-06-19T10:38:29.657453+00:00
CUR_HB695,Curitiba,4106902,1,,060,,,-25.502168,-49.341158,,False,4,1,2023-06-19T10:41:29.657453+00:00
CUR_HB607,Curitiba,4106902,1,,060,,,-25.443718,-49.353396,,False,4,2,2023-06-19T10:38:29.657453+00:00
CUR_HR117,Curitiba,4106902,1,,060,,,-25.529378,-49.312238,,False,4,1,2023-06-19T10:39:29.657453+00:00
CUR_HB601,Curitiba,4106902,1,,060,,,-25.483503,-49.3484,,False,4,2,2023-06-19T10:38:29.657453+00:00
CUR_GI050,Curitiba,4106902,1,,641,,,-25.52596,-49.291706,,False,1,1,2023-06-19T10:38:29.657453+00:00
CUR_MI854,Curitiba,4106902,1,,911,,,-25.40059,-49.330895,,False,7,1,2023-06-19T10:41:29.657453+00:00
CUR_HI045,Curitiba,4106902,1,,612,,,-25.495576,-49.323426,,False,1,2,2023-06-19T10:41:29.657453+00:00
CUR_HA191,Curitiba,4106902,1,,612,,,-25.503813,-49.323981,,False,1,1,2023-06-19T10:41:29.657453+00:00
CUR_HA198,Curitiba,4106902,1,,612,,,-25.47613,-49.291131,,False,1,1,2023-06-19T10:41:29.657453+00:00
CUR_HR409,Curitiba,4106902,1,,X37,,,-25.515528,-49.293741,,False,4,1,2023-06-19T10:41:29.657453+00:00
CUR_HA602,Curitiba,4106902,1,,X37,,,-25.513123,-49.295083,,False,4,1,2023-06-19T10:39:29.657453+00:00
CUR_HA606,Curitiba,4106902,1,,X37,,,-25.539611,-49.302105,,False,4,2,2023-06-19T10:41:29.657453+00:00
CUR_HA615,Curitiba,4106902,1,,X37,,,-25.559066,-49.330951,,False,4,2,2023-06-19T10:40:29.657453+00:00
CUR_HA605,Curitiba,4106902,1,,X37,,,-25.563783,-49.328936,,False,4,1,2023-06-19T10:40:29.657453+00:00
CUR_HI608,Curitiba,4106902,1,,X37,,,-25.55179,-49.333313,,False,4,1,2023-06-19T10:40:29.657453+00:00
CUR_HA699,Curitiba,4106902,1,,X37,,,-25.568978,-49.332281,,False,4,2,2023-06-19T10:32:29.657453+00:00
CUR_HL498,Curitiba,4106902,1,URBS,607,https://moovitapp.com/index/pt-br/transporte_p%C3%BAblico-line-607_COLOMBO_CIC-Curitiba-942-9628-294348-0,-1.0,-25.505375,-49.320566,,False,3,1,2023-06-19T10:40:29.657453+00:00
CUR_HL310,Curitiba,4106902,0,URBS,607,https://moovitapp.com/index/pt-br/transporte_p%C3%BAblico-line-607_COLOMBO_CIC-Curitiba-942-9628-294348-0,-1.0,-25.497905,-49.300783,,False,3,1,2023-06-19T10:36:29.657453+00:00
CUR_HL329,Curitiba,4106902,1,URBS,607,https://moovitapp.com/index/pt-br/transporte_p%C3%BAblico-line-607_COLOMBO_CIC-Curitiba-942-9628-294348-0,-1.0,-25.379768,-49.227913,,False,3,2,2023-06-19T10:40:29.657453+00:00
CUR_HL316,Curitiba,4106902,0,URBS,607,https://moovitapp.com/index/pt-br/transporte_p%C3%BAblico-line-607_COLOMBO_CIC-Curitiba-942-9628-294348-0,-1.0,-25.475985,-49.290366,,False,3,1,2023-06-19T10:41:29.657453+00:00
CUR_HL496,Curitiba,4106902,1,URBS,607,https://moovitapp.com/index/pt-br/transporte_p%C3%BAblico-line-607_COLOMBO_CIC-Curitiba-942-9628-294348-0,-1.0,-25.418976,-49.267375,,False,3,2,2023-06-19T10:41:29.657453+00:00
CUR_HL331,Curitiba,4106902,1,URBS,607,https://moovitapp.com/index/pt-br/transporte_p%C3%BAblico-line-607_COLOMBO_CIC-Curitiba-942-9628-294348-0,-1.0,-25.447065,-49.269595,,False,3,1,2023-06-19T10:41:29.657453+00:00
CUR_HL493,Curitiba,4106902,1,URBS,607,https://moovitapp.com/index/pt-br/transporte_p%C3%BAblico-line-607_COLOMBO_CIC-Curitiba-942-9628-294348-0,-1.0,-25.42859,-49.272913,,False,3,1,2023-06-19T10:37:29.657453+00:00
CUR_HL320,Curitiba,4106902,0,URBS,607,https://moovitapp.com/index/pt-br/transporte_p%C3%BAblico-line-607_COLOMBO_CIC-Curitiba-942-9628-294348-0,-1.0,-25.458148,-49.270456,,False,3,2,2023-06-19T10:40:29.657453+00:00
CUR_HL312,Curitiba,4106902,0,URBS,607,https://moovitapp.com/index/pt-br/transporte_p%C3%BAblico-line-607_COLOMBO_CIC-Curitiba-942-9628-294348-0,-1.0,-25.418253,-49.268811,,False,3,1,2023-06-19T10:41:29.657453+00:00
CUR_HL497,Curitiba,4106902,1,URBS,607,https://moovitapp.com/index/pt-br/transporte_p%C3%BAblico-line-607_COLOMBO_CIC-Curitiba-942-9628-294348-0,-1.0,-25.382113,-49.230076,,False,3,2,2023-06-19T10:40:29.657453+00:00
CUR_HL318,Curitiba,4106902,0,URBS,607,https://moovitapp.com/index/pt-br/transporte_p%C3%BAblico-line-607_COLOMBO_CIC-Curitiba-942-9628-294348-0,-1.0,-25.37507,-49.217546,,False,3,2,2023-06-19T10:41:29.657453+00:00
CUR_HL325,Curitiba,4106902,0,URBS,607,https://moovitapp.com/index/pt-br/transporte_p%C3%BAblico-line-607_COLOMBO_CIC-Curitiba-942-9628-294348-0,-1.0,-25.371078,-49.196746,,False,3,2,2023-06-19T10:41:29.657453+00:00
CUR_JI004,Curitiba,4106902,1,,719,,,-25.477608,-49.332938,,False,1,1,2023-06-19T10:40:29.657453+00:00
CUR_JI015,Curitiba,4106902,1,,719,,,-25.449183,-49.366121,,False,1,2,2023-06-19T10:40:29.657453+00:00
CUR_HI022,Curitiba,4106902,1,,773,,,-25.53195,-49.331625,,False,1,1,2023-06-19T10:41:29.657453+00:00
CUR_HA611,Curitiba,4106902,1,,773,,,-25.516476,-49.33695,,False,4,1,2023-06-19T10:40:29.657453+00:00
CUR_BI892,Curitiba,4106902,1,,181,,,-25.394471,-49.271191,,False,7,1,2023-06-19T10:41:29.657453+00:00
CUR_JI005,Curitiba,4106902,1,,718,,,-25.480488,-49.346388,,False,1,,2023-06-19T10:41:29.657453+00:00
CUR_HA029,Curitiba,4106902,1,,615,,,-25.47539,-49.292081,,False,1,1,2023-06-19T10:39:29.657453+00:00
CUR_HC004,Curitiba,4106902,1,,615,,,-25.476221,-49.29123,,False,1,1,2023-06-19T10:30:29.657453+00:00
CUR_HI048,Curitiba,4106902,1,,622,,,-25.4938,-49.333303,,False,1,2,2023-06-19T10:41:29.657453+00:00
CUR_HI851,Curitiba,4106902,1,,265,,,-25.406293,-49.260445,,False,7,1,2023-06-19T10:38:29.657453+00:00
CUR_BI025,Curitiba,4106902,1,,916,,,-25.40006,-49.332201,,False,1,2,2023-06-19T10:41:29.657453+00:00
CUR_MA013,Curitiba,4106902,1,,916,,,-25.378986,-49.327803,,False,1,1,2023-06-19T10:41:29.657453+00:00
CUR_HI006,Curitiba,4106902,1,,627,,,-25.511776,-49.324478,,False,1,1,2023-06-19T10:40:29.657453+00:00
CUR_HA019,Curitiba,4106902,1,,627,,,-25.540726,-49.324518,,False,1,2,2023-06-19T10:40:29.657453+00:00
CUR_HA008,Curitiba,4106902,1,,627,,,-25.501585,-49.306431,,False,1,1,2023-06-19T10:41:29.657453+00:00
CUR_JC316,Curitiba,4106902,1,,701,,,-25.435191,-49.273306,,False,3,1,2023-06-19T10:41:29.657453+00:00
CUR_JC305,Curitiba,4106902,1,,701,,,-25.444861,-49.27645,,False,3,1,2023-06-19T10:40:29.657453+00:00
CUR_JC600,Curitiba,4106902,1,,701,,,-25.46815,-49.311403,,False,4,2,2023-06-19T10:41:29.657453+00:00
CUR_JC301,Curitiba,4106902,1,,701,,,-25.439563,-49.273281,,False,3,2,2023-06-19T10:40:29.657453+00:00
CUR_JC313,Curitiba,4106902,1,,701,,,-25.452183,-49.290741,,False,3,1,2023-06-19T10:40:29.657453+00:00
CUR_JC304,Curitiba,4106902,1,,701,,,-25.44933,-49.366796,,False,3,2,2023-06-19T10:40:29.657453+00:00
CUR_JC311,Curitiba,4106902,1,,701,,,-25.453075,-49.2986,,False,3,2,2023-06-19T10:41:29.657453+00:00
CUR_JA699,Curitiba,4106902,1,,703,,,-25.483675,-49.349011,,False,4,2,2023-06-19T10:41:29.657453+00:00
CUR_JC317,Curitiba,4106902,1,,703,,,-25.44934,-49.366533,,False,3,2,2023-06-19T10:40:29.657453+00:00
CUR_JI603,Curitiba,4106902,1,,703,,,-25.444176,-49.274666,,False,4,2,2023-06-19T10:41:29.657453+00:00
CUR_JC310,Curitiba,4106902,1,,703,,,-25.447206,-49.277511,,False,3,1,2023-06-19T10:41:29.657453+00:00
CUR_JI301,Curitiba,4106902,1,,703,,,-25.449126,-49.36566,,False,3,1,2023-06-19T10:40:29.657453+00:00
CUR_JC309,Curitiba,4106902,1,,703,,,-25.477383,-49.324448,,False,3,1,2023-06-19T10:41:29.657453+00:00
CUR_JC315,Curitiba,4106902,1,,703,,,-25.47907,-49.34073,,False,3,2,2023-06-19T10:41:29.657453+00:00
CUR_JI601,Curitiba,4106902,1,,703,,,-25.454738,-49.302946,,False,4,2,2023-06-19T10:41:29.657453+00:00
CUR_JI604,Curitiba,4106902,1,,703,,,-25.449058,-49.367151,,False,4,1,2023-06-19T10:40:29.657453+00:00
CUR_JC308,Curitiba,4106902,1,,703,,,-25.464351,-49.3096,,False,3,1,2023-06-19T10:41:29.657453+00:00
CUR_DN607,Curitiba,4106902,1,,516,,,-25.485026,-49.223373,,False,7,1,2023-06-19T10:41:29.657453+00:00
CUR_MI856,Curitiba,4106902,1,,913,,,-25.40056,-49.362928,,False,7,2,2023-06-19T10:40:29.657453+00:00
CUR_HL307,Curitiba,4106902,0,URBS,700,https://moovitapp.com/index/pt-br/transporte_p%C3%BAblico-line-700_PINHEIRINHO_CABRAL-Curitiba-942-9628-757429-0,-1.0,-25.437265,-49.261141,,False,3,1,2023-06-19T10:41:29.657453+00:00
CUR_BL319,Curitiba,4106902,0,URBS,700,https://moovitapp.com/index/pt-br/transporte_p%C3%BAblico-line-700_PINHEIRINHO_CABRAL-Curitiba-942-9628-757429-0,-1.0,-25.418148,-49.268781,,False,3,1,2023-06-19T10:41:29.657453+00:00
CUR_BL306,Curitiba,4106902,0,URBS,700,https://moovitapp.com/index/pt-br/transporte_p%C3%BAblico-line-700_PINHEIRINHO_CABRAL-Curitiba-942-9628-757429-0,-1.0,-25.48013,-49.291148,,False,3,2,2023-06-19T10:41:29.657453+00:00
CUR_BL313,Curitiba,4106902,0,URBS,700,https://moovitapp.com/index/pt-br/transporte_p%C3%BAblico-line-700_PINHEIRINHO_CABRAL-Curitiba-942-9628-757429-0,-1.0,-25.442026,-49.269021,,False,3,2,2023-06-19T10:36:29.657453+00:00
CUR_HL328,Curitiba,4106902,0,URBS,700,https://moovitapp.com/index/pt-br/transporte_p%C3%BAblico-line-700_PINHEIRINHO_CABRAL-Curitiba-942-9628-757429-0,-1.0,-25.451991,-49.284435,,False,3,2,2023-06-19T10:40:29.657453+00:00
CUR_HL302,Curitiba,4106902,0,URBS,700,https://moovitapp.com/index/pt-br/transporte_p%C3%BAblico-line-700_PINHEIRINHO_CABRAL-Curitiba-942-9628-757429-0,-1.0,-25.512868,-49.29443,,False,3,2,2023-06-19T10:40:29.657453+00:00
CUR_BL304,Curitiba,4106902,0,URBS,700,https://moovitapp.com/index/pt-br/transporte_p%C3%BAblico-line-700_PINHEIRINHO_CABRAL-Curitiba-942-9628-757429-0,-1.0,-25.43453,-49.262753,,False,3,1,2023-06-19T10:41:29.657453+00:00
CUR_HL495,Curitiba,4106902,1,URBS,700,https://moovitapp.com/index/pt-br/transporte_p%C3%BAblico-line-700_PINHEIRINHO_CABRAL-Curitiba-942-9628-757429-0,-1.0,-25.477573,-49.292263,,False,3,2,2023-06-19T10:40:29.657453+00:00
CUR_JA034,Curitiba,4106902,1,,714,,,-25.491601,-49.34898,,False,1,,2023-06-19T10:42:29.657453+00:00
CUR_HI853,Curitiba,4106902,1,,644,,,-25.514456,-49.29406,,False,7,2,2023-06-19T10:41:29.657453+00:00
CUR_MA012,Curitiba,4106902,1,,917,,,-25.385921,-49.335065,,False,1,1,2023-06-19T10:41:29.657453+00:00
CUR_MA003,Curitiba,4106902,1,,917,,,-25.399826,-49.333163,,False,1,2,2023-06-19T10:40:29.657453+00:00
CUR_MN608,Curitiba,4106902,1,,915,,,-25.400616,-49.330611,,False,7,1,2023-06-19T10:41:29.657453+00:00
CUR_HL315,Curitiba,4106902,0,URBS,X35,https://moovitapp.com/index/pt-br/transporte_p%C3%BAblico-line-X35_PINHEIRINHO_PREFEITURA-Curitiba-942-9628-778958-0,-1.0,-25.420425,-49.268433,,False,3,1,2023-06-19T10:40:29.657453+00:00
CUR_HL309,Curitiba,4106902,0,URBS,X35,https://moovitapp.com/index/pt-br/transporte_p%C3%BAblico-line-X35_PINHEIRINHO_PREFEITURA-Curitiba-942-9628-778958-0,-1.0,-25.444653,-49.27116,,False,3,2,2023-06-19T10:41:29.657453+00:00
CUR_HL118,Curitiba,4106902,0,URBS,X35,https://moovitapp.com/index/pt-br/transporte_p%C3%BAblico-line-X35_PINHEIRINHO_PREFEITURA-Curitiba-942-9628-778958-0,-1.0,-25.477396,-49.292198,,False,3,2,2023-06-19T10:40:29.657453+00:00
CUR_HL319,Curitiba,4106902,0,URBS,X35,https://moovitapp.com/index/pt-br/transporte_p%C3%BAblico-line-X35_PINHEIRINHO_PREFEITURA-Curitiba-942-9628-778958-0,-1.0,-25.495356,-49.292575,,False,3,2,2023-06-19T10:42:29.657453+00:00
CUR_HL326,Curitiba,4106902,0,URBS,X35,https://moovitapp.com/index/pt-br/transporte_p%C3%BAblico-line-X35_PINHEIRINHO_PREFEITURA-Curitiba-942-9628-778958-0,-1.0,-25.537623,-49.306826,,False,3,1,2023-06-19T10:33:29.657453+00:00
CUR_HL321,Curitiba,4106902,0,URBS,X35,https://moovitapp.com/index/pt-br/transporte_p%C3%BAblico-line-X35_PINHEIRINHO_PREFEITURA-Curitiba-942-9628-778958-0,-1.0,-25.475736,-49.295025,,False,3,2,2023-06-19T10:41:29.657453+00:00
CUR_HL301,Curitiba,4106902,0,URBS,X35,https://moovitapp.com/index/pt-br/transporte_p%C3%BAblico-line-X35_PINHEIRINHO_PREFEITURA-Curitiba-942-9628-778958-0,-1.0,-25.441765,-49.26836,,False,3,1,2023-06-19T10:41:29.657453+00:00
CUR_HL303,Curitiba,4106902,0,URBS,X35,https://moovitapp.com/index/pt-br/transporte_p%C3%BAblico-line-X35_PINHEIRINHO_PREFEITURA-Curitiba-942-9628-778958-0,-1.0,-25.427403,-49.264726,,False,3,1,2023-06-19T10:41:29.657453+00:00
CUR_HA025,Curitiba,4106902,1,,681,,,-25.576086,-49.331448,,False,1,1,2023-06-19T10:40:29.657453+00:00
CUR_HI019,Curitiba,4106902,1,,681,,,-25.512266,-49.294818,,False,1,1,2023-06-19T10:41:29.657453+00:00
CUR_JI299,Curitiba,4106902,1,,823,,,-25.453018,-49.357651,,False,1,2,2023-06-19T10:41:29.657453+00:00
CUR_JA035,Curitiba,4106902,1,,823,,,-25.462923,-49.35313,,False,1,1,2023-06-19T10:41:29.657453+00:00
CUR_GE710,Curitiba,4106902,0,URBS,500,https://moovitapp.com/index/pt-br/transporte_p%C3%BAblico-line-500_LIGEIR%C3%83O_BOQUEIR%C3%83O-Curitiba-942-9628-294422-0,-1.0,-25.465706,-49.254966,,False,5,1,2023-06-19T10:42:29.657453+00:00
CUR_GE701,Curitiba,4106902,0,URBS,500,https://moovitapp.com/index/pt-br/transporte_p%C3%BAblico-line-500_LIGEIR%C3%83O_BOQUEIR%C3%83O-Curitiba-942-9628-294422-0,-1.0,-25.499561,-49.238448,,False,5,1,2023-06-19T10:40:29.657453+00:00
CUR_GE709,Curitiba,4106902,0,URBS,500,https://moovitapp.com/index/pt-br/transporte_p%C3%BAblico-line-500_LIGEIR%C3%83O_BOQUEIR%C3%83O-Curitiba-942-9628-294422-0,-1.0,-25.457193,-49.259175,,False,5,1,2023-06-19T10:40:29.657453+00:00
CUR_GE716,Curitiba,4106902,0,URBS,500,https://moovitapp.com/index/pt-br/transporte_p%C3%BAblico-line-500_LIGEIR%C3%83O_BOQUEIR%C3%83O-Curitiba-942-9628-294422-0,-1.0,-25.438076,-49.268498,,False,5,1,2023-06-19T10:41:29.657453+00:00
CUR_GE720,Curitiba,4106902,0,URBS,500,https://moovitapp.com/index/pt-br/transporte_p%C3%BAblico-line-500_LIGEIR%C3%83O_BOQUEIR%C3%83O-Curitiba-942-9628-294422-0,-1.0,-25.436933,-49.267685,,False,5,1,2023-06-19T10:41:29.657453+00:00
CUR_GE706,Curitiba,4106902,0,URBS,500,https://moovitapp.com/index/pt-br/transporte_p%C3%BAblico-line-500_LIGEIR%C3%83O_BOQUEIR%C3%83O-Curitiba-942-9628-294422-0,-1.0,-25.513203,-49.231838,,False,5,2,2023-06-19T10:39:29.657453+00:00
CUR_GE719,Curitiba,4106902,0,URBS,500,https://moovitapp.com/index/pt-br/transporte_p%C3%BAblico-line-500_LIGEIR%C3%83O_BOQUEIR%C3%83O-Curitiba-942-9628-294422-0,-1.0,-25.485651,-49.245261,,False,5,1,2023-06-19T10:40:29.657453+00:00
CUR_GE715,Curitiba,4106902,0,URBS,500,https://moovitapp.com/index/pt-br/transporte_p%C3%BAblico-line-500_LIGEIR%C3%83O_BOQUEIR%C3%83O-Curitiba-942-9628-294422-0,-1.0,-25.517048,-49.230528,,False,5,2,2023-06-19T10:41:29.657453+00:00
CUR_GE728,Curitiba,4106902,0,URBS,500,https://moovitapp.com/index/pt-br/transporte_p%C3%BAblico-line-500_LIGEIR%C3%83O_BOQUEIR%C3%83O-Curitiba-942-9628-294422-0,-1.0,-25.498738,-49.238876,,False,5,2,2023-06-19T10:41:29.657453+00:00
CUR_GD348,Curitiba,4106902,0,URBS,500,https://moovitapp.com/index/pt-br/transporte_p%C3%BAblico-line-500_LIGEIR%C3%83O_BOQUEIR%C3%83O-Curitiba-942-9628-294422-0,-1.0,-25.54865,-49.291788,,False,5,2,2023-06-19T10:38:29.657453+00:00
CUR_GD349,Curitiba,4106902,0,URBS,500,https://moovitapp.com/index/pt-br/transporte_p%C3%BAblico-line-500_LIGEIR%C3%83O_BOQUEIR%C3%83O-Curitiba-942-9628-294422-0,-1.0,-25.43692,-49.267826,,False,5,1,2023-06-19T10:40:29.657453+00:00
CUR_GE723,Curitiba,4106902,0,URBS,500,https://moovitapp.com/index/pt-br/transporte_p%C3%BAblico-line-500_LIGEIR%C3%83O_BOQUEIR%C3%83O-Curitiba-942-9628-294422-0,-1.0,-25.447541,-49.263868,,False,5,1,2023-06-19T10:40:29.657453+00:00
CUR_BI867,Curitiba,4106902,1,,237,,,-25.373671,-49.214456,,False,7,,2023-06-19T10:40:29.657453+00:00
CUR_BL340,Curitiba,4106902,1,URBS,256,https://moovitapp.com/index/pt-br/transporte_p%C3%BAblico-line-256_BARREIRINHA_GUADALUPE-Curitiba-942-9628-398191-0,-1.0,-25.406745,-49.265908,,False,3,2,2023-06-19T10:41:29.657453+00:00
CUR_BL336,Curitiba,4106902,0,URBS,256,https://moovitapp.com/index/pt-br/transporte_p%C3%BAblico-line-256_BARREIRINHA_GUADALUPE-Curitiba-942-9628-398191-0,-1.0,-25.430095,-49.263865,,False,3,1,2023-06-19T10:41:29.657453+00:00
CUR_BL329,Curitiba,4106902,0,URBS,256,https://moovitapp.com/index/pt-br/transporte_p%C3%BAblico-line-256_BARREIRINHA_GUADALUPE-Curitiba-942-9628-398191-0,-1.0,-25.379451,-49.262171,,False,3,1,2023-06-19T10:40:29.657453+00:00
CUR_BL331,Curitiba,4106902,0,URBS,256,https://moovitapp.com/index/pt-br/transporte_p%C3%BAblico-line-256_BARREIRINHA_GUADALUPE-Curitiba-942-9628-398191-0,-1.0,-25.412885,-49.265703,,False,3,1,2023-06-19T10:40:29.657453+00:00
CUR_BL318,Curitiba,4106902,0,URBS,256,https://moovitapp.com/index/pt-br/transporte_p%C3%BAblico-line-256_BARREIRINHA_GUADALUPE-Curitiba-942-9628-398191-0,-1.0,-25.418596,-49.268895,,False,3,2,2023-06-19T10:41:29.657453+00:00
CUR_BA015,Curitiba,4106902,1,,171,,,-25.409685,-49.282086,,False,1,2,2023-06-19T10:42:29.657453+00:00
CUR_HC852,Curitiba,4106902,1,,671,,,-25.478148,-49.310261,,False,7,1,2023-06-19T10:40:29.657453+00:00
CUR_EL300,Curitiba,4106902,0,URBS,507,https://moovitapp.com/index/pt-br/transporte_p%C3%BAblico-line-507_S%C3%8DTIO_CERCADO_HOR%C3%81RIO-Curitiba-942-9628-294494-0,-1.0,-25.510166,-49.294121,,False,3,,2023-06-19T10:41:29.657453+00:00
CUR_GL326,Curitiba,4106902,0,URBS,507,https://moovitapp.com/index/pt-br/transporte_p%C3%BAblico-line-507_S%C3%8DTIO_CERCADO_HOR%C3%81RIO-Curitiba-942-9628-294494-0,-1.0,-25.530598,-49.287028,,False,3,,2023-06-19T10:41:29.657453+00:00
CUR_EL308,Curitiba,4106902,0,URBS,507,https://moovitapp.com/index/pt-br/transporte_p%C3%BAblico-line-507_S%C3%8DTIO_CERCADO_HOR%C3%81RIO-Curitiba-942-9628-294494-0,-1.0,-25.467496,-49.256271,,False,3,,2023-06-19T10:41:29.657453+00:00
CUR_GL310,Curitiba,4106902,0,URBS,507,https://moovitapp.com/index/pt-br/transporte_p%C3%BAblico-line-507_S%C3%8DTIO_CERCADO_HOR%C3%81RIO-Curitiba-942-9628-294494-0,-1.0,-25.522586,-49.241638,,False,3,,2023-06-19T10:41:29.657453+00:00
CUR_EL303,Curitiba,4106902,0,URBS,507,https://moovitapp.com/index/pt-br/transporte_p%C3%BAblico-line-507_S%C3%8DTIO_CERCADO_HOR%C3%81RIO-Curitiba-942-9628-294494-0,-1.0,-25.52383,-49.293281,,False,3,,2023-06-19T10:41:29.657453+00:00
CUR_GL305,Curitiba,4106902,0,URBS,507,https://moovitapp.com/index/pt-br/transporte_p%C3%BAblico-line-507_S%C3%8DTIO_CERCADO_HOR%C3%81RIO-Curitiba-942-9628-294494-0,-1.0,-25.49563,-49.240451,,False,3,,2023-06-19T10:41:29.657453+00:00
CUR_EL312,Curitiba,4106902,0,URBS,507,https://moovitapp.com/index/pt-br/transporte_p%C3%BAblico-line-507_S%C3%8DTIO_CERCADO_HOR%C3%81RIO-Curitiba-942-9628-294494-0,-1.0,-25.467501,-49.256285,,False,3,,2023-06-19T10:41:29.657453+00:00
CUR_EL305,Curitiba,4106902,0,URBS,507,https://moovitapp.com/index/pt-br/transporte_p%C3%BAblico-line-507_S%C3%8DTIO_CERCADO_HOR%C3%81RIO-Curitiba-942-9628-294494-0,-1.0,-25.467568,-49.256541,,False,3,,2023-06-19T10:41:29.657453+00:00
CUR_EL310,Curitiba,4106902,0,URBS,507,https://moovitapp.com/index/pt-br/transporte_p%C3%BAblico-line-507_S%C3%8DTIO_CERCADO_HOR%C3%81RIO-Curitiba-942-9628-294494-0,-1.0,-25.467556,-49.256436,,False,3,,2023-06-19T10:41:29.657453+00:00
CUR_EL309,Curitiba,4106902,0,URBS,507,https://moovitapp.com/index/pt-br/transporte_p%C3%BAblico-line-507_S%C3%8DTIO_CERCADO_HOR%C3%81RIO-Curitiba-942-9628-294494-0,-1.0,-25.467695,-49.256506,,False,3,,2023-06-19T10:41:29.657453+00:00
CUR_EL323,Curitiba,4106902,1,URBS,507,https://moovitapp.com/index/pt-br/transporte_p%C3%BAblico-line-507_S%C3%8DTIO_CERCADO_HOR%C3%81RIO-Curitiba-942-9628-294494-0,-1.0,-25.467401,-49.255961,,False,3,,2023-06-19T10:41:29.657453+00:00
CUR_EL326,Curitiba,4106902,1,URBS,507,https://moovitapp.com/index/pt-br/transporte_p%C3%BAblico-line-507_S%C3%8DTIO_CERCADO_HOR%C3%81RIO-Curitiba-942-9628-294494-0,-1.0,-25.439898,-49.222238,,False,3,,2023-06-19T10:41:29.657453+00:00
CUR_GL320,Curitiba,4106902,0,URBS,508,https://moovitapp.com/index/pt-br/transporte_p%C3%BAblico-line-508_S%C3%8DTIO_CERCADO_ANTI_HOR%C3%81RIO-Curitiba-942-9628-294520-0,-1.0,-25.474428,-49.249441,,False,3,,2023-06-19T10:40:29.657453+00:00
CUR_GL327,Curitiba,4106902,1,URBS,508,https://moovitapp.com/index/pt-br/transporte_p%C3%BAblico-line-508_S%C3%8DTIO_CERCADO_ANTI_HOR%C3%81RIO-Curitiba-942-9628-294520-0,-1.0,-25.4862,-49.244848,,False,3,,2023-06-19T10:41:29.657453+00:00
CUR_HL322,Curitiba,4106902,0,URBS,508,https://moovitapp.com/index/pt-br/transporte_p%C3%BAblico-line-508_S%C3%8DTIO_CERCADO_ANTI_HOR%C3%81RIO-Curitiba-942-9628-294520-0,-1.0,-25.52469,-49.246681,,False,3,,2023-06-19T10:41:29.657453+00:00
CUR_GL313,Curitiba,4106902,0,URBS,508,https://moovitapp.com/index/pt-br/transporte_p%C3%BAblico-line-508_S%C3%8DTIO_CERCADO_ANTI_HOR%C3%81RIO-Curitiba-942-9628-294520-0,-1.0,-25.519115,-49.23288,,False,3,,2023-06-19T10:39:29.657453+00:00
CUR_EL332,Curitiba,4106902,1,URBS,508,https://moovitapp.com/index/pt-br/transporte_p%C3%BAblico-line-508_S%C3%8DTIO_CERCADO_ANTI_HOR%C3%81RIO-Curitiba-942-9628-294520-0,-1.0,-25.536448,-49.273575,,False,3,,2023-06-19T10:41:29.657453+00:00
CUR_GL307,Curitiba,4106902,0,URBS,508,https://moovitapp.com/index/pt-br/transporte_p%C3%BAblico-line-508_S%C3%8DTIO_CERCADO_ANTI_HOR%C3%81RIO-Curitiba-942-9628-294520-0,-1.0,-25.501015,-49.297465,,False,3,,2023-06-19T10:41:29.657453+00:00
CUR_GL306,Curitiba,4106902,0,URBS,508,https://moovitapp.com/index/pt-br/transporte_p%C3%BAblico-line-508_S%C3%8DTIO_CERCADO_ANTI_HOR%C3%81RIO-Curitiba-942-9628-294520-0,-1.0,-25.518086,-49.297141,,False,3,,2023-06-19T10:40:29.657453+00:00
CUR_GL312,Curitiba,4106902,0,URBS,508,https://moovitapp.com/index/pt-br/transporte_p%C3%BAblico-line-508_S%C3%8DTIO_CERCADO_ANTI_HOR%C3%81RIO-Curitiba-942-9628-294520-0,-1.0,-25.471611,-49.295186,,False,3,,2023-06-19T10:38:29.657453+00:00
CUR_GL321,Curitiba,4106902,0,URBS,508,https://moovitapp.com/index/pt-br/transporte_p%C3%BAblico-line-508_S%C3%8DTIO_CERCADO_ANTI_HOR%C3%81RIO-Curitiba-942-9628-294520-0,-1.0,-25.448436,-49.285848,,False,3,,2023-06-19T10:41:29.657453+00:00
CUR_GL330,Curitiba,4106902,1,URBS,508,https://moovitapp.com/index/pt-br/transporte_p%C3%BAblico-line-508_S%C3%8DTIO_CERCADO_ANTI_HOR%C3%81RIO-Curitiba-942-9628-294520-0,-1.0,-25.434155,-49.264806,,False,3,,2023-06-19T10:40:29.657453+00:00
CUR_GL319,Curitiba,4106902,0,URBS,508,https://moovitapp.com/index/pt-br/transporte_p%C3%BAblico-line-508_S%C3%8DTIO_CERCADO_ANTI_HOR%C3%81RIO-Curitiba-942-9628-294520-0,-1.0,-25.446596,-49.258326,,False,3,,2023-06-19T10:41:29.657453+00:00
CUR_GL328,Curitiba,4106902,1,URBS,508,https://moovitapp.com/index/pt-br/transporte_p%C3%BAblico-line-508_S%C3%8DTIO_CERCADO_ANTI_HOR%C3%81RIO-Curitiba-942-9628-294520-0,-1.0,-25.469521,-49.25184,,False,3,,2023-06-19T10:40:29.657453+00:00
CUR_JI858,Curitiba,4106902,1,,713,,,-25.489475,-49.327405,,False,7,1,2023-06-19T10:40:29.657453+00:00
CUR_BA603,Curitiba,4106902,1,,245,,,-25.401978,-49.258681,,False,4,1,2023-06-19T10:41:29.657453+00:00
CUR_BA604,Curitiba,4106902,1,,245,,,-25.403251,-49.254468,,False,4,2,2023-06-19T10:39:29.657453+00:00
CUR_BI600,Curitiba,4106902,1,,245,,,-25.354223,-49.263055,,False,4,1,2023-06-19T10:41:29.657453+00:00
CUR_HC001,Curitiba,4106902,1,,690,,,-25.513168,-49.294938,,False,1,1,2023-06-19T10:38:29.657453+00:00
CUR_HC006,Curitiba,4106902,1,,690,,,-25.585265,-49.318038,,False,1,2,2023-06-19T10:30:29.657453+00:00
CUR_GI054,Curitiba,4106902,1,,635,,,-25.543553,-49.299803,,False,1,2,2023-06-19T10:41:29.657453+00:00
CUR_GA180,Curitiba,4106902,1,,635,,,-25.517218,-49.295546,,False,1,1,2023-06-19T10:41:29.657453+00:00
CUR_BI870,Curitiba,4106902,1,,343,,,-25.408248,-49.208316,,False,7,1,2023-06-19T10:41:29.657453+00:00
CUR_BC311,Curitiba,4106902,1,,207,,,-25.433355,-49.27714,,False,3,2,2023-06-19T10:42:29.657453+00:00
CUR_BC309,Curitiba,4106902,1,,207,,,-25.401641,-49.262725,,False,3,1,2023-06-19T10:40:29.657453+00:00
CUR_BC027,Curitiba,4106902,1,,207,,,-25.423833,-49.272961,,False,1,1,2023-06-19T10:38:29.657453+00:00
CUR_BC324,Curitiba,4106902,1,,207,,,-25.404,-49.275595,,False,3,2,2023-06-19T10:40:29.657453+00:00
CUR_BA031,Curitiba,4106902,1,,207,,,-25.406313,-49.252506,,False,1,2,2023-06-19T10:40:29.657453+00:00
CUR_BC323,Curitiba,4106902,1,,207,,,-25.412365,-49.270038,,False,3,1,2023-06-19T10:36:29.657453+00:00
CUR_BC310,Curitiba,4106902,1,,207,,,-25.428451,-49.271116,,False,3,1,2023-06-19T10:40:29.657453+00:00
CUR_MN611,Curitiba,4106902,1,,965,,,-25.422003,-49.291783,,False,7,1,2023-06-19T10:40:29.657453+00:00
CUR_MN603,Curitiba,4106902,1,,965,,,-25.417533,-49.293655,,False,7,2,2023-06-19T10:40:29.657453+00:00
CUR_MN605,Curitiba,4106902,1,,965,,,-25.401083,-49.329856,,False,7,1,2023-06-19T10:40:29.657453+00:00
CUR_BI850,Curitiba,4106902,1,,176,,,-25.424565,-49.270243,,False,7,1,2023-06-19T10:41:29.657453+00:00
CUR_GL301,Curitiba,4106902,0,URBS,546,https://moovitapp.com/index/pt-br/transporte_p%C3%BAblico-line-546_S%C3%8DTIO_CERCADO_BOQUEIR%C3%83O-Curitiba-942-9628-531687-0,-1.0,-25.531668,-49.259511,,False,3,1,2023-06-19T10:41:29.657453+00:00
CUR_GL304,Curitiba,4106902,0,URBS,546,https://moovitapp.com/index/pt-br/transporte_p%C3%BAblico-line-546_S%C3%8DTIO_CERCADO_BOQUEIR%C3%83O-Curitiba-942-9628-531687-0,-1.0,-25.516255,-49.23137,,False,3,2,2023-06-19T10:40:29.657453+00:00
CUR_GL300,Curitiba,4106902,0,URBS,546,https://moovitapp.com/index/pt-br/transporte_p%C3%BAblico-line-546_S%C3%8DTIO_CERCADO_BOQUEIR%C3%83O-Curitiba-942-9628-531687-0,-1.0,-25.548365,-49.291003,,False,3,1,2023-06-19T10:30:29.657453+00:00
CUR_BA010,Curitiba,4106902,1,,816,,,-25.435935,-49.307403,,False,1,1,2023-06-19T10:37:29.657453+00:00
CUR_BA014,Curitiba,4106902,1,,816,,,-25.401331,-49.32934,,False,1,2,2023-06-19T10:39:29.657453+00:00
CUR_BA037,Curitiba,4106902,1,,816,,,-25.436148,-49.31209,,False,1,1,2023-06-19T10:42:29.657453+00:00
CUR_BI031,Curitiba,4106902,1,,816,,,-25.413398,-49.322378,,False,1,2,2023-06-19T10:41:29.657453+00:00
CUR_ML303,Curitiba,4106902,0,URBS,902,https://moovitapp.com/index/pt-br/transporte_p%C3%BAblico-line-902_SANTA_FELICIDADE_PRA%C3%87A_TIRADENTES-Curitiba-942-9628-5597930-0,-1.0,-25.415591,-49.300401,,False,3,1,2023-06-19T10:41:29.657453+00:00
CUR_ML314,Curitiba,4106902,0,URBS,902,https://moovitapp.com/index/pt-br/transporte_p%C3%BAblico-line-902_SANTA_FELICIDADE_PRA%C3%87A_TIRADENTES-Curitiba-942-9628-5597930-0,-1.0,-25.402436,-49.326863,,False,3,2,2023-06-19T10:40:29.657453+00:00
CUR_ML305,Curitiba,4106902,0,URBS,902,https://moovitapp.com/index/pt-br/transporte_p%C3%BAblico-line-902_SANTA_FELICIDADE_PRA%C3%87A_TIRADENTES-Curitiba-942-9628-5597930-0,-1.0,-25.419368,-49.294528,,False,3,1,2023-06-19T10:37:29.657453+00:00
CUR_ML301,Curitiba,4106902,0,URBS,902,https://moovitapp.com/index/pt-br/transporte_p%C3%BAblico-line-902_SANTA_FELICIDADE_PRA%C3%87A_TIRADENTES-Curitiba-942-9628-5597930-0,-1.0,-25.42985,-49.271346,,False,3,1,2023-06-19T10:40:29.657453+00:00
CUR_HE704,Curitiba,4106902,0,URBS,200,https://moovitapp.com/index/pt-br/transporte_p%C3%BAblico-line-200_LIGEIR%C3%83O_SANTA_C%C3%82NDIDA_PRA%C3%87A_DO_JAP%C3%83O-Curitiba-942-9628-1323763-0,-1.0,-25.437371,-49.266011,,False,5,1,2023-06-19T10:41:29.657453+00:00
CUR_BE724,Curitiba,4106902,0,URBS,200,https://moovitapp.com/index/pt-br/transporte_p%C3%BAblico-line-200_LIGEIR%C3%83O_SANTA_C%C3%82NDIDA_PRA%C3%87A_DO_JAP%C3%83O-Curitiba-942-9628-1323763-0,-1.0,-25.424031,-49.268538,,False,5,1,2023-06-19T10:42:29.657453+00:00
CUR_GE729,Curitiba,4106902,0,URBS,200,https://moovitapp.com/index/pt-br/transporte_p%C3%BAblico-line-200_LIGEIR%C3%83O_SANTA_C%C3%82NDIDA_PRA%C3%87A_DO_JAP%C3%83O-Curitiba-942-9628-1323763-0,-1.0,-25.377253,-49.225116,,False,5,2,2023-06-19T10:41:29.657453+00:00
CUR_GE722,Curitiba,4106902,0,URBS,200,https://moovitapp.com/index/pt-br/transporte_p%C3%BAblico-line-200_LIGEIR%C3%83O_SANTA_C%C3%82NDIDA_PRA%C3%87A_DO_JAP%C3%83O-Curitiba-942-9628-1323763-0,-1.0,-25.377361,-49.224145,,False,5,2,2023-06-19T10:40:29.657453+00:00
CUR_BE707,Curitiba,4106902,0,URBS,200,https://moovitapp.com/index/pt-br/transporte_p%C3%BAblico-line-200_LIGEIR%C3%83O_SANTA_C%C3%82NDIDA_PRA%C3%87A_DO_JAP%C3%83O-Curitiba-942-9628-1323763-0,-1.0,-25.445725,-49.287983,,False,5,1,2023-06-19T10:37:29.657453+00:00
CUR_HE710,Curitiba,4106902,0,URBS,200,https://moovitapp.com/index/pt-br/transporte_p%C3%BAblico-line-200_LIGEIR%C3%83O_SANTA_C%C3%82NDIDA_PRA%C3%87A_DO_JAP%C3%83O-Curitiba-942-9628-1323763-0,-1.0,-25.406518,-49.252658,,False,5,1,2023-06-19T10:39:29.657453+00:00
CUR_HE706,Curitiba,4106902,0,URBS,200,https://moovitapp.com/index/pt-br/transporte_p%C3%BAblico-line-200_LIGEIR%C3%83O_SANTA_C%C3%82NDIDA_PRA%C3%87A_DO_JAP%C3%83O-Curitiba-942-9628-1323763-0,-1.0,-25.422326,-49.266611,,False,5,2,2023-06-19T10:41:29.657453+00:00
CUR_BE702,Curitiba,4106902,0,URBS,200,https://moovitapp.com/index/pt-br/transporte_p%C3%BAblico-line-200_LIGEIR%C3%83O_SANTA_C%C3%82NDIDA_PRA%C3%87A_DO_JAP%C3%83O-Curitiba-942-9628-1323763-0,-1.0,-25.43662,-49.264918,,False,5,2,2023-06-19T10:42:29.657453+00:00
CUR_BE721,Curitiba,4106902,0,URBS,200,https://moovitapp.com/index/pt-br/transporte_p%C3%BAblico-line-200_LIGEIR%C3%83O_SANTA_C%C3%82NDIDA_PRA%C3%87A_DO_JAP%C3%83O-Curitiba-942-9628-1323763-0,-1.0,-25.40679,-49.253046,,False,5,2,2023-06-19T10:40:29.657453+00:00
CUR_BE712,Curitiba,4106902,0,URBS,200,https://moovitapp.com/index/pt-br/transporte_p%C3%BAblico-line-200_LIGEIR%C3%83O_SANTA_C%C3%82NDIDA_PRA%C3%87A_DO_JAP%C3%83O-Curitiba-942-9628-1323763-0,-1.0,-25.441683,-49.277251,,False,5,1,2023-06-19T10:41:29.657453+00:00
CUR_BE701,Curitiba,4106902,0,URBS,200,https://moovitapp.com/index/pt-br/transporte_p%C3%BAblico-line-200_LIGEIR%C3%83O_SANTA_C%C3%82NDIDA_PRA%C3%87A_DO_JAP%C3%83O-Curitiba-942-9628-1323763-0,-1.0,-25.393071,-49.240101,,False,5,1,2023-06-19T10:41:29.657453+00:00
CUR_BE704,Curitiba,4106902,0,URBS,200,https://moovitapp.com/index/pt-br/transporte_p%C3%BAblico-line-200_LIGEIR%C3%83O_SANTA_C%C3%82NDIDA_PRA%C3%87A_DO_JAP%C3%83O-Curitiba-942-9628-1323763-0,-1.0,-25.385796,-49.233445,,False,5,2,2023-06-19T10:35:29.657453+00:00
CUR_HE705,Curitiba,4106902,0,URBS,200,https://moovitapp.com/index/pt-br/transporte_p%C3%BAblico-line-200_LIGEIR%C3%83O_SANTA_C%C3%82NDIDA_PRA%C3%87A_DO_JAP%C3%83O-Curitiba-942-9628-1323763-0,-1.0,-25.478306,-49.26124,,False,5,2,2023-06-19T10:40:29.657453+00:00
CUR_BE714,Curitiba,4106902,0,URBS,200,https://moovitapp.com/index/pt-br/transporte_p%C3%BAblico-line-200_LIGEIR%C3%83O_SANTA_C%C3%82NDIDA_PRA%C3%87A_DO_JAP%C3%83O-Curitiba-942-9628-1323763-0,-1.0,-25.39396,-49.24093,,False,5,1,2023-06-19T10:41:29.657453+00:00
CUR_BE706,Curitiba,4106902,0,URBS,200,https://moovitapp.com/index/pt-br/transporte_p%C3%BAblico-line-200_LIGEIR%C3%83O_SANTA_C%C3%82NDIDA_PRA%C3%87A_DO_JAP%C3%83O-Curitiba-942-9628-1323763-0,-1.0,-25.441756,-49.27753,,False,5,1,2023-06-19T10:40:29.657453+00:00
CUR_GL314,Curitiba,4106902,0,URBS,610,https://moovitapp.com/index/pt-br/transporte_p%C3%BAblico-line-610_S%C3%8DTIO_CERCADO_CAP%C3%83O_RASO-Curitiba-942-9628-491981-0,-1.0,-25.548828,-49.290756,,False,3,1,2023-06-19T10:38:29.657453+00:00
CUR_GL311,Curitiba,4106902,0,URBS,610,https://moovitapp.com/index/pt-br/transporte_p%C3%BAblico-line-610_S%C3%8DTIO_CERCADO_CAP%C3%83O_RASO-Curitiba-942-9628-491981-0,-1.0,-25.53747,-49.279846,,False,3,2,2023-06-19T10:38:29.657453+00:00
CUR_GL315,Curitiba,4106902,0,URBS,610,https://moovitapp.com/index/pt-br/transporte_p%C3%BAblico-line-610_S%C3%8DTIO_CERCADO_CAP%C3%83O_RASO-Curitiba-942-9628-491981-0,-1.0,-25.493136,-49.295411,,False,3,2,2023-06-19T10:41:29.657453+00:00
CUR_GA003,Curitiba,4106902,1,,637,,,-25.531165,-49.287723,,False,1,1,2023-06-19T10:41:29.657453+00:00
CUR_GI046,Curitiba,4106902,1,,637,,,-25.532708,-49.287033,,False,1,2,2023-06-19T10:41:29.657453+00:00
CUR_BI901,Curitiba,4106902,1,,361,,,-25.417741,-49.244101,,False,7,1,2023-06-19T10:41:29.657453+00:00
CUR_HI855,Curitiba,4106902,1,,814,,,-25.436028,-49.307661,,False,7,2,2023-06-19T10:36:29.657453+00:00
CUR_HC853,Curitiba,4106902,1,,814,,,-25.443318,-49.332803,,False,7,1,2023-06-19T10:42:29.657453+00:00
CUR_JA299,Curitiba,4106902,1,,814,,,-25.435455,-49.308936,,False,1,2,2023-06-19T10:41:29.657453+00:00
CUR_BI874,Curitiba,4106902,1,,274,,,-25.398023,-49.25664,,False,7,1,2023-06-19T10:37:29.657453+00:00
CUR_BI888,Curitiba,4106902,1,,274,,,-25.405666,-49.257241,,False,7,2,2023-06-19T10:41:29.657453+00:00
CUR_MN610,Curitiba,4106902,1,,464,,,-25.434248,-49.272083,,False,7,1,2023-06-19T10:41:29.657453+00:00
CUR_DN603,Curitiba,4106902,1,,464,,,-25.467193,-49.255411,,False,7,2,2023-06-19T10:41:29.657453+00:00
CUR_HI003,Curitiba,4106902,1,,801,,,-25.441006,-49.283703,,False,1,1,2023-06-19T10:41:29.657453+00:00
CUR_HC008,Curitiba,4106902,1,,801,,,-25.439473,-49.300338,,False,1,2,2023-06-19T10:41:29.657453+00:00
CUR_HC502,Curitiba,4106902,1,,801,,,-25.432256,-49.271746,,False,2,1,2023-06-19T10:41:29.657453+00:00
CUR_JC318,Curitiba,4106902,1,,801,,,-25.449388,-49.366683,,False,10,2,2023-06-19T10:40:29.657453+00:00
CUR_HC500,Curitiba,4106902,1,,801,,,-25.437806,-49.278348,,False,2,2,2023-06-19T10:40:29.657453+00:00
CUR_BI886,Curitiba,4106902,1,,224,,,-25.377926,-49.241358,,False,7,,2023-06-19T10:41:29.657453+00:00
CUR_JI009,Curitiba,4106902,1,,732,,,-25.462326,-49.357575,,False,1,2,2023-06-19T10:41:29.657453+00:00
CUR_JB301,Curitiba,4106902,1,,720,,,-25.452048,-49.215035,,False,3,2,2023-06-19T10:40:29.657453+00:00
CUR_JB302,Curitiba,4106902,1,,720,,,-25.477996,-49.331678,,False,10,1,2023-06-19T10:42:29.657453+00:00
CUR_JI863,Curitiba,4106902,1,,779,,,-25.464413,-49.309728,,False,7,2,2023-06-19T10:41:29.657453+00:00
CUR_HL306,Curitiba,4106902,0,URBS,X32,https://moovitapp.com/index/pt-br/transporte_p%C3%BAblico-line-X32_CIC_CAP%C3%83O_RASO-Curitiba-942-9628-557282-0,-1.0,-25.496776,-49.298235,,False,3,2,2023-06-19T10:39:29.657453+00:00
CUR_MI852,Curitiba,4106902,1,Auto Viação São José,150,https://moovitapp.com/index/pt-br/transporte_p%C3%BAblico-line-150_T_AFONSO_PENA_PIT_BORDA_DO_CAMPO-Curitiba-942-857412-53904521-0,-1.0,-25.422058,-49.288966,,False,7,1,2023-06-19T10:41:29.657453+00:00
CUR_HA011,Curitiba,4106902,1,,614,,,-25.457613,-49.269796,,False,1,2,2023-06-19T10:41:29.657453+00:00
CUR_GA001,Curitiba,4106902,1,,614,,,-25.476281,-49.316383,,False,1,1,2023-06-19T10:40:29.657453+00:00
CUR_GI301,Curitiba,4106902,1,,614,,,-25.449681,-49.260118,,False,3,2,2023-06-19T10:38:29.657453+00:00
CUR_BI881,Curitiba,4106902,1,,385,,,-25.433036,-49.259398,,False,7,2,2023-06-19T10:39:29.657453+00:00
CUR_BI862,Curitiba,4106902,1,,385,,,-25.433235,-49.23525,,False,7,1,2023-06-19T10:41:29.657453+00:00
CUR_GI853,Curitiba,4106902,1,,666,,,-25.437055,-49.273158,,False,7,1,2023-06-19T10:40:29.657453+00:00
CUR_HB693,Curitiba,4106902,1,,027,,,-25.491671,-49.29627,,False,4,1,2023-06-19T10:39:29.657453+00:00
CUR_KB699,Curitiba,4106902,0,,027,,,-25.460845,-49.301483,,False,4,1,2023-06-19T10:42:29.657453+00:00
CUR_DC853,Curitiba,4106902,1,,331,,,-25.469235,-49.208353,,False,7,,2023-06-19T10:41:29.657453+00:00
CUR_BI896,Curitiba,4106902,1,,875,,,-25.422366,-49.317263,,False,7,2,2023-06-19T10:41:29.657453+00:00
CUR_GL080,Curitiba,4106902,0,URBS,520,https://moovitapp.com/index/pt-br/transporte_p%C3%BAblico-line-520_OSTERNACK_S%C3%8DTIO_CERCADO_LD-Curitiba-942-9628-82134294-0,-1.0,-25.497498,-49.276951,,False,3,1,2023-06-19T10:42:29.657453+00:00
CUR_GL329,Curitiba,4106902,1,URBS,520,https://moovitapp.com/index/pt-br/transporte_p%C3%BAblico-line-520_OSTERNACK_S%C3%8DTIO_CERCADO_LD-Curitiba-942-9628-82134294-0,-1.0,-25.516966,-49.273541,,False,3,1,2023-06-19T10:41:29.657453+00:00
CUR_BC011,Curitiba,4106902,1,,829,,,-25.436283,-49.362276,,False,1,2,2023-06-19T10:40:29.657453+00:00
CUR_BC010,Curitiba,4106902,1,,829,,,-25.441431,-49.346101,,False,1,,2023-06-19T10:40:29.657453+00:00
CUR_BA018,Curitiba,4106902,1,,829,,,-25.447471,-49.355865,,False,1,,2023-06-19T10:41:29.657453+00:00
CUR_BC012,Curitiba,4106902,1,,829,,,-25.446213,-49.355818,,False,1,,2023-06-19T10:41:29.657453+00:00
CUR_JL301,Curitiba,4106902,0,URBS,X36,https://moovitapp.com/index/pt-br/transporte_p%C3%BAblico-line-X36_REFOR%C3%87O_GUADALUPE_FAZENDINHA-Curitiba-942-9628-11745709-0,-1.0,-25.433318,-49.265215,,False,3,1,2023-06-19T10:41:29.657453+00:00
CUR_JL308,Curitiba,4106902,0,URBS,X36,https://moovitapp.com/index/pt-br/transporte_p%C3%BAblico-line-X36_REFOR%C3%87O_GUADALUPE_FAZENDINHA-Curitiba-942-9628-11745709-0,-1.0,-25.448591,-49.366233,,False,3,1,2023-06-19T10:40:29.657453+00:00
CUR_JL316,Curitiba,4106902,0,URBS,X36,https://moovitapp.com/index/pt-br/transporte_p%C3%BAblico-line-X36_REFOR%C3%87O_GUADALUPE_FAZENDINHA-Curitiba-942-9628-11745709-0,-1.0,-25.46791,-49.317046,,False,3,1,2023-06-19T10:40:29.657453+00:00
CUR_JL312,Curitiba,4106902,0,URBS,X36,https://moovitapp.com/index/pt-br/transporte_p%C3%BAblico-line-X36_REFOR%C3%87O_GUADALUPE_FAZENDINHA-Curitiba-942-9628-11745709-0,-1.0,-25.463858,-49.308093,,False,3,2,2023-06-19T10:41:29.657453+00:00
CUR_DE701,Curitiba,4106902,0,URBS,302,https://moovitapp.com/index/pt-br/transporte_p%C3%BAblico-line-302_CENTEN%C3%81RIO_RUI_BARBOSA-Curitiba-942-9628-294501-0,-1.0,-25.467761,-49.25526,,False,5,1,2023-06-19T10:41:29.657453+00:00
CUR_DE695,Curitiba,4106902,0,URBS,302,https://moovitapp.com/index/pt-br/transporte_p%C3%BAblico-line-302_CENTEN%C3%81RIO_RUI_BARBOSA-Curitiba-942-9628-294501-0,-1.0,-25.468243,-49.254496,,False,4,1,2023-06-19T10:41:29.657453+00:00
CUR_DE696,Curitiba,4106902,0,URBS,302,https://moovitapp.com/index/pt-br/transporte_p%C3%BAblico-line-302_CENTEN%C3%81RIO_RUI_BARBOSA-Curitiba-942-9628-294501-0,-1.0,-25.468745,-49.207615,,False,4,2,2023-06-19T10:41:29.657453+00:00
CUR_JA029,Curitiba,4106902,1,,831,,,-25.435085,-49.273061,,False,1,2,2023-06-19T10:40:29.657453+00:00
CUR_JA020,Curitiba,4106902,1,,831,,,-25.491788,-49.314103,,False,1,1,2023-06-19T10:40:29.657453+00:00
CUR_BC850,Curitiba,4106902,1,,164,,,-25.425311,-49.274,,False,7,2,2023-06-19T10:42:29.657453+00:00
CUR_DL308,Curitiba,4106902,0,URBS,305,https://moovitapp.com/index/pt-br/transporte_p%C3%BAblico-line-305_CENTEN%C3%81RIO-Curitiba-942-9628-294271-0,-1.0,-25.450286,-49.228071,,False,3,1,2023-06-19T10:40:29.657453+00:00
CUR_DL305,Curitiba,4106902,0,URBS,305,https://moovitapp.com/index/pt-br/transporte_p%C3%BAblico-line-305_CENTEN%C3%81RIO-Curitiba-942-9628-294271-0,-1.0,-25.467816,-49.25478,,False,3,1,2023-06-19T10:36:29.657453+00:00
CUR_JL318,Curitiba,4106902,0,URBS,024,https://moovitapp.com/index/pt-br/transporte_p%C3%BAblico-line-024_CAP%C3%83O_RASO_CAMPINA_DO_SIQUEIRA-Curitiba-942-9628-1323693-0,-1.0,-25.448738,-49.365965,,False,3,2,2023-06-19T10:40:29.657453+00:00
CUR_HL317,Curitiba,4106902,0,URBS,024,https://moovitapp.com/index/pt-br/transporte_p%C3%BAblico-line-024_CAP%C3%83O_RASO_CAMPINA_DO_SIQUEIRA-Curitiba-942-9628-1323693-0,-1.0,-25.461871,-49.29078,,False,3,2,2023-06-19T10:41:29.657453+00:00
CUR_HL311,Curitiba,4106902,0,URBS,024,https://moovitapp.com/index/pt-br/transporte_p%C3%BAblico-line-024_CAP%C3%83O_RASO_CAMPINA_DO_SIQUEIRA-Curitiba-942-9628-1323693-0,-1.0,-25.43633,-49.307798,,False,3,,2023-06-19T10:37:29.657453+00:00
CUR_HN403,Curitiba,4106902,1,,668,,,-25.512291,-49.331885,,False,7,1,2023-06-19T10:39:29.657453+00:00
CUR_HE605,Curitiba,4106902,0,URBS,X11,https://moovitapp.com/index/pt-br/transporte_p%C3%BAblico-line-X11_S%C3%8DTIO_CERCADO_CAP%C3%83O_RASO-Curitiba-942-9628-531688-0,-1.0,-25.492031,-49.293503,,False,4,2,2023-06-19T10:40:29.657453+00:00
CUR_HR045,Curitiba,4106902,0,URBS,X11,https://moovitapp.com/index/pt-br/transporte_p%C3%BAblico-line-X11_S%C3%8DTIO_CERCADO_CAP%C3%83O_RASO-Curitiba-942-9628-531688-0,-1.0,-25.440953,-49.275336,,False,4,1,2023-06-19T10:41:29.657453+00:00
CUR_HE600,Curitiba,4106902,0,URBS,X11,https://moovitapp.com/index/pt-br/transporte_p%C3%BAblico-line-X11_S%C3%8DTIO_CERCADO_CAP%C3%83O_RASO-Curitiba-942-9628-531688-0,-1.0,-25.460801,-49.289536,,False,4,1,2023-06-19T10:41:29.657453+00:00
CUR_DL315,Curitiba,4106902,0,URBS,469,https://moovitapp.com/index/pt-br/transporte_p%C3%BAblico-line-469_CENTRO_POLIT%C3%89CNICO-Curitiba-942-9628-294421-0,-1.0,-25.441423,-49.248981,,False,3,1,2023-06-19T10:42:29.657453+00:00
CUR_DL040,Curitiba,4106902,0,URBS,469,https://moovitapp.com/index/pt-br/transporte_p%C3%BAblico-line-469_CENTRO_POLIT%C3%89CNICO-Curitiba-942-9628-294421-0,-1.0,-25.46826,-49.254706,,False,3,1,2023-06-19T10:41:29.657453+00:00
CUR_BL316,Curitiba,4106902,0,URBS,518,https://moovitapp.com/index/pt-br/transporte_p%C3%BAblico-line-518_PUC_RODOFERROVI%C3%81RIA-Curitiba-942-9628-743528-0,-1.0,-25.447543,-49.25843,,False,3,1,2023-06-19T10:40:29.657453+00:00
CUR_GE602,Curitiba,4106902,0,URBS,X12,https://moovitapp.com/index/pt-br/transporte_p%C3%BAblico-line-X12_ESPECIAL_BOQUEIR%C3%83O-Curitiba-942-9628-504177-0,-1.0,-25.52783,-49.241725,,False,4,2,2023-06-19T10:38:29.657453+00:00
CUR_BA012,Curitiba,4106902,1,,815,,,-25.43086,-49.317065,,False,1,,2023-06-19T10:38:29.657453+00:00
CUR_BA016,Curitiba,4106902,1,,815,,,-25.427018,-49.321185,,False,1,,2023-06-19T10:41:29.657453+00:00
