bus_id,city,city_code,adapted,agency,line_code,line_url,line_fare,latitude,longitude,bus_speed,is_eletric,bus_type,bus_direction,updated_at
CUR_BE714,Curitiba,4106902,0,URBS,203,https://moovitapp.com/index/pt-br/transporte_p%C3%BAblico-line-203_SANTA_C%C3%82NDIDA_CAP%C3%83O_RASO-Curitiba-942-9628-1323737-0,-1.0,-25.416215,-49.26166,,False,5,2,2023-06-13T17:57:37.827255+00:00
CUR_BE713,Curitiba,4106902,0,URBS,203,https://moovitapp.com/index/pt-br/transporte_p%C3%BAblico-line-203_SANTA_C%C3%82NDIDA_CAP%C3%83O_RASO-Curitiba-942-9628-1323737-0,-1.0,-25.41298,-49.258628,,False,5,1,2023-06-13T17:57:37.827255+00:00
CUR_HE714,Curitiba,4106902,0,URBS,203,https://moovitapp.com/index/pt-br/transporte_p%C3%BAblico-line-203_SANTA_C%C3%82NDIDA_CAP%C3%83O_RASO-Curitiba-942-9628-1323737-0,-1.0,-25.399808,-49.246398,,False,5,2,2023-06-13T17:57:37.827255+00:00
CUR_BE710,Curitiba,4106902,0,URBS,203,https://moovitapp.com/index/pt-br/transporte_p%C3%BAblico-line-203_SANTA_C%C3%82NDIDA_CAP%C3%83O_RASO-Curitiba-942-9628-1323737-0,-1.0,-25.476428,-49.292483,,False,5,1,2023-06-13T17:57:37.827255+00:00
CUR_BE715,Curitiba,4106902,0,URBS,203,https://moovitapp.com/index/pt-br/transporte_p%C3%BAblico-line-203_SANTA_C%C3%82NDIDA_CAP%C3%83O_RASO-Curitiba-942-9628-1323737-0,-1.0,-25.454743,-49.288188,,False,5,1,2023-06-13T17:56:37.827255+00:00
CUR_GE736,Curitiba,4106902,0,URBS,203,https://moovitapp.com/index/pt-br/transporte_p%C3%BAblico-line-203_SANTA_C%C3%82NDIDA_CAP%C3%83O_RASO-Curitiba-942-9628-1323737-0,-1.0,-25.377008,-49.2243,,False,5,1,2023-06-13T17:57:37.827255+00:00
CUR_GE726,Curitiba,4106902,0,URBS,203,https://moovitapp.com/index/pt-br/transporte_p%C3%BAblico-line-203_SANTA_C%C3%82NDIDA_CAP%C3%83O_RASO-Curitiba-942-9628-1323737-0,-1.0,-25.384146,-49.23184,,False,5,1,2023-06-13T17:57:37.827255+00:00
CUR_BE727,Curitiba,4106902,0,URBS,203,https://moovitapp.com/index/pt-br/transporte_p%C3%BAblico-line-203_SANTA_C%C3%82NDIDA_CAP%C3%83O_RASO-Curitiba-942-9628-1323737-0,-1.0,-25.46856,-49.29385,,False,5,2,2023-06-13T17:56:37.827255+00:00
CUR_GE704,Curitiba,4106902,0,URBS,203,https://moovitapp.com/index/pt-br/transporte_p%C3%BAblico-line-203_SANTA_C%C3%82NDIDA_CAP%C3%83O_RASO-Curitiba-942-9628-1323737-0,-1.0,-25.400846,-49.247365,,False,5,1,2023-06-13T17:54:37.827255+00:00
CUR_BE712,Curitiba,4106902,0,URBS,203,https://moovitapp.com/index/pt-br/transporte_p%C3%BAblico-line-203_SANTA_C%C3%82NDIDA_CAP%C3%83O_RASO-Curitiba-942-9628-1323737-0,-1.0,-25.487945,-49.294313,,False,5,2,2023-06-13T17:56:37.827255+00:00
CUR_BE716,Curitiba,4106902,0,URBS,203,https://moovitapp.com/index/pt-br/transporte_p%C3%BAblico-line-203_SANTA_C%C3%82NDIDA_CAP%C3%83O_RASO-Curitiba-942-9628-1323737-0,-1.0,-25.430703,-49.267558,,False,5,1,2023-06-13T17:56:37.827255+00:00
CUR_BE702,Curitiba,4106902,0,URBS,203,https://moovitapp.com/index/pt-br/transporte_p%C3%BAblico-line-203_SANTA_C%C3%82NDIDA_CAP%C3%83O_RASO-Curitiba-942-9628-1323737-0,-1.0,-25.442586,-49.279613,,False,5,2,2023-06-13T17:57:37.827255+00:00
CUR_BE706,Curitiba,4106902,0,URBS,203,https://moovitapp.com/index/pt-br/transporte_p%C3%BAblico-line-203_SANTA_C%C3%82NDIDA_CAP%C3%83O_RASO-Curitiba-942-9628-1323737-0,-1.0,-25.447698,-49.287703,,False,5,1,2023-06-13T17:57:37.827255+00:00
CUR_GD341,Curitiba,4106902,0,URBS,203,https://moovitapp.com/index/pt-br/transporte_p%C3%BAblico-line-203_SANTA_C%C3%82NDIDA_CAP%C3%83O_RASO-Curitiba-942-9628-1323737-0,-1.0,-25.453061,-49.287945,,False,5,2,2023-06-13T17:57:37.827255+00:00
CUR_BE722,Curitiba,4106902,0,URBS,203,https://moovitapp.com/index/pt-br/transporte_p%C3%BAblico-line-203_SANTA_C%C3%82NDIDA_CAP%C3%83O_RASO-Curitiba-942-9628-1323737-0,-1.0,-25.430105,-49.26767,,False,5,2,2023-06-13T17:56:37.827255+00:00
CUR_MC079,Curitiba,4106902,1,,972,,,-25.423448,-49.287705,,False,1,1,2023-06-13T17:56:37.827255+00:00
CUR_MC078,Curitiba,4106902,1,,972,,,-25.419061,-49.294703,,False,1,2,2023-06-13T17:57:37.827255+00:00
CUR_MC300,Curitiba,4106902,1,,972,,,-25.40139,-49.329818,,False,3,2,2023-06-13T17:57:37.827255+00:00
CUR_GI046,Curitiba,4106902,1,,637,,,-25.534283,-49.267986,,False,1,2,2023-06-13T17:57:37.827255+00:00
CUR_JL322,Curitiba,4106902,1,URBS,702,https://moovitapp.com/index/pt-br/transporte_p%C3%BAblico-line-702_CAIU%C3%81_CACHOEIRA-Curitiba-942-9628-133282980-0,-1.0,-25.385968,-49.260296,,False,3,1,2023-06-13T17:57:37.827255+00:00
CUR_JL303,Curitiba,4106902,0,URBS,702,https://moovitapp.com/index/pt-br/transporte_p%C3%BAblico-line-702_CAIU%C3%81_CACHOEIRA-Curitiba-942-9628-133282980-0,-1.0,-25.42314,-49.269741,,False,3,1,2023-06-13T17:57:37.827255+00:00
CUR_JL313,Curitiba,4106902,0,URBS,702,https://moovitapp.com/index/pt-br/transporte_p%C3%BAblico-line-702_CAIU%C3%81_CACHOEIRA-Curitiba-942-9628-133282980-0,-1.0,-25.478218,-49.327345,,False,3,1,2023-06-13T17:57:37.827255+00:00
CUR_JL316,Curitiba,4106902,0,URBS,702,https://moovitapp.com/index/pt-br/transporte_p%C3%BAblico-line-702_CAIU%C3%81_CACHOEIRA-Curitiba-942-9628-133282980-0,-1.0,-25.449435,-49.283655,,False,3,1,2023-06-13T17:57:37.827255+00:00
CUR_GL327,Curitiba,4106902,1,URBS,508,https://moovitapp.com/index/pt-br/transporte_p%C3%BAblico-line-508_S%C3%8DTIO_CERCADO_ANTI_HOR%C3%81RIO-Curitiba-942-9628-294520-0,-1.0,-25.448396,-49.285875,,False,3,,2023-06-13T17:57:37.827255+00:00
CUR_HL311,Curitiba,4106902,0,URBS,508,https://moovitapp.com/index/pt-br/transporte_p%C3%BAblico-line-508_S%C3%8DTIO_CERCADO_ANTI_HOR%C3%81RIO-Curitiba-942-9628-294520-0,-1.0,-25.432298,-49.265623,,False,3,,2023-06-13T17:57:37.827255+00:00
CUR_GL316,Curitiba,4106902,0,URBS,508,https://moovitapp.com/index/pt-br/transporte_p%C3%BAblico-line-508_S%C3%8DTIO_CERCADO_ANTI_HOR%C3%81RIO-Curitiba-942-9628-294520-0,-1.0,-25.469138,-49.251946,,False,3,,2023-06-13T17:56:37.827255+00:00
CUR_GL329,Curitiba,4106902,1,URBS,508,https://moovitapp.com/index/pt-br/transporte_p%C3%BAblico-line-508_S%C3%8DTIO_CERCADO_ANTI_HOR%C3%81RIO-Curitiba-942-9628-294520-0,-1.0,-25.522343,-49.240731,,False,3,,2023-06-13T17:57:37.827255+00:00
CUR_GL330,Curitiba,4106902,1,URBS,508,https://moovitapp.com/index/pt-br/transporte_p%C3%BAblico-line-508_S%C3%8DTIO_CERCADO_ANTI_HOR%C3%81RIO-Curitiba-942-9628-294520-0,-1.0,-25.537988,-49.278238,,False,3,,2023-06-13T17:57:37.827255+00:00
CUR_GL320,Curitiba,4106902,0,URBS,508,https://moovitapp.com/index/pt-br/transporte_p%C3%BAblico-line-508_S%C3%8DTIO_CERCADO_ANTI_HOR%C3%81RIO-Curitiba-942-9628-294520-0,-1.0,-25.493946,-49.293981,,False,3,,2023-06-13T17:56:37.827255+00:00
CUR_MI002,Curitiba,4106902,1,,917,,,-25.380448,-49.327338,,False,1,2,2023-06-13T17:57:37.827255+00:00
CUR_MI850,Curitiba,4106902,1,,913,,,-25.40147,-49.329608,,False,7,1,2023-06-13T17:56:37.827255+00:00
CUR_BI023,Curitiba,4106902,1,,924,,,-25.368163,-49.271281,,False,1,1,2023-06-13T17:57:37.827255+00:00
CUR_MI005,Curitiba,4106902,1,,924,,,-25.376015,-49.313003,,False,1,2,2023-06-13T17:57:37.827255+00:00
CUR_MI004,Curitiba,4106902,1,,924,,,-25.370495,-49.234625,,False,1,2,2023-06-13T17:57:37.827255+00:00
CUR_MI003,Curitiba,4106902,1,,924,,,-25.397146,-49.313961,,False,1,1,2023-06-13T17:57:37.827255+00:00
CUR_BC017,Curitiba,4106902,1,,876,,,-25.423973,-49.302036,,False,1,1,2023-06-13T17:57:37.827255+00:00
CUR_BC021,Curitiba,4106902,1,,876,,,-25.411866,-49.349893,,False,1,2,2023-06-13T17:57:37.827255+00:00
CUR_BA015,Curitiba,4106902,1,,876,,,-25.431451,-49.282885,,False,1,2,2023-06-13T17:57:37.827255+00:00
CUR_HI856,Curitiba,4106902,1,,600,,,-25.539966,-49.302423,,False,7,2,2023-06-13T17:56:37.827255+00:00
CUR_HI851,Curitiba,4106902,1,,600,,,-25.537188,-49.306745,,False,7,1,2023-06-13T17:56:37.827255+00:00
CUR_DA019,Curitiba,4106902,0,,322,,,-25.469213,-49.208161,,False,1,2,2023-06-13T17:57:37.827255+00:00
CUR_BB610,Curitiba,4106902,1,,030,,,-25.388126,-49.211418,,False,4,1,2023-06-13T17:57:37.827255+00:00
CUR_GB606,Curitiba,4106902,1,,030,,,-25.513653,-49.26517,,False,4,1,2023-06-13T17:57:37.827255+00:00
CUR_CB601,Curitiba,4106902,1,,030,,,-25.482443,-49.215101,,False,4,1,2023-06-13T17:57:37.827255+00:00
CUR_GB612,Curitiba,4106902,1,,030,,,-25.450246,-49.206615,,False,4,2,2023-06-13T17:57:37.827255+00:00
CUR_KB606,Curitiba,4106902,1,,030,,,-25.488533,-49.225606,,False,4,2,2023-06-13T17:57:37.827255+00:00
CUR_BB613,Curitiba,4106902,1,,030,,,-25.508618,-49.279423,,False,4,2,2023-06-13T17:57:37.827255+00:00
CUR_BB602,Curitiba,4106902,1,,030,,,-25.450108,-49.206055,,False,4,1,2023-06-13T17:56:37.827255+00:00
CUR_EB606,Curitiba,4106902,1,,030,,,-25.408625,-49.203026,,False,4,2,2023-06-13T17:57:37.827255+00:00
CUR_JB606,Curitiba,4106902,1,,050,,,-25.451248,-49.2643,,False,4,2,2023-06-13T17:57:37.827255+00:00
CUR_GR126,Curitiba,4106902,1,,050,,,-25.477741,-49.311521,,False,4,1,2023-06-13T17:57:37.827255+00:00
CUR_JI602,Curitiba,4106902,1,,050,,,-25.450963,-49.215455,,False,4,1,2023-06-13T17:51:37.827255+00:00
CUR_GB608,Curitiba,4106902,1,,050,,,-25.475126,-49.301685,,False,4,2,2023-06-13T17:57:37.827255+00:00
CUR_JI601,Curitiba,4106902,1,,050,,,-25.451403,-49.219023,,False,4,1,2023-06-13T17:57:37.827255+00:00
CUR_EB608,Curitiba,4106902,1,,050,,,-25.453076,-49.26474,,False,4,1,2023-06-13T17:57:37.827255+00:00
CUR_HA619,Curitiba,4106902,1,,685,,,-25.559623,-49.330743,,False,4,1,2023-06-13T17:57:37.827255+00:00
CUR_HA610,Curitiba,4106902,1,,685,,,-25.574826,-49.329346,,False,4,1,2023-06-13T17:57:37.827255+00:00
CUR_HI610,Curitiba,4106902,1,,685,,,-25.511631,-49.324186,,False,4,2,2023-06-13T17:56:37.827255+00:00
CUR_HI046,Curitiba,4106902,1,,615,,,-25.476255,-49.292335,,False,1,1,2023-06-13T17:56:37.827255+00:00
CUR_BL311,Curitiba,4106902,0,URBS,700,https://moovitapp.com/index/pt-br/transporte_p%C3%BAblico-line-700_PINHEIRINHO_CABRAL-Curitiba-942-9628-757429-0,-1.0,-25.49225,-49.291351,,False,3,1,2023-06-13T17:57:37.827255+00:00
CUR_HL317,Curitiba,4106902,0,URBS,700,https://moovitapp.com/index/pt-br/transporte_p%C3%BAblico-line-700_PINHEIRINHO_CABRAL-Curitiba-942-9628-757429-0,-1.0,-25.429161,-49.264036,,False,3,2,2023-06-13T17:57:37.827255+00:00
CUR_BL313,Curitiba,4106902,0,URBS,700,https://moovitapp.com/index/pt-br/transporte_p%C3%BAblico-line-700_PINHEIRINHO_CABRAL-Curitiba-942-9628-757429-0,-1.0,-25.44737,-49.278215,,False,3,1,2023-06-13T17:57:37.827255+00:00
CUR_HL495,Curitiba,4106902,1,URBS,700,https://moovitapp.com/index/pt-br/transporte_p%C3%BAblico-line-700_PINHEIRINHO_CABRAL-Curitiba-942-9628-757429-0,-1.0,-25.43008,-49.263955,,False,3,1,2023-06-13T17:56:37.827255+00:00
CUR_BL314,Curitiba,4106902,0,URBS,700,https://moovitapp.com/index/pt-br/transporte_p%C3%BAblico-line-700_PINHEIRINHO_CABRAL-Curitiba-942-9628-757429-0,-1.0,-25.475258,-49.295783,,False,3,2,2023-06-13T17:50:37.827255+00:00
CUR_KE708,Curitiba,4106902,0,URBS,502,https://moovitapp.com/index/pt-br/transporte_p%C3%BAblico-line-502_CIRCULAR_SUL_HOR%C3%81RIO-Curitiba-942-9628-294482-0,-1.0,-25.516686,-49.229831,,False,5,,2023-06-13T17:57:37.827255+00:00
CUR_HE615,Curitiba,4106902,0,URBS,502,https://moovitapp.com/index/pt-br/transporte_p%C3%BAblico-line-502_CIRCULAR_SUL_HOR%C3%81RIO-Curitiba-942-9628-294482-0,-1.0,-25.536741,-49.278273,,False,4,,2023-06-13T17:57:37.827255+00:00
CUR_GE612,Curitiba,4106902,0,URBS,502,https://moovitapp.com/index/pt-br/transporte_p%C3%BAblico-line-502_CIRCULAR_SUL_HOR%C3%81RIO-Curitiba-942-9628-294482-0,-1.0,-25.481863,-49.292736,,False,4,,2023-06-13T17:57:37.827255+00:00
CUR_HE601,Curitiba,4106902,0,URBS,502,https://moovitapp.com/index/pt-br/transporte_p%C3%BAblico-line-502_CIRCULAR_SUL_HOR%C3%81RIO-Curitiba-942-9628-294482-0,-1.0,-25.510255,-49.29577,,False,4,,2023-06-13T17:57:37.827255+00:00
CUR_GE603,Curitiba,4106902,0,URBS,502,https://moovitapp.com/index/pt-br/transporte_p%C3%BAblico-line-502_CIRCULAR_SUL_HOR%C3%81RIO-Curitiba-942-9628-294482-0,-1.0,-25.531241,-49.255825,,False,4,,2023-06-13T17:57:37.827255+00:00
CUR_HE614,Curitiba,4106902,0,URBS,502,https://moovitapp.com/index/pt-br/transporte_p%C3%BAblico-line-502_CIRCULAR_SUL_HOR%C3%81RIO-Curitiba-942-9628-294482-0,-1.0,-25.481901,-49.24709,,False,4,,2023-06-13T17:56:37.827255+00:00
CUR_HE609,Curitiba,4106902,0,URBS,502,https://moovitapp.com/index/pt-br/transporte_p%C3%BAblico-line-502_CIRCULAR_SUL_HOR%C3%81RIO-Curitiba-942-9628-294482-0,-1.0,-25.477231,-49.283051,,False,4,,2023-06-13T17:57:37.827255+00:00
CUR_GI051,Curitiba,4106902,1,,542,,,-25.534963,-49.270948,,False,1,,2023-06-13T17:57:37.827255+00:00
CUR_GI032,Curitiba,4106902,1,,542,,,-25.544968,-49.267518,,False,1,,2023-06-13T17:57:37.827255+00:00
CUR_GC016,Curitiba,4106902,1,,631,,,-25.520821,-49.290081,,False,1,,2023-06-13T17:57:37.827255+00:00
CUR_HA019,Curitiba,4106902,1,,773,,,-25.511528,-49.32433,,False,1,1,2023-06-13T17:57:37.827255+00:00
CUR_HA611,Curitiba,4106902,1,,773,,,-25.539085,-49.307485,,False,4,1,2023-06-13T17:56:37.827255+00:00
CUR_HA190,Curitiba,4106902,1,,652,,,-25.520841,-49.329473,,False,1,1,2023-06-13T17:57:37.827255+00:00
CUR_HI010,Curitiba,4106902,1,,652,,,-25.531725,-49.329038,,False,1,2,2023-06-13T17:56:37.827255+00:00
CUR_DA297,Curitiba,4106902,1,,332,,,-25.46907,-49.203781,,False,1,,2023-06-13T17:57:37.827255+00:00
CUR_DA296,Curitiba,4106902,1,,332,,,-25.467305,-49.19799,,False,1,,2023-06-13T17:57:37.827255+00:00
CUR_BA030,Curitiba,4106902,1,,226,,,-25.3783,-49.24191,,False,1,2,2023-06-13T17:57:37.827255+00:00
CUR_HL329,Curitiba,4106902,1,URBS,607,https://moovitapp.com/index/pt-br/transporte_p%C3%BAblico-line-607_COLOMBO_CIC-Curitiba-942-9628-294348-0,-1.0,-25.42929,-49.271731,,False,3,2,2023-06-13T17:57:37.827255+00:00
CUR_HL325,Curitiba,4106902,0,URBS,607,https://moovitapp.com/index/pt-br/transporte_p%C3%BAblico-line-607_COLOMBO_CIC-Curitiba-942-9628-294348-0,-1.0,-25.452815,-49.265778,,False,3,2,2023-06-13T17:56:37.827255+00:00
CUR_HL331,Curitiba,4106902,1,URBS,607,https://moovitapp.com/index/pt-br/transporte_p%C3%BAblico-line-607_COLOMBO_CIC-Curitiba-942-9628-294348-0,-1.0,-25.40702,-49.255593,,False,3,1,2023-06-13T17:57:37.827255+00:00
CUR_HL301,Curitiba,4106902,0,URBS,607,https://moovitapp.com/index/pt-br/transporte_p%C3%BAblico-line-607_COLOMBO_CIC-Curitiba-942-9628-294348-0,-1.0,-25.508966,-49.322608,,False,3,2,2023-06-13T17:56:37.827255+00:00
CUR_HL316,Curitiba,4106902,0,URBS,607,https://moovitapp.com/index/pt-br/transporte_p%C3%BAblico-line-607_COLOMBO_CIC-Curitiba-942-9628-294348-0,-1.0,-25.378641,-49.22683,,False,3,2,2023-06-13T17:57:37.827255+00:00
CUR_JC305,Curitiba,4106902,1,,703,,,-25.477836,-49.325401,,False,3,2,2023-06-13T17:57:37.827255+00:00
CUR_JI603,Curitiba,4106902,1,,703,,,-25.447945,-49.284625,,False,4,2,2023-06-13T17:57:37.827255+00:00
CUR_JC315,Curitiba,4106902,1,,703,,,-25.43602,-49.27469,,False,3,1,2023-06-13T17:57:37.827255+00:00
CUR_JC308,Curitiba,4106902,1,,703,,,-25.466048,-49.31418,,False,3,1,2023-06-13T17:57:37.827255+00:00
CUR_JA699,Curitiba,4106902,1,,703,,,-25.483766,-49.349945,,False,4,2,2023-06-13T17:57:37.827255+00:00
CUR_HE724,Curitiba,4106902,0,URBS,603,https://moovitapp.com/index/pt-br/transporte_p%C3%BAblico-line-603_PINHEIRINHO_RUI_BARBOSA-Curitiba-942-9628-484781-0,-1.0,-25.438445,-49.272708,,False,5,2,2023-06-13T17:57:37.827255+00:00
CUR_HE723,Curitiba,4106902,0,URBS,603,https://moovitapp.com/index/pt-br/transporte_p%C3%BAblico-line-603_PINHEIRINHO_RUI_BARBOSA-Curitiba-942-9628-484781-0,-1.0,-25.512431,-49.295605,,False,5,1,2023-06-13T17:56:37.827255+00:00
CUR_HE728,Curitiba,4106902,0,URBS,603,https://moovitapp.com/index/pt-br/transporte_p%C3%BAblico-line-603_PINHEIRINHO_RUI_BARBOSA-Curitiba-942-9628-484781-0,-1.0,-25.441131,-49.275666,,False,5,1,2023-06-13T17:56:37.827255+00:00
CUR_HE721,Curitiba,4106902,0,URBS,603,https://moovitapp.com/index/pt-br/transporte_p%C3%BAblico-line-603_PINHEIRINHO_RUI_BARBOSA-Curitiba-942-9628-484781-0,-1.0,-25.460926,-49.289788,,False,5,2,2023-06-13T17:57:37.827255+00:00
CUR_HE717,Curitiba,4106902,0,URBS,603,https://moovitapp.com/index/pt-br/transporte_p%C3%BAblico-line-603_PINHEIRINHO_RUI_BARBOSA-Curitiba-942-9628-484781-0,-1.0,-25.451463,-49.287911,,False,5,1,2023-06-13T17:57:37.827255+00:00
CUR_HE731,Curitiba,4106902,0,URBS,603,https://moovitapp.com/index/pt-br/transporte_p%C3%BAblico-line-603_PINHEIRINHO_RUI_BARBOSA-Curitiba-942-9628-484781-0,-1.0,-25.494363,-49.295326,,False,5,2,2023-06-13T17:57:37.827255+00:00
CUR_HE727,Curitiba,4106902,0,URBS,603,https://moovitapp.com/index/pt-br/transporte_p%C3%BAblico-line-603_PINHEIRINHO_RUI_BARBOSA-Curitiba-942-9628-484781-0,-1.0,-25.473533,-49.294253,,False,5,2,2023-06-13T17:56:37.827255+00:00
CUR_HE726,Curitiba,4106902,0,URBS,603,https://moovitapp.com/index/pt-br/transporte_p%C3%BAblico-line-603_PINHEIRINHO_RUI_BARBOSA-Curitiba-942-9628-484781-0,-1.0,-25.443413,-49.281875,,False,5,2,2023-06-13T17:55:37.827255+00:00
CUR_HE709,Curitiba,4106902,0,URBS,603,https://moovitapp.com/index/pt-br/transporte_p%C3%BAblico-line-603_PINHEIRINHO_RUI_BARBOSA-Curitiba-942-9628-484781-0,-1.0,-25.490745,-49.29387,,False,5,1,2023-06-13T17:57:37.827255+00:00
CUR_HD246,Curitiba,4106902,0,URBS,603,https://moovitapp.com/index/pt-br/transporte_p%C3%BAblico-line-603_PINHEIRINHO_RUI_BARBOSA-Curitiba-942-9628-484781-0,-1.0,-25.539123,-49.30832,,False,5,1,2023-06-13T17:56:37.827255+00:00
CUR_HD242,Curitiba,4106902,0,URBS,603,https://moovitapp.com/index/pt-br/transporte_p%C3%BAblico-line-603_PINHEIRINHO_RUI_BARBOSA-Curitiba-942-9628-484781-0,-1.0,-25.539726,-49.308098,,False,5,1,2023-06-13T17:57:37.827255+00:00
CUR_HE707,Curitiba,4106902,0,URBS,603,https://moovitapp.com/index/pt-br/transporte_p%C3%BAblico-line-603_PINHEIRINHO_RUI_BARBOSA-Curitiba-942-9628-484781-0,-1.0,-25.474436,-49.293481,,False,5,1,2023-06-13T17:57:37.827255+00:00
CUR_DE711,Curitiba,4106902,0,URBS,303,https://moovitapp.com/index/pt-br/transporte_p%C3%BAblico-line-303_CENTEN%C3%81RIO_CAMPO_COMPRIDO-Curitiba-942-9628-531689-0,-1.0,-25.43765,-49.323511,,False,5,1,2023-06-13T17:57:37.827255+00:00
CUR_DE700,Curitiba,4106902,0,URBS,303,https://moovitapp.com/index/pt-br/transporte_p%C3%BAblico-line-303_CENTEN%C3%81RIO_CAMPO_COMPRIDO-Curitiba-942-9628-531689-0,-1.0,-25.436001,-49.274838,,False,5,2,2023-06-13T17:57:37.827255+00:00
CUR_JE700,Curitiba,4106902,0,URBS,303,https://moovitapp.com/index/pt-br/transporte_p%C3%BAblico-line-303_CENTEN%C3%81RIO_CAMPO_COMPRIDO-Curitiba-942-9628-531689-0,-1.0,-25.462245,-49.211116,,False,5,1,2023-06-13T17:57:37.827255+00:00
CUR_JE701,Curitiba,4106902,0,URBS,303,https://moovitapp.com/index/pt-br/transporte_p%C3%BAblico-line-303_CENTEN%C3%81RIO_CAMPO_COMPRIDO-Curitiba-942-9628-531689-0,-1.0,-25.435635,-49.250501,,False,5,2,2023-06-13T17:57:37.827255+00:00
CUR_DE704,Curitiba,4106902,0,URBS,303,https://moovitapp.com/index/pt-br/transporte_p%C3%BAblico-line-303_CENTEN%C3%81RIO_CAMPO_COMPRIDO-Curitiba-942-9628-531689-0,-1.0,-25.436095,-49.274651,,False,5,1,2023-06-13T17:56:37.827255+00:00
CUR_DE706,Curitiba,4106902,0,URBS,303,https://moovitapp.com/index/pt-br/transporte_p%C3%BAblico-line-303_CENTEN%C3%81RIO_CAMPO_COMPRIDO-Curitiba-942-9628-531689-0,-1.0,-25.435541,-49.252448,,False,5,1,2023-06-13T17:55:37.827255+00:00
CUR_JE709,Curitiba,4106902,0,URBS,303,https://moovitapp.com/index/pt-br/transporte_p%C3%BAblico-line-303_CENTEN%C3%81RIO_CAMPO_COMPRIDO-Curitiba-942-9628-531689-0,-1.0,-25.435801,-49.306843,,False,5,2,2023-06-13T17:57:37.827255+00:00
CUR_DE703,Curitiba,4106902,0,URBS,303,https://moovitapp.com/index/pt-br/transporte_p%C3%BAblico-line-303_CENTEN%C3%81RIO_CAMPO_COMPRIDO-Curitiba-942-9628-531689-0,-1.0,-25.468676,-49.2087,,False,5,1,2023-06-13T17:57:37.827255+00:00
CUR_DE722,Curitiba,4106902,0,URBS,303,https://moovitapp.com/index/pt-br/transporte_p%C3%BAblico-line-303_CENTEN%C3%81RIO_CAMPO_COMPRIDO-Curitiba-942-9628-531689-0,-1.0,-25.46786,-49.2552,,False,5,1,2023-06-13T17:57:37.827255+00:00
CUR_JE704,Curitiba,4106902,0,URBS,303,https://moovitapp.com/index/pt-br/transporte_p%C3%BAblico-line-303_CENTEN%C3%81RIO_CAMPO_COMPRIDO-Curitiba-942-9628-531689-0,-1.0,-25.439295,-49.317571,,False,5,2,2023-06-13T17:57:37.827255+00:00
CUR_DE717,Curitiba,4106902,0,URBS,303,https://moovitapp.com/index/pt-br/transporte_p%C3%BAblico-line-303_CENTEN%C3%81RIO_CAMPO_COMPRIDO-Curitiba-942-9628-531689-0,-1.0,-25.443748,-49.215718,,False,5,2,2023-06-13T17:57:37.827255+00:00
CUR_JE849,Curitiba,4106902,0,URBS,303,https://moovitapp.com/index/pt-br/transporte_p%C3%BAblico-line-303_CENTEN%C3%81RIO_CAMPO_COMPRIDO-Curitiba-942-9628-531689-0,-1.0,-25.430495,-49.292918,,False,5,1,2023-06-13T17:57:37.827255+00:00
CUR_JE706,Curitiba,4106902,0,URBS,303,https://moovitapp.com/index/pt-br/transporte_p%C3%BAblico-line-303_CENTEN%C3%81RIO_CAMPO_COMPRIDO-Curitiba-942-9628-531689-0,-1.0,-25.429216,-49.285613,,False,5,1,2023-06-13T17:57:37.827255+00:00
CUR_JE710,Curitiba,4106902,0,URBS,303,https://moovitapp.com/index/pt-br/transporte_p%C3%BAblico-line-303_CENTEN%C3%81RIO_CAMPO_COMPRIDO-Curitiba-942-9628-531689-0,-1.0,-25.439906,-49.237258,,False,5,1,2023-06-13T17:57:37.827255+00:00
CUR_DE701,Curitiba,4106902,0,URBS,303,https://moovitapp.com/index/pt-br/transporte_p%C3%BAblico-line-303_CENTEN%C3%81RIO_CAMPO_COMPRIDO-Curitiba-942-9628-531689-0,-1.0,-25.441701,-49.346923,,False,5,2,2023-06-13T17:57:37.827255+00:00
CUR_DE708,Curitiba,4106902,0,URBS,303,https://moovitapp.com/index/pt-br/transporte_p%C3%BAblico-line-303_CENTEN%C3%81RIO_CAMPO_COMPRIDO-Curitiba-942-9628-531689-0,-1.0,-25.43139,-49.278693,,False,5,2,2023-06-13T17:57:37.827255+00:00
CUR_DE698,Curitiba,4106902,0,URBS,303,https://moovitapp.com/index/pt-br/transporte_p%C3%BAblico-line-303_CENTEN%C3%81RIO_CAMPO_COMPRIDO-Curitiba-942-9628-531689-0,-1.0,-25.459811,-49.212016,,False,4,1,2023-06-13T17:56:37.827255+00:00
CUR_GI854,Curitiba,4106902,1,,662,,,-25.475736,-49.276698,,False,7,1,2023-06-13T17:56:37.827255+00:00
CUR_BI866,Curitiba,4106902,1,Auto Viação São José,212,https://moovitapp.com/index/pt-br/transporte_p%C3%BAblico-line-212_PIT_PRA%C3%87A_DA_JUVENTUDE_SANTA_F%C3%89_CRISTAL-Curitiba-942-857412-73656311-0,-1.0,-25.403545,-49.24535,,False,7,1,2023-06-13T17:57:37.827255+00:00
CUR_JC317,Curitiba,4106902,1,,701,,,-25.467485,-49.30893,,False,3,2,2023-06-13T17:57:37.827255+00:00
CUR_JC313,Curitiba,4106902,1,,701,,,-25.44242,-49.271928,,False,3,2,2023-06-13T17:57:37.827255+00:00
CUR_JC304,Curitiba,4106902,1,,701,,,-25.439961,-49.271891,,False,3,1,2023-06-13T17:57:37.827255+00:00
CUR_JC311,Curitiba,4106902,1,,701,,,-25.466036,-49.309361,,False,3,1,2023-06-13T17:57:37.827255+00:00
CUR_KI601,Curitiba,4106902,1,,629,,,-25.517825,-49.25551,,False,4,1,2023-06-13T17:57:37.827255+00:00
CUR_KI600,Curitiba,4106902,1,,629,,,-25.528946,-49.248503,,False,4,2,2023-06-13T17:57:37.827255+00:00
CUR_KA689,Curitiba,4106902,1,,629,,,-25.492551,-49.291686,,False,4,2,2023-06-13T17:57:37.827255+00:00
CUR_BI873,Curitiba,4106902,1,,184,,,-25.41068,-49.274616,,False,7,1,2023-06-13T17:54:37.827255+00:00
CUR_GI020,Curitiba,4106902,1,,636,,,-25.511815,-49.295525,,False,1,2,2023-06-13T17:57:37.827255+00:00
CUR_CI007,Curitiba,4106902,1,,222,,,-25.393073,-49.241351,,False,1,1,2023-06-13T17:56:37.827255+00:00
CUR_CI006,Curitiba,4106902,1,,222,,,-25.382485,-49.196501,,False,1,1,2023-06-13T17:57:37.827255+00:00
CUR_BI025,Curitiba,4106902,1,,916,,,-25.38211,-49.326891,,False,1,1,2023-06-13T17:57:37.827255+00:00
CUR_KE700,Curitiba,4106902,0,URBS,503,https://moovitapp.com/index/pt-br/transporte_p%C3%BAblico-line-503_BOQUEIR%C3%83O-Curitiba-942-9628-294244-0,-1.0,-25.463471,-49.25621,,False,5,2,2023-06-13T17:57:37.827255+00:00
CUR_KE702,Curitiba,4106902,0,URBS,503,https://moovitapp.com/index/pt-br/transporte_p%C3%BAblico-line-503_BOQUEIR%C3%83O-Curitiba-942-9628-294244-0,-1.0,-25.435158,-49.269946,,False,5,2,2023-06-13T17:56:37.827255+00:00
CUR_KE704,Curitiba,4106902,0,URBS,503,https://moovitapp.com/index/pt-br/transporte_p%C3%BAblico-line-503_BOQUEIR%C3%83O-Curitiba-942-9628-294244-0,-1.0,-25.44731,-49.263943,,False,5,1,2023-06-13T17:57:37.827255+00:00
CUR_KE705,Curitiba,4106902,0,URBS,503,https://moovitapp.com/index/pt-br/transporte_p%C3%BAblico-line-503_BOQUEIR%C3%83O-Curitiba-942-9628-294244-0,-1.0,-25.5027,-49.236963,,False,5,2,2023-06-13T17:57:37.827255+00:00
CUR_GE611,Curitiba,4106902,0,URBS,503,https://moovitapp.com/index/pt-br/transporte_p%C3%BAblico-line-503_BOQUEIR%C3%83O-Curitiba-942-9628-294244-0,-1.0,-25.499521,-49.238515,,False,4,1,2023-06-13T17:57:37.827255+00:00
CUR_JA030,Curitiba,4106902,1,,611,,,-25.477328,-49.327846,,False,1,2,2023-06-13T17:57:37.827255+00:00
CUR_JI011,Curitiba,4106902,1,,611,,,-25.47653,-49.29236,,False,1,1,2023-06-13T17:55:37.827255+00:00
CUR_HI006,Curitiba,4106902,1,,627,,,-25.492658,-49.293161,,False,1,1,2023-06-13T17:56:37.827255+00:00
CUR_HI017,Curitiba,4106902,1,,627,,,-25.529786,-49.335846,,False,1,1,2023-06-13T17:56:37.827255+00:00
CUR_GC004,Curitiba,4106902,1,,552,,,-25.55497,-49.258,,False,1,1,2023-06-13T17:57:37.827255+00:00
CUR_GC015,Curitiba,4106902,1,,552,,,-25.535743,-49.273331,,False,1,1,2023-06-13T17:54:37.827255+00:00
CUR_MN603,Curitiba,4106902,1,,464,,,-25.440208,-49.251303,,False,7,1,2023-06-13T17:57:37.827255+00:00
CUR_MI855,Curitiba,4106902,1,,912,,,-25.392976,-49.352975,,False,7,1,2023-06-13T17:57:37.827255+00:00
CUR_MI851,Curitiba,4106902,1,Auto Viação São José,150,https://moovitapp.com/index/pt-br/transporte_p%C3%BAblico-line-150_T_AFONSO_PENA_PIT_BORDA_DO_CAMPO-Curitiba-942-857412-53904521-0,-1.0,-25.42011,-49.288463,,False,7,1,2023-06-13T17:57:37.827255+00:00
CUR_DC092,Curitiba,4106902,1,,468,,,-25.437405,-49.260078,,False,1,1,2023-06-13T17:57:37.827255+00:00
CUR_DA020,Curitiba,4106902,0,,468,,,-25.47488,-49.22742,,False,1,2,2023-06-13T17:57:37.827255+00:00
CUR_DC088,Curitiba,4106902,1,,462,,,-25.447828,-49.225941,,False,1,1,2023-06-13T17:56:37.827255+00:00
CUR_DC292,Curitiba,4106902,1,,462,,,-25.434845,-49.27193,,False,1,2,2023-06-13T17:57:37.827255+00:00
CUR_EA027,Curitiba,4106902,1,,X06,,,-25.547285,-49.261378,,False,1,2,2023-06-13T17:45:37.827255+00:00
CUR_BI018,Curitiba,4106902,1,,232,,,-25.364901,-49.227703,,False,1,1,2023-06-13T17:57:37.827255+00:00
CUR_BI011,Curitiba,4106902,1,,232,,,-25.364878,-49.227653,,False,1,2,2023-06-13T17:57:37.827255+00:00
CUR_BA026,Curitiba,4106902,1,,232,,,-25.394776,-49.242855,,False,1,1,2023-06-13T17:57:37.827255+00:00
CUR_ML302,Curitiba,4106902,0,URBS,307,https://moovitapp.com/index/pt-br/transporte_p%C3%BAblico-line-307_BAIRRO_ALTO_SANTA_FELICIDADE-Curitiba-942-9628-1323712-0,-1.0,-25.401238,-49.329723,,False,3,2,2023-06-13T17:57:37.827255+00:00
CUR_CL302,Curitiba,4106902,0,URBS,307,https://moovitapp.com/index/pt-br/transporte_p%C3%BAblico-line-307_BAIRRO_ALTO_SANTA_FELICIDADE-Curitiba-942-9628-1323712-0,-1.0,-25.430315,-49.212855,,False,3,2,2023-06-13T17:57:37.827255+00:00
CUR_BL328,Curitiba,4106902,0,URBS,307,https://moovitapp.com/index/pt-br/transporte_p%C3%BAblico-line-307_BAIRRO_ALTO_SANTA_FELICIDADE-Curitiba-942-9628-1323712-0,-1.0,-25.422263,-49.291608,,False,3,1,2023-06-13T17:57:37.827255+00:00
CUR_CL303,Curitiba,4106902,0,URBS,307,https://moovitapp.com/index/pt-br/transporte_p%C3%BAblico-line-307_BAIRRO_ALTO_SANTA_FELICIDADE-Curitiba-942-9628-1323712-0,-1.0,-25.427858,-49.265611,,False,3,2,2023-06-13T17:57:37.827255+00:00
CUR_BL322,Curitiba,4106902,0,URBS,307,https://moovitapp.com/index/pt-br/transporte_p%C3%BAblico-line-307_BAIRRO_ALTO_SANTA_FELICIDADE-Curitiba-942-9628-1323712-0,-1.0,-25.426068,-49.202586,,False,3,1,2023-06-13T17:57:37.827255+00:00
CUR_CL306,Curitiba,4106902,0,URBS,307,https://moovitapp.com/index/pt-br/transporte_p%C3%BAblico-line-307_BAIRRO_ALTO_SANTA_FELICIDADE-Curitiba-942-9628-1323712-0,-1.0,-25.430661,-49.280745,,False,3,2,2023-06-13T17:57:37.827255+00:00
CUR_ML312,Curitiba,4106902,0,URBS,307,https://moovitapp.com/index/pt-br/transporte_p%C3%BAblico-line-307_BAIRRO_ALTO_SANTA_FELICIDADE-Curitiba-942-9628-1323712-0,-1.0,-25.42768,-49.235408,,False,3,1,2023-06-13T17:57:37.827255+00:00
CUR_ML313,Curitiba,4106902,0,URBS,307,https://moovitapp.com/index/pt-br/transporte_p%C3%BAblico-line-307_BAIRRO_ALTO_SANTA_FELICIDADE-Curitiba-942-9628-1323712-0,-1.0,-25.428378,-49.27239,,False,3,1,2023-06-13T17:57:37.827255+00:00
CUR_BI874,Curitiba,4106902,1,,272,,,-25.368605,-49.249781,,False,7,2,2023-06-13T17:56:37.827255+00:00
CUR_BI879,Curitiba,4106902,1,,272,,,-25.42895,-49.270331,,False,7,1,2023-06-13T17:57:37.827255+00:00
CUR_HB608,Curitiba,4106902,1,,060,,,-25.526626,-49.298001,,False,4,2,2023-06-13T17:56:37.827255+00:00
CUR_HB606,Curitiba,4106902,1,,060,,,-25.475,-49.351181,,False,4,2,2023-06-13T17:56:37.827255+00:00
CUR_HB607,Curitiba,4106902,1,,060,,,-25.488056,-49.345588,,False,4,1,2023-06-13T17:57:37.827255+00:00
CUR_HI047,Curitiba,4106902,1,,623,,,-25.49168,-49.298206,,False,1,1,2023-06-13T17:56:37.827255+00:00
CUR_HI018,Curitiba,4106902,1,,623,,,-25.518385,-49.309031,,False,1,2,2023-06-13T17:57:37.827255+00:00
CUR_HI042,Curitiba,4106902,1,,654,,,-25.497321,-49.308346,,False,1,2,2023-06-13T17:57:37.827255+00:00
CUR_HI041,Curitiba,4106902,1,,654,,,-25.49738,-49.313091,,False,1,1,2023-06-13T17:57:37.827255+00:00
CUR_HI850,Curitiba,4106902,1,,265,,,-25.41343,-49.265826,,False,7,1,2023-06-13T17:57:37.827255+00:00
CUR_GI057,Curitiba,4106902,1,,638,,,-25.550981,-49.276796,,False,1,1,2023-06-13T17:57:37.827255+00:00
CUR_GI022,Curitiba,4106902,1,,638,,,-25.518335,-49.295645,,False,1,2,2023-06-13T17:57:37.827255+00:00
CUR_GI048,Curitiba,4106902,1,,640,,,-25.550703,-49.292743,,False,1,1,2023-06-13T17:57:37.827255+00:00
CUR_GI024,Curitiba,4106902,1,,640,,,-25.514748,-49.295731,,False,1,2,2023-06-13T17:57:37.827255+00:00
CUR_GI008,Curitiba,4106902,1,,665,,,-25.4384,-49.272585,,False,1,1,2023-06-13T17:57:37.827255+00:00
CUR_GI855,Curitiba,4106902,1,,665,,,-25.50709,-49.285301,,False,7,2,2023-06-13T17:57:37.827255+00:00
CUR_MI856,Curitiba,4106902,1,,915,,,-25.396381,-49.333551,,False,7,1,2023-06-13T17:57:37.827255+00:00
CUR_GI056,Curitiba,4106902,1,,683,,,-25.537743,-49.27236,,False,1,1,2023-06-13T17:57:37.827255+00:00
CUR_EL308,Curitiba,4106902,0,URBS,506,https://moovitapp.com/index/pt-br/transporte_p%C3%BAblico-line-506_BAIRRO_NOVO-Curitiba-942-9628-294299-0,-1.0,-25.455481,-49.267518,,False,3,1,2023-06-13T17:57:37.827255+00:00
CUR_GL302,Curitiba,4106902,0,URBS,506,https://moovitapp.com/index/pt-br/transporte_p%C3%BAblico-line-506_BAIRRO_NOVO-Curitiba-942-9628-294299-0,-1.0,-25.506283,-49.283006,,False,3,1,2023-06-13T17:57:37.827255+00:00
CUR_EL318,Curitiba,4106902,1,URBS,506,https://moovitapp.com/index/pt-br/transporte_p%C3%BAblico-line-506_BAIRRO_NOVO-Curitiba-942-9628-294299-0,-1.0,-25.536765,-49.272846,,False,3,1,2023-06-13T17:57:37.827255+00:00
CUR_EL328,Curitiba,4106902,1,URBS,506,https://moovitapp.com/index/pt-br/transporte_p%C3%BAblico-line-506_BAIRRO_NOVO-Curitiba-942-9628-294299-0,-1.0,-25.536305,-49.272981,,False,3,2,2023-06-13T17:56:37.827255+00:00
CUR_EL327,Curitiba,4106902,1,URBS,506,https://moovitapp.com/index/pt-br/transporte_p%C3%BAblico-line-506_BAIRRO_NOVO-Curitiba-942-9628-294299-0,-1.0,-25.461793,-49.266651,,False,3,2,2023-06-13T17:57:37.827255+00:00
CUR_GL301,Curitiba,4106902,0,URBS,506,https://moovitapp.com/index/pt-br/transporte_p%C3%BAblico-line-506_BAIRRO_NOVO-Curitiba-942-9628-294299-0,-1.0,-25.474445,-49.260425,,False,3,2,2023-06-13T17:54:37.827255+00:00
CUR_HI048,Curitiba,4106902,1,,622,,,-25.492588,-49.293646,,False,1,1,2023-06-13T17:56:37.827255+00:00
CUR_GI007,Curitiba,4106902,1,,547,,,-25.536468,-49.255365,,False,1,1,2023-06-13T17:57:37.827255+00:00
CUR_DC294,Curitiba,4106902,1,,334,,,-25.467745,-49.198963,,False,1,,2023-06-13T17:57:37.827255+00:00
CUR_HB610,Curitiba,4106902,1,,040,,,-25.456571,-49.347536,,False,4,2,2023-06-13T17:57:37.827255+00:00
CUR_GB610,Curitiba,4106902,1,,040,,,-25.477955,-49.325865,,False,4,2,2023-06-13T17:55:37.827255+00:00
CUR_HB609,Curitiba,4106902,1,,040,,,-25.477175,-49.327536,,False,4,1,2023-06-13T17:57:37.827255+00:00
CUR_GR124,Curitiba,4106902,1,,040,,,-25.439776,-49.346226,,False,4,2,2023-06-13T17:57:37.827255+00:00
CUR_JB609,Curitiba,4106902,1,,040,,,-25.44613,-49.347495,,False,4,1,2023-06-13T17:57:37.827255+00:00
CUR_HB602,Curitiba,4106902,1,,040,,,-25.51184,-49.324333,,False,4,2,2023-06-13T17:57:37.827255+00:00
CUR_JB607,Curitiba,4106902,1,,040,,,-25.4197,-49.348438,,False,4,1,2023-06-13T17:57:37.827255+00:00
CUR_MB698,Curitiba,4106902,1,,040,,,-25.512721,-49.330363,,False,4,1,2023-06-13T17:57:37.827255+00:00
CUR_HB605,Curitiba,4106902,1,,040,,,-25.513723,-49.304366,,False,4,1,2023-06-13T17:57:37.827255+00:00
CUR_JB610,Curitiba,4106902,1,,040,,,-25.400553,-49.330665,,False,4,2,2023-06-13T17:57:37.827255+00:00
CUR_HA614,Curitiba,4106902,1,,772,,,-25.518806,-49.29563,,False,4,2,2023-06-13T17:57:37.827255+00:00
CUR_HI002,Curitiba,4106902,1,,772,,,-25.622153,-49.374618,,False,1,2,2023-06-13T17:53:37.827255+00:00
CUR_BI030,Curitiba,4106902,1,,812,,,-25.431438,-49.315643,,False,1,1,2023-06-13T17:56:37.827255+00:00
CUR_BI026,Curitiba,4106902,1,,812,,,-25.409135,-49.360776,,False,1,2,2023-06-13T17:56:37.827255+00:00
CUR_BC300,Curitiba,4106902,1,,170,,,-25.406116,-49.282765,,False,3,2,2023-06-13T17:57:37.827255+00:00
CUR_BC015,Curitiba,4106902,1,,170,,,-25.385856,-49.283596,,False,1,1,2023-06-13T17:56:37.827255+00:00
CUR_BI901,Curitiba,4106902,1,,169,,,-25.39168,-49.294405,,False,7,2,2023-06-13T17:55:37.827255+00:00
CUR_BI855,Curitiba,4106902,1,,169,,,-25.427535,-49.270875,,False,7,1,2023-06-13T17:55:37.827255+00:00
CUR_DN603,Curitiba,4106902,1,,463,,,-25.43296,-49.270131,,False,7,1,2023-06-13T17:57:37.827255+00:00
CUR_DN602,Curitiba,4106902,1,,463,,,-25.46565,-49.216095,,False,7,2,2023-06-13T17:57:37.827255+00:00
CUR_BA014,Curitiba,4106902,1,,171,,,-25.425218,-49.273986,,False,1,1,2023-06-13T17:57:37.827255+00:00
CUR_BA031,Curitiba,4106902,1,,373,,,-25.412928,-49.205365,,False,1,2,2023-06-13T17:57:37.827255+00:00
CUR_BC927,Curitiba,4106902,1,Auto Viação São José,213,https://moovitapp.com/index/pt-br/transporte_p%C3%BAblico-line-213_PIT_PRA%C3%87A_DA_JUVENTUDE_CRISTAL_BLANCO_POMBO_HOR%C3%81RIO-Curitiba-942-857412-119631272-0,-1.0,-25.438415,-49.289911,,False,7,1,2023-06-13T17:57:37.827255+00:00
CUR_DA293,Curitiba,4106902,1,,338,,,-25.475758,-49.20169,,False,1,1,2023-06-13T17:56:37.827255+00:00
CUR_DA013,Curitiba,4106902,1,,338,,,-25.472975,-49.23475,,False,1,1,2023-06-13T17:57:37.827255+00:00
CUR_DC084,Curitiba,4106902,0,,338,,,-25.47263,-49.235518,,False,1,2,2023-06-13T17:57:37.827255+00:00
CUR_DA029,Curitiba,4106902,1,,338,,,-25.486305,-49.205938,,False,1,2,2023-06-13T17:57:37.827255+00:00
CUR_DA022,Curitiba,4106902,0,,338,,,-25.481486,-49.20454,,False,1,1,2023-06-13T17:57:37.827255+00:00
CUR_DA292,Curitiba,4106902,1,,513,,,-25.501805,-49.256361,,False,1,1,2023-06-13T17:57:37.827255+00:00
CUR_DA033,Curitiba,4106902,1,,513,,,-25.496941,-49.258653,,False,1,2,2023-06-13T17:57:37.827255+00:00
CUR_BC311,Curitiba,4106902,1,,207,,,-25.409111,-49.271525,,False,3,2,2023-06-13T17:56:37.827255+00:00
CUR_BA034,Curitiba,4106902,1,,207,,,-25.432525,-49.276501,,False,1,1,2023-06-13T17:57:37.827255+00:00
CUR_BC013,Curitiba,4106902,1,,207,,,-25.403308,-49.271296,,False,1,1,2023-06-13T17:56:37.827255+00:00
CUR_BA002,Curitiba,4106902,1,,243,,,-25.351011,-49.271071,,False,1,1,2023-06-13T17:56:37.827255+00:00
CUR_BL604,Curitiba,4106902,0,URBS,022,https://moovitapp.com/index/pt-br/transporte_p%C3%BAblico-line-022_INTER_2_HOR%C3%81RIO-Curitiba-942-9628-381388-0,-1.0,-25.412973,-49.265726,,False,4,,2023-06-13T17:57:37.827255+00:00
CUR_BL602,Curitiba,4106902,0,URBS,022,https://moovitapp.com/index/pt-br/transporte_p%C3%BAblico-line-022_INTER_2_HOR%C3%81RIO-Curitiba-942-9628-381388-0,-1.0,-25.432511,-49.211658,,False,4,,2023-06-13T17:57:37.827255+00:00
CUR_BL607,Curitiba,4106902,0,URBS,022,https://moovitapp.com/index/pt-br/transporte_p%C3%BAblico-line-022_INTER_2_HOR%C3%81RIO-Curitiba-942-9628-381388-0,-1.0,-25.435878,-49.30644,,False,4,,2023-06-13T17:57:37.827255+00:00
CUR_BL600,Curitiba,4106902,0,URBS,022,https://moovitapp.com/index/pt-br/transporte_p%C3%BAblico-line-022_INTER_2_HOR%C3%81RIO-Curitiba-942-9628-381388-0,-1.0,-25.434545,-49.21744,,False,4,,2023-06-13T17:57:37.827255+00:00
CUR_CL698,Curitiba,4106902,0,URBS,022,https://moovitapp.com/index/pt-br/transporte_p%C3%BAblico-line-022_INTER_2_HOR%C3%81RIO-Curitiba-942-9628-381388-0,-1.0,-25.41751,-49.247093,,False,4,,2023-06-13T17:57:37.827255+00:00
CUR_HL494,Curitiba,4106902,1,URBS,022,https://moovitapp.com/index/pt-br/transporte_p%C3%BAblico-line-022_INTER_2_HOR%C3%81RIO-Curitiba-942-9628-381388-0,-1.0,-25.495506,-49.267968,,False,3,,2023-06-13T17:54:37.827255+00:00
CUR_BL601,Curitiba,4106902,0,URBS,022,https://moovitapp.com/index/pt-br/transporte_p%C3%BAblico-line-022_INTER_2_HOR%C3%81RIO-Curitiba-942-9628-381388-0,-1.0,-25.414383,-49.288556,,False,4,,2023-06-13T17:57:37.827255+00:00
CUR_CR804,Curitiba,4106902,0,URBS,022,https://moovitapp.com/index/pt-br/transporte_p%C3%BAblico-line-022_INTER_2_HOR%C3%81RIO-Curitiba-942-9628-381388-0,-1.0,-25.479226,-49.246573,,False,4,,2023-06-13T17:57:37.827255+00:00
CUR_BL335,Curitiba,4106902,0,URBS,022,https://moovitapp.com/index/pt-br/transporte_p%C3%BAblico-line-022_INTER_2_HOR%C3%81RIO-Curitiba-942-9628-381388-0,-1.0,-25.483936,-49.293548,,False,3,,2023-06-13T17:57:37.827255+00:00
CUR_CL038,Curitiba,4106902,0,URBS,022,https://moovitapp.com/index/pt-br/transporte_p%C3%BAblico-line-022_INTER_2_HOR%C3%81RIO-Curitiba-942-9628-381388-0,-1.0,-25.458035,-49.302506,,False,3,,2023-06-13T17:57:37.827255+00:00
CUR_EA008,Curitiba,4106902,1,,657,,,-25.507501,-49.272993,,False,1,2,2023-06-13T17:57:37.827255+00:00
CUR_EI017,Curitiba,4106902,1,,475,,,-25.4962,-49.223175,,False,1,1,2023-06-13T17:57:37.827255+00:00
CUR_EA015,Curitiba,4106902,1,,475,,,-25.441648,-49.26868,,False,1,2,2023-06-13T17:57:37.827255+00:00
CUR_BI022,Curitiba,4106902,1,,225,,,-25.393706,-49.240998,,False,1,1,2023-06-13T17:57:37.827255+00:00
CUR_BC019,Curitiba,4106902,1,,870,,,-25.431418,-49.315586,,False,1,1,2023-06-13T17:57:37.827255+00:00
CUR_BC008,Curitiba,4106902,1,,870,,,-25.424865,-49.352508,,False,1,2,2023-06-13T17:57:37.827255+00:00
CUR_BA010,Curitiba,4106902,1,,870,,,-25.429831,-49.272736,,False,1,1,2023-06-13T17:54:37.827255+00:00
CUR_BI871,Curitiba,4106902,1,,280,,,-25.40983,-49.254143,,False,7,2,2023-06-13T17:55:37.827255+00:00
CUR_BI878,Curitiba,4106902,1,,280,,,-25.397663,-49.250871,,False,7,1,2023-06-13T17:56:37.827255+00:00
CUR_BI005,Curitiba,4106902,1,,374,,,-25.427878,-49.263183,,False,1,1,2023-06-13T17:57:37.827255+00:00
CUR_BI009,Curitiba,4106902,1,,374,,,-25.410128,-49.216325,,False,1,2,2023-06-13T17:54:37.827255+00:00
CUR_GI041,Curitiba,4106902,1,,633,,,-25.524466,-49.292688,,False,1,1,2023-06-13T17:57:37.827255+00:00
CUR_GI039,Curitiba,4106902,1,,633,,,-25.52824,-49.273668,,False,1,2,2023-06-13T17:57:37.827255+00:00
CUR_EA021,Curitiba,4106902,1,,521,,,-25.51101,-49.245363,,False,1,1,2023-06-13T17:57:37.827255+00:00
CUR_EA019,Curitiba,4106902,1,,471,,,-25.493333,-49.223045,,False,1,1,2023-06-13T17:57:37.827255+00:00
CUR_BB614,Curitiba,4106902,1,,021,,,-25.405573,-49.291155,,False,4,,2023-06-13T17:57:37.827255+00:00
CUR_EB605,Curitiba,4106902,1,,021,,,-25.439876,-49.221931,,False,4,,2023-06-13T17:57:37.827255+00:00
CUR_EB600,Curitiba,4106902,1,,021,,,-25.48394,-49.254596,,False,4,,2023-06-13T17:56:37.827255+00:00
CUR_GR125,Curitiba,4106902,1,,021,,,-25.439176,-49.310286,,False,4,,2023-06-13T17:57:37.827255+00:00
CUR_CB604,Curitiba,4106902,1,,021,,,-25.406946,-49.252673,,False,4,,2023-06-13T17:57:37.827255+00:00
CUR_BB611,Curitiba,4106902,1,,021,,,-25.49241,-49.293288,,False,4,,2023-06-13T17:57:37.827255+00:00
CUR_BI013,Curitiba,4106902,1,,342,,,-25.391176,-49.224383,,False,1,2,2023-06-13T17:57:37.827255+00:00
CUR_BI012,Curitiba,4106902,1,,342,,,-25.396658,-49.232896,,False,1,1,2023-06-13T17:56:37.827255+00:00
CUR_BC007,Curitiba,4106902,1,,168,,,-25.428371,-49.272698,,False,1,1,2023-06-13T17:57:37.827255+00:00
CUR_BC006,Curitiba,4106902,1,,168,,,-25.357353,-49.333036,,False,1,2,2023-06-13T17:54:37.827255+00:00
CUR_JI864,Curitiba,4106902,1,,760,,,-25.453363,-49.299258,,False,7,2,2023-06-13T17:57:37.827255+00:00
CUR_HI025,Curitiba,4106902,1,,655,,,-25.55555,-49.335931,,False,1,1,2023-06-13T17:57:37.827255+00:00
CUR_HI005,Curitiba,4106902,1,,655,,,-25.522835,-49.292745,,False,1,1,2023-06-13T17:56:37.827255+00:00
CUR_JA028,Curitiba,4106902,1,,658,,,-25.486273,-49.347271,,False,1,1,2023-06-13T17:57:37.827255+00:00
CUR_HI007,Curitiba,4106902,1,,658,,,-25.494426,-49.335448,,False,1,1,2023-06-13T17:56:37.827255+00:00
CUR_JI022,Curitiba,4106902,1,,658,,,-25.496496,-49.35143,,False,1,2,2023-06-13T17:57:37.827255+00:00
CUR_HA195,Curitiba,4106902,1,,658,,,-25.539065,-49.307835,,False,1,1,2023-06-13T17:57:37.827255+00:00
CUR_HA014,Curitiba,4106902,1,,658,,,-25.494246,-49.298228,,False,1,2,2023-06-13T17:57:37.827255+00:00
CUR_BB600,Curitiba,4106902,1,,020,,,-25.445256,-49.223505,,False,4,,2023-06-13T17:57:37.827255+00:00
CUR_BB615,Curitiba,4106902,1,,020,,,-25.414393,-49.289716,,False,4,,2023-06-13T17:57:37.827255+00:00
CUR_HB611,Curitiba,4106902,1,,020,,,-25.485098,-49.252215,,False,4,,2023-06-13T17:56:37.827255+00:00
CUR_CB603,Curitiba,4106902,1,,020,,,-25.426168,-49.242491,,False,4,,2023-06-13T17:57:37.827255+00:00
CUR_EB603,Curitiba,4106902,1,,020,,,-25.452753,-49.304263,,False,4,,2023-06-13T17:57:37.827255+00:00
CUR_KB602,Curitiba,4106902,1,,020,,,-25.397186,-49.251203,,False,4,,2023-06-13T17:57:37.827255+00:00
CUR_GI040,Curitiba,4106902,1,,541,,,-25.54178,-49.264631,,False,1,1,2023-06-13T17:57:37.827255+00:00
CUR_GI016,Curitiba,4106902,1,,541,,,-25.544001,-49.260756,,False,1,2,2023-06-13T17:57:37.827255+00:00
CUR_GI033,Curitiba,4106902,1,,643,,,-25.524753,-49.29249,,False,1,1,2023-06-13T17:57:37.827255+00:00
CUR_GI037,Curitiba,4106902,1,,643,,,-25.573828,-49.278005,,False,1,2,2023-06-13T17:56:37.827255+00:00
CUR_GA003,Curitiba,4106902,1,,635,,,-25.528493,-49.291293,,False,1,2,2023-06-13T17:57:37.827255+00:00
CUR_GI052,Curitiba,4106902,1,,534,,,-25.520693,-49.236733,,False,1,2,2023-06-13T17:57:37.827255+00:00
CUR_GI025,Curitiba,4106902,1,,534,,,-25.534618,-49.269546,,False,1,1,2023-06-13T17:57:37.827255+00:00
CUR_GE601,Curitiba,4106902,0,URBS,602,https://moovitapp.com/index/pt-br/transporte_p%C3%BAblico-line-602_CIRCULAR_SUL_ANTI_HOR%C3%81RIO-Curitiba-942-9628-294517-0,-1.0,-25.532501,-49.261673,,False,4,,2023-06-13T17:57:37.827255+00:00
CUR_GE604,Curitiba,4106902,0,URBS,602,https://moovitapp.com/index/pt-br/transporte_p%C3%BAblico-line-602_CIRCULAR_SUL_ANTI_HOR%C3%81RIO-Curitiba-942-9628-294517-0,-1.0,-25.476506,-49.29265,,False,4,,2023-06-13T17:57:37.827255+00:00
CUR_HE606,Curitiba,4106902,0,URBS,602,https://moovitapp.com/index/pt-br/transporte_p%C3%BAblico-line-602_CIRCULAR_SUL_ANTI_HOR%C3%81RIO-Curitiba-942-9628-294517-0,-1.0,-25.47048,-49.256606,,False,4,,2023-06-13T17:57:37.827255+00:00
CUR_HE607,Curitiba,4106902,0,URBS,602,https://moovitapp.com/index/pt-br/transporte_p%C3%BAblico-line-602_CIRCULAR_SUL_ANTI_HOR%C3%81RIO-Curitiba-942-9628-294517-0,-1.0,-25.487075,-49.244556,,False,4,,2023-06-13T17:56:37.827255+00:00
CUR_HE608,Curitiba,4106902,0,URBS,602,https://moovitapp.com/index/pt-br/transporte_p%C3%BAblico-line-602_CIRCULAR_SUL_ANTI_HOR%C3%81RIO-Curitiba-942-9628-294517-0,-1.0,-25.516345,-49.230103,,False,4,,2023-06-13T17:56:37.827255+00:00
CUR_HE603,Curitiba,4106902,0,URBS,602,https://moovitapp.com/index/pt-br/transporte_p%C3%BAblico-line-602_CIRCULAR_SUL_ANTI_HOR%C3%81RIO-Curitiba-942-9628-294517-0,-1.0,-25.534676,-49.282688,,False,4,,2023-06-13T17:56:37.827255+00:00
CUR_HE611,Curitiba,4106902,0,URBS,602,https://moovitapp.com/index/pt-br/transporte_p%C3%BAblico-line-602_CIRCULAR_SUL_ANTI_HOR%C3%81RIO-Curitiba-942-9628-294517-0,-1.0,-25.49571,-49.295701,,False,4,,2023-06-13T17:57:37.827255+00:00
CUR_GI852,Curitiba,4106902,1,,616,,,-25.472063,-49.278143,,False,7,1,2023-06-13T17:57:37.827255+00:00
CUR_GI851,Curitiba,4106902,1,,616,,,-25.48019,-49.291103,,False,7,1,2023-06-13T17:57:37.827255+00:00
CUR_GI034,Curitiba,4106902,1,,625,,,-25.507853,-49.280608,,False,1,1,2023-06-13T17:57:37.827255+00:00
CUR_GI031,Curitiba,4106902,1,,625,,,-25.515435,-49.275356,,False,1,2,2023-06-13T17:57:37.827255+00:00
CUR_GA181,Curitiba,4106902,1,,625,,,-25.53132,-49.267556,,False,1,1,2023-06-13T17:57:37.827255+00:00
CUR_GI004,Curitiba,4106902,1,,553,,,-25.49148,-49.29295,,False,1,2,2023-06-13T17:52:37.827255+00:00
CUR_DN604,Curitiba,4106902,1,,465,,,-25.438868,-49.260675,,False,7,1,2023-06-13T17:55:37.827255+00:00
CUR_EI015,Curitiba,4106902,1,,X07,,,-25.536398,-49.272985,,False,1,1,2023-06-13T17:57:37.827255+00:00
CUR_EA005,Curitiba,4106902,1,,X07,,,-25.548338,-49.259411,,False,1,2,2023-06-13T17:57:37.827255+00:00
CUR_EI002,Curitiba,4106902,1,,523,,,-25.508558,-49.217746,,False,1,2,2023-06-13T17:57:37.827255+00:00
CUR_EA009,Curitiba,4106902,1,,533,,,-25.53563,-49.23278,,False,1,,2023-06-13T17:54:37.827255+00:00
CUR_EI018,Curitiba,4106902,1,,663,,,-25.489313,-49.280841,,False,1,2,2023-06-13T17:57:37.827255+00:00
CUR_EI020,Curitiba,4106902,1,,663,,,-25.435825,-49.274358,,False,1,1,2023-06-13T17:57:37.827255+00:00
CUR_BC315,Curitiba,4106902,1,,371,,,-25.428433,-49.266791,,False,10,1,2023-06-13T17:56:37.827255+00:00
CUR_BC313,Curitiba,4106902,1,,371,,,-25.413045,-49.2055,,False,10,2,2023-06-13T17:57:37.827255+00:00
CUR_BC314,Curitiba,4106902,1,,372,,,-25.429461,-49.26708,,False,10,1,2023-06-13T17:57:37.827255+00:00
CUR_CI001,Curitiba,4106902,1,,372,,,-25.426065,-49.202496,,False,1,2,2023-06-13T17:56:37.827255+00:00
CUR_BI029,Curitiba,4106902,1,,372,,,-25.430943,-49.265741,,False,1,2,2023-06-13T17:57:37.827255+00:00
CUR_BC320,Curitiba,4106902,1,,372,,,-25.424591,-49.203328,,False,10,1,2023-06-13T17:57:37.827255+00:00
CUR_JA037,Curitiba,4106902,1,,719,,,-25.481888,-49.344428,,False,1,1,2023-06-13T17:56:37.827255+00:00
CUR_JI015,Curitiba,4106902,1,,719,,,-25.483993,-49.350333,,False,1,2,2023-06-13T17:57:37.827255+00:00
CUR_BI856,Curitiba,4106902,1,Auto Viação São José,214,https://moovitapp.com/index/pt-br/transporte_p%C3%BAblico-line-214_PIT_PRA%C3%87A_DA_JUVENTUDE_CRISTAL_BLANCO_POMBO_ANTI_HOR%C3%81RIO-Curitiba-942-857412-119631273-0,-1.0,-25.403433,-49.245198,,False,7,2,2023-06-13T17:57:37.827255+00:00
CUR_CA600,Curitiba,4106902,1,Auto Viação São José,216,https://moovitapp.com/index/pt-br/transporte_p%C3%BAblico-line-216_PIT_PRA%C3%87A_DA_JUVENTUDE_SANTA_F%C3%89_PINDORAMA-Curitiba-942-857412-122004458-0,-1.0,-25.443765,-49.242871,,False,4,1,2023-06-13T17:57:37.827255+00:00
CUR_BA603,Curitiba,4106902,1,Auto Viação São José,216,https://moovitapp.com/index/pt-br/transporte_p%C3%BAblico-line-216_PIT_PRA%C3%87A_DA_JUVENTUDE_SANTA_F%C3%89_PINDORAMA-Curitiba-942-857412-122004458-0,-1.0,-25.439498,-49.238023,,False,4,2,2023-06-13T17:57:37.827255+00:00
CUR_HI609,Curitiba,4106902,1,Auto Viação São José,216,https://moovitapp.com/index/pt-br/transporte_p%C3%BAblico-line-216_PIT_PRA%C3%87A_DA_JUVENTUDE_SANTA_F%C3%89_PINDORAMA-Curitiba-942-857412-122004458-0,-1.0,-25.476033,-49.292451,,False,4,1,2023-06-13T17:56:37.827255+00:00
CUR_CA012,Curitiba,4106902,1,Auto Viação São José,216,https://moovitapp.com/index/pt-br/transporte_p%C3%BAblico-line-216_PIT_PRA%C3%87A_DA_JUVENTUDE_SANTA_F%C3%89_PINDORAMA-Curitiba-942-857412-122004458-0,-1.0,-25.406711,-49.252631,,False,1,2,2023-06-13T17:57:37.827255+00:00
CUR_KA604,Curitiba,4106902,1,,545,,,-25.536253,-49.273011,,False,4,2,2023-06-13T17:57:37.827255+00:00
CUR_GI603,Curitiba,4106902,1,,545,,,-25.489651,-49.332816,,False,4,1,2023-06-13T17:57:37.827255+00:00
CUR_JI600,Curitiba,4106902,1,,545,,,-25.521875,-49.23964,,False,4,1,2023-06-13T17:57:37.827255+00:00
CUR_KA600,Curitiba,4106902,1,,545,,,-25.532098,-49.297568,,False,4,1,2023-06-13T17:57:37.827255+00:00
CUR_KA603,Curitiba,4106902,1,,545,,,-25.519375,-49.325075,,False,4,2,2023-06-13T17:57:37.827255+00:00
CUR_JI007,Curitiba,4106902,1,,823,,,-25.451386,-49.357763,,False,1,1,2023-06-13T17:54:37.827255+00:00
CUR_JI861,Curitiba,4106902,1,,862,,,-25.450815,-49.31583,,False,7,2,2023-06-13T17:57:37.827255+00:00
CUR_JI003,Curitiba,4106902,1,,777,,,-25.442848,-49.270473,,False,1,1,2023-06-13T17:57:37.827255+00:00
CUR_JI012,Curitiba,4106902,1,,777,,,-25.460896,-49.328548,,False,1,2,2023-06-13T17:57:37.827255+00:00
CUR_JC303,Curitiba,4106902,1,,778,,,-25.456258,-49.307828,,False,3,2,2023-06-13T17:56:37.827255+00:00
CUR_JC309,Curitiba,4106902,1,,778,,,-25.457955,-49.306358,,False,3,1,2023-06-13T17:57:37.827255+00:00
CUR_GI050,Curitiba,4106902,1,,641,,,-25.533381,-49.296581,,False,1,1,2023-06-13T17:57:37.827255+00:00
CUR_HI003,Curitiba,4106902,1,,801,,,-25.435873,-49.307043,,False,1,1,2023-06-13T17:57:37.827255+00:00
CUR_HC300,Curitiba,4106902,1,,801,,,-25.441461,-49.284765,,False,10,2,2023-06-13T17:57:37.827255+00:00
CUR_MI854,Curitiba,4106902,1,,911,,,-25.401213,-49.330026,,False,7,1,2023-06-13T17:57:37.827255+00:00
CUR_CI008,Curitiba,4106902,1,,341,,,-25.400398,-49.20321,,False,1,2,2023-06-13T17:57:37.827255+00:00
CUR_CI003,Curitiba,4106902,1,,341,,,-25.388626,-49.20549,,False,1,1,2023-06-13T17:57:37.827255+00:00
CUR_HC301,Curitiba,4106902,1,,380,,,-25.442216,-49.299218,,False,10,2,2023-06-13T17:56:37.827255+00:00
CUR_CI004,Curitiba,4106902,1,,380,,,-25.428065,-49.245405,,False,1,2,2023-06-13T17:57:37.827255+00:00
CUR_CI005,Curitiba,4106902,1,,380,,,-25.428853,-49.265733,,False,1,1,2023-06-13T17:57:37.827255+00:00
CUR_DA290,Curitiba,4106902,1,,621,,,-25.489613,-49.286118,,False,1,1,2023-06-13T17:57:37.827255+00:00
CUR_DC085,Curitiba,4106902,1,,621,,,-25.494468,-49.286818,,False,1,1,2023-06-13T17:55:37.827255+00:00
CUR_DC293,Curitiba,4106902,1,,621,,,-25.484261,-49.25013,,False,1,1,2023-06-13T17:57:37.827255+00:00
CUR_DC853,Curitiba,4106902,1,,387,,,-25.462321,-49.217435,,False,7,1,2023-06-13T17:57:37.827255+00:00
CUR_EI011,Curitiba,4106902,1,,X03,,,-25.53584,-49.238115,,False,1,1,2023-06-13T17:57:37.827255+00:00
CUR_EA023,Curitiba,4106902,1,Auto Viação São José,531,https://moovitapp.com/index/pt-br/transporte_p%C3%BAblico-line-531_BAIRRO_A_BAIRRO_1-Curitiba-942-857412-1570571-0,-1.0,-25.516765,-49.23093,,False,1,2,2023-06-13T17:57:37.827255+00:00
CUR_EA024,Curitiba,4106902,1,Auto Viação São José,531,https://moovitapp.com/index/pt-br/transporte_p%C3%BAblico-line-531_BAIRRO_A_BAIRRO_1-Curitiba-942-857412-1570571-0,-1.0,-25.543943,-49.24417,,False,1,1,2023-06-13T17:57:37.827255+00:00
CUR_EL319,Curitiba,4106902,1,URBS,507,https://moovitapp.com/index/pt-br/transporte_p%C3%BAblico-line-507_S%C3%8DTIO_CERCADO_HOR%C3%81RIO-Curitiba-942-9628-294494-0,-1.0,-25.480901,-49.247735,,False,3,,2023-06-13T17:57:37.827255+00:00
CUR_EL332,Curitiba,4106902,1,URBS,507,https://moovitapp.com/index/pt-br/transporte_p%C3%BAblico-line-507_S%C3%8DTIO_CERCADO_HOR%C3%81RIO-Curitiba-942-9628-294494-0,-1.0,-25.442148,-49.260856,,False,3,,2023-06-13T17:57:37.827255+00:00
CUR_EL325,Curitiba,4106902,1,URBS,507,https://moovitapp.com/index/pt-br/transporte_p%C3%BAblico-line-507_S%C3%8DTIO_CERCADO_HOR%C3%81RIO-Curitiba-942-9628-294494-0,-1.0,-25.442221,-49.264895,,False,3,,2023-06-13T17:57:37.827255+00:00
CUR_EL333,Curitiba,4106902,1,URBS,507,https://moovitapp.com/index/pt-br/transporte_p%C3%BAblico-line-507_S%C3%8DTIO_CERCADO_HOR%C3%81RIO-Curitiba-942-9628-294494-0,-1.0,-25.492141,-49.292988,,False,3,,2023-06-13T17:55:37.827255+00:00
CUR_EL322,Curitiba,4106902,1,URBS,507,https://moovitapp.com/index/pt-br/transporte_p%C3%BAblico-line-507_S%C3%8DTIO_CERCADO_HOR%C3%81RIO-Curitiba-942-9628-294494-0,-1.0,-25.532811,-49.286956,,False,3,,2023-06-13T17:57:37.827255+00:00
CUR_EL326,Curitiba,4106902,1,URBS,507,https://moovitapp.com/index/pt-br/transporte_p%C3%BAblico-line-507_S%C3%8DTIO_CERCADO_HOR%C3%81RIO-Curitiba-942-9628-294494-0,-1.0,-25.52437,-49.246058,,False,3,,2023-06-13T17:57:37.827255+00:00
CUR_EL331,Curitiba,4106902,1,URBS,505,https://moovitapp.com/index/pt-br/transporte_p%C3%BAblico-line-505_BOQUEIR%C3%83O_CENTRO_C%C3%8DVICO-Curitiba-942-9628-531685-0,-1.0,-25.410715,-49.266183,,False,3,1,2023-06-13T17:57:37.827255+00:00
CUR_EL320,Curitiba,4106902,1,URBS,505,https://moovitapp.com/index/pt-br/transporte_p%C3%BAblico-line-505_BOQUEIR%C3%83O_CENTRO_C%C3%8DVICO-Curitiba-942-9628-531685-0,-1.0,-25.47239,-49.251563,,False,3,1,2023-06-13T17:57:37.827255+00:00
CUR_BL317,Curitiba,4106902,0,URBS,505,https://moovitapp.com/index/pt-br/transporte_p%C3%BAblico-line-505_BOQUEIR%C3%83O_CENTRO_C%C3%8DVICO-Curitiba-942-9628-531685-0,-1.0,-25.427113,-49.264906,,False,3,2,2023-06-13T17:57:37.827255+00:00
CUR_EL321,Curitiba,4106902,1,URBS,505,https://moovitapp.com/index/pt-br/transporte_p%C3%BAblico-line-505_BOQUEIR%C3%83O_CENTRO_C%C3%8DVICO-Curitiba-942-9628-531685-0,-1.0,-25.510651,-49.2331,,False,3,2,2023-06-13T17:57:37.827255+00:00
CUR_EL330,Curitiba,4106902,1,URBS,505,https://moovitapp.com/index/pt-br/transporte_p%C3%BAblico-line-505_BOQUEIR%C3%83O_CENTRO_C%C3%8DVICO-Curitiba-942-9628-531685-0,-1.0,-25.448288,-49.258048,,False,3,2,2023-06-13T17:53:37.827255+00:00
CUR_EL312,Curitiba,4106902,0,URBS,505,https://moovitapp.com/index/pt-br/transporte_p%C3%BAblico-line-505_BOQUEIR%C3%83O_CENTRO_C%C3%8DVICO-Curitiba-942-9628-531685-0,-1.0,-25.429865,-49.26318,,False,3,1,2023-06-13T17:57:37.827255+00:00
CUR_BC031,Curitiba,4106902,1,,242,,,-25.376915,-49.262721,,False,1,1,2023-06-13T17:56:37.827255+00:00
CUR_BA032,Curitiba,4106902,1,,233,,,-25.365773,-49.21536,,False,1,,2023-06-13T17:54:37.827255+00:00
CUR_BI864,Curitiba,4106902,1,,311,,,-25.438338,-49.205843,,False,7,2,2023-06-13T17:57:37.827255+00:00
CUR_BA017,Curitiba,4106902,1,,822,,,-25.435341,-49.354275,,False,1,2,2023-06-13T17:57:37.827255+00:00
CUR_BA011,Curitiba,4106902,1,,822,,,-25.435376,-49.354463,,False,1,1,2023-06-13T17:57:37.827255+00:00
CUR_BL316,Curitiba,4106902,0,URBS,256,https://moovitapp.com/index/pt-br/transporte_p%C3%BAblico-line-256_BARREIRINHA_GUADALUPE-Curitiba-942-9628-398191-0,-1.0,-25.409695,-49.26437,,False,3,2,2023-06-13T17:57:37.827255+00:00
CUR_BL340,Curitiba,4106902,1,URBS,256,https://moovitapp.com/index/pt-br/transporte_p%C3%BAblico-line-256_BARREIRINHA_GUADALUPE-Curitiba-942-9628-398191-0,-1.0,-25.426728,-49.265393,,False,3,1,2023-06-13T17:57:37.827255+00:00
CUR_BL324,Curitiba,4106902,0,URBS,023,https://moovitapp.com/index/pt-br/transporte_p%C3%BAblico-line-023_INTER_2_ANTI_HOR%C3%81RIO-Curitiba-942-9628-398189-0,-1.0,-25.407856,-49.254003,,False,3,,2023-06-13T17:56:37.827255+00:00
CUR_BL608,Curitiba,4106902,0,URBS,023,https://moovitapp.com/index/pt-br/transporte_p%C3%BAblico-line-023_INTER_2_ANTI_HOR%C3%81RIO-Curitiba-942-9628-398189-0,-1.0,-25.485095,-49.252173,,False,4,,2023-06-13T17:56:37.827255+00:00
CUR_MR800,Curitiba,4106902,0,URBS,023,https://moovitapp.com/index/pt-br/transporte_p%C3%BAblico-line-023_INTER_2_ANTI_HOR%C3%81RIO-Curitiba-942-9628-398189-0,-1.0,-25.422573,-49.291671,,False,4,,2023-06-13T17:57:37.827255+00:00
CUR_BL333,Curitiba,4106902,0,URBS,023,https://moovitapp.com/index/pt-br/transporte_p%C3%BAblico-line-023_INTER_2_ANTI_HOR%C3%81RIO-Curitiba-942-9628-398189-0,-1.0,-25.416603,-49.27382,,False,3,,2023-06-13T17:55:37.827255+00:00
CUR_HL600,Curitiba,4106902,0,URBS,023,https://moovitapp.com/index/pt-br/transporte_p%C3%BAblico-line-023_INTER_2_ANTI_HOR%C3%81RIO-Curitiba-942-9628-398189-0,-1.0,-25.482655,-49.29307,,False,4,,2023-06-13T17:57:37.827255+00:00
CUR_CL600,Curitiba,4106902,0,URBS,023,https://moovitapp.com/index/pt-br/transporte_p%C3%BAblico-line-023_INTER_2_ANTI_HOR%C3%81RIO-Curitiba-942-9628-398189-0,-1.0,-25.456236,-49.303561,,False,4,,2023-06-13T17:57:37.827255+00:00
CUR_BL603,Curitiba,4106902,0,URBS,023,https://moovitapp.com/index/pt-br/transporte_p%C3%BAblico-line-023_INTER_2_ANTI_HOR%C3%81RIO-Curitiba-942-9628-398189-0,-1.0,-25.422935,-49.246895,,False,4,,2023-06-13T17:57:37.827255+00:00
CUR_BI884,Curitiba,4106902,1,,366,,,-25.422921,-49.24676,,False,7,1,2023-06-13T17:56:37.827255+00:00
CUR_BI899,Curitiba,4106902,1,,366,,,-25.4384,-49.289906,,False,7,1,2023-06-13T17:57:37.827255+00:00
CUR_BA021,Curitiba,4106902,1,,816,,,-25.43555,-49.308888,,False,1,1,2023-06-13T17:57:37.827255+00:00
CUR_BA013,Curitiba,4106902,1,,816,,,-25.40457,-49.324896,,False,1,2,2023-06-13T17:57:37.827255+00:00
CUR_BB307,Curitiba,4106902,1,,010,,,-25.44946,-49.254256,,False,10,,2023-06-13T17:55:37.827255+00:00
CUR_BB303,Curitiba,4106902,1,,010,,,-25.410398,-49.275631,,False,10,,2023-06-13T17:57:37.827255+00:00
CUR_JC314,Curitiba,4106902,1,,826,,,-25.444245,-49.353695,,False,3,2,2023-06-13T17:57:37.827255+00:00
CUR_HI008,Curitiba,4106902,1,,826,,,-25.512973,-49.337498,,False,1,2,2023-06-13T17:56:37.827255+00:00
CUR_HI013,Curitiba,4106902,1,,826,,,-25.483913,-49.349773,,False,1,1,2023-06-13T17:57:37.827255+00:00
CUR_HI020,Curitiba,4106902,1,,617,,,-25.51275,-49.295325,,False,1,1,2023-06-13T17:56:37.827255+00:00
CUR_HI028,Curitiba,4106902,1,,617,,,-25.573835,-49.331041,,False,1,1,2023-06-13T17:57:37.827255+00:00
CUR_HI023,Curitiba,4106902,1,,619,,,-25.571403,-49.338395,,False,1,1,2023-06-13T17:57:37.827255+00:00
CUR_HI608,Curitiba,4106902,1,,619,,,-25.538925,-49.313181,,False,4,2,2023-06-13T17:57:37.827255+00:00
CUR_HA600,Curitiba,4106902,1,,650,,,-25.54935,-49.324235,,False,4,1,2023-06-13T17:57:37.827255+00:00
CUR_HA015,Curitiba,4106902,1,,650,,,-25.570681,-49.331908,,False,1,2,2023-06-13T17:57:37.827255+00:00
CUR_HI004,Curitiba,4106902,1,,650,,,-25.512605,-49.295316,,False,1,1,2023-06-13T17:55:37.827255+00:00
CUR_HA616,Curitiba,4106902,1,,650,,,-25.564665,-49.329088,,False,4,2,2023-06-13T17:57:37.827255+00:00
CUR_JI851,Curitiba,4106902,1,,779,,,-25.462303,-49.337648,,False,7,2,2023-06-13T17:57:37.827255+00:00
CUR_JI948,Curitiba,4106902,1,,861,,,-25.437181,-49.274655,,False,7,1,2023-06-13T17:57:37.827255+00:00
CUR_JL321,Curitiba,4106902,1,URBS,304,https://moovitapp.com/index/pt-br/transporte_p%C3%BAblico-line-304_PINHAIS_CAMPO_COMPRIDO-Curitiba-942-9628-133282995-0,-1.0,-25.436875,-49.311831,,False,3,2,2023-06-13T17:57:37.827255+00:00
CUR_JL320,Curitiba,4106902,1,URBS,304,https://moovitapp.com/index/pt-br/transporte_p%C3%BAblico-line-304_PINHAIS_CAMPO_COMPRIDO-Curitiba-942-9628-133282995-0,-1.0,-25.436325,-49.263301,,False,3,2,2023-06-13T17:57:37.827255+00:00
CUR_JI019,Curitiba,4106902,1,,711,,,-25.47722,-49.327161,,False,1,2,2023-06-13T17:57:37.827255+00:00
CUR_JA029,Curitiba,4106902,1,,860,,,-25.464033,-49.340165,,False,1,2,2023-06-13T17:57:37.827255+00:00
CUR_JA035,Curitiba,4106902,1,,860,,,-25.443216,-49.285188,,False,1,2,2023-06-13T17:57:37.827255+00:00
CUR_JI018,Curitiba,4106902,1,,860,,,-25.449493,-49.301393,,False,1,1,2023-06-13T17:57:37.827255+00:00
CUR_HI021,Curitiba,4106902,1,,646,,,-25.522883,-49.292768,,False,1,1,2023-06-13T17:57:37.827255+00:00
CUR_HA024,Curitiba,4106902,1,,646,,,-25.587693,-49.324865,,False,1,2,2023-06-13T17:57:37.827255+00:00
CUR_HA603,Curitiba,4106902,1,,646,,,-25.581473,-49.317556,,False,4,1,2023-06-13T17:57:37.827255+00:00
CUR_HA296,Curitiba,4106902,1,,646,,,-25.53965,-49.307748,,False,1,1,2023-06-13T17:56:37.827255+00:00
CUR_GI055,Curitiba,4106902,1,,624,,,-25.492606,-49.291331,,False,1,1,2023-06-13T17:56:37.827255+00:00
CUR_GC005,Curitiba,4106902,1,,642,,,-25.511811,-49.294803,,False,1,1,2023-06-13T17:57:37.827255+00:00
CUR_HA023,Curitiba,4106902,1,,681,,,-25.537986,-49.30168,,False,1,1,2023-06-13T17:56:37.827255+00:00
CUR_HA193,Curitiba,4106902,1,,681,,,-25.559731,-49.307385,,False,1,2,2023-06-13T17:57:37.827255+00:00
CUR_EI005,Curitiba,4106902,1,,528,,,-25.53579,-49.251691,,False,1,1,2023-06-13T17:57:37.827255+00:00
CUR_GI045,Curitiba,4106902,1,,528,,,-25.53199,-49.297091,,False,1,2,2023-06-13T17:54:37.827255+00:00
CUR_HI860,Curitiba,4106902,1,,674,,,-25.469985,-49.295533,,False,7,2,2023-06-13T17:51:37.827255+00:00
CUR_HA016,Curitiba,4106902,1,,653,,,-25.51158,-49.324343,,False,1,1,2023-06-13T17:57:37.827255+00:00
CUR_HI036,Curitiba,4106902,1,,653,,,-25.500185,-49.349251,,False,1,2,2023-06-13T17:49:37.827255+00:00
CUR_HI299,Curitiba,4106902,1,,653,,,-25.53925,-49.307835,,False,1,1,2023-06-13T17:57:37.827255+00:00
CUR_BA022,Curitiba,4106902,1,,817,,,-25.415821,-49.342421,,False,1,2,2023-06-13T17:57:37.827255+00:00
CUR_MI001,Curitiba,4106902,1,,817,,,-25.42558,-49.342655,,False,1,1,2023-06-13T17:57:37.827255+00:00
CUR_MC304,Curitiba,4106902,1,,901,,,-25.40058,-49.330881,,False,3,2,2023-06-13T17:57:37.827255+00:00
CUR_MC080,Curitiba,4106902,1,,901,,,-25.426478,-49.279445,,False,1,2,2023-06-13T17:54:37.827255+00:00
CUR_MC307,Curitiba,4106902,1,,901,,,-25.421935,-49.291996,,False,3,1,2023-06-13T17:57:37.827255+00:00
CUR_MI853,Curitiba,4106902,1,,967,,,-25.421575,-49.29217,,False,7,1,2023-06-13T17:57:37.827255+00:00
CUR_MI852,Curitiba,4106902,1,,967,,,-25.410795,-49.299676,,False,7,2,2023-06-13T17:57:37.827255+00:00
CUR_EA022,Curitiba,4106902,1,,511,,,-25.511376,-49.25874,,False,1,2,2023-06-13T17:57:37.827255+00:00
CUR_EI019,Curitiba,4106902,1,,511,,,-25.486965,-49.251471,,False,1,1,2023-06-13T17:57:37.827255+00:00
CUR_KI002,Curitiba,4106902,1,,472,,,-25.472733,-49.235275,,False,1,2,2023-06-13T17:57:37.827255+00:00
CUR_GI001,Curitiba,4106902,1,,553,,,-25.54306,-49.269163,,False,1,2,2023-06-13T17:57:37.827255+00:00
CUR_GI002,Curitiba,4106902,1,,553,,,-25.543996,-49.267003,,False,1,1,2023-06-13T17:57:37.827255+00:00
CUR_GI038,Curitiba,4106902,1,,553,,,-25.559313,-49.259043,,False,1,2,2023-06-13T17:57:37.827255+00:00
CUR_GE727,Curitiba,4106902,0,URBS,550,https://moovitapp.com/index/pt-br/transporte_p%C3%BAblico-line-550_LIGEIR%C3%83O_PINHEIRINHO_CARLOS_GOMES-Curitiba-942-9628-1254061-0,-1.0,-25.480915,-49.263371,,False,5,2,2023-06-13T17:57:37.827255+00:00
CUR_HE719,Curitiba,4106902,0,URBS,550,https://moovitapp.com/index/pt-br/transporte_p%C3%BAblico-line-550_LIGEIR%C3%83O_PINHEIRINHO_CARLOS_GOMES-Curitiba-942-9628-1254061-0,-1.0,-25.462271,-49.256683,,False,5,1,2023-06-13T17:56:37.827255+00:00
CUR_HE713,Curitiba,4106902,0,URBS,550,https://moovitapp.com/index/pt-br/transporte_p%C3%BAblico-line-550_LIGEIR%C3%83O_PINHEIRINHO_CARLOS_GOMES-Curitiba-942-9628-1254061-0,-1.0,-25.433823,-49.270311,,False,5,2,2023-06-13T17:57:37.827255+00:00
CUR_HE703,Curitiba,4106902,0,URBS,550,https://moovitapp.com/index/pt-br/transporte_p%C3%BAblico-line-550_LIGEIR%C3%83O_PINHEIRINHO_CARLOS_GOMES-Curitiba-942-9628-1254061-0,-1.0,-25.512498,-49.294708,,False,5,2,2023-06-13T17:56:37.827255+00:00
CUR_GE706,Curitiba,4106902,0,URBS,550,https://moovitapp.com/index/pt-br/transporte_p%C3%BAblico-line-550_LIGEIR%C3%83O_PINHEIRINHO_CARLOS_GOMES-Curitiba-942-9628-1254061-0,-1.0,-25.454291,-49.260636,,False,5,2,2023-06-13T17:57:37.827255+00:00
CUR_GE721,Curitiba,4106902,0,URBS,550,https://moovitapp.com/index/pt-br/transporte_p%C3%BAblico-line-550_LIGEIR%C3%83O_PINHEIRINHO_CARLOS_GOMES-Curitiba-942-9628-1254061-0,-1.0,-25.474565,-49.258326,,False,5,1,2023-06-13T17:57:37.827255+00:00
CUR_GI012,Curitiba,4106902,1,,649,,,-25.532115,-49.270283,,False,1,1,2023-06-13T17:57:37.827255+00:00
CUR_GI023,Curitiba,4106902,1,,649,,,-25.517306,-49.295641,,False,1,2,2023-06-13T17:57:37.827255+00:00
CUR_BI028,Curitiba,4106902,1,,827,,,-25.436031,-49.37047,,False,1,1,2023-06-13T17:57:37.827255+00:00
CUR_JA034,Curitiba,4106902,1,,714,,,-25.483758,-49.350145,,False,1,,2023-06-13T17:57:37.827255+00:00
CUR_HI009,Curitiba,4106902,1,,828,,,-25.47726,-49.32775,,False,1,2,2023-06-13T17:56:37.827255+00:00
CUR_JA031,Curitiba,4106902,1,,828,,,-25.477195,-49.327356,,False,1,1,2023-06-13T17:56:37.827255+00:00
CUR_JI014,Curitiba,4106902,1,,828,,,-25.441653,-49.346511,,False,1,1,2023-06-13T17:57:37.827255+00:00
CUR_JI862,Curitiba,4106902,1,,713,,,-25.491131,-49.32833,,False,7,2,2023-06-13T17:57:37.827255+00:00
CUR_DA023,Curitiba,4106902,1,,336,,,-25.469933,-49.208338,,False,1,2,2023-06-13T17:57:37.827255+00:00
CUR_HA198,Curitiba,4106902,1,,612,,,-25.47786,-49.29258,,False,1,2,2023-06-13T17:57:37.827255+00:00
CUR_BI015,Curitiba,4106902,1,,231,,,-25.363951,-49.20906,,False,1,2,2023-06-13T17:55:37.827255+00:00
CUR_BI857,Curitiba,4106902,1,,244,,,-25.3776,-49.262386,,False,7,1,2023-06-13T17:56:37.827255+00:00
CUR_HA311,Curitiba,4106902,1,,863,,,-25.45182,-49.281126,,False,3,1,2023-06-13T17:57:37.827255+00:00
CUR_HI001,Curitiba,4106902,1,,863,,,-25.466865,-49.286373,,False,1,2,2023-06-13T17:57:37.827255+00:00
CUR_HI611,Curitiba,4106902,1,,684,,,-25.523006,-49.294415,,False,4,1,2023-06-13T17:57:37.827255+00:00
CUR_HA615,Curitiba,4106902,1,,684,,,-25.556088,-49.306313,,False,4,2,2023-06-13T17:55:37.827255+00:00
CUR_HA613,Curitiba,4106902,1,,684,,,-25.567196,-49.318081,,False,4,1,2023-06-13T17:56:37.827255+00:00
CUR_HA604,Curitiba,4106902,1,,684,,,-25.589013,-49.341298,,False,4,1,2023-06-13T17:56:37.827255+00:00
CUR_HA609,Curitiba,4106902,1,,684,,,-25.538586,-49.307511,,False,4,1,2023-06-13T17:56:37.827255+00:00
CUR_HA132,Curitiba,4106902,1,,684,,,-25.539788,-49.307725,,False,1,1,2023-06-13T17:56:37.827255+00:00
CUR_BC025,Curitiba,4106902,1,,160,,,-25.418105,-49.290738,,False,1,1,2023-06-13T17:57:37.827255+00:00
CUR_BC004,Curitiba,4106902,1,,160,,,-25.448151,-49.272078,,False,1,2,2023-06-13T17:57:37.827255+00:00
CUR_GA001,Curitiba,4106902,1,,639,,,-25.55836,-49.281993,,False,1,1,2023-06-13T17:57:37.827255+00:00
CUR_GI042,Curitiba,4106902,1,,639,,,-25.526691,-49.29113,,False,1,2,2023-06-13T17:57:37.827255+00:00
CUR_DC086,Curitiba,4106902,1,,323,,,-25.451395,-49.199396,,False,1,,2023-06-13T17:57:37.827255+00:00
CUR_GE608,Curitiba,4106902,0,URBS,350,https://moovitapp.com/index/pt-br/transporte_p%C3%BAblico-line-350_FAGUNDES_VARELA_PINHEIRINHO-Curitiba-942-9628-52482798-0,-1.0,-25.458776,-49.249695,,False,4,1,2023-06-13T17:57:37.827255+00:00
CUR_HE700,Curitiba,4106902,0,URBS,350,https://moovitapp.com/index/pt-br/transporte_p%C3%BAblico-line-350_FAGUNDES_VARELA_PINHEIRINHO-Curitiba-942-9628-52482798-0,-1.0,-25.512585,-49.289841,,False,5,2,2023-06-13T17:57:37.827255+00:00
CUR_BE717,Curitiba,4106902,0,URBS,350,https://moovitapp.com/index/pt-br/transporte_p%C3%BAblico-line-350_FAGUNDES_VARELA_PINHEIRINHO-Curitiba-942-9628-52482798-0,-1.0,-25.433078,-49.231493,,False,5,2,2023-06-13T17:56:37.827255+00:00
CUR_BC023,Curitiba,4106902,1,,183,,,-25.374876,-49.27409,,False,1,2,2023-06-13T17:57:37.827255+00:00
CUR_BC027,Curitiba,4106902,1,,205,,,-25.38817,-49.260815,,False,1,2,2023-06-13T17:56:37.827255+00:00
CUR_BI301,Curitiba,4106902,1,,205,,,-25.404475,-49.257841,,False,3,2,2023-06-13T17:57:37.827255+00:00
CUR_BI020,Curitiba,4106902,1,,205,,,-25.42844,-49.27086,,False,1,1,2023-06-13T17:57:37.827255+00:00
CUR_BC307,Curitiba,4106902,1,,205,,,-25.413905,-49.260666,,False,3,1,2023-06-13T17:57:37.827255+00:00
CUR_BB309,Curitiba,4106902,1,,011,,,-25.45038,-49.279215,,False,10,,2023-06-13T17:53:37.827255+00:00
CUR_BB305,Curitiba,4106902,1,,011,,,-25.40996,-49.264375,,False,10,,2023-06-13T17:53:37.827255+00:00
CUR_BI872,Curitiba,4106902,1,,266,,,-25.39995,-49.25937,,False,7,1,2023-06-13T17:57:37.827255+00:00
CUR_EI010,Curitiba,4106902,1,Auto Viação São José,515,https://moovitapp.com/index/pt-br/transporte_p%C3%BAblico-line-515_%E2%9C%88_AEROPORTO_1_SHOPPING_S%C3%83O_JOS%C3%89-Curitiba-942-857412-67925719-0,-1.0,-25.506815,-49.223838,,False,1,2,2023-06-13T17:57:37.827255+00:00
CUR_EI009,Curitiba,4106902,1,Auto Viação São José,515,https://moovitapp.com/index/pt-br/transporte_p%C3%BAblico-line-515_%E2%9C%88_AEROPORTO_1_SHOPPING_S%C3%83O_JOS%C3%89-Curitiba-942-857412-67925719-0,-1.0,-25.481878,-49.246751,,False,1,2,2023-06-13T17:57:37.827255+00:00
CUR_EA016,Curitiba,4106902,1,Auto Viação São José,515,https://moovitapp.com/index/pt-br/transporte_p%C3%BAblico-line-515_%E2%9C%88_AEROPORTO_1_SHOPPING_S%C3%83O_JOS%C3%89-Curitiba-942-857412-67925719-0,-1.0,-25.503881,-49.225315,,False,1,1,2023-06-13T17:56:37.827255+00:00
CUR_BI869,Curitiba,4106902,1,,260,,,-25.420338,-49.268668,,False,7,2,2023-06-13T17:57:37.827255+00:00
CUR_BA024,Curitiba,4106902,1,,375,,,-25.412855,-49.205213,,False,1,2,2023-06-13T17:57:37.827255+00:00
CUR_BI863,Curitiba,4106902,1,,274,,,-25.42854,-49.270735,,False,7,1,2023-06-13T17:57:37.827255+00:00
CUR_BI868,Curitiba,4106902,1,,274,,,-25.36574,-49.267366,,False,7,2,2023-06-13T17:57:37.827255+00:00
CUR_HI858,Curitiba,4106902,1,,670,,,-25.44741,-49.278275,,False,7,1,2023-06-13T17:57:37.827255+00:00
CUR_BC932,Curitiba,4106902,1,,365,,,-25.441096,-49.283913,,False,7,1,2023-06-13T17:57:37.827255+00:00
CUR_BI895,Curitiba,4106902,1,,365,,,-25.422813,-49.247971,,False,7,2,2023-06-13T17:56:37.827255+00:00
CUR_EI008,Curitiba,4106902,1,,335,,,-25.51042,-49.222293,,False,1,2,2023-06-13T17:57:37.827255+00:00
CUR_DA699,Curitiba,4106902,1,,335,,,-25.479935,-49.211053,,False,4,1,2023-06-13T17:56:37.827255+00:00
CUR_DA291,Curitiba,4106902,1,,474,,,-25.436163,-49.267285,,False,1,1,2023-06-13T17:57:37.827255+00:00
CUR_DN601,Curitiba,4106902,1,,461,,,-25.4429,-49.24614,,False,7,2,2023-06-13T17:57:37.827255+00:00
CUR_DN609,Curitiba,4106902,1,,466,,,-25.450051,-49.231713,,False,7,1,2023-06-13T17:57:37.827255+00:00
CUR_HI012,Curitiba,4106902,1,,712,,,-25.510666,-49.33412,,False,1,1,2023-06-13T17:56:37.827255+00:00
CUR_JI008,Curitiba,4106902,1,,712,,,-25.477385,-49.326908,,False,1,2,2023-06-13T17:57:37.827255+00:00
CUR_MC302,Curitiba,4106902,1,,821,,,-25.411461,-49.350201,,False,3,1,2023-06-13T17:55:37.827255+00:00
CUR_HA021,Curitiba,4106902,1,,628,,,-25.516491,-49.326625,,False,1,1,2023-06-13T17:56:37.827255+00:00
CUR_HA194,Curitiba,4106902,1,,628,,,-25.512878,-49.33082,,False,1,2,2023-06-13T17:56:37.827255+00:00
CUR_BC302,Curitiba,4106902,1,,182,,,-25.366705,-49.272385,,False,3,1,2023-06-13T17:56:37.827255+00:00
CUR_BC301,Curitiba,4106902,1,,182,,,-25.377041,-49.262725,,False,3,2,2023-06-13T17:57:37.827255+00:00
CUR_HI026,Curitiba,4106902,1,,680,,,-25.575643,-49.316725,,False,1,1,2023-06-13T17:50:37.827255+00:00
CUR_HI033,Curitiba,4106902,1,,680,,,-25.583261,-49.323653,,False,1,2,2023-06-13T17:57:37.827255+00:00
CUR_HI049,Curitiba,4106902,1,,680,,,-25.538855,-49.307971,,False,1,1,2023-06-13T17:56:37.827255+00:00
CUR_HA017,Curitiba,4106902,1,,680,,,-25.539611,-49.307771,,False,1,1,2023-06-13T17:57:37.827255+00:00
CUR_HI854,Curitiba,4106902,1,,673,,,-25.44896,-49.287433,,False,7,2,2023-06-13T17:57:37.827255+00:00
CUR_HI043,Curitiba,4106902,1,,630,,,-25.542025,-49.337185,,False,1,1,2023-06-13T17:57:37.827255+00:00
CUR_HI027,Curitiba,4106902,1,,630,,,-25.519256,-49.295586,,False,1,2,2023-06-13T17:56:37.827255+00:00
CUR_HI035,Curitiba,4106902,1,,630,,,-25.539463,-49.308536,,False,1,1,2023-06-13T17:56:37.827255+00:00
CUR_JA033,Curitiba,4106902,1,,718,,,-25.478996,-49.34597,,False,1,,2023-06-13T17:57:37.827255+00:00
CUR_BI883,Curitiba,4106902,1,,386,,,-25.433471,-49.23745,,False,7,1,2023-06-13T17:57:37.827255+00:00
CUR_BI010,Curitiba,4106902,1,,236,,,-25.361925,-49.232726,,False,1,2,2023-06-13T17:57:37.827255+00:00
CUR_EI016,Curitiba,4106902,1,,532,,,-25.53328,-49.238858,,False,1,2,2023-06-13T17:57:37.827255+00:00
CUR_JA022,Curitiba,4106902,1,,732,,,-25.482505,-49.347996,,False,1,,2023-06-13T17:56:37.827255+00:00
CUR_HL115,Curitiba,4106902,0,URBS,024,https://moovitapp.com/index/pt-br/transporte_p%C3%BAblico-line-024_CAP%C3%83O_RASO_CAMPINA_DO_SIQUEIRA-Curitiba-942-9628-1323693-0,-1.0,-25.44838,-49.304691,,False,3,,2023-06-13T17:56:37.827255+00:00
CUR_GI859,Curitiba,4106902,1,,661,,,-25.438333,-49.272335,,False,7,2,2023-06-13T17:57:37.827255+00:00
CUR_HA196,Curitiba,4106902,1,,659,,,-25.524745,-49.296216,,False,1,1,2023-06-13T17:56:37.827255+00:00
CUR_HA025,Curitiba,4106902,1,,659,,,-25.627413,-49.348773,,False,1,2,2023-06-13T17:56:37.827255+00:00
CUR_BI870,Curitiba,4106902,1,,275,,,-25.423563,-49.269945,,False,7,1,2023-06-13T17:57:37.827255+00:00
CUR_BI875,Curitiba,4106902,1,,275,,,-25.380896,-49.241523,,False,7,2,2023-06-13T17:53:37.827255+00:00
CUR_DA014,Curitiba,4106902,1,,321,,,-25.45074,-49.204111,,False,1,1,2023-06-13T17:57:37.827255+00:00
CUR_HN616,Curitiba,4106902,1,,814,,,-25.436723,-49.340815,,False,7,1,2023-06-13T17:55:37.827255+00:00
CUR_BI860,Curitiba,4106902,1,,237,,,-25.377056,-49.223475,,False,7,,2023-06-13T17:57:37.827255+00:00
CUR_EA017,Curitiba,4106902,1,,561,,,-25.435386,-49.273758,,False,1,1,2023-06-13T17:56:37.827255+00:00
CUR_EI012,Curitiba,4106902,1,,561,,,-25.488098,-49.277133,,False,1,2,2023-06-13T17:57:37.827255+00:00
CUR_JI013,Curitiba,4106902,1,,721,,,-25.497106,-49.345488,,False,1,2,2023-06-13T17:57:37.827255+00:00
CUR_BI885,Curitiba,4106902,1,,385,,,-25.43571,-49.250613,,False,7,2,2023-06-13T17:56:37.827255+00:00
CUR_BC032,Curitiba,4106902,1,,166,,,-25.398891,-49.287901,,False,1,1,2023-06-13T17:57:37.827255+00:00
CUR_BC012,Curitiba,4106902,1,,166,,,-25.408473,-49.282905,,False,1,2,2023-06-13T17:56:37.827255+00:00
CUR_HA606,Curitiba,4106902,1,,X37,,,-25.539145,-49.307465,,False,4,1,2023-06-13T17:57:37.827255+00:00
CUR_BI892,Curitiba,4106902,1,,181,,,-25.378635,-49.277945,,False,7,1,2023-06-13T17:56:37.827255+00:00
CUR_HI853,Curitiba,4106902,1,,644,,,-25.526275,-49.296255,,False,7,1,2023-06-13T17:57:37.827255+00:00
CUR_HL309,Curitiba,4106902,0,URBS,X35,https://moovitapp.com/index/pt-br/transporte_p%C3%BAblico-line-X35_PINHEIRINHO_PREFEITURA-Curitiba-942-9628-778958-0,-1.0,-25.537443,-49.307076,,False,3,1,2023-06-13T17:56:37.827255+00:00
CUR_JI863,Curitiba,4106902,1,,761,,,-25.466975,-49.299848,,False,7,1,2023-06-13T17:57:37.827255+00:00
CUR_EI007,Curitiba,4106902,1,,522,,,-25.519763,-49.2691,,False,1,2,2023-06-13T17:57:37.827255+00:00
CUR_GE702,Curitiba,4106902,0,URBS,500,https://moovitapp.com/index/pt-br/transporte_p%C3%BAblico-line-500_LIGEIR%C3%83O_BOQUEIR%C3%83O-Curitiba-942-9628-294422-0,-1.0,-25.517208,-49.23053,,False,5,1,2023-06-13T17:57:37.827255+00:00
CUR_GE725,Curitiba,4106902,0,URBS,500,https://moovitapp.com/index/pt-br/transporte_p%C3%BAblico-line-500_LIGEIR%C3%83O_BOQUEIR%C3%83O-Curitiba-942-9628-294422-0,-1.0,-25.50688,-49.234923,,False,5,2,2023-06-13T17:57:37.827255+00:00
CUR_GE728,Curitiba,4106902,0,URBS,500,https://moovitapp.com/index/pt-br/transporte_p%C3%BAblico-line-500_LIGEIR%C3%83O_BOQUEIR%C3%83O-Curitiba-942-9628-294422-0,-1.0,-25.462818,-49.256386,,False,5,1,2023-06-13T17:57:37.827255+00:00
CUR_GE716,Curitiba,4106902,0,URBS,500,https://moovitapp.com/index/pt-br/transporte_p%C3%BAblico-line-500_LIGEIR%C3%83O_BOQUEIR%C3%83O-Curitiba-942-9628-294422-0,-1.0,-25.46413,-49.255808,,False,5,2,2023-06-13T17:57:37.827255+00:00
CUR_BA602,Curitiba,4106902,1,,245,,,-25.395418,-49.242745,,False,4,1,2023-06-13T17:57:37.827255+00:00
CUR_BI004,Curitiba,4106902,1,Auto Viação São José,211,https://moovitapp.com/index/pt-br/transporte_p%C3%BAblico-line-211_PIT_PRA%C3%87A_DA_JUVENTUDE_IZAURA_IP%C3%8A-Curitiba-942-857412-73553392-0,-1.0,-25.403141,-49.241913,,False,1,1,2023-06-13T17:57:37.827255+00:00
CUR_BI002,Curitiba,4106902,1,Auto Viação São José,211,https://moovitapp.com/index/pt-br/transporte_p%C3%BAblico-line-211_PIT_PRA%C3%87A_DA_JUVENTUDE_IZAURA_IP%C3%8A-Curitiba-942-857412-73553392-0,-1.0,-25.410431,-49.226333,,False,1,2,2023-06-13T17:57:37.827255+00:00
CUR_MC851,Curitiba,4106902,1,,965,,,-25.429596,-49.277913,,False,7,1,2023-06-13T17:57:37.827255+00:00
CUR_MN605,Curitiba,4106902,1,,965,,,-25.399916,-49.326701,,False,7,2,2023-06-13T17:57:37.827255+00:00
CUR_DN600,Curitiba,4106902,1,,516,,,-25.477731,-49.239906,,False,7,1,2023-06-13T17:57:37.827255+00:00
CUR_ML303,Curitiba,4106902,0,URBS,902,https://moovitapp.com/index/pt-br/transporte_p%C3%BAblico-line-902_SANTA_FELICIDADE_PRA%C3%87A_TIRADENTES-Curitiba-942-9628-5597930-0,-1.0,-25.419488,-49.294323,,False,3,,2023-06-13T17:57:37.827255+00:00
CUR_BI890,Curitiba,4106902,1,,343,,,-25.409213,-49.207901,,False,7,1,2023-06-13T17:57:37.827255+00:00
CUR_BI850,Curitiba,4106902,1,,176,,,-25.416798,-49.26839,,False,7,1,2023-06-13T17:57:37.827255+00:00
CUR_GE722,Curitiba,4106902,0,URBS,200,https://moovitapp.com/index/pt-br/transporte_p%C3%BAblico-line-200_LIGEIR%C3%83O_SANTA_C%C3%82NDIDA_PRA%C3%87A_DO_JAP%C3%83O-Curitiba-942-9628-1323763-0,-1.0,-25.441096,-49.275695,,False,5,2,2023-06-13T17:57:37.827255+00:00
CUR_BE724,Curitiba,4106902,0,URBS,200,https://moovitapp.com/index/pt-br/transporte_p%C3%BAblico-line-200_LIGEIR%C3%83O_SANTA_C%C3%82NDIDA_PRA%C3%87A_DO_JAP%C3%83O-Curitiba-942-9628-1323763-0,-1.0,-25.379506,-49.227641,,False,5,2,2023-06-13T17:56:37.827255+00:00
CUR_BE707,Curitiba,4106902,0,URBS,200,https://moovitapp.com/index/pt-br/transporte_p%C3%BAblico-line-200_LIGEIR%C3%83O_SANTA_C%C3%82NDIDA_PRA%C3%87A_DO_JAP%C3%83O-Curitiba-942-9628-1323763-0,-1.0,-25.413156,-49.258795,,False,5,1,2023-06-13T17:57:37.827255+00:00
CUR_BE721,Curitiba,4106902,0,URBS,200,https://moovitapp.com/index/pt-br/transporte_p%C3%BAblico-line-200_LIGEIR%C3%83O_SANTA_C%C3%82NDIDA_PRA%C3%87A_DO_JAP%C3%83O-Curitiba-942-9628-1323763-0,-1.0,-25.423845,-49.268323,,False,5,2,2023-06-13T17:56:37.827255+00:00
CUR_BE725,Curitiba,4106902,0,URBS,200,https://moovitapp.com/index/pt-br/transporte_p%C3%BAblico-line-200_LIGEIR%C3%83O_SANTA_C%C3%82NDIDA_PRA%C3%87A_DO_JAP%C3%83O-Curitiba-942-9628-1323763-0,-1.0,-25.394948,-49.242648,,False,5,2,2023-06-13T17:56:37.827255+00:00
CUR_HE730,Curitiba,4106902,0,URBS,200,https://moovitapp.com/index/pt-br/transporte_p%C3%BAblico-line-200_LIGEIR%C3%83O_SANTA_C%C3%82NDIDA_PRA%C3%87A_DO_JAP%C3%83O-Curitiba-942-9628-1323763-0,-1.0,-25.539866,-49.30801,,False,5,1,2023-06-13T17:56:37.827255+00:00
CUR_BE726,Curitiba,4106902,0,URBS,200,https://moovitapp.com/index/pt-br/transporte_p%C3%BAblico-line-200_LIGEIR%C3%83O_SANTA_C%C3%82NDIDA_PRA%C3%87A_DO_JAP%C3%83O-Curitiba-942-9628-1323763-0,-1.0,-25.394991,-49.242208,,False,5,1,2023-06-13T17:57:37.827255+00:00
CUR_BE723,Curitiba,4106902,0,URBS,200,https://moovitapp.com/index/pt-br/transporte_p%C3%BAblico-line-200_LIGEIR%C3%83O_SANTA_C%C3%82NDIDA_PRA%C3%87A_DO_JAP%C3%83O-Curitiba-942-9628-1323763-0,-1.0,-25.422338,-49.266605,,False,5,1,2023-06-13T17:56:37.827255+00:00
CUR_GL080,Curitiba,4106902,0,URBS,546,https://moovitapp.com/index/pt-br/transporte_p%C3%BAblico-line-546_S%C3%8DTIO_CERCADO_BOQUEIR%C3%83O-Curitiba-942-9628-531687-0,-1.0,-25.549966,-49.290298,,False,3,1,2023-06-13T17:57:37.827255+00:00
CUR_BI887,Curitiba,4106902,1,,224,,,-25.382396,-49.235188,,False,7,,2023-06-13T17:56:37.827255+00:00
CUR_JI866,Curitiba,4106902,1,,762,,,-25.476125,-49.326395,,False,7,2,2023-06-13T17:57:37.827255+00:00
CUR_BI853,Curitiba,4106902,1,,875,,,-25.425566,-49.300908,,False,7,2,2023-06-13T17:56:37.827255+00:00
CUR_JI009,Curitiba,4106902,1,,732,,,-25.449153,-49.366076,,False,1,2,2023-06-13T17:57:37.827255+00:00
CUR_BI894,Curitiba,4106902,1,,361,,,-25.395218,-49.215493,,False,7,2,2023-06-13T17:57:37.827255+00:00
CUR_DL308,Curitiba,4106902,0,URBS,305,https://moovitapp.com/index/pt-br/transporte_p%C3%BAblico-line-305_CENTEN%C3%81RIO-Curitiba-942-9628-294271-0,-1.0,-25.446171,-49.231515,,False,3,2,2023-06-13T17:57:37.827255+00:00
CUR_DL315,Curitiba,4106902,0,URBS,305,https://moovitapp.com/index/pt-br/transporte_p%C3%BAblico-line-305_CENTEN%C3%81RIO-Curitiba-942-9628-294271-0,-1.0,-25.430993,-49.256663,,False,3,1,2023-06-13T17:57:37.827255+00:00
CUR_DC854,Curitiba,4106902,1,,331,,,-25.469108,-49.208246,,False,7,,2023-06-13T17:57:37.827255+00:00
CUR_GI856,Curitiba,4106902,1,,666,,,-25.475221,-49.286433,,False,7,1,2023-06-13T17:57:37.827255+00:00
CUR_BA018,Curitiba,4106902,1,,829,,,-25.441528,-49.34598,,False,1,,2023-06-13T17:56:37.827255+00:00
CUR_BI852,Curitiba,4106902,1,,164,,,-25.431013,-49.272943,,False,7,1,2023-06-13T17:56:37.827255+00:00
CUR_DN020,Curitiba,4106902,0,,560,,,-25.467485,-49.264271,,False,6,2,2023-06-13T17:57:37.827255+00:00
CUR_DL317,Curitiba,4106902,0,URBS,469,https://moovitapp.com/index/pt-br/transporte_p%C3%BAblico-line-469_CENTRO_POLIT%C3%89CNICO-Curitiba-942-9628-294421-0,-1.0,-25.42063,-49.269418,,False,3,1,2023-06-13T17:53:37.827255+00:00
CUR_HR045,Curitiba,4106902,0,URBS,X11,https://moovitapp.com/index/pt-br/transporte_p%C3%BAblico-line-X11_S%C3%8DTIO_CERCADO_CAP%C3%83O_RASO-Curitiba-942-9628-531688-0,-1.0,-25.538406,-49.307133,,False,4,1,2023-06-13T17:57:37.827255+00:00
CUR_HE600,Curitiba,4106902,0,URBS,X11,https://moovitapp.com/index/pt-br/transporte_p%C3%BAblico-line-X11_S%C3%8DTIO_CERCADO_CAP%C3%83O_RASO-Curitiba-942-9628-531688-0,-1.0,-25.538356,-49.307131,,False,4,1,2023-06-13T17:56:37.827255+00:00
CUR_BL339,Curitiba,4106902,0,URBS,518,https://moovitapp.com/index/pt-br/transporte_p%C3%BAblico-line-518_PUC_RODOFERROVI%C3%81RIA-Curitiba-942-9628-743528-0,-1.0,-25.439801,-49.260441,,False,3,2,2023-06-13T17:57:37.827255+00:00
CUR_BT007,Curitiba,4106902,0,,979,,,-25.442645,-49.246776,,False,3,,2023-06-13T17:56:37.827255+00:00
CUR_BT010,Curitiba,4106902,0,,979,,,-25.433118,-49.277426,,False,3,,2023-06-13T17:55:37.827255+00:00
CUR_BT009,Curitiba,4106902,0,,979,,,-25.424851,-49.29609,,False,3,,2023-06-13T17:56:37.827255+00:00
CUR_MT012,Curitiba,4106902,0,,979,,,-25.410806,-49.311955,,False,3,,2023-06-13T17:57:37.827255+00:00
CUR_MT013,Curitiba,4106902,0,,979,,,-25.402355,-49.275276,,False,3,,2023-06-13T17:56:37.827255+00:00
CUR_MT011,Curitiba,4106902,0,,979,,,-25.420408,-49.268778,,False,3,,2023-06-13T17:57:37.827255+00:00
