bus_id,city,city_code,adapted,agency,line_code,line_url,line_fare,latitude,longitude,bus_speed,is_eletric,bus_type,bus_direction,updated_at
BRA_338541,Brasília,5300108,,Urbi,0.087,https://moovitapp.com/index/pt-br/transporte_p%C3%BAblico-line-0_087-Brasilia-1702-851595-242519-0,-1.0,-15.80334,-47.96438,6.11,,,2,2023-06-17T22:24:07+00:00
BRA_337790,Brasília,5300108,,Urbi,0.882,https://moovitapp.com/index/pt-br/transporte_p%C3%BAblico-line-0_882-Brasilia-1702-851595-363858-0,-1.0,-15.79865,-47.91417,17.78,,,2,2023-06-17T22:26:08+00:00
BRA_340171,Brasília,5300108,,Urbi,0.341,https://moovitapp.com/index/pt-br/transporte_p%C3%BAblico-line-0_341-Brasilia-1702-851595-37928003-0,-1.0,-15.87788,-48.00973,6.67,,,1,2023-06-17T22:34:38+00:00
BRA_340715,Brasília,5300108,,Urbi,0.373,https://moovitapp.com/index/pt-br/transporte_p%C3%BAblico-line-0_373-Brasilia-1702-851595-334072-0,-1.0,-15.79314,-47.88252,3.06,,,2,2023-06-17T22:35:55+00:00
BRA_336033,Brasília,5300108,,Urbi,373.2,https://moovitapp.com/index/pt-br/transporte_p%C3%BAblico-line-373_2-Brasilia-1702-851595-334084-0,-1.0,-15.86812,-47.96833,15.0,,,1,2023-06-17T22:37:47+00:00
BRA_338800,Brasília,5300108,,Urbi,0.806,https://moovitapp.com/index/pt-br/transporte_p%C3%BAblico-line-0_806-Brasilia-1702-851595-339299-0,-1.0,-15.88348,-48.05707,6.67,,,2,2023-06-17T22:38:00+00:00
BRA_337536,Brasília,5300108,,Urbi,805.8,https://moovitapp.com/index/pt-br/transporte_p%C3%BAblico-line-805_8-Brasilia-1702-851595-454982-0,-1.0,-15.86294,-48.05315,4.72,,,1,2023-06-17T22:38:40+00:00
BRA_340421,Brasília,5300108,,Urbi,372.4,https://moovitapp.com/index/pt-br/transporte_p%C3%BAblico-line-372_4-Brasilia-1702-851595-650087-0,-1.0,-15.82905,-48.06212,18.06,,,1,2023-06-17T22:38:53+00:00
BRA_336602,Brasília,5300108,,Urbi,813.1,https://moovitapp.com/index/pt-br/transporte_p%C3%BAblico-line-813_1-Brasilia-1702-851595-242635-0,-1.0,-15.79303,-47.8829,0.0,,,2,2023-06-17T22:39:05+00:00
BRA_337595,Brasília,5300108,,Urbi,874.4,https://moovitapp.com/index/pt-br/transporte_p%C3%BAblico-line-874_4-Brasilia-1702-851595-775106-0,-1.0,-15.87819,-48.00927,16.39,,,1,2023-06-17T22:39:12+00:00
BRA_336858,Brasília,5300108,,Urbi,805.2,https://moovitapp.com/index/pt-br/transporte_p%C3%BAblico-line-805_2-Brasilia-1702-851595-454981-0,-1.0,-15.9118,-48.09408,1.94,,,1,2023-06-17T22:39:14+00:00
BRA_336645,Brasília,5300108,,Urbi,380.2,https://moovitapp.com/index/pt-br/transporte_p%C3%BAblico-line-380_2-Brasilia-1702-851595-334086-0,-1.0,-15.88644,-48.15089,4.72,,,1,2023-06-17T22:39:19+00:00
BRA_337986,Brasília,5300108,,Urbi,0.809,https://moovitapp.com/index/pt-br/transporte_p%C3%BAblico-line-0_809-Brasilia-1702-851595-516630-0,-1.0,-15.87754,-48.00562,0.0,,,2,2023-06-17T22:39:23+00:00
BRA_340529,Brasília,5300108,,Urbi,0.129,https://moovitapp.com/index/pt-br/transporte_p%C3%BAblico-line-0_129-Brasilia-1702-851595-775097-0,-1.0,-15.84061,-47.88496,2.22,,,1,2023-06-17T22:39:24+00:00
BRA_338273,Brasília,5300108,,Urbi,0.811,https://moovitapp.com/index/pt-br/transporte_p%C3%BAblico-line-0_811-Brasilia-1702-851595-334078-0,-1.0,-15.73591,-47.90733,0.0,,,2,2023-06-17T22:39:25+00:00
BRA_338630,Brasília,5300108,,Urbi,807.6,https://moovitapp.com/index/pt-br/transporte_p%C3%BAblico-line-807_6-Brasilia-1702-851595-334092-0,-1.0,-15.9156,-48.06268,6.11,,,1,2023-06-17T22:39:25+00:00
BRA_340651,Brasília,5300108,,Urbi,056.2,https://moovitapp.com/index/pt-br/transporte_p%C3%BAblico-line-056_2-Brasilia-1702-851595-492982-0,-1.0,-15.8883,-48.15024,8.33,,,1,2023-06-17T22:39:27+00:00
BRA_335657,Brasília,5300108,,Urbi,366.7,https://moovitapp.com/index/pt-br/transporte_p%C3%BAblico-line-366_7-Brasilia-1702-851595-650086-0,-1.0,-15.86566,-48.09542,6.67,,,2,2023-06-17T22:39:29+00:00
BRA_336521,Brasília,5300108,,Urbi,0.881,https://moovitapp.com/index/pt-br/transporte_p%C3%BAblico-line-0_881-Brasilia-1702-851595-363857-0,-1.0,-15.838,-48.0473,5.28,,,1,2023-06-17T22:39:30+00:00
BRA_340375,Brasília,5300108,,Urbi,119.0,https://moovitapp.com/index/pt-br/transporte_p%C3%BAblico-line-119_0-Brasilia-1702-851595-139513625-0,-1.0,-15.86354,-47.95798,11.11,,,1,2023-06-17T22:39:36+00:00
BRA_338486,Brasília,5300108,,Urbi,874.4,https://moovitapp.com/index/pt-br/transporte_p%C3%BAblico-line-874_4-Brasilia-1702-851595-775106-0,-1.0,-15.87505,-48.03629,17.5,,,1,2023-06-17T22:39:36+00:00
BRA_337218,Brasília,5300108,,Urbi,870.7,https://moovitapp.com/index/pt-br/transporte_p%C3%BAblico-line-870_7-Brasilia-1702-851595-531037-0,-1.0,-15.92603,-48.05128,0.0,,,2,2023-06-17T22:39:38+00:00
BRA_336921,Brasília,5300108,,Urbi,807.2,https://moovitapp.com/index/pt-br/transporte_p%C3%BAblico-line-807_2-Brasilia-1702-851595-781329-0,-1.0,-15.91463,-48.05659,5.28,,,1,2023-06-17T22:39:40+00:00
BRA_340022,Brasília,5300108,,Urbi,0.825,https://moovitapp.com/index/pt-br/transporte_p%C3%BAblico-line-0_825-Brasilia-1702-851595-334081-0,-1.0,-15.85534,-47.95536,15.56,,,1,2023-06-17T22:39:40+00:00
BRA_338290,Brasília,5300108,,Urbi,812.1,https://moovitapp.com/index/pt-br/transporte_p%C3%BAblico-line-812_1-Brasilia-1702-851595-372386-0,-1.0,-15.87729,-48.06097,10.56,,,2,2023-06-17T22:39:43+00:00
BRA_336882,Brasília,5300108,,Urbi,0.871,https://moovitapp.com/index/pt-br/transporte_p%C3%BAblico-line-0_871-Brasilia-1702-851595-418741-0,-1.0,-15.83845,-48.04704,9.44,,,1,2023-06-17T22:39:43+00:00
BRA_337447,Brasília,5300108,,Urbi,813.2,https://moovitapp.com/index/pt-br/transporte_p%C3%BAblico-line-813_2-Brasilia-1702-851595-242636-0,-1.0,-15.7857,-47.88792,7.22,,,2,2023-06-17T22:39:43+00:00
BRA_337846,Brasília,5300108,,Urbi,870.1,https://moovitapp.com/index/pt-br/transporte_p%C3%BAblico-line-870_1-Brasilia-1702-851595-715272-0,-1.0,-15.94757,-48.03437,6.94,,,2,2023-06-17T22:39:43+00:00
BRA_335703,Brasília,5300108,,Urbi,0.367,https://moovitapp.com/index/pt-br/transporte_p%C3%BAblico-line-0_367-Brasilia-1702-851595-519380-0,-1.0,-15.84558,-48.05975,0.0,,,1,2023-06-17T22:39:44+00:00
BRA_340626,Brasília,5300108,,Urbi,0.821,https://moovitapp.com/index/pt-br/transporte_p%C3%BAblico-line-0_821-Brasilia-1702-851595-334080-0,-1.0,-15.87754,-48.01593,1.39,,,2,2023-06-17T22:39:44+00:00
BRA_338192,Brasília,5300108,,Urbi,814.1,https://moovitapp.com/index/pt-br/transporte_p%C3%BAblico-line-814_1-Brasilia-1702-851595-492985-0,-1.0,-15.89241,-48.05721,10.28,,,1,2023-06-17T22:39:45+00:00
BRA_336840,Brasília,5300108,,Urbi,0.881,https://moovitapp.com/index/pt-br/transporte_p%C3%BAblico-line-0_881-Brasilia-1702-851595-363857-0,-1.0,-15.81084,-47.94024,16.94,,,2,2023-06-17T22:39:45+00:00
BRA_339334,Brasília,5300108,,Urbi,398.1,https://moovitapp.com/index/pt-br/transporte_p%C3%BAblico-line-398_1-Brasilia-1702-851595-510241-0,-1.0,-15.78849,-48.13516,0.28,,,2,2023-06-17T22:39:45+00:00
BRA_336009,Brasília,5300108,,Urbi,0.340,https://moovitapp.com/index/pt-br/transporte_p%C3%BAblico-line-0_340-Brasilia-1702-851595-641378-0,-1.0,-15.90208,-48.12877,0.28,,,1,2023-06-17T22:39:46+00:00
BRA_339377,Brasília,5300108,,Urbi,0.054,https://moovitapp.com/index/pt-br/transporte_p%C3%BAblico-line-0_054-Brasilia-1702-851595-454960-0,-1.0,-15.92179,-48.10877,0.0,,,1,2023-06-17T22:39:46+00:00
BRA_340324,Brasília,5300108,,Urbi,0.056,https://moovitapp.com/index/pt-br/transporte_p%C3%BAblico-line-0_056-Brasilia-1702-851595-588804-0,-1.0,-15.82955,-48.07818,12.5,,,1,2023-06-17T22:39:46+00:00
BRA_338532,Brasília,5300108,,Urbi,084.1,https://moovitapp.com/index/pt-br/transporte_p%C3%BAblico-line-084_1-Brasilia-1702-851595-466292-0,-1.0,-15.79611,-47.93356,6.11,,,1,2023-06-17T22:39:46+00:00
BRA_338231,Brasília,5300108,,Urbi,871.3,https://moovitapp.com/index/pt-br/transporte_p%C3%BAblico-line-871_3-Brasilia-1702-851595-588820-0,-1.0,-15.81322,-47.93776,15.0,,,2,2023-06-17T22:39:46+00:00
BRA_340766,Brasília,5300108,,Urbi,0.347,https://moovitapp.com/index/pt-br/transporte_p%C3%BAblico-line-0_347-Brasilia-1702-851595-347128-0,-1.0,-15.81715,-47.98079,13.33,,,2,2023-06-17T22:39:46+00:00
BRA_338214,Brasília,5300108,,Urbi,807.9,https://moovitapp.com/index/pt-br/transporte_p%C3%BAblico-line-807_9-Brasilia-1702-851595-322409-0,-1.0,-15.90669,-48.06554,0.0,,,2,2023-06-17T22:39:47+00:00
BRA_340081,Brasília,5300108,,Urbi,396.2,https://moovitapp.com/index/pt-br/transporte_p%C3%BAblico-line-396_2-Brasilia-1702-851595-372377-0,-1.0,-15.82712,-47.93184,9.72,,,2,2023-06-17T22:39:47+00:00
BRA_336866,Brasília,5300108,,Urbi,0.813,https://moovitapp.com/index/pt-br/transporte_p%C3%BAblico-line-0_813-Brasilia-1702-851595-651523-0,-1.0,-15.82557,-47.92413,0.0,,,1,2023-06-17T22:39:47+00:00
BRA_336980,Brasília,5300108,,Urbi,813.2,https://moovitapp.com/index/pt-br/transporte_p%C3%BAblico-line-813_2-Brasilia-1702-851595-242636-0,-1.0,-15.7698,-47.88909,0.0,,,1,2023-06-17T22:39:47+00:00
BRA_336581,Brasília,5300108,,Urbi,813.1,https://moovitapp.com/index/pt-br/transporte_p%C3%BAblico-line-813_1-Brasilia-1702-851595-242635-0,-1.0,-15.81135,-47.99104,18.89,,,1,2023-06-17T22:39:48+00:00
BRA_336467,Brasília,5300108,,Urbi,0.881,https://moovitapp.com/index/pt-br/transporte_p%C3%BAblico-line-0_881-Brasilia-1702-851595-363857-0,-1.0,-15.94958,-48.03341,0.0,,,1,2023-06-17T22:39:48+00:00
BRA_336874,Brasília,5300108,,Urbi,0.813,https://moovitapp.com/index/pt-br/transporte_p%C3%BAblico-line-0_813-Brasilia-1702-851595-651523-0,-1.0,-15.82788,-48.03201,14.72,,,2,2023-06-17T22:39:48+00:00
BRA_339229,Brasília,5300108,,Urbi,0.825,https://moovitapp.com/index/pt-br/transporte_p%C3%BAblico-line-0_825-Brasilia-1702-851595-334081-0,-1.0,-15.81807,-47.90345,14.44,,,2,2023-06-17T22:39:48+00:00
BRA_339296,Brasília,5300108,,Urbi,0.399,https://moovitapp.com/index/pt-br/transporte_p%C3%BAblico-line-0_399-Brasilia-1702-851595-454964-0,-1.0,-15.85879,-48.06808,3.89,,,2,2023-06-17T22:39:48+00:00
BRA_340391,Brasília,5300108,,Urbi,397.2,https://moovitapp.com/index/pt-br/transporte_p%C3%BAblico-line-397_2-Brasilia-1702-851595-890938-0,-1.0,-15.80863,-48.08575,14.44,,,1,2023-06-17T22:39:48+00:00
BRA_338524,Brasília,5300108,,Urbi,870.7,https://moovitapp.com/index/pt-br/transporte_p%C3%BAblico-line-870_7-Brasilia-1702-851595-531037-0,-1.0,-15.87373,-47.98017,6.39,,,2,2023-06-17T22:39:48+00:00
BRA_338117,Brasília,5300108,,Urbi,807.9,https://moovitapp.com/index/pt-br/transporte_p%C3%BAblico-line-807_9-Brasilia-1702-851595-322409-0,-1.0,-15.92142,-48.05462,4.44,,,1,2023-06-17T22:39:49+00:00
BRA_338681,Brasília,5300108,,Urbi,870.1,https://moovitapp.com/index/pt-br/transporte_p%C3%BAblico-line-870_1-Brasilia-1702-851595-715272-0,-1.0,-15.87138,-47.97541,0.0,,,2,2023-06-17T22:39:49+00:00
BRA_339083,Brasília,5300108,,Urbi,871.3,https://moovitapp.com/index/pt-br/transporte_p%C3%BAblico-line-871_3-Brasilia-1702-851595-588820-0,-1.0,-15.9298,-48.04512,0.0,,,1,2023-06-17T22:39:49+00:00
BRA_340367,Brasília,5300108,,Urbi,0.053,https://moovitapp.com/index/pt-br/transporte_p%C3%BAblico-line-0_053-Brasilia-1702-851595-588803-0,-1.0,-15.87737,-48.08922,12.78,,,1,2023-06-17T22:39:49+00:00
BRA_340251,Brasília,5300108,,Urbi,0.171,https://moovitapp.com/index/pt-br/transporte_p%C3%BAblico-line-0_171-Brasilia-1702-851595-242524-0,-1.0,-15.7639,-47.89078,1.67,,,1,2023-06-17T22:39:49+00:00
BRA_335479,Brasília,5300108,,Urbi,0.346,https://moovitapp.com/index/pt-br/transporte_p%C3%BAblico-line-0_346-Brasilia-1702-851595-46461186-0,-1.0,-15.8142,-48.09799,15.0,,,1,2023-06-17T22:39:49+00:00
BRA_335673,Brasília,5300108,,Urbi,0.163,https://moovitapp.com/index/pt-br/transporte_p%C3%BAblico-line-0_163-Brasilia-1702-851595-352629-0,-1.0,-15.83638,-47.95217,16.11,,,1,2023-06-17T22:39:49+00:00
BRA_336378,Brasília,5300108,,Urbi,373.2,https://moovitapp.com/index/pt-br/transporte_p%C3%BAblico-line-373_2-Brasilia-1702-851595-334084-0,-1.0,-15.88252,-48.11192,0.0,,,2,2023-06-17T22:39:49+00:00
BRA_337561,Brasília,5300108,,Urbi,0.811,https://moovitapp.com/index/pt-br/transporte_p%C3%BAblico-line-0_811-Brasilia-1702-851595-334078-0,-1.0,-15.82031,-47.93624,18.89,,,2,2023-06-17T22:39:49+00:00
BRA_337773,Brasília,5300108,,Urbi,0.806,https://moovitapp.com/index/pt-br/transporte_p%C3%BAblico-line-0_806-Brasilia-1702-851595-339299-0,-1.0,-15.94098,-48.0363,5.83,,,1,2023-06-17T22:39:49+00:00
BRA_337897,Brasília,5300108,,Urbi,0.886,https://moovitapp.com/index/pt-br/transporte_p%C3%BAblico-line-0_886-Brasilia-1702-851595-704024-0,-1.0,-15.88158,-48.01316,6.11,,,1,2023-06-17T22:39:50+00:00
BRA_337609,Brasília,5300108,,Urbi,0.808,https://moovitapp.com/index/pt-br/transporte_p%C3%BAblico-line-0_808-Brasilia-1702-851595-372359-0,-1.0,-15.86443,-48.0574,2.22,,,2,2023-06-17T22:39:50+00:00
BRA_337170,Brasília,5300108,,Urbi,0.898,https://moovitapp.com/index/pt-br/transporte_p%C3%BAblico-line-0_898-Brasilia-1702-851595-322394-0,-1.0,-15.83862,-48.11702,5.28,,,1,2023-06-17T22:39:50+00:00
BRA_335924,Brasília,5300108,,Urbi,366.7,https://moovitapp.com/index/pt-br/transporte_p%C3%BAblico-line-366_7-Brasilia-1702-851595-650086-0,-1.0,-15.87217,-48.08669,4.44,,,1,2023-06-17T22:39:50+00:00
BRA_335355,Brasília,5300108,,Urbi,056.2,https://moovitapp.com/index/pt-br/transporte_p%C3%BAblico-line-056_2-Brasilia-1702-851595-492982-0,-1.0,-15.82197,-48.11297,0.0,,,1,2023-06-17T22:39:50+00:00
BRA_339075,Brasília,5300108,,Urbi,0.087,https://moovitapp.com/index/pt-br/transporte_p%C3%BAblico-line-0_087-Brasilia-1702-851595-242519-0,-1.0,-15.88304,-48.01686,4.17,,,1,2023-06-17T22:39:50+00:00
BRA_338443,Brasília,5300108,,Urbi,874.4,https://moovitapp.com/index/pt-br/transporte_p%C3%BAblico-line-874_4-Brasilia-1702-851595-775106-0,-1.0,-15.91296,-48.05574,0.0,,,1,2023-06-17T22:39:51+00:00
BRA_340464,Brasília,5300108,,Urbi,396.3,https://moovitapp.com/index/pt-br/transporte_p%C3%BAblico-line-396_3-Brasilia-1702-851595-372378-0,-1.0,-15.80262,-47.89563,15.83,,,2,2023-06-17T22:39:51+00:00
BRA_339385,Brasília,5300108,,Urbi,396.2,https://moovitapp.com/index/pt-br/transporte_p%C3%BAblico-line-396_2-Brasilia-1702-851595-372377-0,-1.0,-15.87766,-48.08828,4.72,,,1,2023-06-17T22:39:51+00:00
BRA_339156,Brasília,5300108,,Urbi,870.7,https://moovitapp.com/index/pt-br/transporte_p%C3%BAblico-line-870_7-Brasilia-1702-851595-531037-0,-1.0,-15.92421,-48.04681,8.61,,,1,2023-06-17T22:39:51+00:00
BRA_336548,Brasília,5300108,,Urbi,813.1,https://moovitapp.com/index/pt-br/transporte_p%C3%BAblico-line-813_1-Brasilia-1702-851595-242635-0,-1.0,-15.85562,-48.03881,0.0,,,2,2023-06-17T22:39:51+00:00
BRA_337528,Brasília,5300108,,Urbi,0.882,https://moovitapp.com/index/pt-br/transporte_p%C3%BAblico-line-0_882-Brasilia-1702-851595-363858-0,-1.0,-15.79393,-47.88055,0.83,,,1,2023-06-17T22:39:51+00:00
BRA_336939,Brasília,5300108,,Urbi,0.811,https://moovitapp.com/index/pt-br/transporte_p%C3%BAblico-line-0_811-Brasilia-1702-851595-334078-0,-1.0,-15.88245,-48.05374,3.06,,,2,2023-06-17T22:39:51+00:00
BRA_337587,Brasília,5300108,,Urbi,0.882,https://moovitapp.com/index/pt-br/transporte_p%C3%BAblico-line-0_882-Brasilia-1702-851595-363858-0,-1.0,-15.87816,-48.01364,19.17,,,1,2023-06-17T22:39:52+00:00
BRA_337374,Brasília,5300108,,Urbi,813.2,https://moovitapp.com/index/pt-br/transporte_p%C3%BAblico-line-813_2-Brasilia-1702-851595-242636-0,-1.0,-15.84209,-47.93137,18.89,,,2,2023-06-17T22:39:52+00:00
BRA_336483,Brasília,5300108,,Urbi,813.1,https://moovitapp.com/index/pt-br/transporte_p%C3%BAblico-line-813_1-Brasilia-1702-851595-242635-0,-1.0,-15.91201,-48.09444,1.39,,,1,2023-06-17T22:39:52+00:00
BRA_340332,Brasília,5300108,,Urbi,366.1,https://moovitapp.com/index/pt-br/transporte_p%C3%BAblico-line-366_1-Brasilia-1702-851595-425249-0,-1.0,-15.8658,-48.05628,7.78,,,2,2023-06-17T22:39:53+00:00
BRA_340448,Brasília,5300108,,Urbi,056.2,https://moovitapp.com/index/pt-br/transporte_p%C3%BAblico-line-056_2-Brasilia-1702-851595-492982-0,-1.0,-15.88738,-48.14823,16.94,,,2,2023-06-17T22:39:53+00:00
BRA_340553,Brasília,5300108,,Urbi,0.366,https://moovitapp.com/index/pt-br/transporte_p%C3%BAblico-line-0_366-Brasilia-1702-851595-650085-0,-1.0,-15.85406,-48.07312,1.39,,,1,2023-06-17T22:39:53+00:00
BRA_340570,Brasília,5300108,,Urbi,056.2,https://moovitapp.com/index/pt-br/transporte_p%C3%BAblico-line-056_2-Brasilia-1702-851595-492982-0,-1.0,-15.80875,-48.08496,5.83,,,1,2023-06-17T22:39:53+00:00
BRA_336513,Brasília,5300108,,Urbi,813.2,https://moovitapp.com/index/pt-br/transporte_p%C3%BAblico-line-813_2-Brasilia-1702-851595-242636-0,-1.0,-15.89783,-48.05475,15.0,,,1,2023-06-17T22:39:53+00:00
BRA_336432,Brasília,5300108,,Urbi,0.813,https://moovitapp.com/index/pt-br/transporte_p%C3%BAblico-line-0_813-Brasilia-1702-851595-651523-0,-1.0,-15.76345,-47.89134,4.17,,,2,2023-06-17T22:39:53+00:00
BRA_337811,Brasília,5300108,,Urbi,813.2,https://moovitapp.com/index/pt-br/transporte_p%C3%BAblico-line-813_2-Brasilia-1702-851595-242636-0,-1.0,-15.73646,-47.9071,1.67,,,2,2023-06-17T22:39:54+00:00
BRA_336891,Brasília,5300108,,Urbi,874.4,https://moovitapp.com/index/pt-br/transporte_p%C3%BAblico-line-874_4-Brasilia-1702-851595-775106-0,-1.0,-15.87632,-47.99148,13.61,,,2,2023-06-17T22:39:54+00:00
BRA_335916,Brasília,5300108,,Urbi,0.129,https://moovitapp.com/index/pt-br/transporte_p%C3%BAblico-line-0_129-Brasilia-1702-851595-775097-0,-1.0,-15.8173,-47.80615,18.06,,,1,2023-06-17T22:39:54+00:00
BRA_336050,Brasília,5300108,,Urbi,0.399,https://moovitapp.com/index/pt-br/transporte_p%C3%BAblico-line-0_399-Brasilia-1702-851595-454964-0,-1.0,-15.88762,-48.09401,13.61,,,1,2023-06-17T22:39:54+00:00
BRA_335789,Brasília,5300108,,Urbi,393.7,https://moovitapp.com/index/pt-br/transporte_p%C3%BAblico-line-393_7-Brasilia-1702-851595-588818-0,-1.0,-15.89227,-48.11632,10.28,,,1,2023-06-17T22:39:54+00:00
BRA_335321,Brasília,5300108,,Urbi,396.3,https://moovitapp.com/index/pt-br/transporte_p%C3%BAblico-line-396_3-Brasilia-1702-851595-372378-0,-1.0,-15.81611,-47.91114,13.06,,,1,2023-06-17T22:39:54+00:00
BRA_340677,Brasília,5300108,,Urbi,0.050,https://moovitapp.com/index/pt-br/transporte_p%C3%BAblico-line-0_050-Brasilia-1702-851595-781325-0,-1.0,-15.80663,-48.07849,1.11,,,1,2023-06-17T22:39:54+00:00
BRA_336807,Brasília,5300108,,Urbi,394.1,https://moovitapp.com/index/pt-br/transporte_p%C3%BAblico-line-394_1-Brasilia-1702-851595-334089-0,-1.0,-15.87645,-48.06427,11.67,,,2,2023-06-17T22:39:54+00:00
BRA_338362,Brasília,5300108,,Urbi,807.1,https://moovitapp.com/index/pt-br/transporte_p%C3%BAblico-line-807_1-Brasilia-1702-851595-322407-0,-1.0,-15.87862,-48.06112,9.17,,,1,2023-06-17T22:39:55+00:00
BRA_339903,Brasília,5300108,,Urbi,0.082,https://moovitapp.com/index/pt-br/transporte_p%C3%BAblico-line-0_082-Brasilia-1702-851595-781326-0,-1.0,-15.75615,-47.93002,12.22,,,1,2023-06-17T22:39:55+00:00
BRA_339202,Brasília,5300108,,Urbi,0.056,https://moovitapp.com/index/pt-br/transporte_p%C3%BAblico-line-0_056-Brasilia-1702-851595-588804-0,-1.0,-15.81779,-48.08231,0.0,,,1,2023-06-17T22:39:55+00:00
BRA_336190,Brasília,5300108,,Urbi,0.394,https://moovitapp.com/index/pt-br/transporte_p%C3%BAblico-line-0_394-Brasilia-1702-851595-334076-0,-1.0,-15.79111,-47.88695,8.61,,,2,2023-06-17T22:39:55+00:00
BRA_336963,Brasília,5300108,,Urbi,0.872,https://moovitapp.com/index/pt-br/transporte_p%C3%BAblico-line-0_872-Brasilia-1702-851595-466291-0,-1.0,-15.82628,-48.05961,0.0,,,1,2023-06-17T22:39:55+00:00
BRA_337323,Brasília,5300108,,Urbi,870.1,https://moovitapp.com/index/pt-br/transporte_p%C3%BAblico-line-870_1-Brasilia-1702-851595-715272-0,-1.0,-15.94918,-48.03373,0.0,,,1,2023-06-17T22:39:55+00:00
BRA_337544,Brasília,5300108,,Urbi,807.6,https://moovitapp.com/index/pt-br/transporte_p%C3%BAblico-line-807_6-Brasilia-1702-851595-334092-0,-1.0,-15.91842,-48.06174,2.5,,,1,2023-06-17T22:39:55+00:00
BRA_337820,Brasília,5300108,,Urbi,807.8,https://moovitapp.com/index/pt-br/transporte_p%C3%BAblico-line-807_8-Brasilia-1702-851595-322408-0,-1.0,-15.91194,-48.09429,0.0,,,1,2023-06-17T22:39:56+00:00
BRA_337021,Brasília,5300108,,Urbi,805.9,https://moovitapp.com/index/pt-br/transporte_p%C3%BAblico-line-805_9-Brasilia-1702-851595-454983-0,-1.0,-15.90994,-48.09089,11.94,,,1,2023-06-17T22:39:56+00:00
BRA_336611,Brasília,5300108,,Urbi,0.871,https://moovitapp.com/index/pt-br/transporte_p%C3%BAblico-line-0_871-Brasilia-1702-851595-418741-0,-1.0,-15.89905,-48.05544,0.0,,,2,2023-06-17T22:39:56+00:00
BRA_335681,Brasília,5300108,,Urbi,0.373,https://moovitapp.com/index/pt-br/transporte_p%C3%BAblico-line-0_373-Brasilia-1702-851595-334072-0,-1.0,-15.87904,-48.11871,0.0,,,1,2023-06-17T22:39:56+00:00
BRA_335401,Brasília,5300108,,Urbi,391.3,https://moovitapp.com/index/pt-br/transporte_p%C3%BAblico-line-391_3-Brasilia-1702-851595-372373-0,-1.0,-15.76243,-47.89153,9.17,,,2,2023-06-17T22:39:56+00:00
BRA_335363,Brasília,5300108,,Urbi,0.391,https://moovitapp.com/index/pt-br/transporte_p%C3%BAblico-line-0_391-Brasilia-1702-851595-372354-0,-1.0,-15.85795,-47.95573,7.78,,,1,2023-06-17T22:39:56+00:00
BRA_340111,Brasília,5300108,,Urbi,0.340,https://moovitapp.com/index/pt-br/transporte_p%C3%BAblico-line-0_340-Brasilia-1702-851595-641378-0,-1.0,-15.94948,-48.23265,7.22,,,2,2023-06-17T22:39:56+00:00
BRA_340057,Brasília,5300108,,Urbi,0.050,https://moovitapp.com/index/pt-br/transporte_p%C3%BAblico-line-0_050-Brasilia-1702-851595-781325-0,-1.0,-15.85163,-48.06298,10.0,,,1,2023-06-17T22:39:56+00:00
BRA_340685,Brasília,5300108,,Urbi,366.1,https://moovitapp.com/index/pt-br/transporte_p%C3%BAblico-line-366_1-Brasilia-1702-851595-425249-0,-1.0,-15.8845,-48.1512,0.28,,,2,2023-06-17T22:39:56+00:00
BRA_339881,Brasília,5300108,,Urbi,0.821,https://moovitapp.com/index/pt-br/transporte_p%C3%BAblico-line-0_821-Brasilia-1702-851595-334080-0,-1.0,-15.89472,-48.12093,11.94,,,1,2023-06-17T22:39:56+00:00
BRA_338168,Brasília,5300108,,Urbi,0.368,https://moovitapp.com/index/pt-br/transporte_p%C3%BAblico-line-0_368-Brasilia-1702-851595-706971-0,-1.0,-15.83455,-48.08258,10.0,,,1,2023-06-17T22:39:56+00:00
BRA_339113,Brasília,5300108,,Urbi,806.1,https://moovitapp.com/index/pt-br/transporte_p%C3%BAblico-line-806_1-Brasilia-1702-851595-775104-0,-1.0,-15.89826,-48.04288,11.94,,,2,2023-06-17T22:39:57+00:00
BRA_335606,Brasília,5300108,,Urbi,367.2,https://moovitapp.com/index/pt-br/transporte_p%C3%BAblico-line-367_2-Brasilia-1702-851595-454971-0,-1.0,-15.8426,-48.04704,7.22,,,1,2023-06-17T22:39:57+00:00
BRA_335878,Brasília,5300108,,Urbi,391.3,https://moovitapp.com/index/pt-br/transporte_p%C3%BAblico-line-391_3-Brasilia-1702-851595-372373-0,-1.0,-15.89968,-48.12388,0.0,,,2,2023-06-17T22:39:57+00:00
BRA_337234,Brasília,5300108,,Urbi,0.805,https://moovitapp.com/index/pt-br/transporte_p%C3%BAblico-line-0_805-Brasilia-1702-851595-460800-0,-1.0,-15.84381,-48.05085,0.0,,,1,2023-06-17T22:39:57+00:00
BRA_337641,Brasília,5300108,,Urbi,0.809,https://moovitapp.com/index/pt-br/transporte_p%C3%BAblico-line-0_809-Brasilia-1702-851595-516630-0,-1.0,-15.89877,-48.0555,0.0,,,2,2023-06-17T22:39:58+00:00
BRA_337366,Brasília,5300108,,Urbi,805.9,https://moovitapp.com/index/pt-br/transporte_p%C3%BAblico-line-805_9-Brasilia-1702-851595-454983-0,-1.0,-15.84036,-48.05651,6.39,,,1,2023-06-17T22:39:58+00:00
BRA_336025,Brasília,5300108,,Urbi,366.1,https://moovitapp.com/index/pt-br/transporte_p%C3%BAblico-line-366_1-Brasilia-1702-851595-425249-0,-1.0,-15.86887,-48.08612,6.11,,,1,2023-06-17T22:39:58+00:00
BRA_340472,Brasília,5300108,,Urbi,056.4,https://moovitapp.com/index/pt-br/transporte_p%C3%BAblico-line-056_4-Brasilia-1702-851595-519387-0,-1.0,-15.80848,-48.08416,0.28,,,1,2023-06-17T22:39:58+00:00
BRA_338044,Brasília,5300108,,Urbi,870.1,https://moovitapp.com/index/pt-br/transporte_p%C3%BAblico-line-870_1-Brasilia-1702-851595-715272-0,-1.0,-15.89514,-48.04809,3.61,,,1,2023-06-17T22:39:58+00:00
BRA_340723,Brasília,5300108,,Urbi,0.161,https://moovitapp.com/index/pt-br/transporte_p%C3%BAblico-line-0_161-Brasilia-1702-851595-704023-0,-1.0,-15.87675,-47.97692,6.11,,,1,2023-06-17T22:39:58+00:00
BRA_335584,Brasília,5300108,,Urbi,0.366,https://moovitapp.com/index/pt-br/transporte_p%C3%BAblico-line-0_366-Brasilia-1702-851595-650085-0,-1.0,-15.88058,-48.09426,9.44,,,2,2023-06-17T22:39:59+00:00
BRA_335908,Brasília,5300108,,Urbi,372.5,https://moovitapp.com/index/pt-br/transporte_p%C3%BAblico-line-372_5-Brasilia-1702-851595-519391-0,-1.0,-15.89798,-48.14683,7.22,,,1,2023-06-17T22:39:59+00:00
BRA_336971,Brasília,5300108,,Urbi,807.9,https://moovitapp.com/index/pt-br/transporte_p%C3%BAblico-line-807_9-Brasilia-1702-851595-322409-0,-1.0,-15.89491,-48.05648,13.61,,,2,2023-06-17T22:39:59+00:00
BRA_337277,Brasília,5300108,,Urbi,0.805,https://moovitapp.com/index/pt-br/transporte_p%C3%BAblico-line-0_805-Brasilia-1702-851595-460800-0,-1.0,-15.84947,-48.04766,0.0,,,1,2023-06-17T22:40:00+00:00
BRA_336904,Brasília,5300108,,Urbi,0.810,https://moovitapp.com/index/pt-br/transporte_p%C3%BAblico-line-0_810-Brasilia-1702-851595-363856-0,-1.0,-15.84112,-47.92105,5.28,,,1,2023-06-17T22:40:00+00:00
BRA_336262,Brasília,5300108,,Urbi,393.4,https://moovitapp.com/index/pt-br/transporte_p%C3%BAblico-line-393_4-Brasilia-1702-851595-588816-0,-1.0,-15.88879,-48.10122,8.06,,,1,2023-06-17T22:40:00+00:00
BRA_336734,Brasília,5300108,,Urbi,396.3,https://moovitapp.com/index/pt-br/transporte_p%C3%BAblico-line-396_3-Brasilia-1702-851595-372378-0,-1.0,-15.88155,-48.07988,13.89,,,1,2023-06-17T22:40:00+00:00
BRA_339890,Brasília,5300108,,Urbi,0.160,https://moovitapp.com/index/pt-br/transporte_p%C3%BAblico-line-0_160-Brasilia-1702-851595-470755-0,-1.0,-15.81409,-47.89816,14.72,,,2,2023-06-17T22:40:00+00:00
BRA_340201,Brasília,5300108,,Urbi,397.2,https://moovitapp.com/index/pt-br/transporte_p%C3%BAblico-line-397_2-Brasilia-1702-851595-890938-0,-1.0,-15.7887,-48.13474,0.0,,,2,2023-06-17T22:40:00+00:00
BRA_338184,Brasília,5300108,,Urbi,0.873,https://moovitapp.com/index/pt-br/transporte_p%C3%BAblico-line-0_873-Brasilia-1702-851595-510238-0,-1.0,-15.81382,-48.11887,16.11,,,2,2023-06-17T22:40:00+00:00
BRA_339181,Brasília,5300108,,Urbi,0.054,https://moovitapp.com/index/pt-br/transporte_p%C3%BAblico-line-0_054-Brasilia-1702-851595-454960-0,-1.0,-15.8743,-48.0593,5.83,,,1,2023-06-17T22:40:01+00:00
BRA_336661,Brasília,5300108,,Urbi,0.394,https://moovitapp.com/index/pt-br/transporte_p%C3%BAblico-line-0_394-Brasilia-1702-851595-334076-0,-1.0,-15.83249,-48.05115,11.39,,,1,2023-06-17T22:40:01+00:00
BRA_337382,Brasília,5300108,,Urbi,871.3,https://moovitapp.com/index/pt-br/transporte_p%C3%BAblico-line-871_3-Brasilia-1702-851595-588820-0,-1.0,-15.73597,-47.90733,0.0,,,2,2023-06-17T22:40:01+00:00
BRA_337404,Brasília,5300108,,Urbi,0.810,https://moovitapp.com/index/pt-br/transporte_p%C3%BAblico-line-0_810-Brasilia-1702-851595-363856-0,-1.0,-15.92906,-48.10926,0.0,,,1,2023-06-17T22:40:02+00:00
BRA_337510,Brasília,5300108,,Urbi,0.808,https://moovitapp.com/index/pt-br/transporte_p%C3%BAblico-line-0_808-Brasilia-1702-851595-372359-0,-1.0,-15.83172,-48.07737,10.0,,,1,2023-06-17T22:40:02+00:00
BRA_337102,Brasília,5300108,,Urbi,871.3,https://moovitapp.com/index/pt-br/transporte_p%C3%BAblico-line-871_3-Brasilia-1702-851595-588820-0,-1.0,-15.9011,-48.05465,8.33,,,2,2023-06-17T22:40:02+00:00
BRA_336301,Brasília,5300108,,Urbi,0.380,https://moovitapp.com/index/pt-br/transporte_p%C3%BAblico-line-0_380-Brasilia-1702-851595-334073-0,-1.0,-15.83498,-48.06117,11.94,,,2,2023-06-17T22:40:02+00:00
BRA_336394,Brasília,5300108,,Urbi,380.2,https://moovitapp.com/index/pt-br/transporte_p%C3%BAblico-line-380_2-Brasilia-1702-851595-334086-0,-1.0,-15.81197,-47.97893,17.5,,,2,2023-06-17T22:40:02+00:00
BRA_339300,Brasília,5300108,,Urbi,366.1,https://moovitapp.com/index/pt-br/transporte_p%C3%BAblico-line-366_1-Brasilia-1702-851595-425249-0,-1.0,-15.88847,-48.09573,5.83,,,2,2023-06-17T22:40:02+00:00
BRA_340669,Brasília,5300108,,Urbi,0.171,https://moovitapp.com/index/pt-br/transporte_p%C3%BAblico-line-0_171-Brasilia-1702-851595-242524-0,-1.0,-15.8396,-47.95435,13.06,,,2,2023-06-17T22:40:02+00:00
BRA_338885,Brasília,5300108,,Urbi,0.810,https://moovitapp.com/index/pt-br/transporte_p%C3%BAblico-line-0_810-Brasilia-1702-851595-363856-0,-1.0,-15.89856,-48.05557,0.83,,,2,2023-06-17T22:40:02+00:00
BRA_338851,Brasília,5300108,,Urbi,0.812,https://moovitapp.com/index/pt-br/transporte_p%C3%BAblico-line-0_812-Brasilia-1702-851595-697958-0,-1.0,-15.84322,-48.11889,3.33,,,1,2023-06-17T22:40:02+00:00
BRA_338281,Brasília,5300108,,Urbi,807.8,https://moovitapp.com/index/pt-br/transporte_p%C3%BAblico-line-807_8-Brasilia-1702-851595-322408-0,-1.0,-15.91229,-48.0954,14.72,,,2,2023-06-17T22:40:02+00:00
BRA_340731,Brasília,5300108,,Urbi,0.391,https://moovitapp.com/index/pt-br/transporte_p%C3%BAblico-line-0_391-Brasilia-1702-851595-372354-0,-1.0,-15.81168,-47.93801,15.28,,,2,2023-06-17T22:40:02+00:00
BRA_337927,Brasília,5300108,,Urbi,0.087,https://moovitapp.com/index/pt-br/transporte_p%C3%BAblico-line-0_087-Brasilia-1702-851595-242519-0,-1.0,-15.87558,-47.97529,11.11,,,1,2023-06-17T22:40:03+00:00
BRA_338583,Brasília,5300108,,Urbi,038.1,https://moovitapp.com/index/pt-br/transporte_p%C3%BAblico-line-038_1-Brasilia-1702-851595-781327-0,-1.0,-15.83651,-48.05579,7.78,,,1,2023-06-17T22:40:03+00:00
BRA_340634,Brasília,5300108,,Urbi,393.4,https://moovitapp.com/index/pt-br/transporte_p%C3%BAblico-line-393_4-Brasilia-1702-851595-588816-0,-1.0,-15.8718,-48.05721,10.83,,,1,2023-06-17T22:40:03+00:00
BRA_336459,Brasília,5300108,,Urbi,807.8,https://moovitapp.com/index/pt-br/transporte_p%C3%BAblico-line-807_8-Brasilia-1702-851595-322408-0,-1.0,-15.92314,-48.04504,4.72,,,1,2023-06-17T22:40:03+00:00
BRA_335983,Brasília,5300108,,Urbi,391.3,https://moovitapp.com/index/pt-br/transporte_p%C3%BAblico-line-391_3-Brasilia-1702-851595-372373-0,-1.0,-15.87622,-47.99151,11.39,,,2,2023-06-17T22:40:03+00:00
BRA_337056,Brasília,5300108,,Urbi,0.809,https://moovitapp.com/index/pt-br/transporte_p%C3%BAblico-line-0_809-Brasilia-1702-851595-516630-0,-1.0,-15.80331,-47.88797,15.0,,,2,2023-06-17T22:40:03+00:00
BRA_337480,Brasília,5300108,,Urbi,0.814,https://moovitapp.com/index/pt-br/transporte_p%C3%BAblico-line-0_814-Brasilia-1702-851595-492980-0,-1.0,-15.87935,-48.06122,0.83,,,1,2023-06-17T22:40:03+00:00
BRA_337901,Brasília,5300108,,Urbi,872.9,https://moovitapp.com/index/pt-br/transporte_p%C3%BAblico-line-872_9-Brasilia-1702-851595-372394-0,-1.0,-15.87475,-48.05912,4.44,,,1,2023-06-17T22:40:03+00:00
BRA_337731,Brasília,5300108,,Urbi,874.4,https://moovitapp.com/index/pt-br/transporte_p%C3%BAblico-line-874_4-Brasilia-1702-851595-775106-0,-1.0,-15.79368,-47.88271,2.22,,,2,2023-06-17T22:40:04+00:00
BRA_337501,Brasília,5300108,,Urbi,0.807,https://moovitapp.com/index/pt-br/transporte_p%C3%BAblico-line-0_807-Brasilia-1702-851595-6677121-0,-1.0,-15.929,-48.10925,14.44,,,1,2023-06-17T22:40:04+00:00
BRA_340154,Brasília,5300108,,Urbi,056.4,https://moovitapp.com/index/pt-br/transporte_p%C3%BAblico-line-056_4-Brasilia-1702-851595-519387-0,-1.0,-15.82927,-48.07827,15.56,,,1,2023-06-17T22:40:04+00:00
BRA_338621,Brasília,5300108,,Urbi,805.1,https://moovitapp.com/index/pt-br/transporte_p%C3%BAblico-line-805_1-Brasilia-1702-851595-454980-0,-1.0,-15.88604,-48.059,12.22,,,1,2023-06-17T22:40:04+00:00
BRA_338737,Brasília,5300108,,Urbi,0.808,https://moovitapp.com/index/pt-br/transporte_p%C3%BAblico-line-0_808-Brasilia-1702-851595-372359-0,-1.0,-15.81151,-48.09272,13.61,,,2,2023-06-17T22:40:05+00:00
BRA_337099,Brasília,5300108,,Urbi,0.809,https://moovitapp.com/index/pt-br/transporte_p%C3%BAblico-line-0_809-Brasilia-1702-851595-516630-0,-1.0,-15.90383,-48.07135,1.39,,,2,2023-06-17T22:40:05+00:00
BRA_442771,Brasília,5300108,,Marechal,933.1,https://moovitapp.com/index/pt-br/transporte_p%C3%BAblico-line-933_1-Brasilia-1702-851940-358307-0,-1.0,-15.836497,-48.119573,36.0,,,2,2023-06-17T22:39:51+00:00
BRA_444154,Brasília,5300108,,Marechal,0.363,https://moovitapp.com/index/pt-br/transporte_p%C3%BAblico-line-0_363-Brasilia-1702-851940-504339-0,-1.0,-15.820957,-48.107463,22.0,,,2,2023-06-17T22:39:51+00:00
BRA_440469,Brasília,5300108,,São José,0.092,https://moovitapp.com/index/pt-br/transporte_p%C3%BAblico-line-0_092-Brasilia-1702-851943-496589-0,-1.0,-15.86828,-47.962487,15.0,,,2,2023-06-17T22:39:51+00:00
BRA_445291,Brasília,5300108,,Marechal,0.383,https://moovitapp.com/index/pt-br/transporte_p%C3%BAblico-line-0_383-Brasilia-1702-851940-347151-0,-1.0,-15.81305,-48.095983,42.0,,,2,2023-06-17T22:39:51+00:00
BRA_442861,Brasília,5300108,,Marechal,363.2,https://moovitapp.com/index/pt-br/transporte_p%C3%BAblico-line-363_2-Brasilia-1702-851940-725443-0,-1.0,-15.839517,-48.129093,0.0,,,2,2023-06-17T22:39:51+00:00
BRA_440744,Brasília,5300108,,Urbi,872.9,https://moovitapp.com/index/pt-br/transporte_p%C3%BAblico-line-872_9-Brasilia-1702-851595-372394-0,-1.0,-15.925883,-48.05131,6.0,,,2,2023-06-17T22:39:51+00:00
BRA_441881,Brasília,5300108,,Marechal,933.1,https://moovitapp.com/index/pt-br/transporte_p%C3%BAblico-line-933_1-Brasilia-1702-851940-358307-0,-1.0,-15.840013,-48.127257,0.0,,,2,2023-06-17T22:39:51+00:00
BRA_442453,Brasília,5300108,,Marechal,933.6,https://moovitapp.com/index/pt-br/transporte_p%C3%BAblico-line-933_6-Brasilia-1702-851940-3494672-0,-1.0,-15.839843,-48.12932,0.0,,,2,2023-06-17T22:39:51+00:00
BRA_440311,Brasília,5300108,,Marechal,0.090,https://moovitapp.com/index/pt-br/transporte_p%C3%BAblico-line-0_090-Brasilia-1702-851940-242702-0,-1.0,-15.846373,-47.978497,31.0,,,2,2023-06-17T22:39:51+00:00
BRA_440655,Brasília,5300108,,Marechal,0.090,https://moovitapp.com/index/pt-br/transporte_p%C3%BAblico-line-0_090-Brasilia-1702-851940-242702-0,-1.0,-15.854037,-47.959407,44.0,,,2,2023-06-17T22:39:51+00:00
BRA_440892,Brasília,5300108,,Marechal,156.1,https://moovitapp.com/index/pt-br/transporte_p%C3%BAblico-line-156_1-Brasilia-1702-851940-242750-0,-1.0,-15.8415,-47.96632,59.0,,,2,2023-06-17T22:39:51+00:00
BRA_441031,Brasília,5300108,,Marechal,260.3,https://moovitapp.com/index/pt-br/transporte_p%C3%BAblico-line-260_3-Brasilia-1702-851940-393566-0,-1.0,-15.951837,-48.032963,59.0,,,2,2023-06-17T22:39:52+00:00
BRA_441562,Brasília,5300108,,Marechal,933.6,https://moovitapp.com/index/pt-br/transporte_p%C3%BAblico-line-933_6-Brasilia-1702-851940-3494672-0,-1.0,-15.83981,-48.12928,0.0,,,2,2023-06-17T22:39:51+00:00
BRA_440841,Brasília,5300108,,Urbi,805.8,https://moovitapp.com/index/pt-br/transporte_p%C3%BAblico-line-805_8-Brasilia-1702-851595-454982-0,-1.0,-15.933243,-48.10858,0.0,,,2,2023-06-17T21:57:20+00:00
BRA_440418,Brasília,5300108,,Marechal,154.2,https://moovitapp.com/index/pt-br/transporte_p%C3%BAblico-line-154_2-Brasilia-1702-851940-527234-0,-1.0,-15.82615,-47.9814,40.0,,,2,2023-06-17T22:39:51+00:00
BRA_440981,Brasília,5300108,,Marechal,154.2,https://moovitapp.com/index/pt-br/transporte_p%C3%BAblico-line-154_2-Brasilia-1702-851940-527234-0,-1.0,-15.818707,-47.983923,48.0,,,2,2023-06-17T22:39:51+00:00
BRA_443395,Brasília,5300108,,Urbi,056.4,https://moovitapp.com/index/pt-br/transporte_p%C3%BAblico-line-056_4-Brasilia-1702-851595-519387-0,-1.0,-15.846547,-48.10774,44.0,,,2,2023-06-17T22:39:51+00:00
BRA_440604,Brasília,5300108,,Marechal,0.951,https://moovitapp.com/index/pt-br/transporte_p%C3%BAblico-line-0_951-Brasilia-1702-851940-783578-0,-1.0,-15.869347,-48.03777,0.0,,,2,2023-06-17T22:39:51+00:00
BRA_440931,Brasília,5300108,,Marechal,355.3,https://moovitapp.com/index/pt-br/transporte_p%C3%BAblico-line-355_3-Brasilia-1702-851940-504343-0,-1.0,-15.866767,-48.037437,0.0,,,2,2023-06-17T22:39:46+00:00
BRA_442062,Brasília,5300108,,Urbi,056.4,https://moovitapp.com/index/pt-br/transporte_p%C3%BAblico-line-056_4-Brasilia-1702-851595-519387-0,-1.0,-15.836857,-48.07527,52.0,,,2,2023-06-17T22:39:52+00:00
BRA_440141,Brasília,5300108,,Urbi,0.872,https://moovitapp.com/index/pt-br/transporte_p%C3%BAblico-line-0_872-Brasilia-1702-851595-466291-0,-1.0,-15.83363,-48.057123,0.0,,,2,2023-06-17T22:39:51+00:00
BRA_443191,Brasília,5300108,,Urbi,393.6,https://moovitapp.com/index/pt-br/transporte_p%C3%BAblico-line-393_6-Brasilia-1702-851595-588817-0,-1.0,-15.860157,-48.03639,49.0,,,2,2023-06-17T22:39:51+00:00
BRA_441147,Brasília,5300108,,Marechal,355.1,https://moovitapp.com/index/pt-br/transporte_p%C3%BAblico-line-355_1-Brasilia-1702-851940-729097-0,-1.0,-15.869723,-48.038,0.0,,,2,2023-06-17T22:38:40+00:00
BRA_443441,Brasília,5300108,,Urbi,0.367,https://moovitapp.com/index/pt-br/transporte_p%C3%BAblico-line-0_367-Brasilia-1702-851595-519380-0,-1.0,-15.840087,-48.12943,0.0,,,2,2023-06-17T22:39:46+00:00
BRA_441040,Brasília,5300108,,Marechal,0.205,https://moovitapp.com/index/pt-br/transporte_p%C3%BAblico-line-0_205-Brasilia-1702-851940-463646-0,-1.0,-16.04088,-48.058923,13.0,,,2,2023-06-17T22:39:51+00:00
BRA_441121,Brasília,5300108,,Marechal,355.2,https://moovitapp.com/index/pt-br/transporte_p%C3%BAblico-line-355_2-Brasilia-1702-851940-510251-0,-1.0,-15.802773,-48.067783,0.0,,,2,2023-06-17T22:39:51+00:00
BRA_442429,Brasília,5300108,,Marechal,383.3,https://moovitapp.com/index/pt-br/transporte_p%C3%BAblico-line-383_3-Brasilia-1702-851940-88144102-0,-1.0,-15.793983,-47.883,0.0,,,2,2023-06-17T22:39:46+00:00
BRA_441724,Brasília,5300108,,Marechal,933.6,https://moovitapp.com/index/pt-br/transporte_p%C3%BAblico-line-933_6-Brasilia-1702-851940-3494672-0,-1.0,-15.838167,-48.12184,27.0,,,2,2023-06-17T22:39:51+00:00
BRA_440523,Brasília,5300108,,Piracicabana,099.1,https://moovitapp.com/index/pt-br/transporte_p%C3%BAblico-line-099_1-Brasilia-1702-850942-775090-0,-1.0,-15.869313,-48.03822,0.0,,,2,2023-06-17T22:39:51+00:00
BRA_445240,Brasília,5300108,,Marechal,0.378,https://moovitapp.com/index/pt-br/transporte_p%C3%BAblico-line-0_378-Brasilia-1702-851940-347150-0,-1.0,-15.784427,-47.91203,39.0,,,2,2023-06-17T22:39:51+00:00
BRA_440434,Brasília,5300108,,Marechal,260.3,https://moovitapp.com/index/pt-br/transporte_p%C3%BAblico-line-260_3-Brasilia-1702-851940-393566-0,-1.0,-15.869457,-48.03832,0.0,,,2,2023-06-17T22:18:52+00:00
BRA_440205,Brasília,5300108,,Marechal,0.205,https://moovitapp.com/index/pt-br/transporte_p%C3%BAblico-line-0_205-Brasilia-1702-851940-463646-0,-1.0,-15.79488,-48.11087,0.0,,,2,2023-06-17T22:39:51+00:00
BRA_442437,Brasília,5300108,,Urbi,0.347,https://moovitapp.com/index/pt-br/transporte_p%C3%BAblico-line-0_347-Brasilia-1702-851595-347128-0,-1.0,-15.832653,-48.051077,36.0,,,2,2023-06-17T22:39:51+00:00
BRA_440451,Brasília,5300108,,Marechal,959.1,https://moovitapp.com/index/pt-br/transporte_p%C3%BAblico-line-959_1-Brasilia-1702-851940-789939-0,-1.0,-15.856993,-47.997993,38.0,,,2,2023-06-17T22:22:17+00:00
BRA_445134,Brasília,5300108,,Marechal,355.3,https://moovitapp.com/index/pt-br/transporte_p%C3%BAblico-line-355_3-Brasilia-1702-851940-504343-0,-1.0,-15.82782,-48.053347,38.0,,,2,2023-06-17T22:39:51+00:00
BRA_441201,Brasília,5300108,,Marechal,0.205,https://moovitapp.com/index/pt-br/transporte_p%C3%BAblico-line-0_205-Brasilia-1702-851940-463646-0,-1.0,-15.869917,-48.03115,42.0,,,2,2023-06-17T22:39:54+00:00
BRA_443701,Brasília,5300108,,Marechal,0.355,https://moovitapp.com/index/pt-br/transporte_p%C3%BAblico-line-0_355-Brasilia-1702-851940-504338-0,-1.0,-15.860857,-48.037487,22.0,,,2,2023-06-17T22:39:51+00:00
BRA_440728,Brasília,5300108,,Marechal,0.351,https://moovitapp.com/index/pt-br/transporte_p%C3%BAblico-line-0_351-Brasilia-1702-851940-510246-0,-1.0,-15.869497,-48.037883,0.0,,,2,2023-06-17T22:39:51+00:00
BRA_440337,Brasília,5300108,,Marechal,156.1,https://moovitapp.com/index/pt-br/transporte_p%C3%BAblico-line-156_1-Brasilia-1702-851940-242750-0,-1.0,-15.822547,-47.935377,66.0,,,2,2023-06-17T22:39:51+00:00
BRA_445258,Brasília,5300108,,Marechal,0.336,https://moovitapp.com/index/pt-br/transporte_p%C3%BAblico-line-0_336-Brasilia-1702-851940-347142-0,-1.0,-15.838607,-48.094397,60.0,,,2,2023-06-17T22:39:51+00:00
BRA_441481,Brasília,5300108,,Urbi,0.056,https://moovitapp.com/index/pt-br/transporte_p%C3%BAblico-line-0_056-Brasilia-1702-851595-588804-0,-1.0,-15.845427,-48.102283,0.0,,,2,2023-06-17T22:39:51+00:00
BRA_440167,Brasília,5300108,,Marechal,156.1,https://moovitapp.com/index/pt-br/transporte_p%C3%BAblico-line-156_1-Brasilia-1702-851940-242750-0,-1.0,-15.735957,-47.90723,0.0,,,2,2023-06-17T22:39:46+00:00
BRA_445371,Brasília,5300108,,Marechal,0.378,https://moovitapp.com/index/pt-br/transporte_p%C3%BAblico-line-0_378-Brasilia-1702-851940-347150-0,-1.0,-15.804257,-47.923287,58.0,,,2,2023-06-17T22:39:51+00:00
BRA_440264,Brasília,5300108,,Marechal,260.3,https://moovitapp.com/index/pt-br/transporte_p%C3%BAblico-line-260_3-Brasilia-1702-851940-393566-0,-1.0,-15.958987,-48.02662,34.0,,,2,2023-06-17T22:39:51+00:00
BRA_443247,Brasília,5300108,,Urbi,0.050,https://moovitapp.com/index/pt-br/transporte_p%C3%BAblico-line-0_050-Brasilia-1702-851595-781325-0,-1.0,-15.806557,-48.06644,45.0,,,2,2023-06-17T22:39:51+00:00
BRA_442445,Brasília,5300108,,Urbi,0.050,https://moovitapp.com/index/pt-br/transporte_p%C3%BAblico-line-0_050-Brasilia-1702-851595-781325-0,-1.0,-15.839427,-48.128987,0.0,,,2,2023-06-17T22:39:51+00:00
BRA_440035,Brasília,5300108,,Marechal,351.3,https://moovitapp.com/index/pt-br/transporte_p%C3%BAblico-line-351_3-Brasilia-1702-851940-510249-0,-1.0,-15.81966,-48.065397,0.0,,,2,2023-06-17T22:39:51+00:00
BRA_445398,Brasília,5300108,,Marechal,337.1,https://moovitapp.com/index/pt-br/transporte_p%C3%BAblico-line-337_1-Brasilia-1702-851940-347165-0,-1.0,-15.833643,-48.057353,36.0,,,2,2023-06-17T22:39:51+00:00
BRA_440027,Brasília,5300108,,Marechal,156.9,https://moovitapp.com/index/pt-br/transporte_p%C3%BAblico-line-156_9-Brasilia-1702-851940-76983926-0,-1.0,-15.79281,-47.9207,8.0,,,2,2023-06-17T22:39:52+00:00
BRA_444103,Brasília,5300108,,Marechal,933.3,https://moovitapp.com/index/pt-br/transporte_p%C3%BAblico-line-933_3-Brasilia-1702-851940-450287-0,-1.0,-15.84009,-48.13009,0.0,,,2,2023-06-17T22:39:51+00:00
BRA_441856,Brasília,5300108,,Marechal,0.369,https://moovitapp.com/index/pt-br/transporte_p%C3%BAblico-line-0_369-Brasilia-1702-851940-500060-0,-1.0,-15.836583,-48.118783,36.0,,,2,2023-06-17T22:39:52+00:00
BRA_440795,Brasília,5300108,,Marechal,306.1,https://moovitapp.com/index/pt-br/transporte_p%C3%BAblico-line-306_1-Brasilia-1702-851940-510248-0,-1.0,-15.798897,-47.88534,58.0,,,2,2023-06-17T22:39:51+00:00
BRA_441511,Brasília,5300108,,Marechal,0.363,https://moovitapp.com/index/pt-br/transporte_p%C3%BAblico-line-0_363-Brasilia-1702-851940-504339-0,-1.0,-15.806757,-48.079967,33.0,,,2,2023-06-17T22:39:51+00:00
BRA_441830,Brasília,5300108,,Urbi,056.4,https://moovitapp.com/index/pt-br/transporte_p%C3%BAblico-line-056_4-Brasilia-1702-851595-519387-0,-1.0,-15.87871,-48.118887,48.0,,,2,2023-06-17T22:39:51+00:00
BRA_444715,Brasília,5300108,,Marechal,0.089,https://moovitapp.com/index/pt-br/transporte_p%C3%BAblico-line-0_089-Brasilia-1702-851940-706977-0,-1.0,-15.8296,-48.058487,0.0,,,2,2023-06-17T22:39:51+00:00
BRA_444723,Brasília,5300108,,Marechal,304.1,https://moovitapp.com/index/pt-br/transporte_p%C3%BAblico-line-304_1-Brasilia-1702-851940-516636-0,-1.0,-15.78635,-47.93146,50.0,,,2,2023-06-17T22:39:53+00:00
BRA_445126,Brasília,5300108,,Urbi,805.1,https://moovitapp.com/index/pt-br/transporte_p%C3%BAblico-line-805_1-Brasilia-1702-851595-454980-0,-1.0,-15.92214,-48.10379,0.0,,,2,2023-06-17T22:39:51+00:00
BRA_442577,Brasília,5300108,,Urbi,367.2,https://moovitapp.com/index/pt-br/transporte_p%C3%BAblico-line-367_2-Brasilia-1702-851595-454971-0,-1.0,-15.840413,-48.129543,0.0,,,2,2023-06-17T22:39:51+00:00
BRA_443778,Brasília,5300108,,Marechal,0.951,https://moovitapp.com/index/pt-br/transporte_p%C3%BAblico-line-0_951-Brasilia-1702-851940-783578-0,-1.0,-15.83986,-48.020217,15.0,,,2,2023-06-17T22:39:51+00:00
BRA_444219,Brasília,5300108,,Marechal,363.2,https://moovitapp.com/index/pt-br/transporte_p%C3%BAblico-line-363_2-Brasilia-1702-851940-725443-0,-1.0,-15.839953,-48.130083,0.0,,,2,2023-06-17T22:39:51+00:00
BRA_444031,Brasília,5300108,,Marechal,304.1,https://moovitapp.com/index/pt-br/transporte_p%C3%BAblico-line-304_1-Brasilia-1702-851940-516636-0,-1.0,-15.840173,-48.129457,5.0,,,2,2023-06-17T22:39:53+00:00
BRA_440752,Brasília,5300108,,Marechal,959.1,https://moovitapp.com/index/pt-br/transporte_p%C3%BAblico-line-959_1-Brasilia-1702-851940-789939-0,-1.0,-15.852447,-48.040527,15.0,,,2,2023-06-17T22:39:51+00:00
BRA_440299,Brasília,5300108,,Marechal,0.205,https://moovitapp.com/index/pt-br/transporte_p%C3%BAblico-line-0_205-Brasilia-1702-851940-463646-0,-1.0,-15.892883,-48.056853,51.0,,,2,2023-06-17T22:39:51+00:00
BRA_440078,Brasília,5300108,,Marechal,0.090,https://moovitapp.com/index/pt-br/transporte_p%C3%BAblico-line-0_090-Brasilia-1702-851940-242702-0,-1.0,-15.765123,-47.934717,44.0,,,2,2023-06-17T22:39:51+00:00
BRA_442984,Brasília,5300108,,Marechal,0.089,https://moovitapp.com/index/pt-br/transporte_p%C3%BAblico-line-0_089-Brasilia-1702-851940-706977-0,-1.0,-15.845793,-47.979827,40.0,,,2,2023-06-17T22:39:51+00:00
BRA_442674,Brasília,5300108,,Marechal,0.089,https://moovitapp.com/index/pt-br/transporte_p%C3%BAblico-line-0_089-Brasilia-1702-851940-706977-0,-1.0,-15.818873,-48.065603,0.0,,,2,2023-06-17T22:39:51+00:00
BRA_443026,Brasília,5300108,,Urbi,0.399,https://moovitapp.com/index/pt-br/transporte_p%C3%BAblico-line-0_399-Brasilia-1702-851595-454964-0,-1.0,-15.895593,-48.123607,47.0,,,2,2023-06-17T22:39:51+00:00
BRA_442879,Brasília,5300108,,Marechal,933.5,https://moovitapp.com/index/pt-br/transporte_p%C3%BAblico-line-933_5-Brasilia-1702-851940-766837-0,-1.0,-15.833257,-48.056167,0.0,,,2,2023-06-17T22:39:51+00:00
BRA_441180,Brasília,5300108,,Marechal,0.205,https://moovitapp.com/index/pt-br/transporte_p%C3%BAblico-line-0_205-Brasilia-1702-851940-463646-0,-1.0,-15.81196,-48.06458,29.0,,,2,2023-06-17T22:39:51+00:00
BRA_441198,Brasília,5300108,,Urbi,805.9,https://moovitapp.com/index/pt-br/transporte_p%C3%BAblico-line-805_9-Brasilia-1702-851595-454983-0,-1.0,-15.881343,-48.056093,57.0,,,2,2023-06-17T22:39:52+00:00
BRA_443069,Brasília,5300108,,Urbi,056.2,https://moovitapp.com/index/pt-br/transporte_p%C3%BAblico-line-056_2-Brasilia-1702-851595-492982-0,-1.0,-15.86543,-48.08096,12.0,,,2,2023-06-17T22:39:51+00:00
BRA_440191,Brasília,5300108,,Marechal,351.3,https://moovitapp.com/index/pt-br/transporte_p%C3%BAblico-line-351_3-Brasilia-1702-851940-510249-0,-1.0,-15.85403,-48.031293,66.0,,,2,2023-06-17T22:22:33+00:00
BRA_440116,Brasília,5300108,,Marechal,157.6,https://moovitapp.com/index/pt-br/transporte_p%C3%BAblico-line-157_6-Brasilia-1702-851940-419627-0,-1.0,-15.869787,-48.037383,0.0,,,2,2023-06-17T22:39:46+00:00
BRA_440825,Brasília,5300108,,Marechal,260.3,https://moovitapp.com/index/pt-br/transporte_p%C3%BAblico-line-260_3-Brasilia-1702-851940-393566-0,-1.0,-15.81647,-48.063003,28.0,,,2,2023-06-17T22:39:51+00:00
BRA_440761,Brasília,5300108,,Urbi,038.1,https://moovitapp.com/index/pt-br/transporte_p%C3%BAblico-line-038_1-Brasilia-1702-851595-781327-0,-1.0,-15.87054,-48.030443,42.0,,,2,2023-06-17T22:35:31+00:00
BRA_442356,Brasília,5300108,,Marechal,363.1,https://moovitapp.com/index/pt-br/transporte_p%C3%BAblico-line-363_1-Brasilia-1702-851940-504344-0,-1.0,-15.841037,-48.126547,4.0,,,2,2023-06-17T22:39:51+00:00
BRA_444022,Brasília,5300108,,Marechal,363.1,https://moovitapp.com/index/pt-br/transporte_p%C3%BAblico-line-363_1-Brasilia-1702-851940-504344-0,-1.0,-15.839763,-48.130183,0.0,,,2,2023-06-17T21:43:19+00:00
BRA_440779,Brasília,5300108,,Marechal,355.3,https://moovitapp.com/index/pt-br/transporte_p%C3%BAblico-line-355_3-Brasilia-1702-851940-504343-0,-1.0,-15.79322,-48.053777,28.0,,,2,2023-06-17T22:39:51+00:00
BRA_441805,Brasília,5300108,,Marechal,933.5,https://moovitapp.com/index/pt-br/transporte_p%C3%BAblico-line-933_5-Brasilia-1702-851940-766837-0,-1.0,-15.83894,-48.139763,13.0,,,2,2023-06-17T22:39:51+00:00
BRA_441775,Brasília,5300108,,Marechal,933.1,https://moovitapp.com/index/pt-br/transporte_p%C3%BAblico-line-933_1-Brasilia-1702-851940-358307-0,-1.0,-15.839507,-48.129073,0.0,,,2,2023-06-17T22:39:51+00:00
BRA_445266,Brasília,5300108,,Marechal,0.336,https://moovitapp.com/index/pt-br/transporte_p%C3%BAblico-line-0_336-Brasilia-1702-851940-347142-0,-1.0,-15.794037,-47.883237,0.0,,,2,2023-06-17T22:39:51+00:00
BRA_443450,Brasília,5300108,,Marechal,0.043,https://moovitapp.com/index/pt-br/transporte_p%C3%BAblico-line-0_043-Brasilia-1702-851940-781330-0,-1.0,-15.839883,-48.12965,0.0,,,2,2023-06-17T22:39:51+00:00
BRA_443301,Brasília,5300108,,Marechal,0.383,https://moovitapp.com/index/pt-br/transporte_p%C3%BAblico-line-0_383-Brasilia-1702-851940-347151-0,-1.0,-15.786683,-47.908727,40.0,,,2,2023-06-17T22:39:51+00:00
BRA_445142,Brasília,5300108,,Marechal,0.306,https://moovitapp.com/index/pt-br/transporte_p%C3%BAblico-line-0_306-Brasilia-1702-851940-242714-0,-1.0,-15.81345,-47.937707,51.0,,,2,2023-06-17T22:39:51+00:00
BRA_443760,Brasília,5300108,,Marechal,959.2,https://moovitapp.com/index/pt-br/transporte_p%C3%BAblico-line-959_2-Brasilia-1702-851940-66561063-0,-1.0,-15.87015,-48.01305,32.0,,,2,2023-06-17T22:39:10+00:00
BRA_444669,Brasília,5300108,,Marechal,933.5,https://moovitapp.com/index/pt-br/transporte_p%C3%BAblico-line-933_5-Brasilia-1702-851940-766837-0,-1.0,-15.8317,-48.130387,25.0,,,2,2023-06-17T22:39:51+00:00
BRA_441376,Brasília,5300108,,Marechal,157.6,https://moovitapp.com/index/pt-br/transporte_p%C3%BAblico-line-157_6-Brasilia-1702-851940-419627-0,-1.0,-15.837227,-47.963807,52.0,,,2,2023-06-17T22:39:51+00:00
BRA_445231,Brasília,5300108,,Marechal,337.1,https://moovitapp.com/index/pt-br/transporte_p%C3%BAblico-line-337_1-Brasilia-1702-851940-347165-0,-1.0,-15.82727,-47.93218,53.0,,,2,2023-06-17T22:39:51+00:00
BRA_443727,Brasília,5300108,,Marechal,351.3,https://moovitapp.com/index/pt-br/transporte_p%C3%BAblico-line-351_3-Brasilia-1702-851940-510249-0,-1.0,-15.868517,-48.023823,45.0,,,2,2023-06-17T22:39:51+00:00
BRA_443654,Brasília,5300108,,Marechal,355.2,https://moovitapp.com/index/pt-br/transporte_p%C3%BAblico-line-355_2-Brasilia-1702-851940-510251-0,-1.0,-15.870067,-48.037907,0.0,,,2,2023-06-17T22:39:51+00:00
BRA_443298,Brasília,5300108,,Urbi,0.050,https://moovitapp.com/index/pt-br/transporte_p%C3%BAblico-line-0_050-Brasilia-1702-851595-781325-0,-1.0,-15.891937,-48.131453,51.0,,,2,2023-06-17T22:39:51+00:00
BRA_441457,Brasília,5300108,,Marechal,933.5,https://moovitapp.com/index/pt-br/transporte_p%C3%BAblico-line-933_5-Brasilia-1702-851940-766837-0,-1.0,-15.840813,-48.126937,0.0,,,2,2023-06-17T22:39:51+00:00
BRA_441244,Brasília,5300108,,Marechal,0.090,https://moovitapp.com/index/pt-br/transporte_p%C3%BAblico-line-0_090-Brasilia-1702-851940-242702-0,-1.0,-15.869723,-48.037933,0.0,,,2,2023-06-17T22:39:51+00:00
BRA_440132,Brasília,5300108,,Piracicabana,099.1,https://moovitapp.com/index/pt-br/transporte_p%C3%BAblico-line-099_1-Brasilia-1702-850942-775090-0,-1.0,-15.834013,-48.013123,40.0,,,2,2023-06-17T22:39:51+00:00
BRA_440124,Brasília,5300108,,Marechal,156.9,https://moovitapp.com/index/pt-br/transporte_p%C3%BAblico-line-156_9-Brasilia-1702-851940-76983926-0,-1.0,-15.815807,-47.979427,16.0,,,2,2023-06-17T22:39:51+00:00
BRA_443522,Brasília,5300108,,Marechal,363.1,https://moovitapp.com/index/pt-br/transporte_p%C3%BAblico-line-363_1-Brasilia-1702-851940-504344-0,-1.0,-15.839977,-48.129473,0.0,,,2,2023-06-17T22:39:46+00:00
BRA_441155,Brasília,5300108,,Marechal,0.205,https://moovitapp.com/index/pt-br/transporte_p%C3%BAblico-line-0_205-Brasilia-1702-851940-463646-0,-1.0,-15.995527,-48.05288,47.0,,,2,2023-06-17T22:40:01+00:00
BRA_443603,Brasília,5300108,,Marechal,0.357,https://moovitapp.com/index/pt-br/transporte_p%C3%BAblico-line-0_357-Brasilia-1702-851940-775109-0,-1.0,-15.823283,-48.064167,31.0,,,2,2023-06-17T22:24:51+00:00
BRA_440175,Brasília,5300108,,Marechal,355.2,https://moovitapp.com/index/pt-br/transporte_p%C3%BAblico-line-355_2-Brasilia-1702-851940-510251-0,-1.0,-15.875173,-48.01531,27.0,,,2,2023-06-17T22:39:46+00:00
BRA_444014,Brasília,5300108,,Marechal,933.1,https://moovitapp.com/index/pt-br/transporte_p%C3%BAblico-line-933_1-Brasilia-1702-851940-358307-0,-1.0,-15.83926,-48.128717,0.0,,,2,2023-06-17T22:39:51+00:00
BRA_443620,Brasília,5300108,,Marechal,351.3,https://moovitapp.com/index/pt-br/transporte_p%C3%BAblico-line-351_3-Brasilia-1702-851940-510249-0,-1.0,-15.866743,-48.037567,0.0,,,2,2023-06-17T22:39:51+00:00
BRA_443204,Brasília,5300108,,Urbi,367.2,https://moovitapp.com/index/pt-br/transporte_p%C3%BAblico-line-367_2-Brasilia-1702-851595-454971-0,-1.0,-15.87124,-48.030057,45.0,,,2,2023-06-17T22:39:51+00:00
BRA_441228,Brasília,5300108,,São José,157.8,https://moovitapp.com/index/pt-br/transporte_p%C3%BAblico-line-157_8-Brasilia-1702-851943-759503-0,-1.0,-15.784667,-47.995177,21.0,,,2,2023-06-17T22:39:51+00:00
BRA_442526,Brasília,5300108,,São José,332.1,https://moovitapp.com/index/pt-br/transporte_p%C3%BAblico-line-332_1-Brasilia-1702-851943-2068455-0,-1.0,-15.840013,-48.129317,0.0,,,2,2023-06-17T18:04:44+00:00
BRA_441317,Brasília,5300108,,Marechal,959.1,https://moovitapp.com/index/pt-br/transporte_p%C3%BAblico-line-959_1-Brasilia-1702-851940-789939-0,-1.0,-15.86949,-48.038343,0.0,,,2,2023-06-17T22:34:29+00:00
BRA_443492,Brasília,5300108,,Marechal,361.1,https://moovitapp.com/index/pt-br/transporte_p%C3%BAblico-line-361_1-Brasilia-1702-851940-363861-0,-1.0,-15.835053,-48.07403,28.0,,,2,2023-06-17T22:39:51+00:00
BRA_441902,Brasília,5300108,,Urbi,0.054,https://moovitapp.com/index/pt-br/transporte_p%C3%BAblico-line-0_054-Brasilia-1702-851595-454960-0,-1.0,-15.822797,-48.07032,31.0,,,2,2023-06-17T22:39:51+00:00
BRA_441864,Brasília,5300108,,Marechal,0.383,https://moovitapp.com/index/pt-br/transporte_p%C3%BAblico-line-0_383-Brasilia-1702-851940-347151-0,-1.0,-15.84353,-48.118987,14.0,,,2,2023-06-17T22:39:51+00:00
BRA_441171,Brasília,5300108,,Marechal,355.2,https://moovitapp.com/index/pt-br/transporte_p%C3%BAblico-line-355_2-Brasilia-1702-851940-510251-0,-1.0,-15.803177,-48.032553,38.0,,,2,2023-06-17T22:39:51+00:00
BRA_444243,Brasília,5300108,,Marechal,933.3,https://moovitapp.com/index/pt-br/transporte_p%C3%BAblico-line-933_3-Brasilia-1702-851940-450287-0,-1.0,-15.83997,-48.12931,0.0,,,2,2023-06-17T22:39:51+00:00
BRA_441619,Brasília,5300108,,Marechal,304.1,https://moovitapp.com/index/pt-br/transporte_p%C3%BAblico-line-304_1-Brasilia-1702-851940-516636-0,-1.0,-15.830663,-48.054863,36.0,,,2,2023-06-17T22:39:51+00:00
BRA_443999,Brasília,5300108,,Urbi,0.898,https://moovitapp.com/index/pt-br/transporte_p%C3%BAblico-line-0_898-Brasilia-1702-851595-322394-0,-1.0,-15.83999,-48.12935,0.0,,,2,2023-06-17T22:37:28+00:00
BRA_441350,Brasília,5300108,,São José,0.092,https://moovitapp.com/index/pt-br/transporte_p%C3%BAblico-line-0_092-Brasilia-1702-851943-496589-0,-1.0,-15.87753,-48.001303,38.0,,,2,2023-06-17T22:11:06+00:00
BRA_444898,Brasília,5300108,,Marechal,933.6,https://moovitapp.com/index/pt-br/transporte_p%C3%BAblico-line-933_6-Brasilia-1702-851940-3494672-0,-1.0,-15.826437,-48.12088,1.0,,,2,2023-06-17T22:39:51+00:00
BRA_445045,Brasília,5300108,,Urbi,0.898,https://moovitapp.com/index/pt-br/transporte_p%C3%BAblico-line-0_898-Brasilia-1702-851595-322394-0,-1.0,-15.90219,-48.045867,19.0,,,2,2023-06-17T22:35:31+00:00
BRA_444791,Brasília,5300108,,Marechal,0.369,https://moovitapp.com/index/pt-br/transporte_p%C3%BAblico-line-0_369-Brasilia-1702-851940-500060-0,-1.0,-15.83871,-48.129,0.0,,,2,2023-06-17T22:39:51+00:00
BRA_444979,Brasília,5300108,,Urbi,056.2,https://moovitapp.com/index/pt-br/transporte_p%C3%BAblico-line-056_2-Brasilia-1702-851595-492982-0,-1.0,-15.87306,-48.095917,48.0,,,2,2023-06-17T22:24:15+00:00
BRA_444910,Brasília,5300108,,Marechal,0.089,https://moovitapp.com/index/pt-br/transporte_p%C3%BAblico-line-0_089-Brasilia-1702-851940-706977-0,-1.0,-15.84104,-48.12678,26.0,,,2,2023-06-17T22:39:51+00:00
BRA_445096,Brasília,5300108,,São José,332.1,https://moovitapp.com/index/pt-br/transporte_p%C3%BAblico-line-332_1-Brasilia-1702-851943-2068455-0,-1.0,-15.80796,-48.156863,0.0,,,2,2023-06-17T22:39:46+00:00
BRA_445002,Brasília,5300108,,Urbi,372.4,https://moovitapp.com/index/pt-br/transporte_p%C3%BAblico-line-372_4-Brasilia-1702-851595-650087-0,-1.0,-15.887977,-48.14996,31.0,,,2,2023-06-17T22:30:13+00:00
BRA_445088,Brasília,5300108,,São José,332.1,https://moovitapp.com/index/pt-br/transporte_p%C3%BAblico-line-332_1-Brasilia-1702-851943-2068455-0,-1.0,-15.841773,-48.042777,10.0,,,2,2023-06-17T22:39:51+00:00
BRA_444855,Brasília,5300108,,Marechal,0.363,https://moovitapp.com/index/pt-br/transporte_p%C3%BAblico-line-0_363-Brasilia-1702-851940-504339-0,-1.0,-15.822003,-48.11299,23.0,,,2,2023-06-17T22:39:51+00:00
BRA_444952,Brasília,5300108,,Marechal,0.369,https://moovitapp.com/index/pt-br/transporte_p%C3%BAblico-line-0_369-Brasilia-1702-851940-500060-0,-1.0,-15.845697,-48.122727,34.0,,,2,2023-06-17T22:35:15+00:00
BRA_444863,Brasília,5300108,,Marechal,361.1,https://moovitapp.com/index/pt-br/transporte_p%C3%BAblico-line-361_1-Brasilia-1702-851940-363861-0,-1.0,-15.84379,-48.044683,17.0,,,2,2023-06-17T22:39:51+00:00
BRA_445029,Brasília,5300108,,Marechal,363.2,https://moovitapp.com/index/pt-br/transporte_p%C3%BAblico-line-363_2-Brasilia-1702-851940-725443-0,-1.0,-15.839193,-48.12939,0.0,,,2,2023-06-17T22:22:17+00:00
BRA_445061,Brasília,5300108,,Marechal,0.089,https://moovitapp.com/index/pt-br/transporte_p%C3%BAblico-line-0_089-Brasilia-1702-851940-706977-0,-1.0,-15.841013,-48.126767,0.0,,,2,2023-06-17T22:34:40+00:00
BRA_445070,Brasília,5300108,,Marechal,0.942,https://moovitapp.com/index/pt-br/transporte_p%C3%BAblico-line-0_942-Brasilia-1702-851940-347158-0,-1.0,-15.785407,-47.88789,37.0,,,2,2023-06-17T22:22:38+00:00
BRA_445037,Brasília,5300108,,Urbi,393.6,https://moovitapp.com/index/pt-br/transporte_p%C3%BAblico-line-393_6-Brasilia-1702-851595-588817-0,-1.0,-15.838893,-48.128977,0.0,,,2,2023-06-17T22:39:51+00:00
BRA_444758,Brasília,5300108,,Marechal,361.1,https://moovitapp.com/index/pt-br/transporte_p%C3%BAblico-line-361_1-Brasilia-1702-851940-363861-0,-1.0,-15.838203,-48.02452,34.0,,,2,2023-06-17T22:35:21+00:00
BRA_444812,Brasília,5300108,,Urbi,056.2,https://moovitapp.com/index/pt-br/transporte_p%C3%BAblico-line-056_2-Brasilia-1702-851595-492982-0,-1.0,-15.838863,-48.12222,5.0,,,2,2023-06-17T22:39:52+00:00
BRA_444961,Brasília,5300108,,Marechal,304.1,https://moovitapp.com/index/pt-br/transporte_p%C3%BAblico-line-304_1-Brasilia-1702-851940-516636-0,-1.0,-15.813743,-48.097957,52.0,,,2,2023-06-17T22:39:51+00:00
BRA_444847,Brasília,5300108,,Marechal,0.383,https://moovitapp.com/index/pt-br/transporte_p%C3%BAblico-line-0_383-Brasilia-1702-851940-347151-0,-1.0,-15.794197,-47.88314,19.0,,,2,2023-06-17T22:04:51+00:00
BRA_444871,Brasília,5300108,,Marechal,363.2,https://moovitapp.com/index/pt-br/transporte_p%C3%BAblico-line-363_2-Brasilia-1702-851940-725443-0,-1.0,-15.81693,-48.10339,36.0,,,2,2023-06-17T22:39:51+00:00
BRA_444766,Brasília,5300108,,Urbi,0.399,https://moovitapp.com/index/pt-br/transporte_p%C3%BAblico-line-0_399-Brasilia-1702-851595-454964-0,-1.0,-15.885983,-48.145567,3.0,,,2,2023-06-17T22:39:51+00:00
BRA_444774,Brasília,5300108,,Marechal,363.2,https://moovitapp.com/index/pt-br/transporte_p%C3%BAblico-line-363_2-Brasilia-1702-851940-725443-0,-1.0,-15.840677,-48.12674,0.0,,,2,2023-06-17T22:39:51+00:00
BRA_440817,Brasília,5300108,,São José,157.8,https://moovitapp.com/index/pt-br/transporte_p%C3%BAblico-line-157_8-Brasilia-1702-851943-759503-0,-1.0,-15.845523,-47.967637,40.0,,,2,2023-06-17T22:39:51+00:00
BRA_445118,Brasília,5300108,,Marechal,0.305,https://moovitapp.com/index/pt-br/transporte_p%C3%BAblico-line-0_305-Brasilia-1702-851940-775108-0,-1.0,-15.811783,-47.986387,59.0,,,2,2023-06-17T22:39:53+00:00
BRA_443611,Brasília,5300108,,Marechal,0.355,https://moovitapp.com/index/pt-br/transporte_p%C3%BAblico-line-0_355-Brasilia-1702-851940-504338-0,-1.0,-15.862787,-48.03946,48.0,,,2,2023-06-17T22:39:51+00:00
BRA_440647,Brasília,5300108,,Piracicabana,099.1,https://moovitapp.com/index/pt-br/transporte_p%C3%BAblico-line-099_1-Brasilia-1702-850942-775090-0,-1.0,-15.794897,-47.93395,0.0,,,2,2023-06-17T22:39:51+00:00
BRA_444839,Brasília,5300108,,Marechal,0.043,https://moovitapp.com/index/pt-br/transporte_p%C3%BAblico-line-0_043-Brasilia-1702-851940-781330-0,-1.0,-15.79462,-48.031353,37.0,,,2,2023-06-17T22:39:51+00:00
BRA_440884,Brasília,5300108,,Urbi,805.2,https://moovitapp.com/index/pt-br/transporte_p%C3%BAblico-line-805_2-Brasilia-1702-851595-454981-0,-1.0,-15.909043,-48.063827,38.0,,,2,2023-06-17T22:39:51+00:00
BRA_440442,Brasília,5300108,,Marechal,156.1,https://moovitapp.com/index/pt-br/transporte_p%C3%BAblico-line-156_1-Brasilia-1702-851940-242750-0,-1.0,-15.870067,-48.037543,0.0,,,2,2023-06-17T22:39:51+00:00
BRA_442682,Brasília,5300108,,Marechal,361.1,https://moovitapp.com/index/pt-br/transporte_p%C3%BAblico-line-361_1-Brasilia-1702-851940-363861-0,-1.0,-15.840933,-48.126623,0.0,,,2,2023-06-17T22:39:51+00:00
BRA_444901,Brasília,5300108,,Marechal,0.383,https://moovitapp.com/index/pt-br/transporte_p%C3%BAblico-line-0_383-Brasilia-1702-851940-347151-0,-1.0,-15.79398,-47.88323,0.0,,,2,2023-06-17T22:39:51+00:00
BRA_443638,Brasília,5300108,,Marechal,0.951,https://moovitapp.com/index/pt-br/transporte_p%C3%BAblico-line-0_951-Brasilia-1702-851940-783578-0,-1.0,-15.858863,-48.043097,22.0,,,2,2023-06-17T22:39:51+00:00
BRA_441490,Brasília,5300108,,Urbi,372.5,https://moovitapp.com/index/pt-br/transporte_p%C3%BAblico-line-372_5-Brasilia-1702-851595-519391-0,-1.0,-15.816707,-48.062927,26.0,,,2,2023-06-17T22:39:51+00:00
BRA_445169,Brasília,5300108,,Marechal,0.306,https://moovitapp.com/index/pt-br/transporte_p%C3%BAblico-line-0_306-Brasilia-1702-851940-242714-0,-1.0,-15.85361,-48.045413,0.0,,,2,2023-06-17T22:39:51+00:00
BRA_441341,Brasília,5300108,,Marechal,959.1,https://moovitapp.com/index/pt-br/transporte_p%C3%BAblico-line-959_1-Brasilia-1702-851940-789939-0,-1.0,-15.81118,-48.091893,0.0,,,2,2023-06-17T22:39:51+00:00
BRA_228800,Brasília,5300108,,Taguatur,2301,https://moovitapp.com/index/pt-br/transporte_p%C3%BAblico-line-2301-Brasilia-1702-854428-81537943-0,-1.0,-15.79769,-47.884171,,,,2,2023-06-17T22:39:08+00:00
BRA_230189,Brasília,5300108,,Pioneira,0.255,https://moovitapp.com/index/pt-br/transporte_p%C3%BAblico-line-0_255-Brasilia-1702-851941-706978-0,-1.0,-15.90109,-48.053749,,,,1,2023-06-17T22:39:32+00:00
BRA_227901,Brasília,5300108,,Pioneira,147.2,https://moovitapp.com/index/pt-br/transporte_p%C3%BAblico-line-147_2-Brasilia-1702-851941-519403-0,-1.0,-15.870695,-47.822239,,,,1,2023-06-17T22:39:12+00:00
BRA_228770,Brasília,5300108,,Pioneira,181.2,https://moovitapp.com/index/pt-br/transporte_p%C3%BAblico-line-181_2-Brasilia-1702-851941-339338-0,-1.0,-15.845766,-47.854499,,,,1,2023-06-17T22:39:36+00:00
BRA_231967,Brasília,5300108,,Pioneira,197.3,https://moovitapp.com/index/pt-br/transporte_p%C3%BAblico-line-197_3-Brasilia-1702-851941-519409-0,-1.0,-15.847489,-47.849794,,,,2,2023-06-17T21:56:14+00:00
BRA_228681,Brasília,5300108,,Pioneira,0.147,https://moovitapp.com/index/pt-br/transporte_p%C3%BAblico-line-0_147-Brasilia-1702-851941-519401-0,-1.0,-15.85022,-47.84891,,,,1,2023-06-17T22:39:46+00:00
BRA_231321,Brasília,5300108,,Taguatur,3304,https://moovitapp.com/index/pt-br/transporte_p%C3%BAblico-line-3304-Brasilia-1702-854428-21462346-0,-1.0,-16.002521,-47.987047,,,,1,2023-06-17T22:40:06+00:00
BRA_228508,Brasília,5300108,,Pioneira,0.255,https://moovitapp.com/index/pt-br/transporte_p%C3%BAblico-line-0_255-Brasilia-1702-851941-706978-0,-1.0,-15.822649,-48.060883,,,,2,2023-06-17T22:39:56+00:00
BRA_232165,Brasília,5300108,,,3201,,,-16.015551,-48.060272,,,,1,2023-06-17T22:39:38+00:00
BRA_232521,Brasília,5300108,,UTB,2302,https://moovitapp.com/index/pt-br/transporte_p%C3%BAblico-line-2302-Brasilia-1702-854427-744298-0,-1.0,-15.915268,-47.97023,,,,1,2023-06-17T22:40:08+00:00
BRA_229954,Brasília,5300108,,Pioneira,205.1,https://moovitapp.com/index/pt-br/transporte_p%C3%BAblico-line-205_1-Brasilia-1702-851941-393571-0,-1.0,-15.962504,-48.023969,,,,2,2023-06-17T22:39:34+00:00
BRA_228265,Brasília,5300108,,Pioneira,205.1,https://moovitapp.com/index/pt-br/transporte_p%C3%BAblico-line-205_1-Brasilia-1702-851941-393571-0,-1.0,-15.874619,-48.039419,,,,1,2023-06-17T22:40:10+00:00
BRA_226599,Brasília,5300108,,Pioneira,759.1,https://moovitapp.com/index/pt-br/transporte_p%C3%BAblico-line-759_1-Brasilia-1702-851941-616183-0,-1.0,-15.743001,-47.897509,,,,2,2023-06-17T22:39:10+00:00
BRA_227269,Brasília,5300108,,Pioneira,180.2,https://moovitapp.com/index/pt-br/transporte_p%C3%BAblico-line-180_2-Brasilia-1702-851941-514539-0,-1.0,-15.889899,-47.812855,,,,2,2023-06-17T22:40:32+00:00
BRA_231444,Brasília,5300108,,Pioneira,183.8,https://moovitapp.com/index/pt-br/transporte_p%C3%BAblico-line-183_8-Brasilia-1702-851941-719958-0,-1.0,-15.897512,-47.775363,,,,1,2023-06-17T22:39:22+00:00
BRA_232297,Brasília,5300108,,Pioneira,3312,https://moovitapp.com/index/pt-br/transporte_p%C3%BAblico-line-3312-Brasilia-1702-851941-616181-0,-1.0,-16.023534,-48.027974,,,,2,2023-06-17T22:39:56+00:00
BRA_228249,Brasília,5300108,,Taguatur,2301,https://moovitapp.com/index/pt-br/transporte_p%C3%BAblico-line-2301-Brasilia-1702-854428-81537943-0,-1.0,-16.022751,-48.026728,,,,1,2023-06-17T22:39:58+00:00
BRA_228516,Brasília,5300108,,Pioneira,784.3,https://moovitapp.com/index/pt-br/transporte_p%C3%BAblico-line-784_3-Brasilia-1702-851941-46904557-0,-1.0,-15.730333,-47.788968,,,,1,2023-06-17T22:39:00+00:00
BRA_228648,Brasília,5300108,,Pioneira,2307,https://moovitapp.com/index/pt-br/transporte_p%C3%BAblico-line-2307-Brasilia-1702-851941-18556638-0,-1.0,-15.88748,-47.960878,,,,2,2023-06-17T22:40:18+00:00
BRA_232432,Brasília,5300108,,Taguatur,3302,https://moovitapp.com/index/pt-br/transporte_p%C3%BAblico-line-3302-Brasilia-1702-854428-3135322-0,-1.0,-16.022395,-48.026239,,,,1,2023-06-17T22:39:36+00:00
BRA_232025,Brasília,5300108,,Pioneira,197.3,https://moovitapp.com/index/pt-br/transporte_p%C3%BAblico-line-197_3-Brasilia-1702-851941-519409-0,-1.0,-15.811648,-47.845547,,,,2,2023-06-17T22:39:28+00:00
BRA_226823,Brasília,5300108,,Pioneira,0.762,https://moovitapp.com/index/pt-br/transporte_p%C3%BAblico-line-0_762-Brasilia-1702-851941-576189-0,-1.0,-15.789584,-47.880737,,,,2,2023-06-17T22:40:24+00:00
BRA_227382,Brasília,5300108,,Pioneira,147.2,https://moovitapp.com/index/pt-br/transporte_p%C3%BAblico-line-147_2-Brasilia-1702-851941-519403-0,-1.0,-15.912627,-47.756817,,,,1,2023-06-17T22:39:48+00:00
BRA_223816,Brasília,5300108,,,2201,,,-15.96789,-48.022856,,,,2,2023-06-17T22:39:42+00:00
BRA_229016,Brasília,5300108,,Pioneira,0.275,https://moovitapp.com/index/pt-br/transporte_p%C3%BAblico-line-0_275-Brasilia-1702-851941-706979-0,-1.0,-15.874642,-48.046908,,,,2,2023-06-17T22:40:04+00:00
BRA_226963,Brasília,5300108,,,2202,,,-15.866372,-47.942732,,,,2,2023-06-17T22:40:18+00:00
BRA_228133,Brasília,5300108,,Pioneira,780.1,https://moovitapp.com/index/pt-br/transporte_p%C3%BAblico-line-780_1-Brasilia-1702-851941-531040-0,-1.0,-15.760605,-47.781256,,,,2,2023-06-17T16:51:32+00:00
BRA_227765,Brasília,5300108,,,2202,,,-15.847319,-47.931594,,,,1,2023-06-17T22:39:50+00:00
BRA_231363,Brasília,5300108,,Pioneira,073.4,https://moovitapp.com/index/pt-br/transporte_p%C3%BAblico-line-073_4-Brasilia-1702-851941-77944646-0,-1.0,-15.869751,-47.921936,,,,1,2023-06-17T22:39:16+00:00
BRA_229601,Brasília,5300108,,Pioneira,0.765,https://moovitapp.com/index/pt-br/transporte_p%C3%BAblico-line-0_765-Brasilia-1702-851941-576190-0,-1.0,-15.819093,-47.915267,,,,1,2023-06-17T22:39:44+00:00
BRA_232556,Brasília,5300108,,Taguatur,2301,https://moovitapp.com/index/pt-br/transporte_p%C3%BAblico-line-2301-Brasilia-1702-854428-81537943-0,-1.0,-15.98921,-47.986951,,,,2,2023-06-17T22:39:48+00:00
BRA_229024,Brasília,5300108,,Pioneira,251.8,https://moovitapp.com/index/pt-br/transporte_p%C3%BAblico-line-251_8-Brasilia-1702-851941-708654-0,-1.0,-16.01558,-48.015437,,,,1,2023-06-17T22:39:42+00:00
BRA_229393,Brasília,5300108,,Pioneira,0.253,https://moovitapp.com/index/pt-br/transporte_p%C3%BAblico-line-0_253-Brasilia-1702-851941-510254-0,-1.0,-16.03932,-48.034281,,,,2,2023-06-17T22:39:52+00:00
BRA_230014,Brasília,5300108,,,3207,,,-16.007432,-48.08255,,,,1,2023-06-17T22:40:30+00:00
BRA_229741,Brasília,5300108,,Pioneira,100.2,https://moovitapp.com/index/pt-br/transporte_p%C3%BAblico-line-100_2-Brasilia-1702-851941-620160-0,-1.0,-15.798149,-47.876439,,,,1,2023-06-17T22:40:20+00:00
BRA_226360,Brasília,5300108,,,2201,,,-15.849498,-47.931861,,,,1,2023-06-17T22:40:02+00:00
BRA_226432,Brasília,5300108,,Pioneira,510.1,https://moovitapp.com/index/pt-br/transporte_p%C3%BAblico-line-510_1-Brasilia-1702-851941-770035-0,-1.0,-15.784938,-47.705725,,,,1,2023-06-17T22:34:26+00:00
BRA_231932,Brasília,5300108,,Pioneira,180.1,https://moovitapp.com/index/pt-br/transporte_p%C3%BAblico-line-180_1-Brasilia-1702-851941-339336-0,-1.0,-15.907869,-47.760663,,,,2,2023-06-17T22:39:12+00:00
BRA_228834,Brasília,5300108,,Pioneira,0.255,https://moovitapp.com/index/pt-br/transporte_p%C3%BAblico-line-0_255-Brasilia-1702-851941-706978-0,-1.0,-15.807692,-48.091553,,,,2,2023-06-17T22:40:18+00:00
BRA_231631,Brasília,5300108,,Pioneira,0.762,https://moovitapp.com/index/pt-br/transporte_p%C3%BAblico-line-0_762-Brasilia-1702-851941-576189-0,-1.0,-15.736016,-47.765285,,,,1,2023-06-15T08:20:24+00:00
BRA_227609,Brasília,5300108,,Pioneira,2205,https://moovitapp.com/index/pt-br/transporte_p%C3%BAblico-line-2205-Brasilia-1702-851941-393568-0,-1.0,-15.801857,-47.894712,,,,1,2023-06-17T22:39:50+00:00
BRA_223794,Brasília,5300108,,Pioneira,2306,https://moovitapp.com/index/pt-br/transporte_p%C3%BAblico-line-2306-Brasilia-1702-851941-18556641-0,-1.0,-15.775636,-47.88829,,,,2,2023-06-17T22:39:56+00:00
BRA_232203,Brasília,5300108,,,3301,,,-16.033884,-48.022539,,,,1,2023-06-17T22:39:46+00:00
BRA_228281,Brasília,5300108,,,3202,,,-16.033255,-48.058244,,,,1,2023-06-17T22:39:38+00:00
BRA_230049,Brasília,5300108,,Pioneira,3210,https://moovitapp.com/index/pt-br/transporte_p%C3%BAblico-line-3210-Brasilia-1702-851941-14518504-0,-1.0,-15.992428,-48.049998,,,,1,2023-06-17T22:39:10+00:00
BRA_226301,Brasília,5300108,,,2201,,,-16.006631,-48.057818,,,,1,2023-06-17T22:40:00+00:00
BRA_226441,Brasília,5300108,,Pioneira,0.784,https://moovitapp.com/index/pt-br/transporte_p%C3%BAblico-line-0_784-Brasilia-1702-851941-372405-0,-1.0,-15.760482,-47.781263,,,,1,2023-06-17T22:39:08+00:00
BRA_226424,Brasília,5300108,,Pioneira,764.2,https://moovitapp.com/index/pt-br/transporte_p%C3%BAblico-line-764_2-Brasilia-1702-851941-527246-0,-1.0,-15.815838,-47.83765,,,,1,2023-06-17T22:39:08+00:00
BRA_230065,Brasília,5300108,,Taguatur,3302,https://moovitapp.com/index/pt-br/transporte_p%C3%BAblico-line-3302-Brasilia-1702-854428-3135322-0,-1.0,-16.021292,-48.024522,,,,1,2023-06-17T22:39:56+00:00
BRA_227897,Brasília,5300108,,,3207,,,-15.991859,-48.049324,,,,1,2023-06-17T22:40:12+00:00
BRA_228885,Brasília,5300108,,Pioneira,2307,https://moovitapp.com/index/pt-br/transporte_p%C3%BAblico-line-2307-Brasilia-1702-851941-18556638-0,-1.0,-16.002451,-47.986614,,,,2,2023-06-17T22:39:06+00:00
BRA_229008,Brasília,5300108,,Pioneira,0.253,https://moovitapp.com/index/pt-br/transporte_p%C3%BAblico-line-0_253-Brasilia-1702-851941-510254-0,-1.0,-16.021302,-48.024439,,,,2,2023-06-17T22:40:10+00:00
BRA_223905,Brasília,5300108,,UTB,2302,https://moovitapp.com/index/pt-br/transporte_p%C3%BAblico-line-2302-Brasilia-1702-854427-744298-0,-1.0,-15.871909,-47.951316,,,,2,2023-06-17T22:40:34+00:00
BRA_229849,Brasília,5300108,,Pioneira,0.147,https://moovitapp.com/index/pt-br/transporte_p%C3%BAblico-line-0_147-Brasilia-1702-851941-519401-0,-1.0,-15.845523,-47.85015,,,,2,2023-06-17T22:39:50+00:00
BRA_228575,Brasília,5300108,,Pioneira,0.273,https://moovitapp.com/index/pt-br/transporte_p%C3%BAblico-line-0_273-Brasilia-1702-851941-510255-0,-1.0,-16.042184,-48.025667,,,,1,2023-06-17T22:39:54+00:00
BRA_228401,Brasília,5300108,,Pioneira,2307,https://moovitapp.com/index/pt-br/transporte_p%C3%BAblico-line-2307-Brasilia-1702-851941-18556638-0,-1.0,-15.788455,-47.905317,,,,1,2023-06-17T22:39:32+00:00
BRA_230031,Brasília,5300108,,Pioneira,205.1,https://moovitapp.com/index/pt-br/transporte_p%C3%BAblico-line-205_1-Brasilia-1702-851941-393571-0,-1.0,-15.795161,-48.110696,,,,1,2023-06-17T22:39:42+00:00
BRA_226831,Brasília,5300108,,Pioneira,0.510,https://moovitapp.com/index/pt-br/transporte_p%C3%BAblico-line-0_510-Brasilia-1702-851941-16483906-0,-1.0,-15.76021,-47.780773,,,,1,2023-06-15T13:15:44+00:00
BRA_227480,Brasília,5300108,,,3201,,,-15.998349,-48.058562,,,,1,2023-06-15T21:20:48+00:00
BRA_230103,Brasília,5300108,,Taguatur,3302,https://moovitapp.com/index/pt-br/transporte_p%C3%BAblico-line-3302-Brasilia-1702-854428-3135322-0,-1.0,-16.029151,-48.032825,,,,1,2023-06-17T22:39:32+00:00
BRA_223620,Brasília,5300108,,Pioneira,2206,https://moovitapp.com/index/pt-br/transporte_p%C3%BAblico-line-2206-Brasilia-1702-851941-18556637-0,-1.0,-15.762714,-47.891476,,,,2,2023-06-17T22:39:40+00:00
BRA_228125,Brasília,5300108,,Taguatur,3305,https://moovitapp.com/index/pt-br/transporte_p%C3%BAblico-line-3305-Brasilia-1702-854428-77810673-0,-1.0,-16.002314,-47.986888,,,,1,2023-06-17T22:39:58+00:00
BRA_227099,Brasília,5300108,,Pioneira,147.2,https://moovitapp.com/index/pt-br/transporte_p%C3%BAblico-line-147_2-Brasilia-1702-851941-519403-0,-1.0,-15.836317,-47.934168,,,,1,2023-06-17T22:40:10+00:00
BRA_231703,Brasília,5300108,,Pioneira,0.762,https://moovitapp.com/index/pt-br/transporte_p%C3%BAblico-line-0_762-Brasilia-1702-851941-576189-0,-1.0,-15.751227,-47.888373,,,,1,2023-06-17T18:11:32+00:00
BRA_226343,Brasília,5300108,,Pioneira,2205,https://moovitapp.com/index/pt-br/transporte_p%C3%BAblico-line-2205-Brasilia-1702-851941-393568-0,-1.0,-15.874108,-47.954997,,,,1,2023-06-17T22:39:22+00:00
BRA_230138,Brasília,5300108,,Taguatur,3302,https://moovitapp.com/index/pt-br/transporte_p%C3%BAblico-line-3302-Brasilia-1702-854428-3135322-0,-1.0,-16.009651,-48.006714,,,,1,2023-06-17T22:40:04+00:00
BRA_228583,Brasília,5300108,,Pioneira,0.255,https://moovitapp.com/index/pt-br/transporte_p%C3%BAblico-line-0_255-Brasilia-1702-851941-706978-0,-1.0,-15.956879,-48.028381,,,,1,2023-06-17T22:40:26+00:00
BRA_230171,Brasília,5300108,,Taguatur,3302,https://moovitapp.com/index/pt-br/transporte_p%C3%BAblico-line-3302-Brasilia-1702-854428-3135322-0,-1.0,-16.037982,-48.034072,,,,1,2023-06-17T22:39:56+00:00
BRA_232394,Brasília,5300108,,Pioneira,251.8,https://moovitapp.com/index/pt-br/transporte_p%C3%BAblico-line-251_8-Brasilia-1702-851941-708654-0,-1.0,-16.008952,-48.059967,,,,1,2023-06-17T22:40:36+00:00
BRA_229512,Brasília,5300108,,Urbi,206.2,https://moovitapp.com/index/pt-br/transporte_p%C3%BAblico-line-206_2-Brasilia-1702-851595-781328-0,-1.0,-16.036958,-48.056477,,,,1,2023-06-17T22:39:34+00:00
BRA_232335,Brasília,5300108,,Pioneira,251.7,https://moovitapp.com/index/pt-br/transporte_p%C3%BAblico-line-251_7-Brasilia-1702-851941-651524-0,-1.0,-16.039832,-48.034065,,,,1,2023-06-17T22:40:12+00:00
BRA_227129,Brasília,5300108,,Pioneira,2208,https://moovitapp.com/index/pt-br/transporte_p%C3%BAblico-line-2208-Brasilia-1702-851941-18556642-0,-1.0,-15.93466,-47.983213,,,,2,2023-06-17T22:40:00+00:00
BRA_229440,Brasília,5300108,,Taguatur,2301,https://moovitapp.com/index/pt-br/transporte_p%C3%BAblico-line-2301-Brasilia-1702-854428-81537943-0,-1.0,-15.875567,-47.957578,,,,2,2023-06-17T22:39:42+00:00
BRA_226882,Brasília,5300108,,Pioneira,2206,https://moovitapp.com/index/pt-br/transporte_p%C3%BAblico-line-2206-Brasilia-1702-851941-18556637-0,-1.0,-15.941963,-47.98807,,,,1,2023-06-17T22:39:50+00:00
BRA_228222,Brasília,5300108,,Pioneira,0.225,https://moovitapp.com/index/pt-br/transporte_p%C3%BAblico-line-0_225-Brasilia-1702-851941-510253-0,-1.0,-15.835263,-48.075588,,,,1,2023-06-17T22:40:22+00:00
BRA_231827,Brasília,5300108,,Pioneira,180.1,https://moovitapp.com/index/pt-br/transporte_p%C3%BAblico-line-180_1-Brasilia-1702-851941-339336-0,-1.0,-15.893707,-47.791982,,,,1,2023-06-17T22:39:28+00:00
BRA_228729,Brasília,5300108,,UTB,2303,https://moovitapp.com/index/pt-br/transporte_p%C3%BAblico-line-2303-Brasilia-1702-854427-744299-0,-1.0,-16.002626,-47.986869,,,,2,2023-06-17T22:39:32+00:00
BRA_231789,Brasília,5300108,,Pioneira,0.101,https://moovitapp.com/index/pt-br/transporte_p%C3%BAblico-line-0_101-Brasilia-1702-851941-587082-0,-1.0,-15.769308,-47.779502,,,,2,2023-06-17T21:44:50+00:00
BRA_227889,Brasília,5300108,,,3206,,,-16.020107,-48.082652,,,,1,2023-06-17T22:38:52+00:00
BRA_228702,Brasília,5300108,,Pioneira,3312,https://moovitapp.com/index/pt-br/transporte_p%C3%BAblico-line-3312-Brasilia-1702-851941-616181-0,-1.0,-16.041943,-48.025209,,,,2,2023-06-17T22:40:34+00:00
BRA_227137,Brasília,5300108,,Pioneira,199.1,https://moovitapp.com/index/pt-br/transporte_p%C3%BAblico-line-199_1-Brasilia-1702-851941-770034-0,-1.0,-15.794371,-47.881901,,,,1,2023-06-17T22:39:36+00:00
BRA_229202,Brasília,5300108,,Pioneira,2309,https://moovitapp.com/index/pt-br/transporte_p%C3%BAblico-line-2309-Brasilia-1702-851941-57764376-0,-1.0,-16.020259,-48.02292,,,,1,2023-06-17T22:36:52+00:00
BRA_231606,Brasília,5300108,,Pioneira,100.2,https://moovitapp.com/index/pt-br/transporte_p%C3%BAblico-line-100_2-Brasilia-1702-851941-620160-0,-1.0,-15.765969,-47.793692,,,,1,2023-06-17T22:39:14+00:00
BRA_227447,Brasília,5300108,,Pioneira,2208,https://moovitapp.com/index/pt-br/transporte_p%C3%BAblico-line-2208-Brasilia-1702-851941-18556642-0,-1.0,-15.991796,-48.048968,,,,2,2023-06-17T22:39:40+00:00
BRA_227013,Brasília,5300108,,Pioneira,764.2,https://moovitapp.com/index/pt-br/transporte_p%C3%BAblico-line-764_2-Brasilia-1702-851941-527246-0,-1.0,-15.804262,-47.854473,,,,2,2023-06-17T22:40:28+00:00
BRA_227234,Brasília,5300108,,Pioneira,180.1,https://moovitapp.com/index/pt-br/transporte_p%C3%BAblico-line-180_1-Brasilia-1702-851941-339336-0,-1.0,-15.90567,-47.761757,,,,2,2023-06-17T22:39:50+00:00
BRA_229971,Brasília,5300108,,Pioneira,205.1,https://moovitapp.com/index/pt-br/transporte_p%C3%BAblico-line-205_1-Brasilia-1702-851941-393571-0,-1.0,-15.805492,-48.070305,,,,1,2023-06-17T22:39:04+00:00
BRA_228435,Brasília,5300108,,,3204,,,-16.019541,-48.067902,,,,1,2023-06-17T22:40:06+00:00
BRA_225533,Brasília,5300108,,,2201,,,-15.970205,-48.025457,,,,2,2023-06-17T10:57:40+00:00
BRA_228869,Brasília,5300108,,Pioneira,3312,https://moovitapp.com/index/pt-br/transporte_p%C3%BAblico-line-3312-Brasilia-1702-851941-616181-0,-1.0,-16.024045,-48.031783,,,,1,2023-06-17T22:39:06+00:00
BRA_229989,Brasília,5300108,,,3201,,,-15.993819,-48.051492,,,,1,2023-06-17T22:39:40+00:00
BRA_228079,Brasília,5300108,,Pioneira,205.1,https://moovitapp.com/index/pt-br/transporte_p%C3%BAblico-line-205_1-Brasilia-1702-851941-393571-0,-1.0,-15.958417,-48.027364,,,,2,2023-06-17T22:40:08+00:00
BRA_229610,Brasília,5300108,,,3204,,,-15.991977,-48.04947,,,,1,2023-06-17T22:39:20+00:00
BRA_228044,Brasília,5300108,,Pioneira,0.181,https://moovitapp.com/index/pt-br/transporte_p%C3%BAblico-line-0_181-Brasilia-1702-851941-242838-0,-1.0,-15.911136,-47.755005,,,,1,2023-06-17T22:39:58+00:00
BRA_226785,Brasília,5300108,,Pioneira,100.2,https://moovitapp.com/index/pt-br/transporte_p%C3%BAblico-line-100_2-Brasilia-1702-851941-620160-0,-1.0,-15.760218,-47.781606,,,,2,2023-06-17T20:35:08+00:00
BRA_227056,Brasília,5300108,,Pioneira,0.102,https://moovitapp.com/index/pt-br/transporte_p%C3%BAblico-line-0_102-Brasilia-1702-851941-775119-0,-1.0,-15.839931,-47.921211,,,,1,2023-06-17T22:40:02+00:00
BRA_231941,Brasília,5300108,,Pioneira,147.2,https://moovitapp.com/index/pt-br/transporte_p%C3%BAblico-line-147_2-Brasilia-1702-851941-519403-0,-1.0,-15.833279,-47.82489,,,,2,2023-06-17T22:39:10+00:00
BRA_228001,Brasília,5300108,,UTB,2302,https://moovitapp.com/index/pt-br/transporte_p%C3%BAblico-line-2302-Brasilia-1702-854427-744298-0,-1.0,-15.820228,-47.949605,,,,2,2023-06-16T21:51:04+00:00
BRA_223719,Brasília,5300108,,Pioneira,2205,https://moovitapp.com/index/pt-br/transporte_p%C3%BAblico-line-2205-Brasilia-1702-851941-393568-0,-1.0,-15.93931,-47.986309,,,,2,2023-06-17T22:38:58+00:00
BRA_230073,Brasília,5300108,,Pioneira,0.253,https://moovitapp.com/index/pt-br/transporte_p%C3%BAblico-line-0_253-Brasilia-1702-851941-510254-0,-1.0,-16.045039,-48.034091,,,,2,2023-06-17T22:39:38+00:00
BRA_232581,Brasília,5300108,,UTB,2302,https://moovitapp.com/index/pt-br/transporte_p%C3%BAblico-line-2302-Brasilia-1702-854427-744298-0,-1.0,-15.807608,-47.889683,,,,1,2023-06-17T22:39:12+00:00
BRA_228052,Brasília,5300108,,,3206,,,-16.020243,-48.08262,,,,1,2023-06-17T22:39:44+00:00
BRA_228991,Brasília,5300108,,Pioneira,020.2,https://moovitapp.com/index/pt-br/transporte_p%C3%BAblico-line-020_2-Brasilia-1702-851941-708653-0,-1.0,-15.994609,-47.988248,,,,1,2023-06-17T22:40:26+00:00
BRA_226653,Brasília,5300108,,Pioneira,780.1,https://moovitapp.com/index/pt-br/transporte_p%C3%BAblico-line-780_1-Brasilia-1702-851941-531040-0,-1.0,-15.759398,-47.781396,,,,2,2023-06-17T22:39:44+00:00
BRA_229369,Brasília,5300108,,Pioneira,2306,https://moovitapp.com/index/pt-br/transporte_p%C3%BAblico-line-2306-Brasilia-1702-851941-18556641-0,-1.0,-15.880578,-47.959962,,,,2,2023-06-17T22:39:48+00:00
BRA_228206,Brasília,5300108,,,3207,,,-15.991662,-48.049171,,,,1,2023-06-17T22:39:58+00:00
BRA_227561,Brasília,5300108,,Pioneira,205.1,https://moovitapp.com/index/pt-br/transporte_p%C3%BAblico-line-205_1-Brasilia-1702-851941-393571-0,-1.0,-15.816711,-48.062943,,,,2,2023-06-17T22:39:46+00:00
BRA_232181,Brasília,5300108,,Pioneira,0.225,https://moovitapp.com/index/pt-br/transporte_p%C3%BAblico-line-0_225-Brasilia-1702-851941-510253-0,-1.0,-15.863495,-48.0582,,,,2,2023-06-17T22:39:38+00:00
BRA_223883,Brasília,5300108,,Pioneira,2306,https://moovitapp.com/index/pt-br/transporte_p%C3%BAblico-line-2306-Brasilia-1702-851941-18556641-0,-1.0,-15.937317,-47.984891,,,,1,2023-06-17T22:39:48+00:00
BRA_226840,Brasília,5300108,,Pioneira,759.1,https://moovitapp.com/index/pt-br/transporte_p%C3%BAblico-line-759_1-Brasilia-1702-851941-616183-0,-1.0,-15.747209,-47.765877,,,,2,2023-06-17T22:40:28+00:00
BRA_232041,Brasília,5300108,,Pioneira,181.2,https://moovitapp.com/index/pt-br/transporte_p%C3%BAblico-line-181_2-Brasilia-1702-851941-339338-0,-1.0,-15.896794,-47.78694,,,,1,2023-06-17T22:39:48+00:00
BRA_228737,Brasília,5300108,,Pioneira,147.3,https://moovitapp.com/index/pt-br/transporte_p%C3%BAblico-line-147_3-Brasilia-1702-851941-574203-0,-1.0,-15.902418,-47.776997,,,,2,2023-06-17T22:39:34+00:00
BRA_227722,Brasília,5300108,,Pioneira,180.1,https://moovitapp.com/index/pt-br/transporte_p%C3%BAblico-line-180_1-Brasilia-1702-851941-339336-0,-1.0,-15.793926,-47.881786,,,,1,2023-06-17T22:39:32+00:00
BRA_230154,Brasília,5300108,,Pioneira,271.3,https://moovitapp.com/index/pt-br/transporte_p%C3%BAblico-line-271_3-Brasilia-1702-851941-669626-0,-1.0,-16.023133,-48.068525,,,,1,2023-06-17T22:40:06+00:00
BRA_227668,Brasília,5300108,,Pioneira,111.1,https://moovitapp.com/index/pt-br/transporte_p%C3%BAblico-line-111_1-Brasilia-1702-851941-75742769-0,-1.0,-15.902212,-47.777308,,,,1,2023-06-17T22:39:46+00:00
BRA_229806,Brasília,5300108,,Pioneira,170.6,https://moovitapp.com/index/pt-br/transporte_p%C3%BAblico-line-170_6-Brasilia-1702-851941-83224061-0,-1.0,-15.908311,-47.768903,,,,2,2023-06-17T22:39:10+00:00
BRA_228923,Brasília,5300108,,Pioneira,073.1,https://moovitapp.com/index/pt-br/transporte_p%C3%BAblico-line-073_1-Brasilia-1702-851941-775123-0,-1.0,-15.877395,-47.958996,,,,1,2023-06-17T22:39:54+00:00
BRA_228478,Brasília,5300108,,,3202,,,-16.008326,-48.046889,,,,1,2023-06-17T22:39:22+00:00
BRA_231614,Brasília,5300108,,Urbi,0.129,https://moovitapp.com/index/pt-br/transporte_p%C3%BAblico-line-0_129-Brasilia-1702-851595-775097-0,-1.0,-15.873653,-47.975049,,,,2,2023-06-17T22:40:40+00:00
BRA_226548,Brasília,5300108,,Pioneira,764.2,https://moovitapp.com/index/pt-br/transporte_p%C3%BAblico-line-764_2-Brasilia-1702-851941-527246-0,-1.0,-15.800147,-47.784925,,,,1,2023-06-17T22:39:58+00:00
BRA_228974,Brasília,5300108,,Pioneira,0.255,https://moovitapp.com/index/pt-br/transporte_p%C3%BAblico-line-0_255-Brasilia-1702-851941-706978-0,-1.0,-15.809201,-48.069021,,,,1,2023-06-17T22:39:26+00:00
BRA_231681,Brasília,5300108,,Pioneira,102.1,https://moovitapp.com/index/pt-br/transporte_p%C3%BAblico-line-102_1-Brasilia-1702-851941-775125-0,-1.0,-15.814425,-47.908775,,,,1,2023-06-17T22:40:04+00:00
BRA_231894,Brasília,5300108,,Pioneira,180.1,https://moovitapp.com/index/pt-br/transporte_p%C3%BAblico-line-180_1-Brasilia-1702-851941-339336-0,-1.0,-15.912278,-47.756467,,,,1,2023-06-17T22:39:28+00:00
BRA_232131,Brasília,5300108,,Pioneira,205.1,https://moovitapp.com/index/pt-br/transporte_p%C3%BAblico-line-205_1-Brasilia-1702-851941-393571-0,-1.0,-16.012595,-48.07712,,,,1,2023-06-17T22:39:08+00:00
BRA_223603,Brasília,5300108,,Pioneira,2307,https://moovitapp.com/index/pt-br/transporte_p%C3%BAblico-line-2307-Brasilia-1702-851941-18556638-0,-1.0,-15.921222,-47.974299,,,,2,2023-06-17T22:40:00+00:00
BRA_228672,Brasília,5300108,,Taguatur,3303,https://moovitapp.com/index/pt-br/transporte_p%C3%BAblico-line-3303-Brasilia-1702-854428-2224148-0,-1.0,-16.046819,-48.034014,,,,1,2023-06-17T22:38:54+00:00
BRA_228354,Brasília,5300108,,Taguatur,3303,https://moovitapp.com/index/pt-br/transporte_p%C3%BAblico-line-3303-Brasilia-1702-854428-2224148-0,-1.0,-16.01174,-47.994631,,,,1,2023-06-17T22:40:26+00:00
BRA_230197,Brasília,5300108,,Pioneira,020.2,https://moovitapp.com/index/pt-br/transporte_p%C3%BAblico-line-020_2-Brasilia-1702-851941-708653-0,-1.0,-16.030276,-48.05626,,,,1,2023-06-17T22:39:28+00:00
BRA_227927,Brasília,5300108,,UTB,2302,https://moovitapp.com/index/pt-br/transporte_p%C3%BAblico-line-2302-Brasilia-1702-854427-744298-0,-1.0,-16.002279,-47.986474,,,,1,2023-06-17T22:39:58+00:00
BRA_232548,Brasília,5300108,,Pioneira,2307,https://moovitapp.com/index/pt-br/transporte_p%C3%BAblico-line-2307-Brasilia-1702-851941-18556638-0,-1.0,-15.809116,-47.934334,,,,1,2023-06-17T22:39:38+00:00
BRA_232416,Brasília,5300108,,Pioneira,3307,https://moovitapp.com/index/pt-br/transporte_p%C3%BAblico-line-3307-Brasilia-1702-851941-519400-0,-1.0,-16.001802,-47.985718,,,,1,2023-06-17T22:40:36+00:00
BRA_226751,Brasília,5300108,,Pioneira,780.1,https://moovitapp.com/index/pt-br/transporte_p%C3%BAblico-line-780_1-Brasilia-1702-851941-531040-0,-1.0,-15.751197,-47.777982,,,,1,2023-06-17T22:38:50+00:00
BRA_231576,Brasília,5300108,,Pioneira,124.6,https://moovitapp.com/index/pt-br/transporte_p%C3%BAblico-line-124_6-Brasilia-1702-851941-425282-0,-1.0,-15.799292,-47.93579,,,,1,2023-06-17T22:39:56+00:00
BRA_228150,Brasília,5300108,,Pioneira,180.1,https://moovitapp.com/index/pt-br/transporte_p%C3%BAblico-line-180_1-Brasilia-1702-851941-339336-0,-1.0,-15.794357,-47.882022,,,,2,2023-06-17T22:39:48+00:00
BRA_229342,Brasília,5300108,,Pioneira,0.102,https://moovitapp.com/index/pt-br/transporte_p%C3%BAblico-line-0_102-Brasilia-1702-851941-775119-0,-1.0,-15.812287,-47.905825,,,,1,2023-06-17T22:39:18+00:00
BRA_227226,Brasília,5300108,,Pioneira,170.4,https://moovitapp.com/index/pt-br/transporte_p%C3%BAblico-line-170_4-Brasilia-1702-851941-379787-0,-1.0,-15.91317,-47.757319,,,,1,2023-06-17T22:39:06+00:00
BRA_229776,Brasília,5300108,,Pioneira,180.1,https://moovitapp.com/index/pt-br/transporte_p%C3%BAblico-line-180_1-Brasilia-1702-851941-339336-0,-1.0,-15.794481,-47.882231,,,,2,2023-06-17T22:09:50+00:00
BRA_231436,Brasília,5300108,,Pioneira,183.0,https://moovitapp.com/index/pt-br/transporte_p%C3%BAblico-line-183_0-Brasilia-1702-851941-26502248-0,-1.0,-15.913296,-47.757612,,,,1,2023-06-17T22:40:00+00:00
BRA_227081,Brasília,5300108,,Pioneira,199.1,https://moovitapp.com/index/pt-br/transporte_p%C3%BAblico-line-199_1-Brasilia-1702-851941-770034-0,-1.0,-15.867635,-47.781492,,,,2,2023-06-17T22:39:58+00:00
BRA_223930,Brasília,5300108,,Pioneira,2306,https://moovitapp.com/index/pt-br/transporte_p%C3%BAblico-line-2306-Brasilia-1702-851941-18556641-0,-1.0,-15.791435,-47.886002,,,,1,2023-06-17T22:39:44+00:00
BRA_223930,Brasília,5300108,,Pioneira,2306,https://moovitapp.com/index/pt-br/transporte_p%C3%BAblico-line-2306-Brasilia-1702-851941-18556641-0,-1.0,-15.795288,-47.883077,,,,1,2023-06-16T20:31:08+00:00
BRA_223930,Brasília,5300108,,Pioneira,2207,https://moovitapp.com/index/pt-br/transporte_p%C3%BAblico-line-2207-Brasilia-1702-851941-422078-0,-1.0,-15.763694,-47.890859,,,,1,2023-06-14T12:55:10+00:00
BRA_229504,Brasília,5300108,,Pioneira,0.780,https://moovitapp.com/index/pt-br/transporte_p%C3%BAblico-line-0_780-Brasilia-1702-851941-514537-0,-1.0,-15.796309,-47.87855,,,,2,2023-06-14T19:24:22+00:00
BRA_229881,Brasília,5300108,,Pioneira,147.3,https://moovitapp.com/index/pt-br/transporte_p%C3%BAblico-line-147_3-Brasilia-1702-851941-574203-0,-1.0,-15.89241,-47.777957,,,,2,2023-06-17T22:40:14+00:00
BRA_226831,Brasília,5300108,,Urbi,0.129,https://moovitapp.com/index/pt-br/transporte_p%C3%BAblico-line-0_129-Brasilia-1702-851595-775097-0,-1.0,-15.871798,-47.958017,,,,1,2023-06-15T19:41:04+00:00
BRA_229008,Brasília,5300108,,Pioneira,251.8,https://moovitapp.com/index/pt-br/transporte_p%C3%BAblico-line-251_8-Brasilia-1702-851941-708654-0,-1.0,-16.023349,-48.053813,,,,1,2023-06-17T01:28:22+00:00
BRA_226645,Brasília,5300108,,Pioneira,2206,https://moovitapp.com/index/pt-br/transporte_p%C3%BAblico-line-2206-Brasilia-1702-851941-18556637-0,-1.0,-15.946143,-47.996768,,,,2,2023-06-17T22:40:02+00:00
BRA_232637,Brasília,5300108,,,2202,,,-15.793681,-47.882683,,,,1,2023-06-17T22:39:50+00:00
BRA_229547,Brasília,5300108,,Pioneira,147.3,https://moovitapp.com/index/pt-br/transporte_p%C3%BAblico-line-147_3-Brasilia-1702-851941-574203-0,-1.0,-15.912978,-47.758184,,,,1,2023-06-17T22:38:56+00:00
BRA_228427,Brasília,5300108,,Taguatur,3305,https://moovitapp.com/index/pt-br/transporte_p%C3%BAblico-line-3305-Brasilia-1702-854428-77810673-0,-1.0,-16.046368,-48.044136,,,,1,2023-06-17T22:39:08+00:00
BRA_229636,Brasília,5300108,,Pioneira,759.1,https://moovitapp.com/index/pt-br/transporte_p%C3%BAblico-line-759_1-Brasilia-1702-851941-616183-0,-1.0,-15.74748,-47.766652,,,,1,2023-06-17T22:39:56+00:00
BRA_232092,Brasília,5300108,,Pioneira,181.2,https://moovitapp.com/index/pt-br/transporte_p%C3%BAblico-line-181_2-Brasilia-1702-851941-339338-0,-1.0,-15.830282,-47.877031,,,,1,2023-06-16T22:12:22+00:00
BRA_226254,Brasília,5300108,,,2201,,,-15.876422,-47.958989,,,,2,2023-06-17T22:39:36+00:00
BRA_228486,Brasília,5300108,,UTB,2302,https://moovitapp.com/index/pt-br/transporte_p%C3%BAblico-line-2302-Brasilia-1702-854427-744298-0,-1.0,-16.002785,-47.986958,,,,2,2023-06-17T22:40:52+00:00
BRA_227463,Brasília,5300108,,Pioneira,181.4,https://moovitapp.com/index/pt-br/transporte_p%C3%BAblico-line-181_4-Brasilia-1702-851941-775126-0,-1.0,-15.90093,-47.778923,,,,2,2023-06-17T22:39:02+00:00
BRA_228362,Brasília,5300108,,Pioneira,251.6,https://moovitapp.com/index/pt-br/transporte_p%C3%BAblico-line-251_6-Brasilia-1702-851941-35763436-0,-1.0,-16.005239,-47.995159,,,,1,2023-06-17T22:39:12+00:00
BRA_227684,Brasília,5300108,,,2202,,,-15.878927,-47.959657,,,,2,2023-06-17T22:32:00+00:00
BRA_223751,Brasília,5300108,,UTB,2303,https://moovitapp.com/index/pt-br/transporte_p%C3%BAblico-line-2303-Brasilia-1702-854427-744299-0,-1.0,-15.80804,-47.900936,,,,2,2023-06-17T22:39:24+00:00
BRA_228087,Brasília,5300108,,Pioneira,2307,https://moovitapp.com/index/pt-br/transporte_p%C3%BAblico-line-2307-Brasilia-1702-851941-18556638-0,-1.0,-15.810936,-47.94155,,,,2,2023-06-17T22:40:30+00:00
BRA_227048,Brasília,5300108,,Pioneira,2208,https://moovitapp.com/index/pt-br/transporte_p%C3%BAblico-line-2208-Brasilia-1702-851941-18556642-0,-1.0,-15.808477,-47.932522,,,,1,2023-06-17T22:40:10+00:00
BRA_223760,Brasília,5300108,,,2202,,,-15.992525,-48.050341,,,,2,2023-06-17T22:39:54+00:00
BRA_232271,Brasília,5300108,,Pioneira,205.1,https://moovitapp.com/index/pt-br/transporte_p%C3%BAblico-line-205_1-Brasilia-1702-851941-393571-0,-1.0,-15.842994,-48.045668,,,,2,2023-06-17T22:40:44+00:00
BRA_229041,Brasília,5300108,,UTB,2302,https://moovitapp.com/index/pt-br/transporte_p%C3%BAblico-line-2302-Brasilia-1702-854427-744298-0,-1.0,-15.801009,-47.886504,,,,2,2023-06-17T22:40:10+00:00
BRA_226700,Brasília,5300108,,Pioneira,163.1,https://moovitapp.com/index/pt-br/transporte_p%C3%BAblico-line-163_1-Brasilia-1702-851941-242911-0,-1.0,-15.8448,-47.94106,,,,2,2023-06-16T00:12:20+00:00
BRA_229661,Brasília,5300108,,Pioneira,0.762,https://moovitapp.com/index/pt-br/transporte_p%C3%BAblico-line-0_762-Brasilia-1702-851941-576189-0,-1.0,-15.742763,-47.769463,,,,2,2023-06-17T22:39:34+00:00
BRA_229504,Brasília,5300108,,Pioneira,0.780,https://moovitapp.com/index/pt-br/transporte_p%C3%BAblico-line-0_780-Brasilia-1702-851941-514537-0,-1.0,-15.752327,-47.763899,,,,1,2023-06-15T20:32:26+00:00
BRA_225649,Brasília,5300108,,,2201,,,-15.793613,-47.882619,,,,2,2023-06-17T22:40:10+00:00
BRA_228354,Brasília,5300108,,Pioneira,0.253,https://moovitapp.com/index/pt-br/transporte_p%C3%BAblico-line-0_253-Brasilia-1702-851941-510254-0,-1.0,-16.044734,-48.029316,,,,1,2023-06-16T21:49:36+00:00
BRA_232173,Brasília,5300108,,Taguatur,3302,https://moovitapp.com/index/pt-br/transporte_p%C3%BAblico-line-3302-Brasilia-1702-854428-3135322-0,-1.0,-16.041622,-48.027466,,,,1,2023-06-17T22:39:06+00:00
BRA_228117,Brasília,5300108,,Taguatur,3305,https://moovitapp.com/index/pt-br/transporte_p%C3%BAblico-line-3305-Brasilia-1702-854428-77810673-0,-1.0,-16.049197,-48.010128,,,,1,2023-06-17T22:40:18+00:00
BRA_232408,Brasília,5300108,,Pioneira,0.762,https://moovitapp.com/index/pt-br/transporte_p%C3%BAblico-line-0_762-Brasilia-1702-851941-576189-0,-1.0,-16.003796,-47.988763,,,,1,2023-06-17T22:40:00+00:00
BRA_229237,Brasília,5300108,,Pioneira,190.2,https://moovitapp.com/index/pt-br/transporte_p%C3%BAblico-line-190_2-Brasilia-1702-851941-138553357-0,-1.0,-15.789696,-47.641944,,,,2,2023-06-17T22:37:48+00:00
BRA_226726,Brasília,5300108,,Pioneira,2205,https://moovitapp.com/index/pt-br/transporte_p%C3%BAblico-line-2205-Brasilia-1702-851941-393568-0,-1.0,-15.992144,-48.050087,,,,2,2023-06-17T22:39:38+00:00
BRA_229679,Brasília,5300108,,Pioneira,0.784,https://moovitapp.com/index/pt-br/transporte_p%C3%BAblico-line-0_784-Brasilia-1702-851941-372405-0,-1.0,-15.757564,-47.775401,,,,1,2023-06-17T20:57:52+00:00
BRA_232289,Brasília,5300108,,Pioneira,207.2,https://moovitapp.com/index/pt-br/transporte_p%C3%BAblico-line-207_2-Brasilia-1702-851941-137149862-0,-1.0,-16.014998,-48.140088,,,,1,2023-06-17T22:39:48+00:00
BRA_226785,Brasília,5300108,,Urbi,0.129,https://moovitapp.com/index/pt-br/transporte_p%C3%BAblico-line-0_129-Brasilia-1702-851595-775097-0,-1.0,-15.857808,-47.922941,,,,2,2023-06-15T10:14:04+00:00
BRA_228541,Brasília,5300108,,Pioneira,180.3,https://moovitapp.com/index/pt-br/transporte_p%C3%BAblico-line-180_3-Brasilia-1702-851941-546212-0,-1.0,-15.870771,-47.767282,,,,2,2023-06-17T22:39:28+00:00
BRA_228982,Brasília,5300108,,Pioneira,0.255,https://moovitapp.com/index/pt-br/transporte_p%C3%BAblico-line-0_255-Brasilia-1702-851941-706978-0,-1.0,-15.84284,-48.047658,,,,2,2023-06-17T22:39:18+00:00
BRA_226912,Brasília,5300108,,Pioneira,0.759,https://moovitapp.com/index/pt-br/transporte_p%C3%BAblico-line-0_759-Brasilia-1702-851941-775121-0,-1.0,-15.764249,-47.890687,,,,2,2023-06-16T20:31:02+00:00
BRA_227641,Brasília,5300108,,Pioneira,147.2,https://moovitapp.com/index/pt-br/transporte_p%C3%BAblico-line-147_2-Brasilia-1702-851941-519403-0,-1.0,-15.806087,-47.853653,,,,2,2023-06-17T22:39:08+00:00
BRA_231592,Brasília,5300108,,Pioneira,759.1,https://moovitapp.com/index/pt-br/transporte_p%C3%BAblico-line-759_1-Brasilia-1702-851941-616183-0,-1.0,-15.772176,-47.888551,,,,2,2023-06-17T22:39:28+00:00
BRA_227358,Brasília,5300108,,Pioneira,190.3,https://moovitapp.com/index/pt-br/transporte_p%C3%BAblico-line-190_3-Brasilia-1702-851941-82190390-0,-1.0,-15.93298,-47.601101,,,,1,2023-06-17T22:39:36+00:00
BRA_226891,Brasília,5300108,,Pioneira,759.1,https://moovitapp.com/index/pt-br/transporte_p%C3%BAblico-line-759_1-Brasilia-1702-851941-616183-0,-1.0,-15.715869,-47.8697,,,,1,2023-06-17T22:40:14+00:00
BRA_231886,Brasília,5300108,,Pioneira,170.4,https://moovitapp.com/index/pt-br/transporte_p%C3%BAblico-line-170_4-Brasilia-1702-851941-379787-0,-1.0,-15.885464,-47.82119,,,,1,2023-06-17T22:39:16+00:00
BRA_227285,Brasília,5300108,,,2202,,,-15.930169,-47.980167,,,,1,2023-06-17T22:39:44+00:00
BRA_226815,Brasília,5300108,,Pioneira,0.126,https://moovitapp.com/index/pt-br/transporte_p%C3%BAblico-line-0_126-Brasilia-1702-851941-7879579-0,-1.0,-15.940803,-47.802148,,,,1,2023-06-17T22:39:56+00:00
BRA_231711,Brasília,5300108,,Pioneira,0.101,https://moovitapp.com/index/pt-br/transporte_p%C3%BAblico-line-0_101-Brasilia-1702-851941-587082-0,-1.0,-15.742337,-47.759907,,,,1,2023-06-17T21:43:16+00:00
BRA_228290,Brasília,5300108,,,3204,,,-16.017351,-48.055841,,,,1,2023-06-17T22:39:54+00:00
BRA_226980,Brasília,5300108,,Pioneira,0.762,https://moovitapp.com/index/pt-br/transporte_p%C3%BAblico-line-0_762-Brasilia-1702-851941-576189-0,-1.0,-15.789386,-47.880617,,,,2,2023-06-17T22:38:56+00:00
BRA_229521,Brasília,5300108,,Pioneira,2306,https://moovitapp.com/index/pt-br/transporte_p%C3%BAblico-line-2306-Brasilia-1702-851941-18556641-0,-1.0,-16.002197,-47.986373,,,,2,2023-06-17T22:40:32+00:00
BRA_232599,Brasília,5300108,,Taguatur,2301,https://moovitapp.com/index/pt-br/transporte_p%C3%BAblico-line-2301-Brasilia-1702-854428-81537943-0,-1.0,-15.935731,-47.983836,,,,1,2023-06-17T22:40:12+00:00
BRA_229725,Brasília,5300108,,Pioneira,0.762,https://moovitapp.com/index/pt-br/transporte_p%C3%BAblico-line-0_762-Brasilia-1702-851941-576189-0,-1.0,-15.759141,-47.780061,,,,2,2023-06-17T22:39:56+00:00
BRA_229423,Brasília,5300108,,Pioneira,0.255,https://moovitapp.com/index/pt-br/transporte_p%C3%BAblico-line-0_255-Brasilia-1702-851941-706978-0,-1.0,-16.042257,-48.026061,,,,1,2023-06-17T22:40:20+00:00
BRA_228966,Brasília,5300108,,Pioneira,2306,https://moovitapp.com/index/pt-br/transporte_p%C3%BAblico-line-2306-Brasilia-1702-851941-18556641-0,-1.0,-15.737173,-47.89927,,,,1,2023-06-17T22:39:50+00:00
BRA_228371,Brasília,5300108,,Pioneira,0.253,https://moovitapp.com/index/pt-br/transporte_p%C3%BAblico-line-0_253-Brasilia-1702-851941-510254-0,-1.0,-15.86288,-48.058746,,,,2,2023-06-17T22:38:58+00:00
BRA_230090,Brasília,5300108,,,3301,,,-16.012064,-47.995146,,,,1,2023-06-17T22:39:28+00:00
BRA_227846,Brasília,5300108,,Pioneira,2306,https://moovitapp.com/index/pt-br/transporte_p%C3%BAblico-line-2306-Brasilia-1702-851941-18556641-0,-1.0,-15.736767,-47.898921,,,,1,2023-06-17T22:40:24+00:00
BRA_226513,Brasília,5300108,,Pioneira,764.2,https://moovitapp.com/index/pt-br/transporte_p%C3%BAblico-line-764_2-Brasilia-1702-851941-527246-0,-1.0,-15.794428,-47.882003,,,,1,2023-06-17T22:39:46+00:00
BRA_231452,Brasília,5300108,,Pioneira,784.3,https://moovitapp.com/index/pt-br/transporte_p%C3%BAblico-line-784_3-Brasilia-1702-851941-46904557-0,-1.0,-15.737152,-47.763206,,,,1,2023-06-17T22:40:04+00:00
BRA_229695,Brasília,5300108,,Pioneira,0.763,https://moovitapp.com/index/pt-br/transporte_p%C3%BAblico-line-0_763-Brasilia-1702-851941-468878-0,-1.0,-15.746168,-47.762971,,,,1,2023-06-17T22:39:42+00:00
BRA_226777,Brasília,5300108,,Pioneira,780.1,https://moovitapp.com/index/pt-br/transporte_p%C3%BAblico-line-780_1-Brasilia-1702-851941-531040-0,-1.0,-15.794201,-47.882028,,,,1,2023-06-17T22:35:40+00:00
BRA_227579,Brasília,5300108,,Pioneira,180.1,https://moovitapp.com/index/pt-br/transporte_p%C3%BAblico-line-180_1-Brasilia-1702-851941-339336-0,-1.0,-15.837576,-47.824998,,,,1,2023-06-17T22:39:42+00:00
BRA_232017,Brasília,5300108,,Pioneira,197.3,https://moovitapp.com/index/pt-br/transporte_p%C3%BAblico-line-197_3-Brasilia-1702-851941-519409-0,-1.0,-15.79442,-47.881634,,,,1,2023-06-17T21:03:54+00:00
BRA_229288,Brasília,5300108,,Taguatur,2301,https://moovitapp.com/index/pt-br/transporte_p%C3%BAblico-line-2301-Brasilia-1702-854428-81537943-0,-1.0,-15.828225,-47.916157,,,,1,2023-06-17T22:40:32+00:00
BRA_231762,Brasília,5300108,,Pioneira,780.1,https://moovitapp.com/index/pt-br/transporte_p%C3%BAblico-line-780_1-Brasilia-1702-851941-531040-0,-1.0,-15.740792,-47.763467,,,,1,2023-06-17T22:40:26+00:00
BRA_231771,Brasília,5300108,,Pioneira,764.2,https://moovitapp.com/index/pt-br/transporte_p%C3%BAblico-line-764_2-Brasilia-1702-851941-527246-0,-1.0,-15.80122,-47.862916,,,,2,2023-06-17T22:39:34+00:00
BRA_232530,Brasília,5300108,,Pioneira,2307,https://moovitapp.com/index/pt-br/transporte_p%C3%BAblico-line-2307-Brasilia-1702-851941-18556638-0,-1.0,-15.788398,-47.905495,,,,1,2023-06-17T22:39:18+00:00
BRA_223921,Brasília,5300108,,Pioneira,2306,https://moovitapp.com/index/pt-br/transporte_p%C3%BAblico-line-2306-Brasilia-1702-851941-18556641-0,-1.0,-16.004752,-47.993703,,,,1,2023-06-17T22:40:02+00:00
BRA_223832,Brasília,5300108,,Pioneira,2208,https://moovitapp.com/index/pt-br/transporte_p%C3%BAblico-line-2208-Brasilia-1702-851941-18556642-0,-1.0,-15.78637,-47.90093,,,,1,2023-06-17T22:39:22+00:00
BRA_230081,Brasília,5300108,,Pioneira,0.253,https://moovitapp.com/index/pt-br/transporte_p%C3%BAblico-line-0_253-Brasilia-1702-851941-510254-0,-1.0,-15.78856,-48.134939,,,,1,2023-06-17T22:39:56+00:00
BRA_229628,Brasília,5300108,,Pioneira,759.1,https://moovitapp.com/index/pt-br/transporte_p%C3%BAblico-line-759_1-Brasilia-1702-851941-616183-0,-1.0,-15.745424,-47.823352,,,,1,2023-06-17T22:40:10+00:00
BRA_227200,Brasília,5300108,,Pioneira,2206,https://moovitapp.com/index/pt-br/transporte_p%C3%BAblico-line-2206-Brasilia-1702-851941-18556637-0,-1.0,-15.757597,-47.892766,,,,1,2023-06-17T22:40:06+00:00
BRA_226734,Brasília,5300108,,Pioneira,100.2,https://moovitapp.com/index/pt-br/transporte_p%C3%BAblico-line-100_2-Brasilia-1702-851941-620160-0,-1.0,-15.851219,-47.875924,,,,2,2023-06-17T22:38:52+00:00
BRA_227366,Brasília,5300108,,Pioneira,2205,https://moovitapp.com/index/pt-br/transporte_p%C3%BAblico-line-2205-Brasilia-1702-851941-393568-0,-1.0,-15.819325,-47.916011,,,,2,2023-06-17T22:40:22+00:00
BRA_77062,Brasília,5300108,,Urbi,0.808,https://moovitapp.com/index/pt-br/transporte_p%C3%BAblico-line-0_808-Brasilia-1702-851595-372359-0,-1.0,-15.864313,-48.057507,,,,2,2023-06-17T22:39:30+00:00
BRA_79189,Brasília,5300108,,Urbi,0.808,https://moovitapp.com/index/pt-br/transporte_p%C3%BAblico-line-0_808-Brasilia-1702-851595-372359-0,-1.0,-15.817871,-48.105133,,,,1,2023-06-14T22:31:20+00:00
BRA_77283,Brasília,5300108,,Urbi,0.873,https://moovitapp.com/index/pt-br/transporte_p%C3%BAblico-line-0_873-Brasilia-1702-851595-510238-0,-1.0,-15.882363,-48.058975,,,,2,2023-06-17T22:39:56+00:00
BRA_710555,Brasília,5300108,,São José,0.310,https://moovitapp.com/index/pt-br/transporte_p%C3%BAblico-line-0_310-Brasilia-1702-851943-775131-0,-1.0,-15.802067,-48.11198,,,,2,2023-06-17T22:23:32+00:00
BRA_78093,Brasília,5300108,,São José,0.331,https://moovitapp.com/index/pt-br/transporte_p%C3%BAblico-line-0_331-Brasilia-1702-851943-775133-0,-1.0,-15.803383,-48.069351,,,,2,2023-06-16T18:00:52+00:00
BRA_710351,Brasília,5300108,,São José,0.335,https://moovitapp.com/index/pt-br/transporte_p%C3%BAblico-line-0_335-Brasilia-1702-851943-775135-0,-1.0,-15.788018,-48.134843,,,,1,2023-06-17T22:39:06+00:00
BRA_76589,Brasília,5300108,,São José,0.385,https://moovitapp.com/index/pt-br/transporte_p%C3%BAblico-line-0_385-Brasilia-1702-851943-516651-0,-1.0,-15.800843,-48.157057,,,,1,2023-06-17T22:39:44+00:00
BRA_711004,Brasília,5300108,,São José,0.411,https://moovitapp.com/index/pt-br/transporte_p%C3%BAblico-line-0_411-Brasilia-1702-851943-788977-0,-1.0,-15.680539,-48.188503,,,,1,2023-06-17T00:20:44+00:00
BRA_500143,Brasília,5300108,,São José,0.411,https://moovitapp.com/index/pt-br/transporte_p%C3%BAblico-line-0_411-Brasilia-1702-851943-788977-0,-1.0,-15.790714,-48.037092,,,,2,2023-06-17T22:39:38+00:00
BRA_711039,Brasília,5300108,,São José,0.413,https://moovitapp.com/index/pt-br/transporte_p%C3%BAblico-line-0_413-Brasilia-1702-851943-781649-0,-1.0,-15.680327,-48.188084,,,,1,2023-06-17T08:38:20+00:00
BRA_78646,Brasília,5300108,,São José,0.382,https://moovitapp.com/index/pt-br/transporte_p%C3%BAblico-line-0_382-Brasilia-1702-851943-775140-0,-1.0,-15.789553,-48.123545,,,,2,2023-06-17T16:19:12+00:00
BRA_78603,Brasília,5300108,,São José,0.382,https://moovitapp.com/index/pt-br/transporte_p%C3%BAblico-line-0_382-Brasilia-1702-851943-775140-0,-1.0,-15.780161,-47.940291,,,,2,2023-06-17T22:38:54+00:00
BRA_78514,Brasília,5300108,,São José,0.949,https://moovitapp.com/index/pt-br/transporte_p%C3%BAblico-line-0_949-Brasilia-1702-851943-707026-0,-1.0,-15.834691,-48.016549,,,,1,2023-06-17T22:39:44+00:00
BRA_79049,Brasília,5300108,,São José,0.926,https://moovitapp.com/index/pt-br/transporte_p%C3%BAblico-line-0_926-Brasilia-1702-851943-775154-0,-1.0,-15.823515,-48.114581,,,,1,2023-06-15T11:23:02+00:00
BRA_79511,Brasília,5300108,,São José,0.928,https://moovitapp.com/index/pt-br/transporte_p%C3%BAblico-line-0_928-Brasilia-1702-851943-756868-0,-1.0,-15.80897,-48.155938,,,,1,2023-06-17T22:39:32+00:00
BRA_79693,Brasília,5300108,,São José,0.928,https://moovitapp.com/index/pt-br/transporte_p%C3%BAblico-line-0_928-Brasilia-1702-851943-756868-0,-1.0,-15.820688,-48.111167,,,,1,2023-06-17T22:39:30+00:00
BRA_78531,Brasília,5300108,,São José,364.2,https://moovitapp.com/index/pt-br/transporte_p%C3%BAblico-line-364_2-Brasilia-1702-851943-707050-0,-1.0,-15.787449,-48.133699,,,,1,2023-06-17T22:39:52+00:00
BRA_78140,Brasília,5300108,,São José,949.1,https://moovitapp.com/index/pt-br/transporte_p%C3%BAblico-line-949_1-Brasilia-1702-851943-707069-0,-1.0,-15.842096,-48.053609,,,,1,2023-06-17T22:39:44+00:00
BRA_75841,Brasília,5300108,,São José,332.1,https://moovitapp.com/index/pt-br/transporte_p%C3%BAblico-line-332_1-Brasilia-1702-851943-2068455-0,-1.0,-15.817917,-48.065994,,,,1,2023-06-17T22:39:56+00:00
BRA_78549,Brasília,5300108,,São José,333.1,https://moovitapp.com/index/pt-br/transporte_p%C3%BAblico-line-333_1-Brasilia-1702-851943-707041-0,-1.0,-15.817238,-48.062726,,,,1,2023-06-17T22:39:26+00:00
BRA_711209,Brasília,5300108,,São José,157.8,https://moovitapp.com/index/pt-br/transporte_p%C3%BAblico-line-157_8-Brasilia-1702-851943-759503-0,-1.0,-15.835501,-47.979424,,,,2,2023-06-17T22:39:06+00:00
BRA_711179,Brasília,5300108,,São José,0.159,https://moovitapp.com/index/pt-br/transporte_p%C3%BAblico-line-0_159-Brasilia-1702-851943-375523-0,-1.0,-15.785038,-47.991828,,,,2,2023-06-17T22:38:46+00:00
BRA_78221,Brasília,5300108,,São José,0.159,https://moovitapp.com/index/pt-br/transporte_p%C3%BAblico-line-0_159-Brasilia-1702-851943-375523-0,-1.0,-15.773594,-48.003173,,,,1,2023-06-17T22:25:46+00:00
BRA_711250,Brasília,5300108,,São José,0.159,https://moovitapp.com/index/pt-br/transporte_p%C3%BAblico-line-0_159-Brasilia-1702-851943-375523-0,-1.0,-15.827951,-48.145334,,,,1,2023-06-17T14:17:52+00:00
BRA_711225,Brasília,5300108,,São José,0.159,https://moovitapp.com/index/pt-br/transporte_p%C3%BAblico-line-0_159-Brasilia-1702-851943-375523-0,-1.0,-15.822892,-48.135498,,,,2,2023-06-17T22:39:48+00:00
BRA_77534,Brasília,5300108,,Urbi,393.4,https://moovitapp.com/index/pt-br/transporte_p%C3%BAblico-line-393_4-Brasilia-1702-851595-588816-0,-1.0,-15.885612,-48.020771,,,,1,2023-06-16T14:04:06+00:00
BRA_500135,Brasília,5300108,,São José,0.406,https://moovitapp.com/index/pt-br/transporte_p%C3%BAblico-line-0_406-Brasilia-1702-851943-717430-0,-1.0,-15.686858,-48.194855,,,,2,2023-06-17T22:39:00+00:00
BRA_500054,Brasília,5300108,,São José,0.401,https://moovitapp.com/index/pt-br/transporte_p%C3%BAblico-line-0_401-Brasilia-1702-851943-788976-0,-1.0,-15.666366,-48.200138,,,,1,2023-06-17T17:39:48+00:00
BRA_500267,Brasília,5300108,,São José,0.402,https://moovitapp.com/index/pt-br/transporte_p%C3%BAblico-line-0_402-Brasilia-1702-851943-781335-0,-1.0,-15.821498,-48.120398,,,,1,2023-06-17T22:39:44+00:00
BRA_500089,Brasília,5300108,,São José,0.402,https://moovitapp.com/index/pt-br/transporte_p%C3%BAblico-line-0_402-Brasilia-1702-851943-781335-0,-1.0,-15.842659,-48.0479,,,,1,2023-06-17T11:07:30+00:00
BRA_79707,Brasília,5300108,,São José,928.1,https://moovitapp.com/index/pt-br/transporte_p%C3%BAblico-line-928_1-Brasilia-1702-851943-707067-0,-1.0,-15.815816,-48.101274,,,,1,2023-06-17T22:38:32+00:00
BRA_75973,Brasília,5300108,,São José,333.8,https://moovitapp.com/index/pt-br/transporte_p%C3%BAblico-line-333_8-Brasilia-1702-851943-376187-0,-1.0,-15.805008,-48.133457,,,,1,2023-06-17T22:39:06+00:00
BRA_77071,Brasília,5300108,,Urbi,0.038,https://moovitapp.com/index/pt-br/transporte_p%C3%BAblico-line-0_038-Brasilia-1702-851595-687419-0,-1.0,-15.869196,-48.024198,,,,1,2023-06-17T22:39:44+00:00
BRA_77445,Brasília,5300108,,Urbi,086.1,https://moovitapp.com/index/pt-br/transporte_p%C3%BAblico-line-086_1-Brasilia-1702-851595-481321-0,-1.0,-15.827053,-47.984001,,,,2,2023-06-17T22:39:40+00:00
BRA_79901,Brasília,5300108,,São José,0.049,https://moovitapp.com/index/pt-br/transporte_p%C3%BAblico-line-0_049-Brasilia-1702-851943-775130-0,-1.0,-15.784628,-48.139281,,,,1,2023-06-17T22:38:32+00:00
BRA_76988,Brasília,5300108,,Urbi,0.053,https://moovitapp.com/index/pt-br/transporte_p%C3%BAblico-line-0_053-Brasilia-1702-851595-588803-0,-1.0,-15.855546,-48.039781,,,,1,2023-06-17T22:38:48+00:00
BRA_711292,Brasília,5300108,,São José,0.092,https://moovitapp.com/index/pt-br/transporte_p%C3%BAblico-line-0_092-Brasilia-1702-851943-496589-0,-1.0,-15.846661,-47.973186,,,,1,2023-06-17T22:39:52+00:00
BRA_117714,Brasília,5300108,,Piracicabana,062.6,https://moovitapp.com/index/pt-br/transporte_p%C3%BAblico-line-062_6-Brasilia-1702-850942-339289-0,-1.0,-15.83667,-47.93369,,,,,2023-06-17T19:47:39+00:00
BRA_118826,Brasília,5300108,,Piracicabana,136.6,https://moovitapp.com/index/pt-br/transporte_p%C3%BAblico-line-136_6-Brasilia-1702-850942-773700-0,-1.0,-15.83617,-47.93352,,,,1,2023-06-17T20:05:58+00:00
BRA_119563,Brasília,5300108,,Piracicabana,501.7,https://moovitapp.com/index/pt-br/transporte_p%C3%BAblico-line-501_7-Brasilia-1702-850942-519379-0,-1.0,-15.71758,-47.89811,,,,,2023-06-17T21:37:21+00:00
BRA_117871,Brasília,5300108,,Piracicabana,062.6,https://moovitapp.com/index/pt-br/transporte_p%C3%BAblico-line-062_6-Brasilia-1702-850942-339289-0,-1.0,-15.64303,-47.7588,,,,,2023-06-17T21:56:09+00:00
BRA_119776,Brasília,5300108,,Piracicabana,0.515,https://moovitapp.com/index/pt-br/transporte_p%C3%BAblico-line-0_515-Brasilia-1702-850942-26501707-0,-1.0,-15.63035,-47.93442,,,,,2023-06-17T21:59:34+00:00
BRA_119784,Brasília,5300108,,Piracicabana,0.649,https://moovitapp.com/index/pt-br/transporte_p%C3%BAblico-line-0_649-Brasilia-1702-850942-771758-0,-1.0,-15.52864,-47.67693,,,,,2023-06-17T22:02:25+00:00
BRA_117111,Brasília,5300108,,Piracicabana,106.2,https://moovitapp.com/index/pt-br/transporte_p%C3%BAblico-line-106_2-Brasilia-1702-850942-242433-0,-1.0,-15.83585,-47.93306,,,,1,2023-06-17T22:11:40+00:00
BRA_120332,Brasília,5300108,,Piracicabana,103.2,https://moovitapp.com/index/pt-br/transporte_p%C3%BAblico-line-103_2-Brasilia-1702-850942-474397-0,-1.0,-15.79379,-47.88194,,,,1,2023-06-17T22:16:01+00:00
BRA_120481,Brasília,5300108,,Piracicabana,0.600,https://moovitapp.com/index/pt-br/transporte_p%C3%BAblico-line-0_600-Brasilia-1702-850942-242410-0,-1.0,-15.72304,-47.89575,,,,,2023-06-17T22:21:59+00:00
BRA_119768,Brasília,5300108,,Piracicabana,066.3,https://moovitapp.com/index/pt-br/transporte_p%C3%BAblico-line-066_3-Brasilia-1702-850942-513542-0,-1.0,-15.61317,-47.63975,,,,1,2023-06-17T22:29:36+00:00
BRA_121037,Brasília,5300108,,Piracicabana,0.504,https://moovitapp.com/index/pt-br/transporte_p%C3%BAblico-line-0_504-Brasilia-1702-850942-781321-0,-1.0,-15.61877,-47.65425,,,,1,2023-06-17T22:31:42+00:00
BRA_119504,Brasília,5300108,,Piracicabana,062.7,https://moovitapp.com/index/pt-br/transporte_p%C3%BAblico-line-062_7-Brasilia-1702-850942-494154-0,-1.0,-15.65039,-47.78842,,,,1,2023-06-17T22:33:10+00:00
BRA_117901,Brasília,5300108,,Piracicabana,505.3,https://moovitapp.com/index/pt-br/transporte_p%C3%BAblico-line-505_3-Brasilia-1702-850942-352626-0,-1.0,-15.65147,-47.80722,,,,,2023-06-17T22:33:10+00:00
BRA_119288,Brasília,5300108,,Piracicabana,501.7,https://moovitapp.com/index/pt-br/transporte_p%C3%BAblico-line-501_7-Brasilia-1702-850942-519379-0,-1.0,-15.79317,-47.88171,,,,1,2023-06-17T22:34:00+00:00
BRA_120804,Brasília,5300108,,Piracicabana,104.1,https://moovitapp.com/index/pt-br/transporte_p%C3%BAblico-line-104_1-Brasilia-1702-850942-242430-0,-1.0,-15.79369,-47.882,,,,,2023-06-17T22:34:27+00:00
BRA_118338,Brasília,5300108,,Piracicabana,0.143,https://moovitapp.com/index/pt-br/transporte_p%C3%BAblico-line-0_143-Brasilia-1702-850942-470747-0,-1.0,-15.7859,-47.91124,,,,,2023-06-17T22:36:49+00:00
BRA_120880,Brasília,5300108,,Piracicabana,136.9,https://moovitapp.com/index/pt-br/transporte_p%C3%BAblico-line-136_9-Brasilia-1702-850942-773702-0,-1.0,-15.70759,-47.88096,,,,1,2023-06-17T22:37:49+00:00
BRA_119237,Brasília,5300108,,Piracicabana,062.7,https://moovitapp.com/index/pt-br/transporte_p%C3%BAblico-line-062_7-Brasilia-1702-850942-494154-0,-1.0,-15.62863,-47.83749,,,,1,2023-06-17T22:38:04+00:00
BRA_119431,Brasília,5300108,,Piracicabana,501.7,https://moovitapp.com/index/pt-br/transporte_p%C3%BAblico-line-501_7-Brasilia-1702-850942-519379-0,-1.0,-15.64974,-47.78664,,,,1,2023-06-17T22:38:22+00:00
BRA_120413,Brasília,5300108,,Piracicabana,504.1,https://moovitapp.com/index/pt-br/transporte_p%C3%BAblico-line-504_1-Brasilia-1702-850942-242476-0,-1.0,-15.61839,-47.65453,,,,1,2023-06-17T22:38:54+00:00
BRA_118222,Brasília,5300108,,Piracicabana,152.5,https://moovitapp.com/index/pt-br/transporte_p%C3%BAblico-line-152_5-Brasilia-1702-850942-542828-0,-1.0,-15.80144,-47.93253,,,,,2023-06-17T22:39:04+00:00
BRA_120073,Brasília,5300108,,Piracicabana,0.150,https://moovitapp.com/index/pt-br/transporte_p%C3%BAblico-line-0_150-Brasilia-1702-850942-775086-0,-1.0,-15.813,-47.89697,,,,,2023-06-17T22:39:14+00:00
BRA_120626,Brasília,5300108,,Piracicabana,099.1,https://moovitapp.com/index/pt-br/transporte_p%C3%BAblico-line-099_1-Brasilia-1702-850942-775090-0,-1.0,-15.86573,-48.0239,,,,,2023-06-17T22:39:16+00:00
BRA_118532,Brasília,5300108,,Piracicabana,0.104,https://moovitapp.com/index/pt-br/transporte_p%C3%BAblico-line-0_104-Brasilia-1702-850942-242376-0,-1.0,-15.80424,-47.85355,,,,,2023-06-17T22:39:16+00:00
BRA_118541,Brasília,5300108,,Piracicabana,114.1,https://moovitapp.com/index/pt-br/transporte_p%C3%BAblico-line-114_1-Brasilia-1702-850942-781323-0,-1.0,-15.79656,-47.89153,,,,,2023-06-17T22:39:18+00:00
BRA_120618,Brasília,5300108,,Piracicabana,0.600,https://moovitapp.com/index/pt-br/transporte_p%C3%BAblico-line-0_600-Brasilia-1702-850942-242410-0,-1.0,-15.83152,-47.91962,,,,,2023-06-17T22:39:19+00:00
BRA_120723,Brasília,5300108,,Piracicabana,0.620,https://moovitapp.com/index/pt-br/transporte_p%C3%BAblico-line-0_620-Brasilia-1702-850942-470748-0,-1.0,-15.62332,-47.64613,,,,,2023-06-17T22:39:20+00:00
BRA_119440,Brasília,5300108,,Piracicabana,501.3,https://moovitapp.com/index/pt-br/transporte_p%C3%BAblico-line-501_3-Brasilia-1702-850942-242472-0,-1.0,-15.67276,-47.83992,,,,,2023-06-17T22:39:21+00:00
BRA_120766,Brasília,5300108,,Piracicabana,158.1,https://moovitapp.com/index/pt-br/transporte_p%C3%BAblico-line-158_1-Brasilia-1702-850942-775094-0,-1.0,-15.81594,-47.93728,,,,,2023-06-17T22:39:21+00:00
BRA_119857,Brasília,5300108,,Piracicabana,110.2,https://moovitapp.com/index/pt-br/transporte_p%C3%BAblico-line-110_2-Brasilia-1702-850942-339295-0,-1.0,-15.79467,-47.8818,,,,,2023-06-17T22:39:21+00:00
BRA_120235,Brasília,5300108,,Piracicabana,600.2,https://moovitapp.com/index/pt-br/transporte_p%C3%BAblico-line-600_2-Brasilia-1702-850942-242486-0,-1.0,-15.63743,-47.74491,,,,,2023-06-17T22:39:22+00:00
BRA_120651,Brasília,5300108,,Piracicabana,519.2,https://moovitapp.com/index/pt-br/transporte_p%C3%BAblico-line-519_2-Brasilia-1702-850942-242483-0,-1.0,-15.67305,-47.84036,,,,,2023-06-17T22:39:22+00:00
BRA_118117,Brasília,5300108,,Piracicabana,616.8,https://moovitapp.com/index/pt-br/transporte_p%C3%BAblico-line-616_8-Brasilia-1702-850942-128977718-0,-1.0,-15.65849,-47.79176,,,,,2023-06-17T22:39:22+00:00
BRA_119911,Brasília,5300108,,Piracicabana,105.2,https://moovitapp.com/index/pt-br/transporte_p%C3%BAblico-line-105_2-Brasilia-1702-850942-12015265-0,-1.0,-15.8207,-47.89465,,,,,2023-06-17T22:39:23+00:00
BRA_118648,Brasília,5300108,,Piracicabana,0.504,https://moovitapp.com/index/pt-br/transporte_p%C3%BAblico-line-0_504-Brasilia-1702-850942-781321-0,-1.0,-15.65213,-47.80407,,,,,2023-06-17T22:39:24+00:00
BRA_119725,Brasília,5300108,,Piracicabana,600.7,https://moovitapp.com/index/pt-br/transporte_p%C3%BAblico-line-600_7-Brasilia-1702-850942-698442-0,-1.0,-15.76616,-47.88347,,,,,2023-06-17T22:39:25+00:00
BRA_118940,Brasília,5300108,,Piracicabana,0.116,https://moovitapp.com/index/pt-br/transporte_p%C3%BAblico-line-0_116-Brasilia-1702-850942-242381-0,-1.0,-15.79335,-47.88124,,,,,2023-06-17T22:39:25+00:00
BRA_120987,Brasília,5300108,,Piracicabana,153.2,https://moovitapp.com/index/pt-br/transporte_p%C3%BAblico-line-153_2-Brasilia-1702-850942-775093-0,-1.0,-15.81796,-47.98206,,,,,2023-06-17T22:39:25+00:00
BRA_120685,Brasília,5300108,,Piracicabana,0.640,https://moovitapp.com/index/pt-br/transporte_p%C3%BAblico-line-0_640-Brasilia-1702-850942-242423-0,-1.0,-15.62699,-47.65907,,,,,2023-06-17T22:39:26+00:00
BRA_119041,Brasília,5300108,,Piracicabana,611.1,https://moovitapp.com/index/pt-br/transporte_p%C3%BAblico-line-611_1-Brasilia-1702-850942-25771161-0,-1.0,-15.65619,-47.58181,,,,,2023-06-17T22:39:26+00:00
BRA_119709,Brasília,5300108,,Piracicabana,601.1,https://moovitapp.com/index/pt-br/transporte_p%C3%BAblico-line-601_1-Brasilia-1702-850942-322377-0,-1.0,-15.60914,-47.63104,,,,,2023-06-17T22:39:26+00:00
BRA_118265,Brasília,5300108,,Piracicabana,102.6,https://moovitapp.com/index/pt-br/transporte_p%C3%BAblico-line-102_6-Brasilia-1702-850942-775091-0,-1.0,-15.86283,-47.93566,,,,,2023-06-17T22:39:26+00:00
BRA_118800,Brasília,5300108,,Piracicabana,066.4,https://moovitapp.com/index/pt-br/transporte_p%C3%BAblico-line-066_4-Brasilia-1702-850942-763557-0,-1.0,-15.62875,-47.65908,,,,,2023-06-17T22:39:27+00:00
BRA_120448,Brasília,5300108,,Piracicabana,0.151,https://moovitapp.com/index/pt-br/transporte_p%C3%BAblico-line-0_151-Brasilia-1702-850942-775087-0,-1.0,-15.78377,-47.93711,,,,,2023-06-17T22:39:27+00:00
BRA_119032,Brasília,5300108,,Piracicabana,0.114,https://moovitapp.com/index/pt-br/transporte_p%C3%BAblico-line-0_114-Brasilia-1702-850942-242379-0,-1.0,-15.82117,-47.91812,,,,,2023-06-17T22:39:28+00:00
BRA_118443,Brasília,5300108,,Piracicabana,158.1,https://moovitapp.com/index/pt-br/transporte_p%C3%BAblico-line-158_1-Brasilia-1702-850942-775094-0,-1.0,-15.80889,-47.93938,,,,,2023-06-17T22:39:29+00:00
BRA_120740,Brasília,5300108,,Piracicabana,616.8,https://moovitapp.com/index/pt-br/transporte_p%C3%BAblico-line-616_8-Brasilia-1702-850942-128977718-0,-1.0,-15.63308,-47.64315,,,,,2023-06-17T22:39:29+00:00
BRA_118699,Brasília,5300108,,Piracicabana,153.2,https://moovitapp.com/index/pt-br/transporte_p%C3%BAblico-line-153_2-Brasilia-1702-850942-775093-0,-1.0,-15.81136,-47.89314,,,,,2023-06-17T22:39:30+00:00
BRA_118770,Brasília,5300108,,Piracicabana,162.1,https://moovitapp.com/index/pt-br/transporte_p%C3%BAblico-line-162_1-Brasilia-1702-850942-762425-0,-1.0,-15.83767,-47.96244,,,,,2023-06-17T22:39:30+00:00
BRA_119733,Brasília,5300108,,Piracicabana,504.1,https://moovitapp.com/index/pt-br/transporte_p%C3%BAblico-line-504_1-Brasilia-1702-850942-242476-0,-1.0,-15.60025,-47.6796,,,,,2023-06-17T22:39:30+00:00
BRA_120260,Brasília,5300108,,Piracicabana,0.640,https://moovitapp.com/index/pt-br/transporte_p%C3%BAblico-line-0_640-Brasilia-1702-850942-242423-0,-1.0,-15.8136,-47.90761,,,,,2023-06-17T22:39:31+00:00
BRA_120308,Brasília,5300108,,Piracicabana,620.1,https://moovitapp.com/index/pt-br/transporte_p%C3%BAblico-line-620_1-Brasilia-1702-850942-697955-0,-1.0,-15.794,-47.88299,,,,1,2023-06-17T22:39:31+00:00
BRA_120472,Brasília,5300108,,Piracicabana,0.504,https://moovitapp.com/index/pt-br/transporte_p%C3%BAblico-line-0_504-Brasilia-1702-850942-781321-0,-1.0,-15.61195,-47.70002,,,,,2023-06-17T22:39:31+00:00
BRA_120936,Brasília,5300108,,Piracicabana,0.640,https://moovitapp.com/index/pt-br/transporte_p%C3%BAblico-line-0_640-Brasilia-1702-850942-242423-0,-1.0,-15.72242,-47.89614,,,,,2023-06-17T22:39:32+00:00
BRA_117731,Brasília,5300108,,Piracicabana,0.110,https://moovitapp.com/index/pt-br/transporte_p%C3%BAblico-line-0_110-Brasilia-1702-850942-339284-0,-1.0,-15.76322,-47.87172,,,,,2023-06-17T22:39:32+00:00
BRA_118346,Brasília,5300108,,Piracicabana,099.1,https://moovitapp.com/index/pt-br/transporte_p%C3%BAblico-line-099_1-Brasilia-1702-850942-775090-0,-1.0,-15.82925,-48.03936,,,,,2023-06-17T22:39:34+00:00
BRA_118893,Brasília,5300108,,Piracicabana,0.143,https://moovitapp.com/index/pt-br/transporte_p%C3%BAblico-line-0_143-Brasilia-1702-850942-470747-0,-1.0,-15.79172,-47.89545,,,,,2023-06-17T22:39:34+00:00
BRA_121053,Brasília,5300108,,Piracicabana,616.8,https://moovitapp.com/index/pt-br/transporte_p%C3%BAblico-line-616_8-Brasilia-1702-850942-128977718-0,-1.0,-15.65206,-47.77864,,,,,2023-06-17T22:39:34+00:00
BRA_119491,Brasília,5300108,,Piracicabana,063.1,https://moovitapp.com/index/pt-br/transporte_p%C3%BAblico-line-063_1-Brasilia-1702-850942-339291-0,-1.0,-15.65938,-47.84496,,,,,2023-06-17T22:39:35+00:00
BRA_119822,Brasília,5300108,,Piracicabana,501.4,https://moovitapp.com/index/pt-br/transporte_p%C3%BAblico-line-501_4-Brasilia-1702-850942-775096-0,-1.0,-15.67235,-47.83979,,,,,2023-06-17T22:39:36+00:00
BRA_119059,Brasília,5300108,,Piracicabana,0.103,https://moovitapp.com/index/pt-br/transporte_p%C3%BAblico-line-0_103-Brasilia-1702-850942-335705-0,-1.0,-15.84258,-47.91639,,,,,2023-06-17T22:39:36+00:00
BRA_121100,Brasília,5300108,,Piracicabana,640.2,https://moovitapp.com/index/pt-br/transporte_p%C3%BAblico-line-640_2-Brasilia-1702-850942-697957-0,-1.0,-15.67702,-47.82616,,,,,2023-06-17T22:39:36+00:00
BRA_119903,Brasília,5300108,,Piracicabana,158.1,https://moovitapp.com/index/pt-br/transporte_p%C3%BAblico-line-158_1-Brasilia-1702-850942-775094-0,-1.0,-15.8213,-47.93628,,,,,2023-06-17T22:39:37+00:00
BRA_119083,Brasília,5300108,,Piracicabana,062.5,https://moovitapp.com/index/pt-br/transporte_p%C3%BAblico-line-062_5-Brasilia-1702-850942-339835-0,-1.0,-15.65564,-47.80926,,,,,2023-06-17T22:39:37+00:00
BRA_119121,Brasília,5300108,,Piracicabana,063.1,https://moovitapp.com/index/pt-br/transporte_p%C3%BAblico-line-063_1-Brasilia-1702-850942-339291-0,-1.0,-15.63899,-47.82098,,,,,2023-06-17T22:39:38+00:00
BRA_118885,Brasília,5300108,,Piracicabana,0.116,https://moovitapp.com/index/pt-br/transporte_p%C3%BAblico-line-0_116-Brasilia-1702-850942-242381-0,-1.0,-15.7507,-47.89486,,,,,2023-06-17T22:39:38+00:00
BRA_120839,Brasília,5300108,,Piracicabana,099.1,https://moovitapp.com/index/pt-br/transporte_p%C3%BAblico-line-099_1-Brasilia-1702-850942-775090-0,-1.0,-15.79583,-47.93352,,,,,2023-06-17T22:39:39+00:00
BRA_120197,Brasília,5300108,,Piracicabana,0.600,https://moovitapp.com/index/pt-br/transporte_p%C3%BAblico-line-0_600-Brasilia-1702-850942-242410-0,-1.0,-15.63567,-47.74258,,,,,2023-06-17T22:39:40+00:00
BRA_119865,Brasília,5300108,,Piracicabana,067.3,https://moovitapp.com/index/pt-br/transporte_p%C3%BAblico-line-067_3-Brasilia-1702-850942-339294-0,-1.0,-15.64042,-47.65084,,,,,2023-06-17T22:39:40+00:00
BRA_119555,Brasília,5300108,,Piracicabana,501.4,https://moovitapp.com/index/pt-br/transporte_p%C3%BAblico-line-501_4-Brasilia-1702-850942-775096-0,-1.0,-15.83473,-47.92442,,,,,2023-06-17T22:39:42+00:00
BRA_120642,Brasília,5300108,,Piracicabana,601.3,https://moovitapp.com/index/pt-br/transporte_p%C3%BAblico-line-601_3-Brasilia-1702-850942-339836-0,-1.0,-15.62473,-47.63951,,,,,2023-06-17T22:39:42+00:00
BRA_120111,Brasília,5300108,,Piracicabana,0.169,https://moovitapp.com/index/pt-br/transporte_p%C3%BAblico-line-0_169-Brasilia-1702-850942-242393-0,-1.0,-15.77359,-47.88852,,,,,2023-06-17T22:39:43+00:00
BRA_119806,Brasília,5300108,,Piracicabana,0.620,https://moovitapp.com/index/pt-br/transporte_p%C3%BAblico-line-0_620-Brasilia-1702-850942-470748-0,-1.0,-15.79423,-47.88234,,,,,2023-06-17T22:39:43+00:00
BRA_118702,Brasília,5300108,,Piracicabana,136.7,https://moovitapp.com/index/pt-br/transporte_p%C3%BAblico-line-136_7-Brasilia-1702-850942-242451-0,-1.0,-15.82906,-47.92989,,,,,2023-06-17T22:39:43+00:00
BRA_119024,Brasília,5300108,,Piracicabana,158.1,https://moovitapp.com/index/pt-br/transporte_p%C3%BAblico-line-158_1-Brasilia-1702-850942-775094-0,-1.0,-15.78467,-47.99617,,,,,2023-06-17T22:39:44+00:00
BRA_120219,Brasília,5300108,,Piracicabana,128.1,https://moovitapp.com/index/pt-br/transporte_p%C3%BAblico-line-128_1-Brasilia-1702-850942-53234107-0,-1.0,-15.73702,-47.8984,,,,,2023-06-17T22:39:44+00:00
BRA_119580,Brasília,5300108,,Piracicabana,062.7,https://moovitapp.com/index/pt-br/transporte_p%C3%BAblico-line-062_7-Brasilia-1702-850942-494154-0,-1.0,-15.62691,-47.83871,,,,1,2023-06-17T22:39:45+00:00
BRA_119393,Brasília,5300108,,Piracicabana,531.1,https://moovitapp.com/index/pt-br/transporte_p%C3%BAblico-line-531_1-Brasilia-1702-850942-476289-0,-1.0,-15.64218,-47.82696,,,,,2023-06-17T22:39:45+00:00
BRA_119253,Brasília,5300108,,Piracicabana,505.3,https://moovitapp.com/index/pt-br/transporte_p%C3%BAblico-line-505_3-Brasilia-1702-850942-352626-0,-1.0,-15.64126,-47.82644,,,,,2023-06-17T22:39:46+00:00
BRA_120120,Brasília,5300108,,Piracicabana,115.1,https://moovitapp.com/index/pt-br/transporte_p%C3%BAblico-line-115_1-Brasilia-1702-850942-242436-0,-1.0,-15.79388,-47.8819,,,,,2023-06-17T22:39:46+00:00
BRA_119997,Brasília,5300108,,Piracicabana,601.2,https://moovitapp.com/index/pt-br/transporte_p%C3%BAblico-line-601_2-Brasilia-1702-850942-322378-0,-1.0,-15.61861,-47.65374,,,,1,2023-06-17T22:39:48+00:00
BRA_120375,Brasília,5300108,,Piracicabana,0.620,https://moovitapp.com/index/pt-br/transporte_p%C3%BAblico-line-0_620-Brasilia-1702-850942-470748-0,-1.0,-15.70266,-47.88607,,,,,2023-06-17T22:39:48+00:00
BRA_120693,Brasília,5300108,,Piracicabana,616.8,https://moovitapp.com/index/pt-br/transporte_p%C3%BAblico-line-616_8-Brasilia-1702-850942-128977718-0,-1.0,-15.6182,-47.6539,,,,,2023-06-17T22:39:48+00:00
BRA_120782,Brasília,5300108,,Piracicabana,162.1,https://moovitapp.com/index/pt-br/transporte_p%C3%BAblico-line-162_1-Brasilia-1702-850942-762425-0,-1.0,-15.83092,-47.98722,,,,,2023-06-17T22:39:48+00:00
BRA_118991,Brasília,5300108,,Piracicabana,0.143,https://moovitapp.com/index/pt-br/transporte_p%C3%BAblico-line-0_143-Brasilia-1702-850942-470747-0,-1.0,-15.76111,-47.96296,,,,,2023-06-17T22:39:48+00:00
BRA_118010,Brasília,5300108,,Piracicabana,0.641,https://moovitapp.com/index/pt-br/transporte_p%C3%BAblico-line-0_641-Brasilia-1702-850942-242424-0,-1.0,-15.77476,-47.88797,,,,,2023-06-17T22:39:49+00:00
BRA_119377,Brasília,5300108,,Piracicabana,505.8,https://moovitapp.com/index/pt-br/transporte_p%C3%BAblico-line-505_8-Brasilia-1702-850942-339297-0,-1.0,-15.65188,-47.79018,,,,,2023-06-17T22:39:49+00:00
BRA_120065,Brasília,5300108,,Piracicabana,066.6,https://moovitapp.com/index/pt-br/transporte_p%C3%BAblico-line-066_6-Brasilia-1702-850942-770027-0,-1.0,-15.62438,-47.64333,,,,,2023-06-17T22:39:49+00:00
BRA_119482,Brasília,5300108,,Piracicabana,505.5,https://moovitapp.com/index/pt-br/transporte_p%C3%BAblico-line-505_5-Brasilia-1702-850942-651521-0,-1.0,-15.63444,-47.82697,,,,,2023-06-17T22:39:50+00:00
BRA_118141,Brasília,5300108,,,628.2,,,-15.81538,-47.63461,,,,,2023-06-17T22:39:50+00:00
BRA_119474,Brasília,5300108,,Piracicabana,511.4,https://moovitapp.com/index/pt-br/transporte_p%C3%BAblico-line-511_4-Brasilia-1702-850942-770030-0,-1.0,-15.75243,-47.78022,,,,1,2023-06-17T22:39:51+00:00
BRA_119741,Brasília,5300108,,Piracicabana,505.8,https://moovitapp.com/index/pt-br/transporte_p%C3%BAblico-line-505_8-Brasilia-1702-850942-339297-0,-1.0,-15.65571,-47.85632,,,,,2023-06-17T22:39:51+00:00
BRA_120286,Brasília,5300108,,Piracicabana,152.5,https://moovitapp.com/index/pt-br/transporte_p%C3%BAblico-line-152_5-Brasilia-1702-850942-542828-0,-1.0,-15.79108,-47.91098,,,,,2023-06-17T22:39:52+00:00
BRA_119105,Brasília,5300108,,Piracicabana,063.1,https://moovitapp.com/index/pt-br/transporte_p%C3%BAblico-line-063_1-Brasilia-1702-850942-339291-0,-1.0,-15.66551,-47.75173,,,,,2023-06-17T22:39:53+00:00
BRA_118974,Brasília,5300108,,Piracicabana,504.1,https://moovitapp.com/index/pt-br/transporte_p%C3%BAblico-line-504_1-Brasilia-1702-850942-242476-0,-1.0,-15.64952,-47.78363,,,,,2023-06-17T22:39:53+00:00
BRA_118877,Brasília,5300108,,Piracicabana,105.2,https://moovitapp.com/index/pt-br/transporte_p%C3%BAblico-line-105_2-Brasilia-1702-850942-12015265-0,-1.0,-15.81392,-47.90851,,,,,2023-06-17T22:39:54+00:00
BRA_119351,Brasília,5300108,,Piracicabana,512.1,https://moovitapp.com/index/pt-br/transporte_p%C3%BAblico-line-512_1-Brasilia-1702-850942-474401-0,-1.0,-15.80401,-47.89663,,,,,2023-06-17T22:39:55+00:00
BRA_119890,Brasília,5300108,,Piracicabana,602.1,https://moovitapp.com/index/pt-br/transporte_p%C3%BAblico-line-602_1-Brasilia-1702-850942-242491-0,-1.0,-15.61809,-47.64376,,,,,2023-06-17T22:39:56+00:00
BRA_118966,Brasília,5300108,,Piracicabana,0.620,https://moovitapp.com/index/pt-br/transporte_p%C3%BAblico-line-0_620-Brasilia-1702-850942-470748-0,-1.0,-15.60921,-47.65476,,,,,2023-06-17T22:39:56+00:00
BRA_119679,Brasília,5300108,,Piracicabana,501.3,https://moovitapp.com/index/pt-br/transporte_p%C3%BAblico-line-501_3-Brasilia-1702-850942-242472-0,-1.0,-15.76519,-47.88218,,,,,2023-06-17T22:39:57+00:00
BRA_120677,Brasília,5300108,,Piracicabana,616.8,https://moovitapp.com/index/pt-br/transporte_p%C3%BAblico-line-616_8-Brasilia-1702-850942-128977718-0,-1.0,-15.63796,-47.64384,,,,,2023-06-17T22:39:57+00:00
BRA_120162,Brasília,5300108,,Piracicabana,512.1,https://moovitapp.com/index/pt-br/transporte_p%C3%BAblico-line-512_1-Brasilia-1702-850942-474401-0,-1.0,-15.81277,-47.90074,,,,,2023-06-17T22:39:58+00:00
BRA_120430,Brasília,5300108,,Piracicabana,066.2,https://moovitapp.com/index/pt-br/transporte_p%C3%BAblico-line-066_2-Brasilia-1702-850942-339293-0,-1.0,-15.60204,-47.6819,,,,,2023-06-17T22:39:58+00:00
BRA_118371,Brasília,5300108,,Piracicabana,630.1,https://moovitapp.com/index/pt-br/transporte_p%C3%BAblico-line-630_1-Brasilia-1702-850942-476290-0,-1.0,-15.64915,-47.77105,,,,,2023-06-17T22:39:59+00:00
BRA_117331,Brasília,5300108,,Piracicabana,099.1,https://moovitapp.com/index/pt-br/transporte_p%C3%BAblico-line-099_1-Brasilia-1702-850942-775090-0,-1.0,-15.81223,-47.98016,,,,,2023-06-17T22:39:59+00:00
BRA_119873,Brasília,5300108,,Piracicabana,066.5,https://moovitapp.com/index/pt-br/transporte_p%C3%BAblico-line-066_5-Brasilia-1702-850942-770026-0,-1.0,-15.64076,-47.63098,,,,,2023-06-17T22:39:59+00:00
BRA_119300,Brasília,5300108,,Piracicabana,501.3,https://moovitapp.com/index/pt-br/transporte_p%C3%BAblico-line-501_3-Brasilia-1702-850942-242472-0,-1.0,-15.76883,-47.8829,,,,,2023-06-17T22:39:59+00:00
BRA_119750,Brasília,5300108,,Piracicabana,505.5,https://moovitapp.com/index/pt-br/transporte_p%C3%BAblico-line-505_5-Brasilia-1702-850942-651521-0,-1.0,-15.65262,-47.76466,,,,,2023-06-17T22:40:00+00:00
BRA_120499,Brasília,5300108,,Piracicabana,0.116,https://moovitapp.com/index/pt-br/transporte_p%C3%BAblico-line-0_116-Brasilia-1702-850942-242381-0,-1.0,-15.79335,-47.88124,,,,1,2023-06-17T22:40:00+00:00
BRA_119211,Brasília,5300108,,Piracicabana,501.3,https://moovitapp.com/index/pt-br/transporte_p%C3%BAblico-line-501_3-Brasilia-1702-850942-242472-0,-1.0,-15.64272,-47.84887,,,,,2023-06-17T22:40:02+00:00
BRA_118931,Brasília,5300108,,Piracicabana,107.1,https://moovitapp.com/index/pt-br/transporte_p%C3%BAblico-line-107_1-Brasilia-1702-850942-242434-0,-1.0,-15.82784,-47.92793,,,,,2023-06-17T22:40:02+00:00
BRA_121002,Brasília,5300108,,Piracicabana,0.600,https://moovitapp.com/index/pt-br/transporte_p%C3%BAblico-line-0_600-Brasilia-1702-850942-242410-0,-1.0,-15.619,-47.64602,,,,,2023-06-17T22:40:03+00:00
BRA_121029,Brasília,5300108,,Piracicabana,0.620,https://moovitapp.com/index/pt-br/transporte_p%C3%BAblico-line-0_620-Brasilia-1702-850942-470748-0,-1.0,-15.64277,-47.75761,,,,,2023-06-17T22:40:03+00:00
BRA_119016,Brasília,5300108,,Piracicabana,152.5,https://moovitapp.com/index/pt-br/transporte_p%C3%BAblico-line-152_5-Brasilia-1702-850942-542828-0,-1.0,-15.79386,-47.88285,,,,1,2023-06-17T22:40:05+00:00
BRA_120871,Brasília,5300108,,Piracicabana,115.1,https://moovitapp.com/index/pt-br/transporte_p%C3%BAblico-line-115_1-Brasilia-1702-850942-242436-0,-1.0,-15.79377,-47.88174,,,,1,2023-06-17T22:40:06+00:00
BRA_120324,Brasília,5300108,,Piracicabana,616.8,https://moovitapp.com/index/pt-br/transporte_p%C3%BAblico-line-616_8-Brasilia-1702-850942-128977718-0,-1.0,-15.79358,-47.88187,,,,1,2023-06-17T22:40:06+00:00
BRA_120090,Brasília,5300108,,Piracicabana,136.6,https://moovitapp.com/index/pt-br/transporte_p%C3%BAblico-line-136_6-Brasilia-1702-850942-773700-0,-1.0,-15.83641,-47.93369,,,,1,2023-06-17T22:40:06+00:00
BRA_118575,Brasília,5300108,,Piracicabana,115.1,https://moovitapp.com/index/pt-br/transporte_p%C3%BAblico-line-115_1-Brasilia-1702-850942-242436-0,-1.0,-15.73855,-47.89932,,,,1,2023-06-17T22:40:09+00:00
BRA_120821,Brasília,5300108,,Piracicabana,153.2,https://moovitapp.com/index/pt-br/transporte_p%C3%BAblico-line-153_2-Brasilia-1702-850942-775093-0,-1.0,-15.82593,-47.98106,,,,1,2023-06-17T22:40:10+00:00
BRA_120251,Brasília,5300108,,Piracicabana,640.2,https://moovitapp.com/index/pt-br/transporte_p%C3%BAblico-line-640_2-Brasilia-1702-850942-697957-0,-1.0,-15.83586,-47.93285,,,,1,2023-06-17T22:40:11+00:00
