bus_id,city,city_code,adapted,agency,line_code,line_url,line_fare,latitude,longitude,bus_speed,is_eletric,bus_type,bus_direction,updated_at
BRA_337358,Brasília,5300108,,Urbi,813.2,https://moovitapp.com/index/pt-br/transporte_p%C3%BAblico-line-813_2-Brasilia-1702-851595-242636-0,-1.0,-15.92181,-48.10719,0.0,,,1,2023-06-17T16:16:07+00:00
BRA_335584,Brasília,5300108,,Urbi,366.7,https://moovitapp.com/index/pt-br/transporte_p%C3%BAblico-line-366_7-Brasilia-1702-851595-650086-0,-1.0,-15.8639,-48.07907,7.5,,,1,2023-06-17T16:19:34+00:00
BRA_337323,Brasília,5300108,,Urbi,0.882,https://moovitapp.com/index/pt-br/transporte_p%C3%BAblico-line-0_882-Brasilia-1702-851595-363858-0,-1.0,-15.78992,-47.89021,10.0,,,2,2023-06-17T16:31:11+00:00
BRA_340618,Brasília,5300108,,Urbi,0.347,https://moovitapp.com/index/pt-br/transporte_p%C3%BAblico-line-0_347-Brasilia-1702-851595-347128-0,-1.0,-15.84552,-48.1067,13.33,,,2,2023-06-17T16:35:34+00:00
BRA_336041,Brasília,5300108,,Urbi,396.3,https://moovitapp.com/index/pt-br/transporte_p%C3%BAblico-line-396_3-Brasilia-1702-851595-372378-0,-1.0,-15.89205,-48.10741,11.11,,,1,2023-06-17T16:35:54+00:00
BRA_338583,Brasília,5300108,,Urbi,084.1,https://moovitapp.com/index/pt-br/transporte_p%C3%BAblico-line-084_1-Brasilia-1702-851595-466292-0,-1.0,-15.80371,-47.94754,14.44,,,1,2023-06-17T16:35:56+00:00
BRA_340634,Brasília,5300108,,Urbi,396.2,https://moovitapp.com/index/pt-br/transporte_p%C3%BAblico-line-396_2-Brasilia-1702-851595-372377-0,-1.0,-15.78516,-47.88789,12.22,,,2,2023-06-17T16:36:04+00:00
BRA_340570,Brasília,5300108,,Urbi,366.7,https://moovitapp.com/index/pt-br/transporte_p%C3%BAblico-line-366_7-Brasilia-1702-851595-650086-0,-1.0,-15.88408,-48.14997,0.0,,,1,2023-06-17T16:36:40+00:00
BRA_338257,Brasília,5300108,,Urbi,0.087,https://moovitapp.com/index/pt-br/transporte_p%C3%BAblico-line-0_087-Brasilia-1702-851595-242519-0,-1.0,-15.88235,-48.01265,2.5,,,1,2023-06-17T16:36:49+00:00
BRA_337404,Brasília,5300108,,Urbi,807.1,https://moovitapp.com/index/pt-br/transporte_p%C3%BAblico-line-807_1-Brasilia-1702-851595-322407-0,-1.0,-15.86534,-48.05892,0.0,,,2,2023-06-17T16:36:58+00:00
BRA_336696,Brasília,5300108,,Urbi,0.825,https://moovitapp.com/index/pt-br/transporte_p%C3%BAblico-line-0_825-Brasilia-1702-851595-334081-0,-1.0,-15.79368,-47.88271,0.56,,,2,2023-06-17T16:36:59+00:00
BRA_338176,Brasília,5300108,,Urbi,814.1,https://moovitapp.com/index/pt-br/transporte_p%C3%BAblico-line-814_1-Brasilia-1702-851595-492985-0,-1.0,-15.90299,-48.06072,10.28,,,1,2023-06-17T16:37:17+00:00
BRA_337277,Brasília,5300108,,Urbi,0.805,https://moovitapp.com/index/pt-br/transporte_p%C3%BAblico-line-0_805-Brasilia-1702-851595-460800-0,-1.0,-15.8693,-48.03108,15.83,,,1,2023-06-17T16:37:23+00:00
BRA_335606,Brasília,5300108,,Urbi,367.2,https://moovitapp.com/index/pt-br/transporte_p%C3%BAblico-line-367_2-Brasilia-1702-851595-454971-0,-1.0,-15.87169,-48.03012,10.56,,,1,2023-06-17T16:37:35+00:00
BRA_336025,Brasília,5300108,,Urbi,366.1,https://moovitapp.com/index/pt-br/transporte_p%C3%BAblico-line-366_1-Brasilia-1702-851595-425249-0,-1.0,-15.88875,-48.12452,4.72,,,2,2023-06-17T16:37:44+00:00
BRA_339156,Brasília,5300108,,Urbi,0.808,https://moovitapp.com/index/pt-br/transporte_p%C3%BAblico-line-0_808-Brasilia-1702-851595-372359-0,-1.0,-15.88966,-48.05813,10.83,,,2,2023-06-17T16:37:44+00:00
BRA_340545,Brasília,5300108,,Urbi,0.160,https://moovitapp.com/index/pt-br/transporte_p%C3%BAblico-line-0_160-Brasilia-1702-851595-470755-0,-1.0,-15.8239,-47.91153,16.67,,,2,2023-06-17T16:37:44+00:00
BRA_340651,Brasília,5300108,,Urbi,366.1,https://moovitapp.com/index/pt-br/transporte_p%C3%BAblico-line-366_1-Brasilia-1702-851595-425249-0,-1.0,-15.88457,-48.08975,11.11,,,1,2023-06-17T16:37:44+00:00
BRA_338192,Brasília,5300108,,Urbi,0.814,https://moovitapp.com/index/pt-br/transporte_p%C3%BAblico-line-0_814-Brasilia-1702-851595-492980-0,-1.0,-15.85879,-48.0681,0.0,,,2,2023-06-17T16:37:47+00:00
BRA_336467,Brasília,5300108,,Urbi,0.881,https://moovitapp.com/index/pt-br/transporte_p%C3%BAblico-line-0_881-Brasilia-1702-851595-363857-0,-1.0,-15.78622,-47.90059,8.06,,,2,2023-06-17T16:37:50+00:00
BRA_336980,Brasília,5300108,,Urbi,0.810,https://moovitapp.com/index/pt-br/transporte_p%C3%BAblico-line-0_810-Brasilia-1702-851595-363856-0,-1.0,-15.90654,-48.08174,15.0,,,2,2023-06-17T16:37:51+00:00
BRA_338745,Brasília,5300108,,Urbi,0.811,https://moovitapp.com/index/pt-br/transporte_p%C3%BAblico-line-0_811-Brasilia-1702-851595-334078-0,-1.0,-15.76546,-47.89049,15.0,,,2,2023-06-17T16:37:51+00:00
BRA_340391,Brasília,5300108,,Urbi,0.366,https://moovitapp.com/index/pt-br/transporte_p%C3%BAblico-line-0_366-Brasilia-1702-851595-650085-0,-1.0,-15.85879,-48.06808,0.0,,,2,2023-06-17T16:37:54+00:00
BRA_337978,Brasília,5300108,,Urbi,870.1,https://moovitapp.com/index/pt-br/transporte_p%C3%BAblico-line-870_1-Brasilia-1702-851595-715272-0,-1.0,-15.8968,-48.04781,5.0,,,1,2023-06-17T16:37:55+00:00
BRA_335908,Brasília,5300108,,,4730,,,-15.88386,-48.14992,0.0,,,2,2023-06-17T16:37:59+00:00
BRA_337641,Brasília,5300108,,Urbi,0.898,https://moovitapp.com/index/pt-br/transporte_p%C3%BAblico-line-0_898-Brasilia-1702-851595-322394-0,-1.0,-15.83331,-48.05627,0.28,,,1,2023-06-17T16:38:00+00:00
BRA_338524,Brasília,5300108,,Urbi,0.873,https://moovitapp.com/index/pt-br/transporte_p%C3%BAblico-line-0_873-Brasilia-1702-851595-510238-0,-1.0,-15.91301,-48.06351,8.33,,,1,2023-06-17T16:38:01+00:00
BRA_338346,Brasília,5300108,,Urbi,870.7,https://moovitapp.com/index/pt-br/transporte_p%C3%BAblico-line-870_7-Brasilia-1702-851595-531037-0,-1.0,-15.7941,-47.88343,0.28,,,2,2023-06-17T16:38:02+00:00
BRA_335681,Brasília,5300108,,Urbi,0.367,https://moovitapp.com/index/pt-br/transporte_p%C3%BAblico-line-0_367-Brasilia-1702-851595-519380-0,-1.0,-15.86901,-48.10025,6.67,,,1,2023-06-17T16:38:02+00:00
BRA_336076,Brasília,5300108,,Urbi,393.7,https://moovitapp.com/index/pt-br/transporte_p%C3%BAblico-line-393_7-Brasilia-1702-851595-588818-0,-1.0,-15.88628,-48.10486,5.0,,,1,2023-06-17T16:38:04+00:00
BRA_340715,Brasília,5300108,,Urbi,372.3,https://moovitapp.com/index/pt-br/transporte_p%C3%BAblico-line-372_3-Brasilia-1702-851595-641001-0,-1.0,-15.89262,-48.14841,9.17,,,2,2023-06-17T16:38:05+00:00
BRA_338958,Brasília,5300108,,Urbi,0.818,https://moovitapp.com/index/pt-br/transporte_p%C3%BAblico-line-0_818-Brasilia-1702-851595-242550-0,-1.0,-15.76976,-47.9379,6.11,,,2,2023-06-17T16:38:08+00:00
BRA_340324,Brasília,5300108,,Urbi,0.825,https://moovitapp.com/index/pt-br/transporte_p%C3%BAblico-line-0_825-Brasilia-1702-851595-334081-0,-1.0,-15.86064,-47.95526,15.56,,,2,2023-06-17T16:38:08+00:00
BRA_340294,Brasília,5300108,,Urbi,0.341,https://moovitapp.com/index/pt-br/transporte_p%C3%BAblico-line-0_341-Brasilia-1702-851595-37928003-0,-1.0,-15.83754,-48.09193,3.89,,,1,2023-06-17T16:38:08+00:00
BRA_336394,Brasília,5300108,,Urbi,394.1,https://moovitapp.com/index/pt-br/transporte_p%C3%BAblico-line-394_1-Brasilia-1702-851595-334089-0,-1.0,-15.80233,-47.9209,8.89,,,2,2023-06-17T16:38:08+00:00
BRA_335673,Brasília,5300108,,Urbi,0.346,https://moovitapp.com/index/pt-br/transporte_p%C3%BAblico-line-0_346-Brasilia-1702-851595-46461186-0,-1.0,-15.83627,-47.97878,7.22,,,2,2023-06-17T16:38:08+00:00
BRA_336360,Brasília,5300108,,Urbi,0.821,https://moovitapp.com/index/pt-br/transporte_p%C3%BAblico-line-0_821-Brasilia-1702-851595-334080-0,-1.0,-15.83627,-47.9278,16.39,,,2,2023-06-17T16:38:09+00:00
BRA_340154,Brasília,5300108,,Urbi,0.366,https://moovitapp.com/index/pt-br/transporte_p%C3%BAblico-line-0_366-Brasilia-1702-851595-650085-0,-1.0,-15.86585,-48.0947,0.0,,,1,2023-06-17T16:38:09+00:00
BRA_338630,Brasília,5300108,,Urbi,807.6,https://moovitapp.com/index/pt-br/transporte_p%C3%BAblico-line-807_6-Brasilia-1702-851595-334092-0,-1.0,-15.86688,-48.05544,8.89,,,1,2023-06-17T16:38:09+00:00
BRA_340057,Brasília,5300108,,Urbi,391.3,https://moovitapp.com/index/pt-br/transporte_p%C3%BAblico-line-391_3-Brasilia-1702-851595-372373-0,-1.0,-15.79924,-47.89302,15.0,,,2,2023-06-17T16:38:10+00:00
BRA_338575,Brasília,5300108,,Urbi,0.808,https://moovitapp.com/index/pt-br/transporte_p%C3%BAblico-line-0_808-Brasilia-1702-851595-372359-0,-1.0,-15.81106,-48.0925,14.72,,,1,2023-06-17T16:38:11+00:00
BRA_339091,Brasília,5300108,,Urbi,807.9,https://moovitapp.com/index/pt-br/transporte_p%C3%BAblico-line-807_9-Brasilia-1702-851595-322409-0,-1.0,-15.8923,-48.05697,12.22,,,1,2023-06-17T16:38:11+00:00
BRA_335924,Brasília,5300108,,Urbi,0.391,https://moovitapp.com/index/pt-br/transporte_p%C3%BAblico-line-0_391-Brasilia-1702-851595-372354-0,-1.0,-15.85408,-48.07313,1.39,,,1,2023-06-17T16:38:11+00:00
BRA_337447,Brasília,5300108,,Urbi,0.810,https://moovitapp.com/index/pt-br/transporte_p%C3%BAblico-line-0_810-Brasilia-1702-851595-363856-0,-1.0,-15.90315,-48.06188,4.44,,,1,2023-06-17T16:38:11+00:00
BRA_336033,Brasília,5300108,,Urbi,0.054,https://moovitapp.com/index/pt-br/transporte_p%C3%BAblico-line-0_054-Brasilia-1702-851595-454960-0,-1.0,-15.84463,-48.04985,0.0,,,1,2023-06-17T16:38:12+00:00
BRA_338541,Brasília,5300108,,Urbi,806.8,https://moovitapp.com/index/pt-br/transporte_p%C3%BAblico-line-806_8-Brasilia-1702-851595-74275051-0,-1.0,-15.87492,-48.0324,0.0,,,1,2023-06-17T16:38:13+00:00
BRA_340529,Brasília,5300108,,Urbi,0.163,https://moovitapp.com/index/pt-br/transporte_p%C3%BAblico-line-0_163-Brasilia-1702-851595-352629-0,-1.0,-15.81204,-47.93789,14.17,,,1,2023-06-17T16:38:13+00:00
BRA_336858,Brasília,5300108,,Urbi,813.1,https://moovitapp.com/index/pt-br/transporte_p%C3%BAblico-line-813_1-Brasilia-1702-851595-242635-0,-1.0,-15.81436,-48.0045,21.39,,,2,2023-06-17T16:38:14+00:00
BRA_336505,Brasília,5300108,,Urbi,0.805,https://moovitapp.com/index/pt-br/transporte_p%C3%BAblico-line-0_805-Brasilia-1702-851595-460800-0,-1.0,-15.80526,-48.07425,0.0,,,1,2023-06-17T16:38:14+00:00
BRA_335371,Brasília,5300108,,Urbi,0.171,https://moovitapp.com/index/pt-br/transporte_p%C3%BAblico-line-0_171-Brasilia-1702-851595-242524-0,-1.0,-15.79514,-47.89059,13.33,,,1,2023-06-17T16:38:14+00:00
BRA_337773,Brasília,5300108,,Urbi,0.806,https://moovitapp.com/index/pt-br/transporte_p%C3%BAblico-line-0_806-Brasilia-1702-851595-339299-0,-1.0,-15.95127,-48.01907,18.33,,,2,2023-06-17T16:38:14+00:00
BRA_337757,Brasília,5300108,,Urbi,084.1,https://moovitapp.com/index/pt-br/transporte_p%C3%BAblico-line-084_1-Brasilia-1702-851595-466292-0,-1.0,-15.86864,-47.96283,3.89,,,1,2023-06-17T16:38:14+00:00
BRA_337609,Brasília,5300108,,Urbi,0.808,https://moovitapp.com/index/pt-br/transporte_p%C3%BAblico-line-0_808-Brasilia-1702-851595-372359-0,-1.0,-15.92369,-48.10435,0.0,,,1,2023-06-17T16:38:15+00:00
BRA_336548,Brasília,5300108,,Urbi,0.813,https://moovitapp.com/index/pt-br/transporte_p%C3%BAblico-line-0_813-Brasilia-1702-851595-651523-0,-1.0,-15.81179,-47.90557,11.67,,,2,2023-06-17T16:38:15+00:00
BRA_340111,Brasília,5300108,,Urbi,0.053,https://moovitapp.com/index/pt-br/transporte_p%C3%BAblico-line-0_053-Brasilia-1702-851595-588803-0,-1.0,-15.82615,-48.0597,3.06,,,1,2023-06-17T16:38:15+00:00
BRA_337480,Brasília,5300108,,Urbi,805.9,https://moovitapp.com/index/pt-br/transporte_p%C3%BAblico-line-805_9-Brasilia-1702-851595-454983-0,-1.0,-15.82258,-48.06089,0.0,,,1,2023-06-17T16:38:17+00:00
BRA_336190,Brasília,5300108,,Urbi,0.394,https://moovitapp.com/index/pt-br/transporte_p%C3%BAblico-line-0_394-Brasilia-1702-851595-334076-0,-1.0,-15.86779,-48.03233,0.83,,,2,2023-06-17T16:38:17+00:00
BRA_338729,Brasília,5300108,,Urbi,807.8,https://moovitapp.com/index/pt-br/transporte_p%C3%BAblico-line-807_8-Brasilia-1702-851595-322408-0,-1.0,-15.92183,-48.10807,0.0,,,2,2023-06-17T16:38:17+00:00
BRA_338362,Brasília,5300108,,Urbi,805.1,https://moovitapp.com/index/pt-br/transporte_p%C3%BAblico-line-805_1-Brasilia-1702-851595-454980-0,-1.0,-15.91955,-48.05543,2.22,,,1,2023-06-17T16:38:17+00:00
BRA_338117,Brasília,5300108,,Urbi,0.873,https://moovitapp.com/index/pt-br/transporte_p%C3%BAblico-line-0_873-Brasilia-1702-851595-510238-0,-1.0,-15.78765,-48.13465,0.0,,,2,2023-06-17T16:38:17+00:00
BRA_336734,Brasília,5300108,,Urbi,394.1,https://moovitapp.com/index/pt-br/transporte_p%C3%BAblico-line-394_1-Brasilia-1702-851595-334089-0,-1.0,-15.85191,-48.04035,0.83,,,1,2023-06-17T16:38:17+00:00
BRA_336840,Brasília,5300108,,Urbi,0.881,https://moovitapp.com/index/pt-br/transporte_p%C3%BAblico-line-0_881-Brasilia-1702-851595-363857-0,-1.0,-15.85278,-48.03993,12.5,,,1,2023-06-17T16:38:18+00:00
BRA_338401,Brasília,5300108,,Urbi,0.175,https://moovitapp.com/index/pt-br/transporte_p%C3%BAblico-line-0_175-Brasilia-1702-851595-242526-0,-1.0,-15.82844,-47.92849,11.11,,,2,2023-06-17T16:38:18+00:00
BRA_338621,Brasília,5300108,,Urbi,0.808,https://moovitapp.com/index/pt-br/transporte_p%C3%BAblico-line-0_808-Brasilia-1702-851595-372359-0,-1.0,-15.87475,-48.05912,9.72,,,1,2023-06-17T16:38:18+00:00
BRA_336297,Brasília,5300108,,Urbi,0.380,https://moovitapp.com/index/pt-br/transporte_p%C3%BAblico-line-0_380-Brasilia-1702-851595-334073-0,-1.0,-15.88781,-48.14893,3.61,,,1,2023-06-17T16:38:18+00:00
BRA_335401,Brasília,5300108,,Urbi,0.373,https://moovitapp.com/index/pt-br/transporte_p%C3%BAblico-line-0_373-Brasilia-1702-851595-334072-0,-1.0,-15.87725,-47.99759,5.83,,,1,2023-06-17T16:38:19+00:00
BRA_338460,Brasília,5300108,,Urbi,805.2,https://moovitapp.com/index/pt-br/transporte_p%C3%BAblico-line-805_2-Brasilia-1702-851595-454981-0,-1.0,-15.86769,-48.03193,5.83,,,1,2023-06-17T16:38:19+00:00
BRA_338532,Brasília,5300108,,Urbi,0.038,https://moovitapp.com/index/pt-br/transporte_p%C3%BAblico-line-0_038-Brasilia-1702-851595-687419-0,-1.0,-15.88856,-48.01366,4.72,,,1,2023-06-17T16:38:19+00:00
BRA_339903,Brasília,5300108,,Urbi,0.171,https://moovitapp.com/index/pt-br/transporte_p%C3%BAblico-line-0_171-Brasilia-1702-851595-242524-0,-1.0,-15.84131,-47.92145,0.0,,,2,2023-06-17T16:38:19+00:00
BRA_340421,Brasília,5300108,,Urbi,0.399,https://moovitapp.com/index/pt-br/transporte_p%C3%BAblico-line-0_399-Brasilia-1702-851595-454964-0,-1.0,-15.82223,-48.11434,0.0,,,1,2023-06-17T16:38:19+00:00
BRA_340308,Brasília,5300108,,Urbi,393.4,https://moovitapp.com/index/pt-br/transporte_p%C3%BAblico-line-393_4-Brasilia-1702-851595-588816-0,-1.0,-15.90215,-48.12857,3.06,,,2,2023-06-17T16:38:19+00:00
BRA_340316,Brasília,5300108,,Urbi,0.161,https://moovitapp.com/index/pt-br/transporte_p%C3%BAblico-line-0_161-Brasilia-1702-851595-704023-0,-1.0,-15.80232,-47.95087,0.0,,,1,2023-06-17T16:38:20+00:00
BRA_336645,Brasília,5300108,,Urbi,0.380,https://moovitapp.com/index/pt-br/transporte_p%C3%BAblico-line-0_380-Brasilia-1702-851595-334073-0,-1.0,-15.78804,-47.89496,1.39,,,2,2023-06-17T16:38:20+00:00
BRA_338923,Brasília,5300108,,Urbi,805.1,https://moovitapp.com/index/pt-br/transporte_p%C3%BAblico-line-805_1-Brasilia-1702-851595-454980-0,-1.0,-15.85055,-48.04162,10.28,,,1,2023-06-17T16:38:20+00:00
BRA_335878,Brasília,5300108,,Urbi,056.2,https://moovitapp.com/index/pt-br/transporte_p%C3%BAblico-line-056_2-Brasilia-1702-851595-492982-0,-1.0,-15.83992,-48.10763,10.0,,,1,2023-06-17T16:38:20+00:00
BRA_337811,Brasília,5300108,,Urbi,874.4,https://moovitapp.com/index/pt-br/transporte_p%C3%BAblico-line-874_4-Brasilia-1702-851595-775106-0,-1.0,-15.86696,-47.96679,0.0,,,2,2023-06-17T16:38:20+00:00
BRA_337692,Brasília,5300108,,Urbi,0.810,https://moovitapp.com/index/pt-br/transporte_p%C3%BAblico-line-0_810-Brasilia-1702-851595-363856-0,-1.0,-15.79744,-47.8843,7.78,,,2,2023-06-17T16:38:20+00:00
BRA_338991,Brasília,5300108,,Urbi,0.087,https://moovitapp.com/index/pt-br/transporte_p%C3%BAblico-line-0_087-Brasilia-1702-851595-242519-0,-1.0,-15.79521,-47.93339,13.06,,,2,2023-06-17T16:38:21+00:00
BRA_336882,Brasília,5300108,,Urbi,0.871,https://moovitapp.com/index/pt-br/transporte_p%C3%BAblico-line-0_871-Brasilia-1702-851595-418741-0,-1.0,-15.87246,-48.02939,0.0,,,1,2023-06-17T16:38:21+00:00
BRA_340359,Brasília,5300108,,Urbi,0.367,https://moovitapp.com/index/pt-br/transporte_p%C3%BAblico-line-0_367-Brasilia-1702-851595-519380-0,-1.0,-15.85661,-48.04179,3.06,,,1,2023-06-17T16:38:21+00:00
BRA_340774,Brasília,5300108,,Urbi,397.2,https://moovitapp.com/index/pt-br/transporte_p%C3%BAblico-line-397_2-Brasilia-1702-851595-890938-0,-1.0,-15.81159,-48.09386,3.33,,,1,2023-06-17T16:38:22+00:00
BRA_336688,Brasília,5300108,,Urbi,380.2,https://moovitapp.com/index/pt-br/transporte_p%C3%BAblico-line-380_2-Brasilia-1702-851595-334086-0,-1.0,-15.83061,-48.05466,0.28,,,1,2023-06-17T16:38:22+00:00
BRA_338443,Brasília,5300108,,Urbi,0.368,https://moovitapp.com/index/pt-br/transporte_p%C3%BAblico-line-0_368-Brasilia-1702-851595-706971-0,-1.0,-15.80563,-48.0941,0.0,,,1,2023-06-17T16:38:22+00:00
BRA_337684,Brasília,5300108,,Urbi,870.7,https://moovitapp.com/index/pt-br/transporte_p%C3%BAblico-line-870_7-Brasilia-1702-851595-531037-0,-1.0,-15.92629,-48.05119,3.89,,,2,2023-06-17T16:38:22+00:00
BRA_337293,Brasília,5300108,,Urbi,0.812,https://moovitapp.com/index/pt-br/transporte_p%C3%BAblico-line-0_812-Brasilia-1702-851595-697958-0,-1.0,-15.84525,-48.11741,1.11,,,1,2023-06-17T16:38:22+00:00
BRA_336611,Brasília,5300108,,Urbi,0.871,https://moovitapp.com/index/pt-br/transporte_p%C3%BAblico-line-0_871-Brasilia-1702-851595-418741-0,-1.0,-15.87492,-48.03236,0.0,,,2,2023-06-17T16:38:22+00:00
BRA_337731,Brasília,5300108,,Urbi,0.809,https://moovitapp.com/index/pt-br/transporte_p%C3%BAblico-line-0_809-Brasilia-1702-851595-516630-0,-1.0,-15.90382,-48.06477,6.67,,,1,2023-06-17T16:38:23+00:00
BRA_336301,Brasília,5300108,,Urbi,380.2,https://moovitapp.com/index/pt-br/transporte_p%C3%BAblico-line-380_2-Brasilia-1702-851595-334086-0,-1.0,-15.89615,-48.14844,9.17,,,2,2023-06-17T16:38:23+00:00
BRA_339083,Brasília,5300108,,Urbi,872.9,https://moovitapp.com/index/pt-br/transporte_p%C3%BAblico-line-872_9-Brasilia-1702-851595-372394-0,-1.0,-15.82376,-48.06051,10.56,,,1,2023-06-17T16:38:23+00:00
BRA_338281,Brasília,5300108,,Urbi,0.807,https://moovitapp.com/index/pt-br/transporte_p%C3%BAblico-line-0_807-Brasilia-1702-851595-6677121-0,-1.0,-15.91447,-48.09771,11.94,,,1,2023-06-17T16:38:23+00:00
BRA_340448,Brasília,5300108,,Urbi,372.4,https://moovitapp.com/index/pt-br/transporte_p%C3%BAblico-line-372_4-Brasilia-1702-851595-650087-0,-1.0,-15.80365,-48.06909,0.0,,,1,2023-06-17T16:38:24+00:00
BRA_340758,Brasília,5300108,,Urbi,366.7,https://moovitapp.com/index/pt-br/transporte_p%C3%BAblico-line-366_7-Brasilia-1702-851595-650086-0,-1.0,-15.87033,-48.08492,9.17,,,2,2023-06-17T16:38:24+00:00
BRA_340022,Brasília,5300108,,Urbi,398.1,https://moovitapp.com/index/pt-br/transporte_p%C3%BAblico-line-398_1-Brasilia-1702-851595-510241-0,-1.0,-15.8182,-48.1057,9.72,,,2,2023-06-17T16:38:24+00:00
BRA_336866,Brasília,5300108,,Urbi,0.813,https://moovitapp.com/index/pt-br/transporte_p%C3%BAblico-line-0_813-Brasilia-1702-851595-651523-0,-1.0,-15.81497,-48.00563,17.78,,,1,2023-06-17T16:38:24+00:00
BRA_338150,Brasília,5300108,,Urbi,0.087,https://moovitapp.com/index/pt-br/transporte_p%C3%BAblico-line-0_087-Brasilia-1702-851595-242519-0,-1.0,-15.8645,-47.96199,14.72,,,1,2023-06-17T16:38:24+00:00
BRA_338290,Brasília,5300108,,Urbi,0.805,https://moovitapp.com/index/pt-br/transporte_p%C3%BAblico-line-0_805-Brasilia-1702-851595-460800-0,-1.0,-15.89841,-48.05564,3.89,,,1,2023-06-17T16:38:24+00:00
BRA_336581,Brasília,5300108,,Urbi,813.1,https://moovitapp.com/index/pt-br/transporte_p%C3%BAblico-line-813_1-Brasilia-1702-851595-242635-0,-1.0,-15.91917,-48.102,14.44,,,1,2023-06-17T16:38:24+00:00
BRA_335703,Brasília,5300108,,Urbi,0.050,https://moovitapp.com/index/pt-br/transporte_p%C3%BAblico-line-0_050-Brasilia-1702-851595-781325-0,-1.0,-15.8255,-48.0634,12.22,,,1,2023-06-17T16:38:24+00:00
BRA_335363,Brasília,5300108,,Urbi,056.2,https://moovitapp.com/index/pt-br/transporte_p%C3%BAblico-line-056_2-Brasilia-1702-851595-492982-0,-1.0,-15.86123,-48.07352,13.61,,,1,2023-06-17T16:38:24+00:00
BRA_337617,Brasília,5300108,,Urbi,813.2,https://moovitapp.com/index/pt-br/transporte_p%C3%BAblico-line-813_2-Brasilia-1702-851595-242636-0,-1.0,-15.74516,-47.89679,0.0,,,1,2023-06-17T16:38:24+00:00
BRA_338001,Brasília,5300108,,Urbi,0.882,https://moovitapp.com/index/pt-br/transporte_p%C3%BAblico-line-0_882-Brasilia-1702-851595-363858-0,-1.0,-15.87687,-47.99429,19.72,,,1,2023-06-17T16:38:25+00:00
BRA_335851,Brasília,5300108,,Urbi,367.2,https://moovitapp.com/index/pt-br/transporte_p%C3%BAblico-line-367_2-Brasilia-1702-851595-454971-0,-1.0,-15.88989,-48.14305,0.0,,,2,2023-06-17T16:38:25+00:00
BRA_340707,Brasília,5300108,,Urbi,391.3,https://moovitapp.com/index/pt-br/transporte_p%C3%BAblico-line-391_3-Brasilia-1702-851595-372373-0,-1.0,-15.81693,-47.94923,18.89,,,2,2023-06-17T16:38:25+00:00
BRA_340600,Brasília,5300108,,Urbi,396.3,https://moovitapp.com/index/pt-br/transporte_p%C3%BAblico-line-396_3-Brasilia-1702-851595-372378-0,-1.0,-15.82346,-47.93476,13.61,,,2,2023-06-17T16:38:25+00:00
BRA_340642,Brasília,5300108,,Urbi,372.5,https://moovitapp.com/index/pt-br/transporte_p%C3%BAblico-line-372_5-Brasilia-1702-851595-519391-0,-1.0,-15.81441,-48.06721,12.78,,,1,2023-06-17T16:38:26+00:00
BRA_340197,Brasília,5300108,,Urbi,0.050,https://moovitapp.com/index/pt-br/transporte_p%C3%BAblico-line-0_050-Brasilia-1702-851595-781325-0,-1.0,-15.80472,-48.07241,0.0,,,1,2023-06-17T16:38:26+00:00
BRA_339334,Brasília,5300108,,Urbi,0.340,https://moovitapp.com/index/pt-br/transporte_p%C3%BAblico-line-0_340-Brasilia-1702-851595-641378-0,-1.0,-15.94294,-48.23656,7.22,,,1,2023-06-17T16:38:26+00:00
BRA_337986,Brasília,5300108,,Urbi,807.9,https://moovitapp.com/index/pt-br/transporte_p%C3%BAblico-line-807_9-Brasilia-1702-851595-322409-0,-1.0,-15.90509,-48.06605,8.33,,,2,2023-06-17T16:38:26+00:00
BRA_335355,Brasília,5300108,,Urbi,056.4,https://moovitapp.com/index/pt-br/transporte_p%C3%BAblico-line-056_4-Brasilia-1702-851595-519387-0,-1.0,-15.84141,-48.1065,0.56,,,1,2023-06-17T16:38:26+00:00
BRA_337544,Brasília,5300108,,Urbi,0.177,https://moovitapp.com/index/pt-br/transporte_p%C3%BAblico-line-0_177-Brasilia-1702-851595-242528-0,-1.0,-15.78685,-47.90971,0.0,,,1,2023-06-17T16:38:27+00:00
BRA_336432,Brasília,5300108,,Urbi,0.806,https://moovitapp.com/index/pt-br/transporte_p%C3%BAblico-line-0_806-Brasilia-1702-851595-339299-0,-1.0,-15.8968,-48.04781,0.0,,,1,2023-06-17T16:38:27+00:00
BRA_338125,Brasília,5300108,,Urbi,806.1,https://moovitapp.com/index/pt-br/transporte_p%C3%BAblico-line-806_1-Brasilia-1702-851595-775104-0,-1.0,-15.88359,-48.06133,10.83,,,2,2023-06-17T16:38:27+00:00
BRA_336661,Brasília,5300108,,Urbi,0.394,https://moovitapp.com/index/pt-br/transporte_p%C3%BAblico-line-0_394-Brasilia-1702-851595-334076-0,-1.0,-15.89833,-48.12837,13.33,,,1,2023-06-17T16:38:27+00:00
BRA_340413,Brasília,5300108,,Urbi,373.2,https://moovitapp.com/index/pt-br/transporte_p%C3%BAblico-line-373_2-Brasilia-1702-851595-334084-0,-1.0,-15.8762,-47.99011,14.17,,,2,2023-06-17T16:38:27+00:00
BRA_340669,Brasília,5300108,,Urbi,0.129,https://moovitapp.com/index/pt-br/transporte_p%C3%BAblico-line-0_129-Brasilia-1702-851595-775097-0,-1.0,-15.87089,-47.93297,16.67,,,1,2023-06-17T16:38:28+00:00
BRA_340201,Brasília,5300108,,Urbi,056.4,https://moovitapp.com/index/pt-br/transporte_p%C3%BAblico-line-056_4-Brasilia-1702-851595-519387-0,-1.0,-15.88968,-48.12818,12.78,,,1,2023-06-17T16:38:28+00:00
BRA_337226,Brasília,5300108,,Urbi,0.898,https://moovitapp.com/index/pt-br/transporte_p%C3%BAblico-line-0_898-Brasilia-1702-851595-322394-0,-1.0,-15.83768,-48.04853,6.67,,,1,2023-06-17T16:38:28+00:00
BRA_338966,Brasília,5300108,,Urbi,0.808,https://moovitapp.com/index/pt-br/transporte_p%C3%BAblico-line-0_808-Brasilia-1702-851595-372359-0,-1.0,-15.79537,-48.12596,4.44,,,2,2023-06-17T16:38:29+00:00
BRA_340731,Brasília,5300108,,Urbi,391.3,https://moovitapp.com/index/pt-br/transporte_p%C3%BAblico-line-391_3-Brasilia-1702-851595-372373-0,-1.0,-15.87711,-48.0006,16.67,,,2,2023-06-17T16:38:30+00:00
BRA_339202,Brasília,5300108,,Urbi,0.056,https://moovitapp.com/index/pt-br/transporte_p%C3%BAblico-line-0_056-Brasilia-1702-851595-588804-0,-1.0,-15.81826,-48.10665,0.0,,,2,2023-06-17T16:38:30+00:00
BRA_337498,Brasília,5300108,,Urbi,870.7,https://moovitapp.com/index/pt-br/transporte_p%C3%BAblico-line-870_7-Brasilia-1702-851595-531037-0,-1.0,-15.92429,-48.05175,5.83,,,1,2023-06-17T16:38:30+00:00
BRA_337528,Brasília,5300108,,Urbi,0.809,https://moovitapp.com/index/pt-br/transporte_p%C3%BAblico-line-0_809-Brasilia-1702-851595-516630-0,-1.0,-15.8761,-47.98892,13.89,,,2,2023-06-17T16:38:30+00:00
BRA_337625,Brasília,5300108,,Urbi,0.172,https://moovitapp.com/index/pt-br/transporte_p%C3%BAblico-line-0_172-Brasilia-1702-851595-470756-0,-1.0,-15.84221,-47.92027,16.11,,,1,2023-06-17T16:38:30+00:00
BRA_336009,Brasília,5300108,,Urbi,366.1,https://moovitapp.com/index/pt-br/transporte_p%C3%BAblico-line-366_1-Brasilia-1702-851595-425249-0,-1.0,-15.86143,-48.06057,0.0,,,2,2023-06-17T16:38:31+00:00
BRA_338133,Brasília,5300108,,Urbi,870.1,https://moovitapp.com/index/pt-br/transporte_p%C3%BAblico-line-870_1-Brasilia-1702-851595-715272-0,-1.0,-15.87527,-48.03025,19.44,,,2,2023-06-17T16:38:31+00:00
BRA_340405,Brasília,5300108,,Urbi,0.835,https://moovitapp.com/index/pt-br/transporte_p%C3%BAblico-line-0_835-Brasilia-1702-851595-775100-0,-1.0,-15.88057,-48.07799,8.33,,,2,2023-06-17T16:38:32+00:00
BRA_340511,Brasília,5300108,,Urbi,398.3,https://moovitapp.com/index/pt-br/transporte_p%C3%BAblico-line-398_3-Brasilia-1702-851595-706973-0,-1.0,-15.82446,-48.1184,0.0,,,1,2023-06-17T16:38:32+00:00
BRA_338851,Brasília,5300108,,Urbi,807.2,https://moovitapp.com/index/pt-br/transporte_p%C3%BAblico-line-807_2-Brasilia-1702-851595-781329-0,-1.0,-15.9126,-48.06363,6.94,,,1,2023-06-17T16:38:32+00:00
BRA_335479,Brasília,5300108,,Urbi,0.163,https://moovitapp.com/index/pt-br/transporte_p%C3%BAblico-line-0_163-Brasilia-1702-851595-352629-0,-1.0,-15.87637,-47.97729,5.0,,,1,2023-06-17T16:38:32+00:00
BRA_337510,Brasília,5300108,,Urbi,0.812,https://moovitapp.com/index/pt-br/transporte_p%C3%BAblico-line-0_812-Brasilia-1702-851595-697958-0,-1.0,-15.89166,-48.05716,11.67,,,1,2023-06-17T16:38:32+00:00
BRA_337846,Brasília,5300108,,Urbi,0.811,https://moovitapp.com/index/pt-br/transporte_p%C3%BAblico-line-0_811-Brasilia-1702-851595-334078-0,-1.0,-15.81575,-47.91056,0.0,,,1,2023-06-17T16:38:33+00:00
BRA_335738,Brasília,5300108,,Urbi,0.053,https://moovitapp.com/index/pt-br/transporte_p%C3%BAblico-line-0_053-Brasilia-1702-851595-588803-0,-1.0,-15.83466,-48.04925,16.94,,,1,2023-06-17T16:38:33+00:00
BRA_338664,Brasília,5300108,,Urbi,0.886,https://moovitapp.com/index/pt-br/transporte_p%C3%BAblico-line-0_886-Brasilia-1702-851595-704024-0,-1.0,-15.8186,-48.10653,0.0,,,2,2023-06-17T16:38:33+00:00
BRA_340553,Brasília,5300108,,Urbi,396.2,https://moovitapp.com/index/pt-br/transporte_p%C3%BAblico-line-396_2-Brasilia-1702-851595-372377-0,-1.0,-15.86363,-47.95917,5.28,,,1,2023-06-17T16:38:33+00:00
BRA_340049,Brasília,5300108,,Urbi,056.2,https://moovitapp.com/index/pt-br/transporte_p%C3%BAblico-line-056_2-Brasilia-1702-851595-492982-0,-1.0,-15.88428,-48.15025,2.78,,,2,2023-06-17T16:38:33+00:00
BRA_340561,Brasília,5300108,,Urbi,0.391,https://moovitapp.com/index/pt-br/transporte_p%C3%BAblico-line-0_391-Brasilia-1702-851595-372354-0,-1.0,-15.87789,-48.00978,10.0,,,2,2023-06-17T16:38:34+00:00
BRA_338893,Brasília,5300108,,Urbi,086.1,https://moovitapp.com/index/pt-br/transporte_p%C3%BAblico-line-086_1-Brasilia-1702-851595-481321-0,-1.0,-15.81491,-47.97937,10.56,,,1,2023-06-17T16:38:34+00:00
BRA_336319,Brasília,5300108,,Urbi,393.4,https://moovitapp.com/index/pt-br/transporte_p%C3%BAblico-line-393_4-Brasilia-1702-851595-588816-0,-1.0,-15.85416,-48.0452,12.5,,,1,2023-06-17T16:38:34+00:00
BRA_335894,Brasília,5300108,,Urbi,397.2,https://moovitapp.com/index/pt-br/transporte_p%C3%BAblico-line-397_2-Brasilia-1702-851595-890938-0,-1.0,-15.78856,-48.13447,0.0,,,2,2023-06-17T16:38:34+00:00
BRA_335754,Brasília,5300108,,Urbi,366.1,https://moovitapp.com/index/pt-br/transporte_p%C3%BAblico-line-366_1-Brasilia-1702-851595-425249-0,-1.0,-15.87698,-48.06623,5.28,,,2,2023-06-17T16:38:34+00:00
BRA_337412,Brasília,5300108,,Urbi,813.2,https://moovitapp.com/index/pt-br/transporte_p%C3%BAblico-line-813_2-Brasilia-1702-851595-242636-0,-1.0,-15.87543,-48.02926,18.61,,,2,2023-06-17T16:38:34+00:00
BRA_337064,Brasília,5300108,,Urbi,038.1,https://moovitapp.com/index/pt-br/transporte_p%C3%BAblico-line-038_1-Brasilia-1702-851595-781327-0,-1.0,-15.80534,-48.07442,2.78,,,1,2023-06-17T16:38:34+00:00
BRA_336963,Brasília,5300108,,Urbi,874.4,https://moovitapp.com/index/pt-br/transporte_p%C3%BAblico-line-874_4-Brasilia-1702-851595-775106-0,-1.0,-15.85314,-47.95497,3.33,,,1,2023-06-17T16:38:35+00:00
BRA_335657,Brasília,5300108,,Urbi,366.7,https://moovitapp.com/index/pt-br/transporte_p%C3%BAblico-line-366_7-Brasilia-1702-851595-650086-0,-1.0,-15.89911,-48.12824,14.44,,,2,2023-06-17T16:38:35+00:00
BRA_335789,Brasília,5300108,,Urbi,0.393,https://moovitapp.com/index/pt-br/transporte_p%C3%BAblico-line-0_393-Brasilia-1702-851595-588805-0,-1.0,-15.84019,-48.05038,9.72,,,1,2023-06-17T16:38:35+00:00
BRA_336483,Brasília,5300108,,Urbi,813.1,https://moovitapp.com/index/pt-br/transporte_p%C3%BAblico-line-813_1-Brasilia-1702-851595-242635-0,-1.0,-15.81164,-47.98892,18.89,,,1,2023-06-17T16:38:35+00:00
BRA_339164,Brasília,5300108,,Urbi,0.809,https://moovitapp.com/index/pt-br/transporte_p%C3%BAblico-line-0_809-Brasilia-1702-851595-516630-0,-1.0,-15.81321,-47.89505,17.78,,,1,2023-06-17T16:38:35+00:00
BRA_339288,Brasília,5300108,,Urbi,0.397,https://moovitapp.com/index/pt-br/transporte_p%C3%BAblico-line-0_397-Brasilia-1702-851595-890857-0,-1.0,-15.82815,-48.07891,0.0,,,2,2023-06-17T16:38:35+00:00
BRA_339881,Brasília,5300108,,Urbi,0.050,https://moovitapp.com/index/pt-br/transporte_p%C3%BAblico-line-0_050-Brasilia-1702-851595-781325-0,-1.0,-15.88145,-48.12481,9.72,,,1,2023-06-17T16:38:36+00:00
BRA_339938,Brasília,5300108,,Urbi,393.7,https://moovitapp.com/index/pt-br/transporte_p%C3%BAblico-line-393_7-Brasilia-1702-851595-588818-0,-1.0,-15.88041,-48.06136,13.33,,,1,2023-06-17T16:38:36+00:00
BRA_340588,Brasília,5300108,,Urbi,0.821,https://moovitapp.com/index/pt-br/transporte_p%C3%BAblico-line-0_821-Brasilia-1702-851595-334080-0,-1.0,-15.85436,-47.95435,11.94,,,1,2023-06-17T16:38:36+00:00
BRA_339130,Brasília,5300108,,Urbi,0.809,https://moovitapp.com/index/pt-br/transporte_p%C3%BAblico-line-0_809-Brasilia-1702-851595-516630-0,-1.0,-15.91087,-48.09298,7.78,,,2,2023-06-17T16:38:36+00:00
BRA_336891,Brasília,5300108,,Urbi,0.872,https://moovitapp.com/index/pt-br/transporte_p%C3%BAblico-line-0_872-Brasilia-1702-851595-466291-0,-1.0,-15.89018,-48.05172,0.83,,,1,2023-06-17T16:38:36+00:00
BRA_336971,Brasília,5300108,,Urbi,807.9,https://moovitapp.com/index/pt-br/transporte_p%C3%BAblico-line-807_9-Brasilia-1702-851595-322409-0,-1.0,-15.91775,-48.04965,0.0,,,2,2023-06-17T16:38:36+00:00
BRA_337366,Brasília,5300108,,Urbi,038.1,https://moovitapp.com/index/pt-br/transporte_p%C3%BAblico-line-038_1-Brasilia-1702-851595-781327-0,-1.0,-15.88103,-48.01137,3.33,,,1,2023-06-17T16:38:36+00:00
BRA_337129,Brasília,5300108,,Urbi,0.883,https://moovitapp.com/index/pt-br/transporte_p%C3%BAblico-line-0_883-Brasilia-1702-851595-510239-0,-1.0,-15.80329,-48.12286,7.5,,,1,2023-06-17T16:38:37+00:00
BRA_337218,Brasília,5300108,,Urbi,812.1,https://moovitapp.com/index/pt-br/transporte_p%C3%BAblico-line-812_1-Brasilia-1702-851595-372386-0,-1.0,-15.80764,-48.1567,0.0,,,1,2023-06-17T16:38:37+00:00
BRA_338095,Brasília,5300108,,Urbi,807.8,https://moovitapp.com/index/pt-br/transporte_p%C3%BAblico-line-807_8-Brasilia-1702-851595-322408-0,-1.0,-15.94909,-48.03295,3.89,,,2,2023-06-17T16:38:37+00:00
BRA_338885,Brasília,5300108,,Urbi,807.8,https://moovitapp.com/index/pt-br/transporte_p%C3%BAblico-line-807_8-Brasilia-1702-851595-322408-0,-1.0,-15.9253,-48.10577,10.56,,,2,2023-06-17T16:38:38+00:00
BRA_340286,Brasília,5300108,,Urbi,373.2,https://moovitapp.com/index/pt-br/transporte_p%C3%BAblico-line-373_2-Brasilia-1702-851595-334084-0,-1.0,-15.8912,-48.14514,15.56,,,1,2023-06-17T16:38:38+00:00
BRA_339890,Brasília,5300108,,Urbi,0.082,https://moovitapp.com/index/pt-br/transporte_p%C3%BAblico-line-0_082-Brasilia-1702-851595-781326-0,-1.0,-15.86836,-47.96229,0.0,,,1,2023-06-17T16:38:38+00:00
BRA_335991,Brasília,5300108,,Urbi,366.1,https://moovitapp.com/index/pt-br/transporte_p%C3%BAblico-line-366_1-Brasilia-1702-851595-425249-0,-1.0,-15.86882,-48.08601,7.5,,,1,2023-06-17T16:38:38+00:00
BRA_337021,Brasília,5300108,,Urbi,0.809,https://moovitapp.com/index/pt-br/transporte_p%C3%BAblico-line-0_809-Brasilia-1702-851595-516630-0,-1.0,-15.91115,-48.09338,9.17,,,2,2023-06-17T16:38:38+00:00
BRA_338044,Brasília,5300108,,Urbi,0.811,https://moovitapp.com/index/pt-br/transporte_p%C3%BAblico-line-0_811-Brasilia-1702-851595-334078-0,-1.0,-15.82173,-47.95062,0.28,,,2,2023-06-17T16:38:39+00:00
BRA_440469,Brasília,5300108,,São José,0.092,https://moovitapp.com/index/pt-br/transporte_p%C3%BAblico-line-0_092-Brasilia-1702-851943-496589-0,-1.0,-15.820313,-47.986583,0.0,,,2,2023-06-17T16:38:31+00:00
BRA_442861,Brasília,5300108,,Marechal,363.2,https://moovitapp.com/index/pt-br/transporte_p%C3%BAblico-line-363_2-Brasilia-1702-851940-725443-0,-1.0,-15.80341,-48.069537,0.0,,,2,2023-06-17T16:38:31+00:00
BRA_440744,Brasília,5300108,,Marechal,351.3,https://moovitapp.com/index/pt-br/transporte_p%C3%BAblico-line-351_3-Brasilia-1702-851940-510249-0,-1.0,-15.85957,-48.028387,32.0,,,2,2023-06-17T16:38:31+00:00
BRA_441597,Brasília,5300108,,Marechal,363.2,https://moovitapp.com/index/pt-br/transporte_p%C3%BAblico-line-363_2-Brasilia-1702-851940-725443-0,-1.0,-15.839403,-48.09739,0.0,,,2,2023-06-17T16:38:33+00:00
BRA_440272,Brasília,5300108,,Urbi,805.9,https://moovitapp.com/index/pt-br/transporte_p%C3%BAblico-line-805_9-Brasilia-1702-851595-454983-0,-1.0,-15.869753,-48.038097,0.0,,,2,2023-06-17T16:38:31+00:00
BRA_440680,Brasília,5300108,,Marechal,260.3,https://moovitapp.com/index/pt-br/transporte_p%C3%BAblico-line-260_3-Brasilia-1702-851940-393566-0,-1.0,-15.947403,-48.03674,59.0,,,2,2023-06-17T16:38:31+00:00
BRA_440353,Brasília,5300108,,São José,0.092,https://moovitapp.com/index/pt-br/transporte_p%C3%BAblico-line-0_092-Brasilia-1702-851943-496589-0,-1.0,-15.83615,-48.05976,57.0,,,2,2023-06-17T16:38:34+00:00
BRA_440507,Brasília,5300108,,Marechal,0.090,https://moovitapp.com/index/pt-br/transporte_p%C3%BAblico-line-0_090-Brasilia-1702-851940-242702-0,-1.0,-15.869707,-48.03859,0.0,,,2,2023-06-17T16:26:07+00:00
BRA_440582,Brasília,5300108,,Marechal,0.162,https://moovitapp.com/index/pt-br/transporte_p%C3%BAblico-line-0_162-Brasilia-1702-851940-766836-0,-1.0,-15.869907,-48.037563,0.0,,,2,2023-06-17T16:38:41+00:00
BRA_440418,Brasília,5300108,,Marechal,154.2,https://moovitapp.com/index/pt-br/transporte_p%C3%BAblico-line-154_2-Brasilia-1702-851940-527234-0,-1.0,-15.840123,-47.972853,22.0,,,2,2023-06-17T16:38:31+00:00
BRA_440981,Brasília,5300108,,Marechal,357.1,https://moovitapp.com/index/pt-br/transporte_p%C3%BAblico-line-357_1-Brasilia-1702-851940-775113-0,-1.0,-15.820423,-47.98662,0.0,,,2,2023-06-17T16:38:31+00:00
BRA_443395,Brasília,5300108,,Urbi,367.2,https://moovitapp.com/index/pt-br/transporte_p%C3%BAblico-line-367_2-Brasilia-1702-851595-454971-0,-1.0,-15.87223,-48.094383,0.0,,,2,2023-06-17T16:38:39+00:00
BRA_443671,Brasília,5300108,,Marechal,355.1,https://moovitapp.com/index/pt-br/transporte_p%C3%BAblico-line-355_1-Brasilia-1702-851940-729097-0,-1.0,-15.870183,-48.037973,0.0,,,2,2023-06-17T16:38:42+00:00
BRA_440990,Brasília,5300108,,Marechal,156.1,https://moovitapp.com/index/pt-br/transporte_p%C3%BAblico-line-156_1-Brasilia-1702-851940-242750-0,-1.0,-15.846407,-47.972163,18.0,,,2,2023-06-17T16:38:36+00:00
BRA_440931,Brasília,5300108,,Marechal,355.2,https://moovitapp.com/index/pt-br/transporte_p%C3%BAblico-line-355_2-Brasilia-1702-851940-510251-0,-1.0,-15.796743,-48.06024,20.0,,,2,2023-06-17T16:38:32+00:00
BRA_441163,Brasília,5300108,,Marechal,156.1,https://moovitapp.com/index/pt-br/transporte_p%C3%BAblico-line-156_1-Brasilia-1702-851940-242750-0,-1.0,-15.86974,-48.038123,0.0,,,2,2023-06-17T16:18:48+00:00
BRA_440281,Brasília,5300108,,Urbi,0.872,https://moovitapp.com/index/pt-br/transporte_p%C3%BAblico-line-0_872-Brasilia-1702-851595-466291-0,-1.0,-15.837503,-47.962987,49.0,,,2,2023-06-17T16:38:33+00:00
BRA_444251,Brasília,5300108,,Marechal,933.5,https://moovitapp.com/index/pt-br/transporte_p%C3%BAblico-line-933_5-Brasilia-1702-851940-766837-0,-1.0,-15.83976,-48.128993,0.0,,,2,2023-06-17T16:38:31+00:00
BRA_442062,Brasília,5300108,,Urbi,056.2,https://moovitapp.com/index/pt-br/transporte_p%C3%BAblico-line-056_2-Brasilia-1702-851595-492982-0,-1.0,-15.811273,-48.092077,13.0,,,2,2023-06-17T16:38:31+00:00
BRA_443476,Brasília,5300108,,Marechal,0.043,https://moovitapp.com/index/pt-br/transporte_p%C3%BAblico-line-0_043-Brasilia-1702-851940-781330-0,-1.0,-15.839213,-48.12872,0.0,,,2,2023-06-17T16:38:30+00:00
BRA_441091,Brasília,5300108,,Marechal,0.090,https://moovitapp.com/index/pt-br/transporte_p%C3%BAblico-line-0_090-Brasilia-1702-851940-242702-0,-1.0,-15.869753,-48.037303,0.0,,,2,2023-06-17T16:38:30+00:00
BRA_441147,Brasília,5300108,,Marechal,355.1,https://moovitapp.com/index/pt-br/transporte_p%C3%BAblico-line-355_1-Brasilia-1702-851940-729097-0,-1.0,-15.865123,-48.038217,12.0,,,2,2023-06-17T16:38:31+00:00
BRA_443441,Brasília,5300108,,Urbi,0.367,https://moovitapp.com/index/pt-br/transporte_p%C3%BAblico-line-0_367-Brasilia-1702-851595-519380-0,-1.0,-15.83921,-48.128977,0.0,,,2,2023-06-17T16:38:31+00:00
BRA_441040,Brasília,5300108,,Marechal,0.205,https://moovitapp.com/index/pt-br/transporte_p%C3%BAblico-line-0_205-Brasilia-1702-851940-463646-0,-1.0,-15.80913,-48.087183,34.0,,,2,2023-06-17T16:38:34+00:00
BRA_441503,Brasília,5300108,,Marechal,933.6,https://moovitapp.com/index/pt-br/transporte_p%C3%BAblico-line-933_6-Brasilia-1702-851940-3494672-0,-1.0,-15.80895,-48.08676,20.0,,,2,2023-06-17T16:38:31+00:00
BRA_443981,Brasília,5300108,,Marechal,361.1,https://moovitapp.com/index/pt-br/transporte_p%C3%BAblico-line-361_1-Brasilia-1702-851940-363861-0,-1.0,-15.839773,-48.1301,0.0,,,2,2023-06-17T16:38:26+00:00
BRA_440574,Brasília,5300108,,Marechal,306.1,https://moovitapp.com/index/pt-br/transporte_p%C3%BAblico-line-306_1-Brasilia-1702-851940-510248-0,-1.0,-15.872487,-48.02937,9.0,,,2,2023-06-17T16:38:31+00:00
BRA_440388,Brasília,5300108,,Marechal,157.6,https://moovitapp.com/index/pt-br/transporte_p%C3%BAblico-line-157_6-Brasilia-1702-851940-419627-0,-1.0,-15.840717,-47.965953,0.0,,,2,2023-06-17T16:38:31+00:00
BRA_440523,Brasília,5300108,,Piracicabana,099.1,https://moovitapp.com/index/pt-br/transporte_p%C3%BAblico-line-099_1-Brasilia-1702-850942-775090-0,-1.0,-15.87053,-48.038167,0.0,,,2,2023-06-17T16:38:31+00:00
BRA_441082,Brasília,5300108,,Marechal,0.162,https://moovitapp.com/index/pt-br/transporte_p%C3%BAblico-line-0_162-Brasilia-1702-851940-766836-0,-1.0,-15.794413,-47.88263,35.0,,,2,2023-06-17T16:38:31+00:00
BRA_443786,Brasília,5300108,,Marechal,351.3,https://moovitapp.com/index/pt-br/transporte_p%C3%BAblico-line-351_3-Brasilia-1702-851940-510249-0,-1.0,-15.857457,-48.043873,23.0,,,2,2023-06-17T16:38:38+00:00
BRA_445240,Brasília,5300108,,Marechal,0.378,https://moovitapp.com/index/pt-br/transporte_p%C3%BAblico-line-0_378-Brasilia-1702-851940-347150-0,-1.0,-15.785167,-47.90674,0.0,,,2,2023-06-17T16:38:31+00:00
BRA_440434,Brasília,5300108,,Marechal,260.3,https://moovitapp.com/index/pt-br/transporte_p%C3%BAblico-line-260_3-Brasilia-1702-851940-393566-0,-1.0,-15.808307,-48.1326,25.0,,,2,2023-06-17T16:38:36+00:00
BRA_440396,Brasília,5300108,,Marechal,0.376,https://moovitapp.com/index/pt-br/transporte_p%C3%BAblico-line-0_376-Brasilia-1702-851940-242726-0,-1.0,-15.778533,-47.928223,56.0,,,2,2023-06-17T16:38:36+00:00
BRA_440205,Brasília,5300108,,Marechal,0.205,https://moovitapp.com/index/pt-br/transporte_p%C3%BAblico-line-0_205-Brasilia-1702-851940-463646-0,-1.0,-16.010477,-48.05368,57.0,,,2,2023-06-17T16:38:31+00:00
BRA_442437,Brasília,5300108,,Urbi,0.347,https://moovitapp.com/index/pt-br/transporte_p%C3%BAblico-line-0_347-Brasilia-1702-851595-347128-0,-1.0,-15.8644,-47.961647,56.0,,,2,2023-06-17T16:38:31+00:00
BRA_444049,Brasília,5300108,,Marechal,361.1,https://moovitapp.com/index/pt-br/transporte_p%C3%BAblico-line-361_1-Brasilia-1702-851940-363861-0,-1.0,-15.839867,-48.130273,0.0,,,2,2023-06-17T16:38:41+00:00
BRA_440671,Brasília,5300108,,Urbi,805.1,https://moovitapp.com/index/pt-br/transporte_p%C3%BAblico-line-805_1-Brasilia-1702-851595-454980-0,-1.0,-15.8765,-48.026563,34.0,,,2,2023-06-17T16:38:34+00:00
BRA_440736,Brasília,5300108,,Marechal,0.156,https://moovitapp.com/index/pt-br/transporte_p%C3%BAblico-line-0_156-Brasilia-1702-851940-242705-0,-1.0,-15.81067,-47.945613,6.0,,,2,2023-06-17T16:38:31+00:00
BRA_445304,Brasília,5300108,,Marechal,0.378,https://moovitapp.com/index/pt-br/transporte_p%C3%BAblico-line-0_378-Brasilia-1702-851940-347150-0,-1.0,-15.81379,-48.002343,57.0,,,2,2023-06-17T16:38:25+00:00
BRA_441058,Brasília,5300108,,Marechal,355.2,https://moovitapp.com/index/pt-br/transporte_p%C3%BAblico-line-355_2-Brasilia-1702-851940-510251-0,-1.0,-15.869687,-48.03803,0.0,,,2,2023-06-17T16:38:30+00:00
BRA_440728,Brasília,5300108,,Marechal,0.351,https://moovitapp.com/index/pt-br/transporte_p%C3%BAblico-line-0_351-Brasilia-1702-851940-510246-0,-1.0,-15.869497,-48.037883,0.0,,,2,2023-06-17T16:38:25+00:00
BRA_440337,Brasília,5300108,,Marechal,156.1,https://moovitapp.com/index/pt-br/transporte_p%C3%BAblico-line-156_1-Brasilia-1702-851940-242750-0,-1.0,-15.735987,-47.907323,0.0,,,2,2023-06-17T16:38:30+00:00
BRA_440183,Brasília,5300108,,Urbi,805.2,https://moovitapp.com/index/pt-br/transporte_p%C3%BAblico-line-805_2-Brasilia-1702-851595-454981-0,-1.0,-15.870543,-48.038133,0.0,,,2,2023-06-17T16:38:31+00:00
BRA_445258,Brasília,5300108,,Marechal,0.336,https://moovitapp.com/index/pt-br/transporte_p%C3%BAblico-line-0_336-Brasilia-1702-851940-347142-0,-1.0,-15.847043,-48.110763,58.0,,,2,2023-06-17T16:38:31+00:00
BRA_441481,Brasília,5300108,,Urbi,393.6,https://moovitapp.com/index/pt-br/transporte_p%C3%BAblico-line-393_6-Brasilia-1702-851595-588817-0,-1.0,-15.890407,-48.103853,0.0,,,2,2023-06-17T16:38:31+00:00
BRA_442054,Brasília,5300108,,Marechal,304.1,https://moovitapp.com/index/pt-br/transporte_p%C3%BAblico-line-304_1-Brasilia-1702-851940-516636-0,-1.0,-15.76918,-47.939433,27.0,,,2,2023-06-17T16:38:31+00:00
BRA_441465,Brasília,5300108,,Marechal,363.1,https://moovitapp.com/index/pt-br/transporte_p%C3%BAblico-line-363_1-Brasilia-1702-851940-504344-0,-1.0,-15.843307,-48.04494,24.0,,,2,2023-06-17T16:34:23+00:00
BRA_445215,Brasília,5300108,,Marechal,337.1,https://moovitapp.com/index/pt-br/transporte_p%C3%BAblico-line-337_1-Brasilia-1702-851940-347165-0,-1.0,-15.839363,-48.12966,0.0,,,2,2023-06-17T16:38:26+00:00
BRA_440043,Brasília,5300108,,Marechal,260.3,https://moovitapp.com/index/pt-br/transporte_p%C3%BAblico-line-260_3-Brasilia-1702-851940-393566-0,-1.0,-15.809047,-48.085927,27.0,,,2,2023-06-17T16:38:41+00:00
BRA_444278,Brasília,5300108,,Marechal,304.1,https://moovitapp.com/index/pt-br/transporte_p%C3%BAblico-line-304_1-Brasilia-1702-851940-516636-0,-1.0,-15.840023,-48.13012,0.0,,,2,2023-06-17T16:38:31+00:00
BRA_440264,Brasília,5300108,,Marechal,260.3,https://moovitapp.com/index/pt-br/transporte_p%C3%BAblico-line-260_3-Brasilia-1702-851940-393566-0,-1.0,-15.84426,-48.044947,23.0,,,2,2023-06-17T16:38:41+00:00
BRA_443034,Brasília,5300108,,Marechal,933.6,https://moovitapp.com/index/pt-br/transporte_p%C3%BAblico-line-933_6-Brasilia-1702-851940-3494672-0,-1.0,-15.839197,-48.128703,0.0,,,2,2023-06-17T16:38:31+00:00
BRA_443247,Brasília,5300108,,Urbi,056.4,https://moovitapp.com/index/pt-br/transporte_p%C3%BAblico-line-056_4-Brasilia-1702-851595-519387-0,-1.0,-15.854257,-48.073507,4.0,,,2,2023-06-17T16:38:31+00:00
BRA_442445,Brasília,5300108,,Urbi,0.050,https://moovitapp.com/index/pt-br/transporte_p%C3%BAblico-line-0_050-Brasilia-1702-851595-781325-0,-1.0,-15.86887,-48.09132,9.0,,,2,2023-06-17T16:38:31+00:00
BRA_442267,Brasília,5300108,,Marechal,0.369,https://moovitapp.com/index/pt-br/transporte_p%C3%BAblico-line-0_369-Brasilia-1702-851940-500060-0,-1.0,-15.872783,-48.01695,22.0,,,2,2023-06-17T16:38:31+00:00
BRA_440035,Brasília,5300108,,Marechal,0.205,https://moovitapp.com/index/pt-br/transporte_p%C3%BAblico-line-0_205-Brasilia-1702-851940-463646-0,-1.0,-15.841547,-48.046363,53.0,,,2,2023-06-17T16:38:31+00:00
BRA_442275,Brasília,5300108,,Marechal,933.1,https://moovitapp.com/index/pt-br/transporte_p%C3%BAblico-line-933_1-Brasilia-1702-851940-358307-0,-1.0,-15.845833,-48.107117,17.0,,,2,2023-06-17T16:38:31+00:00
BRA_440027,Brasília,5300108,,Urbi,805.1,https://moovitapp.com/index/pt-br/transporte_p%C3%BAblico-line-805_1-Brasilia-1702-851595-454980-0,-1.0,-15.91304,-48.099283,31.0,,,2,2023-06-17T16:38:37+00:00
BRA_440906,Brasília,5300108,,São José,157.8,https://moovitapp.com/index/pt-br/transporte_p%C3%BAblico-line-157_8-Brasilia-1702-851943-759503-0,-1.0,-15.869317,-48.03766,0.0,,,2,2023-06-17T16:38:31+00:00
BRA_440426,Brasília,5300108,,Urbi,038.1,https://moovitapp.com/index/pt-br/transporte_p%C3%BAblico-line-038_1-Brasilia-1702-851595-781327-0,-1.0,-15.86645,-48.023417,39.0,,,2,2023-06-17T16:38:33+00:00
BRA_441830,Brasília,5300108,,Urbi,393.6,https://moovitapp.com/index/pt-br/transporte_p%C3%BAblico-line-393_6-Brasilia-1702-851595-588817-0,-1.0,-15.89604,-48.11616,39.0,,,2,2023-06-17T16:38:35+00:00
BRA_441635,Brasília,5300108,,São José,350.1,https://moovitapp.com/index/pt-br/transporte_p%C3%BAblico-line-350_1-Brasilia-1702-851943-2068450-0,-1.0,-15.839863,-48.129607,0.0,,,2,2023-06-17T16:38:26+00:00
BRA_444715,Brasília,5300108,,Marechal,0.089,https://moovitapp.com/index/pt-br/transporte_p%C3%BAblico-line-0_089-Brasilia-1702-851940-706977-0,-1.0,-15.84612,-47.97924,22.0,,,2,2023-06-17T16:38:31+00:00
BRA_443051,Brasília,5300108,,Marechal,386.1,https://moovitapp.com/index/pt-br/transporte_p%C3%BAblico-line-386_1-Brasilia-1702-851940-775114-0,-1.0,-15.838927,-48.128797,0.0,,,2,2023-06-17T16:38:35+00:00
BRA_442852,Brasília,5300108,,Marechal,361.1,https://moovitapp.com/index/pt-br/transporte_p%C3%BAblico-line-361_1-Brasilia-1702-851940-363861-0,-1.0,-15.847937,-48.115623,17.0,,,2,2023-06-17T16:38:31+00:00
BRA_442615,Brasília,5300108,,Marechal,0.089,https://moovitapp.com/index/pt-br/transporte_p%C3%BAblico-line-0_089-Brasilia-1702-851940-706977-0,-1.0,-15.839057,-48.128423,0.0,,,2,2023-06-17T16:38:31+00:00
BRA_441660,Brasília,5300108,,São José,333.7,https://moovitapp.com/index/pt-br/transporte_p%C3%BAblico-line-333_7-Brasilia-1702-851943-2068454-0,-1.0,-15.835503,-48.035417,40.0,,,2,2023-06-17T16:38:31+00:00
BRA_442577,Brasília,5300108,,Urbi,056.4,https://moovitapp.com/index/pt-br/transporte_p%C3%BAblico-line-056_4-Brasilia-1702-851595-519387-0,-1.0,-15.875637,-48.109087,44.0,,,2,2023-06-17T16:38:38+00:00
BRA_443778,Brasília,5300108,,Marechal,0.951,https://moovitapp.com/index/pt-br/transporte_p%C3%BAblico-line-0_951-Brasilia-1702-851940-783578-0,-1.0,-15.867033,-48.037337,0.0,,,2,2023-06-17T16:38:32+00:00
BRA_440591,Brasília,5300108,,Marechal,0.355,https://moovitapp.com/index/pt-br/transporte_p%C3%BAblico-line-0_355-Brasilia-1702-851940-504338-0,-1.0,-15.815297,-48.063437,0.0,,,2,2023-06-17T16:38:34+00:00
BRA_440922,Brasília,5300108,,São José,0.092,https://moovitapp.com/index/pt-br/transporte_p%C3%BAblico-line-0_092-Brasilia-1702-851943-496589-0,-1.0,-15.836023,-47.952863,49.0,,,2,2023-06-17T16:38:40+00:00
BRA_440400,Brasília,5300108,,Marechal,154.2,https://moovitapp.com/index/pt-br/transporte_p%C3%BAblico-line-154_2-Brasilia-1702-851940-527234-0,-1.0,-15.869597,-48.037933,0.0,,,2,2023-06-17T16:38:31+00:00
BRA_444031,Brasília,5300108,,Marechal,933.2,https://moovitapp.com/index/pt-br/transporte_p%C3%BAblico-line-933_2-Brasilia-1702-851940-717428-0,-1.0,-15.83979,-48.129913,0.0,,,2,2023-06-17T16:38:31+00:00
BRA_444731,Brasília,5300108,,Marechal,0.383,https://moovitapp.com/index/pt-br/transporte_p%C3%BAblico-line-0_383-Brasilia-1702-851940-347151-0,-1.0,-15.839183,-48.127577,52.0,,,2,2023-06-17T16:38:31+00:00
BRA_440752,Brasília,5300108,,Marechal,959.1,https://moovitapp.com/index/pt-br/transporte_p%C3%BAblico-line-959_1-Brasilia-1702-851940-789939-0,-1.0,-15.870523,-48.030753,46.0,,,2,2023-06-17T15:44:26+00:00
BRA_440868,Brasília,5300108,,São José,0.092,https://moovitapp.com/index/pt-br/transporte_p%C3%BAblico-line-0_092-Brasilia-1702-851943-496589-0,-1.0,-15.831773,-48.058293,11.0,,,2,2023-06-17T14:13:07+00:00
BRA_441007,Brasília,5300108,,Marechal,355.2,https://moovitapp.com/index/pt-br/transporte_p%C3%BAblico-line-355_2-Brasilia-1702-851940-510251-0,-1.0,-15.863563,-48.03457,50.0,,,2,2023-06-17T16:31:48+00:00
BRA_440078,Brasília,5300108,,Urbi,805.9,https://moovitapp.com/index/pt-br/transporte_p%C3%BAblico-line-805_9-Brasilia-1702-851595-454983-0,-1.0,-15.840727,-47.966213,53.0,,,2,2023-06-17T16:38:30+00:00
BRA_444111,Brasília,5300108,,Marechal,933.3,https://moovitapp.com/index/pt-br/transporte_p%C3%BAblico-line-933_3-Brasilia-1702-851940-450287-0,-1.0,-15.811507,-48.093587,0.0,,,2,2023-06-17T16:38:31+00:00
BRA_442674,Brasília,5300108,,Marechal,0.089,https://moovitapp.com/index/pt-br/transporte_p%C3%BAblico-line-0_089-Brasilia-1702-851940-706977-0,-1.0,-15.840747,-48.127163,0.0,,,2,2023-06-17T16:36:11+00:00
BRA_440086,Brasília,5300108,,São José,0.092,https://moovitapp.com/index/pt-br/transporte_p%C3%BAblico-line-0_092-Brasilia-1702-851943-496589-0,-1.0,-15.869623,-48.037983,0.0,,,2,2023-06-17T16:38:31+00:00
BRA_443409,Brasília,5300108,,Marechal,361.1,https://moovitapp.com/index/pt-br/transporte_p%C3%BAblico-line-361_1-Brasilia-1702-851940-363861-0,-1.0,-15.840167,-48.12981,0.0,,,2,2023-06-17T16:38:31+00:00
BRA_443310,Brasília,5300108,,Marechal,0.942,https://moovitapp.com/index/pt-br/transporte_p%C3%BAblico-line-0_942-Brasilia-1702-851940-347158-0,-1.0,-15.850267,-48.041697,40.0,,,2,2023-06-17T16:17:51+00:00
BRA_441104,Brasília,5300108,,Urbi,805.2,https://moovitapp.com/index/pt-br/transporte_p%C3%BAblico-line-805_2-Brasilia-1702-851595-454981-0,-1.0,-15.87594,-48.048693,56.0,,,2,2023-06-17T16:38:31+00:00
BRA_443506,Brasília,5300108,,Marechal,933.5,https://moovitapp.com/index/pt-br/transporte_p%C3%BAblico-line-933_5-Brasilia-1702-851940-766837-0,-1.0,-15.83962,-48.12885,0.0,,,2,2023-06-17T16:38:34+00:00
BRA_443069,Brasília,5300108,,Urbi,367.2,https://moovitapp.com/index/pt-br/transporte_p%C3%BAblico-line-367_2-Brasilia-1702-851595-454971-0,-1.0,-15.847063,-48.06014,46.0,,,2,2023-06-17T16:38:31+00:00
BRA_442640,Brasília,5300108,,Marechal,932.2,https://moovitapp.com/index/pt-br/transporte_p%C3%BAblico-line-932_2-Brasilia-1702-851940-3494666-0,-1.0,-15.825243,-48.119217,0.0,,,2,2023-06-17T16:38:31+00:00
BRA_440191,Brasília,5300108,,Marechal,351.3,https://moovitapp.com/index/pt-br/transporte_p%C3%BAblico-line-351_3-Brasilia-1702-851940-510249-0,-1.0,-15.854433,-48.03508,27.0,,,2,2023-06-17T15:21:29+00:00
BRA_440825,Brasília,5300108,,Marechal,260.3,https://moovitapp.com/index/pt-br/transporte_p%C3%BAblico-line-260_3-Brasilia-1702-851940-393566-0,-1.0,-15.82358,-48.064063,0.0,,,2,2023-06-17T16:38:35+00:00
BRA_442356,Brasília,5300108,,Marechal,363.1,https://moovitapp.com/index/pt-br/transporte_p%C3%BAblico-line-363_1-Brasilia-1702-851940-504344-0,-1.0,-15.84576,-48.122707,30.0,,,2,2023-06-17T16:38:31+00:00
BRA_445312,Brasília,5300108,,Marechal,0.378,https://moovitapp.com/index/pt-br/transporte_p%C3%BAblico-line-0_378-Brasilia-1702-851940-347150-0,-1.0,-15.851993,-48.11573,1.0,,,2,2023-06-17T16:38:30+00:00
BRA_442194,Brasília,5300108,,Marechal,304.1,https://moovitapp.com/index/pt-br/transporte_p%C3%BAblico-line-304_1-Brasilia-1702-851940-516636-0,-1.0,-15.84039,-48.129657,0.0,,,2,2023-06-17T16:32:19+00:00
BRA_440221,Brasília,5300108,,Urbi,805.8,https://moovitapp.com/index/pt-br/transporte_p%C3%BAblico-line-805_8-Brasilia-1702-851595-454982-0,-1.0,-15.86964,-48.03753,0.0,,,2,2023-06-17T16:38:30+00:00
BRA_443883,Brasília,5300108,,Marechal,959.2,https://moovitapp.com/index/pt-br/transporte_p%C3%BAblico-line-959_2-Brasilia-1702-851940-66561063-0,-1.0,-15.869667,-48.037827,0.0,,,2,2023-06-17T16:38:30+00:00
BRA_440621,Brasília,5300108,,Marechal,0.376,https://moovitapp.com/index/pt-br/transporte_p%C3%BAblico-line-0_376-Brasilia-1702-851940-242726-0,-1.0,-15.835973,-48.059827,58.0,,,2,2023-06-17T16:38:31+00:00
BRA_441805,Brasília,5300108,,Marechal,933.5,https://moovitapp.com/index/pt-br/transporte_p%C3%BAblico-line-933_5-Brasilia-1702-851940-766837-0,-1.0,-15.84858,-48.04262,39.0,,,2,2023-06-17T16:38:30+00:00
BRA_441791,Brasília,5300108,,Marechal,0.043,https://moovitapp.com/index/pt-br/transporte_p%C3%BAblico-line-0_043-Brasilia-1702-851940-781330-0,-1.0,-15.839213,-48.129583,0.0,,,2,2023-06-17T16:38:25+00:00
BRA_441422,Brasília,5300108,,Marechal,0.363,https://moovitapp.com/index/pt-br/transporte_p%C3%BAblico-line-0_363-Brasilia-1702-851940-504339-0,-1.0,-15.825677,-48.059797,0.0,,,2,2023-06-17T16:38:30+00:00
BRA_445355,Brasília,5300108,,Marechal,0.336,https://moovitapp.com/index/pt-br/transporte_p%C3%BAblico-line-0_336-Brasilia-1702-851940-347142-0,-1.0,-15.840787,-48.127127,0.0,,,2,2023-06-17T16:38:25+00:00
BRA_445266,Brasília,5300108,,Marechal,336.1,https://moovitapp.com/index/pt-br/transporte_p%C3%BAblico-line-336_1-Brasilia-1702-851940-347163-0,-1.0,-15.81995,-47.955807,25.0,,,2,2023-06-17T16:38:30+00:00
BRA_443450,Brasília,5300108,,Marechal,0.043,https://moovitapp.com/index/pt-br/transporte_p%C3%BAblico-line-0_043-Brasilia-1702-851940-781330-0,-1.0,-15.839883,-48.12965,0.0,,,2,2023-06-17T16:38:26+00:00
BRA_443301,Brasília,5300108,,Marechal,0.089,https://moovitapp.com/index/pt-br/transporte_p%C3%BAblico-line-0_089-Brasilia-1702-851940-706977-0,-1.0,-15.8241,-48.026257,38.0,,,2,2023-06-17T16:38:31+00:00
BRA_441074,Brasília,5300108,,Piracicabana,099.1,https://moovitapp.com/index/pt-br/transporte_p%C3%BAblico-line-099_1-Brasilia-1702-850942-775090-0,-1.0,-15.86989,-48.03787,0.0,,,2,2023-06-17T16:38:26+00:00
BRA_444669,Brasília,5300108,,Marechal,933.5,https://moovitapp.com/index/pt-br/transporte_p%C3%BAblico-line-933_5-Brasilia-1702-851940-766837-0,-1.0,-15.83248,-48.131763,6.0,,,2,2023-06-17T16:38:31+00:00
BRA_442119,Brasília,5300108,,Marechal,0.383,https://moovitapp.com/index/pt-br/transporte_p%C3%BAblico-line-0_383-Brasilia-1702-851940-347151-0,-1.0,-15.789377,-48.017363,20.0,,,2,2023-06-17T16:38:39+00:00
BRA_445231,Brasília,5300108,,Marechal,337.1,https://moovitapp.com/index/pt-br/transporte_p%C3%BAblico-line-337_1-Brasilia-1702-851940-347165-0,-1.0,-15.84992,-48.112557,45.0,,,2,2023-06-17T16:38:31+00:00
BRA_441759,Brasília,5300108,,Marechal,0.942,https://moovitapp.com/index/pt-br/transporte_p%C3%BAblico-line-0_942-Brasilia-1702-851940-347158-0,-1.0,-15.839967,-48.129593,0.0,,,2,2023-06-17T16:38:31+00:00
BRA_442542,Brasília,5300108,,São José,332.1,https://moovitapp.com/index/pt-br/transporte_p%C3%BAblico-line-332_1-Brasilia-1702-851943-2068455-0,-1.0,-15.805863,-48.13817,11.0,,,2,2023-06-17T16:00:51+00:00
BRA_441872,Brasília,5300108,,Urbi,0.399,https://moovitapp.com/index/pt-br/transporte_p%C3%BAblico-line-0_399-Brasilia-1702-851595-454964-0,-1.0,-15.839323,-48.1283,0.0,,,2,2023-06-17T16:38:31+00:00
BRA_443298,Brasília,5300108,,Urbi,056.4,https://moovitapp.com/index/pt-br/transporte_p%C3%BAblico-line-056_4-Brasilia-1702-851595-519387-0,-1.0,-15.88368,-48.149837,0.0,,,2,2023-06-17T16:38:31+00:00
BRA_441457,Brasília,5300108,,Marechal,933.1,https://moovitapp.com/index/pt-br/transporte_p%C3%BAblico-line-933_1-Brasilia-1702-851940-358307-0,-1.0,-15.816767,-48.06639,50.0,,,2,2023-06-17T16:38:31+00:00
BRA_441244,Brasília,5300108,,São José,0.092,https://moovitapp.com/index/pt-br/transporte_p%C3%BAblico-line-0_092-Brasilia-1702-851943-496589-0,-1.0,-15.832763,-48.011463,21.0,,,2,2023-06-17T16:38:31+00:00
BRA_440132,Brasília,5300108,,Piracicabana,099.1,https://moovitapp.com/index/pt-br/transporte_p%C3%BAblico-line-099_1-Brasilia-1702-850942-775090-0,-1.0,-15.867417,-48.02317,28.0,,,2,2023-06-17T16:38:31+00:00
BRA_443581,Brasília,5300108,,Marechal,0.355,https://moovitapp.com/index/pt-br/transporte_p%C3%BAblico-line-0_355-Brasilia-1702-851940-504338-0,-1.0,-15.86976,-48.037207,0.0,,,2,2023-06-17T16:38:26+00:00
BRA_441155,Brasília,5300108,,Marechal,0.205,https://moovitapp.com/index/pt-br/transporte_p%C3%BAblico-line-0_205-Brasilia-1702-851940-463646-0,-1.0,-15.806423,-48.077863,0.0,,,2,2023-06-17T16:38:31+00:00
BRA_442631,Brasília,5300108,,Marechal,933.2,https://moovitapp.com/index/pt-br/transporte_p%C3%BAblico-line-933_2-Brasilia-1702-851940-717428-0,-1.0,-15.85536,-48.120437,9.0,,,2,2023-06-17T16:38:31+00:00
BRA_440094,Brasília,5300108,,Marechal,0.090,https://moovitapp.com/index/pt-br/transporte_p%C3%BAblico-line-0_090-Brasilia-1702-851940-242702-0,-1.0,-15.802693,-47.96867,53.0,,,2,2023-06-17T16:38:31+00:00
BRA_440175,Brasília,5300108,,Marechal,351.3,https://moovitapp.com/index/pt-br/transporte_p%C3%BAblico-line-351_3-Brasilia-1702-851940-510249-0,-1.0,-15.861773,-48.042183,13.0,,,2,2023-06-17T16:38:31+00:00
BRA_443735,Brasília,5300108,,Marechal,351.3,https://moovitapp.com/index/pt-br/transporte_p%C3%BAblico-line-351_3-Brasilia-1702-851940-510249-0,-1.0,-15.869573,-48.037497,0.0,,,2,2023-06-17T16:25:00+00:00
BRA_442224,Brasília,5300108,,Marechal,0.369,https://moovitapp.com/index/pt-br/transporte_p%C3%BAblico-line-0_369-Brasilia-1702-851940-500060-0,-1.0,-15.83547,-48.08363,0.0,,,2,2023-06-17T16:38:26+00:00
BRA_444081,Brasília,5300108,,Marechal,933.3,https://moovitapp.com/index/pt-br/transporte_p%C3%BAblico-line-933_3-Brasilia-1702-851940-450287-0,-1.0,-15.840597,-48.126803,0.0,,,2,2023-06-17T16:38:20+00:00
BRA_443182,Brasília,5300108,,Marechal,933.6,https://moovitapp.com/index/pt-br/transporte_p%C3%BAblico-line-933_6-Brasilia-1702-851940-3494672-0,-1.0,-15.806493,-48.078977,30.0,,,2,2023-06-17T16:38:31+00:00
BRA_443689,Brasília,5300108,,Marechal,959.2,https://moovitapp.com/index/pt-br/transporte_p%C3%BAblico-line-959_2-Brasilia-1702-851940-66561063-0,-1.0,-15.843227,-48.045503,14.0,,,2,2023-06-17T16:38:31+00:00
BRA_443204,Brasília,5300108,,Urbi,0.056,https://moovitapp.com/index/pt-br/transporte_p%C3%BAblico-line-0_056-Brasilia-1702-851595-588804-0,-1.0,-15.896047,-48.115887,35.0,,,2,2023-06-17T16:38:31+00:00
BRA_441538,Brasília,5300108,,Marechal,0.363,https://moovitapp.com/index/pt-br/transporte_p%C3%BAblico-line-0_363-Brasilia-1702-851940-504339-0,-1.0,-15.840287,-48.1296,0.0,,,2,2023-06-17T16:38:26+00:00
BRA_440051,Brasília,5300108,,Marechal,156.1,https://moovitapp.com/index/pt-br/transporte_p%C3%BAblico-line-156_1-Brasilia-1702-851940-242750-0,-1.0,-15.869287,-48.03783,0.0,,,2,2023-06-17T16:38:31+00:00
BRA_442526,Brasília,5300108,,São José,332.1,https://moovitapp.com/index/pt-br/transporte_p%C3%BAblico-line-332_1-Brasilia-1702-851943-2068455-0,-1.0,-15.840013,-48.129317,0.0,,,2,2023-06-17T16:02:25+00:00
BRA_441317,Brasília,5300108,,Marechal,959.1,https://moovitapp.com/index/pt-br/transporte_p%C3%BAblico-line-959_1-Brasilia-1702-851940-789939-0,-1.0,-15.867303,-48.03746,0.0,,,2,2023-06-17T16:38:31+00:00
BRA_441902,Brasília,5300108,,Urbi,0.050,https://moovitapp.com/index/pt-br/transporte_p%C3%BAblico-line-0_050-Brasilia-1702-851595-781325-0,-1.0,-15.805597,-48.075307,22.0,,,2,2023-06-17T16:38:31+00:00
BRA_443379,Brasília,5300108,,Marechal,0.089,https://moovitapp.com/index/pt-br/transporte_p%C3%BAblico-line-0_089-Brasilia-1702-851940-706977-0,-1.0,-15.818673,-47.98553,40.0,,,2,2023-06-17T16:38:31+00:00
BRA_443280,Brasília,5300108,,São José,359.2,https://moovitapp.com/index/pt-br/transporte_p%C3%BAblico-line-359_2-Brasilia-1702-851943-2068453-0,-1.0,-15.84017,-48.129557,0.0,,,2,2023-06-17T16:38:31+00:00
BRA_441694,Brasília,5300108,,Urbi,0.050,https://moovitapp.com/index/pt-br/transporte_p%C3%BAblico-line-0_050-Brasilia-1702-851595-781325-0,-1.0,-15.83857,-47.95247,46.0,,,2,2023-06-17T16:38:31+00:00
BRA_441864,Brasília,5300108,,Marechal,0.383,https://moovitapp.com/index/pt-br/transporte_p%C3%BAblico-line-0_383-Brasilia-1702-851940-347151-0,-1.0,-15.84101,-48.12613,26.0,,,2,2023-06-17T16:38:31+00:00
BRA_441171,Brasília,5300108,,Marechal,355.2,https://moovitapp.com/index/pt-br/transporte_p%C3%BAblico-line-355_2-Brasilia-1702-851940-510251-0,-1.0,-15.796837,-48.059533,16.0,,,2,2023-06-17T16:38:31+00:00
BRA_441961,Brasília,5300108,,São José,333.6,https://moovitapp.com/index/pt-br/transporte_p%C3%BAblico-line-333_6-Brasilia-1702-851943-2068452-0,-1.0,-15.839297,-48.128497,0.0,,,2,2023-06-17T16:38:26+00:00
BRA_441414,Brasília,5300108,,Marechal,933.4,https://moovitapp.com/index/pt-br/transporte_p%C3%BAblico-line-933_4-Brasilia-1702-851940-656766-0,-1.0,-15.839083,-48.12908,0.0,,,2,2023-06-17T16:38:31+00:00
BRA_441783,Brasília,5300108,,Urbi,0.056,https://moovitapp.com/index/pt-br/transporte_p%C3%BAblico-line-0_056-Brasilia-1702-851595-588804-0,-1.0,-15.83963,-48.128843,0.0,,,2,2023-06-17T16:38:26+00:00
BRA_443549,Brasília,5300108,,Marechal,0.357,https://moovitapp.com/index/pt-br/transporte_p%C3%BAblico-line-0_357-Brasilia-1702-851940-775109-0,-1.0,-15.869987,-48.037667,0.0,,,2,2023-06-17T16:38:26+00:00
BRA_441287,Brasília,5300108,,Marechal,959.1,https://moovitapp.com/index/pt-br/transporte_p%C3%BAblico-line-959_1-Brasilia-1702-851940-789939-0,-1.0,-15.86988,-48.037247,0.0,,,2,2023-06-17T16:38:40+00:00
BRA_443999,Brasília,5300108,,Marechal,933.6,https://moovitapp.com/index/pt-br/transporte_p%C3%BAblico-line-933_6-Brasilia-1702-851940-3494672-0,-1.0,-15.80537,-48.066793,0.0,,,2,2023-06-17T16:38:31+00:00
BRA_444995,Brasília,5300108,,Marechal,0.369,https://moovitapp.com/index/pt-br/transporte_p%C3%BAblico-line-0_369-Brasilia-1702-851940-500060-0,-1.0,-15.851733,-48.115347,20.0,,,2,2023-06-17T16:38:31+00:00
BRA_445045,Brasília,5300108,,Urbi,0.898,https://moovitapp.com/index/pt-br/transporte_p%C3%BAblico-line-0_898-Brasilia-1702-851595-322394-0,-1.0,-15.949193,-48.033757,0.0,,,2,2023-06-17T16:38:31+00:00
BRA_444979,Brasília,5300108,,Urbi,056.2,https://moovitapp.com/index/pt-br/transporte_p%C3%BAblico-line-056_2-Brasilia-1702-851595-492982-0,-1.0,-15.83379,-48.11575,29.0,,,2,2023-06-17T16:38:31+00:00
BRA_444910,Brasília,5300108,,Marechal,0.089,https://moovitapp.com/index/pt-br/transporte_p%C3%BAblico-line-0_089-Brasilia-1702-851940-706977-0,-1.0,-15.81715,-48.10443,0.0,,,2,2023-06-17T16:38:31+00:00
BRA_445096,Brasília,5300108,,Urbi,0.399,https://moovitapp.com/index/pt-br/transporte_p%C3%BAblico-line-0_399-Brasilia-1702-851595-454964-0,-1.0,-15.87324,-48.071943,22.0,,,2,2023-06-17T16:38:31+00:00
BRA_445002,Brasília,5300108,,Urbi,372.4,https://moovitapp.com/index/pt-br/transporte_p%C3%BAblico-line-372_4-Brasilia-1702-851595-650087-0,-1.0,-15.883943,-48.15009,0.0,,,2,2023-06-17T16:29:08+00:00
BRA_445100,Brasília,5300108,,Urbi,0.898,https://moovitapp.com/index/pt-br/transporte_p%C3%BAblico-line-0_898-Brasilia-1702-851595-322394-0,-1.0,-15.8402,-48.129643,0.0,,,2,2023-06-17T16:38:31+00:00
BRA_444987,Brasília,5300108,,Marechal,383.3,https://moovitapp.com/index/pt-br/transporte_p%C3%BAblico-line-383_3-Brasilia-1702-851940-88144102-0,-1.0,-15.840863,-48.127067,0.0,,,2,2023-06-17T16:38:26+00:00
BRA_444928,Brasília,5300108,,Marechal,0.383,https://moovitapp.com/index/pt-br/transporte_p%C3%BAblico-line-0_383-Brasilia-1702-851940-347151-0,-1.0,-15.790247,-48.023273,29.0,,,2,2023-06-17T16:38:31+00:00
BRA_445029,Brasília,5300108,,Marechal,0.089,https://moovitapp.com/index/pt-br/transporte_p%C3%BAblico-line-0_089-Brasilia-1702-851940-706977-0,-1.0,-15.84069,-48.126727,0.0,,,2,2023-06-17T16:38:26+00:00
BRA_445070,Brasília,5300108,,Marechal,0.942,https://moovitapp.com/index/pt-br/transporte_p%C3%BAblico-line-0_942-Brasilia-1702-851940-347158-0,-1.0,-15.763677,-47.891107,28.0,,,2,2023-06-17T16:20:00+00:00
BRA_445037,Brasília,5300108,,Urbi,056.2,https://moovitapp.com/index/pt-br/transporte_p%C3%BAblico-line-056_2-Brasilia-1702-851595-492982-0,-1.0,-15.887447,-48.12165,20.0,,,2,2023-06-17T16:38:31+00:00
BRA_444782,Brasília,5300108,,Urbi,0.054,https://moovitapp.com/index/pt-br/transporte_p%C3%BAblico-line-0_054-Brasilia-1702-851595-454960-0,-1.0,-15.847197,-48.048667,25.0,,,2,2023-06-17T16:38:31+00:00
BRA_444812,Brasília,5300108,,Urbi,0.367,https://moovitapp.com/index/pt-br/transporte_p%C3%BAblico-line-0_367-Brasilia-1702-851595-519380-0,-1.0,-15.84869,-48.0606,20.0,,,2,2023-06-17T16:38:31+00:00
BRA_444847,Brasília,5300108,,Marechal,0.383,https://moovitapp.com/index/pt-br/transporte_p%C3%BAblico-line-0_383-Brasilia-1702-851940-347151-0,-1.0,-15.800243,-48.058903,0.0,,,2,2023-06-17T16:34:54+00:00
BRA_444871,Brasília,5300108,,Marechal,363.2,https://moovitapp.com/index/pt-br/transporte_p%C3%BAblico-line-363_2-Brasilia-1702-851940-725443-0,-1.0,-15.84061,-48.12678,0.0,,,2,2023-06-17T16:38:31+00:00
BRA_444766,Brasília,5300108,,Urbi,372.5,https://moovitapp.com/index/pt-br/transporte_p%C3%BAblico-line-372_5-Brasilia-1702-851595-519391-0,-1.0,-15.856953,-48.070303,32.0,,,2,2023-06-17T16:12:56+00:00
BRA_445118,Brasília,5300108,,Marechal,0.305,https://moovitapp.com/index/pt-br/transporte_p%C3%BAblico-line-0_305-Brasilia-1702-851940-775108-0,-1.0,-15.824683,-47.923343,58.0,,,2,2023-06-17T16:38:31+00:00
BRA_440647,Brasília,5300108,,Piracicabana,099.1,https://moovitapp.com/index/pt-br/transporte_p%C3%BAblico-line-099_1-Brasilia-1702-850942-775090-0,-1.0,-15.812543,-47.98383,58.0,,,2,2023-06-17T16:38:31+00:00
BRA_443255,Brasília,5300108,,Marechal,363.1,https://moovitapp.com/index/pt-br/transporte_p%C3%BAblico-line-363_1-Brasilia-1702-851940-504344-0,-1.0,-15.845773,-48.117233,45.0,,,2,2023-06-17T16:38:31+00:00
BRA_444839,Brasília,5300108,,Marechal,0.043,https://moovitapp.com/index/pt-br/transporte_p%C3%BAblico-line-0_043-Brasilia-1702-851940-781330-0,-1.0,-15.840657,-48.127073,0.0,,,2,2023-06-17T16:38:26+00:00
BRA_440302,Brasília,5300108,,Urbi,038.1,https://moovitapp.com/index/pt-br/transporte_p%C3%BAblico-line-038_1-Brasilia-1702-851595-781327-0,-1.0,-15.869813,-48.038663,0.0,,,2,2023-06-17T16:38:31+00:00
BRA_444651,Brasília,5300108,,Marechal,363.2,https://moovitapp.com/index/pt-br/transporte_p%C3%BAblico-line-363_2-Brasilia-1702-851940-725443-0,-1.0,-15.80869,-48.08477,12.0,,,2,2023-06-17T16:38:31+00:00
BRA_440442,Brasília,5300108,,Marechal,156.8,https://moovitapp.com/index/pt-br/transporte_p%C3%BAblico-line-156_8-Brasilia-1702-851940-312445-0,-1.0,-15.836437,-47.986087,60.0,,,2,2023-06-17T16:38:32+00:00
BRA_442682,Brasília,5300108,,Marechal,383.3,https://moovitapp.com/index/pt-br/transporte_p%C3%BAblico-line-383_3-Brasilia-1702-851940-88144102-0,-1.0,-15.789393,-47.949843,60.0,,,2,2023-06-17T16:38:31+00:00
BRA_444901,Brasília,5300108,,Marechal,0.383,https://moovitapp.com/index/pt-br/transporte_p%C3%BAblico-line-0_383-Brasilia-1702-851940-347151-0,-1.0,-15.84107,-48.12672,0.0,,,2,2023-06-17T16:37:03+00:00
BRA_442518,Brasília,5300108,,Marechal,933.5,https://moovitapp.com/index/pt-br/transporte_p%C3%BAblico-line-933_5-Brasilia-1702-851940-766837-0,-1.0,-15.83992,-48.129367,0.0,,,2,2023-06-17T13:23:04+00:00
BRA_441490,Brasília,5300108,,Urbi,0.050,https://moovitapp.com/index/pt-br/transporte_p%C3%BAblico-line-0_050-Brasilia-1702-851595-781325-0,-1.0,-15.883963,-48.150223,0.0,,,2,2023-06-17T16:38:31+00:00
BRA_443808,Brasília,5300108,,Marechal,157.1,https://moovitapp.com/index/pt-br/transporte_p%C3%BAblico-line-157_1-Brasilia-1702-851940-88144062-0,-1.0,-15.79028,-47.942507,52.0,,,2,2023-06-17T16:38:31+00:00
BRA_441341,Brasília,5300108,,Marechal,0.205,https://moovitapp.com/index/pt-br/transporte_p%C3%BAblico-line-0_205-Brasilia-1702-851940-463646-0,-1.0,-15.827123,-48.05933,38.0,,,2,2023-06-17T16:38:34+00:00
BRA_441112,Brasília,5300108,,Marechal,355.3,https://moovitapp.com/index/pt-br/transporte_p%C3%BAblico-line-355_3-Brasilia-1702-851940-504343-0,-1.0,-15.86988,-48.038253,0.0,,,2,2023-06-17T16:38:33+00:00
BRA_229229,Brasília,5300108,,Pioneira,0.255,https://moovitapp.com/index/pt-br/transporte_p%C3%BAblico-line-0_255-Brasilia-1702-851941-706978-0,-1.0,-15.795883,-48.108643,,,,2,2023-06-17T16:38:04+00:00
BRA_230189,Brasília,5300108,,Pioneira,0.255,https://moovitapp.com/index/pt-br/transporte_p%C3%BAblico-line-0_255-Brasilia-1702-851941-706978-0,-1.0,-15.898395,-48.055644,,,,2,2023-06-17T16:38:28+00:00
BRA_227676,Brasília,5300108,,Pioneira,147.5,https://moovitapp.com/index/pt-br/transporte_p%C3%BAblico-line-147_5-Brasilia-1702-851941-519406-0,-1.0,-15.744116,-47.897363,,,,2,2023-06-17T16:38:06+00:00
BRA_223930,Brasília,5300108,,Pioneira,2307,https://moovitapp.com/index/pt-br/transporte_p%C3%BAblico-line-2307-Brasilia-1702-851941-18556638-0,-1.0,-15.953064,-47.994345,,,,1,2023-06-14T10:16:34+00:00
BRA_231967,Brasília,5300108,,Pioneira,197.3,https://moovitapp.com/index/pt-br/transporte_p%C3%BAblico-line-197_3-Brasilia-1702-851941-519409-0,-1.0,-15.915122,-47.760384,,,,2,2023-06-17T16:37:30+00:00
BRA_228681,Brasília,5300108,,Pioneira,180.1,https://moovitapp.com/index/pt-br/transporte_p%C3%BAblico-line-180_1-Brasilia-1702-851941-339336-0,-1.0,-15.797791,-47.852598,,,,2,2023-06-17T15:37:32+00:00
BRA_231321,Brasília,5300108,,Taguatur,3304,https://moovitapp.com/index/pt-br/transporte_p%C3%BAblico-line-3304-Brasilia-1702-854428-21462346-0,-1.0,-16.010716,-47.987943,,,,1,2023-06-17T16:38:12+00:00
BRA_228508,Brasília,5300108,,Pioneira,0.253,https://moovitapp.com/index/pt-br/transporte_p%C3%BAblico-line-0_253-Brasilia-1702-851941-510254-0,-1.0,-16.015322,-48.016352,,,,2,2023-06-17T16:38:10+00:00
BRA_232165,Brasília,5300108,,Pioneira,205.1,https://moovitapp.com/index/pt-br/transporte_p%C3%BAblico-line-205_1-Brasilia-1702-851941-393571-0,-1.0,-15.994239,-48.052261,,,,2,2023-06-17T16:38:00+00:00
BRA_232521,Brasília,5300108,,Pioneira,2207,https://moovitapp.com/index/pt-br/transporte_p%C3%BAblico-line-2207-Brasilia-1702-851941-422078-0,-1.0,-15.751586,-47.894744,,,,1,2023-06-17T16:12:16+00:00
BRA_228265,Brasília,5300108,,Taguatur,3305,https://moovitapp.com/index/pt-br/transporte_p%C3%BAblico-line-3305-Brasilia-1702-854428-77810673-0,-1.0,-16.048472,-48.036869,,,,1,2023-06-17T16:38:48+00:00
BRA_229385,Brasília,5300108,,Pioneira,764.2,https://moovitapp.com/index/pt-br/transporte_p%C3%BAblico-line-764_2-Brasilia-1702-851941-527246-0,-1.0,-15.810906,-47.846411,,,,2,2023-06-17T16:37:56+00:00
BRA_227269,Brasília,5300108,,Pioneira,147.5,https://moovitapp.com/index/pt-br/transporte_p%C3%BAblico-line-147_5-Brasilia-1702-851941-519406-0,-1.0,-15.783834,-47.895233,,,,1,2023-06-17T16:38:48+00:00
BRA_231444,Brasília,5300108,,Pioneira,183.8,https://moovitapp.com/index/pt-br/transporte_p%C3%BAblico-line-183_8-Brasilia-1702-851941-719958-0,-1.0,-15.89729,-47.788574,,,,1,2023-06-17T16:37:22+00:00
BRA_230111,Brasília,5300108,,Pioneira,0.255,https://moovitapp.com/index/pt-br/transporte_p%C3%BAblico-line-0_255-Brasilia-1702-851941-706978-0,-1.0,-15.840616,-48.049547,,,,1,2023-06-17T16:38:04+00:00
BRA_232297,Brasília,5300108,,Pioneira,251.8,https://moovitapp.com/index/pt-br/transporte_p%C3%BAblico-line-251_8-Brasilia-1702-851941-708654-0,-1.0,-16.02629,-48.030918,,,,1,2023-06-17T16:38:24+00:00
BRA_232629,Brasília,5300108,,,2202,,,-15.969388,-48.024166,,,,1,2023-06-17T16:38:52+00:00
BRA_225941,Brasília,5300108,,UTB,2302,https://moovitapp.com/index/pt-br/transporte_p%C3%BAblico-line-2302-Brasilia-1702-854427-744298-0,-1.0,-16.00076,-47.984885,,,,1,2023-06-17T16:37:44+00:00
BRA_228516,Brasília,5300108,,Pioneira,784.3,https://moovitapp.com/index/pt-br/transporte_p%C3%BAblico-line-784_3-Brasilia-1702-851941-46904557-0,-1.0,-15.730829,-47.780983,,,,1,2023-06-17T16:37:50+00:00
BRA_231754,Brasília,5300108,,Pioneira,0.102,https://moovitapp.com/index/pt-br/transporte_p%C3%BAblico-line-0_102-Brasilia-1702-851941-775119-0,-1.0,-15.793861,-47.881716,,,,1,2023-06-17T16:38:10+00:00
BRA_228303,Brasília,5300108,,Taguatur,3305,https://moovitapp.com/index/pt-br/transporte_p%C3%BAblico-line-3305-Brasilia-1702-854428-77810673-0,-1.0,-16.012554,-47.982018,,,,1,2023-06-17T16:37:40+00:00
BRA_232432,Brasília,5300108,,,3301,,,-16.011603,-47.993697,,,,1,2023-06-17T16:38:00+00:00
BRA_232025,Brasília,5300108,,Pioneira,197.3,https://moovitapp.com/index/pt-br/transporte_p%C3%BAblico-line-197_3-Brasilia-1702-851941-519409-0,-1.0,-15.803231,-47.851873,,,,2,2023-06-17T16:38:34+00:00
BRA_226823,Brasília,5300108,,Pioneira,0.765,https://moovitapp.com/index/pt-br/transporte_p%C3%BAblico-line-0_765-Brasilia-1702-851941-576190-0,-1.0,-15.759047,-47.779959,,,,2,2023-06-17T16:39:00+00:00
BRA_229016,Brasília,5300108,,Pioneira,0.255,https://moovitapp.com/index/pt-br/transporte_p%C3%BAblico-line-0_255-Brasilia-1702-851941-706978-0,-1.0,-15.822628,-48.060908,,,,2,2023-06-17T16:39:00+00:00
BRA_226963,Brasília,5300108,,,2202,,,-15.986678,-48.043761,,,,2,2023-06-17T16:38:32+00:00
BRA_228133,Brasília,5300108,,Pioneira,780.1,https://moovitapp.com/index/pt-br/transporte_p%C3%BAblico-line-780_1-Brasilia-1702-851941-531040-0,-1.0,-15.76059,-47.781269,,,,2,2023-06-17T16:37:36+00:00
BRA_232254,Brasília,5300108,,,3301,,,-16.042254,-48.025838,,,,1,2023-06-17T16:37:36+00:00
BRA_225584,Brasília,5300108,,UTB,2302,https://moovitapp.com/index/pt-br/transporte_p%C3%BAblico-line-2302-Brasilia-1702-854427-744298-0,-1.0,-15.822754,-47.909971,,,,2,2023-06-17T16:38:16+00:00
BRA_227765,Brasília,5300108,,,2202,,,-15.82259,-47.909735,,,,2,2023-06-17T16:38:18+00:00
BRA_228877,Brasília,5300108,,Pioneira,271.3,https://moovitapp.com/index/pt-br/transporte_p%C3%BAblico-line-271_3-Brasilia-1702-851941-669626-0,-1.0,-16.017643,-47.986754,,,,1,2023-06-17T16:38:42+00:00
BRA_231363,Brasília,5300108,,Pioneira,073.4,https://moovitapp.com/index/pt-br/transporte_p%C3%BAblico-line-073_4-Brasilia-1702-851941-77944646-0,-1.0,-15.866583,-47.943387,,,,1,2023-06-17T16:38:02+00:00
BRA_229601,Brasília,5300108,,Urbi,0.129,https://moovitapp.com/index/pt-br/transporte_p%C3%BAblico-line-0_129-Brasilia-1702-851595-775097-0,-1.0,-15.751346,-47.763442,,,,1,2023-06-17T16:38:16+00:00
BRA_229024,Brasília,5300108,,Pioneira,251.8,https://moovitapp.com/index/pt-br/transporte_p%C3%BAblico-line-251_8-Brasilia-1702-851941-708654-0,-1.0,-16.029745,-48.055974,,,,1,2023-06-17T16:38:22+00:00
BRA_229393,Brasília,5300108,,Pioneira,0.253,https://moovitapp.com/index/pt-br/transporte_p%C3%BAblico-line-0_253-Brasilia-1702-851941-510254-0,-1.0,-16.016054,-48.017414,,,,2,2023-06-17T16:38:34+00:00
BRA_230014,Brasília,5300108,,,3204,,,-16.023925,-48.054493,,,,1,2023-06-17T16:39:20+00:00
BRA_229741,Brasília,5300108,,Pioneira,780.1,https://moovitapp.com/index/pt-br/transporte_p%C3%BAblico-line-780_1-Brasilia-1702-851941-531040-0,-1.0,-15.758389,-47.745481,,,,1,2023-06-17T16:38:42+00:00
BRA_231932,Brasília,5300108,,Pioneira,180.1,https://moovitapp.com/index/pt-br/transporte_p%C3%BAblico-line-180_1-Brasilia-1702-851941-339336-0,-1.0,-15.913094,-47.75826,,,,1,2023-06-17T16:37:56+00:00
BRA_232475,Brasília,5300108,,Pioneira,3307,https://moovitapp.com/index/pt-br/transporte_p%C3%BAblico-line-3307-Brasilia-1702-851941-519400-0,-1.0,-16.012007,-47.99212,,,,1,2023-06-17T16:37:58+00:00
BRA_226688,Brasília,5300108,,Pioneira,759.1,https://moovitapp.com/index/pt-br/transporte_p%C3%BAblico-line-759_1-Brasilia-1702-851941-616183-0,-1.0,-15.787114,-47.801779,,,,1,2023-06-17T16:38:00+00:00
BRA_225720,Brasília,5300108,,Pioneira,764.2,https://moovitapp.com/index/pt-br/transporte_p%C3%BAblico-line-764_2-Brasilia-1702-851941-527246-0,-1.0,-15.753557,-47.78008,,,,2,2023-06-17T16:37:24+00:00
BRA_231631,Brasília,5300108,,Pioneira,0.762,https://moovitapp.com/index/pt-br/transporte_p%C3%BAblico-line-0_762-Brasilia-1702-851941-576189-0,-1.0,-15.736016,-47.765285,,,,1,2023-06-15T08:20:24+00:00
BRA_225711,Brasília,5300108,,Pioneira,764.2,https://moovitapp.com/index/pt-br/transporte_p%C3%BAblico-line-764_2-Brasilia-1702-851941-527246-0,-1.0,-15.824645,-47.828908,,,,1,2023-06-17T16:37:56+00:00
BRA_232050,Brasília,5300108,,Pioneira,147.6,https://moovitapp.com/index/pt-br/transporte_p%C3%BAblico-line-147_6-Brasilia-1702-851941-516646-0,-1.0,-15.858699,-47.832386,,,,2,2023-06-17T16:38:12+00:00
BRA_227609,Brasília,5300108,,Pioneira,2209,https://moovitapp.com/index/pt-br/transporte_p%C3%BAblico-line-2209-Brasilia-1702-851941-18556640-0,-1.0,-15.860213,-47.956281,,,,1,2023-06-17T16:38:34+00:00
BRA_232203,Brasília,5300108,,Taguatur,3302,https://moovitapp.com/index/pt-br/transporte_p%C3%BAblico-line-3302-Brasilia-1702-854428-3135322-0,-1.0,-16.005051,-47.995248,,,,1,2023-06-17T16:38:18+00:00
BRA_228281,Brasília,5300108,,,3202,,,-16.01955,-48.050583,,,,1,2023-06-17T16:38:08+00:00
BRA_228389,Brasília,5300108,,Pioneira,0.253,https://moovitapp.com/index/pt-br/transporte_p%C3%BAblico-line-0_253-Brasilia-1702-851941-510254-0,-1.0,-15.788205,-48.131563,,,,2,2023-06-17T16:38:12+00:00
BRA_230049,Brasília,5300108,,,3206,,,-15.991577,-48.049038,,,,1,2023-06-17T16:37:28+00:00
BRA_226947,Brasília,5300108,,Pioneira,780.1,https://moovitapp.com/index/pt-br/transporte_p%C3%BAblico-line-780_1-Brasilia-1702-851941-531040-0,-1.0,-15.814373,-47.841185,,,,2,2023-06-17T16:38:56+00:00
BRA_232602,Brasília,5300108,,Pioneira,2207,https://moovitapp.com/index/pt-br/transporte_p%C3%BAblico-line-2207-Brasilia-1702-851941-422078-0,-1.0,-15.739147,-47.898584,,,,1,2023-06-17T16:38:10+00:00
BRA_226441,Brasília,5300108,,Pioneira,0.784,https://moovitapp.com/index/pt-br/transporte_p%C3%BAblico-line-0_784-Brasilia-1702-851941-372405-0,-1.0,-15.762885,-47.780379,,,,1,2023-06-17T16:37:40+00:00
BRA_228192,Brasília,5300108,,,3201,,,-16.03733,-48.056299,,,,1,2023-06-17T13:10:10+00:00
BRA_226556,Brasília,5300108,,Pioneira,0.765,https://moovitapp.com/index/pt-br/transporte_p%C3%BAblico-line-0_765-Brasilia-1702-851941-576190-0,-1.0,-15.847303,-47.855624,,,,1,2023-06-17T16:38:44+00:00
BRA_226424,Brasília,5300108,,Pioneira,760.1,https://moovitapp.com/index/pt-br/transporte_p%C3%BAblico-line-760_1-Brasilia-1702-851941-576193-0,-1.0,-15.747925,-47.767689,,,,2,2023-06-17T16:37:50+00:00
BRA_230065,Brasília,5300108,,Taguatur,3302,https://moovitapp.com/index/pt-br/transporte_p%C3%BAblico-line-3302-Brasilia-1702-854428-3135322-0,-1.0,-16.021159,-48.024363,,,,1,2023-06-17T16:38:16+00:00
BRA_229555,Brasília,5300108,,,3206,,,-16.027688,-48.072765,,,,1,2023-06-17T16:38:46+00:00
BRA_227897,Brasília,5300108,,,3207,,,-16.013399,-48.077203,,,,1,2023-06-17T16:38:38+00:00
BRA_229849,Brasília,5300108,,Pioneira,0.147,https://moovitapp.com/index/pt-br/transporte_p%C3%BAblico-line-0_147-Brasilia-1702-851941-519401-0,-1.0,-15.858315,-47.833594,,,,2,2023-06-17T16:38:16+00:00
BRA_228575,Brasília,5300108,,Pioneira,0.273,https://moovitapp.com/index/pt-br/transporte_p%C3%BAblico-line-0_273-Brasilia-1702-851941-510255-0,-1.0,-16.011536,-47.992158,,,,1,2023-06-17T16:38:30+00:00
BRA_232084,Brasília,5300108,,Pioneira,180.1,https://moovitapp.com/index/pt-br/transporte_p%C3%BAblico-line-180_1-Brasilia-1702-851941-339336-0,-1.0,-15.794328,-47.882117,,,,2,2023-06-17T16:38:00+00:00
BRA_226831,Brasília,5300108,,Pioneira,0.510,https://moovitapp.com/index/pt-br/transporte_p%C3%BAblico-line-0_510-Brasilia-1702-851941-16483906-0,-1.0,-15.76021,-47.780773,,,,1,2023-06-15T13:15:44+00:00
BRA_227480,Brasília,5300108,,,3201,,,-15.998349,-48.058562,,,,1,2023-06-15T21:20:48+00:00
BRA_228125,Brasília,5300108,,Pioneira,205.1,https://moovitapp.com/index/pt-br/transporte_p%C3%BAblico-line-205_1-Brasilia-1702-851941-393571-0,-1.0,-15.823666,-48.060527,,,,2,2023-06-17T16:38:30+00:00
BRA_227099,Brasília,5300108,,Pioneira,147.2,https://moovitapp.com/index/pt-br/transporte_p%C3%BAblico-line-147_2-Brasilia-1702-851941-519403-0,-1.0,-15.889614,-47.779126,,,,1,2023-06-17T16:38:36+00:00
BRA_230138,Brasília,5300108,,Taguatur,3302,https://moovitapp.com/index/pt-br/transporte_p%C3%BAblico-line-3302-Brasilia-1702-854428-3135322-0,-1.0,-16.004508,-47.992298,,,,1,2023-06-17T16:38:14+00:00
BRA_228583,Brasília,5300108,,Pioneira,0.255,https://moovitapp.com/index/pt-br/transporte_p%C3%BAblico-line-0_255-Brasilia-1702-851941-706978-0,-1.0,-16.042286,-48.02573,,,,2,2023-06-17T16:39:00+00:00
BRA_230171,Brasília,5300108,,Pioneira,0.255,https://moovitapp.com/index/pt-br/transporte_p%C3%BAblico-line-0_255-Brasilia-1702-851941-706978-0,-1.0,-16.010703,-48.009314,,,,2,2023-06-17T16:38:18+00:00
BRA_232394,Brasília,5300108,,Pioneira,251.8,https://moovitapp.com/index/pt-br/transporte_p%C3%BAblico-line-251_8-Brasilia-1702-851941-708654-0,-1.0,-16.015841,-48.061722,,,,1,2023-06-17T16:39:02+00:00
BRA_229512,Brasília,5300108,,Urbi,206.2,https://moovitapp.com/index/pt-br/transporte_p%C3%BAblico-line-206_2-Brasilia-1702-851595-781328-0,-1.0,-15.942313,-48.143681,,,,1,2023-06-17T16:37:52+00:00
BRA_229083,Brasília,5300108,,Pioneira,147.5,https://moovitapp.com/index/pt-br/transporte_p%C3%BAblico-line-147_5-Brasilia-1702-851941-519406-0,-1.0,-15.903203,-47.76814,,,,2,2023-06-17T16:38:24+00:00
BRA_231649,Brasília,5300108,,Pioneira,759.1,https://moovitapp.com/index/pt-br/transporte_p%C3%BAblico-line-759_1-Brasilia-1702-851941-616183-0,-1.0,-15.748858,-47.771472,,,,2,2023-06-17T16:37:52+00:00
BRA_226009,Brasília,5300108,,,2202,,,-15.906766,-47.964603,,,,1,2023-06-17T16:38:22+00:00
BRA_232335,Brasília,5300108,,Pioneira,251.7,https://moovitapp.com/index/pt-br/transporte_p%C3%BAblico-line-251_7-Brasilia-1702-851941-651524-0,-1.0,-16.049216,-48.031986,,,,1,2023-06-17T16:38:46+00:00
BRA_228222,Brasília,5300108,,Pioneira,0.225,https://moovitapp.com/index/pt-br/transporte_p%C3%BAblico-line-0_225-Brasilia-1702-851941-510253-0,-1.0,-15.944846,-48.038795,,,,2,2023-06-17T16:38:34+00:00
BRA_229938,Brasília,5300108,,Pioneira,3210,https://moovitapp.com/index/pt-br/transporte_p%C3%BAblico-line-3210-Brasilia-1702-851941-14518504-0,-1.0,-16.037162,-48.056438,,,,1,2023-06-17T16:38:04+00:00
BRA_231827,Brasília,5300108,,Pioneira,180.1,https://moovitapp.com/index/pt-br/transporte_p%C3%BAblico-line-180_1-Brasilia-1702-851941-339336-0,-1.0,-15.908494,-47.754388,,,,1,2023-06-17T13:47:42+00:00
BRA_231789,Brasília,5300108,,Pioneira,764.2,https://moovitapp.com/index/pt-br/transporte_p%C3%BAblico-line-764_2-Brasilia-1702-851941-527246-0,-1.0,-15.759505,-47.780627,,,,2,2023-06-17T15:55:44+00:00
BRA_227889,Brasília,5300108,,Pioneira,0.225,https://moovitapp.com/index/pt-br/transporte_p%C3%BAblico-line-0_225-Brasilia-1702-851941-510253-0,-1.0,-15.885626,-48.059388,,,,2,2023-06-17T16:37:18+00:00
BRA_227137,Brasília,5300108,,Pioneira,199.1,https://moovitapp.com/index/pt-br/transporte_p%C3%BAblico-line-199_1-Brasilia-1702-851941-770034-0,-1.0,-15.783637,-47.89524,,,,1,2023-06-17T16:38:06+00:00
BRA_227498,Brasília,5300108,,Pioneira,147.3,https://moovitapp.com/index/pt-br/transporte_p%C3%BAblico-line-147_3-Brasilia-1702-851941-574203-0,-1.0,-15.900386,-47.779705,,,,2,2023-06-17T16:38:20+00:00
BRA_225681,Brasília,5300108,,Pioneira,764.2,https://moovitapp.com/index/pt-br/transporte_p%C3%BAblico-line-764_2-Brasilia-1702-851941-527246-0,-1.0,-15.746663,-47.764262,,,,1,2023-06-17T16:38:08+00:00
BRA_231606,Brasília,5300108,,Pioneira,100.2,https://moovitapp.com/index/pt-br/transporte_p%C3%BAblico-line-100_2-Brasilia-1702-851941-620160-0,-1.0,-15.8463,-47.897541,,,,2,2023-06-17T16:37:32+00:00
BRA_225568,Brasília,5300108,,UTB,2302,https://moovitapp.com/index/pt-br/transporte_p%C3%BAblico-line-2302-Brasilia-1702-854427-744298-0,-1.0,-15.897385,-47.962435,,,,2,2023-06-17T16:38:06+00:00
BRA_227013,Brasília,5300108,,Pioneira,0.765,https://moovitapp.com/index/pt-br/transporte_p%C3%BAblico-line-0_765-Brasilia-1702-851941-576190-0,-1.0,-15.802482,-47.786063,,,,2,2023-06-17T16:39:22+00:00
BRA_229971,Brasília,5300108,,Pioneira,205.1,https://moovitapp.com/index/pt-br/transporte_p%C3%BAblico-line-205_1-Brasilia-1702-851941-393571-0,-1.0,-15.995181,-48.053762,,,,1,2023-06-17T16:37:34+00:00
BRA_227391,Brasília,5300108,,Pioneira,183.6,https://moovitapp.com/index/pt-br/transporte_p%C3%BAblico-line-183_6-Brasilia-1702-851941-242921-0,-1.0,-15.896155,-47.797297,,,,1,2023-06-17T16:37:22+00:00
BRA_228435,Brasília,5300108,,,3204,,,-16.017277,-48.0641,,,,1,2023-06-17T16:38:24+00:00
BRA_229920,Brasília,5300108,,,3207,,,-15.991909,-48.049381,,,,1,2023-06-17T16:38:34+00:00
BRA_225533,Brasília,5300108,,,2201,,,-15.970205,-48.025457,,,,2,2023-06-17T10:57:40+00:00
BRA_228869,Brasília,5300108,,Pioneira,251.7,https://moovitapp.com/index/pt-br/transporte_p%C3%BAblico-line-251_7-Brasilia-1702-851941-651524-0,-1.0,-16.009187,-48.071303,,,,1,2023-06-17T16:37:20+00:00
BRA_227404,Brasília,5300108,,Pioneira,181.2,https://moovitapp.com/index/pt-br/transporte_p%C3%BAblico-line-181_2-Brasilia-1702-851941-339338-0,-1.0,-15.905571,-47.753396,,,,1,2023-06-17T16:36:42+00:00
BRA_229059,Brasília,5300108,,Pioneira,020.2,https://moovitapp.com/index/pt-br/transporte_p%C3%BAblico-line-020_2-Brasilia-1702-851941-708653-0,-1.0,-16.027081,-48.020542,,,,1,2023-06-17T16:38:10+00:00
BRA_229989,Brasília,5300108,,,3201,,,-16.001316,-48.059376,,,,1,2023-06-17T16:38:02+00:00
BRA_228079,Brasília,5300108,,Pioneira,205.1,https://moovitapp.com/index/pt-br/transporte_p%C3%BAblico-line-205_1-Brasilia-1702-851941-393571-0,-1.0,-15.905566,-48.052725,,,,1,2023-06-17T16:38:44+00:00
BRA_229610,Brasília,5300108,,,3204,,,-15.991689,-48.049114,,,,1,2023-06-17T16:37:50+00:00
BRA_228044,Brasília,5300108,,Pioneira,170.4,https://moovitapp.com/index/pt-br/transporte_p%C3%BAblico-line-170_4-Brasilia-1702-851941-379787-0,-1.0,-15.904384,-47.774307,,,,1,2023-06-17T16:38:14+00:00
BRA_229261,Brasília,5300108,,Pioneira,255.2,https://moovitapp.com/index/pt-br/transporte_p%C3%BAblico-line-255_2-Brasilia-1702-851941-312453-0,-1.0,-15.982742,-47.988572,,,,2,2023-06-17T16:37:34+00:00
BRA_227595,Brasília,5300108,,Pioneira,147.2,https://moovitapp.com/index/pt-br/transporte_p%C3%BAblico-line-147_2-Brasilia-1702-851941-519403-0,-1.0,-15.851777,-47.81658,,,,2,2023-06-17T16:38:14+00:00
BRA_232483,Brasília,5300108,,Pioneira,0.253,https://moovitapp.com/index/pt-br/transporte_p%C3%BAblico-line-0_253-Brasilia-1702-851941-510254-0,-1.0,-15.812542,-48.084089,,,,1,2023-06-17T16:38:10+00:00
BRA_226611,Brasília,5300108,,Pioneira,759.1,https://moovitapp.com/index/pt-br/transporte_p%C3%BAblico-line-759_1-Brasilia-1702-851941-616183-0,-1.0,-15.747364,-47.766233,,,,2,2023-06-17T16:38:44+00:00
BRA_229792,Brasília,5300108,,Pioneira,180.1,https://moovitapp.com/index/pt-br/transporte_p%C3%BAblico-line-180_1-Brasilia-1702-851941-339336-0,-1.0,-15.830522,-47.826352,,,,1,2023-06-17T16:37:46+00:00
BRA_228168,Brasília,5300108,,Pioneira,2207,https://moovitapp.com/index/pt-br/transporte_p%C3%BAblico-line-2207-Brasilia-1702-851941-422078-0,-1.0,-15.817768,-47.913296,,,,1,2023-06-17T16:38:12+00:00
BRA_231941,Brasília,5300108,,Pioneira,147.2,https://moovitapp.com/index/pt-br/transporte_p%C3%BAblico-line-147_2-Brasilia-1702-851941-519403-0,-1.0,-15.813951,-47.908502,,,,1,2023-06-17T16:37:40+00:00
BRA_228001,Brasília,5300108,,Pioneira,2207,https://moovitapp.com/index/pt-br/transporte_p%C3%BAblico-line-2207-Brasilia-1702-851941-422078-0,-1.0,-15.820228,-47.949605,,,,1,2023-06-16T21:51:04+00:00
BRA_228311,Brasília,5300108,,,3206,,,-16.030801,-48.067666,,,,1,2023-06-17T16:38:08+00:00
BRA_230073,Brasília,5300108,,Pioneira,0.253,https://moovitapp.com/index/pt-br/transporte_p%C3%BAblico-line-0_253-Brasilia-1702-851941-510254-0,-1.0,-16.003796,-47.987568,,,,1,2023-06-17T16:38:06+00:00
BRA_232581,Brasília,5300108,,Pioneira,2207,https://moovitapp.com/index/pt-br/transporte_p%C3%BAblico-line-2207-Brasilia-1702-851941-422078-0,-1.0,-15.784469,-47.887788,,,,1,2023-06-17T16:37:44+00:00
BRA_227790,Brasília,5300108,,,3207,,,-16.002241,-48.059586,,,,1,2023-06-17T16:38:00+00:00
BRA_230219,Brasília,5300108,,Pioneira,0.273,https://moovitapp.com/index/pt-br/transporte_p%C3%BAblico-line-0_273-Brasilia-1702-851941-510255-0,-1.0,-15.788161,-48.131448,,,,2,2023-06-17T16:37:36+00:00
BRA_228052,Brasília,5300108,,,3201,,,-16.026687,-48.06745,,,,1,2023-06-17T16:38:00+00:00
BRA_228991,Brasília,5300108,,Pioneira,020.2,https://moovitapp.com/index/pt-br/transporte_p%C3%BAblico-line-020_2-Brasilia-1702-851941-708653-0,-1.0,-16.000486,-47.998599,,,,1,2023-06-17T16:38:38+00:00
BRA_226653,Brasília,5300108,,Pioneira,780.1,https://moovitapp.com/index/pt-br/transporte_p%C3%BAblico-line-780_1-Brasilia-1702-851941-531040-0,-1.0,-15.759015,-47.77987,,,,1,2023-06-17T16:38:24+00:00
BRA_232301,Brasília,5300108,,,3301,,,-16.038465,-48.023003,,,,1,2023-06-17T16:36:28+00:00
BRA_228206,Brasília,5300108,,,3207,,,-16.0138,-48.067616,,,,1,2023-06-17T16:38:16+00:00
BRA_232181,Brasília,5300108,,Pioneira,0.225,https://moovitapp.com/index/pt-br/transporte_p%C3%BAblico-line-0_225-Brasilia-1702-851941-510253-0,-1.0,-16.015039,-48.053768,,,,1,2023-06-17T16:38:24+00:00
BRA_226840,Brasília,5300108,,Pioneira,759.1,https://moovitapp.com/index/pt-br/transporte_p%C3%BAblico-line-759_1-Brasilia-1702-851941-616183-0,-1.0,-15.722116,-47.883662,,,,2,2023-06-17T16:38:52+00:00
BRA_232041,Brasília,5300108,,Pioneira,190.3,https://moovitapp.com/index/pt-br/transporte_p%C3%BAblico-line-190_3-Brasilia-1702-851941-82190390-0,-1.0,-15.93924,-47.592848,,,,1,2023-06-17T16:38:26+00:00
BRA_229865,Brasília,5300108,,Pioneira,181.4,https://moovitapp.com/index/pt-br/transporte_p%C3%BAblico-line-181_4-Brasilia-1702-851941-775126-0,-1.0,-15.851893,-47.846481,,,,1,2023-06-17T16:38:22+00:00
BRA_227668,Brasília,5300108,,Pioneira,111.1,https://moovitapp.com/index/pt-br/transporte_p%C3%BAblico-line-111_1-Brasilia-1702-851941-75742769-0,-1.0,-15.861136,-47.81941,,,,1,2023-06-17T16:38:16+00:00
BRA_229806,Brasília,5300108,,Pioneira,180.7,https://moovitapp.com/index/pt-br/transporte_p%C3%BAblico-line-180_7-Brasilia-1702-851941-66561183-0,-1.0,-15.794401,-47.881914,,,,1,2023-06-17T16:37:22+00:00
BRA_228923,Brasília,5300108,,Pioneira,073.1,https://moovitapp.com/index/pt-br/transporte_p%C3%BAblico-line-073_1-Brasilia-1702-851941-775123-0,-1.0,-15.864356,-47.936171,,,,1,2023-06-17T16:38:38+00:00
BRA_232122,Brasília,5300108,,Pioneira,147.2,https://moovitapp.com/index/pt-br/transporte_p%C3%BAblico-line-147_2-Brasilia-1702-851941-519403-0,-1.0,-15.912477,-47.7547,,,,2,2023-06-17T16:37:36+00:00
BRA_228478,Brasília,5300108,,,3202,,,-15.996073,-48.053037,,,,1,2023-06-17T16:37:38+00:00
BRA_231614,Brasília,5300108,,Pioneira,0.762,https://moovitapp.com/index/pt-br/transporte_p%C3%BAblico-line-0_762-Brasilia-1702-851941-576189-0,-1.0,-15.794665,-47.882047,,,,1,2023-06-17T16:39:00+00:00
BRA_228974,Brasília,5300108,,Pioneira,0.253,https://moovitapp.com/index/pt-br/transporte_p%C3%BAblico-line-0_253-Brasilia-1702-851941-510254-0,-1.0,-15.918231,-48.048904,,,,2,2023-06-17T16:37:56+00:00
BRA_227617,Brasília,5300108,,,3202,,,-16.037508,-48.056381,,,,1,2023-06-17T16:38:02+00:00
BRA_231681,Brasília,5300108,,Pioneira,0.102,https://moovitapp.com/index/pt-br/transporte_p%C3%BAblico-line-0_102-Brasilia-1702-851941-775119-0,-1.0,-15.851196,-47.91142,,,,1,2023-06-17T16:38:30+00:00
BRA_231894,Brasília,5300108,,Pioneira,180.1,https://moovitapp.com/index/pt-br/transporte_p%C3%BAblico-line-180_1-Brasilia-1702-851941-339336-0,-1.0,-15.904368,-47.764243,,,,1,2023-06-17T16:36:32+00:00
BRA_232131,Brasília,5300108,,Pioneira,0.225,https://moovitapp.com/index/pt-br/transporte_p%C3%BAblico-line-0_225-Brasilia-1702-851941-510253-0,-1.0,-15.817642,-48.104694,,,,2,2023-06-17T16:37:18+00:00
BRA_228354,Brasília,5300108,,Taguatur,3303,https://moovitapp.com/index/pt-br/transporte_p%C3%BAblico-line-3303-Brasilia-1702-854428-2224148-0,-1.0,-16.047369,-48.031478,,,,1,2023-06-17T16:38:34+00:00
BRA_232572,Brasília,5300108,,Pioneira,2211,https://moovitapp.com/index/pt-br/transporte_p%C3%BAblico-line-2211-Brasilia-1702-851941-57764371-0,-1.0,-15.877825,-47.959619,,,,1,2023-06-17T16:37:16+00:00
BRA_230197,Brasília,5300108,,Pioneira,020.2,https://moovitapp.com/index/pt-br/transporte_p%C3%BAblico-line-020_2-Brasilia-1702-851941-708653-0,-1.0,-16.023642,-48.07925,,,,1,2023-06-17T16:38:04+00:00
BRA_227927,Brasília,5300108,,Pioneira,2207,https://moovitapp.com/index/pt-br/transporte_p%C3%BAblico-line-2207-Brasilia-1702-851941-422078-0,-1.0,-15.79802,-47.89187,,,,1,2023-06-17T16:38:16+00:00
BRA_232611,Brasília,5300108,,Pioneira,2207,https://moovitapp.com/index/pt-br/transporte_p%C3%BAblico-line-2207-Brasilia-1702-851941-422078-0,-1.0,-15.843671,-47.931403,,,,1,2023-06-17T16:38:14+00:00
BRA_232416,Brasília,5300108,,Pioneira,3307,https://moovitapp.com/index/pt-br/transporte_p%C3%BAblico-line-3307-Brasilia-1702-851941-519400-0,-1.0,-16.002368,-47.987263,,,,1,2023-06-17T16:39:00+00:00
BRA_226751,Brasília,5300108,,Pioneira,780.1,https://moovitapp.com/index/pt-br/transporte_p%C3%BAblico-line-780_1-Brasilia-1702-851941-531040-0,-1.0,-15.740689,-47.76348,,,,1,2023-06-17T16:37:16+00:00
BRA_227196,Brasília,5300108,,Pioneira,183.2,https://moovitapp.com/index/pt-br/transporte_p%C3%BAblico-line-183_2-Brasilia-1702-851941-242920-0,-1.0,-15.867755,-47.78083,,,,1,2023-06-17T16:36:58+00:00
BRA_231576,Brasília,5300108,,Pioneira,124.6,https://moovitapp.com/index/pt-br/transporte_p%C3%BAblico-line-124_6-Brasilia-1702-851941-425282-0,-1.0,-15.798465,-47.934582,,,,1,2023-06-17T16:38:06+00:00
BRA_229342,Brasília,5300108,,Pioneira,0.102,https://moovitapp.com/index/pt-br/transporte_p%C3%BAblico-line-0_102-Brasilia-1702-851941-775119-0,-1.0,-15.794595,-47.881964,,,,1,2023-06-17T16:37:38+00:00
BRA_227226,Brasília,5300108,,Pioneira,170.4,https://moovitapp.com/index/pt-br/transporte_p%C3%BAblico-line-170_4-Brasilia-1702-851941-379787-0,-1.0,-16.045414,-47.812314,,,,1,2023-06-17T16:37:30+00:00
BRA_229776,Brasília,5300108,,Pioneira,197.3,https://moovitapp.com/index/pt-br/transporte_p%C3%BAblico-line-197_3-Brasilia-1702-851941-519409-0,-1.0,-15.873324,-47.823078,,,,2,2023-06-17T16:38:28+00:00
BRA_231436,Brasília,5300108,,Pioneira,183.0,https://moovitapp.com/index/pt-br/transporte_p%C3%BAblico-line-183_0-Brasilia-1702-851941-26502248-0,-1.0,-15.921785,-47.761242,,,,1,2023-06-17T16:38:30+00:00
BRA_228575,Brasília,5300108,,Pioneira,0.255,https://moovitapp.com/index/pt-br/transporte_p%C3%BAblico-line-0_255-Brasilia-1702-851941-706978-0,-1.0,-16.015341,-48.015106,,,,1,2023-06-14T10:14:20+00:00
BRA_229709,Brasília,5300108,,Pioneira,181.2,https://moovitapp.com/index/pt-br/transporte_p%C3%BAblico-line-181_2-Brasilia-1702-851941-339338-0,-1.0,-15.913642,-47.757039,,,,1,2023-06-17T15:06:22+00:00
BRA_232211,Brasília,5300108,,,3204,,,-15.995313,-48.054003,,,,1,2023-06-17T16:38:24+00:00
BRA_223930,Brasília,5300108,,Pioneira,2306,https://moovitapp.com/index/pt-br/transporte_p%C3%BAblico-line-2306-Brasilia-1702-851941-18556641-0,-1.0,-15.795288,-47.883077,,,,1,2023-06-16T20:31:08+00:00
BRA_223930,Brasília,5300108,,Pioneira,2207,https://moovitapp.com/index/pt-br/transporte_p%C3%BAblico-line-2207-Brasilia-1702-851941-422078-0,-1.0,-15.763694,-47.890859,,,,1,2023-06-14T12:55:10+00:00
BRA_229504,Brasília,5300108,,Pioneira,0.780,https://moovitapp.com/index/pt-br/transporte_p%C3%BAblico-line-0_780-Brasilia-1702-851941-514537-0,-1.0,-15.796309,-47.87855,,,,2,2023-06-14T19:24:22+00:00
BRA_229881,Brasília,5300108,,Pioneira,147.3,https://moovitapp.com/index/pt-br/transporte_p%C3%BAblico-line-147_3-Brasilia-1702-851941-574203-0,-1.0,-15.90755,-47.752932,,,,2,2023-06-17T16:38:38+00:00
BRA_226831,Brasília,5300108,,Urbi,0.129,https://moovitapp.com/index/pt-br/transporte_p%C3%BAblico-line-0_129-Brasilia-1702-851595-775097-0,-1.0,-15.871798,-47.958017,,,,1,2023-06-15T19:41:04+00:00
BRA_229008,Brasília,5300108,,Pioneira,251.8,https://moovitapp.com/index/pt-br/transporte_p%C3%BAblico-line-251_8-Brasilia-1702-851941-708654-0,-1.0,-16.023349,-48.053813,,,,1,2023-06-17T01:28:22+00:00
BRA_232033,Brasília,5300108,,Pioneira,180.2,https://moovitapp.com/index/pt-br/transporte_p%C3%BAblico-line-180_2-Brasilia-1702-851941-514539-0,-1.0,-15.793565,-47.880712,,,,2,2023-06-17T16:37:16+00:00
BRA_229547,Brasília,5300108,,Pioneira,197.3,https://moovitapp.com/index/pt-br/transporte_p%C3%BAblico-line-197_3-Brasilia-1702-851941-519409-0,-1.0,-15.797251,-47.852801,,,,1,2023-06-17T16:37:32+00:00
BRA_228427,Brasília,5300108,,Taguatur,3305,https://moovitapp.com/index/pt-br/transporte_p%C3%BAblico-line-3305-Brasilia-1702-854428-77810673-0,-1.0,-16.044896,-48.042725,,,,1,2023-06-17T16:37:38+00:00
BRA_229636,Brasília,5300108,,Pioneira,0.762,https://moovitapp.com/index/pt-br/transporte_p%C3%BAblico-line-0_762-Brasilia-1702-851941-576189-0,-1.0,-15.750376,-47.775598,,,,2,2023-06-17T16:38:28+00:00
BRA_232092,Brasília,5300108,,Pioneira,181.2,https://moovitapp.com/index/pt-br/transporte_p%C3%BAblico-line-181_2-Brasilia-1702-851941-339338-0,-1.0,-15.830282,-47.877031,,,,1,2023-06-16T22:12:22+00:00
BRA_229067,Brasília,5300108,,Pioneira,251.7,https://moovitapp.com/index/pt-br/transporte_p%C3%BAblico-line-251_7-Brasilia-1702-851941-651524-0,-1.0,-16.025581,-48.03032,,,,1,2023-06-17T16:38:30+00:00
BRA_228486,Brasília,5300108,,Pioneira,2211,https://moovitapp.com/index/pt-br/transporte_p%C3%BAblico-line-2211-Brasilia-1702-851941-57764371-0,-1.0,-15.798909,-47.921752,,,,1,2023-06-17T16:39:30+00:00
BRA_229750,Brasília,5300108,,Pioneira,784.3,https://moovitapp.com/index/pt-br/transporte_p%C3%BAblico-line-784_3-Brasilia-1702-851941-46904557-0,-1.0,-15.750383,-47.775674,,,,1,2023-06-17T16:38:36+00:00
BRA_228362,Brasília,5300108,,Pioneira,271.3,https://moovitapp.com/index/pt-br/transporte_p%C3%BAblico-line-271_3-Brasilia-1702-851941-669626-0,-1.0,-16.038837,-48.046221,,,,1,2023-06-17T16:38:04+00:00
BRA_227684,Brasília,5300108,,,2202,,,-15.983011,-48.039349,,,,1,2023-06-17T16:37:56+00:00
BRA_231908,Brasília,5300108,,Pioneira,180.1,https://moovitapp.com/index/pt-br/transporte_p%C3%BAblico-line-180_1-Brasilia-1702-851941-339336-0,-1.0,-15.889287,-47.803426,,,,2,2023-06-17T16:37:44+00:00
BRA_230006,Brasília,5300108,,,3204,,,-16.024134,-48.055116,,,,1,2023-06-17T16:38:10+00:00
BRA_232271,Brasília,5300108,,Pioneira,205.1,https://moovitapp.com/index/pt-br/transporte_p%C3%BAblico-line-205_1-Brasilia-1702-851941-393571-0,-1.0,-16.011482,-48.068989,,,,1,2023-06-17T16:38:56+00:00
BRA_229041,Brasília,5300108,,Pioneira,2207,https://moovitapp.com/index/pt-br/transporte_p%C3%BAblico-line-2207-Brasilia-1702-851941-422078-0,-1.0,-15.880855,-47.959752,,,,1,2023-06-17T16:38:24+00:00
BRA_226700,Brasília,5300108,,Pioneira,163.1,https://moovitapp.com/index/pt-br/transporte_p%C3%BAblico-line-163_1-Brasilia-1702-851941-242911-0,-1.0,-15.8448,-47.94106,,,,2,2023-06-16T00:12:20+00:00
BRA_229661,Brasília,5300108,,Pioneira,0.510,https://moovitapp.com/index/pt-br/transporte_p%C3%BAblico-line-0_510-Brasilia-1702-851941-16483906-0,-1.0,-15.771391,-47.779654,,,,1,2023-06-17T16:38:02+00:00
BRA_229504,Brasília,5300108,,Pioneira,124.6,https://moovitapp.com/index/pt-br/transporte_p%C3%BAblico-line-124_6-Brasilia-1702-851941-425282-0,-1.0,-15.856194,-47.95267,,,,1,2023-06-17T16:38:42+00:00
BRA_232157,Brasília,5300108,,Pioneira,205.1,https://moovitapp.com/index/pt-br/transporte_p%C3%BAblico-line-205_1-Brasilia-1702-851941-393571-0,-1.0,-15.809244,-48.087592,,,,1,2023-06-17T16:38:24+00:00
BRA_229504,Brasília,5300108,,Pioneira,0.780,https://moovitapp.com/index/pt-br/transporte_p%C3%BAblico-line-0_780-Brasilia-1702-851941-514537-0,-1.0,-15.752327,-47.763899,,,,1,2023-06-15T20:32:26+00:00
BRA_228354,Brasília,5300108,,Pioneira,0.253,https://moovitapp.com/index/pt-br/transporte_p%C3%BAblico-line-0_253-Brasilia-1702-851941-510254-0,-1.0,-16.044734,-48.029316,,,,1,2023-06-16T21:49:36+00:00
BRA_226769,Brasília,5300108,,Pioneira,780.1,https://moovitapp.com/index/pt-br/transporte_p%C3%BAblico-line-780_1-Brasilia-1702-851941-531040-0,-1.0,-15.79543,-47.874329,,,,1,2023-06-17T16:38:44+00:00
BRA_232343,Brasília,5300108,,Pioneira,0.253,https://moovitapp.com/index/pt-br/transporte_p%C3%BAblico-line-0_253-Brasilia-1702-851941-510254-0,-1.0,-15.818739,-48.082118,,,,2,2023-06-17T16:38:50+00:00
BRA_231380,Brasília,5300108,,Pioneira,3208,https://moovitapp.com/index/pt-br/transporte_p%C3%BAblico-line-3208-Brasilia-1702-851941-704027-0,-1.0,-16.032794,-48.057901,,,,1,2023-06-17T16:38:18+00:00
BRA_232173,Brasília,5300108,,Taguatur,3302,https://moovitapp.com/index/pt-br/transporte_p%C3%BAblico-line-3302-Brasilia-1702-854428-3135322-0,-1.0,-16.044762,-48.033226,,,,1,2023-06-17T16:38:20+00:00
BRA_228117,Brasília,5300108,,Pioneira,205.1,https://moovitapp.com/index/pt-br/transporte_p%C3%BAblico-line-205_1-Brasilia-1702-851941-393571-0,-1.0,-15.813505,-48.064061,,,,2,2023-06-17T16:38:42+00:00
BRA_229237,Brasília,5300108,,Pioneira,190.2,https://moovitapp.com/index/pt-br/transporte_p%C3%BAblico-line-190_2-Brasilia-1702-851941-138553357-0,-1.0,-15.908159,-47.768998,,,,1,2023-06-17T16:38:18+00:00
BRA_229466,Brasília,5300108,,Pioneira,180.1,https://moovitapp.com/index/pt-br/transporte_p%C3%BAblico-line-180_1-Brasilia-1702-851941-339336-0,-1.0,-15.800279,-47.865981,,,,2,2023-06-17T16:38:02+00:00
BRA_227706,Brasília,5300108,,Pioneira,147.3,https://moovitapp.com/index/pt-br/transporte_p%C3%BAblico-line-147_3-Brasilia-1702-851941-574203-0,-1.0,-15.904784,-47.769482,,,,1,2023-06-17T16:38:16+00:00
BRA_226327,Brasília,5300108,,,2202,,,-15.894516,-47.961971,,,,2,2023-06-17T16:37:38+00:00
BRA_226289,Brasília,5300108,,UTB,2302,https://moovitapp.com/index/pt-br/transporte_p%C3%BAblico-line-2302-Brasilia-1702-854427-744298-0,-1.0,-15.880213,-47.959676,,,,1,2023-06-17T16:38:08+00:00
BRA_229679,Brasília,5300108,,Pioneira,0.784,https://moovitapp.com/index/pt-br/transporte_p%C3%BAblico-line-0_784-Brasilia-1702-851941-372405-0,-1.0,-15.760611,-47.781301,,,,1,2023-06-17T16:38:22+00:00
BRA_232289,Brasília,5300108,,Pioneira,207.2,https://moovitapp.com/index/pt-br/transporte_p%C3%BAblico-line-207_2-Brasilia-1702-851941-137149862-0,-1.0,-16.012169,-48.144259,,,,1,2023-06-17T16:38:02+00:00
BRA_229377,Brasília,5300108,,Pioneira,0.762,https://moovitapp.com/index/pt-br/transporte_p%C3%BAblico-line-0_762-Brasilia-1702-851941-576189-0,-1.0,-15.736453,-47.83437,,,,1,2023-06-17T16:38:42+00:00
BRA_226041,Brasília,5300108,,UTB,2302,https://moovitapp.com/index/pt-br/transporte_p%C3%BAblico-line-2302-Brasilia-1702-854427-744298-0,-1.0,-15.794004,-47.882715,,,,1,2023-06-17T16:38:24+00:00
BRA_226475,Brasília,5300108,,Pioneira,764.2,https://moovitapp.com/index/pt-br/transporte_p%C3%BAblico-line-764_2-Brasilia-1702-851941-527246-0,-1.0,-15.819314,-47.832748,,,,2,2023-06-17T16:37:54+00:00
BRA_227731,Brasília,5300108,,Pioneira,183.2,https://moovitapp.com/index/pt-br/transporte_p%C3%BAblico-line-183_2-Brasilia-1702-851941-242920-0,-1.0,-15.905932,-47.753326,,,,1,2023-06-17T16:37:48+00:00
BRA_226785,Brasília,5300108,,Urbi,0.129,https://moovitapp.com/index/pt-br/transporte_p%C3%BAblico-line-0_129-Brasilia-1702-851595-775097-0,-1.0,-15.857808,-47.922941,,,,2,2023-06-15T10:14:04+00:00
BRA_228541,Brasília,5300108,,Pioneira,180.3,https://moovitapp.com/index/pt-br/transporte_p%C3%BAblico-line-180_3-Brasilia-1702-851941-546212-0,-1.0,-15.813572,-47.842857,,,,2,2023-06-17T16:38:06+00:00
BRA_232106,Brasília,5300108,,Pioneira,181.2,https://moovitapp.com/index/pt-br/transporte_p%C3%BAblico-line-181_2-Brasilia-1702-851941-339338-0,-1.0,-15.843282,-47.850817,,,,1,2023-06-17T16:37:50+00:00
BRA_232505,Brasília,5300108,,Pioneira,3308,https://moovitapp.com/index/pt-br/transporte_p%C3%BAblico-line-3308-Brasilia-1702-851941-577772-0,-1.0,-16.036999,-48.03404,,,,1,2023-06-17T16:38:20+00:00
BRA_228982,Brasília,5300108,,Pioneira,0.255,https://moovitapp.com/index/pt-br/transporte_p%C3%BAblico-line-0_255-Brasilia-1702-851941-706978-0,-1.0,-16.0431,-48.028235,,,,1,2023-06-17T16:37:44+00:00
BRA_226912,Brasília,5300108,,Pioneira,0.759,https://moovitapp.com/index/pt-br/transporte_p%C3%BAblico-line-0_759-Brasilia-1702-851941-775121-0,-1.0,-15.764249,-47.890687,,,,2,2023-06-16T20:31:02+00:00
BRA_227242,Brasília,5300108,,Pioneira,0.147,https://moovitapp.com/index/pt-br/transporte_p%C3%BAblico-line-0_147-Brasilia-1702-851941-519401-0,-1.0,-15.865658,-47.820738,,,,1,2023-06-17T16:38:24+00:00
BRA_231592,Brasília,5300108,,Pioneira,759.1,https://moovitapp.com/index/pt-br/transporte_p%C3%BAblico-line-759_1-Brasilia-1702-851941-616183-0,-1.0,-15.744004,-47.897401,,,,1,2023-06-17T16:38:10+00:00
BRA_227285,Brasília,5300108,,Pioneira,2209,https://moovitapp.com/index/pt-br/transporte_p%C3%BAblico-line-2209-Brasilia-1702-851941-18556640-0,-1.0,-15.880191,-47.959892,,,,1,2023-06-17T16:38:20+00:00
BRA_226815,Brasília,5300108,,Pioneira,0.126,https://moovitapp.com/index/pt-br/transporte_p%C3%BAblico-line-0_126-Brasilia-1702-851941-7879579-0,-1.0,-15.938525,-47.760358,,,,1,2023-06-17T16:37:14+00:00
BRA_232378,Brasília,5300108,,Pioneira,073.1,https://moovitapp.com/index/pt-br/transporte_p%C3%BAblico-line-073_1-Brasilia-1702-851941-775123-0,-1.0,-15.847832,-47.953674,,,,1,2023-06-17T16:38:06+00:00
BRA_225789,Brasília,5300108,,Pioneira,764.2,https://moovitapp.com/index/pt-br/transporte_p%C3%BAblico-line-764_2-Brasilia-1702-851941-527246-0,-1.0,-15.797049,-47.783513,,,,2,2023-06-17T16:38:34+00:00
BRA_231711,Brasília,5300108,,Pioneira,0.102,https://moovitapp.com/index/pt-br/transporte_p%C3%BAblico-line-0_102-Brasilia-1702-851941-775119-0,-1.0,-15.844534,-47.893396,,,,1,2023-06-17T16:38:30+00:00
BRA_226980,Brasília,5300108,,Pioneira,100.6,https://moovitapp.com/index/pt-br/transporte_p%C3%BAblico-line-100_6-Brasilia-1702-851941-767605-0,-1.0,-15.801226,-47.856291,,,,2,2023-06-17T16:37:24+00:00
BRA_228494,Brasília,5300108,,Taguatur,3303,https://moovitapp.com/index/pt-br/transporte_p%C3%BAblico-line-3303-Brasilia-1702-854428-2224148-0,-1.0,-16.047808,-48.045077,,,,1,2023-06-17T16:11:30+00:00
BRA_229725,Brasília,5300108,,Pioneira,760.1,https://moovitapp.com/index/pt-br/transporte_p%C3%BAblico-line-760_1-Brasilia-1702-851941-576193-0,-1.0,-15.754053,-47.779635,,,,2,2023-06-17T16:38:50+00:00
BRA_229423,Brasília,5300108,,Pioneira,0.273,https://moovitapp.com/index/pt-br/transporte_p%C3%BAblico-line-0_273-Brasilia-1702-851941-510255-0,-1.0,-16.024405,-48.016886,,,,2,2023-06-17T16:38:38+00:00
BRA_232360,Brasília,5300108,,Taguatur,3302,https://moovitapp.com/index/pt-br/transporte_p%C3%BAblico-line-3302-Brasilia-1702-854428-3135322-0,-1.0,-16.044743,-48.032419,,,,1,2023-06-17T16:39:02+00:00
BRA_225738,Brasília,5300108,,Pioneira,764.2,https://moovitapp.com/index/pt-br/transporte_p%C3%BAblico-line-764_2-Brasilia-1702-851941-527246-0,-1.0,-15.807031,-47.852426,,,,1,2023-06-17T16:37:52+00:00
BRA_227803,Brasília,5300108,,Pioneira,170.4,https://moovitapp.com/index/pt-br/transporte_p%C3%BAblico-line-170_4-Brasilia-1702-851941-379787-0,-1.0,-15.889449,-47.801951,,,,1,2023-06-17T16:38:14+00:00
BRA_230090,Brasília,5300108,,Taguatur,3302,https://moovitapp.com/index/pt-br/transporte_p%C3%BAblico-line-3302-Brasilia-1702-854428-3135322-0,-1.0,-16.017096,-48.017999,,,,1,2023-06-17T16:38:26+00:00
BRA_225975,Brasília,5300108,,,2202,,,-15.793684,-47.882537,,,,1,2023-06-17T16:38:36+00:00
BRA_229822,Brasília,5300108,,Pioneira,147.3,https://moovitapp.com/index/pt-br/transporte_p%C3%BAblico-line-147_3-Brasilia-1702-851941-574203-0,-1.0,-15.826548,-47.873992,,,,2,2023-06-17T16:37:42+00:00
BRA_228524,Brasília,5300108,,,3301,,,-16.00274,-47.986481,,,,1,2023-06-17T16:38:34+00:00
BRA_227692,Brasília,5300108,,Pioneira,147.5,https://moovitapp.com/index/pt-br/transporte_p%C3%BAblico-line-147_5-Brasilia-1702-851941-519406-0,-1.0,-15.87026,-47.822182,,,,1,2023-06-17T16:38:20+00:00
BRA_229695,Brasília,5300108,,Pioneira,124.6,https://moovitapp.com/index/pt-br/transporte_p%C3%BAblico-line-124_6-Brasilia-1702-851941-425282-0,-1.0,-15.853078,-47.950877,,,,1,2023-06-17T16:38:14+00:00
BRA_227951,Brasília,5300108,,Pioneira,0.181,https://moovitapp.com/index/pt-br/transporte_p%C3%BAblico-line-0_181-Brasilia-1702-851941-242838-0,-1.0,-15.759117,-47.780188,,,,1,2023-06-17T16:37:36+00:00
BRA_227579,Brasília,5300108,,Pioneira,0.182,https://moovitapp.com/index/pt-br/transporte_p%C3%BAblico-line-0_182-Brasilia-1702-851941-242839-0,-1.0,-15.844321,-47.919266,,,,2,2023-06-17T16:33:44+00:00
BRA_232017,Brasília,5300108,,Pioneira,197.3,https://moovitapp.com/index/pt-br/transporte_p%C3%BAblico-line-197_3-Brasilia-1702-851941-519409-0,-1.0,-15.799615,-47.871207,,,,1,2023-06-17T15:16:22+00:00
BRA_229288,Brasília,5300108,,Pioneira,2306,https://moovitapp.com/index/pt-br/transporte_p%C3%BAblico-line-2306-Brasilia-1702-851941-18556641-0,-1.0,-16.02415,-48.031751,,,,1,2023-06-17T16:39:04+00:00
BRA_231762,Brasília,5300108,,Pioneira,780.1,https://moovitapp.com/index/pt-br/transporte_p%C3%BAblico-line-780_1-Brasilia-1702-851941-531040-0,-1.0,-15.793819,-47.781085,,,,1,2023-06-17T16:39:02+00:00
BRA_226971,Brasília,5300108,,Pioneira,0.765,https://moovitapp.com/index/pt-br/transporte_p%C3%BAblico-line-0_765-Brasilia-1702-851941-576190-0,-1.0,-15.81725,-47.912635,,,,1,2023-06-17T16:38:12+00:00
BRA_230081,Brasília,5300108,,Pioneira,0.253,https://moovitapp.com/index/pt-br/transporte_p%C3%BAblico-line-0_253-Brasilia-1702-851941-510254-0,-1.0,-15.988615,-47.987136,,,,2,2023-06-17T16:38:34+00:00
BRA_229628,Brasília,5300108,,Pioneira,759.1,https://moovitapp.com/index/pt-br/transporte_p%C3%BAblico-line-759_1-Brasilia-1702-851941-616183-0,-1.0,-15.78829,-47.888532,,,,1,2023-06-17T16:38:32+00:00
BRA_227200,Brasília,5300108,,Pioneira,2209,https://moovitapp.com/index/pt-br/transporte_p%C3%BAblico-line-2209-Brasilia-1702-851941-18556640-0,-1.0,-15.807355,-47.930856,,,,1,2023-06-17T16:38:32+00:00
BRA_227366,Brasília,5300108,,Pioneira,2209,https://moovitapp.com/index/pt-br/transporte_p%C3%BAblico-line-2209-Brasilia-1702-851941-18556640-0,-1.0,-15.80129,-47.91809,,,,1,2023-06-17T16:38:40+00:00
BRA_227323,Brasília,5300108,,Pioneira,180.2,https://moovitapp.com/index/pt-br/transporte_p%C3%BAblico-line-180_2-Brasilia-1702-851941-514539-0,-1.0,-15.896552,-47.79649,,,,2,2023-06-17T16:38:08+00:00
BRA_77062,Brasília,5300108,,Urbi,0.808,https://moovitapp.com/index/pt-br/transporte_p%C3%BAblico-line-0_808-Brasilia-1702-851595-372359-0,-1.0,-15.809987,-48.084998,,,,1,2023-06-17T16:37:34+00:00
BRA_79189,Brasília,5300108,,Urbi,0.808,https://moovitapp.com/index/pt-br/transporte_p%C3%BAblico-line-0_808-Brasilia-1702-851595-372359-0,-1.0,-15.817871,-48.105133,,,,1,2023-06-14T22:31:20+00:00
BRA_77283,Brasília,5300108,,Urbi,0.873,https://moovitapp.com/index/pt-br/transporte_p%C3%BAblico-line-0_873-Brasilia-1702-851595-510238-0,-1.0,-15.909012,-48.048923,,,,1,2023-06-17T16:38:38+00:00
BRA_710539,Brasília,5300108,,São José,0.310,https://moovitapp.com/index/pt-br/transporte_p%C3%BAblico-line-0_310-Brasilia-1702-851943-775131-0,-1.0,-15.812618,-47.938117,,,,1,2023-06-17T16:38:18+00:00
BRA_78417,Brasília,5300108,,São José,0.331,https://moovitapp.com/index/pt-br/transporte_p%C3%BAblico-line-0_331-Brasilia-1702-851943-775133-0,-1.0,-15.791394,-47.952625,,,,1,2023-06-17T16:37:30+00:00
BRA_78093,Brasília,5300108,,São José,0.331,https://moovitapp.com/index/pt-br/transporte_p%C3%BAblico-line-0_331-Brasilia-1702-851943-775133-0,-1.0,-15.803383,-48.069351,,,,2,2023-06-16T18:00:52+00:00
BRA_710393,Brasília,5300108,,São José,0.335,https://moovitapp.com/index/pt-br/transporte_p%C3%BAblico-line-0_335-Brasilia-1702-851943-775135-0,-1.0,-15.836536,-48.067336,,,,1,2023-06-17T16:38:28+00:00
BRA_710351,Brasília,5300108,,São José,0.335,https://moovitapp.com/index/pt-br/transporte_p%C3%BAblico-line-0_335-Brasilia-1702-851943-775135-0,-1.0,-15.788005,-48.134818,,,,1,2023-06-17T16:37:34+00:00
BRA_76589,Brasília,5300108,,São José,0.385,https://moovitapp.com/index/pt-br/transporte_p%C3%BAblico-line-0_385-Brasilia-1702-851943-516651-0,-1.0,-15.80753,-48.142638,,,,1,2023-06-17T16:38:26+00:00
BRA_77909,Brasília,5300108,,São José,0.343,https://moovitapp.com/index/pt-br/transporte_p%C3%BAblico-line-0_343-Brasilia-1702-851943-706996-0,-1.0,-15.800053,-48.057748,,,,1,2023-06-17T16:37:48+00:00
BRA_711004,Brasília,5300108,,São José,0.411,https://moovitapp.com/index/pt-br/transporte_p%C3%BAblico-line-0_411-Brasilia-1702-851943-788977-0,-1.0,-15.680539,-48.188503,,,,1,2023-06-17T00:20:44+00:00
BRA_711039,Brasília,5300108,,São José,0.413,https://moovitapp.com/index/pt-br/transporte_p%C3%BAblico-line-0_413-Brasilia-1702-851943-781649-0,-1.0,-15.680327,-48.188084,,,,1,2023-06-17T08:38:20+00:00
BRA_78646,Brasília,5300108,,São José,0.382,https://moovitapp.com/index/pt-br/transporte_p%C3%BAblico-line-0_382-Brasilia-1702-851943-775140-0,-1.0,-15.789553,-48.123545,,,,2,2023-06-17T16:19:12+00:00
BRA_78514,Brasília,5300108,,São José,0.949,https://moovitapp.com/index/pt-br/transporte_p%C3%BAblico-line-0_949-Brasilia-1702-851943-707026-0,-1.0,-15.870371,-48.013205,,,,1,2023-06-17T16:38:26+00:00
BRA_79049,Brasília,5300108,,São José,0.926,https://moovitapp.com/index/pt-br/transporte_p%C3%BAblico-line-0_926-Brasilia-1702-851943-775154-0,-1.0,-15.823515,-48.114581,,,,1,2023-06-15T11:23:02+00:00
BRA_79511,Brasília,5300108,,São José,0.928,https://moovitapp.com/index/pt-br/transporte_p%C3%BAblico-line-0_928-Brasilia-1702-851943-756868-0,-1.0,-15.809288,-48.153929,,,,1,2023-06-17T16:38:12+00:00
BRA_79693,Brasília,5300108,,São José,0.928,https://moovitapp.com/index/pt-br/transporte_p%C3%BAblico-line-0_928-Brasilia-1702-851943-756868-0,-1.0,-15.804003,-48.130978,,,,1,2023-06-17T16:38:04+00:00
BRA_78531,Brasília,5300108,,São José,364.2,https://moovitapp.com/index/pt-br/transporte_p%C3%BAblico-line-364_2-Brasilia-1702-851943-707050-0,-1.0,-15.823243,-48.115325,,,,1,2023-06-17T16:38:14+00:00
BRA_78140,Brasília,5300108,,São José,949.1,https://moovitapp.com/index/pt-br/transporte_p%C3%BAblico-line-949_1-Brasilia-1702-851943-707069-0,-1.0,-15.842304,-48.045408,,,,1,2023-06-17T16:38:18+00:00
BRA_75710,Brasília,5300108,,São José,333.2,https://moovitapp.com/index/pt-br/transporte_p%C3%BAblico-line-333_2-Brasilia-1702-851943-527251-0,-1.0,-15.832739,-48.057424,,,,1,2023-06-17T16:34:30+00:00
BRA_78603,Brasília,5300108,,São José,374.2,https://moovitapp.com/index/pt-br/transporte_p%C3%BAblico-line-374_2-Brasilia-1702-851943-775166-0,-1.0,-15.78918,-47.949408,,,,2,2023-06-17T16:37:28+00:00
BRA_711209,Brasília,5300108,,São José,157.8,https://moovitapp.com/index/pt-br/transporte_p%C3%BAblico-line-157_8-Brasilia-1702-851943-759503-0,-1.0,-15.780412,-47.988687,,,,2,2023-06-17T16:37:58+00:00
BRA_711179,Brasília,5300108,,São José,0.159,https://moovitapp.com/index/pt-br/transporte_p%C3%BAblico-line-0_159-Brasilia-1702-851943-375523-0,-1.0,-15.814921,-48.004412,,,,1,2023-06-17T16:37:48+00:00
BRA_711250,Brasília,5300108,,São José,0.159,https://moovitapp.com/index/pt-br/transporte_p%C3%BAblico-line-0_159-Brasilia-1702-851943-375523-0,-1.0,-15.827951,-48.145334,,,,1,2023-06-17T14:17:52+00:00
BRA_77534,Brasília,5300108,,Urbi,393.4,https://moovitapp.com/index/pt-br/transporte_p%C3%BAblico-line-393_4-Brasilia-1702-851595-588816-0,-1.0,-15.885612,-48.020771,,,,1,2023-06-16T14:04:06+00:00
BRA_710873,Brasília,5300108,,São José,0.404,https://moovitapp.com/index/pt-br/transporte_p%C3%BAblico-line-0_404-Brasilia-1702-851943-783025-0,-1.0,-15.809881,-47.950616,,,,1,2023-06-17T16:37:10+00:00
BRA_500054,Brasília,5300108,,São José,0.406,https://moovitapp.com/index/pt-br/transporte_p%C3%BAblico-line-0_406-Brasilia-1702-851943-717430-0,-1.0,-15.682534,-48.197061,,,,1,2023-06-17T16:22:32+00:00
BRA_500135,Brasília,5300108,,São José,0.406,https://moovitapp.com/index/pt-br/transporte_p%C3%BAblico-line-0_406-Brasilia-1702-851943-717430-0,-1.0,-15.66076,-48.194804,,,,1,2023-06-17T16:38:02+00:00
BRA_500089,Brasília,5300108,,São José,0.401,https://moovitapp.com/index/pt-br/transporte_p%C3%BAblico-line-0_401-Brasilia-1702-851943-788976-0,-1.0,-15.842659,-48.0479,,,,1,2023-06-17T11:07:30+00:00
BRA_500321,Brasília,5300108,,São José,0.402,https://moovitapp.com/index/pt-br/transporte_p%C3%BAblico-line-0_402-Brasilia-1702-851943-781335-0,-1.0,-15.820893,-48.110957,,,,1,2023-06-17T16:38:24+00:00
BRA_500020,Brasília,5300108,,São José,0.402,https://moovitapp.com/index/pt-br/transporte_p%C3%BAblico-line-0_402-Brasilia-1702-851943-781335-0,-1.0,-15.820038,-48.121168,,,,1,2023-06-17T16:37:18+00:00
BRA_500267,Brasília,5300108,,São José,0.402,https://moovitapp.com/index/pt-br/transporte_p%C3%BAblico-line-0_402-Brasilia-1702-851943-781335-0,-1.0,-15.733137,-48.167694,,,,1,2023-06-17T16:38:30+00:00
BRA_76651,Brasília,5300108,,São José,928.1,https://moovitapp.com/index/pt-br/transporte_p%C3%BAblico-line-928_1-Brasilia-1702-851943-707067-0,-1.0,-15.808074,-48.156879,,,,1,2023-06-17T16:38:14+00:00
BRA_75841,Brasília,5300108,,São José,928.1,https://moovitapp.com/index/pt-br/transporte_p%C3%BAblico-line-928_1-Brasilia-1702-851943-707067-0,-1.0,-15.813584,-48.152035,,,,1,2023-06-17T16:38:36+00:00
BRA_79707,Brasília,5300108,,São José,333.8,https://moovitapp.com/index/pt-br/transporte_p%C3%BAblico-line-333_8-Brasilia-1702-851943-376187-0,-1.0,-15.834503,-48.08215,,,,1,2023-06-17T16:37:56+00:00
BRA_711217,Brasília,5300108,,São José,158.6,https://moovitapp.com/index/pt-br/transporte_p%C3%BAblico-line-158_6-Brasilia-1702-851943-427161-0,-1.0,-15.780344,-47.994905,,,,2,2023-06-17T16:37:52+00:00
BRA_77071,Brasília,5300108,,Urbi,084.1,https://moovitapp.com/index/pt-br/transporte_p%C3%BAblico-line-084_1-Brasilia-1702-851595-466292-0,-1.0,-15.870167,-47.966136,,,,2,2023-06-17T16:38:12+00:00
BRA_77089,Brasília,5300108,,Urbi,086.1,https://moovitapp.com/index/pt-br/transporte_p%C3%BAblico-line-086_1-Brasilia-1702-851595-481321-0,-1.0,-15.869443,-47.971254,,,,2,2023-06-17T16:38:18+00:00
BRA_77445,Brasília,5300108,,Urbi,086.1,https://moovitapp.com/index/pt-br/transporte_p%C3%BAblico-line-086_1-Brasilia-1702-851595-481321-0,-1.0,-15.878433,-48.0114,,,,1,2023-06-17T16:38:36+00:00
BRA_711292,Brasília,5300108,,São José,0.092,https://moovitapp.com/index/pt-br/transporte_p%C3%BAblico-line-0_092-Brasilia-1702-851943-496589-0,-1.0,-15.842458,-47.982691,,,,2,2023-06-17T16:38:18+00:00
BRA_77852,Brasília,5300108,,São José,963.1,https://moovitapp.com/index/pt-br/transporte_p%C3%BAblico-line-963_1-Brasilia-1702-851943-669629-0,-1.0,-15.795314,-48.110226,,,,2,2023-06-17T15:36:50+00:00
BRA_75973,Brasília,5300108,,São José,928.3,https://moovitapp.com/index/pt-br/transporte_p%C3%BAblico-line-928_3-Brasilia-1702-851943-707068-0,-1.0,-15.811707,-48.068118,,,,2,2023-06-17T16:37:52+00:00
BRA_117757,Brasília,5300108,,Piracicabana,158.1,https://moovitapp.com/index/pt-br/transporte_p%C3%BAblico-line-158_1-Brasilia-1702-850942-775094-0,-1.0,-15.83692,-47.93344,,,,1,2023-06-15T18:26:38+00:00
BRA_120529,Brasília,5300108,,Piracicabana,107.1,https://moovitapp.com/index/pt-br/transporte_p%C3%BAblico-line-107_1-Brasilia-1702-850942-242434-0,-1.0,-15.61264,-47.64064,,,,1,2023-06-16T03:20:09+00:00
BRA_119652,Brasília,5300108,,Piracicabana,501.7,https://moovitapp.com/index/pt-br/transporte_p%C3%BAblico-line-501_7-Brasilia-1702-850942-519379-0,-1.0,-15.83578,-47.93201,,,,1,2023-06-16T15:45:21+00:00
BRA_118320,Brasília,5300108,,Piracicabana,158.1,https://moovitapp.com/index/pt-br/transporte_p%C3%BAblico-line-158_1-Brasilia-1702-850942-775094-0,-1.0,-15.79475,-47.88422,,,,,2023-06-17T09:14:09+00:00
BRA_119547,Brasília,5300108,,Piracicabana,062.6,https://moovitapp.com/index/pt-br/transporte_p%C3%BAblico-line-062_6-Brasilia-1702-850942-339289-0,-1.0,-15.64324,-47.80139,,,,,2023-06-17T13:27:16+00:00
BRA_118991,Brasília,5300108,,Piracicabana,0.143,https://moovitapp.com/index/pt-br/transporte_p%C3%BAblico-line-0_143-Brasilia-1702-850942-470747-0,-1.0,-15.76053,-47.93319,,,,,2023-06-17T14:56:37+00:00
BRA_119351,Brasília,5300108,,Piracicabana,512.1,https://moovitapp.com/index/pt-br/transporte_p%C3%BAblico-line-512_1-Brasilia-1702-850942-474401-0,-1.0,-15.68347,-47.84188,,,,,2023-06-17T14:57:56+00:00
BRA_119555,Brasília,5300108,,Piracicabana,501.2,https://moovitapp.com/index/pt-br/transporte_p%C3%BAblico-line-501_2-Brasilia-1702-850942-786258-0,-1.0,-15.6537,-47.80463,,,,,2023-06-17T15:39:45+00:00
BRA_119814,Brasília,5300108,,Piracicabana,0.611,https://moovitapp.com/index/pt-br/transporte_p%C3%BAblico-line-0_611-Brasilia-1702-850942-25771159-0,-1.0,-15.65693,-47.60654,,,,,2023-06-17T15:44:24+00:00
BRA_120278,Brasília,5300108,,Piracicabana,600.7,https://moovitapp.com/index/pt-br/transporte_p%C3%BAblico-line-600_7-Brasilia-1702-850942-698442-0,-1.0,-15.78459,-47.88124,,,,,2023-06-17T15:55:58+00:00
BRA_119415,Brasília,5300108,,Piracicabana,501.3,https://moovitapp.com/index/pt-br/transporte_p%C3%BAblico-line-501_3-Brasilia-1702-850942-242472-0,-1.0,-15.71261,-47.89794,,,,,2023-06-17T16:08:20+00:00
BRA_119318,Brasília,5300108,,Piracicabana,501.4,https://moovitapp.com/index/pt-br/transporte_p%C3%BAblico-line-501_4-Brasilia-1702-850942-775096-0,-1.0,-15.69527,-47.87305,,,,,2023-06-17T16:14:00+00:00
BRA_119270,Brasília,5300108,,Piracicabana,501.7,https://moovitapp.com/index/pt-br/transporte_p%C3%BAblico-line-501_7-Brasilia-1702-850942-519379-0,-1.0,-15.64982,-47.78426,,,,,2023-06-17T16:17:08+00:00
BRA_118311,Brasília,5300108,,Piracicabana,0.151,https://moovitapp.com/index/pt-br/transporte_p%C3%BAblico-line-0_151-Brasilia-1702-850942-775087-0,-1.0,-15.80009,-47.94575,,,,,2023-06-17T16:21:47+00:00
BRA_118711,Brasília,5300108,,Piracicabana,156.6,https://moovitapp.com/index/pt-br/transporte_p%C3%BAblico-line-156_6-Brasilia-1702-850942-516629-0,-1.0,-15.75735,-47.89315,,,,1,2023-06-17T16:23:15+00:00
BRA_119431,Brasília,5300108,,Piracicabana,511.4,https://moovitapp.com/index/pt-br/transporte_p%C3%BAblico-line-511_4-Brasilia-1702-850942-770030-0,-1.0,-15.75272,-47.78012,,,,,2023-06-17T16:26:36+00:00
BRA_116149,Brasília,5300108,,,628.2,,,-15.89547,-47.41516,,,,,2023-06-17T16:28:27+00:00
BRA_120715,Brasília,5300108,,Piracicabana,610.3,https://moovitapp.com/index/pt-br/transporte_p%C3%BAblico-line-610_3-Brasilia-1702-850942-138552889-0,-1.0,-15.80005,-47.54387,,,,,2023-06-17T16:28:35+00:00
BRA_117765,Brasília,5300108,,Piracicabana,501.3,https://moovitapp.com/index/pt-br/transporte_p%C3%BAblico-line-501_3-Brasilia-1702-850942-242472-0,-1.0,-15.64375,-47.81445,,,,1,2023-06-17T16:28:45+00:00
BRA_121070,Brasília,5300108,,Piracicabana,640.2,https://moovitapp.com/index/pt-br/transporte_p%C3%BAblico-line-640_2-Brasilia-1702-850942-697957-0,-1.0,-15.61824,-47.65432,,,,,2023-06-17T16:30:33+00:00
BRA_120057,Brasília,5300108,,Piracicabana,158.1,https://moovitapp.com/index/pt-br/transporte_p%C3%BAblico-line-158_1-Brasilia-1702-850942-775094-0,-1.0,-15.79338,-47.88228,,,,1,2023-06-17T16:31:02+00:00
BRA_119504,Brasília,5300108,,Piracicabana,062.7,https://moovitapp.com/index/pt-br/transporte_p%C3%BAblico-line-062_7-Brasilia-1702-850942-494154-0,-1.0,-15.63892,-47.82265,,,,1,2023-06-17T16:31:38+00:00
BRA_119571,Brasília,5300108,,Piracicabana,505.5,https://moovitapp.com/index/pt-br/transporte_p%C3%BAblico-line-505_5-Brasilia-1702-850942-651521-0,-1.0,-15.65049,-47.78596,,,,1,2023-06-17T16:31:43+00:00
BRA_117901,Brasília,5300108,,Piracicabana,501.3,https://moovitapp.com/index/pt-br/transporte_p%C3%BAblico-line-501_3-Brasilia-1702-850942-242472-0,-1.0,-15.78513,-47.88137,,,,,2023-06-17T16:32:07+00:00
BRA_119989,Brasília,5300108,,Piracicabana,620.1,https://moovitapp.com/index/pt-br/transporte_p%C3%BAblico-line-620_1-Brasilia-1702-850942-697955-0,-1.0,-15.71365,-47.89842,,,,,2023-06-17T16:32:37+00:00
BRA_117871,Brasília,5300108,,Piracicabana,501.3,https://moovitapp.com/index/pt-br/transporte_p%C3%BAblico-line-501_3-Brasilia-1702-850942-242472-0,-1.0,-15.66325,-47.84304,,,,,2023-06-17T16:32:57+00:00
BRA_119041,Brasília,5300108,,Piracicabana,601.1,https://moovitapp.com/index/pt-br/transporte_p%C3%BAblico-line-601_1-Brasilia-1702-850942-322377-0,-1.0,-15.60382,-47.6534,,,,,2023-06-17T16:34:31+00:00
BRA_120324,Brasília,5300108,,Piracicabana,136.9,https://moovitapp.com/index/pt-br/transporte_p%C3%BAblico-line-136_9-Brasilia-1702-850942-773702-0,-1.0,-15.83568,-47.93249,,,,1,2023-06-17T16:34:32+00:00
BRA_120669,Brasília,5300108,,Piracicabana,066.6,https://moovitapp.com/index/pt-br/transporte_p%C3%BAblico-line-066_6-Brasilia-1702-850942-770027-0,-1.0,-15.61882,-47.65382,,,,1,2023-06-17T16:34:37+00:00
BRA_119687,Brasília,5300108,,Piracicabana,512.1,https://moovitapp.com/index/pt-br/transporte_p%C3%BAblico-line-512_1-Brasilia-1702-850942-474401-0,-1.0,-15.6934,-47.87018,,,,,2023-06-17T16:34:48+00:00
BRA_120332,Brasília,5300108,,Piracicabana,103.2,https://moovitapp.com/index/pt-br/transporte_p%C3%BAblico-line-103_2-Brasilia-1702-850942-474397-0,-1.0,-15.79379,-47.88168,,,,1,2023-06-17T16:34:55+00:00
BRA_119202,Brasília,5300108,,Piracicabana,0.509,https://moovitapp.com/index/pt-br/transporte_p%C3%BAblico-line-0_509-Brasilia-1702-850942-242397-0,-1.0,-15.70484,-47.88923,,,,,2023-06-17T16:36:10+00:00
BRA_120430,Brasília,5300108,,Piracicabana,0.116,https://moovitapp.com/index/pt-br/transporte_p%C3%BAblico-line-0_116-Brasilia-1702-850942-242381-0,-1.0,-15.79325,-47.88208,,,,,2023-06-17T16:36:44+00:00
BRA_119971,Brasília,5300108,,Piracicabana,600.7,https://moovitapp.com/index/pt-br/transporte_p%C3%BAblico-line-600_7-Brasilia-1702-850942-698442-0,-1.0,-15.74713,-47.88969,,,,1,2023-06-17T16:37:07+00:00
BRA_119890,Brasília,5300108,,Piracicabana,0.143,https://moovitapp.com/index/pt-br/transporte_p%C3%BAblico-line-0_143-Brasilia-1702-850942-470747-0,-1.0,-15.79367,-47.88313,,,,1,2023-06-17T16:37:22+00:00
BRA_120839,Brasília,5300108,,Piracicabana,099.1,https://moovitapp.com/index/pt-br/transporte_p%C3%BAblico-line-099_1-Brasilia-1702-850942-775090-0,-1.0,-15.79545,-47.93389,,,,1,2023-06-17T16:37:22+00:00
BRA_118362,Brasília,5300108,,Piracicabana,107.1,https://moovitapp.com/index/pt-br/transporte_p%C3%BAblico-line-107_1-Brasilia-1702-850942-242434-0,-1.0,-15.79347,-47.88281,,,,1,2023-06-17T16:37:34+00:00
BRA_120782,Brasília,5300108,,Piracicabana,110.2,https://moovitapp.com/index/pt-br/transporte_p%C3%BAblico-line-110_2-Brasilia-1702-850942-339295-0,-1.0,-15.79384,-47.88189,,,,1,2023-06-17T16:37:40+00:00
BRA_119059,Brasília,5300108,,Piracicabana,0.103,https://moovitapp.com/index/pt-br/transporte_p%C3%BAblico-line-0_103-Brasilia-1702-850942-335705-0,-1.0,-15.82475,-47.92316,,,,,2023-06-17T16:37:43+00:00
BRA_119881,Brasília,5300108,,Piracicabana,136.6,https://moovitapp.com/index/pt-br/transporte_p%C3%BAblico-line-136_6-Brasilia-1702-850942-773700-0,-1.0,-15.80015,-47.89335,,,,,2023-06-17T16:37:44+00:00
BRA_120766,Brasília,5300108,,Piracicabana,128.1,https://moovitapp.com/index/pt-br/transporte_p%C3%BAblico-line-128_1-Brasilia-1702-850942-53234107-0,-1.0,-15.75224,-47.92484,,,,,2023-06-17T16:37:45+00:00
BRA_118826,Brasília,5300108,,Piracicabana,105.2,https://moovitapp.com/index/pt-br/transporte_p%C3%BAblico-line-105_2-Brasilia-1702-850942-12015265-0,-1.0,-15.78953,-47.87326,,,,,2023-06-17T16:37:46+00:00
BRA_118664,Brasília,5300108,,Piracicabana,067.3,https://moovitapp.com/index/pt-br/transporte_p%C3%BAblico-line-067_3-Brasilia-1702-850942-339294-0,-1.0,-15.66106,-47.64781,,,,,2023-06-17T16:37:47+00:00
BRA_118532,Brasília,5300108,,Piracicabana,0.104,https://moovitapp.com/index/pt-br/transporte_p%C3%BAblico-line-0_104-Brasilia-1702-850942-242376-0,-1.0,-15.79509,-47.85379,,,,,2023-06-17T16:37:47+00:00
BRA_119873,Brasília,5300108,,Piracicabana,064.1,https://moovitapp.com/index/pt-br/transporte_p%C3%BAblico-line-064_1-Brasilia-1702-850942-339292-0,-1.0,-15.64324,-47.63392,,,,,2023-06-17T16:37:47+00:00
BRA_120197,Brasília,5300108,,Piracicabana,616.8,https://moovitapp.com/index/pt-br/transporte_p%C3%BAblico-line-616_8-Brasilia-1702-850942-128977718-0,-1.0,-15.64971,-47.67179,,,,,2023-06-17T16:37:47+00:00
BRA_120251,Brasília,5300108,,Piracicabana,116.2,https://moovitapp.com/index/pt-br/transporte_p%C3%BAblico-line-116_2-Brasilia-1702-850942-60842780-0,-1.0,-15.76631,-47.91285,,,,,2023-06-17T16:37:48+00:00
BRA_119032,Brasília,5300108,,Piracicabana,116.2,https://moovitapp.com/index/pt-br/transporte_p%C3%BAblico-line-116_2-Brasilia-1702-850942-60842780-0,-1.0,-15.77031,-47.91087,,,,,2023-06-17T16:37:48+00:00
BRA_120308,Brasília,5300108,,Piracicabana,640.2,https://moovitapp.com/index/pt-br/transporte_p%C3%BAblico-line-640_2-Brasilia-1702-850942-697957-0,-1.0,-15.81588,-47.91067,,,,,2023-06-17T16:37:49+00:00
BRA_120367,Brasília,5300108,,Piracicabana,640.2,https://moovitapp.com/index/pt-br/transporte_p%C3%BAblico-line-640_2-Brasilia-1702-850942-697957-0,-1.0,-15.68535,-47.84999,,,,,2023-06-17T16:37:49+00:00
BRA_120081,Brasília,5300108,,Piracicabana,620.1,https://moovitapp.com/index/pt-br/transporte_p%C3%BAblico-line-620_1-Brasilia-1702-850942-697955-0,-1.0,-15.64716,-47.7678,,,,,2023-06-17T16:37:49+00:00
BRA_120901,Brasília,5300108,,Piracicabana,0.169,https://moovitapp.com/index/pt-br/transporte_p%C3%BAblico-line-0_169-Brasilia-1702-850942-242393-0,-1.0,-15.78732,-47.93575,,,,,2023-06-17T16:37:50+00:00
BRA_121096,Brasília,5300108,,Piracicabana,616.8,https://moovitapp.com/index/pt-br/transporte_p%C3%BAblico-line-616_8-Brasilia-1702-850942-128977718-0,-1.0,-15.79189,-47.88147,,,,,2023-06-17T16:37:51+00:00
BRA_120588,Brasília,5300108,,Piracicabana,162.1,https://moovitapp.com/index/pt-br/transporte_p%C3%BAblico-line-162_1-Brasilia-1702-850942-762425-0,-1.0,-15.84491,-47.98067,,,,,2023-06-17T16:37:51+00:00
BRA_120600,Brasília,5300108,,Piracicabana,136.5,https://moovitapp.com/index/pt-br/transporte_p%C3%BAblico-line-136_5-Brasilia-1702-850942-516628-0,-1.0,-15.73798,-47.89932,,,,1,2023-06-17T16:37:51+00:00
BRA_120481,Brasília,5300108,,Piracicabana,0.504,https://moovitapp.com/index/pt-br/transporte_p%C3%BAblico-line-0_504-Brasilia-1702-850942-781321-0,-1.0,-15.61514,-47.64549,,,,,2023-06-17T16:37:51+00:00
BRA_117315,Brasília,5300108,,Piracicabana,158.1,https://moovitapp.com/index/pt-br/transporte_p%C3%BAblico-line-158_1-Brasilia-1702-850942-775094-0,-1.0,-15.80389,-47.95916,,,,,2023-06-17T16:37:52+00:00
BRA_120880,Brasília,5300108,,Piracicabana,106.2,https://moovitapp.com/index/pt-br/transporte_p%C3%BAblico-line-106_2-Brasilia-1702-850942-242433-0,-1.0,-15.77112,-47.88864,,,,,2023-06-17T16:37:52+00:00
BRA_119261,Brasília,5300108,,Piracicabana,0.517,https://moovitapp.com/index/pt-br/transporte_p%C3%BAblico-line-0_517-Brasilia-1702-850942-242400-0,-1.0,-15.68886,-47.85844,,,,,2023-06-17T16:37:52+00:00
BRA_118249,Brasília,5300108,,Piracicabana,152.1,https://moovitapp.com/index/pt-br/transporte_p%C3%BAblico-line-152_1-Brasilia-1702-850942-542827-0,-1.0,-15.79372,-47.94371,,,,,2023-06-17T16:37:53+00:00
BRA_118141,Brasília,5300108,,Piracicabana,0.649,https://moovitapp.com/index/pt-br/transporte_p%C3%BAblico-line-0_649-Brasilia-1702-850942-771758-0,-1.0,-15.52845,-47.64553,,,,,2023-06-17T16:37:53+00:00
BRA_118265,Brasília,5300108,,Piracicabana,136.9,https://moovitapp.com/index/pt-br/transporte_p%C3%BAblico-line-136_9-Brasilia-1702-850942-773702-0,-1.0,-15.80633,-47.8905,,,,,2023-06-17T16:37:54+00:00
BRA_119083,Brasília,5300108,,Piracicabana,062.5,https://moovitapp.com/index/pt-br/transporte_p%C3%BAblico-line-062_5-Brasilia-1702-850942-339835-0,-1.0,-15.66409,-47.82392,,,,,2023-06-17T16:37:54+00:00
BRA_120235,Brasília,5300108,,Piracicabana,640.2,https://moovitapp.com/index/pt-br/transporte_p%C3%BAblico-line-640_2-Brasilia-1702-850942-697957-0,-1.0,-15.6132,-47.70283,,,,,2023-06-17T16:37:55+00:00
BRA_119857,Brasília,5300108,,Piracicabana,620.1,https://moovitapp.com/index/pt-br/transporte_p%C3%BAblico-line-620_1-Brasilia-1702-850942-697955-0,-1.0,-15.75839,-47.88614,,,,,2023-06-17T16:37:55+00:00
BRA_118222,Brasília,5300108,,Piracicabana,152.5,https://moovitapp.com/index/pt-br/transporte_p%C3%BAblico-line-152_5-Brasilia-1702-850942-542828-0,-1.0,-15.789,-47.93947,,,,,2023-06-17T16:37:55+00:00
BRA_120618,Brasília,5300108,,Piracicabana,600.7,https://moovitapp.com/index/pt-br/transporte_p%C3%BAblico-line-600_7-Brasilia-1702-850942-698442-0,-1.0,-15.78945,-47.88062,,,,,2023-06-17T16:37:56+00:00
BRA_118940,Brasília,5300108,,Piracicabana,0.116,https://moovitapp.com/index/pt-br/transporte_p%C3%BAblico-line-0_116-Brasilia-1702-850942-242381-0,-1.0,-15.78071,-47.88741,,,,,2023-06-17T16:37:56+00:00
BRA_118877,Brasília,5300108,,Piracicabana,105.2,https://moovitapp.com/index/pt-br/transporte_p%C3%BAblico-line-105_2-Brasilia-1702-850942-12015265-0,-1.0,-15.76345,-47.89134,,,,,2023-06-17T16:37:56+00:00
BRA_118800,Brasília,5300108,,Piracicabana,066.4,https://moovitapp.com/index/pt-br/transporte_p%C3%BAblico-line-066_4-Brasilia-1702-850942-763557-0,-1.0,-15.64133,-47.65092,,,,,2023-06-17T16:37:56+00:00
BRA_118346,Brasília,5300108,,Piracicabana,099.1,https://moovitapp.com/index/pt-br/transporte_p%C3%BAblico-line-099_1-Brasilia-1702-850942-775090-0,-1.0,-15.80729,-47.96581,,,,1,2023-06-17T16:37:57+00:00
BRA_118176,Brasília,5300108,,Piracicabana,504.1,https://moovitapp.com/index/pt-br/transporte_p%C3%BAblico-line-504_1-Brasilia-1702-850942-242476-0,-1.0,-15.60764,-47.69231,,,,,2023-06-17T16:37:57+00:00
BRA_118699,Brasília,5300108,,Piracicabana,153.2,https://moovitapp.com/index/pt-br/transporte_p%C3%BAblico-line-153_2-Brasilia-1702-850942-775093-0,-1.0,-15.81769,-47.937,,,,,2023-06-17T16:37:58+00:00
BRA_119580,Brasília,5300108,,Piracicabana,062.7,https://moovitapp.com/index/pt-br/transporte_p%C3%BAblico-line-062_7-Brasilia-1702-850942-494154-0,-1.0,-15.63428,-47.82422,,,,,2023-06-17T16:37:58+00:00
BRA_119521,Brasília,5300108,,Piracicabana,107.1,https://moovitapp.com/index/pt-br/transporte_p%C3%BAblico-line-107_1-Brasilia-1702-850942-242434-0,-1.0,-15.82125,-47.89533,,,,,2023-06-17T16:37:58+00:00
BRA_119717,Brasília,5300108,,Piracicabana,063.1,https://moovitapp.com/index/pt-br/transporte_p%C3%BAblico-line-063_1-Brasilia-1702-850942-339291-0,-1.0,-15.65045,-47.78587,,,,1,2023-06-17T16:37:59+00:00
BRA_118958,Brasília,5300108,,Piracicabana,601.1,https://moovitapp.com/index/pt-br/transporte_p%C3%BAblico-line-601_1-Brasilia-1702-850942-322377-0,-1.0,-15.62131,-47.63748,,,,,2023-06-17T16:37:59+00:00
BRA_119113,Brasília,5300108,,Piracicabana,519.2,https://moovitapp.com/index/pt-br/transporte_p%C3%BAblico-line-519_2-Brasilia-1702-850942-242483-0,-1.0,-15.7019,-47.88514,,,,,2023-06-17T16:37:59+00:00
BRA_120090,Brasília,5300108,,Piracicabana,600.7,https://moovitapp.com/index/pt-br/transporte_p%C3%BAblico-line-600_7-Brasilia-1702-850942-698442-0,-1.0,-15.8364,-47.93344,,,,1,2023-06-17T16:37:59+00:00
BRA_120499,Brasília,5300108,,Piracicabana,114.1,https://moovitapp.com/index/pt-br/transporte_p%C3%BAblico-line-114_1-Brasilia-1702-850942-781323-0,-1.0,-15.82619,-47.92505,,,,,2023-06-17T16:38:00+00:00
BRA_120693,Brasília,5300108,,Piracicabana,640.2,https://moovitapp.com/index/pt-br/transporte_p%C3%BAblico-line-640_2-Brasilia-1702-850942-697957-0,-1.0,-15.62117,-47.71662,,,,,2023-06-17T16:38:00+00:00
BRA_120758,Brasília,5300108,,Piracicabana,115.1,https://moovitapp.com/index/pt-br/transporte_p%C3%BAblico-line-115_1-Brasilia-1702-850942-242436-0,-1.0,-15.76324,-47.89129,,,,,2023-06-17T16:38:00+00:00
BRA_118001,Brasília,5300108,,Piracicabana,504.1,https://moovitapp.com/index/pt-br/transporte_p%C3%BAblico-line-504_1-Brasilia-1702-850942-242476-0,-1.0,-15.64601,-47.7713,,,,,2023-06-17T16:38:01+00:00
BRA_119636,Brasília,5300108,,Piracicabana,505.8,https://moovitapp.com/index/pt-br/transporte_p%C3%BAblico-line-505_8-Brasilia-1702-850942-339297-0,-1.0,-15.63948,-47.85027,,,,,2023-06-17T16:38:01+00:00
BRA_118770,Brasília,5300108,,Piracicabana,102.6,https://moovitapp.com/index/pt-br/transporte_p%C3%BAblico-line-102_6-Brasilia-1702-850942-775091-0,-1.0,-15.83138,-47.93083,,,,,2023-06-17T16:38:01+00:00
BRA_118206,Brasília,5300108,,Piracicabana,152.5,https://moovitapp.com/index/pt-br/transporte_p%C3%BAblico-line-152_5-Brasilia-1702-850942-542828-0,-1.0,-15.78483,-47.91228,,,,1,2023-06-17T16:38:01+00:00
BRA_120626,Brasília,5300108,,Piracicabana,099.1,https://moovitapp.com/index/pt-br/transporte_p%C3%BAblico-line-099_1-Brasilia-1702-850942-775090-0,-1.0,-15.83393,-48.01257,,,,,2023-06-17T16:38:01+00:00
BRA_120421,Brasília,5300108,,Piracicabana,0.110,https://moovitapp.com/index/pt-br/transporte_p%C3%BAblico-line-0_110-Brasilia-1702-850942-339284-0,-1.0,-15.78229,-47.87262,,,,,2023-06-17T16:38:01+00:00
BRA_120146,Brasília,5300108,,Piracicabana,0.509,https://moovitapp.com/index/pt-br/transporte_p%C3%BAblico-line-0_509-Brasilia-1702-850942-242397-0,-1.0,-15.6721,-47.81791,,,,,2023-06-17T16:38:01+00:00
BRA_120413,Brasília,5300108,,Piracicabana,064.1,https://moovitapp.com/index/pt-br/transporte_p%C3%BAblico-line-064_1-Brasilia-1702-850942-339292-0,-1.0,-15.60619,-47.65039,,,,,2023-06-17T16:38:02+00:00
BRA_120294,Brasília,5300108,,Piracicabana,153.2,https://moovitapp.com/index/pt-br/transporte_p%C3%BAblico-line-153_2-Brasilia-1702-850942-775093-0,-1.0,-15.82041,-47.90428,,,,,2023-06-17T16:38:02+00:00
BRA_118885,Brasília,5300108,,Piracicabana,128.1,https://moovitapp.com/index/pt-br/transporte_p%C3%BAblico-line-128_1-Brasilia-1702-850942-53234107-0,-1.0,-15.77951,-47.8876,,,,,2023-06-17T16:38:02+00:00
BRA_119644,Brasília,5300108,,Piracicabana,531.1,https://moovitapp.com/index/pt-br/transporte_p%C3%BAblico-line-531_1-Brasilia-1702-850942-476289-0,-1.0,-15.63687,-47.85294,,,,,2023-06-17T16:38:02+00:00
BRA_118150,Brasília,5300108,,Piracicabana,600.7,https://moovitapp.com/index/pt-br/transporte_p%C3%BAblico-line-600_7-Brasilia-1702-850942-698442-0,-1.0,-15.60545,-47.68836,,,,,2023-06-17T16:38:02+00:00
BRA_119121,Brasília,5300108,,Piracicabana,501.3,https://moovitapp.com/index/pt-br/transporte_p%C3%BAblico-line-501_3-Brasilia-1702-850942-242472-0,-1.0,-15.63461,-47.82345,,,,,2023-06-17T16:38:03+00:00
BRA_119865,Brasília,5300108,,Piracicabana,067.3,https://moovitapp.com/index/pt-br/transporte_p%C3%BAblico-line-067_3-Brasilia-1702-850942-339294-0,-1.0,-15.64372,-47.65079,,,,,2023-06-17T16:38:03+00:00
BRA_121053,Brasília,5300108,,Piracicabana,153.2,https://moovitapp.com/index/pt-br/transporte_p%C3%BAblico-line-153_2-Brasilia-1702-850942-775093-0,-1.0,-15.84484,-47.98084,,,,,2023-06-17T16:38:03+00:00
BRA_120120,Brasília,5300108,,Piracicabana,640.2,https://moovitapp.com/index/pt-br/transporte_p%C3%BAblico-line-640_2-Brasilia-1702-850942-697957-0,-1.0,-15.76606,-47.88997,,,,1,2023-06-17T16:38:04+00:00
BRA_120456,Brasília,5300108,,Piracicabana,0.116,https://moovitapp.com/index/pt-br/transporte_p%C3%BAblico-line-0_116-Brasilia-1702-850942-242381-0,-1.0,-15.74112,-47.89798,,,,,2023-06-17T16:38:04+00:00
BRA_118508,Brasília,5300108,,Piracicabana,114.1,https://moovitapp.com/index/pt-br/transporte_p%C3%BAblico-line-114_1-Brasilia-1702-850942-781323-0,-1.0,-15.82702,-47.90369,,,,,2023-06-17T16:38:04+00:00
BRA_119237,Brasília,5300108,,Piracicabana,062.7,https://moovitapp.com/index/pt-br/transporte_p%C3%BAblico-line-062_7-Brasilia-1702-850942-494154-0,-1.0,-15.66387,-47.80493,,,,1,2023-06-17T16:38:04+00:00
BRA_119563,Brasília,5300108,,Piracicabana,505.3,https://moovitapp.com/index/pt-br/transporte_p%C3%BAblico-line-505_3-Brasilia-1702-850942-352626-0,-1.0,-15.64402,-47.81102,,,,,2023-06-17T16:38:04+00:00
BRA_118354,Brasília,5300108,,Piracicabana,066.2,https://moovitapp.com/index/pt-br/transporte_p%C3%BAblico-line-066_2-Brasilia-1702-850942-339293-0,-1.0,-15.60054,-47.68456,,,,,2023-06-17T16:38:06+00:00
BRA_118478,Brasília,5300108,,Piracicabana,0.143,https://moovitapp.com/index/pt-br/transporte_p%C3%BAblico-line-0_143-Brasilia-1702-850942-470747-0,-1.0,-15.76974,-47.91156,,,,,2023-06-17T16:38:07+00:00
BRA_118524,Brasília,5300108,,Piracicabana,066.4,https://moovitapp.com/index/pt-br/transporte_p%C3%BAblico-line-066_4-Brasilia-1702-850942-763557-0,-1.0,-15.6216,-47.67267,,,,,2023-06-17T16:38:08+00:00
BRA_119679,Brasília,5300108,,Piracicabana,501.7,https://moovitapp.com/index/pt-br/transporte_p%C3%BAblico-line-501_7-Brasilia-1702-850942-519379-0,-1.0,-15.83403,-47.93201,,,,,2023-06-17T16:38:08+00:00
BRA_119784,Brasília,5300108,,Piracicabana,504.1,https://moovitapp.com/index/pt-br/transporte_p%C3%BAblico-line-504_1-Brasilia-1702-850942-242476-0,-1.0,-15.61878,-47.65424,,,,,2023-06-17T16:38:08+00:00
BRA_120545,Brasília,5300108,,Piracicabana,066.2,https://moovitapp.com/index/pt-br/transporte_p%C3%BAblico-line-066_2-Brasilia-1702-850942-339293-0,-1.0,-15.62129,-47.65611,,,,,2023-06-17T16:38:09+00:00
BRA_121088,Brasília,5300108,,Piracicabana,601.3,https://moovitapp.com/index/pt-br/transporte_p%C3%BAblico-line-601_3-Brasilia-1702-850942-339836-0,-1.0,-15.61095,-47.65814,,,,,2023-06-17T16:38:09+00:00
BRA_119768,Brasília,5300108,,Piracicabana,066.6,https://moovitapp.com/index/pt-br/transporte_p%C3%BAblico-line-066_6-Brasilia-1702-850942-770027-0,-1.0,-15.62496,-47.6435,,,,,2023-06-17T16:38:09+00:00
BRA_119024,Brasília,5300108,,Piracicabana,158.1,https://moovitapp.com/index/pt-br/transporte_p%C3%BAblico-line-158_1-Brasilia-1702-850942-775094-0,-1.0,-15.80231,-47.97139,,,,,2023-06-17T16:38:10+00:00
BRA_118435,Brasília,5300108,,Piracicabana,640.2,https://moovitapp.com/index/pt-br/transporte_p%C3%BAblico-line-640_2-Brasilia-1702-850942-697957-0,-1.0,-15.69481,-47.87218,,,,,2023-06-17T16:38:10+00:00
BRA_120723,Brasília,5300108,,Piracicabana,616.8,https://moovitapp.com/index/pt-br/transporte_p%C3%BAblico-line-616_8-Brasilia-1702-850942-128977718-0,-1.0,-15.64884,-47.66818,,,,,2023-06-17T16:38:10+00:00
BRA_120561,Brasília,5300108,,Piracicabana,601.2,https://moovitapp.com/index/pt-br/transporte_p%C3%BAblico-line-601_2-Brasilia-1702-850942-322378-0,-1.0,-15.60223,-47.64977,,,,,2023-06-17T16:38:10+00:00
BRA_120227,Brasília,5300108,,Piracicabana,156.6,https://moovitapp.com/index/pt-br/transporte_p%C3%BAblico-line-156_6-Brasilia-1702-850942-516629-0,-1.0,-15.80561,-47.92554,,,,,2023-06-17T16:38:11+00:00
BRA_120189,Brasília,5300108,,Piracicabana,601.5,https://moovitapp.com/index/pt-br/transporte_p%C3%BAblico-line-601_5-Brasilia-1702-850942-697953-0,-1.0,-15.61511,-47.65657,,,,,2023-06-17T16:38:11+00:00
BRA_120596,Brasília,5300108,,Piracicabana,600.7,https://moovitapp.com/index/pt-br/transporte_p%C3%BAblico-line-600_7-Brasilia-1702-850942-698442-0,-1.0,-15.66151,-47.79825,,,,,2023-06-17T16:38:11+00:00
BRA_121011,Brasília,5300108,,Piracicabana,519.2,https://moovitapp.com/index/pt-br/transporte_p%C3%BAblico-line-519_2-Brasilia-1702-850942-242483-0,-1.0,-15.72871,-47.8951,,,,,2023-06-17T16:38:11+00:00
BRA_118460,Brasília,5300108,,Piracicabana,066.5,https://moovitapp.com/index/pt-br/transporte_p%C3%BAblico-line-066_5-Brasilia-1702-850942-770026-0,-1.0,-15.6399,-47.64444,,,,,2023-06-17T16:38:11+00:00
BRA_118974,Brasília,5300108,,Piracicabana,604.2,https://moovitapp.com/index/pt-br/transporte_p%C3%BAblico-line-604_2-Brasilia-1702-850942-242494-0,-1.0,-15.65457,-47.78259,,,,,2023-06-17T16:38:11+00:00
BRA_120740,Brasília,5300108,,Piracicabana,0.504,https://moovitapp.com/index/pt-br/transporte_p%C3%BAblico-line-0_504-Brasilia-1702-850942-781321-0,-1.0,-15.61139,-47.67207,,,,,2023-06-17T16:38:12+00:00
BRA_120774,Brasília,5300108,,Piracicabana,0.136,https://moovitapp.com/index/pt-br/transporte_p%C3%BAblico-line-0_136-Brasilia-1702-850942-719957-0,-1.0,-15.76811,-47.87572,,,,,2023-06-17T16:38:12+00:00
BRA_120952,Brasília,5300108,,Piracicabana,063.1,https://moovitapp.com/index/pt-br/transporte_p%C3%BAblico-line-063_1-Brasilia-1702-850942-339291-0,-1.0,-15.65116,-47.84082,,,,1,2023-06-17T16:38:13+00:00
BRA_121002,Brasília,5300108,,Piracicabana,600.7,https://moovitapp.com/index/pt-br/transporte_p%C3%BAblico-line-600_7-Brasilia-1702-850942-698442-0,-1.0,-15.64419,-47.76167,,,,,2023-06-17T16:38:13+00:00
BRA_120537,Brasília,5300108,,Piracicabana,152.5,https://moovitapp.com/index/pt-br/transporte_p%C3%BAblico-line-152_5-Brasilia-1702-850942-542828-0,-1.0,-15.79543,-47.93385,,,,,2023-06-17T16:38:13+00:00
BRA_117331,Brasília,5300108,,Piracicabana,099.1,https://moovitapp.com/index/pt-br/transporte_p%C3%BAblico-line-099_1-Brasilia-1702-850942-775090-0,-1.0,-15.81494,-48.00385,,,,,2023-06-17T16:38:13+00:00
BRA_119199,Brasília,5300108,,Piracicabana,501.3,https://moovitapp.com/index/pt-br/transporte_p%C3%BAblico-line-501_3-Brasilia-1702-850942-242472-0,-1.0,-15.73635,-47.89147,,,,,2023-06-17T16:38:14+00:00
BRA_118443,Brasília,5300108,,Piracicabana,158.1,https://moovitapp.com/index/pt-br/transporte_p%C3%BAblico-line-158_1-Brasilia-1702-850942-775094-0,-1.0,-15.8108,-47.90276,,,,,2023-06-17T16:38:14+00:00
BRA_119997,Brasília,5300108,,Piracicabana,620.1,https://moovitapp.com/index/pt-br/transporte_p%C3%BAblico-line-620_1-Brasilia-1702-850942-697955-0,-1.0,-15.64466,-47.76173,,,,,2023-06-17T16:38:15+00:00
BRA_119903,Brasília,5300108,,Piracicabana,158.1,https://moovitapp.com/index/pt-br/transporte_p%C3%BAblico-line-158_1-Brasilia-1702-850942-775094-0,-1.0,-15.82475,-47.93413,,,,,2023-06-17T16:38:16+00:00
BRA_120341,Brasília,5300108,,Piracicabana,0.617,https://moovitapp.com/index/pt-br/transporte_p%C3%BAblico-line-0_617-Brasilia-1702-850942-242417-0,-1.0,-15.69711,-47.87664,,,,,2023-06-17T16:38:16+00:00
BRA_120871,Brasília,5300108,,Piracicabana,115.1,https://moovitapp.com/index/pt-br/transporte_p%C3%BAblico-line-115_1-Brasilia-1702-850942-242436-0,-1.0,-15.79404,-47.88206,,,,1,2023-06-17T16:38:16+00:00
BRA_120898,Brasília,5300108,,Piracicabana,106.2,https://moovitapp.com/index/pt-br/transporte_p%C3%BAblico-line-106_2-Brasilia-1702-850942-242433-0,-1.0,-15.82922,-47.90702,,,,,2023-06-17T16:38:16+00:00
BRA_119377,Brasília,5300108,,Piracicabana,0.517,https://moovitapp.com/index/pt-br/transporte_p%C3%BAblico-line-0_517-Brasilia-1702-850942-242400-0,-1.0,-15.7478,-47.89615,,,,,2023-06-17T16:38:16+00:00
BRA_120812,Brasília,5300108,,Piracicabana,0.150,https://moovitapp.com/index/pt-br/transporte_p%C3%BAblico-line-0_150-Brasilia-1702-850942-775086-0,-1.0,-15.78974,-47.94161,,,,,2023-06-17T16:38:18+00:00
BRA_119741,Brasília,5300108,,Piracicabana,505.8,https://moovitapp.com/index/pt-br/transporte_p%C3%BAblico-line-505_8-Brasilia-1702-850942-339297-0,-1.0,-15.64416,-47.81099,,,,,2023-06-17T16:38:19+00:00
BRA_119610,Brasília,5300108,,Piracicabana,0.515,https://moovitapp.com/index/pt-br/transporte_p%C3%BAblico-line-0_515-Brasilia-1702-850942-26501707-0,-1.0,-15.60495,-47.96895,,,,,2023-06-17T16:38:19+00:00
BRA_119482,Brasília,5300108,,Piracicabana,505.5,https://moovitapp.com/index/pt-br/transporte_p%C3%BAblico-line-505_5-Brasilia-1702-850942-651521-0,-1.0,-15.65287,-47.79994,,,,,2023-06-17T16:38:19+00:00
BRA_119229,Brasília,5300108,,Piracicabana,512.1,https://moovitapp.com/index/pt-br/transporte_p%C3%BAblico-line-512_1-Brasilia-1702-850942-474401-0,-1.0,-15.69129,-47.86507,,,,,2023-06-17T16:38:21+00:00
BRA_120651,Brasília,5300108,,Piracicabana,136.9,https://moovitapp.com/index/pt-br/transporte_p%C3%BAblico-line-136_9-Brasilia-1702-850942-773702-0,-1.0,-15.79317,-47.88171,,,,,2023-06-17T16:38:22+00:00
BRA_120995,Brasília,5300108,,Piracicabana,0.116,https://moovitapp.com/index/pt-br/transporte_p%C3%BAblico-line-0_116-Brasilia-1702-850942-242381-0,-1.0,-15.79341,-47.88226,,,,1,2023-06-17T16:38:22+00:00
BRA_119342,Brasília,5300108,,Piracicabana,512.1,https://moovitapp.com/index/pt-br/transporte_p%C3%BAblico-line-512_1-Brasilia-1702-850942-474401-0,-1.0,-15.64751,-47.80344,,,,,2023-06-17T16:38:23+00:00
BRA_118338,Brasília,5300108,,Piracicabana,136.7,https://moovitapp.com/index/pt-br/transporte_p%C3%BAblico-line-136_7-Brasilia-1702-850942-242451-0,-1.0,-15.8126,-47.88594,,,,,2023-06-17T16:38:24+00:00
BRA_119709,Brasília,5300108,,Piracicabana,601.2,https://moovitapp.com/index/pt-br/transporte_p%C3%BAblico-line-601_2-Brasilia-1702-850942-322378-0,-1.0,-15.61876,-47.65375,,,,1,2023-06-17T16:38:24+00:00
BRA_120162,Brasília,5300108,,Piracicabana,0.509,https://moovitapp.com/index/pt-br/transporte_p%C3%BAblico-line-0_509-Brasilia-1702-850942-242397-0,-1.0,-15.83641,-47.93267,,,,,2023-06-17T16:38:24+00:00
BRA_121100,Brasília,5300108,,Piracicabana,0.604,https://moovitapp.com/index/pt-br/transporte_p%C3%BAblico-line-0_604-Brasilia-1702-850942-242414-0,-1.0,-15.64523,-47.76293,,,,,2023-06-17T16:38:25+00:00
BRA_119164,Brasília,5300108,,Piracicabana,062.5,https://moovitapp.com/index/pt-br/transporte_p%C3%BAblico-line-062_5-Brasilia-1702-850942-339835-0,-1.0,-15.64773,-47.80215,,,,,2023-06-17T16:38:25+00:00
BRA_119750,Brasília,5300108,,Piracicabana,062.6,https://moovitapp.com/index/pt-br/transporte_p%C3%BAblico-line-062_6-Brasilia-1702-850942-339289-0,-1.0,-15.64518,-47.78707,,,,,2023-06-17T16:38:26+00:00
BRA_120979,Brasília,5300108,,Piracicabana,600.7,https://moovitapp.com/index/pt-br/transporte_p%C3%BAblico-line-600_7-Brasilia-1702-850942-698442-0,-1.0,-15.68018,-47.83457,,,,,2023-06-17T16:38:26+00:00
BRA_120065,Brasília,5300108,,Piracicabana,162.1,https://moovitapp.com/index/pt-br/transporte_p%C3%BAblico-line-162_1-Brasilia-1702-850942-762425-0,-1.0,-15.81197,-47.90523,,,,,2023-06-17T16:38:26+00:00
BRA_119725,Brasília,5300108,,Piracicabana,620.1,https://moovitapp.com/index/pt-br/transporte_p%C3%BAblico-line-620_1-Brasilia-1702-850942-697955-0,-1.0,-15.61266,-47.65492,,,,,2023-06-17T16:38:27+00:00
BRA_118648,Brasília,5300108,,Piracicabana,600.7,https://moovitapp.com/index/pt-br/transporte_p%C3%BAblico-line-600_7-Brasilia-1702-850942-698442-0,-1.0,-15.61844,-47.65424,,,,,2023-06-17T16:38:27+00:00
BRA_119491,Brasília,5300108,,Piracicabana,063.1,https://moovitapp.com/index/pt-br/transporte_p%C3%BAblico-line-063_1-Brasilia-1702-850942-339291-0,-1.0,-15.64911,-47.79573,,,,,2023-06-17T16:38:28+00:00
BRA_120219,Brasília,5300108,,Piracicabana,0.114,https://moovitapp.com/index/pt-br/transporte_p%C3%BAblico-line-0_114-Brasilia-1702-850942-242379-0,-1.0,-15.79377,-47.88293,,,,1,2023-06-17T16:38:36+00:00
BRA_120987,Brasília,5300108,,Piracicabana,620.1,https://moovitapp.com/index/pt-br/transporte_p%C3%BAblico-line-620_1-Brasilia-1702-850942-697955-0,-1.0,-15.79389,-47.88175,,,,1,2023-06-17T16:38:38+00:00
BRA_118575,Brasília,5300108,,Piracicabana,115.1,https://moovitapp.com/index/pt-br/transporte_p%C3%BAblico-line-115_1-Brasilia-1702-850942-242436-0,-1.0,-15.73465,-47.89793,,,,1,2023-06-17T16:38:39+00:00
