bus_id,city,city_code,adapted,agency,line_code,line_url,line_fare,latitude,longitude,bus_speed,is_eletric,bus_type,bus_direction,updated_at
BRA_336874,Brasília,5300108,,Urbi,813.1,https://moovitapp.com/index/pt-br/transporte_p%C3%BAblico-line-813_1-Brasilia-1702-851595-242635-0,-1.0,-15.93322,-48.10888,0.0,,,1,2023-06-15T21:05:47+00:00
BRA_335371,Brasília,5300108,,Urbi,0.392,https://moovitapp.com/index/pt-br/transporte_p%C3%BAblico-line-0_392-Brasilia-1702-851595-334075-0,-1.0,-15.73591,-47.90733,0.56,,,2,2023-06-15T21:08:15+00:00
BRA_336220,Brasília,5300108,,Urbi,0.394,https://moovitapp.com/index/pt-br/transporte_p%C3%BAblico-line-0_394-Brasilia-1702-851595-334076-0,-1.0,-15.80204,-47.91994,13.89,,,2,2023-06-15T21:09:23+00:00
BRA_335819,Brasília,5300108,,Urbi,396.2,https://moovitapp.com/index/pt-br/transporte_p%C3%BAblico-line-396_2-Brasilia-1702-851595-372377-0,-1.0,-15.73639,-47.90767,0.0,,,2,2023-06-15T21:11:53+00:00
BRA_340634,Brasília,5300108,,Urbi,373.2,https://moovitapp.com/index/pt-br/transporte_p%C3%BAblico-line-373_2-Brasilia-1702-851595-334084-0,-1.0,-15.79749,-47.88441,9.44,,,2,2023-06-15T21:13:02+00:00
BRA_335355,Brasília,5300108,,Urbi,373.2,https://moovitapp.com/index/pt-br/transporte_p%C3%BAblico-line-373_2-Brasilia-1702-851595-334084-0,-1.0,-15.8711,-48.09093,0.56,,,1,2023-06-15T21:13:10+00:00
BRA_338168,Brasília,5300108,,Urbi,0.884,https://moovitapp.com/index/pt-br/transporte_p%C3%BAblico-line-0_884-Brasilia-1702-851595-322393-0,-1.0,-15.79846,-47.87169,8.89,,,2,2023-06-15T21:14:41+00:00
BRA_335401,Brasília,5300108,,Urbi,0.050,https://moovitapp.com/index/pt-br/transporte_p%C3%BAblico-line-0_050-Brasilia-1702-851595-781325-0,-1.0,-15.82581,-48.05982,2.22,,,1,2023-06-15T21:15:02+00:00
BRA_337111,Brasília,5300108,,Urbi,0.805,https://moovitapp.com/index/pt-br/transporte_p%C3%BAblico-line-0_805-Brasilia-1702-851595-460800-0,-1.0,-15.90326,-48.06199,0.0,,,1,2023-06-15T21:17:03+00:00
BRA_340464,Brasília,5300108,,Urbi,391.3,https://moovitapp.com/index/pt-br/transporte_p%C3%BAblico-line-391_3-Brasilia-1702-851595-372373-0,-1.0,-15.85892,-48.06771,8.06,,,2,2023-06-15T21:17:36+00:00
BRA_338559,Brasília,5300108,,Urbi,0.172,https://moovitapp.com/index/pt-br/transporte_p%C3%BAblico-line-0_172-Brasilia-1702-851595-470756-0,-1.0,-15.82922,-47.91879,14.17,,,2,2023-06-15T21:18:16+00:00
BRA_340731,Brasília,5300108,,Urbi,0.391,https://moovitapp.com/index/pt-br/transporte_p%C3%BAblico-line-0_391-Brasilia-1702-851595-372354-0,-1.0,-15.85655,-48.07004,7.5,,,2,2023-06-15T21:19:06+00:00
BRA_335525,Brasília,5300108,,Urbi,3804,https://moovitapp.com/index/pt-br/transporte_p%C3%BAblico-line-3804-Brasilia-1702-851595-91943130-0,-1.0,-15.78963,-47.89067,1.67,,,1,2023-06-15T21:19:28+00:00
BRA_337358,Brasília,5300108,,Urbi,0.809,https://moovitapp.com/index/pt-br/transporte_p%C3%BAblico-line-0_809-Brasilia-1702-851595-516630-0,-1.0,-15.90213,-48.05846,0.0,,,2,2023-06-15T21:19:46+00:00
BRA_335568,Brasília,5300108,,Urbi,845.2,https://moovitapp.com/index/pt-br/transporte_p%C3%BAblico-line-845_2-Brasilia-1702-851595-669624-0,-1.0,-15.84107,-47.97489,6.67,,,2,2023-06-15T21:20:31+00:00
BRA_337251,Brasília,5300108,,Urbi,813.2,https://moovitapp.com/index/pt-br/transporte_p%C3%BAblico-line-813_2-Brasilia-1702-851595-242636-0,-1.0,-15.84557,-47.92322,9.44,,,1,2023-06-15T21:21:08+00:00
BRA_338583,Brasília,5300108,,Urbi,805.9,https://moovitapp.com/index/pt-br/transporte_p%C3%BAblico-line-805_9-Brasilia-1702-851595-454983-0,-1.0,-15.9278,-48.10793,9.17,,,1,2023-06-15T21:21:11+00:00
BRA_339733,Brasília,5300108,,Urbi,0.161,https://moovitapp.com/index/pt-br/transporte_p%C3%BAblico-line-0_161-Brasilia-1702-851595-704023-0,-1.0,-15.75995,-47.92366,9.17,,,1,2023-06-15T21:21:20+00:00
BRA_340537,Brasília,5300108,,Urbi,0.171,https://moovitapp.com/index/pt-br/transporte_p%C3%BAblico-line-0_171-Brasilia-1702-851595-242524-0,-1.0,-15.84779,-47.95414,18.61,,,1,2023-06-15T21:21:20+00:00
BRA_338508,Brasília,5300108,,Urbi,0.808,https://moovitapp.com/index/pt-br/transporte_p%C3%BAblico-line-0_808-Brasilia-1702-851595-372359-0,-1.0,-15.90148,-48.05632,2.5,,,1,2023-06-15T21:21:23+00:00
BRA_336076,Brasília,5300108,,Urbi,0.391,https://moovitapp.com/index/pt-br/transporte_p%C3%BAblico-line-0_391-Brasilia-1702-851595-372354-0,-1.0,-15.80956,-47.90252,0.0,,,2,2023-06-15T21:21:46+00:00
BRA_336467,Brasília,5300108,,Urbi,813.1,https://moovitapp.com/index/pt-br/transporte_p%C3%BAblico-line-813_1-Brasilia-1702-851595-242635-0,-1.0,-15.78878,-47.89316,8.06,,,2,2023-06-15T21:21:52+00:00
BRA_338133,Brasília,5300108,,Urbi,087.5,https://moovitapp.com/index/pt-br/transporte_p%C3%BAblico-line-087_5-Brasilia-1702-851595-54018829-0,-1.0,-15.88474,-48.01067,10.83,,,2,2023-06-15T21:22:01+00:00
BRA_339172,Brasília,5300108,,Urbi,0.393,https://moovitapp.com/index/pt-br/transporte_p%C3%BAblico-line-0_393-Brasilia-1702-851595-588805-0,-1.0,-15.88275,-48.08487,0.83,,,1,2023-06-15T21:22:03+00:00
BRA_339067,Brasília,5300108,,Urbi,0.810,https://moovitapp.com/index/pt-br/transporte_p%C3%BAblico-line-0_810-Brasilia-1702-851595-363856-0,-1.0,-15.9021,-48.05834,2.5,,,1,2023-06-15T21:22:21+00:00
BRA_335614,Brasília,5300108,,Urbi,393.4,https://moovitapp.com/index/pt-br/transporte_p%C3%BAblico-line-393_4-Brasilia-1702-851595-588816-0,-1.0,-15.85783,-48.04374,1.67,,,1,2023-06-15T21:22:23+00:00
BRA_336998,Brasília,5300108,,Urbi,807.6,https://moovitapp.com/index/pt-br/transporte_p%C3%BAblico-line-807_6-Brasilia-1702-851595-334092-0,-1.0,-15.903,-48.0611,1.11,,,1,2023-06-15T21:22:25+00:00
BRA_336360,Brasília,5300108,,Urbi,0.394,https://moovitapp.com/index/pt-br/transporte_p%C3%BAblico-line-0_394-Brasilia-1702-851595-334076-0,-1.0,-15.87507,-48.04731,9.17,,,2,2023-06-15T21:22:32+00:00
BRA_333859,Brasília,5300108,,Urbi,056.4,https://moovitapp.com/index/pt-br/transporte_p%C3%BAblico-line-056_4-Brasilia-1702-851595-519387-0,-1.0,-15.83821,-48.11731,11.67,,,1,2023-06-15T21:22:41+00:00
BRA_337234,Brasília,5300108,,Urbi,0.805,https://moovitapp.com/index/pt-br/transporte_p%C3%BAblico-line-0_805-Brasilia-1702-851595-460800-0,-1.0,-15.8131,-48.06765,0.28,,,1,2023-06-15T21:22:58+00:00
BRA_338982,Brasília,5300108,,Urbi,871.3,https://moovitapp.com/index/pt-br/transporte_p%C3%BAblico-line-871_3-Brasilia-1702-851595-588820-0,-1.0,-15.81028,-47.94865,7.5,,,2,2023-06-15T21:23:02+00:00
BRA_339334,Brasília,5300108,,Urbi,0.851,https://moovitapp.com/index/pt-br/transporte_p%C3%BAblico-line-0_851-Brasilia-1702-851595-372361-0,-1.0,-15.83283,-47.91174,10.28,,,2,2023-06-15T21:23:06+00:00
BRA_335894,Brasília,5300108,,Urbi,0.050,https://moovitapp.com/index/pt-br/transporte_p%C3%BAblico-line-0_050-Brasilia-1702-851595-781325-0,-1.0,-15.86885,-48.10057,10.83,,,1,2023-06-15T21:23:06+00:00
BRA_338711,Brasília,5300108,,Urbi,0.873,https://moovitapp.com/index/pt-br/transporte_p%C3%BAblico-line-0_873-Brasilia-1702-851595-510238-0,-1.0,-15.81684,-48.10328,0.0,,,2,2023-06-15T21:23:07+00:00
BRA_336505,Brasília,5300108,,Urbi,0.881,https://moovitapp.com/index/pt-br/transporte_p%C3%BAblico-line-0_881-Brasilia-1702-851595-363857-0,-1.0,-15.89137,-48.04936,4.44,,,2,2023-06-15T21:23:08+00:00
BRA_337072,Brasília,5300108,,Urbi,870.7,https://moovitapp.com/index/pt-br/transporte_p%C3%BAblico-line-870_7-Brasilia-1702-851595-531037-0,-1.0,-15.84816,-47.95473,1.67,,,2,2023-06-15T21:23:08+00:00
BRA_340111,Brasília,5300108,,Urbi,056.2,https://moovitapp.com/index/pt-br/transporte_p%C3%BAblico-line-056_2-Brasilia-1702-851595-492982-0,-1.0,-15.82602,-48.11819,6.94,,,1,2023-06-15T21:23:10+00:00
BRA_338311,Brasília,5300108,,Urbi,807.4,https://moovitapp.com/index/pt-br/transporte_p%C3%BAblico-line-807_4-Brasilia-1702-851595-29767840-0,-1.0,-15.9025,-48.12818,0.0,,,1,2023-06-15T21:23:12+00:00
BRA_338249,Brasília,5300108,,Urbi,870.1,https://moovitapp.com/index/pt-br/transporte_p%C3%BAblico-line-870_1-Brasilia-1702-851595-715272-0,-1.0,-15.79551,-47.88311,0.0,,,1,2023-06-15T21:23:14+00:00
BRA_339881,Brasília,5300108,,Urbi,396.3,https://moovitapp.com/index/pt-br/transporte_p%C3%BAblico-line-396_3-Brasilia-1702-851595-372378-0,-1.0,-15.88162,-48.05664,8.33,,,1,2023-06-15T21:23:14+00:00
BRA_339458,Brasília,5300108,,Urbi,0.814,https://moovitapp.com/index/pt-br/transporte_p%C3%BAblico-line-0_814-Brasilia-1702-851595-492980-0,-1.0,-15.87075,-48.06256,2.22,,,1,2023-06-15T21:23:14+00:00
BRA_336394,Brasília,5300108,,Urbi,391.3,https://moovitapp.com/index/pt-br/transporte_p%C3%BAblico-line-391_3-Brasilia-1702-851595-372373-0,-1.0,-15.82071,-47.93664,9.17,,,1,2023-06-15T21:23:14+00:00
BRA_336181,Brasília,5300108,,Urbi,0.175,https://moovitapp.com/index/pt-br/transporte_p%C3%BAblico-line-0_175-Brasilia-1702-851595-242526-0,-1.0,-15.78101,-47.88791,0.0,,,2,2023-06-15T21:23:16+00:00
BRA_339636,Brasília,5300108,,Urbi,0.367,https://moovitapp.com/index/pt-br/transporte_p%C3%BAblico-line-0_367-Brasilia-1702-851595-519380-0,-1.0,-15.88794,-48.1504,4.17,,,1,2023-06-15T21:23:18+00:00
BRA_336271,Brasília,5300108,,Urbi,0.394,https://moovitapp.com/index/pt-br/transporte_p%C3%BAblico-line-0_394-Brasilia-1702-851595-334076-0,-1.0,-15.8863,-48.10387,1.94,,,1,2023-06-15T21:23:34+00:00
BRA_333921,Brasília,5300108,,Urbi,0.129,https://moovitapp.com/index/pt-br/transporte_p%C3%BAblico-line-0_129-Brasilia-1702-851595-775097-0,-1.0,-15.84517,-47.89534,0.0,,,2,2023-06-15T21:23:37+00:00
BRA_340278,Brasília,5300108,,Urbi,0.053,https://moovitapp.com/index/pt-br/transporte_p%C3%BAblico-line-0_053-Brasilia-1702-851595-588803-0,-1.0,-15.90201,-48.12869,0.0,,,2,2023-06-15T21:23:38+00:00
BRA_335886,Brasília,5300108,,Urbi,844.3,https://moovitapp.com/index/pt-br/transporte_p%C3%BAblico-line-844_3-Brasilia-1702-851595-372389-0,-1.0,-15.80487,-47.95261,1.67,,,2,2023-06-15T21:23:40+00:00
BRA_337391,Brasília,5300108,,Urbi,0.884,https://moovitapp.com/index/pt-br/transporte_p%C3%BAblico-line-0_884-Brasilia-1702-851595-322393-0,-1.0,-15.83312,-47.91212,1.11,,,2,2023-06-15T21:23:42+00:00
BRA_340707,Brasília,5300108,,Urbi,367.2,https://moovitapp.com/index/pt-br/transporte_p%C3%BAblico-line-367_2-Brasilia-1702-851595-454971-0,-1.0,-15.85864,-48.06873,11.39,,,1,2023-06-15T21:23:42+00:00
BRA_338966,Brasília,5300108,,Urbi,807.9,https://moovitapp.com/index/pt-br/transporte_p%C3%BAblico-line-807_9-Brasilia-1702-851595-322409-0,-1.0,-15.90213,-48.05846,0.0,,,1,2023-06-15T21:23:43+00:00
BRA_336807,Brasília,5300108,,Urbi,396.2,https://moovitapp.com/index/pt-br/transporte_p%C3%BAblico-line-396_2-Brasilia-1702-851595-372377-0,-1.0,-15.73599,-47.9072,0.0,,,2,2023-06-15T21:23:44+00:00
BRA_339890,Brasília,5300108,,Urbi,0.393,https://moovitapp.com/index/pt-br/transporte_p%C3%BAblico-line-0_393-Brasilia-1702-851595-588805-0,-1.0,-15.82452,-48.06025,0.0,,,1,2023-06-15T21:23:45+00:00
BRA_339849,Brasília,5300108,,Urbi,372.9,https://moovitapp.com/index/pt-br/transporte_p%C3%BAblico-line-372_9-Brasilia-1702-851595-519392-0,-1.0,-15.8088,-48.04005,7.5,,,1,2023-06-15T21:23:45+00:00
BRA_336173,Brasília,5300108,,Urbi,813.2,https://moovitapp.com/index/pt-br/transporte_p%C3%BAblico-line-813_2-Brasilia-1702-851595-242636-0,-1.0,-15.76838,-47.88971,0.0,,,2,2023-06-15T21:23:45+00:00
BRA_336858,Brasília,5300108,,Urbi,0.816,https://moovitapp.com/index/pt-br/transporte_p%C3%BAblico-line-0_816-Brasilia-1702-851595-322387-0,-1.0,-15.73654,-47.88552,16.67,,,2,2023-06-15T21:23:46+00:00
BRA_339032,Brasília,5300108,,Urbi,0.176,https://moovitapp.com/index/pt-br/transporte_p%C3%BAblico-line-0_176-Brasilia-1702-851595-242527-0,-1.0,-15.76039,-47.87768,11.94,,,1,2023-06-15T21:23:47+00:00
BRA_336939,Brasília,5300108,,Urbi,870.9,https://moovitapp.com/index/pt-br/transporte_p%C3%BAblico-line-870_9-Brasilia-1702-851595-775105-0,-1.0,-15.87617,-48.02491,1.11,,,2,2023-06-15T21:23:47+00:00
BRA_337285,Brasília,5300108,,Urbi,870.7,https://moovitapp.com/index/pt-br/transporte_p%C3%BAblico-line-870_7-Brasilia-1702-851595-531037-0,-1.0,-15.9,-48.05152,4.44,,,1,2023-06-15T21:23:48+00:00
BRA_339547,Brasília,5300108,,Urbi,806.1,https://moovitapp.com/index/pt-br/transporte_p%C3%BAblico-line-806_1-Brasilia-1702-851595-775104-0,-1.0,-15.87963,-48.0616,8.89,,,2,2023-06-15T21:23:48+00:00
BRA_335843,Brasília,5300108,,Urbi,396.2,https://moovitapp.com/index/pt-br/transporte_p%C3%BAblico-line-396_2-Brasilia-1702-851595-372377-0,-1.0,-15.74182,-47.89829,7.5,,,2,2023-06-15T21:23:48+00:00
BRA_337927,Brasília,5300108,,Urbi,807.8,https://moovitapp.com/index/pt-br/transporte_p%C3%BAblico-line-807_8-Brasilia-1702-851595-322408-0,-1.0,-15.90054,-48.05386,9.72,,,2,2023-06-15T21:23:49+00:00
BRA_335428,Brasília,5300108,,Urbi,0.845,https://moovitapp.com/index/pt-br/transporte_p%C3%BAblico-line-0_845-Brasilia-1702-851595-339304-0,-1.0,-15.80286,-47.96586,1.39,,,2,2023-06-15T21:23:49+00:00
BRA_337013,Brasília,5300108,,Urbi,813.2,https://moovitapp.com/index/pt-br/transporte_p%C3%BAblico-line-813_2-Brasilia-1702-851595-242636-0,-1.0,-15.764,-47.9315,16.67,,,1,2023-06-15T21:23:50+00:00
BRA_340138,Brasília,5300108,,Urbi,393.4,https://moovitapp.com/index/pt-br/transporte_p%C3%BAblico-line-393_4-Brasilia-1702-851595-588816-0,-1.0,-15.81711,-48.06628,0.0,,,1,2023-06-15T21:23:50+00:00
BRA_340626,Brasília,5300108,,Urbi,3804,https://moovitapp.com/index/pt-br/transporte_p%C3%BAblico-line-3804-Brasilia-1702-851595-91943130-0,-1.0,-15.90217,-48.12807,0.28,,,1,2023-06-15T21:23:51+00:00
BRA_338184,Brasília,5300108,,Urbi,0.882,https://moovitapp.com/index/pt-br/transporte_p%C3%BAblico-line-0_882-Brasilia-1702-851595-363858-0,-1.0,-15.90036,-48.04634,4.44,,,1,2023-06-15T21:23:51+00:00
BRA_335444,Brasília,5300108,,Urbi,367.2,https://moovitapp.com/index/pt-br/transporte_p%C3%BAblico-line-367_2-Brasilia-1702-851595-454971-0,-1.0,-15.85865,-48.06873,11.39,,,1,2023-06-15T21:23:51+00:00
BRA_339555,Brasília,5300108,,Urbi,807.9,https://moovitapp.com/index/pt-br/transporte_p%C3%BAblico-line-807_9-Brasilia-1702-851595-322409-0,-1.0,-15.90394,-48.06424,10.28,,,1,2023-06-15T21:23:53+00:00
BRA_335690,Brasília,5300108,,Urbi,825.1,https://moovitapp.com/index/pt-br/transporte_p%C3%BAblico-line-825_1-Brasilia-1702-851595-16483903-0,-1.0,-15.82672,-47.91541,8.33,,,2,2023-06-15T21:23:54+00:00
BRA_339199,Brasília,5300108,,Urbi,0.821,https://moovitapp.com/index/pt-br/transporte_p%C3%BAblico-line-0_821-Brasilia-1702-851595-334080-0,-1.0,-15.83519,-47.92628,1.94,,,2,2023-06-15T21:23:54+00:00
BRA_338907,Brasília,5300108,,Urbi,0.876,https://moovitapp.com/index/pt-br/transporte_p%C3%BAblico-line-0_876-Brasilia-1702-851595-639508-0,-1.0,-15.78418,-47.93396,5.83,,,2,2023-06-15T21:23:55+00:00
BRA_337960,Brasília,5300108,,Urbi,872.1,https://moovitapp.com/index/pt-br/transporte_p%C3%BAblico-line-872_1-Brasilia-1702-851595-470760-0,-1.0,-15.81806,-48.06592,8.89,,,1,2023-06-15T21:23:56+00:00
BRA_335932,Brasília,5300108,,Urbi,396.3,https://moovitapp.com/index/pt-br/transporte_p%C3%BAblico-line-396_3-Brasilia-1702-851595-372378-0,-1.0,-15.80933,-47.90224,2.22,,,2,2023-06-15T21:23:56+00:00
BRA_335584,Brasília,5300108,,Urbi,0.367,https://moovitapp.com/index/pt-br/transporte_p%C3%BAblico-line-0_367-Brasilia-1702-851595-519380-0,-1.0,-15.86069,-48.03576,1.94,,,1,2023-06-15T21:23:57+00:00
BRA_339652,Brasília,5300108,,Urbi,366.1,https://moovitapp.com/index/pt-br/transporte_p%C3%BAblico-line-366_1-Brasilia-1702-851595-425249-0,-1.0,-15.88164,-48.08125,0.0,,,2,2023-06-15T21:23:57+00:00
BRA_338362,Brasília,5300108,,Urbi,0.809,https://moovitapp.com/index/pt-br/transporte_p%C3%BAblico-line-0_809-Brasilia-1702-851595-516630-0,-1.0,-15.81357,-47.89756,15.56,,,2,2023-06-15T21:23:57+00:00
BRA_335533,Brasília,5300108,,Urbi,0.392,https://moovitapp.com/index/pt-br/transporte_p%C3%BAblico-line-0_392-Brasilia-1702-851595-334075-0,-1.0,-15.85968,-47.95671,1.67,,,2,2023-06-15T21:23:58+00:00
BRA_336114,Brasília,5300108,,Urbi,871.3,https://moovitapp.com/index/pt-br/transporte_p%C3%BAblico-line-871_3-Brasilia-1702-851595-588820-0,-1.0,-15.81116,-47.93805,3.89,,,2,2023-06-15T21:23:58+00:00
BRA_336254,Brasília,5300108,,Urbi,0.380,https://moovitapp.com/index/pt-br/transporte_p%C3%BAblico-line-0_380-Brasilia-1702-851595-334073-0,-1.0,-15.81896,-48.01645,19.17,,,1,2023-06-15T21:23:59+00:00
BRA_336513,Brasília,5300108,,Urbi,0.871,https://moovitapp.com/index/pt-br/transporte_p%C3%BAblico-line-0_871-Brasilia-1702-851595-418741-0,-1.0,-15.79118,-47.8975,0.0,,,1,2023-06-15T21:23:59+00:00
BRA_335461,Brasília,5300108,,Urbi,366.1,https://moovitapp.com/index/pt-br/transporte_p%C3%BAblico-line-366_1-Brasilia-1702-851595-425249-0,-1.0,-15.8845,-48.1512,5.56,,,1,2023-06-15T21:23:59+00:00
BRA_333824,Brasília,5300108,,Urbi,0.845,https://moovitapp.com/index/pt-br/transporte_p%C3%BAblico-line-0_845-Brasilia-1702-851595-339304-0,-1.0,-15.75799,-47.93259,5.28,,,2,2023-06-15T21:23:59+00:00
BRA_339679,Brasília,5300108,,Urbi,393.7,https://moovitapp.com/index/pt-br/transporte_p%C3%BAblico-line-393_7-Brasilia-1702-851595-588818-0,-1.0,-15.84932,-48.04219,14.72,,,1,2023-06-15T21:23:59+00:00
BRA_340146,Brasília,5300108,,Urbi,0.397,https://moovitapp.com/index/pt-br/transporte_p%C3%BAblico-line-0_397-Brasilia-1702-851595-890857-0,-1.0,-15.78837,-48.13206,3.06,,,1,2023-06-15T21:24:00+00:00
BRA_335797,Brasília,5300108,,Urbi,0.853,https://moovitapp.com/index/pt-br/transporte_p%C3%BAblico-line-0_853-Brasilia-1702-851595-454968-0,-1.0,-15.73481,-47.90017,0.28,,,2,2023-06-15T21:24:01+00:00
BRA_337374,Brasília,5300108,,Urbi,0.872,https://moovitapp.com/index/pt-br/transporte_p%C3%BAblico-line-0_872-Brasilia-1702-851595-466291-0,-1.0,-15.91298,-48.05576,0.0,,,1,2023-06-15T21:24:01+00:00
BRA_340294,Brasília,5300108,,Urbi,396.3,https://moovitapp.com/index/pt-br/transporte_p%C3%BAblico-line-396_3-Brasilia-1702-851595-372378-0,-1.0,-15.81635,-47.94975,7.78,,,2,2023-06-15T21:24:02+00:00
BRA_340642,Brasília,5300108,,Urbi,0.373,https://moovitapp.com/index/pt-br/transporte_p%C3%BAblico-line-0_373-Brasilia-1702-851595-334072-0,-1.0,-15.87718,-48.01901,13.89,,,2,2023-06-15T21:24:03+00:00
BRA_338788,Brasília,5300108,,Urbi,813.2,https://moovitapp.com/index/pt-br/transporte_p%C3%BAblico-line-813_2-Brasilia-1702-851595-242636-0,-1.0,-15.85513,-47.95592,2.5,,,2,2023-06-15T21:24:03+00:00
BRA_338567,Brasília,5300108,,Urbi,0.177,https://moovitapp.com/index/pt-br/transporte_p%C3%BAblico-line-0_177-Brasilia-1702-851595-242528-0,-1.0,-15.80796,-47.93092,13.89,,,1,2023-06-15T21:24:04+00:00
BRA_336629,Brasília,5300108,,Urbi,813.1,https://moovitapp.com/index/pt-br/transporte_p%C3%BAblico-line-813_1-Brasilia-1702-851595-242635-0,-1.0,-15.79585,-47.91269,8.06,,,1,2023-06-15T21:24:04+00:00
BRA_335495,Brasília,5300108,,Urbi,0.393,https://moovitapp.com/index/pt-br/transporte_p%C3%BAblico-line-0_393-Brasilia-1702-851595-588805-0,-1.0,-15.87764,-48.08838,1.11,,,1,2023-06-15T21:24:04+00:00
BRA_337561,Brasília,5300108,,Urbi,818.1,https://moovitapp.com/index/pt-br/transporte_p%C3%BAblico-line-818_1-Brasilia-1702-851595-242639-0,-1.0,-15.79092,-48.04394,6.39,,,2,2023-06-15T21:24:04+00:00
BRA_339440,Brasília,5300108,,Urbi,814.1,https://moovitapp.com/index/pt-br/transporte_p%C3%BAblico-line-814_1-Brasilia-1702-851595-492985-0,-1.0,-15.89087,-48.12996,18.89,,,1,2023-06-15T21:24:05+00:00
BRA_337803,Brasília,5300108,,Urbi,0.960,https://moovitapp.com/index/pt-br/transporte_p%C3%BAblico-line-0_960-Brasilia-1702-851595-29427890-0,-1.0,-15.87355,-48.04284,19.17,,,2,2023-06-15T21:24:05+00:00
BRA_340341,Brasília,5300108,,Urbi,396.2,https://moovitapp.com/index/pt-br/transporte_p%C3%BAblico-line-396_2-Brasilia-1702-851595-372377-0,-1.0,-15.83956,-47.95286,15.0,,,1,2023-06-15T21:24:06+00:00
BRA_336726,Brasília,5300108,,Urbi,0.129,https://moovitapp.com/index/pt-br/transporte_p%C3%BAblico-line-0_129-Brasilia-1702-851595-775097-0,-1.0,-15.76281,-47.78031,0.0,,,1,2023-06-15T21:24:06+00:00
BRA_338699,Brasília,5300108,,Urbi,872.2,https://moovitapp.com/index/pt-br/transporte_p%C3%BAblico-line-872_2-Brasilia-1702-851595-425251-0,-1.0,-15.83966,-48.05736,2.22,,,1,2023-06-15T21:24:06+00:00
BRA_338591,Brasília,5300108,,Urbi,806.8,https://moovitapp.com/index/pt-br/transporte_p%C3%BAblico-line-806_8-Brasilia-1702-851595-74275051-0,-1.0,-15.90277,-48.05015,9.72,,,2,2023-06-15T21:24:06+00:00
BRA_339202,Brasília,5300108,,Urbi,0.340,https://moovitapp.com/index/pt-br/transporte_p%C3%BAblico-line-0_340-Brasilia-1702-851595-641378-0,-1.0,-15.94687,-48.23388,5.56,,,2,2023-06-15T21:24:07+00:00
BRA_339351,Brasília,5300108,,Urbi,391.3,https://moovitapp.com/index/pt-br/transporte_p%C3%BAblico-line-391_3-Brasilia-1702-851595-372373-0,-1.0,-15.87399,-48.09668,0.0,,,2,2023-06-15T21:24:07+00:00
BRA_340006,Brasília,5300108,,Urbi,372.2,https://moovitapp.com/index/pt-br/transporte_p%C3%BAblico-line-372_2-Brasilia-1702-851595-242592-0,-1.0,-15.80654,-48.07801,0.0,,,1,2023-06-15T21:24:07+00:00
BRA_336611,Brasília,5300108,,Urbi,0.871,https://moovitapp.com/index/pt-br/transporte_p%C3%BAblico-line-0_871-Brasilia-1702-851595-418741-0,-1.0,-15.92751,-48.04593,18.89,,,1,2023-06-15T21:24:08+00:00
BRA_335991,Brasília,5300108,,Urbi,0.835,https://moovitapp.com/index/pt-br/transporte_p%C3%BAblico-line-0_835-Brasilia-1702-851595-775100-0,-1.0,-15.87547,-47.98405,0.0,,,2,2023-06-15T21:24:08+00:00
BRA_336734,Brasília,5300108,,Urbi,0.394,https://moovitapp.com/index/pt-br/transporte_p%C3%BAblico-line-0_394-Brasilia-1702-851595-334076-0,-1.0,-15.79116,-47.89761,0.0,,,1,2023-06-15T21:24:09+00:00
BRA_337889,Brasília,5300108,,Urbi,807.1,https://moovitapp.com/index/pt-br/transporte_p%C3%BAblico-line-807_1-Brasilia-1702-851595-322407-0,-1.0,-15.86501,-48.05907,3.33,,,2,2023-06-15T21:24:09+00:00
BRA_338494,Brasília,5300108,,Urbi,872.9,https://moovitapp.com/index/pt-br/transporte_p%C3%BAblico-line-872_9-Brasilia-1702-851595-372394-0,-1.0,-15.83551,-48.0564,2.78,,,1,2023-06-15T21:24:09+00:00
BRA_339792,Brasília,5300108,,Urbi,2068,https://moovitapp.com/index/pt-br/transporte_p%C3%BAblico-line-2068-Brasilia-1702-851595-137934736-0,-1.0,-15.84375,-48.04473,8.89,,,1,2023-06-15T21:24:10+00:00
BRA_340561,Brasília,5300108,,Urbi,0.821,https://moovitapp.com/index/pt-br/transporte_p%C3%BAblico-line-0_821-Brasilia-1702-851595-334080-0,-1.0,-15.867,-47.96682,2.78,,,2,2023-06-15T21:24:10+00:00
BRA_335312,Brasília,5300108,,Urbi,380.2,https://moovitapp.com/index/pt-br/transporte_p%C3%BAblico-line-380_2-Brasilia-1702-851595-334086-0,-1.0,-15.8089,-47.93359,0.0,,,1,2023-06-15T21:24:10+00:00
BRA_336637,Brasília,5300108,,Urbi,0.813,https://moovitapp.com/index/pt-br/transporte_p%C3%BAblico-line-0_813-Brasilia-1702-851595-651523-0,-1.0,-15.79686,-47.94467,8.06,,,1,2023-06-15T21:24:10+00:00
BRA_337595,Brasília,5300108,,Urbi,0.882,https://moovitapp.com/index/pt-br/transporte_p%C3%BAblico-line-0_882-Brasilia-1702-851595-363858-0,-1.0,-15.79378,-47.88058,0.0,,,1,2023-06-15T21:24:10+00:00
BRA_337820,Brasília,5300108,,Urbi,0.882,https://moovitapp.com/index/pt-br/transporte_p%C3%BAblico-line-0_882-Brasilia-1702-851595-363858-0,-1.0,-15.88083,-48.0566,1.94,,,2,2023-06-15T21:24:10+00:00
BRA_339466,Brasília,5300108,,Urbi,807.9,https://moovitapp.com/index/pt-br/transporte_p%C3%BAblico-line-807_9-Brasilia-1702-851595-322409-0,-1.0,-15.88722,-48.05895,12.5,,,2,2023-06-15T21:24:11+00:00
BRA_336980,Brasília,5300108,,Urbi,807.6,https://moovitapp.com/index/pt-br/transporte_p%C3%BAblico-line-807_6-Brasilia-1702-851595-334092-0,-1.0,-15.93298,-48.1089,8.06,,,1,2023-06-15T21:24:11+00:00
BRA_340472,Brasília,5300108,,Urbi,396.3,https://moovitapp.com/index/pt-br/transporte_p%C3%BAblico-line-396_3-Brasilia-1702-851595-372378-0,-1.0,-15.8255,-47.92399,0.0,,,1,2023-06-15T21:24:11+00:00
BRA_339750,Brasília,5300108,,Urbi,0.054,https://moovitapp.com/index/pt-br/transporte_p%C3%BAblico-line-0_054-Brasilia-1702-851595-454960-0,-1.0,-15.87962,-48.07346,0.0,,,1,2023-06-15T21:24:11+00:00
BRA_338044,Brasília,5300108,,Urbi,086.1,https://moovitapp.com/index/pt-br/transporte_p%C3%BAblico-line-086_1-Brasilia-1702-851595-481321-0,-1.0,-15.80622,-47.96839,0.0,,,1,2023-06-15T21:24:12+00:00
BRA_337510,Brasília,5300108,,Urbi,870.7,https://moovitapp.com/index/pt-br/transporte_p%C3%BAblico-line-870_7-Brasilia-1702-851595-531037-0,-1.0,-15.91918,-48.05654,5.28,,,2,2023-06-15T21:24:12+00:00
BRA_339563,Brasília,5300108,,Urbi,872.5,https://moovitapp.com/index/pt-br/transporte_p%C3%BAblico-line-872_5-Brasilia-1702-851595-372393-0,-1.0,-15.91232,-48.07623,7.78,,,1,2023-06-15T21:24:13+00:00
BRA_337081,Brasília,5300108,,Urbi,870.7,https://moovitapp.com/index/pt-br/transporte_p%C3%BAblico-line-870_7-Brasilia-1702-851595-531037-0,-1.0,-15.87762,-48.01579,1.94,,,2,2023-06-15T21:24:13+00:00
BRA_336645,Brasília,5300108,,Urbi,396.2,https://moovitapp.com/index/pt-br/transporte_p%C3%BAblico-line-396_2-Brasilia-1702-851595-372377-0,-1.0,-15.8776,-48.01587,0.0,,,2,2023-06-15T21:24:13+00:00
BRA_340367,Brasília,5300108,,Urbi,391.3,https://moovitapp.com/index/pt-br/transporte_p%C3%BAblico-line-391_3-Brasilia-1702-851595-372373-0,-1.0,-15.78449,-47.88784,0.0,,,2,2023-06-15T21:24:13+00:00
BRA_338478,Brasília,5300108,,Urbi,0.886,https://moovitapp.com/index/pt-br/transporte_p%C3%BAblico-line-0_886-Brasilia-1702-851595-704024-0,-1.0,-15.82376,-48.06051,6.39,,,2,2023-06-15T21:24:13+00:00
BRA_339105,Brasília,5300108,,Urbi,870.9,https://moovitapp.com/index/pt-br/transporte_p%C3%BAblico-line-870_9-Brasilia-1702-851595-775105-0,-1.0,-15.89377,-48.04564,5.28,,,2,2023-06-15T21:24:13+00:00
BRA_339156,Brasília,5300108,,Urbi,0.087,https://moovitapp.com/index/pt-br/transporte_p%C3%BAblico-line-0_087-Brasilia-1702-851595-242519-0,-1.0,-15.8771,-47.99656,15.0,,,1,2023-06-15T21:24:14+00:00
BRA_338851,Brasília,5300108,,Urbi,807.9,https://moovitapp.com/index/pt-br/transporte_p%C3%BAblico-line-807_9-Brasilia-1702-851595-322409-0,-1.0,-15.92097,-48.05339,4.72,,,2,2023-06-15T21:24:14+00:00
BRA_338125,Brasília,5300108,,Urbi,0.808,https://moovitapp.com/index/pt-br/transporte_p%C3%BAblico-line-0_808-Brasilia-1702-851595-372359-0,-1.0,-15.80721,-48.12145,5.83,,,1,2023-06-15T21:24:14+00:00
BRA_340260,Brasília,5300108,,Urbi,0.082,https://moovitapp.com/index/pt-br/transporte_p%C3%BAblico-line-0_082-Brasilia-1702-851595-781326-0,-1.0,-15.85521,-47.95089,1.39,,,2,2023-06-15T21:24:14+00:00
BRA_340529,Brasília,5300108,,Urbi,0.347,https://moovitapp.com/index/pt-br/transporte_p%C3%BAblico-line-0_347-Brasilia-1702-851595-347128-0,-1.0,-15.83886,-47.95859,14.72,,,2,2023-06-15T21:24:14+00:00
BRA_339318,Brasília,5300108,,Urbi,0.391,https://moovitapp.com/index/pt-br/transporte_p%C3%BAblico-line-0_391-Brasilia-1702-851595-372354-0,-1.0,-15.87722,-48.0188,10.56,,,2,2023-06-15T21:24:14+00:00
BRA_336378,Brasília,5300108,,Urbi,394.1,https://moovitapp.com/index/pt-br/transporte_p%C3%BAblico-line-394_1-Brasilia-1702-851595-334089-0,-1.0,-15.87425,-48.04178,6.39,,,1,2023-06-15T21:24:14+00:00
BRA_335983,Brasília,5300108,,Urbi,396.2,https://moovitapp.com/index/pt-br/transporte_p%C3%BAblico-line-396_2-Brasilia-1702-851595-372377-0,-1.0,-15.9023,-48.12861,0.0,,,1,2023-06-15T21:24:15+00:00
BRA_333875,Brasília,5300108,,Urbi,160.1,https://moovitapp.com/index/pt-br/transporte_p%C3%BAblico-line-160_1-Brasilia-1702-851595-476292-0,-1.0,-15.84518,-47.92887,1.67,,,2,2023-06-15T21:24:15+00:00
BRA_337447,Brasília,5300108,,Urbi,0.816,https://moovitapp.com/index/pt-br/transporte_p%C3%BAblico-line-0_816-Brasilia-1702-851595-322387-0,-1.0,-15.85617,-47.95609,0.0,,,2,2023-06-15T21:24:15+00:00
BRA_337218,Brasília,5300108,,Urbi,0.172,https://moovitapp.com/index/pt-br/transporte_p%C3%BAblico-line-0_172-Brasilia-1702-851595-470756-0,-1.0,-15.87794,-48.00566,0.83,,,1,2023-06-15T21:24:15+00:00
BRA_339644,Brasília,5300108,,Urbi,0.391,https://moovitapp.com/index/pt-br/transporte_p%C3%BAblico-line-0_391-Brasilia-1702-851595-372354-0,-1.0,-15.83821,-47.95312,5.83,,,2,2023-06-15T21:24:15+00:00
BRA_335851,Brasília,5300108,,Urbi,0.082,https://moovitapp.com/index/pt-br/transporte_p%C3%BAblico-line-0_082-Brasilia-1702-851595-781326-0,-1.0,-15.75498,-47.92582,18.06,,,1,2023-06-15T21:24:15+00:00
BRA_337901,Brasília,5300108,,Urbi,874.4,https://moovitapp.com/index/pt-br/transporte_p%C3%BAblico-line-874_4-Brasilia-1702-851595-775106-0,-1.0,-15.78825,-47.89471,0.0,,,2,2023-06-15T21:24:15+00:00
BRA_338575,Brasília,5300108,,Urbi,0.808,https://moovitapp.com/index/pt-br/transporte_p%C3%BAblico-line-0_808-Brasilia-1702-851595-372359-0,-1.0,-15.79265,-48.12676,0.0,,,2,2023-06-15T21:24:15+00:00
BRA_338796,Brasília,5300108,,Urbi,870.9,https://moovitapp.com/index/pt-br/transporte_p%C3%BAblico-line-870_9-Brasilia-1702-851595-775105-0,-1.0,-15.79863,-47.88542,0.83,,,2,2023-06-15T21:24:15+00:00
BRA_338460,Brasília,5300108,,Urbi,0.886,https://moovitapp.com/index/pt-br/transporte_p%C3%BAblico-line-0_886-Brasilia-1702-851595-704024-0,-1.0,-15.80462,-48.07057,0.0,,,2,2023-06-15T21:24:16+00:00
BRA_337897,Brasília,5300108,,Urbi,0.960,https://moovitapp.com/index/pt-br/transporte_p%C3%BAblico-line-0_960-Brasilia-1702-851595-29427890-0,-1.0,-15.80321,-48.0424,1.67,,,2,2023-06-15T21:24:16+00:00
BRA_338427,Brasília,5300108,,Urbi,0.808,https://moovitapp.com/index/pt-br/transporte_p%C3%BAblico-line-0_808-Brasilia-1702-851595-372359-0,-1.0,-15.91025,-48.09112,0.0,,,1,2023-06-15T21:24:16+00:00
BRA_339270,Brasília,5300108,,Urbi,397.2,https://moovitapp.com/index/pt-br/transporte_p%C3%BAblico-line-397_2-Brasilia-1702-851595-890938-0,-1.0,-15.84134,-48.0755,3.33,,,2,2023-06-15T21:24:16+00:00
BRA_340251,Brasília,5300108,,Urbi,0.129,https://moovitapp.com/index/pt-br/transporte_p%C3%BAblico-line-0_129-Brasilia-1702-851595-775097-0,-1.0,-15.87679,-47.95983,4.72,,,2,2023-06-15T21:24:16+00:00
BRA_340189,Brasília,5300108,,Urbi,396.2,https://moovitapp.com/index/pt-br/transporte_p%C3%BAblico-line-396_2-Brasilia-1702-851595-372377-0,-1.0,-15.8685,-47.97004,0.0,,,2,2023-06-15T21:24:16+00:00
BRA_337641,Brasília,5300108,,Urbi,0.811,https://moovitapp.com/index/pt-br/transporte_p%C3%BAblico-line-0_811-Brasilia-1702-851595-334078-0,-1.0,-15.79623,-47.89129,0.0,,,2,2023-06-15T21:24:16+00:00
BRA_337676,Brasília,5300108,,Urbi,807.9,https://moovitapp.com/index/pt-br/transporte_p%C3%BAblico-line-807_9-Brasilia-1702-851595-322409-0,-1.0,-15.90893,-48.05883,8.89,,,2,2023-06-15T21:24:16+00:00
BRA_337196,Brasília,5300108,,Urbi,0.816,https://moovitapp.com/index/pt-br/transporte_p%C3%BAblico-line-0_816-Brasilia-1702-851595-322387-0,-1.0,-15.79563,-47.87692,5.83,,,2,2023-06-15T21:24:16+00:00
BRA_333883,Brasília,5300108,,Urbi,0.373,https://moovitapp.com/index/pt-br/transporte_p%C3%BAblico-line-0_373-Brasilia-1702-851595-334072-0,-1.0,-15.84337,-47.91752,5.0,,,1,2023-06-15T21:24:16+00:00
BRA_335665,Brasília,5300108,,Urbi,0.393,https://moovitapp.com/index/pt-br/transporte_p%C3%BAblico-line-0_393-Brasilia-1702-851595-588805-0,-1.0,-15.86758,-48.05542,7.22,,,1,2023-06-15T21:24:16+00:00
BRA_335975,Brasília,5300108,,Urbi,380.3,https://moovitapp.com/index/pt-br/transporte_p%C3%BAblico-line-380_3-Brasilia-1702-851595-504337-0,-1.0,-15.8279,-47.93122,0.0,,,2,2023-06-15T21:24:16+00:00
BRA_335908,Brasília,5300108,,Urbi,391.3,https://moovitapp.com/index/pt-br/transporte_p%C3%BAblico-line-391_3-Brasilia-1702-851595-372373-0,-1.0,-15.86877,-48.08688,0.0,,,2,2023-06-15T21:24:16+00:00
BRA_336459,Brasília,5300108,,Urbi,0.177,https://moovitapp.com/index/pt-br/transporte_p%C3%BAblico-line-0_177-Brasilia-1702-851595-242528-0,-1.0,-15.87592,-47.98642,13.06,,,1,2023-06-15T21:24:16+00:00
BRA_336416,Brasília,5300108,,Urbi,0.871,https://moovitapp.com/index/pt-br/transporte_p%C3%BAblico-line-0_871-Brasilia-1702-851595-418741-0,-1.0,-15.90854,-48.05206,6.94,,,2,2023-06-15T21:24:17+00:00
BRA_336009,Brasília,5300108,,Urbi,0.056,https://moovitapp.com/index/pt-br/transporte_p%C3%BAblico-line-0_056-Brasilia-1702-851595-588804-0,-1.0,-15.88283,-48.08522,0.56,,,1,2023-06-15T21:24:17+00:00
BRA_336017,Brasília,5300108,,Urbi,373.3,https://moovitapp.com/index/pt-br/transporte_p%C3%BAblico-line-373_3-Brasilia-1702-851595-708650-0,-1.0,-15.78748,-48.01168,0.0,,,2,2023-06-15T21:24:17+00:00
BRA_336068,Brasília,5300108,,Urbi,0.366,https://moovitapp.com/index/pt-br/transporte_p%C3%BAblico-line-0_366-Brasilia-1702-851595-650085-0,-1.0,-15.87568,-48.07995,2.78,,,1,2023-06-15T21:24:17+00:00
BRA_335622,Brasília,5300108,,Urbi,0.392,https://moovitapp.com/index/pt-br/transporte_p%C3%BAblico-line-0_392-Brasilia-1702-851595-334075-0,-1.0,-15.79824,-47.87251,0.0,,,2,2023-06-15T21:24:17+00:00
BRA_335517,Brasília,5300108,,Urbi,396.2,https://moovitapp.com/index/pt-br/transporte_p%C3%BAblico-line-396_2-Brasilia-1702-851595-372377-0,-1.0,-15.7972,-47.89185,6.39,,,2,2023-06-15T21:24:17+00:00
BRA_335321,Brasília,5300108,,Urbi,396.3,https://moovitapp.com/index/pt-br/transporte_p%C3%BAblico-line-396_3-Brasilia-1702-851595-372378-0,-1.0,-15.79656,-47.89148,0.28,,,2,2023-06-15T21:24:17+00:00
BRA_335347,Brasília,5300108,,Urbi,0.851,https://moovitapp.com/index/pt-br/transporte_p%C3%BAblico-line-0_851-Brasilia-1702-851595-372361-0,-1.0,-15.76078,-47.873,1.67,,,2,2023-06-15T21:24:17+00:00
BRA_337790,Brasília,5300108,,Urbi,0.811,https://moovitapp.com/index/pt-br/transporte_p%C3%BAblico-line-0_811-Brasilia-1702-851595-334078-0,-1.0,-15.92634,-48.0438,8.33,,,2,2023-06-15T21:24:17+00:00
BRA_337625,Brasília,5300108,,Urbi,0.810,https://moovitapp.com/index/pt-br/transporte_p%C3%BAblico-line-0_810-Brasilia-1702-851595-363856-0,-1.0,-15.85504,-47.95589,0.56,,,2,2023-06-15T21:24:17+00:00
BRA_340651,Brasília,5300108,,Urbi,3944,https://moovitapp.com/index/pt-br/transporte_p%C3%BAblico-line-3944-Brasilia-1702-851595-90452197-0,-1.0,-15.87747,-48.01897,12.78,,,1,2023-06-15T21:24:17+00:00
BRA_339245,Brasília,5300108,,Urbi,366.7,https://moovitapp.com/index/pt-br/transporte_p%C3%BAblico-line-366_7-Brasilia-1702-851595-650086-0,-1.0,-15.87737,-48.08764,9.17,,,2,2023-06-15T21:24:17+00:00
BRA_339369,Brasília,5300108,,Urbi,0.835,https://moovitapp.com/index/pt-br/transporte_p%C3%BAblico-line-0_835-Brasilia-1702-851595-775100-0,-1.0,-15.86773,-47.96754,13.61,,,2,2023-06-15T21:24:17+00:00
BRA_339903,Brasília,5300108,,Urbi,0.171,https://moovitapp.com/index/pt-br/transporte_p%C3%BAblico-line-0_171-Brasilia-1702-851595-242524-0,-1.0,-15.73604,-47.9044,0.0,,,2,2023-06-15T21:24:17+00:00
BRA_339954,Brasília,5300108,,Urbi,0.825,https://moovitapp.com/index/pt-br/transporte_p%C3%BAblico-line-0_825-Brasilia-1702-851595-334081-0,-1.0,-15.85696,-47.95623,0.28,,,2,2023-06-15T21:24:17+00:00
BRA_338371,Brasília,5300108,,Urbi,0.810,https://moovitapp.com/index/pt-br/transporte_p%C3%BAblico-line-0_810-Brasilia-1702-851595-363856-0,-1.0,-15.79426,-47.91248,12.22,,,2,2023-06-15T21:24:17+00:00
BRA_338389,Brasília,5300108,,Urbi,0.882,https://moovitapp.com/index/pt-br/transporte_p%C3%BAblico-line-0_882-Brasilia-1702-851595-363858-0,-1.0,-15.83718,-47.95296,2.5,,,2,2023-06-15T21:24:17+00:00
BRA_338028,Brasília,5300108,,Urbi,0.368,https://moovitapp.com/index/pt-br/transporte_p%C3%BAblico-line-0_368-Brasilia-1702-851595-706971-0,-1.0,-15.79905,-48.10387,0.0,,,1,2023-06-15T21:24:17+00:00
BRA_338826,Brasília,5300108,,Urbi,0.809,https://moovitapp.com/index/pt-br/transporte_p%C3%BAblico-line-0_809-Brasilia-1702-851595-516630-0,-1.0,-15.82953,-47.91924,13.06,,,2,2023-06-15T21:24:17+00:00
BRA_338729,Brasília,5300108,,Urbi,0.872,https://moovitapp.com/index/pt-br/transporte_p%C3%BAblico-line-0_872-Brasilia-1702-851595-466291-0,-1.0,-15.82338,-48.06064,0.0,,,1,2023-06-15T21:24:17+00:00
BRA_338702,Brasília,5300108,,Urbi,0.809,https://moovitapp.com/index/pt-br/transporte_p%C3%BAblico-line-0_809-Brasilia-1702-851595-516630-0,-1.0,-15.83592,-47.92726,1.11,,,2,2023-06-15T21:24:18+00:00
BRA_339831,Brasília,5300108,,Urbi,844.1,https://moovitapp.com/index/pt-br/transporte_p%C3%BAblico-line-844_1-Brasilia-1702-851595-669623-0,-1.0,-15.77881,-47.93929,6.67,,,2,2023-06-15T21:24:18+00:00
BRA_340120,Brasília,5300108,,Urbi,0.844,https://moovitapp.com/index/pt-br/transporte_p%C3%BAblico-line-0_844-Brasilia-1702-851595-519386-0,-1.0,-15.8046,-47.9566,6.94,,,1,2023-06-15T21:24:18+00:00
BRA_340413,Brasília,5300108,,Urbi,392.2,https://moovitapp.com/index/pt-br/transporte_p%C3%BAblico-line-392_2-Brasilia-1702-851595-372374-0,-1.0,-15.80073,-47.87789,3.61,,,2,2023-06-15T21:24:18+00:00
BRA_340758,Brasília,5300108,,Urbi,0.372,https://moovitapp.com/index/pt-br/transporte_p%C3%BAblico-line-0_372-Brasilia-1702-851595-519381-0,-1.0,-15.83239,-48.05749,2.5,,,2,2023-06-15T21:24:18+00:00
BRA_340481,Brasília,5300108,,Urbi,366.1,https://moovitapp.com/index/pt-br/transporte_p%C3%BAblico-line-366_1-Brasilia-1702-851595-425249-0,-1.0,-15.86534,-48.05893,0.0,,,2,2023-06-15T21:24:18+00:00
BRA_337633,Brasília,5300108,,Urbi,0.819,https://moovitapp.com/index/pt-br/transporte_p%C3%BAblico-line-0_819-Brasilia-1702-851595-418739-0,-1.0,-15.79591,-47.87703,3.89,,,2,2023-06-15T21:24:18+00:00
BRA_337471,Brasília,5300108,,Urbi,0.087,https://moovitapp.com/index/pt-br/transporte_p%C3%BAblico-line-0_087-Brasilia-1702-851595-242519-0,-1.0,-15.88499,-48.05372,12.22,,,1,2023-06-15T21:24:18+00:00
BRA_337307,Brasília,5300108,,Urbi,0.814,https://moovitapp.com/index/pt-br/transporte_p%C3%BAblico-line-0_814-Brasilia-1702-851595-492980-0,-1.0,-15.92152,-48.10349,0.0,,,2,2023-06-15T21:24:18+00:00
BRA_336599,Brasília,5300108,,Urbi,0.813,https://moovitapp.com/index/pt-br/transporte_p%C3%BAblico-line-0_813-Brasilia-1702-851595-651523-0,-1.0,-15.89229,-48.05729,0.0,,,2,2023-06-15T21:24:18+00:00
BRA_333891,Brasília,5300108,,Urbi,0.050,https://moovitapp.com/index/pt-br/transporte_p%C3%BAblico-line-0_050-Brasilia-1702-851595-781325-0,-1.0,-15.85172,-48.06623,7.5,,,1,2023-06-15T21:24:18+00:00
BRA_335754,Brasília,5300108,,Urbi,844.2,https://moovitapp.com/index/pt-br/transporte_p%C3%BAblico-line-844_2-Brasilia-1702-851595-339307-0,-1.0,-15.75549,-47.92672,11.67,,,2,2023-06-15T21:24:18+00:00
BRA_335789,Brasília,5300108,,Urbi,366.1,https://moovitapp.com/index/pt-br/transporte_p%C3%BAblico-line-366_1-Brasilia-1702-851595-425249-0,-1.0,-15.8823,-48.08361,0.0,,,1,2023-06-15T21:24:18+00:00
BRA_335592,Brasília,5300108,,Urbi,0.391,https://moovitapp.com/index/pt-br/transporte_p%C3%BAblico-line-0_391-Brasilia-1702-851595-372354-0,-1.0,-15.86111,-48.06108,18.33,,,1,2023-06-15T21:24:18+00:00
BRA_336475,Brasília,5300108,,Urbi,0.811,https://moovitapp.com/index/pt-br/transporte_p%C3%BAblico-line-0_811-Brasilia-1702-851595-334078-0,-1.0,-15.80988,-47.94857,2.22,,,2,2023-06-15T21:24:18+00:00
BRA_336441,Brasília,5300108,,Urbi,038.1,https://moovitapp.com/index/pt-br/transporte_p%C3%BAblico-line-038_1-Brasilia-1702-851595-781327-0,-1.0,-15.82676,-48.05949,0.0,,,1,2023-06-15T21:24:19+00:00
BRA_336262,Brasília,5300108,,Urbi,380.2,https://moovitapp.com/index/pt-br/transporte_p%C3%BAblico-line-380_2-Brasilia-1702-851595-334086-0,-1.0,-15.81052,-47.94509,5.0,,,2,2023-06-15T21:24:19+00:00
BRA_336050,Brasília,5300108,,Urbi,373.2,https://moovitapp.com/index/pt-br/transporte_p%C3%BAblico-line-373_2-Brasilia-1702-851595-334084-0,-1.0,-15.87806,-48.012,9.44,,,2,2023-06-15T21:24:19+00:00
BRA_339661,Brasília,5300108,,Urbi,0.340,https://moovitapp.com/index/pt-br/transporte_p%C3%BAblico-line-0_340-Brasilia-1702-851595-641378-0,-1.0,-15.94253,-48.2417,0.0,,,2,2023-06-15T21:24:19+00:00
BRA_337765,Brasília,5300108,,Urbi,0.038,https://moovitapp.com/index/pt-br/transporte_p%C3%BAblico-line-0_038-Brasilia-1702-851595-687419-0,-1.0,-15.88208,-48.01419,10.28,,,1,2023-06-15T21:24:19+00:00
BRA_339725,Brasília,5300108,,Urbi,0.341,https://moovitapp.com/index/pt-br/transporte_p%C3%BAblico-line-0_341-Brasilia-1702-851595-37928003-0,-1.0,-15.82523,-47.98038,0.0,,,1,2023-06-15T21:24:19+00:00
BRA_340430,Brasília,5300108,,Urbi,0.129,https://moovitapp.com/index/pt-br/transporte_p%C3%BAblico-line-0_129-Brasilia-1702-851595-775097-0,-1.0,-15.86423,-47.93614,0.83,,,1,2023-06-15T21:24:19+00:00
BRA_339326,Brasília,5300108,,Urbi,0.129,https://moovitapp.com/index/pt-br/transporte_p%C3%BAblico-line-0_129-Brasilia-1702-851595-775097-0,-1.0,-15.77223,-47.77977,8.33,,,2,2023-06-15T21:24:19+00:00
BRA_339261,Brasília,5300108,,Urbi,0.053,https://moovitapp.com/index/pt-br/transporte_p%C3%BAblico-line-0_053-Brasilia-1702-851595-588803-0,-1.0,-15.88407,-48.15039,0.0,,,2,2023-06-15T21:24:19+00:00
BRA_338761,Brasília,5300108,,Urbi,0.811,https://moovitapp.com/index/pt-br/transporte_p%C3%BAblico-line-0_811-Brasilia-1702-851595-334078-0,-1.0,-15.90634,-48.04687,13.89,,,2,2023-06-15T21:24:19+00:00
BRA_339041,Brasília,5300108,,Urbi,0.811,https://moovitapp.com/index/pt-br/transporte_p%C3%BAblico-line-0_811-Brasilia-1702-851595-334078-0,-1.0,-15.87253,-47.97747,13.89,,,2,2023-06-15T21:24:19+00:00
BRA_339059,Brasília,5300108,,Urbi,0.810,https://moovitapp.com/index/pt-br/transporte_p%C3%BAblico-line-0_810-Brasilia-1702-851595-363856-0,-1.0,-15.78491,-47.9079,7.22,,,2,2023-06-15T21:24:19+00:00
BRA_338061,Brasília,5300108,,Urbi,805.6,https://moovitapp.com/index/pt-br/transporte_p%C3%BAblico-line-805_6-Brasilia-1702-851595-75080174-0,-1.0,-15.89229,-48.05729,6.67,,,2,2023-06-15T21:24:19+00:00
BRA_337994,Brasília,5300108,,Urbi,813.2,https://moovitapp.com/index/pt-br/transporte_p%C3%BAblico-line-813_2-Brasilia-1702-851595-242636-0,-1.0,-15.90648,-48.08099,0.0,,,1,2023-06-15T21:24:20+00:00
BRA_338397,Brasília,5300108,,Urbi,0.176,https://moovitapp.com/index/pt-br/transporte_p%C3%BAblico-line-0_176-Brasilia-1702-851595-242527-0,-1.0,-15.87818,-48.0083,0.0,,,1,2023-06-15T21:24:20+00:00
BRA_339164,Brasília,5300108,,Urbi,0.808,https://moovitapp.com/index/pt-br/transporte_p%C3%BAblico-line-0_808-Brasilia-1702-851595-372359-0,-1.0,-15.85766,-48.0695,7.78,,,1,2023-06-15T21:24:20+00:00
BRA_338770,Brasília,5300108,,Urbi,0.811,https://moovitapp.com/index/pt-br/transporte_p%C3%BAblico-line-0_811-Brasilia-1702-851595-334078-0,-1.0,-15.913,-48.04786,11.39,,,1,2023-06-15T21:24:20+00:00
BRA_338141,Brasília,5300108,,Urbi,0.176,https://moovitapp.com/index/pt-br/transporte_p%C3%BAblico-line-0_176-Brasilia-1702-851595-242527-0,-1.0,-15.76663,-47.87344,5.83,,,2,2023-06-15T21:24:20+00:00
BRA_336718,Brasília,5300108,,Urbi,396.3,https://moovitapp.com/index/pt-br/transporte_p%C3%BAblico-line-396_3-Brasilia-1702-851595-372378-0,-1.0,-15.83351,-47.95257,4.44,,,2,2023-06-15T21:24:20+00:00
BRA_336866,Brasília,5300108,,Urbi,0.813,https://moovitapp.com/index/pt-br/transporte_p%C3%BAblico-line-0_813-Brasilia-1702-851595-651523-0,-1.0,-15.81079,-47.9413,3.33,,,2,2023-06-15T21:24:20+00:00
BRA_340570,Brasília,5300108,,Urbi,366.7,https://moovitapp.com/index/pt-br/transporte_p%C3%BAblico-line-366_7-Brasilia-1702-851595-650086-0,-1.0,-15.89656,-48.12566,17.22,,,1,2023-06-15T21:24:20+00:00
BRA_340545,Brasília,5300108,,Urbi,391.3,https://moovitapp.com/index/pt-br/transporte_p%C3%BAblico-line-391_3-Brasilia-1702-851595-372373-0,-1.0,-15.73534,-47.90828,14.72,,,2,2023-06-15T21:24:20+00:00
BRA_340448,Brasília,5300108,,Urbi,367.2,https://moovitapp.com/index/pt-br/transporte_p%C3%BAblico-line-367_2-Brasilia-1702-851595-454971-0,-1.0,-15.86084,-48.03568,1.67,,,1,2023-06-15T21:24:20+00:00
BRA_340375,Brasília,5300108,,Urbi,0.171,https://moovitapp.com/index/pt-br/transporte_p%C3%BAblico-line-0_171-Brasilia-1702-851595-242524-0,-1.0,-15.80098,-47.89423,0.0,,,2,2023-06-15T21:24:20+00:00
BRA_340162,Brasília,5300108,,Urbi,366.7,https://moovitapp.com/index/pt-br/transporte_p%C3%BAblico-line-366_7-Brasilia-1702-851595-650086-0,-1.0,-15.88694,-48.10635,6.39,,,2,2023-06-15T21:24:20+00:00
BRA_337846,Brasília,5300108,,Urbi,0.809,https://moovitapp.com/index/pt-br/transporte_p%C3%BAblico-line-0_809-Brasilia-1702-851595-516630-0,-1.0,-15.8781,-48.05083,9.72,,,1,2023-06-15T21:24:20+00:00
BRA_337137,Brasília,5300108,,Urbi,0.177,https://moovitapp.com/index/pt-br/transporte_p%C3%BAblico-line-0_177-Brasilia-1702-851595-242528-0,-1.0,-15.80444,-47.92342,13.06,,,2,2023-06-15T21:24:20+00:00
BRA_337102,Brasília,5300108,,Urbi,0.809,https://moovitapp.com/index/pt-br/transporte_p%C3%BAblico-line-0_809-Brasilia-1702-851595-516630-0,-1.0,-15.91025,-48.09115,8.06,,,1,2023-06-15T21:24:20+00:00
BRA_337242,Brasília,5300108,,Urbi,870.1,https://moovitapp.com/index/pt-br/transporte_p%C3%BAblico-line-870_1-Brasilia-1702-851595-715272-0,-1.0,-15.79439,-47.88486,6.67,,,2,2023-06-15T21:24:20+00:00
BRA_335771,Brasília,5300108,,Urbi,0.835,https://moovitapp.com/index/pt-br/transporte_p%C3%BAblico-line-0_835-Brasilia-1702-851595-775100-0,-1.0,-15.86246,-47.95755,0.28,,,2,2023-06-15T21:24:20+00:00
BRA_333867,Brasília,5300108,,Urbi,0.844,https://moovitapp.com/index/pt-br/transporte_p%C3%BAblico-line-0_844-Brasilia-1702-851595-519386-0,-1.0,-15.80289,-47.96558,1.67,,,2,2023-06-15T21:24:20+00:00
BRA_333930,Brasília,5300108,,Urbi,0.391,https://moovitapp.com/index/pt-br/transporte_p%C3%BAblico-line-0_391-Brasilia-1702-851595-372354-0,-1.0,-15.81947,-47.95016,0.0,,,2,2023-06-15T21:24:20+00:00
BRA_333956,Brasília,5300108,,Urbi,397.2,https://moovitapp.com/index/pt-br/transporte_p%C3%BAblico-line-397_2-Brasilia-1702-851595-890938-0,-1.0,-15.88423,-48.15095,0.0,,,1,2023-06-15T21:24:20+00:00
BRA_335916,Brasília,5300108,,Urbi,366.1,https://moovitapp.com/index/pt-br/transporte_p%C3%BAblico-line-366_1-Brasilia-1702-851595-425249-0,-1.0,-15.88561,-48.11866,0.0,,,1,2023-06-15T21:24:20+00:00
BRA_336319,Brasília,5300108,,Urbi,0.399,https://moovitapp.com/index/pt-br/transporte_p%C3%BAblico-line-0_399-Brasilia-1702-851595-454964-0,-1.0,-15.83473,-48.07853,15.56,,,2,2023-06-15T21:24:21+00:00
BRA_339741,Brasília,5300108,,Urbi,398.1,https://moovitapp.com/index/pt-br/transporte_p%C3%BAblico-line-398_1-Brasilia-1702-851595-510241-0,-1.0,-15.81961,-48.10906,11.67,,,1,2023-06-15T21:24:21+00:00
BRA_337552,Brasília,5300108,,Urbi,0.882,https://moovitapp.com/index/pt-br/transporte_p%C3%BAblico-line-0_882-Brasilia-1702-851595-363858-0,-1.0,-15.89015,-48.0518,7.78,,,2,2023-06-15T21:24:21+00:00
BRA_339393,Brasília,5300108,,Urbi,0.807,https://moovitapp.com/index/pt-br/transporte_p%C3%BAblico-line-0_807-Brasilia-1702-851595-6677121-0,-1.0,-15.9331,-48.1089,0.0,,,2,2023-06-15T21:24:21+00:00
BRA_340308,Brasília,5300108,,Urbi,0.054,https://moovitapp.com/index/pt-br/transporte_p%C3%BAblico-line-0_054-Brasilia-1702-851595-454960-0,-1.0,-15.81907,-48.06764,6.94,,,1,2023-06-15T21:24:21+00:00
BRA_340022,Brasília,5300108,,Urbi,392.2,https://moovitapp.com/index/pt-br/transporte_p%C3%BAblico-line-392_2-Brasilia-1702-851595-372374-0,-1.0,-15.86422,-48.09218,0.28,,,2,2023-06-15T21:24:21+00:00
BRA_340031,Brasília,5300108,,Urbi,0.053,https://moovitapp.com/index/pt-br/transporte_p%C3%BAblico-line-0_053-Brasilia-1702-851595-588803-0,-1.0,-15.80449,-48.07052,0.0,,,1,2023-06-15T21:24:21+00:00
BRA_336785,Brasília,5300108,,Urbi,0.844,https://moovitapp.com/index/pt-br/transporte_p%C3%BAblico-line-0_844-Brasilia-1702-851595-519386-0,-1.0,-15.78599,-47.94156,15.56,,,2,2023-06-15T21:24:21+00:00
BRA_339288,Brasília,5300108,,Urbi,372.2,https://moovitapp.com/index/pt-br/transporte_p%C3%BAblico-line-372_2-Brasilia-1702-851595-242592-0,-1.0,-15.82469,-48.0602,2.22,,,2,2023-06-15T21:24:21+00:00
BRA_338231,Brasília,5300108,,Urbi,0.810,https://moovitapp.com/index/pt-br/transporte_p%C3%BAblico-line-0_810-Brasilia-1702-851595-363856-0,-1.0,-15.85515,-47.95592,0.0,,,2,2023-06-15T21:24:21+00:00
BRA_338451,Brasília,5300108,,Urbi,0.809,https://moovitapp.com/index/pt-br/transporte_p%C3%BAblico-line-0_809-Brasilia-1702-851595-516630-0,-1.0,-15.84366,-47.9187,11.67,,,1,2023-06-15T21:24:21+00:00
BRA_339822,Brasília,5300108,,Urbi,206.2,https://moovitapp.com/index/pt-br/transporte_p%C3%BAblico-line-206_2-Brasilia-1702-851595-781328-0,-1.0,-16.03699,-48.05962,8.33,,,1,2023-06-15T21:24:21+00:00
BRA_337943,Brasília,5300108,,Urbi,871.3,https://moovitapp.com/index/pt-br/transporte_p%C3%BAblico-line-871_3-Brasilia-1702-851595-588820-0,-1.0,-15.91318,-48.05585,0.0,,,1,2023-06-15T21:24:22+00:00
BRA_338346,Brasília,5300108,,Urbi,0.038,https://moovitapp.com/index/pt-br/transporte_p%C3%BAblico-line-0_038-Brasilia-1702-851595-687419-0,-1.0,-15.8763,-47.99669,4.72,,,1,2023-06-15T21:24:22+00:00
BRA_338753,Brasília,5300108,,Urbi,874.4,https://moovitapp.com/index/pt-br/transporte_p%C3%BAblico-line-874_4-Brasilia-1702-851595-775106-0,-1.0,-15.91632,-48.05012,4.44,,,2,2023-06-15T21:24:22+00:00
BRA_339083,Brasília,5300108,,Urbi,0.872,https://moovitapp.com/index/pt-br/transporte_p%C3%BAblico-line-0_872-Brasilia-1702-851595-466291-0,-1.0,-15.82361,-48.06399,7.22,,,1,2023-06-15T21:24:22+00:00
BRA_339148,Brasília,5300108,,Urbi,084.1,https://moovitapp.com/index/pt-br/transporte_p%C3%BAblico-line-084_1-Brasilia-1702-851595-466292-0,-1.0,-15.74892,-47.92208,17.78,,,1,2023-06-15T21:24:22+00:00
BRA_340197,Brasília,5300108,,Urbi,0.317,https://moovitapp.com/index/pt-br/transporte_p%C3%BAblico-line-0_317-Brasilia-1702-851595-484200-0,-1.0,-15.81189,-47.97911,6.94,,,2,2023-06-15T21:24:22+00:00
BRA_337579,Brasília,5300108,,Urbi,806.8,https://moovitapp.com/index/pt-br/transporte_p%C3%BAblico-line-806_8-Brasilia-1702-851595-74275051-0,-1.0,-15.94838,-48.0159,6.94,,,2,2023-06-15T21:24:22+00:00
BRA_339598,Brasília,5300108,,Urbi,0.806,https://moovitapp.com/index/pt-br/transporte_p%C3%BAblico-line-0_806-Brasilia-1702-851595-339299-0,-1.0,-15.95762,-48.02597,8.33,,,2,2023-06-15T21:24:22+00:00
BRA_339709,Brasília,5300108,,Urbi,865.1,https://moovitapp.com/index/pt-br/transporte_p%C3%BAblico-line-865_1-Brasilia-1702-851595-339309-0,-1.0,-15.99871,-48.05812,5.83,,,2,2023-06-15T21:24:22+00:00
BRA_337323,Brasília,5300108,,Urbi,0.177,https://moovitapp.com/index/pt-br/transporte_p%C3%BAblico-line-0_177-Brasilia-1702-851595-242528-0,-1.0,-15.87794,-48.00568,4.44,,,1,2023-06-15T21:24:22+00:00
BRA_336564,Brasília,5300108,,Urbi,805.2,https://moovitapp.com/index/pt-br/transporte_p%C3%BAblico-line-805_2-Brasilia-1702-851595-454981-0,-1.0,-15.88022,-48.05399,0.83,,,1,2023-06-15T21:24:22+00:00
BRA_335967,Brasília,5300108,,Urbi,396.2,https://moovitapp.com/index/pt-br/transporte_p%C3%BAblico-line-396_2-Brasilia-1702-851595-372377-0,-1.0,-15.80935,-47.90222,0.28,,,2,2023-06-15T21:24:22+00:00
BRA_335762,Brasília,5300108,,Urbi,373.2,https://moovitapp.com/index/pt-br/transporte_p%C3%BAblico-line-373_2-Brasilia-1702-851595-334084-0,-1.0,-15.86885,-48.08709,0.0,,,2,2023-06-15T21:24:22+00:00
BRA_335487,Brasília,5300108,,Urbi,3944,https://moovitapp.com/index/pt-br/transporte_p%C3%BAblico-line-3944-Brasilia-1702-851595-90452197-0,-1.0,-15.80416,-47.92412,0.0,,,2,2023-06-15T21:24:22+00:00
BRA_335801,Brasília,5300108,,Urbi,0.373,https://moovitapp.com/index/pt-br/transporte_p%C3%BAblico-line-0_373-Brasilia-1702-851595-334072-0,-1.0,-15.86109,-48.08654,0.56,,,2,2023-06-15T21:24:23+00:00
BRA_336530,Brasília,5300108,,Urbi,0.813,https://moovitapp.com/index/pt-br/transporte_p%C3%BAblico-line-0_813-Brasilia-1702-851595-651523-0,-1.0,-15.89855,-48.05556,11.94,,,2,2023-06-15T21:24:23+00:00
BRA_336301,Brasília,5300108,,Urbi,380.2,https://moovitapp.com/index/pt-br/transporte_p%C3%BAblico-line-380_2-Brasilia-1702-851595-334086-0,-1.0,-15.86948,-48.08841,0.56,,,2,2023-06-15T21:24:23+00:00
BRA_337331,Brasília,5300108,,Urbi,870.1,https://moovitapp.com/index/pt-br/transporte_p%C3%BAblico-line-870_1-Brasilia-1702-851595-715272-0,-1.0,-15.87624,-47.99029,9.44,,,2,2023-06-15T21:24:23+00:00
BRA_337200,Brasília,5300108,,Urbi,0.087,https://moovitapp.com/index/pt-br/transporte_p%C3%BAblico-line-0_087-Brasilia-1702-851595-242519-0,-1.0,-15.94982,-48.03339,0.0,,,2,2023-06-15T21:24:23+00:00
BRA_337684,Brasília,5300108,,Urbi,0.811,https://moovitapp.com/index/pt-br/transporte_p%C3%BAblico-line-0_811-Brasilia-1702-851595-334078-0,-1.0,-15.77475,-47.8881,0.0,,,1,2023-06-15T21:24:23+00:00
BRA_339628,Brasília,5300108,,Urbi,8111,https://moovitapp.com/index/pt-br/transporte_p%C3%BAblico-line-8111-Brasilia-1702-851595-98259424-0,-1.0,-15.80917,-47.94853,2.5,,,2,2023-06-15T21:24:23+00:00
BRA_337536,Brasília,5300108,,Urbi,8133,https://moovitapp.com/index/pt-br/transporte_p%C3%BAblico-line-8133-Brasilia-1702-851595-115849373-0,-1.0,-15.76857,-47.88966,5.0,,,2,2023-06-15T21:24:23+00:00
BRA_339482,Brasília,5300108,,Urbi,038.1,https://moovitapp.com/index/pt-br/transporte_p%C3%BAblico-line-038_1-Brasilia-1702-851595-781327-0,-1.0,-15.83282,-48.0546,1.67,,,2,2023-06-15T21:24:23+00:00
BRA_339504,Brasília,5300108,,Urbi,812.2,https://moovitapp.com/index/pt-br/transporte_p%C3%BAblico-line-812_2-Brasilia-1702-851595-418746-0,-1.0,-15.83927,-48.0965,8.61,,,1,2023-06-15T21:24:23+00:00
BRA_340618,Brasília,5300108,,Urbi,0.082,https://moovitapp.com/index/pt-br/transporte_p%C3%BAblico-line-0_082-Brasilia-1702-851595-781326-0,-1.0,-15.77894,-47.93932,0.0,,,1,2023-06-15T21:24:23+00:00
BRA_336670,Brasília,5300108,,Urbi,0.391,https://moovitapp.com/index/pt-br/transporte_p%C3%BAblico-line-0_391-Brasilia-1702-851595-372354-0,-1.0,-15.86245,-48.08847,0.0,,,2,2023-06-15T21:24:23+00:00
BRA_339385,Brasília,5300108,,Urbi,366.7,https://moovitapp.com/index/pt-br/transporte_p%C3%BAblico-line-366_7-Brasilia-1702-851595-650086-0,-1.0,-15.88754,-48.14815,8.61,,,1,2023-06-15T21:24:23+00:00
BRA_339253,Brasília,5300108,,Urbi,056.2,https://moovitapp.com/index/pt-br/transporte_p%C3%BAblico-line-056_2-Brasilia-1702-851595-492982-0,-1.0,-15.82815,-48.07891,0.0,,,1,2023-06-15T21:24:23+00:00
BRA_336777,Brasília,5300108,,Urbi,394.1,https://moovitapp.com/index/pt-br/transporte_p%C3%BAblico-line-394_1-Brasilia-1702-851595-334089-0,-1.0,-15.84547,-48.04427,1.94,,,2,2023-06-15T21:24:23+00:00
BRA_338818,Brasília,5300108,,Urbi,0.898,https://moovitapp.com/index/pt-br/transporte_p%C3%BAblico-line-0_898-Brasilia-1702-851595-322394-0,-1.0,-15.84068,-48.12662,0.0,,,1,2023-06-15T21:24:23+00:00
BRA_338281,Brasília,5300108,,Urbi,0.368,https://moovitapp.com/index/pt-br/transporte_p%C3%BAblico-line-0_368-Brasilia-1702-851595-706971-0,-1.0,-15.84786,-48.04305,8.61,,,1,2023-06-15T21:24:23+00:00
BRA_338290,Brasília,5300108,,Urbi,813.2,https://moovitapp.com/index/pt-br/transporte_p%C3%BAblico-line-813_2-Brasilia-1702-851595-242636-0,-1.0,-15.90407,-48.07447,9.44,,,2,2023-06-15T21:24:24+00:00
BRA_338087,Brasília,5300108,,Urbi,0.898,https://moovitapp.com/index/pt-br/transporte_p%C3%BAblico-line-0_898-Brasilia-1702-851595-322394-0,-1.0,-15.83326,-48.05612,0.0,,,1,2023-06-15T21:24:24+00:00
BRA_338419,Brasília,5300108,,Urbi,0.805,https://moovitapp.com/index/pt-br/transporte_p%C3%BAblico-line-0_805-Brasilia-1702-851595-460800-0,-1.0,-15.82598,-48.05979,4.17,,,1,2023-06-15T21:24:24+00:00
BRA_338681,Brasília,5300108,,Urbi,0.882,https://moovitapp.com/index/pt-br/transporte_p%C3%BAblico-line-0_882-Brasilia-1702-851595-363858-0,-1.0,-15.81032,-47.94642,3.06,,,2,2023-06-15T21:24:24+00:00
BRA_338605,Brasília,5300108,,Urbi,813.2,https://moovitapp.com/index/pt-br/transporte_p%C3%BAblico-line-813_2-Brasilia-1702-851595-242636-0,-1.0,-15.87507,-48.04731,9.72,,,2,2023-06-15T21:24:24+00:00
BRA_338648,Brasília,5300108,,Urbi,0.818,https://moovitapp.com/index/pt-br/transporte_p%C3%BAblico-line-0_818-Brasilia-1702-851595-242550-0,-1.0,-15.80236,-47.96924,2.78,,,2,2023-06-15T21:24:24+00:00
BRA_339211,Brasília,5300108,,Urbi,0.391,https://moovitapp.com/index/pt-br/transporte_p%C3%BAblico-line-0_391-Brasilia-1702-851595-372354-0,-1.0,-15.74483,-47.89734,6.11,,,2,2023-06-15T21:24:24+00:00
BRA_339911,Brasília,5300108,,Urbi,0.825,https://moovitapp.com/index/pt-br/transporte_p%C3%BAblico-line-0_825-Brasilia-1702-851595-334081-0,-1.0,-15.79533,-47.88294,0.0,,,1,2023-06-15T21:24:24+00:00
BRA_340693,Brasília,5300108,,Urbi,0.821,https://moovitapp.com/index/pt-br/transporte_p%C3%BAblico-line-0_821-Brasilia-1702-851595-334080-0,-1.0,-15.84565,-47.92418,15.0,,,1,2023-06-15T21:24:24+00:00
BRA_337609,Brasília,5300108,,Urbi,0.811,https://moovitapp.com/index/pt-br/transporte_p%C3%BAblico-line-0_811-Brasilia-1702-851595-334078-0,-1.0,-15.78722,-47.88799,0.0,,,2,2023-06-15T21:24:24+00:00
BRA_337617,Brasília,5300108,,Urbi,813.2,https://moovitapp.com/index/pt-br/transporte_p%C3%BAblico-line-813_2-Brasilia-1702-851595-242636-0,-1.0,-15.90438,-48.06817,0.0,,,2,2023-06-15T21:24:24+00:00
BRA_336149,Brasília,5300108,,Urbi,870.1,https://moovitapp.com/index/pt-br/transporte_p%C3%BAblico-line-870_1-Brasilia-1702-851595-715272-0,-1.0,-15.84367,-47.91884,11.39,,,1,2023-06-15T21:24:24+00:00
BRA_335738,Brasília,5300108,,Urbi,0.825,https://moovitapp.com/index/pt-br/transporte_p%C3%BAblico-line-0_825-Brasilia-1702-851595-334081-0,-1.0,-15.85461,-47.95585,1.94,,,2,2023-06-15T21:24:24+00:00
BRA_333981,Brasília,5300108,,Urbi,0.056,https://moovitapp.com/index/pt-br/transporte_p%C3%BAblico-line-0_056-Brasilia-1702-851595-588804-0,-1.0,-15.88119,-48.07859,15.0,,,1,2023-06-15T21:24:24+00:00
BRA_333948,Brasília,5300108,,Urbi,0.841,https://moovitapp.com/index/pt-br/transporte_p%C3%BAblico-line-0_841-Brasilia-1702-851595-339302-0,-1.0,-15.83302,-48.05533,0.56,,,2,2023-06-15T21:24:24+00:00
BRA_333905,Brasília,5300108,,Urbi,372.4,https://moovitapp.com/index/pt-br/transporte_p%C3%BAblico-line-372_4-Brasilia-1702-851595-650087-0,-1.0,-15.81954,-48.06541,5.56,,,1,2023-06-15T21:24:25+00:00
BRA_335649,Brasília,5300108,,Urbi,393.4,https://moovitapp.com/index/pt-br/transporte_p%C3%BAblico-line-393_4-Brasilia-1702-851595-588816-0,-1.0,-15.88034,-48.07584,0.0,,,1,2023-06-15T21:24:25+00:00
BRA_336327,Brasília,5300108,,Urbi,0.380,https://moovitapp.com/index/pt-br/transporte_p%C3%BAblico-line-0_380-Brasilia-1702-851595-334073-0,-1.0,-15.78633,-47.91002,10.56,,,1,2023-06-15T21:24:25+00:00
BRA_337668,Brasília,5300108,,Urbi,0.898,https://moovitapp.com/index/pt-br/transporte_p%C3%BAblico-line-0_898-Brasilia-1702-851595-322394-0,-1.0,-15.88221,-48.05378,2.22,,,1,2023-06-15T21:24:25+00:00
BRA_336343,Brasília,5300108,,Urbi,0.394,https://moovitapp.com/index/pt-br/transporte_p%C3%BAblico-line-0_394-Brasilia-1702-851595-334076-0,-1.0,-15.84609,-48.04396,3.33,,,2,2023-06-15T21:24:25+00:00
BRA_340723,Brasília,5300108,,Urbi,391.3,https://moovitapp.com/index/pt-br/transporte_p%C3%BAblico-line-391_3-Brasilia-1702-851595-372373-0,-1.0,-15.86868,-47.97007,4.17,,,2,2023-06-15T21:24:25+00:00
BRA_340596,Brasília,5300108,,Urbi,391.3,https://moovitapp.com/index/pt-br/transporte_p%C3%BAblico-line-391_3-Brasilia-1702-851595-372373-0,-1.0,-15.81312,-47.90737,4.44,,,2,2023-06-15T21:24:25+00:00
BRA_340588,Brasília,5300108,,Urbi,366.1,https://moovitapp.com/index/pt-br/transporte_p%C3%BAblico-line-366_1-Brasilia-1702-851595-425249-0,-1.0,-15.88695,-48.12167,5.56,,,1,2023-06-15T21:24:25+00:00
BRA_340391,Brasília,5300108,,Urbi,0.366,https://moovitapp.com/index/pt-br/transporte_p%C3%BAblico-line-0_366-Brasilia-1702-851595-650085-0,-1.0,-15.88801,-48.10731,13.61,,,2,2023-06-15T21:24:25+00:00
BRA_340057,Brasília,5300108,,Urbi,0.391,https://moovitapp.com/index/pt-br/transporte_p%C3%BAblico-line-0_391-Brasilia-1702-851595-372354-0,-1.0,-15.81078,-47.94264,6.67,,,2,2023-06-15T21:24:25+00:00
BRA_339016,Brasília,5300108,,Urbi,0.812,https://moovitapp.com/index/pt-br/transporte_p%C3%BAblico-line-0_812-Brasilia-1702-851595-697958-0,-1.0,-15.79043,-48.13815,5.0,,,1,2023-06-15T21:24:25+00:00
BRA_338222,Brasília,5300108,,Urbi,870.1,https://moovitapp.com/index/pt-br/transporte_p%C3%BAblico-line-870_1-Brasilia-1702-851595-715272-0,-1.0,-15.83529,-47.92641,2.22,,,2,2023-06-15T21:24:25+00:00
BRA_338150,Brasília,5300108,,Urbi,0.172,https://moovitapp.com/index/pt-br/transporte_p%C3%BAblico-line-0_172-Brasilia-1702-851595-470756-0,-1.0,-15.87767,-48.00208,15.28,,,2,2023-06-15T21:24:25+00:00
BRA_338737,Brasília,5300108,,Urbi,0.810,https://moovitapp.com/index/pt-br/transporte_p%C3%BAblico-line-0_810-Brasilia-1702-851595-363856-0,-1.0,-15.87631,-47.98764,15.0,,,1,2023-06-15T21:24:26+00:00
BRA_339121,Brasília,5300108,,Urbi,0.876,https://moovitapp.com/index/pt-br/transporte_p%C3%BAblico-line-0_876-Brasilia-1702-851595-639508-0,-1.0,-15.85574,-47.95596,1.11,,,2,2023-06-15T21:24:26+00:00
BRA_339075,Brasília,5300108,,Urbi,807.9,https://moovitapp.com/index/pt-br/transporte_p%C3%BAblico-line-807_9-Brasilia-1702-851595-322409-0,-1.0,-15.91998,-48.05916,3.89,,,2,2023-06-15T21:24:26+00:00
BRA_336688,Brasília,5300108,,Urbi,396.3,https://moovitapp.com/index/pt-br/transporte_p%C3%BAblico-line-396_3-Brasilia-1702-851595-372378-0,-1.0,-15.81813,-47.94995,0.0,,,2,2023-06-15T21:24:26+00:00
BRA_339237,Brasília,5300108,,Urbi,396.2,https://moovitapp.com/index/pt-br/transporte_p%C3%BAblico-line-396_2-Brasilia-1702-851595-372377-0,-1.0,-15.87949,-48.09276,8.61,,,2,2023-06-15T21:24:26+00:00
BRA_337048,Brasília,5300108,,Urbi,0.898,https://moovitapp.com/index/pt-br/transporte_p%C3%BAblico-line-0_898-Brasilia-1702-851595-322394-0,-1.0,-15.91518,-48.04721,0.0,,,1,2023-06-15T21:24:26+00:00
BRA_337021,Brasília,5300108,,Urbi,0.882,https://moovitapp.com/index/pt-br/transporte_p%C3%BAblico-line-0_882-Brasilia-1702-851595-363858-0,-1.0,-15.78393,-47.91163,11.67,,,2,2023-06-15T21:24:26+00:00
BRA_336947,Brasília,5300108,,Urbi,874.4,https://moovitapp.com/index/pt-br/transporte_p%C3%BAblico-line-874_4-Brasilia-1702-851595-775106-0,-1.0,-15.86278,-47.95842,0.0,,,2,2023-06-15T21:24:26+00:00
BRA_337382,Brasília,5300108,,Urbi,0.809,https://moovitapp.com/index/pt-br/transporte_p%C3%BAblico-line-0_809-Brasilia-1702-851595-516630-0,-1.0,-15.88236,-48.06169,1.94,,,2,2023-06-15T21:24:26+00:00
BRA_337811,Brasília,5300108,,Urbi,872.2,https://moovitapp.com/index/pt-br/transporte_p%C3%BAblico-line-872_2-Brasilia-1702-851595-425251-0,-1.0,-15.91963,-48.04855,1.11,,,1,2023-06-15T21:24:26+00:00
BRA_339539,Brasília,5300108,,Urbi,0.806,https://moovitapp.com/index/pt-br/transporte_p%C3%BAblico-line-0_806-Brasilia-1702-851595-339299-0,-1.0,-15.86996,-48.05642,0.0,,,1,2023-06-15T21:24:26+00:00
BRA_336572,Brasília,5300108,,Urbi,0.813,https://moovitapp.com/index/pt-br/transporte_p%C3%BAblico-line-0_813-Brasilia-1702-851595-651523-0,-1.0,-15.90102,-48.05472,0.0,,,1,2023-06-15T21:24:26+00:00
BRA_336581,Brasília,5300108,,Urbi,0.813,https://moovitapp.com/index/pt-br/transporte_p%C3%BAblico-line-0_813-Brasilia-1702-851595-651523-0,-1.0,-15.81501,-47.9099,7.78,,,2,2023-06-15T21:24:26+00:00
BRA_336483,Brasília,5300108,,Urbi,813.1,https://moovitapp.com/index/pt-br/transporte_p%C3%BAblico-line-813_1-Brasilia-1702-851595-242635-0,-1.0,-15.83129,-48.0516,1.11,,,2,2023-06-15T21:24:26+00:00
BRA_336190,Brasília,5300108,,Urbi,0.394,https://moovitapp.com/index/pt-br/transporte_p%C3%BAblico-line-0_394-Brasilia-1702-851595-334076-0,-1.0,-15.79328,-47.88254,0.0,,,2,2023-06-15T21:24:26+00:00
BRA_335606,Brasília,5300108,,Urbi,391.3,https://moovitapp.com/index/pt-br/transporte_p%C3%BAblico-line-391_3-Brasilia-1702-851595-372373-0,-1.0,-15.83396,-47.95255,1.11,,,2,2023-06-15T21:24:26+00:00
BRA_335673,Brasília,5300108,,Urbi,160.2,https://moovitapp.com/index/pt-br/transporte_p%C3%BAblico-line-160_2-Brasilia-1702-851595-242581-0,-1.0,-15.80059,-47.87798,6.94,,,2,2023-06-15T21:24:27+00:00
BRA_335827,Brasília,5300108,,Urbi,0.050,https://moovitapp.com/index/pt-br/transporte_p%C3%BAblico-line-0_050-Brasilia-1702-851595-781325-0,-1.0,-15.88396,-48.15012,0.0,,,1,2023-06-15T21:24:27+00:00
BRA_335959,Brasília,5300108,,Urbi,0.373,https://moovitapp.com/index/pt-br/transporte_p%C3%BAblico-line-0_373-Brasilia-1702-851595-334072-0,-1.0,-15.79321,-47.88253,0.0,,,2,2023-06-15T21:24:27+00:00
BRA_337455,Brasília,5300108,,Urbi,0.809,https://moovitapp.com/index/pt-br/transporte_p%C3%BAblico-line-0_809-Brasilia-1702-851595-516630-0,-1.0,-15.88011,-48.05492,13.06,,,2,2023-06-15T21:24:27+00:00
BRA_337153,Brasília,5300108,,Urbi,874.4,https://moovitapp.com/index/pt-br/transporte_p%C3%BAblico-line-874_4-Brasilia-1702-851595-775106-0,-1.0,-15.87767,-48.00297,15.56,,,1,2023-06-15T21:24:27+00:00
BRA_337226,Brasília,5300108,,Urbi,0.808,https://moovitapp.com/index/pt-br/transporte_p%C3%BAblico-line-0_808-Brasilia-1702-851595-372359-0,-1.0,-15.81684,-48.10328,5.83,,,2,2023-06-15T21:24:27+00:00
BRA_337129,Brasília,5300108,,Urbi,874.4,https://moovitapp.com/index/pt-br/transporte_p%C3%BAblico-line-874_4-Brasilia-1702-851595-775106-0,-1.0,-15.79087,-47.91156,8.06,,,2,2023-06-15T21:24:27+00:00
BRA_337145,Brasília,5300108,,Urbi,0.873,https://moovitapp.com/index/pt-br/transporte_p%C3%BAblico-line-0_873-Brasilia-1702-851595-510238-0,-1.0,-15.90416,-48.04519,9.44,,,1,2023-06-15T21:24:27+00:00
BRA_340553,Brasília,5300108,,Urbi,391.3,https://moovitapp.com/index/pt-br/transporte_p%C3%BAblico-line-391_3-Brasilia-1702-851595-372373-0,-1.0,-15.79623,-47.89121,3.06,,,2,2023-06-15T21:24:27+00:00
BRA_340090,Brasília,5300108,,Urbi,056.4,https://moovitapp.com/index/pt-br/transporte_p%C3%BAblico-line-056_4-Brasilia-1702-851595-519387-0,-1.0,-15.88245,-48.12608,6.39,,,1,2023-06-15T21:24:27+00:00
BRA_336815,Brasília,5300108,,Urbi,0.871,https://moovitapp.com/index/pt-br/transporte_p%C3%BAblico-line-0_871-Brasilia-1702-851595-418741-0,-1.0,-15.80876,-47.95732,0.28,,,2,2023-06-15T21:24:27+00:00
BRA_339300,Brasília,5300108,,Urbi,0.821,https://moovitapp.com/index/pt-br/transporte_p%C3%BAblico-line-0_821-Brasilia-1702-851595-334080-0,-1.0,-15.87635,-48.04824,11.94,,,1,2023-06-15T21:24:27+00:00
BRA_335835,Brasília,5300108,,Urbi,398.1,https://moovitapp.com/index/pt-br/transporte_p%C3%BAblico-line-398_1-Brasilia-1702-851595-510241-0,-1.0,-15.89548,-48.1224,8.33,,,1,2023-06-15T21:24:27+00:00
BRA_338486,Brasília,5300108,,Urbi,813.2,https://moovitapp.com/index/pt-br/transporte_p%C3%BAblico-line-813_2-Brasilia-1702-851595-242636-0,-1.0,-15.85633,-47.95615,0.56,,,2,2023-06-15T21:24:27+00:00
BRA_337986,Brasília,5300108,,Urbi,807.1,https://moovitapp.com/index/pt-br/transporte_p%C3%BAblico-line-807_1-Brasilia-1702-851595-322407-0,-1.0,-15.93298,-48.1089,8.33,,,1,2023-06-15T21:24:27+00:00
BRA_338320,Brasília,5300108,,Urbi,0.809,https://moovitapp.com/index/pt-br/transporte_p%C3%BAblico-line-0_809-Brasilia-1702-851595-516630-0,-1.0,-15.85652,-47.95618,0.56,,,2,2023-06-15T21:24:28+00:00
BRA_339091,Brasília,5300108,,Urbi,805.1,https://moovitapp.com/index/pt-br/transporte_p%C3%BAblico-line-805_1-Brasilia-1702-851595-454980-0,-1.0,-15.88154,-48.06093,8.06,,,1,2023-06-15T21:24:28+00:00
BRA_337714,Brasília,5300108,,Urbi,0.818,https://moovitapp.com/index/pt-br/transporte_p%C3%BAblico-line-0_818-Brasilia-1702-851595-242550-0,-1.0,-15.76983,-47.93798,6.94,,,2,2023-06-15T21:24:28+00:00
BRA_336700,Brasília,5300108,,Urbi,0.380,https://moovitapp.com/index/pt-br/transporte_p%C3%BAblico-line-0_380-Brasilia-1702-851595-334073-0,-1.0,-15.80924,-47.95374,13.33,,,1,2023-06-15T21:24:28+00:00
BRA_336769,Brasília,5300108,,Urbi,0.347,https://moovitapp.com/index/pt-br/transporte_p%C3%BAblico-line-0_347-Brasilia-1702-851595-347128-0,-1.0,-15.8356,-48.08462,15.28,,,1,2023-06-15T21:24:28+00:00
BRA_337269,Brasília,5300108,,Urbi,870.1,https://moovitapp.com/index/pt-br/transporte_p%C3%BAblico-line-870_1-Brasilia-1702-851595-715272-0,-1.0,-15.83628,-47.92776,4.72,,,2,2023-06-15T21:24:28+00:00
BRA_337528,Brasília,5300108,,Urbi,813.2,https://moovitapp.com/index/pt-br/transporte_p%C3%BAblico-line-813_2-Brasilia-1702-851595-242636-0,-1.0,-15.7359,-47.90697,0.0,,,2,2023-06-15T21:24:28+00:00
BRA_339580,Brasília,5300108,,Urbi,807.6,https://moovitapp.com/index/pt-br/transporte_p%C3%BAblico-line-807_6-Brasilia-1702-851595-334092-0,-1.0,-15.92144,-48.05274,0.0,,,1,2023-06-15T21:24:28+00:00
BRA_336432,Brasília,5300108,,Urbi,0.813,https://moovitapp.com/index/pt-br/transporte_p%C3%BAblico-line-0_813-Brasilia-1702-851595-651523-0,-1.0,-15.84308,-48.04555,1.11,,,2,2023-06-15T21:24:28+00:00
BRA_336556,Brasília,5300108,,Urbi,0.881,https://moovitapp.com/index/pt-br/transporte_p%C3%BAblico-line-0_881-Brasilia-1702-851595-363857-0,-1.0,-15.8121,-47.98532,18.89,,,1,2023-06-15T21:24:28+00:00
BRA_336335,Brasília,5300108,,Urbi,394.1,https://moovitapp.com/index/pt-br/transporte_p%C3%BAblico-line-394_1-Brasilia-1702-851595-334089-0,-1.0,-15.83092,-48.05105,1.94,,,2,2023-06-15T21:24:28+00:00
BRA_335860,Brasília,5300108,,Urbi,0.853,https://moovitapp.com/index/pt-br/transporte_p%C3%BAblico-line-0_853-Brasilia-1702-851595-454968-0,-1.0,-15.87759,-48.01558,1.94,,,2,2023-06-15T21:24:28+00:00
BRA_335550,Brasília,5300108,,Urbi,0.844,https://moovitapp.com/index/pt-br/transporte_p%C3%BAblico-line-0_844-Brasilia-1702-851595-519386-0,-1.0,-15.8323,-48.05315,5.83,,,2,2023-06-15T21:24:28+00:00
BRA_335398,Brasília,5300108,,Urbi,0.853,https://moovitapp.com/index/pt-br/transporte_p%C3%BAblico-line-0_853-Brasilia-1702-851595-454968-0,-1.0,-15.80792,-47.88253,0.0,,,2,2023-06-15T21:24:28+00:00
BRA_336165,Brasília,5300108,,Urbi,0.960,https://moovitapp.com/index/pt-br/transporte_p%C3%BAblico-line-0_960-Brasilia-1702-851595-29427890-0,-1.0,-15.89918,-48.05542,0.0,,,2,2023-06-15T21:24:29+00:00
BRA_337404,Brasília,5300108,,Urbi,0.177,https://moovitapp.com/index/pt-br/transporte_p%C3%BAblico-line-0_177-Brasilia-1702-851595-242528-0,-1.0,-15.81019,-47.9473,1.11,,,1,2023-06-15T21:24:29+00:00
BRA_337064,Brasília,5300108,,Urbi,812.2,https://moovitapp.com/index/pt-br/transporte_p%C3%BAblico-line-812_2-Brasilia-1702-851595-418746-0,-1.0,-15.91577,-48.04707,7.5,,,1,2023-06-15T21:24:29+00:00
BRA_338885,Brasília,5300108,,Urbi,812.1,https://moovitapp.com/index/pt-br/transporte_p%C3%BAblico-line-812_1-Brasilia-1702-851595-372386-0,-1.0,-15.90642,-48.08073,7.5,,,1,2023-06-15T21:24:29+00:00
BRA_339130,Brasília,5300108,,Urbi,815.1,https://moovitapp.com/index/pt-br/transporte_p%C3%BAblico-line-815_1-Brasilia-1702-851595-41341238-0,-1.0,-15.91401,-48.05034,0.0,,,1,2023-06-15T21:24:30+00:00
BRA_338524,Brasília,5300108,,Urbi,0.819,https://moovitapp.com/index/pt-br/transporte_p%C3%BAblico-line-0_819-Brasilia-1702-851595-418739-0,-1.0,-15.81971,-47.8938,1.94,,,2,2023-06-15T21:24:30+00:00
BRA_338532,Brasília,5300108,,Urbi,0.886,https://moovitapp.com/index/pt-br/transporte_p%C3%BAblico-line-0_886-Brasilia-1702-851595-704024-0,-1.0,-15.79792,-48.12504,0.0,,,2,2023-06-15T21:24:30+00:00
BRA_338257,Brasília,5300108,,Urbi,0.176,https://moovitapp.com/index/pt-br/transporte_p%C3%BAblico-line-0_176-Brasilia-1702-851595-242527-0,-1.0,-15.80185,-47.87808,11.94,,,2,2023-06-15T21:24:30+00:00
BRA_338664,Brasília,5300108,,Urbi,0.816,https://moovitapp.com/index/pt-br/transporte_p%C3%BAblico-line-0_816-Brasilia-1702-851595-322387-0,-1.0,-15.79824,-47.87251,9.72,,,2,2023-06-15T21:24:30+00:00
BRA_338869,Brasília,5300108,,Urbi,871.3,https://moovitapp.com/index/pt-br/transporte_p%C3%BAblico-line-871_3-Brasilia-1702-851595-588820-0,-1.0,-15.87754,-48.01593,0.0,,,2,2023-06-15T21:24:30+00:00
BRA_340324,Brasília,5300108,,Urbi,396.3,https://moovitapp.com/index/pt-br/transporte_p%C3%BAblico-line-396_3-Brasilia-1702-851595-372378-0,-1.0,-15.87592,-47.98656,12.78,,,2,2023-06-15T21:24:30+00:00
BRA_339989,Brasília,5300108,,Urbi,825.1,https://moovitapp.com/index/pt-br/transporte_p%C3%BAblico-line-825_1-Brasilia-1702-851595-16483903-0,-1.0,-15.94253,-48.2417,7.22,,,2,2023-06-15T21:24:30+00:00
BRA_340073,Brasília,5300108,,Urbi,366.1,https://moovitapp.com/index/pt-br/transporte_p%C3%BAblico-line-366_1-Brasilia-1702-851595-425249-0,-1.0,-15.87204,-48.0841,1.94,,,1,2023-06-15T21:24:30+00:00
BRA_336971,Brasília,5300108,,Urbi,0.172,https://moovitapp.com/index/pt-br/transporte_p%C3%BAblico-line-0_172-Brasilia-1702-851595-470756-0,-1.0,-15.86378,-47.96023,4.17,,,2,2023-06-15T21:24:30+00:00
BRA_336921,Brasília,5300108,,Urbi,805.9,https://moovitapp.com/index/pt-br/transporte_p%C3%BAblico-line-805_9-Brasilia-1702-851595-454983-0,-1.0,-15.87529,-48.05934,0.83,,,1,2023-06-15T21:24:30+00:00
BRA_337170,Brasília,5300108,,Urbi,874.4,https://moovitapp.com/index/pt-br/transporte_p%C3%BAblico-line-874_4-Brasilia-1702-851595-775106-0,-1.0,-15.85481,-47.95585,0.83,,,2,2023-06-15T21:24:30+00:00
BRA_337587,Brasília,5300108,,Urbi,813.2,https://moovitapp.com/index/pt-br/transporte_p%C3%BAblico-line-813_2-Brasilia-1702-851595-242636-0,-1.0,-15.82788,-47.92728,0.0,,,1,2023-06-15T21:24:30+00:00
BRA_339423,Brasília,5300108,,Urbi,807.2,https://moovitapp.com/index/pt-br/transporte_p%C3%BAblico-line-807_2-Brasilia-1702-851595-781329-0,-1.0,-15.91751,-48.09583,4.17,,,1,2023-06-15T21:24:30+00:00
BRA_337862,Brasília,5300108,,Urbi,0.087,https://moovitapp.com/index/pt-br/transporte_p%C3%BAblico-line-0_087-Brasilia-1702-851595-242519-0,-1.0,-15.89266,-48.04875,0.0,,,1,2023-06-15T21:24:30+00:00
BRA_339695,Brasília,5300108,,Urbi,0.163,https://moovitapp.com/index/pt-br/transporte_p%C3%BAblico-line-0_163-Brasilia-1702-851595-352629-0,-1.0,-15.83184,-47.95133,7.78,,,1,2023-06-15T21:24:30+00:00
BRA_336203,Brasília,5300108,,Urbi,0.380,https://moovitapp.com/index/pt-br/transporte_p%C3%BAblico-line-0_380-Brasilia-1702-851595-334073-0,-1.0,-15.81154,-47.97782,12.78,,,2,2023-06-15T21:24:30+00:00
BRA_336548,Brasília,5300108,,Urbi,0.813,https://moovitapp.com/index/pt-br/transporte_p%C3%BAblico-line-0_813-Brasilia-1702-851595-651523-0,-1.0,-15.82619,-47.92492,2.78,,,1,2023-06-15T21:24:30+00:00
BRA_335380,Brasília,5300108,,Urbi,0.171,https://moovitapp.com/index/pt-br/transporte_p%C3%BAblico-line-0_171-Brasilia-1702-851595-242524-0,-1.0,-15.84522,-47.92802,3.89,,,2,2023-06-15T21:24:30+00:00
BRA_335363,Brasília,5300108,,Urbi,0.373,https://moovitapp.com/index/pt-br/transporte_p%C3%BAblico-line-0_373-Brasilia-1702-851595-334072-0,-1.0,-15.8392,-47.95383,2.5,,,2,2023-06-15T21:24:30+00:00
BRA_333913,Brasília,5300108,,Urbi,391.3,https://moovitapp.com/index/pt-br/transporte_p%C3%BAblico-line-391_3-Brasilia-1702-851595-372373-0,-1.0,-15.88727,-48.14745,0.0,,,2,2023-06-15T21:24:30+00:00
BRA_335878,Brasília,5300108,,Urbi,0.825,https://moovitapp.com/index/pt-br/transporte_p%C3%BAblico-line-0_825-Brasilia-1702-851595-334081-0,-1.0,-15.79434,-47.8849,6.67,,,2,2023-06-15T21:24:30+00:00
BRA_336131,Brasília,5300108,,Urbi,870.7,https://moovitapp.com/index/pt-br/transporte_p%C3%BAblico-line-870_7-Brasilia-1702-851595-531037-0,-1.0,-15.81325,-47.89714,13.89,,,2,2023-06-15T21:24:31+00:00
BRA_339491,Brasília,5300108,,Urbi,806.1,https://moovitapp.com/index/pt-br/transporte_p%C3%BAblico-line-806_1-Brasilia-1702-851595-775104-0,-1.0,-15.92884,-48.04532,11.11,,,1,2023-06-15T21:24:31+00:00
BRA_337544,Brasília,5300108,,Urbi,0.087,https://moovitapp.com/index/pt-br/transporte_p%C3%BAblico-line-0_087-Brasilia-1702-851595-242519-0,-1.0,-15.85552,-47.95593,0.0,,,1,2023-06-15T21:24:31+00:00
BRA_336963,Brasília,5300108,,Urbi,871.3,https://moovitapp.com/index/pt-br/transporte_p%C3%BAblico-line-871_3-Brasilia-1702-851595-588820-0,-1.0,-15.82687,-47.93257,0.0,,,1,2023-06-15T21:24:31+00:00
BRA_336602,Brasília,5300108,,Urbi,0.881,https://moovitapp.com/index/pt-br/transporte_p%C3%BAblico-line-0_881-Brasilia-1702-851595-363857-0,-1.0,-15.80975,-47.95073,11.94,,,2,2023-06-15T21:24:31+00:00
BRA_339938,Brasília,5300108,,Urbi,0.845,https://moovitapp.com/index/pt-br/transporte_p%C3%BAblico-line-0_845-Brasilia-1702-851595-339304-0,-1.0,-15.83356,-48.05698,7.22,,,1,2023-06-15T21:24:31+00:00
BRA_340456,Brasília,5300108,,Urbi,0.821,https://moovitapp.com/index/pt-br/transporte_p%C3%BAblico-line-0_821-Brasilia-1702-851595-334080-0,-1.0,-15.87049,-48.05999,7.22,,,2,2023-06-15T21:24:31+00:00
BRA_340316,Brasília,5300108,,Urbi,0.082,https://moovitapp.com/index/pt-br/transporte_p%C3%BAblico-line-0_082-Brasilia-1702-851595-781326-0,-1.0,-15.86971,-47.97136,13.89,,,2,2023-06-15T21:24:31+00:00
BRA_340243,Brasília,5300108,,Urbi,0.391,https://moovitapp.com/index/pt-br/transporte_p%C3%BAblico-line-0_391-Brasilia-1702-851595-372354-0,-1.0,-15.73356,-47.88678,12.5,,,1,2023-06-15T21:24:31+00:00
BRA_338800,Brasília,5300108,,Urbi,0.811,https://moovitapp.com/index/pt-br/transporte_p%C3%BAblico-line-0_811-Brasilia-1702-851595-334078-0,-1.0,-15.78392,-47.88749,0.0,,,1,2023-06-15T21:24:31+00:00
BRA_338672,Brasília,5300108,,Urbi,0.087,https://moovitapp.com/index/pt-br/transporte_p%C3%BAblico-line-0_087-Brasilia-1702-851595-242519-0,-1.0,-15.80295,-47.9653,1.39,,,1,2023-06-15T21:24:31+00:00
BRA_338010,Brasília,5300108,,Urbi,870.1,https://moovitapp.com/index/pt-br/transporte_p%C3%BAblico-line-870_1-Brasilia-1702-851595-715272-0,-1.0,-15.89001,-48.0515,0.0,,,2,2023-06-15T21:24:31+00:00
BRA_338052,Brasília,5300108,,Urbi,805.7,https://moovitapp.com/index/pt-br/transporte_p%C3%BAblico-line-805_7-Brasilia-1702-851595-75080175-0,-1.0,-15.89554,-48.04811,4.44,,,1,2023-06-15T21:24:31+00:00
BRA_337951,Brasília,5300108,,Urbi,0.368,https://moovitapp.com/index/pt-br/transporte_p%C3%BAblico-line-0_368-Brasilia-1702-851595-706971-0,-1.0,-15.87697,-48.01992,5.56,,,1,2023-06-15T21:24:32+00:00
BRA_337978,Brasília,5300108,,Urbi,870.1,https://moovitapp.com/index/pt-br/transporte_p%C3%BAblico-line-870_1-Brasilia-1702-851595-715272-0,-1.0,-15.89137,-48.04929,4.72,,,2,2023-06-15T21:24:32+00:00
BRA_338095,Brasília,5300108,,Urbi,0.812,https://moovitapp.com/index/pt-br/transporte_p%C3%BAblico-line-0_812-Brasilia-1702-851595-697958-0,-1.0,-15.86676,-48.05544,8.89,,,1,2023-06-15T21:24:32+00:00
BRA_338354,Brasília,5300108,,Urbi,807.8,https://moovitapp.com/index/pt-br/transporte_p%C3%BAblico-line-807_8-Brasilia-1702-851595-322408-0,-1.0,-15.90148,-48.05632,4.44,,,1,2023-06-15T21:24:32+00:00
BRA_338516,Brasília,5300108,,Urbi,813.2,https://moovitapp.com/index/pt-br/transporte_p%C3%BAblico-line-813_2-Brasilia-1702-851595-242636-0,-1.0,-15.82121,-47.91864,5.83,,,2,2023-06-15T21:24:32+00:00
BRA_338443,Brasília,5300108,,Urbi,0.176,https://moovitapp.com/index/pt-br/transporte_p%C3%BAblico-line-0_176-Brasilia-1702-851595-242527-0,-1.0,-15.87803,-48.0112,0.0,,,2,2023-06-15T21:24:32+00:00
BRA_338192,Brasília,5300108,,Urbi,0.884,https://moovitapp.com/index/pt-br/transporte_p%C3%BAblico-line-0_884-Brasilia-1702-851595-322393-0,-1.0,-15.87407,-48.03875,4.17,,,2,2023-06-15T21:24:32+00:00
BRA_338541,Brasília,5300108,,Urbi,0.884,https://moovitapp.com/index/pt-br/transporte_p%C3%BAblico-line-0_884-Brasilia-1702-851595-322393-0,-1.0,-15.76366,-47.87677,18.89,,,2,2023-06-15T21:24:32+00:00
BRA_339229,Brasília,5300108,,Urbi,119.0,https://moovitapp.com/index/pt-br/transporte_p%C3%BAblico-line-119_0-Brasilia-1702-851595-139513625-0,-1.0,-15.92278,-47.92957,14.72,,,1,2023-06-15T21:24:32+00:00
BRA_338923,Brasília,5300108,,Urbi,813.2,https://moovitapp.com/index/pt-br/transporte_p%C3%BAblico-line-813_2-Brasilia-1702-851595-242636-0,-1.0,-15.8205,-47.9175,5.0,,,2,2023-06-15T21:24:32+00:00
BRA_338877,Brasília,5300108,,Urbi,805.1,https://moovitapp.com/index/pt-br/transporte_p%C3%BAblico-line-805_1-Brasilia-1702-851595-454980-0,-1.0,-15.85006,-48.04143,12.22,,,1,2023-06-15T21:24:32+00:00
BRA_340201,Brasília,5300108,,Urbi,3403,https://moovitapp.com/index/pt-br/transporte_p%C3%BAblico-line-3403-Brasilia-1702-851595-98259418-0,-1.0,-15.874,-48.08486,0.0,,,1,2023-06-15T21:24:32+00:00
BRA_339997,Brasília,5300108,,Urbi,396.2,https://moovitapp.com/index/pt-br/transporte_p%C3%BAblico-line-396_2-Brasilia-1702-851595-372377-0,-1.0,-15.85664,-47.95618,0.0,,,2,2023-06-15T21:24:32+00:00
BRA_336955,Brasília,5300108,,Urbi,805.8,https://moovitapp.com/index/pt-br/transporte_p%C3%BAblico-line-805_8-Brasilia-1702-851595-454982-0,-1.0,-15.84268,-48.04783,0.83,,,1,2023-06-15T21:24:32+00:00
BRA_337188,Brasília,5300108,,Urbi,0.873,https://moovitapp.com/index/pt-br/transporte_p%C3%BAblico-line-0_873-Brasilia-1702-851595-510238-0,-1.0,-15.92572,-48.04628,0.0,,,1,2023-06-15T21:24:32+00:00
BRA_337315,Brasília,5300108,,Urbi,0.810,https://moovitapp.com/index/pt-br/transporte_p%C3%BAblico-line-0_810-Brasilia-1702-851595-363856-0,-1.0,-15.8244,-47.95102,9.17,,,2,2023-06-15T21:24:32+00:00
BRA_337838,Brasília,5300108,,Urbi,813.2,https://moovitapp.com/index/pt-br/transporte_p%C3%BAblico-line-813_2-Brasilia-1702-851595-242636-0,-1.0,-15.80958,-47.9025,0.28,,,2,2023-06-15T21:24:32+00:00
BRA_337757,Brasília,5300108,,Urbi,0.810,https://moovitapp.com/index/pt-br/transporte_p%C3%BAblico-line-0_810-Brasilia-1702-851595-363856-0,-1.0,-15.87543,-48.02927,18.33,,,2,2023-06-15T21:24:32+00:00
BRA_336025,Brasília,5300108,,Urbi,0.054,https://moovitapp.com/index/pt-br/transporte_p%C3%BAblico-line-0_054-Brasilia-1702-851595-454960-0,-1.0,-15.86926,-48.05657,0.0,,,1,2023-06-15T21:24:32+00:00
BRA_336157,Brasília,5300108,,Urbi,0.175,https://moovitapp.com/index/pt-br/transporte_p%C3%BAblico-line-0_175-Brasilia-1702-851595-242526-0,-1.0,-15.85795,-47.95573,0.0,,,1,2023-06-15T21:24:32+00:00
BRA_336122,Brasília,5300108,,Urbi,0.175,https://moovitapp.com/index/pt-br/transporte_p%C3%BAblico-line-0_175-Brasilia-1702-851595-242526-0,-1.0,-15.77253,-47.88875,12.78,,,2,2023-06-15T21:24:32+00:00
BRA_336386,Brasília,5300108,,Urbi,0.380,https://moovitapp.com/index/pt-br/transporte_p%C3%BAblico-line-0_380-Brasilia-1702-851595-334073-0,-1.0,-15.88423,-48.13073,15.83,,,2,2023-06-15T21:24:32+00:00
BRA_336424,Brasília,5300108,,Urbi,813.1,https://moovitapp.com/index/pt-br/transporte_p%C3%BAblico-line-813_1-Brasilia-1702-851595-242635-0,-1.0,-15.89884,-48.05522,4.72,,,2,2023-06-15T21:24:32+00:00
BRA_335657,Brasília,5300108,,Urbi,0.050,https://moovitapp.com/index/pt-br/transporte_p%C3%BAblico-line-0_050-Brasilia-1702-851595-781325-0,-1.0,-15.86831,-48.10022,0.0,,,1,2023-06-15T21:24:32+00:00
BRA_335631,Brasília,5300108,,Urbi,392.2,https://moovitapp.com/index/pt-br/transporte_p%C3%BAblico-line-392_2-Brasilia-1702-851595-372374-0,-1.0,-15.76234,-47.87427,11.39,,,2,2023-06-15T21:24:33+00:00
BRA_336297,Brasília,5300108,,Urbi,372.4,https://moovitapp.com/index/pt-br/transporte_p%C3%BAblico-line-372_4-Brasilia-1702-851595-650087-0,-1.0,-15.8411,-48.04879,1.94,,,1,2023-06-15T21:24:33+00:00
BRA_337463,Brasília,5300108,,Urbi,874.4,https://moovitapp.com/index/pt-br/transporte_p%C3%BAblico-line-874_4-Brasilia-1702-851595-775106-0,-1.0,-15.81227,-47.94898,0.56,,,2,2023-06-15T21:24:33+00:00
BRA_337480,Brasília,5300108,,Urbi,874.4,https://moovitapp.com/index/pt-br/transporte_p%C3%BAblico-line-874_4-Brasilia-1702-851595-775106-0,-1.0,-15.91284,-48.0558,0.56,,,1,2023-06-15T21:24:33+00:00
BRA_337501,Brasília,5300108,,Urbi,0.810,https://moovitapp.com/index/pt-br/transporte_p%C3%BAblico-line-0_810-Brasilia-1702-851595-363856-0,-1.0,-15.90918,-48.08794,8.06,,,2,2023-06-15T21:24:33+00:00
BRA_340227,Brasília,5300108,,Urbi,396.2,https://moovitapp.com/index/pt-br/transporte_p%C3%BAblico-line-396_2-Brasilia-1702-851595-372377-0,-1.0,-15.83555,-47.95269,8.89,,,2,2023-06-15T21:24:33+00:00
BRA_340511,Brasília,5300108,,Urbi,391.3,https://moovitapp.com/index/pt-br/transporte_p%C3%BAblico-line-391_3-Brasilia-1702-851595-372373-0,-1.0,-15.85796,-47.95641,0.28,,,2,2023-06-15T21:24:33+00:00
BRA_340774,Brasília,5300108,,Urbi,160.2,https://moovitapp.com/index/pt-br/transporte_p%C3%BAblico-line-160_2-Brasilia-1702-851595-242581-0,-1.0,-15.86446,-47.96109,6.67,,,1,2023-06-15T21:24:33+00:00
BRA_339806,Brasília,5300108,,Urbi,372.5,https://moovitapp.com/index/pt-br/transporte_p%C3%BAblico-line-372_5-Brasilia-1702-851595-519391-0,-1.0,-15.82717,-48.05936,0.0,,,1,2023-06-15T21:24:33+00:00
BRA_338303,Brasília,5300108,,Urbi,872.9,https://moovitapp.com/index/pt-br/transporte_p%C3%BAblico-line-872_9-Brasilia-1702-851595-372394-0,-1.0,-15.82085,-48.06495,1.39,,,1,2023-06-15T21:24:33+00:00
BRA_338036,Brasília,5300108,,Urbi,0.808,https://moovitapp.com/index/pt-br/transporte_p%C3%BAblico-line-0_808-Brasilia-1702-851595-372359-0,-1.0,-15.83239,-48.07747,5.56,,,2,2023-06-15T21:24:33+00:00
BRA_338109,Brasília,5300108,,Urbi,807.1,https://moovitapp.com/index/pt-br/transporte_p%C3%BAblico-line-807_1-Brasilia-1702-851595-322407-0,-1.0,-15.89129,-48.0894,17.78,,,2,2023-06-15T21:24:34+00:00
BRA_338401,Brasília,5300108,,Urbi,0.823,https://moovitapp.com/index/pt-br/transporte_p%C3%BAblico-line-0_823-Brasilia-1702-851595-401625-0,-1.0,-15.83096,-47.95118,11.39,,,2,2023-06-15T21:24:34+00:00
BRA_338214,Brasília,5300108,,Urbi,871.3,https://moovitapp.com/index/pt-br/transporte_p%C3%BAblico-line-871_3-Brasilia-1702-851595-588820-0,-1.0,-15.80113,-47.89436,5.56,,,2,2023-06-15T21:24:34+00:00
BRA_338630,Brasília,5300108,,Urbi,0.038,https://moovitapp.com/index/pt-br/transporte_p%C3%BAblico-line-0_038-Brasilia-1702-851595-687419-0,-1.0,-15.80732,-48.08155,0.0,,,1,2023-06-15T21:24:34+00:00
BRA_339296,Brasília,5300108,,Urbi,396.3,https://moovitapp.com/index/pt-br/transporte_p%C3%BAblico-line-396_3-Brasilia-1702-851595-372378-0,-1.0,-15.78014,-47.88783,0.28,,,2,2023-06-15T21:24:34+00:00
BRA_336904,Brasília,5300108,,Urbi,172.7,https://moovitapp.com/index/pt-br/transporte_p%C3%BAblico-line-172_7-Brasilia-1702-851595-516631-0,-1.0,-15.79375,-47.89033,13.89,,,1,2023-06-15T21:24:34+00:00
BRA_339717,Brasília,5300108,,Urbi,0.367,https://moovitapp.com/index/pt-br/transporte_p%C3%BAblico-line-0_367-Brasilia-1702-851595-519380-0,-1.0,-15.89225,-48.13298,19.17,,,1,2023-06-15T21:24:34+00:00
BRA_335479,Brasília,5300108,,Urbi,396.3,https://moovitapp.com/index/pt-br/transporte_p%C3%BAblico-line-396_3-Brasilia-1702-851595-372378-0,-1.0,-15.81154,-47.90501,0.0,,,2,2023-06-15T21:24:34+00:00
BRA_335452,Brasília,5300108,,Urbi,373.2,https://moovitapp.com/index/pt-br/transporte_p%C3%BAblico-line-373_2-Brasilia-1702-851595-334084-0,-1.0,-15.79523,-47.88287,0.0,,,1,2023-06-15T21:24:34+00:00
BRA_336041,Brasília,5300108,,Urbi,056.2,https://moovitapp.com/index/pt-br/transporte_p%C3%BAblico-line-056_2-Brasilia-1702-851595-492982-0,-1.0,-15.88587,-48.11823,10.0,,,1,2023-06-15T21:24:35+00:00
BRA_337871,Brasília,5300108,,Urbi,870.1,https://moovitapp.com/index/pt-br/transporte_p%C3%BAblico-line-870_1-Brasilia-1702-851595-715272-0,-1.0,-15.89116,-48.0499,6.94,,,2,2023-06-15T21:24:35+00:00
BRA_339920,Brasília,5300108,,Urbi,0.346,https://moovitapp.com/index/pt-br/transporte_p%C3%BAblico-line-0_346-Brasilia-1702-851595-46461186-0,-1.0,-15.80853,-48.15722,0.0,,,1,2023-06-15T21:24:35+00:00
BRA_340065,Brasília,5300108,,Urbi,0.367,https://moovitapp.com/index/pt-br/transporte_p%C3%BAblico-line-0_367-Brasilia-1702-851595-519380-0,-1.0,-15.84138,-48.04853,3.33,,,1,2023-06-15T21:24:35+00:00
BRA_339687,Brasília,5300108,,Urbi,367.2,https://moovitapp.com/index/pt-br/transporte_p%C3%BAblico-line-367_2-Brasilia-1702-851595-454971-0,-1.0,-15.88373,-48.1499,0.0,,,2,2023-06-15T21:24:36+00:00
BRA_335924,Brasília,5300108,,Urbi,0.050,https://moovitapp.com/index/pt-br/transporte_p%C3%BAblico-line-0_050-Brasilia-1702-851595-781325-0,-1.0,-15.8052,-48.07388,1.39,,,1,2023-06-15T21:24:36+00:00
BRA_336351,Brasília,5300108,,Urbi,3804,https://moovitapp.com/index/pt-br/transporte_p%C3%BAblico-line-3804-Brasilia-1702-851595-91943130-0,-1.0,-15.84292,-48.04786,3.33,,,2,2023-06-15T21:24:36+00:00
BRA_335576,Brasília,5300108,,Urbi,0.391,https://moovitapp.com/index/pt-br/transporte_p%C3%BAblico-line-0_391-Brasilia-1702-851595-372354-0,-1.0,-15.87792,-48.00977,2.22,,,2,2023-06-15T21:24:36+00:00
BRA_337650,Brasília,5300108,,Urbi,805.9,https://moovitapp.com/index/pt-br/transporte_p%C3%BAblico-line-805_9-Brasilia-1702-851595-454983-0,-1.0,-15.80525,-48.07415,2.5,,,1,2023-06-15T21:24:37+00:00
BRA_337161,Brasília,5300108,,Urbi,871.3,https://moovitapp.com/index/pt-br/transporte_p%C3%BAblico-line-871_3-Brasilia-1702-851595-588820-0,-1.0,-15.76907,-47.88951,2.5,,,2,2023-06-15T21:24:37+00:00
BRA_336912,Brasília,5300108,,Urbi,086.1,https://moovitapp.com/index/pt-br/transporte_p%C3%BAblico-line-086_1-Brasilia-1702-851595-481321-0,-1.0,-15.84643,-47.97437,0.0,,,1,2023-06-15T21:24:37+00:00
BRA_337030,Brasília,5300108,,Urbi,805.6,https://moovitapp.com/index/pt-br/transporte_p%C3%BAblico-line-805_6-Brasilia-1702-851595-75080174-0,-1.0,-15.83797,-48.03217,5.28,,,1,2023-06-15T21:24:37+00:00
BRA_337439,Brasília,5300108,,Urbi,0.886,https://moovitapp.com/index/pt-br/transporte_p%C3%BAblico-line-0_886-Brasilia-1702-851595-704024-0,-1.0,-15.87755,-48.01907,0.0,,,2,2023-06-15T21:24:37+00:00
BRA_337277,Brasília,5300108,,Urbi,084.1,https://moovitapp.com/index/pt-br/transporte_p%C3%BAblico-line-084_1-Brasilia-1702-851595-466292-0,-1.0,-15.88611,-48.01666,3.33,,,1,2023-06-15T21:24:37+00:00
BRA_337293,Brasília,5300108,,Urbi,871.3,https://moovitapp.com/index/pt-br/transporte_p%C3%BAblico-line-871_3-Brasilia-1702-851595-588820-0,-1.0,-15.90911,-48.05189,0.0,,,2,2023-06-15T21:24:37+00:00
BRA_338656,Brasília,5300108,,Urbi,0.818,https://moovitapp.com/index/pt-br/transporte_p%C3%BAblico-line-0_818-Brasilia-1702-851595-242550-0,-1.0,-15.90648,-48.08099,8.61,,,2,2023-06-15T21:26:12+00:00
BRA_441279,Brasília,5300108,,Marechal,157.6,https://moovitapp.com/index/pt-br/transporte_p%C3%BAblico-line-157_6-Brasilia-1702-851940-419627-0,-1.0,-15.824657,-47.97725,3.0,,,2,2023-06-15T21:24:17+00:00
BRA_442771,Brasília,5300108,,Urbi,0.898,https://moovitapp.com/index/pt-br/transporte_p%C3%BAblico-line-0_898-Brasilia-1702-851595-322394-0,-1.0,-15.867253,-48.03218,33.0,,,2,2023-06-15T21:24:17+00:00
BRA_444006,Brasília,5300108,,Marechal,933.2,https://moovitapp.com/index/pt-br/transporte_p%C3%BAblico-line-933_2-Brasilia-1702-851940-717428-0,-1.0,-15.848863,-48.120127,32.0,,,2,2023-06-15T21:24:17+00:00
BRA_440850,Brasília,5300108,,Marechal,355.3,https://moovitapp.com/index/pt-br/transporte_p%C3%BAblico-line-355_3-Brasilia-1702-851940-504343-0,-1.0,-15.797517,-48.062877,32.0,,,2,2023-06-15T21:24:17+00:00
BRA_444154,Brasília,5300108,,Marechal,363.1,https://moovitapp.com/index/pt-br/transporte_p%C3%BAblico-line-363_1-Brasilia-1702-851940-504344-0,-1.0,-15.83935,-48.123467,33.0,,,2,2023-06-15T21:24:17+00:00
BRA_445291,Brasília,5300108,,Marechal,0.378,https://moovitapp.com/index/pt-br/transporte_p%C3%BAblico-line-0_378-Brasilia-1702-851940-347150-0,-1.0,-15.836103,-48.068313,40.0,,,2,2023-06-15T21:24:12+00:00
BRA_444626,Brasília,5300108,,Marechal,0.554,https://moovitapp.com/index/pt-br/transporte_p%C3%BAblico-line-0_554-Brasilia-1702-851940-504340-0,-1.0,-15.841503,-48.101117,1.0,,,2,2023-06-15T21:24:17+00:00
BRA_445347,Brasília,5300108,,Marechal,0.336,https://moovitapp.com/index/pt-br/transporte_p%C3%BAblico-line-0_336-Brasilia-1702-851940-347142-0,-1.0,-15.812193,-47.98505,60.0,,,2,2023-06-15T21:24:17+00:00
BRA_442861,Brasília,5300108,,Marechal,932.2,https://moovitapp.com/index/pt-br/transporte_p%C3%BAblico-line-932_2-Brasilia-1702-851940-3494666-0,-1.0,-15.80996,-48.08967,29.0,,,2,2023-06-15T21:24:17+00:00
BRA_440744,Brasília,5300108,,Marechal,260.3,https://moovitapp.com/index/pt-br/transporte_p%C3%BAblico-line-260_3-Brasilia-1702-851940-393566-0,-1.0,-15.87225,-48.029493,0.0,,,2,2023-06-15T21:24:17+00:00
BRA_441597,Brasília,5300108,,Marechal,942.1,https://moovitapp.com/index/pt-br/transporte_p%C3%BAblico-line-942_1-Brasilia-1702-851940-347177-0,-1.0,-15.84779,-48.109493,38.0,,,2,2023-06-15T21:24:17+00:00
BRA_441881,Brasília,5300108,,Marechal,902.2,https://moovitapp.com/index/pt-br/transporte_p%C3%BAblico-line-902_2-Brasilia-1702-851940-313821-0,-1.0,-15.840013,-48.127257,0.0,,,2,2023-06-15T21:24:17+00:00
BRA_442453,Brasília,5300108,,Urbi,0.050,https://moovitapp.com/index/pt-br/transporte_p%C3%BAblico-line-0_050-Brasilia-1702-851595-781325-0,-1.0,-15.813463,-48.06404,21.0,,,2,2023-06-15T21:24:17+00:00
BRA_442313,Brasília,5300108,,Urbi,0.367,https://moovitapp.com/index/pt-br/transporte_p%C3%BAblico-line-0_367-Brasilia-1702-851595-519380-0,-1.0,-15.8813,-48.123557,24.0,,,2,2023-06-15T21:24:17+00:00
BRA_440311,Brasília,5300108,,Marechal,355.3,https://moovitapp.com/index/pt-br/transporte_p%C3%BAblico-line-355_3-Brasilia-1702-851940-504343-0,-1.0,-15.87533,-48.034187,49.0,,,2,2023-06-15T21:24:17+00:00
BRA_440655,Brasília,5300108,,Marechal,0.205,https://moovitapp.com/index/pt-br/transporte_p%C3%BAblico-line-0_205-Brasilia-1702-851940-463646-0,-1.0,-16.032577,-48.057917,22.0,,,2,2023-06-15T21:24:17+00:00
BRA_444448,Brasília,5300108,,Marechal,0.205,https://moovitapp.com/index/pt-br/transporte_p%C3%BAblico-line-0_205-Brasilia-1702-851940-463646-0,-1.0,-16.0246,-48.05608,37.0,,,2,2023-06-15T21:24:17+00:00
BRA_440680,Brasília,5300108,,Marechal,260.3,https://moovitapp.com/index/pt-br/transporte_p%C3%BAblico-line-260_3-Brasilia-1702-851940-393566-0,-1.0,-15.86971,-48.03856,0.0,,,2,2023-06-15T21:24:12+00:00
BRA_440353,Brasília,5300108,,Urbi,872.9,https://moovitapp.com/index/pt-br/transporte_p%C3%BAblico-line-872_9-Brasilia-1702-851595-372394-0,-1.0,-15.82686,-48.059423,0.0,,,2,2023-06-15T21:24:17+00:00
BRA_444375,Brasília,5300108,,Urbi,805.6,https://moovitapp.com/index/pt-br/transporte_p%C3%BAblico-line-805_6-Brasilia-1702-851595-75080174-0,-1.0,-15.853707,-48.031393,12.0,,,2,2023-06-15T21:14:04+00:00
BRA_444707,Brasília,5300108,,Marechal,933.5,https://moovitapp.com/index/pt-br/transporte_p%C3%BAblico-line-933_5-Brasilia-1702-851940-766837-0,-1.0,-15.831817,-48.05135,24.0,,,2,2023-06-15T21:24:17+00:00
BRA_441031,Brasília,5300108,,Marechal,260.3,https://moovitapp.com/index/pt-br/transporte_p%C3%BAblico-line-260_3-Brasilia-1702-851940-393566-0,-1.0,-15.808813,-48.147323,10.0,,,2,2023-06-15T20:48:49+00:00
BRA_440507,Brasília,5300108,,Marechal,355.3,https://moovitapp.com/index/pt-br/transporte_p%C3%BAblico-line-355_3-Brasilia-1702-851940-504343-0,-1.0,-15.842097,-47.948867,51.0,,,2,2023-06-15T21:24:17+00:00
BRA_441562,Brasília,5300108,,Marechal,0.363,https://moovitapp.com/index/pt-br/transporte_p%C3%BAblico-line-0_363-Brasilia-1702-851940-504339-0,-1.0,-15.811307,-48.09214,34.0,,,2,2023-06-15T21:24:17+00:00
BRA_440582,Brasília,5300108,,Marechal,162.2,https://moovitapp.com/index/pt-br/transporte_p%C3%BAblico-line-162_2-Brasilia-1702-851940-312446-0,-1.0,-15.869777,-48.038577,0.0,,,2,2023-06-15T21:24:17+00:00
BRA_445185,Brasília,5300108,,Marechal,0.300,https://moovitapp.com/index/pt-br/transporte_p%C3%BAblico-line-0_300-Brasilia-1702-851940-419624-0,-1.0,-15.830653,-48.077813,40.0,,,2,2023-06-15T21:24:17+00:00
BRA_440841,Brasília,5300108,,Urbi,0.872,https://moovitapp.com/index/pt-br/transporte_p%C3%BAblico-line-0_872-Brasilia-1702-851595-466291-0,-1.0,-15.804567,-47.888937,57.0,,,2,2023-06-15T21:24:17+00:00
BRA_440418,Brasília,5300108,,Marechal,0.090,https://moovitapp.com/index/pt-br/transporte_p%C3%BAblico-line-0_090-Brasilia-1702-851940-242702-0,-1.0,-15.80299,-47.96519,1.0,,,2,2023-06-15T21:24:12+00:00
BRA_442127,Brasília,5300108,,Marechal,933.1,https://moovitapp.com/index/pt-br/transporte_p%C3%BAblico-line-933_1-Brasilia-1702-851940-358307-0,-1.0,-15.839837,-48.129537,0.0,,,2,2023-06-15T21:24:17+00:00
BRA_440981,Brasília,5300108,,Marechal,355.3,https://moovitapp.com/index/pt-br/transporte_p%C3%BAblico-line-355_3-Brasilia-1702-851940-504343-0,-1.0,-15.86928,-48.037637,0.0,,,2,2023-06-15T18:41:52+00:00
BRA_442496,Brasília,5300108,,Urbi,0.898,https://moovitapp.com/index/pt-br/transporte_p%C3%BAblico-line-0_898-Brasilia-1702-851595-322394-0,-1.0,-15.949353,-48.03367,0.0,,,2,2023-06-15T21:24:17+00:00
BRA_443395,Brasília,5300108,,Marechal,363.1,https://moovitapp.com/index/pt-br/transporte_p%C3%BAblico-line-363_1-Brasilia-1702-851940-504344-0,-1.0,-15.803233,-48.067803,28.0,,,2,2023-06-15T21:24:17+00:00
BRA_443671,Brasília,5300108,,Marechal,357.1,https://moovitapp.com/index/pt-br/transporte_p%C3%BAblico-line-357_1-Brasilia-1702-851940-775113-0,-1.0,-15.847717,-48.043167,18.0,,,2,2023-06-15T21:24:17+00:00
BRA_440990,Brasília,5300108,,Marechal,959.1,https://moovitapp.com/index/pt-br/transporte_p%C3%BAblico-line-959_1-Brasilia-1702-851940-789939-0,-1.0,-15.865647,-48.033443,12.0,,,2,2023-06-15T21:24:17+00:00
BRA_440604,Brasília,5300108,,Marechal,0.349,https://moovitapp.com/index/pt-br/transporte_p%C3%BAblico-line-0_349-Brasilia-1702-851940-677511-0,-1.0,-15.846753,-48.043527,19.0,,,2,2023-06-15T21:24:17+00:00
BRA_440931,Brasília,5300108,,Marechal,959.1,https://moovitapp.com/index/pt-br/transporte_p%C3%BAblico-line-959_1-Brasilia-1702-851940-789939-0,-1.0,-15.806457,-48.078883,6.0,,,2,2023-06-15T21:24:17+00:00
BRA_441163,Brasília,5300108,,Marechal,0.376,https://moovitapp.com/index/pt-br/transporte_p%C3%BAblico-line-0_376-Brasilia-1702-851940-242726-0,-1.0,-15.7908,-48.0412,20.0,,,2,2023-06-15T21:01:03+00:00
BRA_440281,Brasília,5300108,,Urbi,805.9,https://moovitapp.com/index/pt-br/transporte_p%C3%BAblico-line-805_9-Brasilia-1702-851595-454983-0,-1.0,-15.933337,-48.108903,0.0,,,2,2023-06-15T21:24:12+00:00
BRA_442062,Brasília,5300108,,Urbi,0.054,https://moovitapp.com/index/pt-br/transporte_p%C3%BAblico-line-0_054-Brasilia-1702-851595-454960-0,-1.0,-15.820487,-48.07109,1.0,,,2,2023-06-15T21:24:17+00:00
BRA_440965,Brasília,5300108,,Marechal,0.900,https://moovitapp.com/index/pt-br/transporte_p%C3%BAblico-line-0_900-Brasilia-1702-851940-242733-0,-1.0,-15.80635,-48.066487,41.0,,,2,2023-06-15T21:24:17+00:00
BRA_444171,Brasília,5300108,,Marechal,933.3,https://moovitapp.com/index/pt-br/transporte_p%C3%BAblico-line-933_3-Brasilia-1702-851940-450287-0,-1.0,-15.840247,-48.121333,37.0,,,2,2023-06-15T21:24:17+00:00
BRA_440141,Brasília,5300108,,Marechal,0.900,https://moovitapp.com/index/pt-br/transporte_p%C3%BAblico-line-0_900-Brasilia-1702-851940-242733-0,-1.0,-15.815247,-47.978847,39.0,,,2,2023-06-15T21:24:17+00:00
BRA_444197,Brasília,5300108,,Marechal,933.2,https://moovitapp.com/index/pt-br/transporte_p%C3%BAblico-line-933_2-Brasilia-1702-851940-717428-0,-1.0,-15.845873,-48.122337,0.0,,,2,2023-06-15T20:47:21+00:00
BRA_443166,Brasília,5300108,,Marechal,0.361,https://moovitapp.com/index/pt-br/transporte_p%C3%BAblico-line-0_361-Brasilia-1702-851940-376158-0,-1.0,-15.790797,-48.0385,14.0,,,2,2023-06-15T20:58:37+00:00
BRA_444472,Brasília,5300108,,Urbi,805.7,https://moovitapp.com/index/pt-br/transporte_p%C3%BAblico-line-805_7-Brasilia-1702-851595-75080175-0,-1.0,-15.835783,-48.041,15.0,,,2,2023-06-15T21:24:17+00:00
BRA_443191,Brasília,5300108,,Marechal,933.1,https://moovitapp.com/index/pt-br/transporte_p%C3%BAblico-line-933_1-Brasilia-1702-851940-358307-0,-1.0,-15.81837,-48.10612,34.0,,,2,2023-06-15T21:24:17+00:00
BRA_441091,Brasília,5300108,,Marechal,0.162,https://moovitapp.com/index/pt-br/transporte_p%C3%BAblico-line-0_162-Brasilia-1702-851940-766836-0,-1.0,-15.810803,-47.904067,0.0,,,2,2023-06-15T21:24:17+00:00
BRA_441147,Brasília,5300108,,Marechal,0.205,https://moovitapp.com/index/pt-br/transporte_p%C3%BAblico-line-0_205-Brasilia-1702-851940-463646-0,-1.0,-15.869343,-48.037657,0.0,,,2,2023-06-15T21:24:17+00:00
BRA_443441,Brasília,5300108,,Marechal,0.954,https://moovitapp.com/index/pt-br/transporte_p%C3%BAblico-line-0_954-Brasilia-1702-851940-242742-0,-1.0,-15.723127,-47.906513,55.0,,,2,2023-06-15T21:24:17+00:00
BRA_441503,Brasília,5300108,,Urbi,0.050,https://moovitapp.com/index/pt-br/transporte_p%C3%BAblico-line-0_050-Brasilia-1702-851595-781325-0,-1.0,-15.813967,-48.067357,41.0,,,2,2023-06-15T21:24:17+00:00
BRA_443271,Brasília,5300108,,Marechal,336.1,https://moovitapp.com/index/pt-br/transporte_p%C3%BAblico-line-336_1-Brasilia-1702-851940-347163-0,-1.0,-15.829533,-48.033767,48.0,,,2,2023-06-15T21:24:17+00:00
BRA_443140,Brasília,5300108,,Marechal,932.2,https://moovitapp.com/index/pt-br/transporte_p%C3%BAblico-line-932_2-Brasilia-1702-851940-3494666-0,-1.0,-15.798833,-47.892383,0.0,,,2,2023-06-15T21:24:17+00:00
BRA_443981,Brasília,5300108,,Marechal,0.369,https://moovitapp.com/index/pt-br/transporte_p%C3%BAblico-line-0_369-Brasilia-1702-851940-500060-0,-1.0,-15.84948,-48.047563,3.0,,,2,2023-06-15T21:24:17+00:00
BRA_441911,Brasília,5300108,,Marechal,0.089,https://moovitapp.com/index/pt-br/transporte_p%C3%BAblico-line-0_089-Brasilia-1702-851940-706977-0,-1.0,-15.797253,-47.875563,41.0,,,2,2023-06-15T21:24:17+00:00
BRA_442429,Brasília,5300108,,Marechal,363.2,https://moovitapp.com/index/pt-br/transporte_p%C3%BAblico-line-363_2-Brasilia-1702-851940-725443-0,-1.0,-15.8554,-48.12631,19.0,,,2,2023-06-15T21:24:17+00:00
BRA_441724,Brasília,5300108,,Urbi,367.2,https://moovitapp.com/index/pt-br/transporte_p%C3%BAblico-line-367_2-Brasilia-1702-851595-454971-0,-1.0,-15.83179,-47.951363,41.0,,,2,2023-06-15T21:24:17+00:00
BRA_444642,Brasília,5300108,,Marechal,0.555,https://moovitapp.com/index/pt-br/transporte_p%C3%BAblico-line-0_555-Brasilia-1702-851940-504341-0,-1.0,-15.786043,-47.901183,36.0,,,2,2023-06-15T21:24:21+00:00
BRA_440574,Brasília,5300108,,Marechal,0.153,https://moovitapp.com/index/pt-br/transporte_p%C3%BAblico-line-0_153-Brasilia-1702-851940-766835-0,-1.0,-15.81953,-47.987163,2.0,,,2,2023-06-15T21:24:17+00:00
BRA_440523,Brasília,5300108,,Marechal,167.1,https://moovitapp.com/index/pt-br/transporte_p%C3%BAblico-line-167_1-Brasilia-1702-851940-242758-0,-1.0,-15.790853,-48.033017,27.0,,,2,2023-06-15T21:03:40+00:00
BRA_440973,Brasília,5300108,,Piracicabana,099.1,https://moovitapp.com/index/pt-br/transporte_p%C3%BAblico-line-099_1-Brasilia-1702-850942-775090-0,-1.0,-15.851183,-48.040817,34.0,,,2,2023-06-15T21:24:17+00:00
BRA_443786,Brasília,5300108,,Marechal,0.951,https://moovitapp.com/index/pt-br/transporte_p%C3%BAblico-line-0_951-Brasilia-1702-851940-783578-0,-1.0,-15.869873,-48.037317,0.0,,,2,2023-06-15T21:24:17+00:00
BRA_445240,Brasília,5300108,,Marechal,337.1,https://moovitapp.com/index/pt-br/transporte_p%C3%BAblico-line-337_1-Brasilia-1702-851940-347165-0,-1.0,-15.81123,-47.977077,63.0,,,2,2023-06-15T21:24:17+00:00
BRA_441716,Brasília,5300108,,Urbi,393.7,https://moovitapp.com/index/pt-br/transporte_p%C3%BAblico-line-393_7-Brasilia-1702-851595-588818-0,-1.0,-15.83543,-48.075827,9.0,,,2,2023-06-15T21:24:17+00:00
BRA_440540,Brasília,5300108,,Marechal,260.3,https://moovitapp.com/index/pt-br/transporte_p%C3%BAblico-line-260_3-Brasilia-1702-851940-393566-0,-1.0,-15.810903,-47.990673,0.0,,,2,2023-06-15T21:24:17+00:00
BRA_440434,Brasília,5300108,,Marechal,0.357,https://moovitapp.com/index/pt-br/transporte_p%C3%BAblico-line-0_357-Brasilia-1702-851940-775109-0,-1.0,-15.843567,-48.045253,4.0,,,2,2023-06-15T21:24:17+00:00
BRA_440108,Brasília,5300108,,Marechal,0.090,https://moovitapp.com/index/pt-br/transporte_p%C3%BAblico-line-0_090-Brasilia-1702-851940-242702-0,-1.0,-15.809723,-47.950037,4.0,,,2,2023-06-15T21:24:17+00:00
BRA_440396,Brasília,5300108,,Marechal,306.2,https://moovitapp.com/index/pt-br/transporte_p%C3%BAblico-line-306_2-Brasilia-1702-851940-527237-0,-1.0,-15.869893,-48.03759,0.0,,,2,2023-06-15T21:24:01+00:00
BRA_440205,Brasília,5300108,,Piracicabana,099.1,https://moovitapp.com/index/pt-br/transporte_p%C3%BAblico-line-099_1-Brasilia-1702-850942-775090-0,-1.0,-15.820393,-47.986583,0.0,,,2,2023-06-15T21:24:17+00:00
BRA_442437,Brasília,5300108,,Marechal,933.4,https://moovitapp.com/index/pt-br/transporte_p%C3%BAblico-line-933_4-Brasilia-1702-851940-656766-0,-1.0,-15.837487,-48.1286,15.0,,,2,2023-06-15T21:06:05+00:00
BRA_440451,Brasília,5300108,,Marechal,355.2,https://moovitapp.com/index/pt-br/transporte_p%C3%BAblico-line-355_2-Brasilia-1702-851940-510251-0,-1.0,-15.84709,-48.043047,52.0,,,2,2023-06-15T21:24:17+00:00
BRA_443794,Brasília,5300108,,Marechal,351.3,https://moovitapp.com/index/pt-br/transporte_p%C3%BAblico-line-351_3-Brasilia-1702-851940-510249-0,-1.0,-15.8072,-48.080413,42.0,,,2,2023-06-15T21:24:17+00:00
BRA_440671,Brasília,5300108,,Marechal,355.2,https://moovitapp.com/index/pt-br/transporte_p%C3%BAblico-line-355_2-Brasilia-1702-851940-510251-0,-1.0,-15.867167,-48.037247,0.0,,,2,2023-06-15T21:24:17+00:00
BRA_440230,Brasília,5300108,,Marechal,305.4,https://moovitapp.com/index/pt-br/transporte_p%C3%BAblico-line-305_4-Brasilia-1702-851940-393567-0,-1.0,-15.761257,-47.9078,55.0,,,2,2023-06-15T21:24:17+00:00
BRA_444944,Brasília,5300108,,Urbi,0.347,https://moovitapp.com/index/pt-br/transporte_p%C3%BAblico-line-0_347-Brasilia-1702-851595-347128-0,-1.0,-15.81895,-48.01222,41.0,,,2,2023-06-15T21:24:17+00:00
BRA_445011,Brasília,5300108,,Marechal,0.942,https://moovitapp.com/index/pt-br/transporte_p%C3%BAblico-line-0_942-Brasilia-1702-851940-347158-0,-1.0,-15.786317,-48.00451,32.0,,,2,2023-06-15T21:24:17+00:00
BRA_445134,Brasília,5300108,,Marechal,0.305,https://moovitapp.com/index/pt-br/transporte_p%C3%BAblico-line-0_305-Brasilia-1702-851940-775108-0,-1.0,-15.866563,-48.037687,0.0,,,2,2023-06-15T21:24:17+00:00
BRA_440019,Brasília,5300108,,Marechal,305.6,https://moovitapp.com/index/pt-br/transporte_p%C3%BAblico-line-305_6-Brasilia-1702-851940-242767-0,-1.0,-15.832727,-48.060907,14.0,,,2,2023-06-15T21:24:17+00:00
BRA_440736,Brasília,5300108,,São José,157.8,https://moovitapp.com/index/pt-br/transporte_p%C3%BAblico-line-157_8-Brasilia-1702-851943-759503-0,-1.0,-15.807807,-47.962497,17.0,,,2,2023-06-15T21:24:17+00:00
BRA_441201,Brasília,5300108,,Marechal,156.1,https://moovitapp.com/index/pt-br/transporte_p%C3%BAblico-line-156_1-Brasilia-1702-851940-242750-0,-1.0,-15.803133,-48.06781,0.0,,,2,2023-06-15T21:24:17+00:00
BRA_441431,Brasília,5300108,,Marechal,0.363,https://moovitapp.com/index/pt-br/transporte_p%C3%BAblico-line-0_363-Brasilia-1702-851940-504339-0,-1.0,-15.832337,-48.061047,0.0,,,2,2023-06-15T21:24:17+00:00
BRA_445304,Brasília,5300108,,Marechal,0.378,https://moovitapp.com/index/pt-br/transporte_p%C3%BAblico-line-0_378-Brasilia-1702-851940-347150-0,-1.0,-15.735943,-47.907187,0.0,,,2,2023-06-15T21:24:17+00:00
BRA_441058,Brasília,5300108,,Marechal,376.3,https://moovitapp.com/index/pt-br/transporte_p%C3%BAblico-line-376_3-Brasilia-1702-851940-528960-0,-1.0,-15.761927,-47.935613,26.0,,,2,2023-06-15T21:24:17+00:00
BRA_440728,Brasília,5300108,,Marechal,306.5,https://moovitapp.com/index/pt-br/transporte_p%C3%BAblico-line-306_5-Brasilia-1702-851940-556809-0,-1.0,-15.869707,-48.038643,0.0,,,2,2023-06-15T21:24:17+00:00
BRA_440183,Brasília,5300108,,Marechal,355.2,https://moovitapp.com/index/pt-br/transporte_p%C3%BAblico-line-355_2-Brasilia-1702-851940-510251-0,-1.0,-15.816627,-48.02532,38.0,,,2,2023-06-15T21:24:17+00:00
BRA_440361,Brasília,5300108,,Urbi,805.9,https://moovitapp.com/index/pt-br/transporte_p%C3%BAblico-line-805_9-Brasilia-1702-851595-454983-0,-1.0,-15.811073,-48.068347,12.0,,,2,2023-06-15T21:24:17+00:00
BRA_445258,Brasília,5300108,,Marechal,337.1,https://moovitapp.com/index/pt-br/transporte_p%C3%BAblico-line-337_1-Brasilia-1702-851940-347165-0,-1.0,-15.834933,-48.073443,0.0,,,2,2023-06-15T21:24:17+00:00
BRA_440159,Brasília,5300108,,Marechal,156.8,https://moovitapp.com/index/pt-br/transporte_p%C3%BAblico-line-156_8-Brasilia-1702-851940-312445-0,-1.0,-15.811083,-47.939987,51.0,,,2,2023-06-15T21:24:17+00:00
BRA_441481,Brasília,5300108,,Urbi,0.050,https://moovitapp.com/index/pt-br/transporte_p%C3%BAblico-line-0_050-Brasilia-1702-851595-781325-0,-1.0,-15.841793,-48.057523,0.0,,,2,2023-06-15T21:24:17+00:00
BRA_442054,Brasília,5300108,,Marechal,932.2,https://moovitapp.com/index/pt-br/transporte_p%C3%BAblico-line-932_2-Brasilia-1702-851940-3494666-0,-1.0,-15.831403,-48.046367,49.0,,,2,2023-06-15T21:24:17+00:00
BRA_444367,Brasília,5300108,,Marechal,0.376,https://moovitapp.com/index/pt-br/transporte_p%C3%BAblico-line-0_376-Brasilia-1702-851940-242726-0,-1.0,-15.86946,-48.037683,0.0,,,2,2023-06-15T21:24:17+00:00
BRA_440167,Brasília,5300108,,Marechal,0.156,https://moovitapp.com/index/pt-br/transporte_p%C3%BAblico-line-0_156-Brasilia-1702-851940-242705-0,-1.0,-15.821833,-47.8965,42.0,,,2,2023-06-15T21:24:17+00:00
BRA_445274,Brasília,5300108,,Marechal,0.301,https://moovitapp.com/index/pt-br/transporte_p%C3%BAblico-line-0_301-Brasilia-1702-851940-339319-0,-1.0,-15.826973,-47.92651,0.0,,,2,2023-06-15T21:24:17+00:00
BRA_445282,Brasília,5300108,,Marechal,0.336,https://moovitapp.com/index/pt-br/transporte_p%C3%BAblico-line-0_336-Brasilia-1702-851940-347142-0,-1.0,-15.79374,-47.88288,0.0,,,2,2023-06-15T21:24:12+00:00
BRA_445371,Brasília,5300108,,Marechal,337.1,https://moovitapp.com/index/pt-br/transporte_p%C3%BAblico-line-337_1-Brasilia-1702-851940-347165-0,-1.0,-15.79402,-47.882947,0.0,,,2,2023-06-15T21:24:17+00:00
BRA_441465,Brasília,5300108,,Marechal,383.1,https://moovitapp.com/index/pt-br/transporte_p%C3%BAblico-line-383_1-Brasilia-1702-851940-527238-0,-1.0,-15.807853,-48.082247,27.0,,,2,2023-06-15T20:59:40+00:00
BRA_445215,Brasília,5300108,,Marechal,0.300,https://moovitapp.com/index/pt-br/transporte_p%C3%BAblico-line-0_300-Brasilia-1702-851940-419624-0,-1.0,-15.837363,-48.09313,2.0,,,2,2023-06-15T21:24:17+00:00
BRA_440043,Brasília,5300108,,Urbi,805.2,https://moovitapp.com/index/pt-br/transporte_p%C3%BAblico-line-805_2-Brasilia-1702-851595-454981-0,-1.0,-15.91289,-48.055643,0.0,,,2,2023-06-15T21:24:17+00:00
BRA_441678,Brasília,5300108,,Marechal,363.2,https://moovitapp.com/index/pt-br/transporte_p%C3%BAblico-line-363_2-Brasilia-1702-851940-725443-0,-1.0,-15.817583,-48.066087,31.0,,,2,2023-06-15T21:24:17+00:00
BRA_442232,Brasília,5300108,,Marechal,0.339,https://moovitapp.com/index/pt-br/transporte_p%C3%BAblico-line-0_339-Brasilia-1702-851940-419625-0,-1.0,-15.826507,-48.05953,20.0,,,2,2023-06-15T21:24:17+00:00
BRA_445380,Brasília,5300108,,Marechal,0.378,https://moovitapp.com/index/pt-br/transporte_p%C3%BAblico-line-0_378-Brasilia-1702-851940-347150-0,-1.0,-15.793963,-47.882967,0.0,,,2,2023-06-15T21:24:12+00:00
BRA_442411,Brasília,5300108,,Urbi,0.050,https://moovitapp.com/index/pt-br/transporte_p%C3%BAblico-line-0_050-Brasilia-1702-851595-781325-0,-1.0,-15.8837,-48.14987,0.0,,,2,2023-06-15T21:24:12+00:00
BRA_440264,Brasília,5300108,,Marechal,260.3,https://moovitapp.com/index/pt-br/transporte_p%C3%BAblico-line-260_3-Brasilia-1702-851940-393566-0,-1.0,-15.974367,-47.98986,12.0,,,2,2023-06-15T21:23:15+00:00
BRA_440345,Brasília,5300108,,Marechal,0.205,https://moovitapp.com/index/pt-br/transporte_p%C3%BAblico-line-0_205-Brasilia-1702-851940-463646-0,-1.0,-15.80364,-48.06907,0.0,,,2,2023-06-15T21:24:17+00:00
BRA_442755,Brasília,5300108,,Marechal,933.1,https://moovitapp.com/index/pt-br/transporte_p%C3%BAblico-line-933_1-Brasilia-1702-851940-358307-0,-1.0,-15.80335,-48.06862,19.0,,,2,2023-06-15T21:24:12+00:00
BRA_445339,Brasília,5300108,,Marechal,0.300,https://moovitapp.com/index/pt-br/transporte_p%C3%BAblico-line-0_300-Brasilia-1702-851940-419624-0,-1.0,-15.831907,-47.9201,33.0,,,2,2023-06-15T21:24:17+00:00
BRA_443000,Brasília,5300108,,Marechal,363.1,https://moovitapp.com/index/pt-br/transporte_p%C3%BAblico-line-363_1-Brasilia-1702-851940-504344-0,-1.0,-15.80852,-48.146297,31.0,,,2,2023-06-15T21:24:17+00:00
BRA_442712,Brasília,5300108,,Marechal,932.3,https://moovitapp.com/index/pt-br/transporte_p%C3%BAblico-line-932_3-Brasilia-1702-851940-56749130-0,-1.0,-15.85911,-48.116923,11.0,,,2,2023-06-15T21:24:17+00:00
BRA_443247,Brasília,5300108,,Marechal,336.2,https://moovitapp.com/index/pt-br/transporte_p%C3%BAblico-line-336_2-Brasilia-1702-851940-347164-0,-1.0,-15.797217,-47.868517,0.0,,,2,2023-06-15T21:24:17+00:00
BRA_442445,Brasília,5300108,,Marechal,0.383,https://moovitapp.com/index/pt-br/transporte_p%C3%BAblico-line-0_383-Brasilia-1702-851940-347151-0,-1.0,-15.814383,-48.099107,0.0,,,2,2023-06-15T21:24:17+00:00
BRA_442267,Brasília,5300108,,Marechal,0.554,https://moovitapp.com/index/pt-br/transporte_p%C3%BAblico-line-0_554-Brasilia-1702-851940-504340-0,-1.0,-15.84049,-48.126497,32.0,,,2,2023-06-15T21:24:17+00:00
BRA_440035,Brasília,5300108,,Marechal,355.3,https://moovitapp.com/index/pt-br/transporte_p%C3%BAblico-line-355_3-Brasilia-1702-851940-504343-0,-1.0,-15.82377,-48.060473,4.0,,,2,2023-06-15T21:24:17+00:00
BRA_442275,Brasília,5300108,,Marechal,0.345,https://moovitapp.com/index/pt-br/transporte_p%C3%BAblico-line-0_345-Brasilia-1702-851940-347145-0,-1.0,-15.783503,-47.91251,25.0,,,2,2023-06-15T21:24:17+00:00
BRA_442241,Brasília,5300108,,Marechal,0.850,https://moovitapp.com/index/pt-br/transporte_p%C3%BAblico-line-0_850-Brasilia-1702-851940-312434-0,-1.0,-15.839343,-48.129603,0.0,,,2,2023-06-15T21:24:17+00:00
BRA_445398,Brasília,5300108,,Marechal,0.301,https://moovitapp.com/index/pt-br/transporte_p%C3%BAblico-line-0_301-Brasilia-1702-851940-339319-0,-1.0,-15.822037,-48.08107,38.0,,,2,2023-06-15T21:24:17+00:00
BRA_440027,Brasília,5300108,,Urbi,805.2,https://moovitapp.com/index/pt-br/transporte_p%C3%BAblico-line-805_2-Brasilia-1702-851595-454981-0,-1.0,-15.853063,-48.045713,24.0,,,2,2023-06-15T21:24:17+00:00
BRA_440906,Brasília,5300108,,Marechal,0.205,https://moovitapp.com/index/pt-br/transporte_p%C3%BAblico-line-0_205-Brasilia-1702-851940-463646-0,-1.0,-15.86165,-48.035587,37.0,,,2,2023-06-15T21:24:17+00:00
BRA_444618,Brasília,5300108,,Marechal,0.942,https://moovitapp.com/index/pt-br/transporte_p%C3%BAblico-line-0_942-Brasilia-1702-851940-347158-0,-1.0,-15.787717,-47.896083,3.0,,,2,2023-06-15T20:48:07+00:00
BRA_441937,Brasília,5300108,,Marechal,0.383,https://moovitapp.com/index/pt-br/transporte_p%C3%BAblico-line-0_383-Brasilia-1702-851940-347151-0,-1.0,-15.78789,-47.888577,0.0,,,2,2023-06-15T21:24:17+00:00
BRA_445207,Brasília,5300108,,Marechal,0.378,https://moovitapp.com/index/pt-br/transporte_p%C3%BAblico-line-0_378-Brasilia-1702-851940-347150-0,-1.0,-15.80738,-47.930883,0.0,,,2,2023-06-15T21:24:17+00:00
BRA_440248,Brasília,5300108,,Marechal,305.4,https://moovitapp.com/index/pt-br/transporte_p%C3%BAblico-line-305_4-Brasilia-1702-851940-393567-0,-1.0,-15.802253,-47.95085,13.0,,,2,2023-06-15T21:24:17+00:00
BRA_444341,Brasília,5300108,,Marechal,156.1,https://moovitapp.com/index/pt-br/transporte_p%C3%BAblico-line-156_1-Brasilia-1702-851940-242750-0,-1.0,-15.818797,-48.0657,0.0,,,2,2023-06-15T21:24:17+00:00
BRA_444103,Brasília,5300108,,Marechal,933.2,https://moovitapp.com/index/pt-br/transporte_p%C3%BAblico-line-933_2-Brasilia-1702-851940-717428-0,-1.0,-15.82126,-48.11225,12.0,,,2,2023-06-15T21:23:41+00:00
BRA_441856,Brasília,5300108,,Marechal,0.361,https://moovitapp.com/index/pt-br/transporte_p%C3%BAblico-line-0_361-Brasilia-1702-851940-376158-0,-1.0,-15.839827,-48.09799,15.0,,,2,2023-06-15T21:24:17+00:00
BRA_442003,Brasília,5300108,,Marechal,933.1,https://moovitapp.com/index/pt-br/transporte_p%C3%BAblico-line-933_1-Brasilia-1702-851940-358307-0,-1.0,-15.81225,-48.09498,25.0,,,2,2023-06-15T21:24:17+00:00
BRA_440795,Brasília,5300108,,Marechal,260.3,https://moovitapp.com/index/pt-br/transporte_p%C3%BAblico-line-260_3-Brasilia-1702-851940-393566-0,-1.0,-15.91687,-48.04934,2.0,,,2,2023-06-15T21:24:17+00:00
BRA_443557,Brasília,5300108,,Marechal,355.3,https://moovitapp.com/index/pt-br/transporte_p%C3%BAblico-line-355_3-Brasilia-1702-851940-504343-0,-1.0,-15.869263,-48.03741,0.0,,,2,2023-06-15T21:24:12+00:00
BRA_441511,Brasília,5300108,,Marechal,0.339,https://moovitapp.com/index/pt-br/transporte_p%C3%BAblico-line-0_339-Brasilia-1702-851940-419625-0,-1.0,-15.805407,-48.074617,9.0,,,2,2023-06-15T21:24:17+00:00
BRA_441830,Brasília,5300108,,Marechal,0.383,https://moovitapp.com/index/pt-br/transporte_p%C3%BAblico-line-0_383-Brasilia-1702-851940-347151-0,-1.0,-15.77447,-47.938437,53.0,,,2,2023-06-15T21:24:17+00:00
BRA_441635,Brasília,5300108,,Marechal,932.1,https://moovitapp.com/index/pt-br/transporte_p%C3%BAblico-line-932_1-Brasilia-1702-851940-470763-0,-1.0,-15.812417,-47.937867,10.0,,,2,2023-06-15T21:24:17+00:00
BRA_442623,Brasília,5300108,,Urbi,0.054,https://moovitapp.com/index/pt-br/transporte_p%C3%BAblico-line-0_054-Brasilia-1702-851595-454960-0,-1.0,-15.895333,-48.114297,40.0,,,2,2023-06-15T21:24:17+00:00
BRA_444570,Brasília,5300108,,Marechal,0.554,https://moovitapp.com/index/pt-br/transporte_p%C3%BAblico-line-0_554-Brasilia-1702-851940-504340-0,-1.0,-15.795897,-47.872633,0.0,,,2,2023-06-15T21:24:17+00:00
BRA_444715,Brasília,5300108,,Marechal,0.089,https://moovitapp.com/index/pt-br/transporte_p%C3%BAblico-line-0_089-Brasilia-1702-851940-706977-0,-1.0,-15.81165,-47.986603,32.0,,,2,2023-06-15T21:24:17+00:00
BRA_445223,Brasília,5300108,,Marechal,337.1,https://moovitapp.com/index/pt-br/transporte_p%C3%BAblico-line-337_1-Brasilia-1702-851940-347165-0,-1.0,-15.85253,-48.11729,0.0,,,2,2023-06-15T21:24:17+00:00
BRA_443051,Brasília,5300108,,Marechal,363.1,https://moovitapp.com/index/pt-br/transporte_p%C3%BAblico-line-363_1-Brasilia-1702-851940-504344-0,-1.0,-15.849147,-48.12012,34.0,,,2,2023-06-15T21:24:17+00:00
BRA_442801,Brasília,5300108,,Marechal,0.383,https://moovitapp.com/index/pt-br/transporte_p%C3%BAblico-line-0_383-Brasilia-1702-851940-347151-0,-1.0,-15.785737,-47.9022,7.0,,,2,2023-06-15T21:24:17+00:00
BRA_445126,Brasília,5300108,,Marechal,0.305,https://moovitapp.com/index/pt-br/transporte_p%C3%BAblico-line-0_305-Brasilia-1702-851940-775108-0,-1.0,-15.807713,-47.900473,0.0,,,2,2023-06-15T21:24:17+00:00
BRA_442747,Brasília,5300108,,Marechal,361.1,https://moovitapp.com/index/pt-br/transporte_p%C3%BAblico-line-361_1-Brasilia-1702-851940-363861-0,-1.0,-15.841173,-48.033027,43.0,,,2,2023-06-15T21:24:17+00:00
BRA_442615,Brasília,5300108,,Urbi,056.2,https://moovitapp.com/index/pt-br/transporte_p%C3%BAblico-line-056_2-Brasilia-1702-851595-492982-0,-1.0,-15.86909,-48.087533,0.0,,,2,2023-06-15T21:24:17+00:00
BRA_441660,Brasília,5300108,,Urbi,056.4,https://moovitapp.com/index/pt-br/transporte_p%C3%BAblico-line-056_4-Brasilia-1702-851595-519387-0,-1.0,-15.888123,-48.150363,23.0,,,2,2023-06-15T21:24:17+00:00
BRA_442577,Brasília,5300108,,Marechal,0.555,https://moovitapp.com/index/pt-br/transporte_p%C3%BAblico-line-0_555-Brasilia-1702-851940-504341-0,-1.0,-15.841463,-48.12572,4.0,,,2,2023-06-15T21:24:19+00:00
BRA_443123,Brasília,5300108,,Marechal,361.1,https://moovitapp.com/index/pt-br/transporte_p%C3%BAblico-line-361_1-Brasilia-1702-851940-363861-0,-1.0,-15.836193,-48.064203,29.0,,,2,2023-06-15T21:24:17+00:00
BRA_443778,Brasília,5300108,,Marechal,157.6,https://moovitapp.com/index/pt-br/transporte_p%C3%BAblico-line-157_6-Brasilia-1702-851940-419627-0,-1.0,-15.869323,-48.037623,0.0,,,2,2023-06-15T21:24:17+00:00
BRA_444286,Brasília,5300108,,Marechal,933.2,https://moovitapp.com/index/pt-br/transporte_p%C3%BAblico-line-933_2-Brasilia-1702-851940-717428-0,-1.0,-15.821307,-48.111703,42.0,,,2,2023-06-15T21:24:17+00:00
BRA_440922,Brasília,5300108,,São José,0.092,https://moovitapp.com/index/pt-br/transporte_p%C3%BAblico-line-0_092-Brasilia-1702-851943-496589-0,-1.0,-15.844353,-47.981677,2.0,,,2,2023-06-15T21:24:17+00:00
BRA_440957,Brasília,5300108,,Marechal,376.2,https://moovitapp.com/index/pt-br/transporte_p%C3%BAblico-line-376_2-Brasilia-1702-851940-242799-0,-1.0,-15.877933,-48.005517,22.0,,,2,2023-06-15T21:24:17+00:00
BRA_444219,Brasília,5300108,,Marechal,0.043,https://moovitapp.com/index/pt-br/transporte_p%C3%BAblico-line-0_043-Brasilia-1702-851940-781330-0,-1.0,-15.833957,-48.058307,13.0,,,2,2023-06-15T21:24:17+00:00
BRA_440400,Brasília,5300108,,São José,0.092,https://moovitapp.com/index/pt-br/transporte_p%C3%BAblico-line-0_092-Brasilia-1702-851943-496589-0,-1.0,-15.830597,-47.952163,31.0,,,2,2023-06-15T21:24:17+00:00
BRA_444031,Brasília,5300108,,Urbi,367.2,https://moovitapp.com/index/pt-br/transporte_p%C3%BAblico-line-367_2-Brasilia-1702-851595-454971-0,-1.0,-15.867513,-48.03242,24.0,,,2,2023-06-15T21:24:12+00:00
BRA_444731,Brasília,5300108,,Marechal,0.554,https://moovitapp.com/index/pt-br/transporte_p%C3%BAblico-line-0_554-Brasilia-1702-851940-504340-0,-1.0,-15.839533,-48.12958,0.0,,,2,2023-06-15T21:24:17+00:00
BRA_440639,Brasília,5300108,,Marechal,0.234,https://moovitapp.com/index/pt-br/transporte_p%C3%BAblico-line-0_234-Brasilia-1702-851940-419623-0,-1.0,-15.864343,-48.034137,37.0,,,2,2023-06-15T21:24:17+00:00
BRA_440752,Brasília,5300108,,Marechal,154.2,https://moovitapp.com/index/pt-br/transporte_p%C3%BAblico-line-154_2-Brasilia-1702-851940-527234-0,-1.0,-15.844403,-47.9383,24.0,,,2,2023-06-15T21:24:17+00:00
BRA_440868,Brasília,5300108,,Marechal,0.376,https://moovitapp.com/index/pt-br/transporte_p%C3%BAblico-line-0_376-Brasilia-1702-851940-242726-0,-1.0,-15.774103,-47.888423,0.0,,,2,2023-06-15T19:24:15+00:00
BRA_441708,Brasília,5300108,,Urbi,367.2,https://moovitapp.com/index/pt-br/transporte_p%C3%BAblico-line-367_2-Brasilia-1702-851595-454971-0,-1.0,-15.88395,-48.150043,0.0,,,2,2023-06-15T21:24:12+00:00
BRA_440299,Brasília,5300108,,Marechal,156.7,https://moovitapp.com/index/pt-br/transporte_p%C3%BAblico-line-156_7-Brasilia-1702-851940-312444-0,-1.0,-15.749447,-47.895667,43.0,,,2,2023-06-15T21:24:17+00:00
BRA_445363,Brasília,5300108,,Marechal,337.1,https://moovitapp.com/index/pt-br/transporte_p%C3%BAblico-line-337_1-Brasilia-1702-851940-347165-0,-1.0,-15.840473,-48.12962,0.0,,,2,2023-06-15T21:24:17+00:00
BRA_445193,Brasília,5300108,,Marechal,0.300,https://moovitapp.com/index/pt-br/transporte_p%C3%BAblico-line-0_300-Brasilia-1702-851940-419624-0,-1.0,-15.83062,-47.920737,26.0,,,2,2023-06-15T21:24:17+00:00
BRA_441007,Brasília,5300108,,Marechal,0.234,https://moovitapp.com/index/pt-br/transporte_p%C3%BAblico-line-0_234-Brasilia-1702-851940-419623-0,-1.0,-15.896223,-48.055243,0.0,,,2,2023-06-15T21:24:17+00:00
BRA_440078,Brasília,5300108,,Marechal,0.153,https://moovitapp.com/index/pt-br/transporte_p%C3%BAblico-line-0_153-Brasilia-1702-851940-766835-0,-1.0,-15.746103,-47.908997,16.0,,,2,2023-06-15T21:24:17+00:00
BRA_444111,Brasília,5300108,,Marechal,0.363,https://moovitapp.com/index/pt-br/transporte_p%C3%BAblico-line-0_363-Brasilia-1702-851940-504339-0,-1.0,-15.834377,-48.104917,24.0,,,2,2023-06-15T21:24:17+00:00
BRA_442984,Brasília,5300108,,Urbi,0.367,https://moovitapp.com/index/pt-br/transporte_p%C3%BAblico-line-0_367-Brasilia-1702-851595-519380-0,-1.0,-15.88656,-48.14671,24.0,,,2,2023-06-15T21:24:17+00:00
BRA_442674,Brasília,5300108,,Marechal,0.089,https://moovitapp.com/index/pt-br/transporte_p%C3%BAblico-line-0_089-Brasilia-1702-851940-706977-0,-1.0,-15.812057,-47.996877,17.0,,,2,2023-06-15T21:24:17+00:00
BRA_443026,Brasília,5300108,,Marechal,0.555,https://moovitapp.com/index/pt-br/transporte_p%C3%BAblico-line-0_555-Brasilia-1702-851940-504341-0,-1.0,-15.80799,-47.93266,40.0,,,2,2023-06-15T21:24:17+00:00
BRA_442666,Brasília,5300108,,Urbi,0.367,https://moovitapp.com/index/pt-br/transporte_p%C3%BAblico-line-0_367-Brasilia-1702-851595-519380-0,-1.0,-15.84063,-48.049633,25.0,,,2,2023-06-15T21:24:17+00:00
BRA_440086,Brasília,5300108,,Marechal,0.216,https://moovitapp.com/index/pt-br/transporte_p%C3%BAblico-line-0_216-Brasilia-1702-851940-393562-0,-1.0,-15.817273,-47.98118,9.0,,,2,2023-06-15T21:24:17+00:00
BRA_442534,Brasília,5300108,,Marechal,0.903,https://moovitapp.com/index/pt-br/transporte_p%C3%BAblico-line-0_903-Brasilia-1702-851940-347155-0,-1.0,-15.795247,-47.933803,23.0,,,2,2023-06-15T21:24:17+00:00
BRA_444740,Brasília,5300108,,Marechal,932.4,https://moovitapp.com/index/pt-br/transporte_p%C3%BAblico-line-932_4-Brasilia-1702-851940-111057093-0,-1.0,-15.83198,-48.04987,25.0,,,2,2023-06-15T21:24:17+00:00
BRA_442704,Brasília,5300108,,Marechal,0.554,https://moovitapp.com/index/pt-br/transporte_p%C3%BAblico-line-0_554-Brasilia-1702-851940-504340-0,-1.0,-15.833513,-48.05684,0.0,,,2,2023-06-15T21:24:17+00:00
BRA_442879,Brasília,5300108,,Marechal,933.4,https://moovitapp.com/index/pt-br/transporte_p%C3%BAblico-line-933_4-Brasilia-1702-851940-656766-0,-1.0,-15.804973,-48.07323,7.0,,,2,2023-06-15T21:24:17+00:00
BRA_443417,Brasília,5300108,,Marechal,933.1,https://moovitapp.com/index/pt-br/transporte_p%C3%BAblico-line-933_1-Brasilia-1702-851940-358307-0,-1.0,-15.840983,-48.126533,0.0,,,2,2023-06-15T21:24:17+00:00
BRA_441384,Brasília,5300108,,Urbi,372.5,https://moovitapp.com/index/pt-br/transporte_p%C3%BAblico-line-372_5-Brasilia-1702-851595-519391-0,-1.0,-15.851957,-48.07233,27.0,,,2,2023-06-15T21:24:17+00:00
BRA_441333,Brasília,5300108,,Marechal,0.162,https://moovitapp.com/index/pt-br/transporte_p%C3%BAblico-line-0_162-Brasilia-1702-851940-766836-0,-1.0,-15.817123,-47.912867,5.0,,,2,2023-06-15T21:24:17+00:00
BRA_441295,Brasília,5300108,,Marechal,162.2,https://moovitapp.com/index/pt-br/transporte_p%C3%BAblico-line-162_2-Brasilia-1702-851940-312446-0,-1.0,-15.813197,-47.979053,44.0,,,2,2023-06-15T21:24:17+00:00
BRA_443310,Brasília,5300108,,Marechal,942.1,https://moovitapp.com/index/pt-br/transporte_p%C3%BAblico-line-942_1-Brasilia-1702-851940-347177-0,-1.0,-15.824097,-48.060353,0.0,,,2,2023-06-15T21:24:17+00:00
BRA_441104,Brasília,5300108,,Urbi,038.1,https://moovitapp.com/index/pt-br/transporte_p%C3%BAblico-line-038_1-Brasilia-1702-851595-781327-0,-1.0,-15.881597,-48.013097,25.0,,,2,2023-06-15T21:24:17+00:00
BRA_443506,Brasília,5300108,,Marechal,383.3,https://moovitapp.com/index/pt-br/transporte_p%C3%BAblico-line-383_3-Brasilia-1702-851940-88144102-0,-1.0,-15.79402,-47.880353,1.0,,,2,2023-06-15T21:24:17+00:00
BRA_443425,Brasília,5300108,,Marechal,0.555,https://moovitapp.com/index/pt-br/transporte_p%C3%BAblico-line-0_555-Brasilia-1702-851940-504341-0,-1.0,-15.78513,-47.887923,3.0,,,2,2023-06-15T21:24:17+00:00
BRA_441261,Brasília,5300108,,Marechal,0.205,https://moovitapp.com/index/pt-br/transporte_p%C3%BAblico-line-0_205-Brasilia-1702-851940-463646-0,-1.0,-15.869753,-48.037813,0.0,,,2,2023-06-15T21:24:17+00:00
BRA_443069,Brasília,5300108,,Marechal,363.2,https://moovitapp.com/index/pt-br/transporte_p%C3%BAblico-line-363_2-Brasilia-1702-851940-725443-0,-1.0,-15.831117,-48.056163,0.0,,,2,2023-06-15T21:24:17+00:00
BRA_442640,Brasília,5300108,,Marechal,0.369,https://moovitapp.com/index/pt-br/transporte_p%C3%BAblico-line-0_369-Brasilia-1702-851940-500060-0,-1.0,-15.857137,-48.041493,25.0,,,2,2023-06-15T21:24:17+00:00
BRA_440612,Brasília,5300108,,Marechal,0.153,https://moovitapp.com/index/pt-br/transporte_p%C3%BAblico-line-0_153-Brasilia-1702-851940-766835-0,-1.0,-15.815093,-47.97915,1.0,,,2,2023-06-15T21:24:17+00:00
BRA_444316,Brasília,5300108,,Marechal,933.2,https://moovitapp.com/index/pt-br/transporte_p%C3%BAblico-line-933_2-Brasilia-1702-851940-717428-0,-1.0,-15.857507,-48.122673,0.0,,,2,2023-06-15T21:24:17+00:00
BRA_440116,Brasília,5300108,,Marechal,162.2,https://moovitapp.com/index/pt-br/transporte_p%C3%BAblico-line-162_2-Brasilia-1702-851940-312446-0,-1.0,-15.839353,-47.920783,17.0,,,2,2023-06-15T21:24:17+00:00
BRA_440809,Brasília,5300108,,Marechal,154.2,https://moovitapp.com/index/pt-br/transporte_p%C3%BAblico-line-154_2-Brasilia-1702-851940-527234-0,-1.0,-15.830787,-47.980237,29.0,,,2,2023-06-15T21:24:17+00:00
BRA_443930,Brasília,5300108,,Marechal,933.6,https://moovitapp.com/index/pt-br/transporte_p%C3%BAblico-line-933_6-Brasilia-1702-851940-3494672-0,-1.0,-15.82634,-48.05961,0.0,,,2,2023-06-15T21:24:17+00:00
BRA_440663,Brasília,5300108,,Marechal,206.1,https://moovitapp.com/index/pt-br/transporte_p%C3%BAblico-line-206_1-Brasilia-1702-851940-137149861-0,-1.0,-16.020513,-48.06691,0.0,,,2,2023-06-15T21:24:12+00:00
BRA_444260,Brasília,5300108,,Urbi,372.4,https://moovitapp.com/index/pt-br/transporte_p%C3%BAblico-line-372_4-Brasilia-1702-851595-650087-0,-1.0,-15.803753,-48.06948,0.0,,,2,2023-06-15T21:24:17+00:00
BRA_440761,Brasília,5300108,,Marechal,0.376,https://moovitapp.com/index/pt-br/transporte_p%C3%BAblico-line-0_376-Brasilia-1702-851940-242726-0,-1.0,-16.023613,-48.027743,15.0,,,2,2023-06-15T21:24:17+00:00
BRA_442356,Brasília,5300108,,Urbi,393.6,https://moovitapp.com/index/pt-br/transporte_p%C3%BAblico-line-393_6-Brasilia-1702-851595-588817-0,-1.0,-15.880053,-48.05376,7.0,,,2,2023-06-15T21:24:17+00:00
BRA_444022,Brasília,5300108,,Marechal,933.2,https://moovitapp.com/index/pt-br/transporte_p%C3%BAblico-line-933_2-Brasilia-1702-851940-717428-0,-1.0,-15.816937,-48.10393,37.0,,,2,2023-06-15T21:24:17+00:00
BRA_444090,Brasília,5300108,,Marechal,933.5,https://moovitapp.com/index/pt-br/transporte_p%C3%BAblico-line-933_5-Brasilia-1702-851940-766837-0,-1.0,-15.825893,-48.063257,41.0,,,2,2023-06-15T21:24:17+00:00
BRA_443956,Brasília,5300108,,Marechal,363.1,https://moovitapp.com/index/pt-br/transporte_p%C3%BAblico-line-363_1-Brasilia-1702-851940-504344-0,-1.0,-15.84631,-48.111127,48.0,,,2,2023-06-15T21:24:17+00:00
BRA_445312,Brasília,5300108,,Marechal,0.378,https://moovitapp.com/index/pt-br/transporte_p%C3%BAblico-line-0_378-Brasilia-1702-851940-347150-0,-1.0,-15.836627,-48.118767,8.0,,,2,2023-06-15T21:24:17+00:00
BRA_440558,Brasília,5300108,,São José,0.092,https://moovitapp.com/index/pt-br/transporte_p%C3%BAblico-line-0_092-Brasilia-1702-851943-496589-0,-1.0,-15.862047,-48.026043,20.0,,,2,2023-06-15T21:24:17+00:00
BRA_444588,Brasília,5300108,,Marechal,386.1,https://moovitapp.com/index/pt-br/transporte_p%C3%BAblico-line-386_1-Brasilia-1702-851940-775114-0,-1.0,-15.87615,-47.989343,42.0,,,2,2023-06-15T21:24:17+00:00
BRA_441554,Brasília,5300108,,Marechal,0.555,https://moovitapp.com/index/pt-br/transporte_p%C3%BAblico-line-0_555-Brasilia-1702-851940-504341-0,-1.0,-15.742983,-47.909213,8.0,,,2,2023-06-15T21:24:17+00:00
BRA_442194,Brasília,5300108,,Urbi,367.2,https://moovitapp.com/index/pt-br/transporte_p%C3%BAblico-line-367_2-Brasilia-1702-851595-454971-0,-1.0,-15.84003,-48.050673,36.0,,,2,2023-06-15T21:24:17+00:00
BRA_440779,Brasília,5300108,,Marechal,156.7,https://moovitapp.com/index/pt-br/transporte_p%C3%BAblico-line-156_7-Brasilia-1702-851940-312444-0,-1.0,-15.859803,-47.955807,0.0,,,2,2023-06-15T21:24:17+00:00
BRA_444545,Brasília,5300108,,Marechal,942.2,https://moovitapp.com/index/pt-br/transporte_p%C3%BAblico-line-942_2-Brasilia-1702-851940-53406783-0,-1.0,-15.795187,-47.963303,56.0,,,2,2023-06-15T21:24:17+00:00
BRA_444537,Brasília,5300108,,Marechal,0.383,https://moovitapp.com/index/pt-br/transporte_p%C3%BAblico-line-0_383-Brasilia-1702-851940-347151-0,-1.0,-15.84066,-48.127087,0.0,,,2,2023-06-15T21:13:28+00:00
BRA_440621,Brasília,5300108,,Urbi,805.8,https://moovitapp.com/index/pt-br/transporte_p%C3%BAblico-line-805_8-Brasilia-1702-851595-454982-0,-1.0,-15.842967,-48.047913,14.0,,,2,2023-06-15T21:24:17+00:00
BRA_441805,Brasília,5300108,,Marechal,0.043,https://moovitapp.com/index/pt-br/transporte_p%C3%BAblico-line-0_043-Brasilia-1702-851940-781330-0,-1.0,-15.79457,-48.044783,36.0,,,2,2023-06-15T21:24:17+00:00
BRA_441775,Brasília,5300108,,Marechal,0.089,https://moovitapp.com/index/pt-br/transporte_p%C3%BAblico-line-0_089-Brasilia-1702-851940-706977-0,-1.0,-15.818683,-47.98389,4.0,,,2,2023-06-15T21:24:17+00:00
BRA_443387,Brasília,5300108,,Urbi,367.8,https://moovitapp.com/index/pt-br/transporte_p%C3%BAblico-line-367_8-Brasilia-1702-851595-681293-0,-1.0,-15.835573,-48.018267,11.0,,,2,2023-06-15T21:24:17+00:00
BRA_441791,Brasília,5300108,,Marechal,336.1,https://moovitapp.com/index/pt-br/transporte_p%C3%BAblico-line-336_1-Brasilia-1702-851940-347163-0,-1.0,-15.807007,-48.069837,59.0,,,2,2023-06-15T21:24:17+00:00
BRA_443361,Brasília,5300108,,Marechal,933.1,https://moovitapp.com/index/pt-br/transporte_p%C3%BAblico-line-933_1-Brasilia-1702-851940-358307-0,-1.0,-15.849233,-48.111847,40.0,,,2,2023-06-15T21:24:17+00:00
BRA_441422,Brasília,5300108,,Marechal,933.1,https://moovitapp.com/index/pt-br/transporte_p%C3%BAblico-line-933_1-Brasilia-1702-851940-358307-0,-1.0,-15.844793,-48.103797,0.0,,,2,2023-06-15T21:24:17+00:00
BRA_445355,Brasília,5300108,,Marechal,0.378,https://moovitapp.com/index/pt-br/transporte_p%C3%BAblico-line-0_378-Brasilia-1702-851940-347150-0,-1.0,-15.837413,-48.120743,20.0,,,2,2023-06-15T21:24:17+00:00
BRA_445266,Brasília,5300108,,Marechal,0.301,https://moovitapp.com/index/pt-br/transporte_p%C3%BAblico-line-0_301-Brasilia-1702-851940-339319-0,-1.0,-15.81121,-47.938053,10.0,,,2,2023-06-15T21:24:17+00:00
BRA_440833,Brasília,5300108,,Marechal,156.1,https://moovitapp.com/index/pt-br/transporte_p%C3%BAblico-line-156_1-Brasilia-1702-851940-242750-0,-1.0,-15.798177,-47.892027,0.0,,,2,2023-06-15T21:24:17+00:00
BRA_443450,Brasília,5300108,,Marechal,0.363,https://moovitapp.com/index/pt-br/transporte_p%C3%BAblico-line-0_363-Brasilia-1702-851940-504339-0,-1.0,-15.842073,-48.102013,1.0,,,2,2023-06-15T21:24:17+00:00
BRA_443301,Brasília,5300108,,Marechal,933.5,https://moovitapp.com/index/pt-br/transporte_p%C3%BAblico-line-933_5-Brasilia-1702-851940-766837-0,-1.0,-15.838657,-48.128827,0.0,,,2,2023-06-15T21:24:17+00:00
BRA_445321,Brasília,5300108,,Marechal,0.336,https://moovitapp.com/index/pt-br/transporte_p%C3%BAblico-line-0_336-Brasilia-1702-851940-347142-0,-1.0,-15.843013,-48.124547,36.0,,,2,2023-06-15T21:24:17+00:00
BRA_445151,Brasília,5300108,,Marechal,162.2,https://moovitapp.com/index/pt-br/transporte_p%C3%BAblico-line-162_2-Brasilia-1702-851940-312446-0,-1.0,-15.839303,-48.01889,22.0,,,2,2023-06-15T21:24:17+00:00
BRA_441074,Brasília,5300108,,Marechal,260.3,https://moovitapp.com/index/pt-br/transporte_p%C3%BAblico-line-260_3-Brasilia-1702-851940-393566-0,-1.0,-15.80771,-48.157253,0.0,,,2,2023-06-15T21:24:17+00:00
BRA_441473,Brasília,5300108,,Marechal,0.089,https://moovitapp.com/index/pt-br/transporte_p%C3%BAblico-line-0_089-Brasilia-1702-851940-706977-0,-1.0,-15.833903,-48.125683,26.0,,,2,2023-06-15T21:24:17+00:00
BRA_443760,Brasília,5300108,,Marechal,355.3,https://moovitapp.com/index/pt-br/transporte_p%C3%BAblico-line-355_3-Brasilia-1702-851940-504343-0,-1.0,-15.808797,-48.038897,30.0,,,2,2023-06-15T21:24:17+00:00
BRA_444677,Brasília,5300108,,São José,350.1,https://moovitapp.com/index/pt-br/transporte_p%C3%BAblico-line-350_1-Brasilia-1702-851943-2068450-0,-1.0,-15.84659,-48.0437,0.0,,,2,2023-06-15T21:24:17+00:00
BRA_444669,Brasília,5300108,,Marechal,0.043,https://moovitapp.com/index/pt-br/transporte_p%C3%BAblico-line-0_043-Brasilia-1702-851940-781330-0,-1.0,-15.83167,-48.123507,32.0,,,2,2023-06-15T21:22:12+00:00
BRA_440566,Brasília,5300108,,Urbi,872.9,https://moovitapp.com/index/pt-br/transporte_p%C3%BAblico-line-872_9-Brasilia-1702-851595-372394-0,-1.0,-15.90802,-48.060387,20.0,,,2,2023-06-15T21:24:17+00:00
BRA_440485,Brasília,5300108,,Piracicabana,099.1,https://moovitapp.com/index/pt-br/transporte_p%C3%BAblico-line-099_1-Brasilia-1702-850942-775090-0,-1.0,-15.829777,-48.038757,0.0,,,2,2023-06-15T21:24:17+00:00
BRA_441023,Brasília,5300108,,São José,0.092,https://moovitapp.com/index/pt-br/transporte_p%C3%BAblico-line-0_092-Brasilia-1702-851943-496589-0,-1.0,-15.73603,-47.90736,0.0,,,2,2023-06-15T21:24:12+00:00
BRA_442119,Brasília,5300108,,Marechal,933.5,https://moovitapp.com/index/pt-br/transporte_p%C3%BAblico-line-933_5-Brasilia-1702-851940-766837-0,-1.0,-15.803773,-48.069497,18.0,,,2,2023-06-15T21:24:17+00:00
BRA_442780,Brasília,5300108,,Urbi,0.399,https://moovitapp.com/index/pt-br/transporte_p%C3%BAblico-line-0_399-Brasilia-1702-851595-454964-0,-1.0,-15.865367,-48.056103,29.0,,,2,2023-06-15T21:24:17+00:00
BRA_441376,Brasília,5300108,,Marechal,0.900,https://moovitapp.com/index/pt-br/transporte_p%C3%BAblico-line-0_900-Brasilia-1702-851940-242733-0,-1.0,-15.787973,-48.013513,16.0,,,2,2023-06-15T21:24:17+00:00
BRA_445231,Brasília,5300108,,Marechal,0.336,https://moovitapp.com/index/pt-br/transporte_p%C3%BAblico-line-0_336-Brasilia-1702-851940-347142-0,-1.0,-15.841583,-48.10124,4.0,,,2,2023-06-15T21:24:17+00:00
BRA_443948,Brasília,5300108,,Marechal,0.363,https://moovitapp.com/index/pt-br/transporte_p%C3%BAblico-line-0_363-Brasilia-1702-851940-504339-0,-1.0,-15.838803,-48.128847,0.0,,,2,2023-06-15T21:24:17+00:00
BRA_444421,Brasília,5300108,,Urbi,823.2,https://moovitapp.com/index/pt-br/transporte_p%C3%BAblico-line-823_2-Brasilia-1702-851595-736295-0,-1.0,-15.784973,-47.88783,7.0,,,2,2023-06-15T21:24:17+00:00
BRA_443727,Brasília,5300108,,Marechal,959.2,https://moovitapp.com/index/pt-br/transporte_p%C3%BAblico-line-959_2-Brasilia-1702-851940-66561063-0,-1.0,-15.85145,-48.04065,33.0,,,2,2023-06-15T21:24:17+00:00
BRA_444189,Brasília,5300108,,Marechal,933.6,https://moovitapp.com/index/pt-br/transporte_p%C3%BAblico-line-933_6-Brasilia-1702-851940-3494672-0,-1.0,-15.838483,-48.13928,25.0,,,2,2023-06-15T21:24:21+00:00
BRA_444481,Brasília,5300108,,Marechal,910.1,https://moovitapp.com/index/pt-br/transporte_p%C3%BAblico-line-910_1-Brasilia-1702-851940-419630-0,-1.0,-15.800513,-47.950483,42.0,,,2,2023-06-15T21:24:17+00:00
BRA_442208,Brasília,5300108,,Urbi,056.2,https://moovitapp.com/index/pt-br/transporte_p%C3%BAblico-line-056_2-Brasilia-1702-851595-492982-0,-1.0,-15.806,-48.07683,0.0,,,2,2023-06-15T21:24:17+00:00
BRA_441759,Brasília,5300108,,Urbi,0.050,https://moovitapp.com/index/pt-br/transporte_p%C3%BAblico-line-0_050-Brasilia-1702-851595-781325-0,-1.0,-15.872197,-48.029507,0.0,,,2,2023-06-15T21:24:17+00:00
BRA_443654,Brasília,5300108,,Marechal,357.1,https://moovitapp.com/index/pt-br/transporte_p%C3%BAblico-line-357_1-Brasilia-1702-851940-775113-0,-1.0,-15.869457,-48.037483,0.0,,,2,2023-06-15T21:22:38+00:00
BRA_442542,Brasília,5300108,,Marechal,0.361,https://moovitapp.com/index/pt-br/transporte_p%C3%BAblico-line-0_361-Brasilia-1702-851940-376158-0,-1.0,-15.8205,-48.1102,21.0,,,2,2023-06-15T19:53:51+00:00
BRA_441872,Brasília,5300108,,Marechal,0.089,https://moovitapp.com/index/pt-br/transporte_p%C3%BAblico-line-0_089-Brasilia-1702-851940-706977-0,-1.0,-15.810963,-47.98984,3.0,,,2,2023-06-15T21:24:17+00:00
BRA_443298,Brasília,5300108,,Marechal,933.4,https://moovitapp.com/index/pt-br/transporte_p%C3%BAblico-line-933_4-Brasilia-1702-851940-656766-0,-1.0,-15.825347,-48.120053,9.0,,,2,2023-06-15T21:24:17+00:00
BRA_441457,Brasília,5300108,,Urbi,0.367,https://moovitapp.com/index/pt-br/transporte_p%C3%BAblico-line-0_367-Brasilia-1702-851595-519380-0,-1.0,-15.844977,-48.04453,6.0,,,2,2023-06-15T21:24:17+00:00
BRA_440787,Brasília,5300108,,Marechal,154.2,https://moovitapp.com/index/pt-br/transporte_p%C3%BAblico-line-154_2-Brasilia-1702-851940-527234-0,-1.0,-15.82039,-47.986783,0.0,,,2,2023-06-15T21:24:17+00:00
BRA_441139,Brasília,5300108,,Urbi,805.8,https://moovitapp.com/index/pt-br/transporte_p%C3%BAblico-line-805_8-Brasilia-1702-851595-454982-0,-1.0,-15.83581,-48.06305,28.0,,,2,2023-06-15T21:24:17+00:00
BRA_441244,Brasília,5300108,,Marechal,959.2,https://moovitapp.com/index/pt-br/transporte_p%C3%BAblico-line-959_2-Brasilia-1702-851940-66561063-0,-1.0,-15.875433,-47.98967,40.0,,,2,2023-06-15T21:24:17+00:00
BRA_444324,Brasília,5300108,,Marechal,154.3,https://moovitapp.com/index/pt-br/transporte_p%C3%BAblico-line-154_3-Brasilia-1702-851940-393565-0,-1.0,-15.869783,-48.038323,0.0,,,2,2023-06-15T21:24:12+00:00
BRA_444413,Brasília,5300108,,Marechal,376.1,https://moovitapp.com/index/pt-br/transporte_p%C3%BAblico-line-376_1-Brasilia-1702-851940-242798-0,-1.0,-15.846277,-47.971233,40.0,,,2,2023-06-15T21:24:17+00:00
BRA_443581,Brasília,5300108,,Marechal,355.3,https://moovitapp.com/index/pt-br/transporte_p%C3%BAblico-line-355_3-Brasilia-1702-851940-504343-0,-1.0,-15.869927,-48.037323,0.0,,,2,2023-06-15T21:15:01+00:00
BRA_440124,Brasília,5300108,,Piracicabana,099.1,https://moovitapp.com/index/pt-br/transporte_p%C3%BAblico-line-099_1-Brasilia-1702-850942-775090-0,-1.0,-15.834213,-48.01472,4.0,,,2,2023-06-15T21:23:56+00:00
BRA_444693,Brasília,5300108,,São José,350.1,https://moovitapp.com/index/pt-br/transporte_p%C3%BAblico-line-350_1-Brasilia-1702-851943-2068450-0,-1.0,-15.83909,-48.043683,30.0,,,2,2023-06-15T21:24:17+00:00
BRA_441686,Brasília,5300108,,Marechal,363.2,https://moovitapp.com/index/pt-br/transporte_p%C3%BAblico-line-363_2-Brasilia-1702-851940-725443-0,-1.0,-15.83871,-48.128897,0.0,,,2,2023-06-15T21:24:17+00:00
BRA_441767,Brasília,5300108,,Urbi,056.2,https://moovitapp.com/index/pt-br/transporte_p%C3%BAblico-line-056_2-Brasilia-1702-851595-492982-0,-1.0,-15.82578,-48.11829,0.0,,,2,2023-06-15T21:24:17+00:00
BRA_444634,Brasília,5300108,,Marechal,0.383,https://moovitapp.com/index/pt-br/transporte_p%C3%BAblico-line-0_383-Brasilia-1702-851940-347151-0,-1.0,-15.839307,-48.12965,0.0,,,2,2023-06-15T21:24:17+00:00
BRA_443522,Brasília,5300108,,Marechal,300.1,https://moovitapp.com/index/pt-br/transporte_p%C3%BAblico-line-300_1-Brasilia-1702-851940-527235-0,-1.0,-15.813837,-48.00375,13.0,,,2,2023-06-15T21:24:17+00:00
BRA_441546,Brasília,5300108,,Marechal,0.554,https://moovitapp.com/index/pt-br/transporte_p%C3%BAblico-line-0_554-Brasilia-1702-851940-504340-0,-1.0,-15.819653,-47.9056,49.0,,,2,2023-06-15T21:24:17+00:00
BRA_441627,Brasília,5300108,,Urbi,372.4,https://moovitapp.com/index/pt-br/transporte_p%C3%BAblico-line-372_4-Brasilia-1702-851595-650087-0,-1.0,-15.89383,-48.14855,49.0,,,2,2023-06-15T21:24:17+00:00
BRA_440698,Brasília,5300108,,Marechal,156.1,https://moovitapp.com/index/pt-br/transporte_p%C3%BAblico-line-156_1-Brasilia-1702-851940-242750-0,-1.0,-15.84045,-47.96588,0.0,,,2,2023-06-15T21:24:12+00:00
BRA_441155,Brasília,5300108,,Marechal,355.2,https://moovitapp.com/index/pt-br/transporte_p%C3%BAblico-line-355_2-Brasilia-1702-851940-510251-0,-1.0,-15.82116,-48.127827,40.0,,,2,2023-06-15T21:24:17+00:00
BRA_443646,Brasília,5300108,,Marechal,351.3,https://moovitapp.com/index/pt-br/transporte_p%C3%BAblico-line-351_3-Brasilia-1702-851940-510249-0,-1.0,-15.832593,-48.057433,0.0,,,2,2023-06-15T21:18:14+00:00
BRA_441236,Brasília,5300108,,Marechal,376.3,https://moovitapp.com/index/pt-br/transporte_p%C3%BAblico-line-376_3-Brasilia-1702-851940-528960-0,-1.0,-15.822253,-48.061,6.0,,,2,2023-06-15T21:24:17+00:00
BRA_442631,Brasília,5300108,,Marechal,910.1,https://moovitapp.com/index/pt-br/transporte_p%C3%BAblico-line-910_1-Brasilia-1702-851940-419630-0,-1.0,-15.786317,-47.995697,40.0,,,2,2023-06-15T21:23:35+00:00
BRA_443603,Brasília,5300108,,Marechal,351.3,https://moovitapp.com/index/pt-br/transporte_p%C3%BAblico-line-351_3-Brasilia-1702-851940-510249-0,-1.0,-15.8215,-48.064757,26.0,,,2,2023-06-15T20:50:43+00:00
BRA_440094,Brasília,5300108,,Marechal,355.2,https://moovitapp.com/index/pt-br/transporte_p%C3%BAblico-line-355_2-Brasilia-1702-851940-510251-0,-1.0,-15.810017,-47.936867,15.0,,,2,2023-06-15T21:24:17+00:00
BRA_440175,Brasília,5300108,,Urbi,038.1,https://moovitapp.com/index/pt-br/transporte_p%C3%BAblico-line-038_1-Brasilia-1702-851595-781327-0,-1.0,-15.825513,-48.0599,14.0,,,2,2023-06-15T21:24:17+00:00
BRA_444511,Brasília,5300108,,Marechal,0.910,https://moovitapp.com/index/pt-br/transporte_p%C3%BAblico-line-0_910-Brasilia-1702-851940-347156-0,-1.0,-15.802827,-47.966363,4.0,,,2,2023-06-15T21:24:17+00:00
BRA_443735,Brasília,5300108,,Marechal,0.951,https://moovitapp.com/index/pt-br/transporte_p%C3%BAblico-line-0_951-Brasilia-1702-851940-783578-0,-1.0,-15.869697,-48.03869,0.0,,,2,2023-06-15T21:23:25+00:00
BRA_444014,Brasília,5300108,,Marechal,0.369,https://moovitapp.com/index/pt-br/transporte_p%C3%BAblico-line-0_369-Brasilia-1702-851940-500060-0,-1.0,-15.841383,-48.12574,0.0,,,2,2023-06-15T21:24:17+00:00
BRA_443620,Brasília,5300108,,Marechal,0.357,https://moovitapp.com/index/pt-br/transporte_p%C3%BAblico-line-0_357-Brasilia-1702-851940-775109-0,-1.0,-15.836063,-48.048417,18.0,,,2,2023-06-15T21:24:17+00:00
BRA_444391,Brasília,5300108,,Marechal,0.234,https://moovitapp.com/index/pt-br/transporte_p%C3%BAblico-line-0_234-Brasilia-1702-851940-419623-0,-1.0,-15.86958,-48.037557,0.0,,,2,2023-06-15T21:10:26+00:00
BRA_444529,Brasília,5300108,,Marechal,386.1,https://moovitapp.com/index/pt-br/transporte_p%C3%BAblico-line-386_1-Brasilia-1702-851940-775114-0,-1.0,-15.86904,-47.947613,13.0,,,2,2023-06-15T21:24:17+00:00
BRA_443263,Brasília,5300108,,Marechal,0.345,https://moovitapp.com/index/pt-br/transporte_p%C3%BAblico-line-0_345-Brasilia-1702-851940-347145-0,-1.0,-15.84081,-48.1271,0.0,,,2,2023-06-15T21:24:12+00:00
BRA_442224,Brasília,5300108,,Marechal,0.089,https://moovitapp.com/index/pt-br/transporte_p%C3%BAblico-line-0_089-Brasilia-1702-851940-706977-0,-1.0,-15.824913,-47.980523,0.0,,,2,2023-06-15T21:24:17+00:00
BRA_444081,Brasília,5300108,,Urbi,0.056,https://moovitapp.com/index/pt-br/transporte_p%C3%BAblico-line-0_056-Brasilia-1702-851595-588804-0,-1.0,-15.9021,-48.128457,0.0,,,2,2023-06-15T21:24:17+00:00
BRA_443182,Brasília,5300108,,Marechal,0.903,https://moovitapp.com/index/pt-br/transporte_p%C3%BAblico-line-0_903-Brasilia-1702-851940-347155-0,-1.0,-15.80184,-48.06381,23.0,,,2,2023-06-15T21:24:17+00:00
BRA_443689,Brasília,5300108,,Marechal,959.2,https://moovitapp.com/index/pt-br/transporte_p%C3%BAblico-line-959_2-Brasilia-1702-851940-66561063-0,-1.0,-15.85615,-47.991167,11.0,,,2,2023-06-15T21:24:17+00:00
BRA_444162,Brasília,5300108,,Marechal,0.363,https://moovitapp.com/index/pt-br/transporte_p%C3%BAblico-line-0_363-Brasilia-1702-851940-504339-0,-1.0,-15.823347,-48.0606,27.0,,,2,2023-06-15T21:24:17+00:00
BRA_441589,Brasília,5300108,,Urbi,056.4,https://moovitapp.com/index/pt-br/transporte_p%C3%BAblico-line-056_4-Brasilia-1702-851595-519387-0,-1.0,-15.846377,-48.101007,49.0,,,2,2023-06-15T21:24:17+00:00
BRA_443204,Brasília,5300108,,São José,332.1,https://moovitapp.com/index/pt-br/transporte_p%C3%BAblico-line-332_1-Brasilia-1702-851943-2068455-0,-1.0,-15.820933,-48.061487,0.0,,,2,2023-06-15T21:24:17+00:00
BRA_441228,Brasília,5300108,,Marechal,0.162,https://moovitapp.com/index/pt-br/transporte_p%C3%BAblico-line-0_162-Brasilia-1702-851940-766836-0,-1.0,-15.806617,-47.899303,48.0,,,2,2023-06-15T21:24:17+00:00
BRA_441538,Brasília,5300108,,Urbi,0.056,https://moovitapp.com/index/pt-br/transporte_p%C3%BAblico-line-0_056-Brasilia-1702-851595-588804-0,-1.0,-15.840093,-48.121317,35.0,,,2,2023-06-15T21:24:17+00:00
BRA_443573,Brasília,5300108,,Marechal,959.3,https://moovitapp.com/index/pt-br/transporte_p%C3%BAblico-line-959_3-Brasilia-1702-851940-103863179-0,-1.0,-16.32477,-47.489107,5.0,,,2,2023-06-15T21:24:17+00:00
BRA_442526,Brasília,5300108,,São José,359.2,https://moovitapp.com/index/pt-br/transporte_p%C3%BAblico-line-359_2-Brasilia-1702-851943-2068453-0,-1.0,-15.786427,-48.124753,28.0,,,2,2023-06-15T21:24:17+00:00
BRA_441317,Brasília,5300108,,Marechal,306.5,https://moovitapp.com/index/pt-br/transporte_p%C3%BAblico-line-306_5-Brasilia-1702-851940-556809-0,-1.0,-15.793293,-47.8814,5.0,,,2,2023-06-15T21:24:17+00:00
BRA_444464,Brasília,5300108,,Marechal,0.902,https://moovitapp.com/index/pt-br/transporte_p%C3%BAblico-line-0_902-Brasilia-1702-851940-312435-0,-1.0,-15.788447,-48.015387,25.0,,,2,2023-06-15T21:24:17+00:00
BRA_442089,Brasília,5300108,,São José,350.1,https://moovitapp.com/index/pt-br/transporte_p%C3%BAblico-line-350_1-Brasilia-1702-851943-2068450-0,-1.0,-15.78811,-48.131373,14.0,,,2,2023-06-15T21:24:17+00:00
BRA_443492,Brasília,5300108,,Marechal,0.361,https://moovitapp.com/index/pt-br/transporte_p%C3%BAblico-line-0_361-Brasilia-1702-851940-376158-0,-1.0,-15.839273,-48.11649,40.0,,,2,2023-06-15T21:24:17+00:00
BRA_441902,Brasília,5300108,,Marechal,933.4,https://moovitapp.com/index/pt-br/transporte_p%C3%BAblico-line-933_4-Brasilia-1702-851940-656766-0,-1.0,-15.842487,-48.12493,26.0,,,2,2023-06-15T21:24:17+00:00
BRA_443379,Brasília,5300108,,Marechal,0.555,https://moovitapp.com/index/pt-br/transporte_p%C3%BAblico-line-0_555-Brasilia-1702-851940-504341-0,-1.0,-15.841497,-48.125697,0.0,,,2,2023-06-15T21:24:17+00:00
BRA_443280,Brasília,5300108,,Marechal,910.1,https://moovitapp.com/index/pt-br/transporte_p%C3%BAblico-line-910_1-Brasilia-1702-851940-419630-0,-1.0,-15.787417,-47.942063,52.0,,,2,2023-06-15T21:24:17+00:00
BRA_441694,Brasília,5300108,,São José,333.6,https://moovitapp.com/index/pt-br/transporte_p%C3%BAblico-line-333_6-Brasilia-1702-851943-2068452-0,-1.0,-15.80836,-48.145427,0.0,,,2,2023-06-15T21:13:44+00:00
BRA_441864,Brasília,5300108,,Marechal,336.1,https://moovitapp.com/index/pt-br/transporte_p%C3%BAblico-line-336_1-Brasilia-1702-851940-347163-0,-1.0,-15.809373,-47.952117,0.0,,,2,2023-06-15T21:24:17+00:00
BRA_441741,Brasília,5300108,,Marechal,0.903,https://moovitapp.com/index/pt-br/transporte_p%C3%BAblico-line-0_903-Brasilia-1702-851940-347155-0,-1.0,-15.787473,-48.011673,2.0,,,2,2023-06-15T21:24:17+00:00
BRA_441414,Brasília,5300108,,Marechal,0.345,https://moovitapp.com/index/pt-br/transporte_p%C3%BAblico-line-0_345-Brasilia-1702-851940-347145-0,-1.0,-15.866443,-48.092517,1.0,,,2,2023-06-15T21:24:17+00:00
BRA_441783,Brasília,5300108,,Marechal,933.6,https://moovitapp.com/index/pt-br/transporte_p%C3%BAblico-line-933_6-Brasilia-1702-851940-3494672-0,-1.0,-15.814887,-48.09941,20.0,,,2,2023-06-15T21:24:17+00:00
BRA_442330,Brasília,5300108,,Marechal,933.1,https://moovitapp.com/index/pt-br/transporte_p%C3%BAblico-line-933_1-Brasilia-1702-851940-358307-0,-1.0,-15.852403,-48.117363,16.0,,,2,2023-06-15T21:24:17+00:00
BRA_444243,Brasília,5300108,,Urbi,056.2,https://moovitapp.com/index/pt-br/transporte_p%C3%BAblico-line-056_2-Brasilia-1702-851595-492982-0,-1.0,-15.885623,-48.11712,36.0,,,2,2023-06-15T21:24:17+00:00
BRA_441619,Brasília,5300108,,Marechal,0.555,https://moovitapp.com/index/pt-br/transporte_p%C3%BAblico-line-0_555-Brasilia-1702-851940-504341-0,-1.0,-15.783707,-47.896183,0.0,,,2,2023-06-15T21:24:17+00:00
BRA_443549,Brasília,5300108,,Marechal,0.951,https://moovitapp.com/index/pt-br/transporte_p%C3%BAblico-line-0_951-Brasilia-1702-851940-783578-0,-1.0,-15.871723,-48.003887,0.0,,,2,2023-06-15T21:24:17+00:00
BRA_444502,Brasília,5300108,,Marechal,361.1,https://moovitapp.com/index/pt-br/transporte_p%C3%BAblico-line-361_1-Brasilia-1702-851940-363861-0,-1.0,-15.834217,-48.040063,21.0,,,2,2023-06-15T21:24:17+00:00
BRA_441287,Brasília,5300108,,Marechal,0.205,https://moovitapp.com/index/pt-br/transporte_p%C3%BAblico-line-0_205-Brasilia-1702-851940-463646-0,-1.0,-15.909087,-48.051907,11.0,,,2,2023-06-15T21:24:17+00:00
BRA_443999,Brasília,5300108,,Marechal,0.043,https://moovitapp.com/index/pt-br/transporte_p%C3%BAblico-line-0_043-Brasilia-1702-851940-781330-0,-1.0,-15.79458,-48.038667,37.0,,,2,2023-06-15T21:13:07+00:00
BRA_443875,Brasília,5300108,,Marechal,355.1,https://moovitapp.com/index/pt-br/transporte_p%C3%BAblico-line-355_1-Brasilia-1702-851940-729097-0,-1.0,-15.869923,-48.03725,0.0,,,2,2023-06-15T21:21:41+00:00
BRA_444430,Brasília,5300108,,Marechal,0.167,https://moovitapp.com/index/pt-br/transporte_p%C3%BAblico-line-0_167-Brasilia-1702-851940-242707-0,-1.0,-15.858197,-47.977923,14.0,,,2,2023-06-15T21:24:17+00:00
BRA_441066,Brasília,5300108,,Marechal,0.162,https://moovitapp.com/index/pt-br/transporte_p%C3%BAblico-line-0_162-Brasilia-1702-851940-766836-0,-1.0,-15.793933,-47.883203,0.0,,,2,2023-06-15T21:24:12+00:00
BRA_443336,Brasília,5300108,,Marechal,0.089,https://moovitapp.com/index/pt-br/transporte_p%C3%BAblico-line-0_089-Brasilia-1702-851940-706977-0,-1.0,-15.819783,-48.061867,0.0,,,2,2023-06-15T21:24:17+00:00
BRA_443221,Brasília,5300108,,Urbi,0.898,https://moovitapp.com/index/pt-br/transporte_p%C3%BAblico-line-0_898-Brasilia-1702-851595-322394-0,-1.0,-15.852283,-48.04064,1.0,,,2,2023-06-15T21:18:29+00:00
BRA_441325,Brasília,5300108,,Marechal,0.167,https://moovitapp.com/index/pt-br/transporte_p%C3%BAblico-line-0_167-Brasilia-1702-851940-242707-0,-1.0,-15.800337,-48.056457,29.0,,,2,2023-06-15T21:24:17+00:00
BRA_444995,Brasília,5300108,,Marechal,0.383,https://moovitapp.com/index/pt-br/transporte_p%C3%BAblico-line-0_383-Brasilia-1702-851940-347151-0,-1.0,-15.78743,-48.011467,27.0,,,2,2023-06-15T20:28:55+00:00
BRA_445045,Brasília,5300108,,Marechal,0.554,https://moovitapp.com/index/pt-br/transporte_p%C3%BAblico-line-0_554-Brasilia-1702-851940-504340-0,-1.0,-15.796087,-47.88335,44.0,,,2,2023-06-15T21:24:07+00:00
BRA_445053,Brasília,5300108,,Marechal,0.942,https://moovitapp.com/index/pt-br/transporte_p%C3%BAblico-line-0_942-Brasilia-1702-851940-347158-0,-1.0,-15.85832,-48.03735,26.0,,,2,2023-06-15T21:24:17+00:00
BRA_444791,Brasília,5300108,,São José,332.1,https://moovitapp.com/index/pt-br/transporte_p%C3%BAblico-line-332_1-Brasilia-1702-851943-2068455-0,-1.0,-15.80624,-48.07824,41.0,,,2,2023-06-15T21:24:17+00:00
BRA_444804,Brasília,5300108,,São José,359.2,https://moovitapp.com/index/pt-br/transporte_p%C3%BAblico-line-359_2-Brasilia-1702-851943-2068453-0,-1.0,-15.84229,-48.043617,15.0,,,2,2023-06-15T21:24:17+00:00
BRA_444979,Brasília,5300108,,Urbi,0.898,https://moovitapp.com/index/pt-br/transporte_p%C3%BAblico-line-0_898-Brasilia-1702-851595-322394-0,-1.0,-15.851867,-48.118017,52.0,,,2,2023-06-15T21:24:17+00:00
BRA_444910,Brasília,5300108,,Marechal,933.3,https://moovitapp.com/index/pt-br/transporte_p%C3%BAblico-line-933_3-Brasilia-1702-851940-450287-0,-1.0,-15.84075,-48.12679,0.0,,,2,2023-06-15T21:24:12+00:00
BRA_445096,Brasília,5300108,,São José,333.6,https://moovitapp.com/index/pt-br/transporte_p%C3%BAblico-line-333_6-Brasilia-1702-851943-2068452-0,-1.0,-15.835983,-48.041423,0.0,,,2,2023-06-15T21:24:17+00:00
BRA_445002,Brasília,5300108,,Marechal,0.339,https://moovitapp.com/index/pt-br/transporte_p%C3%BAblico-line-0_339-Brasilia-1702-851940-419625-0,-1.0,-15.790323,-47.980343,30.0,,,2,2023-06-15T21:11:02+00:00
BRA_444936,Brasília,5300108,,Marechal,0.089,https://moovitapp.com/index/pt-br/transporte_p%C3%BAblico-line-0_089-Brasilia-1702-851940-706977-0,-1.0,-15.840787,-48.126643,2.0,,,2,2023-06-15T21:24:17+00:00
BRA_444855,Brasília,5300108,,Marechal,361.1,https://moovitapp.com/index/pt-br/transporte_p%C3%BAblico-line-361_1-Brasilia-1702-851940-363861-0,-1.0,-15.840637,-48.021927,15.0,,,2,2023-06-15T21:24:17+00:00
BRA_445100,Brasília,5300108,,São José,333.7,https://moovitapp.com/index/pt-br/transporte_p%C3%BAblico-line-333_7-Brasilia-1702-851943-2068454-0,-1.0,-15.808113,-48.08309,48.0,,,2,2023-06-15T21:24:17+00:00
BRA_444952,Brasília,5300108,,Marechal,0.554,https://moovitapp.com/index/pt-br/transporte_p%C3%BAblico-line-0_554-Brasilia-1702-851940-504340-0,-1.0,-15.79403,-47.88292,0.0,,,2,2023-06-15T21:19:57+00:00
BRA_444987,Brasília,5300108,,São José,359.2,https://moovitapp.com/index/pt-br/transporte_p%C3%BAblico-line-359_2-Brasilia-1702-851943-2068453-0,-1.0,-15.808633,-48.14669,37.0,,,2,2023-06-15T21:24:17+00:00
BRA_444928,Brasília,5300108,,Marechal,932.1,https://moovitapp.com/index/pt-br/transporte_p%C3%BAblico-line-932_1-Brasilia-1702-851940-470763-0,-1.0,-15.793837,-47.882987,0.0,,,2,2023-06-15T21:24:17+00:00
BRA_444863,Brasília,5300108,,Marechal,0.089,https://moovitapp.com/index/pt-br/transporte_p%C3%BAblico-line-0_089-Brasilia-1702-851940-706977-0,-1.0,-15.838607,-48.12875,0.0,,,2,2023-06-15T21:24:17+00:00
BRA_445029,Brasília,5300108,,São José,332.1,https://moovitapp.com/index/pt-br/transporte_p%C3%BAblico-line-332_1-Brasilia-1702-851943-2068455-0,-1.0,-15.832597,-48.053873,20.0,,,2,2023-06-15T21:24:17+00:00
BRA_445070,Brasília,5300108,,Marechal,304.1,https://moovitapp.com/index/pt-br/transporte_p%C3%BAblico-line-304_1-Brasilia-1702-851940-516636-0,-1.0,-15.80368,-48.069207,0.0,,,2,2023-06-15T21:24:17+00:00
BRA_444758,Brasília,5300108,,São José,333.6,https://moovitapp.com/index/pt-br/transporte_p%C3%BAblico-line-333_6-Brasilia-1702-851943-2068452-0,-1.0,-15.83338,-48.056397,0.0,,,2,2023-06-15T21:23:51+00:00
BRA_444782,Brasília,5300108,,Marechal,0.339,https://moovitapp.com/index/pt-br/transporte_p%C3%BAblico-line-0_339-Brasilia-1702-851940-419625-0,-1.0,-15.793107,-47.881507,45.0,,,2,2023-06-15T21:24:17+00:00
BRA_444812,Brasília,5300108,,São José,332.1,https://moovitapp.com/index/pt-br/transporte_p%C3%BAblico-line-332_1-Brasilia-1702-851943-2068455-0,-1.0,-15.838417,-48.02509,0.0,,,2,2023-06-15T21:24:07+00:00
BRA_444961,Brasília,5300108,,Urbi,0.347,https://moovitapp.com/index/pt-br/transporte_p%C3%BAblico-line-0_347-Brasilia-1702-851595-347128-0,-1.0,-15.829747,-48.03825,0.0,,,2,2023-06-15T21:24:17+00:00
BRA_444847,Brasília,5300108,,São José,333.7,https://moovitapp.com/index/pt-br/transporte_p%C3%BAblico-line-333_7-Brasilia-1702-851943-2068454-0,-1.0,-15.836933,-48.021487,19.0,,,2,2023-06-15T21:24:17+00:00
BRA_444821,Brasília,5300108,,Marechal,942.1,https://moovitapp.com/index/pt-br/transporte_p%C3%BAblico-line-942_1-Brasilia-1702-851940-347177-0,-1.0,-15.80949,-47.954837,4.0,,,2,2023-06-15T21:24:17+00:00
BRA_444871,Brasília,5300108,,Marechal,0.914,https://moovitapp.com/index/pt-br/transporte_p%C3%BAblico-line-0_914-Brasilia-1702-851940-347157-0,-1.0,-15.788933,-48.017377,0.0,,,2,2023-06-15T21:24:17+00:00
BRA_444766,Brasília,5300108,,Marechal,383.1,https://moovitapp.com/index/pt-br/transporte_p%C3%BAblico-line-383_1-Brasilia-1702-851940-527238-0,-1.0,-15.838943,-48.1397,10.0,,,2,2023-06-15T21:24:17+00:00
BRA_444774,Brasília,5300108,,Marechal,383.1,https://moovitapp.com/index/pt-br/transporte_p%C3%BAblico-line-383_1-Brasilia-1702-851940-527238-0,-1.0,-15.791927,-47.94305,18.0,,,2,2023-06-15T21:13:18+00:00
BRA_440817,Brasília,5300108,,Marechal,0.156,https://moovitapp.com/index/pt-br/transporte_p%C3%BAblico-line-0_156-Brasilia-1702-851940-242705-0,-1.0,-15.810013,-47.89379,36.0,,,2,2023-06-15T21:24:17+00:00
BRA_443905,Brasília,5300108,,Marechal,355.1,https://moovitapp.com/index/pt-br/transporte_p%C3%BAblico-line-355_1-Brasilia-1702-851940-729097-0,-1.0,-15.87181,-48.0336,4.0,,,2,2023-06-15T21:24:17+00:00
BRA_445118,Brasília,5300108,,Marechal,0.306,https://moovitapp.com/index/pt-br/transporte_p%C3%BAblico-line-0_306-Brasilia-1702-851940-242714-0,-1.0,-15.794547,-47.883193,0.0,,,2,2023-06-15T21:24:17+00:00
BRA_443611,Brasília,5300108,,Marechal,0.959,https://moovitapp.com/index/pt-br/transporte_p%C3%BAblico-line-0_959-Brasilia-1702-851940-546208-0,-1.0,-15.824097,-48.045547,29.0,,,2,2023-06-15T21:24:17+00:00
BRA_443255,Brasília,5300108,,Marechal,0.910,https://moovitapp.com/index/pt-br/transporte_p%C3%BAblico-line-0_910-Brasilia-1702-851940-347156-0,-1.0,-15.80912,-47.902017,4.0,,,2,2023-06-15T21:24:17+00:00
BRA_440884,Brasília,5300108,,Marechal,306.2,https://moovitapp.com/index/pt-br/transporte_p%C3%BAblico-line-306_2-Brasilia-1702-851940-527237-0,-1.0,-15.808113,-48.08304,38.0,,,2,2023-06-15T21:24:17+00:00
BRA_440302,Brasília,5300108,,Urbi,823.1,https://moovitapp.com/index/pt-br/transporte_p%C3%BAblico-line-823_1-Brasilia-1702-851595-3494520-0,-1.0,-15.8513,-47.955277,7.0,,,2,2023-06-15T21:24:17+00:00
BRA_440442,Brasília,5300108,,Marechal,0.167,https://moovitapp.com/index/pt-br/transporte_p%C3%BAblico-line-0_167-Brasilia-1702-851940-242707-0,-1.0,-15.815703,-47.97928,0.0,,,2,2023-06-15T21:24:17+00:00
BRA_440914,Brasília,5300108,,Marechal,162.2,https://moovitapp.com/index/pt-br/transporte_p%C3%BAblico-line-162_2-Brasilia-1702-851940-312446-0,-1.0,-15.796133,-47.871993,13.0,,,2,2023-06-15T21:24:17+00:00
BRA_443816,Brasília,5300108,,Marechal,355.1,https://moovitapp.com/index/pt-br/transporte_p%C3%BAblico-line-355_1-Brasilia-1702-851940-729097-0,-1.0,-15.862813,-48.034607,9.0,,,2,2023-06-15T21:24:17+00:00
BRA_440256,Brasília,5300108,,Marechal,167.1,https://moovitapp.com/index/pt-br/transporte_p%C3%BAblico-line-167_1-Brasilia-1702-851940-242758-0,-1.0,-15.79509,-48.11024,0.0,,,2,2023-06-15T21:24:12+00:00
BRA_442682,Brasília,5300108,,Marechal,933.4,https://moovitapp.com/index/pt-br/transporte_p%C3%BAblico-line-933_4-Brasilia-1702-851940-656766-0,-1.0,-15.807147,-48.08105,24.0,,,2,2023-06-15T21:24:17+00:00
BRA_444901,Brasília,5300108,,Marechal,386.1,https://moovitapp.com/index/pt-br/transporte_p%C3%BAblico-line-386_1-Brasilia-1702-851940-775114-0,-1.0,-15.84441,-47.892923,14.0,,,2,2023-06-15T21:24:17+00:00
BRA_441309,Brasília,5300108,,Marechal,0.215,https://moovitapp.com/index/pt-br/transporte_p%C3%BAblico-line-0_215-Brasilia-1702-851940-393561-0,-1.0,-15.827143,-47.98228,28.0,,,2,2023-06-15T21:24:17+00:00
BRA_441643,Brasília,5300108,,Urbi,056.2,https://moovitapp.com/index/pt-br/transporte_p%C3%BAblico-line-056_2-Brasilia-1702-851595-492982-0,-1.0,-15.83431,-48.112163,7.0,,,2,2023-06-15T20:10:50+00:00
BRA_443913,Brasília,5300108,,Urbi,0.050,https://moovitapp.com/index/pt-br/transporte_p%C3%BAblico-line-0_050-Brasilia-1702-851595-781325-0,-1.0,-15.876207,-48.110157,16.0,,,2,2023-06-15T21:24:17+00:00
BRA_444456,Brasília,5300108,,Marechal,383.3,https://moovitapp.com/index/pt-br/transporte_p%C3%BAblico-line-383_3-Brasilia-1702-851940-88144102-0,-1.0,-15.787413,-48.011257,18.0,,,2,2023-06-15T21:24:17+00:00
BRA_442488,Brasília,5300108,,Urbi,0.054,https://moovitapp.com/index/pt-br/transporte_p%C3%BAblico-line-0_054-Brasilia-1702-851595-454960-0,-1.0,-15.85313,-48.04568,19.0,,,2,2023-06-15T21:24:17+00:00
BRA_441252,Brasília,5300108,,Marechal,0.090,https://moovitapp.com/index/pt-br/transporte_p%C3%BAblico-line-0_090-Brasilia-1702-851940-242702-0,-1.0,-15.846063,-47.966783,35.0,,,2,2023-06-15T21:24:17+00:00
BRA_441490,Brasília,5300108,,Marechal,933.4,https://moovitapp.com/index/pt-br/transporte_p%C3%BAblico-line-933_4-Brasilia-1702-851940-656766-0,-1.0,-15.82222,-48.113407,28.0,,,2,2023-06-15T21:24:17+00:00
BRA_445169,Brasília,5300108,,Marechal,305.6,https://moovitapp.com/index/pt-br/transporte_p%C3%BAblico-line-305_6-Brasilia-1702-851940-242767-0,-1.0,-15.742703,-47.897833,34.0,,,2,2023-06-15T21:24:17+00:00
BRA_441341,Brasília,5300108,,Marechal,0.205,https://moovitapp.com/index/pt-br/transporte_p%C3%BAblico-line-0_205-Brasilia-1702-851940-463646-0,-1.0,-15.83047,-48.058117,14.0,,,2,2023-06-15T21:24:17+00:00
BRA_441112,Brasília,5300108,,Marechal,355.2,https://moovitapp.com/index/pt-br/transporte_p%C3%BAblico-line-355_2-Brasilia-1702-851940-510251-0,-1.0,-15.838123,-48.00352,17.0,,,2,2023-06-15T21:24:17+00:00
BRA_228800,Brasília,5300108,,Pioneira,2307,https://moovitapp.com/index/pt-br/transporte_p%C3%BAblico-line-2307-Brasilia-1702-851941-18556638-0,-1.0,-15.802859,-47.921822,,,,2,2023-06-15T21:23:52+00:00
BRA_228656,Brasília,5300108,,Pioneira,0.258,https://moovitapp.com/index/pt-br/transporte_p%C3%BAblico-line-0_258-Brasilia-1702-851941-242863-0,-1.0,-15.87371,-47.977319,,,,2,2023-06-15T21:24:46+00:00
BRA_229229,Brasília,5300108,,Pioneira,251.8,https://moovitapp.com/index/pt-br/transporte_p%C3%BAblico-line-251_8-Brasilia-1702-851941-708654-0,-1.0,-16.009985,-48.061893,,,,1,2023-06-15T21:23:56+00:00
BRA_230189,Brasília,5300108,,Pioneira,3308,https://moovitapp.com/index/pt-br/transporte_p%C3%BAblico-line-3308-Brasilia-1702-851941-577772-0,-1.0,-16.039018,-48.034256,,,,1,2023-06-15T21:24:22+00:00
BRA_226793,Brasília,5300108,,Pioneira,0.780,https://moovitapp.com/index/pt-br/transporte_p%C3%BAblico-line-0_780-Brasilia-1702-851941-514537-0,-1.0,-15.801415,-47.855204,,,,1,2023-06-15T21:24:38+00:00
BRA_227676,Brasília,5300108,,Pioneira,147.5,https://moovitapp.com/index/pt-br/transporte_p%C3%BAblico-line-147_5-Brasilia-1702-851941-519406-0,-1.0,-15.847449,-47.816638,,,,2,2023-06-15T21:24:12+00:00
BRA_223930,Brasília,5300108,,Pioneira,2307,https://moovitapp.com/index/pt-br/transporte_p%C3%BAblico-line-2307-Brasilia-1702-851941-18556638-0,-1.0,-15.953064,-47.994345,,,,1,2023-06-14T10:16:34+00:00
BRA_227901,Brasília,5300108,,Pioneira,194.1,https://moovitapp.com/index/pt-br/transporte_p%C3%BAblico-line-194_1-Brasilia-1702-851941-242923-0,-1.0,-15.805655,-47.853996,,,,2,2023-06-15T21:23:56+00:00
BRA_228770,Brasília,5300108,,Pioneira,147.2,https://moovitapp.com/index/pt-br/transporte_p%C3%BAblico-line-147_2-Brasilia-1702-851941-519403-0,-1.0,-15.90158,-47.772686,,,,2,2023-06-15T21:24:06+00:00
BRA_223654,Brasília,5300108,,Pioneira,2210,https://moovitapp.com/index/pt-br/transporte_p%C3%BAblico-line-2210-Brasilia-1702-851941-57764370-0,-1.0,-15.794673,-47.94511,,,,2,2023-06-15T21:23:56+00:00
BRA_229075,Brasília,5300108,,Pioneira,0.275,https://moovitapp.com/index/pt-br/transporte_p%C3%BAblico-line-0_275-Brasilia-1702-851941-706979-0,-1.0,-15.819262,-48.062071,,,,2,2023-06-15T21:24:12+00:00
BRA_228681,Brasília,5300108,,Pioneira,180.2,https://moovitapp.com/index/pt-br/transporte_p%C3%BAblico-line-180_2-Brasilia-1702-851941-514539-0,-1.0,-15.858645,-47.818532,,,,2,2023-06-15T21:24:24+00:00
BRA_232149,Brasília,5300108,,Pioneira,205.1,https://moovitapp.com/index/pt-br/transporte_p%C3%BAblico-line-205_1-Brasilia-1702-851941-393571-0,-1.0,-15.795228,-48.110505,,,,1,2023-06-15T21:24:18+00:00
BRA_226696,Brasília,5300108,,Pioneira,760.2,https://moovitapp.com/index/pt-br/transporte_p%C3%BAblico-line-760_2-Brasilia-1702-851941-12987664-0,-1.0,-15.76124,-47.783863,,,,2,2023-06-15T21:23:36+00:00
BRA_229768,Brasília,5300108,,Pioneira,0.185,https://moovitapp.com/index/pt-br/transporte_p%C3%BAblico-line-0_185-Brasilia-1702-851941-691096-0,-1.0,-15.801587,-47.886892,,,,1,2023-06-15T07:33:22+00:00
BRA_232327,Brasília,5300108,,Pioneira,0.258,https://moovitapp.com/index/pt-br/transporte_p%C3%BAblico-line-0_258-Brasilia-1702-851941-242863-0,-1.0,-16.047379,-48.031967,,,,2,2023-06-15T21:23:24+00:00
BRA_231321,Brasília,5300108,,Taguatur,3304,https://moovitapp.com/index/pt-br/transporte_p%C3%BAblico-line-3304-Brasilia-1702-854428-21462346-0,-1.0,-16.00246,-47.986913,,,,1,2023-06-15T21:24:18+00:00
BRA_228508,Brasília,5300108,,Pioneira,0.255,https://moovitapp.com/index/pt-br/transporte_p%C3%BAblico-line-0_255-Brasilia-1702-851941-706978-0,-1.0,-15.808218,-48.091254,,,,2,2023-06-15T21:23:46+00:00
BRA_231801,Brasília,5300108,,Pioneira,100.8,https://moovitapp.com/index/pt-br/transporte_p%C3%BAblico-line-100_8-Brasilia-1702-851941-576191-0,-1.0,-15.781725,-47.779063,,,,1,2023-06-15T21:24:16+00:00
BRA_232165,Brasília,5300108,,Pioneira,205.1,https://moovitapp.com/index/pt-br/transporte_p%C3%BAblico-line-205_1-Brasilia-1702-851941-393571-0,-1.0,-16.025946,-48.07548,,,,1,2023-06-15T21:24:08+00:00
BRA_232521,Brasília,5300108,,Pioneira,2307,https://moovitapp.com/index/pt-br/transporte_p%C3%BAblico-line-2307-Brasilia-1702-851941-18556638-0,-1.0,-15.785821,-47.901763,,,,1,2023-06-15T20:28:54+00:00
BRA_229954,Brasília,5300108,,,3201,,,-16.030057,-48.061582,,,,1,2023-06-15T21:24:04+00:00
BRA_228265,Brasília,5300108,,Pioneira,205.1,https://moovitapp.com/index/pt-br/transporte_p%C3%BAblico-line-205_1-Brasilia-1702-851941-393571-0,-1.0,-15.835199,-48.048923,,,,1,2023-06-15T21:24:42+00:00
BRA_226599,Brasília,5300108,,Pioneira,102.1,https://moovitapp.com/index/pt-br/transporte_p%C3%BAblico-line-102_1-Brasilia-1702-851941-775125-0,-1.0,-15.787888,-47.889289,,,,1,2023-06-15T21:23:46+00:00
BRA_226220,Brasília,5300108,,UTB,2302,https://moovitapp.com/index/pt-br/transporte_p%C3%BAblico-line-2302-Brasilia-1702-854427-744298-0,-1.0,-15.836267,-47.927747,,,,2,2023-06-15T21:24:12+00:00
BRA_231487,Brasília,5300108,,Pioneira,0.018,https://moovitapp.com/index/pt-br/transporte_p%C3%BAblico-line-0_018-Brasilia-1702-851941-75742713-0,-1.0,-15.758905,-47.779394,,,,1,2023-06-15T21:23:56+00:00
BRA_226874,Brasília,5300108,,Pioneira,0.764,https://moovitapp.com/index/pt-br/transporte_p%C3%BAblico-line-0_764-Brasilia-1702-851941-516641-0,-1.0,-15.764192,-47.775859,,,,1,2023-06-15T21:23:30+00:00
BRA_229385,Brasília,5300108,,Pioneira,100.3,https://moovitapp.com/index/pt-br/transporte_p%C3%BAblico-line-100_3-Brasilia-1702-851941-419631-0,-1.0,-15.831067,-47.878684,,,,1,2023-06-15T21:23:54+00:00
BRA_227269,Brasília,5300108,,Pioneira,170.4,https://moovitapp.com/index/pt-br/transporte_p%C3%BAblico-line-170_4-Brasilia-1702-851941-379787-0,-1.0,-15.888964,-47.820897,,,,1,2023-06-15T21:24:42+00:00
BRA_231444,Brasília,5300108,,Pioneira,183.8,https://moovitapp.com/index/pt-br/transporte_p%C3%BAblico-line-183_8-Brasilia-1702-851941-719958-0,-1.0,-15.90998,-47.767231,,,,1,2023-06-15T21:23:26+00:00
BRA_230111,Brasília,5300108,,Pioneira,0.255,https://moovitapp.com/index/pt-br/transporte_p%C3%BAblico-line-0_255-Brasilia-1702-851941-706978-0,-1.0,-15.831237,-48.057888,,,,2,2023-06-15T21:24:02+00:00
BRA_231541,Brasília,5300108,,Pioneira,0.030,https://moovitapp.com/index/pt-br/transporte_p%C3%BAblico-line-0_030-Brasilia-1702-851941-775118-0,-1.0,-15.735933,-47.907078,,,,1,2023-06-15T21:24:36+00:00
BRA_230120,Brasília,5300108,,Pioneira,3312,https://moovitapp.com/index/pt-br/transporte_p%C3%BAblico-line-3312-Brasilia-1702-851941-616181-0,-1.0,-16.028318,-47.985813,,,,1,2023-06-15T21:23:04+00:00
BRA_232297,Brasília,5300108,,Pioneira,3316,https://moovitapp.com/index/pt-br/transporte_p%C3%BAblico-line-3316-Brasilia-1702-851941-59965195-0,-1.0,-16.005738,-47.997753,,,,1,2023-06-15T21:24:08+00:00
BRA_227650,Brasília,5300108,,Pioneira,147.2,https://moovitapp.com/index/pt-br/transporte_p%C3%BAblico-line-147_2-Brasilia-1702-851941-519403-0,-1.0,-15.793576,-47.880089,,,,1,2023-06-15T21:23:30+00:00
BRA_229032,Brasília,5300108,,Urbi,119.0,https://moovitapp.com/index/pt-br/transporte_p%C3%BAblico-line-119_0-Brasilia-1702-851595-139513625-0,-1.0,-15.867591,-47.962741,,,,1,2023-06-15T21:23:42+00:00
BRA_227331,Brasília,5300108,,Pioneira,147.4,https://moovitapp.com/index/pt-br/transporte_p%C3%BAblico-line-147_4-Brasilia-1702-851941-574204-0,-1.0,-15.882371,-47.822461,,,,1,2023-06-15T21:24:28+00:00
BRA_229253,Brasília,5300108,,Pioneira,100.9,https://moovitapp.com/index/pt-br/transporte_p%C3%BAblico-line-100_9-Brasilia-1702-851941-242897-0,-1.0,-15.812434,-47.804558,,,,2,2023-06-15T21:24:16+00:00
BRA_232629,Brasília,5300108,,Pioneira,2208,https://moovitapp.com/index/pt-br/transporte_p%C3%BAblico-line-2208-Brasilia-1702-851941-18556642-0,-1.0,-15.832338,-47.952479,,,,2,2023-06-15T21:24:38+00:00
BRA_228249,Brasília,5300108,,Pioneira,2211,https://moovitapp.com/index/pt-br/transporte_p%C3%BAblico-line-2211-Brasilia-1702-851941-57764371-0,-1.0,-15.857752,-47.956198,,,,1,2023-06-15T21:23:30+00:00
BRA_227145,Brasília,5300108,,Pioneira,0.198,https://moovitapp.com/index/pt-br/transporte_p%C3%BAblico-line-0_198-Brasilia-1702-851941-516639-0,-1.0,-15.853415,-47.975234,,,,2,2023-06-15T21:24:00+00:00
BRA_225941,Brasília,5300108,,UTB,2302,https://moovitapp.com/index/pt-br/transporte_p%C3%BAblico-line-2302-Brasilia-1702-854427-744298-0,-1.0,-15.794366,-47.883185,,,,2,2023-06-15T21:23:32+00:00
BRA_228516,Brasília,5300108,,Pioneira,784.3,https://moovitapp.com/index/pt-br/transporte_p%C3%BAblico-line-784_3-Brasilia-1702-851941-46904557-0,-1.0,-15.769221,-47.779476,,,,1,2023-06-15T21:23:24+00:00
BRA_231754,Brasília,5300108,,Pioneira,780.1,https://moovitapp.com/index/pt-br/transporte_p%C3%BAblico-line-780_1-Brasilia-1702-851941-531040-0,-1.0,-15.744416,-47.89728,,,,1,2023-06-15T21:24:16+00:00
BRA_231495,Brasília,5300108,,Pioneira,0.030,https://moovitapp.com/index/pt-br/transporte_p%C3%BAblico-line-0_030-Brasilia-1702-851941-775118-0,-1.0,-15.810974,-47.904338,,,,1,2023-06-15T21:23:58+00:00
BRA_227820,Brasília,5300108,,Pioneira,147.4,https://moovitapp.com/index/pt-br/transporte_p%C3%BAblico-line-147_4-Brasilia-1702-851941-574204-0,-1.0,-15.902855,-47.772088,,,,2,2023-06-15T21:23:38+00:00
BRA_227714,Brasília,5300108,,,3202,,,-16.001237,-48.053062,,,,1,2023-06-15T21:24:14+00:00
BRA_228648,Brasília,5300108,,Pioneira,2309,https://moovitapp.com/index/pt-br/transporte_p%C3%BAblico-line-2309-Brasilia-1702-851941-57764376-0,-1.0,-15.79995,-47.923926,,,,2,2023-06-15T21:24:44+00:00
BRA_227218,Brasília,5300108,,Pioneira,3210,https://moovitapp.com/index/pt-br/transporte_p%C3%BAblico-line-3210-Brasilia-1702-851941-14518504-0,-1.0,-16.000022,-48.059484,,,,1,2023-06-15T21:23:36+00:00
BRA_228303,Brasília,5300108,,,3206,,,-16.013119,-48.082887,,,,1,2023-06-15T21:23:46+00:00
BRA_232432,Brasília,5300108,,Pioneira,3315,https://moovitapp.com/index/pt-br/transporte_p%C3%BAblico-line-3315-Brasilia-1702-851941-645997-0,-1.0,-16.0162,-47.98458,,,,1,2023-06-15T21:24:06+00:00
BRA_232025,Brasília,5300108,,Pioneira,197.7,https://moovitapp.com/index/pt-br/transporte_p%C3%BAblico-line-197_7-Brasilia-1702-851941-104814190-0,-1.0,-15.885054,-47.818494,,,,2,2023-06-15T21:24:16+00:00
BRA_226823,Brasília,5300108,,Pioneira,0.780,https://moovitapp.com/index/pt-br/transporte_p%C3%BAblico-line-0_780-Brasilia-1702-851941-514537-0,-1.0,-15.774492,-47.774937,,,,2,2023-06-15T21:25:00+00:00
BRA_227382,Brasília,5300108,,Pioneira,180.3,https://moovitapp.com/index/pt-br/transporte_p%C3%BAblico-line-180_3-Brasilia-1702-851941-546212-0,-1.0,-15.839534,-47.824477,,,,2,2023-06-15T21:24:20+00:00
BRA_227293,Brasília,5300108,,Pioneira,194.2,https://moovitapp.com/index/pt-br/transporte_p%C3%BAblico-line-194_2-Brasilia-1702-851941-339339-0,-1.0,-15.855831,-47.817808,,,,2,2023-06-15T21:23:38+00:00
BRA_232220,Brasília,5300108,,Pioneira,205.1,https://moovitapp.com/index/pt-br/transporte_p%C3%BAblico-line-205_1-Brasilia-1702-851941-393571-0,-1.0,-15.797119,-48.106233,,,,1,2023-06-15T21:24:44+00:00
BRA_223816,Brasília,5300108,,Pioneira,2208,https://moovitapp.com/index/pt-br/transporte_p%C3%BAblico-line-2208-Brasilia-1702-851941-18556642-0,-1.0,-15.788425,-47.905469,,,,1,2023-06-15T21:23:54+00:00
BRA_229016,Brasília,5300108,,Pioneira,0.253,https://moovitapp.com/index/pt-br/transporte_p%C3%BAblico-line-0_253-Brasilia-1702-851941-510254-0,-1.0,-15.889867,-48.058034,,,,2,2023-06-15T21:24:20+00:00
BRA_229563,Brasília,5300108,,Pioneira,180.2,https://moovitapp.com/index/pt-br/transporte_p%C3%BAblico-line-180_2-Brasilia-1702-851941-514539-0,-1.0,-15.853384,-47.81707,,,,1,2023-06-15T21:24:56+00:00
BRA_228621,Brasília,5300108,,Pioneira,147.5,https://moovitapp.com/index/pt-br/transporte_p%C3%BAblico-line-147_5-Brasilia-1702-851941-519406-0,-1.0,-15.887861,-47.808004,,,,2,2023-06-15T21:23:16+00:00
BRA_226963,Brasília,5300108,,Pioneira,2208,https://moovitapp.com/index/pt-br/transporte_p%C3%BAblico-line-2208-Brasilia-1702-851941-18556642-0,-1.0,-15.896107,-47.962143,,,,1,2023-06-15T21:24:42+00:00
BRA_228133,Brasília,5300108,,Pioneira,0.764,https://moovitapp.com/index/pt-br/transporte_p%C3%BAblico-line-0_764-Brasilia-1702-851941-516641-0,-1.0,-15.824488,-47.805664,,,,2,2023-06-15T21:24:20+00:00
BRA_232254,Brasília,5300108,,Pioneira,124.6,https://moovitapp.com/index/pt-br/transporte_p%C3%BAblico-line-124_6-Brasilia-1702-851941-425282-0,-1.0,-15.857603,-47.955016,,,,1,2023-06-15T21:23:42+00:00
BRA_225584,Brasília,5300108,,Taguatur,2301,https://moovitapp.com/index/pt-br/transporte_p%C3%BAblico-line-2301-Brasilia-1702-854428-81537943-0,-1.0,-15.794198,-47.882365,,,,1,2023-06-15T21:24:34+00:00
BRA_227765,Brasília,5300108,,Pioneira,2206,https://moovitapp.com/index/pt-br/transporte_p%C3%BAblico-line-2206-Brasilia-1702-851941-18556637-0,-1.0,-15.791349,-47.886237,,,,1,2023-06-15T21:24:16+00:00
BRA_228877,Brasília,5300108,,Pioneira,0.255,https://moovitapp.com/index/pt-br/transporte_p%C3%BAblico-line-0_255-Brasilia-1702-851941-706978-0,-1.0,-15.842361,-48.045382,,,,1,2023-06-15T21:24:26+00:00
BRA_231363,Brasília,5300108,,Pioneira,073.3,https://moovitapp.com/index/pt-br/transporte_p%C3%BAblico-line-073_3-Brasilia-1702-851941-762428-0,-1.0,-15.852358,-47.955251,,,,1,2023-06-15T21:23:52+00:00
BRA_229601,Brasília,5300108,,Pioneira,100.6,https://moovitapp.com/index/pt-br/transporte_p%C3%BAblico-line-100_6-Brasilia-1702-851941-767605-0,-1.0,-15.749044,-47.771942,,,,2,2023-06-15T21:23:36+00:00
BRA_232556,Brasília,5300108,,Pioneira,2307,https://moovitapp.com/index/pt-br/transporte_p%C3%BAblico-line-2307-Brasilia-1702-851941-18556638-0,-1.0,-15.832136,-47.952498,,,,2,2023-06-15T21:24:48+00:00
BRA_228397,Brasília,5300108,,Pioneira,0.253,https://moovitapp.com/index/pt-br/transporte_p%C3%BAblico-line-0_253-Brasilia-1702-851941-510254-0,-1.0,-15.821702,-48.113029,,,,1,2023-06-15T21:23:28+00:00
BRA_227781,Brasília,5300108,,,3202,,,-16.033652,-48.058473,,,,1,2023-06-15T21:24:12+00:00
BRA_228532,Brasília,5300108,,Pioneira,0.198,https://moovitapp.com/index/pt-br/transporte_p%C3%BAblico-line-0_198-Brasilia-1702-851941-516639-0,-1.0,-15.845348,-47.894623,,,,2,2023-06-15T21:24:08+00:00
BRA_229024,Brasília,5300108,,Pioneira,3317,https://moovitapp.com/index/pt-br/transporte_p%C3%BAblico-line-3317-Brasilia-1702-851941-62597813-0,-1.0,-16.01818,-47.981089,,,,2,2023-06-15T21:24:10+00:00
BRA_229393,Brasília,5300108,,Pioneira,3307,https://moovitapp.com/index/pt-br/transporte_p%C3%BAblico-line-3307-Brasilia-1702-851941-519400-0,-1.0,-16.029662,-47.98767,,,,1,2023-06-15T21:24:46+00:00
BRA_226602,Brasília,5300108,,Pioneira,163.1,https://moovitapp.com/index/pt-br/transporte_p%C3%BAblico-line-163_1-Brasilia-1702-851941-242911-0,-1.0,-15.836272,-47.9338,,,,1,2023-06-15T21:23:40+00:00
BRA_229164,Brasília,5300108,,Pioneira,147.2,https://moovitapp.com/index/pt-br/transporte_p%C3%BAblico-line-147_2-Brasilia-1702-851941-519403-0,-1.0,-15.800093,-47.866534,,,,2,2023-06-15T21:23:36+00:00
BRA_230014,Brasília,5300108,,,3206,,,-15.995841,-48.054512,,,,1,2023-06-15T21:24:58+00:00
BRA_229741,Brasília,5300108,,Pioneira,0.765,https://moovitapp.com/index/pt-br/transporte_p%C3%BAblico-line-0_765-Brasilia-1702-851941-576190-0,-1.0,-15.833869,-47.881062,,,,1,2023-06-15T21:24:30+00:00
BRA_231533,Brasília,5300108,,Pioneira,0.030,https://moovitapp.com/index/pt-br/transporte_p%C3%BAblico-line-0_030-Brasilia-1702-851941-775118-0,-1.0,-15.859442,-47.932986,,,,1,2023-06-15T21:24:02+00:00
BRA_227072,Brasília,5300108,,Pioneira,0.765,https://moovitapp.com/index/pt-br/transporte_p%C3%BAblico-line-0_765-Brasilia-1702-851941-576190-0,-1.0,-15.827421,-47.904249,,,,1,2023-06-15T21:24:12+00:00
BRA_226360,Brasília,5300108,,,2201,,,-15.831742,-47.921243,,,,2,2023-06-15T21:24:14+00:00
BRA_226432,Brasília,5300108,,Pioneira,761.1,https://moovitapp.com/index/pt-br/transporte_p%C3%BAblico-line-761_1-Brasilia-1702-851941-620161-0,-1.0,-15.819473,-47.832589,,,,2,2023-06-15T21:24:36+00:00
BRA_228567,Brasília,5300108,,Pioneira,2307,https://moovitapp.com/index/pt-br/transporte_p%C3%BAblico-line-2307-Brasilia-1702-851941-18556638-0,-1.0,-15.900857,-47.96288,,,,1,2023-06-15T21:24:26+00:00
BRA_231932,Brasília,5300108,,Pioneira,180.1,https://moovitapp.com/index/pt-br/transporte_p%C3%BAblico-line-180_1-Brasilia-1702-851941-339336-0,-1.0,-15.906262,-47.761236,,,,2,2023-06-15T21:23:36+00:00
BRA_232475,Brasília,5300108,,Pioneira,3314,https://moovitapp.com/index/pt-br/transporte_p%C3%BAblico-line-3314-Brasilia-1702-851941-645996-0,-1.0,-16.041637,-48.040061,,,,1,2023-06-15T21:23:52+00:00
BRA_228141,Brasília,5300108,,Pioneira,180.3,https://moovitapp.com/index/pt-br/transporte_p%C3%BAblico-line-180_3-Brasilia-1702-851941-546212-0,-1.0,-15.797663,-47.874329,,,,2,2023-06-15T21:24:36+00:00
BRA_228834,Brasília,5300108,,Pioneira,0.253,https://moovitapp.com/index/pt-br/transporte_p%C3%BAblico-line-0_253-Brasilia-1702-851941-510254-0,-1.0,-15.787511,-48.128727,,,,1,2023-06-15T21:24:46+00:00
BRA_226688,Brasília,5300108,,Pioneira,0.759,https://moovitapp.com/index/pt-br/transporte_p%C3%BAblico-line-0_759-Brasilia-1702-851941-775121-0,-1.0,-15.797469,-47.874882,,,,2,2023-06-15T21:23:40+00:00
BRA_231843,Brasília,5300108,,Pioneira,197.3,https://moovitapp.com/index/pt-br/transporte_p%C3%BAblico-line-197_3-Brasilia-1702-851941-519409-0,-1.0,-15.847789,-47.849546,,,,1,2023-06-15T21:24:18+00:00
BRA_225720,Brasília,5300108,,Pioneira,0.761,https://moovitapp.com/index/pt-br/transporte_p%C3%BAblico-line-0_761-Brasilia-1702-851941-605389-0,-1.0,-15.759341,-47.780468,,,,2,2023-06-15T21:23:38+00:00
BRA_227021,Brasília,5300108,,Pioneira,101.1,https://moovitapp.com/index/pt-br/transporte_p%C3%BAblico-line-101_1-Brasilia-1702-851941-73123121-0,-1.0,-15.755836,-47.814406,,,,2,2023-06-15T21:23:38+00:00
BRA_231631,Brasília,5300108,,Pioneira,0.762,https://moovitapp.com/index/pt-br/transporte_p%C3%BAblico-line-0_762-Brasilia-1702-851941-576189-0,-1.0,-15.736016,-47.765285,,,,1,2023-06-15T08:20:24+00:00
BRA_225711,Brasília,5300108,,Pioneira,0.761,https://moovitapp.com/index/pt-br/transporte_p%C3%BAblico-line-0_761-Brasilia-1702-851941-605389-0,-1.0,-15.795582,-47.873661,,,,1,2023-06-15T21:23:50+00:00
BRA_232050,Brasília,5300108,,Pioneira,180.2,https://moovitapp.com/index/pt-br/transporte_p%C3%BAblico-line-180_2-Brasilia-1702-851941-514539-0,-1.0,-15.86563,-47.8207,,,,1,2023-06-15T21:24:10+00:00
BRA_226467,Brasília,5300108,,Pioneira,0.762,https://moovitapp.com/index/pt-br/transporte_p%C3%BAblico-line-0_762-Brasilia-1702-851941-576189-0,-1.0,-15.759641,-47.780729,,,,2,2023-06-15T21:23:38+00:00
BRA_229491,Brasília,5300108,,Pioneira,0.510,https://moovitapp.com/index/pt-br/transporte_p%C3%BAblico-line-0_510-Brasilia-1702-851941-16483906-0,-1.0,-15.715946,-47.70289,,,,1,2023-06-15T21:17:48+00:00
BRA_228605,Brasília,5300108,,Pioneira,0.255,https://moovitapp.com/index/pt-br/transporte_p%C3%BAblico-line-0_255-Brasilia-1702-851941-706978-0,-1.0,-16.041733,-48.025247,,,,2,2023-06-15T21:24:28+00:00
BRA_223794,Brasília,5300108,,Pioneira,2310,https://moovitapp.com/index/pt-br/transporte_p%C3%BAblico-line-2310-Brasilia-1702-851941-57764377-0,-1.0,-15.816644,-47.949758,,,,2,2023-06-15T21:24:16+00:00
BRA_226092,Brasília,5300108,,UTB,2302,https://moovitapp.com/index/pt-br/transporte_p%C3%BAblico-line-2302-Brasilia-1702-854427-744298-0,-1.0,-15.911234,-47.967687,,,,2,2023-06-15T21:24:16+00:00
BRA_232203,Brasília,5300108,,Pioneira,124.6,https://moovitapp.com/index/pt-br/transporte_p%C3%BAblico-line-124_6-Brasilia-1702-851941-425282-0,-1.0,-15.822628,-47.950673,,,,1,2023-06-15T21:23:58+00:00
BRA_229539,Brasília,5300108,,Pioneira,181.5,https://moovitapp.com/index/pt-br/transporte_p%C3%BAblico-line-181_5-Brasilia-1702-851941-756866-0,-1.0,-15.878112,-47.82304,,,,1,2023-06-15T21:23:28+00:00
BRA_226076,Brasília,5300108,,Taguatur,2301,https://moovitapp.com/index/pt-br/transporte_p%C3%BAblico-line-2301-Brasilia-1702-854428-81537943-0,-1.0,-16.002426,-47.986538,,,,2,2023-06-15T21:24:16+00:00
BRA_228281,Brasília,5300108,,,3202,,,-15.995587,-48.054035,,,,1,2023-06-15T21:23:56+00:00
BRA_228389,Brasília,5300108,,Pioneira,0.255,https://moovitapp.com/index/pt-br/transporte_p%C3%BAblico-line-0_255-Brasilia-1702-851941-706978-0,-1.0,-15.898228,-48.054614,,,,1,2023-06-15T21:23:52+00:00
BRA_229482,Brasília,5300108,,Pioneira,0.195,https://moovitapp.com/index/pt-br/transporte_p%C3%BAblico-line-0_195-Brasilia-1702-851941-242845-0,-1.0,-15.850932,-47.848331,,,,1,2023-06-15T21:23:50+00:00
BRA_227838,Brasília,5300108,,Pioneira,180.2,https://moovitapp.com/index/pt-br/transporte_p%C3%BAblico-line-180_2-Brasilia-1702-851941-514539-0,-1.0,-15.794477,-47.882282,,,,2,2023-06-15T21:23:48+00:00
BRA_228915,Brasília,5300108,,Pioneira,251.6,https://moovitapp.com/index/pt-br/transporte_p%C3%BAblico-line-251_6-Brasilia-1702-851941-35763436-0,-1.0,-16.048736,-48.029532,,,,1,2023-06-15T21:24:06+00:00
BRA_230049,Brasília,5300108,,Taguatur,3305,https://moovitapp.com/index/pt-br/transporte_p%C3%BAblico-line-3305-Brasilia-1702-854428-77810673-0,-1.0,-16.037254,-48.059147,,,,1,2023-06-15T21:23:30+00:00
BRA_226947,Brasília,5300108,,Pioneira,0.773,https://moovitapp.com/index/pt-br/transporte_p%C3%BAblico-line-0_773-Brasilia-1702-851941-242887-0,-1.0,-15.76183,-47.780582,,,,2,2023-06-15T21:25:06+00:00
BRA_226301,Brasília,5300108,,Pioneira,2205,https://moovitapp.com/index/pt-br/transporte_p%C3%BAblico-line-2205-Brasilia-1702-851941-393568-0,-1.0,-15.936923,-47.984694,,,,2,2023-06-15T21:24:24+00:00
BRA_226335,Brasília,5300108,,,2202,,,-15.885803,-47.960484,,,,1,2023-06-15T21:23:52+00:00
BRA_232441,Brasília,5300108,,Pioneira,271.3,https://moovitapp.com/index/pt-br/transporte_p%C3%BAblico-line-271_3-Brasilia-1702-851941-669626-0,-1.0,-16.036173,-48.055199,,,,1,2023-06-15T21:24:00+00:00
BRA_226262,Brasília,5300108,,UTB,2303,https://moovitapp.com/index/pt-br/transporte_p%C3%BAblico-line-2303-Brasilia-1702-854427-744299-0,-1.0,-15.832259,-47.928637,,,,2,2023-06-15T21:24:16+00:00
BRA_226441,Brasília,5300108,,Pioneira,761.2,https://moovitapp.com/index/pt-br/transporte_p%C3%BAblico-line-761_2-Brasilia-1702-851941-620162-0,-1.0,-15.777753,-47.779648,,,,2,2023-06-15T21:23:42+00:00
BRA_228192,Brasília,5300108,,,3206,,,-16.023282,-48.079823,,,,1,2023-06-15T21:23:58+00:00
BRA_226556,Brasília,5300108,,Pioneira,0.111,https://moovitapp.com/index/pt-br/transporte_p%C3%BAblico-line-0_111-Brasilia-1702-851941-432834-0,-1.0,-15.805486,-47.898221,,,,1,2023-06-15T21:24:32+00:00
BRA_226424,Brasília,5300108,,Pioneira,100.4,https://moovitapp.com/index/pt-br/transporte_p%C3%BAblico-line-100_4-Brasilia-1702-851941-514538-0,-1.0,-15.804256,-47.95672,,,,2,2023-06-15T21:23:52+00:00
BRA_230057,Brasília,5300108,,Taguatur,3305,https://moovitapp.com/index/pt-br/transporte_p%C3%BAblico-line-3305-Brasilia-1702-854428-77810673-0,-1.0,-16.002817,-47.987314,,,,1,2023-06-15T21:24:22+00:00
BRA_223743,Brasília,5300108,,Pioneira,2310,https://moovitapp.com/index/pt-br/transporte_p%C3%BAblico-line-2310-Brasilia-1702-851941-57764377-0,-1.0,-15.804868,-47.968444,,,,2,2023-06-15T21:24:10+00:00
BRA_226025,Brasília,5300108,,UTB,2302,https://moovitapp.com/index/pt-br/transporte_p%C3%BAblico-line-2302-Brasilia-1702-854427-744298-0,-1.0,-15.995623,-47.985572,,,,1,2023-06-15T21:24:32+00:00
BRA_229555,Brasília,5300108,,Pioneira,3213,https://moovitapp.com/index/pt-br/transporte_p%C3%BAblico-line-3213-Brasilia-1702-851941-74051275-0,-1.0,-15.995069,-48.053349,,,,1,2023-06-15T21:24:38+00:00
BRA_229571,Brasília,5300108,,Pioneira,199.1,https://moovitapp.com/index/pt-br/transporte_p%C3%BAblico-line-199_1-Brasilia-1702-851941-770034-0,-1.0,-15.800769,-47.924956,,,,2,2023-06-15T21:23:50+00:00
BRA_228885,Brasília,5300108,,Pioneira,2306,https://moovitapp.com/index/pt-br/transporte_p%C3%BAblico-line-2306-Brasilia-1702-851941-18556641-0,-1.0,-15.792352,-47.890706,,,,2,2023-06-15T21:23:58+00:00
BRA_229008,Brasília,5300108,,Pioneira,255.2,https://moovitapp.com/index/pt-br/transporte_p%C3%BAblico-line-255_2-Brasilia-1702-851941-312453-0,-1.0,-15.874197,-48.037435,,,,2,2023-06-15T21:25:06+00:00
BRA_231991,Brasília,5300108,,Pioneira,197.3,https://moovitapp.com/index/pt-br/transporte_p%C3%BAblico-line-197_3-Brasilia-1702-851941-519409-0,-1.0,-15.862713,-47.823568,,,,2,2023-06-15T21:23:52+00:00
BRA_225703,Brasília,5300108,,Pioneira,0.764,https://moovitapp.com/index/pt-br/transporte_p%C3%BAblico-line-0_764-Brasilia-1702-851941-516641-0,-1.0,-15.788576,-47.777976,,,,1,2023-06-15T21:24:08+00:00
BRA_223905,Brasília,5300108,,Pioneira,2307,https://moovitapp.com/index/pt-br/transporte_p%C3%BAblico-line-2307-Brasilia-1702-851941-18556638-0,-1.0,-15.787559,-47.906836,,,,1,2023-06-15T21:24:48+00:00
BRA_229849,Brasília,5300108,,Pioneira,0.147,https://moovitapp.com/index/pt-br/transporte_p%C3%BAblico-line-0_147-Brasilia-1702-851941-519401-0,-1.0,-15.91358,-47.756912,,,,2,2023-06-15T21:24:16+00:00
BRA_231916,Brasília,5300108,,Pioneira,180.1,https://moovitapp.com/index/pt-br/transporte_p%C3%BAblico-line-180_1-Brasilia-1702-851941-339336-0,-1.0,-15.846699,-47.81721,,,,2,2023-06-15T21:23:22+00:00
BRA_228575,Brasília,5300108,,Pioneira,0.275,https://moovitapp.com/index/pt-br/transporte_p%C3%BAblico-line-0_275-Brasilia-1702-851941-706979-0,-1.0,-15.795054,-48.11083,,,,1,2023-06-15T21:24:32+00:00
BRA_228401,Brasília,5300108,,Pioneira,2212,https://moovitapp.com/index/pt-br/transporte_p%C3%BAblico-line-2212-Brasilia-1702-851941-69031052-0,-1.0,-15.7914,-47.889282,,,,1,2023-06-15T21:24:16+00:00
BRA_229652,Brasília,5300108,,Pioneira,760.1,https://moovitapp.com/index/pt-br/transporte_p%C3%BAblico-line-760_1-Brasilia-1702-851941-576193-0,-1.0,-15.728191,-47.842934,,,,1,2023-06-15T21:24:08+00:00
BRA_230031,Brasília,5300108,,,3207,,,-16.009549,-48.061003,,,,1,2023-06-15T21:24:04+00:00
BRA_226831,Brasília,5300108,,Pioneira,0.510,https://moovitapp.com/index/pt-br/transporte_p%C3%BAblico-line-0_510-Brasilia-1702-851941-16483906-0,-1.0,-15.76021,-47.780773,,,,1,2023-06-15T13:15:44+00:00
BRA_227480,Brasília,5300108,,,3201,,,-16.000343,-48.059331,,,,1,2023-06-15T21:20:18+00:00
BRA_230103,Brasília,5300108,,Taguatur,3302,https://moovitapp.com/index/pt-br/transporte_p%C3%BAblico-line-3302-Brasilia-1702-854428-3135322-0,-1.0,-16.002661,-47.986474,,,,1,2023-06-15T21:24:08+00:00
BRA_228125,Brasília,5300108,,Taguatur,3305,https://moovitapp.com/index/pt-br/transporte_p%C3%BAblico-line-3305-Brasilia-1702-854428-77810673-0,-1.0,-16.048936,-48.010872,,,,1,2023-06-15T21:25:20+00:00
BRA_227099,Brasília,5300108,,Pioneira,181.6,https://moovitapp.com/index/pt-br/transporte_p%C3%BAblico-line-181_6-Brasilia-1702-851941-408473-0,-1.0,-15.905123,-47.773061,,,,1,2023-06-15T21:24:18+00:00
BRA_231703,Brasília,5300108,,Pioneira,100.6,https://moovitapp.com/index/pt-br/transporte_p%C3%BAblico-line-100_6-Brasilia-1702-851941-767605-0,-1.0,-15.781835,-47.778828,,,,2,2023-06-15T21:23:20+00:00
BRA_231983,Brasília,5300108,,Pioneira,197.3,https://moovitapp.com/index/pt-br/transporte_p%C3%BAblico-line-197_3-Brasilia-1702-851941-519409-0,-1.0,-15.799319,-47.861848,,,,1,2023-06-15T21:23:36+00:00
BRA_226343,Brasília,5300108,,,2202,,,-15.827548,-47.913995,,,,1,2023-06-15T21:24:18+00:00
BRA_223689,Brasília,5300108,,Pioneira,2310,https://moovitapp.com/index/pt-br/transporte_p%C3%BAblico-line-2310-Brasilia-1702-851941-57764377-0,-1.0,-15.849482,-47.954812,,,,2,2023-06-15T21:24:14+00:00
BRA_230138,Brasília,5300108,,Pioneira,3316,https://moovitapp.com/index/pt-br/transporte_p%C3%BAblico-line-3316-Brasilia-1702-851941-59965195-0,-1.0,-16.032911,-48.034059,,,,1,2023-06-15T21:23:32+00:00
BRA_230171,Brasília,5300108,,Taguatur,3302,https://moovitapp.com/index/pt-br/transporte_p%C3%BAblico-line-3302-Brasilia-1702-854428-3135322-0,-1.0,-16.015704,-48.015666,,,,1,2023-06-15T21:23:44+00:00
BRA_232394,Brasília,5300108,,,3301,,,-16.010796,-47.988426,,,,1,2023-06-15T21:25:18+00:00
BRA_229512,Brasília,5300108,,,3204,,,-16.01497,-48.067177,,,,1,2023-06-15T21:24:28+00:00
BRA_226084,Brasília,5300108,,Taguatur,2301,https://moovitapp.com/index/pt-br/transporte_p%C3%BAblico-line-2301-Brasilia-1702-854428-81537943-0,-1.0,-15.822846,-47.908953,,,,2,2023-06-15T21:24:16+00:00
BRA_229083,Brasília,5300108,,Pioneira,197.3,https://moovitapp.com/index/pt-br/transporte_p%C3%BAblico-line-197_3-Brasilia-1702-851941-519409-0,-1.0,-15.888845,-47.803979,,,,1,2023-06-15T21:24:16+00:00
BRA_231649,Brasília,5300108,,Pioneira,0.762,https://moovitapp.com/index/pt-br/transporte_p%C3%BAblico-line-0_762-Brasilia-1702-851941-576189-0,-1.0,-15.756857,-47.773811,,,,1,2023-06-15T21:23:44+00:00
BRA_228028,Brasília,5300108,,Pioneira,0.147,https://moovitapp.com/index/pt-br/transporte_p%C3%BAblico-line-0_147-Brasilia-1702-851941-519401-0,-1.0,-15.910309,-47.752392,,,,1,2023-06-15T21:23:48+00:00
BRA_232076,Brasília,5300108,,Pioneira,181.4,https://moovitapp.com/index/pt-br/transporte_p%C3%BAblico-line-181_4-Brasilia-1702-851941-775126-0,-1.0,-15.91276,-47.752246,,,,2,2023-06-15T21:24:16+00:00
BRA_226009,Brasília,5300108,,,2201,,,-15.86527,-47.942173,,,,1,2023-06-15T21:23:38+00:00
BRA_232335,Brasília,5300108,,,3301,,,-16.04227,-48.026124,,,,1,2023-06-15T21:24:30+00:00
BRA_227129,Brasília,5300108,,Pioneira,2206,https://moovitapp.com/index/pt-br/transporte_p%C3%BAblico-line-2206-Brasilia-1702-851941-18556637-0,-1.0,-15.863969,-47.940132,,,,1,2023-06-15T21:24:24+00:00
BRA_229440,Brasília,5300108,,Pioneira,2306,https://moovitapp.com/index/pt-br/transporte_p%C3%BAblico-line-2306-Brasilia-1702-851941-18556641-0,-1.0,-16.00103,-47.985044,,,,2,2023-06-15T21:24:12+00:00
BRA_232190,Brasília,5300108,,Pioneira,205.1,https://moovitapp.com/index/pt-br/transporte_p%C3%BAblico-line-205_1-Brasilia-1702-851941-393571-0,-1.0,-16.013081,-48.077623,,,,2,2023-06-15T21:24:08+00:00
BRA_226882,Brasília,5300108,,,2202,,,-15.992705,-48.050564,,,,2,2023-06-15T21:24:32+00:00
BRA_228664,Brasília,5300108,,Pioneira,0.199,https://moovitapp.com/index/pt-br/transporte_p%C3%BAblico-line-0_199-Brasilia-1702-851941-242849-0,-1.0,-15.853694,-47.842991,,,,2,2023-06-15T21:24:08+00:00
BRA_227935,Brasília,5300108,,Pioneira,0.199,https://moovitapp.com/index/pt-br/transporte_p%C3%BAblico-line-0_199-Brasilia-1702-851941-242849-0,-1.0,-15.798594,-47.94532,,,,2,2023-06-15T21:23:54+00:00
BRA_227862,Brasília,5300108,,Taguatur,3305,https://moovitapp.com/index/pt-br/transporte_p%C3%BAblico-line-3305-Brasilia-1702-854428-77810673-0,-1.0,-16.035143,-48.055135,,,,1,2023-06-15T21:25:02+00:00
BRA_228559,Brasília,5300108,,Pioneira,182.2,https://moovitapp.com/index/pt-br/transporte_p%C3%BAblico-line-182_2-Brasilia-1702-851941-242919-0,-1.0,-15.88985,-47.80164,,,,2,2023-06-15T21:23:52+00:00
BRA_228036,Brasília,5300108,,Pioneira,0.180,https://moovitapp.com/index/pt-br/transporte_p%C3%BAblico-line-0_180-Brasilia-1702-851941-496588-0,-1.0,-15.906701,-47.762259,,,,2,2023-06-15T21:24:26+00:00
BRA_228222,Brasília,5300108,,,3204,,,-16.023899,-48.054499,,,,1,2023-06-15T21:24:10+00:00
BRA_232459,Brasília,5300108,,Pioneira,3316,https://moovitapp.com/index/pt-br/transporte_p%C3%BAblico-line-3316-Brasilia-1702-851941-59965195-0,-1.0,-16.024115,-48.032412,,,,1,2023-06-14T08:34:58+00:00
BRA_225665,Brasília,5300108,,,2201,,,-15.793804,-47.882816,,,,1,2023-06-15T21:24:52+00:00
BRA_231827,Brasília,5300108,,Pioneira,183.0,https://moovitapp.com/index/pt-br/transporte_p%C3%BAblico-line-183_0-Brasilia-1702-851941-26502248-0,-1.0,-15.913637,-47.757453,,,,1,2023-06-15T21:24:04+00:00
BRA_228729,Brasília,5300108,,Pioneira,2212,https://moovitapp.com/index/pt-br/transporte_p%C3%BAblico-line-2212-Brasilia-1702-851941-69031052-0,-1.0,-16.002963,-47.987333,,,,1,2023-06-15T21:24:18+00:00
BRA_231789,Brasília,5300108,,Pioneira,0.764,https://moovitapp.com/index/pt-br/transporte_p%C3%BAblico-line-0_764-Brasilia-1702-851941-516641-0,-1.0,-15.794252,-47.881863,,,,2,2023-06-15T21:24:24+00:00
BRA_227889,Brasília,5300108,,Pioneira,3213,https://moovitapp.com/index/pt-br/transporte_p%C3%BAblico-line-3213-Brasilia-1702-851941-74051275-0,-1.0,-16.047442,-48.039425,,,,1,2023-06-15T21:24:32+00:00
BRA_228702,Brasília,5300108,,Pioneira,0.255,https://moovitapp.com/index/pt-br/transporte_p%C3%BAblico-line-0_255-Brasilia-1702-851941-706978-0,-1.0,-15.833346,-48.05722,,,,2,2023-06-15T21:25:14+00:00
BRA_229873,Brasília,5300108,,Pioneira,147.5,https://moovitapp.com/index/pt-br/transporte_p%C3%BAblico-line-147_5-Brasilia-1702-851941-519406-0,-1.0,-15.734792,-47.90018,,,,2,2023-06-15T21:24:32+00:00
BRA_223956,Brasília,5300108,,Pioneira,2307,https://moovitapp.com/index/pt-br/transporte_p%C3%BAblico-line-2307-Brasilia-1702-851941-18556638-0,-1.0,-15.78849,-47.905317,,,,1,2023-06-15T21:23:34+00:00
BRA_227137,Brasília,5300108,,Pioneira,0.170,https://moovitapp.com/index/pt-br/transporte_p%C3%BAblico-line-0_170-Brasilia-1702-851941-546850-0,-1.0,-15.856613,-47.836786,,,,1,2023-06-15T21:24:24+00:00
BRA_227498,Brasília,5300108,,Pioneira,183.2,https://moovitapp.com/index/pt-br/transporte_p%C3%BAblico-line-183_2-Brasilia-1702-851941-242920-0,-1.0,-15.881578,-47.775592,,,,1,2023-06-15T21:24:02+00:00
BRA_229202,Brasília,5300108,,Pioneira,2309,https://moovitapp.com/index/pt-br/transporte_p%C3%BAblico-line-2309-Brasilia-1702-851941-57764376-0,-1.0,-15.865011,-47.957247,,,,2,2023-06-15T21:22:22+00:00
BRA_225681,Brasília,5300108,,Pioneira,0.761,https://moovitapp.com/index/pt-br/transporte_p%C3%BAblico-line-0_761-Brasilia-1702-851941-605389-0,-1.0,-15.776013,-47.779502,,,,2,2023-06-15T21:24:12+00:00
BRA_226637,Brasília,5300108,,Pioneira,100.9,https://moovitapp.com/index/pt-br/transporte_p%C3%BAblico-line-100_9-Brasilia-1702-851941-242897-0,-1.0,-15.796925,-47.891685,,,,1,2023-06-15T21:24:30+00:00
BRA_231606,Brasília,5300108,,Pioneira,784.5,https://moovitapp.com/index/pt-br/transporte_p%C3%BAblico-line-784_5-Brasilia-1702-851941-135878781-0,-1.0,-15.760902,-47.783819,,,,1,2023-06-15T21:23:22+00:00
BRA_225568,Brasília,5300108,,Taguatur,2301,https://moovitapp.com/index/pt-br/transporte_p%C3%BAblico-line-2301-Brasilia-1702-854428-81537943-0,-1.0,-15.880596,-47.96,,,,2,2023-06-15T21:23:36+00:00
BRA_227854,Brasília,5300108,,Pioneira,147.6,https://moovitapp.com/index/pt-br/transporte_p%C3%BAblico-line-147_6-Brasilia-1702-851941-516646-0,-1.0,-15.910969,-47.759328,,,,1,2023-06-15T21:24:44+00:00
BRA_227447,Brasília,5300108,,Pioneira,2206,https://moovitapp.com/index/pt-br/transporte_p%C3%BAblico-line-2206-Brasilia-1702-851941-18556637-0,-1.0,-15.825014,-47.911929,,,,2,2023-06-15T21:24:10+00:00
BRA_227013,Brasília,5300108,,Pioneira,100.6,https://moovitapp.com/index/pt-br/transporte_p%C3%BAblico-line-100_6-Brasilia-1702-851941-767605-0,-1.0,-15.744046,-47.919571,,,,2,2023-06-15T21:25:12+00:00
BRA_223697,Brasília,5300108,,,2202,,,-15.823565,-47.911045,,,,2,2023-06-15T21:25:08+00:00
BRA_227307,Brasília,5300108,,Pioneira,147.2,https://moovitapp.com/index/pt-br/transporte_p%C3%BAblico-line-147_2-Brasilia-1702-851941-519403-0,-1.0,-15.887963,-47.807559,,,,2,2023-06-15T21:24:26+00:00
BRA_227234,Brasília,5300108,,Pioneira,147.2,https://moovitapp.com/index/pt-br/transporte_p%C3%BAblico-line-147_2-Brasilia-1702-851941-519403-0,-1.0,-15.897086,-47.78612,,,,1,2023-06-15T21:24:28+00:00
BRA_229971,Brasília,5300108,,,3204,,,-15.997254,-48.057481,,,,1,2023-06-15T21:23:22+00:00
BRA_227587,Brasília,5300108,,Pioneira,147.5,https://moovitapp.com/index/pt-br/transporte_p%C3%BAblico-line-147_5-Brasilia-1702-851941-519406-0,-1.0,-15.804925,-47.85453,,,,2,2023-06-15T21:23:50+00:00
BRA_227391,Brasília,5300108,,Pioneira,183.2,https://moovitapp.com/index/pt-br/transporte_p%C3%BAblico-line-183_2-Brasilia-1702-851941-242920-0,-1.0,-15.862486,-47.82407,,,,1,2023-06-15T21:23:40+00:00
BRA_232491,Brasília,5300108,,Taguatur,3302,https://moovitapp.com/index/pt-br/transporte_p%C3%BAblico-line-3302-Brasilia-1702-854428-3135322-0,-1.0,-16.005331,-47.995719,,,,1,2023-06-15T21:23:38+00:00
BRA_228435,Brasília,5300108,,,3201,,,-16.037518,-48.056375,,,,1,2023-06-15T21:24:18+00:00
BRA_232068,Brasília,5300108,,Pioneira,181.2,https://moovitapp.com/index/pt-br/transporte_p%C3%BAblico-line-181_2-Brasilia-1702-851941-339338-0,-1.0,-15.851645,-47.876408,,,,1,2023-06-15T21:23:52+00:00
BRA_229920,Brasília,5300108,,,3204,,,-16.011975,-48.053794,,,,1,2023-06-15T21:22:40+00:00
BRA_223841,Brasília,5300108,,Pioneira,2210,https://moovitapp.com/index/pt-br/transporte_p%C3%BAblico-line-2210-Brasilia-1702-851941-57764370-0,-1.0,-15.804132,-47.971279,,,,2,2023-06-15T21:24:22+00:00
BRA_226149,Brasília,5300108,,UTB,2303,https://moovitapp.com/index/pt-br/transporte_p%C3%BAblico-line-2303-Brasilia-1702-854427-744299-0,-1.0,-15.909303,-47.966352,,,,2,2023-06-15T21:24:14+00:00
BRA_225533,Brasília,5300108,,,2202,,,-15.838205,-47.929375,,,,1,2023-06-15T16:49:56+00:00
BRA_232009,Brasília,5300108,,Pioneira,197.3,https://moovitapp.com/index/pt-br/transporte_p%C3%BAblico-line-197_3-Brasilia-1702-851941-519409-0,-1.0,-15.794417,-47.882072,,,,1,2023-06-15T21:24:32+00:00
BRA_225959,Brasília,5300108,,Taguatur,2301,https://moovitapp.com/index/pt-br/transporte_p%C3%BAblico-line-2301-Brasilia-1702-854428-81537943-0,-1.0,-15.928195,-47.978794,,,,1,2023-06-15T21:25:08+00:00
BRA_229211,Brasília,5300108,,Pioneira,0.253,https://moovitapp.com/index/pt-br/transporte_p%C3%BAblico-line-0_253-Brasilia-1702-851941-510254-0,-1.0,-15.982893,-47.988541,,,,2,2023-06-15T21:23:26+00:00
BRA_227111,Brasília,5300108,,Pioneira,197.6,https://moovitapp.com/index/pt-br/transporte_p%C3%BAblico-line-197_6-Brasilia-1702-851941-58708337-0,-1.0,-15.908065,-47.769208,,,,2,2023-06-15T21:24:04+00:00
BRA_229091,Brasília,5300108,,Pioneira,163.1,https://moovitapp.com/index/pt-br/transporte_p%C3%BAblico-line-163_1-Brasilia-1702-851941-242911-0,-1.0,-15.780255,-47.887763,,,,2,2023-06-15T21:24:08+00:00
BRA_228869,Brasília,5300108,,Pioneira,251.7,https://moovitapp.com/index/pt-br/transporte_p%C3%BAblico-line-251_7-Brasilia-1702-851941-651524-0,-1.0,-16.005267,-47.995153,,,,1,2023-06-15T21:23:22+00:00
BRA_227404,Brasília,5300108,,Pioneira,147.2,https://moovitapp.com/index/pt-br/transporte_p%C3%BAblico-line-147_2-Brasilia-1702-851941-519403-0,-1.0,-15.906924,-47.75463,,,,2,2023-06-15T21:23:38+00:00
BRA_229059,Brasília,5300108,,Pioneira,020.2,https://moovitapp.com/index/pt-br/transporte_p%C3%BAblico-line-020_2-Brasilia-1702-851941-708653-0,-1.0,-16.01214,-48.063362,,,,1,2023-06-15T21:23:58+00:00
BRA_229989,Brasília,5300108,,,3207,,,-15.996186,-48.055262,,,,1,2023-06-15T21:24:10+00:00
BRA_228079,Brasília,5300108,,,3201,,,-16.009988,-48.059795,,,,1,2023-06-15T21:24:36+00:00
BRA_223867,Brasília,5300108,,Pioneira,2208,https://moovitapp.com/index/pt-br/transporte_p%C3%BAblico-line-2208-Brasilia-1702-851941-18556642-0,-1.0,-15.912596,-47.968558,,,,2,2023-06-15T21:24:30+00:00
BRA_229610,Brasília,5300108,,,3207,,,-16.006479,-48.075576,,,,1,2023-06-15T21:24:04+00:00
BRA_228044,Brasília,5300108,,Pioneira,0.181,https://moovitapp.com/index/pt-br/transporte_p%C3%BAblico-line-0_181-Brasilia-1702-851941-242838-0,-1.0,-15.796938,-47.78352,,,,2,2023-06-15T21:24:06+00:00
BRA_230201,Brasília,5300108,,Pioneira,251.7,https://moovitapp.com/index/pt-br/transporte_p%C3%BAblico-line-251_7-Brasilia-1702-851941-651524-0,-1.0,-16.009702,-48.082696,,,,1,2023-06-15T21:23:48+00:00
BRA_223727,Brasília,5300108,,Pioneira,2210,https://moovitapp.com/index/pt-br/transporte_p%C3%BAblico-line-2210-Brasilia-1702-851941-57764370-0,-1.0,-15.80421,-47.95691,,,,2,2023-06-15T21:23:58+00:00
BRA_227188,Brasília,5300108,,Pioneira,170.1,https://moovitapp.com/index/pt-br/transporte_p%C3%BAblico-line-170_1-Brasilia-1702-851941-242912-0,-1.0,-15.856662,-47.836589,,,,2,2023-06-15T21:24:30+00:00
BRA_226785,Brasília,5300108,,Pioneira,100.2,https://moovitapp.com/index/pt-br/transporte_p%C3%BAblico-line-100_2-Brasilia-1702-851941-620160-0,-1.0,-15.760619,-47.780188,,,,2,2023-06-15T12:25:48+00:00
BRA_227056,Brasília,5300108,,Pioneira,0.780,https://moovitapp.com/index/pt-br/transporte_p%C3%BAblico-line-0_780-Brasilia-1702-851941-514537-0,-1.0,-15.794257,-47.881882,,,,1,2023-06-15T21:24:16+00:00
BRA_229261,Brasília,5300108,,Pioneira,0.255,https://moovitapp.com/index/pt-br/transporte_p%C3%BAblico-line-0_255-Brasilia-1702-851941-706978-0,-1.0,-15.835512,-48.056413,,,,2,2023-06-15T21:23:48+00:00
BRA_227595,Brasília,5300108,,Pioneira,181.1,https://moovitapp.com/index/pt-br/transporte_p%C3%BAblico-line-181_1-Brasilia-1702-851941-242915-0,-1.0,-15.884884,-47.817432,,,,1,2023-06-15T21:24:24+00:00
BRA_232483,Brasília,5300108,,,3301,,,-16.004126,-47.987085,,,,1,2023-06-15T21:24:10+00:00
BRA_228443,Brasília,5300108,,Pioneira,784.3,https://moovitapp.com/index/pt-br/transporte_p%C3%BAblico-line-784_3-Brasilia-1702-851941-46904557-0,-1.0,-15.736105,-47.765018,,,,1,2023-06-15T21:24:00+00:00
BRA_228591,Brasília,5300108,,Taguatur,3303,https://moovitapp.com/index/pt-br/transporte_p%C3%BAblico-line-3303-Brasilia-1702-854428-2224148-0,-1.0,-16.033003,-48.026887,,,,1,2023-06-15T21:24:18+00:00
BRA_231517,Brasília,5300108,,Pioneira,0.030,https://moovitapp.com/index/pt-br/transporte_p%C3%BAblico-line-0_030-Brasilia-1702-851941-775118-0,-1.0,-15.740504,-47.894432,,,,1,2023-06-15T21:24:18+00:00
BRA_231355,Brasília,5300108,,Pioneira,183.8,https://moovitapp.com/index/pt-br/transporte_p%C3%BAblico-line-183_8-Brasilia-1702-851941-719958-0,-1.0,-15.919709,-47.75908,,,,1,2023-06-15T21:24:20+00:00
BRA_226611,Brasília,5300108,,Pioneira,0.765,https://moovitapp.com/index/pt-br/transporte_p%C3%BAblico-line-0_765-Brasilia-1702-851941-576190-0,-1.0,-15.801444,-47.791709,,,,2,2023-06-15T21:24:50+00:00
BRA_226955,Brasília,5300108,,Pioneira,0.768,https://moovitapp.com/index/pt-br/transporte_p%C3%BAblico-line-0_768-Brasilia-1702-851941-770032-0,-1.0,-15.789146,-47.778128,,,,2,2023-06-15T21:24:04+00:00
BRA_229792,Brasília,5300108,,Pioneira,0.181,https://moovitapp.com/index/pt-br/transporte_p%C3%BAblico-line-0_181-Brasilia-1702-851941-242838-0,-1.0,-15.863784,-47.82126,,,,2,2023-06-15T21:23:24+00:00
BRA_228168,Brasília,5300108,,Pioneira,2306,https://moovitapp.com/index/pt-br/transporte_p%C3%BAblico-line-2306-Brasilia-1702-851941-18556641-0,-1.0,-15.978312,-47.989526,,,,1,2023-06-15T21:23:50+00:00
BRA_223701,Brasília,5300108,,,2203,,,-15.736578,-47.908146,,,,2,2023-06-15T21:23:40+00:00
BRA_226017,Brasília,5300108,,Taguatur,2301,https://moovitapp.com/index/pt-br/transporte_p%C3%BAblico-line-2301-Brasilia-1702-854428-81537943-0,-1.0,-15.819085,-47.903403,,,,1,2023-06-15T21:24:46+00:00
BRA_227030,Brasília,5300108,,Pioneira,102.1,https://moovitapp.com/index/pt-br/transporte_p%C3%BAblico-line-102_1-Brasilia-1702-851941-775125-0,-1.0,-15.870012,-47.928103,,,,1,2023-06-15T21:09:30+00:00
BRA_227439,Brasília,5300108,,Pioneira,147.5,https://moovitapp.com/index/pt-br/transporte_p%C3%BAblico-line-147_5-Brasilia-1702-851941-519406-0,-1.0,-15.905938,-47.754859,,,,2,2023-06-15T21:21:54+00:00
BRA_226238,Brasília,5300108,,Taguatur,2301,https://moovitapp.com/index/pt-br/transporte_p%C3%BAblico-line-2301-Brasilia-1702-854428-81537943-0,-1.0,-15.928531,-47.979118,,,,2,2023-06-15T21:24:26+00:00
BRA_228061,Brasília,5300108,,Pioneira,0.181,https://moovitapp.com/index/pt-br/transporte_p%C3%BAblico-line-0_181-Brasilia-1702-851941-242838-0,-1.0,-15.90309,-47.771815,,,,2,2023-06-15T21:24:12+00:00
BRA_223778,Brasília,5300108,,Pioneira,2205,https://moovitapp.com/index/pt-br/transporte_p%C3%BAblico-line-2205-Brasilia-1702-851941-393568-0,-1.0,-15.981278,-48.037766,,,,2,2023-06-15T21:23:22+00:00
BRA_231746,Brasília,5300108,,Pioneira,0.769,https://moovitapp.com/index/pt-br/transporte_p%C3%BAblico-line-0_769-Brasilia-1702-851941-516642-0,-1.0,-15.735315,-47.885709,,,,2,2023-06-15T21:23:56+00:00
BRA_231941,Brasília,5300108,,Pioneira,180.0,https://moovitapp.com/index/pt-br/transporte_p%C3%BAblico-line-180_0-Brasilia-1702-851941-77097780-0,-1.0,-15.844374,-47.819016,,,,2,2023-06-15T21:23:36+00:00
BRA_228001,Brasília,5300108,,UTB,2303,https://moovitapp.com/index/pt-br/transporte_p%C3%BAblico-line-2303-Brasilia-1702-854427-744299-0,-1.0,-15.791895,-47.889791,,,,2,2023-06-15T21:24:52+00:00
BRA_223638,Brasília,5300108,,Pioneira,2208,https://moovitapp.com/index/pt-br/transporte_p%C3%BAblico-line-2208-Brasilia-1702-851941-18556642-0,-1.0,-15.804191,-47.924218,,,,2,2023-06-15T21:23:44+00:00
BRA_229148,Brasília,5300108,,Pioneira,100.8,https://moovitapp.com/index/pt-br/transporte_p%C3%BAblico-line-100_8-Brasilia-1702-851941-576191-0,-1.0,-15.768889,-47.779419,,,,2,2023-06-15T21:23:58+00:00
BRA_223719,Brasília,5300108,,Pioneira,2208,https://moovitapp.com/index/pt-br/transporte_p%C3%BAblico-line-2208-Brasilia-1702-851941-18556642-0,-1.0,-15.861192,-47.956656,,,,2,2023-06-15T21:23:56+00:00
BRA_228311,Brasília,5300108,,Pioneira,205.1,https://moovitapp.com/index/pt-br/transporte_p%C3%BAblico-line-205_1-Brasilia-1702-851941-393571-0,-1.0,-16.003726,-48.059503,,,,1,2023-06-15T21:24:16+00:00
BRA_230073,Brasília,5300108,,Taguatur,3306,https://moovitapp.com/index/pt-br/transporte_p%C3%BAblico-line-3306-Brasilia-1702-854428-755287-0,-1.0,-16.004609,-47.986875,,,,1,2023-06-15T21:24:06+00:00
BRA_229351,Brasília,5300108,,Pioneira,199.1,https://moovitapp.com/index/pt-br/transporte_p%C3%BAblico-line-199_1-Brasilia-1702-851941-770034-0,-1.0,-15.911608,-47.759118,,,,2,2023-06-15T21:24:12+00:00
BRA_232581,Brasília,5300108,,UTB,2302,https://moovitapp.com/index/pt-br/transporte_p%C3%BAblico-line-2302-Brasilia-1702-854427-744298-0,-1.0,-15.921272,-47.974197,,,,1,2023-06-15T21:23:42+00:00
BRA_226271,Brasília,5300108,,,2201,,,-15.937866,-47.985317,,,,2,2023-06-15T21:24:02+00:00
BRA_226068,Brasília,5300108,,UTB,2302,https://moovitapp.com/index/pt-br/transporte_p%C3%BAblico-line-2302-Brasilia-1702-854427-744298-0,-1.0,-15.904797,-47.963675,,,,1,2023-06-15T21:24:14+00:00
BRA_227790,Brasília,5300108,,,3202,,,-16.033515,-48.056311,,,,1,2023-06-15T21:23:40+00:00
BRA_229946,Brasília,5300108,,Pioneira,073.1,https://moovitapp.com/index/pt-br/transporte_p%C3%BAblico-line-073_1-Brasilia-1702-851941-775123-0,-1.0,-15.851959,-47.95541,,,,1,2023-06-15T21:24:12+00:00
BRA_230219,Brasília,5300108,,Pioneira,3316,https://moovitapp.com/index/pt-br/transporte_p%C3%BAblico-line-3316-Brasilia-1702-851941-59965195-0,-1.0,-16.005035,-47.995197,,,,1,2023-06-15T21:23:44+00:00
BRA_228052,Brasília,5300108,,Pioneira,3212,https://moovitapp.com/index/pt-br/transporte_p%C3%BAblico-line-3212-Brasilia-1702-851941-52014256-0,-1.0,-15.969634,-48.054468,,,,1,2023-06-15T21:23:54+00:00
BRA_228907,Brasília,5300108,,Pioneira,0.255,https://moovitapp.com/index/pt-br/transporte_p%C3%BAblico-line-0_255-Brasilia-1702-851941-706978-0,-1.0,-15.857061,-48.038052,,,,2,2023-06-15T21:24:54+00:00
BRA_226114,Brasília,5300108,,Taguatur,2301,https://moovitapp.com/index/pt-br/transporte_p%C3%BAblico-line-2301-Brasilia-1702-854428-81537943-0,-1.0,-16.00047,-47.984694,,,,1,2023-06-15T21:24:04+00:00
BRA_226521,Brasília,5300108,,Pioneira,100.3,https://moovitapp.com/index/pt-br/transporte_p%C3%BAblico-line-100_3-Brasilia-1702-851941-419631-0,-1.0,-15.760606,-47.78132,,,,2,2023-06-15T16:59:46+00:00
BRA_227064,Brasília,5300108,,Pioneira,147.5,https://moovitapp.com/index/pt-br/transporte_p%C3%BAblico-line-147_5-Brasilia-1702-851941-519406-0,-1.0,-15.735962,-47.90683,,,,1,2023-06-15T21:24:22+00:00
BRA_228991,Brasília,5300108,,Pioneira,251.7,https://moovitapp.com/index/pt-br/transporte_p%C3%BAblico-line-251_7-Brasilia-1702-851941-651524-0,-1.0,-16.020526,-48.022964,,,,1,2023-06-15T21:24:40+00:00
BRA_226653,Brasília,5300108,,Pioneira,0.764,https://moovitapp.com/index/pt-br/transporte_p%C3%BAblico-line-0_764-Brasilia-1702-851941-516641-0,-1.0,-15.832084,-47.813541,,,,2,2023-06-15T21:24:22+00:00
BRA_232301,Brasília,5300108,,Pioneira,0.255,https://moovitapp.com/index/pt-br/transporte_p%C3%BAblico-line-0_255-Brasilia-1702-851941-706978-0,-1.0,-16.003866,-47.987733,,,,1,2023-06-15T21:23:52+00:00
BRA_228109,Brasília,5300108,,,3206,,,-16.0085,-48.082397,,,,1,2023-06-15T21:24:26+00:00
BRA_229369,Brasília,5300108,,Pioneira,2306,https://moovitapp.com/index/pt-br/transporte_p%C3%BAblico-line-2306-Brasilia-1702-851941-18556641-0,-1.0,-15.905131,-47.963771,,,,1,2023-06-15T21:24:16+00:00
BRA_226190,Brasília,5300108,,,2201,,,-15.917813,-47.971896,,,,1,2023-06-15T21:24:26+00:00
BRA_226670,Brasília,5300108,,Pioneira,761.1,https://moovitapp.com/index/pt-br/transporte_p%C3%BAblico-line-761_1-Brasilia-1702-851941-620161-0,-1.0,-15.753393,-47.763257,,,,2,2023-06-15T21:24:48+00:00
BRA_228940,Brasília,5300108,,Pioneira,073.1,https://moovitapp.com/index/pt-br/transporte_p%C3%BAblico-line-073_1-Brasilia-1702-851941-775123-0,-1.0,-15.845456,-47.895971,,,,1,2023-06-15T21:24:42+00:00
BRA_226122,Brasília,5300108,,,2201,,,-15.984068,-48.040849,,,,2,2023-06-15T21:24:06+00:00
BRA_228206,Brasília,5300108,,,3207,,,-16.015074,-48.072327,,,,1,2023-06-15T21:24:06+00:00
BRA_227561,Brasília,5300108,,Taguatur,3305,https://moovitapp.com/index/pt-br/transporte_p%C3%BAblico-line-3305-Brasilia-1702-854428-77810673-0,-1.0,-16.049219,-48.006218,,,,1,2023-06-15T21:24:10+00:00
BRA_229245,Brasília,5300108,,Pioneira,0.784,https://moovitapp.com/index/pt-br/transporte_p%C3%BAblico-line-0_784-Brasilia-1702-851941-372405-0,-1.0,-15.76286,-47.780417,,,,1,2023-06-15T21:24:26+00:00
BRA_226904,Brasília,5300108,,Pioneira,0.101,https://moovitapp.com/index/pt-br/transporte_p%C3%BAblico-line-0_101-Brasilia-1702-851941-587082-0,-1.0,-15.763896,-47.780233,,,,2,2023-06-15T21:23:42+00:00
BRA_227552,Brasília,5300108,,Pioneira,0.197,https://moovitapp.com/index/pt-br/transporte_p%C3%BAblico-line-0_197-Brasilia-1702-851941-519402-0,-1.0,-15.885693,-47.82147,,,,2,2023-06-15T21:24:06+00:00
BRA_223913,Brasília,5300108,,Pioneira,2307,https://moovitapp.com/index/pt-br/transporte_p%C3%BAblico-line-2307-Brasilia-1702-851941-18556638-0,-1.0,-15.810657,-47.943877,,,,2,2023-06-15T21:24:50+00:00
BRA_223611,Brasília,5300108,,UTB,2303,https://moovitapp.com/index/pt-br/transporte_p%C3%BAblico-line-2303-Brasilia-1702-854427-744299-0,-1.0,-15.910519,-47.967159,,,,2,2023-06-15T21:07:34+00:00
BRA_228010,Brasília,5300108,,,3204,,,-16.024757,-48.054067,,,,1,2023-06-15T21:24:28+00:00
BRA_228346,Brasília,5300108,,Pioneira,251.7,https://moovitapp.com/index/pt-br/transporte_p%C3%BAblico-line-251_7-Brasilia-1702-851941-651524-0,-1.0,-16.047353,-48.030918,,,,1,2023-06-15T21:23:46+00:00
BRA_226211,Brasília,5300108,,UTB,2302,https://moovitapp.com/index/pt-br/transporte_p%C3%BAblico-line-2302-Brasilia-1702-854427-744298-0,-1.0,-15.802148,-47.885487,,,,1,2023-06-15T21:16:38+00:00
BRA_232181,Brasília,5300108,,Marechal,206.1,https://moovitapp.com/index/pt-br/transporte_p%C3%BAblico-line-206_1-Brasilia-1702-851940-137149861-0,-1.0,-15.874139,-48.042629,,,,1,2023-06-15T21:24:14+00:00
BRA_223883,Brasília,5300108,,Pioneira,2310,https://moovitapp.com/index/pt-br/transporte_p%C3%BAblico-line-2310-Brasilia-1702-851941-57764377-0,-1.0,-15.81624,-47.949694,,,,2,2023-06-15T21:24:16+00:00
BRA_226840,Brasília,5300108,,Pioneira,0.759,https://moovitapp.com/index/pt-br/transporte_p%C3%BAblico-line-0_759-Brasilia-1702-851941-775121-0,-1.0,-15.794908,-47.880686,,,,1,2023-06-15T21:24:32+00:00
BRA_231479,Brasília,5300108,,Pioneira,0.011,https://moovitapp.com/index/pt-br/transporte_p%C3%BAblico-line-0_011-Brasilia-1702-851941-775117-0,-1.0,-15.765411,-47.876134,,,,1,2023-06-15T21:23:46+00:00
BRA_231401,Brasília,5300108,,Pioneira,183.7,https://moovitapp.com/index/pt-br/transporte_p%C3%BAblico-line-183_7-Brasilia-1702-851941-242922-0,-1.0,-15.913372,-47.757618,,,,1,2023-06-15T21:23:48+00:00
BRA_228338,Brasília,5300108,,Pioneira,180.2,https://moovitapp.com/index/pt-br/transporte_p%C3%BAblico-line-180_2-Brasilia-1702-851941-514539-0,-1.0,-15.815043,-47.839748,,,,2,2023-06-15T21:23:44+00:00
BRA_226581,Brasília,5300108,,Pioneira,100.8,https://moovitapp.com/index/pt-br/transporte_p%C3%BAblico-line-100_8-Brasilia-1702-851941-576191-0,-1.0,-15.819494,-47.832583,,,,2,2023-06-15T21:24:20+00:00
BRA_225525,Brasília,5300108,,UTB,2303,https://moovitapp.com/index/pt-br/transporte_p%C3%BAblico-line-2303-Brasilia-1702-854427-744299-0,-1.0,-15.821234,-47.918579,,,,2,2023-06-15T21:18:28+00:00
BRA_229865,Brasília,5300108,,Pioneira,197.3,https://moovitapp.com/index/pt-br/transporte_p%C3%BAblico-line-197_3-Brasilia-1702-851941-519409-0,-1.0,-15.914156,-47.761064,,,,2,2023-06-15T21:24:16+00:00
BRA_228737,Brasília,5300108,,Pioneira,0.147,https://moovitapp.com/index/pt-br/transporte_p%C3%BAblico-line-0_147-Brasilia-1702-851941-519401-0,-1.0,-15.830426,-47.875441,,,,2,2023-06-15T21:23:24+00:00
BRA_229105,Brasília,5300108,,Pioneira,3308,https://moovitapp.com/index/pt-br/transporte_p%C3%BAblico-line-3308-Brasilia-1702-851941-577772-0,-1.0,-16.027695,-47.975933,,,,1,2023-06-15T21:24:16+00:00
BRA_227170,Brasília,5300108,,Pioneira,181.5,https://moovitapp.com/index/pt-br/transporte_p%C3%BAblico-line-181_5-Brasilia-1702-851941-756866-0,-1.0,-15.902584,-47.767625,,,,1,2023-06-15T21:21:06+00:00
BRA_225541,Brasília,5300108,,UTB,2302,https://moovitapp.com/index/pt-br/transporte_p%C3%BAblico-line-2302-Brasilia-1702-854427-744298-0,-1.0,-15.840003,-47.930729,,,,1,2023-06-15T21:24:46+00:00
BRA_230154,Brasília,5300108,,Pioneira,251.8,https://moovitapp.com/index/pt-br/transporte_p%C3%BAblico-line-251_8-Brasilia-1702-851941-708654-0,-1.0,-16.046943,-48.039565,,,,1,2023-06-15T21:23:56+00:00
BRA_231924,Brasília,5300108,,Pioneira,180.1,https://moovitapp.com/index/pt-br/transporte_p%C3%BAblico-line-180_1-Brasilia-1702-851941-339336-0,-1.0,-15.798488,-47.852337,,,,1,2023-06-15T21:23:36+00:00
BRA_223948,Brasília,5300108,,Pioneira,2310,https://moovitapp.com/index/pt-br/transporte_p%C3%BAblico-line-2310-Brasilia-1702-851941-57764377-0,-1.0,-15.796202,-47.944557,,,,1,2023-06-15T21:17:52+00:00
BRA_226742,Brasília,5300108,,Pioneira,0.781,https://moovitapp.com/index/pt-br/transporte_p%C3%BAblico-line-0_781-Brasilia-1702-851941-242889-0,-1.0,-15.78836,-47.88829,,,,2,2023-06-15T21:24:02+00:00
BRA_229458,Brasília,5300108,,Pioneira,147.5,https://moovitapp.com/index/pt-br/transporte_p%C3%BAblico-line-147_5-Brasilia-1702-851941-519406-0,-1.0,-15.844196,-47.81913,,,,2,2023-06-15T21:23:42+00:00
BRA_227668,Brasília,5300108,,Pioneira,0.195,https://moovitapp.com/index/pt-br/transporte_p%C3%BAblico-line-0_195-Brasilia-1702-851941-242845-0,-1.0,-15.911193,-47.752265,,,,2,2023-06-15T21:24:12+00:00
BRA_229806,Brasília,5300108,,Pioneira,147.7,https://moovitapp.com/index/pt-br/transporte_p%C3%BAblico-line-147_7-Brasilia-1702-851941-574205-0,-1.0,-15.897446,-47.789547,,,,2,2023-06-15T21:23:44+00:00
BRA_228923,Brasília,5300108,,Pioneira,073.2,https://moovitapp.com/index/pt-br/transporte_p%C3%BAblico-line-073_2-Brasilia-1702-851941-775124-0,-1.0,-15.863187,-47.937951,,,,1,2023-06-15T21:24:26+00:00
BRA_232122,Brasília,5300108,,Pioneira,180.0,https://moovitapp.com/index/pt-br/transporte_p%C3%BAblico-line-180_0-Brasilia-1702-851941-77097780-0,-1.0,-15.841715,-47.822646,,,,2,2023-06-15T21:23:44+00:00
BRA_228478,Brasília,5300108,,Pioneira,0.225,https://moovitapp.com/index/pt-br/transporte_p%C3%BAblico-line-0_225-Brasilia-1702-851941-510253-0,-1.0,-15.821199,-48.112184,,,,1,2023-06-15T21:23:44+00:00
BRA_226173,Brasília,5300108,,Taguatur,2301,https://moovitapp.com/index/pt-br/transporte_p%C3%BAblico-line-2301-Brasilia-1702-854428-81537943-0,-1.0,-15.79436,-47.882225,,,,1,2023-06-15T21:22:48+00:00
BRA_231614,Brasília,5300108,,Pioneira,0.761,https://moovitapp.com/index/pt-br/transporte_p%C3%BAblico-line-0_761-Brasilia-1702-851941-605389-0,-1.0,-15.795701,-47.87368,,,,1,2023-06-15T21:24:48+00:00
BRA_226548,Brasília,5300108,,Pioneira,0.763,https://moovitapp.com/index/pt-br/transporte_p%C3%BAblico-line-0_763-Brasilia-1702-851941-468878-0,-1.0,-15.843476,-47.890166,,,,1,2023-06-15T21:23:18+00:00
BRA_228974,Brasília,5300108,,Taguatur,3303,https://moovitapp.com/index/pt-br/transporte_p%C3%BAblico-line-3303-Brasilia-1702-854428-2224148-0,-1.0,-16.013984,-47.991656,,,,1,2023-06-15T21:23:24+00:00
BRA_227617,Brasília,5300108,,Pioneira,0.225,https://moovitapp.com/index/pt-br/transporte_p%C3%BAblico-line-0_225-Brasilia-1702-851941-510253-0,-1.0,-15.965727,-48.022163,,,,2,2023-06-15T21:23:44+00:00
BRA_226203,Brasília,5300108,,Taguatur,2301,https://moovitapp.com/index/pt-br/transporte_p%C3%BAblico-line-2301-Brasilia-1702-854428-81537943-0,-1.0,-15.972686,-47.990836,,,,2,2023-06-15T21:24:10+00:00
BRA_223662,Brasília,5300108,,Pioneira,2210,https://moovitapp.com/index/pt-br/transporte_p%C3%BAblico-line-2210-Brasilia-1702-851941-57764370-0,-1.0,-15.764483,-47.938187,,,,2,2023-06-15T21:24:16+00:00
BRA_231681,Brasília,5300108,,Pioneira,0.761,https://moovitapp.com/index/pt-br/transporte_p%C3%BAblico-line-0_761-Brasilia-1702-851941-605389-0,-1.0,-15.79391,-47.87958,,,,1,2023-06-15T21:23:38+00:00
BRA_231894,Brasília,5300108,,Pioneira,180.0,https://moovitapp.com/index/pt-br/transporte_p%C3%BAblico-line-180_0-Brasilia-1702-851941-77097780-0,-1.0,-15.79436,-47.882098,,,,2,2023-06-15T21:24:08+00:00
BRA_228818,Brasília,5300108,,Pioneira,0.781,https://moovitapp.com/index/pt-br/transporte_p%C3%BAblico-line-0_781-Brasilia-1702-851941-242889-0,-1.0,-15.76076,-47.783965,,,,2,2023-06-15T21:23:46+00:00
BRA_232131,Brasília,5300108,,Taguatur,3305,https://moovitapp.com/index/pt-br/transporte_p%C3%BAblico-line-3305-Brasilia-1702-854428-77810673-0,-1.0,-16.049241,-47.967172,,,,1,2023-06-15T21:23:36+00:00
BRA_228672,Brasília,5300108,,Pioneira,3308,https://moovitapp.com/index/pt-br/transporte_p%C3%BAblico-line-3308-Brasilia-1702-851941-577772-0,-1.0,-16.005404,-47.995731,,,,1,2023-06-15T21:23:34+00:00
BRA_228354,Brasília,5300108,,Pioneira,0.253,https://moovitapp.com/index/pt-br/transporte_p%C3%BAblico-line-0_253-Brasilia-1702-851941-510254-0,-1.0,-15.900116,-48.054035,,,,1,2023-06-15T21:24:50+00:00
BRA_227315,Brasília,5300108,,Pioneira,0.225,https://moovitapp.com/index/pt-br/transporte_p%C3%BAblico-line-0_225-Brasilia-1702-851941-510253-0,-1.0,-16.030336,-48.056305,,,,2,2023-06-15T21:23:36+00:00
BRA_232572,Brasília,5300108,,Pioneira,2309,https://moovitapp.com/index/pt-br/transporte_p%C3%BAblico-line-2309-Brasilia-1702-851941-57764376-0,-1.0,-15.861055,-47.956504,,,,1,2023-06-15T21:23:50+00:00
BRA_231851,Brasília,5300108,,Pioneira,180.1,https://moovitapp.com/index/pt-br/transporte_p%C3%BAblico-line-180_1-Brasilia-1702-851941-339336-0,-1.0,-15.881124,-47.823015,,,,2,2023-06-15T21:24:32+00:00
BRA_227757,Brasília,5300108,,Pioneira,0.784,https://moovitapp.com/index/pt-br/transporte_p%C3%BAblico-line-0_784-Brasilia-1702-851941-372405-0,-1.0,-15.763021,-47.780366,,,,1,2023-06-15T21:23:56+00:00
BRA_228826,Brasília,5300108,,Pioneira,183.6,https://moovitapp.com/index/pt-br/transporte_p%C3%BAblico-line-183_6-Brasilia-1702-851941-242921-0,-1.0,-15.913949,-47.761185,,,,1,2023-06-15T21:17:52+00:00
BRA_229318,Brasília,5300108,,Pioneira,100.2,https://moovitapp.com/index/pt-br/transporte_p%C3%BAblico-line-100_2-Brasilia-1702-851941-620160-0,-1.0,-15.834947,-47.834382,,,,1,2023-06-15T21:24:28+00:00
BRA_226921,Brasília,5300108,,Pioneira,0.181,https://moovitapp.com/index/pt-br/transporte_p%C3%BAblico-line-0_181-Brasilia-1702-851941-242838-0,-1.0,-15.837876,-47.837053,,,,2,2023-06-15T21:24:28+00:00
BRA_227722,Brasília,5300108,,Pioneira,197.1,https://moovitapp.com/index/pt-br/transporte_p%C3%BAblico-line-197_1-Brasilia-1702-851941-519408-0,-1.0,-15.855122,-47.839933,,,,2,2023-06-15T21:24:24+00:00
BRA_230197,Brasília,5300108,,Taguatur,3303,https://moovitapp.com/index/pt-br/transporte_p%C3%BAblico-line-3303-Brasilia-1702-854428-2224148-0,-1.0,-16.047448,-48.044823,,,,1,2023-06-15T21:24:32+00:00
BRA_226246,Brasília,5300108,,,2201,,,-15.837843,-47.929489,,,,2,2023-06-15T21:24:00+00:00
BRA_227421,Brasília,5300108,,Pioneira,147.4,https://moovitapp.com/index/pt-br/transporte_p%C3%BAblico-line-147_4-Brasilia-1702-851941-574204-0,-1.0,-15.833877,-47.86736,,,,2,2023-06-15T21:23:22+00:00
BRA_227927,Brasília,5300108,,UTB,2303,https://moovitapp.com/index/pt-br/transporte_p%C3%BAblico-line-2303-Brasilia-1702-854427-744299-0,-1.0,-15.817351,-47.913213,,,,2,2023-06-15T21:24:18+00:00
BRA_226564,Brasília,5300108,,Pioneira,0.764,https://moovitapp.com/index/pt-br/transporte_p%C3%BAblico-line-0_764-Brasilia-1702-851941-516641-0,-1.0,-15.766354,-47.774988,,,,2,2023-06-15T21:24:28+00:00
BRA_232611,Brasília,5300108,,UTB,2303,https://moovitapp.com/index/pt-br/transporte_p%C3%BAblico-line-2303-Brasilia-1702-854427-744299-0,-1.0,-15.791758,-47.889759,,,,1,2023-06-15T21:24:10+00:00
BRA_232548,Brasília,5300108,,UTB,2303,https://moovitapp.com/index/pt-br/transporte_p%C3%BAblico-line-2303-Brasilia-1702-854427-744299-0,-1.0,-15.813818,-47.907879,,,,1,2023-06-15T21:23:08+00:00
BRA_232416,Brasília,5300108,,Pioneira,251.6,https://moovitapp.com/index/pt-br/transporte_p%C3%BAblico-line-251_6-Brasilia-1702-851941-35763436-0,-1.0,-16.018972,-48.067234,,,,1,2023-06-15T21:24:48+00:00
BRA_231878,Brasília,5300108,,Pioneira,180.0,https://moovitapp.com/index/pt-br/transporte_p%C3%BAblico-line-180_0-Brasilia-1702-851941-77097780-0,-1.0,-15.900402,-47.779711,,,,2,2023-06-15T21:24:28+00:00
BRA_226416,Brasília,5300108,,Pioneira,100.4,https://moovitapp.com/index/pt-br/transporte_p%C3%BAblico-line-100_4-Brasilia-1702-851941-514538-0,-1.0,-15.807393,-47.952263,,,,2,2023-06-15T21:23:20+00:00
BRA_226751,Brasília,5300108,,Pioneira,0.764,https://moovitapp.com/index/pt-br/transporte_p%C3%BAblico-line-0_764-Brasilia-1702-851941-516641-0,-1.0,-15.745902,-47.761642,,,,2,2023-06-15T21:23:28+00:00
BRA_227196,Brasília,5300108,,Pioneira,147.9,https://moovitapp.com/index/pt-br/transporte_p%C3%BAblico-line-147_9-Brasilia-1702-851941-519407-0,-1.0,-15.782482,-47.874011,,,,2,2023-06-15T21:24:38+00:00
BRA_231576,Brasília,5300108,,Pioneira,761.2,https://moovitapp.com/index/pt-br/transporte_p%C3%BAblico-line-761_2-Brasilia-1702-851941-620162-0,-1.0,-15.791232,-47.77865,,,,2,2023-06-15T21:24:18+00:00
BRA_223808,Brasília,5300108,,Pioneira,2307,https://moovitapp.com/index/pt-br/transporte_p%C3%BAblico-line-2307-Brasilia-1702-851941-18556638-0,-1.0,-16.003125,-47.986722,,,,1,2023-06-15T21:24:32+00:00
BRA_228150,Brasília,5300108,,Pioneira,170.4,https://moovitapp.com/index/pt-br/transporte_p%C3%BAblico-line-170_4-Brasilia-1702-851941-379787-0,-1.0,-15.904379,-47.764306,,,,1,2023-06-15T21:23:30+00:00
BRA_232114,Brasília,5300108,,Pioneira,181.4,https://moovitapp.com/index/pt-br/transporte_p%C3%BAblico-line-181_4-Brasilia-1702-851941-775126-0,-1.0,-15.859154,-47.867322,,,,1,2023-06-15T21:24:12+00:00
BRA_229415,Brasília,5300108,,Pioneira,0.253,https://moovitapp.com/index/pt-br/transporte_p%C3%BAblico-line-0_253-Brasilia-1702-851941-510254-0,-1.0,-15.816959,-48.103315,,,,2,2023-06-15T21:23:54+00:00
BRA_229342,Brasília,5300108,,Pioneira,100.2,https://moovitapp.com/index/pt-br/transporte_p%C3%BAblico-line-100_2-Brasilia-1702-851941-620160-0,-1.0,-15.84552,-47.922616,,,,1,2023-06-15T21:23:54+00:00
BRA_229156,Brasília,5300108,,,3301,,,-16.022834,-48.014458,,,,1,2023-06-15T21:23:48+00:00
BRA_227226,Brasília,5300108,,Pioneira,181.2,https://moovitapp.com/index/pt-br/transporte_p%C3%BAblico-line-181_2-Brasilia-1702-851941-339338-0,-1.0,-15.927043,-47.831369,,,,1,2023-06-14T16:06:06+00:00
BRA_229776,Brasília,5300108,,Pioneira,147.5,https://moovitapp.com/index/pt-br/transporte_p%C3%BAblico-line-147_5-Brasilia-1702-851941-519406-0,-1.0,-15.878194,-47.822996,,,,1,2023-06-15T21:24:22+00:00
BRA_226858,Brasília,5300108,,Pioneira,0.101,https://moovitapp.com/index/pt-br/transporte_p%C3%BAblico-line-0_101-Brasilia-1702-851941-587082-0,-1.0,-15.743752,-47.897503,,,,1,2023-06-15T21:25:00+00:00
BRA_231550,Brasília,5300108,,Pioneira,0.011,https://moovitapp.com/index/pt-br/transporte_p%C3%BAblico-line-0_011-Brasilia-1702-851941-775117-0,-1.0,-15.799449,-47.861715,,,,1,2023-06-15T21:23:56+00:00
BRA_231436,Brasília,5300108,,Pioneira,183.0,https://moovitapp.com/index/pt-br/transporte_p%C3%BAblico-line-183_0-Brasilia-1702-851941-26502248-0,-1.0,-15.913645,-47.757281,,,,1,2023-06-15T21:24:08+00:00
BRA_228842,Brasília,5300108,,Pioneira,147.5,https://moovitapp.com/index/pt-br/transporte_p%C3%BAblico-line-147_5-Brasilia-1702-851941-519406-0,-1.0,-15.901268,-47.77418,,,,2,2023-06-15T21:24:10+00:00
BRA_225622,Brasília,5300108,,UTB,2302,https://moovitapp.com/index/pt-br/transporte_p%C3%BAblico-line-2302-Brasilia-1702-854427-744298-0,-1.0,-15.823738,-47.911223,,,,2,2023-06-15T21:23:56+00:00
BRA_231622,Brasília,5300108,,Pioneira,0.102,https://moovitapp.com/index/pt-br/transporte_p%C3%BAblico-line-0_102-Brasilia-1702-851941-775119-0,-1.0,-15.858672,-47.929044,,,,1,2023-06-15T21:23:40+00:00
BRA_228575,Brasília,5300108,,Pioneira,0.255,https://moovitapp.com/index/pt-br/transporte_p%C3%BAblico-line-0_255-Brasilia-1702-851941-706978-0,-1.0,-16.015341,-48.015106,,,,1,2023-06-14T10:14:20+00:00
BRA_227081,Brasília,5300108,,Pioneira,196.2,https://moovitapp.com/index/pt-br/transporte_p%C3%BAblico-line-196_2-Brasilia-1702-851941-242925-0,-1.0,-15.885498,-47.815754,,,,2,2023-06-15T21:24:32+00:00
BRA_229709,Brasília,5300108,,Pioneira,181.6,https://moovitapp.com/index/pt-br/transporte_p%C3%BAblico-line-181_6-Brasilia-1702-851941-408473-0,-1.0,-15.855567,-47.87642,,,,1,2023-06-15T21:24:28+00:00
BRA_228095,Brasília,5300108,,Pioneira,147.5,https://moovitapp.com/index/pt-br/transporte_p%C3%BAblico-line-147_5-Brasilia-1702-851941-519406-0,-1.0,-15.810792,-47.846259,,,,1,2023-06-15T21:24:02+00:00
BRA_232211,Brasília,5300108,,Pioneira,205.1,https://moovitapp.com/index/pt-br/transporte_p%C3%BAblico-line-205_1-Brasilia-1702-851941-393571-0,-1.0,-15.827036,-48.059382,,,,2,2023-06-15T21:24:18+00:00
BRA_223930,Brasília,5300108,,Pioneira,2310,https://moovitapp.com/index/pt-br/transporte_p%C3%BAblico-line-2310-Brasilia-1702-851941-57764377-0,-1.0,-15.795789,-47.94738,,,,2,2023-06-15T21:24:22+00:00
BRA_223930,Brasília,5300108,,Pioneira,2310,https://moovitapp.com/index/pt-br/transporte_p%C3%BAblico-line-2310-Brasilia-1702-851941-57764377-0,-1.0,-15.813036,-47.949141,,,,2,2023-06-13T21:56:00+00:00
BRA_223930,Brasília,5300108,,Pioneira,2207,https://moovitapp.com/index/pt-br/transporte_p%C3%BAblico-line-2207-Brasilia-1702-851941-422078-0,-1.0,-15.763694,-47.890859,,,,1,2023-06-14T12:55:10+00:00
BRA_229504,Brasília,5300108,,Pioneira,0.780,https://moovitapp.com/index/pt-br/transporte_p%C3%BAblico-line-0_780-Brasilia-1702-851941-514537-0,-1.0,-15.796309,-47.87855,,,,2,2023-06-14T19:24:22+00:00
BRA_226572,Brasília,5300108,,Pioneira,0.111,https://moovitapp.com/index/pt-br/transporte_p%C3%BAblico-line-0_111-Brasilia-1702-851941-432834-0,-1.0,-15.800083,-47.866559,,,,1,2023-06-15T21:24:14+00:00
BRA_229881,Brasília,5300108,,Pioneira,147.3,https://moovitapp.com/index/pt-br/transporte_p%C3%BAblico-line-147_3-Brasilia-1702-851941-574203-0,-1.0,-15.852276,-47.8461,,,,2,2023-06-15T21:24:26+00:00
BRA_226831,Brasília,5300108,,Urbi,0.129,https://moovitapp.com/index/pt-br/transporte_p%C3%BAblico-line-0_129-Brasilia-1702-851595-775097-0,-1.0,-15.871798,-47.958017,,,,1,2023-06-15T19:41:04+00:00
BRA_226645,Brasília,5300108,,Pioneira,2206,https://moovitapp.com/index/pt-br/transporte_p%C3%BAblico-line-2206-Brasilia-1702-851941-18556637-0,-1.0,-15.750373,-47.895386,,,,2,2023-06-15T21:24:06+00:00
BRA_232033,Brasília,5300108,,Pioneira,181.4,https://moovitapp.com/index/pt-br/transporte_p%C3%BAblico-line-181_4-Brasilia-1702-851941-775126-0,-1.0,-15.87241,-47.924053,,,,1,2023-06-15T21:23:22+00:00
BRA_231371,Brasília,5300108,,Pioneira,3208,https://moovitapp.com/index/pt-br/transporte_p%C3%BAblico-line-3208-Brasilia-1702-851941-704027-0,-1.0,-16.012992,-48.068118,,,,1,2023-06-15T21:24:14+00:00
BRA_232637,Brasília,5300108,,Pioneira,2205,https://moovitapp.com/index/pt-br/transporte_p%C3%BAblico-line-2205-Brasilia-1702-851941-393568-0,-1.0,-15.826856,-47.926329,,,,2,2023-06-15T21:23:00+00:00
BRA_229547,Brasília,5300108,,Pioneira,180.5,https://moovitapp.com/index/pt-br/transporte_p%C3%BAblico-line-180_5-Brasilia-1702-851941-58708318-0,-1.0,-15.793544,-47.888475,,,,2,2023-06-15T21:23:28+00:00
BRA_228796,Brasília,5300108,,Pioneira,199.1,https://moovitapp.com/index/pt-br/transporte_p%C3%BAblico-line-199_1-Brasilia-1702-851941-770034-0,-1.0,-15.85494,-47.840365,,,,2,2023-06-15T21:23:50+00:00
BRA_225754,Brasília,5300108,,Pioneira,0.761,https://moovitapp.com/index/pt-br/transporte_p%C3%BAblico-line-0_761-Brasilia-1702-851941-605389-0,-1.0,-15.808311,-47.799707,,,,2,2023-06-15T21:24:30+00:00
BRA_223891,Brasília,5300108,,Pioneira,2306,https://moovitapp.com/index/pt-br/transporte_p%C3%BAblico-line-2306-Brasilia-1702-851941-18556641-0,-1.0,-15.822846,-47.90861,,,,1,2023-06-15T21:23:56+00:00
BRA_223972,Brasília,5300108,,UTB,2302,https://moovitapp.com/index/pt-br/transporte_p%C3%BAblico-line-2302-Brasilia-1702-854427-744298-0,-1.0,-15.798581,-47.885239,,,,2,2023-06-15T21:24:30+00:00
BRA_229296,Brasília,5300108,,Pioneira,073.2,https://moovitapp.com/index/pt-br/transporte_p%C3%BAblico-line-073_2-Brasilia-1702-851941-775124-0,-1.0,-15.856584,-47.919253,,,,1,2023-06-15T21:23:40+00:00
BRA_228427,Brasília,5300108,,,3201,,,-16.014731,-48.060158,,,,1,2023-06-15T21:23:46+00:00
BRA_229636,Brasília,5300108,,Pioneira,761.2,https://moovitapp.com/index/pt-br/transporte_p%C3%BAblico-line-761_2-Brasilia-1702-851941-620162-0,-1.0,-15.75974,-47.780786,,,,2,2023-06-15T21:24:28+00:00
BRA_227811,Brasília,5300108,,Pioneira,180.2,https://moovitapp.com/index/pt-br/transporte_p%C3%BAblico-line-180_2-Brasilia-1702-851941-514539-0,-1.0,-15.889119,-47.815786,,,,2,2023-06-15T21:24:18+00:00
BRA_232092,Brasília,5300108,,Pioneira,181.2,https://moovitapp.com/index/pt-br/transporte_p%C3%BAblico-line-181_2-Brasilia-1702-851941-339338-0,-1.0,-15.893977,-47.791734,,,,1,2023-06-15T21:23:56+00:00
BRA_229067,Brasília,5300108,,Pioneira,251.8,https://moovitapp.com/index/pt-br/transporte_p%C3%BAblico-line-251_8-Brasilia-1702-851941-708654-0,-1.0,-16.04673,-48.040239,,,,1,2023-06-15T21:24:38+00:00
BRA_228486,Brasília,5300108,,Pioneira,2307,https://moovitapp.com/index/pt-br/transporte_p%C3%BAblico-line-2307-Brasilia-1702-851941-18556638-0,-1.0,-15.78649,-47.900981,,,,1,2023-06-15T21:24:54+00:00
BRA_228745,Brasília,5300108,,Pioneira,180.5,https://moovitapp.com/index/pt-br/transporte_p%C3%BAblico-line-180_5-Brasilia-1702-851941-58708318-0,-1.0,-15.88556,-47.821336,,,,2,2023-06-15T21:23:36+00:00
BRA_229130,Brasília,5300108,,Pioneira,0.102,https://moovitapp.com/index/pt-br/transporte_p%C3%BAblico-line-0_102-Brasilia-1702-851941-775119-0,-1.0,-15.853057,-47.913118,,,,1,2023-06-15T21:23:20+00:00
BRA_227463,Brasília,5300108,,Pioneira,194.1,https://moovitapp.com/index/pt-br/transporte_p%C3%BAblico-line-194_1-Brasilia-1702-851941-242923-0,-1.0,-15.803954,-47.896517,,,,2,2023-06-15T21:23:38+00:00
BRA_229750,Brasília,5300108,,Pioneira,0.101,https://moovitapp.com/index/pt-br/transporte_p%C3%BAblico-line-0_101-Brasilia-1702-851941-587082-0,-1.0,-15.753962,-47.893974,,,,2,2023-06-15T21:23:58+00:00
BRA_226530,Brasília,5300108,,Pioneira,100.8,https://moovitapp.com/index/pt-br/transporte_p%C3%BAblico-line-100_8-Brasilia-1702-851941-576191-0,-1.0,-15.80211,-47.894864,,,,2,2023-06-15T21:24:02+00:00
BRA_228362,Brasília,5300108,,Pioneira,255.2,https://moovitapp.com/index/pt-br/transporte_p%C3%BAblico-line-255_2-Brasilia-1702-851941-312453-0,-1.0,-15.885585,-48.05916,,,,1,2023-06-15T21:23:26+00:00
BRA_226378,Brasília,5300108,,Pioneira,2205,https://moovitapp.com/index/pt-br/transporte_p%C3%BAblico-line-2205-Brasilia-1702-851941-393568-0,-1.0,-15.827692,-47.927086,,,,1,2023-06-15T21:24:16+00:00
BRA_227684,Brasília,5300108,,Pioneira,2205,https://moovitapp.com/index/pt-br/transporte_p%C3%BAblico-line-2205-Brasilia-1702-851941-393568-0,-1.0,-15.959182,-48.012798,,,,1,2023-06-15T21:23:46+00:00
BRA_231908,Brasília,5300108,,Pioneira,180.0,https://moovitapp.com/index/pt-br/transporte_p%C3%BAblico-line-180_0-Brasilia-1702-851941-77097780-0,-1.0,-15.853821,-47.817165,,,,2,2023-06-15T21:24:04+00:00
BRA_226157,Brasília,5300108,,Taguatur,2301,https://moovitapp.com/index/pt-br/transporte_p%C3%BAblico-line-2301-Brasilia-1702-854428-81537943-0,-1.0,-15.95945,-47.993182,,,,1,2023-06-15T21:23:30+00:00
BRA_228460,Brasília,5300108,,Pioneira,197.5,https://moovitapp.com/index/pt-br/transporte_p%C3%BAblico-line-197_5-Brasilia-1702-851941-492988-0,-1.0,-15.801407,-47.855656,,,,2,2023-06-15T21:23:32+00:00
BRA_223751,Brasília,5300108,,Pioneira,2306,https://moovitapp.com/index/pt-br/transporte_p%C3%BAblico-line-2306-Brasilia-1702-851941-18556641-0,-1.0,-15.93598,-47.984071,,,,2,2023-06-15T21:24:20+00:00
BRA_227994,Brasília,5300108,,Pioneira,180.1,https://moovitapp.com/index/pt-br/transporte_p%C3%BAblico-line-180_1-Brasilia-1702-851941-339336-0,-1.0,-15.799181,-47.86223,,,,1,2023-06-15T21:23:40+00:00
BRA_228087,Brasília,5300108,,Pioneira,2306,https://moovitapp.com/index/pt-br/transporte_p%C3%BAblico-line-2306-Brasilia-1702-851941-18556641-0,-1.0,-15.738742,-47.899111,,,,2,2023-06-15T21:25:00+00:00
BRA_227048,Brasília,5300108,,Pioneira,2212,https://moovitapp.com/index/pt-br/transporte_p%C3%BAblico-line-2212-Brasilia-1702-851941-69031052-0,-1.0,-15.81048,-47.90346,,,,1,2023-06-15T21:23:36+00:00
BRA_223760,Brasília,5300108,,Pioneira,2210,https://moovitapp.com/index/pt-br/transporte_p%C3%BAblico-line-2210-Brasilia-1702-851941-57764370-0,-1.0,-15.789491,-47.942109,,,,2,2023-06-15T21:23:58+00:00
BRA_230006,Brasília,5300108,,,3204,,,-16.024735,-48.058187,,,,1,2023-06-15T21:24:02+00:00
BRA_232271,Brasília,5300108,,Pioneira,0.225,https://moovitapp.com/index/pt-br/transporte_p%C3%BAblico-line-0_225-Brasilia-1702-851941-510253-0,-1.0,-15.787964,-48.130965,,,,1,2023-06-15T21:24:44+00:00
BRA_229431,Brasília,5300108,,Pioneira,251.7,https://moovitapp.com/index/pt-br/transporte_p%C3%BAblico-line-251_7-Brasilia-1702-851941-651524-0,-1.0,-16.013529,-48.06794,,,,1,2023-06-15T21:25:04+00:00
BRA_226106,Brasília,5300108,,UTB,2303,https://moovitapp.com/index/pt-br/transporte_p%C3%BAblico-line-2303-Brasilia-1702-854427-744299-0,-1.0,-15.920159,-47.973454,,,,1,2023-06-15T21:24:38+00:00
BRA_228273,Brasília,5300108,,Pioneira,180.6,https://moovitapp.com/index/pt-br/transporte_p%C3%BAblico-line-180_6-Brasilia-1702-851941-58708319-0,-1.0,-15.84816,-47.815989,,,,2,2023-06-15T21:24:14+00:00
BRA_229041,Brasília,5300108,,UTB,2303,https://moovitapp.com/index/pt-br/transporte_p%C3%BAblico-line-2303-Brasilia-1702-854427-744299-0,-1.0,-15.791403,-47.889606,,,,2,2023-06-15T21:23:50+00:00
BRA_231673,Brasília,5300108,,Pioneira,0.759,https://moovitapp.com/index/pt-br/transporte_p%C3%BAblico-line-0_759-Brasilia-1702-851941-775121-0,-1.0,-15.759029,-47.779839,,,,1,2023-06-15T21:18:56+00:00
BRA_226700,Brasília,5300108,,Pioneira,163.1,https://moovitapp.com/index/pt-br/transporte_p%C3%BAblico-line-163_1-Brasilia-1702-851941-242911-0,-1.0,-15.783197,-47.894877,,,,2,2023-06-15T13:26:06+00:00
BRA_229661,Brasília,5300108,,Pioneira,100.3,https://moovitapp.com/index/pt-br/transporte_p%C3%BAblico-line-100_3-Brasilia-1702-851941-419631-0,-1.0,-15.801878,-47.894604,,,,1,2023-06-15T21:24:12+00:00
BRA_229504,Brasília,5300108,,Pioneira,761.2,https://moovitapp.com/index/pt-br/transporte_p%C3%BAblico-line-761_2-Brasilia-1702-851941-620162-0,-1.0,-15.804246,-47.853628,,,,2,2023-06-15T21:25:02+00:00
BRA_232157,Brasília,5300108,,Pioneira,205.1,https://moovitapp.com/index/pt-br/transporte_p%C3%BAblico-line-205_1-Brasilia-1702-851941-393571-0,-1.0,-15.857903,-48.037581,,,,2,2023-06-15T21:23:20+00:00
BRA_229504,Brasília,5300108,,Pioneira,0.780,https://moovitapp.com/index/pt-br/transporte_p%C3%BAblico-line-0_780-Brasilia-1702-851941-514537-0,-1.0,-15.752327,-47.763899,,,,1,2023-06-15T20:32:26+00:00
BRA_227340,Brasília,5300108,,Pioneira,180.0,https://moovitapp.com/index/pt-br/transporte_p%C3%BAblico-line-180_0-Brasilia-1702-851941-77097780-0,-1.0,-15.893448,-47.792243,,,,1,2023-06-15T21:24:04+00:00
BRA_232424,Brasília,5300108,,Taguatur,3306,https://moovitapp.com/index/pt-br/transporte_p%C3%BAblico-line-3306-Brasilia-1702-854428-755287-0,-1.0,-16.004333,-47.987078,,,,1,2023-06-15T21:24:16+00:00
BRA_225649,Brasília,5300108,,,2202,,,-16.001669,-48.056229,,,,1,2023-06-15T21:24:42+00:00
BRA_226408,Brasília,5300108,,UTB,2302,https://moovitapp.com/index/pt-br/transporte_p%C3%BAblico-line-2302-Brasilia-1702-854427-744298-0,-1.0,-15.809143,-47.890999,,,,1,2023-06-15T21:22:06+00:00
BRA_225606,Brasília,5300108,,UTB,2303,https://moovitapp.com/index/pt-br/transporte_p%C3%BAblico-line-2303-Brasilia-1702-854427-744299-0,-1.0,-15.784931,-47.895774,,,,2,2023-06-15T13:59:36+00:00
BRA_229580,Brasília,5300108,,,3207,,,-16.005862,-48.059738,,,,1,2023-06-15T21:23:54+00:00
BRA_226769,Brasília,5300108,,Pioneira,0.765,https://moovitapp.com/index/pt-br/transporte_p%C3%BAblico-line-0_765-Brasilia-1702-851941-576190-0,-1.0,-15.748905,-47.771548,,,,1,2023-06-15T21:24:14+00:00
BRA_232343,Brasília,5300108,,Taguatur,3302,https://moovitapp.com/index/pt-br/transporte_p%C3%BAblico-line-3302-Brasilia-1702-854428-3135322-0,-1.0,-16.038061,-48.034192,,,,1,2023-06-15T21:24:46+00:00
BRA_228184,Brasília,5300108,,,3204,,,-16.003885,-48.053399,,,,1,2023-06-15T21:24:20+00:00
BRA_227277,Brasília,5300108,,Pioneira,147.5,https://moovitapp.com/index/pt-br/transporte_p%C3%BAblico-line-147_5-Brasilia-1702-851941-519406-0,-1.0,-15.901445,-47.772788,,,,2,2023-06-15T21:23:42+00:00
BRA_231380,Brasília,5300108,,Pioneira,3209,https://moovitapp.com/index/pt-br/transporte_p%C3%BAblico-line-3209-Brasilia-1702-851941-705116-0,-1.0,-16.033058,-48.064068,,,,1,2023-06-15T21:23:50+00:00
BRA_232173,Brasília,5300108,,Pioneira,124.6,https://moovitapp.com/index/pt-br/transporte_p%C3%BAblico-line-124_6-Brasilia-1702-851941-425282-0,-1.0,-15.842344,-47.95363,,,,1,2023-06-15T21:24:26+00:00
BRA_228117,Brasília,5300108,,,3206,,,-15.991799,-48.049375,,,,1,2023-06-15T21:23:52+00:00
BRA_225550,Brasília,5300108,,,2201,,,-15.992921,-48.050214,,,,2,2023-06-15T21:24:32+00:00
BRA_232408,Brasília,5300108,,Pioneira,020.2,https://moovitapp.com/index/pt-br/transporte_p%C3%BAblico-line-020_2-Brasilia-1702-851941-708653-0,-1.0,-16.008068,-47.986188,,,,1,2023-06-15T18:31:58+00:00
BRA_229237,Brasília,5300108,,Pioneira,100.6,https://moovitapp.com/index/pt-br/transporte_p%C3%BAblico-line-100_6-Brasilia-1702-851941-767605-0,-1.0,-15.795717,-47.854975,,,,2,2023-06-15T21:24:20+00:00
BRA_226483,Brasília,5300108,,Pioneira,0.756,https://moovitapp.com/index/pt-br/transporte_p%C3%BAblico-line-0_756-Brasilia-1702-851941-789940-0,-1.0,-15.786389,-47.907745,,,,2,2023-06-15T21:24:40+00:00
BRA_226866,Brasília,5300108,,Pioneira,183.6,https://moovitapp.com/index/pt-br/transporte_p%C3%BAblico-line-183_6-Brasilia-1702-851941-242921-0,-1.0,-15.897552,-47.788994,,,,1,2023-06-15T21:24:14+00:00
BRA_229466,Brasília,5300108,,Pioneira,181.2,https://moovitapp.com/index/pt-br/transporte_p%C3%BAblico-line-181_2-Brasilia-1702-851941-339338-0,-1.0,-15.851401,-47.876255,,,,1,2023-06-15T21:24:06+00:00
BRA_227978,Brasília,5300108,,Pioneira,147.6,https://moovitapp.com/index/pt-br/transporte_p%C3%BAblico-line-147_6-Brasilia-1702-851941-516646-0,-1.0,-15.831095,-47.87801,,,,1,2023-06-15T21:23:46+00:00
BRA_225631,Brasília,5300108,,UTB,2302,https://moovitapp.com/index/pt-br/transporte_p%C3%BAblico-line-2302-Brasilia-1702-854427-744298-0,-1.0,-16.002165,-47.987473,,,,1,2023-06-15T21:24:46+00:00
BRA_227706,Brasília,5300108,,Pioneira,183.2,https://moovitapp.com/index/pt-br/transporte_p%C3%BAblico-line-183_2-Brasilia-1702-851941-242920-0,-1.0,-15.883902,-47.766703,,,,1,2023-06-15T21:24:26+00:00
BRA_226319,Brasília,5300108,,,2201,,,-15.803496,-47.887076,,,,1,2023-06-15T20:26:02+00:00
BRA_228231,Brasília,5300108,,,3204,,,-16.016848,-48.06471,,,,1,2023-06-15T21:24:18+00:00
BRA_227510,Brasília,5300108,,Pioneira,196.2,https://moovitapp.com/index/pt-br/transporte_p%C3%BAblico-line-196_2-Brasilia-1702-851941-242925-0,-1.0,-15.839381,-47.82456,,,,2,2023-06-15T21:24:46+00:00
BRA_226327,Brasília,5300108,,,2202,,,-15.888255,-47.960954,,,,2,2023-06-15T21:23:22+00:00
BRA_226289,Brasília,5300108,,UTB,2302,https://moovitapp.com/index/pt-br/transporte_p%C3%BAblico-line-2302-Brasilia-1702-854427-744298-0,-1.0,-15.913881,-47.969397,,,,2,2023-06-15T21:24:10+00:00
BRA_228711,Brasília,5300108,,Pioneira,255.2,https://moovitapp.com/index/pt-br/transporte_p%C3%BAblico-line-255_2-Brasilia-1702-851941-312453-0,-1.0,-15.834014,-48.010376,,,,2,2023-06-15T21:23:22+00:00
BRA_227251,Brasília,5300108,,Pioneira,180.1,https://moovitapp.com/index/pt-br/transporte_p%C3%BAblico-line-180_1-Brasilia-1702-851941-339336-0,-1.0,-15.913299,-47.756906,,,,1,2023-06-15T21:24:38+00:00
BRA_227943,Brasília,5300108,,Pioneira,147.2,https://moovitapp.com/index/pt-br/transporte_p%C3%BAblico-line-147_2-Brasilia-1702-851941-519403-0,-1.0,-15.829795,-47.929635,,,,2,2023-06-15T21:23:26+00:00
BRA_229334,Brasília,5300108,,Pioneira,147.4,https://moovitapp.com/index/pt-br/transporte_p%C3%BAblico-line-147_4-Brasilia-1702-851941-574204-0,-1.0,-15.804629,-47.879103,,,,1,2023-06-15T21:24:22+00:00
BRA_223671,Brasília,5300108,,Pioneira,2206,https://moovitapp.com/index/pt-br/transporte_p%C3%BAblico-line-2206-Brasilia-1702-851941-18556637-0,-1.0,-15.783822,-47.887521,,,,1,2023-06-15T21:23:46+00:00
BRA_226726,Brasília,5300108,,Pioneira,2208,https://moovitapp.com/index/pt-br/transporte_p%C3%BAblico-line-2208-Brasilia-1702-851941-18556642-0,-1.0,-15.790256,-47.911115,,,,2,2023-06-15T21:24:16+00:00
BRA_231975,Brasília,5300108,,Pioneira,147.2,https://moovitapp.com/index/pt-br/transporte_p%C3%BAblico-line-147_2-Brasilia-1702-851941-519403-0,-1.0,-15.821778,-47.918884,,,,2,2023-06-15T21:23:50+00:00
BRA_232408,Brasília,5300108,,Pioneira,020.2,https://moovitapp.com/index/pt-br/transporte_p%C3%BAblico-line-020_2-Brasilia-1702-851941-708653-0,-1.0,-15.996825,-48.001748,,,,1,2023-06-15T21:24:12+00:00
BRA_232238,Brasília,5300108,,Pioneira,205.1,https://moovitapp.com/index/pt-br/transporte_p%C3%BAblico-line-205_1-Brasilia-1702-851941-393571-0,-1.0,-15.820824,-48.061537,,,,2,2023-06-15T21:24:10+00:00
BRA_229679,Brasília,5300108,,Pioneira,190.2,https://moovitapp.com/index/pt-br/transporte_p%C3%BAblico-line-190_2-Brasilia-1702-851941-138553357-0,-1.0,-15.905113,-47.769755,,,,2,2023-06-15T21:24:14+00:00
BRA_231819,Brasília,5300108,,Pioneira,180.0,https://moovitapp.com/index/pt-br/transporte_p%C3%BAblico-line-180_0-Brasilia-1702-851941-77097780-0,-1.0,-15.795563,-47.873769,,,,1,2023-06-15T21:23:44+00:00
BRA_232289,Brasília,5300108,,Urbi,206.2,https://moovitapp.com/index/pt-br/transporte_p%C3%BAblico-line-206_2-Brasilia-1702-851595-781328-0,-1.0,-16.021995,-48.099665,,,,2,2023-06-15T21:21:24+00:00
BRA_229377,Brasília,5300108,,Pioneira,100.8,https://moovitapp.com/index/pt-br/transporte_p%C3%BAblico-line-100_8-Brasilia-1702-851941-576191-0,-1.0,-15.762067,-47.780493,,,,2,2023-06-15T21:24:38+00:00
BRA_228893,Brasília,5300108,,Pioneira,020.2,https://moovitapp.com/index/pt-br/transporte_p%C3%BAblico-line-020_2-Brasilia-1702-851941-708653-0,-1.0,-16.022373,-48.013714,,,,1,2023-06-15T21:24:24+00:00
BRA_226041,Brasília,5300108,,UTB,2303,https://moovitapp.com/index/pt-br/transporte_p%C3%BAblico-line-2303-Brasilia-1702-854427-744299-0,-1.0,-15.970839,-47.990874,,,,1,2023-06-15T21:23:54+00:00
BRA_228451,Brasília,5300108,,Pioneira,761.1,https://moovitapp.com/index/pt-br/transporte_p%C3%BAblico-line-761_1-Brasilia-1702-851941-620161-0,-1.0,-15.793479,-47.881551,,,,1,2023-06-15T21:24:22+00:00
BRA_226661,Brasília,5300108,,Pioneira,0.101,https://moovitapp.com/index/pt-br/transporte_p%C3%BAblico-line-0_101-Brasilia-1702-851941-587082-0,-1.0,-15.724583,-47.846767,,,,2,2023-06-15T21:24:34+00:00
BRA_223824,Brasília,5300108,,Pioneira,2309,https://moovitapp.com/index/pt-br/transporte_p%C3%BAblico-line-2309-Brasilia-1702-851941-57764376-0,-1.0,-15.822425,-47.950642,,,,2,2023-06-15T21:24:22+00:00
BRA_226807,Brasília,5300108,,Pioneira,2206,https://moovitapp.com/index/pt-br/transporte_p%C3%BAblico-line-2206-Brasilia-1702-851941-18556637-0,-1.0,-15.991801,-48.049013,,,,2,2023-06-15T21:23:42+00:00
BRA_228931,Brasília,5300108,,Urbi,119.0,https://moovitapp.com/index/pt-br/transporte_p%C3%BAblico-line-119_0-Brasilia-1702-851595-139513625-0,-1.0,-15.994368,-47.986366,,,,1,2023-06-15T21:25:14+00:00
BRA_226475,Brasília,5300108,,Pioneira,760.1,https://moovitapp.com/index/pt-br/transporte_p%C3%BAblico-line-760_1-Brasilia-1702-851941-576193-0,-1.0,-15.817817,-47.83423,,,,1,2023-06-15T21:23:40+00:00
BRA_227731,Brasília,5300108,,Pioneira,181.1,https://moovitapp.com/index/pt-br/transporte_p%C3%BAblico-line-181_1-Brasilia-1702-851941-242915-0,-1.0,-15.848664,-47.81487,,,,2,2023-06-15T21:24:14+00:00
BRA_226131,Brasília,5300108,,Taguatur,2301,https://moovitapp.com/index/pt-br/transporte_p%C3%BAblico-line-2301-Brasilia-1702-854428-81537943-0,-1.0,-15.869171,-47.945778,,,,1,2023-06-15T21:23:30+00:00
BRA_226785,Brasília,5300108,,Urbi,0.129,https://moovitapp.com/index/pt-br/transporte_p%C3%BAblico-line-0_129-Brasilia-1702-851595-775097-0,-1.0,-15.857808,-47.922941,,,,2,2023-06-15T10:14:04+00:00
BRA_228541,Brasília,5300108,,Pioneira,0.195,https://moovitapp.com/index/pt-br/transporte_p%C3%BAblico-line-0_195-Brasilia-1702-851941-242845-0,-1.0,-15.782668,-47.895309,,,,1,2023-06-15T13:15:02+00:00
BRA_229407,Brasília,5300108,,Pioneira,0.255,https://moovitapp.com/index/pt-br/transporte_p%C3%BAblico-line-0_255-Brasilia-1702-851941-706978-0,-1.0,-16.042283,-48.02629,,,,1,2023-06-15T21:25:30+00:00
BRA_232106,Brasília,5300108,,Pioneira,181.2,https://moovitapp.com/index/pt-br/transporte_p%C3%BAblico-line-181_2-Brasilia-1702-851941-339338-0,-1.0,-15.904768,-47.773741,,,,1,2023-06-15T21:23:56+00:00
BRA_232505,Brasília,5300108,,Pioneira,3315,https://moovitapp.com/index/pt-br/transporte_p%C3%BAblico-line-3315-Brasilia-1702-851941-645997-0,-1.0,-16.012353,-48.011476,,,,1,2023-06-15T21:24:02+00:00
BRA_228982,Brasília,5300108,,Taguatur,3303,https://moovitapp.com/index/pt-br/transporte_p%C3%BAblico-line-3303-Brasilia-1702-854428-2224148-0,-1.0,-16.048885,-48.028629,,,,1,2023-06-15T21:22:28+00:00
BRA_226629,Brasília,5300108,,Pioneira,100.2,https://moovitapp.com/index/pt-br/transporte_p%C3%BAblico-line-100_2-Brasilia-1702-851941-620160-0,-1.0,-15.823261,-47.805442,,,,1,2023-06-15T21:25:10+00:00
BRA_226912,Brasília,5300108,,Pioneira,0.781,https://moovitapp.com/index/pt-br/transporte_p%C3%BAblico-line-0_781-Brasilia-1702-851941-242889-0,-1.0,-15.750737,-47.776571,,,,2,2023-06-15T21:24:04+00:00
BRA_231797,Brasília,5300108,,Pioneira,0.765,https://moovitapp.com/index/pt-br/transporte_p%C3%BAblico-line-0_765-Brasilia-1702-851941-576190-0,-1.0,-15.842047,-47.897503,,,,2,2023-06-15T21:23:58+00:00
BRA_229199,Brasília,5300108,,Pioneira,251.8,https://moovitapp.com/index/pt-br/transporte_p%C3%BAblico-line-251_8-Brasilia-1702-851941-708654-0,-1.0,-16.024652,-48.028985,,,,1,2023-06-15T21:24:28+00:00
BRA_227633,Brasília,5300108,,Pioneira,147.6,https://moovitapp.com/index/pt-br/transporte_p%C3%BAblico-line-147_6-Brasilia-1702-851941-516646-0,-1.0,-15.897476,-47.789369,,,,2,2023-06-15T21:24:12+00:00
BRA_227641,Brasília,5300108,,Pioneira,0.182,https://moovitapp.com/index/pt-br/transporte_p%C3%BAblico-line-0_182-Brasilia-1702-851941-242839-0,-1.0,-15.855265,-47.839678,,,,2,2023-06-15T21:23:28+00:00
BRA_223875,Brasília,5300108,,,2203,,,-15.819821,-47.893917,,,,2,2023-06-15T21:24:24+00:00
BRA_223646,Brasília,5300108,,Pioneira,2306,https://moovitapp.com/index/pt-br/transporte_p%C3%BAblico-line-2306-Brasilia-1702-851941-18556641-0,-1.0,-15.869123,-47.945721,,,,2,2023-06-15T21:24:02+00:00
BRA_227242,Brasília,5300108,,Pioneira,147.3,https://moovitapp.com/index/pt-br/transporte_p%C3%BAblico-line-147_3-Brasilia-1702-851941-574203-0,-1.0,-15.913386,-47.756912,,,,1,2023-06-15T20:55:06+00:00
BRA_231592,Brasília,5300108,,Pioneira,0.784,https://moovitapp.com/index/pt-br/transporte_p%C3%BAblico-line-0_784-Brasilia-1702-851941-372405-0,-1.0,-15.76057,-47.781403,,,,1,2023-06-15T21:23:48+00:00
BRA_226891,Brasília,5300108,,Pioneira,0.763,https://moovitapp.com/index/pt-br/transporte_p%C3%BAblico-line-0_763-Brasilia-1702-851941-468878-0,-1.0,-15.760605,-47.781301,,,,2,2023-06-15T17:30:04+00:00
BRA_225673,Brasília,5300108,,Pioneira,0.761,https://moovitapp.com/index/pt-br/transporte_p%C3%BAblico-line-0_761-Brasilia-1702-851941-605389-0,-1.0,-15.794458,-47.882149,,,,1,2023-06-15T21:24:34+00:00
BRA_231690,Brasília,5300108,,Pioneira,761.1,https://moovitapp.com/index/pt-br/transporte_p%C3%BAblico-line-761_1-Brasilia-1702-851941-620161-0,-1.0,-15.809919,-47.801512,,,,2,2023-06-15T21:23:48+00:00
BRA_232386,Brasília,5300108,,,3301,,,-16.042369,-48.019067,,,,1,2023-06-15T21:23:32+00:00
BRA_231886,Brasília,5300108,,Pioneira,181.2,https://moovitapp.com/index/pt-br/transporte_p%C3%BAblico-line-181_2-Brasilia-1702-851941-339338-0,-1.0,-15.843329,-47.889784,,,,1,2023-06-15T21:23:36+00:00
BRA_227285,Brasília,5300108,,,2202,,,-15.794048,-47.883064,,,,2,2023-06-15T21:23:20+00:00
BRA_226815,Brasília,5300108,,Pioneira,0.126,https://moovitapp.com/index/pt-br/transporte_p%C3%BAblico-line-0_126-Brasilia-1702-851941-7879579-0,-1.0,-15.897557,-47.788822,,,,1,2023-06-15T21:23:58+00:00
BRA_232378,Brasília,5300108,,Taguatur,3302,https://moovitapp.com/index/pt-br/transporte_p%C3%BAblico-line-3302-Brasilia-1702-854428-3135322-0,-1.0,-16.047197,-48.028191,,,,1,2023-06-15T21:24:28+00:00
BRA_225789,Brasília,5300108,,Pioneira,0.764,https://moovitapp.com/index/pt-br/transporte_p%C3%BAblico-line-0_764-Brasilia-1702-851941-516641-0,-1.0,-15.743505,-47.760008,,,,1,2023-06-15T21:24:32+00:00
BRA_229831,Brasília,5300108,,Pioneira,0.147,https://moovitapp.com/index/pt-br/transporte_p%C3%BAblico-line-0_147-Brasilia-1702-851941-519401-0,-1.0,-15.82082,-47.895189,,,,2,2023-06-15T21:23:28+00:00
BRA_228290,Brasília,5300108,,,3206,,,-16.037648,-48.056496,,,,1,2023-06-15T21:24:42+00:00
BRA_230146,Brasília,5300108,,Taguatur,3303,https://moovitapp.com/index/pt-br/transporte_p%C3%BAblico-line-3303-Brasilia-1702-854428-2224148-0,-1.0,-16.001876,-47.985476,,,,1,2023-06-15T21:24:20+00:00
BRA_226980,Brasília,5300108,,Urbi,0.129,https://moovitapp.com/index/pt-br/transporte_p%C3%BAblico-line-0_129-Brasilia-1702-851595-775097-0,-1.0,-15.867861,-47.957521,,,,2,2023-06-15T21:23:38+00:00
BRA_228494,Brasília,5300108,,Pioneira,3316,https://moovitapp.com/index/pt-br/transporte_p%C3%BAblico-line-3316-Brasilia-1702-851941-59965195-0,-1.0,-16.047188,-48.032794,,,,1,2023-06-15T21:24:20+00:00
BRA_228419,Brasília,5300108,,Pioneira,147.5,https://moovitapp.com/index/pt-br/transporte_p%C3%BAblico-line-147_5-Brasilia-1702-851941-519406-0,-1.0,-15.870946,-47.822264,,,,2,2023-06-15T21:23:26+00:00
BRA_228575,Brasília,5300108,,Pioneira,0.255,https://moovitapp.com/index/pt-br/transporte_p%C3%BAblico-line-0_255-Brasilia-1702-851941-706978-0,-1.0,-15.805875,-48.076001,,,,2,2023-06-12T15:58:20+00:00
BRA_228761,Brasília,5300108,,Pioneira,3317,https://moovitapp.com/index/pt-br/transporte_p%C3%BAblico-line-3317-Brasilia-1702-851941-62597813-0,-1.0,-16.049273,-47.991376,,,,1,2023-06-15T21:24:30+00:00
BRA_229521,Brasília,5300108,,Pioneira,2307,https://moovitapp.com/index/pt-br/transporte_p%C3%BAblico-line-2307-Brasilia-1702-851941-18556638-0,-1.0,-15.81069,-47.943381,,,,2,2023-06-15T21:24:54+00:00
BRA_232599,Brasília,5300108,,Pioneira,2307,https://moovitapp.com/index/pt-br/transporte_p%C3%BAblico-line-2307-Brasilia-1702-851941-18556638-0,-1.0,-15.858296,-47.956256,,,,2,2023-06-15T21:24:28+00:00
BRA_229725,Brasília,5300108,,Pioneira,0.765,https://moovitapp.com/index/pt-br/transporte_p%C3%BAblico-line-0_765-Brasilia-1702-851941-576190-0,-1.0,-15.763165,-47.780328,,,,2,2023-06-15T21:24:34+00:00
BRA_223786,Brasília,5300108,,Pioneira,2205,https://moovitapp.com/index/pt-br/transporte_p%C3%BAblico-line-2205-Brasilia-1702-851941-393568-0,-1.0,-15.805882,-47.898577,,,,2,2023-06-15T21:23:42+00:00
BRA_230022,Brasília,5300108,,,3207,,,-16.015577,-48.073128,,,,1,2023-06-15T21:23:30+00:00
BRA_226165,Brasília,5300108,,Taguatur,2301,https://moovitapp.com/index/pt-br/transporte_p%C3%BAblico-line-2301-Brasilia-1702-854428-81537943-0,-1.0,-15.876471,-47.958958,,,,2,2023-06-15T21:24:46+00:00
BRA_226505,Brasília,5300108,,Pioneira,181.1,https://moovitapp.com/index/pt-br/transporte_p%C3%BAblico-line-181_1-Brasilia-1702-851941-242915-0,-1.0,-15.760638,-47.780703,,,,1,2023-06-15T21:23:42+00:00
BRA_229601,Brasília,5300108,,Pioneira,784.3,https://moovitapp.com/index/pt-br/transporte_p%C3%BAblico-line-784_3-Brasilia-1702-851941-46904557-0,-1.0,-15.74693,-47.782534,,,,1,2023-06-13T16:18:12+00:00
BRA_229644,Brasília,5300108,,Pioneira,0.762,https://moovitapp.com/index/pt-br/transporte_p%C3%BAblico-line-0_762-Brasilia-1702-851941-576189-0,-1.0,-15.777276,-47.810413,,,,2,2023-06-15T21:24:24+00:00
BRA_229474,Brasília,5300108,,Pioneira,147.2,https://moovitapp.com/index/pt-br/transporte_p%C3%BAblico-line-147_2-Brasilia-1702-851941-519403-0,-1.0,-15.836007,-47.933615,,,,2,2023-06-15T21:23:16+00:00
BRA_226491,Brasília,5300108,,Pioneira,101.8,https://moovitapp.com/index/pt-br/transporte_p%C3%BAblico-line-101_8-Brasilia-1702-851941-663231-0,-1.0,-15.736475,-47.763963,,,,1,2023-06-15T21:23:50+00:00
BRA_229423,Brasília,5300108,,Pioneira,0.255,https://moovitapp.com/index/pt-br/transporte_p%C3%BAblico-line-0_255-Brasilia-1702-851941-706978-0,-1.0,-15.795221,-48.110588,,,,2,2023-06-15T21:24:58+00:00
BRA_225657,Brasília,5300108,,,2201,,,-15.822819,-47.908909,,,,2,2023-06-15T21:24:02+00:00
BRA_232360,Brasília,5300108,,Pioneira,251.8,https://moovitapp.com/index/pt-br/transporte_p%C3%BAblico-line-251_8-Brasilia-1702-851941-708654-0,-1.0,-16.047007,-48.034065,,,,1,2023-06-15T21:25:08+00:00
BRA_229890,Brasília,5300108,,Pioneira,180.1,https://moovitapp.com/index/pt-br/transporte_p%C3%BAblico-line-180_1-Brasilia-1702-851941-339336-0,-1.0,-15.803672,-47.852324,,,,2,2023-06-15T21:23:48+00:00
BRA_228257,Brasília,5300108,,Pioneira,0.225,https://moovitapp.com/index/pt-br/transporte_p%C3%BAblico-line-0_225-Brasilia-1702-851941-510253-0,-1.0,-15.974827,-48.030104,,,,1,2023-06-15T21:24:34+00:00
BRA_229113,Brasília,5300108,,Pioneira,0.255,https://moovitapp.com/index/pt-br/transporte_p%C3%BAblico-line-0_255-Brasilia-1702-851941-706978-0,-1.0,-15.845013,-48.044498,,,,2,2023-06-15T21:24:34+00:00
BRA_225738,Brasília,5300108,,Pioneira,0.761,https://moovitapp.com/index/pt-br/transporte_p%C3%BAblico-line-0_761-Brasilia-1702-851941-605389-0,-1.0,-15.77669,-47.780869,,,,1,2023-06-15T21:24:18+00:00
BRA_228371,Brasília,5300108,,Pioneira,0.253,https://moovitapp.com/index/pt-br/transporte_p%C3%BAblico-line-0_253-Brasilia-1702-851941-510254-0,-1.0,-16.003964,-47.988324,,,,1,2023-06-15T21:23:50+00:00
BRA_229717,Brasília,5300108,,Urbi,0.129,https://moovitapp.com/index/pt-br/transporte_p%C3%BAblico-line-0_129-Brasilia-1702-851595-775097-0,-1.0,-15.792621,-47.779438,,,,1,2023-06-15T21:23:42+00:00
BRA_232351,Brasília,5300108,,,3301,,,-16.041552,-48.02512,,,,1,2023-06-15T21:23:24+00:00
BRA_227803,Brasília,5300108,,Pioneira,147.4,https://moovitapp.com/index/pt-br/transporte_p%C3%BAblico-line-147_4-Brasilia-1702-851941-574204-0,-1.0,-15.737173,-47.885277,,,,1,2023-06-15T21:24:02+00:00
BRA_230090,Brasília,5300108,,Taguatur,3302,https://moovitapp.com/index/pt-br/transporte_p%C3%BAblico-line-3302-Brasilia-1702-854428-3135322-0,-1.0,-16.00666,-48.00131,,,,1,2023-06-15T21:24:14+00:00
BRA_226998,Brasília,5300108,,Pioneira,100.3,https://moovitapp.com/index/pt-br/transporte_p%C3%BAblico-line-100_3-Brasilia-1702-851941-419631-0,-1.0,-15.825299,-47.806217,,,,2,2023-06-15T21:24:00+00:00
BRA_225975,Brasília,5300108,,,2202,,,-15.937608,-47.985076,,,,2,2023-06-15T21:24:26+00:00
BRA_227536,Brasília,5300108,,Pioneira,0.197,https://moovitapp.com/index/pt-br/transporte_p%C3%BAblico-line-0_197-Brasilia-1702-851941-519402-0,-1.0,-15.845733,-47.81782,,,,2,2023-06-15T21:24:30+00:00
BRA_229903,Brasília,5300108,,Pioneira,160.3,https://moovitapp.com/index/pt-br/transporte_p%C3%BAblico-line-160_3-Brasilia-1702-851941-242910-0,-1.0,-15.799948,-47.884361,,,,1,2023-06-15T21:24:04+00:00
BRA_226394,Brasília,5300108,,,2202,,,-15.836921,-47.928612,,,,2,2023-06-15T21:24:10+00:00
BRA_229687,Brasília,5300108,,Pioneira,0.170,https://moovitapp.com/index/pt-br/transporte_p%C3%BAblico-line-0_170-Brasilia-1702-851941-546850-0,-1.0,-16.048377,-47.813694,,,,1,2023-06-15T21:24:28+00:00
BRA_227102,Brasília,5300108,,Pioneira,180.6,https://moovitapp.com/index/pt-br/transporte_p%C3%BAblico-line-180_6-Brasilia-1702-851941-58708319-0,-1.0,-15.736057,-47.90683,,,,2,2023-06-15T21:18:16+00:00
BRA_229822,Brasília,5300108,,Pioneira,170.4,https://moovitapp.com/index/pt-br/transporte_p%C3%BAblico-line-170_4-Brasilia-1702-851941-379787-0,-1.0,-16.012353,-47.800934,,,,1,2023-06-15T21:23:50+00:00
BRA_227846,Brasília,5300108,,Pioneira,2306,https://moovitapp.com/index/pt-br/transporte_p%C3%BAblico-line-2306-Brasilia-1702-851941-18556641-0,-1.0,-15.767719,-47.889594,,,,1,2023-06-15T21:24:32+00:00
BRA_226513,Brasília,5300108,,Pioneira,760.2,https://moovitapp.com/index/pt-br/transporte_p%C3%BAblico-line-760_2-Brasilia-1702-851941-12987664-0,-1.0,-15.751758,-47.779476,,,,2,2023-06-15T21:25:10+00:00
BRA_228524,Brasília,5300108,,Pioneira,0.255,https://moovitapp.com/index/pt-br/transporte_p%C3%BAblico-line-0_255-Brasilia-1702-851941-706978-0,-1.0,-15.821506,-48.061207,,,,2,2023-06-15T21:24:24+00:00
BRA_229181,Brasília,5300108,,Pioneira,0.255,https://moovitapp.com/index/pt-br/transporte_p%C3%BAblico-line-0_255-Brasilia-1702-851941-706978-0,-1.0,-15.831935,-48.061169,,,,1,2023-06-15T21:23:52+00:00
BRA_227692,Brasília,5300108,,Pioneira,180.7,https://moovitapp.com/index/pt-br/transporte_p%C3%BAblico-line-180_7-Brasilia-1702-851941-66561183-0,-1.0,-15.815247,-47.788498,,,,1,2023-06-15T21:23:34+00:00
BRA_227986,Brasília,5300108,,Pioneira,147.7,https://moovitapp.com/index/pt-br/transporte_p%C3%BAblico-line-147_7-Brasilia-1702-851941-574205-0,-1.0,-15.794613,-47.88227,,,,2,2023-06-15T21:10:32+00:00
BRA_231452,Brasília,5300108,,Pioneira,784.3,https://moovitapp.com/index/pt-br/transporte_p%C3%BAblico-line-784_3-Brasilia-1702-851941-46904557-0,-1.0,-15.772301,-47.779692,,,,1,2023-06-15T21:24:28+00:00
BRA_229695,Brasília,5300108,,Pioneira,0.765,https://moovitapp.com/index/pt-br/transporte_p%C3%BAblico-line-0_765-Brasilia-1702-851941-576190-0,-1.0,-15.859219,-47.867634,,,,2,2023-06-15T21:24:18+00:00
BRA_229911,Brasília,5300108,,Pioneira,205.1,https://moovitapp.com/index/pt-br/transporte_p%C3%BAblico-line-205_1-Brasilia-1702-851941-393571-0,-1.0,-15.891169,-48.057398,,,,1,2023-06-15T21:24:22+00:00
BRA_227005,Brasília,5300108,,Pioneira,170.4,https://moovitapp.com/index/pt-br/transporte_p%C3%BAblico-line-170_4-Brasilia-1702-851941-379787-0,-1.0,-15.903363,-47.768312,,,,1,2023-06-15T21:24:48+00:00
BRA_226777,Brasília,5300108,,Pioneira,0.760,https://moovitapp.com/index/pt-br/transporte_p%C3%BAblico-line-0_760-Brasilia-1702-851941-775122-0,-1.0,-15.769774,-47.779489,,,,2,2023-06-15T21:23:56+00:00
BRA_229962,Brasília,5300108,,,3204,,,-16.025361,-48.069275,,,,1,2023-06-15T21:24:12+00:00
BRA_227951,Brasília,5300108,,Pioneira,170.4,https://moovitapp.com/index/pt-br/transporte_p%C3%BAblico-line-170_4-Brasilia-1702-851941-379787-0,-1.0,-15.903953,-47.774879,,,,1,2023-06-15T21:23:30+00:00
BRA_223859,Brasília,5300108,,Pioneira,2205,https://moovitapp.com/index/pt-br/transporte_p%C3%BAblico-line-2205-Brasilia-1702-851941-393568-0,-1.0,-15.791588,-47.889676,,,,2,2023-06-15T21:23:36+00:00
BRA_225746,Brasília,5300108,,Pioneira,0.771,https://moovitapp.com/index/pt-br/transporte_p%C3%BAblico-line-0_771-Brasilia-1702-851941-242885-0,-1.0,-15.80289,-47.880922,,,,2,2023-06-15T21:23:42+00:00
BRA_227579,Brasília,5300108,,Pioneira,181.5,https://moovitapp.com/index/pt-br/transporte_p%C3%BAblico-line-181_5-Brasilia-1702-851941-756866-0,-1.0,-15.863884,-47.821095,,,,1,2023-06-15T21:24:00+00:00
BRA_228176,Brasília,5300108,,Pioneira,205.1,https://moovitapp.com/index/pt-br/transporte_p%C3%BAblico-line-205_1-Brasilia-1702-851941-393571-0,-1.0,-15.864526,-48.034046,,,,2,2023-06-15T21:24:02+00:00
BRA_232017,Brasília,5300108,,Pioneira,197.6,https://moovitapp.com/index/pt-br/transporte_p%C3%BAblico-line-197_6-Brasilia-1702-851941-58708337-0,-1.0,-15.794374,-47.881901,,,,2,2023-06-15T21:04:12+00:00
BRA_229288,Brasília,5300108,,UTB,2303,https://moovitapp.com/index/pt-br/transporte_p%C3%BAblico-line-2303-Brasilia-1702-854427-744299-0,-1.0,-15.808821,-47.90168,,,,2,2023-06-15T21:24:46+00:00
BRA_229857,Brasília,5300108,,Pioneira,147.3,https://moovitapp.com/index/pt-br/transporte_p%C3%BAblico-line-147_3-Brasilia-1702-851941-574203-0,-1.0,-15.794605,-47.882136,,,,1,2023-06-15T21:23:44+00:00
BRA_231762,Brasília,5300108,,Pioneira,0.780,https://moovitapp.com/index/pt-br/transporte_p%C3%BAblico-line-0_780-Brasilia-1702-851941-514537-0,-1.0,-15.817264,-47.805836,,,,2,2023-06-15T21:24:46+00:00
BRA_228958,Brasília,5300108,,Pioneira,183.6,https://moovitapp.com/index/pt-br/transporte_p%C3%BAblico-line-183_6-Brasilia-1702-851941-242921-0,-1.0,-15.864919,-47.820853,,,,1,2023-06-15T21:23:30+00:00
BRA_231771,Brasília,5300108,,Pioneira,101.1,https://moovitapp.com/index/pt-br/transporte_p%C3%BAblico-line-101_1-Brasilia-1702-851941-73123121-0,-1.0,-15.760121,-47.891978,,,,2,2023-06-15T21:23:36+00:00
BRA_232530,Brasília,5300108,,Pioneira,2309,https://moovitapp.com/index/pt-br/transporte_p%C3%BAblico-line-2309-Brasilia-1702-851941-57764376-0,-1.0,-15.804358,-47.956446,,,,2,2023-06-15T21:23:32+00:00
BRA_227749,Brasília,5300108,,Pioneira,170.5,https://moovitapp.com/index/pt-br/transporte_p%C3%BAblico-line-170_5-Brasilia-1702-851941-82385785-0,-1.0,-15.870504,-47.822194,,,,1,2023-06-15T21:24:20+00:00
BRA_226971,Brasília,5300108,,Urbi,0.129,https://moovitapp.com/index/pt-br/transporte_p%C3%BAblico-line-0_129-Brasilia-1702-851595-775097-0,-1.0,-15.870665,-47.927963,,,,1,2023-06-15T21:24:18+00:00
BRA_226297,Brasília,5300108,,,2202,,,-15.89637,-47.962251,,,,2,2023-06-15T21:24:04+00:00
BRA_226718,Brasília,5300108,,Pioneira,0.763,https://moovitapp.com/index/pt-br/transporte_p%C3%BAblico-line-0_763-Brasilia-1702-851941-468878-0,-1.0,-15.840413,-47.898069,,,,2,2023-06-15T21:24:08+00:00
BRA_232653,Brasília,5300108,,,2202,,,-15.940704,-47.987212,,,,2,2023-06-15T21:24:16+00:00
BRA_223832,Brasília,5300108,,Pioneira,2206,https://moovitapp.com/index/pt-br/transporte_p%C3%BAblico-line-2206-Brasilia-1702-851941-18556637-0,-1.0,-15.892925,-47.961723,,,,2,2023-06-15T21:24:10+00:00
BRA_230081,Brasília,5300108,,Pioneira,3307,https://moovitapp.com/index/pt-br/transporte_p%C3%BAblico-line-3307-Brasilia-1702-851941-519400-0,-1.0,-16.001802,-47.985514,,,,1,2023-06-15T21:24:42+00:00
BRA_229628,Brasília,5300108,,Pioneira,0.763,https://moovitapp.com/index/pt-br/transporte_p%C3%BAblico-line-0_763-Brasilia-1702-851941-468878-0,-1.0,-15.758767,-47.744871,,,,2,2023-06-15T21:24:18+00:00
BRA_225690,Brasília,5300108,,Pioneira,764.2,https://moovitapp.com/index/pt-br/transporte_p%C3%BAblico-line-764_2-Brasilia-1702-851941-527246-0,-1.0,-15.818992,-47.833047,,,,1,2023-06-15T21:26:14+00:00
BRA_225576,Brasília,5300108,,UTB,2302,https://moovitapp.com/index/pt-br/transporte_p%C3%BAblico-line-2302-Brasilia-1702-854427-744298-0,-1.0,-15.82657,-47.915216,,,,2,2023-06-15T21:25:06+00:00
BRA_228214,Brasília,5300108,,,3202,,,-16.00418,-48.049349,,,,1,2023-06-15T21:23:44+00:00
BRA_227200,Brasília,5300108,,Pioneira,2206,https://moovitapp.com/index/pt-br/transporte_p%C3%BAblico-line-2206-Brasilia-1702-851941-18556637-0,-1.0,-15.771583,-47.888913,,,,2,2023-06-15T21:24:14+00:00
BRA_226734,Brasília,5300108,,Pioneira,100.2,https://moovitapp.com/index/pt-br/transporte_p%C3%BAblico-line-100_2-Brasilia-1702-851941-620160-0,-1.0,-15.794857,-47.782674,,,,1,2023-06-15T21:23:10+00:00
BRA_227366,Brasília,5300108,,,2202,,,-15.836174,-47.927569,,,,2,2023-06-15T21:24:36+00:00
BRA_227323,Brasília,5300108,,Pioneira,0.182,https://moovitapp.com/index/pt-br/transporte_p%C3%BAblico-line-0_182-Brasilia-1702-851941-242839-0,-1.0,-15.803016,-47.964826,,,,2,2023-06-15T21:24:12+00:00
BRA_79448,Brasília,5300108,,Urbi,0.808,https://moovitapp.com/index/pt-br/transporte_p%C3%BAblico-line-0_808-Brasilia-1702-851595-372359-0,-1.0,-15.850921,-48.073427,,,,1,2023-06-15T21:23:34+00:00
BRA_77356,Brasília,5300108,,Urbi,0.808,https://moovitapp.com/index/pt-br/transporte_p%C3%BAblico-line-0_808-Brasilia-1702-851595-372359-0,-1.0,-15.901047,-48.054893,,,,1,2023-06-15T21:24:34+00:00
BRA_77704,Brasília,5300108,,Urbi,0.808,https://moovitapp.com/index/pt-br/transporte_p%C3%BAblico-line-0_808-Brasilia-1702-851595-372359-0,-1.0,-15.841956,-48.075531,,,,2,2023-06-15T21:22:58+00:00
BRA_77518,Brasília,5300108,,Urbi,818.1,https://moovitapp.com/index/pt-br/transporte_p%C3%BAblico-line-818_1-Brasilia-1702-851595-242639-0,-1.0,-15.794538,-47.945066,,,,2,2023-06-15T21:24:08+00:00
BRA_77666,Brasília,5300108,,Urbi,818.1,https://moovitapp.com/index/pt-br/transporte_p%C3%BAblico-line-818_1-Brasilia-1702-851595-242639-0,-1.0,-15.786134,-47.998319,,,,2,2023-06-15T21:23:36+00:00
BRA_77283,Brasília,5300108,,Urbi,0.873,https://moovitapp.com/index/pt-br/transporte_p%C3%BAblico-line-0_873-Brasilia-1702-851595-510238-0,-1.0,-15.91301,-48.096531,,,,1,2023-06-15T21:24:08+00:00
BRA_77071,Brasília,5300108,,Urbi,0.883,https://moovitapp.com/index/pt-br/transporte_p%C3%BAblico-line-0_883-Brasilia-1702-851595-510239-0,-1.0,-15.787897,-48.133311,,,,2,2023-06-15T21:24:16+00:00
BRA_78441,Brasília,5300108,,Urbi,0.397,https://moovitapp.com/index/pt-br/transporte_p%C3%BAblico-line-0_397-Brasilia-1702-851595-890857-0,-1.0,-15.886792,-48.130361,,,,2,2023-06-15T21:24:20+00:00
BRA_78719,Brasília,5300108,,Urbi,397.2,https://moovitapp.com/index/pt-br/transporte_p%C3%BAblico-line-397_2-Brasilia-1702-851595-890938-0,-1.0,-15.787614,-48.13003,,,,1,2023-06-15T21:23:44+00:00
BRA_710369,Brasília,5300108,,São José,0.310,https://moovitapp.com/index/pt-br/transporte_p%C3%BAblico-line-0_310-Brasilia-1702-851943-775131-0,-1.0,-15.836951,-48.092093,,,,2,2023-06-15T21:23:50+00:00
BRA_710415,Brasília,5300108,,São José,0.310,https://moovitapp.com/index/pt-br/transporte_p%C3%BAblico-line-0_310-Brasilia-1702-851943-775131-0,-1.0,-15.787665,-48.134595,,,,1,2023-06-13T02:43:20+00:00
BRA_710342,Brasília,5300108,,São José,0.311,https://moovitapp.com/index/pt-br/transporte_p%C3%BAblico-line-0_311-Brasilia-1702-851943-706986-0,-1.0,-15.809937,-47.950438,,,,1,2023-06-15T19:21:22+00:00
BRA_710407,Brasília,5300108,,São José,0.323,https://moovitapp.com/index/pt-br/transporte_p%C3%BAblico-line-0_323-Brasilia-1702-851943-775132-0,-1.0,-15.797003,-47.891622,,,,1,2023-06-15T21:23:06+00:00
BRA_78646,Brasília,5300108,,São José,0.331,https://moovitapp.com/index/pt-br/transporte_p%C3%BAblico-line-0_331-Brasilia-1702-851943-775133-0,-1.0,-15.779082,-47.926545,,,,2,2023-06-15T21:24:18+00:00
BRA_77445,Brasília,5300108,,Urbi,872.1,https://moovitapp.com/index/pt-br/transporte_p%C3%BAblico-line-872_1-Brasilia-1702-851595-470760-0,-1.0,-15.827667,-48.059141,,,,1,2023-06-15T21:24:14+00:00
BRA_75973,Brasília,5300108,,São José,0.333,https://moovitapp.com/index/pt-br/transporte_p%C3%BAblico-line-0_333-Brasilia-1702-851943-527247-0,-1.0,-15.82545,-48.118459,,,,1,2023-06-15T21:23:18+00:00
BRA_710555,Brasília,5300108,,São José,0.334,https://moovitapp.com/index/pt-br/transporte_p%C3%BAblico-line-0_334-Brasilia-1702-851943-706993-0,-1.0,-15.835996,-48.086644,,,,1,2023-06-15T21:24:20+00:00
BRA_710351,Brasília,5300108,,São José,0.334,https://moovitapp.com/index/pt-br/transporte_p%C3%BAblico-line-0_334-Brasilia-1702-851943-706993-0,-1.0,-15.793988,-47.883039,,,,2,2023-06-15T20:59:46+00:00
BRA_710393,Brasília,5300108,,São José,0.335,https://moovitapp.com/index/pt-br/transporte_p%C3%BAblico-line-0_335-Brasilia-1702-851943-775135-0,-1.0,-15.832297,-48.051053,,,,1,2023-06-15T21:24:34+00:00
BRA_77062,Brasília,5300108,,Urbi,0.812,https://moovitapp.com/index/pt-br/transporte_p%C3%BAblico-line-0_812-Brasilia-1702-851595-697958-0,-1.0,-15.856439,-48.070604,,,,1,2023-06-15T18:26:36+00:00
BRA_76783,Brasília,5300108,,Urbi,0.346,https://moovitapp.com/index/pt-br/transporte_p%C3%BAblico-line-0_346-Brasilia-1702-851595-46461186-0,-1.0,-15.799127,-48.14836,,,,1,2023-06-13T01:50:28+00:00
BRA_75841,Brasília,5300108,,São José,0.353,https://moovitapp.com/index/pt-br/transporte_p%C3%BAblico-line-0_353-Brasilia-1702-851943-706998-0,-1.0,-15.80452,-48.138156,,,,1,2023-06-15T21:24:14+00:00
BRA_710571,Brasília,5300108,,São José,0.374,https://moovitapp.com/index/pt-br/transporte_p%C3%BAblico-line-0_374-Brasilia-1702-851943-775138-0,-1.0,-15.741626,-47.898196,,,,1,2023-06-15T21:23:30+00:00
BRA_710539,Brasília,5300108,,São José,0.375,https://moovitapp.com/index/pt-br/transporte_p%C3%BAblico-line-0_375-Brasilia-1702-851943-39496914-0,-1.0,-15.802393,-48.123234,,,,1,2023-06-15T21:24:06+00:00
BRA_78140,Brasília,5300108,,São José,0.343,https://moovitapp.com/index/pt-br/transporte_p%C3%BAblico-line-0_343-Brasilia-1702-851943-706996-0,-1.0,-15.818976,-48.128492,,,,1,2023-06-15T21:24:24+00:00
BRA_78549,Brasília,5300108,,São José,0.362,https://moovitapp.com/index/pt-br/transporte_p%C3%BAblico-line-0_362-Brasilia-1702-851943-707001-0,-1.0,-15.857881,-48.037231,,,,1,2023-06-15T21:24:14+00:00
BRA_78590,Brasília,5300108,,São José,0.362,https://moovitapp.com/index/pt-br/transporte_p%C3%BAblico-line-0_362-Brasilia-1702-851943-707001-0,-1.0,-15.843485,-48.045325,,,,1,2023-06-15T21:24:06+00:00
BRA_77852,Brasília,5300108,,São José,0.364,https://moovitapp.com/index/pt-br/transporte_p%C3%BAblico-line-0_364-Brasilia-1702-851943-707002-0,-1.0,-15.835883,-48.088666,,,,1,2023-06-15T21:23:52+00:00
BRA_710016,Brasília,5300108,,São José,0.379,https://moovitapp.com/index/pt-br/transporte_p%C3%BAblico-line-0_379-Brasilia-1702-851943-707007-0,-1.0,-15.818512,-48.106926,,,,2,2023-06-15T21:24:18+00:00
BRA_78921,Brasília,5300108,,São José,0.929,https://moovitapp.com/index/pt-br/transporte_p%C3%BAblico-line-0_929-Brasilia-1702-851943-5294667-0,-1.0,-15.812408,-48.095297,,,,1,2023-06-15T21:23:20+00:00
BRA_78522,Brasília,5300108,,São José,0.929,https://moovitapp.com/index/pt-br/transporte_p%C3%BAblico-line-0_929-Brasilia-1702-851943-5294667-0,-1.0,-15.818591,-48.106449,,,,1,2023-06-15T21:23:56+00:00
BRA_78042,Brasília,5300108,,São José,0.949,https://moovitapp.com/index/pt-br/transporte_p%C3%BAblico-line-0_949-Brasilia-1702-851943-707026-0,-1.0,-15.788544,-48.134608,,,,1,2023-06-15T21:24:26+00:00
BRA_75680,Brasília,5300108,,São José,0.913,https://moovitapp.com/index/pt-br/transporte_p%C3%BAblico-line-0_913-Brasilia-1702-851943-466301-0,-1.0,-15.790393,-47.935961,,,,1,2023-06-15T21:24:06+00:00
BRA_78875,Brasília,5300108,,São José,0.918,https://moovitapp.com/index/pt-br/transporte_p%C3%BAblico-line-0_918-Brasilia-1702-851943-425286-0,-1.0,-15.802169,-47.970516,,,,1,2023-06-15T21:23:34+00:00
BRA_79081,Brasília,5300108,,São José,0.926,https://moovitapp.com/index/pt-br/transporte_p%C3%BAblico-line-0_926-Brasilia-1702-851943-775154-0,-1.0,-15.787191,-48.128752,,,,1,2023-06-15T21:24:14+00:00
BRA_79049,Brasília,5300108,,São José,0.926,https://moovitapp.com/index/pt-br/transporte_p%C3%BAblico-line-0_926-Brasilia-1702-851943-775154-0,-1.0,-15.823515,-48.114581,,,,1,2023-06-15T11:23:02+00:00
BRA_79880,Brasília,5300108,,São José,0.927,https://moovitapp.com/index/pt-br/transporte_p%C3%BAblico-line-0_927-Brasilia-1702-851943-775155-0,-1.0,-15.820208,-48.110264,,,,1,2023-06-15T21:23:16+00:00
BRA_79529,Brasília,5300108,,São José,364.1,https://moovitapp.com/index/pt-br/transporte_p%C3%BAblico-line-364_1-Brasilia-1702-851943-789941-0,-1.0,-15.829434,-48.132548,,,,1,2023-06-15T21:24:10+00:00
BRA_77798,Brasília,5300108,,São José,364.2,https://moovitapp.com/index/pt-br/transporte_p%C3%BAblico-line-364_2-Brasilia-1702-851943-707050-0,-1.0,-15.794051,-48.111853,,,,1,2023-06-15T14:36:06+00:00
BRA_78514,Brasília,5300108,,São José,949.1,https://moovitapp.com/index/pt-br/transporte_p%C3%BAblico-line-949_1-Brasilia-1702-851943-707069-0,-1.0,-15.842962,-48.045675,,,,1,2023-06-15T21:24:14+00:00
BRA_78221,Brasília,5300108,,São José,949.1,https://moovitapp.com/index/pt-br/transporte_p%C3%BAblico-line-949_1-Brasilia-1702-851943-707069-0,-1.0,-15.804399,-48.070833,,,,1,2023-06-15T21:24:50+00:00
BRA_78051,Brasília,5300108,,São José,949.1,https://moovitapp.com/index/pt-br/transporte_p%C3%BAblico-line-949_1-Brasilia-1702-851943-707069-0,-1.0,-15.787929,-48.134424,,,,1,2023-06-15T19:15:06+00:00
BRA_78603,Brasília,5300108,,São José,949.1,https://moovitapp.com/index/pt-br/transporte_p%C3%BAblico-line-949_1-Brasilia-1702-851943-707069-0,-1.0,-15.821589,-48.061239,,,,1,2023-06-15T21:23:36+00:00
BRA_74951,Brasília,5300108,,São José,332.1,https://moovitapp.com/index/pt-br/transporte_p%C3%BAblico-line-332_1-Brasilia-1702-851943-2068455-0,-1.0,-15.804238,-48.138276,,,,1,2023-06-15T11:33:52+00:00
BRA_76163,Brasília,5300108,,São José,332.1,https://moovitapp.com/index/pt-br/transporte_p%C3%BAblico-line-332_1-Brasilia-1702-851943-2068455-0,-1.0,-15.834686,-48.036488,,,,1,2023-06-15T21:24:08+00:00
BRA_78417,Brasília,5300108,,São José,338.1,https://moovitapp.com/index/pt-br/transporte_p%C3%BAblico-line-338_1-Brasilia-1702-851943-707044-0,-1.0,-15.794713,-47.875969,,,,2,2023-06-15T21:23:46+00:00
BRA_710130,Brasília,5300108,,São José,348.1,https://moovitapp.com/index/pt-br/transporte_p%C3%BAblico-line-348_1-Brasilia-1702-851943-707046-0,-1.0,-15.76417,-47.87382,,,,1,2023-06-15T21:23:54+00:00
BRA_711217,Brasília,5300108,,São José,0.159,https://moovitapp.com/index/pt-br/transporte_p%C3%BAblico-line-0_159-Brasilia-1702-851943-375523-0,-1.0,-15.811402,-48.000966,,,,2,2023-06-15T21:23:20+00:00
BRA_711209,Brasília,5300108,,São José,0.159,https://moovitapp.com/index/pt-br/transporte_p%C3%BAblico-line-0_159-Brasilia-1702-851943-375523-0,-1.0,-15.827233,-48.031535,,,,1,2023-06-15T21:23:50+00:00
BRA_711179,Brasília,5300108,,São José,0.159,https://moovitapp.com/index/pt-br/transporte_p%C3%BAblico-line-0_159-Brasilia-1702-851943-375523-0,-1.0,-15.816633,-48.103467,,,,2,2023-06-15T21:23:34+00:00
BRA_76091,Brasília,5300108,,São José,0.159,https://moovitapp.com/index/pt-br/transporte_p%C3%BAblico-line-0_159-Brasilia-1702-851943-375523-0,-1.0,-15.830971,-48.039832,,,,2,2023-06-15T21:23:38+00:00
BRA_711225,Brasília,5300108,,São José,0.159,https://moovitapp.com/index/pt-br/transporte_p%C3%BAblico-line-0_159-Brasilia-1702-851943-375523-0,-1.0,-15.784693,-47.996234,,,,2,2023-06-15T21:24:30+00:00
BRA_77691,Brasília,5300108,,Urbi,0.393,https://moovitapp.com/index/pt-br/transporte_p%C3%BAblico-line-0_393-Brasilia-1702-851595-588805-0,-1.0,-15.835331,-48.060164,,,,1,2023-06-15T21:14:34+00:00
BRA_76988,Brasília,5300108,,Urbi,0.393,https://moovitapp.com/index/pt-br/transporte_p%C3%BAblico-line-0_393-Brasilia-1702-851595-588805-0,-1.0,-15.92288,-48.1091,,,,1,2023-06-15T21:00:50+00:00
BRA_77399,Brasília,5300108,,Urbi,0.372,https://moovitapp.com/index/pt-br/transporte_p%C3%BAblico-line-0_372-Brasilia-1702-851595-519381-0,-1.0,-15.829137,-48.058638,,,,2,2023-06-15T21:24:12+00:00
BRA_77682,Brasília,5300108,,Urbi,398.1,https://moovitapp.com/index/pt-br/transporte_p%C3%BAblico-line-398_1-Brasilia-1702-851595-510241-0,-1.0,-15.882808,-48.085977,,,,1,2023-06-15T21:23:46+00:00
BRA_77623,Brasília,5300108,,Urbi,398.3,https://moovitapp.com/index/pt-br/transporte_p%C3%BAblico-line-398_3-Brasilia-1702-851595-706973-0,-1.0,-15.820982,-48.111726,,,,2,2023-06-15T21:24:12+00:00
BRA_711004,Brasília,5300108,,São José,0.406,https://moovitapp.com/index/pt-br/transporte_p%C3%BAblico-line-0_406-Brasilia-1702-851943-717430-0,-1.0,-15.657479,-48.197703,,,,1,2023-06-15T21:23:12+00:00
BRA_500135,Brasília,5300108,,São José,0.401,https://moovitapp.com/index/pt-br/transporte_p%C3%BAblico-line-0_401-Brasilia-1702-851943-788976-0,-1.0,-15.668855,-48.200303,,,,2,2023-06-15T21:23:50+00:00
BRA_500143,Brasília,5300108,,São José,401.1,https://moovitapp.com/index/pt-br/transporte_p%C3%BAblico-line-401_1-Brasilia-1702-851943-773708-0,-1.0,-15.786948,-48.051371,,,,1,2023-06-15T07:08:18+00:00
BRA_500020,Brasília,5300108,,São José,0.402,https://moovitapp.com/index/pt-br/transporte_p%C3%BAblico-line-0_402-Brasilia-1702-851943-781335-0,-1.0,-15.8145,-48.09936,,,,1,2023-06-15T21:22:44+00:00
BRA_500321,Brasília,5300108,,São José,0.423,https://moovitapp.com/index/pt-br/transporte_p%C3%BAblico-line-0_423-Brasilia-1702-851943-783027-0,-1.0,-15.812459,-47.998453,,,,2,2023-06-15T20:54:04+00:00
BRA_78182,Brasília,5300108,,São José,0.360,https://moovitapp.com/index/pt-br/transporte_p%C3%BAblico-line-0_360-Brasilia-1702-851943-707000-0,-1.0,-15.841134,-48.045179,,,,1,2023-06-15T21:23:28+00:00
BRA_75710,Brasília,5300108,,São José,364.3,https://moovitapp.com/index/pt-br/transporte_p%C3%BAblico-line-364_3-Brasilia-1702-851943-707051-0,-1.0,-15.818861,-48.128543,,,,1,2023-06-15T21:14:32+00:00
BRA_500054,Brasília,5300108,,São José,0.420,https://moovitapp.com/index/pt-br/transporte_p%C3%BAblico-line-0_420-Brasilia-1702-851943-783026-0,-1.0,-17.019824,-52.947024,,,,2,2023-06-15T21:21:04+00:00
BRA_711306,Brasília,5300108,,São José,158.6,https://moovitapp.com/index/pt-br/transporte_p%C3%BAblico-line-158_6-Brasilia-1702-851943-427161-0,-1.0,-15.786881,-47.983594,,,,1,2023-06-15T21:23:18+00:00
BRA_711250,Brasília,5300108,,São José,158.4,https://moovitapp.com/index/pt-br/transporte_p%C3%BAblico-line-158_4-Brasilia-1702-851943-432840-0,-1.0,-15.837369,-47.924428,,,,2,2023-06-15T21:24:16+00:00
BRA_500089,Brasília,5300108,,São José,411.2,https://moovitapp.com/index/pt-br/transporte_p%C3%BAblico-line-411_2-Brasilia-1702-851943-481334-0,-1.0,-15.687302,-48.205479,,,,2,2023-06-15T17:26:34+00:00
BRA_76198,Brasília,5300108,,São José,343.2,https://moovitapp.com/index/pt-br/transporte_p%C3%BAblico-line-343_2-Brasilia-1702-851943-468884-0,-1.0,-15.791869,-48.054315,,,,1,2023-06-15T21:23:44+00:00
BRA_77330,Brasília,5300108,,Urbi,0.038,https://moovitapp.com/index/pt-br/transporte_p%C3%BAblico-line-0_038-Brasilia-1702-851595-687419-0,-1.0,-15.821385,-47.950438,,,,1,2023-06-15T10:54:32+00:00
BRA_77372,Brasília,5300108,,Urbi,0.038,https://moovitapp.com/index/pt-br/transporte_p%C3%BAblico-line-0_038-Brasilia-1702-851595-687419-0,-1.0,-15.858431,-48.037314,,,,1,2023-06-15T21:24:02+00:00
BRA_76431,Brasília,5300108,,São José,0.039,https://moovitapp.com/index/pt-br/transporte_p%C3%BAblico-line-0_039-Brasilia-1702-851943-781333-0,-1.0,-15.868098,-48.010656,,,,1,2023-06-15T21:24:34+00:00
BRA_79782,Brasília,5300108,,São José,0.049,https://moovitapp.com/index/pt-br/transporte_p%C3%BAblico-line-0_049-Brasilia-1702-851943-775130-0,-1.0,-15.826766,-48.049502,,,,1,2023-06-15T21:24:14+00:00
BRA_77607,Brasília,5300108,,Urbi,0.053,https://moovitapp.com/index/pt-br/transporte_p%C3%BAblico-line-0_053-Brasilia-1702-851595-588803-0,-1.0,-15.868699,-48.056254,,,,1,2023-06-15T21:23:26+00:00
BRA_711292,Brasília,5300108,,São José,0.092,https://moovitapp.com/index/pt-br/transporte_p%C3%BAblico-line-0_092-Brasilia-1702-851943-496589-0,-1.0,-15.825473,-47.951296,,,,1,2023-06-15T21:24:16+00:00
BRA_79197,Brasília,5300108,,São José,406.1,https://moovitapp.com/index/pt-br/transporte_p%C3%BAblico-line-406_1-Brasilia-1702-851943-707061-0,-1.0,-15.681186,-48.190449,,,,1,2023-06-15T10:58:16+00:00
BRA_710962,Brasília,5300108,,São José,406.1,https://moovitapp.com/index/pt-br/transporte_p%C3%BAblico-line-406_1-Brasilia-1702-851943-707061-0,-1.0,-15.662907,-48.200335,,,,2,2023-06-15T21:24:06+00:00
BRA_76589,Brasília,5300108,,São José,384.1,https://moovitapp.com/index/pt-br/transporte_p%C3%BAblico-line-384_1-Brasilia-1702-851943-775168-0,-1.0,-15.861074,-47.955607,,,,2,2023-06-15T21:24:08+00:00
BRA_77909,Brasília,5300108,,São José,963.1,https://moovitapp.com/index/pt-br/transporte_p%C3%BAblico-line-963_1-Brasilia-1702-851943-669629-0,-1.0,-15.800935,-48.158202,,,,1,2023-06-15T21:23:42+00:00
BRA_79189,Brasília,5300108,,Urbi,0.886,https://moovitapp.com/index/pt-br/transporte_p%C3%BAblico-line-0_886-Brasilia-1702-851595-704024-0,-1.0,-15.817871,-48.105133,,,,1,2023-06-14T22:31:20+00:00
BRA_77721,Brasília,5300108,,Urbi,0.886,https://moovitapp.com/index/pt-br/transporte_p%C3%BAblico-line-0_886-Brasilia-1702-851595-704024-0,-1.0,-15.832235,-48.061035,,,,1,2023-06-15T21:23:42+00:00
BRA_77321,Brasília,5300108,,Urbi,0.878,https://moovitapp.com/index/pt-br/transporte_p%C3%BAblico-line-0_878-Brasilia-1702-851595-418743-0,-1.0,-15.817386,-47.94986,,,,2,2023-06-15T21:24:04+00:00
BRA_76406,Brasília,5300108,,São José,928.3,https://moovitapp.com/index/pt-br/transporte_p%C3%BAblico-line-928_3-Brasilia-1702-851943-707068-0,-1.0,-15.861341,-48.035337,,,,2,2023-06-15T20:48:52+00:00
BRA_78999,Brasília,5300108,,São José,0.558,https://moovitapp.com/index/pt-br/transporte_p%C3%BAblico-line-0_558-Brasilia-1702-851943-775149-0,-1.0,-15.833462,-48.05661,,,,1,2023-06-15T21:23:32+00:00
BRA_79936,Brasília,5300108,,São José,0.558,https://moovitapp.com/index/pt-br/transporte_p%C3%BAblico-line-0_558-Brasilia-1702-851943-775149-0,-1.0,-15.77731,-47.938161,,,,2,2023-06-15T20:22:42+00:00
BRA_79171,Brasília,5300108,,São José,0.552,https://moovitapp.com/index/pt-br/transporte_p%C3%BAblico-line-0_552-Brasilia-1702-851943-707013-0,-1.0,-15.788614,-48.135237,,,,1,2023-06-15T21:22:32+00:00
BRA_710270,Brasília,5300108,,São José,0.557,https://moovitapp.com/index/pt-br/transporte_p%C3%BAblico-line-0_557-Brasilia-1702-851943-775148-0,-1.0,-15.822598,-48.126851,,,,1,2023-06-15T21:23:26+00:00
BRA_79383,Brasília,5300108,,São José,157.5,https://moovitapp.com/index/pt-br/transporte_p%C3%BAblico-line-157_5-Brasilia-1702-851943-57327146-0,-1.0,-15.843759,-47.966142,,,,2,2023-06-15T21:17:20+00:00
BRA_711039,Brasília,5300108,,São José,423.1,https://moovitapp.com/index/pt-br/transporte_p%C3%BAblico-line-423_1-Brasilia-1702-851943-1399511-0,-1.0,-15.674896,-48.105127,,,,1,2023-06-15T09:58:54+00:00
BRA_76651,Brasília,5300108,,São José,928.2,https://moovitapp.com/index/pt-br/transporte_p%C3%BAblico-line-928_2-Brasilia-1702-851943-3945090-0,-1.0,-15.802428,-48.127118,,,,1,2023-06-15T21:23:56+00:00
BRA_79901,Brasília,5300108,,São José,929.1,https://moovitapp.com/index/pt-br/transporte_p%C3%BAblico-line-929_1-Brasilia-1702-851943-5294764-0,-1.0,-15.816992,-48.124779,,,,1,2023-06-15T21:23:34+00:00
BRA_118516,Brasília,5300108,,Piracicabana,624.1,https://moovitapp.com/index/pt-br/transporte_p%C3%BAblico-line-624_1-Brasilia-1702-850942-781324-0,-1.0,-15.77436,-47.90843,,,,1,2023-06-12T14:32:25+00:00
BRA_118036,Brasília,5300108,,Piracicabana,136.9,https://moovitapp.com/index/pt-br/transporte_p%C3%BAblico-line-136_9-Brasilia-1702-850942-773702-0,-1.0,-15.71441,-47.89216,,,,,2023-06-12T15:59:47+00:00
BRA_117188,Brasília,5300108,,Piracicabana,506.5,https://moovitapp.com/index/pt-br/transporte_p%C3%BAblico-line-506_5-Brasilia-1702-850942-139332760-0,-1.0,-15.65398,-47.77739,,,,1,2023-06-13T03:01:51+00:00
BRA_117714,Brasília,5300108,,Piracicabana,136.9,https://moovitapp.com/index/pt-br/transporte_p%C3%BAblico-line-136_9-Brasilia-1702-850942-773702-0,-1.0,-15.77349,-47.90688,,,,,2023-06-13T19:59:54+00:00
BRA_119954,Brasília,5300108,,Piracicabana,0.128,https://moovitapp.com/index/pt-br/transporte_p%C3%BAblico-line-0_128-Brasilia-1702-850942-382511-0,-1.0,-15.80656,-47.89925,,,,1,2023-06-13T22:09:14+00:00
BRA_115703,Brasília,5300108,,Piracicabana,600.6,https://moovitapp.com/index/pt-br/transporte_p%C3%BAblico-line-600_6-Brasilia-1702-850942-425243-0,-1.0,-15.73779,-47.89936,,,,1,2023-06-14T11:19:50+00:00
BRA_118630,Brasília,5300108,,Piracicabana,0.605,https://moovitapp.com/index/pt-br/transporte_p%C3%BAblico-line-0_605-Brasilia-1702-850942-242415-0,-1.0,-15.64374,-47.76155,,,,,2023-06-14T19:15:02+00:00
BRA_117421,Brasília,5300108,,Piracicabana,602.1,https://moovitapp.com/index/pt-br/transporte_p%C3%BAblico-line-602_1-Brasilia-1702-850942-242491-0,-1.0,-15.76232,-47.91958,,,,,2023-06-15T11:20:53+00:00
BRA_120235,Brasília,5300108,,Piracicabana,0.600,https://moovitapp.com/index/pt-br/transporte_p%C3%BAblico-line-0_600-Brasilia-1702-850942-242410-0,-1.0,-15.64367,-47.75837,,,,,2023-06-15T12:17:29+00:00
BRA_117463,Brasília,5300108,,Piracicabana,517.2,https://moovitapp.com/index/pt-br/transporte_p%C3%BAblico-line-517_2-Brasilia-1702-850942-242480-0,-1.0,-15.80798,-47.88992,,,,,2023-06-15T15:09:09+00:00
BRA_119199,Brasília,5300108,,Piracicabana,503.3,https://moovitapp.com/index/pt-br/transporte_p%C3%BAblico-line-503_3-Brasilia-1702-850942-542829-0,-1.0,-15.82777,-47.92766,,,,,2023-06-15T15:59:30+00:00
BRA_119202,Brasília,5300108,,Piracicabana,531.1,https://moovitapp.com/index/pt-br/transporte_p%C3%BAblico-line-531_1-Brasilia-1702-850942-476289-0,-1.0,-15.59041,-47.88058,,,,,2023-06-15T17:46:05+00:00
BRA_117757,Brasília,5300108,,Piracicabana,136.9,https://moovitapp.com/index/pt-br/transporte_p%C3%BAblico-line-136_9-Brasilia-1702-850942-773702-0,-1.0,-15.83692,-47.93344,,,,1,2023-06-15T18:26:38+00:00
BRA_119091,Brasília,5300108,,Piracicabana,063.2,https://moovitapp.com/index/pt-br/transporte_p%C3%BAblico-line-063_2-Brasilia-1702-850942-137934615-0,-1.0,-15.64699,-47.80612,,,,,2023-06-15T19:32:23+00:00
BRA_119598,Brasília,5300108,,Piracicabana,501.3,https://moovitapp.com/index/pt-br/transporte_p%C3%BAblico-line-501_3-Brasilia-1702-850942-242472-0,-1.0,-15.63811,-47.85079,,,,,2023-06-15T20:05:30+00:00
BRA_117641,Brasília,5300108,,Piracicabana,158.1,https://moovitapp.com/index/pt-br/transporte_p%C3%BAblico-line-158_1-Brasilia-1702-850942-775094-0,-1.0,-15.79451,-47.89059,,,,1,2023-06-15T20:26:11+00:00
BRA_119181,Brasília,5300108,,Piracicabana,062.9,https://moovitapp.com/index/pt-br/transporte_p%C3%BAblico-line-062_9-Brasilia-1702-850942-77230028-0,-1.0,-15.65143,-47.80737,,,,,2023-06-15T20:31:54+00:00
BRA_118338,Brasília,5300108,,Piracicabana,0.143,https://moovitapp.com/index/pt-br/transporte_p%C3%BAblico-line-0_143-Brasilia-1702-850942-470747-0,-1.0,-15.78397,-47.90985,,,,1,2023-06-15T20:35:51+00:00
BRA_117927,Brasília,5300108,,Piracicabana,105.2,https://moovitapp.com/index/pt-br/transporte_p%C3%BAblico-line-105_2-Brasilia-1702-850942-12015265-0,-1.0,-15.80715,-47.88114,,,,,2023-06-15T20:47:09+00:00
BRA_119873,Brasília,5300108,,Piracicabana,617.2,https://moovitapp.com/index/pt-br/transporte_p%C3%BAblico-line-617_2-Brasilia-1702-850942-242504-0,-1.0,-15.83662,-47.93293,,,,,2023-06-15T20:52:52+00:00
BRA_118281,Brasília,5300108,,Piracicabana,603.1,https://moovitapp.com/index/pt-br/transporte_p%C3%BAblico-line-603_1-Brasilia-1702-850942-242492-0,-1.0,-15.67814,-47.82666,,,,,2023-06-15T20:59:32+00:00
BRA_116017,Brasília,5300108,,Piracicabana,506.3,https://moovitapp.com/index/pt-br/transporte_p%C3%BAblico-line-506_3-Brasilia-1702-850942-139332758-0,-1.0,-15.77783,-47.88007,,,,,2023-06-15T21:01:23+00:00
BRA_119253,Brasília,5300108,,Piracicabana,063.1,https://moovitapp.com/index/pt-br/transporte_p%C3%BAblico-line-063_1-Brasilia-1702-850942-339291-0,-1.0,-15.65515,-47.76026,,,,1,2023-06-15T21:03:01+00:00
BRA_119971,Brasília,5300108,,Piracicabana,0.624,https://moovitapp.com/index/pt-br/transporte_p%C3%BAblico-line-0_624-Brasilia-1702-850942-470749-0,-1.0,-15.69987,-47.88192,,,,,2023-06-15T21:03:14+00:00
BRA_118567,Brasília,5300108,,Piracicabana,158.1,https://moovitapp.com/index/pt-br/transporte_p%C3%BAblico-line-158_1-Brasilia-1702-850942-775094-0,-1.0,-15.79535,-47.96997,,,,,2023-06-15T21:03:20+00:00
BRA_119008,Brasília,5300108,,Piracicabana,158.1,https://moovitapp.com/index/pt-br/transporte_p%C3%BAblico-line-158_1-Brasilia-1702-850942-775094-0,-1.0,-15.79386,-47.96946,,,,,2023-06-15T21:04:24+00:00
BRA_119300,Brasília,5300108,,Piracicabana,506.4,https://moovitapp.com/index/pt-br/transporte_p%C3%BAblico-line-506_4-Brasilia-1702-850942-542830-0,-1.0,-15.60822,-47.8693,,,,,2023-06-15T21:05:06+00:00
BRA_116734,Brasília,5300108,,Piracicabana,0.025,https://moovitapp.com/index/pt-br/transporte_p%C3%BAblico-line-0_025-Brasilia-1702-850942-11857219-0,-1.0,-15.78699,-47.90786,,,,,2023-06-15T21:08:27+00:00
BRA_119237,Brasília,5300108,,Piracicabana,512.1,https://moovitapp.com/index/pt-br/transporte_p%C3%BAblico-line-512_1-Brasilia-1702-850942-474401-0,-1.0,-15.70767,-47.89265,,,,1,2023-06-15T21:12:24+00:00
BRA_119148,Brasília,5300108,,Piracicabana,512.1,https://moovitapp.com/index/pt-br/transporte_p%C3%BAblico-line-512_1-Brasilia-1702-850942-474401-0,-1.0,-15.65005,-47.78626,,,,1,2023-06-15T21:13:23+00:00
BRA_119288,Brasília,5300108,,Piracicabana,0.517,https://moovitapp.com/index/pt-br/transporte_p%C3%BAblico-line-0_517-Brasilia-1702-850942-242400-0,-1.0,-15.77019,-47.88896,,,,1,2023-06-15T21:14:55+00:00
BRA_117935,Brasília,5300108,,Piracicabana,0.640,https://moovitapp.com/index/pt-br/transporte_p%C3%BAblico-line-0_640-Brasilia-1702-850942-242423-0,-1.0,-15.6507,-47.77468,,,,,2023-06-15T21:14:57+00:00
BRA_117960,Brasília,5300108,,Piracicabana,116.2,https://moovitapp.com/index/pt-br/transporte_p%C3%BAblico-line-116_2-Brasilia-1702-850942-60842780-0,-1.0,-15.76613,-47.91399,,,,,2023-06-15T21:15:38+00:00
BRA_118460,Brasília,5300108,,Piracicabana,616.7,https://moovitapp.com/index/pt-br/transporte_p%C3%BAblico-line-616_7-Brasilia-1702-850942-108976856-0,-1.0,-15.76314,-47.73278,,,,,2023-06-15T21:16:19+00:00
BRA_116700,Brasília,5300108,,Piracicabana,601.2,https://moovitapp.com/index/pt-br/transporte_p%C3%BAblico-line-601_2-Brasilia-1702-850942-322378-0,-1.0,-15.61878,-47.65371,,,,1,2023-06-15T21:16:25+00:00
BRA_119865,Brasília,5300108,,Piracicabana,0.611,https://moovitapp.com/index/pt-br/transporte_p%C3%BAblico-line-0_611-Brasilia-1702-850942-25771159-0,-1.0,-15.58511,-47.49582,,,,,2023-06-15T21:16:57+00:00
BRA_119164,Brasília,5300108,,Piracicabana,501.5,https://moovitapp.com/index/pt-br/transporte_p%C3%BAblico-line-501_5-Brasilia-1702-850942-414578-0,-1.0,-15.71769,-47.89803,,,,,2023-06-15T21:17:05+00:00
BRA_116955,Brasília,5300108,,Piracicabana,601.1,https://moovitapp.com/index/pt-br/transporte_p%C3%BAblico-line-601_1-Brasilia-1702-850942-322377-0,-1.0,-15.61844,-47.65424,,,,1,2023-06-15T21:17:06+00:00
BRA_117323,Brasília,5300108,,Piracicabana,640.2,https://moovitapp.com/index/pt-br/transporte_p%C3%BAblico-line-640_2-Brasilia-1702-850942-697957-0,-1.0,-15.6184,-47.65441,,,,,2023-06-15T21:17:07+00:00
BRA_118176,Brasília,5300108,,Piracicabana,616.3,https://moovitapp.com/index/pt-br/transporte_p%C3%BAblico-line-616_3-Brasilia-1702-850942-242500-0,-1.0,-15.78892,-47.88192,,,,,2023-06-15T21:17:10+00:00
BRA_121011,Brasília,5300108,,Piracicabana,616.8,https://moovitapp.com/index/pt-br/transporte_p%C3%BAblico-line-616_8-Brasilia-1702-850942-128977718-0,-1.0,-15.64352,-47.68286,,,,,2023-06-15T21:17:14+00:00
BRA_120065,Brasília,5300108,,Piracicabana,067.3,https://moovitapp.com/index/pt-br/transporte_p%C3%BAblico-line-067_3-Brasilia-1702-850942-339294-0,-1.0,-15.61867,-47.65392,,,,,2023-06-15T21:17:16+00:00
BRA_115827,Brasília,5300108,,Piracicabana,643.2,https://moovitapp.com/index/pt-br/transporte_p%C3%BAblico-line-643_2-Brasilia-1702-850942-128977732-0,-1.0,-15.69197,-47.86647,,,,,2023-06-15T21:17:29+00:00
BRA_119504,Brasília,5300108,,Piracicabana,512.1,https://moovitapp.com/index/pt-br/transporte_p%C3%BAblico-line-512_1-Brasilia-1702-850942-474401-0,-1.0,-15.81782,-47.91336,,,,1,2023-06-15T21:18:33+00:00
BRA_118141,Brasília,5300108,,Piracicabana,601.5,https://moovitapp.com/index/pt-br/transporte_p%C3%BAblico-line-601_5-Brasilia-1702-850942-697953-0,-1.0,-15.61844,-47.65424,,,,1,2023-06-15T21:19:31+00:00
BRA_115959,Brasília,5300108,,Piracicabana,505.3,https://moovitapp.com/index/pt-br/transporte_p%C3%BAblico-line-505_3-Brasilia-1702-850942-352626-0,-1.0,-15.60923,-47.8709,,,,1,2023-06-15T21:19:46+00:00
BRA_115843,Brasília,5300108,,Piracicabana,600.3,https://moovitapp.com/index/pt-br/transporte_p%C3%BAblico-line-600_3-Brasilia-1702-850942-494156-0,-1.0,-15.73968,-47.8905,,,,1,2023-06-15T21:19:51+00:00
BRA_119083,Brasília,5300108,,Piracicabana,0.515,https://moovitapp.com/index/pt-br/transporte_p%C3%BAblico-line-0_515-Brasilia-1702-850942-26501707-0,-1.0,-15.65518,-47.90089,,,,,2023-06-15T21:20:14+00:00
BRA_117404,Brasília,5300108,,Piracicabana,600.7,https://moovitapp.com/index/pt-br/transporte_p%C3%BAblico-line-600_7-Brasilia-1702-850942-698442-0,-1.0,-15.6185,-47.65448,,,,1,2023-06-15T21:20:22+00:00
BRA_118320,Brasília,5300108,,Piracicabana,115.1,https://moovitapp.com/index/pt-br/transporte_p%C3%BAblico-line-115_1-Brasilia-1702-850942-242436-0,-1.0,-15.79391,-47.88176,,,,,2023-06-15T21:20:31+00:00
BRA_119105,Brasília,5300108,,Piracicabana,511.4,https://moovitapp.com/index/pt-br/transporte_p%C3%BAblico-line-511_4-Brasilia-1702-850942-770030-0,-1.0,-15.72402,-47.77385,,,,1,2023-06-15T21:20:35+00:00
BRA_120669,Brasília,5300108,,Piracicabana,064.1,https://moovitapp.com/index/pt-br/transporte_p%C3%BAblico-line-064_1-Brasilia-1702-850942-339292-0,-1.0,-15.61844,-47.65424,,,,1,2023-06-15T21:20:38+00:00
BRA_119270,Brasília,5300108,,Piracicabana,0.517,https://moovitapp.com/index/pt-br/transporte_p%C3%BAblico-line-0_517-Brasilia-1702-850942-242400-0,-1.0,-15.67992,-47.84869,,,,,2023-06-15T21:21:11+00:00
BRA_118346,Brasília,5300108,,Piracicabana,0.116,https://moovitapp.com/index/pt-br/transporte_p%C3%BAblico-line-0_116-Brasilia-1702-850942-242381-0,-1.0,-15.79333,-47.88168,,,,1,2023-06-15T21:21:16+00:00
BRA_118494,Brasília,5300108,,Piracicabana,0.640,https://moovitapp.com/index/pt-br/transporte_p%C3%BAblico-line-0_640-Brasilia-1702-850942-242423-0,-1.0,-15.62434,-47.64864,,,,,2023-06-15T21:21:21+00:00
BRA_119431,Brasília,5300108,,Piracicabana,515.4,https://moovitapp.com/index/pt-br/transporte_p%C3%BAblico-line-515_4-Brasilia-1702-850942-65518229-0,-1.0,-15.58077,-48.01841,,,,,2023-06-15T21:22:05+00:00
BRA_117781,Brasília,5300108,,Piracicabana,107.1,https://moovitapp.com/index/pt-br/transporte_p%C3%BAblico-line-107_1-Brasilia-1702-850942-242434-0,-1.0,-15.79454,-47.88312,,,,,2023-06-15T21:22:14+00:00
BRA_117811,Brasília,5300108,,Piracicabana,0.533,https://moovitapp.com/index/pt-br/transporte_p%C3%BAblico-line-0_533-Brasilia-1702-850942-242409-0,-1.0,-15.6497,-47.78651,,,,1,2023-06-15T21:22:20+00:00
BRA_115886,Brasília,5300108,,Piracicabana,0.600,https://moovitapp.com/index/pt-br/transporte_p%C3%BAblico-line-0_600-Brasilia-1702-850942-242410-0,-1.0,-15.825,-47.9106,,,,1,2023-06-15T21:22:29+00:00
BRA_121037,Brasília,5300108,,Piracicabana,0.116,https://moovitapp.com/index/pt-br/transporte_p%C3%BAblico-line-0_116-Brasilia-1702-850942-242381-0,-1.0,-15.79438,-47.8757,,,,,2023-06-15T21:22:36+00:00
BRA_118583,Brasília,5300108,,Piracicabana,640.2,https://moovitapp.com/index/pt-br/transporte_p%C3%BAblico-line-640_2-Brasilia-1702-850942-697957-0,-1.0,-15.68945,-47.862,,,,,2023-06-15T21:22:46+00:00
BRA_120995,Brasília,5300108,,Piracicabana,0.641,https://moovitapp.com/index/pt-br/transporte_p%C3%BAblico-line-0_641-Brasilia-1702-850942-242424-0,-1.0,-15.79659,-47.89119,,,,1,2023-06-15T21:22:51+00:00
BRA_119911,Brasília,5300108,,Piracicabana,104.1,https://moovitapp.com/index/pt-br/transporte_p%C3%BAblico-line-104_1-Brasilia-1702-850942-242430-0,-1.0,-15.7938,-47.88196,,,,1,2023-06-15T21:22:51+00:00
BRA_116050,Brasília,5300108,,Piracicabana,0.503,https://moovitapp.com/index/pt-br/transporte_p%C3%BAblico-line-0_503-Brasilia-1702-850942-556804-0,-1.0,-15.80727,-47.95127,,,,1,2023-06-15T21:22:53+00:00
BRA_119385,Brasília,5300108,,Piracicabana,604.3,https://moovitapp.com/index/pt-br/transporte_p%C3%BAblico-line-604_3-Brasilia-1702-850942-242495-0,-1.0,-15.82561,-47.95054,,,,1,2023-06-15T21:22:56+00:00
BRA_116092,Brasília,5300108,,Piracicabana,066.2,https://moovitapp.com/index/pt-br/transporte_p%C3%BAblico-line-066_2-Brasilia-1702-850942-339293-0,-1.0,-15.61845,-47.65392,,,,,2023-06-15T21:22:57+00:00
BRA_119547,Brasília,5300108,,Piracicabana,0.517,https://moovitapp.com/index/pt-br/transporte_p%C3%BAblico-line-0_517-Brasilia-1702-850942-242400-0,-1.0,-15.65699,-47.84626,,,,,2023-06-15T21:23:09+00:00
BRA_118397,Brasília,5300108,,Piracicabana,143.2,https://moovitapp.com/index/pt-br/transporte_p%C3%BAblico-line-143_2-Brasilia-1702-850942-556806-0,-1.0,-15.79179,-47.89682,,,,,2023-06-15T21:23:16+00:00
BRA_115720,Brasília,5300108,,Piracicabana,616.5,https://moovitapp.com/index/pt-br/transporte_p%C3%BAblico-line-616_5-Brasilia-1702-850942-504336-0,-1.0,-15.65094,-47.7752,,,,,2023-06-15T21:23:20+00:00
BRA_115771,Brasília,5300108,,Piracicabana,0.601,https://moovitapp.com/index/pt-br/transporte_p%C3%BAblico-line-0_601-Brasilia-1702-850942-242411-0,-1.0,-15.70057,-47.88322,,,,,2023-06-15T21:23:26+00:00
BRA_116076,Brasília,5300108,,Piracicabana,0.109,https://moovitapp.com/index/pt-br/transporte_p%C3%BAblico-line-0_109-Brasilia-1702-850942-139332631-0,-1.0,-15.78743,-47.8969,,,,,2023-06-15T21:23:28+00:00
BRA_117340,Brasília,5300108,,Piracicabana,504.4,https://moovitapp.com/index/pt-br/transporte_p%C3%BAblico-line-504_4-Brasilia-1702-850942-771759-0,-1.0,-15.64699,-47.80615,,,,,2023-06-15T21:23:28+00:00
BRA_118958,Brasília,5300108,,Piracicabana,162.1,https://moovitapp.com/index/pt-br/transporte_p%C3%BAblico-line-162_1-Brasilia-1702-850942-762425-0,-1.0,-15.81114,-47.94339,,,,,2023-06-15T21:23:32+00:00
BRA_119571,Brasília,5300108,,Piracicabana,0.521,https://moovitapp.com/index/pt-br/transporte_p%C3%BAblico-line-0_521-Brasilia-1702-850942-476285-0,-1.0,-15.76632,-47.86951,,,,,2023-06-15T21:23:33+00:00
BRA_121061,Brasília,5300108,,Piracicabana,642.1,https://moovitapp.com/index/pt-br/transporte_p%C3%BAblico-line-642_1-Brasilia-1702-850942-242510-0,-1.0,-15.65512,-47.78378,,,,,2023-06-15T21:23:35+00:00
BRA_115916,Brasília,5300108,,Piracicabana,0.517,https://moovitapp.com/index/pt-br/transporte_p%C3%BAblico-line-0_517-Brasilia-1702-850942-242400-0,-1.0,-15.78502,-47.88774,,,,,2023-06-15T21:23:35+00:00
BRA_117676,Brasília,5300108,,Piracicabana,501.5,https://moovitapp.com/index/pt-br/transporte_p%C3%BAblico-line-501_5-Brasilia-1702-850942-414578-0,-1.0,-15.6493,-47.82352,,,,1,2023-06-15T21:23:37+00:00
BRA_119679,Brasília,5300108,,Piracicabana,640.2,https://moovitapp.com/index/pt-br/transporte_p%C3%BAblico-line-640_2-Brasilia-1702-850942-697957-0,-1.0,-15.72575,-47.89598,,,,,2023-06-15T21:23:37+00:00
BRA_119563,Brasília,5300108,,Piracicabana,519.1,https://moovitapp.com/index/pt-br/transporte_p%C3%BAblico-line-519_1-Brasilia-1702-850942-242482-0,-1.0,-15.80429,-47.89673,,,,,2023-06-15T21:23:38+00:00
BRA_116866,Brasília,5300108,,Piracicabana,0.022,https://moovitapp.com/index/pt-br/transporte_p%C3%BAblico-line-0_022-Brasilia-1702-850942-788975-0,-1.0,-15.75233,-47.89457,,,,,2023-06-15T21:23:38+00:00
BRA_117501,Brasília,5300108,,Piracicabana,505.4,https://moovitapp.com/index/pt-br/transporte_p%C3%BAblico-line-505_4-Brasilia-1702-850942-105369941-0,-1.0,-15.64622,-47.81134,,,,,2023-06-15T21:23:39+00:00
BRA_118028,Brasília,5300108,,Piracicabana,116.1,https://moovitapp.com/index/pt-br/transporte_p%C3%BAblico-line-116_1-Brasilia-1702-850942-476288-0,-1.0,-15.74702,-47.89621,,,,,2023-06-15T21:23:39+00:00
BRA_118192,Brasília,5300108,,Piracicabana,0.620,https://moovitapp.com/index/pt-br/transporte_p%C3%BAblico-line-0_620-Brasilia-1702-850942-470748-0,-1.0,-15.74803,-47.88789,,,,,2023-06-15T21:23:39+00:00
BRA_120120,Brasília,5300108,,Piracicabana,605.1,https://moovitapp.com/index/pt-br/transporte_p%C3%BAblico-line-605_1-Brasilia-1702-850942-242496-0,-1.0,-15.66191,-47.79875,,,,,2023-06-15T21:23:39+00:00
BRA_120057,Brasília,5300108,,Piracicabana,158.1,https://moovitapp.com/index/pt-br/transporte_p%C3%BAblico-line-158_1-Brasilia-1702-850942-775094-0,-1.0,-15.79566,-47.89102,,,,,2023-06-15T21:23:39+00:00
BRA_120545,Brasília,5300108,,Piracicabana,616.1,https://moovitapp.com/index/pt-br/transporte_p%C3%BAblico-line-616_1-Brasilia-1702-850942-242498-0,-1.0,-15.79963,-47.86147,,,,,2023-06-15T21:23:40+00:00
BRA_117994,Brasília,5300108,,Piracicabana,067.1,https://moovitapp.com/index/pt-br/transporte_p%C3%BAblico-line-067_1-Brasilia-1702-850942-115849257-0,-1.0,-15.65298,-47.64965,,,,,2023-06-15T21:23:40+00:00
BRA_117692,Brasília,5300108,,Piracicabana,0.517,https://moovitapp.com/index/pt-br/transporte_p%C3%BAblico-line-0_517-Brasilia-1702-850942-242400-0,-1.0,-15.64244,-47.82674,,,,,2023-06-15T21:23:40+00:00
BRA_116726,Brasília,5300108,,Piracicabana,0.032,https://moovitapp.com/index/pt-br/transporte_p%C3%BAblico-line-0_032-Brasilia-1702-850942-786257-0,-1.0,-15.82366,-47.89838,,,,1,2023-06-15T21:23:40+00:00
BRA_119741,Brasília,5300108,,Piracicabana,0.518,https://moovitapp.com/index/pt-br/transporte_p%C3%BAblico-line-0_518-Brasilia-1702-850942-580670-0,-1.0,-15.72352,-47.89568,,,,,2023-06-15T21:23:41+00:00
BRA_118974,Brasília,5300108,,Piracicabana,0.617,https://moovitapp.com/index/pt-br/transporte_p%C3%BAblico-line-0_617-Brasilia-1702-850942-242417-0,-1.0,-15.6906,-47.86361,,,,,2023-06-15T21:23:41+00:00
BRA_120359,Brasília,5300108,,Piracicabana,153.2,https://moovitapp.com/index/pt-br/transporte_p%C3%BAblico-line-153_2-Brasilia-1702-850942-775093-0,-1.0,-15.81185,-47.8957,,,,,2023-06-15T21:23:42+00:00
BRA_120774,Brasília,5300108,,Piracicabana,158.1,https://moovitapp.com/index/pt-br/transporte_p%C3%BAblico-line-158_1-Brasilia-1702-850942-775094-0,-1.0,-15.79909,-47.95012,,,,,2023-06-15T21:23:42+00:00
BRA_116785,Brasília,5300108,,Piracicabana,0.025,https://moovitapp.com/index/pt-br/transporte_p%C3%BAblico-line-0_025-Brasilia-1702-850942-11857219-0,-1.0,-15.80409,-47.95689,,,,,2023-06-15T21:23:42+00:00
BRA_117196,Brasília,5300108,,Piracicabana,505.8,https://moovitapp.com/index/pt-br/transporte_p%C3%BAblico-line-505_8-Brasilia-1702-850942-339297-0,-1.0,-15.64953,-47.7863,,,,1,2023-06-15T21:23:43+00:00
BRA_117056,Brasília,5300108,,Piracicabana,0.032,https://moovitapp.com/index/pt-br/transporte_p%C3%BAblico-line-0_032-Brasilia-1702-850942-786257-0,-1.0,-15.81075,-47.904,,,,1,2023-06-15T21:23:43+00:00
BRA_120731,Brasília,5300108,,Piracicabana,105.2,https://moovitapp.com/index/pt-br/transporte_p%C3%BAblico-line-105_2-Brasilia-1702-850942-12015265-0,-1.0,-15.82687,-47.92661,,,,,2023-06-15T21:23:43+00:00
BRA_120626,Brasília,5300108,,Piracicabana,116.2,https://moovitapp.com/index/pt-br/transporte_p%C3%BAblico-line-116_2-Brasilia-1702-850942-60842780-0,-1.0,-15.78248,-47.90911,,,,,2023-06-15T21:23:43+00:00
BRA_118745,Brasília,5300108,,Piracicabana,116.2,https://moovitapp.com/index/pt-br/transporte_p%C3%BAblico-line-116_2-Brasilia-1702-850942-60842780-0,-1.0,-15.78658,-47.90923,,,,,2023-06-15T21:23:43+00:00
BRA_118788,Brasília,5300108,,Piracicabana,0.620,https://moovitapp.com/index/pt-br/transporte_p%C3%BAblico-line-0_620-Brasilia-1702-850942-470748-0,-1.0,-15.60758,-47.65463,,,,,2023-06-15T21:23:43+00:00
BRA_118672,Brasília,5300108,,Piracicabana,0.620,https://moovitapp.com/index/pt-br/transporte_p%C3%BAblico-line-0_620-Brasilia-1702-850942-470748-0,-1.0,-15.68305,-47.84037,,,,,2023-06-15T21:23:43+00:00
BRA_119075,Brasília,5300108,,Piracicabana,062.5,https://moovitapp.com/index/pt-br/transporte_p%C3%BAblico-line-062_5-Brasilia-1702-850942-339835-0,-1.0,-15.66134,-47.83866,,,,,2023-06-15T21:23:43+00:00
BRA_119377,Brasília,5300108,,Piracicabana,501.2,https://moovitapp.com/index/pt-br/transporte_p%C3%BAblico-line-501_2-Brasilia-1702-850942-786258-0,-1.0,-15.79318,-47.88182,,,,1,2023-06-15T21:23:44+00:00
BRA_119725,Brasília,5300108,,Piracicabana,604.3,https://moovitapp.com/index/pt-br/transporte_p%C3%BAblico-line-604_3-Brasilia-1702-850942-242495-0,-1.0,-15.83593,-47.93999,,,,,2023-06-15T21:23:44+00:00
BRA_118931,Brasília,5300108,,Piracicabana,114.1,https://moovitapp.com/index/pt-br/transporte_p%C3%BAblico-line-114_1-Brasilia-1702-850942-781323-0,-1.0,-15.84476,-47.91831,,,,,2023-06-15T21:23:44+00:00
BRA_120413,Brasília,5300108,,Piracicabana,162.1,https://moovitapp.com/index/pt-br/transporte_p%C3%BAblico-line-162_1-Brasilia-1702-850942-762425-0,-1.0,-15.83203,-47.95253,,,,1,2023-06-15T21:23:44+00:00
BRA_120294,Brasília,5300108,,Piracicabana,605.1,https://moovitapp.com/index/pt-br/transporte_p%C3%BAblico-line-605_1-Brasilia-1702-850942-242496-0,-1.0,-15.82556,-47.90121,,,,,2023-06-15T21:23:44+00:00
BRA_117161,Brasília,5300108,,Piracicabana,136.6,https://moovitapp.com/index/pt-br/transporte_p%C3%BAblico-line-136_6-Brasilia-1702-850942-773700-0,-1.0,-15.81563,-47.91065,,,,,2023-06-15T21:23:44+00:00
BRA_118214,Brasília,5300108,,Piracicabana,136.7,https://moovitapp.com/index/pt-br/transporte_p%C3%BAblico-line-136_7-Brasilia-1702-850942-242451-0,-1.0,-15.75316,-47.87997,,,,,2023-06-15T21:23:44+00:00
BRA_118401,Brasília,5300108,,Piracicabana,642.1,https://moovitapp.com/index/pt-br/transporte_p%C3%BAblico-line-642_1-Brasilia-1702-850942-242510-0,-1.0,-15.61501,-47.67814,,,,,2023-06-15T21:23:44+00:00
BRA_116521,Brasília,5300108,,Piracicabana,0.151,https://moovitapp.com/index/pt-br/transporte_p%C3%BAblico-line-0_151-Brasilia-1702-850942-775087-0,-1.0,-15.79116,-47.89761,,,,,2023-06-15T21:23:44+00:00
BRA_115746,Brasília,5300108,,Piracicabana,643.2,https://moovitapp.com/index/pt-br/transporte_p%C3%BAblico-line-643_2-Brasilia-1702-850942-128977732-0,-1.0,-15.74734,-47.89611,,,,,2023-06-15T21:23:44+00:00
BRA_116653,Brasília,5300108,,Piracicabana,0.032,https://moovitapp.com/index/pt-br/transporte_p%C3%BAblico-line-0_032-Brasilia-1702-850942-786257-0,-1.0,-15.79636,-47.871,,,,,2023-06-15T21:23:45+00:00
BRA_118303,Brasília,5300108,,Piracicabana,0.116,https://moovitapp.com/index/pt-br/transporte_p%C3%BAblico-line-0_116-Brasilia-1702-850942-242381-0,-1.0,-15.77741,-47.88768,,,,,2023-06-15T21:23:45+00:00
BRA_119997,Brasília,5300108,,Piracicabana,616.6,https://moovitapp.com/index/pt-br/transporte_p%C3%BAblico-line-616_6-Brasilia-1702-850942-242503-0,-1.0,-15.68227,-47.83728,,,,,2023-06-15T21:23:45+00:00
BRA_119539,Brasília,5300108,,Piracicabana,600.3,https://moovitapp.com/index/pt-br/transporte_p%C3%BAblico-line-600_3-Brasilia-1702-850942-494156-0,-1.0,-15.63524,-47.74178,,,,,2023-06-15T21:23:45+00:00
BRA_119768,Brasília,5300108,,Piracicabana,115.1,https://moovitapp.com/index/pt-br/transporte_p%C3%BAblico-line-115_1-Brasilia-1702-850942-242436-0,-1.0,-15.73534,-47.88577,,,,,2023-06-15T21:23:45+00:00
BRA_119423,Brasília,5300108,,Piracicabana,0.515,https://moovitapp.com/index/pt-br/transporte_p%C3%BAblico-line-0_515-Brasilia-1702-850942-26501707-0,-1.0,-15.64826,-47.89046,,,,,2023-06-15T21:23:46+00:00
BRA_119512,Brasília,5300108,,Piracicabana,512.1,https://moovitapp.com/index/pt-br/transporte_p%C3%BAblico-line-512_1-Brasilia-1702-850942-474401-0,-1.0,-15.73547,-47.89738,,,,,2023-06-15T21:23:46+00:00
BRA_118729,Brasília,5300108,,Piracicabana,0.152,https://moovitapp.com/index/pt-br/transporte_p%C3%BAblico-line-0_152-Brasilia-1702-850942-504333-0,-1.0,-15.7999,-47.9457,,,,,2023-06-15T21:23:46+00:00
BRA_120081,Brasília,5300108,,Piracicabana,0.114,https://moovitapp.com/index/pt-br/transporte_p%C3%BAblico-line-0_114-Brasilia-1702-850942-242379-0,-1.0,-15.81388,-47.90797,,,,,2023-06-15T21:23:46+00:00
BRA_116505,Brasília,5300108,,Piracicabana,0.168,https://moovitapp.com/index/pt-br/transporte_p%C3%BAblico-line-0_168-Brasilia-1702-850942-242392-0,-1.0,-15.78979,-47.90206,,,,1,2023-06-15T21:23:46+00:00
BRA_116793,Brasília,5300108,,Piracicabana,0.035,https://moovitapp.com/index/pt-br/transporte_p%C3%BAblico-line-0_035-Brasilia-1702-850942-775084-0,-1.0,-15.78493,-47.90792,,,,,2023-06-15T21:23:47+00:00
BRA_116998,Brasília,5300108,,Piracicabana,601.3,https://moovitapp.com/index/pt-br/transporte_p%C3%BAblico-line-601_3-Brasilia-1702-850942-339836-0,-1.0,-15.62699,-47.6436,,,,,2023-06-15T21:23:47+00:00
BRA_116831,Brasília,5300108,,Piracicabana,0.006,https://moovitapp.com/index/pt-br/transporte_p%C3%BAblico-line-0_006-Brasilia-1702-850942-775079-0,-1.0,-15.78924,-47.89222,,,,,2023-06-15T21:23:47+00:00
BRA_118257,Brasília,5300108,,Piracicabana,0.110,https://moovitapp.com/index/pt-br/transporte_p%C3%BAblico-line-0_110-Brasilia-1702-850942-339284-0,-1.0,-15.76487,-47.87378,,,,,2023-06-15T21:23:47+00:00
BRA_117021,Brasília,5300108,,Piracicabana,0.031,https://moovitapp.com/index/pt-br/transporte_p%C3%BAblico-line-0_031-Brasilia-1702-850942-786256-0,-1.0,-15.74513,-47.89674,,,,1,2023-06-15T21:23:47+00:00
BRA_120707,Brasília,5300108,,Piracicabana,616.9,https://moovitapp.com/index/pt-br/transporte_p%C3%BAblico-line-616_9-Brasilia-1702-850942-128977719-0,-1.0,-15.83106,-47.93048,,,,,2023-06-15T21:23:47+00:00
BRA_120715,Brasília,5300108,,Piracicabana,504.1,https://moovitapp.com/index/pt-br/transporte_p%C3%BAblico-line-504_1-Brasilia-1702-850942-242476-0,-1.0,-15.61155,-47.63415,,,,,2023-06-15T21:23:47+00:00
BRA_118681,Brasília,5300108,,Piracicabana,0.116,https://moovitapp.com/index/pt-br/transporte_p%C3%BAblico-line-0_116-Brasilia-1702-850942-242381-0,-1.0,-15.79312,-47.8821,,,,,2023-06-15T21:23:47+00:00
BRA_118842,Brasília,5300108,,Piracicabana,0.109,https://moovitapp.com/index/pt-br/transporte_p%C3%BAblico-line-0_109-Brasilia-1702-850942-139332631-0,-1.0,-15.79689,-47.87664,,,,,2023-06-15T21:23:47+00:00
BRA_118532,Brasília,5300108,,Piracicabana,0.110,https://moovitapp.com/index/pt-br/transporte_p%C3%BAblico-line-0_110-Brasilia-1702-850942-339284-0,-1.0,-15.77556,-47.87018,,,,,2023-06-15T21:23:48+00:00
BRA_118770,Brasília,5300108,,Piracicabana,136.8,https://moovitapp.com/index/pt-br/transporte_p%C3%BAblico-line-136_8-Brasilia-1702-850942-766833-0,-1.0,-15.70656,-47.88214,,,,,2023-06-15T21:23:48+00:00
BRA_119016,Brasília,5300108,,Piracicabana,0.110,https://moovitapp.com/index/pt-br/transporte_p%C3%BAblico-line-0_110-Brasilia-1702-850942-339284-0,-1.0,-15.79406,-47.88302,,,,1,2023-06-15T21:23:48+00:00
BRA_118311,Brasília,5300108,,Piracicabana,136.6,https://moovitapp.com/index/pt-br/transporte_p%C3%BAblico-line-136_6-Brasilia-1702-850942-773700-0,-1.0,-15.73808,-47.89925,,,,1,2023-06-15T21:23:48+00:00
BRA_118427,Brasília,5300108,,Piracicabana,136.6,https://moovitapp.com/index/pt-br/transporte_p%C3%BAblico-line-136_6-Brasilia-1702-850942-773700-0,-1.0,-15.72991,-47.89411,,,,,2023-06-15T21:23:48+00:00
BRA_116459,Brasília,5300108,,Piracicabana,0.151,https://moovitapp.com/index/pt-br/transporte_p%C3%BAblico-line-0_151-Brasilia-1702-850942-775087-0,-1.0,-15.78497,-47.93394,,,,,2023-06-15T21:23:48+00:00
BRA_116084,Brasília,5300108,,Piracicabana,0.109,https://moovitapp.com/index/pt-br/transporte_p%C3%BAblico-line-0_109-Brasilia-1702-850942-139332631-0,-1.0,-15.78656,-47.90922,,,,,2023-06-15T21:23:48+00:00
BRA_115941,Brasília,5300108,,Piracicabana,0.509,https://moovitapp.com/index/pt-br/transporte_p%C3%BAblico-line-0_509-Brasilia-1702-850942-242397-0,-1.0,-15.77215,-47.88243,,,,,2023-06-15T21:23:49+00:00
BRA_120529,Brasília,5300108,,Piracicabana,136.5,https://moovitapp.com/index/pt-br/transporte_p%C3%BAblico-line-136_5-Brasilia-1702-850942-516628-0,-1.0,-15.76975,-47.88935,,,,,2023-06-15T21:23:49+00:00
BRA_120073,Brasília,5300108,,Piracicabana,066.2,https://moovitapp.com/index/pt-br/transporte_p%C3%BAblico-line-066_2-Brasilia-1702-850942-339293-0,-1.0,-15.60927,-47.69559,,,,,2023-06-15T21:23:49+00:00
BRA_120782,Brasília,5300108,,Piracicabana,116.2,https://moovitapp.com/index/pt-br/transporte_p%C3%BAblico-line-116_2-Brasilia-1702-850942-60842780-0,-1.0,-15.76515,-47.90755,,,,,2023-06-15T21:23:49+00:00
BRA_119067,Brasília,5300108,,Piracicabana,0.518,https://moovitapp.com/index/pt-br/transporte_p%C3%BAblico-line-0_518-Brasilia-1702-850942-580670-0,-1.0,-15.67948,-47.84817,,,,,2023-06-15T21:23:49+00:00
BRA_120693,Brasília,5300108,,Piracicabana,0.640,https://moovitapp.com/index/pt-br/transporte_p%C3%BAblico-line-0_640-Brasilia-1702-850942-242423-0,-1.0,-15.61574,-47.64574,,,,,2023-06-15T21:23:50+00:00
BRA_115894,Brasília,5300108,,Piracicabana,063.1,https://moovitapp.com/index/pt-br/transporte_p%C3%BAblico-line-063_1-Brasilia-1702-850942-339291-0,-1.0,-15.66537,-47.75184,,,,1,2023-06-15T21:23:51+00:00
BRA_121096,Brasília,5300108,,Piracicabana,0.622,https://moovitapp.com/index/pt-br/transporte_p%C3%BAblico-line-0_622-Brasilia-1702-850942-242419-0,-1.0,-15.6468,-47.76688,,,,,2023-06-15T21:23:51+00:00
BRA_120499,Brasília,5300108,,Piracicabana,604.1,https://moovitapp.com/index/pt-br/transporte_p%C3%BAblico-line-604_1-Brasilia-1702-850942-528957-0,-1.0,-15.76211,-47.93354,,,,1,2023-06-15T21:23:51+00:00
BRA_120367,Brasília,5300108,,Piracicabana,0.640,https://moovitapp.com/index/pt-br/transporte_p%C3%BAblico-line-0_640-Brasilia-1702-850942-242423-0,-1.0,-15.79839,-47.89206,,,,,2023-06-15T21:23:51+00:00
BRA_120472,Brasília,5300108,,Piracicabana,616.1,https://moovitapp.com/index/pt-br/transporte_p%C3%BAblico-line-616_1-Brasilia-1702-850942-242498-0,-1.0,-15.76051,-47.77724,,,,,2023-06-15T21:23:52+00:00
BRA_119407,Brasília,5300108,,Piracicabana,0.516,https://moovitapp.com/index/pt-br/transporte_p%C3%BAblico-line-0_516-Brasilia-1702-850942-347121-0,-1.0,-15.79522,-47.87488,,,,,2023-06-15T21:23:52+00:00
BRA_118362,Brasília,5300108,,Piracicabana,162.1,https://moovitapp.com/index/pt-br/transporte_p%C3%BAblico-line-162_1-Brasilia-1702-850942-762425-0,-1.0,-15.84634,-47.9777,,,,,2023-06-15T21:23:52+00:00
BRA_116718,Brasília,5300108,,Piracicabana,0.024,https://moovitapp.com/index/pt-br/transporte_p%C3%BAblico-line-0_024-Brasilia-1702-850942-781320-0,-1.0,-15.79804,-47.92006,,,,,2023-06-15T21:23:52+00:00
BRA_116815,Brasília,5300108,,Piracicabana,0.016,https://moovitapp.com/index/pt-br/transporte_p%C3%BAblico-line-0_016-Brasilia-1702-850942-5193084-0,-1.0,-15.76542,-47.90796,,,,,2023-06-15T21:23:53+00:00
BRA_116572,Brasília,5300108,,Piracicabana,0.031,https://moovitapp.com/index/pt-br/transporte_p%C3%BAblico-line-0_031-Brasilia-1702-850942-786256-0,-1.0,-15.73588,-47.88594,,,,,2023-06-15T21:23:53+00:00
BRA_116548,Brasília,5300108,,Piracicabana,0.007,https://moovitapp.com/index/pt-br/transporte_p%C3%BAblico-line-0_007-Brasilia-1702-850942-775080-0,-1.0,-15.76781,-47.88984,,,,,2023-06-15T21:23:53+00:00
BRA_117986,Brasília,5300108,,Piracicabana,640.2,https://moovitapp.com/index/pt-br/transporte_p%C3%BAblico-line-640_2-Brasilia-1702-850942-697957-0,-1.0,-15.7886,-47.88862,,,,,2023-06-15T21:23:53+00:00
BRA_117625,Brasília,5300108,,Piracicabana,643.1,https://moovitapp.com/index/pt-br/transporte_p%C3%BAblico-line-643_1-Brasilia-1702-850942-772850-0,-1.0,-15.72221,-47.89629,,,,,2023-06-15T21:23:53+00:00
BRA_117269,Brasília,5300108,,Piracicabana,105.2,https://moovitapp.com/index/pt-br/transporte_p%C3%BAblico-line-105_2-Brasilia-1702-850942-12015265-0,-1.0,-15.82503,-47.90045,,,,1,2023-06-15T21:23:53+00:00
BRA_119733,Brasília,5300108,,Piracicabana,604.2,https://moovitapp.com/index/pt-br/transporte_p%C3%BAblico-line-604_2-Brasilia-1702-850942-242494-0,-1.0,-15.70431,-47.88818,,,,,2023-06-15T21:23:53+00:00
BRA_119342,Brasília,5300108,,Piracicabana,515.3,https://moovitapp.com/index/pt-br/transporte_p%C3%BAblico-line-515_3-Brasilia-1702-850942-762426-0,-1.0,-15.71768,-47.89805,,,,,2023-06-15T21:23:53+00:00
BRA_118621,Brasília,5300108,,Piracicabana,0.114,https://moovitapp.com/index/pt-br/transporte_p%C3%BAblico-line-0_114-Brasilia-1702-850942-242379-0,-1.0,-15.80646,-47.88091,,,,,2023-06-15T21:23:53+00:00
BRA_120901,Brasília,5300108,,Piracicabana,156.5,https://moovitapp.com/index/pt-br/transporte_p%C3%BAblico-line-156_5-Brasilia-1702-850942-242464-0,-1.0,-15.80838,-47.97179,,,,,2023-06-15T21:23:53+00:00
BRA_120651,Brasília,5300108,,Piracicabana,503.3,https://moovitapp.com/index/pt-br/transporte_p%C3%BAblico-line-503_3-Brasilia-1702-850942-542829-0,-1.0,-15.71788,-47.90267,,,,,2023-06-15T21:23:54+00:00
BRA_120537,Brasília,5300108,,Piracicabana,0.150,https://moovitapp.com/index/pt-br/transporte_p%C3%BAblico-line-0_150-Brasilia-1702-850942-775086-0,-1.0,-15.82504,-47.93399,,,,,2023-06-15T21:23:54+00:00
BRA_119784,Brasília,5300108,,Piracicabana,620.1,https://moovitapp.com/index/pt-br/transporte_p%C3%BAblico-line-620_1-Brasilia-1702-850942-697955-0,-1.0,-15.69658,-47.87612,,,,,2023-06-15T21:23:54+00:00
BRA_120146,Brasília,5300108,,Piracicabana,0.525,https://moovitapp.com/index/pt-br/transporte_p%C3%BAblico-line-0_525-Brasilia-1702-850942-770024-0,-1.0,-15.72668,-47.89497,,,,,2023-06-15T21:23:54+00:00
BRA_119903,Brasília,5300108,,Piracicabana,156.6,https://moovitapp.com/index/pt-br/transporte_p%C3%BAblico-line-156_6-Brasilia-1702-850942-516629-0,-1.0,-15.81873,-47.98378,,,,1,2023-06-15T21:23:54+00:00
BRA_119628,Brasília,5300108,,Piracicabana,0.517,https://moovitapp.com/index/pt-br/transporte_p%C3%BAblico-line-0_517-Brasilia-1702-850942-242400-0,-1.0,-15.81056,-47.90355,,,,1,2023-06-15T21:23:54+00:00
BRA_117838,Brasília,5300108,,Piracicabana,617.2,https://moovitapp.com/index/pt-br/transporte_p%C3%BAblico-line-617_2-Brasilia-1702-850942-242504-0,-1.0,-15.65374,-47.78077,,,,,2023-06-15T21:23:54+00:00
BRA_118125,Brasília,5300108,,Piracicabana,0.601,https://moovitapp.com/index/pt-br/transporte_p%C3%BAblico-line-0_601-Brasilia-1702-850942-242411-0,-1.0,-15.82124,-47.91861,,,,1,2023-06-15T21:23:54+00:00
BRA_116556,Brasília,5300108,,Piracicabana,0.031,https://moovitapp.com/index/pt-br/transporte_p%C3%BAblico-line-0_031-Brasilia-1702-850942-786256-0,-1.0,-15.81418,-47.88809,,,,,2023-06-15T21:23:55+00:00
BRA_115991,Brasília,5300108,,Piracicabana,512.1,https://moovitapp.com/index/pt-br/transporte_p%C3%BAblico-line-512_1-Brasilia-1702-850942-474401-0,-1.0,-15.67937,-47.83104,,,,,2023-06-15T21:23:55+00:00
BRA_115738,Brasília,5300108,,Piracicabana,648.1,https://moovitapp.com/index/pt-br/transporte_p%C3%BAblico-line-648_1-Brasilia-1702-850942-242512-0,-1.0,-15.77694,-47.91021,,,,,2023-06-15T21:23:55+00:00
BRA_120219,Brasília,5300108,,Piracicabana,616.8,https://moovitapp.com/index/pt-br/transporte_p%C3%BAblico-line-616_8-Brasilia-1702-850942-128977718-0,-1.0,-15.62686,-47.72723,,,,,2023-06-15T21:23:55+00:00
BRA_121053,Brasília,5300108,,Piracicabana,642.1,https://moovitapp.com/index/pt-br/transporte_p%C3%BAblico-line-642_1-Brasilia-1702-850942-242510-0,-1.0,-15.7399,-47.89848,,,,,2023-06-15T21:23:55+00:00
BRA_121118,Brasília,5300108,,Piracicabana,104.2,https://moovitapp.com/index/pt-br/transporte_p%C3%BAblico-line-104_2-Brasilia-1702-850942-242431-0,-1.0,-15.78975,-47.8526,,,,,2023-06-15T21:23:56+00:00
BRA_118851,Brasília,5300108,,Piracicabana,0.109,https://moovitapp.com/index/pt-br/transporte_p%C3%BAblico-line-0_109-Brasilia-1702-850942-139332631-0,-1.0,-15.79524,-47.88159,,,,,2023-06-15T21:23:56+00:00
BRA_118826,Brasília,5300108,,Piracicabana,0.110,https://moovitapp.com/index/pt-br/transporte_p%C3%BAblico-line-0_110-Brasilia-1702-850942-339284-0,-1.0,-15.79677,-47.87668,,,,,2023-06-15T21:23:56+00:00
BRA_116939,Brasília,5300108,,Piracicabana,0.023,https://moovitapp.com/index/pt-br/transporte_p%C3%BAblico-line-0_023-Brasilia-1702-850942-775082-0,-1.0,-15.79087,-47.88095,,,,,2023-06-15T21:23:56+00:00
BRA_116688,Brasília,5300108,,Piracicabana,062.8,https://moovitapp.com/index/pt-br/transporte_p%C3%BAblico-line-062_8-Brasilia-1702-850942-393556-0,-1.0,-15.63861,-47.84258,,,,,2023-06-15T21:23:56+00:00
BRA_117048,Brasília,5300108,,Piracicabana,0.031,https://moovitapp.com/index/pt-br/transporte_p%C3%BAblico-line-0_031-Brasilia-1702-850942-786256-0,-1.0,-15.82296,-47.92053,,,,,2023-06-15T21:23:56+00:00
BRA_117072,Brasília,5300108,,Piracicabana,601.2,https://moovitapp.com/index/pt-br/transporte_p%C3%BAblico-line-601_2-Brasilia-1702-850942-322378-0,-1.0,-15.60236,-47.64642,,,,,2023-06-15T21:23:56+00:00
BRA_118290,Brasília,5300108,,Piracicabana,153.2,https://moovitapp.com/index/pt-br/transporte_p%C3%BAblico-line-153_2-Brasilia-1702-850942-775093-0,-1.0,-15.82021,-47.98667,,,,,2023-06-15T21:23:56+00:00
BRA_117455,Brasília,5300108,,Piracicabana,062.8,https://moovitapp.com/index/pt-br/transporte_p%C3%BAblico-line-062_8-Brasilia-1702-850942-393556-0,-1.0,-15.64965,-47.7864,,,,1,2023-06-15T21:23:56+00:00
BRA_118231,Brasília,5300108,,Piracicabana,115.1,https://moovitapp.com/index/pt-br/transporte_p%C3%BAblico-line-115_1-Brasilia-1702-850942-242436-0,-1.0,-15.76735,-47.88998,,,,,2023-06-15T21:23:57+00:00
BRA_117731,Brasília,5300108,,Piracicabana,501.4,https://moovitapp.com/index/pt-br/transporte_p%C3%BAblico-line-501_4-Brasilia-1702-850942-775096-0,-1.0,-15.82885,-47.91596,,,,,2023-06-15T21:23:57+00:00
BRA_116467,Brasília,5300108,,Piracicabana,0.031,https://moovitapp.com/index/pt-br/transporte_p%C3%BAblico-line-0_031-Brasilia-1702-850942-786256-0,-1.0,-15.80792,-47.88253,,,,1,2023-06-15T21:23:57+00:00
BRA_115762,Brasília,5300108,,Piracicabana,0.604,https://moovitapp.com/index/pt-br/transporte_p%C3%BAblico-line-0_604-Brasilia-1702-850942-242414-0,-1.0,-15.83244,-47.94635,,,,,2023-06-15T21:23:57+00:00
BRA_118761,Brasília,5300108,,Piracicabana,152.2,https://moovitapp.com/index/pt-br/transporte_p%C3%BAblico-line-152_2-Brasilia-1702-850942-504334-0,-1.0,-15.79383,-47.88314,,,,1,2023-06-15T21:23:57+00:00
BRA_118443,Brasília,5300108,,Piracicabana,0.116,https://moovitapp.com/index/pt-br/transporte_p%C3%BAblico-line-0_116-Brasilia-1702-850942-242381-0,-1.0,-15.79338,-47.88163,,,,1,2023-06-15T21:23:57+00:00
BRA_120812,Brasília,5300108,,Piracicabana,136.9,https://moovitapp.com/index/pt-br/transporte_p%C3%BAblico-line-136_9-Brasilia-1702-850942-773702-0,-1.0,-15.83239,-47.92784,,,,,2023-06-15T21:23:57+00:00
BRA_120791,Brasília,5300108,,Piracicabana,136.5,https://moovitapp.com/index/pt-br/transporte_p%C3%BAblico-line-136_5-Brasilia-1702-850942-516628-0,-1.0,-15.73797,-47.86036,,,,,2023-06-15T21:23:58+00:00
BRA_120570,Brasília,5300108,,Piracicabana,603.1,https://moovitapp.com/index/pt-br/transporte_p%C3%BAblico-line-603_1-Brasilia-1702-850942-242492-0,-1.0,-15.72141,-47.89675,,,,,2023-06-15T21:23:58+00:00
BRA_118664,Brasília,5300108,,Piracicabana,0.641,https://moovitapp.com/index/pt-br/transporte_p%C3%BAblico-line-0_641-Brasilia-1702-850942-242424-0,-1.0,-15.82726,-47.92651,,,,,2023-06-15T21:23:58+00:00
BRA_118591,Brasília,5300108,,Piracicabana,106.2,https://moovitapp.com/index/pt-br/transporte_p%C3%BAblico-line-106_2-Brasilia-1702-850942-242433-0,-1.0,-15.7817,-47.87403,,,,,2023-06-15T21:23:58+00:00
BRA_118605,Brasília,5300108,,Piracicabana,158.1,https://moovitapp.com/index/pt-br/transporte_p%C3%BAblico-line-158_1-Brasilia-1702-850942-775094-0,-1.0,-15.78696,-47.983,,,,,2023-06-15T21:23:58+00:00
BRA_117536,Brasília,5300108,,Piracicabana,505.5,https://moovitapp.com/index/pt-br/transporte_p%C3%BAblico-line-505_5-Brasilia-1702-850942-651521-0,-1.0,-15.65063,-47.76508,,,,,2023-06-15T21:23:58+00:00
BRA_117617,Brasília,5300108,,Piracicabana,099.1,https://moovitapp.com/index/pt-br/transporte_p%C3%BAblico-line-099_1-Brasilia-1702-850942-775090-0,-1.0,-15.84168,-48.04837,,,,,2023-06-15T21:23:58+00:00
BRA_118354,Brasília,5300108,,Piracicabana,115.1,https://moovitapp.com/index/pt-br/transporte_p%C3%BAblico-line-115_1-Brasilia-1702-850942-242436-0,-1.0,-15.74663,-47.88209,,,,,2023-06-15T21:23:59+00:00
BRA_116696,Brasília,5300108,,Piracicabana,162.1,https://moovitapp.com/index/pt-br/transporte_p%C3%BAblico-line-162_1-Brasilia-1702-850942-762425-0,-1.0,-15.81087,-47.90417,,,,1,2023-06-15T21:23:59+00:00
BRA_116611,Brasília,5300108,,Piracicabana,062.5,https://moovitapp.com/index/pt-br/transporte_p%C3%BAblico-line-062_5-Brasilia-1702-850942-339835-0,-1.0,-15.65025,-47.78566,,,,,2023-06-15T21:23:59+00:00
BRA_116297,Brasília,5300108,,Piracicabana,0.649,https://moovitapp.com/index/pt-br/transporte_p%C3%BAblico-line-0_649-Brasilia-1702-850942-771758-0,-1.0,-15.62062,-47.66894,,,,,2023-06-15T21:23:59+00:00
BRA_118991,Brasília,5300108,,Piracicabana,106.2,https://moovitapp.com/index/pt-br/transporte_p%C3%BAblico-line-106_2-Brasilia-1702-850942-242433-0,-1.0,-15.80814,-47.90058,,,,1,2023-06-15T21:23:59+00:00
BRA_119121,Brasília,5300108,,Piracicabana,0.509,https://moovitapp.com/index/pt-br/transporte_p%C3%BAblico-line-0_509-Brasilia-1702-850942-242397-0,-1.0,-15.64748,-47.77067,,,,1,2023-06-15T21:23:59+00:00
BRA_118940,Brasília,5300108,,Piracicabana,0.116,https://moovitapp.com/index/pt-br/transporte_p%C3%BAblico-line-0_116-Brasilia-1702-850942-242381-0,-1.0,-15.77726,-47.88776,,,,,2023-06-15T21:23:59+00:00
BRA_119261,Brasília,5300108,,Piracicabana,062.7,https://moovitapp.com/index/pt-br/transporte_p%C3%BAblico-line-062_7-Brasilia-1702-850942-494154-0,-1.0,-15.63474,-47.82766,,,,,2023-06-15T21:23:59+00:00
BRA_120448,Brasília,5300108,,Piracicabana,602.1,https://moovitapp.com/index/pt-br/transporte_p%C3%BAblico-line-602_1-Brasilia-1702-850942-242491-0,-1.0,-15.79662,-47.88291,,,,,2023-06-15T21:23:59+00:00
BRA_120685,Brasília,5300108,,Piracicabana,643.2,https://moovitapp.com/index/pt-br/transporte_p%C3%BAblico-line-643_2-Brasilia-1702-850942-128977732-0,-1.0,-15.83535,-47.91458,,,,,2023-06-15T21:24:00+00:00
BRA_120871,Brasília,5300108,,Piracicabana,099.1,https://moovitapp.com/index/pt-br/transporte_p%C3%BAblico-line-099_1-Brasilia-1702-850942-775090-0,-1.0,-15.8528,-48.03995,,,,,2023-06-15T21:24:00+00:00
BRA_119491,Brasília,5300108,,Piracicabana,128.4,https://moovitapp.com/index/pt-br/transporte_p%C3%BAblico-line-128_4-Brasilia-1702-850942-401624-0,-1.0,-15.79459,-47.87588,,,,1,2023-06-15T21:24:00+00:00
BRA_119059,Brasília,5300108,,Piracicabana,099.1,https://moovitapp.com/index/pt-br/transporte_p%C3%BAblico-line-099_1-Brasilia-1702-850942-775090-0,-1.0,-15.82583,-48.02916,,,,,2023-06-15T21:24:00+00:00
BRA_116432,Brasília,5300108,,Piracicabana,066.3,https://moovitapp.com/index/pt-br/transporte_p%C3%BAblico-line-066_3-Brasilia-1702-850942-513542-0,-1.0,-15.60084,-47.67377,,,,,2023-06-15T21:24:00+00:00
BRA_116645,Brasília,5300108,,Piracicabana,0.006,https://moovitapp.com/index/pt-br/transporte_p%C3%BAblico-line-0_006-Brasilia-1702-850942-775079-0,-1.0,-15.79788,-47.91988,,,,,2023-06-15T21:24:00+00:00
BRA_116823,Brasília,5300108,,Piracicabana,0.007,https://moovitapp.com/index/pt-br/transporte_p%C3%BAblico-line-0_007-Brasilia-1702-850942-775080-0,-1.0,-15.79516,-47.88203,,,,,2023-06-15T21:24:00+00:00
BRA_115789,Brasília,5300108,,Piracicabana,604.2,https://moovitapp.com/index/pt-br/transporte_p%C3%BAblico-line-604_2-Brasilia-1702-850942-242494-0,-1.0,-15.79378,-47.94366,,,,,2023-06-15T21:24:00+00:00
BRA_117862,Brasília,5300108,,Piracicabana,620.1,https://moovitapp.com/index/pt-br/transporte_p%C3%BAblico-line-620_1-Brasilia-1702-850942-697955-0,-1.0,-15.59446,-47.66412,,,,,2023-06-15T21:24:00+00:00
BRA_117561,Brasília,5300108,,Piracicabana,062.5,https://moovitapp.com/index/pt-br/transporte_p%C3%BAblico-line-062_5-Brasilia-1702-850942-339835-0,-1.0,-15.67818,-47.82676,,,,,2023-06-15T21:24:00+00:00
BRA_117684,Brasília,5300108,,Piracicabana,0.518,https://moovitapp.com/index/pt-br/transporte_p%C3%BAblico-line-0_518-Brasilia-1702-850942-580670-0,-1.0,-15.8012,-47.8621,,,,,2023-06-15T21:24:01+00:00
BRA_117013,Brasília,5300108,,Piracicabana,0.166,https://moovitapp.com/index/pt-br/transporte_p%C3%BAblico-line-0_166-Brasilia-1702-850942-242391-0,-1.0,-15.78574,-47.9119,,,,,2023-06-15T21:24:01+00:00
BRA_115355,Brasília,5300108,,Piracicabana,110.2,https://moovitapp.com/index/pt-br/transporte_p%C3%BAblico-line-110_2-Brasilia-1702-850942-339295-0,-1.0,-15.76265,-47.87695,,,,,2023-06-15T21:24:01+00:00
BRA_116122,Brasília,5300108,,Piracicabana,066.4,https://moovitapp.com/index/pt-br/transporte_p%C3%BAblico-line-066_4-Brasilia-1702-850942-763557-0,-1.0,-15.64112,-47.65295,,,,,2023-06-15T21:24:01+00:00
BRA_119113,Brasília,5300108,,Piracicabana,616.3,https://moovitapp.com/index/pt-br/transporte_p%C3%BAblico-line-616_3-Brasilia-1702-850942-242500-0,-1.0,-15.63707,-47.74525,,,,,2023-06-15T21:24:01+00:00
BRA_119474,Brasília,5300108,,Piracicabana,0.513,https://moovitapp.com/index/pt-br/transporte_p%C3%BAblico-line-0_513-Brasilia-1702-850942-242399-0,-1.0,-15.68226,-47.83767,,,,,2023-06-15T21:24:01+00:00
BRA_120979,Brasília,5300108,,Piracicabana,616.9,https://moovitapp.com/index/pt-br/transporte_p%C3%BAblico-line-616_9-Brasilia-1702-850942-128977719-0,-1.0,-15.62179,-47.7025,,,,,2023-06-15T21:24:01+00:00
BRA_120758,Brasília,5300108,,Piracicabana,600.6,https://moovitapp.com/index/pt-br/transporte_p%C3%BAblico-line-600_6-Brasilia-1702-850942-425243-0,-1.0,-15.61,-47.69646,,,,1,2023-06-15T21:24:01+00:00
BRA_120464,Brasília,5300108,,Piracicabana,0.107,https://moovitapp.com/index/pt-br/transporte_p%C3%BAblico-line-0_107-Brasilia-1702-850942-242377-0,-1.0,-15.79565,-47.87349,,,,,2023-06-15T21:24:01+00:00
BRA_120391,Brasília,5300108,,Piracicabana,066.6,https://moovitapp.com/index/pt-br/transporte_p%C3%BAblico-line-066_6-Brasilia-1702-850942-770027-0,-1.0,-15.64367,-47.64559,,,,,2023-06-15T21:24:01+00:00
BRA_120511,Brasília,5300108,,Piracicabana,616.8,https://moovitapp.com/index/pt-br/transporte_p%C3%BAblico-line-616_8-Brasilia-1702-850942-128977718-0,-1.0,-15.65061,-47.7745,,,,,2023-06-15T21:24:02+00:00
BRA_119521,Brasília,5300108,,Piracicabana,616.4,https://moovitapp.com/index/pt-br/transporte_p%C3%BAblico-line-616_4-Brasilia-1702-850942-494158-0,-1.0,-15.61991,-47.71428,,,,,2023-06-15T21:24:02+00:00
BRA_115754,Brasília,5300108,,Piracicabana,0.640,https://moovitapp.com/index/pt-br/transporte_p%C3%BAblico-line-0_640-Brasilia-1702-850942-242423-0,-1.0,-15.72359,-47.89568,,,,,2023-06-15T21:24:02+00:00
BRA_116807,Brasília,5300108,,Piracicabana,0.035,https://moovitapp.com/index/pt-br/transporte_p%C3%BAblico-line-0_035-Brasilia-1702-850942-775084-0,-1.0,-15.80241,-47.97048,,,,,2023-06-15T21:24:02+00:00
BRA_117293,Brasília,5300108,,Piracicabana,640.2,https://moovitapp.com/index/pt-br/transporte_p%C3%BAblico-line-640_2-Brasilia-1702-850942-697957-0,-1.0,-15.60827,-47.69395,,,,,2023-06-15T21:24:02+00:00
BRA_117668,Brasília,5300108,,Piracicabana,136.7,https://moovitapp.com/index/pt-br/transporte_p%C3%BAblico-line-136_7-Brasilia-1702-850942-242451-0,-1.0,-15.70956,-47.87899,,,,,2023-06-15T21:24:02+00:00
BRA_117650,Brasília,5300108,,Piracicabana,0.169,https://moovitapp.com/index/pt-br/transporte_p%C3%BAblico-line-0_169-Brasilia-1702-850942-242393-0,-1.0,-15.78411,-47.91608,,,,1,2023-06-15T21:24:02+00:00
BRA_117871,Brasília,5300108,,Piracicabana,0.517,https://moovitapp.com/index/pt-br/transporte_p%C3%BAblico-line-0_517-Brasilia-1702-850942-242400-0,-1.0,-15.64071,-47.84925,,,,,2023-06-15T21:24:02+00:00
BRA_117820,Brasília,5300108,,Piracicabana,0.150,https://moovitapp.com/index/pt-br/transporte_p%C3%BAblico-line-0_150-Brasilia-1702-850942-775086-0,-1.0,-15.80799,-47.94579,,,,,2023-06-15T21:24:03+00:00
BRA_118109,Brasília,5300108,,Piracicabana,505.8,https://moovitapp.com/index/pt-br/transporte_p%C3%BAblico-line-505_8-Brasilia-1702-850942-339297-0,-1.0,-15.63847,-47.85045,,,,,2023-06-15T21:24:03+00:00
BRA_117722,Brasília,5300108,,Piracicabana,506.4,https://moovitapp.com/index/pt-br/transporte_p%C3%BAblico-line-506_4-Brasilia-1702-850942-542830-0,-1.0,-15.83733,-47.92686,,,,,2023-06-15T21:24:03+00:00
BRA_115282,Brasília,5300108,,Piracicabana,153.2,https://moovitapp.com/index/pt-br/transporte_p%C3%BAblico-line-153_2-Brasilia-1702-850942-775093-0,-1.0,-15.81862,-47.98457,,,,,2023-06-15T21:24:03+00:00
BRA_121029,Brasília,5300108,,Piracicabana,116.2,https://moovitapp.com/index/pt-br/transporte_p%C3%BAblico-line-116_2-Brasilia-1702-850942-60842780-0,-1.0,-15.78105,-47.90937,,,,,2023-06-15T21:24:03+00:00
BRA_119440,Brasília,5300108,,Piracicabana,506.4,https://moovitapp.com/index/pt-br/transporte_p%C3%BAblico-line-506_4-Brasilia-1702-850942-542830-0,-1.0,-15.61971,-47.86201,,,,1,2023-06-15T21:24:04+00:00
BRA_115304,Brasília,5300108,,Piracicabana,102.6,https://moovitapp.com/index/pt-br/transporte_p%C3%BAblico-line-102_6-Brasilia-1702-850942-775091-0,-1.0,-15.85472,-47.9333,,,,,2023-06-15T21:24:04+00:00
BRA_116751,Brasília,5300108,,Piracicabana,0.169,https://moovitapp.com/index/pt-br/transporte_p%C3%BAblico-line-0_169-Brasilia-1702-850942-242393-0,-1.0,-15.75375,-47.89396,,,,,2023-06-15T21:24:04+00:00
BRA_116530,Brasília,5300108,,Piracicabana,062.7,https://moovitapp.com/index/pt-br/transporte_p%C3%BAblico-line-062_7-Brasilia-1702-850942-494154-0,-1.0,-15.64502,-47.81953,,,,,2023-06-15T21:24:04+00:00
BRA_117331,Brasília,5300108,,Piracicabana,143.2,https://moovitapp.com/index/pt-br/transporte_p%C3%BAblico-line-143_2-Brasilia-1702-850942-556806-0,-1.0,-15.76584,-47.91373,,,,,2023-06-15T21:24:04+00:00
BRA_117943,Brasília,5300108,,Piracicabana,0.136,https://moovitapp.com/index/pt-br/transporte_p%C3%BAblico-line-0_136-Brasilia-1702-850942-719957-0,-1.0,-15.73629,-47.86158,,,,,2023-06-15T21:24:04+00:00
BRA_116963,Brasília,5300108,,Piracicabana,0.006,https://moovitapp.com/index/pt-br/transporte_p%C3%BAblico-line-0_006-Brasilia-1702-850942-775079-0,-1.0,-15.81179,-47.90557,,,,1,2023-06-15T21:24:05+00:00
BRA_117382,Brasília,5300108,,Piracicabana,616.8,https://moovitapp.com/index/pt-br/transporte_p%C3%BAblico-line-616_8-Brasilia-1702-850942-128977718-0,-1.0,-15.63181,-47.64349,,,,,2023-06-15T21:24:05+00:00
BRA_117358,Brasília,5300108,,Piracicabana,158.1,https://moovitapp.com/index/pt-br/transporte_p%C3%BAblico-line-158_1-Brasilia-1702-850942-775094-0,-1.0,-15.81197,-47.90523,,,,,2023-06-15T21:24:05+00:00
BRA_117498,Brasília,5300108,,Piracicabana,501.4,https://moovitapp.com/index/pt-br/transporte_p%C3%BAblico-line-501_4-Brasilia-1702-850942-775096-0,-1.0,-15.75901,-47.88432,,,,,2023-06-15T21:24:05+00:00
BRA_116858,Brasília,5300108,,Piracicabana,0.007,https://moovitapp.com/index/pt-br/transporte_p%C3%BAblico-line-0_007-Brasilia-1702-850942-775080-0,-1.0,-15.79379,-47.87938,,,,,2023-06-15T21:24:05+00:00
BRA_115860,Brasília,5300108,,Piracicabana,515.6,https://moovitapp.com/index/pt-br/transporte_p%C3%BAblico-line-515_6-Brasilia-1702-850942-762427-0,-1.0,-15.74949,-47.88736,,,,,2023-06-15T21:24:05+00:00
BRA_118915,Brasília,5300108,,Piracicabana,153.2,https://moovitapp.com/index/pt-br/transporte_p%C3%BAblico-line-153_2-Brasilia-1702-850942-775093-0,-1.0,-15.81372,-47.97915,,,,,2023-06-15T21:24:05+00:00
BRA_119024,Brasília,5300108,,Piracicabana,116.2,https://moovitapp.com/index/pt-br/transporte_p%C3%BAblico-line-116_2-Brasilia-1702-850942-60842780-0,-1.0,-15.79405,-47.88239,,,,,2023-06-15T21:24:05+00:00
BRA_119032,Brasília,5300108,,Piracicabana,0.143,https://moovitapp.com/index/pt-br/transporte_p%C3%BAblico-line-0_143-Brasilia-1702-850942-470747-0,-1.0,-15.75587,-47.93375,,,,,2023-06-15T21:24:05+00:00
BRA_120821,Brasília,5300108,,Piracicabana,0.136,https://moovitapp.com/index/pt-br/transporte_p%C3%BAblico-line-0_136-Brasilia-1702-850942-719957-0,-1.0,-15.75633,-47.89321,,,,,2023-06-15T21:24:05+00:00
BRA_120961,Brasília,5300108,,Piracicabana,600.7,https://moovitapp.com/index/pt-br/transporte_p%C3%BAblico-line-600_7-Brasilia-1702-850942-698442-0,-1.0,-15.82972,-47.92987,,,,,2023-06-15T21:24:05+00:00
BRA_120936,Brasília,5300108,,Piracicabana,0.517,https://moovitapp.com/index/pt-br/transporte_p%C3%BAblico-line-0_517-Brasilia-1702-850942-242400-0,-1.0,-15.7538,-47.89428,,,,,2023-06-15T21:24:06+00:00
BRA_120944,Brasília,5300108,,Piracicabana,0.504,https://moovitapp.com/index/pt-br/transporte_p%C3%BAblico-line-0_504-Brasilia-1702-850942-781321-0,-1.0,-15.65601,-47.78717,,,,,2023-06-15T21:24:06+00:00
BRA_120251,Brasília,5300108,,Piracicabana,0.604,https://moovitapp.com/index/pt-br/transporte_p%C3%BAblico-line-0_604-Brasilia-1702-850942-242414-0,-1.0,-15.67989,-47.83065,,,,,2023-06-15T21:24:06+00:00
BRA_119776,Brasília,5300108,,Piracicabana,0.509,https://moovitapp.com/index/pt-br/transporte_p%C3%BAblico-line-0_509-Brasilia-1702-850942-242397-0,-1.0,-15.71816,-47.89783,,,,,2023-06-15T21:24:06+00:00
BRA_116904,Brasília,5300108,,Piracicabana,0.016,https://moovitapp.com/index/pt-br/transporte_p%C3%BAblico-line-0_016-Brasilia-1702-850942-5193084-0,-1.0,-15.81235,-47.938,,,,,2023-06-15T21:24:06+00:00
BRA_116351,Brasília,5300108,,Piracicabana,066.4,https://moovitapp.com/index/pt-br/transporte_p%C3%BAblico-line-066_4-Brasilia-1702-850942-763557-0,-1.0,-15.63677,-47.67674,,,,,2023-06-15T21:24:06+00:00
BRA_116360,Brasília,5300108,,Piracicabana,064.1,https://moovitapp.com/index/pt-br/transporte_p%C3%BAblico-line-064_1-Brasilia-1702-850942-339292-0,-1.0,-15.63004,-47.65176,,,,1,2023-06-15T21:24:06+00:00
BRA_117587,Brasília,5300108,,Piracicabana,063.1,https://moovitapp.com/index/pt-br/transporte_p%C3%BAblico-line-063_1-Brasilia-1702-850942-339291-0,-1.0,-15.64515,-47.82535,,,,,2023-06-15T21:24:06+00:00
BRA_118133,Brasília,5300108,,Piracicabana,110.2,https://moovitapp.com/index/pt-br/transporte_p%C3%BAblico-line-110_2-Brasilia-1702-850942-339295-0,-1.0,-15.76411,-47.86037,,,,,2023-06-15T21:24:06+00:00
BRA_118010,Brasília,5300108,,Piracicabana,600.7,https://moovitapp.com/index/pt-br/transporte_p%C3%BAblico-line-600_7-Brasilia-1702-850942-698442-0,-1.0,-15.67772,-47.82713,,,,,2023-06-15T21:24:07+00:00
BRA_117200,Brasília,5300108,,Piracicabana,531.1,https://moovitapp.com/index/pt-br/transporte_p%C3%BAblico-line-531_1-Brasilia-1702-850942-476289-0,-1.0,-15.64972,-47.78477,,,,,2023-06-15T21:24:07+00:00
BRA_117773,Brasília,5300108,,Piracicabana,648.1,https://moovitapp.com/index/pt-br/transporte_p%C3%BAblico-line-648_1-Brasilia-1702-850942-242512-0,-1.0,-15.66191,-47.79875,,,,,2023-06-15T21:24:07+00:00
BRA_116980,Brasília,5300108,,,628.2,,,-15.93262,-47.60123,,,,,2023-06-15T21:24:07+00:00
BRA_116394,Brasília,5300108,,Piracicabana,0.032,https://moovitapp.com/index/pt-br/transporte_p%C3%BAblico-line-0_032-Brasilia-1702-850942-786257-0,-1.0,-15.73354,-47.89548,,,,,2023-06-15T21:24:07+00:00
BRA_116874,Brasília,5300108,,Piracicabana,0.016,https://moovitapp.com/index/pt-br/transporte_p%C3%BAblico-line-0_016-Brasilia-1702-850942-5193084-0,-1.0,-15.82775,-47.92756,,,,1,2023-06-15T21:24:07+00:00
BRA_119962,Brasília,5300108,,Piracicabana,0.128,https://moovitapp.com/index/pt-br/transporte_p%C3%BAblico-line-0_128-Brasilia-1702-850942-382511-0,-1.0,-15.73533,-47.90202,,,,,2023-06-15T21:24:07+00:00
BRA_119857,Brasília,5300108,,Piracicabana,0.620,https://moovitapp.com/index/pt-br/transporte_p%C3%BAblico-line-0_620-Brasilia-1702-850942-470748-0,-1.0,-15.62424,-47.72202,,,,,2023-06-15T21:24:07+00:00
BRA_119296,Brasília,5300108,,Piracicabana,519.2,https://moovitapp.com/index/pt-br/transporte_p%C3%BAblico-line-519_2-Brasilia-1702-850942-242483-0,-1.0,-15.62692,-47.83836,,,,,2023-06-15T21:24:07+00:00
BRA_119130,Brasília,5300108,,Piracicabana,604.1,https://moovitapp.com/index/pt-br/transporte_p%C3%BAblico-line-604_1-Brasilia-1702-850942-528957-0,-1.0,-15.6572,-47.78892,,,,,2023-06-15T21:24:08+00:00
BRA_118796,Brasília,5300108,,Piracicabana,0.116,https://moovitapp.com/index/pt-br/transporte_p%C3%BAblico-line-0_116-Brasilia-1702-850942-242381-0,-1.0,-15.78379,-47.90973,,,,,2023-06-15T21:24:08+00:00
BRA_118737,Brasília,5300108,,Piracicabana,066.5,https://moovitapp.com/index/pt-br/transporte_p%C3%BAblico-line-066_5-Brasilia-1702-850942-770026-0,-1.0,-15.63976,-47.65107,,,,,2023-06-15T21:24:08+00:00
BRA_119920,Brasília,5300108,,Piracicabana,158.1,https://moovitapp.com/index/pt-br/transporte_p%C3%BAblico-line-158_1-Brasilia-1702-850942-775094-0,-1.0,-15.8108,-47.90378,,,,,2023-06-15T21:24:08+00:00
BRA_119938,Brasília,5300108,,Piracicabana,0.109,https://moovitapp.com/index/pt-br/transporte_p%C3%BAblico-line-0_109-Brasilia-1702-850942-139332631-0,-1.0,-15.79766,-47.86709,,,,,2023-06-15T21:24:08+00:00
BRA_120227,Brasília,5300108,,Piracicabana,616.9,https://moovitapp.com/index/pt-br/transporte_p%C3%BAblico-line-616_9-Brasilia-1702-850942-128977719-0,-1.0,-15.61762,-47.65021,,,,,2023-06-15T21:24:08+00:00
BRA_120405,Brasília,5300108,,Piracicabana,601.6,https://moovitapp.com/index/pt-br/transporte_p%C3%BAblico-line-601_6-Brasilia-1702-850942-697954-0,-1.0,-15.61708,-47.64584,,,,,2023-06-15T21:24:08+00:00
BRA_120952,Brasília,5300108,,Piracicabana,0.522,https://moovitapp.com/index/pt-br/transporte_p%C3%BAblico-line-0_522-Brasilia-1702-850942-242404-0,-1.0,-15.69065,-47.86359,,,,,2023-06-15T21:24:08+00:00
BRA_116181,Brasília,5300108,,Piracicabana,066.4,https://moovitapp.com/index/pt-br/transporte_p%C3%BAblico-line-066_4-Brasilia-1702-850942-763557-0,-1.0,-15.62822,-47.65712,,,,,2023-06-15T21:24:08+00:00
BRA_115851,Brasília,5300108,,Piracicabana,0.617,https://moovitapp.com/index/pt-br/transporte_p%C3%BAblico-line-0_617-Brasilia-1702-850942-242417-0,-1.0,-15.79419,-47.88208,,,,1,2023-06-15T21:24:08+00:00
BRA_115347,Brasília,5300108,,Piracicabana,114.1,https://moovitapp.com/index/pt-br/transporte_p%C3%BAblico-line-114_1-Brasilia-1702-850942-781323-0,-1.0,-15.82269,-47.89768,,,,,2023-06-15T21:24:08+00:00
BRA_117447,Brasília,5300108,,Piracicabana,062.7,https://moovitapp.com/index/pt-br/transporte_p%C3%BAblico-line-062_7-Brasilia-1702-850942-494154-0,-1.0,-15.63444,-47.82697,,,,,2023-06-15T21:24:08+00:00
BRA_117285,Brasília,5300108,,Piracicabana,0.107,https://moovitapp.com/index/pt-br/transporte_p%C3%BAblico-line-0_107-Brasilia-1702-850942-242377-0,-1.0,-15.80715,-47.88114,,,,,2023-06-15T21:24:08+00:00
BRA_117366,Brasília,5300108,,Piracicabana,158.1,https://moovitapp.com/index/pt-br/transporte_p%C3%BAblico-line-158_1-Brasilia-1702-850942-775094-0,-1.0,-15.7953,-47.94527,,,,,2023-06-15T21:24:08+00:00
BRA_118222,Brasília,5300108,,Piracicabana,0.110,https://moovitapp.com/index/pt-br/transporte_p%C3%BAblico-line-0_110-Brasilia-1702-850942-339284-0,-1.0,-15.76908,-47.87283,,,,,2023-06-15T21:24:08+00:00
BRA_118435,Brasília,5300108,,Piracicabana,128.4,https://moovitapp.com/index/pt-br/transporte_p%C3%BAblico-line-128_4-Brasilia-1702-850942-401624-0,-1.0,-15.81179,-47.90557,,,,,2023-06-15T21:24:09+00:00
BRA_118061,Brasília,5300108,,Piracicabana,0.152,https://moovitapp.com/index/pt-br/transporte_p%C3%BAblico-line-0_152-Brasilia-1702-850942-504333-0,-1.0,-15.7942,-47.88609,,,,,2023-06-15T21:24:09+00:00
BRA_118001,Brasília,5300108,,Piracicabana,136.5,https://moovitapp.com/index/pt-br/transporte_p%C3%BAblico-line-136_5-Brasilia-1702-850942-516628-0,-1.0,-15.79439,-47.88216,,,,,2023-06-15T21:24:09+00:00
BRA_117307,Brasília,5300108,,Piracicabana,600.7,https://moovitapp.com/index/pt-br/transporte_p%C3%BAblico-line-600_7-Brasilia-1702-850942-698442-0,-1.0,-15.67747,-47.82683,,,,,2023-06-15T21:24:09+00:00
BRA_115967,Brasília,5300108,,Piracicabana,531.3,https://moovitapp.com/index/pt-br/transporte_p%C3%BAblico-line-531_3-Brasilia-1702-850942-89667641-0,-1.0,-15.67672,-47.84486,,,,,2023-06-15T21:24:09+00:00
BRA_116602,Brasília,5300108,,Piracicabana,0.168,https://moovitapp.com/index/pt-br/transporte_p%C3%BAblico-line-0_168-Brasilia-1702-850942-242392-0,-1.0,-15.79231,-47.94323,,,,,2023-06-15T21:24:09+00:00
BRA_121100,Brasília,5300108,,Piracicabana,600.7,https://moovitapp.com/index/pt-br/transporte_p%C3%BAblico-line-600_7-Brasilia-1702-850942-698442-0,-1.0,-15.62487,-47.72366,,,,,2023-06-15T21:24:09+00:00
BRA_120618,Brasília,5300108,,Piracicabana,504.4,https://moovitapp.com/index/pt-br/transporte_p%C3%BAblico-line-504_4-Brasilia-1702-850942-771759-0,-1.0,-15.62107,-47.66302,,,,,2023-06-15T21:24:09+00:00
BRA_119831,Brasília,5300108,,Piracicabana,600.6,https://moovitapp.com/index/pt-br/transporte_p%C3%BAblico-line-600_6-Brasilia-1702-850942-425243-0,-1.0,-15.61986,-47.64596,,,,,2023-06-15T21:24:09+00:00
BRA_118893,Brasília,5300108,,Piracicabana,116.2,https://moovitapp.com/index/pt-br/transporte_p%C3%BAblico-line-116_2-Brasilia-1702-850942-60842780-0,-1.0,-15.76984,-47.91084,,,,,2023-06-15T21:24:09+00:00
BRA_119750,Brasília,5300108,,Piracicabana,0.501,https://moovitapp.com/index/pt-br/transporte_p%C3%BAblico-line-0_501-Brasilia-1702-850942-663228-0,-1.0,-15.73812,-47.89275,,,,,2023-06-15T21:24:10+00:00
BRA_120740,Brasília,5300108,,Piracicabana,0.620,https://moovitapp.com/index/pt-br/transporte_p%C3%BAblico-line-0_620-Brasilia-1702-850942-470748-0,-1.0,-15.79439,-47.88216,,,,,2023-06-15T21:24:10+00:00
BRA_116319,Brasília,5300108,,Piracicabana,601.1,https://moovitapp.com/index/pt-br/transporte_p%C3%BAblico-line-601_1-Brasilia-1702-850942-322377-0,-1.0,-15.6092,-47.63175,,,,,2023-06-15T21:24:10+00:00
BRA_115878,Brasília,5300108,,Piracicabana,0.521,https://moovitapp.com/index/pt-br/transporte_p%C3%BAblico-line-0_521-Brasilia-1702-850942-476285-0,-1.0,-15.7984,-47.8765,,,,,2023-06-15T21:24:10+00:00
BRA_117749,Brasília,5300108,,Piracicabana,063.1,https://moovitapp.com/index/pt-br/transporte_p%C3%BAblico-line-063_1-Brasilia-1702-850942-339291-0,-1.0,-15.64293,-47.84857,,,,,2023-06-15T21:24:10+00:00
BRA_118087,Brasília,5300108,,Piracicabana,062.7,https://moovitapp.com/index/pt-br/transporte_p%C3%BAblico-line-062_7-Brasilia-1702-850942-494154-0,-1.0,-15.65211,-47.78905,,,,1,2023-06-15T21:24:11+00:00
BRA_115797,Brasília,5300108,,Piracicabana,616.6,https://moovitapp.com/index/pt-br/transporte_p%C3%BAblico-line-616_6-Brasilia-1702-850942-242503-0,-1.0,-15.79443,-47.8751,,,,,2023-06-15T21:24:11+00:00
BRA_115649,Brasília,5300108,,Piracicabana,604.2,https://moovitapp.com/index/pt-br/transporte_p%C3%BAblico-line-604_2-Brasilia-1702-850942-242494-0,-1.0,-15.80945,-47.94802,,,,,2023-06-15T21:24:11+00:00
BRA_120111,Brasília,5300108,,Piracicabana,642.1,https://moovitapp.com/index/pt-br/transporte_p%C3%BAblico-line-642_1-Brasilia-1702-850942-242510-0,-1.0,-15.7981,-47.89198,,,,,2023-06-15T21:24:11+00:00
BRA_119636,Brasília,5300108,,Piracicabana,152.2,https://moovitapp.com/index/pt-br/transporte_p%C3%BAblico-line-152_2-Brasilia-1702-850942-504334-0,-1.0,-15.79921,-47.92226,,,,,2023-06-15T21:24:11+00:00
BRA_118753,Brasília,5300108,,Piracicabana,106.2,https://moovitapp.com/index/pt-br/transporte_p%C3%BAblico-line-106_2-Brasilia-1702-850942-242433-0,-1.0,-15.73621,-47.89803,,,,,2023-06-15T21:24:11+00:00
BRA_118711,Brasília,5300108,,Piracicabana,152.1,https://moovitapp.com/index/pt-br/transporte_p%C3%BAblico-line-152_1-Brasilia-1702-850942-542827-0,-1.0,-15.78578,-47.90182,,,,,2023-06-15T21:24:11+00:00
BRA_119709,Brasília,5300108,,Piracicabana,066.6,https://moovitapp.com/index/pt-br/transporte_p%C3%BAblico-line-066_6-Brasilia-1702-850942-770027-0,-1.0,-15.63563,-47.65164,,,,,2023-06-15T21:24:12+00:00
BRA_119806,Brasília,5300108,,Piracicabana,0.620,https://moovitapp.com/index/pt-br/transporte_p%C3%BAblico-line-0_620-Brasilia-1702-850942-470748-0,-1.0,-15.6586,-47.79184,,,,,2023-06-15T21:24:12+00:00
BRA_120286,Brasília,5300108,,Piracicabana,0.504,https://moovitapp.com/index/pt-br/transporte_p%C3%BAblico-line-0_504-Brasilia-1702-850942-781321-0,-1.0,-15.62185,-47.66207,,,,,2023-06-15T21:24:12+00:00
BRA_120324,Brasília,5300108,,Piracicabana,067.3,https://moovitapp.com/index/pt-br/transporte_p%C3%BAblico-line-067_3-Brasilia-1702-850942-339294-0,-1.0,-15.64385,-47.65039,,,,,2023-06-15T21:24:12+00:00
BRA_120898,Brasília,5300108,,Piracicabana,0.103,https://moovitapp.com/index/pt-br/transporte_p%C3%BAblico-line-0_103-Brasilia-1702-850942-335705-0,-1.0,-15.79766,-47.87421,,,,,2023-06-15T21:24:12+00:00
BRA_115631,Brasília,5300108,,Piracicabana,616.8,https://moovitapp.com/index/pt-br/transporte_p%C3%BAblico-line-616_8-Brasilia-1702-850942-128977718-0,-1.0,-15.70242,-47.88562,,,,,2023-06-15T21:24:12+00:00
BRA_116041,Brasília,5300108,,Piracicabana,531.2,https://moovitapp.com/index/pt-br/transporte_p%C3%BAblico-line-531_2-Brasilia-1702-850942-48723591-0,-1.0,-15.64917,-47.79522,,,,,2023-06-15T21:24:12+00:00
BRA_116203,Brasília,5300108,,Piracicabana,066.2,https://moovitapp.com/index/pt-br/transporte_p%C3%BAblico-line-066_2-Brasilia-1702-850942-339293-0,-1.0,-15.61071,-47.69225,,,,,2023-06-15T21:24:12+00:00
BRA_117030,Brasília,5300108,,Piracicabana,601.2,https://moovitapp.com/index/pt-br/transporte_p%C3%BAblico-line-601_2-Brasilia-1702-850942-322378-0,-1.0,-15.61848,-47.65503,,,,,2023-06-15T21:24:12+00:00
BRA_117170,Brasília,5300108,,Piracicabana,511.4,https://moovitapp.com/index/pt-br/transporte_p%C3%BAblico-line-511_4-Brasilia-1702-850942-770030-0,-1.0,-15.64977,-47.79242,,,,,2023-06-15T21:24:12+00:00
BRA_117005,Brasília,5300108,,Piracicabana,0.023,https://moovitapp.com/index/pt-br/transporte_p%C3%BAblico-line-0_023-Brasilia-1702-850942-775082-0,-1.0,-15.82938,-47.9066,,,,,2023-06-15T21:24:13+00:00
BRA_117111,Brasília,5300108,,Piracicabana,152.2,https://moovitapp.com/index/pt-br/transporte_p%C3%BAblico-line-152_2-Brasilia-1702-850942-504334-0,-1.0,-15.80201,-47.93996,,,,,2023-06-15T21:24:13+00:00
BRA_117951,Brasília,5300108,,Piracicabana,0.624,https://moovitapp.com/index/pt-br/transporte_p%C3%BAblico-line-0_624-Brasilia-1702-850942-470749-0,-1.0,-15.79628,-47.87151,,,,,2023-06-15T21:24:13+00:00
BRA_117391,Brasília,5300108,,Piracicabana,0.169,https://moovitapp.com/index/pt-br/transporte_p%C3%BAblico-line-0_169-Brasilia-1702-850942-242393-0,-1.0,-15.79667,-47.94464,,,,,2023-06-15T21:24:13+00:00
BRA_115291,Brasília,5300108,,Piracicabana,0.109,https://moovitapp.com/index/pt-br/transporte_p%C3%BAblico-line-0_109-Brasilia-1702-850942-139332631-0,-1.0,-15.79548,-47.8742,,,,,2023-06-15T21:24:13+00:00
BRA_116629,Brasília,5300108,,Piracicabana,0.022,https://moovitapp.com/index/pt-br/transporte_p%C3%BAblico-line-0_022-Brasilia-1702-850942-788975-0,-1.0,-15.80819,-47.90066,,,,1,2023-06-15T21:24:13+00:00
BRA_119881,Brasília,5300108,,Piracicabana,105.2,https://moovitapp.com/index/pt-br/transporte_p%C3%BAblico-line-105_2-Brasilia-1702-850942-12015265-0,-1.0,-15.73364,-47.89495,,,,,2023-06-15T21:24:13+00:00
BRA_118389,Brasília,5300108,,Piracicabana,136.7,https://moovitapp.com/index/pt-br/transporte_p%C3%BAblico-line-136_7-Brasilia-1702-850942-242451-0,-1.0,-15.79807,-47.87695,,,,,2023-06-15T21:24:13+00:00
BRA_119351,Brasília,5300108,,Piracicabana,136.9,https://moovitapp.com/index/pt-br/transporte_p%C3%BAblico-line-136_9-Brasilia-1702-850942-773702-0,-1.0,-15.81963,-47.90311,,,,,2023-06-15T21:24:14+00:00
BRA_119172,Brasília,5300108,,Piracicabana,505.5,https://moovitapp.com/index/pt-br/transporte_p%C3%BAblico-line-505_5-Brasilia-1702-850942-651521-0,-1.0,-15.64061,-47.82513,,,,,2023-06-15T21:24:14+00:00
BRA_116157,Brasília,5300108,,Piracicabana,601.1,https://moovitapp.com/index/pt-br/transporte_p%C3%BAblico-line-601_1-Brasilia-1702-850942-322377-0,-1.0,-15.60115,-47.65406,,,,,2023-06-15T21:24:14+00:00
BRA_115932,Brasília,5300108,,Piracicabana,0.527,https://moovitapp.com/index/pt-br/transporte_p%C3%BAblico-line-0_527-Brasilia-1702-850942-242407-0,-1.0,-15.77726,-47.93267,,,,,2023-06-15T21:24:14+00:00
BRA_118371,Brasília,5300108,,Piracicabana,0.641,https://moovitapp.com/index/pt-br/transporte_p%C3%BAblico-line-0_641-Brasilia-1702-850942-242424-0,-1.0,-15.6022,-47.65012,,,,,2023-06-15T21:24:14+00:00
BRA_117153,Brasília,5300108,,Piracicabana,0.517,https://moovitapp.com/index/pt-br/transporte_p%C3%BAblico-line-0_517-Brasilia-1702-850942-242400-0,-1.0,-15.82349,-47.92178,,,,,2023-06-15T21:24:14+00:00
BRA_117226,Brasília,5300108,,Piracicabana,610.3,https://moovitapp.com/index/pt-br/transporte_p%C3%BAblico-line-610_3-Brasilia-1702-850942-138552889-0,-1.0,-15.63173,-47.65179,,,,,2023-06-15T21:24:15+00:00
BRA_117315,Brasília,5300108,,Piracicabana,099.1,https://moovitapp.com/index/pt-br/transporte_p%C3%BAblico-line-099_1-Brasilia-1702-850942-775090-0,-1.0,-15.80988,-47.95203,,,,,2023-06-15T21:24:15+00:00
BRA_117790,Brasília,5300108,,Piracicabana,0.624,https://moovitapp.com/index/pt-br/transporte_p%C3%BAblico-line-0_624-Brasilia-1702-850942-470749-0,-1.0,-15.61452,-47.65843,,,,,2023-06-15T21:24:15+00:00
BRA_115657,Brasília,5300108,,Piracicabana,501.1,https://moovitapp.com/index/pt-br/transporte_p%C3%BAblico-line-501_1-Brasilia-1702-850942-574195-0,-1.0,-15.78832,-47.88037,,,,,2023-06-15T21:24:15+00:00
BRA_115835,Brasília,5300108,,Piracicabana,0.504,https://moovitapp.com/index/pt-br/transporte_p%C3%BAblico-line-0_504-Brasilia-1702-850942-781321-0,-1.0,-15.6214,-47.65873,,,,,2023-06-15T21:24:15+00:00
BRA_119326,Brasília,5300108,,Piracicabana,501.5,https://moovitapp.com/index/pt-br/transporte_p%C3%BAblico-line-501_5-Brasilia-1702-850942-414578-0,-1.0,-15.793,-47.8817,,,,,2023-06-15T21:24:15+00:00
BRA_119041,Brasília,5300108,,Piracicabana,0.620,https://moovitapp.com/index/pt-br/transporte_p%C3%BAblico-line-0_620-Brasilia-1702-850942-470748-0,-1.0,-15.63067,-47.7336,,,,,2023-06-15T21:24:15+00:00
BRA_119466,Brasília,5300108,,Piracicabana,0.503,https://moovitapp.com/index/pt-br/transporte_p%C3%BAblico-line-0_503-Brasilia-1702-850942-556804-0,-1.0,-15.68225,-47.83771,,,,1,2023-06-15T21:24:15+00:00
BRA_119687,Brasília,5300108,,Piracicabana,519.2,https://moovitapp.com/index/pt-br/transporte_p%C3%BAblico-line-519_2-Brasilia-1702-850942-242483-0,-1.0,-15.75608,-47.88526,,,,,2023-06-15T21:24:15+00:00
BRA_118613,Brasília,5300108,,Piracicabana,066.1,https://moovitapp.com/index/pt-br/transporte_p%C3%BAblico-line-066_1-Brasilia-1702-850942-94478627-0,-1.0,-15.61867,-47.65451,,,,1,2023-06-15T21:24:15+00:00
BRA_120278,Brasília,5300108,,Piracicabana,0.617,https://moovitapp.com/index/pt-br/transporte_p%C3%BAblico-line-0_617-Brasilia-1702-850942-242417-0,-1.0,-15.64481,-47.76184,,,,,2023-06-15T21:24:15+00:00
BRA_120383,Brasília,5300108,,Piracicabana,0.601,https://moovitapp.com/index/pt-br/transporte_p%C3%BAblico-line-0_601-Brasilia-1702-850942-242411-0,-1.0,-15.62462,-47.72257,,,,,2023-06-15T21:24:15+00:00
BRA_120596,Brasília,5300108,,Piracicabana,0.504,https://moovitapp.com/index/pt-br/transporte_p%C3%BAblico-line-0_504-Brasilia-1702-850942-781321-0,-1.0,-15.64468,-47.77343,,,,,2023-06-15T21:24:16+00:00
BRA_120600,Brasília,5300108,,Piracicabana,643.2,https://moovitapp.com/index/pt-br/transporte_p%C3%BAblico-line-643_2-Brasilia-1702-850942-128977732-0,-1.0,-15.62821,-47.72914,,,,,2023-06-15T21:24:16+00:00
BRA_120804,Brasília,5300108,,Piracicabana,107.1,https://moovitapp.com/index/pt-br/transporte_p%C3%BAblico-line-107_1-Brasilia-1702-850942-242434-0,-1.0,-15.83802,-47.92475,,,,,2023-06-15T21:24:16+00:00
BRA_118524,Brasília,5300108,,Piracicabana,0.116,https://moovitapp.com/index/pt-br/transporte_p%C3%BAblico-line-0_116-Brasilia-1702-850942-242381-0,-1.0,-15.74709,-47.89617,,,,,2023-06-15T21:24:16+00:00
BRA_118885,Brasília,5300108,,Piracicabana,0.110,https://moovitapp.com/index/pt-br/transporte_p%C3%BAblico-line-0_110-Brasilia-1702-850942-339284-0,-1.0,-15.76652,-47.86956,,,,,2023-06-15T21:24:16+00:00
BRA_115363,Brasília,5300108,,Piracicabana,115.1,https://moovitapp.com/index/pt-br/transporte_p%C3%BAblico-line-115_1-Brasilia-1702-850942-242436-0,-1.0,-15.79487,-47.88253,,,,,2023-06-15T21:24:16+00:00
BRA_115983,Brasília,5300108,,Piracicabana,643.2,https://moovitapp.com/index/pt-br/transporte_p%C3%BAblico-line-643_2-Brasilia-1702-850942-128977732-0,-1.0,-15.65351,-47.78021,,,,,2023-06-15T21:24:16+00:00
BRA_116149,Brasília,5300108,,Piracicabana,642.1,https://moovitapp.com/index/pt-br/transporte_p%C3%BAblico-line-642_1-Brasilia-1702-850942-242510-0,-1.0,-15.83473,-47.93167,,,,,2023-06-15T21:24:16+00:00
BRA_117277,Brasília,5300108,,Piracicabana,600.7,https://moovitapp.com/index/pt-br/transporte_p%C3%BAblico-line-600_7-Brasilia-1702-850942-698442-0,-1.0,-15.71252,-47.90054,,,,,2023-06-15T21:24:16+00:00
BRA_117544,Brasília,5300108,,Piracicabana,0.515,https://moovitapp.com/index/pt-br/transporte_p%C3%BAblico-line-0_515-Brasilia-1702-850942-26501707-0,-1.0,-15.67404,-47.82185,,,,,2023-06-15T21:24:16+00:00
BRA_117374,Brasília,5300108,,Piracicabana,0.620,https://moovitapp.com/index/pt-br/transporte_p%C3%BAblico-line-0_620-Brasilia-1702-850942-470748-0,-1.0,-15.60803,-47.69298,,,,,2023-06-15T21:24:16+00:00
BRA_117528,Brasília,5300108,,Piracicabana,515.4,https://moovitapp.com/index/pt-br/transporte_p%C3%BAblico-line-515_4-Brasilia-1702-850942-65518229-0,-1.0,-15.57353,-48.02435,,,,,2023-06-15T21:24:17+00:00
BRA_118249,Brasília,5300108,,Piracicabana,0.128,https://moovitapp.com/index/pt-br/transporte_p%C3%BAblico-line-0_128-Brasilia-1702-850942-382511-0,-1.0,-15.79118,-47.88672,,,,,2023-06-15T21:24:17+00:00
BRA_116009,Brasília,5300108,,Piracicabana,0.522,https://moovitapp.com/index/pt-br/transporte_p%C3%BAblico-line-0_522-Brasilia-1702-850942-242404-0,-1.0,-15.80152,-47.87699,,,,,2023-06-15T21:24:17+00:00
BRA_116424,Brasília,5300108,,Piracicabana,066.6,https://moovitapp.com/index/pt-br/transporte_p%C3%BAblico-line-066_6-Brasilia-1702-850942-770027-0,-1.0,-15.63988,-47.64515,,,,1,2023-06-15T21:24:17+00:00
BRA_118800,Brasília,5300108,,Piracicabana,0.605,https://moovitapp.com/index/pt-br/transporte_p%C3%BAblico-line-0_605-Brasilia-1702-850942-242415-0,-1.0,-15.82506,-47.90052,,,,,2023-06-15T21:24:17+00:00
BRA_118656,Brasília,5300108,,Piracicabana,616.4,https://moovitapp.com/index/pt-br/transporte_p%C3%BAblico-line-616_4-Brasilia-1702-850942-494158-0,-1.0,-15.83136,-47.91924,,,,,2023-06-15T21:24:17+00:00
BRA_120375,Brasília,5300108,,Piracicabana,640.2,https://moovitapp.com/index/pt-br/transporte_p%C3%BAblico-line-640_2-Brasilia-1702-850942-697957-0,-1.0,-15.63475,-47.74131,,,,,2023-06-15T21:24:17+00:00
BRA_120316,Brasília,5300108,,Piracicabana,505.3,https://moovitapp.com/index/pt-br/transporte_p%C3%BAblico-line-505_3-Brasilia-1702-850942-352626-0,-1.0,-15.6359,-47.82995,,,,,2023-06-15T21:24:17+00:00
BRA_120421,Brasília,5300108,,Piracicabana,504.1,https://moovitapp.com/index/pt-br/transporte_p%C3%BAblico-line-504_1-Brasilia-1702-850942-242476-0,-1.0,-15.61381,-47.6397,,,,1,2023-06-15T21:24:17+00:00
BRA_120481,Brasília,5300108,,Piracicabana,103.2,https://moovitapp.com/index/pt-br/transporte_p%C3%BAblico-line-103_2-Brasilia-1702-850942-474397-0,-1.0,-15.81553,-47.8445,,,,,2023-06-15T21:24:18+00:00
BRA_120260,Brasília,5300108,,Piracicabana,616.1,https://moovitapp.com/index/pt-br/transporte_p%C3%BAblico-line-616_1-Brasilia-1702-850942-242498-0,-1.0,-15.81005,-47.80162,,,,,2023-06-15T21:24:18+00:00
BRA_119661,Brasília,5300108,,Piracicabana,0.107,https://moovitapp.com/index/pt-br/transporte_p%C3%BAblico-line-0_107-Brasilia-1702-850942-242377-0,-1.0,-15.80153,-47.89438,,,,1,2023-06-15T21:24:18+00:00
BRA_119580,Brasília,5300108,,Piracicabana,501.3,https://moovitapp.com/index/pt-br/transporte_p%C3%BAblico-line-501_3-Brasilia-1702-850942-242472-0,-1.0,-15.80695,-47.89101,,,,,2023-06-15T21:24:18+00:00
BRA_119610,Brasília,5300108,,Piracicabana,0.522,https://moovitapp.com/index/pt-br/transporte_p%C3%BAblico-line-0_522-Brasilia-1702-850942-242404-0,-1.0,-15.76593,-47.87626,,,,,2023-06-15T21:24:18+00:00
BRA_119245,Brasília,5300108,,Piracicabana,0.531,https://moovitapp.com/index/pt-br/transporte_p%C3%BAblico-line-0_531-Brasilia-1702-850942-494153-0,-1.0,-15.80387,-47.89643,,,,1,2023-06-15T21:24:18+00:00
BRA_115622,Brasília,5300108,,Piracicabana,600.6,https://moovitapp.com/index/pt-br/transporte_p%C3%BAblico-line-600_6-Brasilia-1702-850942-425243-0,-1.0,-15.80332,-47.92163,,,,,2023-06-15T21:24:18+00:00
BRA_118265,Brasília,5300108,,Piracicabana,0.110,https://moovitapp.com/index/pt-br/transporte_p%C3%BAblico-line-0_110-Brasilia-1702-850942-339284-0,-1.0,-15.79464,-47.88294,,,,1,2023-06-15T21:24:18+00:00
BRA_118079,Brasília,5300108,,Piracicabana,066.5,https://moovitapp.com/index/pt-br/transporte_p%C3%BAblico-line-066_5-Brasilia-1702-850942-770026-0,-1.0,-15.64333,-47.63681,,,,1,2023-06-15T21:24:18+00:00
BRA_117412,Brasília,5300108,,Piracicabana,0.168,https://moovitapp.com/index/pt-br/transporte_p%C3%BAblico-line-0_168-Brasilia-1702-850942-242392-0,-1.0,-15.76169,-47.87739,,,,,2023-06-15T21:24:18+00:00
BRA_117480,Brasília,5300108,,Piracicabana,512.1,https://moovitapp.com/index/pt-br/transporte_p%C3%BAblico-line-512_1-Brasilia-1702-850942-474401-0,-1.0,-15.79694,-47.89174,,,,,2023-06-15T21:24:18+00:00
BRA_117102,Brasília,5300108,,Piracicabana,616.9,https://moovitapp.com/index/pt-br/transporte_p%C3%BAblico-line-616_9-Brasilia-1702-850942-128977719-0,-1.0,-15.65237,-47.77821,,,,,2023-06-15T21:24:18+00:00
BRA_117218,Brasília,5300108,,Piracicabana,0.143,https://moovitapp.com/index/pt-br/transporte_p%C3%BAblico-line-0_143-Brasilia-1702-850942-470747-0,-1.0,-15.75997,-47.91645,,,,,2023-06-15T21:24:18+00:00
BRA_117854,Brasília,5300108,,Piracicabana,0.617,https://moovitapp.com/index/pt-br/transporte_p%C3%BAblico-line-0_617-Brasilia-1702-850942-242417-0,-1.0,-15.676,-47.65045,,,,,2023-06-15T21:24:19+00:00
BRA_115711,Brasília,5300108,,Piracicabana,501.4,https://moovitapp.com/index/pt-br/transporte_p%C3%BAblico-line-501_4-Brasilia-1702-850942-775096-0,-1.0,-15.64598,-47.80289,,,,,2023-06-15T21:24:19+00:00
BRA_115819,Brasília,5300108,,Piracicabana,0.648,https://moovitapp.com/index/pt-br/transporte_p%C3%BAblico-line-0_648-Brasilia-1702-850942-470750-0,-1.0,-15.70153,-47.88449,,,,,2023-06-15T21:24:19+00:00
BRA_115924,Brasília,5300108,,Piracicabana,519.3,https://moovitapp.com/index/pt-br/transporte_p%C3%BAblico-line-519_3-Brasilia-1702-850942-556807-0,-1.0,-15.79463,-47.88225,,,,,2023-06-15T21:24:19+00:00
BRA_116912,Brasília,5300108,,Piracicabana,0.024,https://moovitapp.com/index/pt-br/transporte_p%C3%BAblico-line-0_024-Brasilia-1702-850942-781320-0,-1.0,-15.80228,-47.94006,,,,,2023-06-15T21:24:19+00:00
BRA_118923,Brasília,5300108,,Piracicabana,152.2,https://moovitapp.com/index/pt-br/transporte_p%C3%BAblico-line-152_2-Brasilia-1702-850942-504334-0,-1.0,-15.80014,-47.92377,,,,,2023-06-15T21:24:19+00:00
BRA_119890,Brasília,5300108,,Piracicabana,630.1,https://moovitapp.com/index/pt-br/transporte_p%C3%BAblico-line-630_1-Brasilia-1702-850942-476290-0,-1.0,-15.61508,-47.63718,,,,,2023-06-15T21:24:19+00:00
BRA_119393,Brasília,5300108,,Piracicabana,501.4,https://moovitapp.com/index/pt-br/transporte_p%C3%BAblico-line-501_4-Brasilia-1702-850942-775096-0,-1.0,-15.63849,-47.84598,,,,,2023-06-15T21:24:20+00:00
BRA_118877,Brasília,5300108,,Piracicabana,0.152,https://moovitapp.com/index/pt-br/transporte_p%C3%BAblico-line-0_152-Brasilia-1702-850942-504333-0,-1.0,-15.80889,-47.93385,,,,,2023-06-15T21:24:20+00:00
BRA_120162,Brasília,5300108,,Piracicabana,0.511,https://moovitapp.com/index/pt-br/transporte_p%C3%BAblico-line-0_511-Brasilia-1702-850942-770023-0,-1.0,-15.64817,-47.79385,,,,,2023-06-15T21:24:20+00:00
BRA_120839,Brasília,5300108,,Piracicabana,156.5,https://moovitapp.com/index/pt-br/transporte_p%C3%BAblico-line-156_5-Brasilia-1702-850942-242464-0,-1.0,-15.73547,-47.89738,,,,,2023-06-15T21:24:20+00:00
BRA_120928,Brasília,5300108,,Piracicabana,099.1,https://moovitapp.com/index/pt-br/transporte_p%C3%BAblico-line-099_1-Brasilia-1702-850942-775090-0,-1.0,-15.79587,-47.94678,,,,,2023-06-15T21:24:20+00:00
BRA_115665,Brasília,5300108,,Piracicabana,640.2,https://moovitapp.com/index/pt-br/transporte_p%C3%BAblico-line-640_2-Brasilia-1702-850942-697957-0,-1.0,-15.80581,-47.89857,,,,1,2023-06-15T21:24:20+00:00
BRA_117897,Brasília,5300108,,Piracicabana,0.116,https://moovitapp.com/index/pt-br/transporte_p%C3%BAblico-line-0_116-Brasilia-1702-850942-242381-0,-1.0,-15.747,-47.8962,,,,,2023-06-15T21:24:20+00:00
BRA_117889,Brasília,5300108,,Piracicabana,0.603,https://moovitapp.com/index/pt-br/transporte_p%C3%BAblico-line-0_603-Brasilia-1702-850942-242413-0,-1.0,-15.63797,-47.74717,,,,,2023-06-15T21:24:21+00:00
BRA_117439,Brasília,5300108,,Piracicabana,0.501,https://moovitapp.com/index/pt-br/transporte_p%C3%BAblico-line-0_501-Brasilia-1702-850942-663228-0,-1.0,-15.64756,-47.78637,,,,,2023-06-15T21:24:21+00:00
BRA_117251,Brasília,5300108,,Piracicabana,067.3,https://moovitapp.com/index/pt-br/transporte_p%C3%BAblico-line-067_3-Brasilia-1702-850942-339294-0,-1.0,-15.64672,-47.65029,,,,,2023-06-15T21:24:21+00:00
BRA_117579,Brasília,5300108,,Piracicabana,0.501,https://moovitapp.com/index/pt-br/transporte_p%C3%BAblico-line-0_501-Brasilia-1702-850942-663228-0,-1.0,-15.81921,-47.90365,,,,,2023-06-15T21:24:21+00:00
BRA_117633,Brasília,5300108,,Piracicabana,501.3,https://moovitapp.com/index/pt-br/transporte_p%C3%BAblico-line-501_3-Brasilia-1702-850942-242472-0,-1.0,-15.6353,-47.82277,,,,,2023-06-15T21:24:21+00:00
BRA_115339,Brasília,5300108,,Piracicabana,0.109,https://moovitapp.com/index/pt-br/transporte_p%C3%BAblico-line-0_109-Brasilia-1702-850942-139332631-0,-1.0,-15.79902,-47.86274,,,,,2023-06-15T21:24:21+00:00
BRA_115908,Brasília,5300108,,Piracicabana,501.4,https://moovitapp.com/index/pt-br/transporte_p%C3%BAblico-line-501_4-Brasilia-1702-850942-775096-0,-1.0,-15.66488,-47.84169,,,,,2023-06-15T21:24:21+00:00
BRA_116441,Brasília,5300108,,Piracicabana,0.151,https://moovitapp.com/index/pt-br/transporte_p%C3%BAblico-line-0_151-Brasilia-1702-850942-775087-0,-1.0,-15.82749,-47.92683,,,,,2023-06-15T21:24:21+00:00
BRA_116068,Brasília,5300108,,Piracicabana,0.509,https://moovitapp.com/index/pt-br/transporte_p%C3%BAblico-line-0_509-Brasilia-1702-850942-242397-0,-1.0,-15.83087,-47.92999,,,,,2023-06-15T21:24:21+00:00
BRA_121045,Brasília,5300108,,Piracicabana,115.1,https://moovitapp.com/index/pt-br/transporte_p%C3%BAblico-line-115_1-Brasilia-1702-850942-242436-0,-1.0,-15.78671,-47.87345,,,,,2023-06-15T21:24:21+00:00
BRA_119482,Brasília,5300108,,Piracicabana,0.525,https://moovitapp.com/index/pt-br/transporte_p%C3%BAblico-line-0_525-Brasilia-1702-850942-770024-0,-1.0,-15.81997,-47.90356,,,,,2023-06-15T21:24:21+00:00
BRA_119652,Brasília,5300108,,Piracicabana,519.2,https://moovitapp.com/index/pt-br/transporte_p%C3%BAblico-line-519_2-Brasilia-1702-850942-242483-0,-1.0,-15.79186,-47.88265,,,,,2023-06-15T21:24:21+00:00
BRA_120766,Brasília,5300108,,Piracicabana,156.6,https://moovitapp.com/index/pt-br/transporte_p%C3%BAblico-line-156_6-Brasilia-1702-850942-516629-0,-1.0,-15.7851,-47.91219,,,,1,2023-06-15T21:24:22+00:00
BRA_120588,Brasília,5300108,,Piracicabana,066.3,https://moovitapp.com/index/pt-br/transporte_p%C3%BAblico-line-066_3-Brasilia-1702-850942-513542-0,-1.0,-15.61069,-47.69219,,,,,2023-06-15T21:24:22+00:00
BRA_116025,Brasília,5300108,,Piracicabana,0.513,https://moovitapp.com/index/pt-br/transporte_p%C3%BAblico-line-0_513-Brasilia-1702-850942-242399-0,-1.0,-15.73417,-47.89741,,,,1,2023-06-15T21:24:22+00:00
BRA_117242,Brasília,5300108,,Piracicabana,640.2,https://moovitapp.com/index/pt-br/transporte_p%C3%BAblico-line-640_2-Brasilia-1702-850942-697957-0,-1.0,-15.6378,-47.74699,,,,,2023-06-15T21:24:22+00:00
BRA_118419,Brasília,5300108,,Piracicabana,0.104,https://moovitapp.com/index/pt-br/transporte_p%C3%BAblico-line-0_104-Brasilia-1702-850942-242376-0,-1.0,-15.7941,-47.88196,,,,1,2023-06-15T21:24:22+00:00
BRA_116769,Brasília,5300108,,Piracicabana,151.2,https://moovitapp.com/index/pt-br/transporte_p%C3%BAblico-line-151_2-Brasilia-1702-850942-242458-0,-1.0,-15.76009,-47.89201,,,,,2023-06-15T21:24:23+00:00
BRA_116343,Brasília,5300108,,Piracicabana,067.3,https://moovitapp.com/index/pt-br/transporte_p%C3%BAblico-line-067_3-Brasilia-1702-850942-339294-0,-1.0,-15.65717,-47.64931,,,,,2023-06-15T21:24:23+00:00
BRA_120341,Brasília,5300108,,Piracicabana,630.1,https://moovitapp.com/index/pt-br/transporte_p%C3%BAblico-line-630_1-Brasilia-1702-850942-476290-0,-1.0,-15.79504,-47.88122,,,,,2023-06-15T21:24:23+00:00
BRA_119814,Brasília,5300108,,Piracicabana,640.2,https://moovitapp.com/index/pt-br/transporte_p%C3%BAblico-line-640_2-Brasilia-1702-850942-697957-0,-1.0,-15.82525,-47.92409,,,,,2023-06-15T21:24:23+00:00
BRA_121002,Brasília,5300108,,Piracicabana,0.601,https://moovitapp.com/index/pt-br/transporte_p%C3%BAblico-line-0_601-Brasilia-1702-850942-242411-0,-1.0,-15.61515,-47.64572,,,,,2023-06-15T21:24:23+00:00
BRA_121070,Brasília,5300108,,Piracicabana,616.9,https://moovitapp.com/index/pt-br/transporte_p%C3%BAblico-line-616_9-Brasilia-1702-850942-128977719-0,-1.0,-15.79399,-47.88206,,,,1,2023-06-15T21:24:23+00:00
BRA_118818,Brasília,5300108,,Piracicabana,136.6,https://moovitapp.com/index/pt-br/transporte_p%C3%BAblico-line-136_6-Brasilia-1702-850942-773700-0,-1.0,-15.81695,-47.91215,,,,1,2023-06-15T21:24:24+00:00
BRA_116947,Brasília,5300108,,Piracicabana,0.024,https://moovitapp.com/index/pt-br/transporte_p%C3%BAblico-line-0_024-Brasilia-1702-850942-781320-0,-1.0,-15.78339,-47.87946,,,,1,2023-06-15T21:24:24+00:00
BRA_117552,Brasília,5300108,,Piracicabana,0.601,https://moovitapp.com/index/pt-br/transporte_p%C3%BAblico-line-0_601-Brasilia-1702-850942-242411-0,-1.0,-15.62024,-47.71489,,,,,2023-06-15T21:24:24+00:00
BRA_116114,Brasília,5300108,,Piracicabana,064.1,https://moovitapp.com/index/pt-br/transporte_p%C3%BAblico-line-064_1-Brasilia-1702-850942-339292-0,-1.0,-15.64346,-47.64537,,,,,2023-06-15T21:24:25+00:00
BRA_116408,Brasília,5300108,,Piracicabana,0.007,https://moovitapp.com/index/pt-br/transporte_p%C3%BAblico-line-0_007-Brasilia-1702-850942-775080-0,-1.0,-15.75068,-47.895,,,,1,2023-06-15T21:24:26+00:00
BRA_115321,Brasília,5300108,,Piracicabana,102.7,https://moovitapp.com/index/pt-br/transporte_p%C3%BAblico-line-102_7-Brasilia-1702-850942-6676988-0,-1.0,-15.84792,-47.93155,,,,,2023-06-15T21:24:28+00:00
BRA_116742,Brasília,5300108,,Piracicabana,0.107,https://moovitapp.com/index/pt-br/transporte_p%C3%BAblico-line-0_107-Brasilia-1702-850942-242377-0,-1.0,-15.80153,-47.89438,,,,,2023-06-15T21:24:29+00:00
BRA_116637,Brasília,5300108,,Piracicabana,0.007,https://moovitapp.com/index/pt-br/transporte_p%C3%BAblico-line-0_007-Brasilia-1702-850942-775080-0,-1.0,-15.80117,-47.89438,,,,,2023-06-15T21:24:29+00:00
BRA_118052,Brasília,5300108,,Piracicabana,106.2,https://moovitapp.com/index/pt-br/transporte_p%C3%BAblico-line-106_2-Brasilia-1702-850942-242433-0,-1.0,-15.76309,-47.8909,,,,,2023-06-15T21:24:31+00:00
BRA_119946,Brasília,5300108,,Piracicabana,162.1,https://moovitapp.com/index/pt-br/transporte_p%C3%BAblico-line-162_1-Brasilia-1702-850942-762425-0,-1.0,-15.79374,-47.88317,,,,1,2023-06-15T21:24:33+00:00
BRA_120090,Brasília,5300108,,Piracicabana,104.1,https://moovitapp.com/index/pt-br/transporte_p%C3%BAblico-line-104_1-Brasilia-1702-850942-242430-0,-1.0,-15.61854,-47.65408,,,,1,2023-06-15T21:24:33+00:00
BRA_118117,Brasília,5300108,,Piracicabana,0.640,https://moovitapp.com/index/pt-br/transporte_p%C3%BAblico-line-0_640-Brasilia-1702-850942-242423-0,-1.0,-15.75072,-47.89503,,,,1,2023-06-15T21:24:33+00:00
BRA_119717,Brasília,5300108,,Piracicabana,0.526,https://moovitapp.com/index/pt-br/transporte_p%C3%BAblico-line-0_526-Brasilia-1702-850942-242406-0,-1.0,-15.82148,-47.9185,,,,,2023-06-15T21:24:35+00:00
BRA_118575,Brasília,5300108,,Piracicabana,143.2,https://moovitapp.com/index/pt-br/transporte_p%C3%BAblico-line-143_2-Brasilia-1702-850942-556806-0,-1.0,-15.79371,-47.88312,,,,1,2023-06-15T21:24:37+00:00
