bus_id,city,city_code,adapted,agency,line_code,line_url,line_fare,latitude,longitude,bus_speed,is_eletric,bus_type,bus_direction,updated_at
BRA_338249,Brasília,5300108,,Urbi,870.1,https://moovitapp.com/index/pt-br/transporte_p%C3%BAblico-line-870_1-Brasilia-1702-851595-715272-0,-1.0,-15.92148,-48.10717,0.0,,,1,2023-06-15T02:45:43+00:00
BRA_339938,Brasília,5300108,,Urbi,0.163,https://moovitapp.com/index/pt-br/transporte_p%C3%BAblico-line-0_163-Brasilia-1702-851595-352629-0,-1.0,-15.86788,-47.96343,8.06,,,1,2023-06-15T12:01:12+00:00
BRA_335878,Brasília,5300108,,Urbi,373.2,https://moovitapp.com/index/pt-br/transporte_p%C3%BAblico-line-373_2-Brasilia-1702-851595-334084-0,-1.0,-15.84498,-47.93564,0.0,,,1,2023-06-15T12:05:28+00:00
BRA_335401,Brasília,5300108,,Urbi,393.4,https://moovitapp.com/index/pt-br/transporte_p%C3%BAblico-line-393_4-Brasilia-1702-851595-588816-0,-1.0,-15.90241,-48.1297,0.0,,,2,2023-06-15T12:11:34+00:00
BRA_340154,Brasília,5300108,,Urbi,373.2,https://moovitapp.com/index/pt-br/transporte_p%C3%BAblico-line-373_2-Brasilia-1702-851595-334084-0,-1.0,-15.86364,-48.07872,15.56,,,1,2023-06-15T12:12:31+00:00
BRA_337498,Brasília,5300108,,Urbi,870.7,https://moovitapp.com/index/pt-br/transporte_p%C3%BAblico-line-870_7-Brasilia-1702-851595-531037-0,-1.0,-15.84475,-47.94169,0.0,,,1,2023-06-15T12:14:36+00:00
BRA_338575,Brasília,5300108,,Urbi,0.805,https://moovitapp.com/index/pt-br/transporte_p%C3%BAblico-line-0_805-Brasilia-1702-851595-460800-0,-1.0,-15.89766,-48.05587,15.56,,,1,2023-06-15T12:14:54+00:00
BRA_340677,Brasília,5300108,,Urbi,3804,https://moovitapp.com/index/pt-br/transporte_p%C3%BAblico-line-3804-Brasilia-1702-851595-91943130-0,-1.0,-15.87153,-48.09185,8.06,,,1,2023-06-15T12:15:03+00:00
BRA_337510,Brasília,5300108,,Urbi,0.872,https://moovitapp.com/index/pt-br/transporte_p%C3%BAblico-line-0_872-Brasilia-1702-851595-466291-0,-1.0,-15.86409,-48.03431,10.28,,,1,2023-06-15T12:16:26+00:00
BRA_340529,Brasília,5300108,,Urbi,0.082,https://moovitapp.com/index/pt-br/transporte_p%C3%BAblico-line-0_082-Brasilia-1702-851595-781326-0,-1.0,-15.75573,-47.92763,12.5,,,1,2023-06-15T12:16:29+00:00
BRA_340359,Brasília,5300108,,Urbi,0.346,https://moovitapp.com/index/pt-br/transporte_p%C3%BAblico-line-0_346-Brasilia-1702-851595-46461186-0,-1.0,-15.81014,-48.06868,0.28,,,2,2023-06-15T12:16:29+00:00
BRA_337048,Brasília,5300108,,Urbi,0.087,https://moovitapp.com/index/pt-br/transporte_p%C3%BAblico-line-0_087-Brasilia-1702-851595-242519-0,-1.0,-15.8762,-48.04795,17.5,,,1,2023-06-15T12:16:35+00:00
BRA_338524,Brasília,5300108,,Urbi,813.2,https://moovitapp.com/index/pt-br/transporte_p%C3%BAblico-line-813_2-Brasilia-1702-851595-242636-0,-1.0,-15.86736,-47.9669,15.83,,,1,2023-06-15T12:17:12+00:00
BRA_339539,Brasília,5300108,,Urbi,0.806,https://moovitapp.com/index/pt-br/transporte_p%C3%BAblico-line-0_806-Brasilia-1702-851595-339299-0,-1.0,-15.88214,-48.06033,12.5,,,1,2023-06-15T12:17:22+00:00
BRA_340570,Brasília,5300108,,Urbi,0.391,https://moovitapp.com/index/pt-br/transporte_p%C3%BAblico-line-0_391-Brasilia-1702-851595-372354-0,-1.0,-15.89203,-48.1469,14.72,,,1,2023-06-15T12:17:25+00:00
BRA_339857,Brasília,5300108,,Urbi,0.050,https://moovitapp.com/index/pt-br/transporte_p%C3%BAblico-line-0_050-Brasilia-1702-851595-781325-0,-1.0,-15.87585,-48.11067,13.89,,,1,2023-06-15T12:17:32+00:00
BRA_337412,Brasília,5300108,,Urbi,084.1,https://moovitapp.com/index/pt-br/transporte_p%C3%BAblico-line-084_1-Brasilia-1702-851595-466292-0,-1.0,-15.79658,-47.93337,6.67,,,1,2023-06-15T12:17:32+00:00
BRA_336190,Brasília,5300108,,Urbi,0.380,https://moovitapp.com/index/pt-br/transporte_p%C3%BAblico-line-0_380-Brasilia-1702-851595-334073-0,-1.0,-15.81171,-47.99746,19.44,,,2,2023-06-15T12:17:33+00:00
BRA_338338,Brasília,5300108,,Urbi,0.882,https://moovitapp.com/index/pt-br/transporte_p%C3%BAblico-line-0_882-Brasilia-1702-851595-363858-0,-1.0,-15.79106,-47.88689,0.0,,,2,2023-06-15T12:17:43+00:00
BRA_339351,Brasília,5300108,,Urbi,0.845,https://moovitapp.com/index/pt-br/transporte_p%C3%BAblico-line-0_845-Brasilia-1702-851595-339304-0,-1.0,-15.78098,-47.93994,4.44,,,2,2023-06-15T12:17:46+00:00
BRA_337625,Brasília,5300108,,Urbi,813.2,https://moovitapp.com/index/pt-br/transporte_p%C3%BAblico-line-813_2-Brasilia-1702-851595-242636-0,-1.0,-15.73618,-47.90702,0.0,,,2,2023-06-15T12:17:50+00:00
BRA_339199,Brasília,5300108,,Urbi,373.2,https://moovitapp.com/index/pt-br/transporte_p%C3%BAblico-line-373_2-Brasilia-1702-851595-334084-0,-1.0,-15.86968,-48.05682,12.22,,,1,2023-06-15T12:18:01+00:00
BRA_337811,Brasília,5300108,,Urbi,870.7,https://moovitapp.com/index/pt-br/transporte_p%C3%BAblico-line-870_7-Brasilia-1702-851595-531037-0,-1.0,-15.79588,-47.88334,0.0,,,1,2023-06-15T12:18:07+00:00
BRA_339661,Brasília,5300108,,Urbi,397.2,https://moovitapp.com/index/pt-br/transporte_p%C3%BAblico-line-397_2-Brasilia-1702-851595-890938-0,-1.0,-15.87779,-48.10072,7.22,,,1,2023-06-15T12:18:13+00:00
BRA_339822,Brasília,5300108,,Urbi,372.3,https://moovitapp.com/index/pt-br/transporte_p%C3%BAblico-line-372_3-Brasilia-1702-851595-641001-0,-1.0,-15.80723,-48.08075,1.11,,,2,2023-06-15T12:18:13+00:00
BRA_337200,Brasília,5300108,,Urbi,0.087,https://moovitapp.com/index/pt-br/transporte_p%C3%BAblico-line-0_087-Brasilia-1702-851595-242519-0,-1.0,-15.80713,-47.94724,10.83,,,1,2023-06-15T12:18:22+00:00
BRA_338583,Brasília,5300108,,Urbi,813.2,https://moovitapp.com/index/pt-br/transporte_p%C3%BAblico-line-813_2-Brasilia-1702-851595-242636-0,-1.0,-15.90164,-48.0577,11.94,,,2,2023-06-15T12:18:25+00:00
BRA_338401,Brasília,5300108,,Urbi,0.808,https://moovitapp.com/index/pt-br/transporte_p%C3%BAblico-line-0_808-Brasilia-1702-851595-372359-0,-1.0,-15.89229,-48.05729,8.33,,,2,2023-06-15T12:18:25+00:00
BRA_338176,Brasília,5300108,,Urbi,0.087,https://moovitapp.com/index/pt-br/transporte_p%C3%BAblico-line-0_087-Brasilia-1702-851595-242519-0,-1.0,-15.87658,-47.99504,5.28,,,1,2023-06-15T12:18:26+00:00
BRA_340405,Brasília,5300108,,Urbi,396.2,https://moovitapp.com/index/pt-br/transporte_p%C3%BAblico-line-396_2-Brasilia-1702-851595-372377-0,-1.0,-15.832,-47.95138,8.33,,,1,2023-06-15T12:18:26+00:00
BRA_340448,Brasília,5300108,,Urbi,366.1,https://moovitapp.com/index/pt-br/transporte_p%C3%BAblico-line-366_1-Brasilia-1702-851595-425249-0,-1.0,-15.86536,-48.05891,3.33,,,1,2023-06-15T12:18:27+00:00
BRA_340278,Brasília,5300108,,Urbi,366.7,https://moovitapp.com/index/pt-br/transporte_p%C3%BAblico-line-366_7-Brasilia-1702-851595-650086-0,-1.0,-15.87495,-48.08877,12.5,,,1,2023-06-15T12:18:27+00:00
BRA_335614,Brasília,5300108,,Urbi,0.373,https://moovitapp.com/index/pt-br/transporte_p%C3%BAblico-line-0_373-Brasilia-1702-851595-334072-0,-1.0,-15.89089,-48.14533,15.83,,,1,2023-06-15T12:18:27+00:00
BRA_337617,Brasília,5300108,,Urbi,0.811,https://moovitapp.com/index/pt-br/transporte_p%C3%BAblico-line-0_811-Brasilia-1702-851595-334078-0,-1.0,-15.76471,-47.89048,10.56,,,1,2023-06-15T12:18:27+00:00
BRA_337668,Brasília,5300108,,Urbi,871.3,https://moovitapp.com/index/pt-br/transporte_p%C3%BAblico-line-871_3-Brasilia-1702-851595-588820-0,-1.0,-15.84536,-47.95413,19.72,,,2,2023-06-15T12:18:28+00:00
BRA_335541,Brasília,5300108,,Urbi,056.2,https://moovitapp.com/index/pt-br/transporte_p%C3%BAblico-line-056_2-Brasilia-1702-851595-492982-0,-1.0,-15.85943,-48.07066,5.0,,,1,2023-06-15T12:18:29+00:00
BRA_340189,Brasília,5300108,,Urbi,0.391,https://moovitapp.com/index/pt-br/transporte_p%C3%BAblico-line-0_391-Brasilia-1702-851595-372354-0,-1.0,-15.85406,-48.07312,1.94,,,1,2023-06-15T12:18:29+00:00
BRA_339873,Brasília,5300108,,Urbi,0.053,https://moovitapp.com/index/pt-br/transporte_p%C3%BAblico-line-0_053-Brasilia-1702-851595-588803-0,-1.0,-15.89723,-48.12718,19.44,,,1,2023-06-15T12:18:30+00:00
BRA_335924,Brasília,5300108,,Urbi,0.373,https://moovitapp.com/index/pt-br/transporte_p%C3%BAblico-line-0_373-Brasilia-1702-851595-334072-0,-1.0,-15.83166,-47.92225,18.89,,,2,2023-06-15T12:18:30+00:00
BRA_336386,Brasília,5300108,,Urbi,0.394,https://moovitapp.com/index/pt-br/transporte_p%C3%BAblico-line-0_394-Brasilia-1702-851595-334076-0,-1.0,-15.78972,-47.90229,12.22,,,1,2023-06-15T12:18:32+00:00
BRA_339741,Brasília,5300108,,Urbi,0.399,https://moovitapp.com/index/pt-br/transporte_p%C3%BAblico-line-0_399-Brasilia-1702-851595-454964-0,-1.0,-15.83417,-48.08088,0.0,,,1,2023-06-15T12:18:33+00:00
BRA_339865,Brasília,5300108,,Urbi,393.4,https://moovitapp.com/index/pt-br/transporte_p%C3%BAblico-line-393_4-Brasilia-1702-851595-588816-0,-1.0,-15.81967,-48.06539,0.0,,,1,2023-06-15T12:18:35+00:00
BRA_338346,Brasília,5300108,,Urbi,0.175,https://moovitapp.com/index/pt-br/transporte_p%C3%BAblico-line-0_175-Brasilia-1702-851595-242526-0,-1.0,-15.75386,-47.8941,5.83,,,1,2023-06-15T12:18:36+00:00
BRA_338460,Brasília,5300108,,Urbi,0.038,https://moovitapp.com/index/pt-br/transporte_p%C3%BAblico-line-0_038-Brasilia-1702-851595-687419-0,-1.0,-15.88457,-48.02068,4.17,,,1,2023-06-15T12:18:38+00:00
BRA_336904,Brasília,5300108,,Urbi,0.882,https://moovitapp.com/index/pt-br/transporte_p%C3%BAblico-line-0_882-Brasilia-1702-851595-363858-0,-1.0,-15.87627,-48.02765,17.78,,,1,2023-06-15T12:18:38+00:00
BRA_336301,Brasília,5300108,,Urbi,0.380,https://moovitapp.com/index/pt-br/transporte_p%C3%BAblico-line-0_380-Brasilia-1702-851595-334073-0,-1.0,-15.88662,-48.14695,6.67,,,2,2023-06-15T12:18:39+00:00
BRA_336874,Brasília,5300108,,Urbi,0.871,https://moovitapp.com/index/pt-br/transporte_p%C3%BAblico-line-0_871-Brasilia-1702-851595-418741-0,-1.0,-15.80807,-47.93137,7.5,,,1,2023-06-15T12:18:40+00:00
BRA_338931,Brasília,5300108,,Urbi,0.872,https://moovitapp.com/index/pt-br/transporte_p%C3%BAblico-line-0_872-Brasilia-1702-851595-466291-0,-1.0,-15.83295,-48.05732,0.0,,,1,2023-06-15T12:18:40+00:00
BRA_337323,Brasília,5300108,,Urbi,0.176,https://moovitapp.com/index/pt-br/transporte_p%C3%BAblico-line-0_176-Brasilia-1702-851595-242527-0,-1.0,-15.80792,-47.88253,6.11,,,2,2023-06-15T12:18:40+00:00
BRA_337641,Brasília,5300108,,Urbi,0.811,https://moovitapp.com/index/pt-br/transporte_p%C3%BAblico-line-0_811-Brasilia-1702-851595-334078-0,-1.0,-15.78373,-47.88754,0.0,,,1,2023-06-15T12:18:40+00:00
BRA_338010,Brasília,5300108,,Urbi,805.2,https://moovitapp.com/index/pt-br/transporte_p%C3%BAblico-line-805_2-Brasilia-1702-851595-454981-0,-1.0,-15.90196,-48.05891,10.28,,,1,2023-06-15T12:18:41+00:00
BRA_339369,Brasília,5300108,,Urbi,366.1,https://moovitapp.com/index/pt-br/transporte_p%C3%BAblico-line-366_1-Brasilia-1702-851595-425249-0,-1.0,-15.88817,-48.15003,9.17,,,2,2023-06-15T12:18:41+00:00
BRA_339253,Brasília,5300108,,Urbi,0.050,https://moovitapp.com/index/pt-br/transporte_p%C3%BAblico-line-0_050-Brasilia-1702-851595-781325-0,-1.0,-15.88032,-48.12156,12.5,,,1,2023-06-15T12:18:42+00:00
BRA_337170,Brasília,5300108,,Urbi,0.873,https://moovitapp.com/index/pt-br/transporte_p%C3%BAblico-line-0_873-Brasilia-1702-851595-510238-0,-1.0,-15.82061,-48.11042,0.0,,,2,2023-06-15T12:18:42+00:00
BRA_340138,Brasília,5300108,,Urbi,0.821,https://moovitapp.com/index/pt-br/transporte_p%C3%BAblico-line-0_821-Brasilia-1702-851595-334080-0,-1.0,-15.87786,-48.00962,8.06,,,2,2023-06-15T12:18:43+00:00
BRA_337714,Brasília,5300108,,Urbi,812.1,https://moovitapp.com/index/pt-br/transporte_p%C3%BAblico-line-812_1-Brasilia-1702-851595-372386-0,-1.0,-15.80912,-48.15364,0.0,,,1,2023-06-15T12:18:44+00:00
BRA_336220,Brasília,5300108,,Urbi,0.394,https://moovitapp.com/index/pt-br/transporte_p%C3%BAblico-line-0_394-Brasilia-1702-851595-334076-0,-1.0,-15.81119,-47.94218,11.11,,,1,2023-06-15T12:18:45+00:00
BRA_336688,Brasília,5300108,,Urbi,367.2,https://moovitapp.com/index/pt-br/transporte_p%C3%BAblico-line-367_2-Brasilia-1702-851595-454971-0,-1.0,-15.85848,-48.06888,11.94,,,1,2023-06-15T12:18:45+00:00
BRA_335487,Brasília,5300108,,Urbi,367.2,https://moovitapp.com/index/pt-br/transporte_p%C3%BAblico-line-367_2-Brasilia-1702-851595-454971-0,-1.0,-15.88445,-48.11612,14.17,,,1,2023-06-15T12:18:47+00:00
BRA_336912,Brasília,5300108,,Urbi,086.1,https://moovitapp.com/index/pt-br/transporte_p%C3%BAblico-line-086_1-Brasilia-1702-851595-481321-0,-1.0,-15.80066,-47.9502,2.22,,,1,2023-06-15T12:18:48+00:00
BRA_338621,Brasília,5300108,,Urbi,813.2,https://moovitapp.com/index/pt-br/transporte_p%C3%BAblico-line-813_2-Brasilia-1702-851595-242636-0,-1.0,-15.86755,-47.96792,15.0,,,2,2023-06-15T12:18:49+00:00
BRA_336921,Brasília,5300108,,Urbi,807.8,https://moovitapp.com/index/pt-br/transporte_p%C3%BAblico-line-807_8-Brasilia-1702-851595-322408-0,-1.0,-15.93415,-48.04089,17.22,,,1,2023-06-15T12:18:50+00:00
BRA_336823,Brasília,5300108,,Urbi,038.1,https://moovitapp.com/index/pt-br/transporte_p%C3%BAblico-line-038_1-Brasilia-1702-851595-781327-0,-1.0,-15.87069,-48.01809,2.78,,,1,2023-06-15T12:18:52+00:00
BRA_339440,Brasília,5300108,,Urbi,807.8,https://moovitapp.com/index/pt-br/transporte_p%C3%BAblico-line-807_8-Brasilia-1702-851595-322408-0,-1.0,-15.89101,-48.04978,10.28,,,2,2023-06-15T12:18:52+00:00
BRA_336629,Brasília,5300108,,Urbi,813.1,https://moovitapp.com/index/pt-br/transporte_p%C3%BAblico-line-813_1-Brasilia-1702-851595-242635-0,-1.0,-15.85668,-48.03788,11.39,,,1,2023-06-15T12:18:53+00:00
BRA_337935,Brasília,5300108,,Urbi,0.808,https://moovitapp.com/index/pt-br/transporte_p%C3%BAblico-line-0_808-Brasilia-1702-851595-372359-0,-1.0,-15.90297,-48.06103,9.44,,,1,2023-06-15T12:18:53+00:00
BRA_337927,Brasília,5300108,,Urbi,0.882,https://moovitapp.com/index/pt-br/transporte_p%C3%BAblico-line-0_882-Brasilia-1702-851595-363858-0,-1.0,-15.80502,-47.92457,7.5,,,1,2023-06-15T12:18:54+00:00
BRA_336882,Brasília,5300108,,Urbi,872.2,https://moovitapp.com/index/pt-br/transporte_p%C3%BAblico-line-872_2-Brasilia-1702-851595-425251-0,-1.0,-15.86599,-48.03285,14.72,,,1,2023-06-15T12:18:55+00:00
BRA_340472,Brasília,5300108,,Urbi,396.3,https://moovitapp.com/index/pt-br/transporte_p%C3%BAblico-line-396_3-Brasilia-1702-851595-372378-0,-1.0,-15.81427,-47.93777,1.39,,,1,2023-06-15T12:18:55+00:00
BRA_337536,Brasília,5300108,,Urbi,871.3,https://moovitapp.com/index/pt-br/transporte_p%C3%BAblico-line-871_3-Brasilia-1702-851595-588820-0,-1.0,-15.91988,-48.04977,0.0,,,2,2023-06-15T12:18:56+00:00
BRA_337463,Brasília,5300108,,Urbi,813.2,https://moovitapp.com/index/pt-br/transporte_p%C3%BAblico-line-813_2-Brasilia-1702-851595-242636-0,-1.0,-15.73597,-47.90726,0.0,,,2,2023-06-15T12:18:56+00:00
BRA_340502,Brasília,5300108,,Urbi,0.392,https://moovitapp.com/index/pt-br/transporte_p%C3%BAblico-line-0_392-Brasilia-1702-851595-334075-0,-1.0,-15.86737,-47.96697,15.0,,,1,2023-06-15T12:18:57+00:00
BRA_336041,Brasília,5300108,,Urbi,056.2,https://moovitapp.com/index/pt-br/transporte_p%C3%BAblico-line-056_2-Brasilia-1702-851595-492982-0,-1.0,-15.84399,-48.10459,9.17,,,1,2023-06-15T12:18:58+00:00
BRA_337587,Brasília,5300108,,Urbi,871.3,https://moovitapp.com/index/pt-br/transporte_p%C3%BAblico-line-871_3-Brasilia-1702-851595-588820-0,-1.0,-15.81318,-47.90715,14.72,,,1,2023-06-15T12:18:58+00:00
BRA_339792,Brasília,5300108,,Urbi,398.3,https://moovitapp.com/index/pt-br/transporte_p%C3%BAblico-line-398_3-Brasilia-1702-851595-706973-0,-1.0,-15.88466,-48.10125,12.5,,,2,2023-06-15T12:18:59+00:00
BRA_339318,Brasília,5300108,,Urbi,391.3,https://moovitapp.com/index/pt-br/transporte_p%C3%BAblico-line-391_3-Brasilia-1702-851595-372373-0,-1.0,-15.85861,-47.95582,11.11,,,1,2023-06-15T12:18:59+00:00
BRA_339181,Brasília,5300108,,Urbi,391.3,https://moovitapp.com/index/pt-br/transporte_p%C3%BAblico-line-391_3-Brasilia-1702-851595-372373-0,-1.0,-15.87788,-48.01379,12.78,,,2,2023-06-15T12:19:00+00:00
BRA_338281,Brasília,5300108,,Urbi,0.368,https://moovitapp.com/index/pt-br/transporte_p%C3%BAblico-line-0_368-Brasilia-1702-851595-706971-0,-1.0,-15.83142,-48.05764,6.94,,,2,2023-06-15T12:19:00+00:00
BRA_336106,Brasília,5300108,,Urbi,871.3,https://moovitapp.com/index/pt-br/transporte_p%C3%BAblico-line-871_3-Brasilia-1702-851595-588820-0,-1.0,-15.89794,-48.05473,10.56,,,1,2023-06-15T12:19:01+00:00
BRA_333930,Brasília,5300108,,Urbi,0.054,https://moovitapp.com/index/pt-br/transporte_p%C3%BAblico-line-0_054-Brasilia-1702-851595-454960-0,-1.0,-15.90234,-48.12944,0.0,,,2,2023-06-15T12:19:01+00:00
BRA_338613,Brasília,5300108,,Urbi,086.1,https://moovitapp.com/index/pt-br/transporte_p%C3%BAblico-line-086_1-Brasilia-1702-851595-481321-0,-1.0,-15.87024,-47.97253,1.11,,,1,2023-06-15T12:19:01+00:00
BRA_338133,Brasília,5300108,,Urbi,0.038,https://moovitapp.com/index/pt-br/transporte_p%C3%BAblico-line-0_038-Brasilia-1702-851595-687419-0,-1.0,-15.80433,-48.07255,0.0,,,1,2023-06-15T12:19:01+00:00
BRA_339342,Brasília,5300108,,Urbi,3804,https://moovitapp.com/index/pt-br/transporte_p%C3%BAblico-line-3804-Brasilia-1702-851595-91943130-0,-1.0,-15.79643,-47.91294,8.61,,,1,2023-06-15T12:19:01+00:00
BRA_339334,Brasília,5300108,,Urbi,0.851,https://moovitapp.com/index/pt-br/transporte_p%C3%BAblico-line-0_851-Brasilia-1702-851595-372361-0,-1.0,-15.80381,-47.87839,13.33,,,1,2023-06-15T12:19:02+00:00
BRA_339377,Brasília,5300108,,Urbi,366.1,https://moovitapp.com/index/pt-br/transporte_p%C3%BAblico-line-366_1-Brasilia-1702-851595-425249-0,-1.0,-15.86542,-48.08095,0.0,,,1,2023-06-15T12:19:02+00:00
BRA_340022,Brasília,5300108,,Urbi,391.3,https://moovitapp.com/index/pt-br/transporte_p%C3%BAblico-line-391_3-Brasilia-1702-851595-372373-0,-1.0,-15.74058,-47.89837,18.06,,,1,2023-06-15T12:19:02+00:00
BRA_340456,Brasília,5300108,,Urbi,056.4,https://moovitapp.com/index/pt-br/transporte_p%C3%BAblico-line-056_4-Brasilia-1702-851595-519387-0,-1.0,-15.84951,-48.07393,17.22,,,1,2023-06-15T12:19:02+00:00
BRA_336408,Brasília,5300108,,Urbi,0.813,https://moovitapp.com/index/pt-br/transporte_p%C3%BAblico-line-0_813-Brasilia-1702-851595-651523-0,-1.0,-15.82356,-47.92136,9.72,,,1,2023-06-15T12:19:02+00:00
BRA_336483,Brasília,5300108,,Urbi,813.1,https://moovitapp.com/index/pt-br/transporte_p%C3%BAblico-line-813_1-Brasilia-1702-851595-242635-0,-1.0,-15.85828,-48.03743,13.89,,,2,2023-06-15T12:19:02+00:00
BRA_336556,Brasília,5300108,,Urbi,813.1,https://moovitapp.com/index/pt-br/transporte_p%C3%BAblico-line-813_1-Brasilia-1702-851595-242635-0,-1.0,-15.78399,-47.91613,0.0,,,2,2023-06-15T12:19:02+00:00
BRA_339733,Brasília,5300108,,Urbi,0.341,https://moovitapp.com/index/pt-br/transporte_p%C3%BAblico-line-0_341-Brasilia-1702-851595-37928003-0,-1.0,-15.83366,-48.05748,9.44,,,1,2023-06-15T12:19:03+00:00
BRA_339482,Brasília,5300108,,Urbi,038.1,https://moovitapp.com/index/pt-br/transporte_p%C3%BAblico-line-038_1-Brasilia-1702-851595-781327-0,-1.0,-15.84432,-48.0444,0.0,,,1,2023-06-15T12:19:03+00:00
BRA_339491,Brasília,5300108,,Urbi,807.6,https://moovitapp.com/index/pt-br/transporte_p%C3%BAblico-line-807_6-Brasilia-1702-851595-334092-0,-1.0,-15.91956,-48.0579,8.06,,,1,2023-06-15T12:19:03+00:00
BRA_337544,Brasília,5300108,,Urbi,0.811,https://moovitapp.com/index/pt-br/transporte_p%C3%BAblico-line-0_811-Brasilia-1702-851595-334078-0,-1.0,-15.73597,-47.90742,0.0,,,2,2023-06-15T12:19:03+00:00
BRA_339571,Brasília,5300108,,Urbi,805.8,https://moovitapp.com/index/pt-br/transporte_p%C3%BAblico-line-805_8-Brasilia-1702-851595-454982-0,-1.0,-15.90423,-48.06534,0.0,,,1,2023-06-15T12:19:03+00:00
BRA_336564,Brasília,5300108,,Urbi,813.1,https://moovitapp.com/index/pt-br/transporte_p%C3%BAblico-line-813_1-Brasilia-1702-851595-242635-0,-1.0,-15.92184,-48.10338,13.89,,,1,2023-06-15T12:19:03+00:00
BRA_335592,Brasília,5300108,,Urbi,0.851,https://moovitapp.com/index/pt-br/transporte_p%C3%BAblico-line-0_851-Brasilia-1702-851595-372361-0,-1.0,-15.76752,-47.87309,12.22,,,1,2023-06-15T12:19:03+00:00
BRA_333832,Brasília,5300108,,Urbi,0.171,https://moovitapp.com/index/pt-br/transporte_p%C3%BAblico-line-0_171-Brasilia-1702-851595-242524-0,-1.0,-15.8062,-47.89857,0.0,,,1,2023-06-15T12:19:03+00:00
BRA_339041,Brasília,5300108,,Urbi,0.175,https://moovitapp.com/index/pt-br/transporte_p%C3%BAblico-line-0_175-Brasilia-1702-851595-242526-0,-1.0,-15.86681,-47.96579,13.61,,,1,2023-06-15T12:19:03+00:00
BRA_339075,Brasília,5300108,,Urbi,0.177,https://moovitapp.com/index/pt-br/transporte_p%C3%BAblico-line-0_177-Brasilia-1702-851595-242528-0,-1.0,-15.91284,-48.05564,0.0,,,1,2023-06-15T12:19:03+00:00
BRA_339164,Brasília,5300108,,Urbi,0.808,https://moovitapp.com/index/pt-br/transporte_p%C3%BAblico-line-0_808-Brasilia-1702-851595-372359-0,-1.0,-15.78837,-48.1344,5.83,,,2,2023-06-15T12:19:03+00:00
BRA_338222,Brasília,5300108,,Urbi,0.898,https://moovitapp.com/index/pt-br/transporte_p%C3%BAblico-line-0_898-Brasilia-1702-851595-322394-0,-1.0,-15.94961,-48.03316,0.0,,,1,2023-06-15T12:19:03+00:00
BRA_337994,Brasília,5300108,,Urbi,805.1,https://moovitapp.com/index/pt-br/transporte_p%C3%BAblico-line-805_1-Brasilia-1702-851595-454980-0,-1.0,-15.91613,-48.09949,7.5,,,2,2023-06-15T12:19:03+00:00
BRA_340251,Brasília,5300108,,Urbi,0.129,https://moovitapp.com/index/pt-br/transporte_p%C3%BAblico-line-0_129-Brasilia-1702-851595-775097-0,-1.0,-15.87257,-47.95291,18.89,,,1,2023-06-15T12:19:03+00:00
BRA_339326,Brasília,5300108,,Urbi,160.2,https://moovitapp.com/index/pt-br/transporte_p%C3%BAblico-line-160_2-Brasilia-1702-851595-242581-0,-1.0,-15.79619,-47.87716,0.0,,,2,2023-06-15T12:19:03+00:00
BRA_336734,Brasília,5300108,,Urbi,0.050,https://moovitapp.com/index/pt-br/transporte_p%C3%BAblico-line-0_050-Brasilia-1702-851595-781325-0,-1.0,-15.87149,-48.10275,13.89,,,1,2023-06-15T12:19:04+00:00
BRA_340065,Brasília,5300108,,Urbi,0.050,https://moovitapp.com/index/pt-br/transporte_p%C3%BAblico-line-0_050-Brasilia-1702-851595-781325-0,-1.0,-15.81722,-48.06278,4.72,,,1,2023-06-15T12:19:04+00:00
BRA_340553,Brasília,5300108,,Urbi,056.4,https://moovitapp.com/index/pt-br/transporte_p%C3%BAblico-line-056_4-Brasilia-1702-851595-519387-0,-1.0,-15.8202,-48.11036,0.0,,,1,2023-06-15T12:19:04+00:00
BRA_337960,Brasília,5300108,,Urbi,0.898,https://moovitapp.com/index/pt-br/transporte_p%C3%BAblico-line-0_898-Brasilia-1702-851595-322394-0,-1.0,-15.84454,-48.10509,7.22,,,1,2023-06-15T12:19:04+00:00
BRA_338966,Brasília,5300108,,Urbi,870.7,https://moovitapp.com/index/pt-br/transporte_p%C3%BAblico-line-870_7-Brasilia-1702-851595-531037-0,-1.0,-15.87479,-47.98135,3.33,,,1,2023-06-15T12:19:04+00:00
BRA_333913,Brasília,5300108,,Urbi,0.825,https://moovitapp.com/index/pt-br/transporte_p%C3%BAblico-line-0_825-Brasilia-1702-851595-334081-0,-1.0,-15.84547,-47.92272,0.28,,,1,2023-06-15T12:19:04+00:00
BRA_333972,Brasília,5300108,,Urbi,396.2,https://moovitapp.com/index/pt-br/transporte_p%C3%BAblico-line-396_2-Brasilia-1702-851595-372377-0,-1.0,-15.88113,-48.05753,14.17,,,2,2023-06-15T12:19:04+00:00
BRA_335738,Brasília,5300108,,Urbi,0.844,https://moovitapp.com/index/pt-br/transporte_p%C3%BAblico-line-0_844-Brasilia-1702-851595-519386-0,-1.0,-15.89073,-48.14408,8.89,,,1,2023-06-15T12:19:04+00:00
BRA_336327,Brasília,5300108,,Urbi,394.1,https://moovitapp.com/index/pt-br/transporte_p%C3%BAblico-line-394_1-Brasilia-1702-851595-334089-0,-1.0,-15.87743,-48.04988,17.22,,,1,2023-06-15T12:19:04+00:00
BRA_336262,Brasília,5300108,,Urbi,0.394,https://moovitapp.com/index/pt-br/transporte_p%C3%BAblico-line-0_394-Brasilia-1702-851595-334076-0,-1.0,-15.87975,-48.06118,13.06,,,2,2023-06-15T12:19:04+00:00
BRA_336009,Brasília,5300108,,Urbi,0.366,https://moovitapp.com/index/pt-br/transporte_p%C3%BAblico-line-0_366-Brasilia-1702-851595-650085-0,-1.0,-15.87409,-48.08498,0.0,,,2,2023-06-15T12:19:04+00:00
BRA_336203,Brasília,5300108,,Urbi,0.394,https://moovitapp.com/index/pt-br/transporte_p%C3%BAblico-line-0_394-Brasilia-1702-851595-334076-0,-1.0,-15.89408,-48.1195,0.0,,,1,2023-06-15T12:19:05+00:00
BRA_336335,Brasília,5300108,,Urbi,0.380,https://moovitapp.com/index/pt-br/transporte_p%C3%BAblico-line-0_380-Brasilia-1702-851595-334073-0,-1.0,-15.80867,-47.95812,0.0,,,1,2023-06-15T12:19:05+00:00
BRA_335690,Brasília,5300108,,Urbi,0.056,https://moovitapp.com/index/pt-br/transporte_p%C3%BAblico-line-0_056-Brasilia-1702-851595-588804-0,-1.0,-15.84746,-48.0745,17.78,,,1,2023-06-15T12:19:05+00:00
BRA_335371,Brasília,5300108,,Urbi,0.163,https://moovitapp.com/index/pt-br/transporte_p%C3%BAblico-line-0_163-Brasilia-1702-851595-352629-0,-1.0,-15.82703,-47.93194,0.0,,,1,2023-06-15T12:19:05+00:00
BRA_335479,Brasília,5300108,,Urbi,396.2,https://moovitapp.com/index/pt-br/transporte_p%C3%BAblico-line-396_2-Brasilia-1702-851595-372377-0,-1.0,-15.73651,-47.90716,2.5,,,2,2023-06-15T12:19:05+00:00
BRA_335444,Brasília,5300108,,Urbi,0.825,https://moovitapp.com/index/pt-br/transporte_p%C3%BAblico-line-0_825-Brasilia-1702-851595-334081-0,-1.0,-15.88993,-48.10304,8.33,,,2,2023-06-15T12:19:05+00:00
BRA_337528,Brasília,5300108,,Urbi,874.4,https://moovitapp.com/index/pt-br/transporte_p%C3%BAblico-line-874_4-Brasilia-1702-851595-775106-0,-1.0,-15.78989,-47.90171,18.89,,,1,2023-06-15T12:19:05+00:00
BRA_337439,Brasília,5300108,,Urbi,0.176,https://moovitapp.com/index/pt-br/transporte_p%C3%BAblico-line-0_176-Brasilia-1702-851595-242527-0,-1.0,-15.76657,-47.87583,6.39,,,2,2023-06-15T12:19:05+00:00
BRA_336980,Brasília,5300108,,Urbi,0.818,https://moovitapp.com/index/pt-br/transporte_p%C3%BAblico-line-0_818-Brasilia-1702-851595-242550-0,-1.0,-15.91441,-48.09762,7.5,,,1,2023-06-15T12:19:05+00:00
BRA_339130,Brasília,5300108,,Urbi,0.809,https://moovitapp.com/index/pt-br/transporte_p%C3%BAblico-line-0_809-Brasilia-1702-851595-516630-0,-1.0,-15.87494,-47.98235,20.83,,,2,2023-06-15T12:19:05+00:00
BRA_338419,Brasília,5300108,,Urbi,805.9,https://moovitapp.com/index/pt-br/transporte_p%C3%BAblico-line-805_9-Brasilia-1702-851595-454983-0,-1.0,-15.80906,-48.06554,11.94,,,1,2023-06-15T12:19:05+00:00
BRA_337901,Brasília,5300108,,Urbi,807.9,https://moovitapp.com/index/pt-br/transporte_p%C3%BAblico-line-807_9-Brasilia-1702-851595-322409-0,-1.0,-15.90294,-48.06213,6.94,,,2,2023-06-15T12:19:05+00:00
BRA_340545,Brasília,5300108,,Urbi,396.3,https://moovitapp.com/index/pt-br/transporte_p%C3%BAblico-line-396_3-Brasilia-1702-851595-372378-0,-1.0,-15.82265,-47.92027,13.89,,,1,2023-06-15T12:19:05+00:00
BRA_340260,Brasília,5300108,,Urbi,393.7,https://moovitapp.com/index/pt-br/transporte_p%C3%BAblico-line-393_7-Brasilia-1702-851595-588818-0,-1.0,-15.87829,-48.09005,15.0,,,1,2023-06-15T12:19:05+00:00
BRA_340162,Brasília,5300108,,Urbi,366.1,https://moovitapp.com/index/pt-br/transporte_p%C3%BAblico-line-366_1-Brasilia-1702-851595-425249-0,-1.0,-15.88405,-48.15118,0.0,,,2,2023-06-15T12:19:05+00:00
BRA_339954,Brasília,5300108,,Urbi,398.1,https://moovitapp.com/index/pt-br/transporte_p%C3%BAblico-line-398_1-Brasilia-1702-851595-510241-0,-1.0,-15.80524,-48.12214,8.61,,,2,2023-06-15T12:19:06+00:00
BRA_340197,Brasília,5300108,,Urbi,0.160,https://moovitapp.com/index/pt-br/transporte_p%C3%BAblico-line-0_160-Brasilia-1702-851595-470755-0,-1.0,-15.86459,-47.96139,3.06,,,1,2023-06-15T12:19:06+00:00
BRA_340464,Brasília,5300108,,Urbi,392.2,https://moovitapp.com/index/pt-br/transporte_p%C3%BAblico-line-392_2-Brasilia-1702-851595-372374-0,-1.0,-15.76234,-47.87686,0.0,,,1,2023-06-15T12:19:06+00:00
BRA_340693,Brasília,5300108,,Urbi,3944,https://moovitapp.com/index/pt-br/transporte_p%C3%BAblico-line-3944-Brasilia-1702-851595-90452197-0,-1.0,-15.82376,-48.0248,19.17,,,1,2023-06-15T12:19:06+00:00
BRA_338541,Brasília,5300108,,Urbi,813.2,https://moovitapp.com/index/pt-br/transporte_p%C3%BAblico-line-813_2-Brasilia-1702-851595-242636-0,-1.0,-15.84492,-47.93661,3.89,,,1,2023-06-15T12:19:06+00:00
BRA_338532,Brasília,5300108,,Urbi,0.172,https://moovitapp.com/index/pt-br/transporte_p%C3%BAblico-line-0_172-Brasilia-1702-851595-470756-0,-1.0,-15.86037,-47.95699,20.0,,,2,2023-06-15T12:19:06+00:00
BRA_338737,Brasília,5300108,,Urbi,870.1,https://moovitapp.com/index/pt-br/transporte_p%C3%BAblico-line-870_1-Brasilia-1702-851595-715272-0,-1.0,-15.94893,-48.03374,0.28,,,1,2023-06-15T12:19:06+00:00
BRA_336548,Brasília,5300108,,Urbi,0.813,https://moovitapp.com/index/pt-br/transporte_p%C3%BAblico-line-0_813-Brasilia-1702-851595-651523-0,-1.0,-15.78051,-47.88753,6.11,,,1,2023-06-15T12:19:06+00:00
BRA_339725,Brasília,5300108,,Urbi,0.397,https://moovitapp.com/index/pt-br/transporte_p%C3%BAblico-line-0_397-Brasilia-1702-851595-890857-0,-1.0,-15.87621,-48.11064,0.0,,,1,2023-06-15T12:19:06+00:00
BRA_333981,Brasília,5300108,,Urbi,0.160,https://moovitapp.com/index/pt-br/transporte_p%C3%BAblico-line-0_160-Brasilia-1702-851595-470755-0,-1.0,-15.82672,-47.91541,14.72,,,2,2023-06-15T12:19:06+00:00
BRA_333867,Brasília,5300108,,Urbi,396.2,https://moovitapp.com/index/pt-br/transporte_p%C3%BAblico-line-396_2-Brasilia-1702-851595-372377-0,-1.0,-15.87078,-48.05948,6.67,,,2,2023-06-15T12:19:06+00:00
BRA_335894,Brasília,5300108,,Urbi,0.393,https://moovitapp.com/index/pt-br/transporte_p%C3%BAblico-line-0_393-Brasilia-1702-851595-588805-0,-1.0,-15.86646,-48.05557,14.17,,,1,2023-06-15T12:19:07+00:00
BRA_336238,Brasília,5300108,,Urbi,0.394,https://moovitapp.com/index/pt-br/transporte_p%C3%BAblico-line-0_394-Brasilia-1702-851595-334076-0,-1.0,-15.83265,-48.05114,7.78,,,1,2023-06-15T12:19:07+00:00
BRA_335606,Brasília,5300108,,Urbi,0.392,https://moovitapp.com/index/pt-br/transporte_p%C3%BAblico-line-0_392-Brasilia-1702-851595-334075-0,-1.0,-15.74886,-47.88136,18.61,,,1,2023-06-15T12:19:07+00:00
BRA_339423,Brasília,5300108,,Urbi,0.807,https://moovitapp.com/index/pt-br/transporte_p%C3%BAblico-line-0_807-Brasilia-1702-851595-6677121-0,-1.0,-15.90619,-48.0801,11.39,,,1,2023-06-15T12:19:07+00:00
BRA_337285,Brasília,5300108,,Urbi,813.2,https://moovitapp.com/index/pt-br/transporte_p%C3%BAblico-line-813_2-Brasilia-1702-851595-242636-0,-1.0,-15.80153,-47.89438,6.67,,,1,2023-06-15T12:19:07+00:00
BRA_338729,Brasília,5300108,,Urbi,0.882,https://moovitapp.com/index/pt-br/transporte_p%C3%BAblico-line-0_882-Brasilia-1702-851595-363858-0,-1.0,-15.88241,-48.05375,5.56,,,2,2023-06-15T12:19:07+00:00
BRA_338265,Brasília,5300108,,Urbi,368.1,https://moovitapp.com/index/pt-br/transporte_p%C3%BAblico-line-368_1-Brasilia-1702-851595-706972-0,-1.0,-15.88162,-48.01835,1.39,,,1,2023-06-15T12:19:07+00:00
BRA_338028,Brasília,5300108,,Urbi,0.368,https://moovitapp.com/index/pt-br/transporte_p%C3%BAblico-line-0_368-Brasilia-1702-851595-706971-0,-1.0,-15.85191,-48.04035,0.0,,,1,2023-06-15T12:19:07+00:00
BRA_340391,Brasília,5300108,,Urbi,396.2,https://moovitapp.com/index/pt-br/transporte_p%C3%BAblico-line-396_2-Brasilia-1702-851595-372377-0,-1.0,-15.87537,-48.0779,13.61,,,1,2023-06-15T12:19:07+00:00
BRA_340332,Brasília,5300108,,Urbi,0.393,https://moovitapp.com/index/pt-br/transporte_p%C3%BAblico-line-0_393-Brasilia-1702-851595-588805-0,-1.0,-15.87589,-48.08099,15.83,,,1,2023-06-15T12:19:07+00:00
BRA_336793,Brasília,5300108,,Urbi,380.2,https://moovitapp.com/index/pt-br/transporte_p%C3%BAblico-line-380_2-Brasilia-1702-851595-334086-0,-1.0,-15.78741,-47.91021,1.11,,,2,2023-06-15T12:19:07+00:00
BRA_340243,Brasília,5300108,,Urbi,0.347,https://moovitapp.com/index/pt-br/transporte_p%C3%BAblico-line-0_347-Brasilia-1702-851595-347128-0,-1.0,-15.7669,-47.93569,4.17,,,1,2023-06-15T12:19:08+00:00
BRA_340669,Brasília,5300108,,Urbi,366.1,https://moovitapp.com/index/pt-br/transporte_p%C3%BAblico-line-366_1-Brasilia-1702-851595-425249-0,-1.0,-15.87723,-48.06566,7.5,,,1,2023-06-15T12:19:08+00:00
BRA_337951,Brasília,5300108,,Urbi,871.3,https://moovitapp.com/index/pt-br/transporte_p%C3%BAblico-line-871_3-Brasilia-1702-851595-588820-0,-1.0,-15.87659,-48.02512,18.06,,,1,2023-06-15T12:19:08+00:00
BRA_338842,Brasília,5300108,,Urbi,0.810,https://moovitapp.com/index/pt-br/transporte_p%C3%BAblico-line-0_810-Brasilia-1702-851595-363856-0,-1.0,-15.90949,-48.08799,3.33,,,1,2023-06-15T12:19:08+00:00
BRA_337277,Brasília,5300108,,Urbi,0.176,https://moovitapp.com/index/pt-br/transporte_p%C3%BAblico-line-0_176-Brasilia-1702-851595-242527-0,-1.0,-15.79725,-47.87607,0.0,,,1,2023-06-15T12:19:08+00:00
BRA_337501,Brasília,5300108,,Urbi,874.4,https://moovitapp.com/index/pt-br/transporte_p%C3%BAblico-line-874_4-Brasilia-1702-851595-775106-0,-1.0,-15.86648,-47.96505,3.06,,,1,2023-06-15T12:19:08+00:00
BRA_335789,Brasília,5300108,,Urbi,398.1,https://moovitapp.com/index/pt-br/transporte_p%C3%BAblico-line-398_1-Brasilia-1702-851595-510241-0,-1.0,-15.81445,-48.09941,4.44,,,1,2023-06-15T12:19:08+00:00
BRA_335584,Brasília,5300108,,Urbi,366.7,https://moovitapp.com/index/pt-br/transporte_p%C3%BAblico-line-366_7-Brasilia-1702-851595-650086-0,-1.0,-15.86856,-48.05579,1.94,,,2,2023-06-15T12:19:08+00:00
BRA_336025,Brasília,5300108,,Urbi,0.056,https://moovitapp.com/index/pt-br/transporte_p%C3%BAblico-line-0_056-Brasilia-1702-851595-588804-0,-1.0,-15.81968,-48.1086,0.0,,,1,2023-06-15T12:19:08+00:00
BRA_335363,Brasília,5300108,,Urbi,0.373,https://moovitapp.com/index/pt-br/transporte_p%C3%BAblico-line-0_373-Brasilia-1702-851595-334072-0,-1.0,-15.81755,-47.90038,17.78,,,2,2023-06-15T12:19:09+00:00
BRA_337102,Brasília,5300108,,Urbi,0.805,https://moovitapp.com/index/pt-br/transporte_p%C3%BAblico-line-0_805-Brasilia-1702-851595-460800-0,-1.0,-15.86135,-48.03717,7.22,,,1,2023-06-15T12:19:09+00:00
BRA_337153,Brasília,5300108,,Urbi,0.087,https://moovitapp.com/index/pt-br/transporte_p%C3%BAblico-line-0_087-Brasilia-1702-851595-242519-0,-1.0,-15.9497,-48.03358,0.0,,,1,2023-06-15T12:19:09+00:00
BRA_337986,Brasília,5300108,,Urbi,0.805,https://moovitapp.com/index/pt-br/transporte_p%C3%BAblico-line-0_805-Brasilia-1702-851595-460800-0,-1.0,-15.82612,-48.05966,0.0,,,1,2023-06-15T12:19:09+00:00
BRA_338095,Brasília,5300108,,Urbi,0.960,https://moovitapp.com/index/pt-br/transporte_p%C3%BAblico-line-0_960-Brasilia-1702-851595-29427890-0,-1.0,-15.89951,-48.0553,8.06,,,2,2023-06-15T12:19:09+00:00
BRA_338508,Brasília,5300108,,Urbi,814.1,https://moovitapp.com/index/pt-br/transporte_p%C3%BAblico-line-814_1-Brasilia-1702-851595-492985-0,-1.0,-15.89284,-48.1487,5.56,,,1,2023-06-15T12:19:09+00:00
BRA_340588,Brasília,5300108,,Urbi,393.6,https://moovitapp.com/index/pt-br/transporte_p%C3%BAblico-line-393_6-Brasilia-1702-851595-588817-0,-1.0,-15.88032,-48.07585,5.56,,,1,2023-06-15T12:19:09+00:00
BRA_340731,Brasília,5300108,,Urbi,391.3,https://moovitapp.com/index/pt-br/transporte_p%C3%BAblico-line-391_3-Brasilia-1702-851595-372373-0,-1.0,-15.87686,-48.06103,11.11,,,1,2023-06-15T12:19:09+00:00
BRA_340031,Brasília,5300108,,Urbi,0.053,https://moovitapp.com/index/pt-br/transporte_p%C3%BAblico-line-0_053-Brasilia-1702-851595-588803-0,-1.0,-15.87659,-48.08187,5.83,,,1,2023-06-15T12:19:09+00:00
BRA_339997,Brasília,5300108,,Urbi,0.161,https://moovitapp.com/index/pt-br/transporte_p%C3%BAblico-line-0_161-Brasilia-1702-851595-704023-0,-1.0,-15.87161,-47.96907,10.28,,,1,2023-06-15T12:19:10+00:00
BRA_340006,Brasília,5300108,,Urbi,0.391,https://moovitapp.com/index/pt-br/transporte_p%C3%BAblico-line-0_391-Brasilia-1702-851595-372354-0,-1.0,-15.82701,-47.9324,3.06,,,1,2023-06-15T12:19:10+00:00
BRA_336700,Brasília,5300108,,Urbi,380.2,https://moovitapp.com/index/pt-br/transporte_p%C3%BAblico-line-380_2-Brasilia-1702-851595-334086-0,-1.0,-15.88647,-48.15092,6.94,,,1,2023-06-15T12:19:10+00:00
BRA_338516,Brasília,5300108,,Urbi,0.808,https://moovitapp.com/index/pt-br/transporte_p%C3%BAblico-line-0_808-Brasilia-1702-851595-372359-0,-1.0,-15.90699,-48.08305,6.11,,,2,2023-06-15T12:19:10+00:00
BRA_338389,Brasília,5300108,,Urbi,0.808,https://moovitapp.com/index/pt-br/transporte_p%C3%BAblico-line-0_808-Brasilia-1702-851595-372359-0,-1.0,-15.90319,-48.06199,0.0,,,1,2023-06-15T12:19:10+00:00
BRA_338672,Brasília,5300108,,Urbi,086.1,https://moovitapp.com/index/pt-br/transporte_p%C3%BAblico-line-086_1-Brasilia-1702-851595-481321-0,-1.0,-15.88118,-48.01244,10.0,,,1,2023-06-15T12:19:10+00:00
BRA_337137,Brasília,5300108,,Urbi,0.175,https://moovitapp.com/index/pt-br/transporte_p%C3%BAblico-line-0_175-Brasilia-1702-851595-242526-0,-1.0,-15.82262,-47.92018,14.72,,,1,2023-06-15T12:19:10+00:00
BRA_336599,Brasília,5300108,,Urbi,0.871,https://moovitapp.com/index/pt-br/transporte_p%C3%BAblico-line-0_871-Brasilia-1702-851595-418741-0,-1.0,-15.87057,-48.03041,13.06,,,1,2023-06-15T12:19:10+00:00
BRA_337757,Brasília,5300108,,Urbi,870.1,https://moovitapp.com/index/pt-br/transporte_p%C3%BAblico-line-870_1-Brasilia-1702-851595-715272-0,-1.0,-15.87471,-48.03833,20.56,,,1,2023-06-15T12:19:10+00:00
BRA_335916,Brasília,5300108,,Urbi,372.4,https://moovitapp.com/index/pt-br/transporte_p%C3%BAblico-line-372_4-Brasilia-1702-851595-650087-0,-1.0,-15.88955,-48.14231,5.28,,,1,2023-06-15T12:19:10+00:00
BRA_336505,Brasília,5300108,,Urbi,0.881,https://moovitapp.com/index/pt-br/transporte_p%C3%BAblico-line-0_881-Brasilia-1702-851595-363857-0,-1.0,-15.94961,-48.0336,0.0,,,1,2023-06-15T12:19:11+00:00
BRA_336467,Brasília,5300108,,Urbi,0.871,https://moovitapp.com/index/pt-br/transporte_p%C3%BAblico-line-0_871-Brasilia-1702-851595-418741-0,-1.0,-15.81226,-47.99897,20.0,,,2,2023-06-15T12:19:11+00:00
BRA_337838,Brasília,5300108,,Urbi,0.810,https://moovitapp.com/index/pt-br/transporte_p%C3%BAblico-line-0_810-Brasilia-1702-851595-363856-0,-1.0,-15.79114,-47.89772,3.33,,,1,2023-06-15T12:19:11+00:00
BRA_337552,Brasília,5300108,,Urbi,0.898,https://moovitapp.com/index/pt-br/transporte_p%C3%BAblico-line-0_898-Brasilia-1702-851595-322394-0,-1.0,-15.88601,-48.05372,0.0,,,1,2023-06-15T12:19:11+00:00
BRA_338397,Brasília,5300108,,Urbi,871.3,https://moovitapp.com/index/pt-br/transporte_p%C3%BAblico-line-871_3-Brasilia-1702-851595-588820-0,-1.0,-15.86596,-47.9641,12.5,,,1,2023-06-15T12:19:11+00:00
BRA_339237,Brasília,5300108,,Urbi,0.367,https://moovitapp.com/index/pt-br/transporte_p%C3%BAblico-line-0_367-Brasilia-1702-851595-519380-0,-1.0,-15.86843,-48.1003,9.44,,,1,2023-06-15T12:19:11+00:00
BRA_339202,Brasília,5300108,,Urbi,391.3,https://moovitapp.com/index/pt-br/transporte_p%C3%BAblico-line-391_3-Brasilia-1702-851595-372373-0,-1.0,-15.86675,-47.96564,9.72,,,1,2023-06-15T12:19:11+00:00
BRA_339971,Brasília,5300108,,Urbi,0.082,https://moovitapp.com/index/pt-br/transporte_p%C3%BAblico-line-0_082-Brasilia-1702-851595-781326-0,-1.0,-15.88232,-47.9739,4.72,,,1,2023-06-15T12:19:11+00:00
BRA_340618,Brasília,5300108,,Urbi,0.346,https://moovitapp.com/index/pt-br/transporte_p%C3%BAblico-line-0_346-Brasilia-1702-851595-46461186-0,-1.0,-15.82453,-48.02702,14.72,,,2,2023-06-15T12:19:11+00:00
BRA_340341,Brasília,5300108,,Urbi,056.2,https://moovitapp.com/index/pt-br/transporte_p%C3%BAblico-line-056_2-Brasilia-1702-851595-492982-0,-1.0,-15.88606,-48.15104,8.33,,,1,2023-06-15T12:19:11+00:00
BRA_340685,Brasília,5300108,,Urbi,0.825,https://moovitapp.com/index/pt-br/transporte_p%C3%BAblico-line-0_825-Brasilia-1702-851595-334081-0,-1.0,-15.87756,-48.06059,4.17,,,2,2023-06-15T12:19:12+00:00
BRA_339211,Brasília,5300108,,Urbi,0.821,https://moovitapp.com/index/pt-br/transporte_p%C3%BAblico-line-0_821-Brasilia-1702-851595-334080-0,-1.0,-15.85785,-47.9557,4.44,,,1,2023-06-15T12:19:12+00:00
BRA_339156,Brasília,5300108,,Urbi,0.087,https://moovitapp.com/index/pt-br/transporte_p%C3%BAblico-line-0_087-Brasilia-1702-851595-242519-0,-1.0,-15.79896,-47.93454,5.56,,,1,2023-06-15T12:19:12+00:00
BRA_338427,Brasília,5300108,,Urbi,0.810,https://moovitapp.com/index/pt-br/transporte_p%C3%BAblico-line-0_810-Brasilia-1702-851595-363856-0,-1.0,-15.87495,-48.03238,15.28,,,2,2023-06-15T12:19:12+00:00
BRA_338061,Brasília,5300108,,Urbi,0.038,https://moovitapp.com/index/pt-br/transporte_p%C3%BAblico-line-0_038-Brasilia-1702-851595-687419-0,-1.0,-15.87612,-48.01349,5.28,,,1,2023-06-15T12:19:12+00:00
BRA_338885,Brasília,5300108,,Urbi,0.882,https://moovitapp.com/index/pt-br/transporte_p%C3%BAblico-line-0_882-Brasilia-1702-851595-363858-0,-1.0,-15.87786,-48.01638,0.0,,,1,2023-06-15T12:19:12+00:00
BRA_336165,Brasília,5300108,,Urbi,0.886,https://moovitapp.com/index/pt-br/transporte_p%C3%BAblico-line-0_886-Brasilia-1702-851595-704024-0,-1.0,-15.81143,-48.09249,12.5,,,2,2023-06-15T12:19:12+00:00
BRA_336068,Brasília,5300108,,Urbi,393.4,https://moovitapp.com/index/pt-br/transporte_p%C3%BAblico-line-393_4-Brasilia-1702-851595-588816-0,-1.0,-15.84164,-48.04845,1.11,,,1,2023-06-15T12:19:13+00:00
BRA_336092,Brasília,5300108,,Urbi,870.1,https://moovitapp.com/index/pt-br/transporte_p%C3%BAblico-line-870_1-Brasilia-1702-851595-715272-0,-1.0,-15.87718,-48.00162,15.28,,,2,2023-06-15T12:19:13+00:00
BRA_335941,Brasília,5300108,,Urbi,0.391,https://moovitapp.com/index/pt-br/transporte_p%C3%BAblico-line-0_391-Brasilia-1702-851595-372354-0,-1.0,-15.78709,-47.88826,6.94,,,2,2023-06-15T12:19:13+00:00
BRA_336416,Brasília,5300108,,Urbi,0.881,https://moovitapp.com/index/pt-br/transporte_p%C3%BAblico-line-0_881-Brasilia-1702-851595-363857-0,-1.0,-15.80837,-47.93223,1.39,,,1,2023-06-15T12:19:13+00:00
BRA_337188,Brasília,5300108,,Urbi,0.808,https://moovitapp.com/index/pt-br/transporte_p%C3%BAblico-line-0_808-Brasilia-1702-851595-372359-0,-1.0,-15.82178,-48.11345,1.39,,,1,2023-06-15T12:19:13+00:00
BRA_338567,Brasília,5300108,,Urbi,0.172,https://moovitapp.com/index/pt-br/transporte_p%C3%BAblico-line-0_172-Brasilia-1702-851595-470756-0,-1.0,-15.88592,-48.02309,3.06,,,1,2023-06-15T12:19:13+00:00
BRA_336769,Brasília,5300108,,Urbi,0.825,https://moovitapp.com/index/pt-br/transporte_p%C3%BAblico-line-0_825-Brasilia-1702-851595-334081-0,-1.0,-15.84223,-47.9469,15.0,,,2,2023-06-15T12:19:13+00:00
BRA_336661,Brasília,5300108,,Urbi,394.1,https://moovitapp.com/index/pt-br/transporte_p%C3%BAblico-line-394_1-Brasilia-1702-851595-334089-0,-1.0,-15.89694,-48.11856,9.44,,,2,2023-06-15T12:19:13+00:00
BRA_340014,Brasília,5300108,,Urbi,373.2,https://moovitapp.com/index/pt-br/transporte_p%C3%BAblico-line-373_2-Brasilia-1702-851595-334084-0,-1.0,-15.85935,-48.07052,3.61,,,2,2023-06-15T12:19:13+00:00
BRA_340774,Brasília,5300108,,Urbi,0.082,https://moovitapp.com/index/pt-br/transporte_p%C3%BAblico-line-0_082-Brasilia-1702-851595-781326-0,-1.0,-15.74345,-47.91869,20.28,,,1,2023-06-15T12:19:13+00:00
BRA_340651,Brasília,5300108,,Urbi,0.366,https://moovitapp.com/index/pt-br/transporte_p%C3%BAblico-line-0_366-Brasilia-1702-851595-650085-0,-1.0,-15.89354,-48.13894,11.39,,,1,2023-06-15T12:19:13+00:00
BRA_340499,Brasília,5300108,,Urbi,366.1,https://moovitapp.com/index/pt-br/transporte_p%C3%BAblico-line-366_1-Brasilia-1702-851595-425249-0,-1.0,-15.87103,-48.08455,5.83,,,2,2023-06-15T12:19:13+00:00
BRA_340219,Brasília,5300108,,Urbi,366.1,https://moovitapp.com/index/pt-br/transporte_p%C3%BAblico-line-366_1-Brasilia-1702-851595-425249-0,-1.0,-15.89876,-48.14722,9.72,,,1,2023-06-15T12:19:13+00:00
BRA_335851,Brasília,5300108,,Urbi,0.082,https://moovitapp.com/index/pt-br/transporte_p%C3%BAblico-line-0_082-Brasilia-1702-851595-781326-0,-1.0,-15.75775,-47.93299,5.28,,,2,2023-06-15T12:19:14+00:00
BRA_339261,Brasília,5300108,,Urbi,391.3,https://moovitapp.com/index/pt-br/transporte_p%C3%BAblico-line-391_3-Brasilia-1702-851595-372373-0,-1.0,-15.85044,-47.95515,14.72,,,2,2023-06-15T12:19:14+00:00
BRA_338443,Brasília,5300108,,Urbi,0.176,https://moovitapp.com/index/pt-br/transporte_p%C3%BAblico-line-0_176-Brasilia-1702-851595-242527-0,-1.0,-15.8439,-47.91864,8.61,,,1,2023-06-15T12:19:14+00:00
BRA_338877,Brasília,5300108,,Urbi,805.1,https://moovitapp.com/index/pt-br/transporte_p%C3%BAblico-line-805_1-Brasilia-1702-851595-454980-0,-1.0,-15.90879,-48.08685,13.33,,,1,2023-06-15T12:19:14+00:00
BRA_339083,Brasília,5300108,,Urbi,818.1,https://moovitapp.com/index/pt-br/transporte_p%C3%BAblico-line-818_1-Brasilia-1702-851595-242639-0,-1.0,-15.79174,-48.04825,0.83,,,1,2023-06-15T12:19:14+00:00
BRA_339091,Brasília,5300108,,Urbi,8133,https://moovitapp.com/index/pt-br/transporte_p%C3%BAblico-line-8133-Brasilia-1702-851595-115849373-0,-1.0,-15.7359,-47.90717,0.0,,,2,2023-06-15T12:19:14+00:00
BRA_337480,Brasília,5300108,,Urbi,871.3,https://moovitapp.com/index/pt-br/transporte_p%C3%BAblico-line-871_3-Brasilia-1702-851595-588820-0,-1.0,-15.74855,-47.89598,15.28,,,2,2023-06-15T12:19:14+00:00
BRA_335860,Brasília,5300108,,Urbi,0.391,https://moovitapp.com/index/pt-br/transporte_p%C3%BAblico-line-0_391-Brasilia-1702-851595-372354-0,-1.0,-15.73496,-47.8978,0.0,,,1,2023-06-15T12:19:14+00:00
BRA_336581,Brasília,5300108,,Urbi,0.813,https://moovitapp.com/index/pt-br/transporte_p%C3%BAblico-line-0_813-Brasilia-1702-851595-651523-0,-1.0,-15.81867,-47.91508,14.17,,,2,2023-06-15T12:19:15+00:00
BRA_336271,Brasília,5300108,,Urbi,0.380,https://moovitapp.com/index/pt-br/transporte_p%C3%BAblico-line-0_380-Brasilia-1702-851595-334073-0,-1.0,-15.78776,-47.91,0.0,,,1,2023-06-15T12:19:15+00:00
BRA_336360,Brasília,5300108,,Urbi,394.1,https://moovitapp.com/index/pt-br/transporte_p%C3%BAblico-line-394_1-Brasilia-1702-851595-334089-0,-1.0,-15.82826,-48.03223,18.61,,,1,2023-06-15T12:19:15+00:00
BRA_335983,Brasília,5300108,,Urbi,3804,https://moovitapp.com/index/pt-br/transporte_p%C3%BAblico-line-3804-Brasilia-1702-851595-91943130-0,-1.0,-15.79325,-47.88145,5.83,,,1,2023-06-15T12:19:15+00:00
BRA_339466,Brasília,5300108,,Urbi,806.1,https://moovitapp.com/index/pt-br/transporte_p%C3%BAblico-line-806_1-Brasilia-1702-851595-775104-0,-1.0,-15.91041,-48.04893,9.44,,,1,2023-06-15T12:19:15+00:00
BRA_337366,Brasília,5300108,,Urbi,0.172,https://moovitapp.com/index/pt-br/transporte_p%C3%BAblico-line-0_172-Brasilia-1702-851595-470756-0,-1.0,-15.81984,-47.90341,0.0,,,1,2023-06-15T12:19:15+00:00
BRA_337064,Brasília,5300108,,Urbi,0.177,https://moovitapp.com/index/pt-br/transporte_p%C3%BAblico-line-0_177-Brasilia-1702-851595-242528-0,-1.0,-15.80074,-47.8941,7.78,,,1,2023-06-15T12:19:15+00:00
BRA_338125,Brasília,5300108,,Urbi,870.1,https://moovitapp.com/index/pt-br/transporte_p%C3%BAblico-line-870_1-Brasilia-1702-851595-715272-0,-1.0,-15.87537,-48.03371,19.17,,,1,2023-06-15T12:19:15+00:00
BRA_338044,Brasília,5300108,,Urbi,0.898,https://moovitapp.com/index/pt-br/transporte_p%C3%BAblico-line-0_898-Brasilia-1702-851595-322394-0,-1.0,-15.86349,-48.03458,13.06,,,1,2023-06-15T12:19:15+00:00
BRA_338290,Brasília,5300108,,Urbi,807.1,https://moovitapp.com/index/pt-br/transporte_p%C3%BAblico-line-807_1-Brasilia-1702-851595-322407-0,-1.0,-15.90502,-48.07645,8.89,,,2,2023-06-15T12:19:15+00:00
BRA_339296,Brasília,5300108,,Urbi,0.341,https://moovitapp.com/index/pt-br/transporte_p%C3%BAblico-line-0_341-Brasilia-1702-851595-37928003-0,-1.0,-15.80039,-48.13497,3.61,,,1,2023-06-15T12:19:15+00:00
BRA_339300,Brasília,5300108,,Urbi,0.054,https://moovitapp.com/index/pt-br/transporte_p%C3%BAblico-line-0_054-Brasilia-1702-851595-454960-0,-1.0,-15.84819,-48.04811,0.0,,,1,2023-06-15T12:19:15+00:00
BRA_336718,Brasília,5300108,,Urbi,372.4,https://moovitapp.com/index/pt-br/transporte_p%C3%BAblico-line-372_4-Brasilia-1702-851595-650087-0,-1.0,-15.82594,-48.05979,0.28,,,1,2023-06-15T12:19:15+00:00
BRA_340057,Brasília,5300108,,Urbi,0.391,https://moovitapp.com/index/pt-br/transporte_p%C3%BAblico-line-0_391-Brasilia-1702-851595-372354-0,-1.0,-15.81388,-47.90797,8.89,,,1,2023-06-15T12:19:15+00:00
BRA_340324,Brasília,5300108,,Urbi,0.053,https://moovitapp.com/index/pt-br/transporte_p%C3%BAblico-line-0_053-Brasilia-1702-851595-588803-0,-1.0,-15.82416,-48.06388,9.72,,,1,2023-06-15T12:19:15+00:00
BRA_340758,Brasília,5300108,,Urbi,0.821,https://moovitapp.com/index/pt-br/transporte_p%C3%BAblico-line-0_821-Brasilia-1702-851595-334080-0,-1.0,-15.8761,-48.02863,14.72,,,1,2023-06-15T12:19:15+00:00
BRA_340642,Brasília,5300108,,Urbi,367.2,https://moovitapp.com/index/pt-br/transporte_p%C3%BAblico-line-367_2-Brasilia-1702-851595-454971-0,-1.0,-15.88881,-48.08417,10.0,,,1,2023-06-15T12:19:16+00:00
BRA_340235,Brasília,5300108,,Urbi,396.3,https://moovitapp.com/index/pt-br/transporte_p%C3%BAblico-line-396_3-Brasilia-1702-851595-372378-0,-1.0,-15.80387,-47.89688,1.39,,,2,2023-06-15T12:19:16+00:00
BRA_339920,Brasília,5300108,,Urbi,0.347,https://moovitapp.com/index/pt-br/transporte_p%C3%BAblico-line-0_347-Brasilia-1702-851595-347128-0,-1.0,-15.8408,-48.12076,0.0,,,1,2023-06-15T12:19:16+00:00
BRA_340146,Brasília,5300108,,Urbi,0.373,https://moovitapp.com/index/pt-br/transporte_p%C3%BAblico-line-0_373-Brasilia-1702-851595-334072-0,-1.0,-15.86109,-48.08654,8.06,,,2,2023-06-15T12:19:16+00:00
BRA_338052,Brasília,5300108,,Urbi,0.175,https://moovitapp.com/index/pt-br/transporte_p%C3%BAblico-line-0_175-Brasilia-1702-851595-242526-0,-1.0,-15.81092,-47.90434,6.67,,,2,2023-06-15T12:19:16+00:00
BRA_337889,Brasília,5300108,,Urbi,870.7,https://moovitapp.com/index/pt-br/transporte_p%C3%BAblico-line-870_7-Brasilia-1702-851595-531037-0,-1.0,-15.91432,-48.06313,4.72,,,1,2023-06-15T12:19:16+00:00
BRA_338478,Brasília,5300108,,Urbi,805.9,https://moovitapp.com/index/pt-br/transporte_p%C3%BAblico-line-805_9-Brasilia-1702-851595-454983-0,-1.0,-15.82361,-48.06399,7.5,,,1,2023-06-15T12:19:16+00:00
BRA_339172,Brasília,5300108,,Urbi,366.7,https://moovitapp.com/index/pt-br/transporte_p%C3%BAblico-line-366_7-Brasilia-1702-851595-650086-0,-1.0,-15.88391,-48.14997,0.0,,,1,2023-06-15T12:19:16+00:00
BRA_336459,Brasília,5300108,,Urbi,0.886,https://moovitapp.com/index/pt-br/transporte_p%C3%BAblico-line-0_886-Brasilia-1702-851595-704024-0,-1.0,-15.83432,-48.0595,8.89,,,2,2023-06-15T12:19:16+00:00
BRA_335380,Brasília,5300108,,Urbi,0.054,https://moovitapp.com/index/pt-br/transporte_p%C3%BAblico-line-0_054-Brasilia-1702-851595-454960-0,-1.0,-15.82267,-48.06084,6.39,,,1,2023-06-15T12:19:16+00:00
BRA_336297,Brasília,5300108,,Urbi,0.367,https://moovitapp.com/index/pt-br/transporte_p%C3%BAblico-line-0_367-Brasilia-1702-851595-519380-0,-1.0,-15.89362,-48.13501,7.5,,,1,2023-06-15T12:19:17+00:00
BRA_337579,Brasília,5300108,,Urbi,0.809,https://moovitapp.com/index/pt-br/transporte_p%C3%BAblico-line-0_809-Brasilia-1702-851595-516630-0,-1.0,-15.84534,-47.92853,1.11,,,1,2023-06-15T12:19:17+00:00
BRA_338109,Brasília,5300108,,Urbi,0.809,https://moovitapp.com/index/pt-br/transporte_p%C3%BAblico-line-0_809-Brasilia-1702-851595-516630-0,-1.0,-15.90652,-48.08123,0.0,,,1,2023-06-15T12:19:17+00:00
BRA_339989,Brasília,5300108,,Urbi,0.373,https://moovitapp.com/index/pt-br/transporte_p%C3%BAblico-line-0_373-Brasilia-1702-851595-334072-0,-1.0,-15.85403,-48.07175,8.89,,,1,2023-06-15T12:19:17+00:00
BRA_339911,Brasília,5300108,,Urbi,367.2,https://moovitapp.com/index/pt-br/transporte_p%C3%BAblico-line-367_2-Brasilia-1702-851595-454971-0,-1.0,-15.87225,-48.09354,0.0,,,1,2023-06-15T12:19:17+00:00
BRA_339288,Brasília,5300108,,Urbi,0.391,https://moovitapp.com/index/pt-br/transporte_p%C3%BAblico-line-0_391-Brasilia-1702-851595-372354-0,-1.0,-15.876,-48.04875,14.17,,,2,2023-06-15T12:19:17+00:00
BRA_336742,Brasília,5300108,,Urbi,0.394,https://moovitapp.com/index/pt-br/transporte_p%C3%BAblico-line-0_394-Brasilia-1702-851595-334076-0,-1.0,-15.79308,-47.88251,0.28,,,2,2023-06-15T12:19:18+00:00
BRA_338303,Brasília,5300108,,Urbi,872.9,https://moovitapp.com/index/pt-br/transporte_p%C3%BAblico-line-872_9-Brasilia-1702-851595-372394-0,-1.0,-15.87036,-48.05676,0.0,,,1,2023-06-15T12:19:18+00:00
BRA_337943,Brasília,5300108,,Urbi,0.811,https://moovitapp.com/index/pt-br/transporte_p%C3%BAblico-line-0_811-Brasilia-1702-851595-334078-0,-1.0,-15.8191,-47.93699,16.94,,,1,2023-06-15T12:19:18+00:00
BRA_338486,Brasília,5300108,,Urbi,0.812,https://moovitapp.com/index/pt-br/transporte_p%C3%BAblico-line-0_812-Brasilia-1702-851595-697958-0,-1.0,-15.82297,-48.12725,9.44,,,1,2023-06-15T12:19:18+00:00
BRA_337242,Brasília,5300108,,Urbi,874.4,https://moovitapp.com/index/pt-br/transporte_p%C3%BAblico-line-874_4-Brasilia-1702-851595-775106-0,-1.0,-15.87446,-48.03577,18.61,,,2,2023-06-15T12:19:18+00:00
BRA_336637,Brasília,5300108,,Urbi,0.881,https://moovitapp.com/index/pt-br/transporte_p%C3%BAblico-line-0_881-Brasilia-1702-851595-363857-0,-1.0,-15.88236,-48.06165,10.0,,,2,2023-06-15T12:19:18+00:00
BRA_337072,Brasília,5300108,,Urbi,0.882,https://moovitapp.com/index/pt-br/transporte_p%C3%BAblico-line-0_882-Brasilia-1702-851595-363858-0,-1.0,-15.94914,-48.03283,0.28,,,1,2023-06-15T12:19:18+00:00
BRA_336939,Brasília,5300108,,Urbi,813.2,https://moovitapp.com/index/pt-br/transporte_p%C3%BAblico-line-813_2-Brasilia-1702-851595-242636-0,-1.0,-15.92503,-48.10535,13.61,,,1,2023-06-15T12:19:18+00:00
BRA_337846,Brasília,5300108,,Urbi,0.809,https://moovitapp.com/index/pt-br/transporte_p%C3%BAblico-line-0_809-Brasilia-1702-851595-516630-0,-1.0,-15.84554,-47.92601,1.67,,,1,2023-06-15T12:19:18+00:00
BRA_336254,Brasília,5300108,,Urbi,394.1,https://moovitapp.com/index/pt-br/transporte_p%C3%BAblico-line-394_1-Brasilia-1702-851595-334089-0,-1.0,-15.79164,-47.88528,11.67,,,2,2023-06-15T12:19:18+00:00
BRA_335703,Brasília,5300108,,Urbi,380.3,https://moovitapp.com/index/pt-br/transporte_p%C3%BAblico-line-380_3-Brasilia-1702-851595-504337-0,-1.0,-15.82194,-48.02213,18.33,,,2,2023-06-15T12:19:18+00:00
BRA_335720,Brasília,5300108,,Urbi,0.853,https://moovitapp.com/index/pt-br/transporte_p%C3%BAblico-line-0_853-Brasilia-1702-851595-454968-0,-1.0,-15.84387,-47.91852,5.83,,,1,2023-06-15T12:19:19+00:00
BRA_335312,Brasília,5300108,,Urbi,380.2,https://moovitapp.com/index/pt-br/transporte_p%C3%BAblico-line-380_2-Brasilia-1702-851595-334086-0,-1.0,-15.83446,-48.05649,5.56,,,2,2023-06-15T12:19:19+00:00
BRA_337021,Brasília,5300108,,Urbi,0.812,https://moovitapp.com/index/pt-br/transporte_p%C3%BAblico-line-0_812-Brasilia-1702-851595-697958-0,-1.0,-15.84419,-48.11821,18.61,,,1,2023-06-15T12:19:19+00:00
BRA_336343,Brasília,5300108,,Urbi,394.1,https://moovitapp.com/index/pt-br/transporte_p%C3%BAblico-line-394_1-Brasilia-1702-851595-334089-0,-1.0,-15.87806,-48.05193,18.33,,,2,2023-06-15T12:19:19+00:00
BRA_340413,Brasília,5300108,,Urbi,056.2,https://moovitapp.com/index/pt-br/transporte_p%C3%BAblico-line-056_2-Brasilia-1702-851595-492982-0,-1.0,-15.81366,-48.09783,0.28,,,1,2023-06-15T12:19:19+00:00
BRA_340766,Brasília,5300108,,Urbi,0.366,https://moovitapp.com/index/pt-br/transporte_p%C3%BAblico-line-0_366-Brasilia-1702-851595-650085-0,-1.0,-15.86904,-48.05603,3.61,,,1,2023-06-15T12:19:19+00:00
BRA_338036,Brasília,5300108,,Urbi,872.5,https://moovitapp.com/index/pt-br/transporte_p%C3%BAblico-line-872_5-Brasilia-1702-851595-372393-0,-1.0,-15.92125,-48.05416,5.28,,,1,2023-06-15T12:19:20+00:00
BRA_337773,Brasília,5300108,,Urbi,0.368,https://moovitapp.com/index/pt-br/transporte_p%C3%BAblico-line-0_368-Brasilia-1702-851595-706971-0,-1.0,-15.80843,-48.09072,10.56,,,1,2023-06-15T12:19:20+00:00
BRA_337676,Brasília,5300108,,Urbi,0.811,https://moovitapp.com/index/pt-br/transporte_p%C3%BAblico-line-0_811-Brasilia-1702-851595-334078-0,-1.0,-15.88671,-48.05349,10.28,,,1,2023-06-15T12:19:20+00:00
BRA_337684,Brasília,5300108,,Urbi,0.811,https://moovitapp.com/index/pt-br/transporte_p%C3%BAblico-line-0_811-Brasilia-1702-851595-334078-0,-1.0,-15.89018,-48.05173,2.5,,,2,2023-06-15T12:19:20+00:00
BRA_336211,Brasília,5300108,,Urbi,0.380,https://moovitapp.com/index/pt-br/transporte_p%C3%BAblico-line-0_380-Brasilia-1702-851595-334073-0,-1.0,-15.85132,-48.07261,0.83,,,1,2023-06-15T12:19:20+00:00
BRA_337765,Brasília,5300108,,Urbi,872.2,https://moovitapp.com/index/pt-br/transporte_p%C3%BAblico-line-872_2-Brasilia-1702-851595-425251-0,-1.0,-15.87534,-48.02896,11.94,,,1,2023-06-15T12:19:21+00:00
BRA_339458,Brasília,5300108,,Urbi,807.6,https://moovitapp.com/index/pt-br/transporte_p%C3%BAblico-line-807_6-Brasilia-1702-851595-334092-0,-1.0,-15.92828,-48.10392,0.0,,,1,2023-06-15T12:19:21+00:00
BRA_340782,Brasília,5300108,,Urbi,0.171,https://moovitapp.com/index/pt-br/transporte_p%C3%BAblico-line-0_171-Brasilia-1702-851595-242524-0,-1.0,-15.73766,-47.91012,17.22,,,2,2023-06-15T12:19:21+00:00
BRA_340634,Brasília,5300108,,Urbi,0.393,https://moovitapp.com/index/pt-br/transporte_p%C3%BAblico-line-0_393-Brasilia-1702-851595-588805-0,-1.0,-15.8334,-48.05738,0.56,,,1,2023-06-15T12:19:21+00:00
BRA_340430,Brasília,5300108,,Urbi,0.825,https://moovitapp.com/index/pt-br/transporte_p%C3%BAblico-line-0_825-Brasilia-1702-851595-334081-0,-1.0,-15.87147,-47.97473,4.44,,,1,2023-06-15T12:19:21+00:00
BRA_340626,Brasília,5300108,,Urbi,0.050,https://moovitapp.com/index/pt-br/transporte_p%C3%BAblico-line-0_050-Brasilia-1702-851595-781325-0,-1.0,-15.89065,-48.14476,12.22,,,1,2023-06-15T12:19:22+00:00
BRA_338079,Brasília,5300108,,Urbi,0.816,https://moovitapp.com/index/pt-br/transporte_p%C3%BAblico-line-0_816-Brasilia-1702-851595-322387-0,-1.0,-15.80137,-47.8768,6.39,,,1,2023-06-15T12:19:22+00:00
BRA_338800,Brasília,5300108,,Urbi,0.811,https://moovitapp.com/index/pt-br/transporte_p%C3%BAblico-line-0_811-Brasilia-1702-851595-334078-0,-1.0,-15.81091,-47.90434,6.67,,,2,2023-06-15T12:19:22+00:00
BRA_337056,Brasília,5300108,,Urbi,0.816,https://moovitapp.com/index/pt-br/transporte_p%C3%BAblico-line-0_816-Brasilia-1702-851595-322387-0,-1.0,-15.8434,-47.91755,0.0,,,1,2023-06-15T12:19:22+00:00
BRA_337196,Brasília,5300108,,Urbi,0.177,https://moovitapp.com/index/pt-br/transporte_p%C3%BAblico-line-0_177-Brasilia-1702-851595-242528-0,-1.0,-15.82872,-47.92892,14.44,,,1,2023-06-15T12:19:23+00:00
BRA_441279,Brasília,5300108,,Marechal,157.6,https://moovitapp.com/index/pt-br/transporte_p%C3%BAblico-line-157_6-Brasilia-1702-851940-419627-0,-1.0,-15.86352,-47.957773,40.0,,,2,2023-06-15T12:19:09+00:00
BRA_442771,Brasília,5300108,,Marechal,0.383,https://moovitapp.com/index/pt-br/transporte_p%C3%BAblico-line-0_383-Brasilia-1702-851940-347151-0,-1.0,-15.8407,-48.127187,0.0,,,2,2023-06-15T12:19:09+00:00
BRA_444006,Brasília,5300108,,Marechal,363.1,https://moovitapp.com/index/pt-br/transporte_p%C3%BAblico-line-363_1-Brasilia-1702-851940-504344-0,-1.0,-15.840577,-48.126877,0.0,,,2,2023-06-15T12:19:09+00:00
BRA_440850,Brasília,5300108,,Marechal,0.355,https://moovitapp.com/index/pt-br/transporte_p%C3%BAblico-line-0_355-Brasilia-1702-851940-504338-0,-1.0,-15.82564,-48.059837,0.0,,,2,2023-06-15T12:19:09+00:00
BRA_444154,Brasília,5300108,,Marechal,933.3,https://moovitapp.com/index/pt-br/transporte_p%C3%BAblico-line-933_3-Brasilia-1702-851940-450287-0,-1.0,-15.85424,-48.118883,49.0,,,2,2023-06-15T12:19:09+00:00
BRA_440469,Brasília,5300108,,Marechal,0.951,https://moovitapp.com/index/pt-br/transporte_p%C3%BAblico-line-0_951-Brasilia-1702-851940-783578-0,-1.0,-15.86725,-48.03754,13.0,,,2,2023-06-15T12:19:09+00:00
BRA_445291,Brasília,5300108,,Marechal,0.378,https://moovitapp.com/index/pt-br/transporte_p%C3%BAblico-line-0_378-Brasilia-1702-851940-347150-0,-1.0,-15.84099,-48.12677,4.0,,,2,2023-06-15T12:19:09+00:00
BRA_443972,Brasília,5300108,,Marechal,363.2,https://moovitapp.com/index/pt-br/transporte_p%C3%BAblico-line-363_2-Brasilia-1702-851940-725443-0,-1.0,-15.838827,-48.128783,31.0,,,2,2023-06-15T12:19:09+00:00
BRA_445347,Brasília,5300108,,Marechal,337.1,https://moovitapp.com/index/pt-br/transporte_p%C3%BAblico-line-337_1-Brasilia-1702-851940-347165-0,-1.0,-15.811637,-47.988803,4.0,,,2,2023-06-15T12:19:09+00:00
BRA_442861,Brasília,5300108,,Marechal,932.2,https://moovitapp.com/index/pt-br/transporte_p%C3%BAblico-line-932_2-Brasilia-1702-851940-3494666-0,-1.0,-15.794077,-47.883117,2.0,,,2,2023-06-15T12:19:09+00:00
BRA_440701,Brasília,5300108,,Marechal,156.1,https://moovitapp.com/index/pt-br/transporte_p%C3%BAblico-line-156_1-Brasilia-1702-851940-242750-0,-1.0,-15.811267,-47.90472,14.0,,,2,2023-06-15T12:19:09+00:00
BRA_440744,Brasília,5300108,,Marechal,260.3,https://moovitapp.com/index/pt-br/transporte_p%C3%BAblico-line-260_3-Brasilia-1702-851940-393566-0,-1.0,-15.808077,-48.084047,14.0,,,2,2023-06-15T12:19:09+00:00
BRA_442453,Brasília,5300108,,Urbi,367.2,https://moovitapp.com/index/pt-br/transporte_p%C3%BAblico-line-367_2-Brasilia-1702-851595-454971-0,-1.0,-15.88471,-48.11717,31.0,,,2,2023-06-15T12:19:09+00:00
BRA_440272,Brasília,5300108,,Piracicabana,099.1,https://moovitapp.com/index/pt-br/transporte_p%C3%BAblico-line-099_1-Brasilia-1702-850942-775090-0,-1.0,-15.796073,-47.94634,40.0,,,2,2023-06-15T12:19:09+00:00
BRA_440311,Brasília,5300108,,Marechal,0.205,https://moovitapp.com/index/pt-br/transporte_p%C3%BAblico-line-0_205-Brasilia-1702-851940-463646-0,-1.0,-15.80665,-48.078713,25.0,,,2,2023-06-15T12:19:09+00:00
BRA_440655,Brasília,5300108,,Marechal,156.1,https://moovitapp.com/index/pt-br/transporte_p%C3%BAblico-line-156_1-Brasilia-1702-851940-242750-0,-1.0,-15.735957,-47.907327,0.0,,,2,2023-06-15T12:19:04+00:00
BRA_444448,Brasília,5300108,,Marechal,0.205,https://moovitapp.com/index/pt-br/transporte_p%C3%BAblico-line-0_205-Brasilia-1702-851940-463646-0,-1.0,-15.976443,-48.03253,55.0,,,2,2023-06-15T12:19:09+00:00
BRA_444375,Brasília,5300108,,Marechal,0.205,https://moovitapp.com/index/pt-br/transporte_p%C3%BAblico-line-0_205-Brasilia-1702-851940-463646-0,-1.0,-16.03713,-48.06086,0.0,,,2,2023-06-15T12:19:09+00:00
BRA_441562,Brasília,5300108,,Marechal,0.363,https://moovitapp.com/index/pt-br/transporte_p%C3%BAblico-line-0_363-Brasilia-1702-851940-504339-0,-1.0,-15.831103,-48.057923,0.0,,,2,2023-06-15T12:19:09+00:00
BRA_440582,Brasília,5300108,,Marechal,0.162,https://moovitapp.com/index/pt-br/transporte_p%C3%BAblico-line-0_162-Brasilia-1702-851940-766836-0,-1.0,-15.834163,-47.97495,59.0,,,2,2023-06-15T12:19:09+00:00
BRA_445185,Brasília,5300108,,Marechal,0.300,https://moovitapp.com/index/pt-br/transporte_p%C3%BAblico-line-0_300-Brasilia-1702-851940-419624-0,-1.0,-15.794523,-47.88271,32.0,,,2,2023-06-15T12:19:09+00:00
BRA_440841,Brasília,5300108,,Marechal,162.2,https://moovitapp.com/index/pt-br/transporte_p%C3%BAblico-line-162_2-Brasilia-1702-851940-312446-0,-1.0,-15.84336,-47.982187,34.0,,,2,2023-06-15T12:10:05+00:00
BRA_440418,Brasília,5300108,,São José,0.092,https://moovitapp.com/index/pt-br/transporte_p%C3%BAblico-line-0_092-Brasilia-1702-851943-496589-0,-1.0,-15.831143,-48.056353,0.0,,,2,2023-06-15T12:19:04+00:00
BRA_442127,Brasília,5300108,,Marechal,933.1,https://moovitapp.com/index/pt-br/transporte_p%C3%BAblico-line-933_1-Brasilia-1702-851940-358307-0,-1.0,-15.839837,-48.129537,0.0,,,2,2023-06-15T12:19:09+00:00
BRA_440981,Brasília,5300108,,Marechal,355.2,https://moovitapp.com/index/pt-br/transporte_p%C3%BAblico-line-355_2-Brasilia-1702-851940-510251-0,-1.0,-15.842263,-48.048037,32.0,,,2,2023-06-15T12:19:09+00:00
BRA_442496,Brasília,5300108,,Urbi,0.898,https://moovitapp.com/index/pt-br/transporte_p%C3%BAblico-line-0_898-Brasilia-1702-851595-322394-0,-1.0,-15.86407,-48.03432,49.0,,,2,2023-06-15T12:19:09+00:00
BRA_443395,Brasília,5300108,,Marechal,933.4,https://moovitapp.com/index/pt-br/transporte_p%C3%BAblico-line-933_4-Brasilia-1702-851940-656766-0,-1.0,-15.824087,-48.117037,37.0,,,2,2023-06-15T12:19:09+00:00
BRA_443671,Brasília,5300108,,Marechal,0.357,https://moovitapp.com/index/pt-br/transporte_p%C3%BAblico-line-0_357-Brasilia-1702-851940-775109-0,-1.0,-15.87107,-48.034993,55.0,,,2,2023-06-15T12:07:32+00:00
BRA_440990,Brasília,5300108,,Marechal,355.2,https://moovitapp.com/index/pt-br/transporte_p%C3%BAblico-line-355_2-Brasilia-1702-851940-510251-0,-1.0,-15.799213,-48.06825,13.0,,,2,2023-06-15T12:19:09+00:00
BRA_440931,Brasília,5300108,,Marechal,959.1,https://moovitapp.com/index/pt-br/transporte_p%C3%BAblico-line-959_1-Brasilia-1702-851940-789939-0,-1.0,-15.855313,-48.039,40.0,,,2,2023-06-15T12:19:09+00:00
BRA_441163,Brasília,5300108,,Marechal,355.2,https://moovitapp.com/index/pt-br/transporte_p%C3%BAblico-line-355_2-Brasilia-1702-851940-510251-0,-1.0,-15.867623,-48.021457,18.0,,,2,2023-06-15T12:16:00+00:00
BRA_440281,Brasília,5300108,,Marechal,872.8,https://moovitapp.com/index/pt-br/transporte_p%C3%BAblico-line-872_8-Brasilia-1702-851940-425260-0,-1.0,-15.841177,-48.048673,12.0,,,2,2023-06-15T12:19:09+00:00
BRA_441848,Brasília,5300108,,Marechal,0.339,https://moovitapp.com/index/pt-br/transporte_p%C3%BAblico-line-0_339-Brasilia-1702-851940-419625-0,-1.0,-15.779167,-47.932733,18.0,,,2,2023-06-15T12:19:09+00:00
BRA_442062,Brasília,5300108,,Urbi,0.056,https://moovitapp.com/index/pt-br/transporte_p%C3%BAblico-line-0_056-Brasilia-1702-851595-588804-0,-1.0,-15.83598,-48.113397,12.0,,,2,2023-06-15T12:19:09+00:00
BRA_440965,Brasília,5300108,,Marechal,0.900,https://moovitapp.com/index/pt-br/transporte_p%C3%BAblico-line-0_900-Brasilia-1702-851940-242733-0,-1.0,-15.804003,-48.07047,24.0,,,2,2023-06-15T12:19:09+00:00
BRA_444171,Brasília,5300108,,Marechal,0.043,https://moovitapp.com/index/pt-br/transporte_p%C3%BAblico-line-0_043-Brasilia-1702-851940-781330-0,-1.0,-15.813477,-48.06754,0.0,,,2,2023-06-15T12:19:09+00:00
BRA_440141,Brasília,5300108,,Marechal,0.090,https://moovitapp.com/index/pt-br/transporte_p%C3%BAblico-line-0_090-Brasilia-1702-851940-242702-0,-1.0,-15.84075,-47.965943,0.0,,,2,2023-06-15T12:19:09+00:00
BRA_444197,Brasília,5300108,,Marechal,933.2,https://moovitapp.com/index/pt-br/transporte_p%C3%BAblico-line-933_2-Brasilia-1702-851940-717428-0,-1.0,-15.857943,-48.12439,21.0,,,2,2023-06-15T12:19:09+00:00
BRA_443166,Brasília,5300108,,Marechal,336.1,https://moovitapp.com/index/pt-br/transporte_p%C3%BAblico-line-336_1-Brasilia-1702-851940-347163-0,-1.0,-15.83527,-47.951983,43.0,,,2,2023-06-15T11:56:34+00:00
BRA_444472,Brasília,5300108,,Urbi,805.7,https://moovitapp.com/index/pt-br/transporte_p%C3%BAblico-line-805_7-Brasilia-1702-851595-75080175-0,-1.0,-15.864743,-48.024023,20.0,,,2,2023-06-15T11:41:53+00:00
BRA_443191,Brasília,5300108,,Marechal,933.1,https://moovitapp.com/index/pt-br/transporte_p%C3%BAblico-line-933_1-Brasilia-1702-851940-358307-0,-1.0,-15.841593,-48.106627,54.0,,,2,2023-06-15T12:19:09+00:00
BRA_441091,Brasília,5300108,,São José,157.8,https://moovitapp.com/index/pt-br/transporte_p%C3%BAblico-line-157_8-Brasilia-1702-851943-759503-0,-1.0,-15.797897,-48.00016,59.0,,,2,2023-06-15T12:19:09+00:00
BRA_443174,Brasília,5300108,,Marechal,361.1,https://moovitapp.com/index/pt-br/transporte_p%C3%BAblico-line-361_1-Brasilia-1702-851940-363861-0,-1.0,-15.838073,-48.024243,0.0,,,2,2023-06-15T12:19:09+00:00
BRA_441147,Brasília,5300108,,Marechal,0.205,https://moovitapp.com/index/pt-br/transporte_p%C3%BAblico-line-0_205-Brasilia-1702-851940-463646-0,-1.0,-16.033983,-48.05875,32.0,,,2,2023-06-15T12:19:09+00:00
BRA_441040,Brasília,5300108,,Marechal,355.2,https://moovitapp.com/index/pt-br/transporte_p%C3%BAblico-line-355_2-Brasilia-1702-851940-510251-0,-1.0,-15.86712,-48.03734,0.0,,,2,2023-06-15T12:19:09+00:00
BRA_441503,Brasília,5300108,,Urbi,056.2,https://moovitapp.com/index/pt-br/transporte_p%C3%BAblico-line-056_2-Brasilia-1702-851595-492982-0,-1.0,-15.84437,-48.10426,18.0,,,2,2023-06-15T12:19:09+00:00
BRA_443271,Brasília,5300108,,Marechal,0.363,https://moovitapp.com/index/pt-br/transporte_p%C3%BAblico-line-0_363-Brasilia-1702-851940-504339-0,-1.0,-15.784467,-47.909347,47.0,,,2,2023-06-15T12:19:09+00:00
BRA_443140,Brasília,5300108,,Marechal,932.2,https://moovitapp.com/index/pt-br/transporte_p%C3%BAblico-line-932_2-Brasilia-1702-851940-3494666-0,-1.0,-15.839047,-48.127443,12.0,,,2,2023-06-15T12:19:09+00:00
BRA_444405,Brasília,5300108,,Marechal,0.205,https://moovitapp.com/index/pt-br/transporte_p%C3%BAblico-line-0_205-Brasilia-1702-851940-463646-0,-1.0,-15.858853,-48.03671,47.0,,,2,2023-06-15T12:19:09+00:00
BRA_441911,Brasília,5300108,,Marechal,0.089,https://moovitapp.com/index/pt-br/transporte_p%C3%BAblico-line-0_089-Brasilia-1702-851940-706977-0,-1.0,-15.839173,-48.12901,0.0,,,2,2023-06-15T12:19:09+00:00
BRA_442429,Brasília,5300108,,Marechal,933.5,https://moovitapp.com/index/pt-br/transporte_p%C3%BAblico-line-933_5-Brasilia-1702-851940-766837-0,-1.0,-15.840787,-48.126747,0.0,,,2,2023-06-15T12:19:04+00:00
BRA_441724,Brasília,5300108,,Urbi,0.050,https://moovitapp.com/index/pt-br/transporte_p%C3%BAblico-line-0_050-Brasilia-1702-851595-781325-0,-1.0,-15.851597,-48.064433,15.0,,,2,2023-06-15T12:19:09+00:00
BRA_444642,Brasília,5300108,,Marechal,0.554,https://moovitapp.com/index/pt-br/transporte_p%C3%BAblico-line-0_554-Brasilia-1702-851940-504340-0,-1.0,-15.784227,-47.895983,34.0,,,2,2023-06-15T12:19:09+00:00
BRA_440574,Brasília,5300108,,Marechal,0.156,https://moovitapp.com/index/pt-br/transporte_p%C3%BAblico-line-0_156-Brasilia-1702-851940-242705-0,-1.0,-15.813537,-47.907933,0.0,,,2,2023-06-15T12:19:09+00:00
BRA_440523,Brasília,5300108,,Marechal,357.1,https://moovitapp.com/index/pt-br/transporte_p%C3%BAblico-line-357_1-Brasilia-1702-851940-775113-0,-1.0,-15.866987,-48.03763,0.0,,,2,2023-06-15T12:19:04+00:00
BRA_444332,Brasília,5300108,,Marechal,0.205,https://moovitapp.com/index/pt-br/transporte_p%C3%BAblico-line-0_205-Brasilia-1702-851940-463646-0,-1.0,-15.91003,-48.051353,58.0,,,2,2023-06-15T12:19:09+00:00
BRA_440973,Brasília,5300108,,Piracicabana,099.1,https://moovitapp.com/index/pt-br/transporte_p%C3%BAblico-line-099_1-Brasilia-1702-850942-775090-0,-1.0,-15.83104,-48.039757,0.0,,,2,2023-06-15T12:19:09+00:00
BRA_441082,Brasília,5300108,,Marechal,154.3,https://moovitapp.com/index/pt-br/transporte_p%C3%BAblico-line-154_3-Brasilia-1702-851940-393565-0,-1.0,-15.799167,-47.8622,0.0,,,2,2023-06-15T12:19:09+00:00
BRA_443786,Brasília,5300108,,Marechal,0.357,https://moovitapp.com/index/pt-br/transporte_p%C3%BAblico-line-0_357-Brasilia-1702-851940-775109-0,-1.0,-15.869557,-48.037477,0.0,,,2,2023-06-15T12:16:42+00:00
BRA_441716,Brasília,5300108,,Urbi,0.054,https://moovitapp.com/index/pt-br/transporte_p%C3%BAblico-line-0_054-Brasilia-1702-851595-454960-0,-1.0,-15.844603,-48.049953,37.0,,,2,2023-06-15T12:19:09+00:00
BRA_440434,Brasília,5300108,,Marechal,0.349,https://moovitapp.com/index/pt-br/transporte_p%C3%BAblico-line-0_349-Brasilia-1702-851940-677511-0,-1.0,-15.845097,-48.044003,35.0,,,2,2023-06-15T12:19:09+00:00
BRA_440108,Brasília,5300108,,Marechal,0.153,https://moovitapp.com/index/pt-br/transporte_p%C3%BAblico-line-0_153-Brasilia-1702-851940-766835-0,-1.0,-15.846227,-47.97901,19.0,,,2,2023-06-15T12:19:09+00:00
BRA_440396,Brasília,5300108,,Marechal,355.3,https://moovitapp.com/index/pt-br/transporte_p%C3%BAblico-line-355_3-Brasilia-1702-851940-504343-0,-1.0,-15.866807,-48.03778,0.0,,,2,2023-06-15T12:19:09+00:00
BRA_442437,Brasília,5300108,,Marechal,0.369,https://moovitapp.com/index/pt-br/transporte_p%C3%BAblico-line-0_369-Brasilia-1702-851940-500060-0,-1.0,-15.840647,-48.126807,14.0,,,2,2023-06-15T12:19:09+00:00
BRA_440451,Brasília,5300108,,Marechal,0.153,https://moovitapp.com/index/pt-br/transporte_p%C3%BAblico-line-0_153-Brasilia-1702-851940-766835-0,-1.0,-15.793603,-47.88288,0.0,,,2,2023-06-15T12:10:41+00:00
BRA_443794,Brasília,5300108,,Marechal,0.951,https://moovitapp.com/index/pt-br/transporte_p%C3%BAblico-line-0_951-Brasilia-1702-851940-783578-0,-1.0,-15.83411,-48.0432,51.0,,,2,2023-06-15T12:19:09+00:00
BRA_444049,Brasília,5300108,,Marechal,933.6,https://moovitapp.com/index/pt-br/transporte_p%C3%BAblico-line-933_6-Brasilia-1702-851940-3494672-0,-1.0,-15.840377,-48.129693,0.0,,,2,2023-06-15T12:19:04+00:00
BRA_440671,Brasília,5300108,,Marechal,355.2,https://moovitapp.com/index/pt-br/transporte_p%C3%BAblico-line-355_2-Brasilia-1702-851940-510251-0,-1.0,-15.817,-48.01738,26.0,,,2,2023-06-15T12:19:09+00:00
BRA_440493,Brasília,5300108,,Marechal,156.1,https://moovitapp.com/index/pt-br/transporte_p%C3%BAblico-line-156_1-Brasilia-1702-851940-242750-0,-1.0,-15.81206,-47.938573,20.0,,,2,2023-06-15T12:19:09+00:00
BRA_444944,Brasília,5300108,,Urbi,0.347,https://moovitapp.com/index/pt-br/transporte_p%C3%BAblico-line-0_347-Brasilia-1702-851595-347128-0,-1.0,-15.845163,-48.106227,31.0,,,2,2023-06-15T12:19:09+00:00
BRA_445134,Brasília,5300108,,Marechal,0.305,https://moovitapp.com/index/pt-br/transporte_p%C3%BAblico-line-0_305-Brasilia-1702-851940-775108-0,-1.0,-15.817283,-48.012307,62.0,,,2,2023-06-15T12:19:09+00:00
BRA_440019,Brasília,5300108,,São José,0.092,https://moovitapp.com/index/pt-br/transporte_p%C3%BAblico-line-0_092-Brasilia-1702-851943-496589-0,-1.0,-15.820647,-47.98678,0.0,,,2,2023-06-15T12:18:22+00:00
BRA_443701,Brasília,5300108,,Marechal,355.1,https://moovitapp.com/index/pt-br/transporte_p%C3%BAblico-line-355_1-Brasilia-1702-851940-729097-0,-1.0,-15.866783,-48.037473,0.0,,,2,2023-06-15T12:19:04+00:00
BRA_441431,Brasília,5300108,,Marechal,0.043,https://moovitapp.com/index/pt-br/transporte_p%C3%BAblico-line-0_043-Brasilia-1702-851940-781330-0,-1.0,-15.84506,-48.10611,18.0,,,2,2023-06-15T12:19:09+00:00
BRA_442399,Brasília,5300108,,Marechal,0.361,https://moovitapp.com/index/pt-br/transporte_p%C3%BAblico-line-0_361-Brasilia-1702-851940-376158-0,-1.0,-15.84111,-48.126883,0.0,,,2,2023-06-15T12:19:09+00:00
BRA_440337,Brasília,5300108,,Marechal,156.1,https://moovitapp.com/index/pt-br/transporte_p%C3%BAblico-line-156_1-Brasilia-1702-851940-242750-0,-1.0,-15.83982,-47.966367,51.0,,,2,2023-06-15T12:19:09+00:00
BRA_440183,Brasília,5300108,,Urbi,805.9,https://moovitapp.com/index/pt-br/transporte_p%C3%BAblico-line-805_9-Brasilia-1702-851595-454983-0,-1.0,-15.804783,-48.070563,17.0,,,2,2023-06-15T12:19:09+00:00
BRA_440361,Brasília,5300108,,Urbi,038.1,https://moovitapp.com/index/pt-br/transporte_p%C3%BAblico-line-038_1-Brasilia-1702-851595-781327-0,-1.0,-15.886413,-48.02281,13.0,,,2,2023-06-15T12:19:09+00:00
BRA_445258,Brasília,5300108,,Marechal,337.1,https://moovitapp.com/index/pt-br/transporte_p%C3%BAblico-line-337_1-Brasilia-1702-851940-347165-0,-1.0,-15.80396,-47.896863,3.0,,,2,2023-06-15T12:19:09+00:00
BRA_440159,Brasília,5300108,,Marechal,162.2,https://moovitapp.com/index/pt-br/transporte_p%C3%BAblico-line-162_2-Brasilia-1702-851940-312446-0,-1.0,-15.840833,-47.96595,0.0,,,2,2023-06-15T12:19:04+00:00
BRA_441481,Brasília,5300108,,Urbi,0.050,https://moovitapp.com/index/pt-br/transporte_p%C3%BAblico-line-0_050-Brasilia-1702-851595-781325-0,-1.0,-15.82602,-48.059727,0.0,,,2,2023-06-15T12:19:09+00:00
BRA_442054,Brasília,5300108,,Marechal,383.1,https://moovitapp.com/index/pt-br/transporte_p%C3%BAblico-line-383_1-Brasilia-1702-851940-527238-0,-1.0,-15.804203,-48.070773,18.0,,,2,2023-06-15T12:19:09+00:00
BRA_445274,Brasília,5300108,,Marechal,0.336,https://moovitapp.com/index/pt-br/transporte_p%C3%BAblico-line-0_336-Brasilia-1702-851940-347142-0,-1.0,-15.84101,-48.12696,0.0,,,2,2023-06-15T12:19:04+00:00
BRA_445371,Brasília,5300108,,Marechal,337.1,https://moovitapp.com/index/pt-br/transporte_p%C3%BAblico-line-337_1-Brasilia-1702-851940-347165-0,-1.0,-15.793823,-47.88303,1.0,,,2,2023-06-15T12:19:09+00:00
BRA_441465,Brasília,5300108,,Marechal,0.363,https://moovitapp.com/index/pt-br/transporte_p%C3%BAblico-line-0_363-Brasilia-1702-851940-504339-0,-1.0,-15.803977,-48.070333,22.0,,,2,2023-06-15T11:54:39+00:00
BRA_445215,Brasília,5300108,,Marechal,0.300,https://moovitapp.com/index/pt-br/transporte_p%C3%BAblico-line-0_300-Brasilia-1702-851940-419624-0,-1.0,-15.83328,-48.056273,0.0,,,2,2023-06-15T12:19:09+00:00
BRA_440043,Brasília,5300108,,Urbi,0.872,https://moovitapp.com/index/pt-br/transporte_p%C3%BAblico-line-0_872-Brasilia-1702-851595-466291-0,-1.0,-15.918047,-48.061847,20.0,,,2,2023-06-15T12:19:09+00:00
BRA_441678,Brasília,5300108,,Marechal,361.1,https://moovitapp.com/index/pt-br/transporte_p%C3%BAblico-line-361_1-Brasilia-1702-851940-363861-0,-1.0,-15.83402,-48.058747,32.0,,,2,2023-06-15T12:10:46+00:00
BRA_442232,Brasília,5300108,,Marechal,0.339,https://moovitapp.com/index/pt-br/transporte_p%C3%BAblico-line-0_339-Brasilia-1702-851940-419625-0,-1.0,-15.791257,-48.040377,17.0,,,2,2023-06-15T11:51:51+00:00
BRA_445380,Brasília,5300108,,Marechal,0.378,https://moovitapp.com/index/pt-br/transporte_p%C3%BAblico-line-0_378-Brasilia-1702-851940-347150-0,-1.0,-15.744477,-47.897013,0.0,,,2,2023-06-15T12:19:09+00:00
BRA_442411,Brasília,5300108,,Urbi,0.367,https://moovitapp.com/index/pt-br/transporte_p%C3%BAblico-line-0_367-Brasilia-1702-851595-519380-0,-1.0,-15.840677,-48.056243,0.0,,,2,2023-06-15T12:19:09+00:00
BRA_440264,Brasília,5300108,,Marechal,260.3,https://moovitapp.com/index/pt-br/transporte_p%C3%BAblico-line-260_3-Brasilia-1702-851940-393566-0,-1.0,-15.833373,-48.05654,23.0,,,2,2023-06-15T12:19:09+00:00
BRA_442755,Brasília,5300108,,Marechal,933.1,https://moovitapp.com/index/pt-br/transporte_p%C3%BAblico-line-933_1-Brasilia-1702-851940-358307-0,-1.0,-15.84035,-48.129683,0.0,,,2,2023-06-15T12:19:04+00:00
BRA_445339,Brasília,5300108,,Marechal,932.1,https://moovitapp.com/index/pt-br/transporte_p%C3%BAblico-line-932_1-Brasilia-1702-851940-470763-0,-1.0,-15.82693,-48.030063,65.0,,,2,2023-06-15T12:19:09+00:00
BRA_442712,Brasília,5300108,,Marechal,0.383,https://moovitapp.com/index/pt-br/transporte_p%C3%BAblico-line-0_383-Brasilia-1702-851940-347151-0,-1.0,-15.848847,-48.111043,38.0,,,2,2023-06-15T12:19:09+00:00
BRA_442267,Brasília,5300108,,Marechal,0.555,https://moovitapp.com/index/pt-br/transporte_p%C3%BAblico-line-0_555-Brasilia-1702-851940-504341-0,-1.0,-15.792017,-47.893633,61.0,,,2,2023-06-15T11:34:28+00:00
BRA_440035,Brasília,5300108,,Marechal,355.2,https://moovitapp.com/index/pt-br/transporte_p%C3%BAblico-line-355_2-Brasilia-1702-851940-510251-0,-1.0,-15.866347,-48.037547,16.0,,,2,2023-06-15T12:19:09+00:00
BRA_442241,Brasília,5300108,,Urbi,0.050,https://moovitapp.com/index/pt-br/transporte_p%C3%BAblico-line-0_050-Brasilia-1702-851595-781325-0,-1.0,-15.87898,-48.120087,47.0,,,2,2023-06-15T12:19:09+00:00
BRA_445398,Brasília,5300108,,Marechal,0.301,https://moovitapp.com/index/pt-br/transporte_p%C3%BAblico-line-0_301-Brasilia-1702-851940-339319-0,-1.0,-15.83931,-48.129617,0.0,,,2,2023-06-15T12:08:04+00:00
BRA_440027,Brasília,5300108,,Urbi,805.2,https://moovitapp.com/index/pt-br/transporte_p%C3%BAblico-line-805_2-Brasilia-1702-851595-454981-0,-1.0,-15.877813,-48.05049,58.0,,,2,2023-06-15T12:19:09+00:00
BRA_441937,Brasília,5300108,,Marechal,363.1,https://moovitapp.com/index/pt-br/transporte_p%C3%BAblico-line-363_1-Brasilia-1702-851940-504344-0,-1.0,-15.811537,-48.068207,44.0,,,2,2023-06-15T12:19:09+00:00
BRA_445207,Brasília,5300108,,Marechal,0.378,https://moovitapp.com/index/pt-br/transporte_p%C3%BAblico-line-0_378-Brasilia-1702-851940-347150-0,-1.0,-15.812253,-47.982617,61.0,,,2,2023-06-15T12:19:09+00:00
BRA_440248,Brasília,5300108,,Marechal,156.8,https://moovitapp.com/index/pt-br/transporte_p%C3%BAblico-line-156_8-Brasilia-1702-851940-312445-0,-1.0,-15.775727,-47.888247,40.0,,,2,2023-06-15T12:19:09+00:00
BRA_440426,Brasília,5300108,,Marechal,0.205,https://moovitapp.com/index/pt-br/transporte_p%C3%BAblico-line-0_205-Brasilia-1702-851940-463646-0,-1.0,-16.020067,-48.06689,0.0,,,2,2023-06-15T12:19:09+00:00
BRA_444103,Brasília,5300108,,Marechal,363.2,https://moovitapp.com/index/pt-br/transporte_p%C3%BAblico-line-363_2-Brasilia-1702-851940-725443-0,-1.0,-15.84094,-48.126643,0.0,,,2,2023-06-15T12:19:09+00:00
BRA_442003,Brasília,5300108,,Marechal,933.1,https://moovitapp.com/index/pt-br/transporte_p%C3%BAblico-line-933_1-Brasilia-1702-851940-358307-0,-1.0,-15.853507,-48.117923,43.0,,,2,2023-06-15T12:19:09+00:00
BRA_440795,Brasília,5300108,,Marechal,260.3,https://moovitapp.com/index/pt-br/transporte_p%C3%BAblico-line-260_3-Brasilia-1702-851940-393566-0,-1.0,-16.04196,-48.02561,0.0,,,2,2023-06-15T12:19:09+00:00
BRA_443557,Brasília,5300108,,Marechal,355.2,https://moovitapp.com/index/pt-br/transporte_p%C3%BAblico-line-355_2-Brasilia-1702-851940-510251-0,-1.0,-15.86652,-48.0377,0.0,,,2,2023-06-15T12:19:09+00:00
BRA_441511,Brasília,5300108,,Marechal,363.2,https://moovitapp.com/index/pt-br/transporte_p%C3%BAblico-line-363_2-Brasilia-1702-851940-725443-0,-1.0,-15.831617,-48.058097,0.0,,,2,2023-06-15T12:19:09+00:00
BRA_441635,Brasília,5300108,,Marechal,932.1,https://moovitapp.com/index/pt-br/transporte_p%C3%BAblico-line-932_1-Brasilia-1702-851940-470763-0,-1.0,-15.794013,-47.88324,0.0,,,2,2023-06-15T12:19:04+00:00
BRA_442623,Brasília,5300108,,Urbi,0.054,https://moovitapp.com/index/pt-br/transporte_p%C3%BAblico-line-0_054-Brasilia-1702-851595-454960-0,-1.0,-15.819533,-48.06197,28.0,,,2,2023-06-15T12:19:09+00:00
BRA_444570,Brasília,5300108,,Marechal,383.1,https://moovitapp.com/index/pt-br/transporte_p%C3%BAblico-line-383_1-Brasilia-1702-851940-527238-0,-1.0,-15.79396,-47.883223,0.0,,,2,2023-06-15T12:19:09+00:00
BRA_444715,Brasília,5300108,,Marechal,0.089,https://moovitapp.com/index/pt-br/transporte_p%C3%BAblico-line-0_089-Brasilia-1702-851940-706977-0,-1.0,-15.819513,-48.100293,37.0,,,2,2023-06-15T12:19:09+00:00
BRA_443042,Brasília,5300108,,Marechal,304.1,https://moovitapp.com/index/pt-br/transporte_p%C3%BAblico-line-304_1-Brasilia-1702-851940-516636-0,-1.0,-15.7886,-47.938643,18.0,,,2,2023-06-15T11:58:26+00:00
BRA_444723,Brasília,5300108,,São José,350.1,https://moovitapp.com/index/pt-br/transporte_p%C3%BAblico-line-350_1-Brasilia-1702-851943-2068450-0,-1.0,-15.835397,-48.062233,51.0,,,2,2023-06-15T12:19:09+00:00
BRA_445223,Brasília,5300108,,Marechal,0.301,https://moovitapp.com/index/pt-br/transporte_p%C3%BAblico-line-0_301-Brasilia-1702-851940-339319-0,-1.0,-15.808077,-47.931317,0.0,,,2,2023-06-15T12:19:09+00:00
BRA_443051,Brasília,5300108,,Marechal,304.1,https://moovitapp.com/index/pt-br/transporte_p%C3%BAblico-line-304_1-Brasilia-1702-851940-516636-0,-1.0,-15.814443,-48.099307,1.0,,,2,2023-06-15T12:19:09+00:00
BRA_442828,Brasília,5300108,,Urbi,056.2,https://moovitapp.com/index/pt-br/transporte_p%C3%BAblico-line-056_2-Brasilia-1702-851595-492982-0,-1.0,-15.8585,-48.069593,24.0,,,2,2023-06-15T12:19:04+00:00
BRA_442801,Brasília,5300108,,Marechal,383.3,https://moovitapp.com/index/pt-br/transporte_p%C3%BAblico-line-383_3-Brasilia-1702-851940-88144102-0,-1.0,-15.8523,-48.11748,17.0,,,2,2023-06-15T12:19:09+00:00
BRA_445126,Brasília,5300108,,Marechal,0.305,https://moovitapp.com/index/pt-br/transporte_p%C3%BAblico-line-0_305-Brasilia-1702-851940-775108-0,-1.0,-15.841347,-48.048553,7.0,,,2,2023-06-15T12:19:09+00:00
BRA_442747,Brasília,5300108,,Marechal,933.4,https://moovitapp.com/index/pt-br/transporte_p%C3%BAblico-line-933_4-Brasilia-1702-851940-656766-0,-1.0,-15.83948,-48.128587,0.0,,,2,2023-06-15T12:19:09+00:00
BRA_442615,Brasília,5300108,,Urbi,0.050,https://moovitapp.com/index/pt-br/transporte_p%C3%BAblico-line-0_050-Brasilia-1702-851595-781325-0,-1.0,-15.884487,-48.13125,49.0,,,2,2023-06-15T12:19:09+00:00
BRA_441660,Brasília,5300108,,Urbi,0.399,https://moovitapp.com/index/pt-br/transporte_p%C3%BAblico-line-0_399-Brasilia-1702-851595-454964-0,-1.0,-15.86928,-48.056633,0.0,,,2,2023-06-15T12:19:09+00:00
BRA_443123,Brasília,5300108,,Marechal,361.1,https://moovitapp.com/index/pt-br/transporte_p%C3%BAblico-line-361_1-Brasilia-1702-851940-363861-0,-1.0,-15.845427,-48.117493,44.0,,,2,2023-06-15T12:19:09+00:00
BRA_443778,Brasília,5300108,,Marechal,0.357,https://moovitapp.com/index/pt-br/transporte_p%C3%BAblico-line-0_357-Brasilia-1702-851940-775109-0,-1.0,-15.83531,-48.00761,23.0,,,2,2023-06-15T12:19:09+00:00
BRA_440591,Brasília,5300108,,Piracicabana,099.1,https://moovitapp.com/index/pt-br/transporte_p%C3%BAblico-line-099_1-Brasilia-1702-850942-775090-0,-1.0,-15.79812,-47.94946,31.0,,,2,2023-06-15T12:19:09+00:00
BRA_444286,Brasília,5300108,,Marechal,933.2,https://moovitapp.com/index/pt-br/transporte_p%C3%BAblico-line-933_2-Brasilia-1702-851940-717428-0,-1.0,-15.85351,-48.117583,54.0,,,2,2023-06-15T12:19:09+00:00
BRA_440922,Brasília,5300108,,Marechal,154.2,https://moovitapp.com/index/pt-br/transporte_p%C3%BAblico-line-154_2-Brasilia-1702-851940-527234-0,-1.0,-15.840937,-47.951773,57.0,,,2,2023-06-15T12:19:09+00:00
BRA_440957,Brasília,5300108,,Marechal,157.6,https://moovitapp.com/index/pt-br/transporte_p%C3%BAblico-line-157_6-Brasilia-1702-851940-419627-0,-1.0,-15.82028,-47.98659,0.0,,,2,2023-06-15T12:19:09+00:00
BRA_444219,Brasília,5300108,,Marechal,933.4,https://moovitapp.com/index/pt-br/transporte_p%C3%BAblico-line-933_4-Brasilia-1702-851940-656766-0,-1.0,-15.823487,-48.115917,39.0,,,2,2023-06-15T11:54:13+00:00
BRA_440400,Brasília,5300108,,Marechal,0.167,https://moovitapp.com/index/pt-br/transporte_p%C3%BAblico-line-0_167-Brasilia-1702-851940-242707-0,-1.0,-15.760303,-47.86703,42.0,,,2,2023-06-15T12:19:09+00:00
BRA_444031,Brasília,5300108,,Marechal,363.1,https://moovitapp.com/index/pt-br/transporte_p%C3%BAblico-line-363_1-Brasilia-1702-851940-504344-0,-1.0,-15.834517,-48.11203,0.0,,,2,2023-06-15T12:19:09+00:00
BRA_444731,Brasília,5300108,,Marechal,0.903,https://moovitapp.com/index/pt-br/transporte_p%C3%BAblico-line-0_903-Brasilia-1702-851940-347155-0,-1.0,-15.839533,-48.12958,0.0,,,2,2023-06-15T12:19:09+00:00
BRA_443891,Brasília,5300108,,Marechal,959.2,https://moovitapp.com/index/pt-br/transporte_p%C3%BAblico-line-959_2-Brasilia-1702-851940-66561063-0,-1.0,-15.86802,-48.010693,13.0,,,2,2023-06-15T12:19:09+00:00
BRA_440639,Brasília,5300108,,Marechal,0.234,https://moovitapp.com/index/pt-br/transporte_p%C3%BAblico-line-0_234-Brasilia-1702-851940-419623-0,-1.0,-15.87359,-48.042013,59.0,,,2,2023-06-15T12:17:50+00:00
BRA_440752,Brasília,5300108,,Marechal,0.090,https://moovitapp.com/index/pt-br/transporte_p%C3%BAblico-line-0_090-Brasilia-1702-851940-242702-0,-1.0,-15.840567,-47.965463,0.0,,,2,2023-06-15T12:19:04+00:00
BRA_440868,Brasília,5300108,,Marechal,0.376,https://moovitapp.com/index/pt-br/transporte_p%C3%BAblico-line-0_376-Brasilia-1702-851940-242726-0,-1.0,-15.781807,-47.887517,39.0,,,2,2023-06-15T12:11:44+00:00
BRA_441708,Brasília,5300108,,Urbi,056.4,https://moovitapp.com/index/pt-br/transporte_p%C3%BAblico-line-056_4-Brasilia-1702-851595-519387-0,-1.0,-15.8455,-48.112007,5.0,,,2,2023-06-15T12:19:09+00:00
BRA_440299,Brasília,5300108,,São José,0.092,https://moovitapp.com/index/pt-br/transporte_p%C3%BAblico-line-0_092-Brasilia-1702-851943-496589-0,-1.0,-15.87715,-48.000927,45.0,,,2,2023-06-15T12:19:09+00:00
BRA_445193,Brasília,5300108,,Marechal,0.300,https://moovitapp.com/index/pt-br/transporte_p%C3%BAblico-line-0_300-Brasilia-1702-851940-419624-0,-1.0,-15.83428,-48.077887,42.0,,,2,2023-06-15T12:15:55+00:00
BRA_441007,Brasília,5300108,,Marechal,0.234,https://moovitapp.com/index/pt-br/transporte_p%C3%BAblico-line-0_234-Brasilia-1702-851940-419623-0,-1.0,-15.87679,-48.02718,39.0,,,2,2023-06-15T12:03:45+00:00
BRA_440078,Brasília,5300108,,Marechal,0.156,https://moovitapp.com/index/pt-br/transporte_p%C3%BAblico-line-0_156-Brasilia-1702-851940-242705-0,-1.0,-15.840707,-47.965797,0.0,,,2,2023-06-15T12:19:04+00:00
BRA_444111,Brasília,5300108,,Marechal,933.3,https://moovitapp.com/index/pt-br/transporte_p%C3%BAblico-line-933_3-Brasilia-1702-851940-450287-0,-1.0,-15.840793,-48.127107,0.0,,,2,2023-06-15T12:19:09+00:00
BRA_442984,Brasília,5300108,,Urbi,0.050,https://moovitapp.com/index/pt-br/transporte_p%C3%BAblico-line-0_050-Brasilia-1702-851595-781325-0,-1.0,-15.895973,-48.14752,41.0,,,2,2023-06-15T12:19:09+00:00
BRA_443085,Brasília,5300108,,Marechal,933.4,https://moovitapp.com/index/pt-br/transporte_p%C3%BAblico-line-933_4-Brasilia-1702-851940-656766-0,-1.0,-15.83643,-48.129293,26.0,,,2,2023-06-15T12:19:09+00:00
BRA_442674,Brasília,5300108,,Marechal,363.2,https://moovitapp.com/index/pt-br/transporte_p%C3%BAblico-line-363_2-Brasilia-1702-851940-725443-0,-1.0,-15.82147,-48.061273,43.0,,,2,2023-06-15T12:19:09+00:00
BRA_442666,Brasília,5300108,,Urbi,0.050,https://moovitapp.com/index/pt-br/transporte_p%C3%BAblico-line-0_050-Brasilia-1702-851595-781325-0,-1.0,-15.806743,-48.079013,22.0,,,2,2023-06-15T12:19:09+00:00
BRA_440086,Brasília,5300108,,São José,0.092,https://moovitapp.com/index/pt-br/transporte_p%C3%BAblico-line-0_092-Brasilia-1702-851943-496589-0,-1.0,-15.868313,-47.962323,20.0,,,2,2023-06-15T12:19:09+00:00
BRA_442534,Brasília,5300108,,Marechal,304.1,https://moovitapp.com/index/pt-br/transporte_p%C3%BAblico-line-304_1-Brasilia-1702-851940-516636-0,-1.0,-15.803857,-48.067323,39.0,,,2,2023-06-15T12:19:09+00:00
BRA_444740,Brasília,5300108,,Marechal,0.089,https://moovitapp.com/index/pt-br/transporte_p%C3%BAblico-line-0_089-Brasilia-1702-851940-706977-0,-1.0,-15.837377,-48.12868,36.0,,,2,2023-06-15T12:19:09+00:00
BRA_442879,Brasília,5300108,,Marechal,933.4,https://moovitapp.com/index/pt-br/transporte_p%C3%BAblico-line-933_4-Brasilia-1702-851940-656766-0,-1.0,-15.80567,-48.075473,10.0,,,2,2023-06-15T12:19:09+00:00
BRA_443417,Brasília,5300108,,Marechal,933.1,https://moovitapp.com/index/pt-br/transporte_p%C3%BAblico-line-933_1-Brasilia-1702-851940-358307-0,-1.0,-15.81138,-48.093287,55.0,,,2,2023-06-15T12:19:09+00:00
BRA_441384,Brasília,5300108,,Urbi,056.2,https://moovitapp.com/index/pt-br/transporte_p%C3%BAblico-line-056_2-Brasilia-1702-851595-492982-0,-1.0,-15.88551,-48.151193,29.0,,,2,2023-06-15T12:19:09+00:00
BRA_441333,Brasília,5300108,,Marechal,156.1,https://moovitapp.com/index/pt-br/transporte_p%C3%BAblico-line-156_1-Brasilia-1702-851940-242750-0,-1.0,-15.820337,-47.986607,0.0,,,2,2023-06-15T12:19:09+00:00
BRA_441295,Brasília,5300108,,São José,0.092,https://moovitapp.com/index/pt-br/transporte_p%C3%BAblico-line-0_092-Brasilia-1702-851943-496589-0,-1.0,-15.82043,-47.986777,0.0,,,2,2023-06-15T12:19:09+00:00
BRA_443310,Brasília,5300108,,Marechal,932.2,https://moovitapp.com/index/pt-br/transporte_p%C3%BAblico-line-932_2-Brasilia-1702-851940-3494666-0,-1.0,-15.831667,-48.130347,12.0,,,2,2023-06-15T12:19:09+00:00
BRA_441104,Brasília,5300108,,Urbi,038.1,https://moovitapp.com/index/pt-br/transporte_p%C3%BAblico-line-038_1-Brasilia-1702-851595-781327-0,-1.0,-15.82948,-48.058523,0.0,,,2,2023-06-15T12:19:09+00:00
BRA_441180,Brasília,5300108,,Marechal,260.3,https://moovitapp.com/index/pt-br/transporte_p%C3%BAblico-line-260_3-Brasilia-1702-851940-393566-0,-1.0,-15.804213,-48.071007,0.0,,,2,2023-06-15T12:19:09+00:00
BRA_443506,Brasília,5300108,,São José,359.2,https://moovitapp.com/index/pt-br/transporte_p%C3%BAblico-line-359_2-Brasilia-1702-851943-2068453-0,-1.0,-15.834913,-48.017013,0.0,,,2,2023-06-15T12:19:09+00:00
BRA_441198,Brasília,5300108,,Marechal,0.234,https://moovitapp.com/index/pt-br/transporte_p%C3%BAblico-line-0_234-Brasilia-1702-851940-419623-0,-1.0,-16.020033,-48.066867,0.0,,,2,2023-06-15T12:19:04+00:00
BRA_443069,Brasília,5300108,,Marechal,363.2,https://moovitapp.com/index/pt-br/transporte_p%C3%BAblico-line-363_2-Brasilia-1702-851940-725443-0,-1.0,-15.806037,-48.07672,40.0,,,2,2023-06-15T12:19:09+00:00
BRA_442640,Brasília,5300108,,Marechal,933.5,https://moovitapp.com/index/pt-br/transporte_p%C3%BAblico-line-933_5-Brasilia-1702-851940-766837-0,-1.0,-15.81457,-48.067197,42.0,,,2,2023-06-15T12:19:09+00:00
BRA_440612,Brasília,5300108,,Marechal,156.1,https://moovitapp.com/index/pt-br/transporte_p%C3%BAblico-line-156_1-Brasilia-1702-851940-242750-0,-1.0,-15.840533,-47.965437,0.0,,,2,2023-06-15T12:19:09+00:00
BRA_440191,Brasília,5300108,,Marechal,355.3,https://moovitapp.com/index/pt-br/transporte_p%C3%BAblico-line-355_3-Brasilia-1702-851940-504343-0,-1.0,-15.80315,-48.067947,0.0,,,2,2023-06-15T11:11:22+00:00
BRA_444316,Brasília,5300108,,Marechal,933.2,https://moovitapp.com/index/pt-br/transporte_p%C3%BAblico-line-933_2-Brasilia-1702-851940-717428-0,-1.0,-15.840513,-48.099053,11.0,,,2,2023-06-15T12:05:15+00:00
BRA_444120,Brasília,5300108,,Marechal,933.2,https://moovitapp.com/index/pt-br/transporte_p%C3%BAblico-line-933_2-Brasilia-1702-851940-717428-0,-1.0,-15.81637,-48.101463,14.0,,,2,2023-06-15T12:19:09+00:00
BRA_440809,Brasília,5300108,,Marechal,162.2,https://moovitapp.com/index/pt-br/transporte_p%C3%BAblico-line-162_2-Brasilia-1702-851940-312446-0,-1.0,-15.818593,-47.984383,48.0,,,2,2023-06-15T12:19:09+00:00
BRA_443930,Brasília,5300108,,Marechal,933.6,https://moovitapp.com/index/pt-br/transporte_p%C3%BAblico-line-933_6-Brasilia-1702-851940-3494672-0,-1.0,-15.83019,-48.118377,37.0,,,2,2023-06-15T12:19:09+00:00
BRA_440663,Brasília,5300108,,Marechal,206.1,https://moovitapp.com/index/pt-br/transporte_p%C3%BAblico-line-206_1-Brasilia-1702-851940-137149861-0,-1.0,-16.020397,-48.067113,0.0,,,2,2023-06-15T12:19:04+00:00
BRA_440825,Brasília,5300108,,São José,157.8,https://moovitapp.com/index/pt-br/transporte_p%C3%BAblico-line-157_8-Brasilia-1702-851943-759503-0,-1.0,-15.840403,-47.966023,0.0,,,2,2023-06-15T12:19:09+00:00
BRA_444260,Brasília,5300108,,Marechal,933.6,https://moovitapp.com/index/pt-br/transporte_p%C3%BAblico-line-933_6-Brasilia-1702-851940-3494672-0,-1.0,-15.833697,-48.059577,16.0,,,2,2023-06-15T12:19:09+00:00
BRA_440761,Brasília,5300108,,Marechal,260.3,https://moovitapp.com/index/pt-br/transporte_p%C3%BAblico-line-260_3-Brasilia-1702-851940-393566-0,-1.0,-15.922203,-48.04747,58.0,,,2,2023-06-15T12:19:09+00:00
BRA_442356,Brasília,5300108,,Urbi,056.4,https://moovitapp.com/index/pt-br/transporte_p%C3%BAblico-line-056_4-Brasilia-1702-851595-519387-0,-1.0,-15.8844,-48.151343,25.0,,,2,2023-06-15T12:19:09+00:00
BRA_444022,Brasília,5300108,,Marechal,933.2,https://moovitapp.com/index/pt-br/transporte_p%C3%BAblico-line-933_2-Brasilia-1702-851940-717428-0,-1.0,-15.840743,-48.12716,0.0,,,2,2023-06-15T11:59:44+00:00
BRA_444090,Brasília,5300108,,Marechal,933.5,https://moovitapp.com/index/pt-br/transporte_p%C3%BAblico-line-933_5-Brasilia-1702-851940-766837-0,-1.0,-15.82181,-48.113467,0.0,,,2,2023-06-15T12:19:09+00:00
BRA_443956,Brasília,5300108,,Marechal,933.5,https://moovitapp.com/index/pt-br/transporte_p%C3%BAblico-line-933_5-Brasilia-1702-851940-766837-0,-1.0,-15.832403,-48.131747,13.0,,,2,2023-06-15T12:19:09+00:00
BRA_445312,Brasília,5300108,,Marechal,0.378,https://moovitapp.com/index/pt-br/transporte_p%C3%BAblico-line-0_378-Brasilia-1702-851940-347150-0,-1.0,-15.73794,-47.89933,0.0,,,2,2023-06-15T12:19:09+00:00
BRA_445177,Brasília,5300108,,Marechal,0.378,https://moovitapp.com/index/pt-br/transporte_p%C3%BAblico-line-0_378-Brasilia-1702-851940-347150-0,-1.0,-15.837313,-48.120737,22.0,,,2,2023-06-15T12:19:09+00:00
BRA_441554,Brasília,5300108,,Marechal,0.361,https://moovitapp.com/index/pt-br/transporte_p%C3%BAblico-line-0_361-Brasilia-1702-851940-376158-0,-1.0,-15.834703,-48.079313,56.0,,,2,2023-06-15T12:19:09+00:00
BRA_442194,Brasília,5300108,,Urbi,367.2,https://moovitapp.com/index/pt-br/transporte_p%C3%BAblico-line-367_2-Brasilia-1702-851595-454971-0,-1.0,-15.859237,-48.070183,29.0,,,2,2023-06-15T12:18:59+00:00
BRA_440221,Brasília,5300108,,Marechal,157.6,https://moovitapp.com/index/pt-br/transporte_p%C3%BAblico-line-157_6-Brasilia-1702-851940-419627-0,-1.0,-15.8217,-47.93585,66.0,,,2,2023-06-15T12:19:04+00:00
BRA_440779,Brasília,5300108,,Marechal,156.8,https://moovitapp.com/index/pt-br/transporte_p%C3%BAblico-line-156_8-Brasilia-1702-851940-312445-0,-1.0,-15.81852,-47.98546,1.0,,,2,2023-06-15T12:19:09+00:00
BRA_444545,Brasília,5300108,,Marechal,0.554,https://moovitapp.com/index/pt-br/transporte_p%C3%BAblico-line-0_554-Brasilia-1702-851940-504340-0,-1.0,-15.83302,-47.927143,17.0,,,2,2023-06-15T12:19:09+00:00
BRA_443883,Brasília,5300108,,Marechal,355.3,https://moovitapp.com/index/pt-br/transporte_p%C3%BAblico-line-355_3-Brasilia-1702-851940-504343-0,-1.0,-15.867337,-48.03773,0.0,,,2,2023-06-15T12:19:04+00:00
BRA_444537,Brasília,5300108,,Marechal,0.942,https://moovitapp.com/index/pt-br/transporte_p%C3%BAblico-line-0_942-Brasilia-1702-851940-347158-0,-1.0,-15.78632,-48.000543,0.0,,,2,2023-06-15T12:19:09+00:00
BRA_440621,Brasília,5300108,,Urbi,805.9,https://moovitapp.com/index/pt-br/transporte_p%C3%BAblico-line-805_9-Brasilia-1702-851595-454983-0,-1.0,-15.93328,-48.108503,0.0,,,2,2023-06-15T12:19:04+00:00
BRA_441805,Brasília,5300108,,Marechal,0.043,https://moovitapp.com/index/pt-br/transporte_p%C3%BAblico-line-0_043-Brasilia-1702-851940-781330-0,-1.0,-15.803623,-48.069273,14.0,,,2,2023-06-15T12:19:09+00:00
BRA_441775,Brasília,5300108,,Marechal,932.1,https://moovitapp.com/index/pt-br/transporte_p%C3%BAblico-line-932_1-Brasilia-1702-851940-470763-0,-1.0,-15.84105,-48.126487,8.0,,,2,2023-06-15T12:19:09+00:00
BRA_443387,Brasília,5300108,,Urbi,0.367,https://moovitapp.com/index/pt-br/transporte_p%C3%BAblico-line-0_367-Brasilia-1702-851595-519380-0,-1.0,-15.872883,-48.103887,51.0,,,2,2023-06-15T12:19:09+00:00
BRA_441791,Brasília,5300108,,Marechal,0.089,https://moovitapp.com/index/pt-br/transporte_p%C3%BAblico-line-0_089-Brasilia-1702-851940-706977-0,-1.0,-15.825267,-47.979323,0.0,,,2,2023-06-15T12:19:09+00:00
BRA_443361,Brasília,5300108,,Marechal,933.1,https://moovitapp.com/index/pt-br/transporte_p%C3%BAblico-line-933_1-Brasilia-1702-851940-358307-0,-1.0,-15.840987,-48.126517,7.0,,,2,2023-06-15T12:02:36+00:00
BRA_441422,Brasília,5300108,,Urbi,0.347,https://moovitapp.com/index/pt-br/transporte_p%C3%BAblico-line-0_347-Brasilia-1702-851595-347128-0,-1.0,-15.81303,-47.999697,59.0,,,2,2023-06-15T12:05:14+00:00
BRA_445355,Brasília,5300108,,Marechal,337.1,https://moovitapp.com/index/pt-br/transporte_p%C3%BAblico-line-337_1-Brasilia-1702-851940-347165-0,-1.0,-15.852487,-48.117327,4.0,,,2,2023-06-15T12:19:09+00:00
BRA_445266,Brasília,5300108,,Marechal,361.1,https://moovitapp.com/index/pt-br/transporte_p%C3%BAblico-line-361_1-Brasilia-1702-851940-363861-0,-1.0,-15.84789,-48.11015,4.0,,,2,2023-06-15T12:19:09+00:00
BRA_443450,Brasília,5300108,,Marechal,0.363,https://moovitapp.com/index/pt-br/transporte_p%C3%BAblico-line-0_363-Brasilia-1702-851940-504339-0,-1.0,-15.84106,-48.126917,0.0,,,2,2023-06-15T12:19:04+00:00
BRA_443301,Brasília,5300108,,Marechal,933.5,https://moovitapp.com/index/pt-br/transporte_p%C3%BAblico-line-933_5-Brasilia-1702-851940-766837-0,-1.0,-15.829873,-48.126273,23.0,,,2,2023-06-15T12:19:09+00:00
BRA_445321,Brasília,5300108,,Marechal,337.1,https://moovitapp.com/index/pt-br/transporte_p%C3%BAblico-line-337_1-Brasilia-1702-851940-347165-0,-1.0,-15.810563,-47.976667,55.0,,,2,2023-06-15T12:19:09+00:00
BRA_445151,Brasília,5300108,,Marechal,0.355,https://moovitapp.com/index/pt-br/transporte_p%C3%BAblico-line-0_355-Brasilia-1702-851940-504338-0,-1.0,-15.8673,-48.037453,0.0,,,2,2023-06-15T12:19:09+00:00
BRA_445142,Brasília,5300108,,Marechal,0.306,https://moovitapp.com/index/pt-br/transporte_p%C3%BAblico-line-0_306-Brasilia-1702-851940-242714-0,-1.0,-15.794743,-47.883277,18.0,,,2,2023-06-15T12:19:09+00:00
BRA_441074,Brasília,5300108,,Marechal,260.3,https://moovitapp.com/index/pt-br/transporte_p%C3%BAblico-line-260_3-Brasilia-1702-851940-393566-0,-1.0,-15.801267,-48.15829,18.0,,,2,2023-06-15T12:19:09+00:00
BRA_441473,Brasília,5300108,,Marechal,0.089,https://moovitapp.com/index/pt-br/transporte_p%C3%BAblico-line-0_089-Brasilia-1702-851940-706977-0,-1.0,-15.830417,-48.123747,17.0,,,2,2023-06-15T12:19:09+00:00
BRA_441571,Brasília,5300108,,Marechal,942.1,https://moovitapp.com/index/pt-br/transporte_p%C3%BAblico-line-942_1-Brasilia-1702-851940-347177-0,-1.0,-15.783823,-47.940967,2.0,,,2,2023-06-15T12:19:09+00:00
BRA_443760,Brasília,5300108,,Marechal,0.951,https://moovitapp.com/index/pt-br/transporte_p%C3%BAblico-line-0_951-Brasilia-1702-851940-783578-0,-1.0,-15.86767,-48.037587,34.0,,,2,2023-06-15T12:19:09+00:00
BRA_444677,Brasília,5300108,,São José,333.7,https://moovitapp.com/index/pt-br/transporte_p%C3%BAblico-line-333_7-Brasilia-1702-851943-2068454-0,-1.0,-15.82565,-48.059857,4.0,,,2,2023-06-15T12:13:44+00:00
BRA_444685,Brasília,5300108,,São José,350.1,https://moovitapp.com/index/pt-br/transporte_p%C3%BAblico-line-350_1-Brasilia-1702-851943-2068450-0,-1.0,-15.797483,-48.159457,2.0,,,2,2023-06-15T12:19:09+00:00
BRA_444669,Brasília,5300108,,São José,350.1,https://moovitapp.com/index/pt-br/transporte_p%C3%BAblico-line-350_1-Brasilia-1702-851943-2068450-0,-1.0,-15.80815,-48.157257,0.0,,,2,2023-06-15T12:19:04+00:00
BRA_440566,Brasília,5300108,,Urbi,805.8,https://moovitapp.com/index/pt-br/transporte_p%C3%BAblico-line-805_8-Brasilia-1702-851595-454982-0,-1.0,-15.904017,-48.068597,0.0,,,2,2023-06-15T12:19:09+00:00
BRA_441015,Brasília,5300108,,Marechal,0.090,https://moovitapp.com/index/pt-br/transporte_p%C3%BAblico-line-0_090-Brasilia-1702-851940-242702-0,-1.0,-15.846713,-47.97728,25.0,,,2,2023-06-15T12:19:09+00:00
BRA_440485,Brasília,5300108,,Piracicabana,099.1,https://moovitapp.com/index/pt-br/transporte_p%C3%BAblico-line-099_1-Brasilia-1702-850942-775090-0,-1.0,-15.833943,-48.01258,8.0,,,2,2023-06-15T12:19:09+00:00
BRA_441368,Brasília,5300108,,Marechal,355.3,https://moovitapp.com/index/pt-br/transporte_p%C3%BAblico-line-355_3-Brasilia-1702-851940-504343-0,-1.0,-15.870113,-48.0378,16.0,,,2,2023-06-15T12:19:09+00:00
BRA_441023,Brasília,5300108,,Marechal,0.153,https://moovitapp.com/index/pt-br/transporte_p%C3%BAblico-line-0_153-Brasilia-1702-851940-766835-0,-1.0,-15.816033,-47.9373,40.0,,,2,2023-06-15T12:19:09+00:00
BRA_442119,Brasília,5300108,,Marechal,933.5,https://moovitapp.com/index/pt-br/transporte_p%C3%BAblico-line-933_5-Brasilia-1702-851940-766837-0,-1.0,-15.813313,-48.06411,3.0,,,2,2023-06-15T12:19:09+00:00
BRA_442780,Brasília,5300108,,Urbi,0.367,https://moovitapp.com/index/pt-br/transporte_p%C3%BAblico-line-0_367-Brasilia-1702-851595-519380-0,-1.0,-15.884233,-48.15076,0.0,,,2,2023-06-15T12:19:09+00:00
BRA_441376,Brasília,5300108,,Marechal,305.6,https://moovitapp.com/index/pt-br/transporte_p%C3%BAblico-line-305_6-Brasilia-1702-851940-242767-0,-1.0,-15.807063,-47.968347,56.0,,,2,2023-06-15T12:19:09+00:00
BRA_443948,Brasília,5300108,,Marechal,933.3,https://moovitapp.com/index/pt-br/transporte_p%C3%BAblico-line-933_3-Brasilia-1702-851940-450287-0,-1.0,-15.839043,-48.129093,0.0,,,2,2023-06-15T12:19:09+00:00
BRA_444189,Brasília,5300108,,Marechal,933.6,https://moovitapp.com/index/pt-br/transporte_p%C3%BAblico-line-933_6-Brasilia-1702-851940-3494672-0,-1.0,-15.840677,-48.12683,0.0,,,2,2023-06-15T12:19:09+00:00
BRA_442208,Brasília,5300108,,Urbi,372.4,https://moovitapp.com/index/pt-br/transporte_p%C3%BAblico-line-372_4-Brasilia-1702-851595-650087-0,-1.0,-15.88572,-48.151117,32.0,,,2,2023-06-15T12:19:09+00:00
BRA_441759,Brasília,5300108,,Urbi,056.4,https://moovitapp.com/index/pt-br/transporte_p%C3%BAblico-line-056_4-Brasilia-1702-851595-519387-0,-1.0,-15.884107,-48.15029,0.0,,,2,2023-06-15T12:19:09+00:00
BRA_443654,Brasília,5300108,,Marechal,0.959,https://moovitapp.com/index/pt-br/transporte_p%C3%BAblico-line-0_959-Brasilia-1702-851940-546208-0,-1.0,-15.866963,-48.037437,0.0,,,2,2023-06-15T12:19:04+00:00
BRA_442542,Brasília,5300108,,Marechal,0.361,https://moovitapp.com/index/pt-br/transporte_p%C3%BAblico-line-0_361-Brasilia-1702-851940-376158-0,-1.0,-15.853527,-48.039977,41.0,,,2,2023-06-15T11:49:13+00:00
BRA_441872,Brasília,5300108,,Marechal,0.089,https://moovitapp.com/index/pt-br/transporte_p%C3%BAblico-line-0_089-Brasilia-1702-851940-706977-0,-1.0,-15.838647,-47.985023,44.0,,,2,2023-06-15T12:19:09+00:00
BRA_443298,Brasília,5300108,,Marechal,933.5,https://moovitapp.com/index/pt-br/transporte_p%C3%BAblico-line-933_5-Brasilia-1702-851940-766837-0,-1.0,-15.84107,-48.12647,9.0,,,2,2023-06-15T12:19:09+00:00
BRA_441457,Brasília,5300108,,Urbi,367.2,https://moovitapp.com/index/pt-br/transporte_p%C3%BAblico-line-367_2-Brasilia-1702-851595-454971-0,-1.0,-15.863243,-48.077887,25.0,,,2,2023-06-15T12:17:45+00:00
BRA_440787,Brasília,5300108,,Marechal,154.2,https://moovitapp.com/index/pt-br/transporte_p%C3%BAblico-line-154_2-Brasilia-1702-851940-527234-0,-1.0,-15.81927,-47.902697,41.0,,,2,2023-06-15T12:19:09+00:00
BRA_441244,Brasília,5300108,,Marechal,355.2,https://moovitapp.com/index/pt-br/transporte_p%C3%BAblico-line-355_2-Brasilia-1702-851940-510251-0,-1.0,-15.79744,-48.042903,10.0,,,2,2023-06-15T12:19:09+00:00
BRA_440132,Brasília,5300108,,São José,0.092,https://moovitapp.com/index/pt-br/transporte_p%C3%BAblico-line-0_092-Brasilia-1702-851943-496589-0,-1.0,-15.84662,-47.951403,31.0,,,2,2023-06-15T12:19:09+00:00
BRA_443565,Brasília,5300108,,Marechal,0.951,https://moovitapp.com/index/pt-br/transporte_p%C3%BAblico-line-0_951-Brasilia-1702-851940-783578-0,-1.0,-15.83313,-48.049827,41.0,,,2,2023-06-15T12:19:09+00:00
BRA_440124,Brasília,5300108,,Piracicabana,099.1,https://moovitapp.com/index/pt-br/transporte_p%C3%BAblico-line-099_1-Brasilia-1702-850942-775090-0,-1.0,-15.86203,-48.035017,61.0,,,2,2023-06-15T12:19:09+00:00
BRA_444693,Brasília,5300108,,São José,333.6,https://moovitapp.com/index/pt-br/transporte_p%C3%BAblico-line-333_6-Brasilia-1702-851943-2068452-0,-1.0,-15.83431,-48.036907,31.0,,,2,2023-06-15T12:19:09+00:00
BRA_441686,Brasília,5300108,,Marechal,933.1,https://moovitapp.com/index/pt-br/transporte_p%C3%BAblico-line-933_1-Brasilia-1702-851940-358307-0,-1.0,-15.834457,-48.112063,0.0,,,2,2023-06-15T12:19:09+00:00
BRA_441767,Brasília,5300108,,Urbi,372.5,https://moovitapp.com/index/pt-br/transporte_p%C3%BAblico-line-372_5-Brasilia-1702-851595-519391-0,-1.0,-15.825877,-48.059777,0.0,,,2,2023-06-15T12:19:09+00:00
BRA_441627,Brasília,5300108,,Urbi,393.7,https://moovitapp.com/index/pt-br/transporte_p%C3%BAblico-line-393_7-Brasilia-1702-851595-588818-0,-1.0,-15.875003,-48.028653,40.0,,,2,2023-06-15T12:19:09+00:00
BRA_441732,Brasília,5300108,,Urbi,0.367,https://moovitapp.com/index/pt-br/transporte_p%C3%BAblico-line-0_367-Brasilia-1702-851595-519380-0,-1.0,-15.840423,-48.12969,0.0,,,2,2023-06-15T12:19:04+00:00
BRA_443646,Brasília,5300108,,Marechal,355.3,https://moovitapp.com/index/pt-br/transporte_p%C3%BAblico-line-355_3-Brasilia-1702-851940-504343-0,-1.0,-15.8013,-48.068253,0.0,,,2,2023-06-15T12:19:09+00:00
BRA_441236,Brasília,5300108,,Marechal,351.3,https://moovitapp.com/index/pt-br/transporte_p%C3%BAblico-line-351_3-Brasilia-1702-851940-510249-0,-1.0,-15.822927,-48.080713,58.0,,,2,2023-06-15T12:19:09+00:00
BRA_443697,Brasília,5300108,,Marechal,351.3,https://moovitapp.com/index/pt-br/transporte_p%C3%BAblico-line-351_3-Brasilia-1702-851940-510249-0,-1.0,-15.85867,-48.043107,23.0,,,2,2023-06-15T12:19:09+00:00
BRA_443603,Brasília,5300108,,Marechal,355.1,https://moovitapp.com/index/pt-br/transporte_p%C3%BAblico-line-355_1-Brasilia-1702-851940-729097-0,-1.0,-15.790857,-47.981023,45.0,,,2,2023-06-15T10:29:10+00:00
BRA_440094,Brasília,5300108,,Marechal,154.2,https://moovitapp.com/index/pt-br/transporte_p%C3%BAblico-line-154_2-Brasilia-1702-851940-527234-0,-1.0,-15.83851,-47.96661,8.0,,,2,2023-06-15T12:19:09+00:00
BRA_440175,Brasília,5300108,,Urbi,0.823,https://moovitapp.com/index/pt-br/transporte_p%C3%BAblico-line-0_823-Brasilia-1702-851595-401625-0,-1.0,-15.877203,-48.01877,58.0,,,2,2023-06-15T12:19:09+00:00
BRA_444014,Brasília,5300108,,Marechal,0.369,https://moovitapp.com/index/pt-br/transporte_p%C3%BAblico-line-0_369-Brasilia-1702-851940-500060-0,-1.0,-15.84094,-48.127007,0.0,,,2,2023-06-15T12:19:09+00:00
BRA_443620,Brasília,5300108,,Marechal,351.3,https://moovitapp.com/index/pt-br/transporte_p%C3%BAblico-line-351_3-Brasilia-1702-851940-510249-0,-1.0,-15.862533,-48.03502,0.0,,,2,2023-06-15T12:19:09+00:00
BRA_443263,Brasília,5300108,,Marechal,0.089,https://moovitapp.com/index/pt-br/transporte_p%C3%BAblico-line-0_089-Brasilia-1702-851940-706977-0,-1.0,-15.82944,-48.058587,0.0,,,2,2023-06-15T12:19:09+00:00
BRA_442224,Brasília,5300108,,Marechal,0.554,https://moovitapp.com/index/pt-br/transporte_p%C3%BAblico-line-0_554-Brasilia-1702-851940-504340-0,-1.0,-15.840983,-48.126537,0.0,,,2,2023-06-15T12:19:09+00:00
BRA_443689,Brasília,5300108,,Marechal,959.2,https://moovitapp.com/index/pt-br/transporte_p%C3%BAblico-line-959_2-Brasilia-1702-851940-66561063-0,-1.0,-15.868943,-48.019647,29.0,,,2,2023-06-15T12:16:37+00:00
BRA_441589,Brasília,5300108,,Marechal,942.1,https://moovitapp.com/index/pt-br/transporte_p%C3%BAblico-line-942_1-Brasilia-1702-851940-347177-0,-1.0,-15.734127,-47.897443,0.0,,,2,2023-06-15T12:19:09+00:00
BRA_443204,Brasília,5300108,,Marechal,0.383,https://moovitapp.com/index/pt-br/transporte_p%C3%BAblico-line-0_383-Brasilia-1702-851940-347151-0,-1.0,-15.840673,-48.127187,0.0,,,2,2023-06-15T12:19:09+00:00
BRA_441228,Brasília,5300108,,Marechal,0.090,https://moovitapp.com/index/pt-br/transporte_p%C3%BAblico-line-0_090-Brasilia-1702-851940-242702-0,-1.0,-15.846767,-47.96551,52.0,,,2,2023-06-15T12:19:09+00:00
BRA_441538,Brasília,5300108,,Urbi,0.056,https://moovitapp.com/index/pt-br/transporte_p%C3%BAblico-line-0_056-Brasilia-1702-851595-588804-0,-1.0,-15.90225,-48.12849,0.0,,,2,2023-06-15T12:19:09+00:00
BRA_441317,Brasília,5300108,,Marechal,355.3,https://moovitapp.com/index/pt-br/transporte_p%C3%BAblico-line-355_3-Brasilia-1702-851940-504343-0,-1.0,-15.803153,-48.039527,51.0,,,2,2023-06-15T12:19:09+00:00
BRA_443859,Brasília,5300108,,Marechal,959.1,https://moovitapp.com/index/pt-br/transporte_p%C3%BAblico-line-959_1-Brasilia-1702-851940-789939-0,-1.0,-15.86222,-48.001477,25.0,,,2,2023-06-15T11:57:59+00:00
BRA_442089,Brasília,5300108,,São José,333.6,https://moovitapp.com/index/pt-br/transporte_p%C3%BAblico-line-333_6-Brasilia-1702-851943-2068452-0,-1.0,-15.80791,-48.157187,0.0,,,2,2023-06-15T12:19:04+00:00
BRA_443492,Brasília,5300108,,Marechal,0.554,https://moovitapp.com/index/pt-br/transporte_p%C3%BAblico-line-0_554-Brasilia-1702-851940-504340-0,-1.0,-15.85146,-48.11812,42.0,,,2,2023-06-15T12:19:09+00:00
BRA_441902,Brasília,5300108,,Marechal,933.4,https://moovitapp.com/index/pt-br/transporte_p%C3%BAblico-line-933_4-Brasilia-1702-851940-656766-0,-1.0,-15.838917,-48.128993,0.0,,,2,2023-06-15T12:12:42+00:00
BRA_443379,Brasília,5300108,,Marechal,0.089,https://moovitapp.com/index/pt-br/transporte_p%C3%BAblico-line-0_089-Brasilia-1702-851940-706977-0,-1.0,-15.835293,-47.986517,48.0,,,2,2023-06-15T12:19:09+00:00
BRA_443280,Brasília,5300108,,Marechal,0.383,https://moovitapp.com/index/pt-br/transporte_p%C3%BAblico-line-0_383-Brasilia-1702-851940-347151-0,-1.0,-15.794357,-47.883163,0.0,,,2,2023-06-15T12:19:09+00:00
BRA_441694,Brasília,5300108,,Marechal,932.1,https://moovitapp.com/index/pt-br/transporte_p%C3%BAblico-line-932_1-Brasilia-1702-851940-470763-0,-1.0,-15.834843,-48.084253,58.0,,,2,2023-06-15T12:19:09+00:00
BRA_441171,Brasília,5300108,,Marechal,0.234,https://moovitapp.com/index/pt-br/transporte_p%C3%BAblico-line-0_234-Brasilia-1702-851940-419623-0,-1.0,-16.0238,-48.071707,31.0,,,2,2023-06-15T12:19:09+00:00
BRA_442038,Brasília,5300108,,Urbi,056.4,https://moovitapp.com/index/pt-br/transporte_p%C3%BAblico-line-056_4-Brasilia-1702-851595-519387-0,-1.0,-15.885803,-48.129997,41.0,,,2,2023-06-15T12:19:09+00:00
BRA_441520,Brasília,5300108,,Marechal,933.1,https://moovitapp.com/index/pt-br/transporte_p%C3%BAblico-line-933_1-Brasilia-1702-851940-358307-0,-1.0,-15.84072,-48.12696,0.0,,,2,2023-06-15T12:19:04+00:00
BRA_441783,Brasília,5300108,,Marechal,0.361,https://moovitapp.com/index/pt-br/transporte_p%C3%BAblico-line-0_361-Brasilia-1702-851940-376158-0,-1.0,-15.840637,-48.127033,0.0,,,2,2023-06-15T12:19:09+00:00
BRA_442658,Brasília,5300108,,Marechal,0.942,https://moovitapp.com/index/pt-br/transporte_p%C3%BAblico-line-0_942-Brasilia-1702-851940-347158-0,-1.0,-15.78404,-47.88754,20.0,,,2,2023-06-15T12:19:09+00:00
BRA_442330,Brasília,5300108,,Marechal,933.1,https://moovitapp.com/index/pt-br/transporte_p%C3%BAblico-line-933_1-Brasilia-1702-851940-358307-0,-1.0,-15.809423,-48.087143,29.0,,,2,2023-06-15T12:19:09+00:00
BRA_444243,Brasília,5300108,,Urbi,0.367,https://moovitapp.com/index/pt-br/transporte_p%C3%BAblico-line-0_367-Brasilia-1702-851595-519380-0,-1.0,-15.86844,-48.031567,51.0,,,2,2023-06-15T12:19:09+00:00
BRA_443549,Brasília,5300108,,Marechal,0.351,https://moovitapp.com/index/pt-br/transporte_p%C3%BAblico-line-0_351-Brasilia-1702-851940-510246-0,-1.0,-15.86697,-48.0374,0.0,,,2,2023-06-15T12:19:09+00:00
BRA_444502,Brasília,5300108,,Marechal,361.1,https://moovitapp.com/index/pt-br/transporte_p%C3%BAblico-line-361_1-Brasilia-1702-851940-363861-0,-1.0,-15.841633,-48.046313,0.0,,,2,2023-06-15T12:19:09+00:00
BRA_443662,Brasília,5300108,,Marechal,959.2,https://moovitapp.com/index/pt-br/transporte_p%C3%BAblico-line-959_2-Brasilia-1702-851940-66561063-0,-1.0,-15.866977,-48.03792,0.0,,,2,2023-06-15T12:17:50+00:00
BRA_441287,Brasília,5300108,,Marechal,0.205,https://moovitapp.com/index/pt-br/transporte_p%C3%BAblico-line-0_205-Brasilia-1702-851940-463646-0,-1.0,-16.02609,-48.06613,13.0,,,2,2023-06-15T12:19:09+00:00
BRA_443999,Brasília,5300108,,Marechal,0.369,https://moovitapp.com/index/pt-br/transporte_p%C3%BAblico-line-0_369-Brasilia-1702-851940-500060-0,-1.0,-15.857503,-48.043877,27.0,,,2,2023-06-15T12:19:09+00:00
BRA_444430,Brasília,5300108,,Marechal,0.205,https://moovitapp.com/index/pt-br/transporte_p%C3%BAblico-line-0_205-Brasilia-1702-851940-463646-0,-1.0,-15.762367,-47.89155,21.0,,,2,2023-06-15T12:19:09+00:00
BRA_441066,Brasília,5300108,,Marechal,162.2,https://moovitapp.com/index/pt-br/transporte_p%C3%BAblico-line-162_2-Brasilia-1702-851940-312446-0,-1.0,-15.8408,-47.965803,0.0,,,2,2023-06-15T12:19:09+00:00
BRA_443336,Brasília,5300108,,Marechal,0.089,https://moovitapp.com/index/pt-br/transporte_p%C3%BAblico-line-0_089-Brasilia-1702-851940-706977-0,-1.0,-15.840583,-48.12681,0.0,,,2,2023-06-15T12:19:09+00:00
BRA_443221,Brasília,5300108,,Urbi,0.898,https://moovitapp.com/index/pt-br/transporte_p%C3%BAblico-line-0_898-Brasilia-1702-851595-322394-0,-1.0,-15.83633,-48.065767,58.0,,,2,2023-06-15T12:14:16+00:00
BRA_441325,Brasília,5300108,,São José,0.092,https://moovitapp.com/index/pt-br/transporte_p%C3%BAblico-line-0_092-Brasilia-1702-851943-496589-0,-1.0,-15.846513,-48.04335,0.0,,,2,2023-06-15T12:19:09+00:00
BRA_444995,Brasília,5300108,,Marechal,0.903,https://moovitapp.com/index/pt-br/transporte_p%C3%BAblico-line-0_903-Brasilia-1702-851940-347155-0,-1.0,-15.80654,-48.078257,9.0,,,2,2023-06-15T12:19:09+00:00
BRA_445045,Brasília,5300108,,Marechal,0.554,https://moovitapp.com/index/pt-br/transporte_p%C3%BAblico-line-0_554-Brasilia-1702-851940-504340-0,-1.0,-15.840997,-48.126937,0.0,,,2,2023-06-15T12:19:09+00:00
BRA_445053,Brasília,5300108,,Marechal,363.1,https://moovitapp.com/index/pt-br/transporte_p%C3%BAblico-line-363_1-Brasilia-1702-851940-504344-0,-1.0,-15.816817,-48.103147,0.0,,,2,2023-06-15T12:19:09+00:00
BRA_444791,Brasília,5300108,,São José,359.2,https://moovitapp.com/index/pt-br/transporte_p%C3%BAblico-line-359_2-Brasilia-1702-851943-2068453-0,-1.0,-15.788487,-48.132543,20.0,,,2,2023-06-15T12:19:09+00:00
BRA_444804,Brasília,5300108,,São José,333.7,https://moovitapp.com/index/pt-br/transporte_p%C3%BAblico-line-333_7-Brasilia-1702-851943-2068454-0,-1.0,-15.81042,-48.131803,14.0,,,2,2023-06-15T12:19:09+00:00
BRA_444979,Brasília,5300108,,Urbi,0.898,https://moovitapp.com/index/pt-br/transporte_p%C3%BAblico-line-0_898-Brasilia-1702-851595-322394-0,-1.0,-15.915147,-48.047203,0.0,,,2,2023-06-15T12:19:09+00:00
BRA_444910,Brasília,5300108,,Marechal,0.089,https://moovitapp.com/index/pt-br/transporte_p%C3%BAblico-line-0_089-Brasilia-1702-851940-706977-0,-1.0,-15.84554,-47.926007,26.0,,,2,2023-06-15T12:19:09+00:00
BRA_445096,Brasília,5300108,,São José,333.6,https://moovitapp.com/index/pt-br/transporte_p%C3%BAblico-line-333_6-Brasilia-1702-851943-2068452-0,-1.0,-15.832663,-48.113433,0.0,,,2,2023-06-15T12:19:09+00:00
BRA_445002,Brasília,5300108,,Marechal,932.1,https://moovitapp.com/index/pt-br/transporte_p%C3%BAblico-line-932_1-Brasilia-1702-851940-470763-0,-1.0,-15.815853,-47.90041,60.0,,,2,2023-06-15T12:19:09+00:00
BRA_444936,Brasília,5300108,,Marechal,0.043,https://moovitapp.com/index/pt-br/transporte_p%C3%BAblico-line-0_043-Brasilia-1702-851940-781330-0,-1.0,-15.774243,-47.88821,53.0,,,2,2023-06-15T12:19:09+00:00
BRA_445088,Brasília,5300108,,São José,359.2,https://moovitapp.com/index/pt-br/transporte_p%C3%BAblico-line-359_2-Brasilia-1702-851943-2068453-0,-1.0,-15.838007,-48.09449,29.0,,,2,2023-06-15T12:19:09+00:00
BRA_444855,Brasília,5300108,,Marechal,0.942,https://moovitapp.com/index/pt-br/transporte_p%C3%BAblico-line-0_942-Brasilia-1702-851940-347158-0,-1.0,-15.840783,-48.12664,0.0,,,2,2023-06-15T11:51:46+00:00
BRA_445100,Brasília,5300108,,São José,350.1,https://moovitapp.com/index/pt-br/transporte_p%C3%BAblico-line-350_1-Brasilia-1702-851943-2068450-0,-1.0,-15.830897,-48.095747,48.0,,,2,2023-06-15T12:19:09+00:00
BRA_444952,Brasília,5300108,,Marechal,0.383,https://moovitapp.com/index/pt-br/transporte_p%C3%BAblico-line-0_383-Brasilia-1702-851940-347151-0,-1.0,-15.84088,-48.12659,0.0,,,2,2023-06-15T12:19:04+00:00
BRA_444987,Brasília,5300108,,São José,359.2,https://moovitapp.com/index/pt-br/transporte_p%C3%BAblico-line-359_2-Brasilia-1702-851943-2068453-0,-1.0,-15.80804,-48.15692,0.0,,,2,2023-06-15T12:19:04+00:00
BRA_444928,Brasília,5300108,,Marechal,932.1,https://moovitapp.com/index/pt-br/transporte_p%C3%BAblico-line-932_1-Brasilia-1702-851940-470763-0,-1.0,-15.80541,-48.066833,0.0,,,2,2023-06-15T12:19:09+00:00
BRA_444863,Brasília,5300108,,Marechal,0.089,https://moovitapp.com/index/pt-br/transporte_p%C3%BAblico-line-0_089-Brasilia-1702-851940-706977-0,-1.0,-15.82449,-48.117843,0.0,,,2,2023-06-15T12:17:24+00:00
BRA_445029,Brasília,5300108,,São José,350.1,https://moovitapp.com/index/pt-br/transporte_p%C3%BAblico-line-350_1-Brasilia-1702-851943-2068450-0,-1.0,-15.83413,-48.095333,44.0,,,2,2023-06-15T12:19:09+00:00
BRA_445061,Brasília,5300108,,Marechal,0.383,https://moovitapp.com/index/pt-br/transporte_p%C3%BAblico-line-0_383-Brasilia-1702-851940-347151-0,-1.0,-15.790563,-48.023573,4.0,,,2,2023-06-15T12:19:04+00:00
BRA_445070,Brasília,5300108,,Marechal,304.1,https://moovitapp.com/index/pt-br/transporte_p%C3%BAblico-line-304_1-Brasilia-1702-851940-516636-0,-1.0,-15.79667,-47.944647,4.0,,,2,2023-06-15T12:19:09+00:00
BRA_445037,Brasília,5300108,,São José,332.1,https://moovitapp.com/index/pt-br/transporte_p%C3%BAblico-line-332_1-Brasilia-1702-851943-2068455-0,-1.0,-15.836733,-48.03925,34.0,,,2,2023-06-15T12:19:09+00:00
BRA_444758,Brasília,5300108,,São José,332.1,https://moovitapp.com/index/pt-br/transporte_p%C3%BAblico-line-332_1-Brasilia-1702-851943-2068455-0,-1.0,-15.80809,-48.156943,0.0,,,2,2023-06-15T12:19:09+00:00
BRA_444812,Brasília,5300108,,São José,332.1,https://moovitapp.com/index/pt-br/transporte_p%C3%BAblico-line-332_1-Brasilia-1702-851943-2068455-0,-1.0,-15.841857,-48.046193,0.0,,,2,2023-06-15T12:19:09+00:00
BRA_444961,Brasília,5300108,,Marechal,0.363,https://moovitapp.com/index/pt-br/transporte_p%C3%BAblico-line-0_363-Brasilia-1702-851940-504339-0,-1.0,-15.84929,-48.112027,22.0,,,2,2023-06-15T12:19:09+00:00
BRA_444847,Brasília,5300108,,São José,332.1,https://moovitapp.com/index/pt-br/transporte_p%C3%BAblico-line-332_1-Brasilia-1702-851943-2068455-0,-1.0,-15.829353,-48.039257,32.0,,,2,2023-06-15T12:19:09+00:00
BRA_444871,Brasília,5300108,,São José,332.1,https://moovitapp.com/index/pt-br/transporte_p%C3%BAblico-line-332_1-Brasilia-1702-851943-2068455-0,-1.0,-15.80878,-48.148563,15.0,,,2,2023-06-15T12:10:26+00:00
BRA_444766,Brasília,5300108,,Marechal,932.2,https://moovitapp.com/index/pt-br/transporte_p%C3%BAblico-line-932_2-Brasilia-1702-851940-3494666-0,-1.0,-15.813747,-47.93768,52.0,,,2,2023-06-15T12:19:09+00:00
BRA_444774,Brasília,5300108,,Marechal,0.383,https://moovitapp.com/index/pt-br/transporte_p%C3%BAblico-line-0_383-Brasilia-1702-851940-347151-0,-1.0,-15.853003,-48.117227,28.0,,,2,2023-06-15T12:11:44+00:00
BRA_440817,Brasília,5300108,,Marechal,0.162,https://moovitapp.com/index/pt-br/transporte_p%C3%BAblico-line-0_162-Brasilia-1702-851940-766836-0,-1.0,-15.846647,-47.97374,38.0,,,2,2023-06-15T12:19:09+00:00
BRA_441651,Brasília,5300108,,Urbi,0.056,https://moovitapp.com/index/pt-br/transporte_p%C3%BAblico-line-0_056-Brasilia-1702-851595-588804-0,-1.0,-15.893687,-48.113017,22.0,,,2,2023-06-15T12:19:09+00:00
BRA_443905,Brasília,5300108,,Marechal,0.357,https://moovitapp.com/index/pt-br/transporte_p%C3%BAblico-line-0_357-Brasilia-1702-851940-775109-0,-1.0,-15.83509,-48.086123,19.0,,,2,2023-06-15T12:19:09+00:00
BRA_441406,Brasília,5300108,,Urbi,0.367,https://moovitapp.com/index/pt-br/transporte_p%C3%BAblico-line-0_367-Brasilia-1702-851595-519380-0,-1.0,-15.887293,-48.147627,0.0,,,2,2023-06-15T12:19:09+00:00
BRA_443867,Brasília,5300108,,Marechal,357.1,https://moovitapp.com/index/pt-br/transporte_p%C3%BAblico-line-357_1-Brasilia-1702-851940-775113-0,-1.0,-15.827247,-48.059343,0.0,,,2,2023-06-15T12:19:09+00:00
BRA_445118,Brasília,5300108,,Marechal,0.306,https://moovitapp.com/index/pt-br/transporte_p%C3%BAblico-line-0_306-Brasilia-1702-851940-242714-0,-1.0,-15.86726,-48.037487,0.0,,,2,2023-06-15T12:08:25+00:00
BRA_443611,Brasília,5300108,,Marechal,355.1,https://moovitapp.com/index/pt-br/transporte_p%C3%BAblico-line-355_1-Brasilia-1702-851940-729097-0,-1.0,-15.867757,-48.037497,0.0,,,2,2023-06-15T12:19:04+00:00
BRA_440647,Brasília,5300108,,Marechal,0.355,https://moovitapp.com/index/pt-br/transporte_p%C3%BAblico-line-0_355-Brasilia-1702-851940-504338-0,-1.0,-15.84897,-48.047733,37.0,,,2,2023-06-15T12:19:09+00:00
BRA_444880,Brasília,5300108,,Urbi,0.898,https://moovitapp.com/index/pt-br/transporte_p%C3%BAblico-line-0_898-Brasilia-1702-851595-322394-0,-1.0,-15.8389,-48.09531,62.0,,,2,2023-06-15T11:59:49+00:00
BRA_444839,Brasília,5300108,,Marechal,932.1,https://moovitapp.com/index/pt-br/transporte_p%C3%BAblico-line-932_1-Brasilia-1702-851940-470763-0,-1.0,-15.827913,-48.062587,45.0,,,2,2023-06-15T12:19:09+00:00
BRA_440884,Brasília,5300108,,Marechal,0.205,https://moovitapp.com/index/pt-br/transporte_p%C3%BAblico-line-0_205-Brasilia-1702-851940-463646-0,-1.0,-15.8746,-48.03492,60.0,,,2,2023-06-15T12:19:09+00:00
BRA_440302,Brasília,5300108,,São José,157.8,https://moovitapp.com/index/pt-br/transporte_p%C3%BAblico-line-157_8-Brasilia-1702-851943-759503-0,-1.0,-15.819137,-47.98268,33.0,,,2,2023-06-15T12:19:09+00:00
BRA_440442,Brasília,5300108,,São José,0.092,https://moovitapp.com/index/pt-br/transporte_p%C3%BAblico-line-0_092-Brasilia-1702-851943-496589-0,-1.0,-15.821233,-47.950383,4.0,,,2,2023-06-15T12:19:09+00:00
BRA_440914,Brasília,5300108,,Marechal,162.2,https://moovitapp.com/index/pt-br/transporte_p%C3%BAblico-line-162_2-Brasilia-1702-851940-312446-0,-1.0,-15.84088,-47.983587,48.0,,,2,2023-06-15T12:19:09+00:00
BRA_443816,Brasília,5300108,,Marechal,959.3,https://moovitapp.com/index/pt-br/transporte_p%C3%BAblico-line-959_3-Brasilia-1702-851940-103863179-0,-1.0,-15.846567,-48.043357,40.0,,,2,2023-06-15T12:19:09+00:00
BRA_440256,Brasília,5300108,,Marechal,0.205,https://moovitapp.com/index/pt-br/transporte_p%C3%BAblico-line-0_205-Brasilia-1702-851940-463646-0,-1.0,-15.805327,-48.09401,37.0,,,2,2023-06-15T12:19:09+00:00
BRA_442682,Brasília,5300108,,Marechal,933.4,https://moovitapp.com/index/pt-br/transporte_p%C3%BAblico-line-933_4-Brasilia-1702-851940-656766-0,-1.0,-15.803293,-48.069157,20.0,,,2,2023-06-15T12:19:09+00:00
BRA_444901,Brasília,5300108,,Marechal,0.555,https://moovitapp.com/index/pt-br/transporte_p%C3%BAblico-line-0_555-Brasilia-1702-851940-504341-0,-1.0,-15.808763,-47.958027,59.0,,,2,2023-06-15T12:19:09+00:00
BRA_441309,Brasília,5300108,,Urbi,823.1,https://moovitapp.com/index/pt-br/transporte_p%C3%BAblico-line-823_1-Brasilia-1702-851595-3494520-0,-1.0,-15.914417,-48.063033,24.0,,,2,2023-06-15T12:19:09+00:00
BRA_441643,Brasília,5300108,,Urbi,056.2,https://moovitapp.com/index/pt-br/transporte_p%C3%BAblico-line-056_2-Brasilia-1702-851595-492982-0,-1.0,-15.86066,-48.072323,0.0,,,2,2023-06-15T12:19:09+00:00
BRA_444456,Brasília,5300108,,Marechal,336.1,https://moovitapp.com/index/pt-br/transporte_p%C3%BAblico-line-336_1-Brasilia-1702-851940-347163-0,-1.0,-15.798173,-47.883653,40.0,,,2,2023-06-15T12:19:09+00:00
BRA_443638,Brasília,5300108,,Marechal,351.3,https://moovitapp.com/index/pt-br/transporte_p%C3%BAblico-line-351_3-Brasilia-1702-851940-510249-0,-1.0,-15.86716,-48.037517,0.0,,,2,2023-06-15T12:16:42+00:00
BRA_442488,Brasília,5300108,,Urbi,0.054,https://moovitapp.com/index/pt-br/transporte_p%C3%BAblico-line-0_054-Brasilia-1702-851595-454960-0,-1.0,-15.87651,-48.06338,1.0,,,2,2023-06-15T12:19:09+00:00
BRA_442518,Brasília,5300108,,Urbi,372.4,https://moovitapp.com/index/pt-br/transporte_p%C3%BAblico-line-372_4-Brasilia-1702-851595-650087-0,-1.0,-15.850133,-48.061037,20.0,,,2,2023-06-15T12:19:09+00:00
BRA_441252,Brasília,5300108,,Marechal,0.090,https://moovitapp.com/index/pt-br/transporte_p%C3%BAblico-line-0_090-Brasilia-1702-851940-242702-0,-1.0,-15.840703,-47.96592,0.0,,,2,2023-06-15T12:19:09+00:00
BRA_441490,Brasília,5300108,,Marechal,933.2,https://moovitapp.com/index/pt-br/transporte_p%C3%BAblico-line-933_2-Brasilia-1702-851940-717428-0,-1.0,-15.845137,-48.1059,10.0,,,2,2023-06-15T12:19:09+00:00
BRA_443808,Brasília,5300108,,Marechal,157.1,https://moovitapp.com/index/pt-br/transporte_p%C3%BAblico-line-157_1-Brasilia-1702-851940-88144062-0,-1.0,-15.80857,-47.948567,39.0,,,2,2023-06-15T12:19:09+00:00
BRA_445169,Brasília,5300108,,Marechal,0.376,https://moovitapp.com/index/pt-br/transporte_p%C3%BAblico-line-0_376-Brasilia-1702-851940-242726-0,-1.0,-15.857987,-48.04352,2.0,,,2,2023-06-15T12:19:09+00:00
BRA_441341,Brasília,5300108,,Marechal,0.205,https://moovitapp.com/index/pt-br/transporte_p%C3%BAblico-line-0_205-Brasilia-1702-851940-463646-0,-1.0,-16.019977,-48.066827,0.0,,,2,2023-06-15T12:19:09+00:00
BRA_228800,Brasília,5300108,,Pioneira,2212,https://moovitapp.com/index/pt-br/transporte_p%C3%BAblico-line-2212-Brasilia-1702-851941-69031052-0,-1.0,-15.865782,-47.942504,,,,2,2023-06-15T12:18:30+00:00
BRA_229229,Brasília,5300108,,Pioneira,251.8,https://moovitapp.com/index/pt-br/transporte_p%C3%BAblico-line-251_8-Brasilia-1702-851941-708654-0,-1.0,-16.015125,-48.016085,,,,1,2023-06-15T12:18:34+00:00
BRA_230189,Brasília,5300108,,Pioneira,0.255,https://moovitapp.com/index/pt-br/transporte_p%C3%BAblico-line-0_255-Brasilia-1702-851941-706978-0,-1.0,-15.795035,-48.110804,,,,1,2023-06-15T12:19:00+00:00
BRA_226793,Brasília,5300108,,Pioneira,0.762,https://moovitapp.com/index/pt-br/transporte_p%C3%BAblico-line-0_762-Brasilia-1702-851941-576189-0,-1.0,-15.760252,-47.781428,,,,2,2023-06-15T12:19:28+00:00
BRA_227676,Brasília,5300108,,Pioneira,147.5,https://moovitapp.com/index/pt-br/transporte_p%C3%BAblico-line-147_5-Brasilia-1702-851941-519406-0,-1.0,-15.736203,-47.907116,,,,1,2023-06-15T12:18:56+00:00
BRA_223930,Brasília,5300108,,Pioneira,2307,https://moovitapp.com/index/pt-br/transporte_p%C3%BAblico-line-2307-Brasilia-1702-851941-18556638-0,-1.0,-15.953064,-47.994345,,,,1,2023-06-14T10:16:34+00:00
BRA_227901,Brasília,5300108,,Pioneira,180.7,https://moovitapp.com/index/pt-br/transporte_p%C3%BAblico-line-180_7-Brasilia-1702-851941-66561183-0,-1.0,-15.782614,-47.895252,,,,1,2023-06-15T12:19:04+00:00
BRA_231967,Brasília,5300108,,Pioneira,197.3,https://moovitapp.com/index/pt-br/transporte_p%C3%BAblico-line-197_3-Brasilia-1702-851941-519409-0,-1.0,-15.900909,-47.772858,,,,1,2023-06-15T10:40:52+00:00
BRA_229075,Brasília,5300108,,Pioneira,0.255,https://moovitapp.com/index/pt-br/transporte_p%C3%BAblico-line-0_255-Brasilia-1702-851941-706978-0,-1.0,-15.857348,-48.037924,,,,2,2023-06-15T12:19:14+00:00
BRA_232149,Brasília,5300108,,Pioneira,205.1,https://moovitapp.com/index/pt-br/transporte_p%C3%BAblico-line-205_1-Brasilia-1702-851941-393571-0,-1.0,-15.82087,-48.064977,,,,1,2023-06-15T12:19:16+00:00
BRA_226696,Brasília,5300108,,Pioneira,0.780,https://moovitapp.com/index/pt-br/transporte_p%C3%BAblico-line-0_780-Brasilia-1702-851941-514537-0,-1.0,-15.740382,-47.760848,,,,2,2023-06-15T12:18:38+00:00
BRA_229768,Brasília,5300108,,Pioneira,0.185,https://moovitapp.com/index/pt-br/transporte_p%C3%BAblico-line-0_185-Brasilia-1702-851941-691096-0,-1.0,-15.801587,-47.886892,,,,1,2023-06-15T07:33:22+00:00
BRA_231321,Brasília,5300108,,Taguatur,3304,https://moovitapp.com/index/pt-br/transporte_p%C3%BAblico-line-3304-Brasilia-1702-854428-21462346-0,-1.0,-16.004927,-47.994466,,,,1,2023-06-15T12:19:02+00:00
BRA_228508,Brasília,5300108,,Pioneira,0.255,https://moovitapp.com/index/pt-br/transporte_p%C3%BAblico-line-0_255-Brasilia-1702-851941-706978-0,-1.0,-15.86009,-48.036456,,,,2,2023-06-15T12:18:40+00:00
BRA_231801,Brasília,5300108,,Pioneira,0.780,https://moovitapp.com/index/pt-br/transporte_p%C3%BAblico-line-0_780-Brasilia-1702-851941-514537-0,-1.0,-15.804826,-47.853195,,,,1,2023-06-15T12:19:32+00:00
BRA_232165,Brasília,5300108,,Pioneira,205.1,https://moovitapp.com/index/pt-br/transporte_p%C3%BAblico-line-205_1-Brasilia-1702-851941-393571-0,-1.0,-15.920695,-48.048167,,,,2,2023-06-15T12:19:10+00:00
BRA_232521,Brasília,5300108,,Pioneira,2306,https://moovitapp.com/index/pt-br/transporte_p%C3%BAblico-line-2306-Brasilia-1702-851941-18556641-0,-1.0,-16.005325,-47.996583,,,,1,2023-06-15T12:19:18+00:00
BRA_229954,Brasília,5300108,,,3201,,,-15.99373,-48.051645,,,,1,2023-06-15T12:19:00+00:00
BRA_228265,Brasília,5300108,,Taguatur,3305,https://moovitapp.com/index/pt-br/transporte_p%C3%BAblico-line-3305-Brasilia-1702-854428-77810673-0,-1.0,-16.0492,-47.978546,,,,1,2023-06-15T12:19:22+00:00
BRA_226220,Brasília,5300108,,UTB,2302,https://moovitapp.com/index/pt-br/transporte_p%C3%BAblico-line-2302-Brasilia-1702-854427-744298-0,-1.0,-15.928683,-47.979182,,,,1,2023-06-15T12:19:22+00:00
BRA_231487,Brasília,5300108,,Pioneira,0.030,https://moovitapp.com/index/pt-br/transporte_p%C3%BAblico-line-0_030-Brasilia-1702-851941-775118-0,-1.0,-15.771723,-47.888627,,,,1,2023-06-15T12:18:26+00:00
BRA_229385,Brasília,5300108,,Pioneira,100.8,https://moovitapp.com/index/pt-br/transporte_p%C3%BAblico-line-100_8-Brasilia-1702-851941-576191-0,-1.0,-15.792839,-47.882352,,,,1,2023-06-15T12:18:56+00:00
BRA_227269,Brasília,5300108,,Pioneira,181.4,https://moovitapp.com/index/pt-br/transporte_p%C3%BAblico-line-181_4-Brasilia-1702-851941-775126-0,-1.0,-15.903408,-47.775617,,,,2,2023-06-15T12:19:36+00:00
BRA_231444,Brasília,5300108,,Pioneira,183.8,https://moovitapp.com/index/pt-br/transporte_p%C3%BAblico-line-183_8-Brasilia-1702-851941-719958-0,-1.0,-15.913348,-47.757567,,,,1,2023-06-15T12:18:22+00:00
BRA_230111,Brasília,5300108,,Taguatur,3302,https://moovitapp.com/index/pt-br/transporte_p%C3%BAblico-line-3302-Brasilia-1702-854428-3135322-0,-1.0,-16.005077,-47.994485,,,,1,2023-06-15T12:18:40+00:00
BRA_231541,Brasília,5300108,,Pioneira,0.030,https://moovitapp.com/index/pt-br/transporte_p%C3%BAblico-line-0_030-Brasilia-1702-851941-775118-0,-1.0,-15.739222,-47.898984,,,,1,2023-06-15T12:19:28+00:00
BRA_230120,Brasília,5300108,,Pioneira,3312,https://moovitapp.com/index/pt-br/transporte_p%C3%BAblico-line-3312-Brasilia-1702-851941-616181-0,-1.0,-16.04543,-48.034218,,,,1,2023-06-15T12:18:24+00:00
BRA_232297,Brasília,5300108,,Pioneira,020.2,https://moovitapp.com/index/pt-br/transporte_p%C3%BAblico-line-020_2-Brasilia-1702-851941-708653-0,-1.0,-16.048892,-48.034523,,,,1,2023-06-15T12:19:26+00:00
BRA_225941,Brasília,5300108,,UTB,2302,https://moovitapp.com/index/pt-br/transporte_p%C3%BAblico-line-2302-Brasilia-1702-854427-744298-0,-1.0,-15.794276,-47.882219,,,,1,2023-06-15T12:18:32+00:00
BRA_228516,Brasília,5300108,,Pioneira,784.3,https://moovitapp.com/index/pt-br/transporte_p%C3%BAblico-line-784_3-Brasilia-1702-851941-46904557-0,-1.0,-15.780913,-47.781339,,,,1,2023-06-15T12:18:22+00:00
BRA_231754,Brasília,5300108,,Pioneira,0.780,https://moovitapp.com/index/pt-br/transporte_p%C3%BAblico-line-0_780-Brasilia-1702-851941-514537-0,-1.0,-15.767193,-47.774682,,,,2,2023-06-15T12:18:58+00:00
BRA_231495,Brasília,5300108,,Pioneira,0.030,https://moovitapp.com/index/pt-br/transporte_p%C3%BAblico-line-0_030-Brasilia-1702-851941-775118-0,-1.0,-15.793866,-47.890204,,,,1,2023-06-15T12:18:54+00:00
BRA_227820,Brasília,5300108,,Pioneira,0.198,https://moovitapp.com/index/pt-br/transporte_p%C3%BAblico-line-0_198-Brasilia-1702-851941-516639-0,-1.0,-15.807276,-47.929089,,,,1,2023-06-15T12:18:02+00:00
BRA_227714,Brasília,5300108,,,3202,,,-16.029774,-48.055955,,,,1,2023-06-15T12:19:16+00:00
BRA_227218,Brasília,5300108,,Pioneira,205.1,https://moovitapp.com/index/pt-br/transporte_p%C3%BAblico-line-205_1-Brasilia-1702-851941-393571-0,-1.0,-15.806468,-48.07782,,,,2,2023-06-15T12:18:36+00:00
BRA_228303,Brasília,5300108,,,3206,,,-16.037489,-48.056686,,,,1,2023-06-15T12:18:32+00:00
BRA_232432,Brasília,5300108,,Taguatur,3306,https://moovitapp.com/index/pt-br/transporte_p%C3%BAblico-line-3306-Brasilia-1702-854428-755287-0,-1.0,-16.026197,-47.991255,,,,1,2023-06-15T12:18:50+00:00
BRA_232025,Brasília,5300108,,Pioneira,197.3,https://moovitapp.com/index/pt-br/transporte_p%C3%BAblico-line-197_3-Brasilia-1702-851941-519409-0,-1.0,-15.849549,-47.849361,,,,2,2023-06-15T12:19:22+00:00
BRA_226823,Brasília,5300108,,Pioneira,0.764,https://moovitapp.com/index/pt-br/transporte_p%C3%BAblico-line-0_764-Brasilia-1702-851941-516641-0,-1.0,-15.808477,-47.848846,,,,1,2023-06-15T12:19:32+00:00
BRA_232220,Brasília,5300108,,Pioneira,205.1,https://moovitapp.com/index/pt-br/transporte_p%C3%BAblico-line-205_1-Brasilia-1702-851941-393571-0,-1.0,-15.826337,-48.059656,,,,2,2023-06-15T12:19:16+00:00
BRA_223816,Brasília,5300108,,Pioneira,2206,https://moovitapp.com/index/pt-br/transporte_p%C3%BAblico-line-2206-Brasilia-1702-851941-18556637-0,-1.0,-15.755331,-47.908388,,,,2,2023-06-15T12:19:00+00:00
BRA_229016,Brasília,5300108,,,3301,,,-16.014652,-48.002035,,,,1,2023-06-15T12:19:08+00:00
BRA_229563,Brasília,5300108,,Pioneira,180.2,https://moovitapp.com/index/pt-br/transporte_p%C3%BAblico-line-180_2-Brasilia-1702-851941-514539-0,-1.0,-15.817585,-47.834243,,,,1,2023-06-15T12:19:52+00:00
BRA_226963,Brasília,5300108,,Pioneira,2206,https://moovitapp.com/index/pt-br/transporte_p%C3%BAblico-line-2206-Brasilia-1702-851941-18556637-0,-1.0,-15.757016,-47.893008,,,,1,2023-06-15T12:18:14+00:00
BRA_228133,Brasília,5300108,,Pioneira,761.1,https://moovitapp.com/index/pt-br/transporte_p%C3%BAblico-line-761_1-Brasilia-1702-851941-620161-0,-1.0,-15.794384,-47.881926,,,,1,2023-06-15T12:19:16+00:00
BRA_232254,Brasília,5300108,,Pioneira,124.6,https://moovitapp.com/index/pt-br/transporte_p%C3%BAblico-line-124_6-Brasilia-1702-851941-425282-0,-1.0,-15.856431,-47.953039,,,,1,2023-06-15T12:18:34+00:00
BRA_225584,Brasília,5300108,,Taguatur,2301,https://moovitapp.com/index/pt-br/transporte_p%C3%BAblico-line-2301-Brasilia-1702-854428-81537943-0,-1.0,-15.995491,-47.985692,,,,2,2023-06-15T12:19:00+00:00
BRA_228877,Brasília,5300108,,Pioneira,0.253,https://moovitapp.com/index/pt-br/transporte_p%C3%BAblico-line-0_253-Brasilia-1702-851941-510254-0,-1.0,-15.915368,-48.049845,,,,2,2023-06-15T12:19:28+00:00
BRA_231363,Brasília,5300108,,Pioneira,073.4,https://moovitapp.com/index/pt-br/transporte_p%C3%BAblico-line-073_4-Brasilia-1702-851941-77944646-0,-1.0,-15.876451,-47.958449,,,,1,2023-06-15T12:18:10+00:00
BRA_229601,Brasília,5300108,,Pioneira,759.1,https://moovitapp.com/index/pt-br/transporte_p%C3%BAblico-line-759_1-Brasilia-1702-851941-616183-0,-1.0,-15.748714,-47.771033,,,,2,2023-06-15T12:18:28+00:00
BRA_232556,Brasília,5300108,,Pioneira,2207,https://moovitapp.com/index/pt-br/transporte_p%C3%BAblico-line-2207-Brasilia-1702-851941-422078-0,-1.0,-15.803819,-47.896816,,,,1,2023-06-15T12:19:26+00:00
BRA_228397,Brasília,5300108,,Pioneira,0.253,https://moovitapp.com/index/pt-br/transporte_p%C3%BAblico-line-0_253-Brasilia-1702-851941-510254-0,-1.0,-15.891175,-48.057621,,,,2,2023-06-15T12:18:42+00:00
BRA_227781,Brasília,5300108,,,3202,,,-16.037521,-48.056521,,,,1,2023-06-15T12:19:34+00:00
BRA_228532,Brasília,5300108,,Pioneira,0.199,https://moovitapp.com/index/pt-br/transporte_p%C3%BAblico-line-0_199-Brasilia-1702-851941-242849-0,-1.0,-15.76925,-47.911795,,,,1,2023-06-15T12:18:58+00:00
BRA_226602,Brasília,5300108,,Pioneira,163.1,https://moovitapp.com/index/pt-br/transporte_p%C3%BAblico-line-163_1-Brasilia-1702-851941-242911-0,-1.0,-15.837914,-47.92364,,,,1,2023-06-15T12:18:46+00:00
BRA_230014,Brasília,5300108,,Marechal,206.1,https://moovitapp.com/index/pt-br/transporte_p%C3%BAblico-line-206_1-Brasilia-1702-851940-137149861-0,-1.0,-15.835911,-48.082728,,,,1,2023-06-15T12:19:52+00:00
BRA_229741,Brasília,5300108,,Pioneira,0.781,https://moovitapp.com/index/pt-br/transporte_p%C3%BAblico-line-0_781-Brasilia-1702-851941-242889-0,-1.0,-15.794643,-47.882161,,,,2,2023-06-15T12:19:28+00:00
BRA_231533,Brasília,5300108,,Pioneira,0.011,https://moovitapp.com/index/pt-br/transporte_p%C3%BAblico-line-0_011-Brasilia-1702-851941-775117-0,-1.0,-15.802792,-47.881093,,,,1,2023-06-15T12:19:20+00:00
BRA_226360,Brasília,5300108,,,2201,,,-15.840419,-47.930983,,,,1,2023-06-15T12:19:16+00:00
BRA_228567,Brasília,5300108,,Pioneira,2307,https://moovitapp.com/index/pt-br/transporte_p%C3%BAblico-line-2307-Brasilia-1702-851941-18556638-0,-1.0,-15.789897,-47.901121,,,,1,2023-06-15T12:19:18+00:00
BRA_231932,Brasília,5300108,,Pioneira,180.0,https://moovitapp.com/index/pt-br/transporte_p%C3%BAblico-line-180_0-Brasilia-1702-851941-77097780-0,-1.0,-15.801249,-47.856202,,,,2,2023-06-15T12:18:18+00:00
BRA_232475,Brasília,5300108,,Pioneira,3314,https://moovitapp.com/index/pt-br/transporte_p%C3%BAblico-line-3314-Brasilia-1702-851941-645996-0,-1.0,-16.032288,-48.025215,,,,1,2023-06-15T12:18:34+00:00
BRA_228141,Brasília,5300108,,Pioneira,180.3,https://moovitapp.com/index/pt-br/transporte_p%C3%BAblico-line-180_3-Brasilia-1702-851941-546212-0,-1.0,-15.795054,-47.881977,,,,2,2023-06-15T12:19:30+00:00
BRA_228834,Brasília,5300108,,Pioneira,0.255,https://moovitapp.com/index/pt-br/transporte_p%C3%BAblico-line-0_255-Brasilia-1702-851941-706978-0,-1.0,-16.017964,-48.019385,,,,2,2023-06-15T12:19:42+00:00
BRA_226688,Brasília,5300108,,Pioneira,0.759,https://moovitapp.com/index/pt-br/transporte_p%C3%BAblico-line-0_759-Brasilia-1702-851941-775121-0,-1.0,-15.766002,-47.780055,,,,2,2023-06-15T12:18:38+00:00
BRA_231843,Brasília,5300108,,Pioneira,197.3,https://moovitapp.com/index/pt-br/transporte_p%C3%BAblico-line-197_3-Brasilia-1702-851941-519409-0,-1.0,-15.912228,-47.763613,,,,2,2023-06-15T12:18:46+00:00
BRA_225720,Brasília,5300108,,Pioneira,0.761,https://moovitapp.com/index/pt-br/transporte_p%C3%BAblico-line-0_761-Brasilia-1702-851941-605389-0,-1.0,-15.768334,-47.779724,,,,2,2023-06-15T12:18:36+00:00
BRA_231631,Brasília,5300108,,Pioneira,0.762,https://moovitapp.com/index/pt-br/transporte_p%C3%BAblico-line-0_762-Brasilia-1702-851941-576189-0,-1.0,-15.736016,-47.765285,,,,1,2023-06-15T08:20:24+00:00
BRA_232050,Brasília,5300108,,Pioneira,180.2,https://moovitapp.com/index/pt-br/transporte_p%C3%BAblico-line-180_2-Brasilia-1702-851941-514539-0,-1.0,-15.842525,-47.821495,,,,2,2023-06-15T12:19:24+00:00
BRA_227609,Brasília,5300108,,Pioneira,2209,https://moovitapp.com/index/pt-br/transporte_p%C3%BAblico-line-2209-Brasilia-1702-851941-18556640-0,-1.0,-15.803932,-47.922724,,,,1,2023-06-15T12:19:08+00:00
BRA_226467,Brasília,5300108,,Pioneira,0.765,https://moovitapp.com/index/pt-br/transporte_p%C3%BAblico-line-0_765-Brasilia-1702-851941-576190-0,-1.0,-15.800037,-47.893256,,,,1,2023-06-15T12:18:50+00:00
BRA_229491,Brasília,5300108,,Pioneira,0.780,https://moovitapp.com/index/pt-br/transporte_p%C3%BAblico-line-0_780-Brasilia-1702-851941-514537-0,-1.0,-15.81387,-47.805861,,,,1,2023-06-15T12:19:14+00:00
BRA_228605,Brasília,5300108,,Pioneira,0.255,https://moovitapp.com/index/pt-br/transporte_p%C3%BAblico-line-0_255-Brasilia-1702-851941-706978-0,-1.0,-15.825726,-48.059827,,,,2,2023-06-15T12:19:00+00:00
BRA_226092,Brasília,5300108,,UTB,2302,https://moovitapp.com/index/pt-br/transporte_p%C3%BAblico-line-2302-Brasilia-1702-854427-744298-0,-1.0,-15.796847,-47.883904,,,,2,2023-06-15T12:19:16+00:00
BRA_232203,Brasília,5300108,,Pioneira,124.6,https://moovitapp.com/index/pt-br/transporte_p%C3%BAblico-line-124_6-Brasilia-1702-851941-425282-0,-1.0,-15.801854,-47.939433,,,,1,2023-06-15T12:18:52+00:00
BRA_229539,Brasília,5300108,,Pioneira,147.2,https://moovitapp.com/index/pt-br/transporte_p%C3%BAblico-line-147_2-Brasilia-1702-851941-519403-0,-1.0,-15.903091,-47.771923,,,,2,2023-06-15T12:18:38+00:00
BRA_228281,Brasília,5300108,,,3202,,,-16.006774,-48.045344,,,,1,2023-06-15T12:19:04+00:00
BRA_228389,Brasília,5300108,,Pioneira,0.255,https://moovitapp.com/index/pt-br/transporte_p%C3%BAblico-line-0_255-Brasilia-1702-851941-706978-0,-1.0,-16.041793,-48.026442,,,,2,2023-06-15T12:18:44+00:00
BRA_229482,Brasília,5300108,,Pioneira,0.181,https://moovitapp.com/index/pt-br/transporte_p%C3%BAblico-line-0_181-Brasilia-1702-851941-242838-0,-1.0,-15.82053,-47.805372,,,,2,2023-06-15T12:18:38+00:00
BRA_228915,Brasília,5300108,,Pioneira,0.255,https://moovitapp.com/index/pt-br/transporte_p%C3%BAblico-line-0_255-Brasilia-1702-851941-706978-0,-1.0,-16.044721,-48.032991,,,,1,2023-06-15T12:19:18+00:00
BRA_230049,Brasília,5300108,,Taguatur,3305,https://moovitapp.com/index/pt-br/transporte_p%C3%BAblico-line-3305-Brasilia-1702-854428-77810673-0,-1.0,-16.049197,-47.973943,,,,1,2023-06-15T12:18:16+00:00
BRA_226947,Brasília,5300108,,Pioneira,100.3,https://moovitapp.com/index/pt-br/transporte_p%C3%BAblico-line-100_3-Brasilia-1702-851941-419631-0,-1.0,-15.806971,-47.951551,,,,1,2023-06-15T12:19:58+00:00
BRA_232602,Brasília,5300108,,Pioneira,2207,https://moovitapp.com/index/pt-br/transporte_p%C3%BAblico-line-2207-Brasilia-1702-851941-422078-0,-1.0,-15.880656,-47.959752,,,,1,2023-06-15T12:19:10+00:00
BRA_226301,Brasília,5300108,,,2201,,,-15.946525,-47.991472,,,,2,2023-06-15T12:18:24+00:00
BRA_232441,Brasília,5300108,,Pioneira,271.3,https://moovitapp.com/index/pt-br/transporte_p%C3%BAblico-line-271_3-Brasilia-1702-851941-669626-0,-1.0,-16.024605,-48.06958,,,,1,2023-06-15T12:19:02+00:00
BRA_226262,Brasília,5300108,,Taguatur,2301,https://moovitapp.com/index/pt-br/transporte_p%C3%BAblico-line-2301-Brasilia-1702-854428-81537943-0,-1.0,-15.869389,-47.946255,,,,1,2023-06-15T12:09:08+00:00
BRA_228192,Brasília,5300108,,Pioneira,0.225,https://moovitapp.com/index/pt-br/transporte_p%C3%BAblico-line-0_225-Brasilia-1702-851941-510253-0,-1.0,-15.985039,-48.042089,,,,2,2023-06-15T12:19:10+00:00
BRA_226556,Brasília,5300108,,Pioneira,0.111,https://moovitapp.com/index/pt-br/transporte_p%C3%BAblico-line-0_111-Brasilia-1702-851941-432834-0,-1.0,-15.796156,-47.872021,,,,1,2023-06-15T12:19:20+00:00
BRA_230057,Brasília,5300108,,Taguatur,3305,https://moovitapp.com/index/pt-br/transporte_p%C3%BAblico-line-3305-Brasilia-1702-854428-77810673-0,-1.0,-16.044406,-48.042483,,,,1,2023-06-15T12:19:08+00:00
BRA_230065,Brasília,5300108,,Taguatur,3302,https://moovitapp.com/index/pt-br/transporte_p%C3%BAblico-line-3302-Brasilia-1702-854428-3135322-0,-1.0,-16.042257,-48.026182,,,,1,2023-06-15T12:18:50+00:00
BRA_226025,Brasília,5300108,,UTB,2302,https://moovitapp.com/index/pt-br/transporte_p%C3%BAblico-line-2302-Brasilia-1702-854427-744298-0,-1.0,-15.870005,-47.947622,,,,2,2023-06-15T12:19:02+00:00
BRA_229555,Brasília,5300108,,Pioneira,3213,https://moovitapp.com/index/pt-br/transporte_p%C3%BAblico-line-3213-Brasilia-1702-851941-74051275-0,-1.0,-15.991802,-48.049343,,,,1,2023-06-15T12:19:28+00:00
BRA_227897,Brasília,5300108,,,3201,,,-16.037362,-48.056305,,,,1,2023-06-15T12:19:32+00:00
BRA_229008,Brasília,5300108,,Pioneira,0.253,https://moovitapp.com/index/pt-br/transporte_p%C3%BAblico-line-0_253-Brasilia-1702-851941-510254-0,-1.0,-15.914019,-48.050042,,,,1,2023-06-15T12:19:52+00:00
BRA_231991,Brasília,5300108,,Pioneira,197.3,https://moovitapp.com/index/pt-br/transporte_p%C3%BAblico-line-197_3-Brasilia-1702-851941-519409-0,-1.0,-15.794166,-47.882022,,,,1,2023-06-15T12:18:48+00:00
BRA_229849,Brasília,5300108,,Pioneira,0.147,https://moovitapp.com/index/pt-br/transporte_p%C3%BAblico-line-0_147-Brasilia-1702-851941-519401-0,-1.0,-15.860744,-47.827408,,,,2,2023-06-15T12:18:48+00:00
BRA_231916,Brasília,5300108,,Pioneira,180.1,https://moovitapp.com/index/pt-br/transporte_p%C3%BAblico-line-180_1-Brasilia-1702-851941-339336-0,-1.0,-15.808105,-47.849711,,,,1,2023-06-15T12:19:18+00:00
BRA_228575,Brasília,5300108,,Pioneira,0.255,https://moovitapp.com/index/pt-br/transporte_p%C3%BAblico-line-0_255-Brasilia-1702-851941-706978-0,-1.0,-15.808194,-48.065886,,,,2,2023-06-15T12:19:22+00:00
BRA_232084,Brasília,5300108,,Pioneira,181.2,https://moovitapp.com/index/pt-br/transporte_p%C3%BAblico-line-181_2-Brasilia-1702-851941-339338-0,-1.0,-15.911258,-47.752258,,,,1,2023-06-15T12:18:28+00:00
BRA_230031,Brasília,5300108,,,3204,,,-16.016467,-48.065346,,,,1,2023-06-15T12:19:02+00:00
BRA_226831,Brasília,5300108,,Pioneira,0.510,https://moovitapp.com/index/pt-br/transporte_p%C3%BAblico-line-0_510-Brasilia-1702-851941-16483906-0,-1.0,-15.758982,-47.726255,,,,1,2023-06-15T12:18:52+00:00
BRA_227480,Brasília,5300108,,Pioneira,3210,https://moovitapp.com/index/pt-br/transporte_p%C3%BAblico-line-3210-Brasilia-1702-851941-14518504-0,-1.0,-15.964076,-48.031255,,,,1,2023-06-15T12:18:48+00:00
BRA_230103,Brasília,5300108,,Pioneira,0.253,https://moovitapp.com/index/pt-br/transporte_p%C3%BAblico-line-0_253-Brasilia-1702-851941-510254-0,-1.0,-15.815377,-48.118116,,,,1,2023-06-15T12:19:06+00:00
BRA_228125,Brasília,5300108,,Taguatur,3305,https://moovitapp.com/index/pt-br/transporte_p%C3%BAblico-line-3305-Brasilia-1702-854428-77810673-0,-1.0,-16.037734,-48.056877,,,,1,2023-06-15T12:19:54+00:00
BRA_227099,Brasília,5300108,,Pioneira,183.2,https://moovitapp.com/index/pt-br/transporte_p%C3%BAblico-line-183_2-Brasilia-1702-851941-242920-0,-1.0,-15.880653,-47.809027,,,,1,2023-06-15T12:19:24+00:00
BRA_231703,Brasília,5300108,,Pioneira,100.8,https://moovitapp.com/index/pt-br/transporte_p%C3%BAblico-line-100_8-Brasilia-1702-851941-576191-0,-1.0,-15.818647,-47.91465,,,,1,2023-06-15T12:18:12+00:00
BRA_231983,Brasília,5300108,,Pioneira,197.3,https://moovitapp.com/index/pt-br/transporte_p%C3%BAblico-line-197_3-Brasilia-1702-851941-519409-0,-1.0,-15.89609,-47.791124,,,,1,2023-06-15T12:18:28+00:00
BRA_226343,Brasília,5300108,,,2202,,,-15.90548,-47.963955,,,,1,2023-06-15T12:18:58+00:00
BRA_223689,Brasília,5300108,,Pioneira,2309,https://moovitapp.com/index/pt-br/transporte_p%C3%BAblico-line-2309-Brasilia-1702-851941-57764376-0,-1.0,-15.803232,-47.929286,,,,1,2023-06-15T12:18:52+00:00
BRA_230138,Brasília,5300108,,Pioneira,3316,https://moovitapp.com/index/pt-br/transporte_p%C3%BAblico-line-3316-Brasilia-1702-851941-59965195-0,-1.0,-16.024592,-48.029036,,,,1,2023-06-15T12:18:12+00:00
BRA_228583,Brasília,5300108,,Pioneira,0.255,https://moovitapp.com/index/pt-br/transporte_p%C3%BAblico-line-0_255-Brasilia-1702-851941-706978-0,-1.0,-15.840861,-48.05586,,,,1,2023-06-15T12:19:46+00:00
BRA_230171,Brasília,5300108,,Taguatur,3302,https://moovitapp.com/index/pt-br/transporte_p%C3%BAblico-line-3302-Brasilia-1702-854428-3135322-0,-1.0,-16.023626,-48.027765,,,,1,2023-06-15T12:19:38+00:00
BRA_232394,Brasília,5300108,,Taguatur,3302,https://moovitapp.com/index/pt-br/transporte_p%C3%BAblico-line-3302-Brasilia-1702-854428-3135322-0,-1.0,-16.023464,-48.027841,,,,1,2023-06-15T12:20:06+00:00
BRA_229512,Brasília,5300108,,,3204,,,-15.991988,-48.049553,,,,1,2023-06-15T12:19:02+00:00
BRA_226084,Brasília,5300108,,UTB,2302,https://moovitapp.com/index/pt-br/transporte_p%C3%BAblico-line-2302-Brasilia-1702-854427-744298-0,-1.0,-15.834866,-47.924886,,,,1,2023-06-15T12:19:08+00:00
BRA_229083,Brasília,5300108,,Pioneira,181.1,https://moovitapp.com/index/pt-br/transporte_p%C3%BAblico-line-181_1-Brasilia-1702-851941-242915-0,-1.0,-15.754595,-47.766805,,,,1,2023-06-15T12:18:56+00:00
BRA_231649,Brasília,5300108,,Pioneira,759.1,https://moovitapp.com/index/pt-br/transporte_p%C3%BAblico-line-759_1-Brasilia-1702-851941-616183-0,-1.0,-15.750982,-47.895246,,,,1,2023-06-15T12:18:20+00:00
BRA_228028,Brasília,5300108,,Pioneira,170.4,https://moovitapp.com/index/pt-br/transporte_p%C3%BAblico-line-170_4-Brasilia-1702-851941-379787-0,-1.0,-15.897371,-47.789909,,,,1,2023-06-15T12:18:14+00:00
BRA_232076,Brasília,5300108,,Pioneira,181.2,https://moovitapp.com/index/pt-br/transporte_p%C3%BAblico-line-181_2-Brasilia-1702-851941-339338-0,-1.0,-15.903343,-47.768401,,,,1,2023-06-15T12:19:02+00:00
BRA_226009,Brasília,5300108,,,2202,,,-15.869166,-47.945829,,,,1,2023-06-15T12:18:36+00:00
BRA_232335,Brasília,5300108,,,3301,,,-16.014226,-48.000998,,,,1,2023-06-15T12:19:34+00:00
BRA_227129,Brasília,5300108,,Pioneira,2208,https://moovitapp.com/index/pt-br/transporte_p%C3%BAblico-line-2208-Brasilia-1702-851941-18556642-0,-1.0,-15.805297,-47.925083,,,,1,2023-06-15T12:19:06+00:00
BRA_232190,Brasília,5300108,,Pioneira,205.1,https://moovitapp.com/index/pt-br/transporte_p%C3%BAblico-line-205_1-Brasilia-1702-851941-393571-0,-1.0,-16.026954,-48.071697,,,,2,2023-06-15T12:19:22+00:00
BRA_226882,Brasília,5300108,,,2202,,,-15.79549,-47.883172,,,,1,2023-06-15T12:19:32+00:00
BRA_227862,Brasília,5300108,,,3206,,,-16.010799,-48.082474,,,,1,2023-06-15T12:19:40+00:00
BRA_228222,Brasília,5300108,,,3201,,,-16.029831,-48.061817,,,,1,2023-06-15T12:19:26+00:00
BRA_232459,Brasília,5300108,,Pioneira,271.3,https://moovitapp.com/index/pt-br/transporte_p%C3%BAblico-line-271_3-Brasilia-1702-851941-669626-0,-1.0,-16.024115,-48.032412,,,,1,2023-06-14T08:34:58+00:00
BRA_231827,Brasília,5300108,,Pioneira,180.1,https://moovitapp.com/index/pt-br/transporte_p%C3%BAblico-line-180_1-Brasilia-1702-851941-339336-0,-1.0,-15.911125,-47.758928,,,,1,2023-06-15T12:18:50+00:00
BRA_228729,Brasília,5300108,,Pioneira,2207,https://moovitapp.com/index/pt-br/transporte_p%C3%BAblico-line-2207-Brasilia-1702-851941-422078-0,-1.0,-15.811874,-47.905298,,,,1,2023-06-15T12:19:10+00:00
BRA_231789,Brasília,5300108,,Pioneira,0.102,https://moovitapp.com/index/pt-br/transporte_p%C3%BAblico-line-0_102-Brasilia-1702-851941-775119-0,-1.0,-15.794557,-47.882009,,,,1,2023-06-15T12:19:04+00:00
BRA_227889,Brasília,5300108,,Pioneira,3213,https://moovitapp.com/index/pt-br/transporte_p%C3%BAblico-line-3213-Brasilia-1702-851941-74051275-0,-1.0,-16.04892,-48.025489,,,,1,2023-06-15T12:18:04+00:00
BRA_228702,Brasília,5300108,,Pioneira,0.253,https://moovitapp.com/index/pt-br/transporte_p%C3%BAblico-line-0_253-Brasilia-1702-851941-510254-0,-1.0,-16.047372,-48.032075,,,,2,2023-06-15T12:20:00+00:00
BRA_229873,Brasília,5300108,,Pioneira,147.5,https://moovitapp.com/index/pt-br/transporte_p%C3%BAblico-line-147_5-Brasilia-1702-851941-519406-0,-1.0,-15.754375,-47.894114,,,,2,2023-06-15T12:19:20+00:00
BRA_223956,Brasília,5300108,,Pioneira,2306,https://moovitapp.com/index/pt-br/transporte_p%C3%BAblico-line-2306-Brasilia-1702-851941-18556641-0,-1.0,-15.882262,-47.960178,,,,2,2023-06-15T12:18:20+00:00
BRA_227498,Brasília,5300108,,Pioneira,183.2,https://moovitapp.com/index/pt-br/transporte_p%C3%BAblico-line-183_2-Brasilia-1702-851941-242920-0,-1.0,-15.913312,-47.757497,,,,1,2023-06-15T12:19:06+00:00
BRA_229202,Brasília,5300108,,Pioneira,2307,https://moovitapp.com/index/pt-br/transporte_p%C3%BAblico-line-2307-Brasilia-1702-851941-18556638-0,-1.0,-15.808355,-47.932102,,,,1,2023-06-15T12:19:32+00:00
BRA_225681,Brasília,5300108,,Pioneira,0.761,https://moovitapp.com/index/pt-br/transporte_p%C3%BAblico-line-0_761-Brasilia-1702-851941-605389-0,-1.0,-15.802482,-47.786355,,,,2,2023-06-15T12:18:42+00:00
BRA_226637,Brasília,5300108,,Pioneira,0.784,https://moovitapp.com/index/pt-br/transporte_p%C3%BAblico-line-0_784-Brasilia-1702-851941-372405-0,-1.0,-15.763667,-47.78853,,,,1,2023-06-15T12:18:56+00:00
BRA_231606,Brasília,5300108,,Pioneira,760.1,https://moovitapp.com/index/pt-br/transporte_p%C3%BAblico-line-760_1-Brasilia-1702-851941-576193-0,-1.0,-15.771573,-47.874837,,,,2,2023-06-15T12:18:30+00:00
BRA_227871,Brasília,5300108,,Pioneira,147.2,https://moovitapp.com/index/pt-br/transporte_p%C3%BAblico-line-147_2-Brasilia-1702-851941-519403-0,-1.0,-15.81528,-47.910276,,,,1,2023-06-15T12:19:06+00:00
BRA_227854,Brasília,5300108,,Pioneira,147.6,https://moovitapp.com/index/pt-br/transporte_p%C3%BAblico-line-147_6-Brasilia-1702-851941-516646-0,-1.0,-15.904749,-47.755037,,,,1,2023-06-15T12:19:32+00:00
BRA_227447,Brasília,5300108,,Pioneira,2209,https://moovitapp.com/index/pt-br/transporte_p%C3%BAblico-line-2209-Brasilia-1702-851941-18556640-0,-1.0,-15.786395,-47.900962,,,,1,2023-06-15T12:19:26+00:00
BRA_227013,Brasília,5300108,,Pioneira,163.1,https://moovitapp.com/index/pt-br/transporte_p%C3%BAblico-line-163_1-Brasilia-1702-851941-242911-0,-1.0,-15.785232,-47.887922,,,,2,2023-06-15T12:19:54+00:00
BRA_227307,Brasília,5300108,,Pioneira,147.2,https://moovitapp.com/index/pt-br/transporte_p%C3%BAblico-line-147_2-Brasilia-1702-851941-519403-0,-1.0,-15.802174,-47.853125,,,,2,2023-06-15T12:19:12+00:00
BRA_227234,Brasília,5300108,,Pioneira,147.3,https://moovitapp.com/index/pt-br/transporte_p%C3%BAblico-line-147_3-Brasilia-1702-851941-574203-0,-1.0,-15.794152,-47.881964,,,,1,2023-06-15T12:19:28+00:00
BRA_229971,Brasília,5300108,,,3204,,,-15.992041,-48.049674,,,,1,2023-06-15T08:31:10+00:00
BRA_227587,Brasília,5300108,,Pioneira,0.195,https://moovitapp.com/index/pt-br/transporte_p%C3%BAblico-line-0_195-Brasilia-1702-851941-242845-0,-1.0,-15.793689,-47.881755,,,,1,2023-06-15T12:18:36+00:00
BRA_227391,Brasília,5300108,,Pioneira,170.4,https://moovitapp.com/index/pt-br/transporte_p%C3%BAblico-line-170_4-Brasilia-1702-851941-379787-0,-1.0,-16.048536,-47.81384,,,,1,2023-06-15T12:18:20+00:00
BRA_228435,Brasília,5300108,,,3206,,,-16.03739,-48.056604,,,,1,2023-06-15T12:19:24+00:00
BRA_229920,Brasília,5300108,,,3207,,,-15.991654,-48.049356,,,,1,2023-06-15T12:19:18+00:00
BRA_225533,Brasília,5300108,,,2201,,,-15.992594,-48.050659,,,,1,2023-06-15T07:55:18+00:00
BRA_232009,Brasília,5300108,,Pioneira,197.3,https://moovitapp.com/index/pt-br/transporte_p%C3%BAblico-line-197_3-Brasilia-1702-851941-519409-0,-1.0,-15.842473,-47.845064,,,,1,2023-06-15T12:19:06+00:00
BRA_225959,Brasília,5300108,,UTB,2302,https://moovitapp.com/index/pt-br/transporte_p%C3%BAblico-line-2302-Brasilia-1702-854427-744298-0,-1.0,-16.00253,-47.986805,,,,2,2023-06-15T12:19:52+00:00
BRA_229211,Brasília,5300108,,Pioneira,0.253,https://moovitapp.com/index/pt-br/transporte_p%C3%BAblico-line-0_253-Brasilia-1702-851941-510254-0,-1.0,-15.868316,-48.055688,,,,1,2023-06-15T12:18:12+00:00
BRA_228869,Brasília,5300108,,Pioneira,251.7,https://moovitapp.com/index/pt-br/transporte_p%C3%BAblico-line-251_7-Brasilia-1702-851941-651524-0,-1.0,-16.014044,-48.082938,,,,1,2023-06-15T12:18:06+00:00
BRA_227404,Brasília,5300108,,Pioneira,147.2,https://moovitapp.com/index/pt-br/transporte_p%C3%BAblico-line-147_2-Brasilia-1702-851941-519403-0,-1.0,-15.836369,-47.934219,,,,1,2023-06-15T12:18:54+00:00
BRA_229059,Brasília,5300108,,Pioneira,251.8,https://moovitapp.com/index/pt-br/transporte_p%C3%BAblico-line-251_8-Brasilia-1702-851941-708654-0,-1.0,-16.030104,-48.056203,,,,1,2023-06-15T12:18:50+00:00
BRA_229989,Brasília,5300108,,,3207,,,-16.022074,-48.069421,,,,1,2023-06-15T12:18:40+00:00
BRA_228079,Brasília,5300108,,,3201,,,-16.030699,-48.060857,,,,1,2023-06-15T12:19:22+00:00
BRA_228044,Brasília,5300108,,Pioneira,170.4,https://moovitapp.com/index/pt-br/transporte_p%C3%BAblico-line-170_4-Brasilia-1702-851941-379787-0,-1.0,-15.900518,-47.779235,,,,1,2023-06-15T12:18:58+00:00
BRA_226785,Brasília,5300108,,Urbi,0.129,https://moovitapp.com/index/pt-br/transporte_p%C3%BAblico-line-0_129-Brasilia-1702-851595-775097-0,-1.0,-15.746452,-47.761553,,,,1,2023-06-15T12:18:44+00:00
BRA_227056,Brasília,5300108,,Urbi,0.129,https://moovitapp.com/index/pt-br/transporte_p%C3%BAblico-line-0_129-Brasilia-1702-851595-775097-0,-1.0,-15.855888,-47.876357,,,,1,2023-06-15T12:19:24+00:00
BRA_229261,Brasília,5300108,,Pioneira,0.255,https://moovitapp.com/index/pt-br/transporte_p%C3%BAblico-line-0_255-Brasilia-1702-851941-706978-0,-1.0,-15.801209,-48.100606,,,,2,2023-06-15T12:18:26+00:00
BRA_227595,Brasília,5300108,,Pioneira,760.2,https://moovitapp.com/index/pt-br/transporte_p%C3%BAblico-line-760_2-Brasilia-1702-851941-12987664-0,-1.0,-15.802813,-47.793597,,,,1,2023-06-15T12:19:04+00:00
BRA_232483,Brasília,5300108,,Pioneira,255.2,https://moovitapp.com/index/pt-br/transporte_p%C3%BAblico-line-255_2-Brasilia-1702-851941-312453-0,-1.0,-15.914591,-48.050151,,,,2,2023-06-15T12:18:38+00:00
BRA_228443,Brasília,5300108,,Pioneira,784.3,https://moovitapp.com/index/pt-br/transporte_p%C3%BAblico-line-784_3-Brasilia-1702-851941-46904557-0,-1.0,-15.736291,-47.76505,,,,1,2023-06-15T12:18:40+00:00
BRA_228591,Brasília,5300108,,Taguatur,3303,https://moovitapp.com/index/pt-br/transporte_p%C3%BAblico-line-3303-Brasilia-1702-854428-2224148-0,-1.0,-16.004183,-47.987155,,,,1,2023-06-15T12:19:08+00:00
BRA_231517,Brasília,5300108,,Pioneira,0.030,https://moovitapp.com/index/pt-br/transporte_p%C3%BAblico-line-0_030-Brasilia-1702-851941-775118-0,-1.0,-15.736009,-47.907313,,,,1,2023-06-15T12:18:56+00:00
BRA_231355,Brasília,5300108,,Pioneira,183.8,https://moovitapp.com/index/pt-br/transporte_p%C3%BAblico-line-183_8-Brasilia-1702-851941-719958-0,-1.0,-15.90247,-47.767225,,,,1,2023-06-15T12:19:10+00:00
BRA_227455,Brasília,5300108,,Pioneira,183.6,https://moovitapp.com/index/pt-br/transporte_p%C3%BAblico-line-183_6-Brasilia-1702-851941-242921-0,-1.0,-15.91373,-47.768922,,,,1,2023-06-15T12:18:34+00:00
BRA_229792,Brasília,5300108,,Pioneira,0.181,https://moovitapp.com/index/pt-br/transporte_p%C3%BAblico-line-0_181-Brasilia-1702-851941-242838-0,-1.0,-15.90438,-47.753733,,,,1,2023-06-15T12:18:12+00:00
BRA_228061,Brasília,5300108,,Pioneira,784.2,https://moovitapp.com/index/pt-br/transporte_p%C3%BAblico-line-784_2-Brasilia-1702-851941-8360792-0,-1.0,-15.774741,-47.77954,,,,1,2023-06-15T12:18:48+00:00
BRA_223778,Brasília,5300108,,Pioneira,2209,https://moovitapp.com/index/pt-br/transporte_p%C3%BAblico-line-2209-Brasilia-1702-851941-18556640-0,-1.0,-15.856578,-47.955715,,,,1,2023-06-15T12:18:22+00:00
BRA_231746,Brasília,5300108,,Pioneira,0.102,https://moovitapp.com/index/pt-br/transporte_p%C3%BAblico-line-0_102-Brasilia-1702-851941-775119-0,-1.0,-15.821516,-47.919024,,,,1,2023-06-15T12:19:18+00:00
BRA_231941,Brasília,5300108,,Pioneira,180.0,https://moovitapp.com/index/pt-br/transporte_p%C3%BAblico-line-180_0-Brasilia-1702-851941-77097780-0,-1.0,-15.880795,-47.823085,,,,2,2023-06-15T12:18:20+00:00
BRA_228001,Brasília,5300108,,Pioneira,2207,https://moovitapp.com/index/pt-br/transporte_p%C3%BAblico-line-2207-Brasilia-1702-851941-422078-0,-1.0,-15.74441,-47.897039,,,,1,2023-06-15T12:20:10+00:00
BRA_230073,Brasília,5300108,,Taguatur,3302,https://moovitapp.com/index/pt-br/transporte_p%C3%BAblico-line-3302-Brasilia-1702-854428-3135322-0,-1.0,-16.042124,-48.025565,,,,1,2023-06-15T12:19:00+00:00
BRA_232581,Brasília,5300108,,Pioneira,2207,https://moovitapp.com/index/pt-br/transporte_p%C3%BAblico-line-2207-Brasilia-1702-851941-422078-0,-1.0,-15.879862,-47.959886,,,,1,2023-06-15T12:18:22+00:00
BRA_226271,Brasília,5300108,,,2201,,,-15.878156,-47.959485,,,,1,2023-06-15T12:18:54+00:00
BRA_227790,Brasília,5300108,,,3202,,,-16.003169,-48.051428,,,,1,2023-06-15T12:18:26+00:00
BRA_229946,Brasília,5300108,,Pioneira,073.1,https://moovitapp.com/index/pt-br/transporte_p%C3%BAblico-line-073_1-Brasilia-1702-851941-775123-0,-1.0,-15.867216,-47.941048,,,,1,2023-06-15T12:19:20+00:00
BRA_230219,Brasília,5300108,,Pioneira,3316,https://moovitapp.com/index/pt-br/transporte_p%C3%BAblico-line-3316-Brasilia-1702-851941-59965195-0,-1.0,-16.004683,-47.992184,,,,1,2023-06-15T12:18:48+00:00
BRA_228907,Brasília,5300108,,Pioneira,0.253,https://moovitapp.com/index/pt-br/transporte_p%C3%BAblico-line-0_253-Brasilia-1702-851941-510254-0,-1.0,-15.817738,-48.104968,,,,2,2023-06-15T12:19:36+00:00
BRA_226114,Brasília,5300108,,Taguatur,2301,https://moovitapp.com/index/pt-br/transporte_p%C3%BAblico-line-2301-Brasilia-1702-854428-81537943-0,-1.0,-15.785205,-47.895532,,,,1,2023-06-15T12:19:00+00:00
BRA_226521,Brasília,5300108,,Pioneira,0.780,https://moovitapp.com/index/pt-br/transporte_p%C3%BAblico-line-0_780-Brasilia-1702-851941-514537-0,-1.0,-15.79374,-47.780888,,,,2,2023-06-15T12:18:52+00:00
BRA_227064,Brasília,5300108,,Pioneira,0.195,https://moovitapp.com/index/pt-br/transporte_p%C3%BAblico-line-0_195-Brasilia-1702-851941-242845-0,-1.0,-15.903684,-47.765699,,,,1,2023-06-15T12:19:14+00:00
BRA_228991,Brasília,5300108,,Pioneira,251.7,https://moovitapp.com/index/pt-br/transporte_p%C3%BAblico-line-251_7-Brasilia-1702-851941-651524-0,-1.0,-16.035327,-48.060374,,,,1,2023-06-15T12:10:32+00:00
BRA_232301,Brasília,5300108,,Pioneira,0.255,https://moovitapp.com/index/pt-br/transporte_p%C3%BAblico-line-0_255-Brasilia-1702-851941-706978-0,-1.0,-15.916173,-48.049597,,,,2,2023-06-15T12:18:50+00:00
BRA_228109,Brasília,5300108,,,3206,,,-16.033223,-48.063782,,,,1,2023-06-15T12:19:34+00:00
BRA_226190,Brasília,5300108,,,2202,,,-15.956052,-48.009352,,,,1,2023-06-15T12:19:12+00:00
BRA_228206,Brasília,5300108,,,3207,,,-16.005407,-48.077356,,,,1,2023-06-15T12:18:54+00:00
BRA_227561,Brasília,5300108,,Taguatur,3305,https://moovitapp.com/index/pt-br/transporte_p%C3%BAblico-line-3305-Brasilia-1702-854428-77810673-0,-1.0,-16.037851,-48.056648,,,,1,2023-06-15T12:18:56+00:00
BRA_229245,Brasília,5300108,,Pioneira,0.784,https://moovitapp.com/index/pt-br/transporte_p%C3%BAblico-line-0_784-Brasilia-1702-851941-372405-0,-1.0,-15.759679,-47.781339,,,,1,2023-06-15T12:19:04+00:00
BRA_226904,Brasília,5300108,,Pioneira,760.1,https://moovitapp.com/index/pt-br/transporte_p%C3%BAblico-line-760_1-Brasilia-1702-851941-576193-0,-1.0,-15.755002,-47.879618,,,,1,2023-06-15T12:18:32+00:00
BRA_228613,Brasília,5300108,,Pioneira,073.1,https://moovitapp.com/index/pt-br/transporte_p%C3%BAblico-line-073_1-Brasilia-1702-851941-775123-0,-1.0,-15.855811,-47.955429,,,,1,2023-06-15T12:18:32+00:00
BRA_228010,Brasília,5300108,,,3204,,,-16.017707,-48.073363,,,,1,2023-06-15T12:19:22+00:00
BRA_226211,Brasília,5300108,,Taguatur,2301,https://moovitapp.com/index/pt-br/transporte_p%C3%BAblico-line-2301-Brasilia-1702-854428-81537943-0,-1.0,-16.024166,-48.031719,,,,1,2023-06-15T12:19:12+00:00
BRA_226840,Brasília,5300108,,Pioneira,759.1,https://moovitapp.com/index/pt-br/transporte_p%C3%BAblico-line-759_1-Brasilia-1702-851941-616183-0,-1.0,-15.721598,-47.884018,,,,2,2023-06-15T12:19:20+00:00
BRA_231479,Brasília,5300108,,Pioneira,0.011,https://moovitapp.com/index/pt-br/transporte_p%C3%BAblico-line-0_011-Brasilia-1702-851941-775117-0,-1.0,-15.791551,-47.874837,,,,1,2023-06-15T12:12:10+00:00
BRA_226581,Brasília,5300108,,Pioneira,0.765,https://moovitapp.com/index/pt-br/transporte_p%C3%BAblico-line-0_765-Brasilia-1702-851941-576190-0,-1.0,-15.765177,-47.780182,,,,1,2023-06-15T12:19:20+00:00
BRA_225525,Brasília,5300108,,Taguatur,2301,https://moovitapp.com/index/pt-br/transporte_p%C3%BAblico-line-2301-Brasilia-1702-854428-81537943-0,-1.0,-15.925182,-47.976938,,,,2,2023-06-15T12:18:50+00:00
BRA_232041,Brasília,5300108,,Pioneira,180.2,https://moovitapp.com/index/pt-br/transporte_p%C3%BAblico-line-180_2-Brasilia-1702-851941-514539-0,-1.0,-15.865453,-47.820707,,,,1,2023-06-15T12:19:20+00:00
BRA_229865,Brasília,5300108,,Pioneira,181.5,https://moovitapp.com/index/pt-br/transporte_p%C3%BAblico-line-181_5-Brasilia-1702-851941-756866-0,-1.0,-15.907915,-47.760663,,,,1,2023-06-15T12:19:18+00:00
BRA_229105,Brasília,5300108,,Pioneira,0.253,https://moovitapp.com/index/pt-br/transporte_p%C3%BAblico-line-0_253-Brasilia-1702-851941-510254-0,-1.0,-16.043287,-48.034053,,,,1,2023-06-15T12:19:14+00:00
BRA_232033,Brasília,5300108,,Pioneira,147.4,https://moovitapp.com/index/pt-br/transporte_p%C3%BAblico-line-147_4-Brasilia-1702-851941-574204-0,-1.0,-15.853966,-47.857112,,,,2,2023-06-15T12:15:54+00:00
BRA_225541,Brasília,5300108,,Taguatur,2301,https://moovitapp.com/index/pt-br/transporte_p%C3%BAblico-line-2301-Brasilia-1702-854428-81537943-0,-1.0,-16.011352,-48.010363,,,,1,2023-06-15T12:19:32+00:00
BRA_231924,Brasília,5300108,,Pioneira,180.1,https://moovitapp.com/index/pt-br/transporte_p%C3%BAblico-line-180_1-Brasilia-1702-851941-339336-0,-1.0,-15.913369,-47.75695,,,,2,2023-06-15T12:18:26+00:00
BRA_229458,Brasília,5300108,,Pioneira,181.2,https://moovitapp.com/index/pt-br/transporte_p%C3%BAblico-line-181_2-Brasilia-1702-851941-339338-0,-1.0,-15.844364,-47.892925,,,,1,2023-06-15T12:19:02+00:00
BRA_229806,Brasília,5300108,,Pioneira,147.6,https://moovitapp.com/index/pt-br/transporte_p%C3%BAblico-line-147_6-Brasilia-1702-851941-516646-0,-1.0,-15.890458,-47.799408,,,,2,2023-06-15T12:18:30+00:00
BRA_228923,Brasília,5300108,,Pioneira,073.2,https://moovitapp.com/index/pt-br/transporte_p%C3%BAblico-line-073_2-Brasilia-1702-851941-775124-0,-1.0,-15.856446,-47.917314,,,,1,2023-06-15T12:16:54+00:00
BRA_232122,Brasília,5300108,,Pioneira,181.4,https://moovitapp.com/index/pt-br/transporte_p%C3%BAblico-line-181_4-Brasilia-1702-851941-775126-0,-1.0,-15.906262,-47.771516,,,,1,2023-06-15T12:18:32+00:00
BRA_226173,Brasília,5300108,,UTB,2302,https://moovitapp.com/index/pt-br/transporte_p%C3%BAblico-line-2302-Brasilia-1702-854427-744298-0,-1.0,-15.988207,-47.98711,,,,1,2023-06-15T12:18:40+00:00
BRA_228974,Brasília,5300108,,Pioneira,3315,https://moovitapp.com/index/pt-br/transporte_p%C3%BAblico-line-3315-Brasilia-1702-851941-645997-0,-1.0,-16.040992,-48.027332,,,,1,2023-06-15T12:17:32+00:00
BRA_227617,Brasília,5300108,,Pioneira,0.225,https://moovitapp.com/index/pt-br/transporte_p%C3%BAblico-line-0_225-Brasilia-1702-851941-510253-0,-1.0,-16.028451,-48.071456,,,,1,2023-06-15T12:18:52+00:00
BRA_226203,Brasília,5300108,,Taguatur,2301,https://moovitapp.com/index/pt-br/transporte_p%C3%BAblico-line-2301-Brasilia-1702-854428-81537943-0,-1.0,-15.785125,-47.895602,,,,1,2023-06-15T11:38:18+00:00
BRA_231681,Brasília,5300108,,Pioneira,759.1,https://moovitapp.com/index/pt-br/transporte_p%C3%BAblico-line-759_1-Brasilia-1702-851941-616183-0,-1.0,-15.715054,-47.879873,,,,1,2023-06-15T12:18:36+00:00
BRA_231894,Brasília,5300108,,Pioneira,180.1,https://moovitapp.com/index/pt-br/transporte_p%C3%BAblico-line-180_1-Brasilia-1702-851941-339336-0,-1.0,-15.891717,-47.820262,,,,2,2023-06-15T12:18:48+00:00
BRA_228818,Brasília,5300108,,Pioneira,163.1,https://moovitapp.com/index/pt-br/transporte_p%C3%BAblico-line-163_1-Brasilia-1702-851941-242911-0,-1.0,-15.781412,-47.887508,,,,1,2023-06-15T12:18:46+00:00
BRA_232131,Brasília,5300108,,Pioneira,205.1,https://moovitapp.com/index/pt-br/transporte_p%C3%BAblico-line-205_1-Brasilia-1702-851941-393571-0,-1.0,-15.861891,-48.035095,,,,1,2023-06-15T12:18:22+00:00
BRA_223603,Brasília,5300108,,Pioneira,2306,https://moovitapp.com/index/pt-br/transporte_p%C3%BAblico-line-2306-Brasilia-1702-851941-18556641-0,-1.0,-16.023721,-48.032043,,,,2,2023-06-15T12:19:00+00:00
BRA_228672,Brasília,5300108,,Pioneira,3308,https://moovitapp.com/index/pt-br/transporte_p%C3%BAblico-line-3308-Brasilia-1702-851941-577772-0,-1.0,-16.003497,-47.987301,,,,1,2023-06-15T12:18:46+00:00
BRA_228354,Brasília,5300108,,Pioneira,251.6,https://moovitapp.com/index/pt-br/transporte_p%C3%BAblico-line-251_6-Brasilia-1702-851941-35763436-0,-1.0,-15.999726,-47.997245,,,,1,2023-06-15T12:20:00+00:00
BRA_227315,Brasília,5300108,,,3206,,,-15.99181,-48.049451,,,,1,2023-06-15T12:18:40+00:00
BRA_231851,Brasília,5300108,,Pioneira,180.1,https://moovitapp.com/index/pt-br/transporte_p%C3%BAblico-line-180_1-Brasilia-1702-851941-339336-0,-1.0,-15.881939,-47.822919,,,,2,2023-06-15T12:19:00+00:00
BRA_227757,Brasília,5300108,,Pioneira,759.1,https://moovitapp.com/index/pt-br/transporte_p%C3%BAblico-line-759_1-Brasilia-1702-851941-616183-0,-1.0,-15.754193,-47.779597,,,,1,2023-06-15T12:19:02+00:00
BRA_229318,Brasília,5300108,,Pioneira,100.6,https://moovitapp.com/index/pt-br/transporte_p%C3%BAblico-line-100_6-Brasilia-1702-851941-767605-0,-1.0,-15.778646,-47.934277,,,,2,2023-06-15T11:09:44+00:00
BRA_226921,Brasília,5300108,,Pioneira,100.3,https://moovitapp.com/index/pt-br/transporte_p%C3%BAblico-line-100_3-Brasilia-1702-851941-419631-0,-1.0,-15.794175,-47.782019,,,,2,2023-06-15T12:11:34+00:00
BRA_227927,Brasília,5300108,,Pioneira,2207,https://moovitapp.com/index/pt-br/transporte_p%C3%BAblico-line-2207-Brasilia-1702-851941-422078-0,-1.0,-15.757329,-47.893205,,,,1,2023-06-15T12:19:12+00:00
BRA_232548,Brasília,5300108,,Pioneira,2212,https://moovitapp.com/index/pt-br/transporte_p%C3%BAblico-line-2212-Brasilia-1702-851941-69031052-0,-1.0,-15.872938,-47.953121,,,,2,2023-06-15T12:18:48+00:00
BRA_232416,Brasília,5300108,,Pioneira,3307,https://moovitapp.com/index/pt-br/transporte_p%C3%BAblico-line-3307-Brasilia-1702-851941-519400-0,-1.0,-16.002492,-47.986341,,,,1,2023-06-15T12:19:36+00:00
BRA_231878,Brasília,5300108,,Pioneira,180.0,https://moovitapp.com/index/pt-br/transporte_p%C3%BAblico-line-180_0-Brasilia-1702-851941-77097780-0,-1.0,-15.913355,-47.756817,,,,2,2023-06-15T12:19:20+00:00
BRA_226751,Brasília,5300108,,Pioneira,0.763,https://moovitapp.com/index/pt-br/transporte_p%C3%BAblico-line-0_763-Brasilia-1702-851941-468878-0,-1.0,-15.785902,-47.777486,,,,2,2023-06-15T12:18:32+00:00
BRA_231576,Brasília,5300108,,Pioneira,0.102,https://moovitapp.com/index/pt-br/transporte_p%C3%BAblico-line-0_102-Brasilia-1702-851941-775119-0,-1.0,-15.869261,-47.922025,,,,1,2023-06-15T12:19:20+00:00
BRA_228150,Brasília,5300108,,Pioneira,170.4,https://moovitapp.com/index/pt-br/transporte_p%C3%BAblico-line-170_4-Brasilia-1702-851941-379787-0,-1.0,-15.897517,-47.788829,,,,1,2023-06-15T12:19:18+00:00
BRA_232114,Brasília,5300108,,Pioneira,181.4,https://moovitapp.com/index/pt-br/transporte_p%C3%BAblico-line-181_4-Brasilia-1702-851941-775126-0,-1.0,-15.885995,-47.814069,,,,2,2023-06-15T12:18:42+00:00
BRA_229415,Brasília,5300108,,Pioneira,0.253,https://moovitapp.com/index/pt-br/transporte_p%C3%BAblico-line-0_253-Brasilia-1702-851941-510254-0,-1.0,-15.977887,-47.990238,,,,2,2023-06-15T12:18:48+00:00
BRA_229342,Brasília,5300108,,Pioneira,100.2,https://moovitapp.com/index/pt-br/transporte_p%C3%BAblico-line-100_2-Brasilia-1702-851941-620160-0,-1.0,-15.811226,-47.884876,,,,1,2023-06-15T12:18:18+00:00
BRA_229156,Brasília,5300108,,Pioneira,020.2,https://moovitapp.com/index/pt-br/transporte_p%C3%BAblico-line-020_2-Brasilia-1702-851941-708653-0,-1.0,-16.011899,-48.01126,,,,1,2023-06-15T12:18:18+00:00
BRA_227226,Brasília,5300108,,Pioneira,181.2,https://moovitapp.com/index/pt-br/transporte_p%C3%BAblico-line-181_2-Brasilia-1702-851941-339338-0,-1.0,-15.927043,-47.831369,,,,1,2023-06-14T16:06:06+00:00
BRA_229776,Brasília,5300108,,Pioneira,147.5,https://moovitapp.com/index/pt-br/transporte_p%C3%BAblico-line-147_5-Brasilia-1702-851941-519406-0,-1.0,-15.888117,-47.807406,,,,2,2023-06-15T12:19:06+00:00
BRA_226858,Brasília,5300108,,Pioneira,0.762,https://moovitapp.com/index/pt-br/transporte_p%C3%BAblico-line-0_762-Brasilia-1702-851941-576189-0,-1.0,-15.794557,-47.882098,,,,2,2023-06-15T12:20:02+00:00
BRA_231550,Brasília,5300108,,Pioneira,0.030,https://moovitapp.com/index/pt-br/transporte_p%C3%BAblico-line-0_030-Brasilia-1702-851941-775118-0,-1.0,-15.810876,-47.90421,,,,1,2023-06-15T12:18:56+00:00
BRA_231436,Brasília,5300108,,Pioneira,183.0,https://moovitapp.com/index/pt-br/transporte_p%C3%BAblico-line-183_0-Brasilia-1702-851941-26502248-0,-1.0,-15.913563,-47.75744,,,,1,2023-06-15T12:19:10+00:00
BRA_225622,Brasília,5300108,,Taguatur,2301,https://moovitapp.com/index/pt-br/transporte_p%C3%BAblico-line-2301-Brasilia-1702-854428-81537943-0,-1.0,-15.873528,-47.954037,,,,1,2023-06-15T12:18:36+00:00
BRA_231622,Brasília,5300108,,Pioneira,102.1,https://moovitapp.com/index/pt-br/transporte_p%C3%BAblico-line-102_1-Brasilia-1702-851941-775125-0,-1.0,-15.870503,-47.92701,,,,1,2023-06-15T12:18:24+00:00
BRA_228575,Brasília,5300108,,Pioneira,0.255,https://moovitapp.com/index/pt-br/transporte_p%C3%BAblico-line-0_255-Brasilia-1702-851941-706978-0,-1.0,-16.015341,-48.015106,,,,1,2023-06-14T10:14:20+00:00
BRA_228095,Brasília,5300108,,Pioneira,147.5,https://moovitapp.com/index/pt-br/transporte_p%C3%BAblico-line-147_5-Brasilia-1702-851941-519406-0,-1.0,-15.912466,-47.754751,,,,1,2023-06-15T12:18:42+00:00
BRA_232211,Brasília,5300108,,Pioneira,205.1,https://moovitapp.com/index/pt-br/transporte_p%C3%BAblico-line-205_1-Brasilia-1702-851941-393571-0,-1.0,-15.861937,-48.03547,,,,2,2023-06-15T12:19:18+00:00
BRA_223930,Brasília,5300108,,Pioneira,2310,https://moovitapp.com/index/pt-br/transporte_p%C3%BAblico-line-2310-Brasilia-1702-851941-57764377-0,-1.0,-15.813036,-47.949141,,,,2,2023-06-13T21:56:00+00:00
BRA_223930,Brasília,5300108,,Pioneira,2207,https://moovitapp.com/index/pt-br/transporte_p%C3%BAblico-line-2207-Brasilia-1702-851941-422078-0,-1.0,-15.763694,-47.890859,,,,1,2023-06-14T12:55:10+00:00
BRA_229504,Brasília,5300108,,Pioneira,0.780,https://moovitapp.com/index/pt-br/transporte_p%C3%BAblico-line-0_780-Brasilia-1702-851941-514537-0,-1.0,-15.796309,-47.87855,,,,2,2023-06-14T19:24:22+00:00
BRA_231371,Brasília,5300108,,Pioneira,3208,https://moovitapp.com/index/pt-br/transporte_p%C3%BAblico-line-3208-Brasilia-1702-851941-704027-0,-1.0,-16.024964,-48.077127,,,,1,2023-06-15T12:19:20+00:00
BRA_232637,Brasília,5300108,,Pioneira,2209,https://moovitapp.com/index/pt-br/transporte_p%C3%BAblico-line-2209-Brasilia-1702-851941-18556640-0,-1.0,-15.923378,-47.975596,,,,1,2023-06-15T12:19:06+00:00
BRA_225754,Brasília,5300108,,Pioneira,764.2,https://moovitapp.com/index/pt-br/transporte_p%C3%BAblico-line-764_2-Brasilia-1702-851941-527246-0,-1.0,-15.752328,-47.761439,,,,1,2023-06-15T12:19:26+00:00
BRA_223972,Brasília,5300108,,Pioneira,2306,https://moovitapp.com/index/pt-br/transporte_p%C3%BAblico-line-2306-Brasilia-1702-851941-18556641-0,-1.0,-15.784415,-47.895055,,,,1,2023-06-15T12:19:22+00:00
BRA_229296,Brasília,5300108,,Pioneira,073.2,https://moovitapp.com/index/pt-br/transporte_p%C3%BAblico-line-073_2-Brasilia-1702-851941-775124-0,-1.0,-15.879308,-47.959117,,,,1,2023-06-15T12:18:36+00:00
BRA_228427,Brasília,5300108,,Pioneira,205.1,https://moovitapp.com/index/pt-br/transporte_p%C3%BAblico-line-205_1-Brasilia-1702-851941-393571-0,-1.0,-16.026108,-48.075251,,,,2,2023-06-15T12:18:20+00:00
BRA_229636,Brasília,5300108,,Urbi,0.129,https://moovitapp.com/index/pt-br/transporte_p%C3%BAblico-line-0_129-Brasilia-1702-851595-775097-0,-1.0,-15.760113,-47.781447,,,,1,2023-06-15T12:19:14+00:00
BRA_227811,Brasília,5300108,,Pioneira,180.2,https://moovitapp.com/index/pt-br/transporte_p%C3%BAblico-line-180_2-Brasilia-1702-851941-514539-0,-1.0,-15.825755,-47.82852,,,,2,2023-06-15T12:19:12+00:00
BRA_232092,Brasília,5300108,,Pioneira,181.2,https://moovitapp.com/index/pt-br/transporte_p%C3%BAblico-line-181_2-Brasilia-1702-851941-339338-0,-1.0,-15.913542,-47.757281,,,,1,2023-06-15T12:19:02+00:00
BRA_226254,Brasília,5300108,,,2202,,,-15.976075,-48.032018,,,,2,2023-06-15T12:18:56+00:00
BRA_229067,Brasília,5300108,,Pioneira,251.8,https://moovitapp.com/index/pt-br/transporte_p%C3%BAblico-line-251_8-Brasilia-1702-851941-708654-0,-1.0,-16.020059,-48.068283,,,,1,2023-06-15T12:19:28+00:00
BRA_228486,Brasília,5300108,,Pioneira,2306,https://moovitapp.com/index/pt-br/transporte_p%C3%BAblico-line-2306-Brasilia-1702-851941-18556641-0,-1.0,-15.788264,-47.888322,,,,1,2023-06-15T12:19:46+00:00
BRA_226033,Brasília,5300108,,UTB,2302,https://moovitapp.com/index/pt-br/transporte_p%C3%BAblico-line-2302-Brasilia-1702-854427-744298-0,-1.0,-15.797284,-47.883795,,,,1,2023-06-15T12:18:18+00:00
BRA_227463,Brasília,5300108,,Pioneira,147.5,https://moovitapp.com/index/pt-br/transporte_p%C3%BAblico-line-147_5-Brasilia-1702-851941-519406-0,-1.0,-15.78365,-47.89522,,,,1,2023-06-15T12:18:34+00:00
BRA_229750,Brasília,5300108,,Pioneira,100.4,https://moovitapp.com/index/pt-br/transporte_p%C3%BAblico-line-100_4-Brasilia-1702-851941-514538-0,-1.0,-15.779344,-47.900453,,,,2,2023-06-15T12:17:26+00:00
BRA_226530,Brasília,5300108,,Pioneira,0.111,https://moovitapp.com/index/pt-br/transporte_p%C3%BAblico-line-0_111-Brasilia-1702-851941-432834-0,-1.0,-15.909128,-47.810699,,,,1,2023-06-15T12:18:50+00:00
BRA_228362,Brasília,5300108,,Taguatur,3303,https://moovitapp.com/index/pt-br/transporte_p%C3%BAblico-line-3303-Brasilia-1702-854428-2224148-0,-1.0,-16.01159,-47.992552,,,,1,2023-06-15T12:18:08+00:00
BRA_226378,Brasília,5300108,,,2201,,,-15.899067,-47.962709,,,,2,2023-06-15T12:19:18+00:00
BRA_227684,Brasília,5300108,,Pioneira,2208,https://moovitapp.com/index/pt-br/transporte_p%C3%BAblico-line-2208-Brasilia-1702-851941-18556642-0,-1.0,-15.965654,-48.020199,,,,2,2023-06-15T12:18:34+00:00
BRA_231908,Brasília,5300108,,Pioneira,180.0,https://moovitapp.com/index/pt-br/transporte_p%C3%BAblico-line-180_0-Brasilia-1702-851941-77097780-0,-1.0,-15.843056,-47.820726,,,,2,2023-06-15T12:18:48+00:00
BRA_228460,Brasília,5300108,,Pioneira,180.2,https://moovitapp.com/index/pt-br/transporte_p%C3%BAblico-line-180_2-Brasilia-1702-851941-514539-0,-1.0,-15.794296,-47.881894,,,,1,2023-06-15T12:18:22+00:00
BRA_227994,Brasília,5300108,,Pioneira,0.181,https://moovitapp.com/index/pt-br/transporte_p%C3%BAblico-line-0_181-Brasilia-1702-851941-242838-0,-1.0,-15.874432,-47.823212,,,,2,2023-06-15T12:18:28+00:00
BRA_230006,Brasília,5300108,,,3204,,,-16.016982,-48.055014,,,,1,2023-06-15T12:19:00+00:00
BRA_232271,Brasília,5300108,,Pioneira,205.1,https://moovitapp.com/index/pt-br/transporte_p%C3%BAblico-line-205_1-Brasilia-1702-851941-393571-0,-1.0,-15.828323,-48.062459,,,,1,2023-06-15T12:19:44+00:00
BRA_229431,Brasília,5300108,,Pioneira,251.7,https://moovitapp.com/index/pt-br/transporte_p%C3%BAblico-line-251_7-Brasilia-1702-851941-651524-0,-1.0,-16.001745,-47.985546,,,,1,2023-06-15T12:19:54+00:00
BRA_229041,Brasília,5300108,,Pioneira,2207,https://moovitapp.com/index/pt-br/transporte_p%C3%BAblico-line-2207-Brasilia-1702-851941-422078-0,-1.0,-15.832723,-47.927569,,,,1,2023-06-15T12:19:22+00:00
BRA_231673,Brasília,5300108,,Pioneira,100.8,https://moovitapp.com/index/pt-br/transporte_p%C3%BAblico-line-100_8-Brasilia-1702-851941-576191-0,-1.0,-15.836182,-47.933901,,,,1,2023-06-15T12:19:20+00:00
BRA_229661,Brasília,5300108,,Pioneira,100.3,https://moovitapp.com/index/pt-br/transporte_p%C3%BAblico-line-100_3-Brasilia-1702-851941-419631-0,-1.0,-15.839233,-47.867221,,,,1,2023-06-15T12:18:52+00:00
BRA_232157,Brasília,5300108,,Pioneira,205.1,https://moovitapp.com/index/pt-br/transporte_p%C3%BAblico-line-205_1-Brasilia-1702-851941-393571-0,-1.0,-15.921035,-48.04804,,,,2,2023-06-15T12:18:22+00:00
BRA_232424,Brasília,5300108,,Taguatur,3306,https://moovitapp.com/index/pt-br/transporte_p%C3%BAblico-line-3306-Brasilia-1702-854428-755287-0,-1.0,-16.002244,-47.986131,,,,1,2023-06-15T12:19:18+00:00
BRA_225649,Brasília,5300108,,,2202,,,-15.795806,-47.883611,,,,2,2023-06-15T12:19:24+00:00
BRA_226408,Brasília,5300108,,Taguatur,2301,https://moovitapp.com/index/pt-br/transporte_p%C3%BAblico-line-2301-Brasilia-1702-854428-81537943-0,-1.0,-15.785308,-47.895322,,,,1,2023-06-15T12:19:00+00:00
BRA_226769,Brasília,5300108,,Pioneira,0.765,https://moovitapp.com/index/pt-br/transporte_p%C3%BAblico-line-0_765-Brasilia-1702-851941-576190-0,-1.0,-15.831531,-47.928516,,,,1,2023-06-15T12:19:08+00:00
BRA_232343,Brasília,5300108,,,3301,,,-16.04227,-48.01763,,,,1,2023-06-15T12:19:26+00:00
BRA_228184,Brasília,5300108,,,3207,,,-16.00989,-48.061817,,,,1,2023-06-15T12:19:02+00:00
BRA_231380,Brasília,5300108,,Pioneira,3209,https://moovitapp.com/index/pt-br/transporte_p%C3%BAblico-line-3209-Brasilia-1702-851941-705116-0,-1.0,-16.019061,-48.084305,,,,1,2023-06-15T12:19:04+00:00
BRA_232173,Brasília,5300108,,Pioneira,124.6,https://moovitapp.com/index/pt-br/transporte_p%C3%BAblico-line-124_6-Brasilia-1702-851941-425282-0,-1.0,-15.831639,-47.952403,,,,1,2023-06-15T12:19:02+00:00
BRA_228117,Brasília,5300108,,,3206,,,-16.036949,-48.059649,,,,1,2023-06-15T12:19:12+00:00
BRA_232408,Brasília,5300108,,Pioneira,251.8,https://moovitapp.com/index/pt-br/transporte_p%C3%BAblico-line-251_8-Brasilia-1702-851941-708654-0,-1.0,-16.048491,-48.036723,,,,1,2023-06-15T12:19:14+00:00
BRA_226866,Brasília,5300108,,Pioneira,183.6,https://moovitapp.com/index/pt-br/transporte_p%C3%BAblico-line-183_6-Brasilia-1702-851941-242921-0,-1.0,-15.908772,-47.768204,,,,1,2023-06-15T12:19:22+00:00
BRA_229466,Brasília,5300108,,Pioneira,181.2,https://moovitapp.com/index/pt-br/transporte_p%C3%BAblico-line-181_2-Brasilia-1702-851941-339338-0,-1.0,-15.885426,-47.815099,,,,1,2023-06-15T12:18:58+00:00
BRA_227978,Brasília,5300108,,Pioneira,147.4,https://moovitapp.com/index/pt-br/transporte_p%C3%BAblico-line-147_4-Brasilia-1702-851941-574204-0,-1.0,-15.795207,-47.87492,,,,1,2023-06-15T12:18:36+00:00
BRA_225631,Brasília,5300108,,UTB,2302,https://moovitapp.com/index/pt-br/transporte_p%C3%BAblico-line-2302-Brasilia-1702-854427-744298-0,-1.0,-15.880073,-47.959759,,,,1,2023-06-15T12:19:38+00:00
BRA_227706,Brasília,5300108,,Pioneira,147.2,https://moovitapp.com/index/pt-br/transporte_p%C3%BAblico-line-147_2-Brasilia-1702-851941-519403-0,-1.0,-15.851895,-47.816237,,,,1,2023-06-15T12:19:00+00:00
BRA_228231,Brasília,5300108,,,3207,,,-15.991265,-48.049133,,,,1,2023-06-15T12:18:56+00:00
BRA_226289,Brasília,5300108,,UTB,2302,https://moovitapp.com/index/pt-br/transporte_p%C3%BAblico-line-2302-Brasilia-1702-854427-744298-0,-1.0,-15.823674,-47.911204,,,,2,2023-06-15T12:18:44+00:00
BRA_227251,Brasília,5300108,,Pioneira,147.3,https://moovitapp.com/index/pt-br/transporte_p%C3%BAblico-line-147_3-Brasilia-1702-851941-574203-0,-1.0,-15.858466,-47.832329,,,,1,2023-06-15T12:19:20+00:00
BRA_231975,Brasília,5300108,,Pioneira,197.3,https://moovitapp.com/index/pt-br/transporte_p%C3%BAblico-line-197_3-Brasilia-1702-851941-519409-0,-1.0,-15.846608,-47.84994,,,,2,2023-06-15T12:18:52+00:00
BRA_232408,Brasília,5300108,,Pioneira,251.8,https://moovitapp.com/index/pt-br/transporte_p%C3%BAblico-line-251_8-Brasilia-1702-851941-708654-0,-1.0,-16.014664,-48.014133,,,,1,2023-06-15T11:39:40+00:00
BRA_229679,Brasília,5300108,,Pioneira,190.2,https://moovitapp.com/index/pt-br/transporte_p%C3%BAblico-line-190_2-Brasilia-1702-851941-138553357-0,-1.0,-15.757759,-47.776456,,,,2,2023-06-15T12:19:12+00:00
BRA_231819,Brasília,5300108,,Pioneira,180.0,https://moovitapp.com/index/pt-br/transporte_p%C3%BAblico-line-180_0-Brasilia-1702-851941-77097780-0,-1.0,-15.816902,-47.835311,,,,1,2023-06-15T12:18:20+00:00
BRA_232289,Brasília,5300108,,Pioneira,205.1,https://moovitapp.com/index/pt-br/transporte_p%C3%BAblico-line-205_1-Brasilia-1702-851941-393571-0,-1.0,-16.0131,-48.076256,,,,1,2023-06-15T12:18:58+00:00
BRA_228893,Brasília,5300108,,Pioneira,251.6,https://moovitapp.com/index/pt-br/transporte_p%C3%BAblico-line-251_6-Brasilia-1702-851941-35763436-0,-1.0,-15.998723,-47.988172,,,,1,2023-06-15T12:19:20+00:00
BRA_226807,Brasília,5300108,,,2202,,,-15.967641,-48.022532,,,,2,2023-06-15T12:18:48+00:00
BRA_228931,Brasília,5300108,,Pioneira,255.2,https://moovitapp.com/index/pt-br/transporte_p%C3%BAblico-line-255_2-Brasilia-1702-851941-312453-0,-1.0,-15.874298,-47.971928,,,,1,2023-06-15T12:20:02+00:00
BRA_226131,Brasília,5300108,,UTB,2302,https://moovitapp.com/index/pt-br/transporte_p%C3%BAblico-line-2302-Brasilia-1702-854427-744298-0,-1.0,-15.964816,-47.992336,,,,2,2023-06-15T12:18:32+00:00
BRA_226785,Brasília,5300108,,Urbi,0.129,https://moovitapp.com/index/pt-br/transporte_p%C3%BAblico-line-0_129-Brasilia-1702-851595-775097-0,-1.0,-15.857808,-47.922941,,,,2,2023-06-15T10:14:04+00:00
BRA_228541,Brasília,5300108,,Pioneira,0.195,https://moovitapp.com/index/pt-br/transporte_p%C3%BAblico-line-0_195-Brasilia-1702-851941-242845-0,-1.0,-15.78266,-47.895309,,,,1,2023-06-15T12:19:02+00:00
BRA_229407,Brasília,5300108,,Pioneira,0.255,https://moovitapp.com/index/pt-br/transporte_p%C3%BAblico-line-0_255-Brasilia-1702-851941-706978-0,-1.0,-15.827322,-48.059338,,,,2,2023-06-15T12:20:08+00:00
BRA_232106,Brasília,5300108,,Pioneira,181.2,https://moovitapp.com/index/pt-br/transporte_p%C3%BAblico-line-181_2-Brasilia-1702-851941-339338-0,-1.0,-15.844371,-47.891851,,,,1,2023-06-15T12:18:26+00:00
BRA_232505,Brasília,5300108,,Pioneira,3315,https://moovitapp.com/index/pt-br/transporte_p%C3%BAblico-line-3315-Brasilia-1702-851941-645997-0,-1.0,-16.002054,-47.986036,,,,1,2023-06-15T12:18:52+00:00
BRA_228982,Brasília,5300108,,Taguatur,3303,https://moovitapp.com/index/pt-br/transporte_p%C3%BAblico-line-3303-Brasilia-1702-854428-2224148-0,-1.0,-16.046043,-48.043691,,,,1,2023-06-15T12:18:26+00:00
BRA_226629,Brasília,5300108,,Pioneira,100.2,https://moovitapp.com/index/pt-br/transporte_p%C3%BAblico-line-100_2-Brasilia-1702-851941-620160-0,-1.0,-15.831283,-47.90922,,,,1,2023-06-15T12:20:20+00:00
BRA_229199,Brasília,5300108,,Pioneira,3314,https://moovitapp.com/index/pt-br/transporte_p%C3%BAblico-line-3314-Brasilia-1702-851941-645996-0,-1.0,-16.003643,-47.988038,,,,1,2023-06-15T12:19:26+00:00
BRA_227633,Brasília,5300108,,Pioneira,147.2,https://moovitapp.com/index/pt-br/transporte_p%C3%BAblico-line-147_2-Brasilia-1702-851941-519403-0,-1.0,-15.836248,-47.934003,,,,1,2023-06-15T12:19:16+00:00
BRA_223875,Brasília,5300108,,,2203,,,-15.780853,-47.873877,,,,1,2023-06-15T10:33:30+00:00
BRA_227242,Brasília,5300108,,Pioneira,181.2,https://moovitapp.com/index/pt-br/transporte_p%C3%BAblico-line-181_2-Brasilia-1702-851941-339338-0,-1.0,-15.890021,-47.800889,,,,1,2023-06-15T12:19:20+00:00
BRA_231592,Brasília,5300108,,Pioneira,780.1,https://moovitapp.com/index/pt-br/transporte_p%C3%BAblico-line-780_1-Brasilia-1702-851941-531040-0,-1.0,-15.799422,-47.86867,,,,2,2023-06-15T12:18:52+00:00
BRA_226891,Brasília,5300108,,Pioneira,759.1,https://moovitapp.com/index/pt-br/transporte_p%C3%BAblico-line-759_1-Brasilia-1702-851941-616183-0,-1.0,-15.782232,-47.778637,,,,2,2023-06-15T12:19:22+00:00
BRA_225673,Brasília,5300108,,Pioneira,0.761,https://moovitapp.com/index/pt-br/transporte_p%C3%BAblico-line-0_761-Brasilia-1702-851941-605389-0,-1.0,-15.775828,-47.779546,,,,2,2023-06-15T12:19:18+00:00
BRA_231690,Brasília,5300108,,Pioneira,0.764,https://moovitapp.com/index/pt-br/transporte_p%C3%BAblico-line-0_764-Brasilia-1702-851941-516641-0,-1.0,-15.801126,-47.791353,,,,1,2023-06-15T12:18:44+00:00
BRA_232386,Brasília,5300108,,,3301,,,-16.026064,-48.019455,,,,1,2023-06-15T12:18:30+00:00
BRA_227285,Brasília,5300108,,Pioneira,2209,https://moovitapp.com/index/pt-br/transporte_p%C3%BAblico-line-2209-Brasilia-1702-851941-18556640-0,-1.0,-15.784667,-47.912145,,,,1,2023-06-15T12:19:00+00:00
BRA_225789,Brasília,5300108,,Pioneira,0.764,https://moovitapp.com/index/pt-br/transporte_p%C3%BAblico-line-0_764-Brasilia-1702-851941-516641-0,-1.0,-15.760797,-47.777149,,,,2,2023-06-15T12:19:04+00:00
BRA_229831,Brasília,5300108,,Pioneira,0.147,https://moovitapp.com/index/pt-br/transporte_p%C3%BAblico-line-0_147-Brasilia-1702-851941-519401-0,-1.0,-15.830655,-47.877088,,,,2,2023-06-15T12:18:26+00:00
BRA_231711,Brasília,5300108,,Pioneira,102.1,https://moovitapp.com/index/pt-br/transporte_p%C3%BAblico-line-102_1-Brasilia-1702-851941-775125-0,-1.0,-15.816911,-47.912272,,,,1,2023-06-15T12:19:30+00:00
BRA_228290,Brasília,5300108,,Pioneira,0.225,https://moovitapp.com/index/pt-br/transporte_p%C3%BAblico-line-0_225-Brasilia-1702-851941-510253-0,-1.0,-15.951044,-48.033684,,,,2,2023-06-15T12:19:26+00:00
BRA_230146,Brasília,5300108,,Pioneira,251.8,https://moovitapp.com/index/pt-br/transporte_p%C3%BAblico-line-251_8-Brasilia-1702-851941-708654-0,-1.0,-16.004714,-47.992572,,,,1,2023-06-15T12:19:12+00:00
BRA_226980,Brasília,5300108,,Urbi,0.129,https://moovitapp.com/index/pt-br/transporte_p%C3%BAblico-line-0_129-Brasilia-1702-851595-775097-0,-1.0,-15.806568,-47.798492,,,,2,2023-06-15T12:18:06+00:00
BRA_228494,Brasília,5300108,,Taguatur,3303,https://moovitapp.com/index/pt-br/transporte_p%C3%BAblico-line-3303-Brasilia-1702-854428-2224148-0,-1.0,-16.022583,-48.014121,,,,1,2023-06-15T12:17:42+00:00
BRA_228575,Brasília,5300108,,Pioneira,0.255,https://moovitapp.com/index/pt-br/transporte_p%C3%BAblico-line-0_255-Brasilia-1702-851941-706978-0,-1.0,-15.805875,-48.076001,,,,2,2023-06-12T15:58:20+00:00
BRA_228761,Brasília,5300108,,Pioneira,251.7,https://moovitapp.com/index/pt-br/transporte_p%C3%BAblico-line-251_7-Brasilia-1702-851941-651524-0,-1.0,-16.023797,-48.028083,,,,1,2023-06-15T12:18:34+00:00
BRA_229521,Brasília,5300108,,Pioneira,2207,https://moovitapp.com/index/pt-br/transporte_p%C3%BAblico-line-2207-Brasilia-1702-851941-422078-0,-1.0,-16.002972,-47.986544,,,,1,2023-06-15T12:19:36+00:00
BRA_232599,Brasília,5300108,,Pioneira,2310,https://moovitapp.com/index/pt-br/transporte_p%C3%BAblico-line-2310-Brasilia-1702-851941-57764377-0,-1.0,-15.762978,-47.936038,,,,1,2023-06-15T12:18:48+00:00
BRA_229725,Brasília,5300108,,Pioneira,100.8,https://moovitapp.com/index/pt-br/transporte_p%C3%BAblico-line-100_8-Brasilia-1702-851941-576191-0,-1.0,-15.749774,-47.773989,,,,1,2023-06-15T12:19:06+00:00
BRA_230022,Brasília,5300108,,,3207,,,-16.010649,-48.080249,,,,1,2023-06-15T12:18:24+00:00
BRA_229601,Brasília,5300108,,Pioneira,784.3,https://moovitapp.com/index/pt-br/transporte_p%C3%BAblico-line-784_3-Brasilia-1702-851941-46904557-0,-1.0,-15.74693,-47.782534,,,,1,2023-06-13T16:18:12+00:00
BRA_229474,Brasília,5300108,,Pioneira,147.5,https://moovitapp.com/index/pt-br/transporte_p%C3%BAblico-line-147_5-Brasilia-1702-851941-519406-0,-1.0,-15.802058,-47.853653,,,,2,2023-06-15T12:18:24+00:00
BRA_229423,Brasília,5300108,,Pioneira,0.255,https://moovitapp.com/index/pt-br/transporte_p%C3%BAblico-line-0_255-Brasilia-1702-851941-706978-0,-1.0,-15.895363,-48.055841,,,,1,2023-06-15T12:19:46+00:00
BRA_225657,Brasília,5300108,,,2202,,,-15.928477,-47.979137,,,,2,2023-06-15T12:18:40+00:00
BRA_232360,Brasília,5300108,,Pioneira,251.6,https://moovitapp.com/index/pt-br/transporte_p%C3%BAblico-line-251_6-Brasilia-1702-851941-35763436-0,-1.0,-16.039806,-48.045535,,,,1,2023-06-15T12:19:48+00:00
BRA_228966,Brasília,5300108,,Pioneira,2212,https://moovitapp.com/index/pt-br/transporte_p%C3%BAblico-line-2212-Brasilia-1702-851941-69031052-0,-1.0,-15.811543,-47.904935,,,,2,2023-06-15T12:18:30+00:00
BRA_229890,Brasília,5300108,,Pioneira,147.6,https://moovitapp.com/index/pt-br/transporte_p%C3%BAblico-line-147_6-Brasilia-1702-851941-516646-0,-1.0,-15.835834,-47.881691,,,,1,2023-06-15T12:18:42+00:00
BRA_228257,Brasília,5300108,,Urbi,206.2,https://moovitapp.com/index/pt-br/transporte_p%C3%BAblico-line-206_2-Brasilia-1702-851595-781328-0,-1.0,-16.037165,-48.05661,,,,2,2023-06-15T12:19:22+00:00
BRA_229113,Brasília,5300108,,Pioneira,0.255,https://moovitapp.com/index/pt-br/transporte_p%C3%BAblico-line-0_255-Brasilia-1702-851941-706978-0,-1.0,-15.804346,-48.07239,,,,1,2023-06-15T12:19:22+00:00
BRA_225738,Brasília,5300108,,Pioneira,0.761,https://moovitapp.com/index/pt-br/transporte_p%C3%BAblico-line-0_761-Brasilia-1702-851941-605389-0,-1.0,-15.804696,-47.853081,,,,1,2023-06-15T12:19:02+00:00
BRA_229717,Brasília,5300108,,Pioneira,759.1,https://moovitapp.com/index/pt-br/transporte_p%C3%BAblico-line-759_1-Brasilia-1702-851941-616183-0,-1.0,-15.794346,-47.88192,,,,2,2023-06-15T12:18:36+00:00
BRA_232351,Brasília,5300108,,,3301,,,-16.042248,-48.026334,,,,1,2023-06-15T12:19:14+00:00
BRA_227803,Brasília,5300108,,Pioneira,147.4,https://moovitapp.com/index/pt-br/transporte_p%C3%BAblico-line-147_4-Brasilia-1702-851941-574204-0,-1.0,-15.858412,-47.86635,,,,1,2023-06-15T12:19:06+00:00
BRA_230090,Brasília,5300108,,Taguatur,3302,https://moovitapp.com/index/pt-br/transporte_p%C3%BAblico-line-3302-Brasilia-1702-854428-3135322-0,-1.0,-16.036955,-48.034307,,,,1,2023-06-15T12:19:18+00:00
BRA_226998,Brasília,5300108,,Pioneira,0.780,https://moovitapp.com/index/pt-br/transporte_p%C3%BAblico-line-0_780-Brasilia-1702-851941-514537-0,-1.0,-15.79913,-47.851606,,,,1,2023-06-15T12:18:42+00:00
BRA_225975,Brasília,5300108,,Pioneira,2205,https://moovitapp.com/index/pt-br/transporte_p%C3%BAblico-line-2205-Brasilia-1702-851941-393568-0,-1.0,-15.991789,-48.049655,,,,2,2023-06-15T12:18:56+00:00
BRA_229903,Brasília,5300108,,Pioneira,160.3,https://moovitapp.com/index/pt-br/transporte_p%C3%BAblico-line-160_3-Brasilia-1702-851941-242910-0,-1.0,-15.854023,-47.949764,,,,2,2023-06-15T12:19:04+00:00
BRA_226394,Brasília,5300108,,,2201,,,-15.793866,-47.882676,,,,1,2023-06-15T12:18:52+00:00
BRA_227846,Brasília,5300108,,Pioneira,2211,https://moovitapp.com/index/pt-br/transporte_p%C3%BAblico-line-2211-Brasilia-1702-851941-57764371-0,-1.0,-15.858814,-47.956084,,,,1,2023-06-15T12:19:06+00:00
BRA_229181,Brasília,5300108,,Pioneira,0.255,https://moovitapp.com/index/pt-br/transporte_p%C3%BAblico-line-0_255-Brasilia-1702-851941-706978-0,-1.0,-16.018988,-48.021019,,,,2,2023-06-15T12:18:50+00:00
BRA_227986,Brasília,5300108,,Pioneira,147.5,https://moovitapp.com/index/pt-br/transporte_p%C3%BAblico-line-147_5-Brasilia-1702-851941-519406-0,-1.0,-15.913601,-47.756855,,,,2,2023-06-15T10:40:04+00:00
BRA_231452,Brasília,5300108,,Pioneira,784.3,https://moovitapp.com/index/pt-br/transporte_p%C3%BAblico-line-784_3-Brasilia-1702-851941-46904557-0,-1.0,-15.730368,-47.779908,,,,1,2023-06-15T12:19:10+00:00
BRA_229695,Brasília,5300108,,Pioneira,100.8,https://moovitapp.com/index/pt-br/transporte_p%C3%BAblico-line-100_8-Brasilia-1702-851941-576191-0,-1.0,-15.811923,-47.905279,,,,2,2023-06-15T12:18:58+00:00
BRA_229911,Brasília,5300108,,Pioneira,0.225,https://moovitapp.com/index/pt-br/transporte_p%C3%BAblico-line-0_225-Brasilia-1702-851941-510253-0,-1.0,-15.815598,-48.101484,,,,1,2023-06-15T12:18:10+00:00
BRA_226777,Brasília,5300108,,Pioneira,0.764,https://moovitapp.com/index/pt-br/transporte_p%C3%BAblico-line-0_764-Brasilia-1702-851941-516641-0,-1.0,-15.775108,-47.775121,,,,2,2023-06-15T12:18:10+00:00
BRA_229962,Brasília,5300108,,,3204,,,-16.024033,-48.059388,,,,1,2023-06-15T12:19:04+00:00
BRA_227951,Brasília,5300108,,Pioneira,147.7,https://moovitapp.com/index/pt-br/transporte_p%C3%BAblico-line-147_7-Brasilia-1702-851941-574205-0,-1.0,-15.886846,-47.76554,,,,1,2023-06-15T12:18:24+00:00
BRA_227579,Brasília,5300108,,Pioneira,147.5,https://moovitapp.com/index/pt-br/transporte_p%C3%BAblico-line-147_5-Brasilia-1702-851941-519406-0,-1.0,-15.735998,-47.907389,,,,1,2023-06-15T12:18:46+00:00
BRA_228176,Brasília,5300108,,Taguatur,3305,https://moovitapp.com/index/pt-br/transporte_p%C3%BAblico-line-3305-Brasilia-1702-854428-77810673-0,-1.0,-16.044476,-47.980663,,,,1,2023-06-15T12:19:08+00:00
BRA_232017,Brasília,5300108,,Pioneira,197.3,https://moovitapp.com/index/pt-br/transporte_p%C3%BAblico-line-197_3-Brasilia-1702-851941-519409-0,-1.0,-15.803831,-47.851873,,,,1,2023-06-15T12:13:24+00:00
BRA_229288,Brasília,5300108,,Pioneira,2212,https://moovitapp.com/index/pt-br/transporte_p%C3%BAblico-line-2212-Brasilia-1702-851941-69031052-0,-1.0,-15.793784,-47.890477,,,,1,2023-06-15T12:19:52+00:00
BRA_229857,Brasília,5300108,,Pioneira,147.5,https://moovitapp.com/index/pt-br/transporte_p%C3%BAblico-line-147_5-Brasilia-1702-851941-519406-0,-1.0,-15.903058,-47.768089,,,,1,2023-06-15T12:18:32+00:00
BRA_231771,Brasília,5300108,,Pioneira,0.765,https://moovitapp.com/index/pt-br/transporte_p%C3%BAblico-line-0_765-Brasilia-1702-851941-576190-0,-1.0,-15.762932,-47.780411,,,,2,2023-06-15T12:18:46+00:00
BRA_232530,Brasília,5300108,,Pioneira,2211,https://moovitapp.com/index/pt-br/transporte_p%C3%BAblico-line-2211-Brasilia-1702-851941-57764371-0,-1.0,-15.787732,-47.931937,,,,1,2023-06-15T12:18:50+00:00
BRA_227749,Brasília,5300108,,Pioneira,183.2,https://moovitapp.com/index/pt-br/transporte_p%C3%BAblico-line-183_2-Brasilia-1702-851941-242920-0,-1.0,-15.867448,-47.777798,,,,1,2023-06-15T12:19:14+00:00
BRA_226971,Brasília,5300108,,Pioneira,764.2,https://moovitapp.com/index/pt-br/transporte_p%C3%BAblico-line-764_2-Brasilia-1702-851941-527246-0,-1.0,-15.794155,-47.881869,,,,2,2023-06-15T12:19:10+00:00
BRA_226718,Brasília,5300108,,Pioneira,764.2,https://moovitapp.com/index/pt-br/transporte_p%C3%BAblico-line-764_2-Brasilia-1702-851941-527246-0,-1.0,-15.835072,-47.823924,,,,2,2023-06-15T12:19:04+00:00
BRA_232653,Brasília,5300108,,Pioneira,2206,https://moovitapp.com/index/pt-br/transporte_p%C3%BAblico-line-2206-Brasilia-1702-851941-18556637-0,-1.0,-15.958838,-48.012728,,,,2,2023-06-15T12:18:28+00:00
BRA_223832,Brasília,5300108,,,2202,,,-15.841344,-47.931244,,,,2,2023-06-15T12:18:34+00:00
BRA_230081,Brasília,5300108,,Pioneira,3307,https://moovitapp.com/index/pt-br/transporte_p%C3%BAblico-line-3307-Brasilia-1702-851941-519400-0,-1.0,-16.020151,-47.987657,,,,1,2023-06-15T12:19:12+00:00
BRA_227919,Brasília,5300108,,,3206,,,-16.037638,-48.056553,,,,1,2023-06-15T12:19:14+00:00
BRA_229628,Brasília,5300108,,Pioneira,0.763,https://moovitapp.com/index/pt-br/transporte_p%C3%BAblico-line-0_763-Brasilia-1702-851941-468878-0,-1.0,-15.809221,-47.883535,,,,2,2023-06-15T12:19:22+00:00
BRA_225690,Brasília,5300108,,Pioneira,0.761,https://moovitapp.com/index/pt-br/transporte_p%C3%BAblico-line-0_761-Brasilia-1702-851941-605389-0,-1.0,-15.834327,-47.816212,,,,2,2023-06-15T12:20:02+00:00
BRA_225576,Brasília,5300108,,UTB,2302,https://moovitapp.com/index/pt-br/transporte_p%C3%BAblico-line-2302-Brasilia-1702-854427-744298-0,-1.0,-15.979565,-47.989393,,,,2,2023-06-15T12:19:42+00:00
BRA_227200,Brasília,5300108,,,2203,,,-15.763551,-47.876675,,,,2,2023-06-15T12:19:26+00:00
BRA_226734,Brasília,5300108,,Pioneira,100.2,https://moovitapp.com/index/pt-br/transporte_p%C3%BAblico-line-100_2-Brasilia-1702-851941-620160-0,-1.0,-15.760562,-47.780748,,,,1,2023-06-15T12:18:10+00:00
BRA_79171,Brasília,5300108,,Urbi,0.808,https://moovitapp.com/index/pt-br/transporte_p%C3%BAblico-line-0_808-Brasilia-1702-851595-372359-0,-1.0,-15.818882,-48.107174,,,,2,2023-06-15T12:13:26+00:00
BRA_77399,Brasília,5300108,,Urbi,0.808,https://moovitapp.com/index/pt-br/transporte_p%C3%BAblico-line-0_808-Brasilia-1702-851595-372359-0,-1.0,-15.93341,-48.1091,,,,1,2023-06-15T12:18:58+00:00
BRA_79448,Brasília,5300108,,Urbi,0.808,https://moovitapp.com/index/pt-br/transporte_p%C3%BAblico-line-0_808-Brasilia-1702-851595-372359-0,-1.0,-15.811311,-48.119603,,,,2,2023-06-15T12:18:22+00:00
BRA_77356,Brasília,5300108,,Urbi,0.808,https://moovitapp.com/index/pt-br/transporte_p%C3%BAblico-line-0_808-Brasilia-1702-851595-372359-0,-1.0,-15.902119,-48.058524,,,,1,2023-06-15T12:13:18+00:00
BRA_77097,Brasília,5300108,,Urbi,0.818,https://moovitapp.com/index/pt-br/transporte_p%C3%BAblico-line-0_818-Brasilia-1702-851595-242550-0,-1.0,-15.758408,-47.936044,,,,1,2023-06-15T12:18:16+00:00
BRA_77071,Brasília,5300108,,Urbi,0.883,https://moovitapp.com/index/pt-br/transporte_p%C3%BAblico-line-0_883-Brasilia-1702-851595-510239-0,-1.0,-15.942241,-48.037638,,,,1,2023-06-15T12:18:56+00:00
BRA_78719,Brasília,5300108,,Urbi,397.2,https://moovitapp.com/index/pt-br/transporte_p%C3%BAblico-line-397_2-Brasilia-1702-851595-890938-0,-1.0,-15.819933,-48.109069,,,,1,2023-06-15T12:18:44+00:00
BRA_710351,Brasília,5300108,,São José,0.310,https://moovitapp.com/index/pt-br/transporte_p%C3%BAblico-line-0_310-Brasilia-1702-851943-775131-0,-1.0,-15.788455,-48.135333,,,,1,2023-06-15T11:50:08+00:00
BRA_710415,Brasília,5300108,,São José,0.310,https://moovitapp.com/index/pt-br/transporte_p%C3%BAblico-line-0_310-Brasilia-1702-851943-775131-0,-1.0,-15.787665,-48.134595,,,,1,2023-06-13T02:43:20+00:00
BRA_710369,Brasília,5300108,,São José,0.310,https://moovitapp.com/index/pt-br/transporte_p%C3%BAblico-line-0_310-Brasilia-1702-851943-775131-0,-1.0,-15.83425,-48.080884,,,,2,2023-06-15T12:18:34+00:00
BRA_710407,Brasília,5300108,,São José,0.323,https://moovitapp.com/index/pt-br/transporte_p%C3%BAblico-line-0_323-Brasilia-1702-851943-775132-0,-1.0,-15.786646,-47.909697,,,,1,2023-06-15T12:18:42+00:00
BRA_77445,Brasília,5300108,,Urbi,872.1,https://moovitapp.com/index/pt-br/transporte_p%C3%BAblico-line-872_1-Brasilia-1702-851595-470760-0,-1.0,-15.892301,-48.048485,,,,1,2023-06-15T12:17:04+00:00
BRA_710393,Brasília,5300108,,São José,0.335,https://moovitapp.com/index/pt-br/transporte_p%C3%BAblico-line-0_335-Brasilia-1702-851943-775135-0,-1.0,-15.807303,-47.900097,,,,1,2023-06-15T12:19:02+00:00
BRA_710474,Brasília,5300108,,São José,0.335,https://moovitapp.com/index/pt-br/transporte_p%C3%BAblico-line-0_335-Brasilia-1702-851943-775135-0,-1.0,-15.827456,-48.112019,,,,1,2023-06-15T12:18:58+00:00
BRA_77062,Brasília,5300108,,Urbi,0.812,https://moovitapp.com/index/pt-br/transporte_p%C3%BAblico-line-0_812-Brasilia-1702-851595-697958-0,-1.0,-15.845833,-48.075353,,,,1,2023-06-15T12:17:04+00:00
BRA_76783,Brasília,5300108,,Urbi,0.346,https://moovitapp.com/index/pt-br/transporte_p%C3%BAblico-line-0_346-Brasilia-1702-851595-46461186-0,-1.0,-15.799127,-48.14836,,,,1,2023-06-13T01:50:28+00:00
BRA_76724,Brasília,5300108,,São José,0.350,https://moovitapp.com/index/pt-br/transporte_p%C3%BAblico-line-0_350-Brasilia-1702-851943-376176-0,-1.0,-15.808245,-48.157102,,,,1,2023-06-14T17:53:18+00:00
BRA_79511,Brasília,5300108,,São José,0.350,https://moovitapp.com/index/pt-br/transporte_p%C3%BAblico-line-0_350-Brasilia-1702-851943-376176-0,-1.0,-15.787457,-48.129471,,,,1,2023-06-15T12:18:32+00:00
BRA_75973,Brasília,5300108,,São José,0.350,https://moovitapp.com/index/pt-br/transporte_p%C3%BAblico-line-0_350-Brasilia-1702-851943-376176-0,-1.0,-15.79579,-48.136878,,,,1,2023-06-15T12:16:56+00:00
BRA_710539,Brasília,5300108,,São José,0.375,https://moovitapp.com/index/pt-br/transporte_p%C3%BAblico-line-0_375-Brasilia-1702-851943-39496914-0,-1.0,-15.834549,-48.106576,,,,1,2023-06-15T12:18:40+00:00
BRA_75841,Brasília,5300108,,São José,0.385,https://moovitapp.com/index/pt-br/transporte_p%C3%BAblico-line-0_385-Brasilia-1702-851943-516651-0,-1.0,-15.794346,-47.883211,,,,1,2023-06-15T12:19:18+00:00
BRA_500089,Brasília,5300108,,São José,0.412,https://moovitapp.com/index/pt-br/transporte_p%C3%BAblico-line-0_412-Brasilia-1702-851943-775144-0,-1.0,-15.680461,-48.188211,,,,1,2023-06-14T23:08:12+00:00
BRA_500135,Brasília,5300108,,São José,0.413,https://moovitapp.com/index/pt-br/transporte_p%C3%BAblico-line-0_413-Brasilia-1702-851943-781649-0,-1.0,-15.7642,-48.167573,,,,2,2023-06-15T12:18:40+00:00
BRA_78051,Brasília,5300108,,São José,0.362,https://moovitapp.com/index/pt-br/transporte_p%C3%BAblico-line-0_362-Brasilia-1702-851943-707001-0,-1.0,-15.852453,-48.040493,,,,1,2023-06-15T10:09:26+00:00
BRA_75680,Brasília,5300108,,São José,0.370,https://moovitapp.com/index/pt-br/transporte_p%C3%BAblico-line-0_370-Brasilia-1702-851943-675078-0,-1.0,-15.772111,-47.907071,,,,1,2023-06-15T12:18:58+00:00
BRA_77852,Brasília,5300108,,São José,0.371,https://moovitapp.com/index/pt-br/transporte_p%C3%BAblico-line-0_371-Brasilia-1702-851943-470770-0,-1.0,-15.735359,-47.899003,,,,2,2023-06-15T12:19:00+00:00
BRA_710342,Brasília,5300108,,São José,0.920,https://moovitapp.com/index/pt-br/transporte_p%C3%BAblico-line-0_920-Brasilia-1702-851943-707019-0,-1.0,-15.832057,-48.047944,,,,1,2023-06-15T12:18:56+00:00
BRA_710571,Brasília,5300108,,São José,0.920,https://moovitapp.com/index/pt-br/transporte_p%C3%BAblico-line-0_920-Brasilia-1702-851943-707019-0,-1.0,-15.787927,-48.134576,,,,1,2023-06-15T12:18:26+00:00
BRA_78921,Brasília,5300108,,São José,0.929,https://moovitapp.com/index/pt-br/transporte_p%C3%BAblico-line-0_929-Brasilia-1702-851943-5294667-0,-1.0,-15.803452,-48.138493,,,,1,2023-06-15T12:18:36+00:00
BRA_78042,Brasília,5300108,,São José,0.949,https://moovitapp.com/index/pt-br/transporte_p%C3%BAblico-line-0_949-Brasilia-1702-851943-707026-0,-1.0,-15.788013,-48.134583,,,,1,2023-06-15T12:18:54+00:00
BRA_78221,Brasília,5300108,,São José,0.949,https://moovitapp.com/index/pt-br/transporte_p%C3%BAblico-line-0_949-Brasilia-1702-851943-707026-0,-1.0,-15.806886,-48.069777,,,,1,2023-06-15T12:19:24+00:00
BRA_76589,Brasília,5300108,,São José,0.913,https://moovitapp.com/index/pt-br/transporte_p%C3%BAblico-line-0_913-Brasilia-1702-851943-466301-0,-1.0,-15.772239,-47.907561,,,,1,2023-06-15T12:18:30+00:00
BRA_79049,Brasília,5300108,,São José,0.926,https://moovitapp.com/index/pt-br/transporte_p%C3%BAblico-line-0_926-Brasilia-1702-851943-775154-0,-1.0,-15.823515,-48.114581,,,,1,2023-06-15T11:23:02+00:00
BRA_78549,Brasília,5300108,,São José,0.926,https://moovitapp.com/index/pt-br/transporte_p%C3%BAblico-line-0_926-Brasilia-1702-851943-775154-0,-1.0,-15.819,-48.095832,,,,1,2023-06-15T12:18:58+00:00
BRA_79880,Brasília,5300108,,São José,0.927,https://moovitapp.com/index/pt-br/transporte_p%C3%BAblico-line-0_927-Brasilia-1702-851943-775155-0,-1.0,-15.787416,-48.133813,,,,1,2023-06-15T12:18:10+00:00
BRA_79782,Brasília,5300108,,São José,0.927,https://moovitapp.com/index/pt-br/transporte_p%C3%BAblico-line-0_927-Brasilia-1702-851943-775155-0,-1.0,-15.814589,-48.098902,,,,1,2023-06-15T12:19:00+00:00
BRA_710849,Brasília,5300108,,São José,0.930,https://moovitapp.com/index/pt-br/transporte_p%C3%BAblico-line-0_930-Brasilia-1702-851943-422086-0,-1.0,-15.799464,-48.14897,,,,1,2023-06-15T00:03:18+00:00
BRA_79529,Brasília,5300108,,São José,364.1,https://moovitapp.com/index/pt-br/transporte_p%C3%BAblico-line-364_1-Brasilia-1702-851943-789941-0,-1.0,-15.824412,-48.121803,,,,1,2023-06-15T12:18:58+00:00
BRA_79936,Brasília,5300108,,São José,379.1,https://moovitapp.com/index/pt-br/transporte_p%C3%BAblico-line-379_1-Brasilia-1702-851943-707055-0,-1.0,-15.780549,-47.887896,,,,1,2023-06-15T11:32:42+00:00
BRA_78514,Brasília,5300108,,São José,382.1,https://moovitapp.com/index/pt-br/transporte_p%C3%BAblico-line-382_1-Brasilia-1702-851943-775167-0,-1.0,-15.810672,-47.992298,,,,2,2023-06-15T12:18:56+00:00
BRA_78522,Brasília,5300108,,São José,949.1,https://moovitapp.com/index/pt-br/transporte_p%C3%BAblico-line-949_1-Brasilia-1702-851943-707069-0,-1.0,-15.805559,-48.075207,,,,1,2023-06-15T12:18:38+00:00
BRA_78603,Brasília,5300108,,São José,949.1,https://moovitapp.com/index/pt-br/transporte_p%C3%BAblico-line-949_1-Brasilia-1702-851943-707069-0,-1.0,-15.847953,-48.042566,,,,1,2023-06-15T12:18:10+00:00
BRA_78531,Brasília,5300108,,São José,949.1,https://moovitapp.com/index/pt-br/transporte_p%C3%BAblico-line-949_1-Brasilia-1702-851943-707069-0,-1.0,-15.809099,-48.087242,,,,1,2023-06-15T12:19:02+00:00
BRA_74951,Brasília,5300108,,São José,332.1,https://moovitapp.com/index/pt-br/transporte_p%C3%BAblico-line-332_1-Brasilia-1702-851943-2068455-0,-1.0,-15.804238,-48.138276,,,,1,2023-06-15T11:33:52+00:00
BRA_76406,Brasília,5300108,,São José,332.1,https://moovitapp.com/index/pt-br/transporte_p%C3%BAblico-line-332_1-Brasilia-1702-851943-2068455-0,-1.0,-15.807734,-48.157299,,,,1,2023-06-15T12:18:40+00:00
BRA_76091,Brasília,5300108,,São José,350.1,https://moovitapp.com/index/pt-br/transporte_p%C3%BAblico-line-350_1-Brasilia-1702-851943-2068450-0,-1.0,-15.799958,-48.12867,,,,1,2023-06-15T12:18:04+00:00
BRA_76651,Brasília,5300108,,São José,359.2,https://moovitapp.com/index/pt-br/transporte_p%C3%BAblico-line-359_2-Brasilia-1702-851943-2068453-0,-1.0,-15.820951,-48.107702,,,,1,2023-06-15T12:19:16+00:00
BRA_78140,Brasília,5300108,,São José,323.2,https://moovitapp.com/index/pt-br/transporte_p%C3%BAblico-line-323_2-Brasilia-1702-851943-775164-0,-1.0,-15.835543,-48.062771,,,,1,2023-06-15T12:18:04+00:00
BRA_711217,Brasília,5300108,,São José,0.159,https://moovitapp.com/index/pt-br/transporte_p%C3%BAblico-line-0_159-Brasilia-1702-851943-375523-0,-1.0,-15.825213,-48.026487,,,,2,2023-06-15T12:18:30+00:00
BRA_711209,Brasília,5300108,,São José,0.159,https://moovitapp.com/index/pt-br/transporte_p%C3%BAblico-line-0_159-Brasilia-1702-851943-375523-0,-1.0,-15.780741,-47.997804,,,,2,2023-06-15T12:18:52+00:00
BRA_711179,Brasília,5300108,,São José,0.159,https://moovitapp.com/index/pt-br/transporte_p%C3%BAblico-line-0_159-Brasilia-1702-851943-375523-0,-1.0,-15.784464,-47.997346,,,,2,2023-06-15T12:18:28+00:00
BRA_711225,Brasília,5300108,,São José,0.159,https://moovitapp.com/index/pt-br/transporte_p%C3%BAblico-line-0_159-Brasilia-1702-851943-375523-0,-1.0,-15.830695,-48.054906,,,,2,2023-06-15T12:19:16+00:00
BRA_76988,Brasília,5300108,,Urbi,393.4,https://moovitapp.com/index/pt-br/transporte_p%C3%BAblico-line-393_4-Brasilia-1702-851595-588816-0,-1.0,-15.897638,-48.119813,,,,1,2023-06-15T12:18:12+00:00
BRA_77691,Brasília,5300108,,Urbi,393.4,https://moovitapp.com/index/pt-br/transporte_p%C3%BAblico-line-393_4-Brasilia-1702-851595-588816-0,-1.0,-15.880863,-48.078824,,,,1,2023-06-15T12:18:44+00:00
BRA_77682,Brasília,5300108,,Urbi,398.1,https://moovitapp.com/index/pt-br/transporte_p%C3%BAblico-line-398_1-Brasilia-1702-851595-510241-0,-1.0,-15.895866,-48.115623,,,,1,2023-06-15T12:18:38+00:00
BRA_77704,Brasília,5300108,,Urbi,398.1,https://moovitapp.com/index/pt-br/transporte_p%C3%BAblico-line-398_1-Brasilia-1702-851595-510241-0,-1.0,-15.874488,-48.059433,,,,2,2023-06-15T12:18:28+00:00
BRA_77623,Brasília,5300108,,Urbi,398.3,https://moovitapp.com/index/pt-br/transporte_p%C3%BAblico-line-398_3-Brasilia-1702-851595-706973-0,-1.0,-15.809673,-48.132084,,,,1,2023-06-15T12:19:08+00:00
BRA_710873,Brasília,5300108,,São José,0.400,https://moovitapp.com/index/pt-br/transporte_p%C3%BAblico-line-0_400-Brasilia-1702-851943-481325-0,-1.0,-15.739609,-48.059287,,,,1,2023-06-15T12:18:58+00:00
BRA_711080,Brasília,5300108,,São José,0.403,https://moovitapp.com/index/pt-br/transporte_p%C3%BAblico-line-0_403-Brasilia-1702-851943-476296-0,-1.0,-15.794183,-47.883052,,,,1,2023-06-15T12:18:46+00:00
BRA_711004,Brasília,5300108,,São José,0.406,https://moovitapp.com/index/pt-br/transporte_p%C3%BAblico-line-0_406-Brasilia-1702-851943-717430-0,-1.0,-15.666308,-48.191854,,,,1,2023-06-15T12:18:32+00:00
BRA_500321,Brasília,5300108,,São José,0.402,https://moovitapp.com/index/pt-br/transporte_p%C3%BAblico-line-0_402-Brasilia-1702-851943-781335-0,-1.0,-15.730624,-48.169659,,,,1,2023-06-15T12:19:18+00:00
BRA_500054,Brasília,5300108,,São José,0.421,https://moovitapp.com/index/pt-br/transporte_p%C3%BAblico-line-0_421-Brasilia-1702-851943-476299-0,-1.0,-15.682371,-48.19289,,,,1,2023-06-15T12:18:50+00:00
BRA_76163,Brasília,5300108,,São José,928.1,https://moovitapp.com/index/pt-br/transporte_p%C3%BAblico-line-928_1-Brasilia-1702-851943-707067-0,-1.0,-15.816843,-48.103245,,,,1,2023-06-15T12:18:52+00:00
BRA_78182,Brasília,5300108,,São José,0.360,https://moovitapp.com/index/pt-br/transporte_p%C3%BAblico-line-0_360-Brasilia-1702-851943-707000-0,-1.0,-15.838908,-48.052713,,,,1,2023-06-15T12:18:56+00:00
BRA_75710,Brasília,5300108,,São José,364.3,https://moovitapp.com/index/pt-br/transporte_p%C3%BAblico-line-364_3-Brasilia-1702-851943-707051-0,-1.0,-15.820896,-48.127996,,,,1,2023-06-15T12:18:34+00:00
BRA_711306,Brasília,5300108,,São José,158.6,https://moovitapp.com/index/pt-br/transporte_p%C3%BAblico-line-158_6-Brasilia-1702-851943-427161-0,-1.0,-15.786983,-47.982087,,,,2,2023-06-15T12:18:16+00:00
BRA_76465,Brasília,5300108,,São José,0.958,https://moovitapp.com/index/pt-br/transporte_p%C3%BAblico-line-0_958-Brasilia-1702-851943-775158-0,-1.0,-15.819661,-48.108217,,,,1,2023-06-15T12:18:58+00:00
BRA_77330,Brasília,5300108,,Urbi,084.1,https://moovitapp.com/index/pt-br/transporte_p%C3%BAblico-line-084_1-Brasilia-1702-851595-466292-0,-1.0,-15.821385,-47.950438,,,,1,2023-06-15T10:54:32+00:00
BRA_77721,Brasília,5300108,,Urbi,084.1,https://moovitapp.com/index/pt-br/transporte_p%C3%BAblico-line-084_1-Brasilia-1702-851595-466292-0,-1.0,-15.784238,-47.930856,,,,2,2023-06-15T12:18:14+00:00
BRA_77321,Brasília,5300108,,Urbi,086.1,https://moovitapp.com/index/pt-br/transporte_p%C3%BAblico-line-086_1-Brasilia-1702-851595-481321-0,-1.0,-15.848711,-47.975113,,,,1,2023-06-15T12:19:08+00:00
BRA_76431,Brasília,5300108,,São José,0.041,https://moovitapp.com/index/pt-br/transporte_p%C3%BAblico-line-0_041-Brasilia-1702-851943-781334-0,-1.0,-15.812691,-48.15166,,,,1,2023-06-15T12:18:30+00:00
BRA_79693,Brasília,5300108,,São José,0.041,https://moovitapp.com/index/pt-br/transporte_p%C3%BAblico-line-0_041-Brasilia-1702-851943-781334-0,-1.0,-15.798119,-48.016034,,,,1,2023-06-15T12:18:32+00:00
BRA_77607,Brasília,5300108,,Urbi,0.053,https://moovitapp.com/index/pt-br/transporte_p%C3%BAblico-line-0_053-Brasilia-1702-851595-588803-0,-1.0,-15.893731,-48.119553,,,,1,2023-06-15T12:18:22+00:00
BRA_77585,Brasília,5300108,,Urbi,0.053,https://moovitapp.com/index/pt-br/transporte_p%C3%BAblico-line-0_053-Brasilia-1702-851595-588803-0,-1.0,-15.823522,-48.060616,,,,1,2023-06-15T12:10:54+00:00
BRA_711250,Brasília,5300108,,São José,0.092,https://moovitapp.com/index/pt-br/transporte_p%C3%BAblico-line-0_092-Brasilia-1702-851943-496589-0,-1.0,-15.818473,-47.985095,,,,2,2023-06-15T12:13:16+00:00
BRA_711292,Brasília,5300108,,São José,0.092,https://moovitapp.com/index/pt-br/transporte_p%C3%BAblico-line-0_092-Brasilia-1702-851943-496589-0,-1.0,-15.831205,-47.952352,,,,2,2023-06-15T12:19:14+00:00
BRA_710962,Brasília,5300108,,São José,406.1,https://moovitapp.com/index/pt-br/transporte_p%C3%BAblico-line-406_1-Brasilia-1702-851943-707061-0,-1.0,-15.659788,-48.199877,,,,2,2023-06-15T12:18:48+00:00
BRA_79197,Brasília,5300108,,São José,406.1,https://moovitapp.com/index/pt-br/transporte_p%C3%BAblico-line-406_1-Brasilia-1702-851943-707061-0,-1.0,-15.681186,-48.190449,,,,1,2023-06-15T10:58:16+00:00
BRA_77534,Brasília,5300108,,Urbi,0.960,https://moovitapp.com/index/pt-br/transporte_p%C3%BAblico-line-0_960-Brasilia-1702-851595-29427890-0,-1.0,-15.811788,-48.093962,,,,1,2023-06-15T00:47:00+00:00
BRA_77909,Brasília,5300108,,São José,963.1,https://moovitapp.com/index/pt-br/transporte_p%C3%BAblico-line-963_1-Brasilia-1702-851943-669629-0,-1.0,-15.842422,-48.196775,,,,2,2023-06-15T12:18:40+00:00
BRA_79189,Brasília,5300108,,Urbi,0.886,https://moovitapp.com/index/pt-br/transporte_p%C3%BAblico-line-0_886-Brasilia-1702-851595-704024-0,-1.0,-15.817871,-48.105133,,,,1,2023-06-14T22:31:20+00:00
BRA_79081,Brasília,5300108,,Urbi,0.886,https://moovitapp.com/index/pt-br/transporte_p%C3%BAblico-line-0_886-Brasilia-1702-851595-704024-0,-1.0,-15.787927,-48.134659,,,,2,2023-06-12T15:13:30+00:00
BRA_79031,Brasília,5300108,,São José,0.551,https://moovitapp.com/index/pt-br/transporte_p%C3%BAblico-line-0_551-Brasilia-1702-851943-775146-0,-1.0,-15.821009,-47.918331,,,,1,2023-06-15T11:47:08+00:00
BRA_711039,Brasília,5300108,,São José,423.1,https://moovitapp.com/index/pt-br/transporte_p%C3%BAblico-line-423_1-Brasilia-1702-851943-1399511-0,-1.0,-15.674896,-48.105127,,,,1,2023-06-15T09:58:54+00:00
BRA_79901,Brasília,5300108,,São José,929.1,https://moovitapp.com/index/pt-br/transporte_p%C3%BAblico-line-929_1-Brasilia-1702-851943-5294764-0,-1.0,-15.788062,-48.134602,,,,1,2023-06-15T12:17:30+00:00
BRA_120553,Brasília,5300108,,Piracicabana,116.1,https://moovitapp.com/index/pt-br/transporte_p%C3%BAblico-line-116_1-Brasilia-1702-850942-476288-0,-1.0,-15.77448,-47.90736,,,,1,2023-06-12T08:11:22+00:00
BRA_118036,Brasília,5300108,,Piracicabana,600.7,https://moovitapp.com/index/pt-br/transporte_p%C3%BAblico-line-600_7-Brasilia-1702-850942-698442-0,-1.0,-15.71441,-47.89216,,,,,2023-06-12T15:59:47+00:00
BRA_119954,Brasília,5300108,,Piracicabana,0.128,https://moovitapp.com/index/pt-br/transporte_p%C3%BAblico-line-0_128-Brasilia-1702-850942-382511-0,-1.0,-15.80656,-47.89925,,,,1,2023-06-13T22:09:14+00:00
BRA_119156,Brasília,5300108,,Piracicabana,063.1,https://moovitapp.com/index/pt-br/transporte_p%C3%BAblico-line-063_1-Brasilia-1702-850942-339291-0,-1.0,-15.78566,-47.88765,,,,1,2023-06-14T00:26:39+00:00
BRA_118630,Brasília,5300108,,Piracicabana,640.2,https://moovitapp.com/index/pt-br/transporte_p%C3%BAblico-line-640_2-Brasilia-1702-850942-697957-0,-1.0,-15.64374,-47.76155,,,,,2023-06-14T19:15:02+00:00
BRA_117757,Brasília,5300108,,Piracicabana,136.6,https://moovitapp.com/index/pt-br/transporte_p%C3%BAblico-line-136_6-Brasilia-1702-850942-773700-0,-1.0,-15.77512,-47.90994,,,,1,2023-06-14T19:17:01+00:00
BRA_118621,Brasília,5300108,,Piracicabana,0.107,https://moovitapp.com/index/pt-br/transporte_p%C3%BAblico-line-0_107-Brasilia-1702-850942-242377-0,-1.0,-15.76309,-47.8909,,,,,2023-06-14T21:34:40+00:00
BRA_115304,Brasília,5300108,,Piracicabana,102.6,https://moovitapp.com/index/pt-br/transporte_p%C3%BAblico-line-102_6-Brasilia-1702-850942-775091-0,-1.0,-15.7995,-47.91544,,,,,2023-06-15T08:45:15+00:00
BRA_117544,Brasília,5300108,,Piracicabana,531.1,https://moovitapp.com/index/pt-br/transporte_p%C3%BAblico-line-531_1-Brasilia-1702-850942-476289-0,-1.0,-15.58662,-47.86214,,,,,2023-06-15T08:46:46+00:00
BRA_116751,Brasília,5300108,,Piracicabana,0.169,https://moovitapp.com/index/pt-br/transporte_p%C3%BAblico-line-0_169-Brasilia-1702-850942-242393-0,-1.0,-15.79552,-47.93385,,,,1,2023-06-15T09:34:49+00:00
BRA_118338,Brasília,5300108,,Piracicabana,143.2,https://moovitapp.com/index/pt-br/transporte_p%C3%BAblico-line-143_2-Brasilia-1702-850942-556806-0,-1.0,-15.7644,-47.96411,,,,,2023-06-15T09:58:37+00:00
BRA_117153,Brasília,5300108,,Piracicabana,501.3,https://moovitapp.com/index/pt-br/transporte_p%C3%BAblico-line-501_3-Brasilia-1702-850942-242472-0,-1.0,-15.77264,-47.88212,,,,,2023-06-15T10:44:57+00:00
BRA_118249,Brasília,5300108,,Piracicabana,107.1,https://moovitapp.com/index/pt-br/transporte_p%C3%BAblico-line-107_1-Brasilia-1702-850942-242434-0,-1.0,-15.76014,-47.89196,,,,,2023-06-15T10:50:48+00:00
BRA_117030,Brasília,5300108,,Piracicabana,601.2,https://moovitapp.com/index/pt-br/transporte_p%C3%BAblico-line-601_2-Brasilia-1702-850942-322378-0,-1.0,-15.62029,-47.65053,,,,,2023-06-15T10:53:21+00:00
BRA_119466,Brasília,5300108,,Piracicabana,512.1,https://moovitapp.com/index/pt-br/transporte_p%C3%BAblico-line-512_1-Brasilia-1702-850942-474401-0,-1.0,-15.71258,-47.89789,,,,,2023-06-15T11:24:34+00:00
BRA_117951,Brasília,5300108,,Piracicabana,0.116,https://moovitapp.com/index/pt-br/transporte_p%C3%BAblico-line-0_116-Brasilia-1702-850942-242381-0,-1.0,-15.78071,-47.88741,,,,1,2023-06-15T11:29:42+00:00
BRA_119041,Brasília,5300108,,Piracicabana,0.143,https://moovitapp.com/index/pt-br/transporte_p%C3%BAblico-line-0_143-Brasilia-1702-850942-470747-0,-1.0,-15.77221,-47.93765,,,,,2023-06-15T11:37:59+00:00
BRA_119920,Brasília,5300108,,Piracicabana,158.1,https://moovitapp.com/index/pt-br/transporte_p%C3%BAblico-line-158_1-Brasilia-1702-850942-775094-0,-1.0,-15.78695,-47.98301,,,,,2023-06-15T11:54:10+00:00
BRA_119229,Brasília,5300108,,Piracicabana,115.2,https://moovitapp.com/index/pt-br/transporte_p%C3%BAblico-line-115_2-Brasilia-1702-850942-476287-0,-1.0,-15.79394,-47.8818,,,,1,2023-06-15T11:54:47+00:00
BRA_119008,Brasília,5300108,,Piracicabana,158.1,https://moovitapp.com/index/pt-br/transporte_p%C3%BAblico-line-158_1-Brasilia-1702-850942-775094-0,-1.0,-15.79128,-47.97142,,,,,2023-06-15T11:55:20+00:00
BRA_116254,Brasília,5300108,,Piracicabana,601.5,https://moovitapp.com/index/pt-br/transporte_p%C3%BAblico-line-601_5-Brasilia-1702-850942-697953-0,-1.0,-15.61844,-47.65424,,,,1,2023-06-15T12:02:19+00:00
BRA_117331,Brasília,5300108,,Piracicabana,143.2,https://moovitapp.com/index/pt-br/transporte_p%C3%BAblico-line-143_2-Brasilia-1702-850942-556806-0,-1.0,-15.79361,-47.88283,,,,1,2023-06-15T12:02:34+00:00
BRA_119237,Brasília,5300108,,Piracicabana,0.501,https://moovitapp.com/index/pt-br/transporte_p%C3%BAblico-line-0_501-Brasilia-1702-850942-663228-0,-1.0,-15.71816,-47.89783,,,,1,2023-06-15T12:03:29+00:00
BRA_116076,Brasília,5300108,,Piracicabana,0.109,https://moovitapp.com/index/pt-br/transporte_p%C3%BAblico-line-0_109-Brasilia-1702-850942-139332631-0,-1.0,-15.79506,-47.88114,,,,1,2023-06-15T12:04:05+00:00
BRA_120804,Brasília,5300108,,Piracicabana,0.116,https://moovitapp.com/index/pt-br/transporte_p%C3%BAblico-line-0_116-Brasilia-1702-850942-242381-0,-1.0,-15.78385,-47.88749,,,,,2023-06-15T12:04:21+00:00
BRA_119687,Brasília,5300108,,Piracicabana,063.2,https://moovitapp.com/index/pt-br/transporte_p%C3%BAblico-line-063_2-Brasilia-1702-850942-137934615-0,-1.0,-15.64971,-47.78654,,,,1,2023-06-15T12:04:33+00:00
BRA_118125,Brasília,5300108,,Piracicabana,600.7,https://moovitapp.com/index/pt-br/transporte_p%C3%BAblico-line-600_7-Brasilia-1702-850942-698442-0,-1.0,-15.59503,-47.65657,,,,,2023-06-15T12:05:23+00:00
BRA_118303,Brasília,5300108,,Piracicabana,0.136,https://moovitapp.com/index/pt-br/transporte_p%C3%BAblico-line-0_136-Brasilia-1702-850942-719957-0,-1.0,-15.7607,-47.83324,,,,,2023-06-15T12:05:35+00:00
BRA_117901,Brasília,5300108,,Piracicabana,0.517,https://moovitapp.com/index/pt-br/transporte_p%C3%BAblico-line-0_517-Brasilia-1702-850942-242400-0,-1.0,-15.67716,-47.84546,,,,,2023-06-15T12:05:54+00:00
BRA_119164,Brasília,5300108,,Piracicabana,0.517,https://moovitapp.com/index/pt-br/transporte_p%C3%BAblico-line-0_517-Brasilia-1702-850942-242400-0,-1.0,-15.63746,-47.82153,,,,,2023-06-15T12:08:43+00:00
BRA_119181,Brasília,5300108,,Piracicabana,519.2,https://moovitapp.com/index/pt-br/transporte_p%C3%BAblico-line-519_2-Brasilia-1702-850942-242483-0,-1.0,-15.71754,-47.89814,,,,,2023-06-15T12:09:57+00:00
BRA_120723,Brasília,5300108,,Piracicabana,0.114,https://moovitapp.com/index/pt-br/transporte_p%C3%BAblico-line-0_114-Brasilia-1702-850942-242379-0,-1.0,-15.79389,-47.88298,,,,1,2023-06-15T12:10:02+00:00
BRA_119563,Brasília,5300108,,Piracicabana,0.501,https://moovitapp.com/index/pt-br/transporte_p%C3%BAblico-line-0_501-Brasilia-1702-850942-663228-0,-1.0,-15.81643,-47.90123,,,,,2023-06-15T12:11:08+00:00
BRA_121002,Brasília,5300108,,Piracicabana,640.2,https://moovitapp.com/index/pt-br/transporte_p%C3%BAblico-line-640_2-Brasilia-1702-850942-697957-0,-1.0,-15.62744,-47.72783,,,,,2023-06-15T12:11:17+00:00
BRA_118168,Brasília,5300108,,Piracicabana,0.116,https://moovitapp.com/index/pt-br/transporte_p%C3%BAblico-line-0_116-Brasilia-1702-850942-242381-0,-1.0,-15.78838,-47.8886,,,,1,2023-06-15T12:12:00+00:00
BRA_120979,Brasília,5300108,,Piracicabana,640.2,https://moovitapp.com/index/pt-br/transporte_p%C3%BAblico-line-640_2-Brasilia-1702-850942-697957-0,-1.0,-15.73702,-47.8984,,,,,2023-06-15T12:12:17+00:00
BRA_120685,Brasília,5300108,,Piracicabana,0.504,https://moovitapp.com/index/pt-br/transporte_p%C3%BAblico-line-0_504-Brasilia-1702-850942-781321-0,-1.0,-15.61882,-47.65437,,,,1,2023-06-15T12:12:38+00:00
BRA_118397,Brasília,5300108,,Piracicabana,0.107,https://moovitapp.com/index/pt-br/transporte_p%C3%BAblico-line-0_107-Brasilia-1702-850942-242377-0,-1.0,-15.80387,-47.89688,,,,1,2023-06-15T12:12:41+00:00
BRA_119873,Brasília,5300108,,Piracicabana,136.9,https://moovitapp.com/index/pt-br/transporte_p%C3%BAblico-line-136_9-Brasilia-1702-850942-773702-0,-1.0,-15.71049,-47.87707,,,,,2023-06-15T12:13:52+00:00
BRA_118958,Brasília,5300108,,Piracicabana,640.2,https://moovitapp.com/index/pt-br/transporte_p%C3%BAblico-line-640_2-Brasilia-1702-850942-697957-0,-1.0,-15.71753,-47.89811,,,,,2023-06-15T12:13:59+00:00
BRA_117871,Brasília,5300108,,Piracicabana,519.2,https://moovitapp.com/index/pt-br/transporte_p%C3%BAblico-line-519_2-Brasilia-1702-850942-242483-0,-1.0,-15.70579,-47.89061,,,,,2023-06-15T12:14:06+00:00
BRA_119211,Brasília,5300108,,Piracicabana,0.104,https://moovitapp.com/index/pt-br/transporte_p%C3%BAblico-line-0_104-Brasilia-1702-850942-242376-0,-1.0,-15.79405,-47.88182,,,,1,2023-06-15T12:14:17+00:00
BRA_119288,Brasília,5300108,,Piracicabana,0.513,https://moovitapp.com/index/pt-br/transporte_p%C3%BAblico-line-0_513-Brasilia-1702-850942-242399-0,-1.0,-15.82784,-47.92793,,,,1,2023-06-15T12:15:00+00:00
BRA_120626,Brasília,5300108,,Piracicabana,116.2,https://moovitapp.com/index/pt-br/transporte_p%C3%BAblico-line-116_2-Brasilia-1702-850942-60842780-0,-1.0,-15.79379,-47.88293,,,,1,2023-06-15T12:15:23+00:00
BRA_118010,Brasília,5300108,,Piracicabana,600.7,https://moovitapp.com/index/pt-br/transporte_p%C3%BAblico-line-600_7-Brasilia-1702-850942-698442-0,-1.0,-15.77203,-47.88225,,,,,2023-06-15T12:15:24+00:00
BRA_117498,Brasília,5300108,,Piracicabana,0.515,https://moovitapp.com/index/pt-br/transporte_p%C3%BAblico-line-0_515-Brasilia-1702-850942-26501707-0,-1.0,-15.65045,-47.78609,,,,1,2023-06-15T12:15:33+00:00
BRA_116840,Brasília,5300108,,Piracicabana,0.023,https://moovitapp.com/index/pt-br/transporte_p%C3%BAblico-line-0_023-Brasilia-1702-850942-775082-0,-1.0,-15.77466,-47.90792,,,,1,2023-06-15T12:15:48+00:00
BRA_116866,Brasília,5300108,,Piracicabana,0.022,https://moovitapp.com/index/pt-br/transporte_p%C3%BAblico-line-0_022-Brasilia-1702-850942-788975-0,-1.0,-15.73619,-47.90732,,,,,2023-06-15T12:15:55+00:00
BRA_120090,Brasília,5300108,,Piracicabana,105.2,https://moovitapp.com/index/pt-br/transporte_p%C3%BAblico-line-105_2-Brasilia-1702-850942-12015265-0,-1.0,-15.80673,-47.89951,,,,,2023-06-15T12:16:05+00:00
BRA_118800,Brasília,5300108,,Piracicabana,105.2,https://moovitapp.com/index/pt-br/transporte_p%C3%BAblico-line-105_2-Brasilia-1702-850942-12015265-0,-1.0,-15.83636,-47.93345,,,,1,2023-06-15T12:16:25+00:00
BRA_120481,Brasília,5300108,,Piracicabana,0.116,https://moovitapp.com/index/pt-br/transporte_p%C3%BAblico-line-0_116-Brasilia-1702-850942-242381-0,-1.0,-15.79393,-47.88225,,,,,2023-06-15T12:16:39+00:00
BRA_118443,Brasília,5300108,,Piracicabana,116.2,https://moovitapp.com/index/pt-br/transporte_p%C3%BAblico-line-116_2-Brasilia-1702-850942-60842780-0,-1.0,-15.78694,-47.90791,,,,,2023-06-15T12:16:40+00:00
BRA_118656,Brasília,5300108,,Piracicabana,600.7,https://moovitapp.com/index/pt-br/transporte_p%C3%BAblico-line-600_7-Brasilia-1702-850942-698442-0,-1.0,-15.70393,-47.88818,,,,,2023-06-15T12:16:44+00:00
BRA_119075,Brasília,5300108,,Piracicabana,136.6,https://moovitapp.com/index/pt-br/transporte_p%C3%BAblico-line-136_6-Brasilia-1702-850942-773700-0,-1.0,-15.83613,-47.93254,,,,1,2023-06-15T12:17:04+00:00
BRA_120545,Brasília,5300108,,Piracicabana,107.1,https://moovitapp.com/index/pt-br/transporte_p%C3%BAblico-line-107_1-Brasilia-1702-850942-242434-0,-1.0,-15.79348,-47.88302,,,,1,2023-06-15T12:17:09+00:00
BRA_121088,Brasília,5300108,,Piracicabana,136.7,https://moovitapp.com/index/pt-br/transporte_p%C3%BAblico-line-136_7-Brasilia-1702-850942-242451-0,-1.0,-15.70553,-47.88037,,,,1,2023-06-15T12:17:23+00:00
BRA_120235,Brasília,5300108,,Piracicabana,620.1,https://moovitapp.com/index/pt-br/transporte_p%C3%BAblico-line-620_1-Brasilia-1702-850942-697955-0,-1.0,-15.64367,-47.75837,,,,,2023-06-15T12:17:29+00:00
BRA_118761,Brasília,5300108,,Piracicabana,152.2,https://moovitapp.com/index/pt-br/transporte_p%C3%BAblico-line-152_2-Brasilia-1702-850942-504334-0,-1.0,-15.79484,-47.87608,,,,,2023-06-15T12:17:30+00:00
BRA_117684,Brasília,5300108,,Piracicabana,116.1,https://moovitapp.com/index/pt-br/transporte_p%C3%BAblico-line-116_1-Brasilia-1702-850942-476288-0,-1.0,-15.79628,-47.8772,,,,1,2023-06-15T12:17:40+00:00
BRA_116122,Brasília,5300108,,Piracicabana,066.4,https://moovitapp.com/index/pt-br/transporte_p%C3%BAblico-line-066_4-Brasilia-1702-850942-763557-0,-1.0,-15.61844,-47.65424,,,,1,2023-06-15T12:17:40+00:00
BRA_117633,Brasília,5300108,,Piracicabana,505.3,https://moovitapp.com/index/pt-br/transporte_p%C3%BAblico-line-505_3-Brasilia-1702-850942-352626-0,-1.0,-15.6505,-47.78579,,,,1,2023-06-15T12:17:47+00:00
BRA_120383,Brasília,5300108,,Piracicabana,162.1,https://moovitapp.com/index/pt-br/transporte_p%C3%BAblico-line-162_1-Brasilia-1702-850942-762425-0,-1.0,-15.79414,-47.89051,,,,,2023-06-15T12:17:48+00:00
BRA_116556,Brasília,5300108,,Piracicabana,0.007,https://moovitapp.com/index/pt-br/transporte_p%C3%BAblico-line-0_007-Brasilia-1702-850942-775080-0,-1.0,-15.83666,-47.93404,,,,1,2023-06-15T12:17:50+00:00
BRA_119725,Brasília,5300108,,Piracicabana,642.1,https://moovitapp.com/index/pt-br/transporte_p%C3%BAblico-line-642_1-Brasilia-1702-850942-242510-0,-1.0,-15.78737,-47.88831,,,,,2023-06-15T12:17:56+00:00
BRA_119504,Brasília,5300108,,Piracicabana,0.501,https://moovitapp.com/index/pt-br/transporte_p%C3%BAblico-line-0_501-Brasilia-1702-850942-663228-0,-1.0,-15.66719,-47.81002,,,,1,2023-06-15T12:18:06+00:00
BRA_121100,Brasília,5300108,,Piracicabana,620.1,https://moovitapp.com/index/pt-br/transporte_p%C3%BAblico-line-620_1-Brasilia-1702-850942-697955-0,-1.0,-15.70385,-47.88808,,,,,2023-06-15T12:18:11+00:00
BRA_118729,Brasília,5300108,,Piracicabana,0.152,https://moovitapp.com/index/pt-br/transporte_p%C3%BAblico-line-0_152-Brasilia-1702-850942-504333-0,-1.0,-15.78436,-47.91201,,,,1,2023-06-15T12:18:12+00:00
BRA_118745,Brasília,5300108,,Piracicabana,110.2,https://moovitapp.com/index/pt-br/transporte_p%C3%BAblico-line-110_2-Brasilia-1702-850942-339295-0,-1.0,-15.79619,-47.87503,,,,1,2023-06-15T12:18:19+00:00
BRA_119024,Brasília,5300108,,Piracicabana,116.2,https://moovitapp.com/index/pt-br/transporte_p%C3%BAblico-line-116_2-Brasilia-1702-850942-60842780-0,-1.0,-15.76442,-47.91591,,,,,2023-06-15T12:18:20+00:00
BRA_119148,Brasília,5300108,,Piracicabana,062.7,https://moovitapp.com/index/pt-br/transporte_p%C3%BAblico-line-062_7-Brasilia-1702-850942-494154-0,-1.0,-15.62766,-47.84055,,,,,2023-06-15T12:18:21+00:00
BRA_119733,Brasília,5300108,,Piracicabana,600.7,https://moovitapp.com/index/pt-br/transporte_p%C3%BAblico-line-600_7-Brasilia-1702-850942-698442-0,-1.0,-15.63715,-47.74611,,,,,2023-06-15T12:18:21+00:00
BRA_120197,Brasília,5300108,,Piracicabana,616.8,https://moovitapp.com/index/pt-br/transporte_p%C3%BAblico-line-616_8-Brasilia-1702-850942-128977718-0,-1.0,-15.59923,-47.67475,,,,,2023-06-15T12:18:22+00:00
BRA_117315,Brasília,5300108,,Piracicabana,158.1,https://moovitapp.com/index/pt-br/transporte_p%C3%BAblico-line-158_1-Brasilia-1702-850942-775094-0,-1.0,-15.77416,-47.90788,,,,,2023-06-15T12:18:22+00:00
BRA_117510,Brasília,5300108,,Piracicabana,519.2,https://moovitapp.com/index/pt-br/transporte_p%C3%BAblico-line-519_2-Brasilia-1702-850942-242483-0,-1.0,-15.83557,-47.9318,,,,1,2023-06-15T12:18:22+00:00
BRA_116858,Brasília,5300108,,Piracicabana,0.006,https://moovitapp.com/index/pt-br/transporte_p%C3%BAblico-line-0_006-Brasilia-1702-850942-775079-0,-1.0,-15.80353,-47.89621,,,,,2023-06-15T12:18:23+00:00
BRA_117838,Brasília,5300108,,Piracicabana,0.116,https://moovitapp.com/index/pt-br/transporte_p%C3%BAblico-line-0_116-Brasilia-1702-850942-242381-0,-1.0,-15.79383,-47.88173,,,,,2023-06-15T12:18:23+00:00
BRA_118231,Brasília,5300108,,Piracicabana,643.2,https://moovitapp.com/index/pt-br/transporte_p%C3%BAblico-line-643_2-Brasilia-1702-850942-128977732-0,-1.0,-15.77509,-47.88835,,,,,2023-06-15T12:18:24+00:00
BRA_120707,Brasília,5300108,,Piracicabana,620.1,https://moovitapp.com/index/pt-br/transporte_p%C3%BAblico-line-620_1-Brasilia-1702-850942-697955-0,-1.0,-15.79511,-47.88204,,,,,2023-06-15T12:18:24+00:00
BRA_118818,Brasília,5300108,,Piracicabana,136.6,https://moovitapp.com/index/pt-br/transporte_p%C3%BAblico-line-136_6-Brasilia-1702-850942-773700-0,-1.0,-15.72593,-47.89468,,,,,2023-06-15T12:18:24+00:00
BRA_118842,Brasília,5300108,,Piracicabana,0.109,https://moovitapp.com/index/pt-br/transporte_p%C3%BAblico-line-0_109-Brasilia-1702-850942-139332631-0,-1.0,-15.79412,-47.88565,,,,,2023-06-15T12:18:24+00:00
BRA_119512,Brasília,5300108,,Piracicabana,0.509,https://moovitapp.com/index/pt-br/transporte_p%C3%BAblico-line-0_509-Brasilia-1702-850942-242397-0,-1.0,-15.69888,-47.8801,,,,,2023-06-15T12:18:25+00:00
BRA_118672,Brasília,5300108,,Piracicabana,067.3,https://moovitapp.com/index/pt-br/transporte_p%C3%BAblico-line-067_3-Brasilia-1702-850942-339294-0,-1.0,-15.62891,-47.6518,,,,,2023-06-15T12:18:26+00:00
BRA_116815,Brasília,5300108,,Piracicabana,0.007,https://moovitapp.com/index/pt-br/transporte_p%C3%BAblico-line-0_007-Brasilia-1702-850942-775080-0,-1.0,-15.79426,-47.87783,,,,,2023-06-15T12:18:27+00:00
BRA_116793,Brasília,5300108,,Piracicabana,0.035,https://moovitapp.com/index/pt-br/transporte_p%C3%BAblico-line-0_035-Brasilia-1702-850942-775084-0,-1.0,-15.79096,-47.8868,,,,,2023-06-15T12:18:27+00:00
BRA_120634,Brasília,5300108,,Piracicabana,0.504,https://moovitapp.com/index/pt-br/transporte_p%C3%BAblico-line-0_504-Brasilia-1702-850942-781321-0,-1.0,-15.64914,-47.77211,,,,,2023-06-15T12:18:28+00:00
BRA_120871,Brasília,5300108,,Piracicabana,099.1,https://moovitapp.com/index/pt-br/transporte_p%C3%BAblico-line-099_1-Brasilia-1702-850942-775090-0,-1.0,-15.84677,-48.04322,,,,,2023-06-15T12:18:28+00:00
BRA_119032,Brasília,5300108,,Piracicabana,0.143,https://moovitapp.com/index/pt-br/transporte_p%C3%BAblico-line-0_143-Brasilia-1702-850942-470747-0,-1.0,-15.76747,-47.92482,,,,,2023-06-15T12:18:28+00:00
BRA_119865,Brasília,5300108,,Piracicabana,620.1,https://moovitapp.com/index/pt-br/transporte_p%C3%BAblico-line-620_1-Brasilia-1702-850942-697955-0,-1.0,-15.61039,-47.69722,,,,,2023-06-15T12:18:29+00:00
BRA_121037,Brasília,5300108,,Piracicabana,153.2,https://moovitapp.com/index/pt-br/transporte_p%C3%BAblico-line-153_2-Brasilia-1702-850942-775093-0,-1.0,-15.81106,-47.94362,,,,,2023-06-15T12:18:29+00:00
BRA_120642,Brasília,5300108,,Piracicabana,504.1,https://moovitapp.com/index/pt-br/transporte_p%C3%BAblico-line-504_1-Brasilia-1702-850942-242476-0,-1.0,-15.61815,-47.64806,,,,,2023-06-15T12:18:29+00:00
BRA_120081,Brasília,5300108,,Piracicabana,0.114,https://moovitapp.com/index/pt-br/transporte_p%C3%BAblico-line-0_114-Brasilia-1702-850942-242379-0,-1.0,-15.82543,-47.90147,,,,,2023-06-15T12:18:30+00:00
BRA_120618,Brasília,5300108,,Piracicabana,504.4,https://moovitapp.com/index/pt-br/transporte_p%C3%BAblico-line-504_4-Brasilia-1702-850942-771759-0,-1.0,-15.61678,-47.67811,,,,,2023-06-15T12:18:30+00:00
BRA_118834,Brasília,5300108,,Piracicabana,0.109,https://moovitapp.com/index/pt-br/transporte_p%C3%BAblico-line-0_109-Brasilia-1702-850942-139332631-0,-1.0,-15.78724,-47.90735,,,,,2023-06-15T12:18:30+00:00
BRA_118532,Brasília,5300108,,Piracicabana,0.110,https://moovitapp.com/index/pt-br/transporte_p%C3%BAblico-line-0_110-Brasilia-1702-850942-339284-0,-1.0,-15.79631,-47.87505,,,,1,2023-06-15T12:18:30+00:00
BRA_118354,Brasília,5300108,,Piracicabana,640.2,https://moovitapp.com/index/pt-br/transporte_p%C3%BAblico-line-640_2-Brasilia-1702-850942-697957-0,-1.0,-15.60868,-47.69476,,,,,2023-06-15T12:18:30+00:00
BRA_117391,Brasília,5300108,,Piracicabana,0.169,https://moovitapp.com/index/pt-br/transporte_p%C3%BAblico-line-0_169-Brasilia-1702-850942-242393-0,-1.0,-15.78582,-47.90174,,,,,2023-06-15T12:18:30+00:00
BRA_117978,Brasília,5300108,,Piracicabana,0.641,https://moovitapp.com/index/pt-br/transporte_p%C3%BAblico-line-0_641-Brasilia-1702-850942-242424-0,-1.0,-15.78082,-47.87385,,,,,2023-06-15T12:18:30+00:00
BRA_118613,Brasília,5300108,,Piracicabana,600.7,https://moovitapp.com/index/pt-br/transporte_p%C3%BAblico-line-600_7-Brasilia-1702-850942-698442-0,-1.0,-15.66604,-47.80802,,,,,2023-06-15T12:18:31+00:00
BRA_119709,Brasília,5300108,,Piracicabana,0.107,https://moovitapp.com/index/pt-br/transporte_p%C3%BAblico-line-0_107-Brasilia-1702-850942-242377-0,-1.0,-15.8213,-47.8952,,,,1,2023-06-15T12:18:31+00:00
BRA_120715,Brasília,5300108,,Piracicabana,643.2,https://moovitapp.com/index/pt-br/transporte_p%C3%BAblico-line-643_2-Brasilia-1702-850942-128977732-0,-1.0,-15.6183,-47.65374,,,,,2023-06-15T12:18:31+00:00
BRA_120227,Brasília,5300108,,Piracicabana,115.2,https://moovitapp.com/index/pt-br/transporte_p%C3%BAblico-line-115_2-Brasilia-1702-850942-476287-0,-1.0,-15.79214,-47.88933,,,,,2023-06-15T12:18:31+00:00
BRA_119962,Brasília,5300108,,Piracicabana,0.128,https://moovitapp.com/index/pt-br/transporte_p%C3%BAblico-line-0_128-Brasilia-1702-850942-382511-0,-1.0,-15.74979,-47.92327,,,,,2023-06-15T12:18:31+00:00
BRA_119857,Brasília,5300108,,Piracicabana,600.7,https://moovitapp.com/index/pt-br/transporte_p%C3%BAblico-line-600_7-Brasilia-1702-850942-698442-0,-1.0,-15.82955,-47.91688,,,,,2023-06-15T12:18:31+00:00
BRA_120693,Brasília,5300108,,Piracicabana,620.1,https://moovitapp.com/index/pt-br/transporte_p%C3%BAblico-line-620_1-Brasilia-1702-850942-697955-0,-1.0,-15.61645,-47.65515,,,,,2023-06-15T12:18:32+00:00
BRA_120359,Brasília,5300108,,Piracicabana,0.110,https://moovitapp.com/index/pt-br/transporte_p%C3%BAblico-line-0_110-Brasilia-1702-850942-339284-0,-1.0,-15.7939,-47.88508,,,,,2023-06-15T12:18:32+00:00
BRA_118699,Brasília,5300108,,Piracicabana,0.110,https://moovitapp.com/index/pt-br/transporte_p%C3%BAblico-line-0_110-Brasilia-1702-850942-339284-0,-1.0,-15.79377,-47.88271,,,,,2023-06-15T12:18:32+00:00
BRA_117056,Brasília,5300108,,Piracicabana,0.031,https://moovitapp.com/index/pt-br/transporte_p%C3%BAblico-line-0_031-Brasilia-1702-850942-786256-0,-1.0,-15.80261,-47.89539,,,,,2023-06-15T12:18:32+00:00
BRA_118061,Brasília,5300108,,Piracicabana,0.152,https://moovitapp.com/index/pt-br/transporte_p%C3%BAblico-line-0_152-Brasilia-1702-850942-504333-0,-1.0,-15.78894,-47.91046,,,,,2023-06-15T12:18:32+00:00
BRA_118192,Brasília,5300108,,Piracicabana,162.1,https://moovitapp.com/index/pt-br/transporte_p%C3%BAblico-line-162_1-Brasilia-1702-850942-762425-0,-1.0,-15.83694,-47.96515,,,,,2023-06-15T12:18:32+00:00
BRA_115894,Brasília,5300108,,Piracicabana,062.7,https://moovitapp.com/index/pt-br/transporte_p%C3%BAblico-line-062_7-Brasilia-1702-850942-494154-0,-1.0,-15.62945,-47.83751,,,,,2023-06-15T12:18:32+00:00
BRA_116653,Brasília,5300108,,Piracicabana,0.007,https://moovitapp.com/index/pt-br/transporte_p%C3%BAblico-line-0_007-Brasilia-1702-850942-775080-0,-1.0,-15.80066,-47.86468,,,,,2023-06-15T12:18:32+00:00
BRA_116718,Brasília,5300108,,Piracicabana,0.024,https://moovitapp.com/index/pt-br/transporte_p%C3%BAblico-line-0_024-Brasilia-1702-850942-781320-0,-1.0,-15.7953,-47.87439,,,,,2023-06-15T12:18:32+00:00
BRA_116521,Brasília,5300108,,Piracicabana,0.151,https://moovitapp.com/index/pt-br/transporte_p%C3%BAblico-line-0_151-Brasilia-1702-850942-775087-0,-1.0,-15.78897,-47.93914,,,,,2023-06-15T12:18:33+00:00
BRA_116114,Brasília,5300108,,Piracicabana,066.4,https://moovitapp.com/index/pt-br/transporte_p%C3%BAblico-line-066_4-Brasilia-1702-850942-763557-0,-1.0,-15.62114,-47.67276,,,,,2023-06-15T12:18:33+00:00
BRA_116998,Brasília,5300108,,Piracicabana,601.6,https://moovitapp.com/index/pt-br/transporte_p%C3%BAblico-line-601_6-Brasilia-1702-850942-697954-0,-1.0,-15.61159,-47.64855,,,,,2023-06-15T12:18:33+00:00
BRA_120669,Brasília,5300108,,Piracicabana,106.2,https://moovitapp.com/index/pt-br/transporte_p%C3%BAblico-line-106_2-Brasilia-1702-850942-242433-0,-1.0,-15.83997,-47.92168,,,,,2023-06-15T12:18:33+00:00
BRA_120782,Brasília,5300108,,Piracicabana,0.116,https://moovitapp.com/index/pt-br/transporte_p%C3%BAblico-line-0_116-Brasilia-1702-850942-242381-0,-1.0,-15.73702,-47.8984,,,,,2023-06-15T12:18:33+00:00
BRA_120260,Brasília,5300108,,Piracicabana,116.2,https://moovitapp.com/index/pt-br/transporte_p%C3%BAblico-line-116_2-Brasilia-1702-850942-60842780-0,-1.0,-15.79339,-47.88221,,,,1,2023-06-15T12:18:34+00:00
BRA_119059,Brasília,5300108,,Piracicabana,099.1,https://moovitapp.com/index/pt-br/transporte_p%C3%BAblico-line-099_1-Brasilia-1702-850942-775090-0,-1.0,-15.83376,-48.05432,,,,,2023-06-15T12:18:34+00:00
BRA_119423,Brasília,5300108,,Piracicabana,0.515,https://moovitapp.com/index/pt-br/transporte_p%C3%BAblico-line-0_515-Brasilia-1702-850942-26501707-0,-1.0,-15.62932,-47.93617,,,,,2023-06-15T12:18:34+00:00
BRA_116785,Brasília,5300108,,Piracicabana,0.025,https://moovitapp.com/index/pt-br/transporte_p%C3%BAblico-line-0_025-Brasilia-1702-850942-11857219-0,-1.0,-15.80715,-47.93715,,,,,2023-06-15T12:18:34+00:00
BRA_116726,Brasília,5300108,,Piracicabana,0.007,https://moovitapp.com/index/pt-br/transporte_p%C3%BAblico-line-0_007-Brasilia-1702-850942-775080-0,-1.0,-15.74483,-47.89734,,,,,2023-06-15T12:18:35+00:00
BRA_117013,Brasília,5300108,,Piracicabana,0.166,https://moovitapp.com/index/pt-br/transporte_p%C3%BAblico-line-0_166-Brasilia-1702-850942-242391-0,-1.0,-15.82743,-47.90432,,,,,2023-06-15T12:18:35+00:00
BRA_119717,Brasília,5300108,,Piracicabana,518.2,https://moovitapp.com/index/pt-br/transporte_p%C3%BAblico-line-518_2-Brasilia-1702-850942-135878259-0,-1.0,-15.77778,-47.88155,,,,,2023-06-15T12:18:35+00:00
BRA_118681,Brasília,5300108,,Piracicabana,0.107,https://moovitapp.com/index/pt-br/transporte_p%C3%BAblico-line-0_107-Brasilia-1702-850942-242377-0,-1.0,-15.80239,-47.89545,,,,,2023-06-15T12:18:35+00:00
BRA_118524,Brasília,5300108,,Piracicabana,0.143,https://moovitapp.com/index/pt-br/transporte_p%C3%BAblico-line-0_143-Brasilia-1702-850942-470747-0,-1.0,-15.7567,-47.93811,,,,,2023-06-15T12:18:36+00:00
BRA_118214,Brasília,5300108,,Piracicabana,136.9,https://moovitapp.com/index/pt-br/transporte_p%C3%BAblico-line-136_9-Brasilia-1702-850942-773702-0,-1.0,-15.82258,-47.90981,,,,,2023-06-15T12:18:36+00:00
BRA_120316,Brasília,5300108,,Piracicabana,0.501,https://moovitapp.com/index/pt-br/transporte_p%C3%BAblico-line-0_501-Brasilia-1702-850942-663228-0,-1.0,-15.79307,-47.88172,,,,,2023-06-15T12:18:36+00:00
BRA_120812,Brasília,5300108,,Piracicabana,136.9,https://moovitapp.com/index/pt-br/transporte_p%C3%BAblico-line-136_9-Brasilia-1702-850942-773702-0,-1.0,-15.72235,-47.88143,,,,,2023-06-15T12:18:36+00:00
BRA_120880,Brasília,5300108,,Piracicabana,158.1,https://moovitapp.com/index/pt-br/transporte_p%C3%BAblico-line-158_1-Brasilia-1702-850942-775094-0,-1.0,-15.81191,-47.9056,,,,,2023-06-15T12:18:36+00:00
BRA_116572,Brasília,5300108,,Piracicabana,0.031,https://moovitapp.com/index/pt-br/transporte_p%C3%BAblico-line-0_031-Brasilia-1702-850942-786256-0,-1.0,-15.82026,-47.89443,,,,,2023-06-15T12:18:36+00:00
BRA_116637,Brasília,5300108,,Piracicabana,0.016,https://moovitapp.com/index/pt-br/transporte_p%C3%BAblico-line-0_016-Brasilia-1702-850942-5193084-0,-1.0,-15.77337,-47.91031,,,,,2023-06-15T12:18:36+00:00
BRA_116360,Brasília,5300108,,Piracicabana,066.5,https://moovitapp.com/index/pt-br/transporte_p%C3%BAblico-line-066_5-Brasilia-1702-850942-770026-0,-1.0,-15.61844,-47.65424,,,,1,2023-06-15T12:18:36+00:00
BRA_116394,Brasília,5300108,,Piracicabana,0.031,https://moovitapp.com/index/pt-br/transporte_p%C3%BAblico-line-0_031-Brasilia-1702-850942-786256-0,-1.0,-15.77535,-47.88803,,,,,2023-06-15T12:18:36+00:00
BRA_118320,Brasília,5300108,,Piracicabana,115.2,https://moovitapp.com/index/pt-br/transporte_p%C3%BAblico-line-115_2-Brasilia-1702-850942-476287-0,-1.0,-15.79664,-47.87657,,,,,2023-06-15T12:18:37+00:00
BRA_119831,Brasília,5300108,,Piracicabana,105.2,https://moovitapp.com/index/pt-br/transporte_p%C3%BAblico-line-105_2-Brasilia-1702-850942-12015265-0,-1.0,-15.8324,-47.91075,,,,,2023-06-15T12:18:38+00:00
BRA_120448,Brasília,5300108,,Piracicabana,162.1,https://moovitapp.com/index/pt-br/transporte_p%C3%BAblico-line-162_1-Brasilia-1702-850942-762425-0,-1.0,-15.83963,-47.95594,,,,,2023-06-15T12:18:39+00:00
BRA_120529,Brasília,5300108,,Piracicabana,136.5,https://moovitapp.com/index/pt-br/transporte_p%C3%BAblico-line-136_5-Brasilia-1702-850942-516628-0,-1.0,-15.7932,-47.88796,,,,,2023-06-15T12:18:39+00:00
BRA_120421,Brasília,5300108,,Piracicabana,640.2,https://moovitapp.com/index/pt-br/transporte_p%C3%BAblico-line-640_2-Brasilia-1702-850942-697957-0,-1.0,-15.79624,-47.89143,,,,,2023-06-15T12:18:40+00:00
BRA_118907,Brasília,5300108,,Piracicabana,640.2,https://moovitapp.com/index/pt-br/transporte_p%C3%BAblico-line-640_2-Brasilia-1702-850942-697957-0,-1.0,-15.74182,-47.89829,,,,,2023-06-15T12:18:40+00:00
BRA_118494,Brasília,5300108,,Piracicabana,115.1,https://moovitapp.com/index/pt-br/transporte_p%C3%BAblico-line-115_1-Brasilia-1702-850942-242436-0,-1.0,-15.79426,-47.88132,,,,1,2023-06-15T12:18:40+00:00
BRA_118001,Brasília,5300108,,Piracicabana,600.7,https://moovitapp.com/index/pt-br/transporte_p%C3%BAblico-line-600_7-Brasilia-1702-850942-698442-0,-1.0,-15.79073,-47.88099,,,,1,2023-06-15T12:18:40+00:00
BRA_118222,Brasília,5300108,,Piracicabana,0.114,https://moovitapp.com/index/pt-br/transporte_p%C3%BAblico-line-0_114-Brasilia-1702-850942-242379-0,-1.0,-15.83356,-47.92735,,,,,2023-06-15T12:18:41+00:00
BRA_118257,Brasília,5300108,,Piracicabana,0.110,https://moovitapp.com/index/pt-br/transporte_p%C3%BAblico-line-0_110-Brasilia-1702-850942-339284-0,-1.0,-15.7599,-47.87513,,,,,2023-06-15T12:18:41+00:00
BRA_116459,Brasília,5300108,,Piracicabana,0.151,https://moovitapp.com/index/pt-br/transporte_p%C3%BAblico-line-0_151-Brasilia-1702-850942-775087-0,-1.0,-15.80119,-47.89447,,,,,2023-06-15T12:18:41+00:00
BRA_120863,Brasília,5300108,,Piracicabana,099.1,https://moovitapp.com/index/pt-br/transporte_p%C3%BAblico-line-099_1-Brasilia-1702-850942-775090-0,-1.0,-15.83193,-48.05898,,,,,2023-06-15T12:18:41+00:00
BRA_120774,Brasília,5300108,,Piracicabana,158.1,https://moovitapp.com/index/pt-br/transporte_p%C3%BAblico-line-158_1-Brasilia-1702-850942-775094-0,-1.0,-15.80608,-47.94741,,,,,2023-06-15T12:18:41+00:00
BRA_120855,Brasília,5300108,,Piracicabana,158.1,https://moovitapp.com/index/pt-br/transporte_p%C3%BAblico-line-158_1-Brasilia-1702-850942-775094-0,-1.0,-15.78067,-47.98612,,,,,2023-06-15T12:18:41+00:00
BRA_120464,Brasília,5300108,,Piracicabana,143.2,https://moovitapp.com/index/pt-br/transporte_p%C3%BAblico-line-143_2-Brasilia-1702-850942-556806-0,-1.0,-15.75951,-47.91582,,,,,2023-06-15T12:18:42+00:00
BRA_120561,Brasília,5300108,,Piracicabana,620.1,https://moovitapp.com/index/pt-br/transporte_p%C3%BAblico-line-620_1-Brasilia-1702-850942-697955-0,-1.0,-15.66301,-47.80151,,,,,2023-06-15T12:18:42+00:00
BRA_120294,Brasília,5300108,,Piracicabana,0.114,https://moovitapp.com/index/pt-br/transporte_p%C3%BAblico-line-0_114-Brasilia-1702-850942-242379-0,-1.0,-15.79636,-47.89116,,,,,2023-06-15T12:18:42+00:00
BRA_119440,Brasília,5300108,,Piracicabana,0.509,https://moovitapp.com/index/pt-br/transporte_p%C3%BAblico-line-0_509-Brasilia-1702-850942-242397-0,-1.0,-15.81185,-47.8957,,,,,2023-06-15T12:18:42+00:00
BRA_120324,Brasília,5300108,,Piracicabana,504.1,https://moovitapp.com/index/pt-br/transporte_p%C3%BAblico-line-504_1-Brasilia-1702-850942-242476-0,-1.0,-15.64987,-47.79155,,,,,2023-06-15T12:18:43+00:00
BRA_120928,Brasília,5300108,,Piracicabana,099.1,https://moovitapp.com/index/pt-br/transporte_p%C3%BAblico-line-099_1-Brasilia-1702-850942-775090-0,-1.0,-15.79896,-47.94966,,,,,2023-06-15T12:18:43+00:00
BRA_115321,Brasília,5300108,,Piracicabana,102.7,https://moovitapp.com/index/pt-br/transporte_p%C3%BAblico-line-102_7-Brasilia-1702-850942-6676988-0,-1.0,-15.83076,-47.9291,,,,,2023-06-15T12:18:43+00:00
BRA_117463,Brasília,5300108,,Piracicabana,501.5,https://moovitapp.com/index/pt-br/transporte_p%C3%BAblico-line-501_5-Brasilia-1702-850942-414578-0,-1.0,-15.82322,-47.90828,,,,,2023-06-15T12:18:43+00:00
BRA_118117,Brasília,5300108,,Piracicabana,504.1,https://moovitapp.com/index/pt-br/transporte_p%C3%BAblico-line-504_1-Brasilia-1702-850942-242476-0,-1.0,-15.60202,-47.65368,,,,1,2023-06-15T12:18:44+00:00
BRA_116378,Brasília,5300108,,Piracicabana,066.3,https://moovitapp.com/index/pt-br/transporte_p%C3%BAblico-line-066_3-Brasilia-1702-850942-513542-0,-1.0,-15.59892,-47.67731,,,,,2023-06-15T12:18:44+00:00
BRA_116467,Brasília,5300108,,Piracicabana,0.032,https://moovitapp.com/index/pt-br/transporte_p%C3%BAblico-line-0_032-Brasilia-1702-850942-786257-0,-1.0,-15.81029,-47.90349,,,,,2023-06-15T12:18:44+00:00
BRA_116823,Brasília,5300108,,Piracicabana,0.023,https://moovitapp.com/index/pt-br/transporte_p%C3%BAblico-line-0_023-Brasilia-1702-850942-775082-0,-1.0,-15.80079,-47.87689,,,,,2023-06-15T12:18:44+00:00
BRA_119334,Brasília,5300108,,Piracicabana,511.4,https://moovitapp.com/index/pt-br/transporte_p%C3%BAblico-line-511_4-Brasilia-1702-850942-770030-0,-1.0,-15.76297,-47.78031,,,,,2023-06-15T12:18:44+00:00
BRA_119768,Brasília,5300108,,Piracicabana,162.1,https://moovitapp.com/index/pt-br/transporte_p%C3%BAblico-line-162_1-Brasilia-1702-850942-762425-0,-1.0,-15.82672,-47.93264,,,,,2023-06-15T12:18:44+00:00
BRA_118541,Brasília,5300108,,Piracicabana,136.7,https://moovitapp.com/index/pt-br/transporte_p%C3%BAblico-line-136_7-Brasilia-1702-850942-242451-0,-1.0,-15.72249,-47.89117,,,,,2023-06-15T12:18:44+00:00
BRA_120901,Brasília,5300108,,Piracicabana,156.5,https://moovitapp.com/index/pt-br/transporte_p%C3%BAblico-line-156_5-Brasilia-1702-850942-242464-0,-1.0,-15.84539,-47.98001,,,,,2023-06-15T12:18:45+00:00
BRA_119911,Brasília,5300108,,Piracicabana,104.1,https://moovitapp.com/index/pt-br/transporte_p%C3%BAblico-line-104_1-Brasilia-1702-850942-242430-0,-1.0,-15.79552,-47.87391,,,,,2023-06-15T12:18:45+00:00
BRA_116921,Brasília,5300108,,Piracicabana,0.022,https://moovitapp.com/index/pt-br/transporte_p%C3%BAblico-line-0_022-Brasilia-1702-850942-788975-0,-1.0,-15.84491,-47.91833,,,,,2023-06-15T12:18:45+00:00
BRA_116629,Brasília,5300108,,Piracicabana,0.022,https://moovitapp.com/index/pt-br/transporte_p%C3%BAblico-line-0_022-Brasilia-1702-850942-788975-0,-1.0,-15.74591,-47.88562,,,,,2023-06-15T12:18:45+00:00
BRA_116611,Brasília,5300108,,Piracicabana,062.8,https://moovitapp.com/index/pt-br/transporte_p%C3%BAblico-line-062_8-Brasilia-1702-850942-393556-0,-1.0,-15.64687,-47.82367,,,,,2023-06-15T12:18:45+00:00
BRA_118290,Brasília,5300108,,Piracicabana,0.110,https://moovitapp.com/index/pt-br/transporte_p%C3%BAblico-line-0_110-Brasilia-1702-850942-339284-0,-1.0,-15.79156,-47.87408,,,,,2023-06-15T12:18:45+00:00
BRA_117129,Brasília,5300108,,Piracicabana,531.2,https://moovitapp.com/index/pt-br/transporte_p%C3%BAblico-line-531_2-Brasilia-1702-850942-48723591-0,-1.0,-15.63868,-47.8443,,,,,2023-06-15T12:18:46+00:00
BRA_116645,Brasília,5300108,,Piracicabana,0.032,https://moovitapp.com/index/pt-br/transporte_p%C3%BAblico-line-0_032-Brasilia-1702-850942-786257-0,-1.0,-15.79253,-47.87452,,,,,2023-06-15T12:18:46+00:00
BRA_119997,Brasília,5300108,,Piracicabana,642.1,https://moovitapp.com/index/pt-br/transporte_p%C3%BAblico-line-642_1-Brasilia-1702-850942-242510-0,-1.0,-15.78516,-47.88789,,,,,2023-06-15T12:18:46+00:00
BRA_120251,Brasília,5300108,,Piracicabana,0.107,https://moovitapp.com/index/pt-br/transporte_p%C3%BAblico-line-0_107-Brasilia-1702-850942-242377-0,-1.0,-15.80066,-47.86196,,,,,2023-06-15T12:18:46+00:00
BRA_120600,Brasília,5300108,,Piracicabana,600.7,https://moovitapp.com/index/pt-br/transporte_p%C3%BAblico-line-600_7-Brasilia-1702-850942-698442-0,-1.0,-15.68112,-47.83728,,,,,2023-06-15T12:18:46+00:00
BRA_119121,Brasília,5300108,,Piracicabana,136.9,https://moovitapp.com/index/pt-br/transporte_p%C3%BAblico-line-136_9-Brasilia-1702-850942-773702-0,-1.0,-15.70761,-47.88264,,,,,2023-06-15T12:18:47+00:00
BRA_119105,Brasília,5300108,,Piracicabana,0.517,https://moovitapp.com/index/pt-br/transporte_p%C3%BAblico-line-0_517-Brasilia-1702-850942-242400-0,-1.0,-15.80624,-47.89871,,,,,2023-06-15T12:18:47+00:00
BRA_116084,Brasília,5300108,,Piracicabana,0.109,https://moovitapp.com/index/pt-br/transporte_p%C3%BAblico-line-0_109-Brasilia-1702-850942-139332631-0,-1.0,-15.79439,-47.88042,,,,,2023-06-15T12:18:47+00:00
BRA_116441,Brasília,5300108,,Piracicabana,0.151,https://moovitapp.com/index/pt-br/transporte_p%C3%BAblico-line-0_151-Brasilia-1702-850942-775087-0,-1.0,-15.7951,-47.94421,,,,,2023-06-15T12:18:47+00:00
BRA_118362,Brasília,5300108,,Piracicabana,115.2,https://moovitapp.com/index/pt-br/transporte_p%C3%BAblico-line-115_2-Brasilia-1702-850942-476287-0,-1.0,-15.74411,-47.8829,,,,,2023-06-15T12:18:47+00:00
BRA_116947,Brasília,5300108,,Piracicabana,0.024,https://moovitapp.com/index/pt-br/transporte_p%C3%BAblico-line-0_024-Brasilia-1702-850942-781320-0,-1.0,-15.78395,-47.91161,,,,1,2023-06-15T12:18:48+00:00
BRA_119750,Brasília,5300108,,Piracicabana,501.3,https://moovitapp.com/index/pt-br/transporte_p%C3%BAblico-line-501_3-Brasilia-1702-850942-242472-0,-1.0,-15.68713,-47.85913,,,,,2023-06-15T12:18:48+00:00
BRA_120341,Brasília,5300108,,Piracicabana,620.1,https://moovitapp.com/index/pt-br/transporte_p%C3%BAblico-line-620_1-Brasilia-1702-850942-697955-0,-1.0,-15.59482,-47.66704,,,,,2023-06-15T12:18:48+00:00
BRA_120367,Brasília,5300108,,Piracicabana,640.2,https://moovitapp.com/index/pt-br/transporte_p%C3%BAblico-line-640_2-Brasilia-1702-850942-697957-0,-1.0,-15.65874,-47.79287,,,,,2023-06-15T12:18:48+00:00
BRA_121118,Brasília,5300108,,Piracicabana,0.104,https://moovitapp.com/index/pt-br/transporte_p%C3%BAblico-line-0_104-Brasilia-1702-850942-242376-0,-1.0,-15.79002,-47.84425,,,,,2023-06-15T12:18:48+00:00
BRA_120570,Brasília,5300108,,Piracicabana,640.2,https://moovitapp.com/index/pt-br/transporte_p%C3%BAblico-line-640_2-Brasilia-1702-850942-697957-0,-1.0,-15.68733,-47.85707,,,,,2023-06-15T12:18:49+00:00
BRA_119016,Brasília,5300108,,Piracicabana,0.110,https://moovitapp.com/index/pt-br/transporte_p%C3%BAblico-line-0_110-Brasilia-1702-850942-339284-0,-1.0,-15.78649,-47.87333,,,,,2023-06-15T12:18:49+00:00
BRA_118923,Brasília,5300108,,Piracicabana,152.2,https://moovitapp.com/index/pt-br/transporte_p%C3%BAblico-line-152_2-Brasilia-1702-850942-504334-0,-1.0,-15.80565,-47.93823,,,,,2023-06-15T12:18:49+00:00
BRA_118877,Brasília,5300108,,Piracicabana,0.152,https://moovitapp.com/index/pt-br/transporte_p%C3%BAblico-line-0_152-Brasilia-1702-850942-504333-0,-1.0,-15.80576,-47.93249,,,,,2023-06-15T12:18:49+00:00
BRA_118419,Brasília,5300108,,Piracicabana,116.2,https://moovitapp.com/index/pt-br/transporte_p%C3%BAblico-line-116_2-Brasilia-1702-850942-60842780-0,-1.0,-15.74232,-47.90935,,,,,2023-06-15T12:18:49+00:00
BRA_118265,Brasília,5300108,,Piracicabana,0.110,https://moovitapp.com/index/pt-br/transporte_p%C3%BAblico-line-0_110-Brasilia-1702-850942-339284-0,-1.0,-15.79407,-47.88308,,,,,2023-06-15T12:18:49+00:00
BRA_118044,Brasília,5300108,,Piracicabana,640.2,https://moovitapp.com/index/pt-br/transporte_p%C3%BAblico-line-640_2-Brasilia-1702-850942-697957-0,-1.0,-15.73227,-47.8957,,,,,2023-06-15T12:18:49+00:00
BRA_116432,Brasília,5300108,,Piracicabana,066.3,https://moovitapp.com/index/pt-br/transporte_p%C3%BAblico-line-066_3-Brasilia-1702-850942-513542-0,-1.0,-15.61299,-47.67236,,,,,2023-06-15T12:18:49+00:00
BRA_116301,Brasília,5300108,,Piracicabana,601.2,https://moovitapp.com/index/pt-br/transporte_p%C3%BAblico-line-601_2-Brasilia-1702-850942-322378-0,-1.0,-15.61321,-47.65482,,,,,2023-06-15T12:18:50+00:00
BRA_115819,Brasília,5300108,,Piracicabana,0.643,https://moovitapp.com/index/pt-br/transporte_p%C3%BAblico-line-0_643-Brasilia-1702-850942-585284-0,-1.0,-15.81704,-47.9128,,,,,2023-06-15T12:18:50+00:00
BRA_117226,Brasília,5300108,,Piracicabana,600.7,https://moovitapp.com/index/pt-br/transporte_p%C3%BAblico-line-600_7-Brasilia-1702-850942-698442-0,-1.0,-15.69621,-47.87554,,,,,2023-06-15T12:18:50+00:00
BRA_119610,Brasília,5300108,,Piracicabana,063.2,https://moovitapp.com/index/pt-br/transporte_p%C3%BAblico-line-063_2-Brasilia-1702-850942-137934615-0,-1.0,-15.64972,-47.79243,,,,,2023-06-15T12:18:50+00:00
BRA_120499,Brasília,5300108,,Piracicabana,0.150,https://moovitapp.com/index/pt-br/transporte_p%C3%BAblico-line-0_150-Brasilia-1702-850942-775086-0,-1.0,-15.83574,-47.92627,,,,,2023-06-15T12:18:50+00:00
BRA_119784,Brasília,5300108,,Piracicabana,066.2,https://moovitapp.com/index/pt-br/transporte_p%C3%BAblico-line-066_2-Brasilia-1702-850942-339293-0,-1.0,-15.61793,-47.65321,,,,,2023-06-15T12:18:50+00:00
BRA_120456,Brasília,5300108,,Piracicabana,136.6,https://moovitapp.com/index/pt-br/transporte_p%C3%BAblico-line-136_6-Brasilia-1702-850942-773700-0,-1.0,-15.79656,-47.89153,,,,,2023-06-15T12:18:51+00:00
BRA_120766,Brasília,5300108,,Piracicabana,156.6,https://moovitapp.com/index/pt-br/transporte_p%C3%BAblico-line-156_6-Brasilia-1702-850942-516629-0,-1.0,-15.78519,-47.9123,,,,1,2023-06-15T12:18:51+00:00
BRA_118079,Brasília,5300108,,Piracicabana,064.1,https://moovitapp.com/index/pt-br/transporte_p%C3%BAblico-line-064_1-Brasilia-1702-850942-339292-0,-1.0,-15.63636,-47.6373,,,,,2023-06-15T12:18:51+00:00
BRA_116831,Brasília,5300108,,Piracicabana,0.007,https://moovitapp.com/index/pt-br/transporte_p%C3%BAblico-line-0_007-Brasilia-1702-850942-775080-0,-1.0,-15.78101,-47.88791,,,,,2023-06-15T12:18:51+00:00
BRA_117005,Brasília,5300108,,Piracicabana,0.031,https://moovitapp.com/index/pt-br/transporte_p%C3%BAblico-line-0_031-Brasilia-1702-850942-786256-0,-1.0,-15.81571,-47.91056,,,,,2023-06-15T12:18:52+00:00
BRA_118931,Brasília,5300108,,Piracicabana,0.114,https://moovitapp.com/index/pt-br/transporte_p%C3%BAblico-line-0_114-Brasilia-1702-850942-242379-0,-1.0,-15.79493,-47.88316,,,,,2023-06-15T12:18:52+00:00
BRA_119741,Brasília,5300108,,Piracicabana,0.509,https://moovitapp.com/index/pt-br/transporte_p%C3%BAblico-line-0_509-Brasilia-1702-850942-242397-0,-1.0,-15.68323,-47.8436,,,,,2023-06-15T12:18:52+00:00
BRA_120243,Brasília,5300108,,Piracicabana,640.2,https://moovitapp.com/index/pt-br/transporte_p%C3%BAblico-line-640_2-Brasilia-1702-850942-697957-0,-1.0,-15.78514,-47.8879,,,,,2023-06-15T12:18:53+00:00
BRA_118427,Brasília,5300108,,Piracicabana,115.2,https://moovitapp.com/index/pt-br/transporte_p%C3%BAblico-line-115_2-Brasilia-1702-850942-476287-0,-1.0,-15.78781,-47.8884,,,,,2023-06-15T12:18:53+00:00
BRA_116424,Brasília,5300108,,Piracicabana,066.6,https://moovitapp.com/index/pt-br/transporte_p%C3%BAblico-line-066_6-Brasilia-1702-850942-770027-0,-1.0,-15.64154,-47.65094,,,,,2023-06-15T12:18:53+00:00
BRA_116661,Brasília,5300108,,Piracicabana,115.2,https://moovitapp.com/index/pt-br/transporte_p%C3%BAblico-line-115_2-Brasilia-1702-850942-476287-0,-1.0,-15.79669,-47.87035,,,,,2023-06-15T12:18:54+00:00
BRA_117099,Brasília,5300108,,Piracicabana,601.3,https://moovitapp.com/index/pt-br/transporte_p%C3%BAblico-line-601_3-Brasilia-1702-850942-339836-0,-1.0,-15.62444,-47.64638,,,,,2023-06-15T12:18:54+00:00
BRA_120472,Brasília,5300108,,Piracicabana,153.2,https://moovitapp.com/index/pt-br/transporte_p%C3%BAblico-line-153_2-Brasilia-1702-850942-775093-0,-1.0,-15.8461,-47.97841,,,,,2023-06-15T12:18:54+00:00
BRA_119652,Brasília,5300108,,Piracicabana,0.517,https://moovitapp.com/index/pt-br/transporte_p%C3%BAblico-line-0_517-Brasilia-1702-850942-242400-0,-1.0,-15.80803,-47.90098,,,,,2023-06-15T12:18:54+00:00
BRA_119202,Brasília,5300108,,Piracicabana,0.513,https://moovitapp.com/index/pt-br/transporte_p%C3%BAblico-line-0_513-Brasilia-1702-850942-242399-0,-1.0,-15.78385,-47.88749,,,,,2023-06-15T12:18:54+00:00
BRA_119199,Brasília,5300108,,Piracicabana,0.521,https://moovitapp.com/index/pt-br/transporte_p%C3%BAblico-line-0_521-Brasilia-1702-850942-476285-0,-1.0,-15.79482,-47.87658,,,,,2023-06-15T12:18:55+00:00
BRA_118664,Brasília,5300108,,Piracicabana,0.640,https://moovitapp.com/index/pt-br/transporte_p%C3%BAblico-line-0_640-Brasilia-1702-850942-242423-0,-1.0,-15.81217,-47.90596,,,,,2023-06-15T12:18:55+00:00
BRA_119172,Brasília,5300108,,Piracicabana,505.5,https://moovitapp.com/index/pt-br/transporte_p%C3%BAblico-line-505_5-Brasilia-1702-850942-651521-0,-1.0,-15.66558,-47.75155,,,,1,2023-06-15T12:18:55+00:00
BRA_120138,Brasília,5300108,,Piracicabana,158.1,https://moovitapp.com/index/pt-br/transporte_p%C3%BAblico-line-158_1-Brasilia-1702-850942-775094-0,-1.0,-15.81445,-47.93769,,,,,2023-06-15T12:18:55+00:00
BRA_117447,Brasília,5300108,,Piracicabana,062.5,https://moovitapp.com/index/pt-br/transporte_p%C3%BAblico-line-062_5-Brasilia-1702-850942-339835-0,-1.0,-15.67213,-47.81794,,,,,2023-06-15T12:18:55+00:00
BRA_116157,Brasília,5300108,,Piracicabana,601.1,https://moovitapp.com/index/pt-br/transporte_p%C3%BAblico-line-601_1-Brasilia-1702-850942-322377-0,-1.0,-15.61695,-47.63428,,,,,2023-06-15T12:18:55+00:00
BRA_120758,Brasília,5300108,,Piracicabana,620.1,https://moovitapp.com/index/pt-br/transporte_p%C3%BAblico-line-620_1-Brasilia-1702-850942-697955-0,-1.0,-15.77114,-47.88098,,,,,2023-06-15T12:18:56+00:00
BRA_119806,Brasília,5300108,,Piracicabana,0.640,https://moovitapp.com/index/pt-br/transporte_p%C3%BAblico-line-0_640-Brasilia-1702-850942-242423-0,-1.0,-15.79684,-47.8918,,,,,2023-06-15T12:18:57+00:00
BRA_120375,Brasília,5300108,,Piracicabana,616.2,https://moovitapp.com/index/pt-br/transporte_p%C3%BAblico-line-616_2-Brasilia-1702-850942-470754-0,-1.0,-15.73135,-47.89426,,,,,2023-06-15T12:18:57+00:00
BRA_118915,Brasília,5300108,,Piracicabana,0.602,https://moovitapp.com/index/pt-br/transporte_p%C3%BAblico-line-0_602-Brasilia-1702-850942-474394-0,-1.0,-15.81469,-47.89896,,,,,2023-06-15T12:18:57+00:00
BRA_116912,Brasília,5300108,,Piracicabana,0.024,https://moovitapp.com/index/pt-br/transporte_p%C3%BAblico-line-0_024-Brasilia-1702-850942-781320-0,-1.0,-15.79035,-47.90036,,,,,2023-06-15T12:18:57+00:00
BRA_116807,Brasília,5300108,,Piracicabana,0.035,https://moovitapp.com/index/pt-br/transporte_p%C3%BAblico-line-0_035-Brasilia-1702-850942-775084-0,-1.0,-15.79432,-47.9779,,,,1,2023-06-15T12:18:57+00:00
BRA_116734,Brasília,5300108,,Piracicabana,0.025,https://moovitapp.com/index/pt-br/transporte_p%C3%BAblico-line-0_025-Brasilia-1702-850942-11857219-0,-1.0,-15.78296,-47.9249,,,,,2023-06-15T12:18:58+00:00
BRA_116092,Brasília,5300108,,Piracicabana,066.2,https://moovitapp.com/index/pt-br/transporte_p%C3%BAblico-line-066_2-Brasilia-1702-850942-339293-0,-1.0,-15.61534,-47.67806,,,,,2023-06-15T12:18:58+00:00
BRA_116181,Brasília,5300108,,Piracicabana,066.5,https://moovitapp.com/index/pt-br/transporte_p%C3%BAblico-line-066_5-Brasilia-1702-850942-770026-0,-1.0,-15.62957,-47.65068,,,,,2023-06-15T12:18:58+00:00
BRA_119628,Brasília,5300108,,Piracicabana,512.1,https://moovitapp.com/index/pt-br/transporte_p%C3%BAblico-line-512_1-Brasilia-1702-850942-474401-0,-1.0,-15.72064,-47.89711,,,,,2023-06-15T12:18:58+00:00
BRA_118711,Brasília,5300108,,Piracicabana,0.152,https://moovitapp.com/index/pt-br/transporte_p%C3%BAblico-line-0_152-Brasilia-1702-850942-504333-0,-1.0,-15.7945,-47.88305,,,,,2023-06-15T12:18:59+00:00
BRA_117561,Brasília,5300108,,Piracicabana,062.5,https://moovitapp.com/index/pt-br/transporte_p%C3%BAblico-line-062_5-Brasilia-1702-850942-339835-0,-1.0,-15.67645,-47.84492,,,,,2023-06-15T12:18:59+00:00
BRA_117111,Brasília,5300108,,Piracicabana,152.2,https://moovitapp.com/index/pt-br/transporte_p%C3%BAblico-line-152_2-Brasilia-1702-850942-504334-0,-1.0,-15.80027,-47.93289,,,,,2023-06-15T12:19:00+00:00
BRA_115355,Brasília,5300108,,Piracicabana,110.2,https://moovitapp.com/index/pt-br/transporte_p%C3%BAblico-line-110_2-Brasilia-1702-850942-339295-0,-1.0,-15.76174,-47.86596,,,,,2023-06-15T12:19:00+00:00
BRA_116602,Brasília,5300108,,Piracicabana,0.168,https://moovitapp.com/index/pt-br/transporte_p%C3%BAblico-line-0_168-Brasilia-1702-850942-242392-0,-1.0,-15.78554,-47.9139,,,,1,2023-06-15T12:19:00+00:00
BRA_119636,Brasília,5300108,,Piracicabana,152.2,https://moovitapp.com/index/pt-br/transporte_p%C3%BAblico-line-152_2-Brasilia-1702-850942-504334-0,-1.0,-15.79557,-47.91515,,,,,2023-06-15T12:19:00+00:00
BRA_120511,Brasília,5300108,,Piracicabana,640.2,https://moovitapp.com/index/pt-br/transporte_p%C3%BAblico-line-640_2-Brasilia-1702-850942-697957-0,-1.0,-15.61847,-47.65454,,,,1,2023-06-15T12:19:01+00:00
BRA_119083,Brasília,5300108,,Piracicabana,512.1,https://moovitapp.com/index/pt-br/transporte_p%C3%BAblico-line-512_1-Brasilia-1702-850942-474401-0,-1.0,-15.65661,-47.80526,,,,,2023-06-15T12:19:01+00:00
BRA_119431,Brasília,5300108,,Piracicabana,0.517,https://moovitapp.com/index/pt-br/transporte_p%C3%BAblico-line-0_517-Brasilia-1702-850942-242400-0,-1.0,-15.67402,-47.84163,,,,,2023-06-15T12:19:01+00:00
BRA_116904,Brasília,5300108,,Piracicabana,0.016,https://moovitapp.com/index/pt-br/transporte_p%C3%BAblico-line-0_016-Brasilia-1702-850942-5193084-0,-1.0,-15.78764,-47.90997,,,,1,2023-06-15T12:19:01+00:00
BRA_117668,Brasília,5300108,,Piracicabana,0.109,https://moovitapp.com/index/pt-br/transporte_p%C3%BAblico-line-0_109-Brasilia-1702-850942-139332631-0,-1.0,-15.79768,-47.86684,,,,,2023-06-15T12:19:01+00:00
BRA_118176,Brasília,5300108,,Piracicabana,066.4,https://moovitapp.com/index/pt-br/transporte_p%C3%BAblico-line-066_4-Brasilia-1702-850942-763557-0,-1.0,-15.64821,-47.66246,,,,,2023-06-15T12:19:01+00:00
BRA_117676,Brasília,5300108,,Piracicabana,512.1,https://moovitapp.com/index/pt-br/transporte_p%C3%BAblico-line-512_1-Brasilia-1702-850942-474401-0,-1.0,-15.65005,-47.78626,,,,1,2023-06-15T12:19:02+00:00
BRA_116513,Brasília,5300108,,Piracicabana,151.2,https://moovitapp.com/index/pt-br/transporte_p%C3%BAblico-line-151_2-Brasilia-1702-850942-242458-0,-1.0,-15.73545,-47.89885,,,,1,2023-06-15T12:19:02+00:00
BRA_119407,Brasília,5300108,,Piracicabana,512.1,https://moovitapp.com/index/pt-br/transporte_p%C3%BAblico-line-512_1-Brasilia-1702-850942-474401-0,-1.0,-15.71145,-47.89838,,,,,2023-06-15T12:19:02+00:00
BRA_119270,Brasília,5300108,,Piracicabana,501.3,https://moovitapp.com/index/pt-br/transporte_p%C3%BAblico-line-501_3-Brasilia-1702-850942-242472-0,-1.0,-15.7418,-47.8899,,,,,2023-06-15T12:19:02+00:00
BRA_119342,Brasília,5300108,,Piracicabana,136.6,https://moovitapp.com/index/pt-br/transporte_p%C3%BAblico-line-136_6-Brasilia-1702-850942-773700-0,-1.0,-15.71509,-47.88256,,,,,2023-06-15T12:19:03+00:00
BRA_119415,Brasília,5300108,,Piracicabana,104.1,https://moovitapp.com/index/pt-br/transporte_p%C3%BAblico-line-104_1-Brasilia-1702-850942-242430-0,-1.0,-15.79929,-47.86921,,,,,2023-06-15T12:19:03+00:00
BRA_119491,Brasília,5300108,,Piracicabana,063.2,https://moovitapp.com/index/pt-br/transporte_p%C3%BAblico-line-063_2-Brasilia-1702-850942-137934615-0,-1.0,-15.64851,-47.7854,,,,,2023-06-15T12:19:03+00:00
BRA_120596,Brasília,5300108,,Piracicabana,504.4,https://moovitapp.com/index/pt-br/transporte_p%C3%BAblico-line-504_4-Brasilia-1702-850942-771759-0,-1.0,-15.61801,-47.68654,,,,,2023-06-15T12:19:03+00:00
BRA_120821,Brasília,5300108,,Piracicabana,0.136,https://moovitapp.com/index/pt-br/transporte_p%C3%BAblico-line-0_136-Brasilia-1702-850942-719957-0,-1.0,-15.7938,-47.88196,,,,,2023-06-15T12:19:03+00:00
BRA_120791,Brasília,5300108,,Piracicabana,136.5,https://moovitapp.com/index/pt-br/transporte_p%C3%BAblico-line-136_5-Brasilia-1702-850942-516628-0,-1.0,-15.73767,-47.86084,,,,,2023-06-15T12:19:03+00:00
BRA_117587,Brasília,5300108,,Piracicabana,063.1,https://moovitapp.com/index/pt-br/transporte_p%C3%BAblico-line-063_1-Brasilia-1702-850942-339291-0,-1.0,-15.64911,-47.75499,,,,,2023-06-15T12:19:03+00:00
BRA_117528,Brasília,5300108,,Piracicabana,062.5,https://moovitapp.com/index/pt-br/transporte_p%C3%BAblico-line-062_5-Brasilia-1702-850942-339835-0,-1.0,-15.65013,-47.81323,,,,,2023-06-15T12:19:03+00:00
BRA_118109,Brasília,5300108,,Piracicabana,505.8,https://moovitapp.com/index/pt-br/transporte_p%C3%BAblico-line-505_8-Brasilia-1702-850942-339297-0,-1.0,-15.64014,-47.82431,,,,,2023-06-15T12:19:04+00:00
BRA_117412,Brasília,5300108,,Piracicabana,0.168,https://moovitapp.com/index/pt-br/transporte_p%C3%BAblico-line-0_168-Brasilia-1702-850942-242392-0,-1.0,-15.80261,-47.92871,,,,,2023-06-15T12:19:04+00:00
BRA_116131,Brasília,5300108,,Piracicabana,601.1,https://moovitapp.com/index/pt-br/transporte_p%C3%BAblico-line-601_1-Brasilia-1702-850942-322377-0,-1.0,-15.60405,-47.64862,,,,,2023-06-15T12:19:04+00:00
BRA_119776,Brasília,5300108,,Piracicabana,501.3,https://moovitapp.com/index/pt-br/transporte_p%C3%BAblico-line-501_3-Brasilia-1702-850942-242472-0,-1.0,-15.6641,-47.84203,,,,,2023-06-15T12:19:04+00:00
BRA_119598,Brasília,5300108,,Piracicabana,0.509,https://moovitapp.com/index/pt-br/transporte_p%C3%BAblico-line-0_509-Brasilia-1702-850942-242397-0,-1.0,-15.83232,-47.92859,,,,,2023-06-15T12:19:04+00:00
BRA_118788,Brasília,5300108,,Piracicabana,0.103,https://moovitapp.com/index/pt-br/transporte_p%C3%BAblico-line-0_103-Brasilia-1702-850942-335705-0,-1.0,-15.81126,-47.83664,,,,,2023-06-15T12:19:04+00:00
BRA_119571,Brasília,5300108,,Piracicabana,512.1,https://moovitapp.com/index/pt-br/transporte_p%C3%BAblico-line-512_1-Brasilia-1702-850942-474401-0,-1.0,-15.82687,-47.92661,,,,,2023-06-15T12:19:05+00:00
BRA_119644,Brasília,5300108,,Piracicabana,062.7,https://moovitapp.com/index/pt-br/transporte_p%C3%BAblico-line-062_7-Brasilia-1702-850942-494154-0,-1.0,-15.64717,-47.78662,,,,,2023-06-15T12:19:05+00:00
BRA_120308,Brasília,5300108,,Piracicabana,0.620,https://moovitapp.com/index/pt-br/transporte_p%C3%BAblico-line-0_620-Brasilia-1702-850942-470748-0,-1.0,-15.79377,-47.88271,,,,,2023-06-15T12:19:05+00:00
BRA_120961,Brasília,5300108,,Piracicabana,640.2,https://moovitapp.com/index/pt-br/transporte_p%C3%BAblico-line-640_2-Brasilia-1702-850942-697957-0,-1.0,-15.79858,-47.89223,,,,,2023-06-15T12:19:05+00:00
BRA_116203,Brasília,5300108,,Piracicabana,064.1,https://moovitapp.com/index/pt-br/transporte_p%C3%BAblico-line-064_1-Brasilia-1702-850942-339292-0,-1.0,-15.61172,-47.6464,,,,,2023-06-15T12:19:05+00:00
BRA_117471,Brasília,5300108,,Piracicabana,063.1,https://moovitapp.com/index/pt-br/transporte_p%C3%BAblico-line-063_1-Brasilia-1702-850942-339291-0,-1.0,-15.64648,-47.80852,,,,,2023-06-15T12:19:05+00:00
BRA_118346,Brasília,5300108,,Piracicabana,0.116,https://moovitapp.com/index/pt-br/transporte_p%C3%BAblico-line-0_116-Brasilia-1702-850942-242381-0,-1.0,-15.795,-47.88095,,,,1,2023-06-15T12:19:05+00:00
BRA_118150,Brasília,5300108,,Piracicabana,105.2,https://moovitapp.com/index/pt-br/transporte_p%C3%BAblico-line-105_2-Brasilia-1702-850942-12015265-0,-1.0,-15.76345,-47.89134,,,,,2023-06-15T12:19:05+00:00
BRA_117617,Brasília,5300108,,Piracicabana,099.1,https://moovitapp.com/index/pt-br/transporte_p%C3%BAblico-line-099_1-Brasilia-1702-850942-775090-0,-1.0,-15.84159,-48.02828,,,,,2023-06-15T12:19:06+00:00
BRA_117480,Brasília,5300108,,Piracicabana,105.2,https://moovitapp.com/index/pt-br/transporte_p%C3%BAblico-line-105_2-Brasilia-1702-850942-12015265-0,-1.0,-15.76283,-47.89172,,,,,2023-06-15T12:19:06+00:00
BRA_117722,Brasília,5300108,,Piracicabana,106.2,https://moovitapp.com/index/pt-br/transporte_p%C3%BAblico-line-106_2-Brasilia-1702-850942-242433-0,-1.0,-15.76309,-47.8909,,,,,2023-06-15T12:19:06+00:00
BRA_120332,Brasília,5300108,,Piracicabana,116.1,https://moovitapp.com/index/pt-br/transporte_p%C3%BAblico-line-116_1-Brasilia-1702-850942-476288-0,-1.0,-15.79096,-47.8868,,,,,2023-06-15T12:19:06+00:00
BRA_119253,Brasília,5300108,,Piracicabana,063.1,https://moovitapp.com/index/pt-br/transporte_p%C3%BAblico-line-063_1-Brasilia-1702-850942-339291-0,-1.0,-15.63667,-47.85235,,,,1,2023-06-15T12:19:06+00:00
BRA_118567,Brasília,5300108,,Piracicabana,158.1,https://moovitapp.com/index/pt-br/transporte_p%C3%BAblico-line-158_1-Brasilia-1702-850942-775094-0,-1.0,-15.7743,-47.9378,,,,,2023-06-15T12:19:06+00:00
BRA_119890,Brasília,5300108,,Piracicabana,0.140,https://moovitapp.com/index/pt-br/transporte_p%C3%BAblico-line-0_140-Brasilia-1702-850942-242386-0,-1.0,-15.73447,-47.8853,,,,,2023-06-15T12:19:07+00:00
BRA_120995,Brasília,5300108,,Piracicabana,0.116,https://moovitapp.com/index/pt-br/transporte_p%C3%BAblico-line-0_116-Brasilia-1702-850942-242381-0,-1.0,-15.79316,-47.88149,,,,1,2023-06-15T12:19:07+00:00
BRA_120898,Brasília,5300108,,Piracicabana,158.1,https://moovitapp.com/index/pt-br/transporte_p%C3%BAblico-line-158_1-Brasilia-1702-850942-775094-0,-1.0,-15.79049,-47.89011,,,,,2023-06-15T12:19:07+00:00
BRA_117536,Brasília,5300108,,Piracicabana,505.5,https://moovitapp.com/index/pt-br/transporte_p%C3%BAblico-line-505_5-Brasilia-1702-850942-651521-0,-1.0,-15.62402,-47.824,,,,,2023-06-15T12:19:07+00:00
BRA_117102,Brasília,5300108,,Piracicabana,0.504,https://moovitapp.com/index/pt-br/transporte_p%C3%BAblico-line-0_504-Brasilia-1702-850942-781321-0,-1.0,-15.61942,-47.71418,,,,,2023-06-15T12:19:07+00:00
BRA_116963,Brasília,5300108,,Piracicabana,0.006,https://moovitapp.com/index/pt-br/transporte_p%C3%BAblico-line-0_006-Brasilia-1702-850942-775079-0,-1.0,-15.79002,-47.90128,,,,,2023-06-15T12:19:07+00:00
BRA_118028,Brasília,5300108,,Piracicabana,518.2,https://moovitapp.com/index/pt-br/transporte_p%C3%BAblico-line-518_2-Brasilia-1702-850942-135878259-0,-1.0,-15.76084,-47.87754,,,,,2023-06-15T12:19:07+00:00
BRA_115797,Brasília,5300108,,Piracicabana,616.2,https://moovitapp.com/index/pt-br/transporte_p%C3%BAblico-line-616_2-Brasilia-1702-850942-470754-0,-1.0,-15.77215,-47.88243,,,,,2023-06-15T12:19:07+00:00
BRA_116297,Brasília,5300108,,Piracicabana,066.2,https://moovitapp.com/index/pt-br/transporte_p%C3%BAblico-line-066_2-Brasilia-1702-850942-339293-0,-1.0,-15.6227,-47.65762,,,,,2023-06-15T12:19:08+00:00
BRA_118133,Brasília,5300108,,Piracicabana,106.2,https://moovitapp.com/index/pt-br/transporte_p%C3%BAblico-line-106_2-Brasilia-1702-850942-242433-0,-1.0,-15.76315,-47.89114,,,,,2023-06-15T12:19:08+00:00
BRA_117595,Brasília,5300108,,Piracicabana,062.9,https://moovitapp.com/index/pt-br/transporte_p%C3%BAblico-line-062_9-Brasilia-1702-850942-77230028-0,-1.0,-15.64378,-47.82579,,,,,2023-06-15T12:19:08+00:00
BRA_121061,Brasília,5300108,,Piracicabana,106.2,https://moovitapp.com/index/pt-br/transporte_p%C3%BAblico-line-106_2-Brasilia-1702-850942-242433-0,-1.0,-15.75146,-47.88092,,,,,2023-06-15T12:19:08+00:00
BRA_120278,Brasília,5300108,,Piracicabana,136.9,https://moovitapp.com/index/pt-br/transporte_p%C3%BAblico-line-136_9-Brasilia-1702-850942-773702-0,-1.0,-15.83382,-47.93199,,,,,2023-06-15T12:19:08+00:00
BRA_120677,Brasília,5300108,,Piracicabana,0.128,https://moovitapp.com/index/pt-br/transporte_p%C3%BAblico-line-0_128-Brasilia-1702-850942-382511-0,-1.0,-15.75097,-47.89538,,,,,2023-06-15T12:19:08+00:00
BRA_119903,Brasília,5300108,,Piracicabana,151.2,https://moovitapp.com/index/pt-br/transporte_p%C3%BAblico-line-151_2-Brasilia-1702-850942-242458-0,-1.0,-15.81392,-47.90851,,,,,2023-06-15T12:19:08+00:00
BRA_119482,Brasília,5300108,,Piracicabana,0.501,https://moovitapp.com/index/pt-br/transporte_p%C3%BAblico-line-0_501-Brasilia-1702-850942-663228-0,-1.0,-15.67727,-47.82695,,,,,2023-06-15T12:19:09+00:00
BRA_118206,Brasília,5300108,,Piracicabana,0.103,https://moovitapp.com/index/pt-br/transporte_p%C3%BAblico-line-0_103-Brasilia-1702-850942-335705-0,-1.0,-15.79317,-47.88171,,,,,2023-06-15T12:19:09+00:00
BRA_118753,Brasília,5300108,,Piracicabana,640.2,https://moovitapp.com/index/pt-br/transporte_p%C3%BAblico-line-640_2-Brasilia-1702-850942-697957-0,-1.0,-15.60064,-47.67994,,,,,2023-06-15T12:19:09+00:00
BRA_119971,Brasília,5300108,,Piracicabana,0.150,https://moovitapp.com/index/pt-br/transporte_p%C3%BAblico-line-0_150-Brasilia-1702-850942-775086-0,-1.0,-15.80873,-47.9395,,,,,2023-06-15T12:19:09+00:00
BRA_120936,Brasília,5300108,,Piracicabana,505.3,https://moovitapp.com/index/pt-br/transporte_p%C3%BAblico-line-505_3-Brasilia-1702-850942-352626-0,-1.0,-15.63726,-47.85061,,,,,2023-06-15T12:19:09+00:00
BRA_117706,Brasília,5300108,,Piracicabana,158.1,https://moovitapp.com/index/pt-br/transporte_p%C3%BAblico-line-158_1-Brasilia-1702-850942-775094-0,-1.0,-15.78378,-47.98835,,,,,2023-06-15T12:19:09+00:00
BRA_118435,Brasília,5300108,,Piracicabana,0.617,https://moovitapp.com/index/pt-br/transporte_p%C3%BAblico-line-0_617-Brasilia-1702-850942-242417-0,-1.0,-15.81581,-47.90044,,,,,2023-06-15T12:19:09+00:00
BRA_116688,Brasília,5300108,,Piracicabana,062.6,https://moovitapp.com/index/pt-br/transporte_p%C3%BAblico-line-062_6-Brasilia-1702-850942-339289-0,-1.0,-15.64289,-47.81476,,,,,2023-06-15T12:19:09+00:00
BRA_116548,Brasília,5300108,,Piracicabana,0.032,https://moovitapp.com/index/pt-br/transporte_p%C3%BAblico-line-0_032-Brasilia-1702-850942-786257-0,-1.0,-15.83631,-47.93316,,,,1,2023-06-15T12:19:09+00:00
BRA_115291,Brasília,5300108,,Piracicabana,0.109,https://moovitapp.com/index/pt-br/transporte_p%C3%BAblico-line-0_109-Brasilia-1702-850942-139332631-0,-1.0,-15.79371,-47.88187,,,,,2023-06-15T12:19:09+00:00
BRA_115282,Brasília,5300108,,Piracicabana,0.109,https://moovitapp.com/index/pt-br/transporte_p%C3%BAblico-line-0_109-Brasilia-1702-850942-139332631-0,-1.0,-15.78421,-47.91203,,,,1,2023-06-15T12:19:10+00:00
BRA_116696,Brasília,5300108,,Piracicabana,0.168,https://moovitapp.com/index/pt-br/transporte_p%C3%BAblico-line-0_168-Brasilia-1702-850942-242392-0,-1.0,-15.75139,-47.88056,,,,,2023-06-15T12:19:10+00:00
BRA_116211,Brasília,5300108,,Piracicabana,601.2,https://moovitapp.com/index/pt-br/transporte_p%C3%BAblico-line-601_2-Brasilia-1702-850942-322378-0,-1.0,-15.6145,-47.63731,,,,,2023-06-15T12:19:10+00:00
BRA_117811,Brasília,5300108,,Piracicabana,0.501,https://moovitapp.com/index/pt-br/transporte_p%C3%BAblico-line-0_501-Brasilia-1702-850942-663228-0,-1.0,-15.64361,-47.7993,,,,,2023-06-15T12:19:10+00:00
BRA_117200,Brasília,5300108,,Piracicabana,136.7,https://moovitapp.com/index/pt-br/transporte_p%C3%BAblico-line-136_7-Brasilia-1702-850942-242451-0,-1.0,-15.82922,-47.90702,,,,,2023-06-15T12:19:10+00:00
BRA_120731,Brasília,5300108,,Piracicabana,0.116,https://moovitapp.com/index/pt-br/transporte_p%C3%BAblico-line-0_116-Brasilia-1702-850942-242381-0,-1.0,-15.83526,-47.93302,,,,1,2023-06-15T12:19:10+00:00
BRA_120952,Brasília,5300108,,Piracicabana,519.2,https://moovitapp.com/index/pt-br/transporte_p%C3%BAblico-line-519_2-Brasilia-1702-850942-242483-0,-1.0,-15.62126,-47.85029,,,,,2023-06-15T12:19:10+00:00
BRA_120405,Brasília,5300108,,Piracicabana,0.504,https://moovitapp.com/index/pt-br/transporte_p%C3%BAblico-line-0_504-Brasilia-1702-850942-781321-0,-1.0,-15.62068,-47.66834,,,,,2023-06-15T12:19:10+00:00
BRA_120430,Brasília,5300108,,Piracicabana,0.143,https://moovitapp.com/index/pt-br/transporte_p%C3%BAblico-line-0_143-Brasilia-1702-850942-470747-0,-1.0,-15.79309,-47.8815,,,,,2023-06-15T12:19:10+00:00
BRA_118460,Brasília,5300108,,Piracicabana,115.2,https://moovitapp.com/index/pt-br/transporte_p%C3%BAblico-line-115_2-Brasilia-1702-850942-476287-0,-1.0,-15.75166,-47.88028,,,,,2023-06-15T12:19:10+00:00
BRA_119938,Brasília,5300108,,Piracicabana,0.109,https://moovitapp.com/index/pt-br/transporte_p%C3%BAblico-line-0_109-Brasilia-1702-850942-139332631-0,-1.0,-15.79929,-47.86921,,,,1,2023-06-15T12:19:10+00:00
BRA_119547,Brasília,5300108,,Piracicabana,0.517,https://moovitapp.com/index/pt-br/transporte_p%C3%BAblico-line-0_517-Brasilia-1702-850942-242400-0,-1.0,-15.73317,-47.89653,,,,,2023-06-15T12:19:11+00:00
BRA_118966,Brasília,5300108,,Piracicabana,600.7,https://moovitapp.com/index/pt-br/transporte_p%C3%BAblico-line-600_7-Brasilia-1702-850942-698442-0,-1.0,-15.6812,-47.83519,,,,,2023-06-15T12:19:11+00:00
BRA_121053,Brasília,5300108,,Piracicabana,640.2,https://moovitapp.com/index/pt-br/transporte_p%C3%BAblico-line-640_2-Brasilia-1702-850942-697957-0,-1.0,-15.61824,-47.65464,,,,1,2023-06-15T12:19:11+00:00
BRA_116289,Brasília,5300108,,Piracicabana,067.3,https://moovitapp.com/index/pt-br/transporte_p%C3%BAblico-line-067_3-Brasilia-1702-850942-339294-0,-1.0,-15.63717,-47.65121,,,,,2023-06-15T12:19:11+00:00
BRA_117196,Brasília,5300108,,Piracicabana,505.8,https://moovitapp.com/index/pt-br/transporte_p%C3%BAblico-line-505_8-Brasilia-1702-850942-339297-0,-1.0,-15.65086,-47.81044,,,,,2023-06-15T12:19:12+00:00
BRA_120651,Brasília,5300108,,Piracicabana,501.3,https://moovitapp.com/index/pt-br/transporte_p%C3%BAblico-line-501_3-Brasilia-1702-850942-242472-0,-1.0,-15.83603,-47.93258,,,,,2023-06-15T12:19:13+00:00
