bus_id,city,city_code,adapted,agency,line_code,line_url,line_fare,latitude,longitude,bus_speed,is_eletric,bus_type,bus_direction,updated_at
SAO_407E-10,São Paulo,3550308,True,,34983,,,-23.633839,-46.44308975,,,,2,2023-06-16T04:05:31+00:00
SAO_407E-10,São Paulo,3550308,True,,34983,,,-23.6335585,-46.4430015,,,,2,2023-06-16T04:05:49+00:00
SAO_407E-10,São Paulo,3550308,True,,34983,,,-23.540562,-46.541367750000006,,,,2,2023-06-16T04:05:43+00:00
SAO_407E-10,São Paulo,3550308,True,,34983,,,-23.623079750000002,-46.46513125,,,,2,2023-06-16T04:05:47+00:00
SAO_407E-10,São Paulo,3550308,True,,34983,,,-23.633248000000002,-46.4428945,,,,2,2023-06-16T04:05:42+00:00
SAO_407E-10,São Paulo,3550308,True,,34983,,,-23.62961575,-46.44387475,,,,2,2023-06-16T04:05:49+00:00
SAO_407E-10,São Paulo,3550308,True,,34983,,,-23.594275,-46.4662575,,,,2,2023-06-16T04:05:57+00:00
SAO_273J-10,São Paulo,3550308,True,,33157,,,-23.4854955,-46.3871235,,,,2,2023-06-16T04:05:30+00:00
SAO_273J-10,São Paulo,3550308,True,,33157,,,-23.479006,-46.384915,,,,2,2023-06-16T04:05:46+00:00
SAO_273J-10,São Paulo,3550308,True,,33157,,,-23.479516375,-46.385100625,,,,2,2023-06-16T04:05:47+00:00
SAO_273J-10,São Paulo,3550308,True,,33157,,,-23.506752249999998,-46.457750125000004,,,,2,2023-06-16T04:05:42+00:00
SAO_273J-10,São Paulo,3550308,True,,33157,,,-23.5010565,-46.451766500000005,,,,2,2023-06-16T04:05:31+00:00
SAO_273J-10,São Paulo,3550308,True,,33157,,,-23.479107999999997,-46.385157,,,,2,2023-06-16T04:05:49+00:00
SAO_2435-10,São Paulo,3550308,True,Cidade de Caieiras,210,https://moovitapp.com/index/pt-br/transporte_p%C3%BAblico-line-210-Sao_Paulo-242-868761-496408-0,5.0,-23.529107500000002,-46.553049,,,,1,2023-06-16T04:05:44+00:00
SAO_3766-10,São Paulo,3550308,True,,33823,,,-23.53322325,-46.440468,,,,2,2023-06-16T04:05:52+00:00
SAO_3766-10,São Paulo,3550308,True,,33823,,,-23.553821499999998,-46.428109,,,,2,2023-06-16T04:05:20+00:00
SAO_3766-10,São Paulo,3550308,True,,33823,,,-23.553821499999998,-46.428109,,,,2,2023-06-16T04:05:42+00:00
SAO_3766-10,São Paulo,3550308,True,,33823,,,-23.553821499999998,-46.428109,,,,2,2023-06-16T04:05:56+00:00
SAO_3766-10,São Paulo,3550308,True,,33823,,,-23.5535985,-46.42895,,,,2,2023-06-16T04:05:42+00:00
SAO_3766-10,São Paulo,3550308,True,,33823,,,-23.543310499999997,-46.465082499999994,,,,2,2023-06-16T04:05:25+00:00
SAO_702C-10,São Paulo,3550308,True,,33253,,,-23.547974500000002,-46.649455875,,,,2,2023-06-16T04:06:03+00:00
SAO_702C-10,São Paulo,3550308,True,,33253,,,-23.570573875,-46.744622250000006,,,,2,2023-06-16T04:05:48+00:00
SAO_702C-10,São Paulo,3550308,True,,33253,,,-23.553131125,-46.65982025,,,,2,2023-06-16T04:05:50+00:00
SAO_2007-10,São Paulo,3550308,True,,896,,,-23.510203,-46.3698615,,,,1,2023-06-16T04:05:58+00:00
SAO_2007-10,São Paulo,3550308,True,,896,,,-23.506904,-46.37107175,,,,1,2023-06-16T04:05:41+00:00
SAO_2007-10,São Paulo,3550308,True,,896,,,-23.49431425,-46.402814,,,,1,2023-06-16T04:05:25+00:00
SAO_2007-10,São Paulo,3550308,True,,896,,,-23.500357,-46.385503,,,,1,2023-06-16T04:05:36+00:00
SAO_707K-10,São Paulo,3550308,True,,2503,,,-23.651857,-46.682401999999996,,,,1,2023-06-16T04:06:04+00:00
SAO_707K-10,São Paulo,3550308,True,,2503,,,-23.667625,-46.7351955,,,,1,2023-06-16T04:05:36+00:00
SAO_707K-10,São Paulo,3550308,True,,2503,,,-23.668707,-46.7352225,,,,1,2023-06-16T04:06:00+00:00
SAO_707K-10,São Paulo,3550308,True,,2503,,,-23.6450955,-46.64122625,,,,1,2023-06-16T04:05:48+00:00
SAO_707K-10,São Paulo,3550308,True,,2503,,,-23.667625,-46.7351955,,,,1,2023-06-16T04:05:21+00:00
SAO_4286-10,São Paulo,3550308,True,,33094,,,-23.609526,-46.529048,,,,2,2023-06-16T04:05:40+00:00
SAO_4286-10,São Paulo,3550308,True,,33094,,,-23.609136999999997,-46.528772000000004,,,,2,2023-06-16T04:05:40+00:00
SAO_4286-10,São Paulo,3550308,True,,33094,,,-23.5850115,-46.5840575,,,,2,2023-06-16T04:05:49+00:00
SAO_6913-10,São Paulo,3550308,True,,34233,,,-23.7110895,-46.711177250000006,,,,2,2023-06-16T04:05:52+00:00
SAO_6913-10,São Paulo,3550308,True,,34233,,,-23.709266125,-46.71206475,,,,2,2023-06-16T04:05:58+00:00
SAO_6913-10,São Paulo,3550308,True,,34233,,,-23.650951499999998,-46.708732,,,,2,2023-06-16T04:05:39+00:00
SAO_6913-10,São Paulo,3550308,True,,34233,,,-23.76714475,-46.71695750000001,,,,2,2023-06-16T04:05:57+00:00
SAO_6913-10,São Paulo,3550308,True,,34233,,,-23.746172,-46.7074905,,,,2,2023-06-16T04:05:42+00:00
SAO_6913-10,São Paulo,3550308,True,,34233,,,-23.596951,-46.6738295,,,,2,2023-06-16T04:05:42+00:00
SAO_6913-10,São Paulo,3550308,True,,34233,,,-23.6881275,-46.71470775,,,,2,2023-06-16T04:05:44+00:00
SAO_6913-10,São Paulo,3550308,True,,34233,,,-23.6269405,-46.6878545,,,,2,2023-06-16T04:06:00+00:00
SAO_6913-10,São Paulo,3550308,True,,34233,,,-23.549774749999997,-46.642553250000006,,,,2,2023-06-16T04:05:22+00:00
SAO_6913-10,São Paulo,3550308,True,,34233,,,-23.767727999999998,-46.7167135,,,,2,2023-06-16T04:06:01+00:00
SAO_9032-10,São Paulo,3550308,True,STT,880,https://moovitapp.com/index/pt-br/transporte_p%C3%BAblico-line-880-Sao_Paulo-242-850661-183362-0,5.3,-23.4462385,-46.692054,,,,1,2023-06-16T04:05:29+00:00
SAO_9032-10,São Paulo,3550308,True,STT,880,https://moovitapp.com/index/pt-br/transporte_p%C3%BAblico-line-880-Sao_Paulo-242-850661-183362-0,5.3,-23.4520705,-46.6994965,,,,1,2023-06-16T04:05:38+00:00
SAO_9032-10,São Paulo,3550308,True,STT,880,https://moovitapp.com/index/pt-br/transporte_p%C3%BAblico-line-880-Sao_Paulo-242-850661-183362-0,5.3,-23.446290750000003,-46.692449249999996,,,,1,2023-06-16T04:05:46+00:00
SAO_9032-10,São Paulo,3550308,True,STT,880,https://moovitapp.com/index/pt-br/transporte_p%C3%BAblico-line-880-Sao_Paulo-242-850661-183362-0,5.3,-23.450224,-46.6977345,,,,1,2023-06-16T04:05:31+00:00
SAO_9032-10,São Paulo,3550308,True,STT,880,https://moovitapp.com/index/pt-br/transporte_p%C3%BAblico-line-880-Sao_Paulo-242-850661-183362-0,5.3,-23.457116,-46.69102975,,,,1,2023-06-16T04:05:56+00:00
SAO_9032-10,São Paulo,3550308,True,STT,880,https://moovitapp.com/index/pt-br/transporte_p%C3%BAblico-line-880-Sao_Paulo-242-850661-183362-0,5.3,-23.446290750000003,-46.692449249999996,,,,1,2023-06-16T04:05:41+00:00
SAO_6726-10,São Paulo,3550308,True,,33961,,,-23.73479,-46.66230675,,,,2,2023-06-16T04:05:32+00:00
SAO_6726-10,São Paulo,3550308,True,,33961,,,-23.735992,-46.665695,,,,2,2023-06-16T04:05:39+00:00
SAO_6726-10,São Paulo,3550308,True,,33961,,,-23.74464175,-46.66963762500001,,,,2,2023-06-16T04:05:58+00:00
SAO_8062-10,São Paulo,3550308,True,EMTU,420,https://moovitapp.com/index/pt-br/transporte_p%C3%BAblico-line-420-Sao_Paulo-242-2038937-36419477-0,7.1,-23.511194500000002,-46.7272655,,,,1,2023-06-16T04:05:34+00:00
SAO_709P-10,São Paulo,3550308,True,,1993,,,-23.631780499999998,-46.71531125,,,,1,2023-06-16T04:05:38+00:00
SAO_709P-10,São Paulo,3550308,True,,1993,,,-23.57996325,-46.6851545,,,,1,2023-06-16T04:05:24+00:00
SAO_971V-10,São Paulo,3550308,True,,33387,,,-23.451152999999998,-46.690967,,,,2,2023-06-16T04:06:01+00:00
SAO_971V-10,São Paulo,3550308,True,,33387,,,-23.4805725,-46.6731805,,,,2,2023-06-16T04:03:55+00:00
SAO_971V-10,São Paulo,3550308,True,,33387,,,-23.487867,-46.6729945,,,,2,2023-06-16T04:05:44+00:00
SAO_971V-10,São Paulo,3550308,True,,33387,,,-23.45167,-46.691542999999996,,,,2,2023-06-16T04:05:45+00:00
SAO_971V-10,São Paulo,3550308,True,,33387,,,-23.4513575,-46.691139,,,,2,2023-06-16T04:05:55+00:00
SAO_6080-10,São Paulo,3550308,True,,1168,,,-23.759982,-46.6777045,,,,1,2023-06-16T04:05:48+00:00
SAO_6080-10,São Paulo,3550308,True,,1168,,,-23.675117999999998,-46.678625,,,,1,2023-06-16T04:05:28+00:00
SAO_6080-10,São Paulo,3550308,True,,1168,,,-23.7607025,-46.677437499999996,,,,1,2023-06-16T04:06:02+00:00
SAO_6053-10,São Paulo,3550308,True,,33913,,,-23.753667,-46.6810455,,,,2,2023-06-16T04:05:58+00:00
SAO_6053-10,São Paulo,3550308,True,,33913,,,-23.7684675,-46.6615645,,,,2,2023-06-16T04:05:53+00:00
SAO_6053-10,São Paulo,3550308,True,,33913,,,-23.764955,-46.6700855,,,,2,2023-06-16T04:05:38+00:00
SAO_4017-10,São Paulo,3550308,True,,2190,,,-23.599667250000003,-46.4014885,,,,1,2023-06-16T04:05:34+00:00
SAO_4017-10,São Paulo,3550308,True,,2190,,,-23.580689999999997,-46.388988999999995,,,,1,2023-06-16T04:02:44+00:00
SAO_4017-10,São Paulo,3550308,True,,2190,,,-23.5902125,-46.3823955,,,,1,2023-06-16T04:05:44+00:00
SAO_4017-10,São Paulo,3550308,True,,2190,,,-23.588155999999998,-46.408985,,,,1,2023-06-16T04:01:00+00:00
SAO_3754-10,São Paulo,3550308,True,,1049,,,-23.542313,-46.417467,,,,1,2023-06-16T04:06:00+00:00
SAO_3754-10,São Paulo,3550308,True,,1049,,,-23.53338,-46.449224,,,,1,2023-06-16T04:05:39+00:00
SAO_1788-10,São Paulo,3550308,True,,33421,,,-23.4974505,-46.6156365,,,,2,2023-06-16T04:02:03+00:00
SAO_1788-10,São Paulo,3550308,True,,33421,,,-23.4632135,-46.603371249999995,,,,2,2023-06-16T04:06:02+00:00
SAO_1788-10,São Paulo,3550308,True,,33421,,,-23.430906,-46.574909,,,,2,2023-06-16T04:05:39+00:00
SAO_1788-10,São Paulo,3550308,True,,33421,,,-23.4308935,-46.575003499999994,,,,2,2023-06-16T04:05:51+00:00
SAO_1788-10,São Paulo,3550308,True,,33421,,,-23.4367245,-46.577597499999996,,,,2,2023-06-16T04:05:53+00:00
SAO_1788-10,São Paulo,3550308,True,,33421,,,-23.4308,-46.5751545,,,,2,2023-06-16T04:05:36+00:00
SAO_509J-10,São Paulo,3550308,True,,33032,,,-23.6875885,-46.654850499999995,,,,2,2023-06-16T04:05:47+00:00
SAO_509J-10,São Paulo,3550308,True,,33032,,,-23.6875885,-46.654850499999995,,,,2,2023-06-16T04:05:35+00:00
SAO_509J-10,São Paulo,3550308,True,,33032,,,-23.60210575,-46.662726875,,,,2,2023-06-16T04:05:44+00:00
SAO_509J-10,São Paulo,3550308,True,,33032,,,-23.679327999999998,-46.663608999999994,,,,2,2023-06-16T04:05:56+00:00
SAO_509J-10,São Paulo,3550308,True,,33032,,,-23.692901,-46.660759999999996,,,,2,2023-06-16T04:06:00+00:00
SAO_509J-10,São Paulo,3550308,True,,33032,,,-23.6875885,-46.654850499999995,,,,2,2023-06-16T04:05:30+00:00
SAO_509J-10,São Paulo,3550308,True,,33032,,,-23.629018000000002,-46.6656615,,,,2,2023-06-16T04:05:41+00:00
SAO_6062-51,São Paulo,3550308,True,,34507,,,-23.67704175,-46.69830925,,,,2,2023-06-16T04:05:40+00:00
SAO_6062-51,São Paulo,3550308,True,,34507,,,-23.7126865,-46.698653,,,,2,2023-06-16T04:06:04+00:00
SAO_6062-51,São Paulo,3550308,True,,34507,,,-23.7315255,-46.688188499999995,,,,2,2023-06-16T04:05:39+00:00
SAO_6062-51,São Paulo,3550308,True,,34507,,,-23.741829,-46.681028,,,,2,2023-06-16T04:05:43+00:00
SAO_6062-51,São Paulo,3550308,True,,34507,,,-23.741882,-46.6813055,,,,2,2023-06-16T04:05:33+00:00
SAO_4093-10,São Paulo,3550308,True,,2448,,,-23.5830225,-46.4086875,,,,1,2023-06-16T04:05:35+00:00
SAO_4093-10,São Paulo,3550308,True,,2448,,,-23.59131525,-46.398150375,,,,1,2023-06-16T04:05:32+00:00
SAO_4093-10,São Paulo,3550308,True,,2448,,,-23.588952,-46.395677,,,,1,2023-06-16T04:05:59+00:00
SAO_4093-10,São Paulo,3550308,True,,2448,,,-23.588952,-46.395677,,,,1,2023-06-16T04:05:49+00:00
SAO_4093-10,São Paulo,3550308,True,,2448,,,-23.588952,-46.395677,,,,1,2023-06-16T04:05:22+00:00
SAO_4093-10,São Paulo,3550308,True,,2448,,,-23.58308,-46.408871000000005,,,,1,2023-06-16T04:05:35+00:00
SAO_5032-10,São Paulo,3550308,True,,1662,,,-23.6368005,-46.593399500000004,,,,1,2023-06-16T04:05:43+00:00
SAO_5032-10,São Paulo,3550308,True,,1662,,,-23.60427125,-46.588049125,,,,1,2023-06-16T04:05:28+00:00
SAO_5032-10,São Paulo,3550308,True,,1662,,,-23.6368005,-46.593399500000004,,,,1,2023-06-16T04:05:47+00:00
SAO_5032-10,São Paulo,3550308,True,,1662,,,-23.602458,-46.6029235,,,,1,2023-06-16T04:05:38+00:00
SAO_5032-10,São Paulo,3550308,True,,1662,,,-23.631518999999997,-46.58502,,,,1,2023-06-16T04:05:24+00:00
SAO_4716-10,São Paulo,3550308,True,,1106,,,-23.618935999999998,-46.6193865,,,,1,2023-06-16T04:05:45+00:00
SAO_4716-10,São Paulo,3550308,True,,1106,,,-23.601743,-46.601547,,,,1,2023-06-16T04:05:40+00:00
SAO_4716-10,São Paulo,3550308,True,,1106,,,-23.599644,-46.636675499999996,,,,1,2023-06-16T04:05:50+00:00
SAO_4716-10,São Paulo,3550308,True,,1106,,,-23.599649,-46.637840499999996,,,,1,2023-06-16T04:05:59+00:00
SAO_4716-10,São Paulo,3550308,True,,1106,,,-23.601743,-46.601547,,,,1,2023-06-16T04:05:57+00:00
SAO_342M-10,São Paulo,3550308,True,,747,,,-23.535376499999998,-46.558717,,,,1,2023-06-16T04:05:31+00:00
SAO_342M-10,São Paulo,3550308,True,,747,,,-23.60590275,-46.4797095,,,,1,2023-06-16T04:05:27+00:00
SAO_342M-10,São Paulo,3550308,True,,747,,,-23.55342375,-46.52788325,,,,1,2023-06-16T04:05:57+00:00
SAO_342M-10,São Paulo,3550308,True,,747,,,-23.5991515,-46.485439875,,,,1,2023-06-16T04:05:49+00:00
SAO_342M-10,São Paulo,3550308,True,,747,,,-23.567836874999998,-46.510108625,,,,1,2023-06-16T04:05:57+00:00
SAO_342M-10,São Paulo,3550308,True,,747,,,-23.567560125,-46.510394375000004,,,,1,2023-06-16T04:05:50+00:00
SAO_342M-10,São Paulo,3550308,True,,747,,,-23.547890250000002,-46.53908025,,,,1,2023-06-16T04:05:57+00:00
SAO_3728-41,São Paulo,3550308,True,,1988,,,-23.5421635,-46.4837615,,,,1,2023-06-16T04:05:58+00:00
SAO_3728-41,São Paulo,3550308,True,,1988,,,-23.548005125000003,-46.486399500000005,,,,1,2023-06-16T04:05:59+00:00
SAO_8004-10,São Paulo,3550308,True,,34022,,,-23.470457,-46.751476499999995,,,,2,2023-06-16T04:05:47+00:00
SAO_8004-10,São Paulo,3550308,True,,34022,,,-23.510827,-46.72779625,,,,2,2023-06-16T04:05:50+00:00
SAO_8004-10,São Paulo,3550308,True,,34022,,,-23.47788525,-46.74797325,,,,2,2023-06-16T04:05:41+00:00
SAO_8004-10,São Paulo,3550308,True,,34022,,,-23.470457,-46.751476499999995,,,,2,2023-06-16T04:05:48+00:00
SAO_8004-10,São Paulo,3550308,True,,34022,,,-23.47043,-46.752005999999994,,,,2,2023-06-16T04:05:35+00:00
SAO_2719-10,São Paulo,3550308,True,,932,,,-23.531430999999998,-46.529588000000004,,,,1,2023-06-16T04:05:53+00:00
SAO_2719-10,São Paulo,3550308,True,,932,,,-23.510282,-46.505006,,,,1,2023-06-16T04:05:35+00:00
SAO_2719-10,São Paulo,3550308,True,,932,,,-23.531342000000002,-46.5303805,,,,1,2023-06-16T04:05:39+00:00
SAO_2719-10,São Paulo,3550308,True,,932,,,-23.521054,-46.525456500000004,,,,1,2023-06-16T04:05:57+00:00
SAO_2719-10,São Paulo,3550308,True,,932,,,-23.4953355,-46.468536,,,,1,2023-06-16T04:05:20+00:00
SAO_2719-10,São Paulo,3550308,True,,932,,,-23.492278499999998,-46.478474500000004,,,,1,2023-06-16T04:05:58+00:00
SAO_2719-10,São Paulo,3550308,True,,932,,,-23.531444999999998,-46.5293925,,,,1,2023-06-16T04:05:41+00:00
SAO_1705-10,São Paulo,3550308,True,,33617,,,-23.479800500000003,-46.6022105,,,,2,2023-06-16T04:05:37+00:00
SAO_1705-10,São Paulo,3550308,True,,33617,,,-23.434339,-46.58389525,,,,2,2023-06-16T04:06:00+00:00
SAO_1705-10,São Paulo,3550308,True,,33617,,,-23.434625,-46.5839955,,,,2,2023-06-16T04:01:37+00:00
SAO_1705-10,São Paulo,3550308,True,,33617,,,-23.4447155,-46.585969000000006,,,,2,2023-06-16T04:05:40+00:00
SAO_1705-10,São Paulo,3550308,True,,33617,,,-23.477297,-46.6052495,,,,2,2023-06-16T04:05:02+00:00
SAO_1705-10,São Paulo,3550308,True,,33617,,,-23.456816,-46.593374499999996,,,,2,2023-06-16T04:05:21+00:00
SAO_407L-10,São Paulo,3550308,True,,34967,,,-23.524316,-46.5077245,,,,2,2023-06-16T04:05:34+00:00
SAO_407L-10,São Paulo,3550308,True,,34967,,,-23.535528,-46.4545035,,,,2,2023-06-16T04:05:52+00:00
SAO_407L-10,São Paulo,3550308,True,,34967,,,-23.5654685,-46.415849,,,,2,2023-06-16T04:06:02+00:00
SAO_407L-10,São Paulo,3550308,True,,34967,,,-23.591207,-46.394471,,,,2,2023-06-16T04:05:49+00:00
SAO_407L-10,São Paulo,3550308,True,,34967,,,-23.590592,-46.3947795,,,,2,2023-06-16T04:05:55+00:00
SAO_407L-10,São Paulo,3550308,True,,34967,,,-23.5340095,-46.42957,,,,2,2023-06-16T04:01:15+00:00
SAO_407L-10,São Paulo,3550308,True,,34967,,,-23.590415999999998,-46.394861500000005,,,,2,2023-06-16T04:05:59+00:00
SAO_407L-10,São Paulo,3550308,True,,34967,,,-23.579252500000003,-46.4153375,,,,2,2023-06-16T04:05:46+00:00
SAO_4735-10,São Paulo,3550308,True,,1110,,,-23.6051385,-46.480371500000004,,,,1,2023-06-16T04:06:02+00:00
SAO_1012-10,São Paulo,3550308,True,,2486,,,-23.433021500000002,-46.7927615,,,,1,2023-06-16T04:05:20+00:00
SAO_1012-10,São Paulo,3550308,True,,2486,,,-23.436321749999998,-46.80521,,,,1,2023-06-16T04:05:23+00:00
SAO_2104-10,São Paulo,3550308,True,,35023,,,-23.5464215,-46.626594499999996,,,,2,2023-06-16T04:05:22+00:00
SAO_2104-10,São Paulo,3550308,True,,35023,,,-23.502574,-46.624022999999994,,,,2,2023-06-16T04:05:26+00:00
SAO_2104-10,São Paulo,3550308,True,,35023,,,-23.502102999999998,-46.624000499999994,,,,2,2023-06-16T04:05:54+00:00
SAO_647P-10,São Paulo,3550308,True,,1316,,,-23.6740445,-46.78351,,,,1,2023-06-16T04:06:03+00:00
SAO_647P-10,São Paulo,3550308,True,,1316,,,-23.675376999999997,-46.7844185,,,,1,2023-06-16T04:05:41+00:00
SAO_647P-10,São Paulo,3550308,True,,1316,,,-23.565247999999997,-46.696033,,,,1,2023-06-16T04:05:39+00:00
SAO_647P-10,São Paulo,3550308,True,,1316,,,-23.653319,-46.735434999999995,,,,1,2023-06-16T04:05:23+00:00
SAO_647P-10,São Paulo,3550308,True,,1316,,,-23.5976665,-46.7086685,,,,1,2023-06-16T04:05:54+00:00
SAO_476G-41,São Paulo,3550308,True,,33880,,,-23.593085000000002,-46.563878,,,,2,2023-06-16T04:05:56+00:00
SAO_9500-10,São Paulo,3550308,True,,33229,,,-23.4742495,-46.669781,,,,2,2023-06-16T04:05:18+00:00
SAO_9500-10,São Paulo,3550308,True,,33229,,,-23.509027000000003,-46.6654485,,,,2,2023-06-16T04:06:03+00:00
SAO_9500-10,São Paulo,3550308,True,,33229,,,-23.4742495,-46.669781,,,,2,2023-06-16T04:05:53+00:00
SAO_9500-10,São Paulo,3550308,True,,33229,,,-23.531614,-46.64590875,,,,2,2023-06-16T04:06:03+00:00
SAO_9500-10,São Paulo,3550308,True,,33229,,,-23.476562,-46.672405999999995,,,,2,2023-06-16T04:06:00+00:00
SAO_7245-10,São Paulo,3550308,True,EMTU,363,https://moovitapp.com/index/pt-br/transporte_p%C3%BAblico-line-363-Sao_Paulo-242-2038937-36419444-0,5.1,-23.654266,-46.711191,,,,1,2023-06-16T04:05:19+00:00
SAO_7245-10,São Paulo,3550308,True,EMTU,363,https://moovitapp.com/index/pt-br/transporte_p%C3%BAblico-line-363-Sao_Paulo-242-2038937-36419444-0,5.1,-23.59557125,-46.688457875,,,,1,2023-06-16T04:06:01+00:00
SAO_7245-10,São Paulo,3550308,True,EMTU,363,https://moovitapp.com/index/pt-br/transporte_p%C3%BAblico-line-363-Sao_Paulo-242-2038937-36419444-0,5.1,-23.654266,-46.711191,,,,1,2023-06-16T04:05:34+00:00
SAO_7245-10,São Paulo,3550308,True,EMTU,363,https://moovitapp.com/index/pt-br/transporte_p%C3%BAblico-line-363-Sao_Paulo-242-2038937-36419444-0,5.1,-23.5605665,-46.671968,,,,1,2023-06-16T04:05:52+00:00
SAO_7245-10,São Paulo,3550308,True,EMTU,363,https://moovitapp.com/index/pt-br/transporte_p%C3%BAblico-line-363-Sao_Paulo-242-2038937-36419444-0,5.1,-23.6397565,-46.7117255,,,,1,2023-06-16T04:05:23+00:00
SAO_4314-10,São Paulo,3550308,True,,34942,,,-23.550278812499997,-46.606415687500004,,,,2,2023-06-16T04:05:47+00:00
SAO_4314-10,São Paulo,3550308,True,,34942,,,-23.5558615,-46.468648,,,,2,2023-06-16T04:05:34+00:00
SAO_4314-10,São Paulo,3550308,True,,34942,,,-23.556582749999997,-46.470395749999994,,,,2,2023-06-16T04:05:37+00:00
SAO_4314-10,São Paulo,3550308,True,,34942,,,-23.5736485,-46.3986825,,,,2,2023-06-16T04:05:27+00:00
SAO_4314-10,São Paulo,3550308,True,,34942,,,-23.541446,-46.536075499999995,,,,2,2023-06-16T04:05:33+00:00
SAO_4314-10,São Paulo,3550308,True,,34942,,,-23.564294500000003,-46.414345,,,,2,2023-06-16T04:05:21+00:00
SAO_3539-10,São Paulo,3550308,True,,33516,,,-23.547568750000003,-46.601284125,,,,2,2023-06-16T04:05:57+00:00
SAO_3539-10,São Paulo,3550308,True,,33516,,,-23.6008165,-46.399510500000005,,,,2,2023-06-16T04:06:01+00:00
SAO_3539-10,São Paulo,3550308,True,,33516,,,-23.546485,-46.605644,,,,2,2023-06-16T04:05:32+00:00
SAO_3539-10,São Paulo,3550308,True,,33516,,,-23.6006425,-46.3996595,,,,2,2023-06-16T04:05:42+00:00
SAO_3539-10,São Paulo,3550308,True,,33516,,,-23.586068500000003,-46.4092865,,,,2,2023-06-16T04:02:17+00:00
SAO_3539-10,São Paulo,3550308,True,,33516,,,-23.590642250000002,-46.416775,,,,2,2023-06-16T04:05:31+00:00
SAO_3539-10,São Paulo,3550308,True,,33516,,,-23.57804675,-46.44340625,,,,2,2023-06-16T04:05:49+00:00
SAO_3539-10,São Paulo,3550308,True,,33516,,,-23.5949785,-46.4406365,,,,2,2023-06-16T04:05:32+00:00
SAO_3539-10,São Paulo,3550308,True,,33516,,,-23.60109525,-46.39926,,,,2,2023-06-16T04:06:02+00:00
SAO_3539-10,São Paulo,3550308,True,,33516,,,-23.5314775,-46.5016385,,,,2,2023-06-16T04:05:41+00:00
SAO_7016-10,São Paulo,3550308,True,,2118,,,-23.672975,-46.734311500000004,,,,1,2023-06-16T04:05:31+00:00
SAO_7016-10,São Paulo,3550308,True,,2118,,,-23.688173499999998,-46.773318,,,,1,2023-06-16T04:05:56+00:00
SAO_775F-10,São Paulo,3550308,True,,33564,,,-23.5912055,-46.703376500000005,,,,2,2023-06-16T04:05:24+00:00
SAO_775F-10,São Paulo,3550308,True,,33564,,,-23.625425999999997,-46.7482945,,,,2,2023-06-16T04:06:03+00:00
SAO_775F-10,São Paulo,3550308,True,,33564,,,-23.6254755,-46.747764000000004,,,,2,2023-06-16T04:05:55+00:00
SAO_775F-10,São Paulo,3550308,True,,33564,,,-23.553594500000003,-46.674957500000005,,,,2,2023-06-16T04:05:26+00:00
SAO_775F-10,São Paulo,3550308,True,,33564,,,-23.6068745,-46.7253665,,,,2,2023-06-16T04:05:30+00:00
SAO_2011-10,São Paulo,3550308,True,,34904,,,-23.490397,-46.5710545,,,,2,2023-06-16T04:05:53+00:00
SAO_2011-10,São Paulo,3550308,True,,34904,,,-23.4900685,-46.5707825,,,,2,2023-06-16T04:05:48+00:00
SAO_2011-10,São Paulo,3550308,True,,34904,,,-23.489211,-46.570646999999994,,,,2,2023-06-16T04:03:47+00:00
SAO_2011-10,São Paulo,3550308,True,,34904,,,-23.4936575,-46.6230095,,,,2,2023-06-16T04:05:51+00:00
SAO_2011-10,São Paulo,3550308,True,,34904,,,-23.47614875,-46.594917249999995,,,,2,2023-06-16T04:05:45+00:00
SAO_1709-10,São Paulo,3550308,True,,851,,,-23.479376375,-46.603372625,,,,1,2023-06-16T04:05:50+00:00
SAO_1709-10,São Paulo,3550308,True,,851,,,-23.4412375,-46.5814765,,,,1,2023-06-16T04:05:59+00:00
SAO_1709-10,São Paulo,3550308,True,,851,,,-23.4412375,-46.5814765,,,,1,2023-06-16T04:05:35+00:00
SAO_1709-10,São Paulo,3550308,True,,851,,,-23.4412375,-46.5814765,,,,1,2023-06-16T04:05:53+00:00
SAO_1709-10,São Paulo,3550308,True,,851,,,-23.4412375,-46.5814765,,,,1,2023-06-16T04:05:18+00:00
SAO_1709-10,São Paulo,3550308,True,,851,,,-23.4412375,-46.5814765,,,,1,2023-06-16T04:05:56+00:00
SAO_1709-10,São Paulo,3550308,True,,851,,,-23.4412375,-46.5814765,,,,1,2023-06-16T04:05:59+00:00
SAO_1709-10,São Paulo,3550308,True,,851,,,-23.4412375,-46.5814765,,,,1,2023-06-16T04:05:44+00:00
SAO_1709-10,São Paulo,3550308,True,,851,,,-23.4412375,-46.5814765,,,,1,2023-06-16T04:05:26+00:00
SAO_1709-10,São Paulo,3550308,True,,851,,,-23.438671999999997,-46.5850155,,,,1,2023-06-16T04:05:34+00:00
SAO_1709-10,São Paulo,3550308,True,,851,,,-23.4412375,-46.5814765,,,,1,2023-06-16T04:06:01+00:00
SAO_1709-10,São Paulo,3550308,True,,851,,,-23.453660624999998,-46.598872375,,,,1,2023-06-16T04:05:33+00:00
SAO_1709-10,São Paulo,3550308,True,,851,,,-23.4412375,-46.5814765,,,,1,2023-06-16T04:04:30+00:00
SAO_9501-10,São Paulo,3550308,True,,33230,,,-23.4742495,-46.669781,,,,2,2023-06-16T04:05:28+00:00
SAO_9501-10,São Paulo,3550308,True,,33230,,,-23.4873455,-46.6824255,,,,2,2023-06-16T04:05:21+00:00
SAO_9501-10,São Paulo,3550308,True,,33230,,,-23.474438499999998,-46.669928999999996,,,,2,2023-06-16T04:05:38+00:00
SAO_9501-10,São Paulo,3550308,True,,33230,,,-23.474438499999998,-46.669928999999996,,,,2,2023-06-16T04:05:42+00:00
SAO_9501-10,São Paulo,3550308,True,,33230,,,-23.475020999999998,-46.670199,,,,2,2023-06-16T04:05:58+00:00
SAO_9501-10,São Paulo,3550308,True,,33230,,,-23.5175305,-46.68095825,,,,2,2023-06-16T04:05:47+00:00
SAO_9501-10,São Paulo,3550308,True,,33230,,,-23.522741874999998,-46.658436625,,,,2,2023-06-16T04:05:36+00:00
SAO_271P-10,São Paulo,3550308,True,,704,,,-23.5299785,-46.60889125,,,,1,2023-06-16T04:05:51+00:00
SAO_271P-10,São Paulo,3550308,True,,704,,,-23.520069499999998,-46.548517375,,,,1,2023-06-16T04:05:58+00:00
SAO_819A-10,São Paulo,3550308,True,,33571,,,-23.4704665,-46.676357499999995,,,,2,2023-06-16T04:05:45+00:00
SAO_819A-10,São Paulo,3550308,True,,33571,,,-23.43420675,-46.719553499999996,,,,2,2023-06-16T04:05:35+00:00
SAO_819A-10,São Paulo,3550308,True,,33571,,,-23.444673,-46.748174500000005,,,,2,2023-06-16T04:05:37+00:00
SAO_819A-10,São Paulo,3550308,True,,33571,,,-23.439236,-46.750571,,,,2,2023-06-16T04:05:45+00:00
SAO_819A-10,São Paulo,3550308,True,,33571,,,-23.4387105,-46.748492,,,,2,2023-06-16T04:05:30+00:00
SAO_819A-10,São Paulo,3550308,True,,33571,,,-23.459804999999996,-46.68515025,,,,2,2023-06-16T04:05:31+00:00
SAO_819A-10,São Paulo,3550308,True,,33571,,,-23.482777750000004,-46.673474999999996,,,,2,2023-06-16T04:05:22+00:00
SAO_819A-10,São Paulo,3550308,True,,33571,,,-23.437913375,-46.710179,,,,2,2023-06-16T04:05:57+00:00
SAO_2014-10,São Paulo,3550308,True,Urubupungá,900,https://moovitapp.com/index/pt-br/transporte_p%C3%BAblico-line-900-Sao_Paulo-242-873835-496470-0,4.6,-23.457081000000002,-46.669748,,,,1,2023-06-16T04:06:01+00:00
SAO_2014-10,São Paulo,3550308,True,Urubupungá,900,https://moovitapp.com/index/pt-br/transporte_p%C3%BAblico-line-900-Sao_Paulo-242-873835-496470-0,4.6,-23.457081000000002,-46.669748,,,,1,2023-06-16T04:05:36+00:00
SAO_2014-10,São Paulo,3550308,True,Urubupungá,900,https://moovitapp.com/index/pt-br/transporte_p%C3%BAblico-line-900-Sao_Paulo-242-873835-496470-0,4.6,-23.457446,-46.673119,,,,1,2023-06-16T04:05:39+00:00
SAO_2014-10,São Paulo,3550308,True,Urubupungá,900,https://moovitapp.com/index/pt-br/transporte_p%C3%BAblico-line-900-Sao_Paulo-242-873835-496470-0,4.6,-23.4666405,-46.668892,,,,1,2023-06-16T04:06:02+00:00
SAO_2014-10,São Paulo,3550308,True,Urubupungá,900,https://moovitapp.com/index/pt-br/transporte_p%C3%BAblico-line-900-Sao_Paulo-242-873835-496470-0,4.6,-23.457081000000002,-46.669748,,,,1,2023-06-16T04:05:55+00:00
SAO_2014-10,São Paulo,3550308,True,Urubupungá,900,https://moovitapp.com/index/pt-br/transporte_p%C3%BAblico-line-900-Sao_Paulo-242-873835-496470-0,4.6,-23.457081000000002,-46.669748,,,,1,2023-06-16T04:05:34+00:00
SAO_2014-10,São Paulo,3550308,True,Urubupungá,900,https://moovitapp.com/index/pt-br/transporte_p%C3%BAblico-line-900-Sao_Paulo-242-873835-496470-0,4.6,-23.457446,-46.673119,,,,1,2023-06-16T04:05:22+00:00
SAO_2014-10,São Paulo,3550308,True,Urubupungá,900,https://moovitapp.com/index/pt-br/transporte_p%C3%BAblico-line-900-Sao_Paulo-242-873835-496470-0,4.6,-23.527618,-46.6741775,,,,1,2023-06-16T04:05:59+00:00
SAO_2014-10,São Paulo,3550308,True,Urubupungá,900,https://moovitapp.com/index/pt-br/transporte_p%C3%BAblico-line-900-Sao_Paulo-242-873835-496470-0,4.6,-23.4954665,-46.661544,,,,1,2023-06-16T04:06:03+00:00
SAO_2014-10,São Paulo,3550308,True,Urubupungá,900,https://moovitapp.com/index/pt-br/transporte_p%C3%BAblico-line-900-Sao_Paulo-242-873835-496470-0,4.6,-23.5266425,-46.66785350000001,,,,1,2023-06-16T04:05:27+00:00
SAO_2014-10,São Paulo,3550308,True,Urubupungá,900,https://moovitapp.com/index/pt-br/transporte_p%C3%BAblico-line-900-Sao_Paulo-242-873835-496470-0,4.6,-23.457081000000002,-46.669748,,,,1,2023-06-16T04:05:27+00:00
SAO_2014-10,São Paulo,3550308,True,Urubupungá,900,https://moovitapp.com/index/pt-br/transporte_p%C3%BAblico-line-900-Sao_Paulo-242-873835-496470-0,4.6,-23.457081000000002,-46.669748,,,,1,2023-06-16T04:05:54+00:00
SAO_2014-10,São Paulo,3550308,True,Urubupungá,900,https://moovitapp.com/index/pt-br/transporte_p%C3%BAblico-line-900-Sao_Paulo-242-873835-496470-0,4.6,-23.5266425,-46.66785350000001,,,,1,2023-06-16T04:05:44+00:00
SAO_2014-10,São Paulo,3550308,True,Urubupungá,900,https://moovitapp.com/index/pt-br/transporte_p%C3%BAblico-line-900-Sao_Paulo-242-873835-496470-0,4.6,-23.457081000000002,-46.669748,,,,1,2023-06-16T04:05:46+00:00
SAO_2014-10,São Paulo,3550308,True,Urubupungá,900,https://moovitapp.com/index/pt-br/transporte_p%C3%BAblico-line-900-Sao_Paulo-242-873835-496470-0,4.6,-23.457081000000002,-46.669748,,,,1,2023-06-16T04:05:48+00:00
SAO_1701-10,São Paulo,3550308,True,EMTU,845,https://moovitapp.com/index/pt-br/transporte_p%C3%BAblico-line-845-Sao_Paulo-242-2038937-36419607-0,5.15,-23.5019535,-46.6163515,,,,1,2023-06-16T04:05:08+00:00
SAO_1701-10,São Paulo,3550308,True,EMTU,845,https://moovitapp.com/index/pt-br/transporte_p%C3%BAblico-line-845-Sao_Paulo-242-2038937-36419607-0,5.15,-23.4481685,-46.574013,,,,1,2023-06-16T04:02:35+00:00
SAO_856R-10,São Paulo,3550308,True,,1428,,,-23.669694,-46.71912525,,,,1,2023-06-16T04:05:58+00:00
SAO_856R-10,São Paulo,3550308,True,,1428,,,-23.669865,-46.719399249999995,,,,1,2023-06-16T04:05:18+00:00
SAO_856R-10,São Paulo,3550308,True,,1428,,,-23.535138625000002,-46.688269125000005,,,,1,2023-06-16T04:05:27+00:00
SAO_856R-10,São Paulo,3550308,True,,1428,,,-23.5831841875,-46.675964125,,,,1,2023-06-16T04:05:47+00:00
SAO_856R-10,São Paulo,3550308,True,,1428,,,-23.521862,-46.6976475,,,,1,2023-06-16T04:05:36+00:00
SAO_856R-10,São Paulo,3550308,True,,1428,,,-23.669865,-46.719399249999995,,,,1,2023-06-16T04:05:20+00:00
SAO_856R-10,São Paulo,3550308,True,,1428,,,-23.578109875,-46.68648,,,,1,2023-06-16T04:06:01+00:00
SAO_856R-10,São Paulo,3550308,True,,1428,,,-23.619053,-46.6827505,,,,1,2023-06-16T04:05:43+00:00
SAO_856R-10,São Paulo,3550308,True,,1428,,,-23.521862,-46.6976475,,,,1,2023-06-16T04:05:20+00:00
SAO_1760-10,São Paulo,3550308,True,,33325,,,-23.457126,-46.65923775,,,,2,2023-06-16T04:05:37+00:00
SAO_1760-10,São Paulo,3550308,True,,33325,,,-23.457146,-46.659533249999996,,,,2,2023-06-16T04:05:59+00:00
SAO_1760-10,São Paulo,3550308,True,,33325,,,-23.514395,-46.616076,,,,2,2023-06-16T04:05:45+00:00
SAO_1760-10,São Paulo,3550308,True,,33325,,,-23.469575499999998,-46.6562475,,,,2,2023-06-16T04:06:02+00:00
SAO_3729-10,São Paulo,3550308,True,,1026,,,-23.564021500000003,-46.5052175,,,,1,2023-06-16T04:05:47+00:00
SAO_3729-10,São Paulo,3550308,True,,1026,,,-23.570998,-46.50981175,,,,1,2023-06-16T04:05:21+00:00
SAO_3729-10,São Paulo,3550308,True,,1026,,,-23.5532155,-46.5637595,,,,1,2023-06-16T04:05:28+00:00
SAO_3729-10,São Paulo,3550308,True,,1026,,,-23.5780295,-46.539624,,,,1,2023-06-16T04:06:01+00:00
SAO_3729-10,São Paulo,3550308,True,,1026,,,-23.538457,-46.5637265,,,,1,2023-06-16T04:05:37+00:00
SAO_3729-10,São Paulo,3550308,True,,1026,,,-23.564541249999998,-46.54697425,,,,1,2023-06-16T04:06:00+00:00
SAO_1771-10,São Paulo,3550308,True,,634,,,-23.48369525,-46.614146,,,,1,2023-06-16T04:03:53+00:00
SAO_1771-10,São Paulo,3550308,True,,634,,,-23.45636925,-46.592832,,,,1,2023-06-16T04:06:00+00:00
SAO_1771-10,São Paulo,3550308,True,,634,,,-23.430882500000003,-46.574838,,,,1,2023-06-16T04:05:39+00:00
SAO_1771-10,São Paulo,3550308,True,,634,,,-23.430882500000003,-46.574838,,,,1,2023-06-16T04:05:33+00:00
SAO_1771-10,São Paulo,3550308,True,,634,,,-23.4633415,-46.5954095,,,,1,2023-06-16T04:05:34+00:00
SAO_5300-10,São Paulo,3550308,True,,33122,,,-23.6433235,-46.70051375,,,,2,2023-06-16T04:05:56+00:00
SAO_5300-10,São Paulo,3550308,True,,33122,,,-23.572406125,-46.641142875,,,,2,2023-06-16T04:05:28+00:00
SAO_5300-10,São Paulo,3550308,True,,33122,,,-23.654289499999997,-46.712961,,,,2,2023-06-16T04:05:39+00:00
SAO_5300-10,São Paulo,3550308,True,,33122,,,-23.612731000000004,-46.67087775,,,,2,2023-06-16T04:05:30+00:00
SAO_8012-10,São Paulo,3550308,True,,2023,,,-23.568271,-46.739903,,,,1,2023-06-16T04:06:01+00:00
SAO_8012-10,São Paulo,3550308,True,,2023,,,-23.568141,-46.7400545,,,,1,2023-06-16T04:05:55+00:00
SAO_8012-10,São Paulo,3550308,True,,2023,,,-23.560056,-46.742906500000004,,,,1,2023-06-16T04:05:45+00:00
SAO_407J-10,São Paulo,3550308,True,,34966,,,-23.582603,-46.491417999999996,,,,2,2023-06-16T04:03:55+00:00
SAO_407J-10,São Paulo,3550308,True,,34966,,,-23.55371425,-46.40418275,,,,2,2023-06-16T04:05:37+00:00
SAO_407J-10,São Paulo,3550308,True,,34966,,,-23.5454365,-46.5445605,,,,2,2023-06-16T04:05:57+00:00
SAO_407J-10,São Paulo,3550308,True,,34966,,,-23.553976,-46.403709,,,,2,2023-06-16T04:05:49+00:00
SAO_407J-10,São Paulo,3550308,True,,34966,,,-23.564242999999998,-46.5138835,,,,2,2023-06-16T04:05:21+00:00
SAO_407J-10,São Paulo,3550308,True,,34966,,,-23.544829749999998,-46.56764975,,,,2,2023-06-16T04:05:55+00:00
SAO_407J-10,São Paulo,3550308,True,,34966,,,-23.5540335,-46.403518000000005,,,,2,2023-06-16T04:05:26+00:00
SAO_407J-10,São Paulo,3550308,True,,34966,,,-23.55371425,-46.40418275,,,,2,2023-06-16T04:05:41+00:00
SAO_407J-10,São Paulo,3550308,True,,34966,,,-23.5610385,-46.47443675,,,,2,2023-06-16T04:05:36+00:00
SAO_407J-10,São Paulo,3550308,True,,34966,,,-23.541229,-46.5766665,,,,2,2023-06-16T04:05:58+00:00
SAO_407J-10,São Paulo,3550308,True,,34966,,,-23.55371425,-46.40418275,,,,2,2023-06-16T03:52:24+00:00
SAO_407J-10,São Paulo,3550308,True,,34966,,,-23.5540335,-46.403518000000005,,,,2,2023-06-16T04:05:49+00:00
SAO_407J-10,São Paulo,3550308,True,,34966,,,-23.5772115,-46.48157725,,,,2,2023-06-16T04:05:28+00:00
SAO_407J-10,São Paulo,3550308,True,,34966,,,-23.53314125,-46.430143625,,,,2,2023-06-16T04:03:17+00:00
SAO_9717-10,São Paulo,3550308,True,,817,,,-23.463303,-46.6814685,,,,1,2023-06-16T04:05:33+00:00
SAO_9717-10,São Paulo,3550308,True,,817,,,-23.5049575,-46.6926845,,,,1,2023-06-16T04:05:59+00:00
SAO_9717-10,São Paulo,3550308,True,,817,,,-23.463303,-46.6814685,,,,1,2023-06-16T04:05:43+00:00
SAO_9717-10,São Paulo,3550308,True,,817,,,-23.515073875,-46.64087925,,,,1,2023-06-16T04:05:39+00:00
SAO_1020-10,São Paulo,3550308,True,,35265,,,-23.446334999999998,-46.722477,,,,2,2023-06-16T04:05:56+00:00
SAO_1020-10,São Paulo,3550308,True,,35265,,,-23.410570999999997,-46.7636235,,,,2,2023-06-16T04:05:49+00:00
SAO_1020-10,São Paulo,3550308,True,,35265,,,-23.4106675,-46.763892,,,,2,2023-06-16T04:05:49+00:00
SAO_1020-10,São Paulo,3550308,True,,35265,,,-23.4099305,-46.76514400000001,,,,2,2023-06-16T04:05:33+00:00
SAO_1020-10,São Paulo,3550308,True,,35265,,,-23.4855545,-46.710256,,,,2,2023-06-16T04:05:32+00:00
SAO_1020-10,São Paulo,3550308,True,,35265,,,-23.4106675,-46.763892,,,,2,2023-06-16T04:05:47+00:00
SAO_574W-10,São Paulo,3550308,True,,34397,,,-23.557406,-46.570645999999996,,,,2,2023-06-16T04:05:39+00:00
SAO_574W-10,São Paulo,3550308,True,,34397,,,-23.570710249999998,-46.53923125,,,,2,2023-06-16T04:05:52+00:00
SAO_574W-10,São Paulo,3550308,True,,34397,,,-23.618295,-46.483785999999995,,,,2,2023-06-16T04:05:40+00:00
SAO_574W-10,São Paulo,3550308,True,,34397,,,-23.61519175,-46.48790975,,,,2,2023-06-16T04:05:29+00:00
SAO_574W-10,São Paulo,3550308,True,,34397,,,-23.589326,-46.520392,,,,2,2023-06-16T04:05:33+00:00
SAO_695T-10,São Paulo,3550308,True,,34090,,,-23.654127000000003,-46.762448000000006,,,,2,2023-06-16T04:05:36+00:00
SAO_695T-10,São Paulo,3550308,True,,34090,,,-23.597519375,-46.65325850000001,,,,2,2023-06-16T04:06:00+00:00
SAO_695T-10,São Paulo,3550308,True,,34090,,,-23.647973,-46.7483545,,,,2,2023-06-16T04:05:44+00:00
SAO_695T-10,São Paulo,3550308,True,,34090,,,-23.6460668125,-46.709140375000004,,,,2,2023-06-16T04:05:49+00:00
SAO_9162-10,São Paulo,3550308,True,,1365,,,-23.47459075,-46.67080675,,,,1,2023-06-16T04:05:59+00:00
SAO_307C-10,São Paulo,3550308,True,,34882,,,-23.5037935,-46.379870499999996,,,,2,2023-06-16T04:05:50+00:00
SAO_307C-10,São Paulo,3550308,True,,34882,,,-23.5182735,-46.386465,,,,2,2023-06-16T04:05:53+00:00
SAO_307C-10,São Paulo,3550308,True,,34882,,,-23.5037935,-46.379870499999996,,,,2,2023-06-16T04:05:43+00:00
SAO_307C-10,São Paulo,3550308,True,,34882,,,-23.49898175,-46.39974575,,,,2,2023-06-16T04:05:16+00:00
SAO_307C-10,São Paulo,3550308,True,,34882,,,-23.5396645,-46.4836655,,,,2,2023-06-16T04:05:37+00:00
SAO_307C-10,São Paulo,3550308,True,,34882,,,-23.503725000000003,-46.379984,,,,2,2023-06-16T04:05:36+00:00
SAO_475R-10,São Paulo,3550308,True,,344,,,-23.65282,-46.607729000000006,,,,1,2023-06-16T04:05:28+00:00
SAO_475R-10,São Paulo,3550308,True,,344,,,-23.65282,-46.607729000000006,,,,1,2023-06-16T04:05:28+00:00
SAO_475R-10,São Paulo,3550308,True,,344,,,-23.65282,-46.607729000000006,,,,1,2023-06-16T04:05:24+00:00
SAO_475R-10,São Paulo,3550308,True,,344,,,-23.65282,-46.607729000000006,,,,1,2023-06-16T04:05:58+00:00
SAO_475R-10,São Paulo,3550308,True,,344,,,-23.593423,-46.64547,,,,1,2023-06-16T04:05:19+00:00
SAO_475R-10,São Paulo,3550308,True,,344,,,-23.649374,-46.6223455,,,,1,2023-06-16T04:04:08+00:00
SAO_475R-10,São Paulo,3550308,True,,344,,,-23.65282,-46.607729000000006,,,,1,2023-06-16T04:05:28+00:00
SAO_475R-10,São Paulo,3550308,True,,344,,,-23.65282,-46.607729000000006,,,,1,2023-06-16T04:06:00+00:00
SAO_475R-10,São Paulo,3550308,True,,344,,,-23.65282,-46.607729000000006,,,,1,2023-06-16T04:05:59+00:00
SAO_475R-10,São Paulo,3550308,True,,344,,,-23.65282,-46.607729000000006,,,,1,2023-06-16T04:05:56+00:00
SAO_475R-10,São Paulo,3550308,True,,344,,,-23.65282,-46.607729000000006,,,,1,2023-06-16T04:05:43+00:00
SAO_475R-10,São Paulo,3550308,True,,344,,,-23.553324625000002,-46.63820749999999,,,,1,2023-06-16T04:05:41+00:00
SAO_6840-10,São Paulo,3550308,True,EMTU,201,https://moovitapp.com/index/pt-br/transporte_p%C3%BAblico-line-201-Sao_Paulo-242-2038937-58093160-0,20.4,-23.732263,-46.786442,,,,1,2023-06-16T04:05:53+00:00
SAO_6840-10,São Paulo,3550308,True,EMTU,201,https://moovitapp.com/index/pt-br/transporte_p%C3%BAblico-line-201-Sao_Paulo-242-2038937-58093160-0,20.4,-23.7420195,-46.800329000000005,,,,1,2023-06-16T04:05:51+00:00
SAO_6840-10,São Paulo,3550308,True,EMTU,201,https://moovitapp.com/index/pt-br/transporte_p%C3%BAblico-line-201-Sao_Paulo-242-2038937-58093160-0,20.4,-23.6649185,-46.770462,,,,1,2023-06-16T04:03:45+00:00
SAO_6840-10,São Paulo,3550308,True,EMTU,201,https://moovitapp.com/index/pt-br/transporte_p%C3%BAblico-line-201-Sao_Paulo-242-2038937-58093160-0,20.4,-23.694651,-46.779804999999996,,,,1,2023-06-16T04:04:59+00:00
SAO_6840-10,São Paulo,3550308,True,EMTU,201,https://moovitapp.com/index/pt-br/transporte_p%C3%BAblico-line-201-Sao_Paulo-242-2038937-58093160-0,20.4,-23.654,-46.762946,,,,1,2023-06-16T04:05:48+00:00
SAO_178T-10,São Paulo,3550308,True,EMTU,565,https://moovitapp.com/index/pt-br/transporte_p%C3%BAblico-line-565-Sao_Paulo-242-2038937-36419563-0,8.1,-23.492767999999998,-46.6585265,,,,1,2023-06-16T04:05:33+00:00
SAO_178T-10,São Paulo,3550308,True,EMTU,565,https://moovitapp.com/index/pt-br/transporte_p%C3%BAblico-line-565-Sao_Paulo-242-2038937-36419563-0,8.1,-23.496987500000003,-46.662886,,,,1,2023-06-16T04:05:21+00:00
SAO_178T-10,São Paulo,3550308,True,EMTU,565,https://moovitapp.com/index/pt-br/transporte_p%C3%BAblico-line-565-Sao_Paulo-242-2038937-36419563-0,8.1,-23.501786250000002,-46.70661375,,,,1,2023-06-16T04:02:20+00:00
SAO_178T-10,São Paulo,3550308,True,EMTU,565,https://moovitapp.com/index/pt-br/transporte_p%C3%BAblico-line-565-Sao_Paulo-242-2038937-36419563-0,8.1,-23.5315425,-46.734446500000004,,,,1,2023-06-16T04:05:55+00:00
SAO_178T-10,São Paulo,3550308,True,EMTU,565,https://moovitapp.com/index/pt-br/transporte_p%C3%BAblico-line-565-Sao_Paulo-242-2038937-36419563-0,8.1,-23.5315425,-46.734446500000004,,,,1,2023-06-16T04:05:42+00:00
SAO_637R-10,São Paulo,3550308,True,,32964,,,-23.685118,-46.77026275,,,,2,2023-06-16T04:05:07+00:00
SAO_637R-10,São Paulo,3550308,True,,32964,,,-23.720212500000002,-46.769873624999995,,,,2,2023-06-16T04:05:41+00:00
SAO_637R-10,São Paulo,3550308,True,,32964,,,-23.71969,-46.7694645,,,,2,2023-06-16T04:05:50+00:00
SAO_637R-10,São Paulo,3550308,True,,32964,,,-23.66598725,-46.7154595,,,,2,2023-06-16T04:06:02+00:00
SAO_637R-10,São Paulo,3550308,True,,32964,,,-23.7154725,-46.773096,,,,2,2023-06-16T04:05:46+00:00
SAO_637R-10,São Paulo,3550308,True,,32964,,,-23.719981500000003,-46.769767374999994,,,,2,2023-06-16T04:05:21+00:00
SAO_637R-10,São Paulo,3550308,True,,32964,,,-23.71969,-46.7694645,,,,2,2023-06-16T04:05:55+00:00
SAO_637R-10,São Paulo,3550308,True,,32964,,,-23.675985750000002,-46.757306,,,,2,2023-06-16T04:05:29+00:00
SAO_172R-10,São Paulo,3550308,True,,859,,,-23.514157124999997,-46.586495375000005,,,,1,2023-06-16T04:05:36+00:00
SAO_172R-10,São Paulo,3550308,True,,859,,,-23.509888,-46.5805445,,,,1,2023-06-16T04:05:49+00:00
SAO_172R-10,São Paulo,3550308,True,,859,,,-23.465972,-46.5842035,,,,1,2023-06-16T04:02:18+00:00
SAO_172R-10,São Paulo,3550308,True,,859,,,-23.5423885,-46.590565,,,,1,2023-06-16T04:05:18+00:00
SAO_172R-10,São Paulo,3550308,True,,859,,,-23.465965,-46.584261999999995,,,,1,2023-06-16T04:05:14+00:00
SAO_3756-10,São Paulo,3550308,True,,33818,,,-23.591324,-46.389072,,,,2,2023-06-16T04:05:19+00:00
SAO_3756-10,São Paulo,3550308,True,,33818,,,-23.5891165,-46.389922999999996,,,,2,2023-06-16T04:05:37+00:00
SAO_3756-10,São Paulo,3550308,True,,33818,,,-23.569507,-46.40021125,,,,2,2023-06-16T04:04:07+00:00
SAO_3756-10,São Paulo,3550308,True,,33818,,,-23.576810000000002,-46.391447,,,,2,2023-06-16T04:05:20+00:00
SAO_3756-10,São Paulo,3550308,True,,33818,,,-23.5433195,-46.470394,,,,2,2023-06-16T04:05:34+00:00
SAO_3756-10,São Paulo,3550308,True,,33818,,,-23.590653500000002,-46.389331375,,,,2,2023-06-16T04:05:16+00:00
SAO_7023-10,São Paulo,3550308,True,,2152,,,-23.698786,-46.7627765,,,,1,2023-06-16T04:05:35+00:00
SAO_7023-10,São Paulo,3550308,True,,2152,,,-23.700378999999998,-46.765409500000004,,,,1,2023-06-16T04:06:00+00:00
SAO_4027-10,São Paulo,3550308,True,,1097,,,-23.6418875,-46.439175500000005,,,,1,2023-06-16T04:05:48+00:00
SAO_4027-10,São Paulo,3550308,True,,1097,,,-23.617158,-46.468715,,,,1,2023-06-16T04:06:00+00:00
SAO_4027-10,São Paulo,3550308,True,,1097,,,-23.5945915,-46.488039,,,,1,2023-06-16T04:05:37+00:00
SAO_4027-10,São Paulo,3550308,True,,1097,,,-23.641898,-46.438882500000005,,,,1,2023-06-16T04:05:52+00:00
SAO_4027-10,São Paulo,3550308,True,,1097,,,-23.625749,-46.445825,,,,1,2023-06-16T04:05:43+00:00
SAO_4027-10,São Paulo,3550308,True,,1097,,,-23.641852999999998,-46.439471,,,,1,2023-06-16T04:05:54+00:00
SAO_5129-10,São Paulo,3550308,True,,1281,,,-23.678561000000002,-46.685127,,,,1,2023-06-16T04:05:55+00:00
SAO_5129-10,São Paulo,3550308,True,,1281,,,-23.668242,-46.7355055,,,,1,2023-06-16T04:05:21+00:00
SAO_5129-10,São Paulo,3550308,True,,1281,,,-23.68298175,-46.6332575,,,,1,2023-06-16T04:05:36+00:00
SAO_5129-10,São Paulo,3550308,True,,1281,,,-23.666239625,-46.71793375,,,,1,2023-06-16T04:05:46+00:00
SAO_6200-10,São Paulo,3550308,True,,355,,,-23.65423,-46.7120225,,,,1,2023-06-16T04:05:26+00:00
SAO_6200-10,São Paulo,3550308,True,,355,,,-23.549384500000002,-46.6394535,,,,1,2023-06-16T04:05:49+00:00
SAO_6200-10,São Paulo,3550308,True,,355,,,-23.579226000000002,-46.67644025,,,,1,2023-06-16T04:05:31+00:00
SAO_6200-10,São Paulo,3550308,True,,355,,,-23.65423,-46.7120225,,,,1,2023-06-16T04:05:46+00:00
SAO_6200-10,São Paulo,3550308,True,,355,,,-23.65423,-46.7120225,,,,1,2023-06-16T04:05:40+00:00
SAO_6200-10,São Paulo,3550308,True,,355,,,-23.6542185,-46.7133365,,,,1,2023-06-16T04:05:46+00:00
SAO_6200-10,São Paulo,3550308,True,,355,,,-23.6544435,-46.714867,,,,1,2023-06-16T04:06:05+00:00
SAO_6200-10,São Paulo,3550308,True,,355,,,-23.6544435,-46.714867,,,,1,2023-06-16T04:05:30+00:00
SAO_6200-10,São Paulo,3550308,True,,355,,,-23.654618,-46.715665,,,,1,2023-06-16T04:05:30+00:00
SAO_6200-10,São Paulo,3550308,True,,355,,,-23.6203225,-46.700261,,,,1,2023-06-16T04:05:51+00:00
SAO_6200-10,São Paulo,3550308,True,,355,,,-23.6543085,-46.714079999999996,,,,1,2023-06-16T04:05:37+00:00
SAO_6200-10,São Paulo,3550308,True,,355,,,-23.65423,-46.7120225,,,,1,2023-06-16T04:05:27+00:00
SAO_178Y-10,São Paulo,3550308,True,,868,,,-23.4643735,-46.6374955,,,,1,2023-06-16T04:05:56+00:00
SAO_178Y-10,São Paulo,3550308,True,,868,,,-23.467060500000002,-46.639506,,,,1,2023-06-16T04:05:29+00:00
SAO_178Y-10,São Paulo,3550308,True,,868,,,-23.48985325,-46.618917499999995,,,,1,2023-06-16T04:05:25+00:00
SAO_3785-10,São Paulo,3550308,True,,33831,,,-23.592144,-46.444329499999995,,,,2,2023-06-16T04:05:31+00:00
SAO_3785-10,São Paulo,3550308,True,,33831,,,-23.5425685,-46.470890999999995,,,,2,2023-06-16T04:05:51+00:00
SAO_3785-10,São Paulo,3550308,True,,33831,,,-23.594023999999997,-46.4191795,,,,2,2023-06-16T04:05:34+00:00
SAO_3785-10,São Paulo,3550308,True,,33831,,,-23.591703000000003,-46.3941935,,,,2,2023-06-16T04:05:47+00:00
SAO_3785-10,São Paulo,3550308,True,,33831,,,-23.591442999999998,-46.394348,,,,2,2023-06-16T04:05:39+00:00
SAO_3785-10,São Paulo,3550308,True,,33831,,,-23.5852565,-46.3937715,,,,2,2023-06-16T04:05:48+00:00
SAO_3785-10,São Paulo,3550308,True,,33831,,,-23.591703000000003,-46.3941935,,,,2,2023-06-16T04:05:31+00:00
SAO_3785-10,São Paulo,3550308,True,,33831,,,-23.591442999999998,-46.394348,,,,2,2023-06-16T04:05:57+00:00
SAO_3785-10,São Paulo,3550308,True,,33831,,,-23.5459,-46.460999,,,,2,2023-06-16T04:06:04+00:00
SAO_3785-10,São Paulo,3550308,True,,33831,,,-23.591703000000003,-46.3941935,,,,2,2023-06-16T04:05:44+00:00
SAO_3459-10,São Paulo,3550308,True,EMTU,402,https://moovitapp.com/index/pt-br/transporte_p%C3%BAblico-line-402-Sao_Paulo-242-2038937-36419464-0,3.7,-23.5059105,-46.443055,,,,1,2023-06-16T04:01:22+00:00
SAO_3459-10,São Paulo,3550308,True,EMTU,402,https://moovitapp.com/index/pt-br/transporte_p%C3%BAblico-line-402-Sao_Paulo-242-2038937-36419464-0,3.7,-23.519312499999998,-46.4715595,,,,1,2023-06-16T04:05:47+00:00
SAO_3459-10,São Paulo,3550308,True,EMTU,402,https://moovitapp.com/index/pt-br/transporte_p%C3%BAblico-line-402-Sao_Paulo-242-2038937-36419464-0,3.7,-23.5473415,-46.629296499999995,,,,1,2023-06-16T04:05:48+00:00
SAO_3459-10,São Paulo,3550308,True,EMTU,402,https://moovitapp.com/index/pt-br/transporte_p%C3%BAblico-line-402-Sao_Paulo-242-2038937-36419464-0,3.7,-23.5515695,-46.624459,,,,1,2023-06-16T04:05:46+00:00
SAO_3459-10,São Paulo,3550308,True,EMTU,402,https://moovitapp.com/index/pt-br/transporte_p%C3%BAblico-line-402-Sao_Paulo-242-2038937-36419464-0,3.7,-23.49447,-46.424763250000005,,,,1,2023-06-16T04:05:47+00:00
SAO_3459-10,São Paulo,3550308,True,EMTU,402,https://moovitapp.com/index/pt-br/transporte_p%C3%BAblico-line-402-Sao_Paulo-242-2038937-36419464-0,3.7,-23.514643999999997,-46.453541,,,,1,2023-06-16T04:05:47+00:00
SAO_3459-10,São Paulo,3550308,True,EMTU,402,https://moovitapp.com/index/pt-br/transporte_p%C3%BAblico-line-402-Sao_Paulo-242-2038937-36419464-0,3.7,-23.5473415,-46.629296499999995,,,,1,2023-06-16T04:05:46+00:00
SAO_3459-10,São Paulo,3550308,True,EMTU,402,https://moovitapp.com/index/pt-br/transporte_p%C3%BAblico-line-402-Sao_Paulo-242-2038937-36419464-0,3.7,-23.547011,-46.62953,,,,1,2023-06-16T04:05:35+00:00
SAO_3459-10,São Paulo,3550308,True,EMTU,402,https://moovitapp.com/index/pt-br/transporte_p%C3%BAblico-line-402-Sao_Paulo-242-2038937-36419464-0,3.7,-23.492154,-46.445614500000005,,,,1,2023-06-16T04:05:55+00:00
SAO_3459-10,São Paulo,3550308,True,EMTU,402,https://moovitapp.com/index/pt-br/transporte_p%C3%BAblico-line-402-Sao_Paulo-242-2038937-36419464-0,3.7,-23.5165205,-46.385602000000006,,,,1,2023-06-16T04:05:45+00:00
SAO_3459-10,São Paulo,3550308,True,EMTU,402,https://moovitapp.com/index/pt-br/transporte_p%C3%BAblico-line-402-Sao_Paulo-242-2038937-36419464-0,3.7,-23.5165205,-46.385602000000006,,,,1,2023-06-16T04:02:50+00:00
SAO_3459-10,São Paulo,3550308,True,EMTU,402,https://moovitapp.com/index/pt-br/transporte_p%C3%BAblico-line-402-Sao_Paulo-242-2038937-36419464-0,3.7,-23.5216555,-46.523417,,,,1,2023-06-16T04:05:49+00:00
SAO_3459-10,São Paulo,3550308,True,EMTU,402,https://moovitapp.com/index/pt-br/transporte_p%C3%BAblico-line-402-Sao_Paulo-242-2038937-36419464-0,3.7,-23.546727,-46.629723999999996,,,,1,2023-06-16T04:05:42+00:00
SAO_3459-10,São Paulo,3550308,True,EMTU,402,https://moovitapp.com/index/pt-br/transporte_p%C3%BAblico-line-402-Sao_Paulo-242-2038937-36419464-0,3.7,-23.494052500000002,-46.419838999999996,,,,1,2023-06-16T04:05:37+00:00
SAO_2766-10,São Paulo,3550308,True,EMTU,405,https://moovitapp.com/index/pt-br/transporte_p%C3%BAblico-line-405-Sao_Paulo-242-2038937-36419467-0,5.35,-23.5296605,-46.451908875,,,,1,2023-06-16T04:06:01+00:00
SAO_2766-10,São Paulo,3550308,True,EMTU,405,https://moovitapp.com/index/pt-br/transporte_p%C3%BAblico-line-405-Sao_Paulo-242-2038937-36419467-0,5.35,-23.50101325,-46.39833675,,,,1,2023-06-16T04:05:49+00:00
SAO_2766-10,São Paulo,3550308,True,EMTU,405,https://moovitapp.com/index/pt-br/transporte_p%C3%BAblico-line-405-Sao_Paulo-242-2038937-36419467-0,5.35,-23.5425775,-46.4719335,,,,1,2023-06-16T04:05:56+00:00
SAO_2766-10,São Paulo,3550308,True,EMTU,405,https://moovitapp.com/index/pt-br/transporte_p%C3%BAblico-line-405-Sao_Paulo-242-2038937-36419467-0,5.35,-23.5185215,-46.387811,,,,1,2023-06-16T04:05:46+00:00
SAO_2766-10,São Paulo,3550308,True,EMTU,405,https://moovitapp.com/index/pt-br/transporte_p%C3%BAblico-line-405-Sao_Paulo-242-2038937-36419467-0,5.35,-23.491204500000002,-46.445946,,,,1,2023-06-16T04:05:36+00:00
SAO_5119-10,São Paulo,3550308,True,,1,,,-23.55238875,-46.63715675,,,,1,2023-06-16T04:06:04+00:00
SAO_5119-10,São Paulo,3550308,True,,1,,,-23.583026,-46.668275,,,,1,2023-06-16T04:05:56+00:00
SAO_5119-10,São Paulo,3550308,True,,1,,,-23.6544925,-46.7622535,,,,1,2023-06-16T04:05:55+00:00
SAO_5119-10,São Paulo,3550308,True,,1,,,-23.602262,-46.7118095,,,,1,2023-06-16T04:05:52+00:00
SAO_5119-10,São Paulo,3550308,True,,1,,,-23.606648,-46.7253425,,,,1,2023-06-16T04:05:53+00:00
SAO_5119-10,São Paulo,3550308,True,,1,,,-23.559326,-46.642411499999994,,,,1,2023-06-16T04:05:58+00:00
SAO_5119-10,São Paulo,3550308,True,,1,,,-23.637881,-46.73684325,,,,1,2023-06-16T04:05:52+00:00
SAO_5106-21,São Paulo,3550308,True,,34740,,,-23.6757555,-46.6297335,,,,2,2023-06-16T04:05:26+00:00
SAO_5106-21,São Paulo,3550308,True,,34740,,,-23.685052499999998,-46.653792499999994,,,,2,2023-06-16T04:05:39+00:00
SAO_5106-21,São Paulo,3550308,True,,34740,,,-23.6869575,-46.655333,,,,2,2023-06-16T04:05:43+00:00
SAO_5106-21,São Paulo,3550308,True,,34740,,,-23.6848065,-46.653604,,,,2,2023-06-16T04:05:19+00:00
SAO_5106-21,São Paulo,3550308,True,,34740,,,-23.60128625,-46.67863675,,,,2,2023-06-16T04:05:35+00:00
SAO_5106-21,São Paulo,3550308,True,,34740,,,-23.60893425,-46.65230725,,,,2,2023-06-16T04:06:01+00:00
SAO_5106-21,São Paulo,3550308,True,,34740,,,-23.671961500000002,-46.631987,,,,2,2023-06-16T04:05:41+00:00
SAO_5106-21,São Paulo,3550308,True,,34740,,,-23.6852145,-46.653948,,,,2,2023-06-16T04:05:25+00:00
SAO_5106-21,São Paulo,3550308,True,,34740,,,-23.665281999999998,-46.63812299999999,,,,2,2023-06-16T04:06:02+00:00
SAO_5106-21,São Paulo,3550308,True,,34740,,,-23.670357,-46.632827000000006,,,,2,2023-06-16T04:05:57+00:00
SAO_273V-10,São Paulo,3550308,True,,32999,,,-23.5345185,-46.454772750000004,,,,2,2023-06-16T04:05:55+00:00
SAO_273V-10,São Paulo,3550308,True,,32999,,,-23.5331465,-46.543474,,,,2,2023-06-16T04:05:46+00:00
SAO_273V-10,São Paulo,3550308,True,,32999,,,-23.5315175,-46.541608749999995,,,,2,2023-06-16T04:05:28+00:00
SAO_7006-10,São Paulo,3550308,True,,34763,,,-23.750334000000002,-46.778507,,,,2,2023-06-16T04:06:00+00:00
SAO_7006-10,São Paulo,3550308,True,,34763,,,-23.7505915,-46.777343,,,,2,2023-06-16T04:05:42+00:00
SAO_7006-10,São Paulo,3550308,True,,34763,,,-23.695515,-46.779732499999994,,,,2,2023-06-16T04:05:54+00:00
SAO_7006-10,São Paulo,3550308,True,,34763,,,-23.724632375,-46.785788249999996,,,,2,2023-06-16T04:05:26+00:00
SAO_7006-10,São Paulo,3550308,True,,34763,,,-23.750601,-46.777545,,,,2,2023-06-16T04:05:59+00:00
SAO_7006-10,São Paulo,3550308,True,,34763,,,-23.7505915,-46.777343,,,,2,2023-06-16T04:05:44+00:00
SAO_5034-10,São Paulo,3550308,True,,34431,,,-23.6144845,-46.60111425,,,,2,2023-06-16T04:05:31+00:00
SAO_5034-10,São Paulo,3550308,True,,34431,,,-23.652755499999998,-46.602143,,,,2,2023-06-16T04:05:38+00:00
SAO_5034-10,São Paulo,3550308,True,,34431,,,-23.652293,-46.6018915,,,,2,2023-06-16T04:05:50+00:00
SAO_5034-10,São Paulo,3550308,True,,34431,,,-23.644389250000003,-46.592014500000005,,,,2,2023-06-16T04:05:43+00:00
SAO_675G-10,São Paulo,3550308,True,,32874,,,-23.7504855,-46.688162500000004,,,,2,2023-06-16T04:05:43+00:00
SAO_675G-10,São Paulo,3550308,True,,32874,,,-23.74296,-46.669814,,,,2,2023-06-16T04:06:00+00:00
SAO_675G-10,São Paulo,3550308,True,,32874,,,-23.7401655,-46.691473,,,,2,2023-06-16T04:05:55+00:00
SAO_675G-10,São Paulo,3550308,True,,32874,,,-23.743226,-46.669959500000004,,,,2,2023-06-16T04:02:58+00:00
SAO_675G-10,São Paulo,3550308,True,,32874,,,-23.663237499999997,-46.6788725,,,,2,2023-06-16T04:05:36+00:00
SAO_675G-10,São Paulo,3550308,True,,32874,,,-23.6468255,-46.6391905,,,,2,2023-06-16T04:05:22+00:00
SAO_3112-10,São Paulo,3550308,True,,1080,,,-23.6105545,-46.529823500000006,,,,1,2023-06-16T04:05:29+00:00
SAO_3112-10,São Paulo,3550308,True,,1080,,,-23.541733999999998,-46.594503,,,,1,2023-06-16T04:05:45+00:00
SAO_3112-10,São Paulo,3550308,True,,1080,,,-23.603074499999998,-46.5292025,,,,1,2023-06-16T04:05:59+00:00
SAO_3112-10,São Paulo,3550308,True,,1080,,,-23.573584,-46.587481,,,,1,2023-06-16T04:05:35+00:00
SAO_3112-10,São Paulo,3550308,True,,1080,,,-23.603295,-46.526450999999994,,,,1,2023-06-16T04:06:00+00:00
SAO_3112-10,São Paulo,3550308,True,,1080,,,-23.577922,-46.57730275,,,,1,2023-06-16T04:05:27+00:00
SAO_888P-10,São Paulo,3550308,True,,33222,,,-23.439217499999998,-46.731688500000004,,,,2,2023-06-16T04:05:48+00:00
SAO_888P-10,São Paulo,3550308,True,,33222,,,-23.408318,-46.7415825,,,,2,2023-06-16T04:05:40+00:00
SAO_888P-10,São Paulo,3550308,True,,33222,,,-23.442003,-46.708443,,,,2,2023-06-16T04:06:01+00:00
SAO_888P-10,São Paulo,3550308,True,,33222,,,-23.4316975,-46.725563,,,,2,2023-06-16T04:05:17+00:00
SAO_888P-10,São Paulo,3550308,True,,33222,,,-23.442003,-46.708443,,,,2,2023-06-16T04:05:30+00:00
SAO_5752-10,São Paulo,3550308,True,,1287,,,-23.6908735,-46.650817,,,,1,2023-06-16T04:05:50+00:00
SAO_5752-10,São Paulo,3550308,True,,1287,,,-23.6358015,-46.6410555,,,,1,2023-06-16T04:05:47+00:00
SAO_5119-10,São Paulo,3550308,True,,32769,,,-23.551664000000002,-46.6372965,,,,2,2023-06-16T04:06:00+00:00
SAO_5119-10,São Paulo,3550308,True,,32769,,,-23.598654500000002,-46.72051999999999,,,,2,2023-06-16T04:05:38+00:00
SAO_5119-10,São Paulo,3550308,True,,32769,,,-23.551664000000002,-46.6372965,,,,2,2023-06-16T04:05:24+00:00
SAO_5119-10,São Paulo,3550308,True,,32769,,,-23.6010925,-46.71478,,,,2,2023-06-16T04:06:04+00:00
SAO_5119-10,São Paulo,3550308,True,,32769,,,-23.6546255,-46.761425,,,,2,2023-06-16T04:05:50+00:00
SAO_5119-10,São Paulo,3550308,True,,32769,,,-23.551664000000002,-46.6372965,,,,2,2023-06-16T04:05:20+00:00
SAO_5119-10,São Paulo,3550308,True,,32769,,,-23.6547725,-46.760792499999994,,,,2,2023-06-16T04:05:56+00:00
SAO_5119-10,São Paulo,3550308,True,,32769,,,-23.655046499999997,-46.762109,,,,2,2023-06-16T04:05:39+00:00
SAO_5119-10,São Paulo,3550308,True,,32769,,,-23.57163975,-46.653099749999996,,,,2,2023-06-16T04:05:41+00:00
SAO_5119-10,São Paulo,3550308,True,,32769,,,-23.601012,-46.7155585,,,,2,2023-06-16T04:05:24+00:00
SAO_5119-10,São Paulo,3550308,True,,32769,,,-23.551664000000002,-46.6372965,,,,2,2023-06-16T04:05:30+00:00
SAO_5119-10,São Paulo,3550308,True,,32769,,,-23.584395875,-46.673928625,,,,2,2023-06-16T04:05:22+00:00
SAO_2583-10,São Paulo,3550308,True,EMTU,375,https://moovitapp.com/index/pt-br/transporte_p%C3%BAblico-line-375-Sao_Paulo-242-2038937-36419449-0,11.7,-23.498266,-46.4572045,,,,1,2023-06-16T04:05:40+00:00
SAO_2583-10,São Paulo,3550308,True,EMTU,375,https://moovitapp.com/index/pt-br/transporte_p%C3%BAblico-line-375-Sao_Paulo-242-2038937-36419449-0,11.7,-23.527739500000003,-46.5518895,,,,1,2023-06-16T04:05:47+00:00
SAO_848L-10,São Paulo,3550308,True,,33576,,,-23.414156,-46.75083600000001,,,,2,2023-06-16T04:05:45+00:00
SAO_848L-10,São Paulo,3550308,True,,33576,,,-23.412781875,-46.743993375,,,,2,2023-06-16T04:05:42+00:00
SAO_848L-10,São Paulo,3550308,True,,33576,,,-23.4138315,-46.750228500000006,,,,2,2023-06-16T04:06:04+00:00
SAO_848L-10,São Paulo,3550308,True,,33576,,,-23.4277075,-46.725799,,,,2,2023-06-16T04:05:53+00:00
SAO_848L-10,São Paulo,3550308,True,,33576,,,-23.4144305,-46.7510005,,,,2,2023-06-16T04:05:44+00:00
SAO_848L-10,São Paulo,3550308,True,,33576,,,-23.453912,-46.719606999999996,,,,2,2023-06-16T04:05:21+00:00
SAO_9004-10,São Paulo,3550308,True,,33639,,,-23.456852,-46.6850795,,,,2,2023-06-16T04:05:20+00:00
SAO_9004-10,São Paulo,3550308,True,,33639,,,-23.455730000000003,-46.6835295,,,,2,2023-06-16T04:05:32+00:00
SAO_9004-10,São Paulo,3550308,True,,33639,,,-23.466885,-46.6702655,,,,2,2023-06-16T04:05:51+00:00
SAO_2033-10,São Paulo,3550308,True,,35267,,,-23.4874525,-46.568031000000005,,,,2,2023-06-16T04:05:56+00:00
SAO_2033-10,São Paulo,3550308,True,,35267,,,-23.522876,-46.594686499999995,,,,2,2023-06-16T04:06:01+00:00
SAO_2033-10,São Paulo,3550308,True,,35267,,,-23.4872685,-46.568211500000004,,,,2,2023-06-16T04:05:57+00:00
SAO_575A-10,São Paulo,3550308,True,,34406,,,-23.60185,-46.5704185,,,,2,2023-06-16T04:05:40+00:00
SAO_575A-10,São Paulo,3550308,True,,34406,,,-23.581288999999998,-46.585224499999995,,,,2,2023-06-16T04:05:33+00:00
SAO_575A-10,São Paulo,3550308,True,,34406,,,-23.601844999999997,-46.5706005,,,,2,2023-06-16T04:05:55+00:00
SAO_2732-10,São Paulo,3550308,True,,33715,,,-23.540062499999998,-46.482594375,,,,2,2023-06-16T04:05:43+00:00
SAO_2732-10,São Paulo,3550308,True,,33715,,,-23.540062499999998,-46.482594375,,,,2,2023-06-16T04:05:31+00:00
SAO_2732-10,São Paulo,3550308,True,,33715,,,-23.536727,-46.4727215,,,,2,2023-06-16T04:05:43+00:00
SAO_2732-10,São Paulo,3550308,True,,33715,,,-23.536605,-46.473316,,,,2,2023-06-16T04:05:50+00:00
SAO_2732-10,São Paulo,3550308,True,,33715,,,-23.5362985,-46.468671,,,,2,2023-06-16T04:06:00+00:00
SAO_175T-10,São Paulo,3550308,True,,33391,,,-23.636491,-46.6411605,,,,2,2023-06-16T04:05:33+00:00
SAO_175T-10,São Paulo,3550308,True,,33391,,,-23.503131,-46.6242855,,,,2,2023-06-16T04:05:54+00:00
SAO_175T-10,São Paulo,3550308,True,,33391,,,-23.6539315,-46.637958,,,,2,2023-06-16T04:05:38+00:00
SAO_175T-10,São Paulo,3550308,True,,33391,,,-23.59018325,-46.6510905,,,,2,2023-06-16T04:05:57+00:00
SAO_175T-10,São Paulo,3550308,True,,33391,,,-23.611956375,-46.656517625,,,,2,2023-06-16T04:05:50+00:00
SAO_175T-10,São Paulo,3550308,True,,33391,,,-23.503788375,-46.624660500000005,,,,2,2023-06-16T04:05:28+00:00
SAO_175T-10,São Paulo,3550308,True,,33391,,,-23.585667,-46.6529695,,,,2,2023-06-16T04:05:42+00:00
SAO_175T-10,São Paulo,3550308,True,,33391,,,-23.503125,-46.6245765,,,,2,2023-06-16T04:05:49+00:00
SAO_175T-10,São Paulo,3550308,True,,33391,,,-23.634994499999998,-46.65811050000001,,,,2,2023-06-16T04:05:58+00:00
SAO_121G-10,São Paulo,3550308,True,,33459,,,-23.5216375,-46.56288625,,,,2,2023-06-16T04:05:54+00:00
SAO_121G-10,São Paulo,3550308,True,,33459,,,-23.490578499999998,-46.58591425,,,,2,2023-06-16T04:05:35+00:00
SAO_121G-10,São Paulo,3550308,True,,33459,,,-23.4810685,-46.603014,,,,2,2023-06-16T04:05:51+00:00
SAO_957T-10,São Paulo,3550308,True,,464,,,-23.480252999999998,-46.6863405,,,,1,2023-06-16T04:06:03+00:00
SAO_957T-10,São Paulo,3550308,True,,464,,,-23.51525625,-46.695817500000004,,,,1,2023-06-16T04:05:52+00:00
SAO_957T-10,São Paulo,3550308,True,,464,,,-23.53242325,-46.73610975,,,,1,2023-06-16T04:05:57+00:00
SAO_957T-10,São Paulo,3550308,True,,464,,,-23.448099499999998,-46.716244,,,,1,2023-06-16T04:05:45+00:00
SAO_957T-10,São Paulo,3550308,True,,464,,,-23.53771,-46.731426500000005,,,,1,2023-06-16T04:05:30+00:00
SAO_609J-10,São Paulo,3550308,True,,35010,,,-23.62553725,-46.6404665,,,,2,2023-06-16T04:05:50+00:00
SAO_609J-10,São Paulo,3550308,True,,35010,,,-23.6289175,-46.6607865,,,,2,2023-06-16T04:05:28+00:00
SAO_2031-10,São Paulo,3550308,True,,33135,,,-23.50609025,-46.37290125,,,,2,2023-06-16T04:05:54+00:00
SAO_2031-10,São Paulo,3550308,True,,33135,,,-23.494272,-46.422543875,,,,2,2023-06-16T04:05:51+00:00
SAO_2031-10,São Paulo,3550308,True,,33135,,,-23.50584575,-46.37234624999999,,,,2,2023-06-16T04:05:46+00:00
SAO_3763-10,São Paulo,3550308,True,,1054,,,-23.5687415,-46.5531215,,,,1,2023-06-16T04:05:47+00:00
SAO_3763-10,São Paulo,3550308,True,,1054,,,-23.5490195,-46.554886499999995,,,,1,2023-06-16T04:05:36+00:00
SAO_3763-10,São Paulo,3550308,True,,1054,,,-23.557735,-46.5230065,,,,1,2023-06-16T04:05:19+00:00
SAO_3763-10,São Paulo,3550308,True,,1054,,,-23.5409455,-46.5763775,,,,1,2023-06-16T04:05:51+00:00
SAO_3763-10,São Paulo,3550308,True,,1054,,,-23.558262,-46.522529000000006,,,,1,2023-06-16T04:05:39+00:00
SAO_3763-10,São Paulo,3550308,True,,1054,,,-23.557613500000002,-46.5234665,,,,1,2023-06-16T04:05:54+00:00
SAO_3763-10,São Paulo,3550308,True,,1054,,,-23.563689500000002,-46.5334735,,,,1,2023-06-16T04:05:22+00:00
SAO_6072-10,São Paulo,3550308,True,,34356,,,-23.790403750000003,-46.7148375,,,,2,2023-06-16T04:05:57+00:00
SAO_6072-10,São Paulo,3550308,True,,34356,,,-23.8274015,-46.69739250000001,,,,2,2023-06-16T04:05:24+00:00
SAO_6072-10,São Paulo,3550308,True,,34356,,,-23.8274015,-46.69739250000001,,,,2,2023-06-16T04:05:26+00:00
SAO_6072-10,São Paulo,3550308,True,,34356,,,-23.7665845,-46.7163125,,,,2,2023-06-16T04:05:50+00:00
SAO_6072-10,São Paulo,3550308,True,,34356,,,-23.774646500000003,-46.72047125,,,,2,2023-06-16T04:05:26+00:00
SAO_6072-10,São Paulo,3550308,True,,34356,,,-23.8274015,-46.69739250000001,,,,2,2023-06-16T04:05:30+00:00
SAO_6072-10,São Paulo,3550308,True,,34356,,,-23.825851,-46.7034265,,,,2,2023-06-16T04:05:05+00:00
SAO_6072-10,São Paulo,3550308,True,,34356,,,-23.8274015,-46.69739250000001,,,,2,2023-06-16T04:05:45+00:00
SAO_6072-10,São Paulo,3550308,True,,34356,,,-23.8274015,-46.69739250000001,,,,2,2023-06-16T04:05:23+00:00
SAO_6072-10,São Paulo,3550308,True,,34356,,,-23.8274015,-46.69739250000001,,,,2,2023-06-16T04:05:24+00:00
SAO_4315-10,São Paulo,3550308,True,,2175,,,-23.541421,-46.555740625,,,,1,2023-06-16T04:05:51+00:00
SAO_4315-10,São Paulo,3550308,True,,2175,,,-23.557613500000002,-46.5234665,,,,1,2023-06-16T04:05:32+00:00
SAO_4315-10,São Paulo,3550308,True,,2175,,,-23.54645675,-46.629903999999996,,,,1,2023-06-16T04:05:20+00:00
SAO_1780-10,São Paulo,3550308,True,,869,,,-23.48666325,-46.6088145,,,,1,2023-06-16T04:06:04+00:00
SAO_1780-10,São Paulo,3550308,True,,869,,,-23.458005999999997,-46.58475,,,,1,2023-06-16T04:06:02+00:00
SAO_2626-10,São Paulo,3550308,True,,33144,,,-23.5101535,-46.4087855,,,,2,2023-06-16T04:05:27+00:00
SAO_2626-10,São Paulo,3550308,True,,33144,,,-23.52177,-46.5257795,,,,2,2023-06-16T04:05:48+00:00
SAO_2626-10,São Paulo,3550308,True,,33144,,,-23.494142,-46.421000125,,,,2,2023-06-16T04:06:00+00:00
SAO_2626-10,São Paulo,3550308,True,,33144,,,-23.546787000000002,-46.630505,,,,2,2023-06-16T04:05:38+00:00
SAO_2626-10,São Paulo,3550308,True,,33144,,,-23.523885,-46.4105465,,,,2,2023-06-16T04:05:52+00:00
SAO_2626-10,São Paulo,3550308,True,,33144,,,-23.53931525,-46.6086885,,,,2,2023-06-16T04:05:57+00:00
SAO_2626-10,São Paulo,3550308,True,,33144,,,-23.493394000000002,-46.441473,,,,2,2023-06-16T04:05:52+00:00
SAO_2626-10,São Paulo,3550308,True,,33144,,,-23.506723,-46.477545500000005,,,,2,2023-06-16T04:05:50+00:00
SAO_5300-10,São Paulo,3550308,True,EMTU,354,https://moovitapp.com/index/pt-br/transporte_p%C3%BAblico-line-354-Sao_Paulo-242-2038937-36419437-0,7.55,-23.654195,-46.711744499999995,,,,1,2023-06-16T04:05:46+00:00
SAO_5300-10,São Paulo,3550308,True,EMTU,354,https://moovitapp.com/index/pt-br/transporte_p%C3%BAblico-line-354-Sao_Paulo-242-2038937-36419437-0,7.55,-23.654195,-46.711744499999995,,,,1,2023-06-16T04:05:44+00:00
SAO_5300-10,São Paulo,3550308,True,EMTU,354,https://moovitapp.com/index/pt-br/transporte_p%C3%BAblico-line-354-Sao_Paulo-242-2038937-36419437-0,7.55,-23.654195,-46.711744499999995,,,,1,2023-06-16T04:05:58+00:00
SAO_5300-10,São Paulo,3550308,True,EMTU,354,https://moovitapp.com/index/pt-br/transporte_p%C3%BAblico-line-354-Sao_Paulo-242-2038937-36419437-0,7.55,-23.654195,-46.711744499999995,,,,1,2023-06-16T04:05:52+00:00
SAO_5300-10,São Paulo,3550308,True,EMTU,354,https://moovitapp.com/index/pt-br/transporte_p%C3%BAblico-line-354-Sao_Paulo-242-2038937-36419437-0,7.55,-23.654195,-46.711744499999995,,,,1,2023-06-16T04:06:02+00:00
SAO_5300-10,São Paulo,3550308,True,EMTU,354,https://moovitapp.com/index/pt-br/transporte_p%C3%BAblico-line-354-Sao_Paulo-242-2038937-36419437-0,7.55,-23.5990978125,-46.6578824375,,,,1,2023-06-16T04:05:53+00:00
SAO_5300-10,São Paulo,3550308,True,EMTU,354,https://moovitapp.com/index/pt-br/transporte_p%C3%BAblico-line-354-Sao_Paulo-242-2038937-36419437-0,7.55,-23.5471955,-46.630402000000004,,,,1,2023-06-16T04:06:00+00:00
SAO_5300-10,São Paulo,3550308,True,EMTU,354,https://moovitapp.com/index/pt-br/transporte_p%C3%BAblico-line-354-Sao_Paulo-242-2038937-36419437-0,7.55,-23.654195,-46.711744499999995,,,,1,2023-06-16T04:05:57+00:00
SAO_5300-10,São Paulo,3550308,True,EMTU,354,https://moovitapp.com/index/pt-br/transporte_p%C3%BAblico-line-354-Sao_Paulo-242-2038937-36419437-0,7.55,-23.638472875,-46.69510575,,,,1,2023-06-16T04:05:34+00:00
SAO_5300-10,São Paulo,3550308,True,EMTU,354,https://moovitapp.com/index/pt-br/transporte_p%C3%BAblico-line-354-Sao_Paulo-242-2038937-36419437-0,7.55,-23.546776,-46.630708999999996,,,,1,2023-06-16T04:05:39+00:00
SAO_5300-10,São Paulo,3550308,True,EMTU,354,https://moovitapp.com/index/pt-br/transporte_p%C3%BAblico-line-354-Sao_Paulo-242-2038937-36419437-0,7.55,-23.654195,-46.711744499999995,,,,1,2023-06-16T04:05:57+00:00
SAO_5300-10,São Paulo,3550308,True,EMTU,354,https://moovitapp.com/index/pt-br/transporte_p%C3%BAblico-line-354-Sao_Paulo-242-2038937-36419437-0,7.55,-23.654195,-46.711744499999995,,,,1,2023-06-16T04:05:24+00:00
SAO_5300-10,São Paulo,3550308,True,EMTU,354,https://moovitapp.com/index/pt-br/transporte_p%C3%BAblico-line-354-Sao_Paulo-242-2038937-36419437-0,7.55,-23.654195,-46.711744499999995,,,,1,2023-06-16T04:05:31+00:00
SAO_5300-10,São Paulo,3550308,True,EMTU,354,https://moovitapp.com/index/pt-br/transporte_p%C3%BAblico-line-354-Sao_Paulo-242-2038937-36419437-0,7.55,-23.654195,-46.711744499999995,,,,1,2023-06-16T04:05:54+00:00
SAO_5300-10,São Paulo,3550308,True,EMTU,354,https://moovitapp.com/index/pt-br/transporte_p%C3%BAblico-line-354-Sao_Paulo-242-2038937-36419437-0,7.55,-23.654195,-46.711744499999995,,,,1,2023-06-16T04:05:53+00:00
SAO_9784-10,São Paulo,3550308,True,EMTU,827,https://moovitapp.com/index/pt-br/transporte_p%C3%BAblico-line-827-Sao_Paulo-242-2038937-36419596-0,12.1,-23.492145,-46.6576075,,,,1,2023-06-16T04:05:22+00:00
SAO_9784-10,São Paulo,3550308,True,EMTU,827,https://moovitapp.com/index/pt-br/transporte_p%C3%BAblico-line-827-Sao_Paulo-242-2038937-36419596-0,12.1,-23.484477,-46.6532745,,,,1,2023-06-16T04:05:47+00:00
SAO_9784-10,São Paulo,3550308,True,EMTU,827,https://moovitapp.com/index/pt-br/transporte_p%C3%BAblico-line-827-Sao_Paulo-242-2038937-36419596-0,12.1,-23.4503535,-46.683854999999994,,,,1,2023-06-16T04:05:45+00:00
SAO_9784-10,São Paulo,3550308,True,EMTU,827,https://moovitapp.com/index/pt-br/transporte_p%C3%BAblico-line-827-Sao_Paulo-242-2038937-36419596-0,12.1,-23.4503535,-46.683854999999994,,,,1,2023-06-16T04:05:50+00:00
SAO_9784-10,São Paulo,3550308,True,EMTU,827,https://moovitapp.com/index/pt-br/transporte_p%C3%BAblico-line-827-Sao_Paulo-242-2038937-36419596-0,12.1,-23.4503535,-46.683854999999994,,,,1,2023-06-16T04:05:43+00:00
SAO_9784-10,São Paulo,3550308,True,EMTU,827,https://moovitapp.com/index/pt-br/transporte_p%C3%BAblico-line-827-Sao_Paulo-242-2038937-36419596-0,12.1,-23.4503535,-46.683854999999994,,,,1,2023-06-16T04:05:25+00:00
SAO_9784-10,São Paulo,3550308,True,EMTU,827,https://moovitapp.com/index/pt-br/transporte_p%C3%BAblico-line-827-Sao_Paulo-242-2038937-36419596-0,12.1,-23.45092475,-46.681586749999994,,,,1,2023-06-16T04:05:59+00:00
SAO_637P-10,São Paulo,3550308,True,,32815,,,-23.566628,-46.701685499999996,,,,2,2023-06-16T04:05:25+00:00
SAO_637P-10,São Paulo,3550308,True,,32815,,,-23.644555000000004,-46.701621375,,,,2,2023-06-16T04:05:56+00:00
SAO_637P-10,São Paulo,3550308,True,,32815,,,-23.567598,-46.7007435,,,,2,2023-06-16T04:05:54+00:00
SAO_637P-10,São Paulo,3550308,True,,32815,,,-23.615032,-46.679569,,,,2,2023-06-16T04:06:00+00:00
SAO_637P-10,São Paulo,3550308,True,,32815,,,-23.566628,-46.701685499999996,,,,2,2023-06-16T04:06:04+00:00
SAO_637P-10,São Paulo,3550308,True,,32815,,,-23.58538,-46.683055499999995,,,,2,2023-06-16T04:05:26+00:00
SAO_637P-10,São Paulo,3550308,True,,32815,,,-23.640636999999998,-46.698444499999994,,,,2,2023-06-16T04:06:01+00:00
SAO_637P-10,São Paulo,3550308,True,,32815,,,-23.566628,-46.701685499999996,,,,2,2023-06-16T04:05:27+00:00
SAO_1726-10,São Paulo,3550308,True,,34171,,,-23.4359105,-46.566243,,,,2,2023-06-16T04:05:37+00:00
SAO_1726-10,São Paulo,3550308,True,,34171,,,-23.4359105,-46.566243,,,,2,2023-06-16T04:05:23+00:00
SAO_1726-10,São Paulo,3550308,True,,34171,,,-23.4936575,-46.6230095,,,,2,2023-06-16T04:05:48+00:00
SAO_1726-10,São Paulo,3550308,True,,34171,,,-23.436823500000003,-46.566249,,,,2,2023-06-16T04:05:33+00:00
SAO_1726-10,São Paulo,3550308,True,,34171,,,-23.45020075,-46.589796,,,,2,2023-06-16T04:05:41+00:00
SAO_1726-10,São Paulo,3550308,True,,34171,,,-23.502707,-46.624029,,,,2,2023-06-16T04:06:03+00:00
SAO_6500-10,São Paulo,3550308,True,,32814,,,-23.632466,-46.692088375000004,,,,2,2023-06-16T04:05:46+00:00
SAO_6500-10,São Paulo,3550308,True,,32814,,,-23.576207500000002,-46.670314,,,,2,2023-06-16T04:05:56+00:00
SAO_6500-10,São Paulo,3550308,True,,32814,,,-23.5568825,-46.6515995,,,,2,2023-06-16T04:06:03+00:00
SAO_6500-10,São Paulo,3550308,True,,32814,,,-23.636039,-46.6954255,,,,2,2023-06-16T04:05:53+00:00
SAO_737A-10,São Paulo,3550308,True,,34498,,,-23.662539625,-46.706812,,,,2,2023-06-16T04:05:32+00:00
SAO_737A-10,São Paulo,3550308,True,,34498,,,-23.6901525,-46.774198999999996,,,,2,2023-06-16T04:05:49+00:00
SAO_737A-10,São Paulo,3550308,True,,34498,,,-23.6659455,-46.715094750000006,,,,2,2023-06-16T04:05:56+00:00
SAO_737A-10,São Paulo,3550308,True,,34498,,,-23.658618500000003,-46.706303,,,,2,2023-06-16T04:05:47+00:00
SAO_737A-10,São Paulo,3550308,True,,34498,,,-23.688845375,-46.77301675,,,,2,2023-06-16T04:05:18+00:00
SAO_737A-10,São Paulo,3550308,True,,34498,,,-23.6902125,-46.773815,,,,2,2023-06-16T04:06:01+00:00
SAO_737A-10,São Paulo,3550308,True,,34498,,,-23.6902125,-46.773815,,,,2,2023-06-16T04:05:30+00:00
SAO_737A-10,São Paulo,3550308,True,,34498,,,-23.684060000000002,-46.770033,,,,2,2023-06-16T04:05:27+00:00
SAO_737A-10,São Paulo,3550308,True,,34498,,,-23.6902125,-46.773815,,,,2,2023-06-16T04:05:44+00:00
SAO_737A-10,São Paulo,3550308,True,,34498,,,-23.6902125,-46.773815,,,,2,2023-06-16T04:05:25+00:00
SAO_737A-10,São Paulo,3550308,True,,34498,,,-23.6902125,-46.773815,,,,2,2023-06-16T04:05:25+00:00
SAO_737A-10,São Paulo,3550308,True,,34498,,,-23.6902125,-46.773815,,,,2,2023-06-16T04:05:58+00:00
SAO_8549-10,São Paulo,3550308,True,,33348,,,-23.53741875,-46.648948,,,,2,2023-06-16T04:05:19+00:00
SAO_8549-10,São Paulo,3550308,True,,33348,,,-23.436301125,-46.716888125,,,,2,2023-06-16T04:05:47+00:00
SAO_8549-10,São Paulo,3550308,True,,33348,,,-23.436301125,-46.716888125,,,,2,2023-06-16T04:05:40+00:00
SAO_8549-10,São Paulo,3550308,True,,33348,,,-23.517380625,-46.699082375,,,,2,2023-06-16T04:06:01+00:00
SAO_8549-10,São Paulo,3550308,True,,33348,,,-23.446253,-46.704586500000005,,,,2,2023-06-16T04:05:33+00:00
SAO_8549-10,São Paulo,3550308,True,,33348,,,-23.436301125,-46.716888125,,,,2,2023-06-16T04:05:51+00:00
SAO_8549-10,São Paulo,3550308,True,,33348,,,-23.5073235,-46.6933555,,,,2,2023-06-16T04:05:36+00:00
SAO_4113-10,São Paulo,3550308,True,,768,,,-23.570746375,-46.626343750000004,,,,1,2023-06-16T04:05:54+00:00
SAO_4113-10,São Paulo,3550308,True,,768,,,-23.579463625000002,-46.617582875,,,,1,2023-06-16T04:05:34+00:00
SAO_4113-10,São Paulo,3550308,True,,768,,,-23.60155975,-46.612840250000005,,,,1,2023-06-16T04:05:43+00:00
SAO_4113-10,São Paulo,3550308,True,,768,,,-23.60155975,-46.612840250000005,,,,1,2023-06-16T04:05:34+00:00
SAO_4113-10,São Paulo,3550308,True,,768,,,-23.60155975,-46.612840250000005,,,,1,2023-06-16T04:05:33+00:00
SAO_4113-10,São Paulo,3550308,True,,768,,,-23.60155975,-46.612840250000005,,,,1,2023-06-16T04:05:20+00:00
SAO_4113-10,São Paulo,3550308,True,,768,,,-23.57692825,-46.622881500000005,,,,1,2023-06-16T04:05:54+00:00
SAO_4113-10,São Paulo,3550308,True,,768,,,-23.60155975,-46.612840250000005,,,,1,2023-06-16T04:05:57+00:00
SAO_4113-10,São Paulo,3550308,True,,768,,,-23.58358225,-46.612262875,,,,1,2023-06-16T04:05:57+00:00
SAO_4113-10,São Paulo,3550308,True,,768,,,-23.60155975,-46.612840250000005,,,,1,2023-06-16T04:05:31+00:00
SAO_4113-10,São Paulo,3550308,True,,768,,,-23.60206675,-46.612789250000006,,,,1,2023-06-16T04:05:32+00:00
SAO_4113-10,São Paulo,3550308,True,,768,,,-23.57654575,-46.623577999999995,,,,1,2023-06-16T04:05:37+00:00
SAO_4113-10,São Paulo,3550308,True,,768,,,-23.58381275,-46.612239625,,,,1,2023-06-16T04:05:42+00:00
SAO_707A-10,São Paulo,3550308,True,,34758,,,-23.6905325,-46.774566500000006,,,,2,2023-06-16T04:05:38+00:00
SAO_707A-10,São Paulo,3550308,True,,34758,,,-23.609676,-46.637005,,,,2,2023-06-16T04:05:57+00:00
SAO_707A-10,São Paulo,3550308,True,,34758,,,-23.692511000000003,-46.7778525,,,,2,2023-06-16T04:05:21+00:00
SAO_707A-10,São Paulo,3550308,True,,34758,,,-23.666391750000003,-46.719602374999994,,,,2,2023-06-16T04:05:19+00:00
SAO_707A-10,São Paulo,3550308,True,,34758,,,-23.692511000000003,-46.7778525,,,,2,2023-06-16T04:05:58+00:00
SAO_707A-10,São Paulo,3550308,True,,34758,,,-23.603506875,-46.657527,,,,2,2023-06-16T04:05:24+00:00
SAO_707A-10,São Paulo,3550308,True,,34758,,,-23.608275875,-46.666710875,,,,2,2023-06-16T04:06:03+00:00
SAO_707A-10,São Paulo,3550308,True,,34758,,,-23.677212500000003,-46.760749000000004,,,,2,2023-06-16T04:03:23+00:00
SAO_707A-10,São Paulo,3550308,True,,34758,,,-23.617873,-46.675702,,,,2,2023-06-16T04:05:27+00:00
SAO_7005-51,São Paulo,3550308,True,,34767,,,-23.73646075,-46.776863250000005,,,,2,2023-06-16T04:05:24+00:00
SAO_7005-51,São Paulo,3550308,True,,34767,,,-23.693933,-46.7796675,,,,2,2023-06-16T04:05:57+00:00
SAO_7005-51,São Paulo,3550308,True,,34767,,,-23.73646075,-46.776863250000005,,,,2,2023-06-16T04:05:23+00:00
SAO_7005-51,São Paulo,3550308,True,,34767,,,-23.73646075,-46.776863250000005,,,,2,2023-06-16T04:05:40+00:00
SAO_7005-51,São Paulo,3550308,True,,34767,,,-23.73646075,-46.776863250000005,,,,2,2023-06-16T04:05:40+00:00
SAO_407I-10,São Paulo,3550308,True,,34990,,,-23.54669,-46.59970525,,,,2,2023-06-16T04:05:44+00:00
SAO_407I-10,São Paulo,3550308,True,,34990,,,-23.5531325,-46.4933,,,,2,2023-06-16T04:05:27+00:00
SAO_407I-10,São Paulo,3550308,True,,34990,,,-23.5431125,-46.48502825,,,,2,2023-06-16T04:04:48+00:00
SAO_2007-10,São Paulo,3550308,True,,33664,,,-23.4980325,-46.3824775,,,,2,2023-06-16T04:05:48+00:00
SAO_2007-10,São Paulo,3550308,True,,33664,,,-23.509445499999998,-46.375510000000006,,,,2,2023-06-16T04:04:18+00:00
SAO_2007-10,São Paulo,3550308,True,,33664,,,-23.495033499999998,-46.402933000000004,,,,2,2023-06-16T04:05:46+00:00
SAO_2007-10,São Paulo,3550308,True,,33664,,,-23.510008749999997,-46.3703235,,,,2,2023-06-16T04:05:31+00:00
SAO_5111-10,São Paulo,3550308,True,,32816,,,-23.650007000000002,-46.7059785,,,,2,2023-06-16T04:06:02+00:00
SAO_5111-10,São Paulo,3550308,True,,32816,,,-23.54805,-46.629795,,,,2,2023-06-16T04:05:35+00:00
SAO_5111-10,São Paulo,3550308,True,,32816,,,-23.584273,-46.670441,,,,2,2023-06-16T04:05:59+00:00
SAO_5111-10,São Paulo,3550308,True,,32816,,,-23.650007000000002,-46.7059785,,,,2,2023-06-16T04:05:34+00:00
SAO_5111-10,São Paulo,3550308,True,,32816,,,-23.640636999999998,-46.698444499999994,,,,2,2023-06-16T04:06:04+00:00
SAO_5111-10,São Paulo,3550308,True,,32816,,,-23.614648000000003,-46.679307,,,,2,2023-06-16T04:05:21+00:00
SAO_637A-10,São Paulo,3550308,True,,185,,,-23.690886,-46.774112,,,,1,2023-06-16T04:05:44+00:00
SAO_637A-10,São Paulo,3550308,True,,185,,,-23.625210000000003,-46.707834500000004,,,,1,2023-06-16T04:05:24+00:00
SAO_637A-10,São Paulo,3550308,True,,185,,,-23.6697555,-46.7366495,,,,1,2023-06-16T04:05:35+00:00
SAO_637A-10,São Paulo,3550308,True,,185,,,-23.6512215,-46.7196505,,,,1,2023-06-16T04:05:45+00:00
SAO_637A-10,São Paulo,3550308,True,,185,,,-23.690886,-46.774112,,,,1,2023-06-16T04:06:01+00:00
SAO_637A-10,São Paulo,3550308,True,,185,,,-23.682367999999997,-46.76743925,,,,1,2023-06-16T04:05:41+00:00
SAO_637A-10,São Paulo,3550308,True,,185,,,-23.585345,-46.6839045,,,,1,2023-06-16T04:05:57+00:00
SAO_637A-10,São Paulo,3550308,True,,185,,,-23.676341999999998,-46.749753999999996,,,,1,2023-06-16T04:06:00+00:00
SAO_637A-10,São Paulo,3550308,True,,185,,,-23.565869,-46.701094499999996,,,,1,2023-06-16T04:05:22+00:00
SAO_637A-10,São Paulo,3550308,True,,185,,,-23.681915500000002,-46.7668975,,,,1,2023-06-16T04:05:41+00:00
SAO_2726-10,São Paulo,3550308,True,,33708,,,-23.508325499999998,-46.4684905,,,,2,2023-06-16T04:05:53+00:00
SAO_2726-10,São Paulo,3550308,True,,33708,,,-23.5082105,-46.489765,,,,2,2023-06-16T04:05:51+00:00
SAO_2726-10,São Paulo,3550308,True,,33708,,,-23.522164,-46.53876775,,,,2,2023-06-16T04:05:32+00:00
SAO_2726-10,São Paulo,3550308,True,,33708,,,-23.514357500000003,-46.4767655,,,,2,2023-06-16T04:05:23+00:00
SAO_2726-10,São Paulo,3550308,True,,33708,,,-23.515351,-46.4687215,,,,2,2023-06-16T04:06:00+00:00
SAO_2726-10,São Paulo,3550308,True,,33708,,,-23.5089045,-46.4682065,,,,2,2023-06-16T04:05:29+00:00
SAO_2726-10,São Paulo,3550308,True,,33708,,,-23.509822,-46.468253999999995,,,,2,2023-06-16T04:05:27+00:00
SAO_2726-10,São Paulo,3550308,True,,33708,,,-23.533543,-46.54562,,,,2,2023-06-16T04:05:56+00:00
SAO_5109-10,São Paulo,3550308,True,,34619,,,-23.563843375,-46.611501000000004,,,,2,2023-06-16T04:05:54+00:00
SAO_5109-10,São Paulo,3550308,True,,34619,,,-23.547353,-46.6287365,,,,2,2023-06-16T04:05:49+00:00
SAO_5109-10,São Paulo,3550308,True,,34619,,,-23.547353,-46.6287365,,,,2,2023-06-16T04:05:32+00:00
SAO_2725-10,São Paulo,3550308,True,,939,,,-23.5085655,-46.4714035,,,,1,2023-06-16T04:06:01+00:00
SAO_2725-10,São Paulo,3550308,True,,939,,,-23.5125655,-46.473308,,,,1,2023-06-16T04:06:00+00:00
SAO_2725-10,São Paulo,3550308,True,,939,,,-23.5097715,-46.472509,,,,1,2023-06-16T04:05:54+00:00
SAO_2725-10,São Paulo,3550308,True,,939,,,-23.540045,-46.483149499999996,,,,1,2023-06-16T04:05:21+00:00
SAO_2725-10,São Paulo,3550308,True,,939,,,-23.51928825,-46.469832000000004,,,,1,2023-06-16T04:05:54+00:00
SAO_2725-10,São Paulo,3550308,True,,939,,,-23.540045,-46.483149499999996,,,,1,2023-06-16T04:05:31+00:00
SAO_9090-10,São Paulo,3550308,True,,884,,,-23.481179,-46.6738895,,,,1,2023-06-16T04:05:29+00:00
SAO_756A-10,São Paulo,3550308,True,,33561,,,-23.594030500000002,-46.7426745,,,,2,2023-06-16T04:06:02+00:00
SAO_756A-10,São Paulo,3550308,True,,33561,,,-23.598115999999997,-46.7961385,,,,2,2023-06-16T04:05:30+00:00
SAO_756A-10,São Paulo,3550308,True,,33561,,,-23.601868250000003,-46.78341825,,,,2,2023-06-16T04:05:55+00:00
SAO_756A-10,São Paulo,3550308,True,,33561,,,-23.600564,-46.795344,,,,2,2023-06-16T04:05:50+00:00
SAO_756A-10,São Paulo,3550308,True,,33561,,,-23.601868250000003,-46.78341825,,,,2,2023-06-16T04:06:00+00:00
SAO_756A-10,São Paulo,3550308,True,,33561,,,-23.618044,-46.70133775000001,,,,2,2023-06-16T04:05:21+00:00
SAO_2715-10,São Paulo,3550308,True,,33696,,,-23.4981815,-46.502826,,,,2,2023-06-16T04:06:03+00:00
SAO_2715-10,São Paulo,3550308,True,,33696,,,-23.4980505,-46.503099,,,,2,2023-06-16T04:05:30+00:00
SAO_2715-10,São Paulo,3550308,True,,33696,,,-23.521065999999998,-46.5033425,,,,2,2023-06-16T04:06:01+00:00
SAO_2715-10,São Paulo,3550308,True,,33696,,,-23.4979255,-46.503353,,,,2,2023-06-16T04:05:59+00:00
SAO_2715-10,São Paulo,3550308,True,,33696,,,-23.4980505,-46.503099,,,,2,2023-06-16T04:05:58+00:00
SAO_2715-10,São Paulo,3550308,True,,33696,,,-23.495791750000002,-46.49969575,,,,2,2023-06-16T04:05:54+00:00
SAO_2715-10,São Paulo,3550308,True,,33696,,,-23.5113895,-46.502336,,,,2,2023-06-16T04:05:40+00:00
SAO_2004-10,São Paulo,3550308,True,,33660,,,-23.531842,-46.3975325,,,,2,2023-06-16T04:05:54+00:00
SAO_2004-10,São Paulo,3550308,True,,33660,,,-23.519818,-46.383840000000006,,,,2,2023-06-16T04:05:48+00:00
SAO_2004-10,São Paulo,3550308,True,,33660,,,-23.519621,-46.383444499999996,,,,2,2023-06-16T04:03:14+00:00
SAO_2004-10,São Paulo,3550308,True,,33660,,,-23.5196105,-46.3872475,,,,2,2023-06-16T04:05:20+00:00
SAO_2004-10,São Paulo,3550308,True,,33660,,,-23.51998075,-46.384243,,,,2,2023-06-16T04:05:27+00:00
SAO_817C-10,São Paulo,3550308,True,,1337,,,-23.5217005,-46.700518,,,,1,2023-06-16T04:05:27+00:00
SAO_817C-10,São Paulo,3550308,True,,1337,,,-23.5217005,-46.700518,,,,1,2023-06-16T04:05:50+00:00
SAO_817C-10,São Paulo,3550308,True,,1337,,,-23.541287500000003,-46.696898000000004,,,,1,2023-06-16T04:05:47+00:00
SAO_746P-10,São Paulo,3550308,True,,788,,,-23.643456999999998,-46.7356385,,,,1,2023-06-16T04:05:58+00:00
SAO_746P-10,São Paulo,3550308,True,,788,,,-23.619989500000003,-46.731206,,,,1,2023-06-16T04:05:27+00:00
SAO_746P-10,São Paulo,3550308,True,,788,,,-23.618063,-46.72137,,,,1,2023-06-16T04:05:27+00:00
SAO_746P-10,São Paulo,3550308,True,,788,,,-23.649411999999998,-46.7066835,,,,1,2023-06-16T04:05:41+00:00
SAO_746P-10,São Paulo,3550308,True,,788,,,-23.618063,-46.72137,,,,1,2023-06-16T04:05:54+00:00
SAO_9011-10,São Paulo,3550308,True,,33646,,,-23.459804999999996,-46.68515025,,,,2,2023-06-16T04:05:16+00:00
SAO_9011-10,São Paulo,3550308,True,,33646,,,-23.443857,-46.719284,,,,2,2023-06-16T04:05:49+00:00
SAO_9011-10,São Paulo,3550308,True,,33646,,,-23.4543985,-46.7377585,,,,2,2023-06-16T04:05:49+00:00
SAO_9011-10,São Paulo,3550308,True,,33646,,,-23.436176,-46.717684625000004,,,,2,2023-06-16T04:05:46+00:00
SAO_9011-10,São Paulo,3550308,True,,33646,,,-23.45477,-46.7384775,,,,2,2023-06-16T04:05:56+00:00
SAO_9011-10,São Paulo,3550308,True,,33646,,,-23.442771,-46.7179665,,,,2,2023-06-16T04:05:41+00:00
SAO_9011-10,São Paulo,3550308,True,,33646,,,-23.454522500000003,-46.737875,,,,2,2023-06-16T04:05:32+00:00
SAO_4210-10,São Paulo,3550308,True,,34938,,,-23.583131,-46.4090595,,,,2,2023-06-16T04:05:49+00:00
SAO_4210-10,São Paulo,3550308,True,,34938,,,-23.5830695,-46.408172,,,,2,2023-06-16T04:05:44+00:00
SAO_4210-10,São Paulo,3550308,True,,34938,,,-23.583263,-46.407486,,,,2,2023-06-16T04:05:50+00:00
SAO_4210-10,São Paulo,3550308,True,,34938,,,-23.583091000000003,-46.4080965,,,,2,2023-06-16T04:05:44+00:00
SAO_4210-10,São Paulo,3550308,True,,34938,,,-23.5830695,-46.408172,,,,2,2023-06-16T04:05:43+00:00
SAO_4210-10,São Paulo,3550308,True,,34938,,,-23.5322825,-46.561527,,,,2,2023-06-16T04:05:37+00:00
SAO_4210-10,São Paulo,3550308,True,,34938,,,-23.594362,-46.42451,,,,2,2023-06-16T04:02:26+00:00
SAO_4210-10,São Paulo,3550308,True,,34938,,,-23.5830695,-46.408172,,,,2,2023-06-16T04:01:58+00:00
SAO_4210-10,São Paulo,3550308,True,,34938,,,-23.53362875,-46.56546,,,,2,2023-06-16T04:02:58+00:00
SAO_4210-10,São Paulo,3550308,True,,34938,,,-23.537345000000002,-46.595128,,,,2,2023-06-16T04:05:41+00:00
SAO_189L-10,São Paulo,3550308,True,,35218,,,-23.486798999999998,-46.7106505,,,,2,2023-06-16T04:05:59+00:00
SAO_189L-10,São Paulo,3550308,True,,35218,,,-23.487222250000002,-46.7106,,,,2,2023-06-16T04:05:30+00:00
SAO_189L-10,São Paulo,3550308,True,,35218,,,-23.516964,-46.698682000000005,,,,2,2023-06-16T04:05:46+00:00
SAO_2766-10,São Paulo,3550308,True,,33173,,,-23.5390365,-46.451792,,,,2,2023-06-16T04:05:25+00:00
SAO_2766-10,São Paulo,3550308,True,,33173,,,-23.5207915,-46.3898935,,,,2,2023-06-16T04:05:41+00:00
SAO_2766-10,São Paulo,3550308,True,,33173,,,-23.5425775,-46.4719335,,,,2,2023-06-16T04:05:42+00:00
SAO_2766-10,São Paulo,3550308,True,,33173,,,-23.520581999999997,-46.3893115,,,,2,2023-06-16T04:04:31+00:00
SAO_2766-10,São Paulo,3550308,True,,33173,,,-23.520533,-46.3894665,,,,2,2023-06-16T04:05:35+00:00
SAO_2766-10,São Paulo,3550308,True,,33173,,,-23.5425775,-46.4719335,,,,2,2023-06-16T04:05:54+00:00
SAO_2766-10,São Paulo,3550308,True,,33173,,,-23.520578,-46.389579999999995,,,,2,2023-06-16T04:01:05+00:00
SAO_2766-10,São Paulo,3550308,True,,33173,,,-23.520533,-46.3894665,,,,2,2023-06-16T03:48:20+00:00
SAO_2766-10,São Paulo,3550308,True,,33173,,,-23.5425775,-46.4719335,,,,2,2023-06-16T04:05:51+00:00
SAO_2766-10,São Paulo,3550308,True,,33173,,,-23.494785,-46.406074,,,,2,2023-06-16T04:05:40+00:00
SAO_2732-10,São Paulo,3550308,True,,947,,,-23.5402155,-46.483134,,,,1,2023-06-16T04:05:47+00:00
SAO_609F-10,São Paulo,3550308,True,,32805,,,-23.659055000000002,-46.7433415,,,,2,2023-06-16T04:05:47+00:00
SAO_609F-10,São Paulo,3550308,True,,32805,,,-23.574096625,-46.6673885,,,,2,2023-06-16T04:05:21+00:00
SAO_609F-10,São Paulo,3550308,True,,32805,,,-23.668001500000003,-46.7491535,,,,2,2023-06-16T04:05:37+00:00
SAO_609F-10,São Paulo,3550308,True,,32805,,,-23.55969475,-46.654689,,,,2,2023-06-16T04:06:04+00:00
SAO_609F-10,São Paulo,3550308,True,,32805,,,-23.666661,-46.750280000000004,,,,2,2023-06-16T04:05:53+00:00
SAO_609F-10,São Paulo,3550308,True,,32805,,,-23.5905505,-46.6937485,,,,2,2023-06-16T04:05:19+00:00
SAO_609F-10,São Paulo,3550308,True,,32805,,,-23.534974,-46.6443435,,,,2,2023-06-16T04:05:20+00:00
SAO_4312-10,São Paulo,3550308,True,,34940,,,-23.543938124999997,-46.5091665,,,,2,2023-06-16T04:05:50+00:00
SAO_4312-10,São Paulo,3550308,True,,34940,,,-23.570552125,-46.489686875,,,,2,2023-06-16T04:05:57+00:00
SAO_4312-10,São Paulo,3550308,True,,34940,,,-23.570552125,-46.489686875,,,,2,2023-06-16T04:05:56+00:00
SAO_4312-10,São Paulo,3550308,True,,34940,,,-23.570552125,-46.489686875,,,,2,2023-06-16T04:05:58+00:00
SAO_4312-10,São Paulo,3550308,True,,34940,,,-23.570552125,-46.489686875,,,,2,2023-06-16T04:05:47+00:00
SAO_4312-10,São Paulo,3550308,True,,34940,,,-23.570552125,-46.489686875,,,,2,2023-06-16T04:05:25+00:00
SAO_4312-10,São Paulo,3550308,True,,34940,,,-23.552734,-46.6271135,,,,2,2023-06-16T04:05:51+00:00
SAO_4312-10,São Paulo,3550308,True,,34940,,,-23.535165125,-46.5492345,,,,2,2023-06-16T04:05:27+00:00
SAO_4312-10,São Paulo,3550308,True,,34940,,,-23.570950500000002,-46.490642,,,,2,2023-06-16T04:05:48+00:00
SAO_414P-10,São Paulo,3550308,True,,1105,,,-23.603599250000002,-46.5296635,,,,1,2023-06-16T04:05:54+00:00
SAO_414P-10,São Paulo,3550308,True,,1105,,,-23.54809175,-46.56788375000001,,,,1,2023-06-16T04:05:56+00:00
SAO_414P-10,São Paulo,3550308,True,,1105,,,-23.536963,-46.563204,,,,1,2023-06-16T04:05:43+00:00
SAO_414P-10,São Paulo,3550308,True,,1105,,,-23.5821585,-46.53617199999999,,,,1,2023-06-16T04:05:25+00:00
SAO_8030-10,São Paulo,3550308,True,,2562,,,-23.6228935,-46.7287175,,,,1,2023-06-16T04:05:45+00:00
SAO_8030-10,São Paulo,3550308,True,,2562,,,-23.6228935,-46.7287175,,,,1,2023-06-16T04:05:39+00:00
SAO_8030-10,São Paulo,3550308,True,,2562,,,-23.6228935,-46.7287175,,,,1,2023-06-16T04:06:01+00:00
SAO_8030-10,São Paulo,3550308,True,,2562,,,-23.606691500000004,-46.726228375000005,,,,1,2023-06-16T04:05:45+00:00
SAO_8030-10,São Paulo,3550308,True,,2562,,,-23.59203575,-46.735672,,,,1,2023-06-16T04:05:42+00:00
SAO_3745-10,São Paulo,3550308,True,,1044,,,-23.54132,-46.57769475,,,,1,2023-06-16T04:05:27+00:00
SAO_3745-10,São Paulo,3550308,True,,1044,,,-23.588356,-46.511075,,,,1,2023-06-16T04:05:59+00:00
SAO_3745-10,São Paulo,3550308,True,,1044,,,-23.54235575,-46.57777899999999,,,,1,2023-06-16T04:05:28+00:00
SAO_3745-10,São Paulo,3550308,True,,1044,,,-23.57303375,-46.52372375,,,,1,2023-06-16T04:03:27+00:00
SAO_1178-10,São Paulo,3550308,True,,32900,,,-23.504024,-46.4331685,,,,2,2023-06-16T04:04:36+00:00
SAO_1178-10,São Paulo,3550308,True,,32900,,,-23.504223500000002,-46.4338665,,,,2,2023-06-16T04:06:03+00:00
SAO_1178-10,São Paulo,3550308,True,,32900,,,-23.488895499999998,-46.5047245,,,,2,2023-06-16T04:05:42+00:00
SAO_1178-10,São Paulo,3550308,True,,32900,,,-23.519664,-46.618011499999994,,,,2,2023-06-16T04:04:56+00:00
SAO_1178-10,São Paulo,3550308,True,,32900,,,-23.526955,-46.55424925,,,,2,2023-06-16T04:05:19+00:00
SAO_1178-10,São Paulo,3550308,True,,32900,,,-23.506073,-46.5290215,,,,2,2023-06-16T04:04:20+00:00
SAO_1178-10,São Paulo,3550308,True,,32900,,,-23.49623625,-46.5117085,,,,2,2023-06-16T04:05:33+00:00
SAO_1178-10,São Paulo,3550308,True,,32900,,,-23.49173,-46.44601225,,,,2,2023-06-16T04:05:51+00:00
SAO_1178-10,São Paulo,3550308,True,,32900,,,-23.503918499999997,-46.433276,,,,2,2023-06-16T04:05:46+00:00
SAO_4032-10,São Paulo,3550308,True,,1102,,,-23.6075535,-46.63991675,,,,1,2023-06-16T04:05:57+00:00
SAO_4032-10,São Paulo,3550308,True,,1102,,,-23.628401,-46.6002985,,,,1,2023-06-16T04:06:01+00:00
SAO_4032-10,São Paulo,3550308,True,,1102,,,-23.628401,-46.6002985,,,,1,2023-06-16T04:05:30+00:00
SAO_4032-10,São Paulo,3550308,True,,1102,,,-23.6268385,-46.605826,,,,1,2023-06-16T04:05:53+00:00
SAO_4032-10,São Paulo,3550308,True,,1102,,,-23.598506999999998,-46.639347,,,,1,2023-06-16T04:05:54+00:00
SAO_778J-10,São Paulo,3550308,True,,33276,,,-23.5740975,-46.7353825,,,,2,2023-06-16T04:05:19+00:00
SAO_778J-10,São Paulo,3550308,True,,33276,,,-23.573674187500004,-46.72600043749999,,,,2,2023-06-16T04:05:27+00:00
SAO_778J-10,São Paulo,3550308,True,,33276,,,-23.530894,-46.67731,,,,2,2023-06-16T04:05:56+00:00
SAO_778J-10,São Paulo,3550308,True,,33276,,,-23.586923,-46.7897105,,,,2,2023-06-16T04:05:45+00:00
SAO_778J-10,São Paulo,3550308,True,,33276,,,-23.586923,-46.7897105,,,,2,2023-06-16T04:05:30+00:00
SAO_342N-10,São Paulo,3550308,True,,33771,,,-23.564508500000002,-46.397200999999995,,,,2,2023-06-16T04:06:01+00:00
SAO_342N-10,São Paulo,3550308,True,,33771,,,-23.542303,-46.425173,,,,2,2023-06-16T04:05:56+00:00
SAO_342N-10,São Paulo,3550308,True,,33771,,,-23.5628445,-46.3949135,,,,2,2023-06-16T04:05:54+00:00
SAO_342N-10,São Paulo,3550308,True,,33771,,,-23.5628445,-46.3949135,,,,2,2023-06-16T04:05:27+00:00
SAO_199D-10,São Paulo,3550308,True,,34903,,,-23.538236,-46.6836505,,,,2,2023-06-16T04:06:00+00:00
SAO_199D-10,São Paulo,3550308,True,,34903,,,-23.486155500000002,-46.710619,,,,2,2023-06-16T04:05:28+00:00
SAO_199D-10,São Paulo,3550308,True,,34903,,,-23.559575499999998,-46.68085475,,,,2,2023-06-16T04:05:54+00:00
SAO_199D-10,São Paulo,3550308,True,,34903,,,-23.4862405,-46.71064,,,,2,2023-06-16T04:05:56+00:00
SAO_199D-10,São Paulo,3550308,True,,34903,,,-23.511091,-46.705378749999994,,,,2,2023-06-16T04:05:52+00:00
SAO_208V-10,São Paulo,3550308,True,Rápido Campinas,207,https://moovitapp.com/index/pt-br/transporte_p%C3%BAblico-line-207-Sao_Paulo-242-858660-638984-0,5.3,-23.5423565,-46.616277,,,,1,2023-06-16T04:06:02+00:00
SAO_208V-10,São Paulo,3550308,True,Rápido Campinas,207,https://moovitapp.com/index/pt-br/transporte_p%C3%BAblico-line-207-Sao_Paulo-242-858660-638984-0,5.3,-23.517753,-46.475941500000005,,,,1,2023-06-16T04:05:39+00:00
SAO_208V-10,São Paulo,3550308,True,Rápido Campinas,207,https://moovitapp.com/index/pt-br/transporte_p%C3%BAblico-line-207-Sao_Paulo-242-858660-638984-0,5.3,-23.517753,-46.475941500000005,,,,1,2023-06-16T04:05:55+00:00
SAO_208V-10,São Paulo,3550308,True,Rápido Campinas,207,https://moovitapp.com/index/pt-br/transporte_p%C3%BAblico-line-207-Sao_Paulo-242-858660-638984-0,5.3,-23.517753,-46.475941500000005,,,,1,2023-06-16T04:05:19+00:00
SAO_208V-10,São Paulo,3550308,True,Rápido Campinas,207,https://moovitapp.com/index/pt-br/transporte_p%C3%BAblico-line-207-Sao_Paulo-242-858660-638984-0,5.3,-23.547219,-46.6295935,,,,1,2023-06-16T04:05:19+00:00
SAO_208V-10,São Paulo,3550308,True,Rápido Campinas,207,https://moovitapp.com/index/pt-br/transporte_p%C3%BAblico-line-207-Sao_Paulo-242-858660-638984-0,5.3,-23.517386000000002,-46.4759985,,,,1,2023-06-16T04:05:55+00:00
SAO_208V-10,São Paulo,3550308,True,Rápido Campinas,207,https://moovitapp.com/index/pt-br/transporte_p%C3%BAblico-line-207-Sao_Paulo-242-858660-638984-0,5.3,-23.521262,-46.5255815,,,,1,2023-06-16T04:05:55+00:00
SAO_208V-10,São Paulo,3550308,True,Rápido Campinas,207,https://moovitapp.com/index/pt-br/transporte_p%C3%BAblico-line-207-Sao_Paulo-242-858660-638984-0,5.3,-23.529316,-46.553309,,,,1,2023-06-16T04:06:00+00:00
SAO_675G-22,São Paulo,3550308,True,,1449,,,-23.744538750000004,-46.670265125,,,,1,2023-06-16T04:05:58+00:00
SAO_407R-10,São Paulo,3550308,True,,2201,,,-23.558462,-46.5226175,,,,1,2023-06-16T04:05:28+00:00
SAO_407R-10,São Paulo,3550308,True,,2201,,,-23.558462,-46.5226175,,,,1,2023-06-16T04:05:35+00:00
SAO_407R-10,São Paulo,3550308,True,,2201,,,-23.561864,-46.5618535,,,,1,2023-06-16T04:05:24+00:00
SAO_407R-10,São Paulo,3550308,True,,2201,,,-23.5428375,-46.587731000000005,,,,1,2023-06-16T04:05:37+00:00
SAO_374M-10,São Paulo,3550308,True,,1965,,,-23.542766999999998,-46.470827,,,,1,2023-06-16T04:05:49+00:00
SAO_374M-10,São Paulo,3550308,True,,1965,,,-23.503567500000003,-46.49976975,,,,1,2023-06-16T04:03:18+00:00
SAO_407A-10,São Paulo,3550308,True,,34962,,,-23.546005,-46.586012,,,,2,2023-06-16T04:05:54+00:00
SAO_407A-10,São Paulo,3550308,True,,34962,,,-23.5637455,-46.502182000000005,,,,2,2023-06-16T04:05:37+00:00
SAO_407A-10,São Paulo,3550308,True,,34962,,,-23.5635905,-46.50201199999999,,,,2,2023-06-16T04:05:27+00:00
SAO_407A-10,São Paulo,3550308,True,,34962,,,-23.5633835,-46.501695,,,,2,2023-06-16T04:05:50+00:00
SAO_407A-10,São Paulo,3550308,True,,34962,,,-23.583397249999997,-46.53500275,,,,2,2023-06-16T04:05:20+00:00
SAO_1017-10,São Paulo,3550308,True,,2141,,,-23.4103035,-46.7518685,,,,1,2023-06-16T04:05:26+00:00
SAO_1017-10,São Paulo,3550308,True,,2141,,,-23.4850255,-46.709775,,,,1,2023-06-16T04:05:32+00:00
SAO_1017-10,São Paulo,3550308,True,,2141,,,-23.4531225,-46.71250175,,,,1,2023-06-16T04:05:11+00:00
SAO_1017-10,São Paulo,3550308,True,,2141,,,-23.4300105,-46.721096,,,,1,2023-06-16T04:05:20+00:00
SAO_5131-10,São Paulo,3550308,True,,34050,,,-23.556387,-46.6399035,,,,2,2023-06-16T04:05:52+00:00
SAO_5131-10,São Paulo,3550308,True,,34050,,,-23.662461999999998,-46.669380000000004,,,,2,2023-06-16T04:05:44+00:00
SAO_5131-10,São Paulo,3550308,True,,34050,,,-23.662827999999998,-46.669315499999996,,,,2,2023-06-16T04:05:41+00:00
SAO_5131-10,São Paulo,3550308,True,,34050,,,-23.662461999999998,-46.669380000000004,,,,2,2023-06-16T04:05:58+00:00
SAO_5131-10,São Paulo,3550308,True,,34050,,,-23.559326,-46.642411499999994,,,,2,2023-06-16T04:05:49+00:00
SAO_139A-10,São Paulo,3550308,True,,35219,,,-23.4980865,-46.70102800000001,,,,2,2023-06-16T04:05:59+00:00
SAO_139A-10,São Paulo,3550308,True,,35219,,,-23.486026000000003,-46.710671500000004,,,,2,2023-06-16T04:05:25+00:00
SAO_6505-10,São Paulo,3550308,True,,34218,,,-23.553145,-46.647852,,,,2,2023-06-16T04:05:48+00:00
SAO_6505-10,São Paulo,3550308,True,,34218,,,-23.570480500000002,-46.6624725,,,,2,2023-06-16T04:05:33+00:00
SAO_6505-10,São Paulo,3550308,True,,34218,,,-23.63991275,-46.697979000000004,,,,2,2023-06-16T04:06:04+00:00
SAO_6505-10,São Paulo,3550308,True,,34218,,,-23.666391750000003,-46.719602374999994,,,,2,2023-06-16T04:05:38+00:00
SAO_6505-10,São Paulo,3550308,True,,34218,,,-23.596951,-46.6738295,,,,2,2023-06-16T04:05:51+00:00
SAO_6505-10,São Paulo,3550308,True,,34218,,,-23.667954,-46.732462,,,,2,2023-06-16T04:05:45+00:00
SAO_6505-10,São Paulo,3550308,True,,34218,,,-23.669023250000002,-46.734721500000006,,,,2,2023-06-16T04:05:41+00:00
SAO_958P-10,São Paulo,3550308,True,,465,,,-23.59616325,-46.691351,,,,1,2023-06-16T04:05:27+00:00
SAO_958P-10,São Paulo,3550308,True,,465,,,-23.5200475,-46.7477995,,,,1,2023-06-16T04:03:53+00:00
SAO_958P-10,São Paulo,3550308,True,,465,,,-23.484244,-46.740697,,,,1,2023-06-16T04:05:37+00:00
SAO_516N-10,São Paulo,3550308,True,,33034,,,-23.689736500000002,-46.6497535,,,,2,2023-06-16T04:05:35+00:00
SAO_516N-10,São Paulo,3550308,True,,33034,,,-23.652300500000003,-46.66928475,,,,2,2023-06-16T04:05:43+00:00
SAO_516N-10,São Paulo,3550308,True,,33034,,,-23.657077,-46.6650955,,,,2,2023-06-16T04:05:55+00:00
SAO_516N-10,São Paulo,3550308,True,,33034,,,-23.584148,-46.670124,,,,2,2023-06-16T04:06:00+00:00
SAO_516N-10,São Paulo,3550308,True,,33034,,,-23.6693775,-46.649161500000005,,,,2,2023-06-16T04:06:01+00:00
SAO_516N-10,São Paulo,3550308,True,,33034,,,-23.689969249999997,-46.649679000000006,,,,2,2023-06-16T04:03:59+00:00
SAO_516N-10,São Paulo,3550308,True,,33034,,,-23.6926985,-46.6452105,,,,2,2023-06-16T04:05:55+00:00
SAO_516N-10,São Paulo,3550308,True,,33034,,,-23.58759275,-46.67480075,,,,2,2023-06-16T04:05:21+00:00
SAO_607C-10,São Paulo,3550308,True,,34745,,,-23.601169249999998,-46.691475499999996,,,,2,2023-06-16T04:05:58+00:00
SAO_607C-10,São Paulo,3550308,True,,34745,,,-23.681403,-46.638069,,,,2,2023-06-16T04:05:23+00:00
SAO_607C-10,São Paulo,3550308,True,,34745,,,-23.65167125,-46.66948775,,,,2,2023-06-16T04:05:48+00:00
SAO_607C-10,São Paulo,3550308,True,,34745,,,-23.689499,-46.635158000000004,,,,2,2023-06-16T04:05:19+00:00
SAO_607C-10,São Paulo,3550308,True,,34745,,,-23.669097999999998,-46.649691000000004,,,,2,2023-06-16T04:05:41+00:00
SAO_607C-10,São Paulo,3550308,True,,34745,,,-23.6258115,-46.6894355,,,,2,2023-06-16T04:05:59+00:00
SAO_607C-10,São Paulo,3550308,True,,34745,,,-23.68922,-46.635029,,,,2,2023-06-16T04:05:36+00:00
SAO_211L-10,São Paulo,3550308,True,,35033,,,-23.5133685,-46.690580999999995,,,,2,2023-06-16T04:05:59+00:00
SAO_211L-10,São Paulo,3550308,True,,35033,,,-23.49671325,-46.67643925,,,,2,2023-06-16T04:05:49+00:00
SAO_211L-10,São Paulo,3550308,True,,35033,,,-23.4825085,-46.630541,,,,2,2023-06-16T04:05:30+00:00
SAO_675M-10,São Paulo,3550308,True,,32876,,,-23.720286,-46.6768305,,,,2,2023-06-16T04:05:34+00:00
SAO_675M-10,São Paulo,3550308,True,,32876,,,-23.6468815,-46.639446500000005,,,,2,2023-06-16T04:06:01+00:00
SAO_675M-10,São Paulo,3550308,True,,32876,,,-23.675475999999996,-46.678974749999995,,,,2,2023-06-16T04:05:59+00:00
SAO_675M-10,São Paulo,3550308,True,,32876,,,-23.726927500000002,-46.6853955,,,,2,2023-06-16T04:03:34+00:00
SAO_3734-10,São Paulo,3550308,True,,33802,,,-23.5410875,-46.4842785,,,,2,2023-06-16T04:05:59+00:00
SAO_3734-10,São Paulo,3550308,True,,33802,,,-23.54813825,-46.4825925,,,,2,2023-06-16T04:05:43+00:00
SAO_3734-10,São Paulo,3550308,True,,33802,,,-23.557001,-46.4716195,,,,2,2023-06-16T04:05:53+00:00
SAO_3734-10,São Paulo,3550308,True,,33802,,,-23.552729,-46.473189500000004,,,,2,2023-06-16T04:05:52+00:00
SAO_3734-10,São Paulo,3550308,True,,33802,,,-23.552827,-46.472971,,,,2,2023-06-16T04:05:50+00:00
SAO_3734-10,São Paulo,3550308,True,,33802,,,-23.552827,-46.472971,,,,2,2023-06-16T04:05:20+00:00
SAO_8065-10,São Paulo,3550308,False,,33189,,,-23.469812500000003,-46.7517455,,,,2,2023-06-16T04:05:46+00:00
SAO_2551-10,São Paulo,3550308,True,EMTU,141,https://moovitapp.com/index/pt-br/transporte_p%C3%BAblico-line-141-Sao_Paulo-242-2038937-36419292-0,8.15,-23.48515725,-46.48001325,,,,1,2023-06-16T04:02:40+00:00
SAO_2551-10,São Paulo,3550308,True,EMTU,141,https://moovitapp.com/index/pt-br/transporte_p%C3%BAblico-line-141-Sao_Paulo-242-2038937-36419292-0,8.15,-23.5314755,-46.5591195,,,,1,2023-06-16T04:04:17+00:00
SAO_148L-10,São Paulo,3550308,True,,33299,,,-23.475635500000003,-46.66432425000001,,,,2,2023-06-16T04:05:34+00:00
SAO_148L-10,São Paulo,3550308,True,,33299,,,-23.4551215,-46.652438000000004,,,,2,2023-06-16T04:05:45+00:00
SAO_148L-10,São Paulo,3550308,True,,33299,,,-23.459543500000002,-46.6565455,,,,2,2023-06-16T04:05:56+00:00
SAO_148L-10,São Paulo,3550308,True,,33299,,,-23.4653245,-46.6517335,,,,2,2023-06-16T04:05:43+00:00
SAO_148L-10,São Paulo,3550308,True,,33299,,,-23.455058,-46.652393,,,,2,2023-06-16T04:05:19+00:00
SAO_148L-10,São Paulo,3550308,True,,33299,,,-23.455058,-46.652393,,,,2,2023-06-16T04:05:38+00:00
SAO_148L-10,São Paulo,3550308,True,,33299,,,-23.500559000000003,-46.6736765,,,,2,2023-06-16T04:05:52+00:00
SAO_148L-10,São Paulo,3550308,True,,33299,,,-23.4653245,-46.6517335,,,,2,2023-06-16T04:05:24+00:00
SAO_148L-10,São Paulo,3550308,True,,33299,,,-23.4653245,-46.6517335,,,,2,2023-06-16T04:05:21+00:00
SAO_6L05-10,São Paulo,3550308,True,,1173,,,-23.8390405,-46.7196755,,,,1,2023-06-16T04:05:26+00:00
SAO_476G-10,São Paulo,3550308,True,,33879,,,-23.596648000000002,-46.567818,,,,2,2023-06-16T04:06:02+00:00
SAO_476G-10,São Paulo,3550308,True,,33879,,,-23.5819265,-46.59244575,,,,2,2023-06-16T04:04:43+00:00
SAO_476G-10,São Paulo,3550308,True,,33879,,,-23.6090945,-46.535273000000004,,,,2,2023-06-16T04:06:03+00:00
SAO_476G-10,São Paulo,3550308,True,,33879,,,-23.596191,-46.57122175000001,,,,2,2023-06-16T04:05:41+00:00
SAO_3731-10,São Paulo,3550308,True,,1028,,,-23.555632125000002,-46.516557375,,,,1,2023-06-16T04:05:27+00:00
SAO_3731-10,São Paulo,3550308,True,,1028,,,-23.539874,-46.516463,,,,1,2023-06-16T04:05:33+00:00
SAO_3731-10,São Paulo,3550308,True,,1028,,,-23.563361999999998,-46.5018435,,,,1,2023-06-16T04:05:45+00:00
SAO_3731-10,São Paulo,3550308,True,,1028,,,-23.56465375,-46.505956,,,,1,2023-06-16T04:05:45+00:00
SAO_3731-10,São Paulo,3550308,True,,1028,,,-23.54011525,-46.51618425,,,,1,2023-06-16T04:05:47+00:00
SAO_3731-10,São Paulo,3550308,True,,1028,,,-23.546931,-46.5134805,,,,1,2023-06-16T04:05:47+00:00
SAO_3731-10,São Paulo,3550308,True,,1028,,,-23.54011525,-46.51618425,,,,1,2023-06-16T04:05:28+00:00
SAO_3731-10,São Paulo,3550308,True,,1028,,,-23.539874,-46.516463,,,,1,2023-06-16T04:05:43+00:00
SAO_3731-10,São Paulo,3550308,True,,1028,,,-23.531409,-46.529441,,,,1,2023-06-16T04:05:42+00:00
SAO_2008-10,São Paulo,3550308,True,,33665,,,-23.499641,-46.39929600000001,,,,2,2023-06-16T04:05:49+00:00
SAO_2008-10,São Paulo,3550308,True,,33665,,,-23.52118775,-46.38765975,,,,2,2023-06-16T04:05:53+00:00
SAO_2008-10,São Paulo,3550308,True,,33665,,,-23.52114525,-46.38738525,,,,2,2023-06-16T04:04:21+00:00
SAO_2551-10,São Paulo,3550308,True,,32909,,,-23.516624,-46.478505,,,,2,2023-06-16T04:05:39+00:00
SAO_2551-10,São Paulo,3550308,True,,32909,,,-23.544483125,-46.619135625,,,,2,2023-06-16T04:05:42+00:00
SAO_2551-10,São Paulo,3550308,True,,32909,,,-23.517572,-46.475783,,,,2,2023-06-16T04:05:38+00:00
SAO_2551-10,São Paulo,3550308,True,,32909,,,-23.524316,-46.5489745,,,,2,2023-06-16T04:06:02+00:00
SAO_2551-10,São Paulo,3550308,True,,32909,,,-23.546832000000002,-46.6301665,,,,2,2023-06-16T04:05:37+00:00
SAO_2551-10,São Paulo,3550308,True,,32909,,,-23.496204749999997,-46.511352,,,,2,2023-06-16T04:05:37+00:00
SAO_5129-41,São Paulo,3550308,True,,34742,,,-23.6807545,-46.636931000000004,,,,2,2023-06-16T04:05:28+00:00
SAO_5129-41,São Paulo,3550308,True,,34742,,,-23.68026475,-46.63590725,,,,2,2023-06-16T04:06:01+00:00
SAO_5129-41,São Paulo,3550308,True,,34742,,,-23.6546655,-46.6672455,,,,2,2023-06-16T04:05:54+00:00
SAO_5129-41,São Paulo,3550308,True,,34742,,,-23.680424000000002,-46.636534,,,,2,2023-06-16T04:05:26+00:00
SAO_5129-41,São Paulo,3550308,True,,34742,,,-23.6538495,-46.6899385,,,,2,2023-06-16T04:05:24+00:00
SAO_5129-41,São Paulo,3550308,True,,34742,,,-23.6535685,-46.703556,,,,2,2023-06-16T04:05:34+00:00
SAO_746H-10,São Paulo,3550308,True,,33553,,,-23.641247,-46.735923,,,,2,2023-06-16T04:05:56+00:00
SAO_746H-10,São Paulo,3550308,True,,33553,,,-23.582473,-46.72555575,,,,2,2023-06-16T04:05:59+00:00
SAO_746H-10,São Paulo,3550308,True,,33553,,,-23.616446500000002,-46.731505,,,,2,2023-06-16T04:05:47+00:00
SAO_746H-10,São Paulo,3550308,True,,33553,,,-23.593502,-46.7526985,,,,2,2023-06-16T04:05:17+00:00
SAO_6014-10,São Paulo,3550308,True,,188,,,-23.741947500000002,-46.801043,,,,1,2023-06-16T04:05:41+00:00
SAO_6014-10,São Paulo,3550308,True,,188,,,-23.741947500000002,-46.801043,,,,1,2023-06-16T04:05:49+00:00
SAO_6014-10,São Paulo,3550308,True,,188,,,-23.692511000000003,-46.7778525,,,,1,2023-06-16T04:05:35+00:00
SAO_6014-10,São Paulo,3550308,True,,188,,,-23.66334525,-46.710302999999996,,,,1,2023-06-16T04:03:36+00:00
SAO_6014-10,São Paulo,3550308,True,,188,,,-23.6677405,-46.73030275,,,,1,2023-06-16T04:05:32+00:00
SAO_6014-10,São Paulo,3550308,True,,188,,,-23.666663999999997,-46.720772499999995,,,,1,2023-06-16T04:06:02+00:00
SAO_6035-10,São Paulo,3550308,True,,33981,,,-23.667188,-46.72773325,,,,2,2023-06-16T04:05:33+00:00
SAO_6035-10,São Paulo,3550308,True,,33981,,,-23.672006000000003,-46.742043,,,,2,2023-06-16T04:05:29+00:00
SAO_6035-10,São Paulo,3550308,True,,33981,,,-23.71963025,-46.765159249999996,,,,2,2023-06-16T04:05:49+00:00
SAO_6035-10,São Paulo,3550308,True,,33981,,,-23.6659455,-46.715094750000006,,,,2,2023-06-16T04:06:04+00:00
SAO_2161-10,São Paulo,3550308,True,,33462,,,-23.4740875,-46.566756999999996,,,,2,2023-06-16T04:05:54+00:00
SAO_2161-10,São Paulo,3550308,True,,33462,,,-23.528083000000002,-46.597326249999995,,,,2,2023-06-16T04:04:34+00:00
SAO_2161-10,São Paulo,3550308,True,,33462,,,-23.4740875,-46.566756999999996,,,,2,2023-06-16T04:05:45+00:00
SAO_2161-10,São Paulo,3550308,True,,33462,,,-23.5428415,-46.635521,,,,2,2023-06-16T04:05:23+00:00
SAO_2161-10,São Paulo,3550308,True,,33462,,,-23.474255499999998,-46.56712,,,,2,2023-06-16T04:05:45+00:00
SAO_2161-10,São Paulo,3550308,True,,33462,,,-23.5456745,-46.631198999999995,,,,2,2023-06-16T04:05:34+00:00
SAO_3023-10,São Paulo,3550308,True,Urubupungá,960,https://moovitapp.com/index/pt-br/transporte_p%C3%BAblico-line-960-Sao_Paulo-242-873835-31663702-0,4.6,-23.63368825,-46.472753250000004,,,,1,2023-06-16T04:05:39+00:00
SAO_3023-10,São Paulo,3550308,True,Urubupungá,960,https://moovitapp.com/index/pt-br/transporte_p%C3%BAblico-line-960-Sao_Paulo-242-873835-31663702-0,4.6,-23.63368825,-46.472753250000004,,,,1,2023-06-16T04:04:40+00:00
SAO_3023-10,São Paulo,3550308,True,Urubupungá,960,https://moovitapp.com/index/pt-br/transporte_p%C3%BAblico-line-960-Sao_Paulo-242-873835-31663702-0,4.6,-23.63368825,-46.472753250000004,,,,1,2023-06-16T04:05:28+00:00
SAO_3023-10,São Paulo,3550308,True,Urubupungá,960,https://moovitapp.com/index/pt-br/transporte_p%C3%BAblico-line-960-Sao_Paulo-242-873835-31663702-0,4.6,-23.563608000000002,-46.5053735,,,,1,2023-06-16T04:05:18+00:00
SAO_3023-10,São Paulo,3550308,True,Urubupungá,960,https://moovitapp.com/index/pt-br/transporte_p%C3%BAblico-line-960-Sao_Paulo-242-873835-31663702-0,4.6,-23.60103025,-46.48385275,,,,1,2023-06-16T04:05:30+00:00
SAO_5038-10,São Paulo,3550308,True,,34429,,,-23.633052,-46.605123375,,,,2,2023-06-16T04:05:44+00:00
SAO_5038-10,São Paulo,3550308,True,,34429,,,-23.652486500000002,-46.601986999999994,,,,2,2023-06-16T04:05:47+00:00
SAO_5038-10,São Paulo,3550308,True,,34429,,,-23.650326,-46.614008999999996,,,,2,2023-06-16T04:05:19+00:00
SAO_5038-10,São Paulo,3550308,True,,34429,,,-23.602812,-46.60224,,,,2,2023-06-16T04:05:48+00:00
SAO_4004-10,São Paulo,3550308,True,,34946,,,-23.5849955,-46.3906585,,,,2,2023-06-16T04:05:31+00:00
SAO_4004-10,São Paulo,3550308,True,,34946,,,-23.5829575,-46.4066125,,,,2,2023-06-16T04:05:29+00:00
SAO_4313-10,São Paulo,3550308,True,,34941,,,-23.583026,-46.408417,,,,2,2023-06-16T04:05:50+00:00
SAO_4313-10,São Paulo,3550308,True,,34941,,,-23.583113,-46.4080205,,,,2,2023-06-16T04:05:47+00:00
SAO_4313-10,São Paulo,3550308,True,,34941,,,-23.583026,-46.408417,,,,2,2023-06-16T04:05:43+00:00
SAO_4313-10,São Paulo,3550308,True,,34941,,,-23.596007999999998,-46.4529145,,,,2,2023-06-16T04:05:40+00:00
SAO_4313-10,São Paulo,3550308,True,,34941,,,-23.583026,-46.408417,,,,2,2023-06-16T04:05:35+00:00
SAO_4313-10,São Paulo,3550308,True,,34941,,,-23.5830225,-46.4086875,,,,2,2023-06-16T04:05:21+00:00
SAO_4313-10,São Paulo,3550308,True,,34941,,,-23.583026,-46.408417,,,,2,2023-06-16T04:05:51+00:00
SAO_4313-10,São Paulo,3550308,True,,34941,,,-23.5407395,-46.575645,,,,2,2023-06-16T04:05:31+00:00
SAO_4313-10,São Paulo,3550308,True,,34941,,,-23.593059500000003,-46.47001175,,,,2,2023-06-16T04:06:00+00:00
SAO_4313-10,São Paulo,3550308,True,,34941,,,-23.5831765,-46.407794499999994,,,,2,2023-06-16T04:05:51+00:00
SAO_4313-10,São Paulo,3550308,True,,34941,,,-23.53539,-46.549075,,,,2,2023-06-16T04:05:34+00:00
SAO_4313-10,São Paulo,3550308,True,,34941,,,-23.562649,-46.509988,,,,2,2023-06-16T04:05:48+00:00
SAO_4313-10,São Paulo,3550308,True,,34941,,,-23.583026,-46.408417,,,,2,2023-06-16T04:05:58+00:00
SAO_4313-10,São Paulo,3550308,True,,34941,,,-23.5479245,-46.629473,,,,2,2023-06-16T04:05:53+00:00
SAO_4313-10,São Paulo,3550308,True,,34941,,,-23.583026,-46.408417,,,,2,2023-06-16T04:05:21+00:00
SAO_2730-10,São Paulo,3550308,True,,33713,,,-23.5327445,-46.4735,,,,2,2023-06-16T04:05:59+00:00
SAO_2730-10,São Paulo,3550308,True,,33713,,,-23.5243065,-46.47496075,,,,2,2023-06-16T04:05:57+00:00
SAO_2730-10,São Paulo,3550308,True,,33713,,,-23.513798,-46.4627275,,,,2,2023-06-16T04:05:54+00:00
SAO_2730-10,São Paulo,3550308,True,,33713,,,-23.502793375,-46.45538487499999,,,,2,2023-06-16T04:05:17+00:00
SAO_2730-10,São Paulo,3550308,True,,33713,,,-23.510537499999998,-46.4468945,,,,2,2023-06-16T04:05:20+00:00
SAO_3031-10,São Paulo,3550308,True,,33735,,,-23.5900015,-46.443068,,,,2,2023-06-16T04:05:26+00:00
SAO_3031-10,São Paulo,3550308,True,,33735,,,-23.6126845,-46.4445915,,,,2,2023-06-16T04:05:29+00:00
SAO_3031-10,São Paulo,3550308,True,,33735,,,-23.6126845,-46.4445915,,,,2,2023-06-16T04:00:07+00:00
SAO_3031-10,São Paulo,3550308,True,,33735,,,-23.610342000000003,-46.4505975,,,,2,2023-06-16T04:05:22+00:00
SAO_3031-10,São Paulo,3550308,True,,33735,,,-23.6126845,-46.4445915,,,,2,2023-06-16T04:05:55+00:00
SAO_3031-10,São Paulo,3550308,True,,33735,,,-23.5429995,-46.470884999999996,,,,2,2023-06-16T04:05:43+00:00
SAO_3031-10,São Paulo,3550308,True,,33735,,,-23.5564955,-46.4652385,,,,2,2023-06-16T04:05:46+00:00
SAO_938V-10,São Paulo,3550308,True,,33581,,,-23.45834225,-46.67532525,,,,2,2023-06-16T04:05:30+00:00
SAO_938V-10,São Paulo,3550308,True,,33581,,,-23.501673,-46.689942,,,,2,2023-06-16T04:05:56+00:00
SAO_938V-10,São Paulo,3550308,True,,33581,,,-23.527012499999998,-46.681565750000004,,,,2,2023-06-16T04:05:52+00:00
SAO_938V-10,São Paulo,3550308,True,,33581,,,-23.488684499999998,-46.693871,,,,2,2023-06-16T04:05:21+00:00
SAO_938V-10,São Paulo,3550308,True,,33581,,,-23.4527645,-46.6849925,,,,2,2023-06-16T04:05:46+00:00
SAO_938V-10,São Paulo,3550308,True,,33581,,,-23.450332,-46.679562000000004,,,,2,2023-06-16T04:05:26+00:00
SAO_938V-10,São Paulo,3550308,True,,33581,,,-23.452824999999997,-46.6848085,,,,2,2023-06-16T04:05:46+00:00
SAO_574R-10,São Paulo,3550308,True,,34391,,,-23.61493,-46.5022205,,,,2,2023-06-16T04:05:46+00:00
SAO_574R-10,São Paulo,3550308,True,,34391,,,-23.569352000000002,-46.5685905,,,,2,2023-06-16T04:05:49+00:00
SAO_574R-10,São Paulo,3550308,True,,34391,,,-23.574919125,-46.554527,,,,2,2023-06-16T04:05:54+00:00
SAO_574R-10,São Paulo,3550308,True,,34391,,,-23.544614000000003,-46.593232,,,,2,2023-06-16T04:05:27+00:00
SAO_574R-10,São Paulo,3550308,True,,34391,,,-23.542323000000003,-46.5901025,,,,2,2023-06-16T04:05:24+00:00
SAO_3004-10,São Paulo,3550308,True,,34566,,,-23.47940875,-46.420387,,,,2,2023-06-16T04:06:04+00:00
SAO_3004-10,São Paulo,3550308,True,,34566,,,-23.479422,-46.4206095,,,,2,2023-06-16T04:05:42+00:00
SAO_3004-10,São Paulo,3550308,True,,34566,,,-23.4787915,-46.420569,,,,2,2023-06-16T04:05:28+00:00
SAO_4734-10,São Paulo,3550308,True,,1109,,,-23.6414715,-46.610838,,,,1,2023-06-16T04:05:41+00:00
SAO_4734-10,São Paulo,3550308,True,,1109,,,-23.618497249999997,-46.6383035,,,,1,2023-06-16T04:05:19+00:00
SAO_4734-10,São Paulo,3550308,True,,1109,,,-23.627013249999997,-46.619169500000005,,,,1,2023-06-16T04:05:30+00:00
SAO_4734-10,São Paulo,3550308,True,,1109,,,-23.644434,-46.6058805,,,,1,2023-06-16T04:05:32+00:00
SAO_3686-10,São Paulo,3550308,True,,32934,,,-23.559947,-46.4038685,,,,2,2023-06-16T04:05:44+00:00
SAO_3686-10,São Paulo,3550308,True,,32934,,,-23.5347465,-46.428923999999995,,,,2,2023-06-16T04:03:30+00:00
SAO_3686-10,São Paulo,3550308,True,,32934,,,-23.559947,-46.4038685,,,,2,2023-06-16T04:05:32+00:00
SAO_3686-10,São Paulo,3550308,True,,32934,,,-23.541319,-46.42559925,,,,2,2023-06-16T04:05:26+00:00
SAO_3686-10,São Paulo,3550308,True,,32934,,,-23.539366,-46.4264545,,,,2,2023-06-16T04:05:58+00:00
SAO_3686-10,São Paulo,3550308,True,,32934,,,-23.559947,-46.4038685,,,,2,2023-06-16T04:05:50+00:00
SAO_3686-10,São Paulo,3550308,True,,32934,,,-23.5374365,-46.49104225,,,,2,2023-06-16T04:05:59+00:00
SAO_3686-10,São Paulo,3550308,True,,32934,,,-23.5529035,-46.627065,,,,2,2023-06-16T04:05:47+00:00
SAO_3686-10,São Paulo,3550308,True,,32934,,,-23.547283,-46.6301645,,,,2,2023-06-16T04:05:52+00:00
SAO_3002-10,São Paulo,3550308,True,,34576,,,-23.4984495,-46.3958055,,,,2,2023-06-16T04:05:59+00:00
SAO_3002-10,São Paulo,3550308,True,,34576,,,-23.5119005,-46.379024,,,,2,2023-06-16T04:05:44+00:00
SAO_3002-10,São Paulo,3550308,True,,34576,,,-23.510973,-46.3788175,,,,2,2023-06-16T04:05:20+00:00
SAO_6063-41,São Paulo,3550308,True,,1773,,,-23.78152975,-46.6902575,,,,1,2023-06-16T04:05:56+00:00
SAO_6063-41,São Paulo,3550308,True,,1773,,,-23.767194,-46.716251,,,,1,2023-06-16T04:05:37+00:00
SAO_2290-10,São Paulo,3550308,True,,33486,,,-23.60715,-46.478787499999996,,,,2,2023-06-16T04:05:53+00:00
SAO_2290-10,São Paulo,3550308,True,,33486,,,-23.613456,-46.476318500000005,,,,2,2023-06-16T04:06:01+00:00
SAO_2290-10,São Paulo,3550308,True,,33486,,,-23.60428225,-46.48109225,,,,2,2023-06-16T04:05:58+00:00
SAO_2290-10,São Paulo,3550308,True,,33486,,,-23.553631250000002,-46.527705749999996,,,,2,2023-06-16T04:06:03+00:00
SAO_2290-10,São Paulo,3550308,True,,33486,,,-23.60428225,-46.48109225,,,,2,2023-06-16T04:06:04+00:00
SAO_2290-10,São Paulo,3550308,True,,33486,,,-23.545786749999998,-46.621292249999996,,,,2,2023-06-16T04:05:38+00:00
SAO_2290-10,São Paulo,3550308,True,,33486,,,-23.53805475,-46.598439,,,,2,2023-06-16T04:05:39+00:00
SAO_2290-10,São Paulo,3550308,True,,33486,,,-23.583923,-46.4930575,,,,2,2023-06-16T04:05:52+00:00
SAO_2290-10,São Paulo,3550308,True,,33486,,,-23.53254525,-46.562278250000006,,,,2,2023-06-16T04:05:34+00:00
SAO_2290-10,São Paulo,3550308,True,,33486,,,-23.53893275,-46.60626775,,,,2,2023-06-16T04:05:46+00:00
SAO_2290-10,São Paulo,3550308,True,,33486,,,-23.54680525,-46.54149425,,,,2,2023-06-16T04:06:02+00:00
SAO_2290-10,São Paulo,3550308,True,,33486,,,-23.612947,-46.476177500000006,,,,2,2023-06-16T04:05:57+00:00
SAO_2290-10,São Paulo,3550308,True,,33486,,,-23.535645,-46.570648500000004,,,,2,2023-06-16T04:05:27+00:00
SAO_2290-10,São Paulo,3550308,True,,33486,,,-23.60364525,-46.4816365,,,,2,2023-06-16T04:05:38+00:00
SAO_2290-10,São Paulo,3550308,True,,33486,,,-23.6136555,-46.476372999999995,,,,2,2023-06-16T04:05:49+00:00
SAO_2290-10,São Paulo,3550308,True,,33486,,,-23.612947,-46.476177500000006,,,,2,2023-06-16T04:05:34+00:00
SAO_2290-10,São Paulo,3550308,True,,33486,,,-23.5624085,-46.516369499999996,,,,2,2023-06-16T04:05:26+00:00
SAO_8013-10,São Paulo,3550308,True,,800,,,-23.508798,-46.735825125,,,,1,2023-06-16T04:05:55+00:00
SAO_8013-10,São Paulo,3550308,True,,800,,,-23.460285625000004,-46.781970875,,,,1,2023-06-16T04:05:41+00:00
SAO_8013-10,São Paulo,3550308,True,,800,,,-23.51957075,-46.703840375,,,,1,2023-06-16T04:05:38+00:00
SAO_8013-10,São Paulo,3550308,True,,800,,,-23.431413,-46.7872125,,,,1,2023-06-16T04:05:21+00:00
SAO_2203-10,São Paulo,3550308,True,,911,,,-23.520712000000003,-46.484475,,,,1,2023-06-16T04:05:27+00:00
SAO_2203-10,São Paulo,3550308,True,,911,,,-23.52735,-46.50145325,,,,1,2023-06-16T04:06:00+00:00
SAO_2590-10,São Paulo,3550308,True,,33680,,,-23.538731,-46.6048935,,,,2,2023-06-16T04:05:47+00:00
SAO_2590-10,São Paulo,3550308,True,,33680,,,-23.485329999999998,-46.4802725,,,,2,2023-06-16T04:05:59+00:00
SAO_2590-10,São Paulo,3550308,True,,33680,,,-23.4934815,-46.456722,,,,2,2023-06-16T04:05:25+00:00
SAO_2590-10,São Paulo,3550308,True,,33680,,,-23.48336225,-46.46612475,,,,2,2023-06-16T04:05:40+00:00
SAO_2717-10,São Paulo,3550308,True,,33698,,,-23.5156855,-46.51885849999999,,,,2,2023-06-16T04:05:44+00:00
SAO_2717-10,São Paulo,3550308,True,,33698,,,-23.529042,-46.5171655,,,,2,2023-06-16T04:05:55+00:00
SAO_2717-10,São Paulo,3550308,True,,33698,,,-23.529042,-46.5171655,,,,2,2023-06-16T04:05:56+00:00
SAO_2717-10,São Paulo,3550308,True,,33698,,,-23.529042,-46.5171655,,,,2,2023-06-16T04:05:40+00:00
SAO_2717-10,São Paulo,3550308,True,,33698,,,-23.529042,-46.5171655,,,,2,2023-06-16T04:05:25+00:00
SAO_2717-10,São Paulo,3550308,True,,33698,,,-23.504594500000003,-46.506299,,,,2,2023-06-16T04:05:23+00:00
SAO_875H-10,São Paulo,3550308,True,,1340,,,-23.582666,-46.6377195,,,,1,2023-06-16T04:05:59+00:00
SAO_875H-10,São Paulo,3550308,True,,1340,,,-23.52823625,-46.67689775,,,,1,2023-06-16T04:05:28+00:00
SAO_875H-10,São Paulo,3550308,True,,1340,,,-23.519885000000002,-46.700064999999995,,,,1,2023-06-16T04:05:31+00:00
SAO_875A-10,São Paulo,3550308,True,,33377,,,-23.569720375,-46.646419375,,,,2,2023-06-16T04:05:50+00:00
SAO_875A-10,São Paulo,3550308,True,,33377,,,-23.629057,-46.646392500000005,,,,2,2023-06-16T04:05:40+00:00
SAO_875A-10,São Paulo,3550308,True,,33377,,,-23.642954500000002,-46.6617585,,,,2,2023-06-16T04:05:30+00:00
SAO_875A-10,São Paulo,3550308,True,,33377,,,-23.601990875,-46.63678775,,,,2,2023-06-16T04:05:38+00:00
SAO_875A-10,São Paulo,3550308,True,,33377,,,-23.55165475,-46.657360749999995,,,,2,2023-06-16T04:05:44+00:00
SAO_875A-10,São Paulo,3550308,True,,33377,,,-23.534668250000003,-46.654127,,,,2,2023-06-16T04:05:53+00:00
SAO_875A-10,São Paulo,3550308,True,,33377,,,-23.63761125,-46.65798275,,,,2,2023-06-16T04:05:54+00:00
SAO_875A-10,São Paulo,3550308,True,,33377,,,-23.6431975,-46.6622785,,,,2,2023-06-16T04:05:48+00:00
SAO_2709-31,São Paulo,3550308,True,,33691,,,-23.5200645,-46.4798915,,,,2,2023-06-16T04:05:44+00:00
SAO_2709-31,São Paulo,3550308,True,,33691,,,-23.5200645,-46.4798915,,,,2,2023-06-16T04:05:28+00:00
SAO_273D-10,São Paulo,3550308,True,,32990,,,-23.5214175,-46.4108045,,,,2,2023-06-16T04:05:40+00:00
SAO_273D-10,São Paulo,3550308,True,,32990,,,-23.521214999999998,-46.41099,,,,2,2023-06-16T04:05:48+00:00
SAO_273D-10,São Paulo,3550308,True,,32990,,,-23.524883375,-46.474853625,,,,2,2023-06-16T04:05:40+00:00
SAO_273D-10,São Paulo,3550308,True,,32990,,,-23.5212985,-46.410903,,,,2,2023-06-16T04:05:36+00:00
SAO_273D-10,São Paulo,3550308,True,,32990,,,-23.4960715,-46.411206,,,,2,2023-06-16T04:05:31+00:00
SAO_273D-10,São Paulo,3550308,True,,32990,,,-23.525419875,-46.474753125,,,,2,2023-06-16T04:06:02+00:00
SAO_273D-10,São Paulo,3550308,True,,32990,,,-23.5210195,-46.411196000000004,,,,2,2023-06-16T04:05:51+00:00
SAO_2772-10,São Paulo,3550308,True,,33166,,,-23.533080499999997,-46.543136,,,,2,2023-06-16T04:05:58+00:00
SAO_2772-10,São Paulo,3550308,True,,33166,,,-23.493424500000003,-46.441241000000005,,,,2,2023-06-16T04:05:29+00:00
SAO_2772-10,São Paulo,3550308,True,,33166,,,-23.523301,-46.4105365,,,,2,2023-06-16T03:54:15+00:00
SAO_2772-10,São Paulo,3550308,True,,33166,,,-23.5229185,-46.4105285,,,,2,2023-06-16T04:05:35+00:00
SAO_2772-10,São Paulo,3550308,True,,33166,,,-23.533080499999997,-46.543136,,,,2,2023-06-16T04:05:38+00:00
SAO_2772-10,São Paulo,3550308,True,,33166,,,-23.523087,-46.410531500000005,,,,2,2023-06-16T04:05:49+00:00
SAO_2772-10,São Paulo,3550308,True,,33166,,,-23.533080499999997,-46.543136,,,,2,2023-06-16T04:05:53+00:00
SAO_2772-10,São Paulo,3550308,True,,33166,,,-23.5127235,-46.515349,,,,2,2023-06-16T04:05:18+00:00
SAO_4002-10,São Paulo,3550308,True,,34945,,,-23.570831,-46.506951875,,,,2,2023-06-16T04:05:39+00:00
SAO_4002-10,São Paulo,3550308,True,,34945,,,-23.558082,-46.3995945,,,,2,2023-06-16T04:05:15+00:00
SAO_4002-10,São Paulo,3550308,True,,34945,,,-23.582850999999998,-46.4964795,,,,2,2023-06-16T04:05:58+00:00
SAO_4002-10,São Paulo,3550308,True,,34945,,,-23.557927,-46.399613,,,,2,2023-06-16T04:05:24+00:00
SAO_4002-10,São Paulo,3550308,True,,34945,,,-23.557927,-46.399613,,,,2,2023-06-16T04:06:04+00:00
SAO_4002-10,São Paulo,3550308,True,,34945,,,-23.558238,-46.399558999999996,,,,2,2023-06-16T04:05:51+00:00
SAO_971R-10,São Paulo,3550308,True,,614,,,-23.500266,-46.6352555,,,,1,2023-06-16T04:05:27+00:00
SAO_971R-10,São Paulo,3550308,True,,614,,,-23.496557,-46.637510500000005,,,,1,2023-06-16T04:05:28+00:00
SAO_971R-10,São Paulo,3550308,True,,614,,,-23.454421500000002,-46.7374495,,,,1,2023-06-16T04:05:28+00:00
SAO_971R-10,São Paulo,3550308,True,,614,,,-23.454421500000002,-46.7374495,,,,1,2023-06-16T04:03:58+00:00
SAO_971R-10,São Paulo,3550308,True,,614,,,-23.43656875,-46.712706000000004,,,,1,2023-06-16T04:05:36+00:00
SAO_971R-10,São Paulo,3550308,True,,614,,,-23.474202,-46.669375,,,,1,2023-06-16T04:05:19+00:00
SAO_971R-10,São Paulo,3550308,True,,614,,,-23.459349,-46.686189999999996,,,,1,2023-06-16T04:06:00+00:00
SAO_971R-10,São Paulo,3550308,True,,614,,,-23.46901225,-46.67716775,,,,1,2023-06-16T04:05:40+00:00
SAO_971R-10,São Paulo,3550308,True,,614,,,-23.454421500000002,-46.7374495,,,,1,2023-06-16T04:05:40+00:00
SAO_971R-10,São Paulo,3550308,True,,614,,,-23.43866575,-46.729177750000005,,,,1,2023-06-16T04:05:43+00:00
SAO_971R-10,São Paulo,3550308,True,,614,,,-23.454421500000002,-46.7374495,,,,1,2023-06-16T04:05:45+00:00
SAO_5038-10,São Paulo,3550308,True,,1661,,,-23.65083,-46.6142375,,,,1,2023-06-16T04:06:02+00:00
SAO_5038-10,São Paulo,3550308,True,,1661,,,-23.645075,-46.6064755,,,,1,2023-06-16T04:05:57+00:00
SAO_5038-10,São Paulo,3550308,True,,1661,,,-23.650012,-46.6139055,,,,1,2023-06-16T04:05:43+00:00
SAO_5038-10,São Paulo,3550308,True,,1661,,,-23.650569,-46.614115999999996,,,,1,2023-06-16T04:05:39+00:00
SAO_5038-10,São Paulo,3550308,True,,1661,,,-23.651166500000002,-46.6143845,,,,1,2023-06-16T04:05:24+00:00
SAO_6820-10,São Paulo,3550308,True,,32787,,,-23.658400999999998,-46.78931475,,,,2,2023-06-16T04:05:45+00:00
SAO_6820-10,São Paulo,3550308,True,,32787,,,-23.6539115,-46.762288,,,,2,2023-06-16T04:05:42+00:00
SAO_6820-10,São Paulo,3550308,True,,32787,,,-23.6539115,-46.762288,,,,2,2023-06-16T04:05:35+00:00
SAO_6820-10,São Paulo,3550308,True,,32787,,,-23.6559925,-46.76256875,,,,2,2023-06-16T04:05:37+00:00
SAO_6820-10,São Paulo,3550308,True,,32787,,,-23.6603565,-46.7770965,,,,2,2023-06-16T04:05:25+00:00
SAO_6820-10,São Paulo,3550308,True,,32787,,,-23.6673555,-46.787695,,,,2,2023-06-16T04:05:40+00:00
SAO_7049-10,São Paulo,3550308,True,,1912,,,-23.7116535,-46.777972,,,,1,2023-06-16T04:05:46+00:00
SAO_7049-10,São Paulo,3550308,True,,1912,,,-23.71189,-46.777949500000005,,,,1,2023-06-16T04:05:59+00:00
SAO_7049-10,São Paulo,3550308,True,,1912,,,-23.6325105,-46.7723915,,,,1,2023-06-16T04:05:32+00:00
SAO_7049-10,São Paulo,3550308,True,,1912,,,-23.6712045,-46.7866875,,,,1,2023-06-16T04:05:43+00:00
SAO_7049-10,São Paulo,3550308,True,,1912,,,-23.7116535,-46.777972,,,,1,2023-06-16T04:05:42+00:00
SAO_7049-10,São Paulo,3550308,True,,1912,,,-23.686270999999998,-46.774575,,,,1,2023-06-16T04:06:01+00:00
SAO_7049-10,São Paulo,3550308,True,,1912,,,-23.7116535,-46.777972,,,,1,2023-06-16T04:05:35+00:00
SAO_875C-10,São Paulo,3550308,True,,33246,,,-23.583526499999998,-46.67080075,,,,2,2023-06-16T04:05:27+00:00
SAO_875C-10,São Paulo,3550308,True,,33246,,,-23.5198445,-46.700163,,,,2,2023-06-16T04:05:40+00:00
SAO_875C-10,São Paulo,3550308,True,,33246,,,-23.519759,-46.700522500000005,,,,2,2023-06-16T04:06:00+00:00
SAO_875C-10,São Paulo,3550308,True,,33246,,,-23.5203215,-46.700824999999995,,,,2,2023-06-16T04:05:54+00:00
SAO_875C-10,São Paulo,3550308,True,,33246,,,-23.59324375,-46.672788,,,,2,2023-06-16T04:05:35+00:00
SAO_875C-10,São Paulo,3550308,True,,33246,,,-23.5977665,-46.650428500000004,,,,2,2023-06-16T04:05:49+00:00
SAO_875C-10,São Paulo,3550308,True,,33246,,,-23.520992749999998,-46.699836,,,,2,2023-06-16T04:05:57+00:00
SAO_342M-10,São Paulo,3550308,True,,33515,,,-23.613857,-46.476304,,,,2,2023-06-16T04:05:33+00:00
SAO_342M-10,São Paulo,3550308,True,,33515,,,-23.608188,-46.478106499999996,,,,2,2023-06-16T04:06:03+00:00
SAO_342M-10,São Paulo,3550308,True,,33515,,,-23.518918499999998,-46.546471,,,,2,2023-06-16T04:05:52+00:00
SAO_342M-10,São Paulo,3550308,True,,33515,,,-23.55490325,-46.52660075,,,,2,2023-06-16T04:05:29+00:00
SAO_342M-10,São Paulo,3550308,True,,33515,,,-23.613857,-46.476304,,,,2,2023-06-16T04:05:45+00:00
SAO_342M-10,São Paulo,3550308,True,,33515,,,-23.54744825,-46.540079,,,,2,2023-06-16T04:05:32+00:00
SAO_342M-10,São Paulo,3550308,True,,33515,,,-23.518709,-46.546899499999995,,,,2,2023-06-16T04:05:46+00:00
SAO_342M-10,São Paulo,3550308,True,,33515,,,-23.539279999999998,-46.553519875,,,,2,2023-06-16T04:05:24+00:00
SAO_342M-10,São Paulo,3550308,True,,33515,,,-23.52687625,-46.554301375,,,,2,2023-06-16T04:05:24+00:00
SAO_342M-10,São Paulo,3550308,True,,33515,,,-23.613857,-46.476304,,,,2,2023-06-16T04:05:19+00:00
SAO_342M-10,São Paulo,3550308,True,,33515,,,-23.529058,-46.554201000000006,,,,2,2023-06-16T04:06:03+00:00
SAO_342M-10,São Paulo,3550308,True,,33515,,,-23.518709,-46.546899499999995,,,,2,2023-06-16T04:05:57+00:00
SAO_342M-10,São Paulo,3550308,True,,33515,,,-23.518918499999998,-46.546471,,,,2,2023-06-16T04:05:27+00:00
SAO_342M-10,São Paulo,3550308,True,,33515,,,-23.518709,-46.546899499999995,,,,2,2023-06-16T04:05:36+00:00
SAO_342M-10,São Paulo,3550308,True,,33515,,,-23.580305250000002,-46.501073749999996,,,,2,2023-06-16T04:05:33+00:00
SAO_6051-31,São Paulo,3550308,True,,34374,,,-23.7628215,-46.688933500000005,,,,2,2023-06-16T04:05:30+00:00
SAO_6051-31,São Paulo,3550308,True,,34374,,,-23.76811025,-46.717556,,,,2,2023-06-16T04:05:41+00:00
SAO_2523-10,São Paulo,3550308,True,,33018,,,-23.5216,-46.4253885,,,,2,2023-06-16T04:05:45+00:00
SAO_2523-10,São Paulo,3550308,True,,33018,,,-23.521850999999998,-46.4244515,,,,2,2023-06-16T04:05:18+00:00
SAO_2523-10,São Paulo,3550308,True,,33018,,,-23.5163255,-46.4359195,,,,2,2023-06-16T04:05:41+00:00
SAO_2523-10,São Paulo,3550308,True,,33018,,,-23.521644,-46.4252295,,,,2,2023-06-16T04:05:28+00:00
SAO_2523-10,São Paulo,3550308,True,,33018,,,-23.5216,-46.4253885,,,,2,2023-06-16T04:05:19+00:00
SAO_2523-10,São Paulo,3550308,True,,33018,,,-23.5216,-46.4253885,,,,2,2023-06-16T04:05:19+00:00
SAO_2523-10,São Paulo,3550308,True,,33018,,,-23.5216,-46.4253885,,,,2,2023-06-16T04:05:46+00:00
SAO_2523-10,São Paulo,3550308,True,,33018,,,-23.521767500000003,-46.4247855,,,,2,2023-06-16T04:05:27+00:00
SAO_4024-10,São Paulo,3550308,True,,2158,,,-23.5672005,-46.424139,,,,1,2023-06-16T04:05:51+00:00
SAO_4024-10,São Paulo,3550308,True,,2158,,,-23.554874499999997,-46.442511499999995,,,,1,2023-06-16T04:02:39+00:00
SAO_175P-10,São Paulo,3550308,True,,33443,,,-23.5029325,-46.6262295,,,,2,2023-06-16T04:05:25+00:00
SAO_175P-10,São Paulo,3550308,True,,33443,,,-23.5852253125,-46.636866312500004,,,,2,2023-06-16T04:05:51+00:00
SAO_175P-10,São Paulo,3550308,True,,33443,,,-23.502966999999998,-46.6260415,,,,2,2023-06-16T04:05:40+00:00
SAO_175P-10,São Paulo,3550308,True,,33443,,,-23.542395000000003,-46.6718525,,,,2,2023-06-16T04:06:03+00:00
SAO_175P-10,São Paulo,3550308,True,,33443,,,-23.5021105,-46.646945,,,,2,2023-06-16T04:05:33+00:00
SAO_175P-10,São Paulo,3550308,True,,33443,,,-23.502674499999998,-46.65743825,,,,2,2023-06-16T04:06:01+00:00
SAO_175P-10,São Paulo,3550308,True,,33443,,,-23.512414,-46.6533725,,,,2,2023-06-16T04:05:23+00:00
SAO_175P-10,São Paulo,3550308,True,,33443,,,-23.5852253125,-46.636866312500004,,,,2,2023-06-16T04:05:35+00:00
SAO_175P-10,São Paulo,3550308,True,,33443,,,-23.5866330625,-46.63597006249999,,,,2,2023-06-16T04:05:32+00:00
SAO_175P-10,São Paulo,3550308,True,,33443,,,-23.519678375,-46.653791375,,,,2,2023-06-16T04:05:48+00:00
SAO_971M-10,São Paulo,3550308,True,,612,,,-23.50091275,-46.625249875,,,,1,2023-06-16T04:05:29+00:00
SAO_971M-10,São Paulo,3550308,True,,612,,,-23.474202,-46.669375,,,,1,2023-06-16T04:05:47+00:00
SAO_637G-10,São Paulo,3550308,True,,32869,,,-23.661725,-46.7062455,,,,2,2023-06-16T04:06:00+00:00
SAO_637G-10,São Paulo,3550308,True,,32869,,,-23.661725,-46.7062455,,,,2,2023-06-16T04:05:49+00:00
SAO_637G-10,São Paulo,3550308,True,,32869,,,-23.577509125,-46.686852,,,,2,2023-06-16T04:05:26+00:00
SAO_637G-10,São Paulo,3550308,True,,32869,,,-23.7405575,-46.6914695,,,,2,2023-06-16T04:06:02+00:00
SAO_675M-10,São Paulo,3550308,True,ETT,108,https://moovitapp.com/index/pt-br/transporte_p%C3%BAblico-line-108-Sao_Paulo-242-876373-496510-0,5.3,-23.644600875000002,-46.641655625,,,,1,2023-06-16T04:05:54+00:00
SAO_675M-10,São Paulo,3550308,True,ETT,108,https://moovitapp.com/index/pt-br/transporte_p%C3%BAblico-line-108-Sao_Paulo-242-876373-496510-0,5.3,-23.720964000000002,-46.676227,,,,1,2023-06-16T04:05:36+00:00
SAO_675M-10,São Paulo,3550308,True,ETT,108,https://moovitapp.com/index/pt-br/transporte_p%C3%BAblico-line-108-Sao_Paulo-242-876373-496510-0,5.3,-23.705998,-46.68658925,,,,1,2023-06-16T04:05:38+00:00
SAO_978J-10,São Paulo,3550308,True,EMTU,591,https://moovitapp.com/index/pt-br/transporte_p%C3%BAblico-line-591-Sao_Paulo-242-2038937-36419577-0,5.4,-23.444695000000003,-46.7402795,,,,1,2023-06-16T04:05:17+00:00
SAO_978J-10,São Paulo,3550308,True,EMTU,591,https://moovitapp.com/index/pt-br/transporte_p%C3%BAblico-line-591-Sao_Paulo-242-2038937-36419577-0,5.4,-23.5220355,-46.703774,,,,1,2023-06-16T04:05:33+00:00
SAO_978J-10,São Paulo,3550308,True,EMTU,591,https://moovitapp.com/index/pt-br/transporte_p%C3%BAblico-line-591-Sao_Paulo-242-2038937-36419577-0,5.4,-23.447751,-46.735813,,,,1,2023-06-16T04:05:26+00:00
SAO_978J-10,São Paulo,3550308,True,EMTU,591,https://moovitapp.com/index/pt-br/transporte_p%C3%BAblico-line-591-Sao_Paulo-242-2038937-36419577-0,5.4,-23.494314,-46.7092325,,,,1,2023-06-16T04:05:30+00:00
SAO_978J-10,São Paulo,3550308,True,EMTU,591,https://moovitapp.com/index/pt-br/transporte_p%C3%BAblico-line-591-Sao_Paulo-242-2038937-36419577-0,5.4,-23.534046500000002,-46.64469425,,,,1,2023-06-16T04:05:31+00:00
SAO_6110-10,São Paulo,3550308,True,,1184,,,-23.649549874999998,-46.676885,,,,1,2023-06-16T04:05:38+00:00
SAO_6110-10,São Paulo,3550308,True,,1184,,,-23.757465,-46.7053555,,,,1,2023-06-16T04:05:20+00:00
SAO_6110-10,São Paulo,3550308,True,,1184,,,-23.686279,-46.693618,,,,1,2023-06-16T04:06:00+00:00
SAO_6110-10,São Paulo,3550308,True,,1184,,,-23.752692,-46.710348499999995,,,,1,2023-06-16T04:05:45+00:00
SAO_6110-10,São Paulo,3550308,True,,1184,,,-23.736755,-46.710538,,,,1,2023-06-16T04:05:40+00:00
SAO_4033-10,São Paulo,3550308,True,,33871,,,-23.606721999999998,-46.502353,,,,2,2023-06-16T04:05:58+00:00
SAO_4033-10,São Paulo,3550308,True,,33871,,,-23.6015145,-46.532292999999996,,,,2,2023-06-16T04:05:50+00:00
SAO_4033-10,São Paulo,3550308,True,,33871,,,-23.604195,-46.5387225,,,,2,2023-06-16T04:05:51+00:00
SAO_4033-10,São Paulo,3550308,True,,33871,,,-23.617859000000003,-46.457464,,,,2,2023-06-16T04:06:01+00:00
SAO_4033-10,São Paulo,3550308,True,,33871,,,-23.604195,-46.5387225,,,,2,2023-06-16T04:06:00+00:00
SAO_4033-10,São Paulo,3550308,True,,33871,,,-23.61259,-46.479862999999995,,,,2,2023-06-16T04:05:37+00:00
SAO_4033-10,São Paulo,3550308,True,,33871,,,-23.5987735,-46.5130065,,,,2,2023-06-16T04:05:36+00:00
SAO_971R-10,São Paulo,3550308,True,,33382,,,-23.453908499999997,-46.7375045,,,,2,2023-06-16T04:04:44+00:00
SAO_971R-10,São Paulo,3550308,True,,33382,,,-23.4487585,-46.702142,,,,2,2023-06-16T04:06:02+00:00
SAO_971R-10,São Paulo,3550308,True,,33382,,,-23.453908499999997,-46.7375045,,,,2,2023-06-16T04:05:32+00:00
SAO_971R-10,São Paulo,3550308,True,,33382,,,-23.434023500000002,-46.727810500000004,,,,2,2023-06-16T04:04:06+00:00
SAO_971R-10,São Paulo,3550308,True,,33382,,,-23.4536885,-46.73741,,,,2,2023-06-16T04:05:02+00:00
SAO_971R-10,São Paulo,3550308,True,,33382,,,-23.473550250000002,-46.670976249999995,,,,2,2023-06-16T04:05:29+00:00
SAO_971R-10,São Paulo,3550308,True,,33382,,,-23.489081,-46.651231499999994,,,,2,2023-06-16T04:06:00+00:00
SAO_7062-10,São Paulo,3550308,True,,1898,,,-23.645896,-46.771926,,,,1,2023-06-16T04:05:25+00:00
SAO_7062-10,São Paulo,3550308,True,,1898,,,-23.6313825,-46.77286,,,,1,2023-06-16T04:05:53+00:00
SAO_7062-10,São Paulo,3550308,True,,1898,,,-23.645773,-46.771611500000006,,,,1,2023-06-16T04:05:37+00:00
SAO_5318-10,São Paulo,3550308,True,,32813,,,-23.582337000000003,-46.651952,,,,2,2023-06-16T04:06:01+00:00
SAO_5318-10,São Paulo,3550308,True,,32813,,,-23.63067925,-46.70663525,,,,2,2023-06-16T04:05:25+00:00
SAO_5318-10,São Paulo,3550308,True,,32813,,,-23.550523499999997,-46.635397,,,,2,2023-06-16T04:05:31+00:00
SAO_5318-10,São Paulo,3550308,True,,32813,,,-23.6620725,-46.736636000000004,,,,2,2023-06-16T04:05:41+00:00
SAO_5318-10,São Paulo,3550308,True,,32813,,,-23.644246375,-46.7163195,,,,2,2023-06-16T04:05:58+00:00
SAO_5318-10,São Paulo,3550308,True,,32813,,,-23.645328,-46.729937,,,,2,2023-06-16T04:05:52+00:00
SAO_5318-10,São Paulo,3550308,True,,32813,,,-23.665154625,-46.753176499999995,,,,2,2023-06-16T04:05:21+00:00
SAO_5757-51,São Paulo,3550308,True,,34744,,,-23.635112499999998,-46.640995000000004,,,,2,2023-06-16T04:05:57+00:00
SAO_5757-51,São Paulo,3550308,True,,34744,,,-23.635112499999998,-46.640995000000004,,,,2,2023-06-16T04:05:59+00:00
SAO_5757-51,São Paulo,3550308,True,,34744,,,-23.7074865,-46.641363999999996,,,,2,2023-06-16T04:05:37+00:00
SAO_5757-51,São Paulo,3550308,True,,34744,,,-23.693475499999998,-46.644855,,,,2,2023-06-16T04:05:44+00:00
SAO_5757-51,São Paulo,3550308,True,,34744,,,-23.707351,-46.641422000000006,,,,2,2023-06-16T04:05:25+00:00
SAO_5757-51,São Paulo,3550308,True,,34744,,,-23.635112499999998,-46.640995000000004,,,,2,2023-06-16T04:05:52+00:00
SAO_5757-51,São Paulo,3550308,True,,34744,,,-23.635112499999998,-46.640995000000004,,,,2,2023-06-16T04:05:44+00:00
SAO_5757-51,São Paulo,3550308,True,,34744,,,-23.635112499999998,-46.640995000000004,,,,2,2023-06-16T04:05:04+00:00
SAO_5757-51,São Paulo,3550308,True,,34744,,,-23.65056375,-46.64732375,,,,2,2023-06-16T04:05:29+00:00
SAO_5757-51,São Paulo,3550308,True,,34744,,,-23.635112499999998,-46.640995000000004,,,,2,2023-06-16T04:05:58+00:00
SAO_5757-51,São Paulo,3550308,True,,34744,,,-23.686934,-46.633491,,,,2,2023-06-16T04:05:47+00:00
SAO_6913-10,São Paulo,3550308,True,,1465,,,-23.601336,-46.674026,,,,1,2023-06-16T04:05:56+00:00
SAO_6913-10,São Paulo,3550308,True,,1465,,,-23.559058999999998,-46.654014000000004,,,,1,2023-06-16T04:05:55+00:00
SAO_6913-10,São Paulo,3550308,True,,1465,,,-23.695628999999997,-46.714843375,,,,1,2023-06-16T04:02:18+00:00
SAO_6913-10,São Paulo,3550308,True,,1465,,,-23.672530875,-46.712163125,,,,1,2023-06-16T04:05:33+00:00
SAO_6913-10,São Paulo,3550308,True,,1465,,,-23.7644415,-46.7164265,,,,1,2023-06-16T04:05:21+00:00
SAO_478P-10,São Paulo,3550308,True,EMTU,349,https://moovitapp.com/index/pt-br/transporte_p%C3%BAblico-line-349-Sao_Paulo-242-2038937-36419432-0,5.1,-23.612471499999998,-46.606958000000006,,,,1,2023-06-16T04:05:42+00:00
SAO_478P-10,São Paulo,3550308,True,EMTU,349,https://moovitapp.com/index/pt-br/transporte_p%C3%BAblico-line-349-Sao_Paulo-242-2038937-36419432-0,5.1,-23.5771545,-46.640744999999995,,,,1,2023-06-16T04:05:44+00:00
SAO_478P-10,São Paulo,3550308,True,EMTU,349,https://moovitapp.com/index/pt-br/transporte_p%C3%BAblico-line-349-Sao_Paulo-242-2038937-36419432-0,5.1,-23.526962000000005,-46.69671662500001,,,,1,2023-06-16T04:05:53+00:00
SAO_5178-10,São Paulo,3550308,True,,33363,,,-23.6823275,-46.642701,,,,2,2023-06-16T03:58:36+00:00
SAO_5178-10,São Paulo,3550308,True,,33363,,,-23.682423999999997,-46.642515,,,,2,2023-06-16T04:06:01+00:00
SAO_5178-10,São Paulo,3550308,True,,33363,,,-23.654429999999998,-46.667521,,,,2,2023-06-16T04:05:39+00:00
SAO_5178-10,São Paulo,3550308,True,,33363,,,-23.6693775,-46.649161500000005,,,,2,2023-06-16T04:06:00+00:00
SAO_5178-10,São Paulo,3550308,True,,33363,,,-23.560762,-46.643633625,,,,2,2023-06-16T04:05:23+00:00
SAO_5178-10,São Paulo,3550308,True,,33363,,,-23.654059500000002,-46.668023,,,,2,2023-06-16T04:05:51+00:00
SAO_5178-10,São Paulo,3550308,True,,33363,,,-23.565850625,-46.647883750000005,,,,2,2023-06-16T04:06:00+00:00
SAO_775A-10,São Paulo,3550308,True,,33241,,,-23.564447875,-46.694166375,,,,2,2023-06-16T04:06:03+00:00
SAO_775A-10,São Paulo,3550308,True,,33241,,,-23.5623195,-46.7647105,,,,2,2023-06-16T04:05:43+00:00
SAO_2722-10,São Paulo,3550308,True,Urubupungá,935,https://moovitapp.com/index/pt-br/transporte_p%C3%BAblico-line-935-Sao_Paulo-242-873835-76437456-0,4.6,-23.5287615,-46.516549499999996,,,,1,2023-06-16T04:05:55+00:00
SAO_2722-10,São Paulo,3550308,True,Urubupungá,935,https://moovitapp.com/index/pt-br/transporte_p%C3%BAblico-line-935-Sao_Paulo-242-873835-76437456-0,4.6,-23.51956225,-46.513329,,,,1,2023-06-16T04:05:38+00:00
SAO_2722-10,São Paulo,3550308,True,Urubupungá,935,https://moovitapp.com/index/pt-br/transporte_p%C3%BAblico-line-935-Sao_Paulo-242-873835-76437456-0,4.6,-23.507406000000003,-46.4921915,,,,1,2023-06-16T04:05:57+00:00
SAO_2722-10,São Paulo,3550308,True,Urubupungá,935,https://moovitapp.com/index/pt-br/transporte_p%C3%BAblico-line-935-Sao_Paulo-242-873835-76437456-0,4.6,-23.48665025,-46.5026755,,,,1,2023-06-16T04:05:33+00:00
SAO_2722-10,São Paulo,3550308,True,Urubupungá,935,https://moovitapp.com/index/pt-br/transporte_p%C3%BAblico-line-935-Sao_Paulo-242-873835-76437456-0,4.6,-23.49156975,-46.491350249999996,,,,1,2023-06-16T04:05:32+00:00
SAO_2731-10,São Paulo,3550308,True,,33714,,,-23.519289,-46.440655500000005,,,,2,2023-06-16T04:06:00+00:00
SAO_2731-10,São Paulo,3550308,True,,33714,,,-23.5429995,-46.470884999999996,,,,2,2023-06-16T04:05:28+00:00
SAO_2731-10,São Paulo,3550308,True,,33714,,,-23.5341925,-46.452886,,,,2,2023-06-16T04:05:16+00:00
SAO_2731-10,São Paulo,3550308,True,,33714,,,-23.518088249999998,-46.439505,,,,2,2023-06-16T04:05:30+00:00
SAO_8025-10,São Paulo,3550308,True,,2076,,,-23.5876975,-46.767146499999996,,,,1,2023-06-16T04:06:02+00:00
SAO_8025-10,São Paulo,3550308,True,,2076,,,-23.5933545,-46.735062,,,,1,2023-06-16T04:05:49+00:00
SAO_6008-10,São Paulo,3550308,True,,33968,,,-23.68727,-46.7629345,,,,2,2023-06-16T04:05:51+00:00
SAO_6008-10,São Paulo,3550308,True,,33968,,,-23.668761,-46.7334665,,,,2,2023-06-16T04:05:49+00:00
SAO_6008-10,São Paulo,3550308,True,,33968,,,-23.6872285,-46.7633905,,,,2,2023-06-16T04:05:31+00:00
SAO_6008-10,São Paulo,3550308,True,,33968,,,-23.6853285,-46.7484295,,,,2,2023-06-16T04:05:32+00:00
SAO_5175-10,São Paulo,3550308,True,,33361,,,-23.675916,-46.66033175,,,,2,2023-06-16T04:06:00+00:00
SAO_5175-10,São Paulo,3550308,True,,33361,,,-23.5505945,-46.635301,,,,2,2023-06-16T04:02:22+00:00
SAO_5175-10,São Paulo,3550308,True,,33361,,,-23.65542925,-46.679842750000006,,,,2,2023-06-16T04:05:36+00:00
SAO_5175-10,São Paulo,3550308,True,,33361,,,-23.627580000000002,-46.661883,,,,2,2023-06-16T04:05:36+00:00
SAO_5175-10,São Paulo,3550308,True,,33361,,,-23.5505945,-46.635301,,,,2,2023-06-16T04:05:40+00:00
SAO_5175-10,São Paulo,3550308,True,,33361,,,-23.6961285,-46.6500865,,,,2,2023-06-16T04:05:24+00:00
SAO_5175-10,São Paulo,3550308,True,,33361,,,-23.564806125,-46.647083,,,,2,2023-06-16T04:05:47+00:00
SAO_5175-10,São Paulo,3550308,True,,33361,,,-23.6923805,-46.6447745,,,,2,2023-06-16T04:05:59+00:00
SAO_5175-10,São Paulo,3550308,True,,33361,,,-23.5505945,-46.635301,,,,2,2023-06-16T04:06:02+00:00
SAO_5175-10,São Paulo,3550308,True,,33361,,,-23.5505945,-46.635301,,,,2,2023-06-16T04:05:22+00:00
SAO_5175-10,São Paulo,3550308,True,,33361,,,-23.5505945,-46.635301,,,,2,2023-06-16T04:05:24+00:00
SAO_5175-10,São Paulo,3550308,True,,33361,,,-23.675676,-46.66063125,,,,2,2023-06-16T04:05:30+00:00
SAO_5175-10,São Paulo,3550308,True,,33361,,,-23.5924805,-46.6508735,,,,2,2023-06-16T04:05:30+00:00
SAO_5175-10,São Paulo,3550308,True,,33361,,,-23.5505945,-46.635301,,,,2,2023-06-16T04:05:13+00:00
SAO_5175-10,São Paulo,3550308,True,,33361,,,-23.5505945,-46.635301,,,,2,2023-06-16T04:05:58+00:00
SAO_5175-10,São Paulo,3550308,True,,33361,,,-23.6776805,-46.65809725,,,,2,2023-06-16T04:04:36+00:00
SAO_5175-10,São Paulo,3550308,True,,33361,,,-23.6975695,-46.648551,,,,2,2023-06-16T04:05:45+00:00
SAO_5175-10,São Paulo,3550308,True,,33361,,,-23.5505945,-46.635301,,,,2,2023-06-16T04:05:36+00:00
SAO_5175-10,São Paulo,3550308,True,,33361,,,-23.5505945,-46.635301,,,,2,2023-06-16T04:05:55+00:00
SAO_745M-10,São Paulo,3550308,True,,782,,,-23.631678,-46.766425999999996,,,,1,2023-06-16T04:05:48+00:00
SAO_745M-10,São Paulo,3550308,True,,782,,,-23.67554175,-46.755433,,,,1,2023-06-16T04:05:40+00:00
SAO_745M-10,São Paulo,3550308,True,,782,,,-23.6687515,-46.735510000000005,,,,1,2023-06-16T04:06:02+00:00
SAO_745M-10,São Paulo,3550308,True,,782,,,-23.6620085,-46.779559,,,,1,2023-06-16T04:05:37+00:00
SAO_745M-10,São Paulo,3550308,True,,782,,,-23.6373095,-46.7794085,,,,1,2023-06-16T04:05:49+00:00
SAO_745M-10,São Paulo,3550308,True,,782,,,-23.637383,-46.779483,,,,1,2023-06-16T04:05:20+00:00
SAO_745M-10,São Paulo,3550308,True,,782,,,-23.6815845,-46.6943925,,,,1,2023-06-16T04:05:23+00:00
SAO_745M-10,São Paulo,3550308,True,,782,,,-23.66215,-46.7691005,,,,1,2023-06-16T04:05:24+00:00
SAO_1738-10,São Paulo,3550308,True,,33440,,,-23.481502,-46.6031965,,,,2,2023-06-16T04:05:49+00:00
SAO_1738-10,São Paulo,3550308,True,,33440,,,-23.4735475,-46.581099,,,,2,2023-06-16T04:05:34+00:00
SAO_546L-10,São Paulo,3550308,True,,34053,,,-23.676828,-46.65915525,,,,2,2023-06-16T04:00:44+00:00
SAO_546L-10,São Paulo,3550308,True,,34053,,,-23.6888795,-46.6381435,,,,2,2023-06-16T04:04:58+00:00
SAO_546L-10,São Paulo,3550308,True,,34053,,,-23.674795500000002,-46.678436500000004,,,,2,2023-06-16T04:05:52+00:00
SAO_546L-10,São Paulo,3550308,True,,34053,,,-23.689283749999998,-46.63762525,,,,2,2023-06-16T04:05:47+00:00
SAO_546L-10,São Paulo,3550308,True,,34053,,,-23.689285499999997,-46.637011,,,,2,2023-06-16T04:05:40+00:00
SAO_546L-10,São Paulo,3550308,True,,34053,,,-23.689283749999998,-46.63762525,,,,2,2023-06-16T04:05:54+00:00
SAO_5154-10,São Paulo,3550308,True,,33121,,,-23.642727999999998,-46.699756,,,,2,2023-06-16T04:06:03+00:00
SAO_5154-10,São Paulo,3550308,True,,33121,,,-23.654935000000002,-46.715513625,,,,2,2023-06-16T04:05:48+00:00
SAO_5154-10,São Paulo,3550308,True,,33121,,,-23.597199500000002,-46.6562685,,,,2,2023-06-16T04:05:52+00:00
SAO_5154-10,São Paulo,3550308,True,,33121,,,-23.610583875000003,-46.694892124999996,,,,2,2023-06-16T04:06:01+00:00
SAO_5154-10,São Paulo,3550308,True,,33121,,,-23.54127125,-46.63480725,,,,2,2023-06-16T04:05:54+00:00
SAO_5154-10,São Paulo,3550308,True,,33121,,,-23.57539775,-46.657210750000004,,,,2,2023-06-16T04:05:58+00:00
SAO_2705-10,São Paulo,3550308,True,,917,,,-23.5476935,-46.390091,,,,1,2023-06-16T04:05:52+00:00
SAO_2705-10,São Paulo,3550308,True,,917,,,-23.5422585,-46.469769,,,,1,2023-06-16T03:47:35+00:00
SAO_2705-10,São Paulo,3550308,True,,917,,,-23.543409625,-46.423206375,,,,1,2023-06-16T04:00:37+00:00
SAO_2705-10,São Paulo,3550308,True,,917,,,-23.545738,-46.393099500000005,,,,1,2023-06-16T04:05:55+00:00
SAO_8300-10,São Paulo,3550308,True,,34032,,,-23.499337249999996,-46.706582749999995,,,,2,2023-06-16T04:05:45+00:00
SAO_8300-10,São Paulo,3550308,True,,34032,,,-23.520215999999998,-46.700196000000005,,,,2,2023-06-16T04:05:35+00:00
SAO_957T-10,São Paulo,3550308,True,,33232,,,-23.5452595,-46.718348000000006,,,,2,2023-06-16T04:05:54+00:00
SAO_957T-10,São Paulo,3550308,True,,33232,,,-23.595534,-46.69053475,,,,2,2023-06-16T04:06:01+00:00
SAO_957T-10,São Paulo,3550308,True,,33232,,,-23.596197,-46.6919465,,,,2,2023-06-16T04:06:01+00:00
SAO_957T-10,São Paulo,3550308,True,,33232,,,-23.525089,-46.73766075,,,,2,2023-06-16T04:05:59+00:00
SAO_957T-10,São Paulo,3550308,True,,33232,,,-23.554254375,-46.70761962500001,,,,2,2023-06-16T04:05:33+00:00
SAO_5105-10,São Paulo,3550308,True,,1651,,,-23.603226749999997,-46.60239175,,,,1,2023-06-16T04:05:59+00:00
SAO_5105-10,São Paulo,3550308,True,,1651,,,-23.603084250000002,-46.60265125,,,,1,2023-06-16T04:05:52+00:00
SAO_5105-10,São Paulo,3550308,True,,1651,,,-23.57466575,-46.6029505,,,,1,2023-06-16T04:05:14+00:00
SAO_3008-10,São Paulo,3550308,True,,35283,,,-23.5240255,-46.3958535,,,,2,2023-06-16T04:05:47+00:00
SAO_3008-10,São Paulo,3550308,True,,35283,,,-23.52384875,-46.39582775,,,,2,2023-06-16T04:05:52+00:00
SAO_3008-10,São Paulo,3550308,True,,35283,,,-23.497296,-46.4032605,,,,2,2023-06-16T04:04:53+00:00
SAO_9011-10,São Paulo,3550308,True,,878,,,-23.45467,-46.738116000000005,,,,1,2023-06-16T04:05:21+00:00
SAO_9011-10,São Paulo,3550308,True,,878,,,-23.45467,-46.738116000000005,,,,1,2023-06-16T04:05:22+00:00
SAO_9011-10,São Paulo,3550308,True,,878,,,-23.45467,-46.738116000000005,,,,1,2023-06-16T04:05:42+00:00
SAO_9011-10,São Paulo,3550308,True,,878,,,-23.45467,-46.738116000000005,,,,1,2023-06-16T04:05:23+00:00
SAO_9011-10,São Paulo,3550308,True,,878,,,-23.449469999999998,-46.734831,,,,1,2023-06-16T04:05:55+00:00
SAO_9011-10,São Paulo,3550308,True,,878,,,-23.44448,-46.721607,,,,1,2023-06-16T04:05:48+00:00
SAO_9011-10,São Paulo,3550308,True,,878,,,-23.45467,-46.738116000000005,,,,1,2023-06-16T04:05:35+00:00
SAO_9011-10,São Paulo,3550308,True,,878,,,-23.45467,-46.738116000000005,,,,1,2023-06-16T04:04:09+00:00
SAO_9011-10,São Paulo,3550308,True,,878,,,-23.45467,-46.738116000000005,,,,1,2023-06-16T04:05:48+00:00
SAO_637J-10,São Paulo,3550308,True,,32871,,,-23.7374795,-46.7099715,,,,2,2023-06-16T04:05:28+00:00
SAO_637J-10,São Paulo,3550308,True,,32871,,,-23.6841775,-46.6922495,,,,2,2023-06-16T04:05:57+00:00
SAO_637J-10,São Paulo,3550308,True,,32871,,,-23.5809395,-46.684903250000005,,,,2,2023-06-16T04:05:55+00:00
SAO_637J-10,São Paulo,3550308,True,,32871,,,-23.64776875,-46.70385374999999,,,,2,2023-06-16T04:05:46+00:00
SAO_637J-10,São Paulo,3550308,True,,32871,,,-23.6461575625,-46.70273725,,,,2,2023-06-16T04:05:55+00:00
SAO_637J-10,São Paulo,3550308,True,,32871,,,-23.614648000000003,-46.679307,,,,2,2023-06-16T04:05:43+00:00
SAO_2006-10,São Paulo,3550308,True,,33663,,,-23.498852499999998,-46.3700645,,,,2,2023-06-16T04:05:17+00:00
SAO_2006-10,São Paulo,3550308,True,,33663,,,-23.494194,-46.400918,,,,2,2023-06-16T04:05:56+00:00
SAO_2006-10,São Paulo,3550308,True,,33663,,,-23.510832999999998,-46.366727,,,,2,2023-06-16T04:06:01+00:00
SAO_2006-10,São Paulo,3550308,True,,33663,,,-23.497806500000003,-46.3697715,,,,2,2023-06-16T04:05:24+00:00
SAO_2006-10,São Paulo,3550308,True,,33663,,,-23.49503275,-46.40105174999999,,,,2,2023-06-16T04:05:49+00:00
SAO_2006-10,São Paulo,3550308,True,,33663,,,-23.49332075,-46.389150875,,,,2,2023-06-16T04:05:37+00:00
SAO_2005-10,São Paulo,3550308,True,,893,,,-23.484215999999996,-46.384585,,,,1,2023-06-16T04:05:41+00:00
SAO_2005-10,São Paulo,3550308,True,,893,,,-23.481623749999997,-46.37878275,,,,1,2023-06-16T04:05:44+00:00
SAO_9032-10,São Paulo,3550308,True,,33648,,,-23.4748585,-46.670092,,,,2,2023-06-16T04:05:57+00:00
SAO_9032-10,São Paulo,3550308,True,,33648,,,-23.44631425,-46.692783750000004,,,,2,2023-06-16T04:05:57+00:00
SAO_9032-10,São Paulo,3550308,True,,33648,,,-23.4532055,-46.6975245,,,,2,2023-06-16T04:06:01+00:00
SAO_9191-10,São Paulo,3550308,True,,33578,,,-23.476006875,-46.66992125,,,,2,2023-06-16T04:05:49+00:00
SAO_9191-10,São Paulo,3550308,True,,33578,,,-23.460222,-46.676261999999994,,,,2,2023-06-16T04:05:59+00:00
SAO_9191-10,São Paulo,3550308,True,,33578,,,-23.5259165,-46.63162,,,,2,2023-06-16T04:05:45+00:00
SAO_9191-10,São Paulo,3550308,True,,33578,,,-23.4559915,-46.6784675,,,,2,2023-06-16T04:05:37+00:00
SAO_9191-10,São Paulo,3550308,True,,33578,,,-23.5259165,-46.63162,,,,2,2023-06-16T04:05:50+00:00
SAO_9191-10,São Paulo,3550308,True,,33578,,,-23.525351999999998,-46.643405,,,,2,2023-06-16T04:05:25+00:00
SAO_9191-10,São Paulo,3550308,True,,33578,,,-23.529750125,-46.639720749999995,,,,2,2023-06-16T04:06:02+00:00
SAO_9191-10,São Paulo,3550308,True,,33578,,,-23.4561095,-46.678686,,,,2,2023-06-16T04:05:52+00:00
SAO_9191-10,São Paulo,3550308,True,,33578,,,-23.5040325,-46.67317,,,,2,2023-06-16T04:05:53+00:00
SAO_807A-10,São Paulo,3550308,True,,34668,,,-23.631218,-46.773197499999995,,,,2,2023-06-16T04:05:28+00:00
SAO_807A-10,São Paulo,3550308,True,,34668,,,-23.648572125,-46.75735575,,,,2,2023-06-16T04:05:54+00:00
SAO_807A-10,São Paulo,3550308,True,,34668,,,-23.630661,-46.773396000000005,,,,2,2023-06-16T04:05:56+00:00
SAO_807A-10,São Paulo,3550308,True,,34668,,,-23.645212,-46.7022425,,,,2,2023-06-16T04:05:54+00:00
SAO_807A-10,São Paulo,3550308,True,,34668,,,-23.630661,-46.773396000000005,,,,2,2023-06-16T04:05:38+00:00
SAO_807A-10,São Paulo,3550308,True,,34668,,,-23.64505,-46.7459375,,,,2,2023-06-16T04:06:01+00:00
SAO_807A-10,São Paulo,3550308,True,,34668,,,-23.654322,-46.711614,,,,2,2023-06-16T04:05:40+00:00
SAO_7545-10,São Paulo,3550308,True,,33272,,,-23.546456499999998,-46.6451815,,,,2,2023-06-16T04:05:41+00:00
SAO_7545-10,São Paulo,3550308,True,,33272,,,-23.601537,-46.791821999999996,,,,2,2023-06-16T04:05:46+00:00
SAO_7545-10,São Paulo,3550308,True,,33272,,,-23.586463000000002,-46.749843999999996,,,,2,2023-06-16T04:05:21+00:00
SAO_7545-10,São Paulo,3550308,True,,33272,,,-23.6016895,-46.791908,,,,2,2023-06-16T04:05:43+00:00
SAO_7545-10,São Paulo,3550308,True,,33272,,,-23.60138,-46.79190749999999,,,,2,2023-06-16T04:05:34+00:00
SAO_7545-10,São Paulo,3550308,True,,33272,,,-23.572763249999998,-46.71049325,,,,2,2023-06-16T04:05:35+00:00
SAO_7545-10,São Paulo,3550308,True,,33272,,,-23.6016895,-46.791908,,,,2,2023-06-16T04:05:30+00:00
SAO_7545-10,São Paulo,3550308,True,,33272,,,-23.5710085,-46.691238999999996,,,,2,2023-06-16T04:05:53+00:00
SAO_9717-10,São Paulo,3550308,True,,33585,,,-23.4778415,-46.682031,,,,2,2023-06-16T04:05:55+00:00
SAO_9717-10,São Paulo,3550308,True,,33585,,,-23.5135665,-46.629869,,,,2,2023-06-16T04:05:23+00:00
SAO_9717-10,São Paulo,3550308,True,,33585,,,-23.50653075,-46.67343975,,,,2,2023-06-16T04:05:26+00:00
SAO_9717-10,São Paulo,3550308,True,,33585,,,-23.463628,-46.6811755,,,,2,2023-06-16T04:05:32+00:00
SAO_4706-10,São Paulo,3550308,True,,33067,,,-23.58335175,-46.612286125,,,,2,2023-06-16T04:06:03+00:00
SAO_4706-10,São Paulo,3550308,True,,33067,,,-23.652755499999998,-46.602143,,,,2,2023-06-16T04:05:28+00:00
SAO_4706-10,São Paulo,3550308,True,,33067,,,-23.653293500000004,-46.602455000000006,,,,2,2023-06-16T04:05:20+00:00
SAO_5391-10,São Paulo,3550308,True,,32939,,,-23.692995500000002,-46.7785065,,,,2,2023-06-16T04:05:52+00:00
SAO_5391-10,São Paulo,3550308,True,,32939,,,-23.6613095,-46.707041,,,,2,2023-06-16T04:05:54+00:00
SAO_5391-10,São Paulo,3550308,True,,32939,,,-23.582337000000003,-46.651952,,,,2,2023-06-16T04:05:58+00:00
SAO_5391-10,São Paulo,3550308,True,,32939,,,-23.652657750000003,-46.70861875,,,,2,2023-06-16T04:05:49+00:00
SAO_5391-10,São Paulo,3550308,True,,32939,,,-23.6630835,-46.707423000000006,,,,2,2023-06-16T04:05:33+00:00
SAO_5391-10,São Paulo,3550308,True,,32939,,,-23.633915,-46.69074225,,,,2,2023-06-16T04:06:03+00:00
SAO_5391-10,São Paulo,3550308,True,,32939,,,-23.62440625,-46.6818555,,,,2,2023-06-16T04:05:51+00:00
SAO_5391-10,São Paulo,3550308,True,,32939,,,-23.692826,-46.7782155,,,,2,2023-06-16T04:05:56+00:00
SAO_5391-10,São Paulo,3550308,True,,32939,,,-23.668467999999997,-46.733347,,,,2,2023-06-16T04:05:41+00:00
SAO_3721-10,São Paulo,3550308,True,,33787,,,-23.5479685,-46.4823795,,,,2,2023-06-16T04:05:52+00:00
SAO_3721-10,São Paulo,3550308,True,,33787,,,-23.5647825,-46.49722,,,,2,2023-06-16T04:05:22+00:00
SAO_3718-10,São Paulo,3550308,True,,1013,,,-23.542741,-46.482468,,,,1,2023-06-16T04:05:20+00:00
SAO_3718-10,São Paulo,3550308,True,,1013,,,-23.55296825,-46.488269,,,,1,2023-06-16T04:05:36+00:00
SAO_3718-10,São Paulo,3550308,True,,1013,,,-23.540547,-46.485232999999994,,,,1,2023-06-16T04:06:00+00:00
SAO_6960-10,São Paulo,3550308,True,,34211,,,-23.71381975,-46.708670500000004,,,,2,2023-06-16T04:05:07+00:00
SAO_6960-10,São Paulo,3550308,True,,34211,,,-23.6543295,-46.7121355,,,,2,2023-06-16T04:05:56+00:00
SAO_6960-10,São Paulo,3550308,True,,34211,,,-23.6543295,-46.7121355,,,,2,2023-06-16T04:05:24+00:00
SAO_6960-10,São Paulo,3550308,True,,34211,,,-23.6543295,-46.7121355,,,,2,2023-06-16T04:05:20+00:00
SAO_6960-10,São Paulo,3550308,True,,34211,,,-23.65444575,-46.70806925000001,,,,2,2023-06-16T04:05:41+00:00
SAO_7004-10,São Paulo,3550308,True,,34760,,,-23.745851000000002,-46.797804,,,,2,2023-06-16T04:05:40+00:00
SAO_7004-10,São Paulo,3550308,True,,34760,,,-23.686431,-46.770632,,,,2,2023-06-16T04:05:43+00:00
SAO_7004-10,São Paulo,3550308,True,,34760,,,-23.7418915,-46.800889,,,,2,2023-06-16T04:05:25+00:00
SAO_7004-10,São Paulo,3550308,True,,34760,,,-23.731476999999998,-46.7859925,,,,2,2023-06-16T04:05:46+00:00
SAO_7004-10,São Paulo,3550308,True,,34760,,,-23.681429,-46.735158,,,,2,2023-06-16T04:05:53+00:00
SAO_7004-10,São Paulo,3550308,True,,34760,,,-23.741992,-46.8006415,,,,2,2023-06-16T04:05:25+00:00
SAO_7004-10,São Paulo,3550308,True,,34760,,,-23.699928,-46.7806655,,,,2,2023-06-16T04:05:51+00:00
SAO_7004-10,São Paulo,3550308,True,,34760,,,-23.655639,-46.722901,,,,2,2023-06-16T04:05:24+00:00
SAO_7004-10,São Paulo,3550308,True,,34760,,,-23.742814499999998,-46.80108325,,,,2,2023-06-16T04:05:47+00:00
SAO_4310-10,São Paulo,3550308,True,,34928,,,-23.535165125,-46.5492345,,,,2,2023-06-16T04:05:18+00:00
SAO_4310-10,São Paulo,3550308,True,,34928,,,-23.53179125,-46.5233455,,,,2,2023-06-16T04:06:00+00:00
SAO_4310-10,São Paulo,3550308,True,,34928,,,-23.534565999999998,-46.4530625,,,,2,2023-06-16T04:05:44+00:00
SAO_4310-10,São Paulo,3550308,True,,34928,,,-23.538682,-46.565627500000005,,,,2,2023-06-16T04:05:52+00:00
SAO_4310-10,São Paulo,3550308,True,,34928,,,-23.535428500000002,-46.454211,,,,2,2023-06-16T04:05:48+00:00
SAO_4310-10,São Paulo,3550308,True,,34928,,,-23.534565999999998,-46.4530625,,,,2,2023-06-16T04:05:44+00:00
SAO_4310-10,São Paulo,3550308,True,,34928,,,-23.5382475,-46.563386,,,,2,2023-06-16T04:04:49+00:00
SAO_4310-10,São Paulo,3550308,True,,34928,,,-23.5352045,-46.4539815,,,,2,2023-06-16T04:05:20+00:00
SAO_4310-10,São Paulo,3550308,True,,34928,,,-23.531858749999998,-46.500997,,,,2,2023-06-16T04:05:39+00:00
SAO_4310-10,São Paulo,3550308,True,,34928,,,-23.534565999999998,-46.4530625,,,,2,2023-06-16T04:05:38+00:00
SAO_4310-10,São Paulo,3550308,True,,34928,,,-23.534491,-46.496861,,,,2,2023-06-16T04:05:48+00:00
SAO_4310-10,São Paulo,3550308,True,,34928,,,-23.534565999999998,-46.4530625,,,,2,2023-06-16T04:05:29+00:00
SAO_4310-10,São Paulo,3550308,True,,34928,,,-23.535216,-46.4541105,,,,2,2023-06-16T04:05:29+00:00
SAO_4310-10,São Paulo,3550308,True,,34928,,,-23.54956025,-46.605112000000005,,,,2,2023-06-16T04:05:36+00:00
SAO_4310-10,São Paulo,3550308,True,,34928,,,-23.534565999999998,-46.4530625,,,,2,2023-06-16T04:05:48+00:00
SAO_4310-10,São Paulo,3550308,True,,34928,,,-23.5493125,-46.629169000000005,,,,2,2023-06-16T04:05:43+00:00
SAO_3746-10,São Paulo,3550308,True,,33051,,,-23.594412499999997,-46.5029525,,,,2,2023-06-16T04:05:24+00:00
SAO_3746-10,São Paulo,3550308,True,,33051,,,-23.566314125,-46.544446625,,,,2,2023-06-16T04:05:24+00:00
SAO_3746-10,São Paulo,3550308,True,,33051,,,-23.5946305,-46.503217500000005,,,,2,2023-06-16T04:05:39+00:00
SAO_3746-10,São Paulo,3550308,True,,33051,,,-23.542912,-46.588283000000004,,,,2,2023-06-16T04:05:29+00:00
SAO_3746-10,São Paulo,3550308,True,,33051,,,-23.5946305,-46.503217500000005,,,,2,2023-06-16T04:05:34+00:00
SAO_3746-10,São Paulo,3550308,True,,33051,,,-23.542912,-46.588283000000004,,,,2,2023-06-16T04:05:33+00:00
SAO_3746-10,São Paulo,3550308,True,,33051,,,-23.545831,-46.585125000000005,,,,2,2023-06-16T04:05:21+00:00
SAO_3746-10,São Paulo,3550308,True,,33051,,,-23.594203999999998,-46.502838,,,,2,2023-06-16T04:05:27+00:00
SAO_4085-10,São Paulo,3550308,True,,34924,,,-23.554920375,-46.453962000000004,,,,2,2023-06-16T04:05:20+00:00
SAO_4085-10,São Paulo,3550308,True,,34924,,,-23.570172499999998,-46.428875000000005,,,,2,2023-06-16T04:05:27+00:00
SAO_4085-10,São Paulo,3550308,True,,34924,,,-23.5699495,-46.424786999999995,,,,2,2023-06-16T04:05:57+00:00
SAO_2678-10,São Paulo,3550308,True,,33151,,,-23.539786,-46.610667,,,,2,2023-06-16T04:05:21+00:00
SAO_2678-10,São Paulo,3550308,True,,33151,,,-23.494067875,-46.389082125,,,,2,2023-06-16T04:05:52+00:00
SAO_2678-10,São Paulo,3550308,True,,33151,,,-23.532635749999997,-46.56256275,,,,2,2023-06-16T04:04:49+00:00
SAO_2678-10,São Paulo,3550308,True,,33151,,,-23.493381749999998,-46.376870124999996,,,,2,2023-06-16T04:05:35+00:00
SAO_2678-10,São Paulo,3550308,True,,33151,,,-23.506502125,-46.477052750000006,,,,2,2023-06-16T04:05:36+00:00
SAO_2678-10,São Paulo,3550308,True,,33151,,,-23.536562749999998,-46.5887755,,,,2,2023-06-16T04:05:43+00:00
SAO_2678-10,São Paulo,3550308,True,,33151,,,-23.4938845,-46.37678150000001,,,,2,2023-06-16T04:05:28+00:00
SAO_2678-10,São Paulo,3550308,True,,33151,,,-23.494543999999998,-46.438418999999996,,,,2,2023-06-16T04:05:16+00:00
SAO_2678-10,São Paulo,3550308,True,,33151,,,-23.494317000000002,-46.450955500000006,,,,2,2023-06-16T04:05:34+00:00
SAO_2678-10,São Paulo,3550308,True,,33151,,,-23.507659,-46.4908995,,,,2,2023-06-16T04:05:26+00:00
SAO_2678-10,São Paulo,3550308,True,,33151,,,-23.536153749999997,-46.586761499999994,,,,2,2023-06-16T04:05:46+00:00
SAO_2678-10,São Paulo,3550308,True,,33151,,,-23.4938845,-46.37678150000001,,,,2,2023-06-16T04:05:57+00:00
SAO_2678-10,São Paulo,3550308,True,,33151,,,-23.547307,-46.630022,,,,2,2023-06-16T04:05:29+00:00
SAO_2678-10,São Paulo,3550308,True,,33151,,,-23.52177,-46.5257795,,,,2,2023-06-16T04:05:40+00:00
SAO_5759-10,São Paulo,3550308,True,,33906,,,-23.6948495,-46.64830975,,,,2,2023-06-16T04:05:26+00:00
SAO_5759-10,São Paulo,3550308,True,,33906,,,-23.639851,-46.64321,,,,2,2023-06-16T04:05:09+00:00
SAO_5759-10,São Paulo,3550308,True,,33906,,,-23.6948495,-46.64830975,,,,2,2023-06-16T04:05:41+00:00
SAO_8078-10,São Paulo,3550308,True,,34848,,,-23.6476845,-46.763338000000005,,,,2,2023-06-16T04:05:43+00:00
SAO_8078-10,São Paulo,3550308,True,,34848,,,-23.6254525,-46.748455500000006,,,,2,2023-06-16T04:05:53+00:00
SAO_1709-10,São Paulo,3550308,True,,33619,,,-23.44072075,-46.581562000000005,,,,2,2023-06-16T04:05:30+00:00
SAO_1709-10,São Paulo,3550308,True,,33619,,,-23.441981499999997,-46.59038124999999,,,,2,2023-06-16T04:05:25+00:00
SAO_1709-10,São Paulo,3550308,True,,33619,,,-23.479985,-46.603936000000004,,,,2,2023-06-16T04:05:36+00:00
SAO_1709-10,São Paulo,3550308,True,,33619,,,-23.4597075,-46.602514,,,,2,2023-06-16T04:03:50+00:00
SAO_1709-10,São Paulo,3550308,True,,33619,,,-23.479985,-46.603936000000004,,,,2,2023-06-16T04:06:02+00:00
SAO_1709-10,São Paulo,3550308,True,,33619,,,-23.440907,-46.5816925,,,,2,2023-06-16T04:05:30+00:00
SAO_1709-10,São Paulo,3550308,True,,33619,,,-23.479985,-46.603936000000004,,,,2,2023-06-16T04:05:52+00:00
SAO_8686-10,São Paulo,3550308,True,EMTU,446,https://moovitapp.com/index/pt-br/transporte_p%C3%BAblico-line-446-Sao_Paulo-242-2038937-36419492-0,4.8,-23.527437749999997,-46.671974500000005,,,,1,2023-06-16T04:05:45+00:00
SAO_8686-10,São Paulo,3550308,True,EMTU,446,https://moovitapp.com/index/pt-br/transporte_p%C3%BAblico-line-446-Sao_Paulo-242-2038937-36419492-0,4.8,-23.4938425,-46.745048,,,,1,2023-06-16T04:05:39+00:00
SAO_8686-10,São Paulo,3550308,True,EMTU,446,https://moovitapp.com/index/pt-br/transporte_p%C3%BAblico-line-446-Sao_Paulo-242-2038937-36419492-0,4.8,-23.4885235,-46.742399,,,,1,2023-06-16T04:06:01+00:00
SAO_8686-10,São Paulo,3550308,True,EMTU,446,https://moovitapp.com/index/pt-br/transporte_p%C3%BAblico-line-446-Sao_Paulo-242-2038937-36419492-0,4.8,-23.542668,-46.638296,,,,1,2023-06-16T04:05:42+00:00
SAO_4020-10,São Paulo,3550308,True,,2530,,,-23.534413,-46.4526755,,,,1,2023-06-16T04:05:34+00:00
SAO_4020-10,São Paulo,3550308,True,,2530,,,-23.595904250000004,-46.43729625,,,,1,2023-06-16T04:05:27+00:00
SAO_5701-10,São Paulo,3550308,True,,33904,,,-23.622030249999998,-46.69397225,,,,2,2023-06-16T04:06:00+00:00
SAO_5701-10,São Paulo,3550308,True,,33904,,,-23.618764499999997,-46.698312,,,,2,2023-06-16T04:05:27+00:00
SAO_5701-10,São Paulo,3550308,True,,33904,,,-23.6351115,-46.6699215,,,,2,2023-06-16T04:05:59+00:00
SAO_5701-10,São Paulo,3550308,True,,33904,,,-23.639239000000003,-46.669467499999996,,,,2,2023-06-16T04:05:32+00:00
SAO_5701-10,São Paulo,3550308,True,,33904,,,-23.6354945,-46.641478500000005,,,,2,2023-06-16T04:05:43+00:00
SAO_5701-10,São Paulo,3550308,True,,33904,,,-23.635368,-46.641498,,,,2,2023-06-16T04:05:49+00:00
SAO_2013-10,São Paulo,3550308,True,,899,,,-23.4546975,-46.658477500000004,,,,1,2023-06-16T04:05:47+00:00
SAO_2013-10,São Paulo,3550308,True,,899,,,-23.469895,-46.648627000000005,,,,1,2023-06-16T04:05:53+00:00
SAO_2013-10,São Paulo,3550308,True,,899,,,-23.4642805,-46.667988,,,,1,2023-06-16T04:05:38+00:00
SAO_2013-10,São Paulo,3550308,True,,899,,,-23.4546975,-46.658477500000004,,,,1,2023-06-16T04:05:32+00:00
SAO_2013-10,São Paulo,3550308,True,,899,,,-23.461435,-46.657986,,,,1,2023-06-16T04:05:58+00:00
SAO_209P-1,São Paulo,3550308,True,,35069,,,-23.473060250000003,-46.6701395,,,,2,2023-06-16T04:06:01+00:00
SAO_209P-1,São Paulo,3550308,True,,35069,,,-23.5585935,-46.681644,,,,2,2023-06-16T04:05:55+00:00
SAO_3773-10,São Paulo,3550308,True,,1059,,,-23.5349729375,-46.5491203125,,,,1,2023-06-16T04:05:51+00:00
SAO_3773-10,São Paulo,3550308,True,,1059,,,-23.602874625,-46.460364687500004,,,,1,2023-06-16T04:05:21+00:00
SAO_3773-10,São Paulo,3550308,True,,1059,,,-23.586869,-46.49095875,,,,1,2023-06-16T04:05:22+00:00
SAO_407T-10,São Paulo,3550308,True,,34970,,,-23.5341485,-46.4443375,,,,2,2023-06-16T04:05:11+00:00
SAO_274P-10,São Paulo,3550308,True,,33000,,,-23.512558,-46.530508,,,,2,2023-06-16T04:05:43+00:00
SAO_274P-10,São Paulo,3550308,True,,33000,,,-23.5223105,-46.5376125,,,,2,2023-06-16T04:05:34+00:00
SAO_274P-10,São Paulo,3550308,True,,33000,,,-23.543565875000002,-46.617612750000006,,,,2,2023-06-16T04:06:00+00:00
SAO_274P-10,São Paulo,3550308,True,,33000,,,-23.538157499999997,-46.599945500000004,,,,2,2023-06-16T04:05:41+00:00
SAO_7012-10,São Paulo,3550308,True,,2043,,,-23.668242,-46.7355055,,,,1,2023-06-16T04:05:52+00:00
SAO_971A-10,São Paulo,3550308,True,,33426,,,-23.486307,-46.680385,,,,2,2023-06-16T04:05:56+00:00
SAO_971A-10,São Paulo,3550308,True,,33426,,,-23.486426,-46.680797,,,,2,2023-06-16T04:05:58+00:00
SAO_971A-10,São Paulo,3550308,True,,33426,,,-23.5026345,-46.641588,,,,2,2023-06-16T04:05:25+00:00
SAO_971A-10,São Paulo,3550308,True,,33426,,,-23.486301,-46.680533,,,,2,2023-06-16T04:05:42+00:00
SAO_971A-10,São Paulo,3550308,True,,33426,,,-23.486307,-46.680385,,,,2,2023-06-16T04:05:38+00:00
SAO_233C-10,São Paulo,3550308,True,,32923,,,-23.518619375,-46.475986625,,,,2,2023-06-16T04:05:32+00:00
SAO_233C-10,São Paulo,3550308,True,,32923,,,-23.519024125,-46.475913874999996,,,,2,2023-06-16T04:05:36+00:00
SAO_233C-10,São Paulo,3550308,True,,32923,,,-23.52797175,-46.47427625,,,,2,2023-06-16T04:06:02+00:00
SAO_233C-10,São Paulo,3550308,True,,32923,,,-23.5257245,-46.474695749999995,,,,2,2023-06-16T04:05:55+00:00
SAO_233C-10,São Paulo,3550308,True,,32923,,,-23.519024125,-46.475913874999996,,,,2,2023-06-16T04:05:57+00:00
SAO_4018-10,São Paulo,3550308,True,,34959,,,-23.613653,-46.4766475,,,,2,2023-06-16T04:05:58+00:00
SAO_4018-10,São Paulo,3550308,True,,34959,,,-23.584176499999998,-46.409053,,,,2,2023-06-16T04:05:35+00:00
SAO_4018-10,São Paulo,3550308,True,,34959,,,-23.602698,-46.397944,,,,2,2023-06-16T04:05:40+00:00
SAO_4018-10,São Paulo,3550308,True,,34959,,,-23.596264875000003,-46.45482750000001,,,,2,2023-06-16T04:04:37+00:00
SAO_4018-10,São Paulo,3550308,True,,34959,,,-23.609882499999998,-46.47384825,,,,2,2023-06-16T04:05:45+00:00
SAO_4018-10,São Paulo,3550308,True,,34959,,,-23.6006425,-46.3996595,,,,2,2023-06-16T04:05:50+00:00
SAO_3789-10,São Paulo,3550308,True,,33835,,,-23.5948865,-46.42799587499999,,,,2,2023-06-16T04:05:29+00:00
SAO_3789-10,São Paulo,3550308,True,,33835,,,-23.611663,-46.3964115,,,,2,2023-06-16T04:06:03+00:00
SAO_3789-10,São Paulo,3550308,True,,33835,,,-23.611663,-46.3964115,,,,2,2023-06-16T04:05:53+00:00
SAO_3789-10,São Paulo,3550308,True,,33835,,,-23.6041935,-46.3987725,,,,2,2023-06-16T04:06:03+00:00
SAO_3789-10,São Paulo,3550308,True,,33835,,,-23.611373,-46.396543,,,,2,2023-06-16T04:05:27+00:00
SAO_3789-10,São Paulo,3550308,True,,33835,,,-23.5598435,-46.465937999999994,,,,2,2023-06-16T04:05:39+00:00
SAO_3789-10,São Paulo,3550308,True,,33835,,,-23.587626,-46.4429655,,,,2,2023-06-16T04:05:32+00:00
SAO_3789-10,São Paulo,3550308,True,,33835,,,-23.583129,-46.4092945,,,,2,2023-06-16T04:05:54+00:00
SAO_3789-10,São Paulo,3550308,True,,33835,,,-23.55107375,-46.4624665,,,,2,2023-06-16T04:05:42+00:00
SAO_6075-10,São Paulo,3550308,True,,33930,,,-23.7968865,-46.73742,,,,2,2023-06-16T04:05:33+00:00
SAO_6075-10,São Paulo,3550308,True,,33930,,,-23.797689499999997,-46.7382825,,,,2,2023-06-16T04:05:39+00:00
SAO_6075-10,São Paulo,3550308,True,,33930,,,-23.797689499999997,-46.7382825,,,,2,2023-06-16T04:05:54+00:00
SAO_6075-10,São Paulo,3550308,True,,33930,,,-23.797689499999997,-46.7382825,,,,2,2023-06-16T04:05:44+00:00
SAO_6075-10,São Paulo,3550308,True,,33930,,,-23.797689499999997,-46.7382825,,,,2,2023-06-16T04:06:04+00:00
SAO_374V-10,São Paulo,3550308,True,,34415,,,-23.5424255,-46.470012,,,,2,2023-06-16T04:05:41+00:00
SAO_374V-10,São Paulo,3550308,True,,34415,,,-23.511018999999997,-46.4545,,,,2,2023-06-16T04:05:40+00:00
SAO_374V-10,São Paulo,3550308,True,,34415,,,-23.5110345,-46.4547195,,,,2,2023-06-16T04:05:53+00:00
SAO_374V-10,São Paulo,3550308,True,,34415,,,-23.5116805,-46.454798749999995,,,,2,2023-06-16T04:05:54+00:00
SAO_374V-10,São Paulo,3550308,True,,34415,,,-23.52595575,-46.45264525,,,,2,2023-06-16T04:05:22+00:00
SAO_374V-10,São Paulo,3550308,True,,34415,,,-23.535912500000002,-46.45454,,,,2,2023-06-16T04:05:50+00:00
SAO_374V-10,São Paulo,3550308,True,,34415,,,-23.5112555,-46.45482425,,,,2,2023-06-16T04:05:57+00:00
SAO_2016-10,São Paulo,3550308,True,,33670,,,-23.497077500000003,-46.4404645,,,,2,2023-06-16T04:05:49+00:00
SAO_2016-10,São Paulo,3550308,True,,33670,,,-23.50162375,-46.376669750000005,,,,2,2023-06-16T04:05:31+00:00
SAO_2016-10,São Paulo,3550308,True,,33670,,,-23.4959585,-46.402874499999996,,,,2,2023-06-16T04:05:58+00:00
SAO_2016-10,São Paulo,3550308,True,,33670,,,-23.50372375,-46.376094249999994,,,,2,2023-06-16T04:05:46+00:00
SAO_2016-10,São Paulo,3550308,True,,33670,,,-23.50372375,-46.376094249999994,,,,2,2023-06-16T04:05:49+00:00
SAO_775P-10,São Paulo,3550308,True,,33275,,,-23.5555545,-46.663031000000004,,,,2,2023-06-16T04:05:48+00:00
SAO_775P-10,São Paulo,3550308,True,,33275,,,-23.6011835,-46.753069499999995,,,,2,2023-06-16T04:06:02+00:00
SAO_775P-10,São Paulo,3550308,True,,33275,,,-23.597096,-46.7681435,,,,2,2023-06-16T04:05:45+00:00
SAO_3721-10,São Paulo,3550308,True,,1019,,,-23.5630785,-46.5055855,,,,1,2023-06-16T04:05:45+00:00
SAO_3721-10,São Paulo,3550308,True,,1019,,,-23.5623535,-46.493435,,,,1,2023-06-16T04:05:24+00:00
SAO_3721-10,São Paulo,3550308,True,,1019,,,-23.551551,-46.4910065,,,,1,2023-06-16T04:05:19+00:00
SAO_3721-10,São Paulo,3550308,True,,1019,,,-23.56498,-46.495296499999995,,,,1,2023-06-16T04:05:45+00:00
SAO_6003-10,São Paulo,3550308,True,,34240,,,-23.765766,-46.716494499999996,,,,2,2023-06-16T04:05:52+00:00
SAO_6003-10,São Paulo,3550308,True,,34240,,,-23.734917,-46.6958665,,,,2,2023-06-16T04:05:39+00:00
SAO_7016-10,São Paulo,3550308,True,,34886,,,-23.6886205,-46.77281625,,,,2,2023-06-16T04:05:26+00:00
SAO_7016-10,São Paulo,3550308,True,,34886,,,-23.6613095,-46.707041,,,,2,2023-06-16T04:05:38+00:00
SAO_7016-10,São Paulo,3550308,True,,34886,,,-23.6863815,-46.7707585,,,,2,2023-06-16T04:05:55+00:00
SAO_7016-10,São Paulo,3550308,True,,34886,,,-23.6873035,-46.7716925,,,,2,2023-06-16T04:05:54+00:00
SAO_7016-10,São Paulo,3550308,True,,34886,,,-23.6540465,-46.7115875,,,,2,2023-06-16T04:05:30+00:00
SAO_7016-10,São Paulo,3550308,True,,34886,,,-23.684907,-46.747448500000004,,,,2,2023-06-16T04:05:56+00:00
SAO_5127-10,São Paulo,3550308,True,,33895,,,-23.677825,-46.701614500000005,,,,2,2023-06-16T04:05:43+00:00
SAO_5127-10,São Paulo,3550308,True,,33895,,,-23.677825,-46.701614500000005,,,,2,2023-06-16T04:05:19+00:00
SAO_5127-10,São Paulo,3550308,True,,33895,,,-23.67681325,-46.700844249999996,,,,2,2023-06-16T04:05:33+00:00
SAO_5127-10,São Paulo,3550308,True,,33895,,,-23.677825,-46.701614500000005,,,,2,2023-06-16T04:05:40+00:00
SAO_5127-10,São Paulo,3550308,True,,33895,,,-23.702263000000002,-46.639984,,,,2,2023-06-16T04:05:45+00:00
SAO_5127-10,São Paulo,3550308,True,,33895,,,-23.677825,-46.701614500000005,,,,2,2023-06-16T04:05:21+00:00
SAO_5127-10,São Paulo,3550308,True,,33895,,,-23.677825,-46.701614500000005,,,,2,2023-06-16T04:05:19+00:00
SAO_5127-10,São Paulo,3550308,True,,33895,,,-23.6880095,-46.664153999999996,,,,2,2023-06-16T04:05:18+00:00
SAO_5127-10,São Paulo,3550308,True,,33895,,,-23.677825,-46.701614500000005,,,,2,2023-06-16T04:05:21+00:00
SAO_5127-10,São Paulo,3550308,True,,33895,,,-23.69726225,-46.63264975,,,,2,2023-06-16T04:05:37+00:00
SAO_5127-10,São Paulo,3550308,True,,33895,,,-23.677825,-46.701614500000005,,,,2,2023-06-16T04:05:27+00:00
SAO_5127-10,São Paulo,3550308,True,,33895,,,-23.677825,-46.701614500000005,,,,2,2023-06-16T04:05:24+00:00
SAO_5127-10,São Paulo,3550308,True,,33895,,,-23.677825,-46.701614500000005,,,,2,2023-06-16T04:05:54+00:00
SAO_5127-10,São Paulo,3550308,True,,33895,,,-23.6999085,-46.643133,,,,2,2023-06-16T04:05:56+00:00
SAO_5127-10,São Paulo,3550308,True,,33895,,,-23.6872995,-46.670776000000004,,,,2,2023-06-16T04:05:34+00:00
SAO_8500-10,São Paulo,3550308,True,,34035,,,-23.485809000000003,-46.726257125,,,,2,2023-06-16T04:03:43+00:00
SAO_8500-10,São Paulo,3550308,True,,34035,,,-23.519329499999998,-46.674521,,,,2,2023-06-16T04:06:02+00:00
SAO_8500-10,São Paulo,3550308,True,,34035,,,-23.485485500000003,-46.7254255,,,,2,2023-06-16T04:05:32+00:00
SAO_8500-10,São Paulo,3550308,True,,34035,,,-23.4989925,-46.706629,,,,2,2023-06-16T04:05:52+00:00
SAO_8500-10,São Paulo,3550308,True,,34035,,,-23.485965,-46.726443374999995,,,,2,2023-06-16T04:05:59+00:00
SAO_2583-10,São Paulo,3550308,True,,33143,,,-23.510439249999997,-46.42165275,,,,2,2023-06-16T04:05:58+00:00
SAO_2583-10,São Paulo,3550308,True,,33143,,,-23.510611750000002,-46.42148025,,,,2,2023-06-16T04:05:21+00:00
SAO_2583-10,São Paulo,3550308,True,,33143,,,-23.5094565,-46.422525,,,,2,2023-06-16T04:03:32+00:00
SAO_807M-10,São Paulo,3550308,True,,34684,,,-23.62107775,-46.69360675,,,,2,2023-06-16T04:05:58+00:00
SAO_807M-10,São Paulo,3550308,True,,34684,,,-23.61661,-46.753744499999996,,,,2,2023-06-16T04:05:46+00:00
SAO_807M-10,São Paulo,3550308,True,,34684,,,-23.608437000000002,-46.750609499999996,,,,2,2023-06-16T04:05:43+00:00
SAO_807M-10,São Paulo,3550308,True,,34684,,,-23.631797499999998,-46.7719915,,,,2,2023-06-16T04:05:35+00:00
SAO_807M-10,São Paulo,3550308,True,,34684,,,-23.631797499999998,-46.7719915,,,,2,2023-06-16T04:05:52+00:00
SAO_807M-10,São Paulo,3550308,True,,34684,,,-23.631797499999998,-46.7719915,,,,2,2023-06-16T04:05:54+00:00
SAO_807M-10,São Paulo,3550308,True,,34684,,,-23.624555,-46.763753,,,,2,2023-06-16T04:05:20+00:00
SAO_807M-10,São Paulo,3550308,True,,34684,,,-23.6010925,-46.71478,,,,2,2023-06-16T04:06:02+00:00
SAO_6057-10,São Paulo,3550308,True,,33916,,,-23.7628795,-46.7084105,,,,2,2023-06-16T04:05:20+00:00
SAO_6057-10,São Paulo,3550308,True,,33916,,,-23.766202,-46.7087025,,,,2,2023-06-16T04:05:59+00:00
SAO_677Y-10,São Paulo,3550308,True,,1240,,,-23.630204,-46.71382199999999,,,,1,2023-06-16T04:05:56+00:00
SAO_677Y-10,São Paulo,3550308,True,,1240,,,-23.6836685,-46.7890555,,,,1,2023-06-16T04:05:48+00:00
SAO_677Y-10,São Paulo,3550308,True,,1240,,,-23.693685000000002,-46.794277,,,,1,2023-06-16T04:05:47+00:00
SAO_677Y-10,São Paulo,3550308,True,,1240,,,-23.6836685,-46.7890555,,,,1,2023-06-16T04:05:52+00:00
SAO_677Y-10,São Paulo,3550308,True,,1240,,,-23.6836685,-46.7890555,,,,1,2023-06-16T04:05:31+00:00
SAO_677Y-10,São Paulo,3550308,True,,1240,,,-23.6836685,-46.7890555,,,,1,2023-06-16T04:06:00+00:00
SAO_677Y-10,São Paulo,3550308,True,,1240,,,-23.675129249999998,-46.78836575,,,,1,2023-06-16T04:06:04+00:00
SAO_5164-10,São Paulo,3550308,True,,34051,,,-23.59890925,-46.636741,,,,2,2023-06-16T04:05:40+00:00
SAO_5164-10,São Paulo,3550308,True,,34051,,,-23.642954500000002,-46.6617585,,,,2,2023-06-16T04:05:37+00:00
SAO_5164-10,São Paulo,3550308,True,,34051,,,-23.65219225,-46.658745749999994,,,,2,2023-06-16T04:05:58+00:00
SAO_5164-10,São Paulo,3550308,True,,34051,,,-23.5809745,-46.6566785,,,,2,2023-06-16T04:05:59+00:00
SAO_5164-10,São Paulo,3550308,True,,34051,,,-23.6115255,-46.637976249999994,,,,2,2023-06-16T04:05:33+00:00
SAO_172R-10,São Paulo,3550308,True,,33627,,,-23.466649875,-46.583931375000006,,,,2,2023-06-16T04:05:19+00:00
SAO_172R-10,São Paulo,3550308,True,,33627,,,-23.53912,-46.595645000000005,,,,2,2023-06-16T04:05:43+00:00
SAO_172R-10,São Paulo,3550308,True,,33627,,,-23.507937,-46.5800615,,,,2,2023-06-16T04:05:50+00:00
SAO_172R-10,São Paulo,3550308,True,,33627,,,-23.465638499999997,-46.583501999999996,,,,2,2023-06-16T04:05:24+00:00
SAO_172R-10,São Paulo,3550308,True,,33627,,,-23.465826,-46.583746000000005,,,,2,2023-06-16T04:05:53+00:00
SAO_172R-10,São Paulo,3550308,True,,33627,,,-23.4734555,-46.575829999999996,,,,2,2023-06-16T04:04:59+00:00
SAO_172R-10,São Paulo,3550308,True,,33627,,,-23.542231,-46.590061500000004,,,,2,2023-06-16T04:02:21+00:00
SAO_172R-10,São Paulo,3550308,True,,33627,,,-23.466836,-46.58524125,,,,2,2023-06-16T04:05:39+00:00
SAO_172R-10,São Paulo,3550308,True,,33627,,,-23.492534499999998,-46.574139,,,,2,2023-06-16T04:05:35+00:00
SAO_4035-10,São Paulo,3550308,True,,35328,,,-23.558706,-46.3995355,,,,2,2023-06-16T04:05:54+00:00
SAO_4035-10,São Paulo,3550308,True,,35328,,,-23.539969375,-46.455428375000004,,,,2,2023-06-16T04:05:40+00:00
SAO_4035-10,São Paulo,3550308,True,,35328,,,-23.553628500000002,-46.394191250000006,,,,2,2023-06-16T04:04:01+00:00
SAO_4035-10,São Paulo,3550308,True,,35328,,,-23.5591695,-46.3996545,,,,2,2023-06-16T04:05:22+00:00
SAO_4035-10,São Paulo,3550308,True,,35328,,,-23.558532,-46.399539,,,,2,2023-06-16T04:05:59+00:00
SAO_2722-10,São Paulo,3550308,True,,33703,,,-23.50021,-46.493883,,,,2,2023-06-16T04:04:58+00:00
SAO_2722-10,São Paulo,3550308,True,,33703,,,-23.4905365,-46.49019025,,,,2,2023-06-16T04:05:45+00:00
SAO_2722-10,São Paulo,3550308,True,,33703,,,-23.49108,-46.490300500000004,,,,2,2023-06-16T04:05:51+00:00
SAO_2722-10,São Paulo,3550308,True,,33703,,,-23.4905365,-46.49019025,,,,2,2023-06-16T04:05:19+00:00
SAO_307C-10,São Paulo,3550308,True,,2114,,,-23.497192499999997,-46.400577,,,,1,2023-06-16T04:05:39+00:00
SAO_307C-10,São Paulo,3550308,True,,2114,,,-23.534727,-46.473905,,,,1,2023-06-16T04:05:50+00:00
SAO_307C-10,São Paulo,3550308,True,,2114,,,-23.503643,-46.380181,,,,1,2023-06-16T04:05:57+00:00
SAO_8050-10,São Paulo,3550308,True,,412,,,-23.508308999999997,-46.741544875,,,,1,2023-06-16T04:05:41+00:00
SAO_8050-10,São Paulo,3550308,True,,412,,,-23.43920775,-46.793096500000004,,,,1,2023-06-16T04:05:43+00:00
SAO_8050-10,São Paulo,3550308,True,,412,,,-23.523029,-46.717975499999994,,,,1,2023-06-16T04:05:57+00:00
SAO_507T-10,São Paulo,3550308,True,,34976,,,-23.603546,-46.503823,,,,2,2023-06-16T04:05:57+00:00
SAO_507T-10,São Paulo,3550308,True,,34976,,,-23.548847,-46.536943,,,,2,2023-06-16T04:05:21+00:00
SAO_507T-10,São Paulo,3550308,True,,34976,,,-23.6139405,-46.501206499999995,,,,2,2023-06-16T04:05:27+00:00
SAO_507T-10,São Paulo,3550308,True,,34976,,,-23.5761115,-46.51551475,,,,2,2023-06-16T04:05:40+00:00
SAO_507T-10,São Paulo,3550308,True,,34976,,,-23.538406000000002,-46.562954,,,,2,2023-06-16T04:05:03+00:00
SAO_507T-10,São Paulo,3550308,True,,34976,,,-23.6139655,-46.5015435,,,,2,2023-06-16T04:05:20+00:00
SAO_6820-10,São Paulo,3550308,True,BR7 Mobilidade,19,https://moovitapp.com/index/pt-br/transporte_p%C3%BAblico-line-19-Sao_Paulo-242-851856-516833-0,5.75,-23.6600215,-46.7694185,,,,1,2023-06-16T04:05:40+00:00
SAO_637V-10,São Paulo,3550308,True,,32872,,,-23.65811275,-46.70672275,,,,2,2023-06-16T04:05:52+00:00
SAO_637V-10,São Paulo,3550308,True,,32872,,,-23.6995285,-46.7010475,,,,2,2023-06-16T04:05:25+00:00
SAO_2290-10,São Paulo,3550308,True,,718,,,-23.550228,-46.6422055,,,,1,2023-06-16T04:05:55+00:00
SAO_2290-10,São Paulo,3550308,True,,718,,,-23.6126535,-46.4759885,,,,1,2023-06-16T04:05:26+00:00
SAO_2290-10,São Paulo,3550308,True,,718,,,-23.571054500000002,-46.5067155,,,,1,2023-06-16T04:05:33+00:00
SAO_2290-10,São Paulo,3550308,True,,718,,,-23.5498545,-46.6307875,,,,1,2023-06-16T04:05:48+00:00
SAO_2290-10,São Paulo,3550308,True,,718,,,-23.55342375,-46.52788325,,,,1,2023-06-16T04:05:52+00:00
SAO_2290-10,São Paulo,3550308,True,,718,,,-23.5463875,-46.630173,,,,1,2023-06-16T04:05:59+00:00
SAO_2290-10,São Paulo,3550308,True,,718,,,-23.6131955,-46.476123,,,,1,2023-06-16T04:05:59+00:00
SAO_2290-10,São Paulo,3550308,True,,718,,,-23.608943,-46.477615,,,,1,2023-06-16T04:05:48+00:00
SAO_2290-10,São Paulo,3550308,True,,718,,,-23.539786,-46.610667,,,,1,2023-06-16T04:05:37+00:00
SAO_2290-10,São Paulo,3550308,True,,718,,,-23.6131955,-46.476123,,,,1,2023-06-16T04:05:53+00:00
SAO_2290-10,São Paulo,3550308,True,,718,,,-23.5461345,-46.630341,,,,1,2023-06-16T04:05:34+00:00
SAO_2290-10,São Paulo,3550308,True,,718,,,-23.55190175,-46.63262025,,,,1,2023-06-16T04:06:04+00:00
SAO_2290-10,São Paulo,3550308,True,,718,,,-23.6131955,-46.476123,,,,1,2023-06-16T04:06:00+00:00
SAO_2290-10,São Paulo,3550308,True,,718,,,-23.546762,-46.629915499999996,,,,1,2023-06-16T04:05:39+00:00
SAO_2290-10,São Paulo,3550308,True,,718,,,-23.5991515,-46.485439875,,,,1,2023-06-16T04:06:01+00:00
SAO_2290-10,São Paulo,3550308,True,,718,,,-23.6131955,-46.476123,,,,1,2023-06-16T04:05:49+00:00
SAO_2290-10,São Paulo,3550308,True,,718,,,-23.553631250000002,-46.527705749999996,,,,1,2023-06-16T04:06:02+00:00
SAO_2290-10,São Paulo,3550308,True,,718,,,-23.544759749999997,-46.62593625,,,,1,2023-06-16T04:06:04+00:00
SAO_2290-10,São Paulo,3550308,True,,718,,,-23.6131955,-46.476123,,,,1,2023-06-16T04:05:40+00:00
SAO_2290-10,São Paulo,3550308,True,,718,,,-23.533438250000003,-46.5595475,,,,1,2023-06-16T04:05:52+00:00
SAO_2290-10,São Paulo,3550308,True,,718,,,-23.5793815,-46.5025895,,,,1,2023-06-16T04:05:26+00:00
SAO_2290-10,São Paulo,3550308,True,,718,,,-23.5670195,-46.5109545,,,,1,2023-06-16T04:05:25+00:00
SAO_2290-10,São Paulo,3550308,True,,718,,,-23.538355250000002,-46.602380499999995,,,,1,2023-06-16T04:05:34+00:00
SAO_2290-10,São Paulo,3550308,True,,718,,,-23.538246,-46.60124675,,,,1,2023-06-16T04:05:54+00:00
SAO_2290-10,São Paulo,3550308,True,,718,,,-23.6131955,-46.476123,,,,1,2023-06-16T04:05:45+00:00
SAO_342C-10,São Paulo,3550308,True,,33770,,,-23.554616,-46.492309500000005,,,,2,2023-06-16T04:05:45+00:00
SAO_342C-10,São Paulo,3550308,True,,33770,,,-23.5342955,-46.525619,,,,2,2023-06-16T04:05:37+00:00
SAO_5128-10,São Paulo,3550308,True,,33896,,,-23.696395,-46.649801499999995,,,,2,2023-06-16T04:05:25+00:00
SAO_5128-10,São Paulo,3550308,True,,33896,,,-23.699834250000002,-46.64513075000001,,,,2,2023-06-16T04:05:51+00:00
SAO_5128-10,São Paulo,3550308,True,,33896,,,-23.711942,-46.652472,,,,2,2023-06-16T04:05:37+00:00
SAO_5128-10,São Paulo,3550308,True,,33896,,,-23.6354945,-46.641478500000005,,,,2,2023-06-16T04:06:03+00:00
SAO_5128-10,São Paulo,3550308,True,,33896,,,-23.6871925,-46.6388125,,,,2,2023-06-16T04:05:07+00:00
SAO_5128-10,São Paulo,3550308,True,,33896,,,-23.699619749999997,-46.642281,,,,2,2023-06-16T04:05:50+00:00
SAO_5128-10,São Paulo,3550308,True,,33896,,,-23.7118695,-46.652446,,,,2,2023-06-16T04:05:59+00:00
SAO_3161-10,São Paulo,3550308,True,,33852,,,-23.555811375,-46.607644625,,,,2,2023-06-16T04:05:50+00:00
SAO_3161-10,São Paulo,3550308,True,,33852,,,-23.583824375,-46.5298735,,,,2,2023-06-16T04:05:54+00:00
SAO_6035-10,São Paulo,3550308,True,,1213,,,-23.72062,-46.7558005,,,,1,2023-06-16T04:05:49+00:00
SAO_6035-10,São Paulo,3550308,True,,1213,,,-23.72062,-46.7558005,,,,1,2023-06-16T04:05:57+00:00
SAO_6035-10,São Paulo,3550308,True,,1213,,,-23.723630625000002,-46.764362000000006,,,,1,2023-06-16T04:05:20+00:00
SAO_6035-10,São Paulo,3550308,True,,1213,,,-23.669687500000002,-46.736403499999994,,,,1,2023-06-16T04:05:52+00:00
SAO_6035-10,São Paulo,3550308,True,,1213,,,-23.7150855,-46.7707235,,,,1,2023-06-16T04:06:03+00:00
SAO_6035-10,São Paulo,3550308,True,,1213,,,-23.661396500000002,-46.705166,,,,1,2023-06-16T04:06:04+00:00
SAO_6035-10,São Paulo,3550308,True,,1213,,,-23.72062,-46.7558005,,,,1,2023-06-16T04:05:48+00:00
SAO_8006-10,São Paulo,3550308,True,,34024,,,-23.4321945,-46.726945,,,,2,2023-06-16T04:05:50+00:00
SAO_8006-10,São Paulo,3550308,True,,34024,,,-23.432887,-46.7297695,,,,2,2023-06-16T04:05:42+00:00
SAO_8006-10,São Paulo,3550308,True,,34024,,,-23.433157,-46.7297415,,,,2,2023-06-16T04:05:42+00:00
SAO_8006-10,São Paulo,3550308,True,,34024,,,-23.4868015,-46.726492,,,,2,2023-06-16T04:03:32+00:00
SAO_8006-10,São Paulo,3550308,True,,34024,,,-23.431518,-46.729382,,,,2,2023-06-16T04:05:39+00:00
SAO_7062-41,São Paulo,3550308,True,,35039,,,-23.648678500000003,-46.7634775,,,,2,2023-06-16T04:05:51+00:00
SAO_6078-10,São Paulo,3550308,True,,33934,,,-23.7334495,-46.696561,,,,2,2023-06-16T04:05:25+00:00
SAO_6078-10,São Paulo,3550308,True,,33934,,,-23.75512775,-46.67639150000001,,,,2,2023-06-16T04:05:51+00:00
SAO_6078-10,São Paulo,3550308,True,,33934,,,-23.741339,-46.6604465,,,,2,2023-06-16T04:05:46+00:00
SAO_6078-10,São Paulo,3550308,True,,33934,,,-23.7414065,-46.6603845,,,,2,2023-06-16T04:05:42+00:00
SAO_6078-10,São Paulo,3550308,True,,33934,,,-23.678064999999997,-46.6840695,,,,2,2023-06-16T04:06:03+00:00
SAO_6051-10,São Paulo,3550308,True,,33911,,,-23.7621455,-46.689133,,,,2,2023-06-16T04:05:35+00:00
SAO_6051-10,São Paulo,3550308,True,,33911,,,-23.768798,-46.7160175,,,,2,2023-06-16T04:05:50+00:00
SAO_6051-10,São Paulo,3550308,True,,33911,,,-23.7621455,-46.689133,,,,2,2023-06-16T04:05:32+00:00
SAO_6051-10,São Paulo,3550308,True,,33911,,,-23.7621455,-46.689133,,,,2,2023-06-16T04:05:39+00:00
SAO_6051-10,São Paulo,3550308,True,,33911,,,-23.7628215,-46.688933500000005,,,,2,2023-06-16T04:05:38+00:00
SAO_5012-10,São Paulo,3550308,True,,33884,,,-23.6459105,-46.6397875,,,,2,2023-06-16T04:05:52+00:00
SAO_5012-10,São Paulo,3550308,True,,33884,,,-23.704661,-46.63425599999999,,,,2,2023-06-16T04:05:20+00:00
SAO_5012-10,São Paulo,3550308,True,,33884,,,-23.6459105,-46.6397875,,,,2,2023-06-16T04:04:39+00:00
SAO_5012-10,São Paulo,3550308,True,,33884,,,-23.674775,-46.642773000000005,,,,2,2023-06-16T04:05:29+00:00
SAO_5012-10,São Paulo,3550308,True,,33884,,,-23.6482745,-46.64030150000001,,,,2,2023-06-16T04:05:20+00:00
SAO_5012-10,São Paulo,3550308,True,,33884,,,-23.6459105,-46.6397875,,,,2,2023-06-16T04:05:33+00:00
SAO_5012-10,São Paulo,3550308,True,,33884,,,-23.689552,-46.632624250000006,,,,2,2023-06-16T04:05:18+00:00
SAO_5012-10,São Paulo,3550308,True,,33884,,,-23.6459105,-46.6397875,,,,2,2023-06-16T04:05:20+00:00
SAO_5012-10,São Paulo,3550308,True,,33884,,,-23.6459105,-46.6397875,,,,2,2023-06-16T04:05:29+00:00
SAO_5012-10,São Paulo,3550308,True,,33884,,,-23.6459105,-46.6397875,,,,2,2023-06-16T04:06:00+00:00
SAO_5012-10,São Paulo,3550308,True,,33884,,,-23.6459105,-46.6397875,,,,2,2023-06-16T04:04:00+00:00
SAO_5012-10,São Paulo,3550308,True,,33884,,,-23.6459105,-46.6397875,,,,2,2023-06-16T04:05:24+00:00
SAO_5012-10,São Paulo,3550308,True,,33884,,,-23.6459105,-46.6397875,,,,2,2023-06-16T04:05:30+00:00
SAO_5012-10,São Paulo,3550308,True,,33884,,,-23.6459105,-46.6397875,,,,2,2023-06-16T04:05:37+00:00
SAO_8549-10,São Paulo,3550308,True,EMTU,580,https://moovitapp.com/index/pt-br/transporte_p%C3%BAblico-line-580-Sao_Paulo-242-2038937-36419570-0,7.55,-23.542703,-46.636098,,,,1,2023-06-16T04:05:33+00:00
SAO_8549-10,São Paulo,3550308,True,EMTU,580,https://moovitapp.com/index/pt-br/transporte_p%C3%BAblico-line-580-Sao_Paulo-242-2038937-36419570-0,7.55,-23.4360705,-46.717611500000004,,,,1,2023-06-16T04:06:01+00:00
SAO_8549-10,São Paulo,3550308,True,EMTU,580,https://moovitapp.com/index/pt-br/transporte_p%C3%BAblico-line-580-Sao_Paulo-242-2038937-36419570-0,7.55,-23.4526065,-46.699762,,,,1,2023-06-16T04:05:30+00:00
SAO_8549-10,São Paulo,3550308,False,EMTU,580,https://moovitapp.com/index/pt-br/transporte_p%C3%BAblico-line-580-Sao_Paulo-242-2038937-36419570-0,7.55,-23.436121,-46.7174615,,,,1,2023-06-16T04:05:19+00:00
SAO_8549-10,São Paulo,3550308,True,EMTU,580,https://moovitapp.com/index/pt-br/transporte_p%C3%BAblico-line-580-Sao_Paulo-242-2038937-36419570-0,7.55,-23.499091125,-46.694361375,,,,1,2023-06-16T04:05:33+00:00
SAO_8549-10,São Paulo,3550308,True,EMTU,580,https://moovitapp.com/index/pt-br/transporte_p%C3%BAblico-line-580-Sao_Paulo-242-2038937-36419570-0,7.55,-23.530067375,-46.66720975,,,,1,2023-06-16T04:05:40+00:00
SAO_971R-42,São Paulo,3550308,True,,33384,,,-23.436577999999997,-46.7395995,,,,2,2023-06-16T04:06:00+00:00
SAO_971R-42,São Paulo,3550308,True,,33384,,,-23.4985745,-46.640798000000004,,,,2,2023-06-16T03:59:56+00:00
SAO_971R-42,São Paulo,3550308,True,,33384,,,-23.4377645,-46.7402525,,,,2,2023-06-16T04:05:45+00:00
SAO_971R-42,São Paulo,3550308,True,,33384,,,-23.432105,-46.724803,,,,2,2023-06-16T04:05:14+00:00
SAO_7011-31,São Paulo,3550308,True,,34722,,,-23.7075705,-46.7917315,,,,2,2023-06-16T04:05:20+00:00
SAO_7011-31,São Paulo,3550308,True,,34722,,,-23.7080735,-46.791889499999996,,,,2,2023-06-16T04:05:47+00:00
SAO_7011-31,São Paulo,3550308,True,,34722,,,-23.7083255,-46.7920035,,,,2,2023-06-16T04:05:26+00:00
SAO_2666-10,São Paulo,3550308,True,,33146,,,-23.536239000000002,-46.5870915,,,,2,2023-06-16T04:05:55+00:00
SAO_2666-10,São Paulo,3550308,True,,33146,,,-23.507406875,-46.48769825,,,,2,2023-06-16T04:05:37+00:00
SAO_2666-10,São Paulo,3550308,True,,33146,,,-23.5183915,-46.39161300000001,,,,2,2023-06-16T04:05:31+00:00
SAO_2666-10,São Paulo,3550308,True,,33146,,,-23.4979265,-46.454826,,,,2,2023-06-16T04:05:53+00:00
SAO_2666-10,São Paulo,3550308,True,,33146,,,-23.512868,-46.393057,,,,2,2023-06-16T04:02:52+00:00
SAO_2666-10,São Paulo,3550308,True,,33146,,,-23.518365000000003,-46.391335,,,,2,2023-06-16T04:05:57+00:00
SAO_2666-10,São Paulo,3550308,True,,33146,,,-23.518412250000004,-46.391846125,,,,2,2023-06-16T04:05:59+00:00
SAO_857A-10,São Paulo,3550308,True,,34693,,,-23.607010375,-46.750833875,,,,2,2023-06-16T04:05:53+00:00
SAO_857A-10,São Paulo,3550308,True,,34693,,,-23.5702755,-46.691122500000006,,,,2,2023-06-16T04:05:26+00:00
SAO_857A-10,São Paulo,3550308,True,,34693,,,-23.6312955,-46.773033999999996,,,,2,2023-06-16T04:05:53+00:00
SAO_857A-10,São Paulo,3550308,True,,34693,,,-23.597957,-46.648168,,,,2,2023-06-16T04:05:42+00:00
SAO_857A-10,São Paulo,3550308,True,,34693,,,-23.6313825,-46.77286,,,,2,2023-06-16T04:05:30+00:00
SAO_647A-10,São Paulo,3550308,True,,1315,,,-23.6945095,-46.7940355,,,,1,2023-06-16T04:05:39+00:00
SAO_647A-10,São Paulo,3550308,True,,1315,,,-23.5997445,-46.7087315,,,,1,2023-06-16T04:05:24+00:00
SAO_647A-10,São Paulo,3550308,True,,1315,,,-23.6945095,-46.7940355,,,,1,2023-06-16T04:06:00+00:00
SAO_647A-10,São Paulo,3550308,True,,1315,,,-23.65865,-46.765243,,,,1,2023-06-16T04:05:43+00:00
SAO_2762-10,São Paulo,3550308,True,,144,,,-23.4974395,-46.5169985,,,,1,2023-06-16T04:05:59+00:00
SAO_2762-10,São Paulo,3550308,True,,144,,,-23.486059500000003,-46.476583000000005,,,,1,2023-06-16T04:05:20+00:00
SAO_2762-10,São Paulo,3550308,True,,144,,,-23.4906045,-46.4894525,,,,1,2023-06-16T04:05:21+00:00
SAO_2019-10,São Paulo,3550308,True,,33673,,,-23.5246595,-46.5457945,,,,2,2023-06-16T04:06:00+00:00
SAO_2019-10,São Paulo,3550308,True,,33673,,,-23.52308575,-46.543347999999995,,,,2,2023-06-16T04:05:21+00:00
SAO_2019-10,São Paulo,3550308,True,,33673,,,-23.531027,-46.495247,,,,2,2023-06-16T04:05:48+00:00
SAO_1178-31,São Paulo,3550308,True,,34580,,,-23.5041765,-46.433013,,,,2,2023-06-16T04:05:22+00:00
SAO_1178-31,São Paulo,3550308,True,,34580,,,-23.504152499999996,-46.432775,,,,2,2023-06-16T04:05:27+00:00
SAO_1178-31,São Paulo,3550308,True,,34580,,,-23.5312675,-46.6320495,,,,2,2023-06-16T04:05:36+00:00
SAO_1178-31,São Paulo,3550308,True,,34580,,,-23.504152499999996,-46.432775,,,,2,2023-06-16T04:01:06+00:00
SAO_1178-31,São Paulo,3550308,True,,34580,,,-23.4932585,-46.456856,,,,2,2023-06-16T04:05:57+00:00
SAO_1178-31,São Paulo,3550308,True,,34580,,,-23.5251705,-46.601374500000006,,,,2,2023-06-16T04:04:37+00:00
SAO_778R-10,São Paulo,3550308,True,EMTU,509,https://moovitapp.com/index/pt-br/transporte_p%C3%BAblico-line-509-Sao_Paulo-242-2038937-36419531-0,4.95,-23.562667,-46.675276,,,,1,2023-06-16T04:05:54+00:00
SAO_778R-10,São Paulo,3550308,True,EMTU,509,https://moovitapp.com/index/pt-br/transporte_p%C3%BAblico-line-509-Sao_Paulo-242-2038937-36419531-0,4.95,-23.535300999999997,-46.64457,,,,1,2023-06-16T04:05:20+00:00
SAO_778R-10,São Paulo,3550308,True,EMTU,509,https://moovitapp.com/index/pt-br/transporte_p%C3%BAblico-line-509-Sao_Paulo-242-2038937-36419531-0,4.95,-23.585532999999998,-46.8056635,,,,1,2023-06-16T04:05:41+00:00
SAO_778R-10,São Paulo,3550308,True,EMTU,509,https://moovitapp.com/index/pt-br/transporte_p%C3%BAblico-line-509-Sao_Paulo-242-2038937-36419531-0,4.95,-23.582848,-46.7335985,,,,1,2023-06-16T04:05:54+00:00
SAO_778R-10,São Paulo,3550308,True,EMTU,509,https://moovitapp.com/index/pt-br/transporte_p%C3%BAblico-line-509-Sao_Paulo-242-2038937-36419531-0,4.95,-23.584763000000002,-46.7673525,,,,1,2023-06-16T04:05:31+00:00
SAO_778R-10,São Paulo,3550308,True,EMTU,509,https://moovitapp.com/index/pt-br/transporte_p%C3%BAblico-line-509-Sao_Paulo-242-2038937-36419531-0,4.95,-23.5585285,-46.668259,,,,1,2023-06-16T04:05:59+00:00
SAO_3728-10,São Paulo,3550308,True,,1025,,,-23.540392,-46.485367499999995,,,,1,2023-06-16T04:05:29+00:00
SAO_3728-10,São Paulo,3550308,True,,1025,,,-23.553732500000002,-46.492516,,,,1,2023-06-16T04:05:32+00:00
SAO_3728-10,São Paulo,3550308,True,,1025,,,-23.573595,-46.490476,,,,1,2023-06-16T04:05:52+00:00
SAO_3728-10,São Paulo,3550308,True,,1025,,,-23.573595,-46.490476,,,,1,2023-06-16T04:05:39+00:00
SAO_695Y-10,São Paulo,3550308,True,,33966,,,-23.589460000000003,-46.633678,,,,2,2023-06-16T04:05:18+00:00
SAO_695Y-10,São Paulo,3550308,True,,33966,,,-23.684737499999997,-46.692505,,,,2,2023-06-16T04:05:57+00:00
SAO_695Y-10,São Paulo,3550308,True,,33966,,,-23.8279545,-46.730826,,,,2,2023-06-16T04:05:32+00:00
SAO_695Y-10,São Paulo,3550308,True,,33966,,,-23.82240775,-46.735719687499994,,,,2,2023-06-16T04:05:40+00:00
SAO_695Y-10,São Paulo,3550308,True,,33966,,,-23.8278345,-46.7279345,,,,2,2023-06-16T04:05:21+00:00
SAO_695Y-10,São Paulo,3550308,True,,33966,,,-23.7346915,-46.6991455,,,,2,2023-06-16T04:05:28+00:00
SAO_695Y-10,São Paulo,3550308,True,,33966,,,-23.679721375,-46.696028,,,,2,2023-06-16T04:05:50+00:00
SAO_695Y-10,São Paulo,3550308,True,,33966,,,-23.686216,-46.693711,,,,2,2023-06-16T04:05:34+00:00
SAO_695Y-10,São Paulo,3550308,True,,33966,,,-23.8279045,-46.727655,,,,2,2023-06-16T04:05:20+00:00
SAO_695Y-10,São Paulo,3550308,True,,33966,,,-23.826211875,-46.7326355,,,,2,2023-06-16T04:05:25+00:00
SAO_695Y-10,São Paulo,3550308,True,,33966,,,-23.66008575,-46.696712250000004,,,,2,2023-06-16T04:05:38+00:00
SAO_2105-10,São Paulo,3550308,True,,2247,,,-23.48011,-46.611319,,,,1,2023-06-16T04:02:34+00:00
SAO_2105-10,São Paulo,3550308,True,,2247,,,-23.437967,-46.581421500000005,,,,1,2023-06-16T04:04:06+00:00
SAO_N301-11,São Paulo,3550308,True,,35103,,,-23.5469355,-46.630097,,,,2,2023-06-16T04:05:34+00:00
SAO_N301-11,São Paulo,3550308,True,,35103,,,-23.5469355,-46.630097,,,,2,2023-06-16T04:05:38+00:00
SAO_N301-11,São Paulo,3550308,True,,35103,,,-23.5469355,-46.630097,,,,2,2023-06-16T04:05:26+00:00
SAO_2014-10,São Paulo,3550308,True,,33668,,,-23.4798495,-46.672959,,,,2,2023-06-16T04:06:02+00:00
SAO_2014-10,São Paulo,3550308,True,,33668,,,-23.495538,-46.660937000000004,,,,2,2023-06-16T04:05:33+00:00
SAO_2014-10,São Paulo,3550308,True,,33668,,,-23.457342,-46.669977,,,,2,2023-06-16T04:05:35+00:00
SAO_2014-10,São Paulo,3550308,True,,33668,,,-23.516651000000003,-46.6669095,,,,2,2023-06-16T04:05:57+00:00
SAO_2014-10,São Paulo,3550308,True,,33668,,,-23.48215675,-46.671960999999996,,,,2,2023-06-16T04:05:34+00:00
SAO_2014-10,São Paulo,3550308,True,,33668,,,-23.4576965,-46.670289,,,,2,2023-06-16T04:06:04+00:00
SAO_2014-10,São Paulo,3550308,True,,33668,,,-23.456734500000003,-46.6736535,,,,2,2023-06-16T04:05:54+00:00
SAO_2014-10,São Paulo,3550308,True,,33668,,,-23.457437,-46.670062,,,,2,2023-06-16T04:05:27+00:00
SAO_7023-10,São Paulo,3550308,True,,34920,,,-23.6850345,-46.745012,,,,2,2023-06-16T04:05:52+00:00
SAO_7023-10,São Paulo,3550308,True,,34920,,,-23.667395499999998,-46.729535,,,,2,2023-06-16T04:05:27+00:00
SAO_6801-51,São Paulo,3550308,True,,34542,,,-23.666329,-46.73653,,,,2,2023-06-16T04:05:47+00:00
SAO_8055-10,São Paulo,3550308,True,,33182,,,-23.520166,-46.710088,,,,2,2023-06-16T04:05:53+00:00
SAO_8055-10,São Paulo,3550308,True,,33182,,,-23.408123,-46.741294999999994,,,,2,2023-06-16T04:05:56+00:00
SAO_8055-10,São Paulo,3550308,True,,33182,,,-23.440709499999997,-46.7862205,,,,2,2023-06-16T04:05:58+00:00
SAO_8055-10,São Paulo,3550308,True,,33182,,,-23.5198795,-46.701719999999995,,,,2,2023-06-16T04:05:48+00:00
SAO_8055-10,São Paulo,3550308,True,,33182,,,-23.408502,-46.740801000000005,,,,2,2023-06-16T04:05:24+00:00
SAO_8055-10,São Paulo,3550308,True,,33182,,,-23.408178,-46.7411865,,,,2,2023-06-16T04:05:20+00:00
SAO_7002-10,São Paulo,3550308,True,,33540,,,-23.572025500000002,-46.7026895,,,,2,2023-06-16T04:05:18+00:00
SAO_7002-10,São Paulo,3550308,True,,33540,,,-23.59250275,-46.765935625,,,,2,2023-06-16T04:05:43+00:00
SAO_7002-10,São Paulo,3550308,True,,33540,,,-23.5900535,-46.769859,,,,2,2023-06-16T04:05:46+00:00
SAO_7002-10,São Paulo,3550308,True,,33540,,,-23.553594500000003,-46.674957500000005,,,,2,2023-06-16T04:05:37+00:00
SAO_7002-10,São Paulo,3550308,True,,33540,,,-23.590518,-46.76971475,,,,2,2023-06-16T04:05:36+00:00
SAO_7002-10,São Paulo,3550308,True,,33540,,,-23.590286,-46.75371799999999,,,,2,2023-06-16T04:05:55+00:00
SAO_847P-42,São Paulo,3550308,True,,34192,,,-23.596588,-46.691509499999995,,,,2,2023-06-16T04:05:51+00:00
SAO_847P-42,São Paulo,3550308,True,,34192,,,-23.59568175,-46.688218625000005,,,,2,2023-06-16T04:05:45+00:00
SAO_847P-42,São Paulo,3550308,True,,34192,,,-23.539887,-46.7052305,,,,2,2023-06-16T04:05:42+00:00
SAO_847P-42,São Paulo,3550308,True,,34192,,,-23.486565,-46.692606749999996,,,,2,2023-06-16T04:04:55+00:00
SAO_971D-10,São Paulo,3550308,True,,709,,,-23.451375499999997,-46.695895,,,,1,2023-06-16T04:05:52+00:00
SAO_971D-10,São Paulo,3550308,True,,709,,,-23.487279,-46.646342000000004,,,,1,2023-06-16T04:06:00+00:00
SAO_971D-10,São Paulo,3550308,True,,709,,,-23.469003,-46.6672425,,,,1,2023-06-16T04:05:27+00:00
SAO_971D-10,São Paulo,3550308,True,,709,,,-23.51130475,-46.615750875,,,,1,2023-06-16T04:05:26+00:00
SAO_971D-10,São Paulo,3550308,True,,709,,,-23.4528515,-46.699654499999994,,,,1,2023-06-16T04:05:57+00:00
SAO_971D-10,São Paulo,3550308,True,,709,,,-23.447513,-46.696985,,,,1,2023-06-16T04:05:58+00:00
SAO_971D-10,São Paulo,3550308,True,,709,,,-23.5129060625,-46.6160925,,,,1,2023-06-16T04:05:45+00:00
SAO_6840-10,São Paulo,3550308,True,,32969,,,-23.683074,-46.76950175,,,,2,2023-06-16T04:05:54+00:00
SAO_6840-10,São Paulo,3550308,True,,32969,,,-23.741951999999998,-46.8009785,,,,2,2023-06-16T04:05:22+00:00
SAO_6840-10,São Paulo,3550308,True,,32969,,,-23.742005499999998,-46.80109,,,,2,2023-06-16T04:05:56+00:00
SAO_6840-10,São Paulo,3550308,True,,32969,,,-23.742814499999998,-46.80108325,,,,2,2023-06-16T04:06:02+00:00
SAO_6840-10,São Paulo,3550308,True,,32969,,,-23.7317975,-46.7861475,,,,2,2023-06-16T04:05:53+00:00
SAO_6840-10,São Paulo,3550308,True,,32969,,,-23.658908500000003,-46.7658775,,,,2,2023-06-16T04:05:54+00:00
SAO_6840-10,São Paulo,3550308,True,,32969,,,-23.745966000000003,-46.797347,,,,2,2023-06-16T04:05:52+00:00
SAO_6840-10,São Paulo,3550308,True,,32969,,,-23.695859,-46.779673,,,,2,2023-06-16T04:05:54+00:00
SAO_6840-10,São Paulo,3550308,True,,32969,,,-23.7375985,-46.78966200000001,,,,2,2023-06-16T04:05:37+00:00
SAO_6840-10,São Paulo,3550308,True,,32969,,,-23.741885,-46.8007335,,,,2,2023-06-16T04:05:29+00:00
SAO_172Y-10,São Paulo,3550308,True,,33630,,,-23.539287,-46.598583500000004,,,,2,2023-06-16T04:05:57+00:00
SAO_172Y-10,São Paulo,3550308,True,,33630,,,-23.51237975,-46.58563975,,,,2,2023-06-16T04:03:39+00:00
SAO_172Y-10,São Paulo,3550308,True,,33630,,,-23.47473425,-46.58000975,,,,2,2023-06-16T04:05:49+00:00
SAO_172P-10,São Paulo,3550308,True,,33626,,,-23.493332374999998,-46.59772575,,,,2,2023-06-16T04:05:20+00:00
SAO_172P-10,São Paulo,3550308,True,,33626,,,-23.4570485,-46.5862755,,,,2,2023-06-16T04:05:42+00:00
SAO_172P-10,São Paulo,3550308,True,,33626,,,-23.440870500000003,-46.58797199999999,,,,2,2023-06-16T04:05:20+00:00
SAO_172P-10,São Paulo,3550308,True,,33626,,,-23.540139,-46.594167,,,,2,2023-06-16T04:05:45+00:00
SAO_172P-10,São Paulo,3550308,True,,33626,,,-23.479936374999998,-46.580044,,,,2,2023-06-16T04:02:13+00:00
SAO_875C-1,São Paulo,3550308,True,,2510,,,-23.52012,-46.6994665,,,,1,2023-06-16T04:05:50+00:00
SAO_875C-1,São Paulo,3550308,True,,2510,,,-23.596769000000002,-46.646705374999996,,,,1,2023-06-16T04:05:35+00:00
SAO_4732-31,São Paulo,3550308,True,,34895,,,-23.6475985,-46.601049,,,,2,2023-06-16T04:06:03+00:00
SAO_4732-31,São Paulo,3550308,True,,34895,,,-23.621427500000003,-46.63441375000001,,,,2,2023-06-16T04:05:20+00:00
SAO_4732-31,São Paulo,3550308,True,,34895,,,-23.631561499999997,-46.605199999999996,,,,2,2023-06-16T04:05:40+00:00
SAO_4706-10,São Paulo,3550308,True,,299,,,-23.6537855,-46.602738,,,,1,2023-06-16T04:05:25+00:00
SAO_4706-10,São Paulo,3550308,True,,299,,,-23.6016975,-46.609275749999995,,,,1,2023-06-16T04:06:00+00:00
SAO_8200-10,São Paulo,3550308,True,,34031,,,-23.486429,-46.7263995,,,,2,2023-06-16T04:05:33+00:00
SAO_8200-10,São Paulo,3550308,True,,34031,,,-23.520332500000002,-46.699903,,,,2,2023-06-16T04:05:48+00:00
SAO_8200-10,São Paulo,3550308,True,,34031,,,-23.5201365,-46.700402999999994,,,,2,2023-06-16T04:05:57+00:00
SAO_573H-10,São Paulo,3550308,True,,1630,,,-23.60887825,-46.501217999999994,,,,1,2023-06-16T04:05:48+00:00
SAO_573H-10,São Paulo,3550308,True,,1630,,,-23.56362025,-46.590709749999995,,,,1,2023-06-16T04:06:02+00:00
SAO_573H-10,São Paulo,3550308,True,,1630,,,-23.546872999999998,-46.608591000000004,,,,1,2023-06-16T04:06:04+00:00
SAO_573H-10,São Paulo,3550308,True,,1630,,,-23.572844,-46.5686695,,,,1,2023-06-16T04:05:23+00:00
SAO_573H-10,São Paulo,3550308,True,,1630,,,-23.584799,-46.522501,,,,1,2023-06-16T04:05:48+00:00
SAO_573H-10,São Paulo,3550308,True,,1630,,,-23.576090375,-46.55089925,,,,1,2023-06-16T04:05:48+00:00
SAO_2127-10,São Paulo,3550308,True,,33461,,,-23.478293,-46.56974099999999,,,,2,2023-06-16T04:05:56+00:00
SAO_2127-10,São Paulo,3550308,True,,33461,,,-23.478431,-46.570043,,,,2,2023-06-16T04:05:34+00:00
SAO_2127-10,São Paulo,3550308,True,,33461,,,-23.4991415,-46.59511875,,,,2,2023-06-16T04:05:34+00:00
SAO_2127-10,São Paulo,3550308,True,,33461,,,-23.557799,-46.634068,,,,2,2023-06-16T04:05:56+00:00
SAO_2127-10,São Paulo,3550308,True,,33461,,,-23.478431,-46.570043,,,,2,2023-06-16T04:05:58+00:00
SAO_2127-10,São Paulo,3550308,True,,33461,,,-23.5378915,-46.617485375,,,,2,2023-06-16T04:05:53+00:00
SAO_6L07-10,São Paulo,3550308,True,,34313,,,-23.8313465,-46.711774500000004,,,,2,2023-06-16T04:05:51+00:00
SAO_6L07-10,São Paulo,3550308,True,,34313,,,-23.7964135,-46.710376499999995,,,,2,2023-06-16T04:05:51+00:00
SAO_6L07-10,São Paulo,3550308,True,,34313,,,-23.831447124999997,-46.712339625,,,,2,2023-06-16T04:05:33+00:00
SAO_675P-10,São Paulo,3550308,True,STT,275,https://moovitapp.com/index/pt-br/transporte_p%C3%BAblico-line-275-Sao_Paulo-242-850661-183275-0,5.3,-23.651252,-46.647583999999995,,,,1,2023-06-16T04:05:56+00:00
SAO_675P-10,São Paulo,3550308,True,STT,275,https://moovitapp.com/index/pt-br/transporte_p%C3%BAblico-line-275-Sao_Paulo-242-850661-183275-0,5.3,-23.6635655,-46.706256,,,,1,2023-06-16T04:05:39+00:00
SAO_675P-10,São Paulo,3550308,True,STT,275,https://moovitapp.com/index/pt-br/transporte_p%C3%BAblico-line-275-Sao_Paulo-242-850661-183275-0,5.3,-23.6774985,-46.7014125,,,,1,2023-06-16T04:05:20+00:00
SAO_4210-10,São Paulo,3550308,True,,2170,,,-23.55663825,-46.515829249999996,,,,1,2023-06-16T04:06:00+00:00
SAO_4210-10,São Paulo,3550308,True,,2170,,,-23.5833395,-46.407216,,,,1,2023-06-16T04:06:03+00:00
SAO_4210-10,São Paulo,3550308,True,,2170,,,-23.532581,-46.5598835,,,,1,2023-06-16T04:05:52+00:00
SAO_4210-10,São Paulo,3550308,True,,2170,,,-23.596577,-46.456318499999995,,,,1,2023-06-16T04:05:42+00:00
SAO_4210-10,São Paulo,3550308,True,,2170,,,-23.539987,-46.61139225,,,,1,2023-06-16T04:05:20+00:00
SAO_8252-10,São Paulo,3550308,True,,34016,,,-23.52547,-46.7030545,,,,2,2023-06-16T04:05:54+00:00
SAO_8252-10,São Paulo,3550308,True,,34016,,,-23.526683,-46.667058,,,,2,2023-06-16T04:05:58+00:00
SAO_9019-10,São Paulo,3550308,True,,34201,,,-23.4649225,-46.714379,,,,2,2023-06-16T04:05:39+00:00
SAO_9019-10,São Paulo,3550308,True,,34201,,,-23.4819375,-46.723595,,,,2,2023-06-16T04:05:48+00:00
SAO_5021-10,São Paulo,3550308,True,,1667,,,-23.606040874999998,-46.614740749999996,,,,1,2023-06-16T04:06:01+00:00
SAO_5611-10,São Paulo,3550308,True,,33366,,,-23.61239025,-46.657116,,,,2,2023-06-16T04:05:35+00:00
SAO_5611-10,São Paulo,3550308,True,,33366,,,-23.6979655,-46.6481345,,,,2,2023-06-16T04:05:32+00:00
SAO_5611-10,São Paulo,3550308,True,,33366,,,-23.67989,-46.684400499999995,,,,2,2023-06-16T04:05:58+00:00
SAO_5611-10,São Paulo,3550308,True,,33366,,,-23.7016985,-46.645367500000006,,,,2,2023-06-16T04:05:41+00:00
SAO_5611-10,São Paulo,3550308,True,,33366,,,-23.715806999999998,-46.626348500000006,,,,2,2023-06-16T04:05:47+00:00
SAO_5611-10,São Paulo,3550308,True,,33366,,,-23.58435475,-46.6562165,,,,2,2023-06-16T04:05:57+00:00
SAO_5611-10,São Paulo,3550308,True,,33366,,,-23.71611,-46.6251865,,,,2,2023-06-16T04:05:46+00:00
SAO_5611-10,São Paulo,3550308,True,,33366,,,-23.71611,-46.6251865,,,,2,2023-06-16T04:05:53+00:00
SAO_8072-10,São Paulo,3550308,True,,34847,,,-23.62412475,-46.76502275,,,,2,2023-06-16T04:05:35+00:00
SAO_8072-10,São Paulo,3550308,True,,34847,,,-23.618688,-46.75839425,,,,2,2023-06-16T04:05:29+00:00
SAO_8072-10,São Paulo,3550308,True,,34847,,,-23.642632499999998,-46.7658355,,,,2,2023-06-16T04:05:47+00:00
SAO_8072-10,São Paulo,3550308,True,,34847,,,-23.5857665,-46.723943,,,,2,2023-06-16T04:05:47+00:00
SAO_8072-10,São Paulo,3550308,True,,34847,,,-23.5857665,-46.723943,,,,2,2023-06-16T04:05:34+00:00
SAO_3751-10,São Paulo,3550308,True,,1047,,,-23.551171500000002,-46.425402500000004,,,,1,2023-06-16T04:05:59+00:00
SAO_3751-10,São Paulo,3550308,True,,1047,,,-23.5425595,-46.469581500000004,,,,1,2023-06-16T04:05:57+00:00
SAO_3751-10,São Paulo,3550308,True,,1047,,,-23.569356,-46.4108985,,,,1,2023-06-16T04:05:22+00:00
SAO_3751-10,São Paulo,3550308,True,,1047,,,-23.569356,-46.4108985,,,,1,2023-06-16T04:05:39+00:00
SAO_119C-10,São Paulo,3550308,True,,33429,,,-23.486217,-46.571906999999996,,,,2,2023-06-16T04:03:41+00:00
SAO_119C-10,São Paulo,3550308,True,,33429,,,-23.478727,-46.5693105,,,,2,2023-06-16T04:05:51+00:00
SAO_119C-10,São Paulo,3550308,True,,33429,,,-23.510136,-46.5957315,,,,2,2023-06-16T04:05:18+00:00
SAO_119C-10,São Paulo,3550308,True,,33429,,,-23.4786885,-46.5694165,,,,2,2023-06-16T04:05:44+00:00
SAO_746V-10,São Paulo,3550308,True,,33560,,,-23.622368,-46.761258,,,,2,2023-06-16T04:06:00+00:00
SAO_746V-10,São Paulo,3550308,True,,33560,,,-23.6470354375,-46.756466875,,,,2,2023-06-16T04:05:44+00:00
SAO_746V-10,São Paulo,3550308,True,,33560,,,-23.639127,-46.76684,,,,2,2023-06-16T04:05:52+00:00
SAO_746V-10,São Paulo,3550308,True,,33560,,,-23.62274625,-46.754206999999994,,,,2,2023-06-16T04:05:48+00:00
SAO_746V-10,São Paulo,3550308,True,,33560,,,-23.62274625,-46.754206999999994,,,,2,2023-06-16T04:06:01+00:00
SAO_3768-10,São Paulo,3550308,True,,33824,,,-23.586175500000003,-46.3863525,,,,2,2023-06-16T04:05:51+00:00
SAO_3768-10,São Paulo,3550308,True,,33824,,,-23.5864595,-46.386217,,,,2,2023-06-16T04:05:21+00:00
SAO_6022-10,São Paulo,3550308,True,,33975,,,-23.692809,-46.778341,,,,2,2023-06-16T04:05:55+00:00
SAO_6022-10,São Paulo,3550308,True,,33975,,,-23.728424,-46.7823315,,,,2,2023-06-16T04:05:21+00:00
SAO_6016-10,São Paulo,3550308,True,,84,,,-23.7716985,-46.6731285,,,,1,2023-06-16T04:05:45+00:00
SAO_6016-10,São Paulo,3550308,True,,84,,,-23.7716985,-46.6731285,,,,1,2023-06-16T04:05:38+00:00
SAO_6016-10,São Paulo,3550308,True,,84,,,-23.7690475,-46.676784749999996,,,,1,2023-06-16T04:05:32+00:00
SAO_278A-10,São Paulo,3550308,True,,33474,,,-23.529316,-46.553309,,,,2,2023-06-16T04:06:02+00:00
SAO_278A-10,São Paulo,3550308,True,,33474,,,-23.535598125,-46.584652750000004,,,,2,2023-06-16T04:05:33+00:00
SAO_278A-10,São Paulo,3550308,True,,33474,,,-23.53567475,-46.599984,,,,2,2023-06-16T04:05:54+00:00
SAO_5702-10,São Paulo,3550308,True,,33905,,,-23.688044,-46.63901275,,,,2,2023-06-16T04:05:24+00:00
SAO_5702-10,São Paulo,3550308,True,,33905,,,-23.698087,-46.646107,,,,2,2023-06-16T04:05:45+00:00
SAO_5702-10,São Paulo,3550308,True,,33905,,,-23.6983535,-46.646030499999995,,,,2,2023-06-16T04:05:27+00:00
SAO_5702-10,São Paulo,3550308,True,,33905,,,-23.698087,-46.646107,,,,2,2023-06-16T04:05:52+00:00
SAO_809U-21,São Paulo,3550308,True,,2307,,,-23.534547250000003,-46.688149625,,,,1,2023-06-16T04:05:33+00:00
SAO_809U-21,São Paulo,3550308,True,,2307,,,-23.525606,-46.6712185,,,,1,2023-06-16T04:05:56+00:00
SAO_809U-21,São Paulo,3550308,True,,2307,,,-23.545378749999998,-46.691061000000005,,,,1,2023-06-16T04:05:52+00:00
SAO_3051-10,São Paulo,3550308,True,,2446,,,-23.5151515,-46.468877500000005,,,,1,2023-06-16T04:05:41+00:00
SAO_3051-10,São Paulo,3550308,True,,2446,,,-23.517178,-46.4754515,,,,1,2023-06-16T04:06:01+00:00
SAO_6358-10,São Paulo,3550308,True,,1294,,,-23.559576,-46.65437225000001,,,,1,2023-06-16T04:05:48+00:00
SAO_6358-10,São Paulo,3550308,True,,1294,,,-23.667998,-46.651894999999996,,,,1,2023-06-16T04:05:28+00:00
SAO_6358-10,São Paulo,3550308,True,,1294,,,-23.61276225,-46.6707505,,,,1,2023-06-16T04:05:32+00:00
SAO_8705-10,São Paulo,3550308,True,,34840,,,-23.5470875,-46.7607205,,,,2,2023-06-16T04:05:40+00:00
SAO_8705-10,São Paulo,3550308,True,,34840,,,-23.565349,-46.744643874999994,,,,2,2023-06-16T04:05:36+00:00
SAO_8705-10,São Paulo,3550308,True,,34840,,,-23.553131125,-46.65982025,,,,2,2023-06-16T04:05:54+00:00
SAO_856R-10,São Paulo,3550308,True,,34196,,,-23.653042999999997,-46.706222,,,,2,2023-06-16T04:05:20+00:00
SAO_856R-10,São Paulo,3550308,True,,34196,,,-23.6700445,-46.719167999999996,,,,2,2023-06-16T04:05:57+00:00
SAO_856R-10,São Paulo,3550308,True,,34196,,,-23.6700445,-46.719167999999996,,,,2,2023-06-16T04:05:42+00:00
SAO_856R-10,São Paulo,3550308,True,,34196,,,-23.60480275,-46.675094,,,,2,2023-06-16T04:05:49+00:00
SAO_856R-10,São Paulo,3550308,True,,34196,,,-23.5224215,-46.697696,,,,2,2023-06-16T04:05:53+00:00
SAO_856R-10,São Paulo,3550308,True,,34196,,,-23.5885945,-46.67185075,,,,2,2023-06-16T04:05:59+00:00
SAO_856R-10,São Paulo,3550308,True,,34196,,,-23.57730625,-46.6867535,,,,2,2023-06-16T04:05:42+00:00
SAO_856R-10,São Paulo,3550308,True,,34196,,,-23.523056500000003,-46.68789162499999,,,,2,2023-06-16T04:05:48+00:00
SAO_856R-10,São Paulo,3550308,True,,34196,,,-23.57706,-46.68690575,,,,2,2023-06-16T04:05:55+00:00
SAO_856R-10,São Paulo,3550308,True,,34196,,,-23.5843105,-46.673618,,,,2,2023-06-16T04:05:45+00:00
SAO_856R-10,São Paulo,3550308,True,,34196,,,-23.5985795,-46.673832000000004,,,,2,2023-06-16T04:05:37+00:00
SAO_7062-10,São Paulo,3550308,True,,34666,,,-23.646267,-46.7724425,,,,2,2023-06-16T04:05:29+00:00
SAO_7062-10,São Paulo,3550308,True,,34666,,,-23.6459635,-46.772086,,,,2,2023-06-16T04:05:56+00:00
SAO_6015-10,São Paulo,3550308,True,,1205,,,-23.734715,-46.7945555,,,,1,2023-06-16T04:05:26+00:00
SAO_6015-10,São Paulo,3550308,True,,1205,,,-23.705963,-46.784294,,,,1,2023-06-16T04:05:58+00:00
SAO_6015-10,São Paulo,3550308,True,,1205,,,-23.697299,-46.7793,,,,1,2023-06-16T04:05:32+00:00
SAO_6015-10,São Paulo,3550308,True,,1205,,,-23.671774,-46.7412225,,,,1,2023-06-16T04:05:22+00:00
SAO_6015-10,São Paulo,3550308,True,,1205,,,-23.653857000000002,-46.7067565,,,,1,2023-06-16T04:06:03+00:00
SAO_6015-10,São Paulo,3550308,True,,1205,,,-23.734715,-46.7945555,,,,1,2023-06-16T04:05:36+00:00
SAO_6015-10,São Paulo,3550308,True,,1205,,,-23.734715,-46.7945555,,,,1,2023-06-16T04:06:02+00:00
SAO_809A-10,São Paulo,3550308,True,,2069,,,-23.575936499999997,-46.775704000000005,,,,1,2023-06-16T04:06:00+00:00
SAO_809A-10,São Paulo,3550308,True,,2069,,,-23.5658305,-46.701625500000006,,,,1,2023-06-16T04:05:52+00:00
SAO_273X-10,São Paulo,3550308,True,,33160,,,-23.494584,-46.425981500000006,,,,2,2023-06-16T04:05:45+00:00
SAO_273X-10,São Paulo,3550308,True,,33160,,,-23.494315125,-46.388942875,,,,2,2023-06-16T04:05:57+00:00
SAO_273X-10,São Paulo,3550308,True,,33160,,,-23.498297,-46.457488,,,,2,2023-06-16T04:05:53+00:00
SAO_273X-10,São Paulo,3550308,True,,33160,,,-23.539009125,-46.481483999999995,,,,2,2023-06-16T04:05:44+00:00
SAO_273X-10,São Paulo,3550308,True,,33160,,,-23.497997624999996,-46.376735124999996,,,,2,2023-06-16T04:05:56+00:00
SAO_273X-10,São Paulo,3550308,True,,33160,,,-23.540174,-46.483585500000004,,,,2,2023-06-16T04:05:47+00:00
SAO_273X-10,São Paulo,3550308,True,,33160,,,-23.498345,-46.376669500000006,,,,2,2023-06-16T04:05:50+00:00
SAO_273X-10,São Paulo,3550308,True,,33160,,,-23.494562375,-46.388803625,,,,2,2023-06-16T04:05:54+00:00
SAO_273X-10,São Paulo,3550308,True,,33160,,,-23.497790875,-46.376857375,,,,2,2023-06-16T04:05:28+00:00
SAO_273X-10,São Paulo,3550308,True,,33160,,,-23.537381,-46.475783,,,,2,2023-06-16T04:01:43+00:00
SAO_273X-10,São Paulo,3550308,True,,33160,,,-23.498345,-46.376669500000006,,,,2,2023-06-16T04:06:01+00:00
SAO_675I-10,São Paulo,3550308,True,,32836,,,-23.643911000000003,-46.733135000000004,,,,2,2023-06-16T04:05:27+00:00
SAO_675I-10,São Paulo,3550308,True,,32836,,,-23.6265895,-46.6414265,,,,2,2023-06-16T04:05:41+00:00
SAO_675I-10,São Paulo,3550308,True,,32836,,,-23.643936,-46.732529,,,,2,2023-06-16T04:05:32+00:00
SAO_675I-10,São Paulo,3550308,True,,32836,,,-23.608091,-46.65331225,,,,2,2023-06-16T04:05:58+00:00
SAO_675I-10,São Paulo,3550308,True,,32836,,,-23.6301995,-46.690188,,,,2,2023-06-16T04:05:21+00:00
SAO_2717-10,São Paulo,3550308,True,Urubupungá,930,https://moovitapp.com/index/pt-br/transporte_p%C3%BAblico-line-930-Sao_Paulo-242-873835-496473-0,4.6,-23.5281875,-46.515938500000004,,,,1,2023-06-16T04:05:20+00:00
SAO_2717-10,São Paulo,3550308,True,Urubupungá,930,https://moovitapp.com/index/pt-br/transporte_p%C3%BAblico-line-930-Sao_Paulo-242-873835-496473-0,4.6,-23.5033225,-46.50897675,,,,1,2023-06-16T04:05:53+00:00
SAO_2717-10,São Paulo,3550308,True,Urubupungá,930,https://moovitapp.com/index/pt-br/transporte_p%C3%BAblico-line-930-Sao_Paulo-242-873835-496473-0,4.6,-23.523633250000003,-46.52264275,,,,1,2023-06-16T04:05:21+00:00
SAO_6414-10,São Paulo,3550308,True,,33128,,,-23.576462499999998,-46.67068,,,,2,2023-06-16T04:06:05+00:00
SAO_6414-10,São Paulo,3550308,True,,33128,,,-23.644555000000004,-46.701621375,,,,2,2023-06-16T04:06:04+00:00
SAO_6414-10,São Paulo,3550308,True,,33128,,,-23.6613095,-46.707041,,,,2,2023-06-16T04:05:56+00:00
SAO_6414-10,São Paulo,3550308,True,,33128,,,-23.6139795,-46.696125499999994,,,,2,2023-06-16T04:05:37+00:00
SAO_6414-10,São Paulo,3550308,True,,33128,,,-23.67035125,-46.712438750000004,,,,2,2023-06-16T04:05:46+00:00
SAO_846M-10,São Paulo,3550308,True,EMTU,422,https://moovitapp.com/index/pt-br/transporte_p%C3%BAblico-line-422-Sao_Paulo-242-2038937-36419479-0,7.15,-23.526987,-46.73459,,,,1,2023-06-16T04:05:54+00:00
SAO_627J-10,São Paulo,3550308,True,,2056,,,-23.644364000000003,-46.64119175,,,,1,2023-06-16T04:06:02+00:00
SAO_627J-10,São Paulo,3550308,True,,2056,,,-23.6772245,-46.636441,,,,1,2023-06-16T04:05:56+00:00
SAO_9653-10,São Paulo,3550308,True,,33356,,,-23.469258500000002,-46.662065750000004,,,,2,2023-06-16T04:05:27+00:00
SAO_9653-10,São Paulo,3550308,True,,33356,,,-23.4580645,-46.6433105,,,,2,2023-06-16T04:05:29+00:00
SAO_9653-10,São Paulo,3550308,True,,33356,,,-23.522023750000002,-46.663078999999996,,,,2,2023-06-16T04:06:04+00:00
SAO_9653-10,São Paulo,3550308,True,,33356,,,-23.5425235,-46.635562,,,,2,2023-06-16T04:05:38+00:00
SAO_9653-10,São Paulo,3550308,True,,33356,,,-23.461689,-46.65046425,,,,2,2023-06-16T04:05:46+00:00
SAO_2710-10,São Paulo,3550308,True,,924,,,-23.5178795,-46.481443999999996,,,,1,2023-06-16T04:05:33+00:00
SAO_2710-10,São Paulo,3550308,True,,924,,,-23.520111999999997,-46.496934249999995,,,,1,2023-06-16T04:05:45+00:00
SAO_6034-10,São Paulo,3550308,True,,32863,,,-23.7562055,-46.670068,,,,2,2023-06-16T04:05:55+00:00
SAO_6034-10,São Paulo,3550308,True,,32863,,,-23.747656499999998,-46.6691325,,,,2,2023-06-16T04:05:31+00:00
SAO_6034-10,São Paulo,3550308,True,,32863,,,-23.74793,-46.66926425,,,,2,2023-06-16T04:05:35+00:00
SAO_6034-10,São Paulo,3550308,True,,32863,,,-23.747251499999997,-46.669180499999996,,,,2,2023-06-16T04:05:26+00:00
SAO_6034-10,São Paulo,3550308,True,,32863,,,-23.747656499999998,-46.6691325,,,,2,2023-06-16T04:05:56+00:00
SAO_5611-10,São Paulo,3550308,True,EMTU,598,https://moovitapp.com/index/pt-br/transporte_p%C3%BAblico-line-598-Sao_Paulo-242-2038937-36419579-0,7.05,-23.643524,-46.672309999999996,,,,1,2023-06-16T04:05:37+00:00
SAO_5611-10,São Paulo,3550308,True,EMTU,598,https://moovitapp.com/index/pt-br/transporte_p%C3%BAblico-line-598-Sao_Paulo-242-2038937-36419579-0,7.05,-23.5528345,-46.634735,,,,1,2023-06-16T04:05:46+00:00
SAO_5611-10,São Paulo,3550308,True,EMTU,598,https://moovitapp.com/index/pt-br/transporte_p%C3%BAblico-line-598-Sao_Paulo-242-2038937-36419579-0,7.05,-23.692717000000002,-46.6602795,,,,1,2023-06-16T04:03:09+00:00
SAO_9300-10,São Paulo,3550308,True,EMTU,116,https://moovitapp.com/index/pt-br/transporte_p%C3%BAblico-line-116-Sao_Paulo-242-2038937-36419276-0,12.1,-23.551139999999997,-46.632251499999995,,,,1,2023-06-16T04:06:00+00:00
SAO_9300-10,São Paulo,3550308,True,EMTU,116,https://moovitapp.com/index/pt-br/transporte_p%C3%BAblico-line-116-Sao_Paulo-242-2038937-36419276-0,12.1,-23.521924374999998,-46.664559624999995,,,,1,2023-06-16T04:05:58+00:00
SAO_2755-10,São Paulo,3550308,True,,33001,,,-23.539911,-46.394,,,,2,2023-06-16T04:05:55+00:00
SAO_2755-10,São Paulo,3550308,True,,33001,,,-23.5154165,-46.455321,,,,2,2023-06-16T04:05:28+00:00
SAO_2755-10,São Paulo,3550308,True,,33001,,,-23.540091,-46.394296499999996,,,,2,2023-06-16T04:05:34+00:00
SAO_2755-10,São Paulo,3550308,True,,33001,,,-23.540091,-46.394296499999996,,,,2,2023-06-16T04:05:30+00:00
SAO_2755-10,São Paulo,3550308,True,,33001,,,-23.524316,-46.5489745,,,,2,2023-06-16T04:05:56+00:00
SAO_2755-10,São Paulo,3550308,True,,33001,,,-23.52183,-46.44320524999999,,,,2,2023-06-16T04:05:34+00:00
SAO_2755-10,São Paulo,3550308,True,,33001,,,-23.539910499999998,-46.394638,,,,2,2023-06-16T04:05:21+00:00
SAO_2755-10,São Paulo,3550308,True,,33001,,,-23.542133,-46.4148525,,,,2,2023-06-16T04:05:25+00:00
SAO_2755-10,São Paulo,3550308,True,,33001,,,-23.519014499999997,-46.46974,,,,2,2023-06-16T04:05:38+00:00
SAO_2755-10,São Paulo,3550308,True,,33001,,,-23.539911,-46.394,,,,2,2023-06-16T04:06:01+00:00
SAO_209P-1,São Paulo,3550308,True,,2301,,,-23.470273249999998,-46.67058300000001,,,,1,2023-06-16T04:05:30+00:00
SAO_209P-1,São Paulo,3550308,True,,2301,,,-23.46998575,-46.670573000000005,,,,1,2023-06-16T04:05:22+00:00
SAO_209P-1,São Paulo,3550308,True,,2301,,,-23.49420475,-46.685098249999996,,,,1,2023-06-16T04:05:45+00:00
SAO_2363-10,São Paulo,3550308,True,,32903,,,-23.4987395,-46.50209475,,,,2,2023-06-16T04:06:03+00:00
SAO_2363-10,São Paulo,3550308,True,,32903,,,-23.53937725,-46.608977749999994,,,,2,2023-06-16T04:05:58+00:00
SAO_2363-10,São Paulo,3550308,True,,32903,,,-23.50489825,-46.50822925,,,,2,2023-06-16T04:05:29+00:00
SAO_8043-10,São Paulo,3550308,True,,33175,,,-23.515333875,-46.71316784374999,,,,2,2023-06-16T04:05:47+00:00
SAO_8043-10,São Paulo,3550308,True,,33175,,,-23.475496999999997,-46.7565585,,,,2,2023-06-16T04:05:28+00:00
SAO_637R-10,São Paulo,3550308,True,EMTU,196,https://moovitapp.com/index/pt-br/transporte_p%C3%BAblico-line-196-Sao_Paulo-242-2038937-36419323-0,4.85,-23.700973,-46.7817845,,,,1,2023-06-16T04:02:09+00:00
SAO_637R-10,São Paulo,3550308,True,EMTU,196,https://moovitapp.com/index/pt-br/transporte_p%C3%BAblico-line-196-Sao_Paulo-242-2038937-36419323-0,4.85,-23.711756,-46.781864,,,,1,2023-06-16T04:05:38+00:00
SAO_637R-10,São Paulo,3550308,True,EMTU,196,https://moovitapp.com/index/pt-br/transporte_p%C3%BAblico-line-196-Sao_Paulo-242-2038937-36419323-0,4.85,-23.658806999999996,-46.71467675,,,,1,2023-06-16T04:05:46+00:00
SAO_637R-10,São Paulo,3550308,True,EMTU,196,https://moovitapp.com/index/pt-br/transporte_p%C3%BAblico-line-196-Sao_Paulo-242-2038937-36419323-0,4.85,-23.654252,-46.712655999999996,,,,1,2023-06-16T04:05:28+00:00
SAO_637R-10,São Paulo,3550308,True,EMTU,196,https://moovitapp.com/index/pt-br/transporte_p%C3%BAblico-line-196-Sao_Paulo-242-2038937-36419323-0,4.85,-23.7171335,-46.76781,,,,1,2023-06-16T04:05:23+00:00
SAO_502J-10,São Paulo,3550308,True,,1275,,,-23.6785845,-46.663495499999996,,,,1,2023-06-16T04:05:57+00:00
SAO_502J-10,São Paulo,3550308,True,,1275,,,-23.65493875,-46.668006000000005,,,,1,2023-06-16T04:05:33+00:00
SAO_502J-10,São Paulo,3550308,True,,1275,,,-23.6927485,-46.673377,,,,1,2023-06-16T04:05:56+00:00
SAO_502J-10,São Paulo,3550308,True,,1275,,,-23.605085000000003,-46.636889499999995,,,,1,2023-06-16T04:05:41+00:00
SAO_502J-10,São Paulo,3550308,True,,1275,,,-23.651473250000002,-46.664956,,,,1,2023-06-16T04:05:19+00:00
SAO_502J-10,São Paulo,3550308,True,,1275,,,-23.6397045,-46.66222,,,,1,2023-06-16T04:05:54+00:00
SAO_502J-10,São Paulo,3550308,True,,1275,,,-23.59849075,-46.63781375,,,,1,2023-06-16T04:05:21+00:00
SAO_3903-10,São Paulo,3550308,True,,1471,,,-23.5224685,-46.45933275,,,,1,2023-06-16T04:05:33+00:00
SAO_3903-10,São Paulo,3550308,True,,1471,,,-23.5184955,-46.546330999999995,,,,1,2023-06-16T04:05:32+00:00
SAO_573T-10,São Paulo,3550308,True,,1632,,,-23.541560999999998,-46.556471124999995,,,,1,2023-06-16T04:05:29+00:00
SAO_573T-10,São Paulo,3550308,True,,1632,,,-23.538655499999997,-46.564793,,,,1,2023-06-16T04:06:04+00:00
SAO_573T-10,São Paulo,3550308,True,,1632,,,-23.614199499999998,-46.5007885,,,,1,2023-06-16T04:06:04+00:00
SAO_573T-10,São Paulo,3550308,True,,1632,,,-23.6032375,-46.489014499999996,,,,1,2023-06-16T04:05:21+00:00
SAO_573T-10,São Paulo,3550308,True,,1632,,,-23.538545499999998,-46.564205,,,,1,2023-06-16T04:05:19+00:00
SAO_573T-10,São Paulo,3550308,True,,1632,,,-23.547890250000002,-46.53908025,,,,1,2023-06-16T04:05:55+00:00
SAO_573T-10,São Paulo,3550308,True,,1632,,,-23.614199499999998,-46.5007885,,,,1,2023-06-16T04:05:30+00:00
SAO_573T-10,São Paulo,3550308,True,,1632,,,-23.58033175,-46.50146325,,,,1,2023-06-16T04:05:57+00:00
SAO_4734-10,São Paulo,3550308,True,,33877,,,-23.637127,-46.614393500000006,,,,2,2023-06-16T04:05:52+00:00
SAO_4734-10,São Paulo,3550308,True,,33877,,,-23.6377115,-46.607819500000005,,,,2,2023-06-16T04:05:49+00:00
SAO_4734-10,São Paulo,3550308,True,,33877,,,-23.6183335,-46.6389475,,,,2,2023-06-16T04:05:51+00:00
SAO_4734-10,São Paulo,3550308,True,,33877,,,-23.644148,-46.6056985,,,,2,2023-06-16T04:05:26+00:00
SAO_4734-10,São Paulo,3550308,True,,33877,,,-23.625905875,-46.620278125,,,,2,2023-06-16T04:05:33+00:00
SAO_4734-10,São Paulo,3550308,True,,33877,,,-23.6411645,-46.610744,,,,2,2023-06-16T04:02:06+00:00
SAO_6007-10,São Paulo,3550308,True,,32944,,,-23.6540545,-46.763478,,,,2,2023-06-16T04:05:51+00:00
SAO_6007-10,São Paulo,3550308,True,,32944,,,-23.663710000000002,-46.728337499999995,,,,2,2023-06-16T04:05:51+00:00
SAO_6007-10,São Paulo,3550308,True,,32944,,,-23.64552775,-46.722734249999995,,,,2,2023-06-16T04:05:36+00:00
SAO_6007-10,São Paulo,3550308,True,,32944,,,-23.654132,-46.7632315,,,,2,2023-06-16T04:06:01+00:00
SAO_6007-10,São Paulo,3550308,True,,32944,,,-23.666351249999998,-46.75462575,,,,2,2023-06-16T04:05:56+00:00
SAO_6007-10,São Paulo,3550308,True,,32944,,,-23.66004175,-46.75859,,,,2,2023-06-16T04:05:39+00:00
SAO_177H-10,São Paulo,3550308,True,,33398,,,-23.5014265,-46.626054499999995,,,,2,2023-06-16T04:05:25+00:00
SAO_177H-10,São Paulo,3550308,True,,33398,,,-23.493979375000002,-46.65457625,,,,2,2023-06-16T04:05:30+00:00
SAO_177H-10,São Paulo,3550308,True,,33398,,,-23.570693125,-46.7104935,,,,2,2023-06-16T04:05:43+00:00
SAO_177H-10,São Paulo,3550308,True,,33398,,,-23.503036,-46.624043,,,,2,2023-06-16T04:05:42+00:00
SAO_177H-10,São Paulo,3550308,True,,33398,,,-23.49335475,-46.656036,,,,2,2023-06-16T04:05:10+00:00
SAO_177H-10,São Paulo,3550308,True,,33398,,,-23.503129,-46.6243705,,,,2,2023-06-16T04:06:01+00:00
SAO_9785-10,São Paulo,3550308,True,,33596,,,-23.508499,-46.687779000000006,,,,2,2023-06-16T04:05:41+00:00
SAO_9785-10,São Paulo,3550308,True,,33596,,,-23.5262215,-46.6723845,,,,2,2023-06-16T04:05:37+00:00
SAO_9785-10,São Paulo,3550308,True,,33596,,,-23.470693500000003,-46.6925345,,,,2,2023-06-16T04:05:28+00:00
SAO_675X-10,São Paulo,3550308,True,EMTU,111,https://moovitapp.com/index/pt-br/transporte_p%C3%BAblico-line-111-Sao_Paulo-242-2038937-36419271-0,5.1,-23.737689500000002,-46.697986,,,,1,2023-06-16T04:05:57+00:00
SAO_675X-10,São Paulo,3550308,True,EMTU,111,https://moovitapp.com/index/pt-br/transporte_p%C3%BAblico-line-111-Sao_Paulo-242-2038937-36419271-0,5.1,-23.737689500000002,-46.697986,,,,1,2023-06-16T04:05:37+00:00
SAO_675X-10,São Paulo,3550308,True,EMTU,111,https://moovitapp.com/index/pt-br/transporte_p%C3%BAblico-line-111-Sao_Paulo-242-2038937-36419271-0,5.1,-23.657738,-46.701657125,,,,1,2023-06-16T04:05:53+00:00
SAO_675X-10,São Paulo,3550308,True,EMTU,111,https://moovitapp.com/index/pt-br/transporte_p%C3%BAblico-line-111-Sao_Paulo-242-2038937-36419271-0,5.1,-23.729186,-46.698715,,,,1,2023-06-16T04:05:47+00:00
SAO_675X-10,São Paulo,3550308,True,EMTU,111,https://moovitapp.com/index/pt-br/transporte_p%C3%BAblico-line-111-Sao_Paulo-242-2038937-36419271-0,5.1,-23.5980671875,-46.656920562500005,,,,1,2023-06-16T04:05:52+00:00
SAO_675X-10,São Paulo,3550308,True,EMTU,111,https://moovitapp.com/index/pt-br/transporte_p%C3%BAblico-line-111-Sao_Paulo-242-2038937-36419271-0,5.1,-23.737689500000002,-46.697986,,,,1,2023-06-16T04:06:03+00:00
SAO_7006-51,São Paulo,3550308,True,,34765,,,-23.740555999999998,-46.782266,,,,2,2023-06-16T04:05:57+00:00
SAO_7006-51,São Paulo,3550308,True,,34765,,,-23.7488905,-46.7831885,,,,2,2023-06-16T04:05:53+00:00
SAO_7006-51,São Paulo,3550308,True,,34765,,,-23.703176499999998,-46.7836655,,,,2,2023-06-16T04:05:55+00:00
SAO_7006-51,São Paulo,3550308,True,,34765,,,-23.6614595,-46.768571,,,,2,2023-06-16T04:05:48+00:00
SAO_7006-51,São Paulo,3550308,True,,34765,,,-23.6614595,-46.768571,,,,2,2023-06-16T04:05:41+00:00
SAO_7006-51,São Paulo,3550308,True,,34765,,,-23.7488905,-46.7831885,,,,2,2023-06-16T04:05:47+00:00
SAO_8194-10,São Paulo,3550308,True,,33573,,,-23.448038500000003,-46.7026975,,,,2,2023-06-16T04:05:43+00:00
SAO_8194-10,São Paulo,3550308,True,,33573,,,-23.414119499999998,-46.750513999999995,,,,2,2023-06-16T04:05:19+00:00
SAO_8194-10,São Paulo,3550308,True,,33573,,,-23.4059145,-46.7350645,,,,2,2023-06-16T04:05:51+00:00
SAO_8194-10,São Paulo,3550308,True,,33573,,,-23.401260999999998,-46.74226,,,,2,2023-06-16T04:05:49+00:00
SAO_8194-10,São Paulo,3550308,True,,33573,,,-23.468709,-46.6772595,,,,2,2023-06-16T04:05:43+00:00
SAO_8194-10,São Paulo,3550308,True,,33573,,,-23.4140175,-46.750341500000005,,,,2,2023-06-16T04:05:19+00:00
SAO_271A-51,São Paulo,3550308,True,,33471,,,-23.498162,-46.595872,,,,2,2023-06-16T04:05:35+00:00
SAO_271A-51,São Paulo,3550308,True,,33471,,,-23.491342250000002,-46.574462,,,,2,2023-06-16T04:06:01+00:00
SAO_271A-51,São Paulo,3550308,True,,33471,,,-23.498553,-46.5144385,,,,2,2023-06-16T04:05:24+00:00
SAO_271A-51,São Paulo,3550308,True,,33471,,,-23.49993,-46.52375075,,,,2,2023-06-16T04:06:03+00:00
SAO_273G-10,São Paulo,3550308,True,,32991,,,-23.4771915,-46.4274385,,,,2,2023-06-16T04:05:58+00:00
SAO_273G-10,São Paulo,3550308,True,,32991,,,-23.48150775,-46.41633925,,,,2,2023-06-16T04:02:55+00:00
SAO_273G-10,São Paulo,3550308,True,,32991,,,-23.481525249999997,-46.41659775,,,,2,2023-06-16T04:06:01+00:00
SAO_273G-10,São Paulo,3550308,True,,32991,,,-23.481525249999997,-46.41659775,,,,2,2023-06-16T04:05:24+00:00
SAO_273G-10,São Paulo,3550308,True,,32991,,,-23.519428875000003,-46.475841124999995,,,,2,2023-06-16T04:05:43+00:00
SAO_273G-10,São Paulo,3550308,True,,32991,,,-23.4815445,-46.41688925,,,,2,2023-06-16T04:05:16+00:00
SAO_273G-10,São Paulo,3550308,True,,32991,,,-23.481525249999997,-46.41659775,,,,2,2023-06-16T04:05:48+00:00
SAO_273G-10,São Paulo,3550308,True,,32991,,,-23.5257245,-46.474695749999995,,,,2,2023-06-16T04:05:53+00:00
SAO_778J-41,São Paulo,3550308,True,,34254,,,-23.57169525,-46.7078775,,,,2,2023-06-16T04:05:42+00:00
SAO_778J-41,São Paulo,3550308,True,,34254,,,-23.564864749999998,-46.69365725,,,,2,2023-06-16T04:06:00+00:00
SAO_778J-41,São Paulo,3550308,True,,34254,,,-23.584564,-46.7674225,,,,2,2023-06-16T04:05:25+00:00
SAO_5035-10,São Paulo,3550308,True,,34436,,,-23.637159500000003,-46.592059,,,,2,2023-06-16T04:05:21+00:00
SAO_5035-10,São Paulo,3550308,True,,34436,,,-23.602815,-46.602648,,,,2,2023-06-16T04:06:04+00:00
SAO_5035-10,São Paulo,3550308,True,,34436,,,-23.634629,-46.590193,,,,2,2023-06-16T04:03:54+00:00
SAO_6338-10,São Paulo,3550308,True,,34061,,,-23.61119625,-46.637972,,,,2,2023-06-16T04:05:49+00:00
SAO_6338-10,São Paulo,3550308,True,,34061,,,-23.6814255,-46.6382775,,,,2,2023-06-16T04:05:32+00:00
SAO_6338-10,São Paulo,3550308,True,,34061,,,-23.679968000000002,-46.636858000000004,,,,2,2023-06-16T04:05:50+00:00
SAO_6338-10,São Paulo,3550308,True,,34061,,,-23.6803415,-46.637437500000004,,,,2,2023-06-16T04:05:59+00:00
SAO_6338-10,São Paulo,3550308,True,,34061,,,-23.667341,-46.65312025,,,,2,2023-06-16T04:05:25+00:00
SAO_6338-10,São Paulo,3550308,True,,34061,,,-23.58185,-46.656118250000006,,,,2,2023-06-16T04:04:47+00:00
SAO_2058-10,São Paulo,3550308,True,,259,,,-23.491623500000003,-46.4352035,,,,1,2023-06-16T04:05:26+00:00
SAO_2058-10,São Paulo,3550308,True,,259,,,-23.504141500000003,-46.4043085,,,,1,2023-06-16T04:05:14+00:00
SAO_407F-10,São Paulo,3550308,True,,2167,,,-23.588321750000002,-46.4904145,,,,1,2023-06-16T04:05:37+00:00
SAO_407F-10,São Paulo,3550308,True,,2167,,,-23.612175999999998,-46.475071,,,,1,2023-06-16T04:05:41+00:00
SAO_407F-10,São Paulo,3550308,True,,2167,,,-23.5424335,-46.5905835,,,,1,2023-06-16T04:05:40+00:00
SAO_407F-10,São Paulo,3550308,True,,2167,,,-23.6130195,-46.476082,,,,1,2023-06-16T04:05:20+00:00
SAO_407F-10,São Paulo,3550308,True,,2167,,,-23.562435,-46.55507,,,,1,2023-06-16T04:05:52+00:00
SAO_407F-10,São Paulo,3550308,True,,2167,,,-23.5468075,-46.583911125,,,,1,2023-06-16T04:05:48+00:00
SAO_7053-10,São Paulo,3550308,True,,1887,,,-23.633889500000002,-46.7741105,,,,1,2023-06-16T04:05:54+00:00
SAO_7053-10,São Paulo,3550308,True,,1887,,,-23.65385975,-46.79008575,,,,1,2023-06-16T04:05:54+00:00
SAO_7053-10,São Paulo,3550308,True,,1887,,,-23.65385975,-46.79008575,,,,1,2023-06-16T04:05:20+00:00
SAO_6063-42,São Paulo,3550308,True,,34770,,,-23.7692035,-46.715246500000006,,,,2,2023-06-16T04:05:30+00:00
SAO_6063-42,São Paulo,3550308,True,,34770,,,-23.809403,-46.6612485,,,,2,2023-06-16T04:05:37+00:00
SAO_6063-42,São Paulo,3550308,True,,34770,,,-23.809403,-46.6612485,,,,2,2023-06-16T04:05:37+00:00
SAO_6063-42,São Paulo,3550308,True,,34770,,,-23.819069499999998,-46.675315,,,,2,2023-06-16T04:05:32+00:00
SAO_6063-42,São Paulo,3550308,True,,34770,,,-23.809403,-46.6612485,,,,2,2023-06-16T04:05:35+00:00
SAO_857R-41,São Paulo,3550308,True,,34795,,,-23.582046499999997,-46.63857,,,,2,2023-06-16T04:05:53+00:00
SAO_857R-41,São Paulo,3550308,True,,34795,,,-23.582046499999997,-46.63857,,,,2,2023-06-16T04:05:39+00:00
SAO_809H-10,São Paulo,3550308,True,,2245,,,-23.5257065,-46.7144885,,,,1,2023-06-16T04:05:53+00:00
SAO_809H-10,São Paulo,3550308,True,,2245,,,-23.564655375,-46.750216125,,,,1,2023-06-16T04:05:50+00:00
SAO_3742-10,São Paulo,3550308,True,,1042,,,-23.5900395,-46.44289,,,,1,2023-06-16T04:06:04+00:00
SAO_3742-10,São Paulo,3550308,True,,1042,,,-23.6050545,-46.434651,,,,1,2023-06-16T04:05:47+00:00
SAO_3742-10,São Paulo,3550308,True,,1042,,,-23.5430685,-46.448671,,,,1,2023-06-16T04:06:02+00:00
SAO_3742-10,São Paulo,3550308,True,,1042,,,-23.601964,-46.435607250000004,,,,1,2023-06-16T04:05:56+00:00
SAO_2590-10,São Paulo,3550308,True,,912,,,-23.5456775,-46.6314505,,,,1,2023-06-16T04:05:55+00:00
SAO_2590-10,São Paulo,3550308,True,,912,,,-23.499823,-46.5299605,,,,1,2023-06-16T04:05:55+00:00
SAO_2590-10,São Paulo,3550308,True,,912,,,-23.546245499999998,-46.631629000000004,,,,1,2023-06-16T04:05:25+00:00
SAO_3023-10,São Paulo,3550308,True,,33728,,,-23.610467,-46.476589375,,,,2,2023-06-16T04:05:49+00:00
SAO_3023-10,São Paulo,3550308,True,,33728,,,-23.6222585,-46.473286,,,,2,2023-06-16T04:05:56+00:00
SAO_3023-10,São Paulo,3550308,True,,33728,,,-23.56468325,-46.50561075,,,,2,2023-06-16T04:05:38+00:00
SAO_3023-10,São Paulo,3550308,True,,33728,,,-23.634212875000003,-46.471861999999994,,,,2,2023-06-16T04:06:01+00:00
SAO_3023-10,São Paulo,3550308,True,,33728,,,-23.564117500000002,-46.505180499999994,,,,2,2023-06-16T04:05:39+00:00
SAO_1745-10,São Paulo,3550308,True,,33314,,,-23.473114,-46.6655995,,,,2,2023-06-16T04:05:31+00:00
SAO_1745-10,São Paulo,3550308,True,,33314,,,-23.473011999999997,-46.665725,,,,2,2023-06-16T04:05:34+00:00
SAO_1745-10,São Paulo,3550308,True,,33314,,,-23.472921,-46.665794000000005,,,,2,2023-06-16T04:06:01+00:00
SAO_1745-10,São Paulo,3550308,True,,33314,,,-23.472706000000002,-46.6658635,,,,2,2023-06-16T04:05:46+00:00
SAO_1745-10,São Paulo,3550308,True,,33314,,,-23.48637325,-46.6522885,,,,2,2023-06-16T04:05:43+00:00
SAO_6084-10,São Paulo,3550308,True,,33937,,,-23.7812805,-46.67209375,,,,2,2023-06-16T04:05:40+00:00
SAO_6084-10,São Paulo,3550308,True,,33937,,,-23.7812805,-46.67209375,,,,2,2023-06-16T04:05:58+00:00
SAO_6084-10,São Paulo,3550308,True,,33937,,,-23.7804005,-46.6732885,,,,2,2023-06-16T04:05:28+00:00
SAO_6084-10,São Paulo,3550308,True,,33937,,,-23.7812805,-46.67209375,,,,2,2023-06-16T04:05:44+00:00
SAO_6084-10,São Paulo,3550308,True,,33937,,,-23.777904499999998,-46.683666,,,,2,2023-06-16T04:05:54+00:00
SAO_6084-10,São Paulo,3550308,True,,33937,,,-23.7812805,-46.67209375,,,,2,2023-06-16T04:05:45+00:00
SAO_1178-10,São Paulo,3550308,True,,132,,,-23.5259625,-46.553054,,,,1,2023-06-16T04:05:47+00:00
SAO_1178-10,São Paulo,3550308,True,,132,,,-23.486652,-46.4786035,,,,1,2023-06-16T04:05:37+00:00
SAO_1178-10,São Paulo,3550308,True,,132,,,-23.5181525,-46.6296665,,,,1,2023-06-16T04:05:58+00:00
SAO_1178-10,São Paulo,3550308,True,,132,,,-23.5406165,-46.635486,,,,1,2023-06-16T04:05:43+00:00
SAO_1178-10,São Paulo,3550308,True,,132,,,-23.49793,-46.4590195,,,,1,2023-06-16T04:05:17+00:00
SAO_1178-10,São Paulo,3550308,True,,132,,,-23.494543999999998,-46.438418999999996,,,,1,2023-06-16T04:05:21+00:00
SAO_119L-10,São Paulo,3550308,True,,2273,,,-23.451286500000002,-46.7869835,,,,1,2023-06-16T04:05:19+00:00
SAO_1773-10,São Paulo,3550308,True,,637,,,-23.482694000000002,-46.6310675,,,,1,2023-06-16T04:05:27+00:00
SAO_1773-10,São Paulo,3550308,True,,637,,,-23.4826065,-46.6307425,,,,1,2023-06-16T04:05:25+00:00
SAO_1773-10,São Paulo,3550308,True,,637,,,-23.489608750000002,-46.624299500000006,,,,1,2023-06-16T04:05:53+00:00
SAO_1773-10,São Paulo,3550308,True,,637,,,-23.4775935,-46.610530499999996,,,,1,2023-06-16T04:05:51+00:00
SAO_1773-10,São Paulo,3550308,True,,637,,,-23.4382495,-46.5739755,,,,1,2023-06-16T04:05:29+00:00
SAO_5759-31,São Paulo,3550308,True,,1139,,,-23.634568,-46.6410685,,,,1,2023-06-16T04:05:46+00:00
SAO_5759-31,São Paulo,3550308,True,,1139,,,-23.66871725,-46.656624,,,,1,2023-06-16T04:05:50+00:00
SAO_5759-31,São Paulo,3550308,True,,1139,,,-23.687653,-46.641932,,,,1,2023-06-16T04:05:50+00:00
SAO_1783-10,São Paulo,3550308,True,,644,,,-23.4632135,-46.603371249999995,,,,1,2023-06-16T04:05:50+00:00
SAO_1783-10,São Paulo,3550308,True,,644,,,-23.459166,-46.60244175,,,,1,2023-06-16T04:06:03+00:00
SAO_174M-10,São Paulo,3550308,True,,33441,,,-23.487555999999998,-46.5742625,,,,2,2023-06-16T04:05:22+00:00
SAO_174M-10,São Paulo,3550308,True,,33441,,,-23.481203,-46.602722375,,,,2,2023-06-16T04:06:02+00:00
SAO_174M-10,São Paulo,3550308,True,,33441,,,-23.487747,-46.574346,,,,2,2023-06-16T04:06:00+00:00
SAO_174M-10,São Paulo,3550308,True,,33441,,,-23.4880165,-46.574464500000005,,,,2,2023-06-16T04:05:52+00:00
SAO_174M-10,São Paulo,3550308,True,,33441,,,-23.5799995,-46.60601,,,,2,2023-06-16T04:05:23+00:00
SAO_174M-10,São Paulo,3550308,True,,33441,,,-23.5429045,-46.61651275,,,,2,2023-06-16T04:05:53+00:00
SAO_174M-10,São Paulo,3550308,True,,33441,,,-23.487555999999998,-46.5742625,,,,2,2023-06-16T04:05:30+00:00
SAO_3737-10,São Paulo,3550308,True,,33805,,,-23.558136,-46.509715,,,,2,2023-06-16T04:05:45+00:00
SAO_3737-10,São Paulo,3550308,True,,33805,,,-23.56468325,-46.50561075,,,,2,2023-06-16T04:02:26+00:00
SAO_3737-10,São Paulo,3550308,True,,33805,,,-23.538414500000002,-46.516586000000004,,,,2,2023-06-16T04:05:59+00:00
SAO_3737-10,São Paulo,3550308,True,,33805,,,-23.552549,-46.503655,,,,2,2023-06-16T04:05:30+00:00
SAO_3737-10,São Paulo,3550308,True,,33805,,,-23.538790374999998,-46.5161485,,,,2,2023-06-16T04:05:51+00:00
SAO_3737-10,São Paulo,3550308,True,,33805,,,-23.566259000000002,-46.507381,,,,2,2023-06-16T04:05:41+00:00
SAO_3737-10,São Paulo,3550308,True,,33805,,,-23.5307095,-46.517677,,,,2,2023-06-16T04:05:29+00:00
SAO_233C-10,São Paulo,3550308,True,,155,,,-23.518438,-46.4758375,,,,1,2023-06-16T04:05:33+00:00
SAO_233C-10,São Paulo,3550308,True,,155,,,-23.542881,-46.493072999999995,,,,1,2023-06-16T04:05:32+00:00
SAO_233C-10,São Paulo,3550308,True,,155,,,-23.55798275,-46.55315924999999,,,,1,2023-06-16T04:06:02+00:00
SAO_5141-10,São Paulo,3550308,True,,34393,,,-23.59869875,-46.51886425,,,,2,2023-06-16T04:05:28+00:00
SAO_5141-10,São Paulo,3550308,True,,34393,,,-23.615429,-46.5003295,,,,2,2023-06-16T04:05:21+00:00
SAO_5141-10,São Paulo,3550308,True,,34393,,,-23.61459425,-46.500975,,,,2,2023-06-16T04:05:37+00:00
SAO_5141-10,São Paulo,3550308,True,,34393,,,-23.548907,-46.60393525,,,,2,2023-06-16T04:05:22+00:00
SAO_577T-10,São Paulo,3550308,True,,34059,,,-23.588747312499997,-46.639736,,,,2,2023-06-16T04:05:42+00:00
SAO_577T-10,São Paulo,3550308,True,,34059,,,-23.61682625,-46.638924,,,,2,2023-06-16T04:05:22+00:00
SAO_577T-10,São Paulo,3550308,True,,34059,,,-23.685834,-46.637785,,,,2,2023-06-16T04:05:20+00:00
SAO_577T-10,São Paulo,3550308,True,,34059,,,-23.656373249999998,-46.654846250000006,,,,2,2023-06-16T04:05:19+00:00
SAO_577T-10,São Paulo,3550308,True,,34059,,,-23.686289000000002,-46.6379425,,,,2,2023-06-16T04:05:59+00:00
SAO_577T-10,São Paulo,3550308,True,,34059,,,-23.688341,-46.63870525,,,,2,2023-06-16T04:05:35+00:00
SAO_4288-10,São Paulo,3550308,True,Cidade de Caieiras,290,https://moovitapp.com/index/pt-br/transporte_p%C3%BAblico-line-290-Sao_Paulo-242-868761-496416-0,5.0,-23.5962565,-46.55609875,,,,1,2023-06-16T04:05:18+00:00
SAO_4288-10,São Paulo,3550308,True,Cidade de Caieiras,290,https://moovitapp.com/index/pt-br/transporte_p%C3%BAblico-line-290-Sao_Paulo-242-868761-496416-0,5.0,-23.567246250000004,-46.598494375,,,,1,2023-06-16T04:05:30+00:00
SAO_6021-10,São Paulo,3550308,True,,32945,,,-23.7945135,-46.739356,,,,2,2023-06-16T04:05:42+00:00
SAO_6021-10,São Paulo,3550308,True,,32945,,,-23.768084,-46.716452,,,,2,2023-06-16T04:05:31+00:00
SAO_1017-10,São Paulo,3550308,True,,34909,,,-23.412819499999998,-46.750868499999996,,,,2,2023-06-16T04:05:51+00:00
SAO_1017-10,São Paulo,3550308,True,,34909,,,-23.413239,-46.7508695,,,,2,2023-06-16T04:05:23+00:00
SAO_1017-10,São Paulo,3550308,True,,34909,,,-23.4136605,-46.750937,,,,2,2023-06-16T04:05:27+00:00
SAO_1017-10,São Paulo,3550308,True,,34909,,,-23.404953,-46.744240250000004,,,,2,2023-06-16T04:05:30+00:00
SAO_1017-10,São Paulo,3550308,True,,34909,,,-23.471812,-46.71396925,,,,2,2023-06-16T04:06:01+00:00
SAO_1017-10,São Paulo,3550308,True,,34909,,,-23.4136605,-46.750937,,,,2,2023-06-16T04:05:41+00:00
SAO_1017-10,São Paulo,3550308,True,,34909,,,-23.45242175,-46.7130895,,,,2,2023-06-16T04:05:59+00:00
SAO_1017-10,São Paulo,3550308,True,,34909,,,-23.404906750000002,-46.743017249999994,,,,2,2023-06-16T04:05:55+00:00
SAO_407G-10,São Paulo,3550308,True,,34964,,,-23.60958175,-46.477186,,,,2,2023-06-16T04:05:40+00:00
SAO_407G-10,São Paulo,3550308,True,,34964,,,-23.5784875,-46.499427,,,,2,2023-06-16T04:05:18+00:00
SAO_407G-10,São Paulo,3550308,True,,34964,,,-23.614136000000002,-46.45623,,,,2,2023-06-16T04:05:35+00:00
SAO_407G-10,São Paulo,3550308,True,,34964,,,-23.538373,-46.5628095,,,,2,2023-06-16T04:05:40+00:00
SAO_407G-10,São Paulo,3550308,True,,34964,,,-23.6133775,-46.4556445,,,,2,2023-06-16T04:05:37+00:00
SAO_407G-10,São Paulo,3550308,True,,34964,,,-23.6043065,-46.4430905,,,,2,2023-06-16T04:05:31+00:00
SAO_407G-10,São Paulo,3550308,True,,34964,,,-23.5467325,-46.527919499999996,,,,2,2023-06-16T04:05:49+00:00
SAO_407G-10,São Paulo,3550308,True,,34964,,,-23.611635,-46.433651,,,,2,2023-06-16T04:04:03+00:00
SAO_709M-10,São Paulo,3550308,True,,2462,,,-23.654158,-46.710677000000004,,,,1,2023-06-16T04:05:50+00:00
SAO_709M-10,São Paulo,3550308,True,,2462,,,-23.58784975,-46.68348,,,,1,2023-06-16T04:05:51+00:00
SAO_709M-10,São Paulo,3550308,True,,2462,,,-23.63470675,-46.693451875,,,,1,2023-06-16T04:05:35+00:00
SAO_709M-10,São Paulo,3550308,True,,2462,,,-23.654158,-46.710677000000004,,,,1,2023-06-16T04:05:58+00:00
SAO_709M-10,São Paulo,3550308,True,,2462,,,-23.56862075,-46.69213975,,,,1,2023-06-16T04:06:03+00:00
SAO_709M-10,São Paulo,3550308,True,,2462,,,-23.654158,-46.710677000000004,,,,1,2023-06-16T04:05:20+00:00
SAO_709M-10,São Paulo,3550308,True,,2462,,,-23.654158,-46.710677000000004,,,,1,2023-06-16T04:05:52+00:00
SAO_9018-10,São Paulo,3550308,True,,34039,,,-23.473774,-46.7198505,,,,2,2023-06-16T04:05:54+00:00
SAO_6028-10,São Paulo,3550308,True,,33979,,,-23.702140999999997,-46.744587499999994,,,,2,2023-06-16T04:05:40+00:00
SAO_6028-10,São Paulo,3550308,True,,33979,,,-23.702140999999997,-46.744587499999994,,,,2,2023-06-16T04:05:37+00:00
SAO_6028-10,São Paulo,3550308,True,,33979,,,-23.70207,-46.744642,,,,2,2023-06-16T04:05:29+00:00
SAO_6028-10,São Paulo,3550308,True,,33979,,,-23.702140999999997,-46.744587499999994,,,,2,2023-06-16T04:06:01+00:00
SAO_6028-10,São Paulo,3550308,True,,33979,,,-23.702151,-46.7444065,,,,2,2023-06-16T04:06:03+00:00
SAO_6028-10,São Paulo,3550308,True,,33979,,,-23.68527175,-46.744133500000004,,,,2,2023-06-16T04:06:04+00:00
SAO_6028-10,São Paulo,3550308,True,,33979,,,-23.7034855,-46.74695825,,,,2,2023-06-16T04:05:26+00:00
SAO_6028-10,São Paulo,3550308,True,,33979,,,-23.702151,-46.7444065,,,,2,2023-06-16T04:05:42+00:00
SAO_546T-10,São Paulo,3550308,True,,33040,,,-23.65648875,-46.7011785,,,,2,2023-06-16T04:05:54+00:00
SAO_546T-10,São Paulo,3550308,True,,33040,,,-23.696430499999998,-46.668815499999994,,,,2,2023-06-16T04:05:45+00:00
SAO_546T-10,São Paulo,3550308,True,,33040,,,-23.679679,-46.684530499999994,,,,2,2023-06-16T04:05:49+00:00
SAO_546T-10,São Paulo,3550308,True,,33040,,,-23.699939999999998,-46.641423,,,,2,2023-06-16T04:05:29+00:00
SAO_546T-10,São Paulo,3550308,True,,33040,,,-23.702520999999997,-46.638783000000004,,,,2,2023-06-16T04:05:47+00:00
SAO_546T-10,São Paulo,3550308,True,,33040,,,-23.6941195,-46.65682925,,,,2,2023-06-16T04:05:48+00:00
SAO_2182-10,São Paulo,3550308,True,,33468,,,-23.513438750000002,-46.58576475,,,,2,2023-06-16T04:05:35+00:00
SAO_2182-10,São Paulo,3550308,True,,33468,,,-23.48941525,-46.571597749999995,,,,2,2023-06-16T04:04:42+00:00
SAO_2182-10,São Paulo,3550308,True,,33468,,,-23.4819775,-46.571059500000004,,,,2,2023-06-16T04:05:47+00:00
SAO_2182-10,São Paulo,3550308,True,,33468,,,-23.53897225,-46.60653325,,,,2,2023-06-16T04:05:26+00:00
SAO_2182-10,São Paulo,3550308,True,,33468,,,-23.4819775,-46.571059500000004,,,,2,2023-06-16T04:05:26+00:00
SAO_2182-10,São Paulo,3550308,True,,33468,,,-23.4815795,-46.571271,,,,2,2023-06-16T04:06:01+00:00
SAO_3046-10,São Paulo,3550308,True,,971,,,-23.580204000000002,-46.5255565,,,,1,2023-06-16T04:05:31+00:00
SAO_3046-10,São Paulo,3550308,True,,971,,,-23.58416125,-46.541159,,,,1,2023-06-16T04:05:58+00:00
SAO_3046-10,São Paulo,3550308,True,,971,,,-23.555384500000002,-46.5721245,,,,1,2023-06-16T04:05:43+00:00
SAO_3046-10,São Paulo,3550308,True,,971,,,-23.569546,-46.567184499999996,,,,1,2023-06-16T04:05:38+00:00
SAO_3791-10,São Paulo,3550308,True,,33837,,,-23.542974,-46.493128999999996,,,,2,2023-06-16T04:05:49+00:00
SAO_3791-10,São Paulo,3550308,True,,33837,,,-23.5414835,-46.4843695,,,,2,2023-06-16T04:05:29+00:00
SAO_3791-10,São Paulo,3550308,True,,33837,,,-23.564308,-46.5048635,,,,2,2023-06-16T04:05:40+00:00
SAO_3791-10,São Paulo,3550308,True,,33837,,,-23.5502975,-46.51098,,,,2,2023-06-16T04:05:58+00:00
SAO_1720-21,São Paulo,3550308,True,,34705,,,-23.487143500000002,-46.57385,,,,2,2023-06-16T04:05:59+00:00
SAO_1720-21,São Paulo,3550308,True,,34705,,,-23.481293,-46.602469125,,,,2,2023-06-16T04:05:26+00:00
SAO_1720-21,São Paulo,3550308,True,,34705,,,-23.487230500000003,-46.574059500000004,,,,2,2023-06-16T04:05:18+00:00
SAO_8047-10,São Paulo,3550308,True,EMTU,408,https://moovitapp.com/index/pt-br/transporte_p%C3%BAblico-line-408-Sao_Paulo-242-2038937-36419468-0,7.55,-23.438141,-46.751827500000005,,,,1,2023-06-16T04:05:43+00:00
SAO_8047-10,São Paulo,3550308,True,EMTU,408,https://moovitapp.com/index/pt-br/transporte_p%C3%BAblico-line-408-Sao_Paulo-242-2038937-36419468-0,7.55,-23.491000999999997,-46.767047500000004,,,,1,2023-06-16T04:05:33+00:00
SAO_8047-10,São Paulo,3550308,True,EMTU,408,https://moovitapp.com/index/pt-br/transporte_p%C3%BAblico-line-408-Sao_Paulo-242-2038937-36419468-0,7.55,-23.521006999999997,-46.7120775,,,,1,2023-06-16T04:05:54+00:00
SAO_8047-10,São Paulo,3550308,False,EMTU,408,https://moovitapp.com/index/pt-br/transporte_p%C3%BAblico-line-408-Sao_Paulo-242-2038937-36419468-0,7.55,-23.4639745,-46.754187,,,,1,2023-06-16T04:05:28+00:00
SAO_8047-10,São Paulo,3550308,True,EMTU,408,https://moovitapp.com/index/pt-br/transporte_p%C3%BAblico-line-408-Sao_Paulo-242-2038937-36419468-0,7.55,-23.506778,-46.7509825,,,,1,2023-06-16T04:05:59+00:00
SAO_4051-10,São Paulo,3550308,True,,2144,,,-23.559947,-46.4038685,,,,1,2023-06-16T04:05:26+00:00
SAO_4051-10,São Paulo,3550308,True,,2144,,,-23.561616,-46.401831,,,,1,2023-06-16T04:05:40+00:00
SAO_4051-10,São Paulo,3550308,True,,2144,,,-23.555324,-46.40099,,,,1,2023-06-16T04:05:54+00:00
SAO_4051-10,São Paulo,3550308,True,,2144,,,-23.542614,-46.4155005,,,,1,2023-06-16T04:05:58+00:00
SAO_209P-10,São Paulo,3550308,True,,2216,,,-23.47152125,-46.67050425,,,,1,2023-06-16T04:05:59+00:00
SAO_209P-10,São Paulo,3550308,True,,2216,,,-23.520283375,-46.673849000000004,,,,1,2023-06-16T04:05:44+00:00
SAO_209P-10,São Paulo,3550308,True,,2216,,,-23.514636,-46.691038,,,,1,2023-06-16T04:05:50+00:00
SAO_209P-10,São Paulo,3550308,True,,2216,,,-23.485741625,-46.681376875,,,,1,2023-06-16T04:05:37+00:00
SAO_209P-10,São Paulo,3550308,True,,2216,,,-23.472319999999996,-46.6704065,,,,1,2023-06-16T04:05:25+00:00
SAO_209P-10,São Paulo,3550308,True,,2216,,,-23.5255975,-46.671662999999995,,,,1,2023-06-16T04:05:58+00:00
SAO_209P-10,São Paulo,3550308,True,,2216,,,-23.564463,-46.6930125,,,,1,2023-06-16T04:05:25+00:00
SAO_209P-10,São Paulo,3550308,True,,2216,,,-23.552782875,-46.6789375,,,,1,2023-06-16T04:05:23+00:00
SAO_209P-10,São Paulo,3550308,True,,2216,,,-23.4747215,-46.6702715,,,,1,2023-06-16T04:05:53+00:00
SAO_209P-10,São Paulo,3550308,True,,2216,,,-23.47152125,-46.67050425,,,,1,2023-06-16T04:05:43+00:00
SAO_3459-10,São Paulo,3550308,True,,33170,,,-23.547625500000002,-46.629791499999996,,,,2,2023-06-16T04:05:42+00:00
SAO_3459-10,São Paulo,3550308,True,,33170,,,-23.519161,-46.473724000000004,,,,2,2023-06-16T04:05:55+00:00
SAO_3459-10,São Paulo,3550308,True,,33170,,,-23.538682,-46.565627500000005,,,,2,2023-06-16T04:05:34+00:00
SAO_3459-10,São Paulo,3550308,True,,33170,,,-23.495036,-46.410132000000004,,,,2,2023-06-16T04:05:37+00:00
SAO_3459-10,São Paulo,3550308,True,,33170,,,-23.527845499999998,-46.526865,,,,2,2023-06-16T04:05:18+00:00
SAO_3459-10,São Paulo,3550308,True,,33170,,,-23.53765525,-46.5612195,,,,2,2023-06-16T04:05:00+00:00
SAO_3459-10,São Paulo,3550308,True,,33170,,,-23.500842,-46.401463,,,,2,2023-06-16T04:05:18+00:00
SAO_3459-10,São Paulo,3550308,True,,33170,,,-23.547625500000002,-46.629791499999996,,,,2,2023-06-16T04:05:30+00:00
SAO_3459-10,São Paulo,3550308,True,,33170,,,-23.494635000000002,-46.4265625,,,,2,2023-06-16T04:05:50+00:00
SAO_3459-10,São Paulo,3550308,True,,33170,,,-23.547625500000002,-46.629791499999996,,,,2,2023-06-16T04:05:45+00:00
SAO_3459-10,São Paulo,3550308,True,,33170,,,-23.547625500000002,-46.629791499999996,,,,2,2023-06-16T04:05:03+00:00
SAO_3459-10,São Paulo,3550308,True,,33170,,,-23.5230005,-46.5224595,,,,2,2023-06-16T04:06:00+00:00
SAO_3459-10,São Paulo,3550308,True,,33170,,,-23.5154765,-46.463212999999996,,,,2,2023-06-16T04:05:47+00:00
SAO_3459-10,São Paulo,3550308,True,,33170,,,-23.547625500000002,-46.629791499999996,,,,2,2023-06-16T04:02:52+00:00
SAO_3459-10,São Paulo,3550308,True,,33170,,,-23.516762,-46.384977500000005,,,,2,2023-06-16T04:05:30+00:00
SAO_3459-10,São Paulo,3550308,True,,33170,,,-23.547625500000002,-46.629791499999996,,,,2,2023-06-16T04:01:29+00:00
SAO_3459-10,São Paulo,3550308,True,,33170,,,-23.52159825,-46.516639749999996,,,,2,2023-06-16T04:05:23+00:00
SAO_3459-10,São Paulo,3550308,True,,33170,,,-23.516849999999998,-46.3847265,,,,2,2023-06-16T04:05:46+00:00
SAO_3459-10,São Paulo,3550308,True,,33170,,,-23.547625500000002,-46.629791499999996,,,,2,2023-06-16T04:05:44+00:00
SAO_3459-10,São Paulo,3550308,True,,33170,,,-23.49906825,-46.44237325,,,,2,2023-06-16T04:06:03+00:00
SAO_3459-10,São Paulo,3550308,True,,33170,,,-23.551203125,-46.6081035,,,,2,2023-06-16T04:05:44+00:00
SAO_3459-10,São Paulo,3550308,True,,33170,,,-23.547625500000002,-46.629791499999996,,,,2,2023-06-16T04:04:15+00:00
SAO_3459-10,São Paulo,3550308,True,,33170,,,-23.516686749999998,-46.38517525,,,,2,2023-06-16T04:05:26+00:00
SAO_5164-41,São Paulo,3550308,True,,34385,,,-23.630306500000003,-46.635454749999994,,,,2,2023-06-16T04:05:26+00:00
SAO_5164-41,São Paulo,3550308,True,,34385,,,-23.65319575,-46.64743025,,,,2,2023-06-16T04:05:32+00:00
SAO_5164-41,São Paulo,3550308,True,,34385,,,-23.652524,-46.6463865,,,,2,2023-06-16T04:05:22+00:00
SAO_N302-11,São Paulo,3550308,True,,35104,,,-23.546701,-46.6302515,,,,2,2023-06-16T04:05:44+00:00
SAO_N302-11,São Paulo,3550308,True,,35104,,,-23.546701,-46.6302515,,,,2,2023-06-16T04:05:29+00:00
SAO_5018-10,São Paulo,3550308,True,,1492,,,-23.6683435,-46.651041,,,,1,2023-06-16T04:05:29+00:00
SAO_5018-10,São Paulo,3550308,True,,1492,,,-23.648213,-46.6413555,,,,1,2023-06-16T04:05:41+00:00
SAO_5018-10,São Paulo,3550308,True,,1492,,,-23.675069,-46.673212,,,,1,2023-06-16T04:05:25+00:00
SAO_5018-10,São Paulo,3550308,True,,1492,,,-23.692478,-46.660973999999996,,,,1,2023-06-16T04:05:59+00:00
SAO_1782-10,São Paulo,3550308,True,,643,,,-23.45719675,-46.59709875,,,,1,2023-06-16T04:04:22+00:00
SAO_3736-10,São Paulo,3550308,True,,1036,,,-23.575533,-46.4834125,,,,1,2023-06-16T04:05:58+00:00
SAO_3736-10,São Paulo,3550308,True,,1036,,,-23.5508795,-46.48185025,,,,1,2023-06-16T04:06:03+00:00
SAO_3736-10,São Paulo,3550308,True,,1036,,,-23.575533,-46.4834125,,,,1,2023-06-16T04:05:36+00:00
SAO_3736-10,São Paulo,3550308,True,,1036,,,-23.5420065,-46.483900500000004,,,,1,2023-06-16T04:05:30+00:00
SAO_3736-10,São Paulo,3550308,True,,1036,,,-23.5632065,-46.4744435,,,,1,2023-06-16T04:05:32+00:00
SAO_3736-10,São Paulo,3550308,True,,1036,,,-23.575533,-46.4834125,,,,1,2023-06-16T04:05:52+00:00
SAO_3736-10,São Paulo,3550308,True,,1036,,,-23.575533,-46.4834125,,,,1,2023-06-16T04:05:33+00:00
SAO_477P-10,São Paulo,3550308,True,,33116,,,-23.612551,-46.60875125,,,,2,2023-06-16T04:05:47+00:00
SAO_477P-10,São Paulo,3550308,True,,33116,,,-23.578837,-46.6860305,,,,2,2023-06-16T04:05:28+00:00
SAO_477P-10,São Paulo,3550308,True,,33116,,,-23.609750249999998,-46.65196725,,,,2,2023-06-16T04:05:35+00:00
SAO_477P-10,São Paulo,3550308,True,,33116,,,-23.608849,-46.606443375,,,,2,2023-06-16T04:05:36+00:00
SAO_477P-10,São Paulo,3550308,True,,33116,,,-23.567588,-46.6934995,,,,2,2023-06-16T04:05:49+00:00
SAO_477P-10,São Paulo,3550308,True,,33116,,,-23.576147000000002,-46.76415575,,,,2,2023-06-16T04:04:52+00:00
SAO_477P-10,São Paulo,3550308,True,,33116,,,-23.61439475,-46.68147825,,,,2,2023-06-16T04:06:01+00:00
SAO_477P-10,São Paulo,3550308,True,,33116,,,-23.571310875,-46.708549625,,,,2,2023-06-16T04:05:48+00:00
SAO_2025-10,São Paulo,3550308,True,,35035,,,-23.4509685,-46.57224025,,,,2,2023-06-16T04:05:19+00:00
SAO_2025-10,São Paulo,3550308,True,,35035,,,-23.464778000000003,-46.583473,,,,2,2023-06-16T04:05:39+00:00
SAO_2025-10,São Paulo,3550308,True,,35035,,,-23.502243999999997,-46.623825,,,,2,2023-06-16T04:05:54+00:00
SAO_2025-10,São Paulo,3550308,True,,35035,,,-23.5037955,-46.6213065,,,,2,2023-06-16T04:03:55+00:00
SAO_2025-10,São Paulo,3550308,True,,35035,,,-23.502243999999997,-46.623825,,,,2,2023-06-16T04:05:29+00:00
SAO_9191-10,São Paulo,3550308,True,EMTU,810,https://moovitapp.com/index/pt-br/transporte_p%C3%BAblico-line-810-Sao_Paulo-242-2038937-36419585-0,5.4,-23.4605775,-46.680956,,,,1,2023-06-16T04:05:35+00:00
SAO_9191-10,São Paulo,3550308,True,EMTU,810,https://moovitapp.com/index/pt-br/transporte_p%C3%BAblico-line-810-Sao_Paulo-242-2038937-36419585-0,5.4,-23.455891,-46.678366,,,,1,2023-06-16T04:05:59+00:00
SAO_9191-10,São Paulo,3550308,True,EMTU,810,https://moovitapp.com/index/pt-br/transporte_p%C3%BAblico-line-810-Sao_Paulo-242-2038937-36419585-0,5.4,-23.50402025,-46.6835635,,,,1,2023-06-16T04:05:45+00:00
SAO_9191-10,São Paulo,3550308,True,EMTU,810,https://moovitapp.com/index/pt-br/transporte_p%C3%BAblico-line-810-Sao_Paulo-242-2038937-36419585-0,5.4,-23.526149,-46.652917,,,,1,2023-06-16T04:05:43+00:00
SAO_2023-10,São Paulo,3550308,True,,2260,,,-23.4474415,-46.599097,,,,1,2023-06-16T04:02:46+00:00
SAO_2023-10,São Paulo,3550308,True,,2260,,,-23.480625500000002,-46.6024915,,,,1,2023-06-16T04:05:39+00:00
SAO_637A-10,São Paulo,3550308,True,,32953,,,-23.6901525,-46.774198999999996,,,,2,2023-06-16T04:05:35+00:00
SAO_637A-10,São Paulo,3550308,True,,32953,,,-23.68745,-46.771813,,,,2,2023-06-16T04:05:20+00:00
SAO_637A-10,São Paulo,3550308,True,,32953,,,-23.566554,-46.701409999999996,,,,2,2023-06-16T04:05:48+00:00
SAO_637A-10,São Paulo,3550308,True,,32953,,,-23.674359250000002,-46.7473895,,,,2,2023-06-16T04:05:26+00:00
SAO_637A-10,São Paulo,3550308,True,,32953,,,-23.60848675,-46.69988325,,,,2,2023-06-16T04:05:32+00:00
SAO_637A-10,São Paulo,3550308,True,,32953,,,-23.689947,-46.7740025,,,,2,2023-06-16T04:05:36+00:00
SAO_637A-10,São Paulo,3550308,True,,32953,,,-23.669277,-46.73549875,,,,2,2023-06-16T04:05:58+00:00
SAO_637A-10,São Paulo,3550308,True,,32953,,,-23.674632000000003,-46.747851499999996,,,,2,2023-06-16T04:06:03+00:00
SAO_637A-10,São Paulo,3550308,True,,32953,,,-23.585724,-46.689089499999994,,,,2,2023-06-16T04:05:37+00:00
SAO_637A-10,São Paulo,3550308,True,,32953,,,-23.6901525,-46.774198999999996,,,,2,2023-06-16T04:05:20+00:00
SAO_637A-10,São Paulo,3550308,True,,32953,,,-23.567622999999998,-46.695747,,,,2,2023-06-16T04:05:44+00:00
SAO_637A-10,São Paulo,3550308,True,,32953,,,-23.63569975,-46.721984750000004,,,,2,2023-06-16T04:05:44+00:00
SAO_637A-10,São Paulo,3550308,True,,32953,,,-23.6903555,-46.7743995,,,,2,2023-06-16T04:05:37+00:00
SAO_637A-10,São Paulo,3550308,True,,32953,,,-23.6675375,-46.730432,,,,2,2023-06-16T04:05:42+00:00
SAO_637A-10,São Paulo,3550308,True,,32953,,,-23.5732,-46.6895245,,,,2,2023-06-16T04:05:38+00:00
SAO_637A-10,São Paulo,3550308,True,,32953,,,-23.690743,-46.774338,,,,2,2023-06-16T04:05:59+00:00
SAO_637A-10,São Paulo,3550308,True,,32953,,,-23.63569975,-46.721984750000004,,,,2,2023-06-16T04:05:26+00:00
SAO_775V-10,São Paulo,3550308,True,,33243,,,-23.566035499999998,-46.744099,,,,2,2023-06-16T04:05:50+00:00
SAO_775V-10,São Paulo,3550308,True,,33243,,,-23.576244000000003,-46.765972500000004,,,,2,2023-06-16T04:05:28+00:00
SAO_775V-10,São Paulo,3550308,True,,33243,,,-23.56534875,-46.69745825,,,,2,2023-06-16T04:05:41+00:00
SAO_3099-10,São Paulo,3550308,True,,33847,,,-23.593412875000002,-46.488488499999995,,,,2,2023-06-16T04:05:33+00:00
SAO_3099-10,São Paulo,3550308,True,,33847,,,-23.623203,-46.4618655,,,,2,2023-06-16T04:05:51+00:00
SAO_3099-10,São Paulo,3550308,True,,33847,,,-23.613286000000002,-46.4441805,,,,2,2023-06-16T04:05:40+00:00
SAO_3099-10,São Paulo,3550308,True,,33847,,,-23.6114825,-46.475153000000006,,,,2,2023-06-16T04:05:39+00:00
SAO_3099-10,São Paulo,3550308,True,,33847,,,-23.612118000000002,-46.47348,,,,2,2023-06-16T04:05:21+00:00
SAO_178L-10,São Paulo,3550308,True,,33328,,,-23.474617000000002,-46.6435345,,,,2,2023-06-16T04:05:59+00:00
SAO_178L-10,São Paulo,3550308,True,,33328,,,-23.504194,-46.626874,,,,2,2023-06-16T04:05:39+00:00
SAO_178L-10,São Paulo,3550308,True,,33328,,,-23.5541715,-46.67080875,,,,2,2023-06-16T04:05:56+00:00
SAO_6052-10,São Paulo,3550308,True,,33912,,,-23.7729115,-46.7086855,,,,2,2023-06-16T04:05:44+00:00
SAO_6052-10,São Paulo,3550308,True,,33912,,,-23.7760525,-46.691014499999994,,,,2,2023-06-16T04:05:28+00:00
SAO_6052-10,São Paulo,3550308,True,,33912,,,-23.775509999999997,-46.691679,,,,2,2023-06-16T04:05:31+00:00
SAO_6052-10,São Paulo,3550308,True,,33912,,,-23.775509999999997,-46.691679,,,,2,2023-06-16T04:05:58+00:00
SAO_6052-10,São Paulo,3550308,True,,33912,,,-23.775877,-46.6912655,,,,2,2023-06-16T04:05:37+00:00
SAO_6052-10,São Paulo,3550308,True,,33912,,,-23.775509999999997,-46.691679,,,,2,2023-06-16T04:05:43+00:00
SAO_6091-10,São Paulo,3550308,True,,33943,,,-23.65775225,-46.706886250000004,,,,2,2023-06-16T04:05:39+00:00
SAO_6091-10,São Paulo,3550308,True,,33943,,,-23.684072999999998,-46.692311000000004,,,,2,2023-06-16T04:05:37+00:00
SAO_6091-10,São Paulo,3550308,True,,33943,,,-23.8276185,-46.72875175,,,,2,2023-06-16T04:05:57+00:00
SAO_6091-10,São Paulo,3550308,True,,33943,,,-23.685366000000002,-46.6930385,,,,2,2023-06-16T04:05:52+00:00
SAO_6091-10,São Paulo,3550308,True,,33943,,,-23.7737275,-46.720958499999995,,,,2,2023-06-16T04:05:30+00:00
SAO_9047-10,São Paulo,3550308,True,,33651,,,-23.460365,-46.7083665,,,,2,2023-06-16T04:05:48+00:00
SAO_9047-10,São Paulo,3550308,True,,33651,,,-23.4613235,-46.713106499999995,,,,2,2023-06-16T04:05:43+00:00
SAO_9047-10,São Paulo,3550308,True,,33651,,,-23.516411374999997,-46.70406500000001,,,,2,2023-06-16T04:05:54+00:00
SAO_9047-10,São Paulo,3550308,True,,33651,,,-23.5004855,-46.6928275,,,,2,2023-06-16T04:05:51+00:00
SAO_9047-10,São Paulo,3550308,True,,33651,,,-23.472665250000002,-46.69103375,,,,2,2023-06-16T04:05:42+00:00
SAO_2203-10,São Paulo,3550308,True,,33679,,,-23.5199,-46.483823,,,,2,2023-06-16T04:05:29+00:00
SAO_2203-10,São Paulo,3550308,True,,33679,,,-23.526447249999997,-46.49573425,,,,2,2023-06-16T04:05:42+00:00
SAO_2203-10,São Paulo,3550308,True,,33679,,,-23.522776999999998,-46.514804999999996,,,,2,2023-06-16T04:05:07+00:00
SAO_6083-10,São Paulo,3550308,True,,34501,,,-23.753360999999998,-46.6700625,,,,2,2023-06-16T04:05:32+00:00
SAO_6083-10,São Paulo,3550308,True,,34501,,,-23.7533675,-46.669934,,,,2,2023-06-16T04:05:49+00:00
SAO_6083-10,São Paulo,3550308,True,,34501,,,-23.741635000000002,-46.6917615,,,,2,2023-06-16T04:05:50+00:00
SAO_1722-10,São Paulo,3550308,True,,864,,,-23.478811999999998,-46.6014165,,,,1,2023-06-16T04:05:52+00:00
SAO_1722-10,São Paulo,3550308,True,,864,,,-23.482192,-46.672304,,,,1,2023-06-16T04:05:35+00:00
SAO_1722-10,São Paulo,3550308,True,,864,,,-23.467499500000002,-46.586739,,,,1,2023-06-16T04:05:47+00:00
SAO_1722-10,São Paulo,3550308,True,,864,,,-23.4580725,-46.615971,,,,1,2023-06-16T04:06:00+00:00
SAO_1722-10,São Paulo,3550308,True,,864,,,-23.4708855,-46.650408999999996,,,,1,2023-06-16T04:05:32+00:00
SAO_1722-10,São Paulo,3550308,True,,864,,,-23.474802500000003,-46.66820249999999,,,,1,2023-06-16T04:05:41+00:00
SAO_1722-10,São Paulo,3550308,True,,864,,,-23.479046500000003,-46.6015705,,,,1,2023-06-16T04:05:43+00:00
SAO_1722-10,São Paulo,3550308,True,,864,,,-23.459332,-46.6206435,,,,1,2023-06-16T04:05:54+00:00
SAO_1722-10,São Paulo,3550308,True,,864,,,-23.478811999999998,-46.6014165,,,,1,2023-06-16T04:06:02+00:00
SAO_1156-10,São Paulo,3550308,True,,659,,,-23.486708,-46.568445499999996,,,,1,2023-06-16T04:05:54+00:00
SAO_1156-10,São Paulo,3550308,True,,659,,,-23.5406165,-46.635486,,,,1,2023-06-16T04:05:53+00:00
SAO_1156-10,São Paulo,3550308,True,,659,,,-23.5424875,-46.635251499999995,,,,1,2023-06-16T04:05:27+00:00
SAO_1156-10,São Paulo,3550308,True,,659,,,-23.486708,-46.568445499999996,,,,1,2023-06-16T04:05:41+00:00
SAO_7245-10,São Paulo,3550308,True,,33131,,,-23.6538355,-46.7110955,,,,2,2023-06-16T04:05:48+00:00
SAO_7245-10,São Paulo,3550308,True,,33131,,,-23.595893,-46.690808,,,,2,2023-06-16T04:05:43+00:00
SAO_7245-10,São Paulo,3550308,True,,33131,,,-23.564365000000002,-46.6782645,,,,2,2023-06-16T04:06:04+00:00
SAO_7245-10,São Paulo,3550308,True,,33131,,,-23.6214085,-46.6988585,,,,2,2023-06-16T04:05:34+00:00
SAO_4011-10,São Paulo,3550308,True,,34952,,,-23.6224955,-46.4141075,,,,2,2023-06-16T04:05:49+00:00
SAO_4011-10,São Paulo,3550308,True,,34952,,,-23.596132124999997,-46.453888500000005,,,,2,2023-06-16T04:05:30+00:00
SAO_4011-10,São Paulo,3550308,True,,34952,,,-23.613228499999998,-46.476530999999994,,,,2,2023-06-16T04:05:48+00:00
SAO_9500-10,São Paulo,3550308,True,EMTU,461,https://moovitapp.com/index/pt-br/transporte_p%C3%BAblico-line-461-Sao_Paulo-242-2038937-36419501-0,5.1,-23.508198125,-46.666417,,,,1,2023-06-16T04:05:53+00:00
SAO_9500-10,São Paulo,3550308,True,EMTU,461,https://moovitapp.com/index/pt-br/transporte_p%C3%BAblico-line-461-Sao_Paulo-242-2038937-36419501-0,5.1,-23.4888895,-46.675786,,,,1,2023-06-16T04:05:30+00:00
SAO_9500-10,São Paulo,3550308,True,EMTU,461,https://moovitapp.com/index/pt-br/transporte_p%C3%BAblico-line-461-Sao_Paulo-242-2038937-36419501-0,5.1,-23.543011,-46.637326,,,,1,2023-06-16T04:05:40+00:00
SAO_9500-10,São Paulo,3550308,True,EMTU,461,https://moovitapp.com/index/pt-br/transporte_p%C3%BAblico-line-461-Sao_Paulo-242-2038937-36419501-0,5.1,-23.474427,-46.669637,,,,1,2023-06-16T04:05:38+00:00
SAO_8077-10,São Paulo,3550308,True,,34818,,,-23.5844065,-46.738124,,,,2,2023-06-16T04:02:35+00:00
SAO_8077-10,São Paulo,3550308,True,,34818,,,-23.60128,-46.792950000000005,,,,2,2023-06-16T04:06:04+00:00
SAO_6262-10,São Paulo,3550308,True,,1371,,,-23.559058999999998,-46.654014000000004,,,,1,2023-06-16T04:06:04+00:00
SAO_6262-10,São Paulo,3550308,True,,1371,,,-23.527790250000002,-46.73385175,,,,1,2023-06-16T04:05:44+00:00
SAO_6037-10,São Paulo,3550308,True,,33983,,,-23.656190000000002,-46.776433,,,,2,2023-06-16T04:05:49+00:00
SAO_6037-10,São Paulo,3550308,True,,33983,,,-23.64904925,-46.78534475,,,,2,2023-06-16T04:05:28+00:00
SAO_6037-10,São Paulo,3550308,True,,33983,,,-23.648692250000003,-46.78592975,,,,2,2023-06-16T04:05:55+00:00
SAO_6037-10,São Paulo,3550308,True,,33983,,,-23.64887075,-46.78563725,,,,2,2023-06-16T04:05:56+00:00
SAO_6037-10,São Paulo,3550308,True,,33983,,,-23.64904925,-46.78534475,,,,2,2023-06-16T04:05:23+00:00
SAO_6037-10,São Paulo,3550308,True,,33983,,,-23.64450025,-46.7264155,,,,2,2023-06-16T04:06:03+00:00
SAO_6037-10,São Paulo,3550308,True,,33983,,,-23.64887075,-46.78563725,,,,2,2023-06-16T04:06:01+00:00
SAO_6037-10,São Paulo,3550308,True,,33983,,,-23.64887075,-46.78563725,,,,2,2023-06-16T04:05:46+00:00
SAO_477A-10,São Paulo,3550308,True,EMTU,346,https://moovitapp.com/index/pt-br/transporte_p%C3%BAblico-line-346-Sao_Paulo-242-2038937-36419429-0,6.3,-23.587965,-46.605252375000006,,,,1,2023-06-16T04:05:30+00:00
SAO_477A-10,São Paulo,3550308,True,EMTU,346,https://moovitapp.com/index/pt-br/transporte_p%C3%BAblico-line-346-Sao_Paulo-242-2038937-36419429-0,6.3,-23.568828,-46.645803,,,,1,2023-06-16T04:05:43+00:00
SAO_477A-10,São Paulo,3550308,True,EMTU,346,https://moovitapp.com/index/pt-br/transporte_p%C3%BAblico-line-346-Sao_Paulo-242-2038937-36419429-0,6.3,-23.604922000000002,-46.604144500000004,,,,1,2023-06-16T04:06:00+00:00
SAO_477A-10,São Paulo,3550308,True,EMTU,346,https://moovitapp.com/index/pt-br/transporte_p%C3%BAblico-line-346-Sao_Paulo-242-2038937-36419429-0,6.3,-23.5725515,-46.65410525,,,,1,2023-06-16T04:05:25+00:00
SAO_477A-10,São Paulo,3550308,True,EMTU,346,https://moovitapp.com/index/pt-br/transporte_p%C3%BAblico-line-346-Sao_Paulo-242-2038937-36419429-0,6.3,-23.584655374999997,-46.674867125,,,,1,2023-06-16T04:05:58+00:00
SAO_477A-10,São Paulo,3550308,True,EMTU,346,https://moovitapp.com/index/pt-br/transporte_p%C3%BAblico-line-346-Sao_Paulo-242-2038937-36419429-0,6.3,-23.570144624999998,-46.623811125,,,,1,2023-06-16T04:05:59+00:00
SAO_7550-10,São Paulo,3550308,True,,2093,,,-23.5426805,-46.64654175,,,,1,2023-06-16T04:05:52+00:00
SAO_7550-10,São Paulo,3550308,True,,2093,,,-23.654166500000002,-46.711513,,,,1,2023-06-16T04:05:41+00:00
SAO_7550-10,São Paulo,3550308,True,,2093,,,-23.638920249999998,-46.696384,,,,1,2023-06-16T04:05:46+00:00
SAO_7550-10,São Paulo,3550308,True,,2093,,,-23.654166500000002,-46.711513,,,,1,2023-06-16T04:05:35+00:00
SAO_7550-10,São Paulo,3550308,True,,2093,,,-23.654166500000002,-46.711513,,,,1,2023-06-16T04:05:42+00:00
SAO_7550-10,São Paulo,3550308,True,,2093,,,-23.568078999999997,-46.649365,,,,1,2023-06-16T04:05:48+00:00
SAO_7550-10,São Paulo,3550308,True,,2093,,,-23.5957665,-46.673165,,,,1,2023-06-16T04:05:33+00:00
SAO_4055-10,São Paulo,3550308,True,,2447,,,-23.5430895,-46.416463,,,,1,2023-06-16T04:05:53+00:00
SAO_407M-10,São Paulo,3550308,True,,33086,,,-23.589219,-46.633465,,,,2,2023-06-16T04:06:01+00:00
SAO_407M-10,São Paulo,3550308,True,,33086,,,-23.5757655,-46.6136105,,,,2,2023-06-16T04:05:20+00:00
SAO_778J-41,São Paulo,3550308,True,,1486,,,-23.5266425,-46.66785350000001,,,,1,2023-06-16T04:06:01+00:00
SAO_778J-41,São Paulo,3550308,True,,1486,,,-23.5696595,-46.697385,,,,1,2023-06-16T04:05:57+00:00
SAO_778J-41,São Paulo,3550308,True,,1486,,,-23.585785,-46.8053525,,,,1,2023-06-16T04:05:50+00:00
SAO_778J-41,São Paulo,3550308,True,,1486,,,-23.5853555,-46.8066125,,,,1,2023-06-16T04:05:56+00:00
SAO_778J-41,São Paulo,3550308,True,,1486,,,-23.567515,-46.69430799999999,,,,1,2023-06-16T04:05:59+00:00
SAO_857A-10,São Paulo,3550308,True,,1925,,,-23.59849425,-46.63818525,,,,1,2023-06-16T04:05:53+00:00
SAO_857A-10,São Paulo,3550308,True,,1925,,,-23.58138925,-46.665473,,,,1,2023-06-16T04:05:55+00:00
SAO_857A-10,São Paulo,3550308,True,,1925,,,-23.610970000000002,-46.7529945,,,,1,2023-06-16T04:06:01+00:00
SAO_7055-10,São Paulo,3550308,True,,34656,,,-23.6923765,-46.7911055,,,,2,2023-06-16T04:05:31+00:00
SAO_7055-10,São Paulo,3550308,True,,34656,,,-23.69281,-46.7912895,,,,2,2023-06-16T04:05:27+00:00
SAO_7055-10,São Paulo,3550308,True,,34656,,,-23.692669000000002,-46.790323,,,,2,2023-06-16T04:05:20+00:00
SAO_7055-10,São Paulo,3550308,True,,34656,,,-23.634995500000002,-46.775629,,,,2,2023-06-16T04:06:02+00:00
SAO_7055-10,São Paulo,3550308,True,,34656,,,-23.680825499999997,-46.782198,,,,2,2023-06-16T04:05:52+00:00
SAO_7055-10,São Paulo,3550308,True,,34656,,,-23.631028999999998,-46.7731495,,,,2,2023-06-16T04:06:03+00:00
SAO_7055-10,São Paulo,3550308,True,,34656,,,-23.658801,-46.7748385,,,,2,2023-06-16T04:05:23+00:00
SAO_2707-10,São Paulo,3550308,True,,919,,,-23.528723,-46.4078905,,,,1,2023-06-16T04:05:56+00:00
SAO_2707-10,São Paulo,3550308,True,,919,,,-23.53893,-46.426646500000004,,,,1,2023-06-16T04:04:26+00:00
SAO_2707-10,São Paulo,3550308,True,,919,,,-23.525353,-46.4059125,,,,1,2023-06-16T04:05:48+00:00
SAO_2707-10,São Paulo,3550308,True,,919,,,-23.5347285,-46.4537885,,,,1,2023-06-16T04:05:57+00:00
SAO_2707-10,São Paulo,3550308,True,,919,,,-23.542467000000002,-46.4712235,,,,1,2023-06-16T03:59:50+00:00
SAO_6014-10,São Paulo,3550308,True,,32956,,,-23.741992,-46.8006415,,,,2,2023-06-16T04:05:59+00:00
SAO_6014-10,São Paulo,3550308,True,,32956,,,-23.72987,-46.790381999999994,,,,2,2023-06-16T04:05:51+00:00
SAO_6014-10,São Paulo,3550308,True,,32956,,,-23.742005499999998,-46.80109,,,,2,2023-06-16T04:05:49+00:00
SAO_6014-10,São Paulo,3550308,True,,32956,,,-23.744625499999998,-46.8005665,,,,2,2023-06-16T04:05:51+00:00
SAO_8040-10,São Paulo,3550308,True,,406,,,-23.482446,-46.755742,,,,1,2023-06-16T04:05:31+00:00
SAO_8040-10,São Paulo,3550308,True,,406,,,-23.4326035,-46.7786575,,,,1,2023-06-16T04:05:27+00:00
SAO_8040-10,São Paulo,3550308,True,,406,,,-23.437510500000002,-46.779852,,,,1,2023-06-16T04:05:27+00:00
SAO_8040-10,São Paulo,3550308,True,,406,,,-23.5014125,-46.754782250000005,,,,1,2023-06-16T04:05:36+00:00
SAO_5129-10,São Paulo,3550308,True,,34049,,,-23.68483775,-46.6302575,,,,2,2023-06-16T04:06:00+00:00
SAO_5129-10,São Paulo,3550308,True,,34049,,,-23.680045,-46.636998000000006,,,,2,2023-06-16T04:05:46+00:00
SAO_5129-10,São Paulo,3550308,True,,34049,,,-23.666456500000002,-46.7063305,,,,2,2023-06-16T04:05:18+00:00
SAO_5129-10,São Paulo,3550308,True,,34049,,,-23.679894,-46.6367245,,,,2,2023-06-16T04:05:56+00:00
SAO_5129-10,São Paulo,3550308,True,,34049,,,-23.6555485,-46.6797375,,,,2,2023-06-16T04:05:58+00:00
SAO_5129-10,São Paulo,3550308,True,,34049,,,-23.668323,-46.735209499999996,,,,2,2023-06-16T04:05:55+00:00
SAO_5129-10,São Paulo,3550308,True,,34049,,,-23.680498999999998,-46.6375295,,,,2,2023-06-16T04:05:37+00:00
SAO_5129-10,São Paulo,3550308,True,,34049,,,-23.668707,-46.7352225,,,,2,2023-06-16T04:05:55+00:00
SAO_5129-10,São Paulo,3550308,True,,34049,,,-23.6801235,-46.637139000000005,,,,2,2023-06-16T04:05:39+00:00
SAO_407G-10,São Paulo,3550308,True,,2196,,,-23.608805500000003,-46.4349415,,,,1,2023-06-16T04:05:35+00:00
SAO_407G-10,São Paulo,3550308,True,,2196,,,-23.554831999999998,-46.517111,,,,1,2023-06-16T04:05:57+00:00
SAO_407G-10,São Paulo,3550308,True,,2196,,,-23.611837,-46.4334745,,,,1,2023-06-16T04:05:20+00:00
SAO_407G-10,São Paulo,3550308,True,,2196,,,-23.619007500000002,-46.4611195,,,,1,2023-06-16T04:05:36+00:00
SAO_407G-10,São Paulo,3550308,True,,2196,,,-23.611837,-46.4334745,,,,1,2023-06-16T04:05:50+00:00
SAO_407G-10,São Paulo,3550308,True,,2196,,,-23.600499499999998,-46.4842965,,,,1,2023-06-16T04:05:18+00:00
SAO_407G-10,São Paulo,3550308,True,,2196,,,-23.538734499999997,-46.5649235,,,,1,2023-06-16T04:05:13+00:00
SAO_273R-10,São Paulo,3550308,True,EMTU,226,https://moovitapp.com/index/pt-br/transporte_p%C3%BAblico-line-226-Sao_Paulo-242-2038937-36419343-0,5.05,-23.521997499999998,-46.412527999999995,,,,1,2023-06-16T04:05:48+00:00
SAO_273R-10,São Paulo,3550308,True,EMTU,226,https://moovitapp.com/index/pt-br/transporte_p%C3%BAblico-line-226-Sao_Paulo-242-2038937-36419343-0,5.05,-23.5152955,-46.45935575,,,,1,2023-06-16T04:05:31+00:00
SAO_273R-10,São Paulo,3550308,True,EMTU,226,https://moovitapp.com/index/pt-br/transporte_p%C3%BAblico-line-226-Sao_Paulo-242-2038937-36419343-0,5.05,-23.522900874999998,-46.47532375,,,,1,2023-06-16T04:05:34+00:00
SAO_273R-10,São Paulo,3550308,True,EMTU,226,https://moovitapp.com/index/pt-br/transporte_p%C3%BAblico-line-226-Sao_Paulo-242-2038937-36419343-0,5.05,-23.5122785,-46.443659999999994,,,,1,2023-06-16T04:05:28+00:00
SAO_273R-10,São Paulo,3550308,True,EMTU,226,https://moovitapp.com/index/pt-br/transporte_p%C3%BAblico-line-226-Sao_Paulo-242-2038937-36419343-0,5.05,-23.528138,-46.4743555,,,,1,2023-06-16T04:05:30+00:00
SAO_273R-10,São Paulo,3550308,True,EMTU,226,https://moovitapp.com/index/pt-br/transporte_p%C3%BAblico-line-226-Sao_Paulo-242-2038937-36419343-0,5.05,-23.52475475,-46.47498425,,,,1,2023-06-16T04:05:41+00:00
SAO_273R-10,São Paulo,3550308,True,EMTU,226,https://moovitapp.com/index/pt-br/transporte_p%C3%BAblico-line-226-Sao_Paulo-242-2038937-36419343-0,5.05,-23.512037499999998,-46.43361975,,,,1,2023-06-16T04:06:04+00:00
SAO_273R-10,São Paulo,3550308,True,EMTU,226,https://moovitapp.com/index/pt-br/transporte_p%C3%BAblico-line-226-Sao_Paulo-242-2038937-36419343-0,5.05,-23.521997499999998,-46.412527999999995,,,,1,2023-06-16T04:05:21+00:00
SAO_373T-10,São Paulo,3550308,True,,33859,,,-23.5602375,-46.599753,,,,2,2023-06-16T04:06:01+00:00
SAO_373T-10,São Paulo,3550308,True,,33859,,,-23.590097,-46.5320295,,,,2,2023-06-16T04:05:44+00:00
SAO_373T-10,São Paulo,3550308,True,,33859,,,-23.598446,-46.513358,,,,2,2023-06-16T04:06:01+00:00
SAO_373T-10,São Paulo,3550308,True,,33859,,,-23.5850175,-46.524613,,,,2,2023-06-16T04:05:25+00:00
SAO_373T-10,São Paulo,3550308,True,,33859,,,-23.5843335,-46.586203,,,,2,2023-06-16T04:06:03+00:00
SAO_373T-10,São Paulo,3550308,True,,33859,,,-23.582743999999998,-46.565706000000006,,,,2,2023-06-16T04:05:39+00:00
SAO_373T-10,São Paulo,3550308,True,,33859,,,-23.5941885,-46.498267,,,,2,2023-06-16T04:05:47+00:00
SAO_3743-10,São Paulo,3550308,True,,1043,,,-23.600499499999998,-46.4842965,,,,1,2023-06-16T04:05:46+00:00
SAO_3743-10,São Paulo,3550308,True,,1043,,,-23.55468175,-46.464259,,,,1,2023-06-16T04:05:23+00:00
SAO_5791-10,São Paulo,3550308,True,,607,,,-23.71619,-46.62593,,,,1,2023-06-16T04:05:40+00:00
SAO_5791-10,São Paulo,3550308,True,,607,,,-23.696272999999998,-46.649910500000004,,,,1,2023-06-16T04:05:55+00:00
SAO_5791-10,São Paulo,3550308,True,,607,,,-23.71619,-46.62593,,,,1,2023-06-16T04:03:40+00:00
SAO_5791-10,São Paulo,3550308,True,,607,,,-23.585622375,-46.635521,,,,1,2023-06-16T04:05:37+00:00
SAO_5791-10,São Paulo,3550308,True,,607,,,-23.68321425,-46.6333805,,,,1,2023-06-16T04:03:54+00:00
SAO_5791-10,São Paulo,3550308,True,,607,,,-23.639956499999997,-46.641329999999996,,,,1,2023-06-16T04:06:01+00:00
SAO_5791-10,São Paulo,3550308,True,,607,,,-23.577326,-46.6407295,,,,1,2023-06-16T04:05:38+00:00
SAO_5791-10,São Paulo,3550308,True,,607,,,-23.616361,-46.638671125,,,,1,2023-06-16T04:05:49+00:00
SAO_4111-10,São Paulo,3550308,True,Cidade de Caieiras,320,https://moovitapp.com/index/pt-br/transporte_p%C3%BAblico-line-320-Sao_Paulo-242-868761-752903-0,5.0,-23.559263625,-46.63286775,,,,1,2023-06-16T04:05:44+00:00
SAO_4314-10,São Paulo,3550308,True,,2174,,,-23.5428918125,-46.58557081250001,,,,1,2023-06-16T04:05:57+00:00
SAO_4314-10,São Paulo,3550308,True,,2174,,,-23.56441925,-46.4069975,,,,1,2023-06-16T04:06:00+00:00
SAO_4314-10,São Paulo,3550308,True,,2174,,,-23.5726395,-46.399519,,,,1,2023-06-16T04:05:41+00:00
SAO_4314-10,São Paulo,3550308,True,,2174,,,-23.54645675,-46.629903999999996,,,,1,2023-06-16T04:05:42+00:00
SAO_4314-10,São Paulo,3550308,True,,2174,,,-23.555131625,-46.445913000000004,,,,1,2023-06-16T04:02:34+00:00
SAO_5010-10,São Paulo,3550308,True,,1114,,,-23.6412015,-46.654452,,,,1,2023-06-16T04:05:31+00:00
SAO_5010-10,São Paulo,3550308,True,,1114,,,-23.662679500000003,-46.6311435,,,,1,2023-06-16T04:05:19+00:00
SAO_5010-10,São Paulo,3550308,True,,1114,,,-23.656219375,-46.693859875,,,,1,2023-06-16T04:05:51+00:00
SAO_5010-10,São Paulo,3550308,True,,1114,,,-23.6512295,-46.639039,,,,1,2023-06-16T04:05:28+00:00
SAO_4021-10,São Paulo,3550308,True,,35316,,,-23.56172575,-46.446333249999995,,,,2,2023-06-16T04:05:30+00:00
SAO_4021-10,São Paulo,3550308,True,,35316,,,-23.542792499999997,-46.470580999999996,,,,2,2023-06-16T04:05:54+00:00
SAO_4021-10,São Paulo,3550308,True,,35316,,,-23.542792499999997,-46.470580999999996,,,,2,2023-06-16T04:05:22+00:00
SAO_4021-10,São Paulo,3550308,True,,35316,,,-23.5501015,-46.456386499999994,,,,2,2023-06-16T04:05:19+00:00
SAO_648P-10,São Paulo,3550308,True,,66,,,-23.587607750000004,-46.682576499999996,,,,1,2023-06-16T04:05:56+00:00
SAO_648P-10,São Paulo,3550308,True,,66,,,-23.6545265,-46.762821,,,,1,2023-06-16T04:05:52+00:00
SAO_648P-10,São Paulo,3550308,True,,66,,,-23.6490105,-46.7535625,,,,1,2023-06-16T04:05:57+00:00
SAO_573H-10,São Paulo,3550308,True,,34398,,,-23.614213,-46.5018395,,,,2,2023-06-16T04:06:02+00:00
SAO_573H-10,São Paulo,3550308,True,,34398,,,-23.612196500000003,-46.493525500000004,,,,2,2023-06-16T04:05:36+00:00
SAO_573H-10,São Paulo,3550308,True,,34398,,,-23.568597,-46.58298625,,,,2,2023-06-16T04:05:52+00:00
SAO_573H-10,São Paulo,3550308,True,,34398,,,-23.612196500000003,-46.493525500000004,,,,2,2023-06-16T04:06:00+00:00
SAO_573H-10,São Paulo,3550308,True,,34398,,,-23.552781624999998,-46.609721500000006,,,,2,2023-06-16T04:05:25+00:00
SAO_573H-10,São Paulo,3550308,True,,34398,,,-23.5733015,-46.563201,,,,2,2023-06-16T04:05:46+00:00
SAO_695X-10,São Paulo,3550308,True,,34209,,,-23.7258165,-46.6996625,,,,2,2023-06-16T04:05:40+00:00
SAO_695X-10,São Paulo,3550308,True,,34209,,,-23.76714475,-46.71695750000001,,,,2,2023-06-16T04:05:30+00:00
SAO_695X-10,São Paulo,3550308,True,,34209,,,-23.6472645,-46.6398295,,,,2,2023-06-16T04:05:32+00:00
SAO_695X-10,São Paulo,3550308,True,,34209,,,-23.739060000000002,-46.701387499999996,,,,2,2023-06-16T04:05:58+00:00
SAO_695X-10,São Paulo,3550308,True,,34209,,,-23.6629765,-46.6789515,,,,2,2023-06-16T04:06:02+00:00
SAO_2767-10,São Paulo,3550308,True,,33009,,,-23.506508250000003,-46.4585765,,,,2,2023-06-16T04:05:43+00:00
SAO_2767-10,São Paulo,3550308,True,,33009,,,-23.521662999999997,-46.52973,,,,2,2023-06-16T04:05:18+00:00
SAO_177H-10,São Paulo,3550308,True,,630,,,-23.56532825,-46.69718675,,,,1,2023-06-16T04:05:47+00:00
SAO_177H-10,São Paulo,3550308,True,,630,,,-23.522364,-46.6594175,,,,1,2023-06-16T04:05:34+00:00
SAO_177H-10,São Paulo,3550308,True,,630,,,-23.500432,-46.625227,,,,1,2023-06-16T04:05:54+00:00
SAO_177H-10,São Paulo,3550308,True,,630,,,-23.5529145,-46.7319765,,,,1,2023-06-16T04:05:33+00:00
SAO_177H-10,São Paulo,3550308,True,,630,,,-23.5529145,-46.7319765,,,,1,2023-06-16T04:05:56+00:00
SAO_177H-10,São Paulo,3550308,True,,630,,,-23.5529145,-46.7319765,,,,1,2023-06-16T04:05:33+00:00
SAO_6038-10,São Paulo,3550308,True,,1216,,,-23.643999,-46.7324175,,,,1,2023-06-16T04:05:41+00:00
SAO_6038-10,São Paulo,3550308,True,,1216,,,-23.660376499999998,-46.767345500000005,,,,1,2023-06-16T04:05:40+00:00
SAO_6038-10,São Paulo,3550308,True,,1216,,,-23.66161925,-46.790662874999995,,,,1,2023-06-16T04:05:41+00:00
SAO_6038-10,São Paulo,3550308,True,,1216,,,-23.64927025,-46.70794375,,,,1,2023-06-16T04:05:49+00:00
SAO_6038-10,São Paulo,3550308,True,,1216,,,-23.667002500000002,-46.788182500000005,,,,1,2023-06-16T04:05:31+00:00
SAO_5012-10,São Paulo,3550308,True,,1116,,,-23.7097155,-46.6354455,,,,1,2023-06-16T04:01:15+00:00
SAO_5012-10,São Paulo,3550308,True,,1116,,,-23.667496999999997,-46.636271,,,,1,2023-06-16T04:05:56+00:00
SAO_5012-10,São Paulo,3550308,True,,1116,,,-23.6964265,-46.632939,,,,1,2023-06-16T04:05:40+00:00
SAO_5012-10,São Paulo,3550308,True,,1116,,,-23.6460035,-46.6402605,,,,1,2023-06-16T04:05:21+00:00
SAO_5012-10,São Paulo,3550308,True,,1116,,,-23.7097155,-46.6354455,,,,1,2023-06-16T04:05:25+00:00
SAO_5012-10,São Paulo,3550308,True,,1116,,,-23.7097155,-46.6354455,,,,1,2023-06-16T04:05:18+00:00
SAO_5012-10,São Paulo,3550308,True,,1116,,,-23.7112165,-46.6380265,,,,1,2023-06-16T04:00:57+00:00
SAO_4030-10,São Paulo,3550308,True,,1100,,,-23.5778305,-46.50332375,,,,1,2023-06-16T04:05:25+00:00
SAO_4030-10,São Paulo,3550308,True,,1100,,,-23.56468325,-46.50561075,,,,1,2023-06-16T04:05:51+00:00
SAO_4030-10,São Paulo,3550308,True,,1100,,,-23.621485375,-46.488581125,,,,1,2023-06-16T04:05:56+00:00
SAO_4030-10,São Paulo,3550308,True,,1100,,,-23.56899925,-46.508286749999996,,,,1,2023-06-16T04:05:56+00:00
SAO_4030-10,São Paulo,3550308,True,,1100,,,-23.612851499999998,-46.488627,,,,1,2023-06-16T04:05:55+00:00
SAO_352A-10,São Paulo,3550308,True,,164,,,-23.533468,-46.454795000000004,,,,1,2023-06-16T04:05:36+00:00
SAO_352A-10,São Paulo,3550308,True,,164,,,-23.581443999999998,-46.490016,,,,1,2023-06-16T04:06:01+00:00
SAO_352A-10,São Paulo,3550308,True,,164,,,-23.4789405,-46.4207895,,,,1,2023-06-16T04:05:58+00:00
SAO_352A-10,São Paulo,3550308,True,,164,,,-23.479454,-46.421091000000004,,,,1,2023-06-16T04:05:08+00:00
SAO_352A-10,São Paulo,3550308,True,,164,,,-23.612146,-46.4762395,,,,1,2023-06-16T04:05:29+00:00
SAO_809P-10,São Paulo,3550308,True,,1891,,,-23.566353999999997,-46.7015815,,,,1,2023-06-16T04:05:47+00:00
SAO_809P-10,São Paulo,3550308,True,,1891,,,-23.622894,-46.763113000000004,,,,1,2023-06-16T04:05:52+00:00
SAO_809P-10,São Paulo,3550308,True,,1891,,,-23.5712865,-46.69927800000001,,,,1,2023-06-16T04:06:04+00:00
SAO_809P-10,São Paulo,3550308,True,,1891,,,-23.5884455,-46.72766775,,,,1,2023-06-16T04:05:50+00:00
SAO_5391-10,São Paulo,3550308,True,EMTU,171,https://moovitapp.com/index/pt-br/transporte_p%C3%BAblico-line-171-Sao_Paulo-242-2038937-36419310-0,4.8,-23.6772705,-46.7589355,,,,1,2023-06-16T04:05:08+00:00
SAO_5391-10,São Paulo,3550308,True,EMTU,171,https://moovitapp.com/index/pt-br/transporte_p%C3%BAblico-line-171-Sao_Paulo-242-2038937-36419310-0,4.8,-23.662343874999998,-46.706628,,,,1,2023-06-16T04:05:31+00:00
SAO_5391-10,São Paulo,3550308,True,EMTU,171,https://moovitapp.com/index/pt-br/transporte_p%C3%BAblico-line-171-Sao_Paulo-242-2038937-36419310-0,4.8,-23.6873875,-46.771598,,,,1,2023-06-16T04:05:53+00:00
SAO_5391-10,São Paulo,3550308,True,EMTU,171,https://moovitapp.com/index/pt-br/transporte_p%C3%BAblico-line-171-Sao_Paulo-242-2038937-36419310-0,4.8,-23.692995500000002,-46.7785065,,,,1,2023-06-16T04:05:25+00:00
SAO_5391-10,São Paulo,3550308,True,EMTU,171,https://moovitapp.com/index/pt-br/transporte_p%C3%BAblico-line-171-Sao_Paulo-242-2038937-36419310-0,4.8,-23.680369499999998,-46.7650515,,,,1,2023-06-16T04:05:19+00:00
SAO_5290-10,São Paulo,3550308,True,,33365,,,-23.680734,-46.635801,,,,2,2023-06-16T04:05:49+00:00
SAO_5290-10,São Paulo,3550308,True,,33365,,,-23.658538749999998,-46.63609650000001,,,,2,2023-06-16T04:05:44+00:00
SAO_5290-10,São Paulo,3550308,True,,33365,,,-23.624087625,-46.640517875,,,,2,2023-06-16T04:05:43+00:00
SAO_5290-10,São Paulo,3550308,True,,33365,,,-23.6810605,-46.6363105,,,,2,2023-06-16T04:05:34+00:00
SAO_5290-10,São Paulo,3550308,True,,33365,,,-23.5469355,-46.630097,,,,2,2023-06-16T04:05:51+00:00
SAO_5290-10,São Paulo,3550308,True,,33365,,,-23.590250625,-46.635160250000006,,,,2,2023-06-16T04:05:57+00:00
SAO_576M-10,São Paulo,3550308,True,,33372,,,-23.654470625,-46.636961,,,,2,2023-06-16T04:05:50+00:00
SAO_576M-10,São Paulo,3550308,True,,33372,,,-23.63820725,-46.6580105,,,,2,2023-06-16T04:05:59+00:00
SAO_576M-10,São Paulo,3550308,True,,33372,,,-23.6774965,-46.6406015,,,,2,2023-06-16T04:05:35+00:00
SAO_576M-10,São Paulo,3550308,True,,33372,,,-23.60210575,-46.662726875,,,,2,2023-06-16T04:05:47+00:00
SAO_576M-10,São Paulo,3550308,True,,33372,,,-23.6774965,-46.6406015,,,,2,2023-06-16T04:05:34+00:00
SAO_576M-10,São Paulo,3550308,True,,33372,,,-23.6776715,-46.640977,,,,2,2023-06-16T04:06:00+00:00
SAO_576M-10,São Paulo,3550308,True,,33372,,,-23.597653,-46.668947,,,,2,2023-06-16T04:05:36+00:00
SAO_576M-10,São Paulo,3550308,True,,33372,,,-23.6779695,-46.6404855,,,,2,2023-06-16T04:05:48+00:00
SAO_875C-10,São Paulo,3550308,True,EMTU,478,https://moovitapp.com/index/pt-br/transporte_p%C3%BAblico-line-478-Sao_Paulo-242-2038937-36419510-0,6.25,-23.596769000000002,-46.646705374999996,,,,1,2023-06-16T04:05:37+00:00
SAO_875C-10,São Paulo,3550308,True,EMTU,478,https://moovitapp.com/index/pt-br/transporte_p%C3%BAblico-line-478-Sao_Paulo-242-2038937-36419510-0,6.25,-23.532271375,-46.71855562500001,,,,1,2023-06-16T04:06:03+00:00
SAO_875C-10,São Paulo,3550308,True,EMTU,478,https://moovitapp.com/index/pt-br/transporte_p%C3%BAblico-line-478-Sao_Paulo-242-2038937-36419510-0,6.25,-23.578837,-46.6860305,,,,1,2023-06-16T04:05:44+00:00
SAO_875C-10,São Paulo,3550308,True,EMTU,478,https://moovitapp.com/index/pt-br/transporte_p%C3%BAblico-line-478-Sao_Paulo-242-2038937-36419510-0,6.25,-23.5201835,-46.699305499999994,,,,1,2023-06-16T04:05:43+00:00
SAO_875C-1,São Paulo,3550308,True,,35278,,,-23.520992749999998,-46.699836,,,,2,2023-06-16T04:05:59+00:00
SAO_875C-1,São Paulo,3550308,True,,35278,,,-23.58413775,-46.672977249999995,,,,2,2023-06-16T04:06:01+00:00
SAO_875C-1,São Paulo,3550308,True,,35278,,,-23.519925999999998,-46.699962,,,,2,2023-06-16T04:05:40+00:00
SAO_875C-1,São Paulo,3550308,True,,35278,,,-23.5205245,-46.7007655,,,,2,2023-06-16T04:05:38+00:00
SAO_875C-1,São Paulo,3550308,True,,35278,,,-23.548863750000002,-46.709946625,,,,2,2023-06-16T04:05:46+00:00
SAO_2088-10,São Paulo,3550308,True,,33140,,,-23.50386375,-46.374324,,,,2,2023-06-16T04:05:47+00:00
SAO_2088-10,São Paulo,3550308,True,,33140,,,-23.503725000000003,-46.379984,,,,2,2023-06-16T04:05:35+00:00
SAO_2088-10,São Paulo,3550308,True,,33140,,,-23.503588,-46.380306000000004,,,,2,2023-06-16T04:05:46+00:00
SAO_2088-10,São Paulo,3550308,True,,33140,,,-23.5154765,-46.463212999999996,,,,2,2023-06-16T04:05:52+00:00
SAO_707K-10,São Paulo,3550308,True,,35271,,,-23.651652749999997,-46.678755249999995,,,,2,2023-06-16T04:05:34+00:00
SAO_707K-10,São Paulo,3550308,True,,35271,,,-23.6683575,-46.7355065,,,,2,2023-06-16T04:05:30+00:00
SAO_707K-10,São Paulo,3550308,True,,35271,,,-23.66813,-46.735502499999996,,,,2,2023-06-16T04:05:39+00:00
SAO_707K-10,São Paulo,3550308,True,,35271,,,-23.6461035,-46.6444255,,,,2,2023-06-16T04:05:34+00:00
SAO_514T-10,São Paulo,3550308,True,,34439,,,-23.57707725,-46.607179875,,,,2,2023-06-16T04:05:33+00:00
SAO_514T-10,São Paulo,3550308,True,,34439,,,-23.593684500000002,-46.4983335,,,,2,2023-06-16T04:05:24+00:00
SAO_514T-10,São Paulo,3550308,True,,34439,,,-23.595541,-46.5058845,,,,2,2023-06-16T04:05:34+00:00
SAO_514T-10,São Paulo,3550308,True,,34439,,,-23.5825985,-46.5662145,,,,2,2023-06-16T04:06:04+00:00
SAO_514T-10,São Paulo,3550308,True,,34439,,,-23.602792,-46.6023785,,,,2,2023-06-16T04:05:41+00:00
SAO_4002-10,São Paulo,3550308,True,,2177,,,-23.534216,-46.4529055,,,,1,2023-06-16T04:05:26+00:00
SAO_4002-10,São Paulo,3550308,True,,2177,,,-23.5575805,-46.3985845,,,,1,2023-06-16T04:05:50+00:00
SAO_4002-10,São Paulo,3550308,True,,2177,,,-23.5421065,-46.419275999999996,,,,1,2023-06-16T04:05:40+00:00
SAO_4002-10,São Paulo,3550308,True,,2177,,,-23.578678,-46.48101,,,,1,2023-06-16T04:05:54+00:00
SAO_5105-10,São Paulo,3550308,True,,34419,,,-23.603226749999997,-46.60239175,,,,2,2023-06-16T04:05:18+00:00
SAO_5105-10,São Paulo,3550308,True,,34419,,,-23.5472265,-46.6288135,,,,2,2023-06-16T04:05:51+00:00
SAO_5105-10,São Paulo,3550308,True,,34419,,,-23.594309875,-46.597579999999994,,,,2,2023-06-16T04:05:48+00:00
SAO_5105-10,São Paulo,3550308,True,,34419,,,-23.557588312500002,-46.61829387499999,,,,2,2023-06-16T04:05:56+00:00
SAO_5105-10,São Paulo,3550308,True,,34419,,,-23.6034215,-46.602013,,,,2,2023-06-16T04:05:36+00:00
SAO_5105-10,São Paulo,3550308,True,,34419,,,-23.603084250000002,-46.60265125,,,,2,2023-06-16T04:04:53+00:00
SAO_2552-10,São Paulo,3550308,True,,32910,,,-23.489174499999997,-46.420949500000006,,,,2,2023-06-16T04:05:40+00:00
SAO_2552-10,São Paulo,3550308,True,,32910,,,-23.489174499999997,-46.420949500000006,,,,2,2023-06-16T04:05:32+00:00
SAO_2552-10,São Paulo,3550308,True,,32910,,,-23.4989105,-46.465675000000005,,,,2,2023-06-16T04:05:46+00:00
SAO_2552-10,São Paulo,3550308,True,,32910,,,-23.5372925,-46.5948205,,,,2,2023-06-16T04:05:39+00:00
SAO_2552-10,São Paulo,3550308,True,,32910,,,-23.53254525,-46.562278250000006,,,,2,2023-06-16T04:05:23+00:00
SAO_2552-10,São Paulo,3550308,True,,32910,,,-23.543393625,-46.617332250000004,,,,2,2023-06-16T04:05:52+00:00
SAO_2552-10,São Paulo,3550308,True,,32910,,,-23.489107124999997,-46.417077625000005,,,,2,2023-06-16T04:05:50+00:00
SAO_2552-10,São Paulo,3550308,True,,32910,,,-23.510763,-46.50323,,,,2,2023-06-16T04:05:56+00:00
SAO_2552-10,São Paulo,3550308,True,,32910,,,-23.488234,-46.436364999999995,,,,2,2023-06-16T04:05:12+00:00
SAO_390E-41,São Paulo,3550308,True,,35301,,,-23.518709,-46.546899499999995,,,,2,2023-06-16T04:05:45+00:00
SAO_7022-10,São Paulo,3550308,True,,34852,,,-23.685029999999998,-46.7754175,,,,2,2023-06-16T04:05:29+00:00
SAO_7022-10,São Paulo,3550308,True,,34852,,,-23.67422475,-46.7471625,,,,2,2023-06-16T04:05:30+00:00
SAO_7022-10,São Paulo,3550308,True,,34852,,,-23.683104,-46.774294,,,,2,2023-06-16T04:05:33+00:00
SAO_179X-10,São Paulo,3550308,True,STT,680,https://moovitapp.com/index/pt-br/transporte_p%C3%BAblico-line-680-Sao_Paulo-242-850661-183334-0,5.3,-23.52587975,-46.6431255,,,,1,2023-06-16T04:05:58+00:00
SAO_179X-10,São Paulo,3550308,True,STT,680,https://moovitapp.com/index/pt-br/transporte_p%C3%BAblico-line-680-Sao_Paulo-242-850661-183334-0,5.3,-23.499964249999998,-46.62097125,,,,1,2023-06-16T04:06:00+00:00
SAO_179X-10,São Paulo,3550308,True,STT,680,https://moovitapp.com/index/pt-br/transporte_p%C3%BAblico-line-680-Sao_Paulo-242-850661-183334-0,5.3,-23.4381915,-46.575715,,,,1,2023-06-16T04:06:03+00:00
SAO_179X-10,São Paulo,3550308,True,STT,680,https://moovitapp.com/index/pt-br/transporte_p%C3%BAblico-line-680-Sao_Paulo-242-850661-183334-0,5.3,-23.47126,-46.586546625,,,,1,2023-06-16T04:05:26+00:00
SAO_179X-10,São Paulo,3550308,True,STT,680,https://moovitapp.com/index/pt-br/transporte_p%C3%BAblico-line-680-Sao_Paulo-242-850661-183334-0,5.3,-23.432215,-46.571414000000004,,,,1,2023-06-16T04:05:28+00:00
SAO_177Y-10,São Paulo,3550308,True,,33635,,,-23.567013625,-46.69330325,,,,2,2023-06-16T04:06:00+00:00
SAO_177Y-10,São Paulo,3550308,True,,33635,,,-23.5266685,-46.6673215,,,,2,2023-06-16T04:05:37+00:00
SAO_177Y-10,São Paulo,3550308,True,,33635,,,-23.5269075,-46.66671425,,,,2,2023-06-16T04:05:55+00:00
SAO_524M-10,São Paulo,3550308,True,,34399,,,-23.5845995,-46.519653500000004,,,,2,2023-06-16T04:05:20+00:00
SAO_524M-10,São Paulo,3550308,True,,34399,,,-23.604542000000002,-46.498967,,,,2,2023-06-16T04:05:49+00:00
SAO_524M-10,São Paulo,3550308,True,,34399,,,-23.618092499999996,-46.49372175,,,,2,2023-06-16T04:06:00+00:00
SAO_524M-10,São Paulo,3550308,True,,34399,,,-23.5841935,-46.519512000000006,,,,2,2023-06-16T04:05:20+00:00
SAO_524M-10,São Paulo,3550308,True,,34399,,,-23.567283375000002,-46.510680125,,,,2,2023-06-16T04:05:57+00:00
SAO_3053-10,São Paulo,3550308,True,,33741,,,-23.585588,-46.4950305,,,,2,2023-06-16T04:05:20+00:00
SAO_3053-10,São Paulo,3550308,True,,33741,,,-23.5713335,-46.549805500000005,,,,2,2023-06-16T04:03:38+00:00
SAO_3053-10,São Paulo,3550308,True,,33741,,,-23.558102625,-46.569,,,,2,2023-06-16T04:05:38+00:00
SAO_3053-10,São Paulo,3550308,True,,33741,,,-23.584741,-46.495041,,,,2,2023-06-16T04:05:32+00:00
SAO_3053-10,São Paulo,3550308,True,,33741,,,-23.585588,-46.4950305,,,,2,2023-06-16T04:05:33+00:00
SAO_3053-10,São Paulo,3550308,True,,33741,,,-23.585865,-46.4949845,,,,2,2023-06-16T04:05:29+00:00
SAO_3053-10,São Paulo,3550308,True,,33741,,,-23.584741,-46.495041,,,,2,2023-06-16T04:05:17+00:00
SAO_3053-10,São Paulo,3550308,True,,33741,,,-23.552843,-46.58510425,,,,2,2023-06-16T04:05:54+00:00
SAO_6071-10,São Paulo,3550308,True,,33924,,,-23.72003,-46.676865,,,,2,2023-06-16T04:05:29+00:00
SAO_6071-10,São Paulo,3550308,True,,33924,,,-23.7189085,-46.679475,,,,2,2023-06-16T04:05:32+00:00
SAO_6071-10,São Paulo,3550308,True,,33924,,,-23.654133,-46.7095305,,,,2,2023-06-16T04:05:50+00:00
SAO_6071-10,São Paulo,3550308,True,,33924,,,-23.686436,-46.6939495,,,,2,2023-06-16T04:05:39+00:00
SAO_6071-10,São Paulo,3550308,True,,33924,,,-23.71901475,-46.67920225,,,,2,2023-06-16T04:05:44+00:00
SAO_6071-10,São Paulo,3550308,True,,33924,,,-23.707289000000003,-46.688347,,,,2,2023-06-16T04:05:28+00:00
SAO_2723-10,São Paulo,3550308,True,,937,,,-23.539340000000003,-46.468661499999996,,,,1,2023-06-16T04:05:42+00:00
SAO_2723-10,São Paulo,3550308,True,,937,,,-23.487495,-46.463618999999994,,,,1,2023-06-16T04:05:39+00:00
SAO_2723-10,São Paulo,3550308,True,,937,,,-23.48365975,-46.46373025,,,,1,2023-06-16T04:05:41+00:00
SAO_2723-10,São Paulo,3550308,True,,937,,,-23.49541775,-46.452074999999994,,,,1,2023-06-16T04:05:18+00:00
SAO_2723-10,São Paulo,3550308,True,,937,,,-23.527589750000004,-46.446543250000005,,,,1,2023-06-16T04:05:52+00:00
SAO_2721-10,São Paulo,3550308,True,,934,,,-23.542247500000002,-46.47267,,,,1,2023-06-16T04:05:23+00:00
SAO_2721-10,São Paulo,3550308,True,,934,,,-23.54223,-46.4724785,,,,1,2023-06-16T04:06:00+00:00
SAO_2721-10,São Paulo,3550308,True,,934,,,-23.4957225,-46.4108095,,,,1,2023-06-16T04:05:37+00:00
SAO_2721-10,São Paulo,3550308,True,,934,,,-23.5193225,-46.409525,,,,1,2023-06-16T04:05:40+00:00
SAO_2721-10,São Paulo,3550308,True,,934,,,-23.5193225,-46.409525,,,,1,2023-06-16T04:05:46+00:00
SAO_2721-10,São Paulo,3550308,True,,934,,,-23.5162485,-46.4436565,,,,1,2023-06-16T04:05:58+00:00
SAO_2721-10,São Paulo,3550308,True,,934,,,-23.518871,-46.404691,,,,1,2023-06-16T04:05:23+00:00
SAO_2721-10,São Paulo,3550308,True,,934,,,-23.523802500000002,-46.444316,,,,1,2023-06-16T04:05:37+00:00
SAO_2721-10,São Paulo,3550308,True,,934,,,-23.5193225,-46.409525,,,,1,2023-06-16T04:05:59+00:00
SAO_351F-10,São Paulo,3550308,True,,33455,,,-23.5518385,-46.55413525,,,,2,2023-06-16T04:05:23+00:00
SAO_351F-10,São Paulo,3550308,True,,33455,,,-23.509189,-46.587495000000004,,,,2,2023-06-16T04:05:52+00:00
SAO_351F-10,São Paulo,3550308,True,,33455,,,-23.4606475,-46.583239,,,,2,2023-06-16T04:03:07+00:00
SAO_351F-10,São Paulo,3550308,True,,33455,,,-23.46935225,-46.57555375,,,,2,2023-06-16T04:05:44+00:00
SAO_351F-10,São Paulo,3550308,True,,33455,,,-23.4618045,-46.5828915,,,,2,2023-06-16T04:05:28+00:00
SAO_351F-10,São Paulo,3550308,True,,33455,,,-23.4618045,-46.5828915,,,,2,2023-06-16T04:05:55+00:00
SAO_1765-10,São Paulo,3550308,True,,1782,,,-23.4708685,-46.580084,,,,1,2023-06-16T04:05:49+00:00
SAO_7411-10,São Paulo,3550308,True,,1376,,,-23.570878999999998,-46.709908375,,,,1,2023-06-16T04:05:49+00:00
SAO_7411-10,São Paulo,3550308,True,,1376,,,-23.5525495,-46.7321755,,,,1,2023-06-16T04:05:54+00:00
SAO_5652-10,São Paulo,3550308,True,,33042,,,-23.701327749999997,-46.70153175,,,,2,2023-06-16T04:05:49+00:00
SAO_5652-10,São Paulo,3550308,True,,33042,,,-23.71816025,-46.68691225,,,,2,2023-06-16T04:05:55+00:00
SAO_5652-10,São Paulo,3550308,True,,33042,,,-23.685003000000002,-46.692727000000005,,,,2,2023-06-16T04:05:29+00:00
SAO_5652-10,São Paulo,3550308,True,,33042,,,-23.716538,-46.688607000000005,,,,2,2023-06-16T04:05:44+00:00
SAO_5652-10,São Paulo,3550308,True,,33042,,,-23.6130365,-46.6577245,,,,2,2023-06-16T04:05:28+00:00
SAO_5652-10,São Paulo,3550308,True,,33042,,,-23.5517905,-46.6373745,,,,2,2023-06-16T04:05:59+00:00
SAO_5652-10,São Paulo,3550308,True,,33042,,,-23.678561000000002,-46.685127,,,,2,2023-06-16T04:05:46+00:00
SAO_5652-10,São Paulo,3550308,True,,33042,,,-23.704033000000003,-46.688122,,,,2,2023-06-16T04:05:51+00:00
SAO_6044-10,São Paulo,3550308,True,,33989,,,-23.676567,-46.798396,,,,2,2023-06-16T04:05:22+00:00
SAO_6044-10,São Paulo,3550308,True,,33989,,,-23.654092499999997,-46.710306,,,,2,2023-06-16T04:05:53+00:00
SAO_6044-10,São Paulo,3550308,True,,33989,,,-23.642476000000002,-46.738743,,,,2,2023-06-16T04:05:37+00:00
SAO_6044-10,São Paulo,3550308,True,,33989,,,-23.6607035,-46.7779355,,,,2,2023-06-16T04:06:00+00:00
SAO_6044-10,São Paulo,3550308,True,,33989,,,-23.676567,-46.798396,,,,2,2023-06-16T04:05:45+00:00
SAO_6044-10,São Paulo,3550308,True,,33989,,,-23.65126075,-46.707950999999994,,,,2,2023-06-16T04:05:53+00:00
SAO_6044-10,São Paulo,3550308,True,,33989,,,-23.676892,-46.79863,,,,2,2023-06-16T04:05:48+00:00
SAO_1702-10,São Paulo,3550308,True,,846,,,-23.4557285,-46.5833245,,,,1,2023-06-16T04:05:52+00:00
SAO_1702-10,São Paulo,3550308,True,,846,,,-23.500714000000002,-46.624559500000004,,,,1,2023-06-16T04:05:32+00:00
SAO_1702-10,São Paulo,3550308,True,,846,,,-23.481398,-46.601732999999996,,,,1,2023-06-16T04:05:40+00:00
SAO_6047-10,São Paulo,3550308,True,,33992,,,-23.668284,-46.763536,,,,2,2023-06-16T04:05:48+00:00
SAO_6047-10,São Paulo,3550308,True,,33992,,,-23.6557545,-46.74125225,,,,2,2023-06-16T04:05:25+00:00
SAO_6047-10,São Paulo,3550308,True,,33992,,,-23.668464,-46.7637515,,,,2,2023-06-16T04:05:46+00:00
SAO_6358-10,São Paulo,3550308,True,,34062,,,-23.6857025,-46.637755999999996,,,,2,2023-06-16T04:05:36+00:00
SAO_6358-10,São Paulo,3550308,True,,34062,,,-23.66534325,-46.65824125,,,,2,2023-06-16T04:05:47+00:00
SAO_6358-10,São Paulo,3550308,True,,34062,,,-23.5706045,-46.6626015,,,,2,2023-06-16T04:05:32+00:00
SAO_6358-10,São Paulo,3550308,True,,34062,,,-23.617021125,-46.67492475,,,,2,2023-06-16T04:05:33+00:00
SAO_6358-10,São Paulo,3550308,True,,34062,,,-23.600950875000002,-46.6598455,,,,2,2023-06-16T04:05:43+00:00
SAO_6358-10,São Paulo,3550308,True,,34062,,,-23.6855415,-46.637704,,,,2,2023-06-16T04:05:53+00:00
SAO_6358-10,São Paulo,3550308,True,,34062,,,-23.6865375,-46.6380315,,,,2,2023-06-16T04:05:34+00:00
SAO_6358-10,São Paulo,3550308,True,,34062,,,-23.667579500000002,-46.6533235,,,,2,2023-06-16T04:05:37+00:00
SAO_6358-10,São Paulo,3550308,True,,34062,,,-23.685576249999997,-46.633362500000004,,,,2,2023-06-16T04:05:40+00:00
SAO_5185-10,São Paulo,3550308,True,,34076,,,-23.6441285,-46.672854,,,,2,2023-06-16T04:05:53+00:00
SAO_5185-10,São Paulo,3550308,True,,34076,,,-23.643925,-46.67291899999999,,,,2,2023-06-16T04:05:32+00:00
SAO_5185-10,São Paulo,3550308,True,,34076,,,-23.643703000000002,-46.673113,,,,2,2023-06-16T04:05:45+00:00
SAO_5185-10,São Paulo,3550308,True,,34076,,,-23.551664000000002,-46.6372965,,,,2,2023-06-16T04:05:30+00:00
SAO_5185-10,São Paulo,3550308,True,,34076,,,-23.5831255,-46.656835,,,,2,2023-06-16T04:05:49+00:00
SAO_5185-10,São Paulo,3550308,True,,34076,,,-23.66763,-46.731019,,,,2,2023-06-16T04:05:29+00:00
SAO_748R-10,São Paulo,3550308,True,,33269,,,-23.539448999999998,-46.728101,,,,2,2023-06-16T04:05:30+00:00
SAO_748R-10,São Paulo,3550308,True,,33269,,,-23.600666,-46.784031999999996,,,,2,2023-06-16T04:05:27+00:00
SAO_748R-10,São Paulo,3550308,True,,33269,,,-23.5263215,-46.666750500000006,,,,2,2023-06-16T04:05:45+00:00
SAO_748R-10,São Paulo,3550308,True,,33269,,,-23.5935695,-46.7851115,,,,2,2023-06-16T04:05:41+00:00
SAO_748R-10,São Paulo,3550308,True,,33269,,,-23.600666,-46.784031999999996,,,,2,2023-06-16T04:05:51+00:00
SAO_748R-10,São Paulo,3550308,True,,33269,,,-23.5397805,-46.7287185,,,,2,2023-06-16T04:05:52+00:00
SAO_748R-10,São Paulo,3550308,True,,33269,,,-23.533532375,-46.713596249999995,,,,2,2023-06-16T04:05:44+00:00
SAO_748R-10,São Paulo,3550308,True,,33269,,,-23.60026,-46.7842455,,,,2,2023-06-16T04:05:43+00:00
SAO_917H-10,São Paulo,3550308,True,STT,456,https://moovitapp.com/index/pt-br/transporte_p%C3%BAblico-line-456-Sao_Paulo-242-850661-10416524-0,5.3,-23.5407565,-46.701558750000004,,,,1,2023-06-16T04:05:44+00:00
SAO_917H-10,São Paulo,3550308,True,STT,456,https://moovitapp.com/index/pt-br/transporte_p%C3%BAblico-line-456-Sao_Paulo-242-850661-10416524-0,5.3,-23.486014,-46.7257505,,,,1,2023-06-16T04:05:29+00:00
SAO_917H-10,São Paulo,3550308,True,STT,456,https://moovitapp.com/index/pt-br/transporte_p%C3%BAblico-line-456-Sao_Paulo-242-850661-10416524-0,5.3,-23.589263,-46.634504,,,,1,2023-06-16T04:06:03+00:00
SAO_917H-10,São Paulo,3550308,True,STT,456,https://moovitapp.com/index/pt-br/transporte_p%C3%BAblico-line-456-Sao_Paulo-242-850661-10416524-0,5.3,-23.48608,-46.7258125,,,,1,2023-06-16T04:05:22+00:00
SAO_917H-10,São Paulo,3550308,True,STT,456,https://moovitapp.com/index/pt-br/transporte_p%C3%BAblico-line-456-Sao_Paulo-242-850661-10416524-0,5.3,-23.5476075,-46.6884185,,,,1,2023-06-16T04:05:58+00:00
SAO_917H-10,São Paulo,3550308,False,STT,456,https://moovitapp.com/index/pt-br/transporte_p%C3%BAblico-line-456-Sao_Paulo-242-850661-10416524-0,5.3,-23.486221999999998,-46.725944999999996,,,,1,2023-06-16T04:05:26+00:00
SAO_917H-10,São Paulo,3550308,True,STT,456,https://moovitapp.com/index/pt-br/transporte_p%C3%BAblico-line-456-Sao_Paulo-242-850661-10416524-0,5.3,-23.486366500000003,-46.726082,,,,1,2023-06-16T04:05:33+00:00
SAO_917H-10,São Paulo,3550308,True,STT,456,https://moovitapp.com/index/pt-br/transporte_p%C3%BAblico-line-456-Sao_Paulo-242-850661-10416524-0,5.3,-23.4886455,-46.729033,,,,1,2023-06-16T04:05:56+00:00
SAO_917H-10,São Paulo,3550308,True,STT,456,https://moovitapp.com/index/pt-br/transporte_p%C3%BAblico-line-456-Sao_Paulo-242-850661-10416524-0,5.3,-23.515198375,-46.753811,,,,1,2023-06-16T04:05:54+00:00
SAO_917H-10,São Paulo,3550308,True,STT,456,https://moovitapp.com/index/pt-br/transporte_p%C3%BAblico-line-456-Sao_Paulo-242-850661-10416524-0,5.3,-23.486438,-46.726151,,,,1,2023-06-16T04:05:59+00:00
SAO_917H-10,São Paulo,3550308,True,STT,456,https://moovitapp.com/index/pt-br/transporte_p%C3%BAblico-line-456-Sao_Paulo-242-850661-10416524-0,5.3,-23.486517,-46.7262255,,,,1,2023-06-16T04:05:26+00:00
SAO_917H-10,São Paulo,3550308,True,STT,456,https://moovitapp.com/index/pt-br/transporte_p%C3%BAblico-line-456-Sao_Paulo-242-850661-10416524-0,5.3,-23.547716,-46.686693500000004,,,,1,2023-06-16T04:05:49+00:00
SAO_917H-10,São Paulo,3550308,True,STT,456,https://moovitapp.com/index/pt-br/transporte_p%C3%BAblico-line-456-Sao_Paulo-242-850661-10416524-0,5.3,-23.486014,-46.7257505,,,,1,2023-06-16T04:05:25+00:00
SAO_917H-10,São Paulo,3550308,False,STT,456,https://moovitapp.com/index/pt-br/transporte_p%C3%BAblico-line-456-Sao_Paulo-242-850661-10416524-0,5.3,-23.486014,-46.7257505,,,,1,2023-06-16T04:05:35+00:00
SAO_PAEC-10,São Paulo,3550308,True,,34190,,,-23.503025,-46.6242335,,,,2,2023-06-16T04:05:59+00:00
SAO_5141-10,São Paulo,3550308,True,,1625,,,-23.614004,-46.501168500000006,,,,1,2023-06-16T04:05:52+00:00
SAO_5141-10,São Paulo,3550308,True,,1625,,,-23.573226,-46.559912,,,,1,2023-06-16T04:05:26+00:00
SAO_5141-10,São Paulo,3550308,True,,1625,,,-23.5419785,-46.6366165,,,,1,2023-06-16T04:06:00+00:00
SAO_675K-10,São Paulo,3550308,True,EMTU,198,https://moovitapp.com/index/pt-br/transporte_p%C3%BAblico-line-198-Sao_Paulo-242-2038937-59811937-0,6.35,-23.6497811875,-46.70390193750001,,,,1,2023-06-16T04:05:37+00:00
SAO_675K-10,São Paulo,3550308,True,EMTU,198,https://moovitapp.com/index/pt-br/transporte_p%C3%BAblico-line-198-Sao_Paulo-242-2038937-59811937-0,6.35,-23.68683775,-46.771108749999996,,,,1,2023-06-16T04:05:53+00:00
SAO_675K-10,São Paulo,3550308,True,EMTU,198,https://moovitapp.com/index/pt-br/transporte_p%C3%BAblico-line-198-Sao_Paulo-242-2038937-59811937-0,6.35,-23.690517,-46.7737425,,,,1,2023-06-16T04:05:57+00:00
SAO_675K-10,São Paulo,3550308,True,EMTU,198,https://moovitapp.com/index/pt-br/transporte_p%C3%BAblico-line-198-Sao_Paulo-242-2038937-59811937-0,6.35,-23.690517,-46.7737425,,,,1,2023-06-16T04:05:56+00:00
SAO_675K-10,São Paulo,3550308,True,EMTU,198,https://moovitapp.com/index/pt-br/transporte_p%C3%BAblico-line-198-Sao_Paulo-242-2038937-59811937-0,6.35,-23.690517,-46.7737425,,,,1,2023-06-16T04:05:53+00:00
SAO_675K-10,São Paulo,3550308,True,EMTU,198,https://moovitapp.com/index/pt-br/transporte_p%C3%BAblico-line-198-Sao_Paulo-242-2038937-59811937-0,6.35,-23.596426,-46.650729999999996,,,,1,2023-06-16T04:05:30+00:00
SAO_675K-10,São Paulo,3550308,True,EMTU,198,https://moovitapp.com/index/pt-br/transporte_p%C3%BAblico-line-198-Sao_Paulo-242-2038937-59811937-0,6.35,-23.682178,-46.76720775,,,,1,2023-06-16T04:05:45+00:00
SAO_675K-10,São Paulo,3550308,True,EMTU,198,https://moovitapp.com/index/pt-br/transporte_p%C3%BAblico-line-198-Sao_Paulo-242-2038937-59811937-0,6.35,-23.64855,-46.703035,,,,1,2023-06-16T04:05:33+00:00
SAO_675K-10,São Paulo,3550308,True,EMTU,198,https://moovitapp.com/index/pt-br/transporte_p%C3%BAblico-line-198-Sao_Paulo-242-2038937-59811937-0,6.35,-23.690517,-46.7737425,,,,1,2023-06-16T04:05:38+00:00
SAO_675K-10,São Paulo,3550308,True,EMTU,198,https://moovitapp.com/index/pt-br/transporte_p%C3%BAblico-line-198-Sao_Paulo-242-2038937-59811937-0,6.35,-23.690886,-46.774112,,,,1,2023-06-16T04:05:51+00:00
SAO_675K-10,São Paulo,3550308,True,EMTU,198,https://moovitapp.com/index/pt-br/transporte_p%C3%BAblico-line-198-Sao_Paulo-242-2038937-59811937-0,6.35,-23.676291499999998,-46.7495555,,,,1,2023-06-16T04:05:43+00:00
SAO_675K-10,São Paulo,3550308,True,EMTU,198,https://moovitapp.com/index/pt-br/transporte_p%C3%BAblico-line-198-Sao_Paulo-242-2038937-59811937-0,6.35,-23.666804875000004,-46.7222095,,,,1,2023-06-16T04:05:48+00:00
SAO_118C-10,São Paulo,3550308,True,,519,,,-23.535015625,-46.64999725,,,,1,2023-06-16T04:05:21+00:00
SAO_118C-10,São Paulo,3550308,True,,519,,,-23.487195,-46.626812,,,,1,2023-06-16T04:05:26+00:00
SAO_118C-10,São Paulo,3550308,True,,519,,,-23.4708995,-46.6523345,,,,1,2023-06-16T04:05:36+00:00
SAO_118C-10,São Paulo,3550308,True,,519,,,-23.52186125,-46.6305305,,,,1,2023-06-16T04:05:51+00:00
SAO_938L-10,São Paulo,3550308,True,,1368,,,-23.517339999999997,-46.704061125,,,,1,2023-06-16T04:05:53+00:00
SAO_938L-10,São Paulo,3550308,True,,1368,,,-23.475696,-46.670624000000004,,,,1,2023-06-16T04:05:55+00:00
SAO_938L-10,São Paulo,3550308,True,,1368,,,-23.486594999999998,-46.682212,,,,1,2023-06-16T04:05:55+00:00
SAO_6057-10,São Paulo,3550308,True,,1148,,,-23.7529495,-46.71035,,,,1,2023-06-16T04:05:51+00:00
SAO_6057-10,São Paulo,3550308,True,,1148,,,-23.766551999999997,-46.7091615,,,,1,2023-06-16T04:05:44+00:00
SAO_6057-10,São Paulo,3550308,True,,1148,,,-23.766551999999997,-46.7091615,,,,1,2023-06-16T04:05:47+00:00
SAO_6057-10,São Paulo,3550308,True,,1148,,,-23.766551999999997,-46.7091615,,,,1,2023-06-16T04:05:54+00:00
SAO_476G-10,São Paulo,3550308,True,,1111,,,-23.592209500000003,-46.646994500000005,,,,1,2023-06-16T04:05:19+00:00
SAO_476G-10,São Paulo,3550308,True,,1111,,,-23.576901375,-46.604938625,,,,1,2023-06-16T04:04:37+00:00
SAO_6063-10,São Paulo,3550308,True,,1152,,,-23.767531499999997,-46.7162965,,,,1,2023-06-16T04:05:45+00:00
SAO_6063-10,São Paulo,3550308,True,,1152,,,-23.774061,-46.706691500000005,,,,1,2023-06-16T04:05:42+00:00
SAO_8001-10,São Paulo,3550308,True,,34019,,,-23.5202495,-46.710781999999995,,,,2,2023-06-16T04:05:27+00:00
SAO_8001-10,São Paulo,3550308,True,,34019,,,-23.502658,-46.760932499999996,,,,2,2023-06-16T04:05:56+00:00
SAO_5031-10,São Paulo,3550308,True,,1746,,,-23.60328075,-46.602380499999995,,,,1,2023-06-16T04:05:27+00:00
SAO_5031-10,São Paulo,3550308,True,,1746,,,-23.637415,-46.592847500000005,,,,1,2023-06-16T04:05:47+00:00
SAO_5031-10,São Paulo,3550308,True,,1746,,,-23.631887499999998,-46.5856905,,,,1,2023-06-16T04:05:31+00:00
SAO_5031-10,São Paulo,3550308,True,,1746,,,-23.603042000000002,-46.601376,,,,1,2023-06-16T04:05:50+00:00
SAO_5031-10,São Paulo,3550308,True,,1746,,,-23.623089625,-46.59132425,,,,1,2023-06-16T04:05:54+00:00
SAO_5031-10,São Paulo,3550308,True,,1746,,,-23.60328075,-46.602380499999995,,,,1,2023-06-16T04:05:59+00:00
SAO_5031-10,São Paulo,3550308,True,,1746,,,-23.610088,-46.595924,,,,1,2023-06-16T04:05:55+00:00
SAO_6041-10,São Paulo,3550308,True,,1218,,,-23.690493500000002,-46.780443,,,,1,2023-06-16T04:05:32+00:00
SAO_6041-10,São Paulo,3550308,True,,1218,,,-23.644008499999998,-46.732204,,,,1,2023-06-16T04:05:36+00:00
SAO_6041-10,São Paulo,3550308,True,,1218,,,-23.686853624999998,-46.780378125,,,,1,2023-06-16T04:05:50+00:00
SAO_6041-10,São Paulo,3550308,True,,1218,,,-23.690493500000002,-46.780443,,,,1,2023-06-16T04:05:33+00:00
SAO_6041-10,São Paulo,3550308,True,,1218,,,-23.690493500000002,-46.780443,,,,1,2023-06-16T04:05:59+00:00
SAO_6041-10,São Paulo,3550308,True,,1218,,,-23.65865,-46.765243,,,,1,2023-06-16T04:05:47+00:00
SAO_6061-10,São Paulo,3550308,True,,1150,,,-23.7817615,-46.681180499999996,,,,1,2023-06-16T04:05:53+00:00
SAO_6061-10,São Paulo,3550308,True,,1150,,,-23.737090000000002,-46.697100000000006,,,,1,2023-06-16T04:05:35+00:00
SAO_6061-10,São Paulo,3550308,True,,1150,,,-23.7817615,-46.681180499999996,,,,1,2023-06-16T04:05:31+00:00
SAO_6061-10,São Paulo,3550308,True,,1150,,,-23.784658,-46.68967125,,,,1,2023-06-16T04:05:58+00:00
SAO_6061-10,São Paulo,3550308,True,,1150,,,-23.7817615,-46.681180499999996,,,,1,2023-06-16T04:05:26+00:00
SAO_8018-10,São Paulo,3550308,True,,34838,,,-23.5987205,-46.7366745,,,,2,2023-06-16T04:06:03+00:00
SAO_8018-10,São Paulo,3550308,True,,34838,,,-23.5987205,-46.7366745,,,,2,2023-06-16T04:05:31+00:00
SAO_2435-10,São Paulo,3550308,True,,32978,,,-23.5289775,-46.4795655,,,,2,2023-06-16T04:05:43+00:00
SAO_2435-10,São Paulo,3550308,True,,32978,,,-23.528665500000002,-46.554443500000005,,,,2,2023-06-16T04:05:56+00:00
SAO_2435-10,São Paulo,3550308,True,,32978,,,-23.5289775,-46.4795655,,,,2,2023-06-16T04:05:27+00:00
SAO_1745-10,São Paulo,3550308,True,,546,,,-23.4943105,-46.646121,,,,1,2023-06-16T04:05:52+00:00
SAO_1745-10,São Paulo,3550308,True,,546,,,-23.516675,-46.616491499999995,,,,1,2023-06-16T04:05:59+00:00
SAO_2182-10,São Paulo,3550308,True,STT,700,https://moovitapp.com/index/pt-br/transporte_p%C3%BAblico-line-700-Sao_Paulo-242-850661-183337-0,5.3,-23.481513999999997,-46.5715465,,,,1,2023-06-16T04:05:30+00:00
SAO_2182-10,São Paulo,3550308,True,STT,700,https://moovitapp.com/index/pt-br/transporte_p%C3%BAblico-line-700-Sao_Paulo-242-850661-183337-0,5.3,-23.5428145,-46.635748,,,,1,2023-06-16T04:05:23+00:00
SAO_2182-10,São Paulo,3550308,True,STT,700,https://moovitapp.com/index/pt-br/transporte_p%C3%BAblico-line-700-Sao_Paulo-242-850661-183337-0,5.3,-23.529812,-46.60301837499999,,,,1,2023-06-16T04:05:47+00:00
SAO_2182-10,São Paulo,3550308,True,STT,700,https://moovitapp.com/index/pt-br/transporte_p%C3%BAblico-line-700-Sao_Paulo-242-850661-183337-0,5.3,-23.542074,-46.627536,,,,1,2023-06-16T04:05:59+00:00
SAO_2182-10,São Paulo,3550308,True,STT,700,https://moovitapp.com/index/pt-br/transporte_p%C3%BAblico-line-700-Sao_Paulo-242-850661-183337-0,5.3,-23.48931,-46.5738365,,,,1,2023-06-16T04:05:57+00:00
SAO_148P-10,São Paulo,3550308,True,,33302,,,-23.4701105,-46.654007,,,,2,2023-06-16T04:05:51+00:00
SAO_148P-10,São Paulo,3550308,True,,33302,,,-23.502674499999998,-46.65743825,,,,2,2023-06-16T04:05:22+00:00
SAO_148P-10,São Paulo,3550308,True,,33302,,,-23.492981,-46.662028,,,,2,2023-06-16T04:05:26+00:00
SAO_148P-10,São Paulo,3550308,True,,33302,,,-23.458014499999997,-46.642661000000004,,,,2,2023-06-16T04:05:54+00:00
SAO_148P-10,São Paulo,3550308,True,,33302,,,-23.526382499999997,-46.6660375,,,,2,2023-06-16T04:05:45+00:00
SAO_148P-10,São Paulo,3550308,True,,33302,,,-23.4580645,-46.6433105,,,,2,2023-06-16T04:05:25+00:00
SAO_148P-10,São Paulo,3550308,True,,33302,,,-23.528823,-46.66128500000001,,,,2,2023-06-16T04:06:01+00:00
SAO_148P-10,São Paulo,3550308,True,,33302,,,-23.4580645,-46.6433105,,,,2,2023-06-16T04:05:58+00:00
SAO_148P-10,São Paulo,3550308,True,,33302,,,-23.458094,-46.642975500000006,,,,2,2023-06-16T04:05:25+00:00
SAO_6006-10,São Paulo,3550308,True,EMTU,175,https://moovitapp.com/index/pt-br/transporte_p%C3%BAblico-line-175-Sao_Paulo-242-2038937-36419312-0,6.25,-23.658759,-46.698775999999995,,,,1,2023-06-16T04:05:54+00:00
SAO_6006-10,São Paulo,3550308,True,EMTU,175,https://moovitapp.com/index/pt-br/transporte_p%C3%BAblico-line-175-Sao_Paulo-242-2038937-36419312-0,6.25,-23.6922335,-46.757836499999996,,,,1,2023-06-16T04:05:52+00:00
SAO_6006-10,São Paulo,3550308,True,EMTU,175,https://moovitapp.com/index/pt-br/transporte_p%C3%BAblico-line-175-Sao_Paulo-242-2038937-36419312-0,6.25,-23.676755999999997,-46.753557,,,,1,2023-06-16T04:05:51+00:00
SAO_6006-10,São Paulo,3550308,True,EMTU,175,https://moovitapp.com/index/pt-br/transporte_p%C3%BAblico-line-175-Sao_Paulo-242-2038937-36419312-0,6.25,-23.6922335,-46.757836499999996,,,,1,2023-06-16T04:03:02+00:00
SAO_6006-10,São Paulo,3550308,True,EMTU,175,https://moovitapp.com/index/pt-br/transporte_p%C3%BAblico-line-175-Sao_Paulo-242-2038937-36419312-0,6.25,-23.667765000000003,-46.680365,,,,1,2023-06-16T04:05:43+00:00
SAO_6006-10,São Paulo,3550308,True,EMTU,175,https://moovitapp.com/index/pt-br/transporte_p%C3%BAblico-line-175-Sao_Paulo-242-2038937-36419312-0,6.25,-23.666076875,-46.715127249999995,,,,1,2023-06-16T04:04:39+00:00
SAO_6006-10,São Paulo,3550308,True,EMTU,175,https://moovitapp.com/index/pt-br/transporte_p%C3%BAblico-line-175-Sao_Paulo-242-2038937-36419312-0,6.25,-23.667765000000003,-46.680365,,,,1,2023-06-16T04:06:02+00:00
SAO_6006-10,São Paulo,3550308,True,EMTU,175,https://moovitapp.com/index/pt-br/transporte_p%C3%BAblico-line-175-Sao_Paulo-242-2038937-36419312-0,6.25,-23.6922335,-46.757836499999996,,,,1,2023-06-16T04:05:22+00:00
SAO_6006-10,São Paulo,3550308,True,EMTU,175,https://moovitapp.com/index/pt-br/transporte_p%C3%BAblico-line-175-Sao_Paulo-242-2038937-36419312-0,6.25,-23.6741185,-46.6780075,,,,1,2023-06-16T04:05:55+00:00
SAO_1034-10,São Paulo,3550308,True,,35220,,,-23.4821345,-46.708207,,,,2,2023-06-16T04:05:18+00:00
SAO_1034-10,São Paulo,3550308,True,,35220,,,-23.47083525,-46.71026325,,,,2,2023-06-16T04:05:28+00:00
SAO_175T-10,São Paulo,3550308,True,,623,,,-23.636794875,-46.651476,,,,1,2023-06-16T04:05:18+00:00
SAO_175T-10,São Paulo,3550308,True,,623,,,-23.653689999999997,-46.6379405,,,,1,2023-06-16T04:05:23+00:00
SAO_175T-10,São Paulo,3550308,True,,623,,,-23.653689999999997,-46.6379405,,,,1,2023-06-16T04:05:25+00:00
SAO_175T-10,São Paulo,3550308,True,,623,,,-23.653510999999998,-46.637828,,,,1,2023-06-16T04:05:47+00:00
SAO_175T-10,São Paulo,3550308,True,,623,,,-23.596609,-46.65099325,,,,1,2023-06-16T04:05:51+00:00
SAO_175T-10,São Paulo,3550308,True,,623,,,-23.6158795,-46.66041,,,,1,2023-06-16T04:05:53+00:00
SAO_175T-10,São Paulo,3550308,True,,623,,,-23.6539315,-46.637958,,,,1,2023-06-16T04:06:01+00:00
SAO_175T-10,São Paulo,3550308,True,,623,,,-23.652662499999998,-46.6373495,,,,1,2023-06-16T04:05:24+00:00
SAO_175T-10,São Paulo,3550308,True,,623,,,-23.653136,-46.6373365,,,,1,2023-06-16T04:05:57+00:00
SAO_175T-10,São Paulo,3550308,True,,623,,,-23.5546475,-46.63713525,,,,1,2023-06-16T04:05:29+00:00
SAO_175T-10,São Paulo,3550308,True,,623,,,-23.518125,-46.6258435,,,,1,2023-06-16T04:05:44+00:00
SAO_175T-10,São Paulo,3550308,True,,623,,,-23.5031455,-46.6236635,,,,1,2023-06-16T04:05:33+00:00
SAO_6291-10,São Paulo,3550308,True,,33126,,,-23.615748,-46.7131055,,,,2,2023-06-16T04:05:37+00:00
SAO_6291-10,São Paulo,3550308,True,,33126,,,-23.5706045,-46.6626015,,,,2,2023-06-16T04:05:35+00:00
SAO_6291-10,São Paulo,3550308,True,,33126,,,-23.6435375,-46.776610000000005,,,,2,2023-06-16T04:06:03+00:00
SAO_6291-10,São Paulo,3550308,True,,33126,,,-23.63875,-46.74249225,,,,2,2023-06-16T04:05:28+00:00
SAO_6291-10,São Paulo,3550308,True,,33126,,,-23.644193,-46.7669475,,,,2,2023-06-16T04:05:26+00:00
SAO_6291-10,São Paulo,3550308,True,,33126,,,-23.586196,-46.69718,,,,2,2023-06-16T04:05:28+00:00
SAO_2012-10,São Paulo,3550308,True,,35049,,,-23.489123499999998,-46.581668500000006,,,,2,2023-06-16T04:05:50+00:00
SAO_2012-10,São Paulo,3550308,True,,35049,,,-23.506771,-46.604972000000004,,,,2,2023-06-16T04:04:30+00:00
SAO_775N-10,São Paulo,3550308,True,,33242,,,-23.5767655,-46.7657605,,,,2,2023-06-16T04:05:52+00:00
SAO_775N-10,São Paulo,3550308,True,,33242,,,-23.576906,-46.7658355,,,,2,2023-06-16T04:05:54+00:00
SAO_775N-10,São Paulo,3550308,True,,33242,,,-23.5765195,-46.765648,,,,2,2023-06-16T04:05:45+00:00
SAO_971X-10,São Paulo,3550308,True,,34463,,,-23.475517375,-46.66922425,,,,2,2023-06-16T04:05:50+00:00
SAO_971X-10,São Paulo,3550308,True,,34463,,,-23.4752765,-46.6688805,,,,2,2023-06-16T04:05:46+00:00
SAO_971X-10,São Paulo,3550308,True,,34463,,,-23.4752765,-46.6688805,,,,2,2023-06-16T04:05:56+00:00
SAO_971X-10,São Paulo,3550308,True,,34463,,,-23.475101000000002,-46.670268,,,,2,2023-06-16T04:05:58+00:00
SAO_971X-10,São Paulo,3550308,True,,34463,,,-23.50308,-46.6253845,,,,2,2023-06-16T04:05:48+00:00
SAO_971X-10,São Paulo,3550308,True,,34463,,,-23.49803525,-46.639185499999996,,,,2,2023-06-16T04:04:45+00:00
SAO_4033-10,São Paulo,3550308,True,,1103,,,-23.603224250000004,-46.541937499999996,,,,1,2023-06-16T04:05:57+00:00
SAO_4033-10,São Paulo,3550308,True,,1103,,,-23.604014499999998,-46.538113499999994,,,,1,2023-06-16T04:05:47+00:00
SAO_4033-10,São Paulo,3550308,True,,1103,,,-23.617859000000003,-46.457464,,,,1,2023-06-16T04:06:02+00:00
SAO_4033-10,São Paulo,3550308,True,,1103,,,-23.598543,-46.5201735,,,,1,2023-06-16T04:05:23+00:00
SAO_4033-10,São Paulo,3550308,True,,1103,,,-23.6142185,-46.497623,,,,1,2023-06-16T04:06:03+00:00
SAO_4033-10,São Paulo,3550308,True,,1103,,,-23.612826,-46.479245,,,,1,2023-06-16T04:05:58+00:00
SAO_4033-10,São Paulo,3550308,True,,1103,,,-23.595152499999998,-46.503015500000004,,,,1,2023-06-16T04:05:40+00:00
SAO_4033-10,São Paulo,3550308,True,,1103,,,-23.619987000000002,-46.4442025,,,,1,2023-06-16T04:05:47+00:00
SAO_2703-10,São Paulo,3550308,True,,33683,,,-23.5292015,-46.420719500000004,,,,2,2023-06-16T04:05:50+00:00
SAO_2703-10,São Paulo,3550308,True,,33683,,,-23.52505,-46.419146999999995,,,,2,2023-06-16T04:05:44+00:00
SAO_2703-10,São Paulo,3550308,True,,33683,,,-23.539727499999998,-46.468218,,,,2,2023-06-16T04:05:42+00:00
SAO_2703-10,São Paulo,3550308,True,,33683,,,-23.529075,-46.42023275,,,,2,2023-06-16T04:05:54+00:00
SAO_2703-10,São Paulo,3550308,True,,33683,,,-23.529075,-46.42023275,,,,2,2023-06-16T04:05:23+00:00
SAO_917H-10,São Paulo,3550308,True,,33224,,,-23.48692225,-46.726247,,,,2,2023-06-16T04:05:35+00:00
SAO_917H-10,São Paulo,3550308,True,,33224,,,-23.5370335,-46.709402499999996,,,,2,2023-06-16T04:05:22+00:00
SAO_917H-10,São Paulo,3550308,True,,33224,,,-23.53180675,-46.73010725,,,,2,2023-06-16T04:05:21+00:00
SAO_917H-10,São Paulo,3550308,True,,33224,,,-23.5113995,-46.7540145,,,,2,2023-06-16T04:05:31+00:00
SAO_917H-10,São Paulo,3550308,True,,33224,,,-23.48722275,-46.726573,,,,2,2023-06-16T04:05:23+00:00
SAO_917H-10,São Paulo,3550308,True,,33224,,,-23.565641499999998,-46.6513415,,,,2,2023-06-16T04:05:39+00:00
SAO_917H-10,São Paulo,3550308,True,,33224,,,-23.589511,-46.6342965,,,,2,2023-06-16T04:05:43+00:00
SAO_917H-10,São Paulo,3550308,True,,33224,,,-23.48722275,-46.726573,,,,2,2023-06-16T04:05:22+00:00
SAO_917H-10,São Paulo,3550308,True,,33224,,,-23.4866745,-46.725972999999996,,,,2,2023-06-16T04:05:56+00:00
SAO_917H-10,São Paulo,3550308,True,,33224,,,-23.486822,-46.747691,,,,2,2023-06-16T04:05:41+00:00
SAO_917H-10,São Paulo,3550308,True,,33224,,,-23.5466355,-46.69045,,,,2,2023-06-16T04:05:58+00:00
SAO_917H-10,São Paulo,3550308,True,,33224,,,-23.530416,-46.737472,,,,2,2023-06-16T04:05:29+00:00
SAO_809T-10,São Paulo,3550308,True,,35014,,,-23.585870999999997,-46.8051445,,,,2,2023-06-16T04:05:32+00:00
SAO_809T-10,São Paulo,3550308,True,,35014,,,-23.5574805,-46.746009,,,,2,2023-06-16T04:05:31+00:00
SAO_809T-10,São Paulo,3550308,True,,35014,,,-23.5275185,-46.734105,,,,2,2023-06-16T04:05:54+00:00
SAO_809T-10,São Paulo,3550308,True,,35014,,,-23.585785,-46.8053525,,,,2,2023-06-16T04:05:55+00:00
SAO_6291-10,São Paulo,3550308,True,EMTU,358,https://moovitapp.com/index/pt-br/transporte_p%C3%BAblico-line-358-Sao_Paulo-242-2038937-36419439-0,4.8,-23.646507,-46.7565635,,,,1,2023-06-16T04:05:21+00:00
SAO_6291-10,São Paulo,3550308,True,EMTU,358,https://moovitapp.com/index/pt-br/transporte_p%C3%BAblico-line-358-Sao_Paulo-242-2038937-36419439-0,4.8,-23.579226000000002,-46.67644025,,,,1,2023-06-16T04:05:27+00:00
SAO_6291-10,São Paulo,3550308,True,EMTU,358,https://moovitapp.com/index/pt-br/transporte_p%C3%BAblico-line-358-Sao_Paulo-242-2038937-36419439-0,4.8,-23.604038,-46.7122935,,,,1,2023-06-16T04:05:46+00:00
SAO_8400-10,São Paulo,3550308,True,,34033,,,-23.51377175,-46.7025705,,,,2,2023-06-16T04:06:00+00:00
SAO_8400-10,São Paulo,3550308,True,,34033,,,-23.486457,-46.7270195,,,,2,2023-06-16T04:03:59+00:00
SAO_8400-10,São Paulo,3550308,True,,34033,,,-23.486620000000002,-46.727194,,,,2,2023-06-16T04:05:49+00:00
SAO_8400-10,São Paulo,3550308,True,,34033,,,-23.541999750000002,-46.640972250000004,,,,2,2023-06-16T04:05:52+00:00
SAO_8400-10,São Paulo,3550308,True,,34033,,,-23.525461,-46.681601,,,,2,2023-06-16T04:05:20+00:00
SAO_5108-10,São Paulo,3550308,True,,34443,,,-23.65344,-46.613988500000005,,,,2,2023-06-16T04:05:37+00:00
SAO_5108-10,São Paulo,3550308,True,,34443,,,-23.556300999999998,-46.628071000000006,,,,2,2023-06-16T04:05:28+00:00
SAO_5108-10,São Paulo,3550308,True,,34443,,,-23.588735,-46.612213749999995,,,,2,2023-06-16T04:05:36+00:00
SAO_5108-10,São Paulo,3550308,True,,34443,,,-23.66302925,-46.6197265,,,,2,2023-06-16T04:05:58+00:00
SAO_5108-10,São Paulo,3550308,True,,34443,,,-23.650569,-46.614115999999996,,,,2,2023-06-16T04:05:49+00:00
SAO_5108-10,São Paulo,3550308,True,,34443,,,-23.661933875000003,-46.618261375,,,,2,2023-06-16T04:05:59+00:00
SAO_5108-10,São Paulo,3550308,True,,34443,,,-23.6578835,-46.6167265,,,,2,2023-06-16T04:02:37+00:00
SAO_5108-10,São Paulo,3550308,True,,34443,,,-23.662470499999998,-46.619994999999996,,,,2,2023-06-16T04:05:21+00:00
SAO_1720-10,São Paulo,3550308,True,,863,,,-23.481502,-46.6031965,,,,1,2023-06-16T04:05:55+00:00
SAO_1720-10,São Paulo,3550308,True,,863,,,-23.446863,-46.6110665,,,,1,2023-06-16T04:05:52+00:00
SAO_1720-10,São Paulo,3550308,True,,863,,,-23.4830975,-46.58391,,,,1,2023-06-16T04:05:22+00:00
SAO_1720-10,São Paulo,3550308,True,,863,,,-23.441294499999998,-46.6162565,,,,1,2023-06-16T03:50:29+00:00
SAO_1720-10,São Paulo,3550308,True,,863,,,-23.48931675,-46.56562125,,,,1,2023-06-16T04:05:44+00:00
SAO_1703-10,São Paulo,3550308,True,,847,,,-23.5058675,-46.615300250000004,,,,1,2023-06-16T04:04:22+00:00
SAO_1703-10,São Paulo,3550308,True,,847,,,-23.430699500000003,-46.573944499999996,,,,1,2023-06-16T04:02:03+00:00
SAO_1703-10,São Paulo,3550308,True,,847,,,-23.44281925,-46.5898795,,,,1,2023-06-16T04:05:35+00:00
SAO_374V-10,São Paulo,3550308,True,,1647,,,-23.526387125,-46.45522149999999,,,,1,2023-06-16T04:05:53+00:00
SAO_374V-10,São Paulo,3550308,True,,1647,,,-23.511004999999997,-46.4543005,,,,1,2023-06-16T04:05:46+00:00
SAO_374V-10,São Paulo,3550308,True,,1647,,,-23.542407,-46.469709,,,,1,2023-06-16T04:05:24+00:00
SAO_3725-10,São Paulo,3550308,True,,33790,,,-23.5332225,-46.530609,,,,2,2023-06-16T04:05:49+00:00
SAO_3725-10,São Paulo,3550308,True,,33790,,,-23.533086,-46.530659,,,,2,2023-06-16T04:05:37+00:00
SAO_3725-10,São Paulo,3550308,True,,33790,,,-23.5416895,-46.5236,,,,2,2023-06-16T04:04:06+00:00
SAO_3725-10,São Paulo,3550308,True,,33790,,,-23.549874000000003,-46.5218445,,,,2,2023-06-16T04:05:49+00:00
SAO_9002-10,São Paulo,3550308,True,,33638,,,-23.4713505,-46.670345499999996,,,,2,2023-06-16T04:05:19+00:00
SAO_9002-10,São Paulo,3550308,True,,33638,,,-23.456734500000003,-46.6736535,,,,2,2023-06-16T04:05:25+00:00
SAO_9002-10,São Paulo,3550308,True,,33638,,,-23.458088500000002,-46.6717525,,,,2,2023-06-16T04:05:21+00:00
SAO_9002-10,São Paulo,3550308,True,,33638,,,-23.458042,-46.671117499999994,,,,2,2023-06-16T04:05:20+00:00
SAO_9002-10,São Paulo,3550308,True,,33638,,,-23.458032000000003,-46.671023,,,,2,2023-06-16T04:05:48+00:00
SAO_9002-10,São Paulo,3550308,True,,33638,,,-23.458088500000002,-46.6717525,,,,2,2023-06-16T04:05:58+00:00
SAO_9002-10,São Paulo,3550308,True,,33638,,,-23.4752665,-46.670108,,,,2,2023-06-16T04:05:44+00:00
SAO_4222-10,São Paulo,3550308,True,EMTU,288,https://moovitapp.com/index/pt-br/transporte_p%C3%BAblico-line-288-Sao_Paulo-242-2038937-36419389-0,5.1,-23.565402,-46.606086000000005,,,,1,2023-06-16T04:05:21+00:00
SAO_4222-10,São Paulo,3550308,True,EMTU,288,https://moovitapp.com/index/pt-br/transporte_p%C3%BAblico-line-288-Sao_Paulo-242-2038937-36419389-0,5.1,-23.614827,-46.512039,,,,1,2023-06-16T04:05:32+00:00
SAO_4222-10,São Paulo,3550308,True,EMTU,288,https://moovitapp.com/index/pt-br/transporte_p%C3%BAblico-line-288-Sao_Paulo-242-2038937-36419389-0,5.1,-23.6030595,-46.5286075,,,,1,2023-06-16T04:05:40+00:00
SAO_1730-10,São Paulo,3550308,True,,33633,,,-23.51559625,-46.61637925,,,,2,2023-06-16T04:05:19+00:00
SAO_1730-10,São Paulo,3550308,True,,33633,,,-23.5025625,-46.624213,,,,2,2023-06-16T04:06:03+00:00
SAO_1730-10,São Paulo,3550308,True,,33633,,,-23.51559625,-46.61637925,,,,2,2023-06-16T04:05:52+00:00
SAO_8400-10,São Paulo,3550308,True,,1265,,,-23.484643,-46.722937,,,,1,2023-06-16T04:05:54+00:00
SAO_8400-10,São Paulo,3550308,True,,1265,,,-23.5249775,-46.69016524999999,,,,1,2023-06-16T04:05:49+00:00
SAO_8400-10,São Paulo,3550308,True,,1265,,,-23.486878500000003,-46.7265645,,,,1,2023-06-16T04:05:28+00:00
SAO_8400-10,São Paulo,3550308,True,,1265,,,-23.486878500000003,-46.7265645,,,,1,2023-06-16T04:05:57+00:00
SAO_8400-10,São Paulo,3550308,True,,1265,,,-23.540538249999997,-46.64357425,,,,1,2023-06-16T04:05:53+00:00
SAO_403A-10,São Paulo,3550308,True,,2192,,,-23.519194499999998,-46.5471035,,,,1,2023-06-16T04:05:27+00:00
SAO_403A-10,São Paulo,3550308,True,,2192,,,-23.556421999999998,-46.449157,,,,1,2023-06-16T04:06:04+00:00
SAO_4114-10,São Paulo,3550308,True,,33089,,,-23.5886105,-46.62083975,,,,2,2023-06-16T04:05:29+00:00
SAO_4114-10,São Paulo,3550308,True,,33089,,,-23.5474855,-46.629544,,,,2,2023-06-16T04:05:54+00:00
SAO_4114-10,São Paulo,3550308,True,,33089,,,-23.611375000000002,-46.62250025,,,,2,2023-06-16T04:05:49+00:00
SAO_7001-10,São Paulo,3550308,True,,1722,,,-23.68714725,-46.77138625,,,,1,2023-06-16T04:05:02+00:00
SAO_7001-10,São Paulo,3550308,True,,1722,,,-23.7247405,-46.7552985,,,,1,2023-06-16T04:06:04+00:00
SAO_7001-10,São Paulo,3550308,True,,1722,,,-23.7202625,-46.75875475,,,,1,2023-06-16T04:01:52+00:00
SAO_7001-10,São Paulo,3550308,True,,1722,,,-23.7247405,-46.7552985,,,,1,2023-06-16T04:05:56+00:00
SAO_7001-10,São Paulo,3550308,True,,1722,,,-23.7247405,-46.7552985,,,,1,2023-06-16T04:05:56+00:00
SAO_7001-10,São Paulo,3550308,True,,1722,,,-23.7247405,-46.7552985,,,,1,2023-06-16T04:05:34+00:00
SAO_7001-10,São Paulo,3550308,True,,1722,,,-23.724301250000003,-46.75571,,,,1,2023-06-16T04:03:57+00:00
SAO_8000-10,São Paulo,3550308,True,,1273,,,-23.536623812500004,-46.65066425,,,,1,2023-06-16T04:06:00+00:00
SAO_8000-10,São Paulo,3550308,True,,1273,,,-23.54041275,-46.64378075,,,,1,2023-06-16T04:05:57+00:00
SAO_8000-10,São Paulo,3550308,True,,1273,,,-23.547683499999998,-46.6411495,,,,1,2023-06-16T04:05:34+00:00
SAO_107T-10,São Paulo,3550308,True,,33389,,,-23.48956975,-46.6189705,,,,2,2023-06-16T04:04:57+00:00
SAO_107T-10,São Paulo,3550308,True,,33389,,,-23.4810725,-46.603761500000005,,,,2,2023-06-16T04:05:37+00:00
SAO_107T-10,São Paulo,3550308,True,,33389,,,-23.481879499999998,-46.603438499999996,,,,2,2023-06-16T04:05:41+00:00
SAO_107T-10,São Paulo,3550308,True,,33389,,,-23.4810725,-46.603761500000005,,,,2,2023-06-16T04:05:22+00:00
SAO_107T-10,São Paulo,3550308,True,,33389,,,-23.547548,-46.647615,,,,2,2023-06-16T04:05:25+00:00
SAO_107T-10,São Paulo,3550308,True,,33389,,,-23.4810725,-46.603761500000005,,,,2,2023-06-16T04:05:26+00:00
SAO_107T-10,São Paulo,3550308,True,,33389,,,-23.5807855,-46.6849815,,,,2,2023-06-16T04:05:30+00:00
SAO_107T-10,São Paulo,3550308,True,,33389,,,-23.548519749999997,-46.64882025,,,,2,2023-06-16T04:06:00+00:00
SAO_107T-10,São Paulo,3550308,True,,33389,,,-23.5798075,-46.685481499999995,,,,2,2023-06-16T04:05:53+00:00
SAO_6072-23,São Paulo,3550308,True,,2004,,,-23.771615,-46.719333000000006,,,,1,2023-06-16T04:05:59+00:00
SAO_6072-23,São Paulo,3550308,True,,2004,,,-23.767591,-46.7163045,,,,1,2023-06-16T04:05:42+00:00
SAO_5106-21,São Paulo,3550308,True,,1972,,,-23.6276635,-46.6432605,,,,1,2023-06-16T04:05:44+00:00
SAO_5106-21,São Paulo,3550308,True,,1972,,,-23.613308,-46.6959645,,,,1,2023-06-16T04:05:40+00:00
SAO_5106-21,São Paulo,3550308,True,,1972,,,-23.607637625000002,-46.66795175,,,,1,2023-06-16T04:05:35+00:00
SAO_5106-21,São Paulo,3550308,True,,1972,,,-23.686354,-46.633506,,,,1,2023-06-16T04:05:30+00:00
SAO_5106-21,São Paulo,3550308,True,,1972,,,-23.613653999999997,-46.695603,,,,1,2023-06-16T04:05:51+00:00
SAO_189L-10,São Paulo,3550308,True,,2450,,,-23.517861,-46.702819,,,,1,2023-06-16T04:05:32+00:00
SAO_189L-10,São Paulo,3550308,True,,2450,,,-23.50033275,-46.70682,,,,1,2023-06-16T04:05:27+00:00
SAO_809D-10,São Paulo,3550308,True,,2068,,,-23.565859,-46.7013775,,,,1,2023-06-16T04:05:55+00:00
SAO_809D-10,São Paulo,3550308,True,,2068,,,-23.589543,-46.767231499999994,,,,1,2023-06-16T04:05:42+00:00
SAO_809D-10,São Paulo,3550308,True,,2068,,,-23.603227500000003,-46.7807495,,,,1,2023-06-16T04:05:34+00:00
SAO_2714-10,São Paulo,3550308,True,,33695,,,-23.509693,-46.520275,,,,2,2023-06-16T04:05:23+00:00
SAO_2714-10,São Paulo,3550308,True,,33695,,,-23.530224999999998,-46.529824625,,,,2,2023-06-16T04:06:01+00:00
SAO_2714-10,São Paulo,3550308,True,,33695,,,-23.5316515,-46.52857349999999,,,,2,2023-06-16T04:06:03+00:00
SAO_2714-10,São Paulo,3550308,True,,33695,,,-23.531472,-46.5291255,,,,2,2023-06-16T04:05:40+00:00
SAO_4001-10,São Paulo,3550308,True,,2176,,,-23.558323,-46.521503,,,,1,2023-06-16T04:06:01+00:00
SAO_4001-10,São Paulo,3550308,True,,2176,,,-23.537851125000003,-46.455333,,,,1,2023-06-16T04:05:18+00:00
SAO_4001-10,São Paulo,3550308,True,,2176,,,-23.5332195,-46.440936,,,,1,2023-06-16T04:02:56+00:00
SAO_9789-10,São Paulo,3550308,True,,829,,,-23.460588,-46.70847,,,,1,2023-06-16T04:05:56+00:00
SAO_9789-10,São Paulo,3550308,True,,829,,,-23.498160249999998,-46.683561624999996,,,,1,2023-06-16T04:05:32+00:00
SAO_9789-10,São Paulo,3550308,True,,829,,,-23.469030500000002,-46.6951255,,,,1,2023-06-16T04:05:51+00:00
SAO_2708-10,São Paulo,3550308,True,,33689,,,-23.5418825,-46.4703705,,,,2,2023-06-16T04:01:55+00:00
SAO_2708-10,São Paulo,3550308,True,,33689,,,-23.52443125,-46.413746,,,,2,2023-06-16T04:04:53+00:00
SAO_2708-10,São Paulo,3550308,True,,33689,,,-23.5242055,-46.430609000000004,,,,2,2023-06-16T04:06:00+00:00
SAO_2708-10,São Paulo,3550308,True,,33689,,,-23.533492625,-46.40025325,,,,2,2023-06-16T04:05:52+00:00
SAO_2708-10,São Paulo,3550308,True,,33689,,,-23.5264505,-46.4105955,,,,2,2023-06-16T04:05:10+00:00
SAO_8055-10,São Paulo,3550308,True,,414,,,-23.4044015,-46.7525905,,,,1,2023-06-16T04:05:34+00:00
SAO_8055-10,São Paulo,3550308,True,,414,,,-23.404864500000002,-46.7470245,,,,1,2023-06-16T04:05:24+00:00
SAO_8055-10,São Paulo,3550308,True,,414,,,-23.4561025,-46.785137,,,,1,2023-06-16T04:05:28+00:00
SAO_8010-10,São Paulo,3550308,True,,33566,,,-23.419337,-46.749284,,,,2,2023-06-16T04:05:24+00:00
SAO_8010-10,São Paulo,3550308,True,,33566,,,-23.453530999999998,-46.718951000000004,,,,2,2023-06-16T04:05:38+00:00
SAO_8010-10,São Paulo,3550308,True,,33566,,,-23.40490425,-46.736446,,,,2,2023-06-16T04:05:55+00:00
SAO_8010-10,São Paulo,3550308,True,,33566,,,-23.412541499999996,-46.74789475,,,,2,2023-06-16T04:05:19+00:00
SAO_8010-10,São Paulo,3550308,True,,33566,,,-23.419446,-46.7493745,,,,2,2023-06-16T04:05:37+00:00
SAO_8010-10,São Paulo,3550308,True,,33566,,,-23.502961,-46.711054000000004,,,,2,2023-06-16T04:04:56+00:00
SAO_6823-10,São Paulo,3550308,True,,32802,,,-23.6712045,-46.7866875,,,,2,2023-06-16T04:06:04+00:00
SAO_6823-10,São Paulo,3550308,True,,32802,,,-23.6921555,-46.7909265,,,,2,2023-06-16T04:05:49+00:00
SAO_373L-10,São Paulo,3550308,True,,33795,,,-23.6224175,-46.414038500000004,,,,2,2023-06-16T04:05:28+00:00
SAO_373L-10,São Paulo,3550308,True,,33795,,,-23.570226249999997,-46.449064500000006,,,,2,2023-06-16T04:05:27+00:00
SAO_373L-10,São Paulo,3550308,True,,33795,,,-23.622324499999998,-46.4136695,,,,2,2023-06-16T04:05:50+00:00
SAO_373L-10,São Paulo,3550308,True,,33795,,,-23.6227125,-46.414294,,,,2,2023-06-16T04:05:49+00:00
SAO_373L-10,São Paulo,3550308,True,,33795,,,-23.62061225,-46.419466,,,,2,2023-06-16T04:05:21+00:00
SAO_7053-10,São Paulo,3550308,True,,34655,,,-23.653941000000003,-46.78870825,,,,2,2023-06-16T04:06:04+00:00
SAO_7053-10,São Paulo,3550308,True,,34655,,,-23.653941000000003,-46.78870825,,,,2,2023-06-16T04:06:03+00:00
SAO_7053-10,São Paulo,3550308,True,,34655,,,-23.6361275,-46.777404,,,,2,2023-06-16T04:06:03+00:00
SAO_7053-10,São Paulo,3550308,True,,34655,,,-23.653941000000003,-46.78870825,,,,2,2023-06-16T04:06:00+00:00
SAO_7053-10,São Paulo,3550308,True,,34655,,,-23.654055,-46.78842275,,,,2,2023-06-16T04:05:21+00:00
SAO_7053-10,São Paulo,3550308,True,,34655,,,-23.653941000000003,-46.78870825,,,,2,2023-06-16T04:05:38+00:00
SAO_7053-10,São Paulo,3550308,True,,34655,,,-23.653941000000003,-46.78870825,,,,2,2023-06-16T04:05:47+00:00
SAO_6034-10,São Paulo,3550308,True,,95,,,-23.736897499999998,-46.69694,,,,1,2023-06-16T04:05:59+00:00
SAO_6034-10,São Paulo,3550308,True,,95,,,-23.7556485,-46.6714285,,,,1,2023-06-16T04:05:39+00:00
SAO_3787-10,São Paulo,3550308,True,,34380,,,-23.60186025,-46.398567,,,,2,2023-06-16T04:05:38+00:00
SAO_3787-10,São Paulo,3550308,True,,34380,,,-23.60186025,-46.398567,,,,2,2023-06-16T04:05:28+00:00
SAO_3787-10,São Paulo,3550308,True,,34380,,,-23.587881,-46.409731,,,,2,2023-06-16T04:05:48+00:00
SAO_3787-10,São Paulo,3550308,True,,34380,,,-23.590815,-46.4436015,,,,2,2023-06-16T04:05:56+00:00
SAO_3787-10,São Paulo,3550308,True,,34380,,,-23.547940500000003,-46.461574999999996,,,,2,2023-06-16T04:05:56+00:00
SAO_3787-10,São Paulo,3550308,True,,34380,,,-23.60346725,-46.40257325,,,,2,2023-06-16T04:05:51+00:00
SAO_2718-10,São Paulo,3550308,True,,931,,,-23.533376500000003,-46.545646000000005,,,,1,2023-06-16T04:05:42+00:00
SAO_2718-10,São Paulo,3550308,True,,931,,,-23.495013,-46.502787999999995,,,,1,2023-06-16T04:06:03+00:00
SAO_2718-10,São Paulo,3550308,True,,931,,,-23.519504375,-46.549013375,,,,1,2023-06-16T04:05:47+00:00
SAO_2718-10,São Paulo,3550308,True,,931,,,-23.499812750000004,-46.528364374999995,,,,1,2023-06-16T04:05:41+00:00
SAO_2718-10,São Paulo,3550308,True,,931,,,-23.525396,-46.54912725,,,,1,2023-06-16T04:06:02+00:00
SAO_3761-10,São Paulo,3550308,True,,1051,,,-23.54642025,-46.52751125,,,,1,2023-06-16T04:05:56+00:00
SAO_3761-10,São Paulo,3550308,True,,1051,,,-23.604969500000003,-46.4288195,,,,1,2023-06-16T04:05:35+00:00
SAO_3761-10,São Paulo,3550308,True,,1051,,,-23.59652175,-46.47529675,,,,1,2023-06-16T04:05:29+00:00
SAO_3761-10,São Paulo,3550308,True,,1051,,,-23.537869125,-46.563317375000004,,,,1,2023-06-16T04:05:44+00:00
SAO_3761-10,São Paulo,3550308,True,,1051,,,-23.615426,-46.422986,,,,1,2023-06-16T04:05:49+00:00
SAO_3761-10,São Paulo,3550308,True,,1051,,,-23.538235,-46.565107499999996,,,,1,2023-06-16T04:05:40+00:00
SAO_3414-10,São Paulo,3550308,True,,33514,,,-23.551021875000004,-46.6077705,,,,2,2023-06-16T04:05:39+00:00
SAO_775P-10,São Paulo,3550308,True,EMTU,507,https://moovitapp.com/index/pt-br/transporte_p%C3%BAblico-line-507-Sao_Paulo-242-2038937-36419529-0,5.65,-23.5643305,-46.6778755,,,,1,2023-06-16T04:05:56+00:00
SAO_775P-10,São Paulo,3550308,True,EMTU,507,https://moovitapp.com/index/pt-br/transporte_p%C3%BAblico-line-507-Sao_Paulo-242-2038937-36419529-0,5.65,-23.5966305,-46.7682735,,,,1,2023-06-16T04:01:42+00:00
SAO_407E-10,São Paulo,3550308,True,,2215,,,-23.615163250000002,-46.470093999999996,,,,1,2023-06-16T04:05:29+00:00
SAO_407E-10,São Paulo,3550308,True,,2215,,,-23.554831999999998,-46.517111,,,,1,2023-06-16T04:06:02+00:00
SAO_407E-10,São Paulo,3550308,True,,2215,,,-23.6335585,-46.4430015,,,,1,2023-06-16T04:05:58+00:00
SAO_407E-10,São Paulo,3550308,True,,2215,,,-23.536997874999997,-46.558906625,,,,1,2023-06-16T04:05:51+00:00
SAO_407E-10,São Paulo,3550308,True,,2215,,,-23.6309905,-46.443051,,,,1,2023-06-16T04:05:43+00:00
SAO_407P-10,São Paulo,3550308,True,,2200,,,-23.5831585,-46.407859,,,,1,2023-06-16T04:05:36+00:00
SAO_407P-10,São Paulo,3550308,True,,2200,,,-23.535405500000003,-46.42736175,,,,1,2023-06-16T04:05:14+00:00
SAO_407P-10,São Paulo,3550308,True,,2200,,,-23.5291325,-46.515853,,,,1,2023-06-16T04:05:33+00:00
SAO_199D-10,São Paulo,3550308,True,,2135,,,-23.541377,-46.6821985,,,,1,2023-06-16T04:05:37+00:00
SAO_199D-10,São Paulo,3550308,True,,2135,,,-23.5065825,-46.7060185,,,,1,2023-06-16T04:05:45+00:00
SAO_199D-10,São Paulo,3550308,True,,2135,,,-23.485856,-46.71054650000001,,,,1,2023-06-16T04:05:54+00:00
SAO_199D-10,São Paulo,3550308,True,,2135,,,-23.564864749999998,-46.69365725,,,,1,2023-06-16T04:05:49+00:00
SAO_5110-10,São Paulo,3550308,True,,34977,,,-23.6141145,-46.476496999999995,,,,2,2023-06-16T04:05:28+00:00
SAO_5110-10,São Paulo,3550308,True,,34977,,,-23.6137635,-46.4764045,,,,2,2023-06-16T04:05:21+00:00
SAO_5110-10,São Paulo,3550308,True,,34977,,,-23.6141145,-46.476496999999995,,,,2,2023-06-16T04:05:46+00:00
SAO_5110-10,São Paulo,3550308,True,,34977,,,-23.5552195,-46.62393899999999,,,,2,2023-06-16T04:05:48+00:00
SAO_5110-10,São Paulo,3550308,True,,34977,,,-23.5742155,-46.603418,,,,2,2023-06-16T04:05:25+00:00
SAO_5110-10,São Paulo,3550308,True,,34977,,,-23.6141145,-46.476496999999995,,,,2,2023-06-16T04:05:57+00:00
SAO_5110-10,São Paulo,3550308,True,,34977,,,-23.5824915,-46.563059,,,,2,2023-06-16T04:05:43+00:00
SAO_5110-10,São Paulo,3550308,True,,34977,,,-23.598714625,-46.532474375,,,,2,2023-06-16T04:05:31+00:00
SAO_5110-10,São Paulo,3550308,True,,34977,,,-23.6141145,-46.476496999999995,,,,2,2023-06-16T04:05:32+00:00
SAO_5110-10,São Paulo,3550308,True,,34977,,,-23.6141145,-46.476496999999995,,,,2,2023-06-16T04:05:44+00:00
SAO_5110-10,São Paulo,3550308,True,,34977,,,-23.612275500000003,-46.4765935,,,,2,2023-06-16T04:06:01+00:00
SAO_9012-10,São Paulo,3550308,True,,1268,,,-23.467967,-46.680683,,,,1,2023-06-16T04:05:40+00:00
SAO_4052-10,São Paulo,3550308,True,,34913,,,-23.5407325,-46.4669575,,,,2,2023-06-16T04:05:00+00:00
SAO_4052-10,São Paulo,3550308,True,,34913,,,-23.542444,-46.416917999999995,,,,2,2023-06-16T04:05:58+00:00
SAO_4052-10,São Paulo,3550308,True,,34913,,,-23.542444,-46.416917999999995,,,,2,2023-06-16T04:00:32+00:00
SAO_4052-10,São Paulo,3550308,True,,34913,,,-23.542409499999998,-46.417221,,,,2,2023-06-16T04:05:54+00:00
SAO_312N-10,São Paulo,3550308,True,,33758,,,-23.546570000000003,-46.4091035,,,,2,2023-06-16T04:05:37+00:00
SAO_312N-10,São Paulo,3550308,True,,33758,,,-23.56416925,-46.41002325,,,,2,2023-06-16T04:06:00+00:00
SAO_312N-10,São Paulo,3550308,True,,33758,,,-23.5096235,-46.411488,,,,2,2023-06-16T04:05:20+00:00
SAO_312N-10,São Paulo,3550308,True,,33758,,,-23.491016,-46.441969,,,,2,2023-06-16T04:05:59+00:00
SAO_312N-10,São Paulo,3550308,True,,33758,,,-23.5704615,-46.4040185,,,,2,2023-06-16T04:05:29+00:00
SAO_809A-10,São Paulo,3550308,True,,34837,,,-23.5750305,-46.775418,,,,2,2023-06-16T04:06:03+00:00
SAO_809A-10,São Paulo,3550308,True,,34837,,,-23.575720750000002,-46.77557075,,,,2,2023-06-16T04:06:01+00:00
SAO_809A-10,São Paulo,3550308,True,,34837,,,-23.586464437500002,-46.75255262500001,,,,2,2023-06-16T04:05:58+00:00
SAO_7550-10,São Paulo,3550308,True,,34861,,,-23.58769125,-46.67168025,,,,2,2023-06-16T04:06:02+00:00
SAO_7550-10,São Paulo,3550308,True,,34861,,,-23.553257000000002,-46.640672,,,,2,2023-06-16T04:05:58+00:00
SAO_7550-10,São Paulo,3550308,True,,34861,,,-23.640416000000002,-46.6982995,,,,2,2023-06-16T04:06:04+00:00
SAO_7550-10,São Paulo,3550308,True,,34861,,,-23.6269405,-46.6878545,,,,2,2023-06-16T04:05:56+00:00
SAO_7550-10,São Paulo,3550308,True,,34861,,,-23.568078999999997,-46.649365,,,,2,2023-06-16T04:05:47+00:00
SAO_677A-10,São Paulo,3550308,True,,1239,,,-23.67594,-46.753428,,,,1,2023-06-16T04:05:39+00:00
SAO_677A-10,São Paulo,3550308,True,,1239,,,-23.62853475,-46.71229375,,,,1,2023-06-16T04:05:32+00:00
SAO_677A-10,São Paulo,3550308,True,,1239,,,-23.5907515,-46.688405,,,,1,2023-06-16T04:05:52+00:00
SAO_677A-10,São Paulo,3550308,True,,1239,,,-23.690655,-46.774251500000005,,,,1,2023-06-16T04:05:37+00:00
SAO_677A-10,São Paulo,3550308,True,,1239,,,-23.690655,-46.774251500000005,,,,1,2023-06-16T04:06:01+00:00
SAO_354M-10,São Paulo,3550308,True,,1619,,,-23.4917525,-46.4349545,,,,1,2023-06-16T04:06:02+00:00
SAO_354M-10,São Paulo,3550308,True,,1619,,,-23.513381000000003,-46.457084,,,,1,2023-06-16T04:05:21+00:00
SAO_354M-10,São Paulo,3550308,True,,1619,,,-23.528304000000002,-46.457598749999995,,,,1,2023-06-16T04:05:46+00:00
SAO_354M-10,São Paulo,3550308,True,,1619,,,-23.564601250000003,-46.446416,,,,1,2023-06-16T04:05:26+00:00
SAO_354M-10,São Paulo,3550308,True,,1619,,,-23.595864,-46.4524015,,,,1,2023-06-16T04:05:42+00:00
SAO_354M-10,São Paulo,3550308,True,,1619,,,-23.596577,-46.456318499999995,,,,1,2023-06-16T04:05:14+00:00
SAO_354M-10,São Paulo,3550308,True,,1619,,,-23.4918585,-46.43556,,,,1,2023-06-16T04:05:03+00:00
SAO_354M-10,São Paulo,3550308,True,,1619,,,-23.498231875000002,-46.442287625,,,,1,2023-06-16T04:05:07+00:00
SAO_354M-10,São Paulo,3550308,True,,1619,,,-23.4917525,-46.4349545,,,,1,2023-06-16T04:06:02+00:00
SAO_9785-10,São Paulo,3550308,True,,828,,,-23.4561785,-46.698985,,,,1,2023-06-16T04:05:20+00:00
SAO_9785-10,São Paulo,3550308,True,,828,,,-23.4561785,-46.698985,,,,1,2023-06-16T04:05:18+00:00
SAO_9785-10,São Paulo,3550308,True,,828,,,-23.4577355,-46.6997265,,,,1,2023-06-16T04:05:40+00:00
SAO_9785-10,São Paulo,3550308,True,,828,,,-23.4600515,-46.699508,,,,1,2023-06-16T04:05:27+00:00
SAO_9785-10,São Paulo,3550308,True,,828,,,-23.4561785,-46.698985,,,,1,2023-06-16T04:05:35+00:00
SAO_9785-10,São Paulo,3550308,True,,828,,,-23.4962265,-46.6933695,,,,1,2023-06-16T04:05:14+00:00
SAO_9785-10,São Paulo,3550308,True,,828,,,-23.525985,-46.669427,,,,1,2023-06-16T04:05:38+00:00
SAO_9785-10,São Paulo,3550308,True,,828,,,-23.4561785,-46.698985,,,,1,2023-06-16T04:05:23+00:00
SAO_709P-10,São Paulo,3550308,True,,34761,,,-23.5905625,-46.687347,,,,2,2023-06-16T04:05:46+00:00
SAO_709P-10,São Paulo,3550308,True,,34761,,,-23.656139,-46.723152,,,,2,2023-06-16T04:05:48+00:00
SAO_709P-10,São Paulo,3550308,True,,34761,,,-23.566234,-46.7020095,,,,2,2023-06-16T04:05:41+00:00
SAO_709P-10,São Paulo,3550308,True,,34761,,,-23.656139,-46.723152,,,,2,2023-06-16T04:06:04+00:00
SAO_709P-10,São Paulo,3550308,True,,34761,,,-23.6240725,-46.7103355,,,,2,2023-06-16T04:05:24+00:00
SAO_709P-10,São Paulo,3550308,True,,34761,,,-23.65607825,-46.722472499999995,,,,2,2023-06-16T04:06:04+00:00
SAO_8047-41,São Paulo,3550308,True,,33178,,,-23.434004,-46.754952,,,,2,2023-06-16T04:06:03+00:00
SAO_8047-41,São Paulo,3550308,True,,33178,,,-23.535593,-46.711124,,,,2,2023-06-16T04:06:00+00:00
SAO_8047-41,São Paulo,3550308,True,,33178,,,-23.454884999999997,-46.74550825,,,,2,2023-06-16T04:05:46+00:00
SAO_8047-41,São Paulo,3550308,True,,33178,,,-23.434525,-46.754654,,,,2,2023-06-16T04:05:38+00:00
SAO_5362-10,São Paulo,3550308,True,,32838,,,-23.644555000000004,-46.701621375,,,,2,2023-06-16T04:05:42+00:00
SAO_5362-10,São Paulo,3550308,True,,32838,,,-23.661725,-46.7062455,,,,2,2023-06-16T04:05:49+00:00
SAO_5362-10,São Paulo,3550308,True,,32838,,,-23.600754125,-46.659656999999996,,,,2,2023-06-16T04:05:46+00:00
SAO_5362-10,São Paulo,3550308,True,,32838,,,-23.7444965,-46.670638499999995,,,,2,2023-06-16T04:05:59+00:00
SAO_5362-10,São Paulo,3550308,True,,32838,,,-23.744694625,-46.664629250000004,,,,2,2023-06-16T04:05:49+00:00
SAO_6016-10,São Paulo,3550308,True,,32852,,,-23.748672,-46.687512999999996,,,,2,2023-06-16T04:05:33+00:00
SAO_3024-10,São Paulo,3550308,True,EMTU,277,https://moovitapp.com/index/pt-br/transporte_p%C3%BAblico-line-277-Sao_Paulo-242-2038937-36419380-0,8.15,-23.609657499999997,-46.52914749999999,,,,1,2023-06-16T04:05:53+00:00
SAO_3024-10,São Paulo,3550308,True,EMTU,277,https://moovitapp.com/index/pt-br/transporte_p%C3%BAblico-line-277-Sao_Paulo-242-2038937-36419380-0,8.15,-23.598336,-46.5390805,,,,1,2023-06-16T04:05:56+00:00
SAO_273R-10,São Paulo,3550308,True,,32994,,,-23.522662999999998,-46.41263875,,,,2,2023-06-16T04:05:25+00:00
SAO_273R-10,São Paulo,3550308,True,,32994,,,-23.523394500000002,-46.4182955,,,,2,2023-06-16T04:05:29+00:00
SAO_273R-10,São Paulo,3550308,True,,32994,,,-23.540395,-46.4831425,,,,2,2023-06-16T04:05:43+00:00
SAO_273R-10,São Paulo,3550308,True,,32994,,,-23.522662999999998,-46.41263875,,,,2,2023-06-16T04:05:42+00:00
SAO_273R-10,São Paulo,3550308,True,,32994,,,-23.511674,-46.44193425,,,,2,2023-06-16T04:02:01+00:00
SAO_273R-10,São Paulo,3550308,True,,32994,,,-23.52228,-46.4125755,,,,2,2023-06-16T04:05:39+00:00
SAO_273R-10,São Paulo,3550308,True,,32994,,,-23.511708,-46.441640750000005,,,,2,2023-06-16T04:05:20+00:00
SAO_6037-10,São Paulo,3550308,True,,1215,,,-23.65436375,-46.760079499999996,,,,1,2023-06-16T04:05:29+00:00
SAO_6037-10,São Paulo,3550308,True,,1215,,,-23.6493575,-46.7848365,,,,1,2023-06-16T04:06:00+00:00
SAO_6037-10,São Paulo,3550308,True,,1215,,,-23.649607000000003,-46.707680499999995,,,,1,2023-06-16T04:05:53+00:00
SAO_6037-10,São Paulo,3550308,True,,1215,,,-23.6493575,-46.7848365,,,,1,2023-06-16T04:05:57+00:00
SAO_874C-10,São Paulo,3550308,True,,33245,,,-23.546825,-46.7609525,,,,2,2023-06-16T04:05:28+00:00
SAO_874C-10,São Paulo,3550308,True,,33245,,,-23.55156025,-46.75754275,,,,2,2023-06-16T04:05:56+00:00
SAO_874C-10,São Paulo,3550308,True,,33245,,,-23.5466355,-46.69045,,,,2,2023-06-16T04:06:00+00:00
SAO_874C-10,São Paulo,3550308,True,,33245,,,-23.547415,-46.6891445,,,,2,2023-06-16T04:05:32+00:00
SAO_874C-10,São Paulo,3550308,True,,33245,,,-23.546825,-46.7609525,,,,2,2023-06-16T04:05:46+00:00
SAO_1206-10,São Paulo,3550308,True,EMTU,842,https://moovitapp.com/index/pt-br/transporte_p%C3%BAblico-line-842-Sao_Paulo-242-2038937-36419605-0,7.15,-23.54471425,-46.62530525,,,,1,2023-06-16T04:05:54+00:00
SAO_5318-10,São Paulo,3550308,True,,45,,,-23.665154625,-46.753176499999995,,,,1,2023-06-16T04:05:49+00:00
SAO_5318-10,São Paulo,3550308,True,,45,,,-23.66837375,-46.738361,,,,1,2023-06-16T04:05:40+00:00
SAO_5318-10,São Paulo,3550308,True,,45,,,-23.5818055,-46.65046125,,,,1,2023-06-16T04:05:40+00:00
SAO_5318-10,São Paulo,3550308,True,,45,,,-23.637836375,-46.697854375000006,,,,1,2023-06-16T04:05:34+00:00
SAO_5318-10,São Paulo,3550308,True,,45,,,-23.5818055,-46.65046125,,,,1,2023-06-16T04:05:44+00:00
SAO_2710-10,São Paulo,3550308,True,,33692,,,-23.529814000000002,-46.5011675,,,,2,2023-06-16T04:05:47+00:00
SAO_2710-10,São Paulo,3550308,True,,33692,,,-23.529587499999998,-46.5004265,,,,2,2023-06-16T04:06:04+00:00
SAO_2710-10,São Paulo,3550308,True,,33692,,,-23.52022575,-46.48818299999999,,,,2,2023-06-16T04:05:43+00:00
SAO_2710-10,São Paulo,3550308,True,,33692,,,-23.52537425,-46.50034825,,,,2,2023-06-16T04:05:43+00:00
SAO_208M-10,São Paulo,3550308,True,,35246,,,-23.546521,-46.670356,,,,2,2023-06-16T04:05:48+00:00
SAO_208M-10,São Paulo,3550308,True,,35246,,,-23.50462,-46.640758,,,,2,2023-06-16T04:05:36+00:00
SAO_208M-10,São Paulo,3550308,True,,35246,,,-23.567515,-46.69430799999999,,,,2,2023-06-16T04:05:53+00:00
SAO_208M-10,São Paulo,3550308,True,,35246,,,-23.501943500000003,-46.6235805,,,,2,2023-06-16T04:05:51+00:00
SAO_208M-10,São Paulo,3550308,True,,35246,,,-23.501943500000003,-46.6235805,,,,2,2023-06-16T04:05:18+00:00
SAO_1896-10,São Paulo,3550308,True,,2520,,,-23.465294,-46.75595,,,,1,2023-06-16T04:05:37+00:00
SAO_1896-10,São Paulo,3550308,True,,2520,,,-23.4444145,-46.7533035,,,,1,2023-06-16T04:05:29+00:00
SAO_1896-10,São Paulo,3550308,True,,2520,,,-23.530067375,-46.66720975,,,,1,2023-06-16T04:05:29+00:00
SAO_1896-10,São Paulo,3550308,True,,2520,,,-23.4444145,-46.7533035,,,,1,2023-06-16T04:05:36+00:00
SAO_1896-10,São Paulo,3550308,True,,2520,,,-23.4444145,-46.7533035,,,,1,2023-06-16T04:05:28+00:00
SAO_1896-10,São Paulo,3550308,True,,2520,,,-23.5053525,-46.717957999999996,,,,1,2023-06-16T04:05:21+00:00
SAO_6044-10,São Paulo,3550308,True,,1221,,,-23.653938,-46.709849000000006,,,,1,2023-06-16T04:05:28+00:00
SAO_6044-10,São Paulo,3550308,True,,1221,,,-23.676944,-46.7986715,,,,1,2023-06-16T04:05:53+00:00
SAO_6044-10,São Paulo,3550308,True,,1221,,,-23.657712500000002,-46.7644205,,,,1,2023-06-16T04:06:04+00:00
SAO_6200-10,São Paulo,3550308,True,,33123,,,-23.567678875000002,-46.659757,,,,2,2023-06-16T04:05:39+00:00
SAO_6200-10,São Paulo,3550308,True,,33123,,,-23.6546575,-46.7166435,,,,2,2023-06-16T04:05:34+00:00
SAO_6200-10,São Paulo,3550308,True,,33123,,,-23.6542415,-46.7121115,,,,2,2023-06-16T04:05:31+00:00
SAO_6200-10,São Paulo,3550308,True,,33123,,,-23.637829500000002,-46.724145,,,,2,2023-06-16T04:05:58+00:00
SAO_6200-10,São Paulo,3550308,True,,33123,,,-23.586142000000002,-46.693146999999996,,,,2,2023-06-16T04:05:54+00:00
SAO_6200-10,São Paulo,3550308,True,,33123,,,-23.548986499999998,-46.6391625,,,,2,2023-06-16T04:05:23+00:00
SAO_5630-10,São Paulo,3550308,True,,32846,,,-23.681484750000003,-46.68891375,,,,2,2023-06-16T04:05:40+00:00
SAO_5630-10,São Paulo,3550308,True,,32846,,,-23.546747,-46.6164905,,,,2,2023-06-16T04:05:10+00:00
SAO_5630-10,São Paulo,3550308,True,,32846,,,-23.702490625,-46.701837375,,,,2,2023-06-16T04:05:30+00:00
SAO_5630-10,São Paulo,3550308,True,,32846,,,-23.7351155,-46.695655,,,,2,2023-06-16T03:59:14+00:00
SAO_5630-10,São Paulo,3550308,True,,32846,,,-23.6035215,-46.65165450000001,,,,2,2023-06-16T04:06:00+00:00
SAO_5630-10,São Paulo,3550308,True,,32846,,,-23.7375585,-46.69749,,,,2,2023-06-16T04:05:40+00:00
SAO_5630-10,São Paulo,3550308,True,,32846,,,-23.705421,-46.702324000000004,,,,2,2023-06-16T04:05:25+00:00
SAO_311C-10,São Paulo,3550308,True,EMTU,309,https://moovitapp.com/index/pt-br/transporte_p%C3%BAblico-line-309-Sao_Paulo-242-2038937-36419401-0,7.5,-23.581295,-46.585907500000005,,,,1,2023-06-16T04:05:51+00:00
SAO_1720-10,São Paulo,3550308,True,,33631,,,-23.493856,-46.568802,,,,2,2023-06-16T04:05:59+00:00
SAO_1720-10,São Paulo,3550308,True,,33631,,,-23.482003499999998,-46.6035885,,,,2,2023-06-16T04:05:49+00:00
SAO_1720-10,São Paulo,3550308,True,,33631,,,-23.4920855,-46.574537500000005,,,,2,2023-06-16T04:03:37+00:00
SAO_1720-10,São Paulo,3550308,True,,33631,,,-23.479467749999998,-46.579054500000005,,,,2,2023-06-16T04:01:04+00:00
SAO_1720-10,São Paulo,3550308,True,,33631,,,-23.494107,-46.568782999999996,,,,2,2023-06-16T04:05:26+00:00
SAO_6836-10,São Paulo,3550308,True,,32781,,,-23.6786875,-46.77878275,,,,2,2023-06-16T04:05:21+00:00
SAO_6836-10,São Paulo,3550308,True,,32781,,,-23.6520225,-46.73388525,,,,2,2023-06-16T04:05:48+00:00
SAO_6836-10,São Paulo,3550308,True,,32781,,,-23.683948,-46.7815925,,,,2,2023-06-16T04:06:02+00:00
SAO_5142-10,São Paulo,3550308,True,,1626,,,-23.613964,-46.500782,,,,1,2023-06-16T04:05:33+00:00
SAO_5142-10,São Paulo,3550308,True,,1626,,,-23.614382,-46.501851,,,,1,2023-06-16T04:06:01+00:00
SAO_5142-10,São Paulo,3550308,True,,1626,,,-23.5901755,-46.5521255,,,,1,2023-06-16T04:05:57+00:00
SAO_5142-10,São Paulo,3550308,True,,1626,,,-23.576735999999997,-46.602940125,,,,1,2023-06-16T04:05:44+00:00
SAO_5142-10,São Paulo,3550308,True,,1626,,,-23.613964,-46.500782,,,,1,2023-06-16T04:05:34+00:00
SAO_5142-10,São Paulo,3550308,True,,1626,,,-23.611652499999998,-46.5094495,,,,1,2023-06-16T04:05:37+00:00
SAO_6003-10,São Paulo,3550308,True,,1472,,,-23.7371425,-46.697546,,,,1,2023-06-16T04:05:52+00:00
SAO_6003-10,São Paulo,3550308,True,,1472,,,-23.7503355,-46.7102765,,,,1,2023-06-16T04:05:43+00:00
SAO_6003-10,São Paulo,3550308,True,,1472,,,-23.7377555,-46.6976535,,,,1,2023-06-16T04:05:28+00:00
SAO_971R-42,São Paulo,3550308,True,,616,,,-23.485663,-46.652913,,,,1,2023-06-16T04:05:35+00:00
SAO_971R-42,São Paulo,3550308,True,,616,,,-23.439175,-46.731582,,,,1,2023-06-16T04:05:44+00:00
SAO_6012-10,São Paulo,3550308,True,,1204,,,-23.6865015,-46.7875165,,,,1,2023-06-16T04:05:37+00:00
SAO_6012-10,São Paulo,3550308,True,,1204,,,-23.686436999999998,-46.7873475,,,,1,2023-06-16T04:05:42+00:00
SAO_6012-10,São Paulo,3550308,True,,1204,,,-23.682367999999997,-46.76743925,,,,1,2023-06-16T04:05:28+00:00
SAO_6012-10,São Paulo,3550308,True,,1204,,,-23.6759545,-46.7530775,,,,1,2023-06-16T04:05:31+00:00
SAO_574R-10,São Paulo,3550308,True,,1623,,,-23.555286,-46.577059500000004,,,,1,2023-06-16T04:05:51+00:00
SAO_675L-10,São Paulo,3550308,True,,1478,,,-23.603474,-46.661992,,,,1,2023-06-16T04:05:25+00:00
SAO_675L-10,São Paulo,3550308,True,,1478,,,-23.653993,-46.710736499999996,,,,1,2023-06-16T04:05:56+00:00
SAO_675L-10,São Paulo,3550308,True,,1478,,,-23.653993,-46.710736499999996,,,,1,2023-06-16T04:05:40+00:00
SAO_675L-10,São Paulo,3550308,True,,1478,,,-23.653993,-46.710736499999996,,,,1,2023-06-16T04:05:41+00:00
SAO_675L-10,São Paulo,3550308,True,,1478,,,-23.642777125,-46.699068999999994,,,,1,2023-06-16T04:05:47+00:00
SAO_675L-10,São Paulo,3550308,True,,1478,,,-23.5984965,-46.637418499999995,,,,1,2023-06-16T04:05:49+00:00
SAO_5111-10,São Paulo,3550308,True,,48,,,-23.644592125000003,-46.700327,,,,1,2023-06-16T04:05:55+00:00
SAO_5111-10,São Paulo,3550308,True,,48,,,-23.597225,-46.673752,,,,1,2023-06-16T04:05:51+00:00
SAO_5111-10,São Paulo,3550308,True,,48,,,-23.5471955,-46.630402000000004,,,,1,2023-06-16T04:05:21+00:00
SAO_5111-10,São Paulo,3550308,True,,48,,,-23.6542935,-46.7114185,,,,1,2023-06-16T04:06:00+00:00
SAO_5111-10,São Paulo,3550308,True,,48,,,-23.573643750000002,-46.65529775,,,,1,2023-06-16T04:05:40+00:00
SAO_5111-10,São Paulo,3550308,True,,48,,,-23.63014175,-46.69001025,,,,1,2023-06-16T04:05:47+00:00
SAO_8100-10,São Paulo,3550308,True,,1262,,,-23.520236,-46.6997165,,,,1,2023-06-16T04:05:35+00:00
SAO_8100-10,São Paulo,3550308,True,,1262,,,-23.503797,-46.718534000000005,,,,1,2023-06-16T04:05:50+00:00
SAO_8100-10,São Paulo,3550308,True,,1262,,,-23.4859945,-46.7259765,,,,1,2023-06-16T04:05:29+00:00
SAO_6455-10,São Paulo,3550308,True,,32831,,,-23.64300925,-46.7002665,,,,2,2023-06-16T04:06:04+00:00
SAO_6455-10,São Paulo,3550308,True,,32831,,,-23.564713375000004,-46.640684875,,,,2,2023-06-16T04:05:38+00:00
SAO_6455-10,São Paulo,3550308,True,,32831,,,-23.654408500000002,-46.762060999999996,,,,2,2023-06-16T04:05:39+00:00
SAO_6455-10,São Paulo,3550308,True,,32831,,,-23.64505,-46.7459375,,,,2,2023-06-16T04:05:42+00:00
SAO_3763-10,São Paulo,3550308,True,,33822,,,-23.54988675,-46.573302999999996,,,,2,2023-06-16T04:05:42+00:00
SAO_3763-10,São Paulo,3550308,True,,33822,,,-23.557536749999997,-46.523783249999994,,,,2,2023-06-16T04:05:53+00:00
SAO_3763-10,São Paulo,3550308,True,,33822,,,-23.55744025,-46.52408375,,,,2,2023-06-16T04:05:40+00:00
SAO_3763-10,São Paulo,3550308,True,,33822,,,-23.567601000000003,-46.543846,,,,2,2023-06-16T04:05:23+00:00
SAO_746R-10,São Paulo,3550308,True,,33558,,,-23.654375,-46.714551,,,,2,2023-06-16T04:05:52+00:00
SAO_746R-10,São Paulo,3550308,True,,33558,,,-23.610369,-46.7054975,,,,2,2023-06-16T04:05:36+00:00
SAO_746R-10,São Paulo,3550308,True,,33558,,,-23.6104675,-46.7058285,,,,2,2023-06-16T04:05:33+00:00
SAO_745M-10,São Paulo,3550308,True,,33550,,,-23.660350625,-46.765821875,,,,2,2023-06-16T04:05:58+00:00
SAO_745M-10,São Paulo,3550308,True,,33550,,,-23.680424000000002,-46.694831,,,,2,2023-06-16T04:05:57+00:00
SAO_745M-10,São Paulo,3550308,True,,33550,,,-23.670486,-46.7607345,,,,2,2023-06-16T04:05:57+00:00
SAO_745M-10,São Paulo,3550308,True,,33550,,,-23.630817,-46.767892,,,,2,2023-06-16T04:05:50+00:00
SAO_745M-10,São Paulo,3550308,True,,33550,,,-23.67379,-46.786891499999996,,,,2,2023-06-16T04:05:25+00:00
SAO_745M-10,São Paulo,3550308,True,,33550,,,-23.6659455,-46.715094750000006,,,,2,2023-06-16T04:05:42+00:00
SAO_5091-10,São Paulo,3550308,True,,34291,,,-23.6966135,-46.6691505,,,,2,2023-06-16T04:03:43+00:00
SAO_5091-10,São Paulo,3550308,True,,34291,,,-23.68224575,-46.6769735,,,,2,2023-06-16T04:05:33+00:00
SAO_5091-10,São Paulo,3550308,True,,34291,,,-23.635889,-46.6414665,,,,2,2023-06-16T04:05:30+00:00
SAO_5091-10,São Paulo,3550308,True,,34291,,,-23.6930505,-46.6653785,,,,2,2023-06-16T04:06:00+00:00
SAO_5091-10,São Paulo,3550308,True,,34291,,,-23.632468250000002,-46.645695,,,,2,2023-06-16T04:05:28+00:00
SAO_477U-10,São Paulo,3550308,True,,306,,,-23.5894045,-46.634211,,,,1,2023-06-16T04:05:52+00:00
SAO_477U-10,São Paulo,3550308,True,,306,,,-23.600608125,-46.60165125,,,,1,2023-06-16T04:05:58+00:00
SAO_1156-10,São Paulo,3550308,True,,33427,,,-23.4874285,-46.568459749999995,,,,2,2023-06-16T04:05:19+00:00
SAO_1156-10,São Paulo,3550308,True,,33427,,,-23.524059,-46.60799525,,,,2,2023-06-16T04:05:28+00:00
SAO_1156-10,São Paulo,3550308,True,,33427,,,-23.486996,-46.568324000000004,,,,2,2023-06-16T04:05:36+00:00
SAO_1156-10,São Paulo,3550308,True,,33427,,,-23.4874285,-46.568459749999995,,,,2,2023-06-16T04:05:28+00:00
SAO_1156-10,São Paulo,3550308,True,,33427,,,-23.4893875,-46.570685,,,,2,2023-06-16T04:04:40+00:00
SAO_1156-10,São Paulo,3550308,True,,33427,,,-23.486996,-46.568324000000004,,,,2,2023-06-16T04:05:35+00:00
SAO_233A-10,São Paulo,3550308,True,EMTU,249,https://moovitapp.com/index/pt-br/transporte_p%C3%BAblico-line-249-Sao_Paulo-242-2038937-58093193-0,5.4,-23.532001,-46.486357999999996,,,,1,2023-06-16T04:05:44+00:00
SAO_233A-10,São Paulo,3550308,True,EMTU,249,https://moovitapp.com/index/pt-br/transporte_p%C3%BAblico-line-249-Sao_Paulo-242-2038937-58093193-0,5.4,-23.534425499999998,-46.456415500000006,,,,1,2023-06-16T04:05:57+00:00
SAO_233A-10,São Paulo,3550308,True,EMTU,249,https://moovitapp.com/index/pt-br/transporte_p%C3%BAblico-line-249-Sao_Paulo-242-2038937-58093193-0,5.4,-23.5580635,-46.522337500000006,,,,1,2023-06-16T04:05:23+00:00
SAO_6821-10,São Paulo,3550308,True,,32789,,,-23.65826975,-46.76510825,,,,2,2023-06-16T04:05:57+00:00
SAO_6821-10,São Paulo,3550308,True,,32789,,,-23.6836968125,-46.778687562500004,,,,2,2023-06-16T04:05:56+00:00
SAO_9009-10,São Paulo,3550308,True,,877,,,-23.4533255,-46.697728,,,,1,2023-06-16T04:05:55+00:00
SAO_9009-10,São Paulo,3550308,True,,877,,,-23.447619500000002,-46.7088905,,,,1,2023-06-16T04:05:16+00:00
SAO_9009-10,São Paulo,3550308,True,,877,,,-23.448097,-46.716063500000004,,,,1,2023-06-16T04:05:40+00:00
SAO_6035-21,São Paulo,3550308,True,,34563,,,-23.715726,-46.76919,,,,2,2023-06-16T04:05:52+00:00
SAO_6035-21,São Paulo,3550308,True,,34563,,,-23.685363,-46.742388000000005,,,,2,2023-06-16T04:06:02+00:00
SAO_746H-10,São Paulo,3550308,True,STT,785,https://moovitapp.com/index/pt-br/transporte_p%C3%BAblico-line-785-Sao_Paulo-242-850661-183353-0,5.3,-23.604743,-46.7251465,,,,1,2023-06-16T04:05:38+00:00
SAO_746H-10,São Paulo,3550308,True,STT,785,https://moovitapp.com/index/pt-br/transporte_p%C3%BAblico-line-785-Sao_Paulo-242-850661-183353-0,5.3,-23.642785500000002,-46.711708,,,,1,2023-06-16T04:05:32+00:00
SAO_746H-10,São Paulo,3550308,True,STT,785,https://moovitapp.com/index/pt-br/transporte_p%C3%BAblico-line-785-Sao_Paulo-242-850661-183353-0,5.3,-23.5951465,-46.744837000000004,,,,1,2023-06-16T04:05:35+00:00
SAO_746H-10,São Paulo,3550308,True,STT,785,https://moovitapp.com/index/pt-br/transporte_p%C3%BAblico-line-785-Sao_Paulo-242-850661-183353-0,5.3,-23.6492675,-46.7064685,,,,1,2023-06-16T04:05:46+00:00
SAO_502J-10,São Paulo,3550308,True,,34043,,,-23.681169750000002,-46.66755225,,,,2,2023-06-16T04:05:48+00:00
SAO_502J-10,São Paulo,3550308,True,,34043,,,-23.6941335,-46.683377,,,,2,2023-06-16T04:05:46+00:00
SAO_502J-10,São Paulo,3550308,True,,34043,,,-23.629943,-46.646716,,,,2,2023-06-16T04:05:35+00:00
SAO_502J-10,São Paulo,3550308,True,,34043,,,-23.706488999999998,-46.68819,,,,2,2023-06-16T04:05:26+00:00
SAO_502J-10,São Paulo,3550308,True,,34043,,,-23.7060275,-46.6879755,,,,2,2023-06-16T04:04:43+00:00
SAO_502J-10,São Paulo,3550308,True,,34043,,,-23.655233000000003,-46.668558000000004,,,,2,2023-06-16T04:05:45+00:00
SAO_502J-10,São Paulo,3550308,True,,34043,,,-23.59890925,-46.636741,,,,2,2023-06-16T04:06:01+00:00
SAO_502J-10,São Paulo,3550308,True,,34043,,,-23.7058085,-46.6886045,,,,2,2023-06-16T04:05:33+00:00
SAO_6036-10,São Paulo,3550308,True,,1214,,,-23.65376725,-46.79044725,,,,1,2023-06-16T04:05:30+00:00
SAO_6036-10,São Paulo,3550308,True,,1214,,,-23.6538115,-46.789655499999995,,,,1,2023-06-16T04:05:26+00:00
SAO_6036-10,São Paulo,3550308,True,,1214,,,-23.658502,-46.775075,,,,1,2023-06-16T04:05:56+00:00
SAO_6036-10,São Paulo,3550308,True,,1214,,,-23.637562250000002,-46.719127,,,,1,2023-06-16T04:05:31+00:00
SAO_6031-10,São Paulo,3550308,True,,92,,,-23.7380205,-46.697914499999996,,,,1,2023-06-16T04:05:23+00:00
SAO_6031-10,São Paulo,3550308,True,,92,,,-23.757689,-46.7067155,,,,1,2023-06-16T04:05:58+00:00
SAO_6031-10,São Paulo,3550308,True,,92,,,-23.73850375,-46.69805125,,,,1,2023-06-16T04:05:33+00:00
SAO_6031-10,São Paulo,3550308,True,,92,,,-23.739152,-46.698574,,,,1,2023-06-16T04:05:41+00:00
SAO_607C-10,São Paulo,3550308,True,,1977,,,-23.619498,-46.697923,,,,1,2023-06-16T04:05:38+00:00
SAO_607C-10,São Paulo,3550308,True,,1977,,,-23.6896565,-46.635254,,,,1,2023-06-16T04:05:19+00:00
SAO_607C-10,São Paulo,3550308,True,,1977,,,-23.5947735,-46.690170499999994,,,,1,2023-06-16T04:05:29+00:00
SAO_607C-10,São Paulo,3550308,True,,1977,,,-23.65231,-46.669118499999996,,,,1,2023-06-16T04:05:50+00:00
SAO_607C-10,São Paulo,3550308,True,,1977,,,-23.6678605,-46.652286000000004,,,,1,2023-06-16T04:05:58+00:00
SAO_509J-10,São Paulo,3550308,True,EMTU,264,https://moovitapp.com/index/pt-br/transporte_p%C3%BAblico-line-264-Sao_Paulo-242-2038937-36419374-0,6.2,-23.68611125,-46.6634235,,,,1,2023-06-16T04:05:48+00:00
SAO_509J-10,São Paulo,3550308,True,EMTU,264,https://moovitapp.com/index/pt-br/transporte_p%C3%BAblico-line-264-Sao_Paulo-242-2038937-36419374-0,6.2,-23.643731000000002,-46.67233,,,,1,2023-06-16T04:05:31+00:00
SAO_3046-10,São Paulo,3550308,True,,33739,,,-23.579447000000002,-46.525166999999996,,,,2,2023-06-16T04:05:56+00:00
SAO_3046-10,São Paulo,3550308,True,,33739,,,-23.579447000000002,-46.525166999999996,,,,2,2023-06-16T04:05:58+00:00
SAO_3046-10,São Paulo,3550308,True,,33739,,,-23.581697,-46.537949499999996,,,,2,2023-06-16T04:05:39+00:00
SAO_3046-10,São Paulo,3550308,True,,33739,,,-23.582252,-46.5459355,,,,2,2023-06-16T04:05:59+00:00
SAO_3046-10,São Paulo,3550308,True,,33739,,,-23.553811500000002,-46.5751295,,,,2,2023-06-16T04:05:52+00:00
SAO_5194-10,São Paulo,3550308,True,,33037,,,-23.6189575,-46.662169250000005,,,,2,2023-06-16T04:05:47+00:00
SAO_5194-10,São Paulo,3550308,True,,33037,,,-23.6927105,-46.660900999999996,,,,2,2023-06-16T04:05:44+00:00
SAO_5194-10,São Paulo,3550308,True,,33037,,,-23.679914875,-46.666432875,,,,2,2023-06-16T04:05:48+00:00
SAO_5194-10,São Paulo,3550308,True,,33037,,,-23.696514999999998,-46.649711499999995,,,,2,2023-06-16T04:06:04+00:00
SAO_4021-10,São Paulo,3550308,True,,2548,,,-23.543873750000003,-46.461260249999995,,,,1,2023-06-16T04:05:48+00:00
SAO_4021-10,São Paulo,3550308,True,,2548,,,-23.561562000000002,-46.446068749999995,,,,1,2023-06-16T04:05:58+00:00
SAO_4021-10,São Paulo,3550308,True,,2548,,,-23.542802000000002,-46.470636,,,,1,2023-06-16T04:05:59+00:00
SAO_4021-10,São Paulo,3550308,True,,2548,,,-23.561562000000002,-46.446068749999995,,,,1,2023-06-16T04:04:40+00:00
SAO_809L-10,São Paulo,3550308,True,,1949,,,-23.524549625000002,-46.699218625,,,,1,2023-06-16T04:05:50+00:00
SAO_809L-10,São Paulo,3550308,True,,1949,,,-23.555291249999996,-46.70967,,,,1,2023-06-16T04:05:44+00:00
SAO_809L-10,São Paulo,3550308,True,,1949,,,-23.6315005,-46.773324,,,,1,2023-06-16T04:05:26+00:00
SAO_809L-10,São Paulo,3550308,True,,1949,,,-23.6315005,-46.773324,,,,1,2023-06-16T04:05:21+00:00
SAO_809L-10,São Paulo,3550308,True,,1949,,,-23.585818500000002,-46.7298925,,,,1,2023-06-16T04:05:39+00:00
SAO_809L-10,São Paulo,3550308,True,,1949,,,-23.632000499999997,-46.771926,,,,1,2023-06-16T04:05:53+00:00
SAO_2780-10,São Paulo,3550308,True,EMTU,399,https://moovitapp.com/index/pt-br/transporte_p%C3%BAblico-line-399-Sao_Paulo-242-2038937-36419463-0,6.45,-23.49951075,-46.394054999999994,,,,1,2023-06-16T04:05:47+00:00
SAO_2780-10,São Paulo,3550308,True,EMTU,399,https://moovitapp.com/index/pt-br/transporte_p%C3%BAblico-line-399-Sao_Paulo-242-2038937-36419463-0,6.45,-23.51040125,-46.3759175,,,,1,2023-06-16T04:05:19+00:00
SAO_6970-10,São Paulo,3550308,True,,34273,,,-23.6749705,-46.7124405,,,,2,2023-06-16T04:05:20+00:00
SAO_971T-10,São Paulo,3550308,True,,618,,,-23.493399,-46.6757375,,,,1,2023-06-16T04:05:24+00:00
SAO_971T-10,São Paulo,3550308,True,,618,,,-23.5020055,-46.625392000000005,,,,1,2023-06-16T04:05:44+00:00
SAO_971T-10,São Paulo,3550308,True,,618,,,-23.493399,-46.6757375,,,,1,2023-06-16T04:05:35+00:00
SAO_971T-10,São Paulo,3550308,True,,618,,,-23.486191499999997,-46.659553,,,,1,2023-06-16T04:05:34+00:00
SAO_971T-10,São Paulo,3550308,True,,618,,,-23.50201,-46.625167,,,,1,2023-06-16T04:05:45+00:00
SAO_709G-10,São Paulo,3550308,True,,2020,,,-23.66631225,-46.71752375,,,,1,2023-06-16T04:05:49+00:00
SAO_709G-10,São Paulo,3550308,True,,2020,,,-23.584395875,-46.673928625,,,,1,2023-06-16T04:05:51+00:00
SAO_675K-10,São Paulo,3550308,True,,32966,,,-23.678175,-46.762688499999996,,,,2,2023-06-16T04:05:44+00:00
SAO_675K-10,São Paulo,3550308,True,,32966,,,-23.59772075,-46.65096225,,,,2,2023-06-16T04:05:23+00:00
SAO_675K-10,São Paulo,3550308,True,,32966,,,-23.599375000000002,-46.6376455,,,,2,2023-06-16T04:05:55+00:00
SAO_675K-10,São Paulo,3550308,True,,32966,,,-23.638723625,-46.695361250000005,,,,2,2023-06-16T04:05:47+00:00
SAO_675K-10,São Paulo,3550308,True,,32966,,,-23.6903555,-46.7743995,,,,2,2023-06-16T04:05:19+00:00
SAO_8040-10,São Paulo,3550308,True,,33174,,,-23.5066415,-46.750116500000004,,,,2,2023-06-16T04:05:20+00:00
SAO_8040-10,São Paulo,3550308,True,,33174,,,-23.4379315,-46.779346000000004,,,,2,2023-06-16T04:05:53+00:00
SAO_8040-10,São Paulo,3550308,True,,33174,,,-23.519962,-46.69955950000001,,,,2,2023-06-16T04:05:46+00:00
SAO_8040-10,São Paulo,3550308,True,,33174,,,-23.43823975,-46.771168125,,,,2,2023-06-16T04:05:58+00:00
SAO_8040-10,São Paulo,3550308,True,,33174,,,-23.4379315,-46.779346000000004,,,,2,2023-06-16T04:05:50+00:00
SAO_8040-10,São Paulo,3550308,True,,33174,,,-23.486925,-46.760701499999996,,,,2,2023-06-16T04:05:43+00:00
SAO_971M-10,São Paulo,3550308,True,,33380,,,-23.476850999999996,-46.641692500000005,,,,2,2023-06-16T04:05:27+00:00
SAO_971M-10,São Paulo,3550308,True,,33380,,,-23.490531,-46.688970499999996,,,,2,2023-06-16T04:03:07+00:00
SAO_971M-10,São Paulo,3550308,True,,33380,,,-23.475763,-46.671437,,,,2,2023-06-16T04:06:02+00:00
SAO_971M-10,São Paulo,3550308,True,,33380,,,-23.48442,-46.687509,,,,2,2023-06-16T04:05:33+00:00
SAO_971M-10,São Paulo,3550308,True,,33380,,,-23.4829695,-46.631793,,,,2,2023-06-16T04:06:02+00:00
SAO_971M-10,São Paulo,3550308,True,,33380,,,-23.490305,-46.6886595,,,,2,2023-06-16T04:05:51+00:00
SAO_3795-10,São Paulo,3550308,True,,33841,,,-23.560135000000002,-46.4161655,,,,2,2023-06-16T04:05:47+00:00
SAO_3795-10,São Paulo,3550308,True,,33841,,,-23.542476999999998,-46.4712795,,,,2,2023-06-16T04:05:43+00:00
SAO_3795-10,São Paulo,3550308,True,,33841,,,-23.548608,-46.447375,,,,2,2023-06-16T04:05:19+00:00
SAO_5370-10,São Paulo,3550308,True,,34210,,,-23.7579905,-46.714872,,,,2,2023-06-16T04:05:37+00:00
SAO_5370-10,São Paulo,3550308,True,,34210,,,-23.7503355,-46.7102765,,,,2,2023-06-16T04:05:45+00:00
SAO_5370-10,São Paulo,3550308,True,,34210,,,-23.600362625000002,-46.659273,,,,2,2023-06-16T04:05:41+00:00
SAO_5370-10,São Paulo,3550308,True,,34210,,,-23.660839,-46.705425,,,,2,2023-06-16T04:05:58+00:00
SAO_5370-10,São Paulo,3550308,True,,34210,,,-23.6630835,-46.707423000000006,,,,2,2023-06-16T04:05:26+00:00
SAO_5370-10,São Paulo,3550308,True,,34210,,,-23.62885825,-46.686011500000006,,,,2,2023-06-16T04:05:54+00:00
SAO_5370-10,São Paulo,3550308,True,,34210,,,-23.70754675,-46.7001865,,,,2,2023-06-16T04:05:55+00:00
SAO_5370-10,São Paulo,3550308,True,,34210,,,-23.551356,-46.637087,,,,2,2023-06-16T04:02:34+00:00
SAO_5370-10,São Paulo,3550308,True,,34210,,,-23.551356,-46.637087,,,,2,2023-06-16T03:49:58+00:00
SAO_5370-10,São Paulo,3550308,True,,34210,,,-23.6630835,-46.707423000000006,,,,2,2023-06-16T04:05:37+00:00
SAO_775F-10,São Paulo,3550308,True,,796,,,-23.6254505,-46.7479555,,,,1,2023-06-16T04:05:37+00:00
SAO_775F-10,São Paulo,3550308,True,,796,,,-23.6254505,-46.7479555,,,,1,2023-06-16T04:05:59+00:00
SAO_775F-10,São Paulo,3550308,True,,796,,,-23.592478,-46.7043575,,,,1,2023-06-16T04:05:43+00:00
SAO_775F-10,São Paulo,3550308,True,,796,,,-23.6254505,-46.7479555,,,,1,2023-06-16T04:06:01+00:00
SAO_775F-10,São Paulo,3550308,True,,796,,,-23.6254505,-46.7479555,,,,1,2023-06-16T04:05:38+00:00
SAO_775F-10,São Paulo,3550308,True,,796,,,-23.6254505,-46.7479555,,,,1,2023-06-16T04:05:58+00:00
SAO_775F-10,São Paulo,3550308,True,,796,,,-23.610056,-46.745966,,,,1,2023-06-16T04:06:02+00:00
SAO_775F-10,São Paulo,3550308,True,,796,,,-23.6254505,-46.7479555,,,,1,2023-06-16T04:05:36+00:00
SAO_6084-10,São Paulo,3550308,True,,1169,,,-23.7690195,-46.715415500000006,,,,1,2023-06-16T04:05:57+00:00
SAO_6084-10,São Paulo,3550308,True,,1169,,,-23.768133,-46.682238999999996,,,,1,2023-06-16T04:05:54+00:00
SAO_714C-10,São Paulo,3550308,True,,487,,,-23.5564265,-46.6655475,,,,1,2023-06-16T04:05:55+00:00
SAO_714C-10,São Paulo,3550308,True,,487,,,-23.595788,-46.7893465,,,,1,2023-06-16T04:05:49+00:00
SAO_527R-10,São Paulo,3550308,True,,33039,,,-23.674492,-46.6551725,,,,2,2023-06-16T03:59:53+00:00
SAO_527R-10,São Paulo,3550308,True,,33039,,,-23.6594155,-46.700115,,,,2,2023-06-16T04:06:02+00:00
SAO_527R-10,São Paulo,3550308,True,,33039,,,-23.6604175,-46.6742675,,,,2,2023-06-16T04:05:44+00:00
SAO_527R-10,São Paulo,3550308,True,,33039,,,-23.67450975,-46.6782595,,,,2,2023-06-16T04:05:30+00:00
SAO_172N-10,São Paulo,3550308,True,,33432,,,-23.515946749999998,-46.61641775,,,,2,2023-06-16T04:05:35+00:00
SAO_172N-10,São Paulo,3550308,True,,33432,,,-23.540075,-46.593727,,,,2,2023-06-16T04:05:46+00:00
SAO_172N-10,São Paulo,3550308,True,,33432,,,-23.50003925,-46.61804625,,,,2,2023-06-16T04:05:12+00:00
SAO_172N-10,São Paulo,3550308,True,,33432,,,-23.5065905,-46.596008,,,,2,2023-06-16T04:05:19+00:00
SAO_172N-10,São Paulo,3550308,True,,33432,,,-23.527707,-46.597033,,,,2,2023-06-16T04:04:57+00:00
SAO_172N-10,São Paulo,3550308,True,,33432,,,-23.516318499999997,-46.616457999999994,,,,2,2023-06-16T04:05:38+00:00
SAO_172N-10,São Paulo,3550308,True,,33432,,,-23.51559625,-46.61637925,,,,2,2023-06-16T04:05:43+00:00
SAO_6500-10,São Paulo,3550308,True,,46,,,-23.549173,-46.640448,,,,1,2023-06-16T04:05:49+00:00
SAO_6500-10,São Paulo,3550308,True,,46,,,-23.6497811875,-46.70390193750001,,,,1,2023-06-16T04:05:53+00:00
SAO_6500-10,São Paulo,3550308,True,,46,,,-23.58486225,-46.6704875,,,,1,2023-06-16T04:05:57+00:00
SAO_6500-10,São Paulo,3550308,True,,46,,,-23.654395,-46.7121185,,,,1,2023-06-16T04:05:23+00:00
SAO_6500-10,São Paulo,3550308,True,,46,,,-23.597623,-46.673852,,,,1,2023-06-16T04:05:47+00:00
SAO_6500-10,São Paulo,3550308,True,,46,,,-23.654395,-46.7121185,,,,1,2023-06-16T04:05:22+00:00
SAO_6500-10,São Paulo,3550308,True,,46,,,-23.654395,-46.7121185,,,,1,2023-06-16T04:05:26+00:00
SAO_6500-10,São Paulo,3550308,True,,46,,,-23.654395,-46.7121185,,,,1,2023-06-16T04:06:02+00:00
SAO_3778-10,São Paulo,3550308,True,,33830,,,-23.576659,-46.493074500000006,,,,2,2023-06-16T04:05:42+00:00
SAO_3778-10,São Paulo,3550308,True,,33830,,,-23.54422675,-46.54606475,,,,2,2023-06-16T04:05:46+00:00
SAO_3778-10,São Paulo,3550308,True,,33830,,,-23.5753505,-46.497097499999995,,,,2,2023-06-16T04:05:33+00:00
SAO_3778-10,São Paulo,3550308,True,,33830,,,-23.570196000000003,-46.486959999999996,,,,2,2023-06-16T04:05:45+00:00
SAO_3778-10,São Paulo,3550308,True,,33830,,,-23.568366875000002,-46.50955725,,,,2,2023-06-16T04:05:48+00:00
SAO_3778-10,São Paulo,3550308,True,,33830,,,-23.570034,-46.486484000000004,,,,2,2023-06-16T04:05:42+00:00
SAO_3027-10,São Paulo,3550308,True,,33731,,,-23.554920375,-46.453962000000004,,,,2,2023-06-16T04:05:55+00:00
SAO_3027-10,São Paulo,3550308,True,,33731,,,-23.5715905,-46.50452325,,,,2,2023-06-16T04:06:04+00:00
SAO_8548-10,São Paulo,3550308,True,EMTU,578,https://moovitapp.com/index/pt-br/transporte_p%C3%BAblico-line-578-Sao_Paulo-242-2038937-36419568-0,5.4,-23.450783,-46.700252,,,,1,2023-06-16T04:05:19+00:00
SAO_8548-10,São Paulo,3550308,True,EMTU,578,https://moovitapp.com/index/pt-br/transporte_p%C3%BAblico-line-578-Sao_Paulo-242-2038937-36419568-0,5.4,-23.508459000000002,-46.689606500000004,,,,1,2023-06-16T04:05:59+00:00
SAO_8548-10,São Paulo,3550308,True,EMTU,578,https://moovitapp.com/index/pt-br/transporte_p%C3%BAblico-line-578-Sao_Paulo-242-2038937-36419568-0,5.4,-23.448099499999998,-46.716244,,,,1,2023-06-16T04:05:46+00:00
SAO_407L-10,São Paulo,3550308,True,,2199,,,-23.533486375000003,-46.48975275000001,,,,1,2023-06-16T04:05:35+00:00
SAO_407L-10,São Paulo,3550308,True,,2199,,,-23.559566,-46.4121375,,,,1,2023-06-16T04:05:58+00:00
SAO_407L-10,São Paulo,3550308,True,,2199,,,-23.590169500000002,-46.3950145,,,,1,2023-06-16T04:06:01+00:00
SAO_407L-10,São Paulo,3550308,True,,2199,,,-23.535622500000002,-46.474324499999994,,,,1,2023-06-16T04:01:22+00:00
SAO_407L-10,São Paulo,3550308,True,,2199,,,-23.5396055,-46.426348125,,,,1,2023-06-16T04:02:49+00:00
SAO_407L-10,São Paulo,3550308,True,,2199,,,-23.586890249999996,-46.39070525,,,,1,2023-06-16T04:05:37+00:00
SAO_6262-10,São Paulo,3550308,True,,34139,,,-23.547757625000003,-46.715279374999994,,,,2,2023-06-16T04:05:41+00:00
SAO_6262-10,São Paulo,3550308,True,,34139,,,-23.529883124999998,-46.731899,,,,2,2023-06-16T04:05:20+00:00
SAO_6262-10,São Paulo,3550308,True,,34139,,,-23.541490500000002,-46.716663499999996,,,,2,2023-06-16T04:05:24+00:00
SAO_6262-10,São Paulo,3550308,True,,34139,,,-23.52968025,-46.732086375,,,,2,2023-06-16T04:05:46+00:00
SAO_4312-10,São Paulo,3550308,True,,2172,,,-23.56497725,-46.496686249999996,,,,1,2023-06-16T04:05:19+00:00
SAO_4312-10,São Paulo,3550308,True,,2172,,,-23.5515345,-46.6246215,,,,1,2023-06-16T04:06:02+00:00
SAO_4312-10,São Paulo,3550308,True,,2172,,,-23.5323125,-46.535538,,,,1,2023-06-16T04:05:55+00:00
SAO_5705-10,São Paulo,3550308,True,,1657,,,-23.602926,-46.6020545,,,,1,2023-06-16T04:05:46+00:00
SAO_5705-10,São Paulo,3550308,True,,1657,,,-23.576935,-46.6231925,,,,1,2023-06-16T04:05:46+00:00
SAO_847P-10,São Paulo,3550308,True,,423,,,-23.560671,-46.688221625,,,,1,2023-06-16T04:05:23+00:00
SAO_847P-10,São Paulo,3550308,True,,423,,,-23.4861505,-46.7258785,,,,1,2023-06-16T04:05:28+00:00
SAO_847P-10,São Paulo,3550308,True,,423,,,-23.596214500000002,-46.6909225,,,,1,2023-06-16T04:05:54+00:00
SAO_847P-10,São Paulo,3550308,True,,423,,,-23.55740925,-46.6905255,,,,1,2023-06-16T04:05:58+00:00
SAO_6055-10,São Paulo,3550308,True,,33914,,,-23.691946625,-46.6983525,,,,2,2023-06-16T04:05:28+00:00
SAO_6055-10,São Paulo,3550308,True,,33914,,,-23.745338,-46.6993015,,,,2,2023-06-16T04:05:56+00:00
SAO_6055-10,São Paulo,3550308,True,,33914,,,-23.754704,-46.709073000000004,,,,2,2023-06-16T04:05:28+00:00
SAO_5128-10,São Paulo,3550308,True,,1128,,,-23.6363215,-46.641154,,,,1,2023-06-16T04:05:48+00:00
SAO_5128-10,São Paulo,3550308,True,,1128,,,-23.646867999999998,-46.6402595,,,,1,2023-06-16T04:05:44+00:00
SAO_5128-10,São Paulo,3550308,True,,1128,,,-23.666863,-46.65187,,,,1,2023-06-16T04:06:02+00:00
SAO_5128-10,São Paulo,3550308,True,,1128,,,-23.6446715,-46.641168,,,,1,2023-06-16T04:05:57+00:00
SAO_6017-10,São Paulo,3550308,True,,33974,,,-23.657401125,-46.707043500000005,,,,2,2023-06-16T04:06:03+00:00
SAO_6017-10,São Paulo,3550308,True,,33974,,,-23.693067,-46.778766,,,,2,2023-06-16T04:05:32+00:00
SAO_6017-10,São Paulo,3550308,True,,33974,,,-23.697047,-46.760983499999995,,,,2,2023-06-16T04:05:47+00:00
SAO_6017-10,São Paulo,3550308,True,,33974,,,-23.696951,-46.761001,,,,2,2023-06-16T04:05:53+00:00
SAO_6017-10,São Paulo,3550308,True,,33974,,,-23.697917249999996,-46.773692999999994,,,,2,2023-06-16T04:05:32+00:00
SAO_4017-10,São Paulo,3550308,True,,34958,,,-23.592865250000003,-46.40673075000001,,,,2,2023-06-16T04:05:25+00:00
SAO_4017-10,São Paulo,3550308,True,,34958,,,-23.6008165,-46.399510500000005,,,,2,2023-06-16T04:05:42+00:00
SAO_4017-10,São Paulo,3550308,True,,34958,,,-23.60109525,-46.39926,,,,2,2023-06-16T04:05:39+00:00
SAO_4017-10,São Paulo,3550308,True,,34958,,,-23.600441500000002,-46.399831500000005,,,,2,2023-06-16T04:05:43+00:00
SAO_4311-10,São Paulo,3550308,True,,34939,,,-23.60495325,-46.471165,,,,2,2023-06-16T04:05:36+00:00
SAO_4311-10,São Paulo,3550308,True,,34939,,,-23.5932715,-46.4674655,,,,2,2023-06-16T04:05:52+00:00
SAO_4311-10,São Paulo,3550308,True,,34939,,,-23.5359195,-46.55271,,,,2,2023-06-16T04:05:45+00:00
SAO_8009-31,São Paulo,3550308,True,,1260,,,-23.486145999999998,-46.728021999999996,,,,1,2023-06-16T04:05:50+00:00
SAO_8009-31,São Paulo,3550308,True,,1260,,,-23.4474565,-46.754587,,,,1,2023-06-16T04:05:44+00:00
SAO_5036-10,São Paulo,3550308,True,,1666,,,-23.639716,-46.60748,,,,1,2023-06-16T04:05:27+00:00
SAO_5036-10,São Paulo,3550308,True,,1666,,,-23.601965,-46.606697,,,,1,2023-06-16T04:05:29+00:00
SAO_707A-10,São Paulo,3550308,True,,1990,,,-23.67163175,-46.7409715,,,,1,2023-06-16T04:05:25+00:00
SAO_707A-10,São Paulo,3550308,True,,1990,,,-23.6115755,-46.636469500000004,,,,1,2023-06-16T04:05:34+00:00
SAO_707A-10,São Paulo,3550308,True,,1990,,,-23.688371999999998,-46.77244137500001,,,,1,2023-06-16T04:05:34+00:00
SAO_707A-10,São Paulo,3550308,True,,1990,,,-23.609559062499997,-46.667714375,,,,1,2023-06-16T04:05:43+00:00
SAO_707A-10,São Paulo,3550308,True,,1990,,,-23.601406500000003,-46.654028499999995,,,,1,2023-06-16T04:05:31+00:00
SAO_707A-10,São Paulo,3550308,True,,1990,,,-23.638472875,-46.69510575,,,,1,2023-06-16T04:05:31+00:00
SAO_425E-10,São Paulo,3550308,True,,1636,,,-23.614058,-46.5006185,,,,1,2023-06-16T04:06:01+00:00
SAO_2765-10,São Paulo,3550308,True,EMTU,145,https://moovitapp.com/index/pt-br/transporte_p%C3%BAblico-line-145-Sao_Paulo-242-2038937-36419293-0,5.35,-23.52351575,-46.550139,,,,1,2023-06-16T04:05:33+00:00
SAO_2765-10,São Paulo,3550308,True,EMTU,145,https://moovitapp.com/index/pt-br/transporte_p%C3%BAblico-line-145-Sao_Paulo-242-2038937-36419293-0,5.35,-23.49297825,-46.497193499999995,,,,1,2023-06-16T04:04:17+00:00
SAO_2765-10,São Paulo,3550308,True,EMTU,145,https://moovitapp.com/index/pt-br/transporte_p%C3%BAblico-line-145-Sao_Paulo-242-2038937-36419293-0,5.35,-23.505415499999998,-46.516107500000004,,,,1,2023-06-16T04:05:28+00:00
SAO_2765-10,São Paulo,3550308,True,EMTU,145,https://moovitapp.com/index/pt-br/transporte_p%C3%BAblico-line-145-Sao_Paulo-242-2038937-36419293-0,5.35,-23.5330035,-46.5756155,,,,1,2023-06-16T04:05:24+00:00
SAO_4032-10,São Paulo,3550308,True,,33870,,,-23.61787825,-46.63914925,,,,2,2023-06-16T04:05:45+00:00
SAO_4032-10,São Paulo,3550308,True,,33870,,,-23.62315675,-46.614444625000004,,,,2,2023-06-16T04:05:28+00:00
SAO_364A-10,São Paulo,3550308,True,,1246,,,-23.5945005,-46.5028085,,,,1,2023-06-16T04:05:45+00:00
SAO_364A-10,São Paulo,3550308,True,,1246,,,-23.5632085,-46.5012665,,,,1,2023-06-16T04:05:51+00:00
SAO_364A-10,São Paulo,3550308,True,,1246,,,-23.5632085,-46.5012665,,,,1,2023-06-16T04:05:31+00:00
SAO_364A-10,São Paulo,3550308,True,,1246,,,-23.60152975,-46.50580325,,,,1,2023-06-16T04:05:32+00:00
SAO_364A-10,São Paulo,3550308,True,,1246,,,-23.5631475,-46.501079000000004,,,,1,2023-06-16T04:05:41+00:00
SAO_364A-10,São Paulo,3550308,True,,1246,,,-23.5632085,-46.5012665,,,,1,2023-06-16T04:05:32+00:00
SAO_364A-10,São Paulo,3550308,True,,1246,,,-23.5874125,-46.607364,,,,1,2023-06-16T04:05:43+00:00
SAO_364A-10,São Paulo,3550308,True,,1246,,,-23.596947749999998,-46.53383,,,,1,2023-06-16T04:05:37+00:00
SAO_364A-10,São Paulo,3550308,True,,1246,,,-23.615624,-46.5004625,,,,1,2023-06-16T04:05:38+00:00
SAO_364A-10,São Paulo,3550308,True,,1246,,,-23.5847335,-46.5837035,,,,1,2023-06-16T04:05:51+00:00
SAO_364A-10,São Paulo,3550308,True,,1246,,,-23.5631475,-46.501079000000004,,,,1,2023-06-16T04:05:27+00:00
SAO_6041-10,São Paulo,3550308,True,,33986,,,-23.64214475,-46.711892500000005,,,,2,2023-06-16T04:05:55+00:00
SAO_6041-10,São Paulo,3550308,True,,33986,,,-23.689674500000002,-46.78096725,,,,2,2023-06-16T04:05:57+00:00
SAO_6041-10,São Paulo,3550308,True,,33986,,,-23.645217000000002,-46.746117999999996,,,,2,2023-06-16T04:05:53+00:00
SAO_6041-10,São Paulo,3550308,True,,33986,,,-23.6899145,-46.7808755,,,,2,2023-06-16T04:05:28+00:00
SAO_6041-10,São Paulo,3550308,True,,33986,,,-23.6899145,-46.7808755,,,,2,2023-06-16T04:06:03+00:00
SAO_6041-10,São Paulo,3550308,True,,33986,,,-23.6624305,-46.769189,,,,2,2023-06-16T04:05:57+00:00
SAO_6041-10,São Paulo,3550308,True,,33986,,,-23.689674500000002,-46.78096725,,,,2,2023-06-16T04:06:00+00:00
SAO_6041-10,São Paulo,3550308,True,,33986,,,-23.643249,-46.734951,,,,2,2023-06-16T04:05:21+00:00
SAO_6041-10,São Paulo,3550308,True,,33986,,,-23.690249,-46.78073,,,,2,2023-06-16T04:05:25+00:00
SAO_6041-10,São Paulo,3550308,True,,33986,,,-23.6899145,-46.7808755,,,,2,2023-06-16T04:05:51+00:00
SAO_8055-51,São Paulo,3550308,True,,33185,,,-23.408545500000002,-46.740751,,,,2,2023-06-16T04:05:59+00:00
SAO_8055-51,São Paulo,3550308,True,,33185,,,-23.408328,-46.741003,,,,2,2023-06-16T04:05:22+00:00
SAO_8055-51,São Paulo,3550308,True,,33185,,,-23.409360999999997,-46.73565125,,,,2,2023-06-16T04:04:45+00:00
SAO_8055-51,São Paulo,3550308,True,,33185,,,-23.444051625,-46.786883,,,,2,2023-06-16T04:05:18+00:00
SAO_8055-51,São Paulo,3550308,True,,33185,,,-23.52242525,-46.696148750000006,,,,2,2023-06-16T04:05:55+00:00
SAO_1178-31,São Paulo,3550308,True,,1812,,,-23.502533,-46.4323215,,,,1,2023-06-16T04:02:00+00:00
SAO_1178-31,São Paulo,3550308,True,,1812,,,-23.490165,-46.463268,,,,1,2023-06-16T04:05:58+00:00
SAO_1178-31,São Paulo,3550308,True,,1812,,,-23.498022625,-46.518555250000006,,,,1,2023-06-16T04:05:44+00:00
SAO_1178-31,São Paulo,3550308,True,,1812,,,-23.521535,-46.630469500000004,,,,1,2023-06-16T04:05:37+00:00
SAO_3746-10,São Paulo,3550308,True,EMTU,283,https://moovitapp.com/index/pt-br/transporte_p%C3%BAblico-line-283-Sao_Paulo-242-2038937-36419384-0,5.2,-23.594817,-46.5027665,,,,1,2023-06-16T04:05:27+00:00
SAO_3746-10,São Paulo,3550308,True,EMTU,283,https://moovitapp.com/index/pt-br/transporte_p%C3%BAblico-line-283-Sao_Paulo-242-2038937-36419384-0,5.2,-23.562012,-46.561507,,,,1,2023-06-16T04:05:56+00:00
SAO_3746-10,São Paulo,3550308,True,EMTU,283,https://moovitapp.com/index/pt-br/transporte_p%C3%BAblico-line-283-Sao_Paulo-242-2038937-36419384-0,5.2,-23.586201000000003,-46.517945,,,,1,2023-06-16T04:02:29+00:00
SAO_3746-10,São Paulo,3550308,True,EMTU,283,https://moovitapp.com/index/pt-br/transporte_p%C3%BAblico-line-283-Sao_Paulo-242-2038937-36419384-0,5.2,-23.594817,-46.5027665,,,,1,2023-06-16T04:05:19+00:00
SAO_3746-10,São Paulo,3550308,True,EMTU,283,https://moovitapp.com/index/pt-br/transporte_p%C3%BAblico-line-283-Sao_Paulo-242-2038937-36419384-0,5.2,-23.594817,-46.5027665,,,,1,2023-06-16T04:02:46+00:00
SAO_5106-10,São Paulo,3550308,True,,1280,,,-23.5508615,-46.635386,,,,1,2023-06-16T04:05:35+00:00
SAO_5106-10,São Paulo,3550308,True,,1280,,,-23.645613500000003,-46.640926500000006,,,,1,2023-06-16T04:05:57+00:00
SAO_5106-10,São Paulo,3550308,True,,1280,,,-23.595984625,-46.64064175,,,,1,2023-06-16T04:05:32+00:00
SAO_407A-10,São Paulo,3550308,True,,2194,,,-23.561864,-46.5618535,,,,1,2023-06-16T04:05:42+00:00
SAO_407A-10,São Paulo,3550308,True,,2194,,,-23.542392999999997,-46.616875500000006,,,,1,2023-06-16T04:05:28+00:00
SAO_407A-10,São Paulo,3550308,True,,2194,,,-23.580374499999998,-46.5181565,,,,1,2023-06-16T04:05:35+00:00
SAO_407P-10,São Paulo,3550308,True,,34968,,,-23.541269,-46.5768465,,,,2,2023-06-16T04:05:39+00:00
SAO_407P-10,São Paulo,3550308,True,,34968,,,-23.52773775,-46.50875775,,,,2,2023-06-16T04:05:19+00:00
SAO_407P-10,São Paulo,3550308,True,,34968,,,-23.541269,-46.5768465,,,,2,2023-06-16T04:05:21+00:00
SAO_407P-10,São Paulo,3550308,True,,34968,,,-23.577617,-46.41602,,,,2,2023-06-16T04:05:51+00:00
SAO_407P-10,São Paulo,3550308,True,,34968,,,-23.541269,-46.5768465,,,,2,2023-06-16T04:05:47+00:00
SAO_407P-10,São Paulo,3550308,True,,34968,,,-23.540905000000002,-46.484406,,,,2,2023-06-16T04:05:35+00:00
SAO_407P-10,São Paulo,3550308,True,,34968,,,-23.541269,-46.5768465,,,,2,2023-06-16T04:05:59+00:00
SAO_407P-10,São Paulo,3550308,True,,34968,,,-23.5412835,-46.5769345,,,,2,2023-06-16T04:05:19+00:00
SAO_407P-10,São Paulo,3550308,True,,34968,,,-23.52540125,-46.436034,,,,2,2023-06-16T04:05:31+00:00
SAO_8544-10,São Paulo,3550308,True,,33198,,,-23.44720125,-46.747979,,,,2,2023-06-16T04:05:55+00:00
SAO_8544-10,São Paulo,3550308,True,,33198,,,-23.44717575,-46.72399625,,,,2,2023-06-16T04:05:45+00:00
SAO_8544-10,São Paulo,3550308,True,,33198,,,-23.4337315,-46.751121,,,,2,2023-06-16T04:05:27+00:00
SAO_8544-10,São Paulo,3550308,True,,33198,,,-23.5396335,-46.640001500000004,,,,2,2023-06-16T04:05:36+00:00
SAO_372U-10,São Paulo,3550308,True,,33784,,,-23.554512,-46.5453375,,,,2,2023-06-16T04:05:26+00:00
SAO_372U-10,São Paulo,3550308,True,,33784,,,-23.558583125000002,-46.541626,,,,2,2023-06-16T04:05:57+00:00
SAO_372U-10,São Paulo,3550308,True,,33784,,,-23.5493935,-46.569001,,,,2,2023-06-16T04:05:31+00:00
SAO_372U-10,São Paulo,3550308,True,,33784,,,-23.552977,-46.564814999999996,,,,2,2023-06-16T04:01:14+00:00
SAO_3732-10,São Paulo,3550308,True,,1029,,,-23.5424255,-46.470012,,,,1,2023-06-16T04:05:33+00:00
SAO_3732-10,São Paulo,3550308,True,,1029,,,-23.5423965,-46.469851,,,,1,2023-06-16T04:05:42+00:00
SAO_3732-10,São Paulo,3550308,True,,1029,,,-23.54172825,-46.439352125,,,,1,2023-06-16T04:05:57+00:00
SAO_3732-10,São Paulo,3550308,True,,1029,,,-23.5550865,-46.444182999999995,,,,1,2023-06-16T04:05:31+00:00
SAO_6031-10,São Paulo,3550308,True,,32860,,,-23.73850375,-46.69805125,,,,2,2023-06-16T04:05:43+00:00
SAO_675N-10,São Paulo,3550308,True,EMTU,362,https://moovitapp.com/index/pt-br/transporte_p%C3%BAblico-line-362-Sao_Paulo-242-2038937-36419443-0,6.25,-23.626358500000002,-46.7024215,,,,1,2023-06-16T04:06:00+00:00
SAO_675N-10,São Paulo,3550308,True,EMTU,362,https://moovitapp.com/index/pt-br/transporte_p%C3%BAblico-line-362-Sao_Paulo-242-2038937-36419443-0,6.25,-23.654531499999997,-46.715275500000004,,,,1,2023-06-16T04:05:49+00:00
SAO_675N-10,São Paulo,3550308,True,EMTU,362,https://moovitapp.com/index/pt-br/transporte_p%C3%BAblico-line-362-Sao_Paulo-242-2038937-36419443-0,6.25,-23.580851125,-46.638879125,,,,1,2023-06-16T04:06:02+00:00
SAO_675N-10,São Paulo,3550308,True,EMTU,362,https://moovitapp.com/index/pt-br/transporte_p%C3%BAblico-line-362-Sao_Paulo-242-2038937-36419443-0,6.25,-23.602127625,-46.672019500000005,,,,1,2023-06-16T04:06:01+00:00
SAO_2175-10,São Paulo,3550308,True,,697,,,-23.52939825,-46.602333,,,,1,2023-06-16T04:05:56+00:00
SAO_2175-10,São Paulo,3550308,True,,697,,,-23.497643500000002,-46.5729135,,,,1,2023-06-16T04:04:56+00:00
SAO_576M-10,São Paulo,3550308,True,,604,,,-23.57534225,-46.687962,,,,1,2023-06-16T04:05:53+00:00
SAO_576M-10,São Paulo,3550308,True,,604,,,-23.597486500000002,-46.668670500000005,,,,1,2023-06-16T04:05:56+00:00
SAO_576M-10,São Paulo,3550308,True,,604,,,-23.6387255,-46.64124475,,,,1,2023-06-16T04:05:56+00:00
SAO_576M-10,São Paulo,3550308,True,,604,,,-23.618737,-46.661801,,,,1,2023-06-16T04:05:44+00:00
SAO_576M-10,São Paulo,3550308,True,,604,,,-23.6185485,-46.661851999999996,,,,1,2023-06-16T04:05:32+00:00
SAO_8677-10,São Paulo,3550308,True,EMTU,443,https://moovitapp.com/index/pt-br/transporte_p%C3%BAblico-line-443-Sao_Paulo-242-2038937-36419491-0,5.4,-23.54701225,-46.642812750000004,,,,1,2023-06-16T04:05:36+00:00
SAO_8677-10,São Paulo,3550308,True,EMTU,443,https://moovitapp.com/index/pt-br/transporte_p%C3%BAblico-line-443-Sao_Paulo-242-2038937-36419491-0,5.4,-23.527603499999998,-46.6716715,,,,1,2023-06-16T04:05:37+00:00
SAO_8677-10,São Paulo,3550308,True,EMTU,443,https://moovitapp.com/index/pt-br/transporte_p%C3%BAblico-line-443-Sao_Paulo-242-2038937-36419491-0,5.4,-23.4874175,-46.732842500000004,,,,1,2023-06-16T04:05:53+00:00
SAO_8677-10,São Paulo,3550308,True,EMTU,443,https://moovitapp.com/index/pt-br/transporte_p%C3%BAblico-line-443-Sao_Paulo-242-2038937-36419491-0,5.4,-23.51290825,-46.727011625,,,,1,2023-06-16T04:05:58+00:00
SAO_8677-10,São Paulo,3550308,True,EMTU,443,https://moovitapp.com/index/pt-br/transporte_p%C3%BAblico-line-443-Sao_Paulo-242-2038937-36419491-0,5.4,-23.4820435,-46.757343,,,,1,2023-06-16T04:05:46+00:00
SAO_8022-10,São Paulo,3550308,True,,34853,,,-23.5636565,-46.7207395,,,,2,2023-06-16T04:05:52+00:00
SAO_8022-10,São Paulo,3550308,True,,34853,,,-23.5684795,-46.739804500000005,,,,2,2023-06-16T04:05:43+00:00
SAO_8022-10,São Paulo,3550308,True,,34853,,,-23.566794375,-46.71175100000001,,,,2,2023-06-16T04:05:50+00:00
SAO_8022-10,São Paulo,3550308,True,,34853,,,-23.566949,-46.7303965,,,,2,2023-06-16T04:05:26+00:00
SAO_6036-10,São Paulo,3550308,True,,33982,,,-23.65385975,-46.79008575,,,,2,2023-06-16T04:05:52+00:00
SAO_6036-10,São Paulo,3550308,True,,33982,,,-23.6591095,-46.766191,,,,2,2023-06-16T04:05:41+00:00
SAO_6036-10,São Paulo,3550308,True,,33982,,,-23.65385975,-46.79008575,,,,2,2023-06-16T04:05:46+00:00
SAO_6036-10,São Paulo,3550308,True,,33982,,,-23.652072000000004,-46.7168815,,,,2,2023-06-16T04:05:38+00:00
SAO_6036-10,São Paulo,3550308,True,,33982,,,-23.65385975,-46.79008575,,,,2,2023-06-16T04:05:28+00:00
SAO_6036-10,São Paulo,3550308,True,,33982,,,-23.65385975,-46.79008575,,,,2,2023-06-16T04:05:57+00:00
SAO_2013-10,São Paulo,3550308,True,,33667,,,-23.462994000000002,-46.6697405,,,,2,2023-06-16T04:05:44+00:00
SAO_2013-10,São Paulo,3550308,True,,33667,,,-23.454283,-46.658618,,,,2,2023-06-16T04:05:47+00:00
SAO_2013-10,São Paulo,3550308,True,,33667,,,-23.4643905,-46.654526,,,,2,2023-06-16T04:05:38+00:00
SAO_2013-10,São Paulo,3550308,True,,33667,,,-23.473060250000003,-46.6701395,,,,2,2023-06-16T04:05:38+00:00
SAO_2762-10,São Paulo,3550308,True,,32912,,,-23.5084935,-46.54316,,,,2,2023-06-16T04:03:25+00:00
SAO_2762-10,São Paulo,3550308,True,,32912,,,-23.486390874999998,-46.477108375,,,,2,2023-06-16T04:05:43+00:00
SAO_2762-10,São Paulo,3550308,True,,32912,,,-23.486059500000003,-46.476583000000005,,,,2,2023-06-16T04:05:31+00:00
SAO_2762-10,São Paulo,3550308,True,,32912,,,-23.486390874999998,-46.477108375,,,,2,2023-06-16T04:05:57+00:00
SAO_2762-10,São Paulo,3550308,True,,32912,,,-23.4984825,-46.502362250000004,,,,2,2023-06-16T04:05:17+00:00
SAO_2762-10,São Paulo,3550308,True,,32912,,,-23.4973025,-46.5042935,,,,2,2023-06-16T04:02:44+00:00
SAO_2202-10,São Paulo,3550308,True,,33678,,,-23.4875525,-46.3821995,,,,2,2023-06-16T04:04:51+00:00
SAO_2202-10,São Paulo,3550308,True,,33678,,,-23.48792525,-46.382452,,,,2,2023-06-16T04:05:31+00:00
SAO_2202-10,São Paulo,3550308,True,,33678,,,-23.4942705,-46.390076500000006,,,,2,2023-06-16T04:05:28+00:00
SAO_2202-10,São Paulo,3550308,True,,33678,,,-23.505397000000002,-46.403841,,,,2,2023-06-16T04:05:51+00:00
SAO_2202-10,São Paulo,3550308,True,,33678,,,-23.5379315,-46.406484500000005,,,,2,2023-06-16T04:04:52+00:00
SAO_2202-10,São Paulo,3550308,True,,33678,,,-23.48792525,-46.382452,,,,2,2023-06-16T04:05:32+00:00
SAO_2202-10,São Paulo,3550308,True,,33678,,,-23.4881205,-46.382844500000004,,,,2,2023-06-16T04:04:39+00:00
SAO_2202-10,São Paulo,3550308,True,,33678,,,-23.541898500000002,-46.4154965,,,,2,2023-06-16T04:05:56+00:00
SAO_6450-10,São Paulo,3550308,True,,32827,,,-23.567678875000002,-46.659757,,,,2,2023-06-16T04:06:04+00:00
SAO_6450-10,São Paulo,3550308,True,,32827,,,-23.6545125,-46.761236499999995,,,,2,2023-06-16T04:05:24+00:00
SAO_6450-10,São Paulo,3550308,True,,32827,,,-23.595443500000002,-46.6732535,,,,2,2023-06-16T04:06:00+00:00
SAO_6450-10,São Paulo,3550308,True,,32827,,,-23.595443500000002,-46.6732535,,,,2,2023-06-16T04:05:43+00:00
SAO_6450-10,São Paulo,3550308,True,,32827,,,-23.5494755,-46.6392205,,,,2,2023-06-16T04:05:21+00:00
SAO_6450-10,São Paulo,3550308,True,,32827,,,-23.6432905,-46.742360000000005,,,,2,2023-06-16T04:05:50+00:00
SAO_6450-10,São Paulo,3550308,True,,32827,,,-23.6542305,-46.7623055,,,,2,2023-06-16T04:05:49+00:00
SAO_6450-10,São Paulo,3550308,True,,32827,,,-23.625450375,-46.686779625,,,,2,2023-06-16T04:05:57+00:00
SAO_6450-10,São Paulo,3550308,True,,32827,,,-23.6458135,-46.704815499999995,,,,2,2023-06-16T04:05:31+00:00
SAO_709A-10,São Paulo,3550308,True,,2092,,,-23.6132095,-46.696375,,,,1,2023-06-16T04:05:44+00:00
SAO_709A-10,São Paulo,3550308,True,,2092,,,-23.58116375,-46.665085,,,,1,2023-06-16T04:05:51+00:00
SAO_978J-10,São Paulo,3550308,True,,33359,,,-23.530896499999997,-46.665485000000004,,,,2,2023-06-16T04:05:43+00:00
SAO_978J-10,São Paulo,3550308,True,,33359,,,-23.436899500000003,-46.739963,,,,2,2023-06-16T04:05:35+00:00
SAO_978J-10,São Paulo,3550308,True,,33359,,,-23.5151235,-46.701592999999995,,,,2,2023-06-16T04:05:22+00:00
SAO_978J-10,São Paulo,3550308,True,,33359,,,-23.437067499999998,-46.740057500000006,,,,2,2023-06-16T04:05:22+00:00
SAO_6030-10,São Paulo,3550308,True,,1142,,,-23.654038,-46.708869500000006,,,,1,2023-06-16T04:05:50+00:00
SAO_6030-10,São Paulo,3550308,True,,1142,,,-23.669955125,-46.703755375,,,,1,2023-06-16T04:05:59+00:00
SAO_6030-10,São Paulo,3550308,True,,1142,,,-23.741073,-46.707885000000005,,,,1,2023-06-16T04:06:01+00:00
SAO_546A-31,São Paulo,3550308,True,,33900,,,-23.697873,-46.6481885,,,,2,2023-06-16T04:05:31+00:00
SAO_546A-31,São Paulo,3550308,True,,33900,,,-23.713665,-46.65656725,,,,2,2023-06-16T04:05:28+00:00
SAO_546A-31,São Paulo,3550308,True,,33900,,,-23.7009185,-46.6499755,,,,2,2023-06-16T04:05:58+00:00
SAO_9050-10,São Paulo,3550308,True,,2088,,,-23.555189,-46.697026,,,,1,2023-06-16T04:05:48+00:00
SAO_9050-10,São Paulo,3550308,True,,2088,,,-23.55784,-46.698625,,,,1,2023-06-16T04:05:21+00:00
SAO_2451-10,São Paulo,3550308,True,,32981,,,-23.516843,-46.489267999999996,,,,2,2023-06-16T04:05:43+00:00
SAO_2451-10,São Paulo,3550308,True,,32981,,,-23.516843,-46.489267999999996,,,,2,2023-06-16T04:05:43+00:00
SAO_3006-10,São Paulo,3550308,True,,1865,,,-23.54656625,-46.3992925,,,,1,2023-06-16T04:05:53+00:00
SAO_3006-10,São Paulo,3550308,True,,1865,,,-23.548099999999998,-46.389815,,,,1,2023-06-16T04:05:43+00:00
SAO_3006-10,São Paulo,3550308,True,,1865,,,-23.548099999999998,-46.389815,,,,1,2023-06-16T04:05:12+00:00
SAO_3006-10,São Paulo,3550308,True,,1865,,,-23.548099999999998,-46.389815,,,,1,2023-06-16T04:05:06+00:00
SAO_607M-10,São Paulo,3550308,True,,2036,,,-23.684085500000002,-46.703199,,,,1,2023-06-16T04:05:22+00:00
SAO_607M-10,São Paulo,3550308,True,,2036,,,-23.7379855,-46.697920999999994,,,,1,2023-06-16T04:05:43+00:00
SAO_607M-10,São Paulo,3550308,True,,2036,,,-23.616422375,-46.696870000000004,,,,1,2023-06-16T04:05:57+00:00
SAO_607M-10,São Paulo,3550308,True,,2036,,,-23.65228225,-46.705678875000004,,,,1,2023-06-16T04:05:40+00:00
SAO_2765-10,São Paulo,3550308,True,,32913,,,-23.492723249999997,-46.49299925,,,,2,2023-06-16T04:05:23+00:00
SAO_2765-10,São Paulo,3550308,True,,32913,,,-23.493647,-46.493299,,,,2,2023-06-16T04:05:37+00:00
SAO_2765-10,São Paulo,3550308,True,,32913,,,-23.524761499999997,-46.550037125,,,,2,2023-06-16T04:05:59+00:00
SAO_2765-10,São Paulo,3550308,True,,32913,,,-23.492718500000002,-46.494104750000005,,,,2,2023-06-16T04:05:27+00:00
SAO_2765-10,São Paulo,3550308,True,,32913,,,-23.504864625,-46.5094584375,,,,2,2023-06-16T04:05:21+00:00
SAO_2765-10,São Paulo,3550308,True,,32913,,,-23.49302575,-46.493033749999995,,,,2,2023-06-16T04:05:49+00:00
SAO_8009-10,São Paulo,3550308,True,,34027,,,-23.434297,-46.751111,,,,2,2023-06-16T04:05:29+00:00
SAO_3098-10,São Paulo,3550308,True,,33846,,,-23.62007075,-46.467544000000004,,,,2,2023-06-16T04:05:48+00:00
SAO_3098-10,São Paulo,3550308,True,,33846,,,-23.631781750000002,-46.45626,,,,2,2023-06-16T04:06:02+00:00
SAO_3098-10,São Paulo,3550308,True,,33846,,,-23.5788495,-46.498183499999996,,,,2,2023-06-16T04:05:23+00:00
SAO_3098-10,São Paulo,3550308,True,,33846,,,-23.608188,-46.478106499999996,,,,2,2023-06-16T04:05:54+00:00
SAO_3098-10,São Paulo,3550308,True,,33846,,,-23.631781750000002,-46.45626,,,,2,2023-06-16T04:05:53+00:00
SAO_3098-10,São Paulo,3550308,True,,33846,,,-23.56576,-46.507617499999995,,,,2,2023-06-16T04:05:34+00:00
SAO_736I-10,São Paulo,3550308,True,STT,781,https://moovitapp.com/index/pt-br/transporte_p%C3%BAblico-line-781-Sao_Paulo-242-850661-183349-0,5.3,-23.632875,-46.7479035,,,,1,2023-06-16T04:05:58+00:00
SAO_736I-10,São Paulo,3550308,True,STT,781,https://moovitapp.com/index/pt-br/transporte_p%C3%BAblico-line-781-Sao_Paulo-242-850661-183349-0,5.3,-23.64951875,-46.70788325,,,,1,2023-06-16T04:05:46+00:00
SAO_736I-10,São Paulo,3550308,True,STT,781,https://moovitapp.com/index/pt-br/transporte_p%C3%BAblico-line-781-Sao_Paulo-242-850661-183349-0,5.3,-23.640922500000002,-46.745899,,,,1,2023-06-16T04:05:58+00:00
SAO_736I-10,São Paulo,3550308,True,STT,781,https://moovitapp.com/index/pt-br/transporte_p%C3%BAblico-line-781-Sao_Paulo-242-850661-183349-0,5.3,-23.6498405,-46.707801,,,,1,2023-06-16T04:05:22+00:00
SAO_3006-10,São Paulo,3550308,True,,34633,,,-23.542018,-46.415611,,,,2,2023-06-16T03:57:02+00:00
SAO_3006-10,São Paulo,3550308,True,,34633,,,-23.5476935,-46.390091,,,,2,2023-06-16T04:04:54+00:00
SAO_3006-10,São Paulo,3550308,True,,34633,,,-23.547792,-46.390069,,,,2,2023-06-16T04:05:20+00:00
SAO_2734-10,São Paulo,3550308,True,,1760,,,-23.5421205,-46.471834,,,,1,2023-06-16T04:00:36+00:00
SAO_2734-10,São Paulo,3550308,True,,1760,,,-23.50407775,-46.432106250000004,,,,1,2023-06-16T04:05:59+00:00
SAO_2734-10,São Paulo,3550308,True,,1760,,,-23.5287675,-46.446922,,,,1,2023-06-16T04:05:20+00:00
SAO_2734-10,São Paulo,3550308,True,,1760,,,-23.508194312500002,-46.4170856875,,,,1,2023-06-16T04:05:58+00:00
SAO_2734-10,São Paulo,3550308,True,,1760,,,-23.5390375,-46.470048250000005,,,,1,2023-06-16T04:05:47+00:00
SAO_574C-10,São Paulo,3550308,True,,1639,,,-23.59001475,-46.544565750000004,,,,1,2023-06-16T04:06:01+00:00
SAO_1721-10,São Paulo,3550308,True,,33434,,,-23.4897535,-46.570575500000004,,,,2,2023-06-16T04:05:48+00:00
SAO_1721-10,São Paulo,3550308,True,,33434,,,-23.4949545,-46.592490999999995,,,,2,2023-06-16T04:05:39+00:00
SAO_1721-10,São Paulo,3550308,True,,33434,,,-23.50805625,-46.59979325,,,,2,2023-06-16T04:05:31+00:00
SAO_1721-10,São Paulo,3550308,True,,33434,,,-23.48941525,-46.571597749999995,,,,2,2023-06-16T04:05:41+00:00
SAO_1721-10,São Paulo,3550308,True,,33434,,,-23.48941525,-46.571597749999995,,,,2,2023-06-16T04:06:03+00:00
SAO_6026-10,São Paulo,3550308,False,,87,,,-23.746766,-46.70653,,,,1,2023-06-16T04:05:49+00:00
SAO_6026-10,São Paulo,3550308,True,,87,,,-23.654935000000002,-46.715513625,,,,1,2023-06-16T04:05:42+00:00
SAO_6026-10,São Paulo,3550308,True,,87,,,-23.67553075,-46.693907749999994,,,,1,2023-06-16T04:05:25+00:00
SAO_1772-10,São Paulo,3550308,True,,635,,,-23.443537,-46.577459000000005,,,,1,2023-06-16T04:05:36+00:00
SAO_1772-10,São Paulo,3550308,True,,635,,,-23.4352895,-46.5818785,,,,1,2023-06-16T04:05:26+00:00
SAO_1772-10,São Paulo,3550308,True,,635,,,-23.4349075,-46.581235,,,,1,2023-06-16T04:05:53+00:00
SAO_1772-10,São Paulo,3550308,True,,635,,,-23.434845000000003,-46.5811445,,,,1,2023-06-16T04:05:29+00:00
SAO_1772-10,São Paulo,3550308,True,,635,,,-23.472576,-46.5978045,,,,1,2023-06-16T04:05:12+00:00
SAO_967A-10,São Paulo,3550308,True,,33336,,,-23.5839705,-46.67886849999999,,,,2,2023-06-16T04:05:40+00:00
SAO_967A-10,São Paulo,3550308,True,,33336,,,-23.505053125000003,-46.655507125,,,,2,2023-06-16T04:02:56+00:00
SAO_8020-10,São Paulo,3550308,True,,34494,,,-23.58491,-46.7172405,,,,2,2023-06-16T04:05:50+00:00
SAO_517J-10,São Paulo,3550308,True,,33897,,,-23.6911125,-46.656583499999996,,,,2,2023-06-16T04:05:50+00:00
SAO_517J-10,São Paulo,3550308,True,,33897,,,-23.643190249999996,-46.6735595,,,,2,2023-06-16T04:06:03+00:00
SAO_517J-10,São Paulo,3550308,True,,33897,,,-23.676630250000002,-46.65940825,,,,2,2023-06-16T04:05:56+00:00
SAO_517J-10,São Paulo,3550308,True,,33897,,,-23.678711,-46.6567585,,,,2,2023-06-16T04:04:56+00:00
SAO_517J-10,São Paulo,3550308,True,,33897,,,-23.664019500000002,-46.680459,,,,2,2023-06-16T04:05:21+00:00
SAO_517J-10,São Paulo,3550308,True,,33897,,,-23.6137265,-46.6953,,,,2,2023-06-16T04:05:42+00:00
SAO_517J-10,São Paulo,3550308,True,,33897,,,-23.635760499999996,-46.67827025,,,,2,2023-06-16T04:05:45+00:00
SAO_8017-10,São Paulo,3550308,True,,1261,,,-23.438237,-46.746818000000005,,,,1,2023-06-16T04:05:44+00:00
SAO_7049-10,São Paulo,3550308,True,,34680,,,-23.71138725,-46.77812725,,,,2,2023-06-16T04:05:33+00:00
SAO_7049-10,São Paulo,3550308,True,,34680,,,-23.6315095,-46.772093,,,,2,2023-06-16T04:05:57+00:00
SAO_7049-10,São Paulo,3550308,True,,34680,,,-23.646844,-46.779120250000005,,,,2,2023-06-16T04:05:39+00:00
SAO_7049-10,São Paulo,3550308,True,,34680,,,-23.7115665,-46.7780305,,,,2,2023-06-16T04:05:46+00:00
SAO_7049-10,São Paulo,3550308,True,,34680,,,-23.711143749999998,-46.778219750000005,,,,2,2023-06-16T04:05:56+00:00
SAO_7049-10,São Paulo,3550308,True,,34680,,,-23.7115665,-46.7780305,,,,2,2023-06-16T04:05:45+00:00
SAO_7049-10,São Paulo,3550308,True,,34680,,,-23.6710125,-46.786587999999995,,,,2,2023-06-16T04:05:59+00:00
SAO_3728-10,São Paulo,3550308,True,,33793,,,-23.55420325,-46.491747000000004,,,,2,2023-06-16T04:05:27+00:00
SAO_3728-10,São Paulo,3550308,True,,33793,,,-23.542378,-46.48379425,,,,2,2023-06-16T04:05:44+00:00
SAO_3728-10,São Paulo,3550308,True,,33793,,,-23.554313,-46.491979,,,,2,2023-06-16T04:05:35+00:00
SAO_3728-10,São Paulo,3550308,True,,33793,,,-23.57272975,-46.490611,,,,2,2023-06-16T04:05:53+00:00
SAO_6412-10,São Paulo,3550308,True,,33538,,,-23.6118145,-46.7218165,,,,2,2023-06-16T04:05:34+00:00
SAO_6412-10,São Paulo,3550308,True,,33538,,,-23.603872625,-46.682298875,,,,2,2023-06-16T04:05:27+00:00
SAO_6412-10,São Paulo,3550308,True,,33538,,,-23.5672734375,-46.64444175,,,,2,2023-06-16T04:05:36+00:00
SAO_6412-10,São Paulo,3550308,True,,33538,,,-23.61699275,-46.720967,,,,2,2023-06-16T04:06:01+00:00
SAO_6412-10,São Paulo,3550308,True,,33538,,,-23.6172295,-46.720997,,,,2,2023-06-16T04:05:21+00:00
SAO_6412-10,São Paulo,3550308,True,,33538,,,-23.617432,-46.7210475,,,,2,2023-06-16T04:05:55+00:00
SAO_6412-10,São Paulo,3550308,True,,33538,,,-23.585659,-46.6723875,,,,2,2023-06-16T04:05:20+00:00
SAO_669A-10,São Paulo,3550308,True,,32772,,,-23.5341755,-46.6447165,,,,2,2023-06-16T04:06:01+00:00
SAO_669A-10,São Paulo,3550308,True,,32772,,,-23.569412375,-46.650685249999995,,,,2,2023-06-16T04:06:00+00:00
SAO_669A-10,São Paulo,3550308,True,,32772,,,-23.6453730625,-46.70219924999999,,,,2,2023-06-16T04:05:35+00:00
SAO_669A-10,São Paulo,3550308,True,,32772,,,-23.6269405,-46.6878545,,,,2,2023-06-16T04:06:02+00:00
SAO_669A-10,São Paulo,3550308,True,,32772,,,-23.654038,-46.708869500000006,,,,2,2023-06-16T04:05:26+00:00
SAO_669A-10,São Paulo,3550308,True,,32772,,,-23.652146000000002,-46.708776,,,,2,2023-06-16T04:05:23+00:00
SAO_669A-10,São Paulo,3550308,True,,32772,,,-23.535702999999998,-46.651074,,,,2,2023-06-16T04:05:56+00:00
SAO_675R-10,São Paulo,3550308,True,,32877,,,-23.754187,-46.680431999999996,,,,2,2023-06-16T04:05:46+00:00
SAO_675R-10,São Paulo,3550308,True,,32877,,,-23.7545765,-46.679976499999995,,,,2,2023-06-16T04:05:54+00:00
SAO_675R-10,São Paulo,3550308,True,,32877,,,-23.651652749999997,-46.678755249999995,,,,2,2023-06-16T04:05:41+00:00
SAO_675R-10,São Paulo,3550308,True,,32877,,,-23.713659749999998,-46.68957625,,,,2,2023-06-16T04:05:28+00:00
SAO_809L-10,São Paulo,3550308,True,,34717,,,-23.527191000000002,-46.7041965,,,,2,2023-06-16T04:05:36+00:00
SAO_809L-10,São Paulo,3550308,True,,34717,,,-23.5239105,-46.699185,,,,2,2023-06-16T04:06:00+00:00
SAO_809L-10,São Paulo,3550308,True,,34717,,,-23.6157585,-46.756756499999995,,,,2,2023-06-16T04:05:40+00:00
SAO_809L-10,São Paulo,3550308,True,,34717,,,-23.550290625,-46.707941500000004,,,,2,2023-06-16T04:05:23+00:00
SAO_809L-10,São Paulo,3550308,True,,34717,,,-23.5954185,-46.7455895,,,,2,2023-06-16T04:05:22+00:00
SAO_3051-10,São Paulo,3550308,True,,35214,,,-23.4866635,-46.482709,,,,2,2023-06-16T04:05:59+00:00
SAO_3051-10,São Paulo,3550308,True,,35214,,,-23.48653925,-46.48247525,,,,2,2023-06-16T04:05:34+00:00
SAO_3051-10,São Paulo,3550308,True,,35214,,,-23.517386000000002,-46.4759985,,,,2,2023-06-16T04:06:00+00:00
SAO_546T-10,São Paulo,3550308,True,,272,,,-23.668531,-46.689319499999996,,,,1,2023-06-16T04:05:37+00:00
SAO_546T-10,São Paulo,3550308,True,,272,,,-23.696635999999998,-46.649631,,,,1,2023-06-16T04:03:55+00:00
SAO_546T-10,São Paulo,3550308,True,,272,,,-23.6996815,-46.6466075,,,,1,2023-06-16T04:05:43+00:00
SAO_546T-10,São Paulo,3550308,True,,272,,,-23.65517725,-46.7067835,,,,1,2023-06-16T04:05:22+00:00
SAO_1701-10,São Paulo,3550308,True,,33613,,,-23.482129999999998,-46.6038695,,,,2,2023-06-16T04:05:54+00:00
SAO_1701-10,São Paulo,3550308,True,,33613,,,-23.504054125000003,-46.624669499999996,,,,2,2023-06-16T04:05:25+00:00
SAO_1701-10,São Paulo,3550308,True,,33613,,,-23.447903750000002,-46.57596337499999,,,,2,2023-06-16T04:05:23+00:00
SAO_1701-10,São Paulo,3550308,True,,33613,,,-23.45568025,-46.582061249999995,,,,2,2023-06-16T04:05:55+00:00
SAO_8594-10,São Paulo,3550308,True,EMTU,432,https://moovitapp.com/index/pt-br/transporte_p%C3%BAblico-line-432-Sao_Paulo-242-2038937-36419486-0,4.8,-23.535871375,-46.652010875,,,,1,2023-06-16T04:06:00+00:00
SAO_8594-10,São Paulo,3550308,True,EMTU,432,https://moovitapp.com/index/pt-br/transporte_p%C3%BAblico-line-432-Sao_Paulo-242-2038937-36419486-0,4.8,-23.449639,-46.7297455,,,,1,2023-06-16T04:06:01+00:00
SAO_8594-10,São Paulo,3550308,True,EMTU,432,https://moovitapp.com/index/pt-br/transporte_p%C3%BAblico-line-432-Sao_Paulo-242-2038937-36419486-0,4.8,-23.496204,-46.7079205,,,,1,2023-06-16T04:05:45+00:00
SAO_8594-10,São Paulo,3550308,True,EMTU,432,https://moovitapp.com/index/pt-br/transporte_p%C3%BAblico-line-432-Sao_Paulo-242-2038937-36419486-0,4.8,-23.452818,-46.748171,,,,1,2023-06-16T04:05:42+00:00
SAO_8594-10,São Paulo,3550308,True,EMTU,432,https://moovitapp.com/index/pt-br/transporte_p%C3%BAblico-line-432-Sao_Paulo-242-2038937-36419486-0,4.8,-23.45139,-46.7459295,,,,1,2023-06-16T04:05:38+00:00
SAO_8594-10,São Paulo,3550308,True,EMTU,432,https://moovitapp.com/index/pt-br/transporte_p%C3%BAblico-line-432-Sao_Paulo-242-2038937-36419486-0,4.8,-23.524931625,-46.698325749999995,,,,1,2023-06-16T04:05:37+00:00
SAO_8594-10,São Paulo,3550308,True,EMTU,432,https://moovitapp.com/index/pt-br/transporte_p%C3%BAblico-line-432-Sao_Paulo-242-2038937-36419486-0,4.8,-23.5478925,-46.642341,,,,1,2023-06-16T04:05:49+00:00
SAO_2029-10,São Paulo,3550308,True,,35038,,,-23.430656,-46.575369499999994,,,,2,2023-06-16T04:05:24+00:00
SAO_2029-10,São Paulo,3550308,True,,35038,,,-23.4808475,-46.60323175,,,,2,2023-06-16T04:05:51+00:00
SAO_2029-10,São Paulo,3550308,True,,35038,,,-23.441848999999998,-46.588781499999996,,,,2,2023-06-16T04:05:36+00:00
SAO_3739-10,São Paulo,3550308,True,,1039,,,-23.562426875,-46.446031,,,,1,2023-06-16T04:05:24+00:00
SAO_3739-10,São Paulo,3550308,True,,1039,,,-23.564302750000003,-46.4462245,,,,1,2023-06-16T04:05:58+00:00
SAO_3739-10,São Paulo,3550308,True,,1039,,,-23.574809000000002,-46.4449745,,,,1,2023-06-16T04:05:50+00:00
SAO_3739-10,São Paulo,3550308,True,,1039,,,-23.542442,-46.470101,,,,1,2023-06-16T04:05:23+00:00
SAO_3739-10,São Paulo,3550308,True,,1039,,,-23.5528905,-46.457451125000006,,,,1,2023-06-16T04:05:41+00:00
SAO_3739-10,São Paulo,3550308,True,,1039,,,-23.61795,-46.411443000000006,,,,1,2023-06-16T04:05:22+00:00
SAO_3739-10,São Paulo,3550308,True,,1039,,,-23.5698175,-46.446971000000005,,,,1,2023-06-16T04:05:38+00:00
SAO_3739-10,São Paulo,3550308,True,,1039,,,-23.611822,-46.416231499999995,,,,1,2023-06-16T04:05:51+00:00
SAO_3739-10,São Paulo,3550308,True,,1039,,,-23.56392425,-46.4461915,,,,1,2023-06-16T04:06:00+00:00
SAO_3025-10,São Paulo,3550308,True,,33729,,,-23.568029499999998,-46.409910499999995,,,,2,2023-06-16T04:05:22+00:00
SAO_3025-10,São Paulo,3550308,True,,33729,,,-23.573522,-46.399756,,,,2,2023-06-16T04:05:32+00:00
SAO_3025-10,São Paulo,3550308,True,,33729,,,-23.563516,-46.416466,,,,2,2023-06-16T04:05:24+00:00
SAO_2582-10,São Paulo,3550308,True,,33142,,,-23.51908225,-46.42337275,,,,2,2023-06-16T04:05:36+00:00
SAO_2582-10,São Paulo,3550308,True,,33142,,,-23.524316,-46.5489745,,,,2,2023-06-16T04:05:52+00:00
SAO_2582-10,São Paulo,3550308,True,,33142,,,-23.5191965,-46.423187999999996,,,,2,2023-06-16T04:05:31+00:00
SAO_2582-10,São Paulo,3550308,True,,33142,,,-23.537943499999997,-46.59782787500001,,,,2,2023-06-16T04:05:43+00:00
SAO_2582-10,São Paulo,3550308,True,,33142,,,-23.5187144375,-46.42211268749999,,,,2,2023-06-16T04:05:55+00:00
SAO_2582-10,São Paulo,3550308,True,,33142,,,-23.486069,-46.502661,,,,2,2023-06-16T04:01:15+00:00
SAO_2582-10,São Paulo,3550308,True,,33142,,,-23.501754249999998,-46.442651,,,,2,2023-06-16T04:05:49+00:00
SAO_2582-10,São Paulo,3550308,True,,33142,,,-23.493809,-46.4436475,,,,2,2023-06-16T04:05:39+00:00
SAO_2716-10,São Paulo,3550308,True,,33697,,,-23.511767499999998,-46.5360475,,,,2,2023-06-16T04:05:31+00:00
SAO_2716-10,São Paulo,3550308,True,,33697,,,-23.533121,-46.544351500000005,,,,2,2023-06-16T04:05:37+00:00
SAO_9354-10,São Paulo,3550308,True,,33476,,,-23.4742495,-46.669781,,,,2,2023-06-16T04:05:23+00:00
SAO_9354-10,São Paulo,3550308,True,,33476,,,-23.4802015,-46.656578499999995,,,,2,2023-06-16T04:05:53+00:00
SAO_9354-10,São Paulo,3550308,True,,33476,,,-23.5428145,-46.635748,,,,2,2023-06-16T04:05:34+00:00
SAO_9354-10,São Paulo,3550308,True,,33476,,,-23.494365000000002,-46.657109000000005,,,,2,2023-06-16T04:05:57+00:00
SAO_978A-10,São Paulo,3550308,True,,34137,,,-23.5208265,-46.668091000000004,,,,2,2023-06-16T04:05:55+00:00
SAO_978A-10,São Paulo,3550308,True,,34137,,,-23.481600999999998,-46.674812,,,,2,2023-06-16T04:05:59+00:00
SAO_8055-51,São Paulo,3550308,True,EMTU,417,https://moovitapp.com/index/pt-br/transporte_p%C3%BAblico-line-417-Sao_Paulo-242-2038937-36419474-0,5.2,-23.50763525,-46.7472695,,,,1,2023-06-16T04:05:49+00:00
SAO_8055-51,São Paulo,3550308,True,EMTU,417,https://moovitapp.com/index/pt-br/transporte_p%C3%BAblico-line-417-Sao_Paulo-242-2038937-36419474-0,5.2,-23.4043385,-46.751384,,,,1,2023-06-16T04:05:36+00:00
SAO_8055-51,São Paulo,3550308,True,EMTU,417,https://moovitapp.com/index/pt-br/transporte_p%C3%BAblico-line-417-Sao_Paulo-242-2038937-36419474-0,5.2,-23.4800995,-46.770947500000005,,,,1,2023-06-16T04:05:24+00:00
SAO_8055-51,São Paulo,3550308,True,EMTU,417,https://moovitapp.com/index/pt-br/transporte_p%C3%BAblico-line-417-Sao_Paulo-242-2038937-36419474-0,5.2,-23.474179499999998,-46.772208,,,,1,2023-06-16T04:05:18+00:00
SAO_857R-10,São Paulo,3550308,True,,1892,,,-23.630915,-46.772762,,,,1,2023-06-16T04:05:22+00:00
SAO_857R-10,São Paulo,3550308,True,,1892,,,-23.6308255,-46.772924,,,,1,2023-06-16T04:06:01+00:00
SAO_857R-10,São Paulo,3550308,True,,1892,,,-23.608897,-46.7516605,,,,1,2023-06-16T04:05:25+00:00
SAO_857R-10,São Paulo,3550308,True,,1892,,,-23.5711665,-46.690991499999996,,,,1,2023-06-16T04:06:00+00:00
SAO_857R-10,São Paulo,3550308,True,,1892,,,-23.629406,-46.769467,,,,1,2023-06-16T04:05:50+00:00
SAO_857R-10,São Paulo,3550308,True,,1892,,,-23.5658475,-46.632071499999995,,,,1,2023-06-16T04:05:46+00:00
SAO_857R-10,São Paulo,3550308,True,,1892,,,-23.6308255,-46.772924,,,,1,2023-06-16T04:05:52+00:00
SAO_7055-10,São Paulo,3550308,True,,1888,,,-23.6313825,-46.77286,,,,1,2023-06-16T04:05:53+00:00
SAO_7055-10,São Paulo,3550308,True,,1888,,,-23.690365999999997,-46.7898765,,,,1,2023-06-16T04:05:30+00:00
SAO_7055-10,São Paulo,3550308,True,,1888,,,-23.661214,-46.7683785,,,,1,2023-06-16T04:05:35+00:00
SAO_7055-10,São Paulo,3550308,True,,1888,,,-23.6804,-46.780625,,,,1,2023-06-16T04:05:31+00:00
SAO_7055-10,São Paulo,3550308,True,,1888,,,-23.6919635,-46.7907745,,,,1,2023-06-16T04:05:58+00:00
SAO_478P-10,São Paulo,3550308,True,,33117,,,-23.550384,-46.6786415,,,,2,2023-06-16T04:05:39+00:00
SAO_478P-10,São Paulo,3550308,True,,33117,,,-23.566851375,-46.650092125,,,,2,2023-06-16T04:05:55+00:00
SAO_478P-10,São Paulo,3550308,True,,33117,,,-23.629079,-46.598518,,,,2,2023-06-16T04:06:01+00:00
SAO_847P-10,São Paulo,3550308,True,,33191,,,-23.5964025,-46.69135850000001,,,,2,2023-06-16T04:05:24+00:00
SAO_847P-10,São Paulo,3550308,True,,33191,,,-23.591086500000003,-46.68111475,,,,2,2023-06-16T04:05:47+00:00
SAO_847P-10,São Paulo,3550308,True,,33191,,,-23.578401,-46.6860865,,,,2,2023-06-16T04:05:40+00:00
SAO_847P-10,São Paulo,3550308,True,,33191,,,-23.4854235,-46.725742,,,,2,2023-06-16T04:05:25+00:00
SAO_847P-10,São Paulo,3550308,True,,33191,,,-23.51415575,-46.70176875,,,,2,2023-06-16T04:05:51+00:00
SAO_847P-10,São Paulo,3550308,True,,33191,,,-23.56479925,-46.6895785,,,,2,2023-06-16T04:05:36+00:00
SAO_847P-10,São Paulo,3550308,True,,33191,,,-23.5964025,-46.69135850000001,,,,2,2023-06-16T04:05:57+00:00
SAO_847P-10,São Paulo,3550308,True,,33191,,,-23.485809000000003,-46.726257125,,,,2,2023-06-16T04:05:31+00:00
SAO_2010-10,São Paulo,3550308,True,,34872,,,-23.48145725,-46.56735075,,,,2,2023-06-16T04:05:50+00:00
SAO_2010-10,São Paulo,3550308,True,,34872,,,-23.50345,-46.621289000000004,,,,2,2023-06-16T04:02:57+00:00
SAO_2010-10,São Paulo,3550308,True,,34872,,,-23.477516625,-46.564321375,,,,2,2023-06-16T04:05:59+00:00
SAO_778J-10,São Paulo,3550308,True,EMTU,508,https://moovitapp.com/index/pt-br/transporte_p%C3%BAblico-line-508-Sao_Paulo-242-2038937-36419530-0,5.65,-23.561799375,-46.684561375,,,,1,2023-06-16T04:05:23+00:00
SAO_5013-10,São Paulo,3550308,True,,1117,,,-23.677267999999998,-46.628326,,,,1,2023-06-16T04:05:30+00:00
SAO_5013-10,São Paulo,3550308,True,,1117,,,-23.682060999999997,-46.633000499999994,,,,1,2023-06-16T04:05:23+00:00
SAO_5013-10,São Paulo,3550308,True,,1117,,,-23.682060999999997,-46.633000499999994,,,,1,2023-06-16T04:05:46+00:00
SAO_5013-10,São Paulo,3550308,True,,1117,,,-23.6871925,-46.6388125,,,,1,2023-06-16T04:03:42+00:00
SAO_5013-10,São Paulo,3550308,True,,1117,,,-23.6706055,-46.673684,,,,1,2023-06-16T04:05:40+00:00
SAO_574J-10,São Paulo,3550308,True,,1685,,,-23.581986,-46.5917685,,,,1,2023-06-16T04:05:24+00:00
SAO_574J-10,São Paulo,3550308,True,,1685,,,-23.568052,-46.544205,,,,1,2023-06-16T04:05:35+00:00
SAO_574J-10,São Paulo,3550308,True,,1685,,,-23.6250525,-46.610484,,,,1,2023-06-16T04:05:43+00:00
SAO_574J-10,São Paulo,3550308,True,,1685,,,-23.5676895,-46.5541015,,,,1,2023-06-16T04:05:38+00:00
SAO_2731-10,São Paulo,3550308,True,,946,,,-23.5426705,-46.469872499999994,,,,1,2023-06-16T04:00:44+00:00
SAO_2731-10,São Paulo,3550308,True,,946,,,-23.518249,-46.439041,,,,1,2023-06-16T04:02:02+00:00
SAO_2731-10,São Paulo,3550308,True,,946,,,-23.518249,-46.439041,,,,1,2023-06-16T04:03:38+00:00
SAO_2731-10,São Paulo,3550308,True,,946,,,-23.516444999999997,-46.4353105,,,,1,2023-06-16T04:06:03+00:00
SAO_2731-10,São Paulo,3550308,True,,946,,,-23.517191500000003,-46.438682,,,,1,2023-06-16T04:06:02+00:00
SAO_4112-10,São Paulo,3550308,True,,767,,,-23.54264225,-46.63977325,,,,1,2023-06-16T04:05:42+00:00
SAO_4112-10,São Paulo,3550308,True,,767,,,-23.546399375,-46.6381465,,,,1,2023-06-16T04:06:03+00:00
SAO_5142-10,São Paulo,3550308,True,,34394,,,-23.5867285,-46.55744625,,,,2,2023-06-16T04:05:25+00:00
SAO_5142-10,São Paulo,3550308,True,,34394,,,-23.579923875000002,-46.606912125,,,,2,2023-06-16T04:05:55+00:00
SAO_2722-31,São Paulo,3550308,True,,936,,,-23.51972475,-46.513607,,,,1,2023-06-16T04:06:02+00:00
SAO_2722-31,São Paulo,3550308,True,,936,,,-23.501338625000002,-46.49325225,,,,1,2023-06-16T04:05:01+00:00
SAO_1764-10,São Paulo,3550308,True,,625,,,-23.4256815,-46.5816655,,,,1,2023-06-16T04:05:47+00:00
SAO_1764-10,São Paulo,3550308,True,,625,,,-23.467955500000002,-46.607359,,,,1,2023-06-16T04:05:32+00:00
SAO_1764-10,São Paulo,3550308,True,,625,,,-23.49165,-46.624853,,,,1,2023-06-16T04:05:36+00:00
SAO_1764-10,São Paulo,3550308,True,,625,,,-23.478632500000003,-46.611061,,,,1,2023-06-16T04:04:09+00:00
SAO_1764-10,São Paulo,3550308,True,,625,,,-23.441767,-46.589588000000006,,,,1,2023-06-16T04:05:43+00:00
SAO_7063-10,São Paulo,3550308,True,,34667,,,-23.6514855,-46.7905545,,,,2,2023-06-16T04:05:41+00:00
SAO_7063-10,São Paulo,3550308,True,,34667,,,-23.646844,-46.779120250000005,,,,2,2023-06-16T04:05:59+00:00
SAO_7063-10,São Paulo,3550308,True,,34667,,,-23.6514855,-46.7905545,,,,2,2023-06-16T04:05:46+00:00
SAO_373L-10,São Paulo,3550308,True,,1027,,,-23.615178999999998,-46.423012,,,,1,2023-06-16T04:05:26+00:00
SAO_373L-10,São Paulo,3550308,True,,1027,,,-23.542361,-46.4705955,,,,1,2023-06-16T04:05:54+00:00
SAO_373L-10,São Paulo,3550308,True,,1027,,,-23.56973375,-46.448696749999996,,,,1,2023-06-16T04:05:50+00:00
SAO_373L-10,São Paulo,3550308,True,,1027,,,-23.5422585,-46.469769,,,,1,2023-06-16T04:05:21+00:00
SAO_8215-10,São Paulo,3550308,True,,33342,,,-23.500097,-46.693202,,,,2,2023-06-16T04:05:54+00:00
SAO_8215-10,São Paulo,3550308,True,,33342,,,-23.461624,-46.7081955,,,,2,2023-06-16T04:05:58+00:00
SAO_8215-10,São Paulo,3550308,True,,33342,,,-23.487537000000003,-46.692788,,,,2,2023-06-16T04:05:41+00:00
SAO_8605-10,São Paulo,3550308,True,,1917,,,-23.549173,-46.640448,,,,1,2023-06-16T04:06:02+00:00
SAO_8605-10,São Paulo,3550308,True,,1917,,,-23.577278,-46.673165,,,,1,2023-06-16T04:06:04+00:00
SAO_8605-10,São Paulo,3550308,True,,1917,,,-23.631453,-46.7718905,,,,1,2023-06-16T04:05:29+00:00
SAO_8605-10,São Paulo,3550308,True,,1917,,,-23.601923,-46.743632500000004,,,,1,2023-06-16T04:05:59+00:00
SAO_6110-10,São Paulo,3550308,True,,33952,,,-23.671984000000002,-46.677689,,,,2,2023-06-16T04:05:48+00:00
SAO_6110-10,São Paulo,3550308,True,,33952,,,-23.718598375,-46.69925512499999,,,,2,2023-06-16T04:05:40+00:00
SAO_6110-10,São Paulo,3550308,True,,33952,,,-23.7573505,-46.7083655,,,,2,2023-06-16T04:05:25+00:00
SAO_6110-10,São Paulo,3550308,True,,33952,,,-23.7570195,-46.705613,,,,2,2023-06-16T04:05:26+00:00
SAO_6110-10,São Paulo,3550308,True,,33952,,,-23.757465,-46.7053555,,,,2,2023-06-16T04:05:53+00:00
SAO_6110-10,São Paulo,3550308,True,,33952,,,-23.7066535,-46.7003785,,,,2,2023-06-16T04:05:44+00:00
SAO_8319-10,São Paulo,3550308,True,,33244,,,-23.54852725,-46.743941,,,,2,2023-06-16T04:05:52+00:00
SAO_8319-10,São Paulo,3550308,True,,33244,,,-23.52242525,-46.696148750000006,,,,2,2023-06-16T04:05:26+00:00
SAO_8319-10,São Paulo,3550308,True,,33244,,,-23.547321,-46.7604965,,,,2,2023-06-16T04:05:48+00:00
SAO_8319-10,São Paulo,3550308,True,,33244,,,-23.53953575,-46.72825925,,,,2,2023-06-16T04:05:35+00:00
SAO_508L-10,São Paulo,3550308,True,,32885,,,-23.53435325,-46.644056,,,,2,2023-06-16T04:05:43+00:00
SAO_508L-10,São Paulo,3550308,True,,32885,,,-23.5484365,-46.633148500000004,,,,2,2023-06-16T04:06:00+00:00
SAO_508L-10,São Paulo,3550308,True,,32885,,,-23.545351500000002,-46.633622,,,,2,2023-06-16T04:05:28+00:00
SAO_508L-10,São Paulo,3550308,True,,32885,,,-23.533831250000002,-46.64481775,,,,2,2023-06-16T04:05:50+00:00
SAO_6027-10,São Paulo,3550308,True,,90,,,-23.664607,-46.70930775,,,,1,2023-06-16T04:06:02+00:00
SAO_6027-10,São Paulo,3550308,True,,90,,,-23.720968,-46.6765125,,,,1,2023-06-16T04:05:25+00:00
SAO_3160-10,São Paulo,3550308,True,,32893,,,-23.553189875,-46.600944375,,,,2,2023-06-16T04:05:30+00:00
SAO_3160-10,São Paulo,3550308,True,,32893,,,-23.583903499999998,-46.5856135,,,,2,2023-06-16T04:05:22+00:00
SAO_6000-10,São Paulo,3550308,True,,33908,,,-23.6542185,-46.7095555,,,,2,2023-06-16T04:05:34+00:00
SAO_6000-10,São Paulo,3550308,True,,33908,,,-23.715654875,-46.7064655,,,,2,2023-06-16T04:05:44+00:00
SAO_6000-10,São Paulo,3550308,True,,33908,,,-23.7030325,-46.7150115,,,,2,2023-06-16T04:05:51+00:00
SAO_6000-10,São Paulo,3550308,True,,33908,,,-23.717793,-46.6995395,,,,2,2023-06-16T04:05:54+00:00
SAO_6000-10,São Paulo,3550308,True,,33908,,,-23.789313999999997,-46.726650625000005,,,,2,2023-06-16T04:05:23+00:00
SAO_6000-10,São Paulo,3550308,True,,33908,,,-23.810754,-46.736950500000006,,,,2,2023-06-16T04:05:54+00:00
SAO_6000-10,São Paulo,3550308,True,,33908,,,-23.734389999999998,-46.6990485,,,,2,2023-06-16T04:05:51+00:00
SAO_6000-10,São Paulo,3550308,True,,33908,,,-23.826017625,-46.732854499999995,,,,2,2023-06-16T04:05:45+00:00
SAO_6000-10,São Paulo,3550308,True,,33908,,,-23.671105125,-46.712256124999996,,,,2,2023-06-16T04:04:34+00:00
SAO_971C-10,São Paulo,3550308,True,,571,,,-23.448092000000003,-46.7158425,,,,1,2023-06-16T04:05:23+00:00
SAO_971C-10,São Paulo,3550308,True,,571,,,-23.46927075,-46.67708125,,,,1,2023-06-16T04:05:46+00:00
SAO_574A-10,São Paulo,3550308,True,,33370,,,-23.5663785,-46.614016500000005,,,,2,2023-06-16T04:05:18+00:00
SAO_574A-10,São Paulo,3550308,True,,33370,,,-23.6300855,-46.6467915,,,,2,2023-06-16T04:05:51+00:00
SAO_574A-10,São Paulo,3550308,True,,33370,,,-23.6009261875,-46.636768625,,,,2,2023-06-16T04:05:34+00:00
SAO_574A-10,São Paulo,3550308,True,,33370,,,-23.66770375,-46.6422585,,,,2,2023-06-16T04:05:56+00:00
SAO_4716-10,São Paulo,3550308,True,,33874,,,-23.6041045,-46.629359125,,,,2,2023-06-16T04:05:59+00:00
SAO_4716-10,São Paulo,3550308,True,,33874,,,-23.602465000000002,-46.6032275,,,,2,2023-06-16T04:05:54+00:00
SAO_4716-10,São Paulo,3550308,True,,33874,,,-23.619209249999997,-46.61287374999999,,,,2,2023-06-16T04:05:41+00:00
SAO_233A-10,São Paulo,3550308,True,,33017,,,-23.514619500000002,-46.4438655,,,,2,2023-06-16T04:05:53+00:00
SAO_233A-10,São Paulo,3550308,True,,33017,,,-23.558573000000003,-46.522692500000005,,,,2,2023-06-16T04:05:53+00:00
SAO_233A-10,São Paulo,3550308,True,,33017,,,-23.47938825,-46.420079,,,,2,2023-06-16T04:01:23+00:00
SAO_233A-10,São Paulo,3550308,True,,33017,,,-23.479430999999998,-46.420737,,,,2,2023-06-16T04:05:44+00:00
SAO_637P-10,São Paulo,3550308,True,,47,,,-23.6541465,-46.711351,,,,1,2023-06-16T04:05:26+00:00
SAO_637P-10,São Paulo,3550308,True,,47,,,-23.565214249999997,-46.7010625,,,,1,2023-06-16T04:05:30+00:00
SAO_637P-10,São Paulo,3550308,True,,47,,,-23.585045,-46.670448,,,,1,2023-06-16T04:05:57+00:00
SAO_637P-10,São Paulo,3550308,True,,47,,,-23.6289485,-46.689133999999996,,,,1,2023-06-16T04:05:32+00:00
SAO_637P-10,São Paulo,3550308,True,,47,,,-23.6541465,-46.711351,,,,1,2023-06-16T04:05:32+00:00
SAO_5757-10,São Paulo,3550308,True,,1288,,,-23.684418,-46.6330985,,,,1,2023-06-16T04:05:40+00:00
SAO_5757-10,São Paulo,3550308,True,,1288,,,-23.667998,-46.651894999999996,,,,1,2023-06-16T04:05:25+00:00
SAO_5757-10,São Paulo,3550308,True,,1288,,,-23.6907885,-46.638878000000005,,,,1,2023-06-16T04:05:46+00:00
SAO_5100-10,São Paulo,3550308,True,,34138,,,-23.565806000000002,-46.7018425,,,,2,2023-06-16T04:05:18+00:00
SAO_5100-10,São Paulo,3550308,True,,34138,,,-23.565859,-46.7013775,,,,2,2023-06-16T04:05:40+00:00
SAO_4014-10,São Paulo,3550308,True,,2187,,,-23.5580635,-46.522337500000006,,,,1,2023-06-16T04:05:42+00:00
SAO_4014-10,São Paulo,3550308,True,,2187,,,-23.561977875,-46.5172335,,,,1,2023-06-16T04:05:28+00:00
SAO_4014-10,São Paulo,3550308,True,,2187,,,-23.5961105,-46.475842,,,,1,2023-06-16T04:05:30+00:00
SAO_172U-10,São Paulo,3550308,True,,860,,,-23.5708195,-46.581248,,,,1,2023-06-16T04:05:21+00:00
SAO_172U-10,São Paulo,3550308,True,,860,,,-23.438525,-46.5747915,,,,1,2023-06-16T04:05:48+00:00
SAO_172U-10,São Paulo,3550308,True,,860,,,-23.530249875,-46.625703875,,,,1,2023-06-16T04:05:49+00:00
SAO_172U-10,São Paulo,3550308,True,,860,,,-23.4389865,-46.575250499999996,,,,1,2023-06-16T04:05:39+00:00
SAO_172U-10,São Paulo,3550308,True,,860,,,-23.479685,-46.6114135,,,,1,2023-06-16T04:05:28+00:00
SAO_5791-10,São Paulo,3550308,True,,33375,,,-23.598013,-46.636750750000004,,,,2,2023-06-16T04:05:50+00:00
SAO_5791-10,São Paulo,3550308,True,,33375,,,-23.688341,-46.63870525,,,,2,2023-06-16T04:05:56+00:00
SAO_5791-10,São Paulo,3550308,True,,33375,,,-23.696801999999998,-46.649527,,,,2,2023-06-16T04:05:44+00:00
SAO_5791-10,São Paulo,3550308,True,,33375,,,-23.624087625,-46.640517875,,,,2,2023-06-16T04:05:36+00:00
SAO_5791-10,São Paulo,3550308,True,,33375,,,-23.697165,-46.6370735,,,,2,2023-06-16T04:05:51+00:00
SAO_5791-10,São Paulo,3550308,True,,33375,,,-23.629311,-46.646149,,,,2,2023-06-16T04:05:32+00:00
SAO_5791-10,São Paulo,3550308,True,,33375,,,-23.6976145,-46.629173,,,,2,2023-06-16T04:05:55+00:00
SAO_5791-10,São Paulo,3550308,True,,33375,,,-23.715554750000003,-46.62655675,,,,2,2023-06-16T04:05:25+00:00
SAO_312N-10,São Paulo,3550308,True,,990,,,-23.509872,-46.4165045,,,,1,2023-06-16T04:05:42+00:00
SAO_312N-10,São Paulo,3550308,True,,990,,,-23.542768,-46.41466525,,,,1,2023-06-16T04:05:44+00:00
SAO_312N-10,São Paulo,3550308,True,,990,,,-23.491072,-46.4414395,,,,1,2023-06-16T04:05:29+00:00
SAO_312N-10,São Paulo,3550308,True,,990,,,-23.52098575,-46.399708000000004,,,,1,2023-06-16T04:05:22+00:00
SAO_312N-10,São Paulo,3550308,True,,990,,,-23.5678785,-46.4053675,,,,1,2023-06-16T04:05:52+00:00
SAO_6091-10,São Paulo,3550308,True,,1175,,,-23.8268095,-46.7287365,,,,1,2023-06-16T04:05:43+00:00
SAO_6091-10,São Paulo,3550308,True,,1175,,,-23.698259999999998,-46.700607500000004,,,,1,2023-06-16T04:04:52+00:00
SAO_6091-10,São Paulo,3550308,True,,1175,,,-23.7933225,-46.7292295,,,,1,2023-06-16T04:03:13+00:00
SAO_6091-10,São Paulo,3550308,True,,1175,,,-23.746197,-46.707303,,,,1,2023-06-16T04:05:35+00:00
SAO_6091-10,São Paulo,3550308,True,,1175,,,-23.862353499999998,-46.712526,,,,1,2023-06-16T04:05:20+00:00
SAO_6091-10,São Paulo,3550308,True,,1175,,,-23.82665775,-46.732121,,,,1,2023-06-16T04:05:32+00:00
SAO_2770-10,São Paulo,3550308,True,,33011,,,-23.530029499999998,-46.528456000000006,,,,2,2023-06-16T04:05:37+00:00
SAO_2770-10,São Paulo,3550308,True,,33011,,,-23.539380375,-46.431489625,,,,2,2023-06-16T04:05:20+00:00
SAO_2770-10,São Paulo,3550308,True,,33011,,,-23.498297,-46.457488,,,,2,2023-06-16T04:05:55+00:00
SAO_2770-10,São Paulo,3550308,True,,33011,,,-23.539380375,-46.431489625,,,,2,2023-06-16T04:05:37+00:00
SAO_2770-10,São Paulo,3550308,True,,33011,,,-23.539111,-46.4313315,,,,2,2023-06-16T04:05:42+00:00
SAO_2770-10,São Paulo,3550308,True,,33011,,,-23.516624999999998,-46.413947,,,,2,2023-06-16T04:03:15+00:00
SAO_407J-10,São Paulo,3550308,True,,2198,,,-23.560143,-46.47443200000001,,,,1,2023-06-16T04:05:26+00:00
SAO_407J-10,São Paulo,3550308,True,,2198,,,-23.540844,-46.550222500000004,,,,1,2023-06-16T04:05:27+00:00
SAO_407J-10,São Paulo,3550308,True,,2198,,,-23.543450999999997,-46.411865,,,,1,2023-06-16T04:05:50+00:00
SAO_407J-10,São Paulo,3550308,True,,2198,,,-23.541631,-46.556836374999996,,,,1,2023-06-16T04:06:02+00:00
SAO_407J-10,São Paulo,3550308,True,,2198,,,-23.570831,-46.506951875,,,,1,2023-06-16T04:05:54+00:00
SAO_2721-10,São Paulo,3550308,True,,33702,,,-23.5186395,-46.4096585,,,,2,2023-06-16T04:05:38+00:00
SAO_2721-10,São Paulo,3550308,True,,33702,,,-23.503203499999998,-46.4398125,,,,2,2023-06-16T04:06:02+00:00
SAO_2721-10,São Paulo,3550308,True,,33702,,,-23.5198535,-46.408913,,,,2,2023-06-16T04:05:39+00:00
SAO_2721-10,São Paulo,3550308,True,,33702,,,-23.5196375,-46.4094415,,,,2,2023-06-16T04:05:43+00:00
SAO_2721-10,São Paulo,3550308,True,,33702,,,-23.494115999999998,-46.420691375000004,,,,2,2023-06-16T04:05:21+00:00
SAO_2721-10,São Paulo,3550308,True,,33702,,,-23.533503500000002,-46.454023,,,,2,2023-06-16T04:05:29+00:00
SAO_8023-10,São Paulo,3550308,True,,34842,,,-23.592308875,-46.735138375000005,,,,2,2023-06-16T04:05:59+00:00
SAO_8023-10,São Paulo,3550308,True,,34842,,,-23.590517875,-46.802538874999996,,,,2,2023-06-16T04:05:43+00:00
SAO_8023-10,São Paulo,3550308,True,,34842,,,-23.590418624999998,-46.802857625,,,,2,2023-06-16T04:05:53+00:00
SAO_8622-10,São Paulo,3550308,True,EMTU,438,https://moovitapp.com/index/pt-br/transporte_p%C3%BAblico-line-438-Sao_Paulo-242-2038937-36419488-0,7.65,-23.52616425,-46.675895875,,,,1,2023-06-16T04:05:59+00:00
SAO_8622-10,São Paulo,3550308,True,EMTU,438,https://moovitapp.com/index/pt-br/transporte_p%C3%BAblico-line-438-Sao_Paulo-242-2038937-36419488-0,7.65,-23.52022975,-46.721782250000004,,,,1,2023-06-16T04:05:27+00:00
SAO_8622-10,São Paulo,3550308,True,EMTU,438,https://moovitapp.com/index/pt-br/transporte_p%C3%BAblico-line-438-Sao_Paulo-242-2038937-36419488-0,7.65,-23.54737275,-46.642726249999996,,,,1,2023-06-16T04:05:37+00:00
SAO_8622-10,São Paulo,3550308,True,EMTU,438,https://moovitapp.com/index/pt-br/transporte_p%C3%BAblico-line-438-Sao_Paulo-242-2038937-36419488-0,7.65,-23.451286500000002,-46.7869835,,,,1,2023-06-16T04:05:46+00:00
SAO_8622-10,São Paulo,3550308,True,EMTU,438,https://moovitapp.com/index/pt-br/transporte_p%C3%BAblico-line-438-Sao_Paulo-242-2038937-36419488-0,7.65,-23.430594,-46.787584,,,,1,2023-06-16T04:05:23+00:00
SAO_8622-10,São Paulo,3550308,True,EMTU,438,https://moovitapp.com/index/pt-br/transporte_p%C3%BAblico-line-438-Sao_Paulo-242-2038937-36419488-0,7.65,-23.544340375,-46.644217624999996,,,,1,2023-06-16T04:05:59+00:00
SAO_8194-10,São Paulo,3550308,True,,805,,,-23.407198,-46.735012499999996,,,,1,2023-06-16T04:05:17+00:00
SAO_8194-10,São Paulo,3550308,True,,805,,,-23.44268675,-46.706289999999996,,,,1,2023-06-16T04:05:34+00:00
SAO_8194-10,São Paulo,3550308,True,,805,,,-23.4125245,-46.7508325,,,,1,2023-06-16T04:05:47+00:00
SAO_3738-10,São Paulo,3550308,True,,1038,,,-23.567094,-46.3954085,,,,1,2023-06-16T04:05:55+00:00
SAO_3738-10,São Paulo,3550308,True,,1038,,,-23.564211,-46.410570500000006,,,,1,2023-06-16T04:05:33+00:00
SAO_3738-10,São Paulo,3550308,True,,1038,,,-23.5518445,-46.4408885,,,,1,2023-06-16T04:05:33+00:00
SAO_3738-10,São Paulo,3550308,True,,1038,,,-23.542243,-46.4699735,,,,1,2023-06-16T04:05:41+00:00
SAO_3738-10,São Paulo,3550308,True,,1038,,,-23.541168749999997,-46.45164375,,,,1,2023-06-16T04:05:41+00:00
SAO_6475-10,São Paulo,3550308,True,,34085,,,-23.586872500000002,-46.69234875,,,,2,2023-06-16T04:05:41+00:00
SAO_6475-10,São Paulo,3550308,True,,34085,,,-23.6540865,-46.763994499999995,,,,2,2023-06-16T04:05:46+00:00
SAO_6475-10,São Paulo,3550308,True,,34085,,,-23.6624305,-46.769189,,,,2,2023-06-16T04:05:43+00:00
SAO_6039-10,São Paulo,3550308,True,,33985,,,-23.648246,-46.7225585,,,,2,2023-06-16T04:06:04+00:00
SAO_6039-10,São Paulo,3550308,True,,33985,,,-23.6591095,-46.766191,,,,2,2023-06-16T04:05:46+00:00
SAO_6039-10,São Paulo,3550308,True,,33985,,,-23.67899,-46.795347,,,,2,2023-06-16T04:05:47+00:00
SAO_3729-10,São Paulo,3550308,True,,33794,,,-23.5498915,-46.562619,,,,2,2023-06-16T04:02:11+00:00
SAO_3729-10,São Paulo,3550308,True,,33794,,,-23.56425175,-46.504156249999994,,,,2,2023-06-16T04:05:45+00:00
SAO_3729-10,São Paulo,3550308,True,,33794,,,-23.538428500000002,-46.563574,,,,2,2023-06-16T04:06:02+00:00
SAO_3729-10,São Paulo,3550308,True,,33794,,,-23.538428500000002,-46.563574,,,,2,2023-06-16T04:05:42+00:00
SAO_3729-10,São Paulo,3550308,True,,33794,,,-23.564476499999998,-46.504782500000005,,,,2,2023-06-16T04:05:21+00:00
SAO_3729-10,São Paulo,3550308,True,,33794,,,-23.564532999999997,-46.5048475,,,,2,2023-06-16T04:05:32+00:00
SAO_3729-10,São Paulo,3550308,True,,33794,,,-23.57421175,-46.541283750000005,,,,2,2023-06-16T04:05:20+00:00
SAO_3729-10,São Paulo,3550308,True,,33794,,,-23.56425175,-46.504156249999994,,,,2,2023-06-16T04:05:25+00:00
SAO_3729-10,São Paulo,3550308,True,,33794,,,-23.564532999999997,-46.5048475,,,,2,2023-06-16T04:05:58+00:00
SAO_3729-10,São Paulo,3550308,True,,33794,,,-23.564308,-46.5048635,,,,2,2023-06-16T04:05:59+00:00
SAO_3729-10,São Paulo,3550308,True,,33794,,,-23.538428500000002,-46.563574,,,,2,2023-06-16T04:05:20+00:00
SAO_857P-10,São Paulo,3550308,True,,1926,,,-23.623043,-46.763360000000006,,,,1,2023-06-16T04:06:00+00:00
SAO_857P-10,São Paulo,3550308,True,,1926,,,-23.588658,-46.72801575,,,,1,2023-06-16T04:05:43+00:00
SAO_857P-10,São Paulo,3550308,True,,1926,,,-23.567469250000002,-46.649338,,,,1,2023-06-16T04:05:54+00:00
SAO_857P-10,São Paulo,3550308,True,,1926,,,-23.56103375,-46.67276375,,,,1,2023-06-16T04:06:02+00:00
SAO_407Y-10,São Paulo,3550308,True,,2206,,,-23.5763425,-46.573029000000005,,,,1,2023-06-16T04:05:53+00:00
SAO_8028-10,São Paulo,3550308,True,,2532,,,-23.609989249999998,-46.70378225,,,,1,2023-06-16T04:05:52+00:00
SAO_5164-21,São Paulo,3550308,True,,34384,,,-23.648552000000002,-46.6514515,,,,2,2023-06-16T04:05:25+00:00
SAO_5164-21,São Paulo,3550308,True,,34384,,,-23.6526215,-46.6461985,,,,2,2023-06-16T04:05:34+00:00
SAO_5164-21,São Paulo,3550308,True,,34384,,,-23.613651,-46.63822,,,,2,2023-06-16T04:05:24+00:00
SAO_5164-21,São Paulo,3550308,True,,34384,,,-23.6526215,-46.6461985,,,,2,2023-06-16T04:05:35+00:00
SAO_5164-21,São Paulo,3550308,True,,34384,,,-23.646292250000002,-46.653619,,,,2,2023-06-16T04:05:48+00:00
SAO_6046-10,São Paulo,3550308,True,,1223,,,-23.679083499999997,-46.77927975,,,,1,2023-06-16T04:05:39+00:00
SAO_6046-10,São Paulo,3550308,True,,1223,,,-23.65865,-46.765243,,,,1,2023-06-16T04:05:38+00:00
SAO_6000-10,São Paulo,3550308,True,,1140,,,-23.719488,-46.698268999999996,,,,1,2023-06-16T04:05:45+00:00
SAO_6000-10,São Paulo,3550308,True,,1140,,,-23.654213,-46.710369,,,,1,2023-06-16T04:05:59+00:00
SAO_6000-10,São Paulo,3550308,True,,1140,,,-23.7536945,-46.7113345,,,,1,2023-06-16T04:06:00+00:00
SAO_6000-10,São Paulo,3550308,True,,1140,,,-23.777438500000002,-46.723049,,,,1,2023-06-16T04:01:23+00:00
SAO_6000-10,São Paulo,3550308,True,,1140,,,-23.8249795,-46.7339915,,,,1,2023-06-16T04:05:35+00:00
SAO_6000-10,São Paulo,3550308,True,,1140,,,-23.803442500000003,-46.73464250000001,,,,1,2023-06-16T04:05:28+00:00
SAO_6000-10,São Paulo,3550308,True,,1140,,,-23.8268225,-46.728169,,,,1,2023-06-16T04:05:54+00:00
SAO_6000-10,São Paulo,3550308,True,,1140,,,-23.7747775,-46.722019,,,,1,2023-06-16T04:00:47+00:00
SAO_6000-10,São Paulo,3550308,True,,1140,,,-23.654038,-46.708869500000006,,,,1,2023-06-16T04:05:57+00:00
SAO_6000-10,São Paulo,3550308,True,,1140,,,-23.718445000000003,-46.698815499999995,,,,1,2023-06-16T04:05:54+00:00
SAO_6000-10,São Paulo,3550308,True,,1140,,,-23.8027555,-46.734322000000006,,,,1,2023-06-16T04:05:58+00:00
SAO_6960-10,São Paulo,3550308,True,,1443,,,-23.667811,-46.711967,,,,1,2023-06-16T04:05:49+00:00
SAO_6960-10,São Paulo,3550308,True,,1443,,,-23.762157000000002,-46.71555,,,,1,2023-06-16T04:05:57+00:00
SAO_6960-10,São Paulo,3550308,True,,1443,,,-23.7451125,-46.707049999999995,,,,1,2023-06-16T04:05:48+00:00
SAO_2728-10,São Paulo,3550308,True,,943,,,-23.5184955,-46.546330999999995,,,,1,2023-06-16T04:05:41+00:00
SAO_2728-10,São Paulo,3550308,True,,943,,,-23.5014245,-46.512783,,,,1,2023-06-16T04:05:36+00:00
SAO_2728-10,São Paulo,3550308,True,,943,,,-23.533263499999997,-46.544112,,,,1,2023-06-16T04:05:50+00:00
SAO_2728-10,São Paulo,3550308,True,,943,,,-23.505284500000002,-46.518892,,,,1,2023-06-16T04:05:19+00:00
SAO_273J-10,São Paulo,3550308,True,STT,389,https://moovitapp.com/index/pt-br/transporte_p%C3%BAblico-line-389-Sao_Paulo-242-850661-183299-0,5.3,-23.49118825,-46.4169255,,,,1,2023-06-16T04:05:48+00:00
SAO_273J-10,São Paulo,3550308,True,STT,389,https://moovitapp.com/index/pt-br/transporte_p%C3%BAblico-line-389-Sao_Paulo-242-850661-183299-0,5.3,-23.5146225,-46.503313750000004,,,,1,2023-06-16T04:05:25+00:00
SAO_702U-10,São Paulo,3550308,True,,34098,,,-23.563682,-46.715475,,,,2,2023-06-16T04:05:23+00:00
SAO_702U-10,São Paulo,3550308,True,,34098,,,-23.552259499999998,-46.731811,,,,2,2023-06-16T04:05:24+00:00
SAO_702U-10,São Paulo,3550308,True,,34098,,,-23.5521175,-46.7315415,,,,2,2023-06-16T04:05:58+00:00
SAO_7005-51,São Paulo,3550308,True,,1999,,,-23.71521175,-46.78270675,,,,1,2023-06-16T04:05:36+00:00
SAO_7005-51,São Paulo,3550308,True,,1999,,,-23.718654,-46.7846245,,,,1,2023-06-16T04:05:52+00:00
SAO_7005-51,São Paulo,3550308,True,,1999,,,-23.688371999999998,-46.77244137500001,,,,1,2023-06-16T04:05:53+00:00
SAO_7005-51,São Paulo,3550308,True,,1999,,,-23.7368285,-46.776495999999995,,,,1,2023-06-16T04:05:39+00:00
SAO_8027-10,São Paulo,3550308,True,,34930,,,-23.569347999999998,-46.764624,,,,2,2023-06-16T04:05:51+00:00
SAO_8027-10,São Paulo,3550308,True,,34930,,,-23.5680185,-46.765499500000004,,,,2,2023-06-16T04:05:45+00:00
SAO_3029-10,São Paulo,3550308,True,,966,,,-23.585262999999998,-46.506369500000005,,,,1,2023-06-16T04:05:46+00:00
SAO_3029-10,São Paulo,3550308,True,,966,,,-23.585262999999998,-46.506369500000005,,,,1,2023-06-16T04:05:41+00:00
SAO_3029-10,São Paulo,3550308,True,,966,,,-23.573453,-46.532681499999995,,,,1,2023-06-16T04:05:18+00:00
SAO_3029-10,São Paulo,3550308,True,,966,,,-23.542261250000003,-46.577360999999996,,,,1,2023-06-16T04:05:36+00:00
SAO_3029-10,São Paulo,3550308,True,,966,,,-23.54196775,-46.578169,,,,1,2023-06-16T04:05:43+00:00
SAO_3029-10,São Paulo,3550308,True,,966,,,-23.585262999999998,-46.506369500000005,,,,1,2023-06-16T04:05:19+00:00
SAO_3029-10,São Paulo,3550308,True,,966,,,-23.587815,-46.510175000000004,,,,1,2023-06-16T04:05:31+00:00
SAO_3029-10,São Paulo,3550308,True,,966,,,-23.585262999999998,-46.506369500000005,,,,1,2023-06-16T04:05:51+00:00
SAO_5106-31,São Paulo,3550308,True,,1305,,,-23.591258,-46.640735,,,,1,2023-06-16T04:05:45+00:00
SAO_5106-31,São Paulo,3550308,True,,1305,,,-23.680912,-46.632216,,,,1,2023-06-16T04:05:34+00:00
SAO_5106-31,São Paulo,3550308,True,,1305,,,-23.592469,-46.644785375,,,,1,2023-06-16T04:05:40+00:00
SAO_8707-10,São Paulo,3550308,True,,34832,,,-23.582859374999998,-46.760490625,,,,2,2023-06-16T04:05:33+00:00
SAO_8707-10,São Paulo,3550308,True,,34832,,,-23.5550435,-46.662276500000004,,,,2,2023-06-16T04:06:01+00:00
SAO_8707-10,São Paulo,3550308,True,,34832,,,-23.563919,-46.7457965,,,,2,2023-06-16T04:06:00+00:00
SAO_8707-10,São Paulo,3550308,True,,34832,,,-23.5724495,-46.723084,,,,2,2023-06-16T04:05:44+00:00
SAO_8707-10,São Paulo,3550308,True,,34832,,,-23.582739625000002,-46.76021837500001,,,,2,2023-06-16T04:05:31+00:00
SAO_1896-10,São Paulo,3550308,True,,35288,,,-23.454868,-46.7477465,,,,2,2023-06-16T04:05:33+00:00
SAO_1896-10,São Paulo,3550308,True,,35288,,,-23.5076995,-46.70923,,,,2,2023-06-16T04:05:55+00:00
SAO_1896-10,São Paulo,3550308,True,,35288,,,-23.53728725,-46.649178,,,,2,2023-06-16T04:05:53+00:00
SAO_1772-10,São Paulo,3550308,True,,33403,,,-23.476779,-46.600969500000005,,,,2,2023-06-16T04:05:24+00:00
SAO_1772-10,São Paulo,3550308,True,,33403,,,-23.43937975,-46.574391750000004,,,,2,2023-06-16T04:05:35+00:00
SAO_1772-10,São Paulo,3550308,True,,33403,,,-23.435150999999998,-46.581629,,,,2,2023-06-16T04:05:18+00:00
SAO_1772-10,São Paulo,3550308,True,,33403,,,-23.4397835,-46.574571,,,,2,2023-06-16T04:05:29+00:00
SAO_1772-10,São Paulo,3550308,True,,33403,,,-23.4352895,-46.5818785,,,,2,2023-06-16T04:05:58+00:00
SAO_372F-10,São Paulo,3550308,True,,33783,,,-23.551931500000002,-46.5993955,,,,2,2023-06-16T04:05:36+00:00
SAO_695V-10,São Paulo,3550308,True,,8,,,-23.5818895,-46.639400125,,,,1,2023-06-16T04:06:02+00:00
SAO_695V-10,São Paulo,3550308,True,,8,,,-23.6047995,-46.663243375,,,,1,2023-06-16T04:05:21+00:00
SAO_695V-10,São Paulo,3550308,True,,8,,,-23.6490105,-46.7535625,,,,1,2023-06-16T04:06:04+00:00
SAO_6076-10,São Paulo,3550308,True,,1165,,,-23.735631499999997,-46.6758895,,,,1,2023-06-16T04:05:35+00:00
SAO_6076-10,São Paulo,3550308,True,,1165,,,-23.6703155,-46.711173,,,,1,2023-06-16T04:05:50+00:00
SAO_6076-10,São Paulo,3550308,True,,1165,,,-23.7322835,-46.6884355,,,,1,2023-06-16T04:05:22+00:00
SAO_6076-10,São Paulo,3550308,True,,1165,,,-23.73452975,-46.679671,,,,1,2023-06-16T04:05:45+00:00
SAO_6076-10,São Paulo,3550308,True,,1165,,,-23.702216375,-46.701288375,,,,1,2023-06-16T04:05:24+00:00
SAO_175P-10,São Paulo,3550308,True,,675,,,-23.5861638125,-46.63626881249999,,,,1,2023-06-16T04:05:22+00:00
SAO_175P-10,São Paulo,3550308,True,,675,,,-23.537879125,-46.668306375,,,,1,2023-06-16T04:06:00+00:00
SAO_175P-10,São Paulo,3550308,True,,675,,,-23.55673875,-46.661970249999996,,,,1,2023-06-16T04:06:03+00:00
SAO_175P-10,São Paulo,3550308,True,,675,,,-23.585694562500002,-46.63656756249999,,,,1,2023-06-16T04:05:45+00:00
SAO_175P-10,São Paulo,3550308,True,,675,,,-23.526865,-46.6650945,,,,1,2023-06-16T04:05:47+00:00
SAO_175P-10,São Paulo,3550308,True,,675,,,-23.5863984375,-46.6361194375,,,,1,2023-06-16T04:05:27+00:00
SAO_5110-10,São Paulo,3550308,True,,2209,,,-23.5828355,-46.5704095,,,,1,2023-06-16T04:05:42+00:00
SAO_5110-10,São Paulo,3550308,True,,2209,,,-23.59777,-46.5345845,,,,1,2023-06-16T04:05:43+00:00
SAO_5110-10,São Paulo,3550308,True,,2209,,,-23.612395,-46.4823855,,,,1,2023-06-16T04:01:25+00:00
SAO_5110-10,São Paulo,3550308,True,,2209,,,-23.61235,-46.482607,,,,1,2023-06-16T04:05:39+00:00
SAO_5110-10,São Paulo,3550308,True,,2209,,,-23.547105000000002,-46.6288885,,,,1,2023-06-16T04:05:47+00:00
SAO_5110-10,São Paulo,3550308,True,,2209,,,-23.559029,-46.6146445,,,,1,2023-06-16T04:05:50+00:00
SAO_637G-10,São Paulo,3550308,True,EMTU,101,https://moovitapp.com/index/pt-br/transporte_p%C3%BAblico-line-101-Sao_Paulo-242-2038937-36419264-0,4.8,-23.7537615,-46.6807515,,,,1,2023-06-16T04:05:28+00:00
SAO_637G-10,São Paulo,3550308,True,EMTU,101,https://moovitapp.com/index/pt-br/transporte_p%C3%BAblico-line-101-Sao_Paulo-242-2038937-36419264-0,4.8,-23.606044125000004,-46.675613125,,,,1,2023-06-16T04:05:36+00:00
SAO_637G-10,São Paulo,3550308,True,EMTU,101,https://moovitapp.com/index/pt-br/transporte_p%C3%BAblico-line-101-Sao_Paulo-242-2038937-36419264-0,4.8,-23.589159875,-46.672031875,,,,1,2023-06-16T04:05:46+00:00
SAO_637G-10,São Paulo,3550308,True,EMTU,101,https://moovitapp.com/index/pt-br/transporte_p%C3%BAblico-line-101-Sao_Paulo-242-2038937-36419264-0,4.8,-23.7537615,-46.6807515,,,,1,2023-06-16T04:05:36+00:00
SAO_637G-10,São Paulo,3550308,True,EMTU,101,https://moovitapp.com/index/pt-br/transporte_p%C3%BAblico-line-101-Sao_Paulo-242-2038937-36419264-0,4.8,-23.7537615,-46.6807515,,,,1,2023-06-16T04:05:36+00:00
SAO_637G-10,São Paulo,3550308,True,EMTU,101,https://moovitapp.com/index/pt-br/transporte_p%C3%BAblico-line-101-Sao_Paulo-242-2038937-36419264-0,4.8,-23.716451499999998,-46.699146999999996,,,,1,2023-06-16T04:04:49+00:00
SAO_9008-10,São Paulo,3550308,True,,875,,,-23.427475,-46.7146125,,,,1,2023-06-16T04:05:39+00:00
SAO_9008-10,São Paulo,3550308,True,,875,,,-23.453474,-46.696878,,,,1,2023-06-16T04:05:46+00:00
SAO_709G-10,São Paulo,3550308,True,,34788,,,-23.669023250000002,-46.734721500000006,,,,2,2023-06-16T04:05:29+00:00
SAO_709G-10,São Paulo,3550308,True,,34788,,,-23.600961499999997,-46.67407025,,,,2,2023-06-16T04:05:58+00:00
SAO_709G-10,São Paulo,3550308,True,,34788,,,-23.6659005,-46.71467625,,,,2,2023-06-16T04:05:56+00:00
SAO_6010-10,São Paulo,3550308,True,,33970,,,-23.6934315,-46.794145,,,,2,2023-06-16T04:05:56+00:00
SAO_6010-10,São Paulo,3550308,True,,33970,,,-23.667592,-46.7354985,,,,2,2023-06-16T04:05:56+00:00
SAO_6010-10,São Paulo,3550308,True,,33970,,,-23.667592,-46.7354985,,,,2,2023-06-16T04:06:03+00:00
SAO_6010-10,São Paulo,3550308,True,,33970,,,-23.6938785,-46.7945825,,,,2,2023-06-16T04:05:50+00:00
SAO_6010-10,São Paulo,3550308,True,,33970,,,-23.667592,-46.7354985,,,,2,2023-06-16T04:06:02+00:00
SAO_6010-10,São Paulo,3550308,True,,33970,,,-23.693805,-46.7944445,,,,2,2023-06-16T04:05:53+00:00
SAO_6010-10,São Paulo,3550308,True,,33970,,,-23.6662085,-46.7433875,,,,2,2023-06-16T04:05:46+00:00
SAO_6010-10,São Paulo,3550308,True,,33970,,,-23.6938785,-46.7945825,,,,2,2023-06-16T04:05:50+00:00
SAO_6010-10,São Paulo,3550308,True,,33970,,,-23.667592,-46.7354985,,,,2,2023-06-16T04:05:48+00:00
SAO_6010-10,São Paulo,3550308,True,,33970,,,-23.676071999999998,-46.789398000000006,,,,2,2023-06-16T04:06:01+00:00
SAO_6013-10,São Paulo,3550308,True,,32954,,,-23.693067,-46.778766,,,,2,2023-06-16T04:05:37+00:00
SAO_6013-10,São Paulo,3550308,True,,32954,,,-23.654,-46.7111995,,,,2,2023-06-16T04:05:27+00:00
SAO_6013-10,São Paulo,3550308,True,,32954,,,-23.647677,-46.722621000000004,,,,2,2023-06-16T04:05:21+00:00
SAO_6013-10,São Paulo,3550308,True,,32954,,,-23.699185,-46.7630965,,,,2,2023-06-16T04:05:46+00:00
SAO_6013-10,São Paulo,3550308,True,,32954,,,-23.699237,-46.763135000000005,,,,2,2023-06-16T04:05:33+00:00
SAO_6013-10,São Paulo,3550308,True,,32954,,,-23.6728545,-46.74413925,,,,2,2023-06-16T04:04:59+00:00
SAO_6013-10,São Paulo,3550308,True,,32954,,,-23.6922445,-46.7772405,,,,2,2023-06-16T04:05:07+00:00
SAO_3390-10,São Paulo,3550308,True,,33506,,,-23.563609999999997,-46.612081,,,,2,2023-06-16T04:05:29+00:00
SAO_3390-10,São Paulo,3550308,True,,33506,,,-23.5473125,-46.62966,,,,2,2023-06-16T04:06:02+00:00
SAO_3390-10,São Paulo,3550308,True,,33506,,,-23.593168499999997,-46.5391415,,,,2,2023-06-16T04:05:59+00:00
SAO_6063-10,São Paulo,3550308,True,,33920,,,-23.768919,-46.715584,,,,2,2023-06-16T04:05:24+00:00
SAO_6063-10,São Paulo,3550308,True,,33920,,,-23.783673,-46.6827105,,,,2,2023-06-16T04:05:30+00:00
SAO_6063-10,São Paulo,3550308,False,,33920,,,-23.783673,-46.6827105,,,,2,2023-06-16T04:05:45+00:00
SAO_6063-10,São Paulo,3550308,True,,33920,,,-23.783673,-46.6827105,,,,2,2023-06-16T04:05:32+00:00
SAO_6063-10,São Paulo,3550308,True,,33920,,,-23.783673,-46.6827105,,,,2,2023-06-16T04:05:49+00:00
SAO_6063-10,São Paulo,3550308,True,,33920,,,-23.783673,-46.6827105,,,,2,2023-06-16T04:06:04+00:00
SAO_6063-10,São Paulo,3550308,True,,33920,,,-23.787586375000004,-46.685069125,,,,2,2023-06-16T04:05:31+00:00
SAO_6063-10,São Paulo,3550308,True,,33920,,,-23.783673,-46.6827105,,,,2,2023-06-16T04:05:50+00:00
SAO_6063-10,São Paulo,3550308,True,,33920,,,-23.783673,-46.6827105,,,,2,2023-06-16T04:05:59+00:00
SAO_6063-10,São Paulo,3550308,True,,33920,,,-23.783673,-46.6827105,,,,2,2023-06-16T04:05:59+00:00
SAO_746C-10,São Paulo,3550308,True,,33551,,,-23.6293565,-46.7362355,,,,2,2023-06-16T04:05:34+00:00
SAO_746C-10,São Paulo,3550308,True,,33551,,,-23.6224225,-46.7390805,,,,2,2023-06-16T04:05:54+00:00
SAO_746C-10,São Paulo,3550308,True,,33551,,,-23.608888999999998,-46.750856,,,,2,2023-06-16T04:05:46+00:00
SAO_746C-10,São Paulo,3550308,True,,33551,,,-23.642408500000002,-46.7117185,,,,2,2023-06-16T04:05:50+00:00
SAO_8100-10,São Paulo,3550308,True,,34030,,,-23.5203805,-46.699357,,,,2,2023-06-16T04:05:20+00:00
SAO_8100-10,São Paulo,3550308,True,,34030,,,-23.495156,-46.730253250000004,,,,2,2023-06-16T04:05:15+00:00
SAO_8100-10,São Paulo,3550308,True,,34030,,,-23.520326,-46.699492500000005,,,,2,2023-06-16T04:05:55+00:00
SAO_8100-10,São Paulo,3550308,True,,34030,,,-23.5095235,-46.705200500000004,,,,2,2023-06-16T04:05:41+00:00
SAO_8542-21,São Paulo,3550308,True,,34129,,,-23.472990000000003,-46.702344499999995,,,,2,2023-06-16T04:05:54+00:00
SAO_8542-21,São Paulo,3550308,True,,34129,,,-23.5198355,-46.6998665,,,,2,2023-06-16T04:05:51+00:00
SAO_8542-21,São Paulo,3550308,True,,34129,,,-23.4781655,-46.682394,,,,2,2023-06-16T04:05:23+00:00
SAO_8542-21,São Paulo,3550308,True,,34129,,,-23.4726875,-46.7023155,,,,2,2023-06-16T04:05:50+00:00
SAO_574C-10,São Paulo,3550308,True,,34407,,,-23.591768000000002,-46.5481875,,,,2,2023-06-16T04:05:27+00:00
SAO_574C-10,São Paulo,3550308,True,,34407,,,-23.613449499999998,-46.503832,,,,2,2023-06-16T04:04:58+00:00
SAO_574C-10,São Paulo,3550308,True,,34407,,,-23.6112865,-46.473203,,,,2,2023-06-16T04:05:33+00:00
SAO_178L-10,São Paulo,3550308,True,EMTU,560,https://moovitapp.com/index/pt-br/transporte_p%C3%BAblico-line-560-Sao_Paulo-242-2038937-36419561-0,6.2,-23.483802,-46.642412500000006,,,,1,2023-06-16T04:05:49+00:00
SAO_178L-10,São Paulo,3550308,True,EMTU,560,https://moovitapp.com/index/pt-br/transporte_p%C3%BAblico-line-560-Sao_Paulo-242-2038937-36419561-0,6.2,-23.52159375,-46.651551,,,,1,2023-06-16T04:05:42+00:00
SAO_178L-10,São Paulo,3550308,True,EMTU,560,https://moovitapp.com/index/pt-br/transporte_p%C3%BAblico-line-560-Sao_Paulo-242-2038937-36419561-0,6.2,-23.50367,-46.6263905,,,,1,2023-06-16T04:05:44+00:00
SAO_178L-10,São Paulo,3550308,True,EMTU,560,https://moovitapp.com/index/pt-br/transporte_p%C3%BAblico-line-560-Sao_Paulo-242-2038937-36419561-0,6.2,-23.4751125,-46.64319,,,,1,2023-06-16T04:05:37+00:00
SAO_178L-10,São Paulo,3550308,True,EMTU,560,https://moovitapp.com/index/pt-br/transporte_p%C3%BAblico-line-560-Sao_Paulo-242-2038937-36419561-0,6.2,-23.54530975,-46.644695,,,,1,2023-06-16T04:05:32+00:00
SAO_178L-10,São Paulo,3550308,True,EMTU,560,https://moovitapp.com/index/pt-br/transporte_p%C3%BAblico-line-560-Sao_Paulo-242-2038937-36419561-0,6.2,-23.508614,-46.652339,,,,1,2023-06-16T04:05:53+00:00
SAO_4027-41,São Paulo,3550308,True,,35077,,,-23.638209500000002,-46.437941,,,,2,2023-06-16T04:05:57+00:00
SAO_4027-41,São Paulo,3550308,True,,35077,,,-23.6150615,-46.470304999999996,,,,2,2023-06-16T04:05:58+00:00
SAO_809R-10,São Paulo,3550308,True,,34835,,,-23.573674187500004,-46.72600043749999,,,,2,2023-06-16T04:05:50+00:00
SAO_809R-10,São Paulo,3550308,True,,34835,,,-23.572361,-46.704207,,,,2,2023-06-16T04:06:04+00:00
SAO_809R-10,São Paulo,3550308,True,,34835,,,-23.581757500000002,-46.7601035,,,,2,2023-06-16T04:05:42+00:00
SAO_4284-10,São Paulo,3550308,True,,33057,,,-23.591766,-46.579965,,,,2,2023-06-16T04:05:39+00:00
SAO_4007-10,São Paulo,3550308,True,,2181,,,-23.5568435,-46.475479750000005,,,,1,2023-06-16T04:05:56+00:00
SAO_4007-10,São Paulo,3550308,True,,2181,,,-23.565451,-46.3961775,,,,1,2023-06-16T04:05:40+00:00
SAO_4007-10,São Paulo,3550308,True,,2181,,,-23.550223000000003,-46.51055,,,,1,2023-06-16T04:05:58+00:00
SAO_4007-10,São Paulo,3550308,True,,2181,,,-23.5510665,-46.439441,,,,1,2023-06-16T04:05:03+00:00
SAO_4007-10,São Paulo,3550308,True,,2181,,,-23.5515545,-46.46403275,,,,1,2023-06-16T04:05:25+00:00
SAO_407H-10,São Paulo,3550308,True,,34965,,,-23.631496499999997,-46.447165,,,,2,2023-06-16T04:05:27+00:00
SAO_407H-10,São Paulo,3550308,True,,34965,,,-23.544691750000002,-46.46327125,,,,2,2023-06-16T04:05:54+00:00
SAO_407H-10,São Paulo,3550308,True,,34965,,,-23.6348375,-46.44672975,,,,2,2023-06-16T04:05:34+00:00
SAO_407H-10,São Paulo,3550308,True,,34965,,,-23.608258,-46.453784999999996,,,,2,2023-06-16T04:05:23+00:00
SAO_407H-10,São Paulo,3550308,True,,34965,,,-23.56870825,-46.46163475,,,,2,2023-06-16T04:03:34+00:00
SAO_352A-10,São Paulo,3550308,True,,32932,,,-23.479201250000003,-46.42118275,,,,2,2023-06-16T04:04:58+00:00
SAO_352A-10,São Paulo,3550308,True,,32932,,,-23.57972875,-46.483565,,,,2,2023-06-16T04:05:24+00:00
SAO_352A-10,São Paulo,3550308,True,,32932,,,-23.5023385,-46.4427095,,,,2,2023-06-16T04:05:57+00:00
SAO_352A-10,São Paulo,3550308,True,,32932,,,-23.54688675,-46.461276,,,,2,2023-06-16T04:05:26+00:00
SAO_4709-10,São Paulo,3550308,True,,33101,,,-23.604318,-46.615723,,,,2,2023-06-16T04:05:24+00:00
SAO_4709-10,São Paulo,3550308,True,,33101,,,-23.6533875,-46.6079955,,,,2,2023-06-16T04:06:00+00:00
SAO_4709-10,São Paulo,3550308,True,,33101,,,-23.5894755,-46.633868,,,,2,2023-06-16T04:05:59+00:00
SAO_4709-10,São Paulo,3550308,True,,33101,,,-23.5894755,-46.633868,,,,2,2023-06-16T04:05:30+00:00
SAO_4709-10,São Paulo,3550308,True,,33101,,,-23.5894755,-46.633868,,,,2,2023-06-16T04:05:45+00:00
SAO_8605-10,São Paulo,3550308,True,,34685,,,-23.5788085,-46.67636325,,,,2,2023-06-16T04:05:47+00:00
SAO_8605-10,São Paulo,3550308,True,,34685,,,-23.631508,-46.7726,,,,2,2023-06-16T04:05:27+00:00
SAO_8605-10,São Paulo,3550308,True,,34685,,,-23.58815525,-46.727400625,,,,2,2023-06-16T04:05:29+00:00
SAO_8605-10,São Paulo,3550308,True,,34685,,,-23.6316405,-46.772316,,,,2,2023-06-16T04:05:53+00:00
SAO_8605-10,São Paulo,3550308,True,,34685,,,-23.62904,-46.768864,,,,2,2023-06-16T04:05:23+00:00
SAO_648P-10,São Paulo,3550308,True,,32834,,,-23.566234,-46.7020095,,,,2,2023-06-16T04:06:04+00:00
SAO_648P-10,São Paulo,3550308,True,,32834,,,-23.64353475,-46.73348675,,,,2,2023-06-16T04:05:27+00:00
SAO_648P-10,São Paulo,3550308,True,,32834,,,-23.566234,-46.7020095,,,,2,2023-06-16T04:05:40+00:00
SAO_648P-10,São Paulo,3550308,True,,32834,,,-23.567588,-46.6934995,,,,2,2023-06-16T04:05:50+00:00
SAO_648P-10,São Paulo,3550308,True,,32834,,,-23.617715500000003,-46.697503624999996,,,,2,2023-06-16T04:05:47+00:00
SAO_271A-51,São Paulo,3550308,True,,703,,,-23.510424625,-46.540035249999995,,,,1,2023-06-16T04:05:20+00:00
SAO_271A-51,São Paulo,3550308,True,,703,,,-23.5164585,-46.568206,,,,1,2023-06-16T04:05:39+00:00
SAO_271A-51,São Paulo,3550308,True,,703,,,-23.4985705,-46.51483,,,,1,2023-06-16T04:05:22+00:00
SAO_271A-51,São Paulo,3550308,True,,703,,,-23.4985705,-46.51483,,,,1,2023-06-16T04:05:37+00:00
SAO_271A-51,São Paulo,3550308,True,,703,,,-23.4985705,-46.51483,,,,1,2023-06-16T04:05:23+00:00
SAO_271A-51,São Paulo,3550308,True,,703,,,-23.499679,-46.5936605,,,,1,2023-06-16T04:05:30+00:00
SAO_4221-10,São Paulo,3550308,True,,33093,,,-23.608498750000003,-46.513963,,,,2,2023-06-16T04:05:30+00:00
SAO_4221-10,São Paulo,3550308,True,,33093,,,-23.60887425,-46.514239,,,,2,2023-06-16T04:05:25+00:00
SAO_4221-10,São Paulo,3550308,True,,33093,,,-23.60887425,-46.514239,,,,2,2023-06-16T04:05:43+00:00
SAO_4221-10,São Paulo,3550308,True,,33093,,,-23.5923845,-46.5795775,,,,2,2023-06-16T04:05:53+00:00
SAO_475M-10,São Paulo,3550308,True,EMTU,343,https://moovitapp.com/index/pt-br/transporte_p%C3%BAblico-line-343-Sao_Paulo-242-2038937-36419427-0,5.15,-23.5879495,-46.6299475,,,,1,2023-06-16T04:05:53+00:00
SAO_8072-10,São Paulo,3550308,True,,2079,,,-23.6423545,-46.7659975,,,,1,2023-06-16T04:05:32+00:00
SAO_8072-10,São Paulo,3550308,True,,2079,,,-23.6376705,-46.7621065,,,,1,2023-06-16T04:05:51+00:00
SAO_8072-10,São Paulo,3550308,True,,2079,,,-23.620141750000002,-46.757852375,,,,1,2023-06-16T04:05:45+00:00
SAO_4092-10,São Paulo,3550308,True,,1876,,,-23.58272475,-46.4165955,,,,1,2023-06-16T04:05:24+00:00
SAO_475M-10,São Paulo,3550308,True,,33111,,,-23.601958500000002,-46.6150025,,,,2,2023-06-16T04:05:49+00:00
SAO_475M-10,São Paulo,3550308,True,,33111,,,-23.541276,-46.647892,,,,2,2023-06-16T04:06:01+00:00
SAO_4010-10,São Paulo,3550308,True,,2183,,,-23.5575265,-46.466661,,,,1,2023-06-16T04:05:20+00:00
SAO_5024-31,São Paulo,3550308,True,,1123,,,-23.6908785,-46.6505535,,,,1,2023-06-16T04:03:46+00:00
SAO_5024-31,São Paulo,3550308,True,,1123,,,-23.6541985,-46.704713999999996,,,,1,2023-06-16T04:05:58+00:00
SAO_9501-10,São Paulo,3550308,True,EMTU,462,https://moovitapp.com/index/pt-br/transporte_p%C3%BAblico-line-462-Sao_Paulo-242-2038937-36419502-0,7.4,-23.4891235,-46.684565500000005,,,,1,2023-06-16T04:05:38+00:00
SAO_9501-10,São Paulo,3550308,True,EMTU,462,https://moovitapp.com/index/pt-br/transporte_p%C3%BAblico-line-462-Sao_Paulo-242-2038937-36419502-0,7.4,-23.52021975,-46.671809999999994,,,,1,2023-06-16T04:05:28+00:00
SAO_9501-10,São Paulo,3550308,True,EMTU,462,https://moovitapp.com/index/pt-br/transporte_p%C3%BAblico-line-462-Sao_Paulo-242-2038937-36419502-0,7.4,-23.5047565,-46.6887325,,,,1,2023-06-16T04:05:21+00:00
SAO_9501-10,São Paulo,3550308,True,EMTU,462,https://moovitapp.com/index/pt-br/transporte_p%C3%BAblico-line-462-Sao_Paulo-242-2038937-36419502-0,7.4,-23.541269,-46.6389715,,,,1,2023-06-16T04:05:58+00:00
SAO_9501-10,São Paulo,3550308,True,EMTU,462,https://moovitapp.com/index/pt-br/transporte_p%C3%BAblico-line-462-Sao_Paulo-242-2038937-36419502-0,7.4,-23.537076999999996,-46.642129749999995,,,,1,2023-06-16T04:05:43+00:00
SAO_875P-10,São Paulo,3550308,True,,1341,,,-23.526521000000002,-46.665999,,,,1,2023-06-16T04:05:20+00:00
SAO_875P-10,São Paulo,3550308,True,,1341,,,-23.526521000000002,-46.665999,,,,1,2023-06-16T04:05:19+00:00
SAO_875P-10,São Paulo,3550308,True,,1341,,,-23.5317695,-46.661021,,,,1,2023-06-16T04:05:55+00:00
SAO_875P-10,São Paulo,3550308,True,,1341,,,-23.581666,-46.6386555,,,,1,2023-06-16T04:05:19+00:00
SAO_978T-10,São Paulo,3550308,True,,33657,,,-23.516514,-46.698413,,,,2,2023-06-16T04:05:46+00:00
SAO_978T-10,São Paulo,3550308,True,,33657,,,-23.5280065,-46.6801765,,,,2,2023-06-16T04:05:25+00:00
SAO_978T-10,São Paulo,3550308,True,,33657,,,-23.461351,-46.6872735,,,,2,2023-06-16T04:05:46+00:00
SAO_978T-10,São Paulo,3550308,True,,33657,,,-23.461289,-46.6872475,,,,2,2023-06-16T04:05:56+00:00
SAO_978T-10,São Paulo,3550308,True,,33657,,,-23.482808,-46.692036,,,,2,2023-06-16T04:05:45+00:00
SAO_978T-10,São Paulo,3550308,True,,33657,,,-23.461403500000003,-46.687287,,,,2,2023-06-16T04:05:39+00:00
SAO_978T-10,São Paulo,3550308,True,,33657,,,-23.507349124999998,-46.68923062500001,,,,2,2023-06-16T04:05:49+00:00
SAO_978T-10,São Paulo,3550308,True,,33657,,,-23.469084000000002,-46.6953355,,,,2,2023-06-16T04:05:47+00:00
SAO_978T-10,São Paulo,3550308,True,,33657,,,-23.501196625,-46.694360374999995,,,,2,2023-06-16T04:05:39+00:00
SAO_978T-10,São Paulo,3550308,True,,33657,,,-23.461289,-46.6872475,,,,2,2023-06-16T04:05:39+00:00
SAO_978T-10,São Paulo,3550308,True,,33657,,,-23.461289,-46.6872475,,,,2,2023-06-16T04:05:36+00:00
SAO_978T-10,São Paulo,3550308,True,,33657,,,-23.461351,-46.6872735,,,,2,2023-06-16T04:05:38+00:00
SAO_407Y-10,São Paulo,3550308,True,,34974,,,-23.570583,-46.507211625,,,,2,2023-06-16T04:05:25+00:00
SAO_407Y-10,São Paulo,3550308,True,,34974,,,-23.570582,-46.490271500000006,,,,2,2023-06-16T04:05:37+00:00
SAO_407Y-10,São Paulo,3550308,True,,34974,,,-23.570691500000002,-46.4907405,,,,2,2023-06-16T04:05:53+00:00
SAO_407Y-10,São Paulo,3550308,True,,34974,,,-23.585162,-46.584246,,,,2,2023-06-16T04:05:43+00:00
SAO_9784-10,São Paulo,3550308,True,,33595,,,-23.5244255,-46.666776999999996,,,,2,2023-06-16T04:05:48+00:00
SAO_9784-10,São Paulo,3550308,True,,33595,,,-23.507376999999998,-46.6661685,,,,2,2023-06-16T04:05:24+00:00
SAO_9784-10,São Paulo,3550308,True,,33595,,,-23.460034,-46.672446,,,,2,2023-06-16T04:05:20+00:00
SAO_9784-10,São Paulo,3550308,True,,33595,,,-23.4961075,-46.661891499999996,,,,2,2023-06-16T04:05:28+00:00
SAO_9784-10,São Paulo,3550308,True,,33595,,,-23.4507675,-46.683319374999996,,,,2,2023-06-16T04:05:51+00:00
SAO_6455-10,São Paulo,3550308,True,,63,,,-23.606001,-46.664376250000004,,,,1,2023-06-16T04:05:57+00:00
SAO_6455-10,São Paulo,3550308,True,,63,,,-23.6455275,-46.746255500000004,,,,1,2023-06-16T04:06:00+00:00
SAO_6455-10,São Paulo,3550308,True,,63,,,-23.654127000000003,-46.762448000000006,,,,1,2023-06-16T04:05:58+00:00
SAO_1720-21,São Paulo,3550308,True,,1937,,,-23.4873335,-46.574318500000004,,,,1,2023-06-16T04:05:53+00:00
SAO_1720-21,São Paulo,3550308,True,,1937,,,-23.479202,-46.576089499999995,,,,1,2023-06-16T04:05:18+00:00
SAO_4729-10,São Paulo,3550308,True,,33876,,,-23.5425015,-46.5902345,,,,2,2023-06-16T04:05:36+00:00
SAO_4729-10,São Paulo,3550308,True,,33876,,,-23.564449624999998,-46.570992,,,,2,2023-06-16T04:05:40+00:00
SAO_4729-10,São Paulo,3550308,True,,33876,,,-23.59286825,-46.513782750000004,,,,2,2023-06-16T04:05:59+00:00
SAO_4729-10,São Paulo,3550308,True,,33876,,,-23.591147,-46.507459999999995,,,,2,2023-06-16T04:05:45+00:00
SAO_4729-10,São Paulo,3550308,True,,33876,,,-23.5798445,-46.5519195,,,,2,2023-06-16T04:05:39+00:00
SAO_4729-10,São Paulo,3550308,True,,33876,,,-23.591147,-46.507459999999995,,,,2,2023-06-16T04:05:52+00:00
SAO_273G-10,São Paulo,3550308,True,EMTU,223,https://moovitapp.com/index/pt-br/transporte_p%C3%BAblico-line-223-Sao_Paulo-242-2038937-36419342-0,5.2,-23.497991499999998,-46.4626485,,,,1,2023-06-16T04:05:56+00:00
SAO_273G-10,São Paulo,3550308,True,EMTU,223,https://moovitapp.com/index/pt-br/transporte_p%C3%BAblico-line-223-Sao_Paulo-242-2038937-36419342-0,5.2,-23.515887999999997,-46.47655725,,,,1,2023-06-16T04:05:38+00:00
SAO_273G-10,São Paulo,3550308,True,EMTU,223,https://moovitapp.com/index/pt-br/transporte_p%C3%BAblico-line-223-Sao_Paulo-242-2038937-36419342-0,5.2,-23.481444749999998,-46.41526675,,,,1,2023-06-16T04:05:35+00:00
SAO_273G-10,São Paulo,3550308,True,EMTU,223,https://moovitapp.com/index/pt-br/transporte_p%C3%BAblico-line-223-Sao_Paulo-242-2038937-36419342-0,5.2,-23.5358255,-46.474388000000005,,,,1,2023-06-16T04:04:37+00:00
SAO_273G-10,São Paulo,3550308,True,EMTU,223,https://moovitapp.com/index/pt-br/transporte_p%C3%BAblico-line-223-Sao_Paulo-242-2038937-36419342-0,5.2,-23.52438525,-46.475050749999994,,,,1,2023-06-16T04:05:22+00:00
SAO_273G-10,São Paulo,3550308,True,EMTU,223,https://moovitapp.com/index/pt-br/transporte_p%C3%BAblico-line-223-Sao_Paulo-242-2038937-36419342-0,5.2,-23.481482999999997,-46.415986000000004,,,,1,2023-06-16T04:04:35+00:00
SAO_273G-10,São Paulo,3550308,True,EMTU,223,https://moovitapp.com/index/pt-br/transporte_p%C3%BAblico-line-223-Sao_Paulo-242-2038937-36419342-0,5.2,-23.48147025,-46.415574250000006,,,,1,2023-06-16T04:05:57+00:00
SAO_273G-10,São Paulo,3550308,True,EMTU,223,https://moovitapp.com/index/pt-br/transporte_p%C3%BAblico-line-223-Sao_Paulo-242-2038937-36419342-0,5.2,-23.4887345,-46.436402,,,,1,2023-06-16T04:05:19+00:00
SAO_4027-10,São Paulo,3550308,True,,33865,,,-23.641898,-46.438882500000005,,,,2,2023-06-16T04:01:05+00:00
SAO_4027-10,São Paulo,3550308,True,,33865,,,-23.6349765,-46.443518499999996,,,,2,2023-06-16T04:05:35+00:00
SAO_4027-10,São Paulo,3550308,True,,33865,,,-23.5932235,-46.489228999999995,,,,2,2023-06-16T04:05:56+00:00
SAO_4027-10,São Paulo,3550308,True,,33865,,,-23.620645,-46.454363,,,,2,2023-06-16T04:05:47+00:00
SAO_4027-10,São Paulo,3550308,True,,33865,,,-23.610221000000003,-46.476755125,,,,2,2023-06-16T04:05:28+00:00
SAO_4027-10,São Paulo,3550308,True,,33865,,,-23.641898,-46.438882500000005,,,,2,2023-06-16T04:05:23+00:00
SAO_4027-10,São Paulo,3550308,True,,33865,,,-23.5931925,-46.489129500000004,,,,2,2023-06-16T04:05:30+00:00
SAO_4027-10,São Paulo,3550308,True,,33865,,,-23.641898,-46.438882500000005,,,,2,2023-06-16T04:05:50+00:00
SAO_4027-10,São Paulo,3550308,True,,33865,,,-23.590531374999998,-46.4879575,,,,2,2023-06-16T04:05:49+00:00
SAO_513C-31,São Paulo,3550308,True,,2536,,,-23.5474345,-46.461431,,,,1,2023-06-16T04:00:53+00:00
SAO_513C-31,São Paulo,3550308,True,,2536,,,-23.596653500000002,-46.5234715,,,,1,2023-06-16T04:05:31+00:00
SAO_6451-10,São Paulo,3550308,True,,61,,,-23.647451,-46.74730649999999,,,,1,2023-06-16T04:05:52+00:00
SAO_6451-10,São Paulo,3550308,True,,61,,,-23.580629000000002,-46.6799365,,,,1,2023-06-16T04:06:04+00:00
SAO_6451-10,São Paulo,3550308,True,,61,,,-23.555836,-46.6499815,,,,1,2023-06-16T04:05:44+00:00
SAO_6451-10,São Paulo,3550308,True,,61,,,-23.648176749999998,-46.74846225,,,,1,2023-06-16T04:06:01+00:00
SAO_6451-10,São Paulo,3550308,True,,61,,,-23.644758000000003,-46.72609,,,,1,2023-06-16T04:05:56+00:00
SAO_6451-10,São Paulo,3550308,True,,61,,,-23.549173,-46.640448,,,,1,2023-06-16T04:05:56+00:00
SAO_7017-10,São Paulo,3550308,True,,2502,,,-23.669901,-46.7351965,,,,1,2023-06-16T04:05:55+00:00
SAO_7017-10,São Paulo,3550308,True,,2502,,,-23.670426125,-46.771576625,,,,1,2023-06-16T04:05:56+00:00
SAO_7017-10,São Paulo,3550308,True,,2502,,,-23.6931665,-46.791157,,,,1,2023-06-16T04:05:21+00:00
SAO_297A-10,São Paulo,3550308,True,,34901,,,-23.5251275,-46.6660255,,,,2,2023-06-16T04:05:52+00:00
SAO_297A-10,São Paulo,3550308,True,,34901,,,-23.524092500000002,-46.6652315,,,,2,2023-06-16T04:05:28+00:00
SAO_297A-10,São Paulo,3550308,True,,34901,,,-23.493424500000003,-46.675837,,,,2,2023-06-16T04:05:45+00:00
SAO_403A-10,São Paulo,3550308,True,,34960,,,-23.530029499999998,-46.528456000000006,,,,2,2023-06-16T04:05:53+00:00
SAO_403A-10,São Paulo,3550308,True,,34960,,,-23.543887249999997,-46.519681500000004,,,,2,2023-06-16T04:05:54+00:00
SAO_403A-10,São Paulo,3550308,True,,34960,,,-23.540503,-46.431996,,,,2,2023-06-16T04:05:45+00:00
SAO_403A-10,São Paulo,3550308,True,,34960,,,-23.550175499999998,-46.436229499999996,,,,2,2023-06-16T04:05:26+00:00
SAO_403A-10,São Paulo,3550308,True,,34960,,,-23.540297,-46.431876,,,,2,2023-06-16T04:05:38+00:00
SAO_403A-10,São Paulo,3550308,True,,34960,,,-23.554305,-46.486363499999996,,,,2,2023-06-16T04:05:39+00:00
SAO_1702-10,São Paulo,3550308,True,,33614,,,-23.5276345,-46.6267855,,,,2,2023-06-16T04:05:29+00:00
SAO_1702-10,São Paulo,3550308,True,,33614,,,-23.443305000000002,-46.5771705,,,,2,2023-06-16T04:05:39+00:00
SAO_1702-10,São Paulo,3550308,True,,33614,,,-23.480722999999998,-46.600623999999996,,,,2,2023-06-16T04:05:24+00:00
SAO_1702-10,São Paulo,3550308,True,,33614,,,-23.4598225,-46.58558,,,,2,2023-06-16T04:05:51+00:00
SAO_1702-10,São Paulo,3550308,True,,33614,,,-23.4432505,-46.577110000000005,,,,2,2023-06-16T04:05:32+00:00
SAO_1702-10,São Paulo,3550308,True,,33614,,,-23.500975375,-46.622825500000005,,,,2,2023-06-16T04:05:48+00:00
SAO_8019-31,São Paulo,3550308,True,,35342,,,-23.545072,-46.7473945,,,,2,2023-06-16T04:05:26+00:00
SAO_8019-31,São Paulo,3550308,True,,35342,,,-23.545079,-46.74755450000001,,,,2,2023-06-16T04:06:03+00:00
SAO_8019-31,São Paulo,3550308,True,,35342,,,-23.584840749999998,-46.743656875,,,,2,2023-06-16T04:05:36+00:00
SAO_7181-10,São Paulo,3550308,True,,1332,,,-23.5459435,-46.64775,,,,1,2023-06-16T04:05:59+00:00
SAO_7181-10,São Paulo,3550308,True,,1332,,,-23.5523155,-46.732037000000005,,,,1,2023-06-16T04:05:35+00:00
SAO_7062-41,São Paulo,3550308,True,,2271,,,-23.650418000000002,-46.7700365,,,,1,2023-06-16T04:05:32+00:00
SAO_7062-41,São Paulo,3550308,True,,2271,,,-23.6499715,-46.758806,,,,1,2023-06-16T04:05:24+00:00
SAO_509M-10,São Paulo,3550308,True,,34045,,,-23.669217,-46.6494305,,,,2,2023-06-16T04:05:36+00:00
SAO_509M-10,São Paulo,3550308,True,,34045,,,-23.595471250000003,-46.65464475,,,,2,2023-06-16T04:05:39+00:00
SAO_509M-10,São Paulo,3550308,True,,34045,,,-23.66634175,-46.65608025,,,,2,2023-06-16T04:05:28+00:00
SAO_509M-10,São Paulo,3550308,True,,34045,,,-23.612731000000004,-46.67087775,,,,2,2023-06-16T04:05:27+00:00
SAO_3766-10,São Paulo,3550308,True,,1055,,,-23.53482375,-46.452111,,,,1,2023-06-16T04:05:50+00:00
SAO_3766-10,São Paulo,3550308,True,,1055,,,-23.5504205,-46.4362705,,,,1,2023-06-16T04:05:31+00:00
SAO_3766-10,São Paulo,3550308,True,,1055,,,-23.553675499999997,-46.427672,,,,1,2023-06-16T04:06:03+00:00
SAO_3766-10,São Paulo,3550308,True,,1055,,,-23.542016500000003,-46.461094,,,,1,2023-06-16T04:05:23+00:00
SAO_3766-10,São Paulo,3550308,True,,1055,,,-23.552189499999997,-46.428146,,,,1,2023-06-16T04:05:32+00:00
SAO_3766-10,São Paulo,3550308,True,,1055,,,-23.553675499999997,-46.427672,,,,1,2023-06-16T04:05:21+00:00
SAO_3766-10,São Paulo,3550308,True,,1055,,,-23.553675499999997,-46.427672,,,,1,2023-06-16T04:05:55+00:00
SAO_3766-10,São Paulo,3550308,True,,1055,,,-23.5423115,-46.470323,,,,1,2023-06-16T04:05:36+00:00
SAO_6013-10,São Paulo,3550308,True,,186,,,-23.6759545,-46.7530775,,,,1,2023-06-16T04:05:52+00:00
SAO_6013-10,São Paulo,3550308,True,,186,,,-23.645086,-46.729624,,,,1,2023-06-16T04:05:44+00:00
SAO_6013-10,São Paulo,3550308,True,,186,,,-23.6825795,-46.767716500000006,,,,1,2023-06-16T04:05:41+00:00
SAO_5175-10,São Paulo,3550308,True,,593,,,-23.611956375,-46.656517625,,,,1,2023-06-16T04:05:59+00:00
SAO_5175-10,São Paulo,3550308,True,,593,,,-23.702581000000002,-46.6501255,,,,1,2023-06-16T04:05:18+00:00
SAO_5175-10,São Paulo,3550308,True,,593,,,-23.702581000000002,-46.6501255,,,,1,2023-06-16T04:04:53+00:00
SAO_5175-10,São Paulo,3550308,True,,593,,,-23.702581000000002,-46.6501255,,,,1,2023-06-16T04:05:36+00:00
SAO_5175-10,São Paulo,3550308,True,,593,,,-23.68899,-46.643294,,,,1,2023-06-16T04:05:16+00:00
SAO_5175-10,São Paulo,3550308,True,,593,,,-23.6019135,-46.650962,,,,1,2023-06-16T04:05:58+00:00
SAO_5175-10,São Paulo,3550308,True,,593,,,-23.551567,-46.635391,,,,1,2023-06-16T04:05:48+00:00
SAO_5175-10,São Paulo,3550308,True,,593,,,-23.67928,-46.656012875,,,,1,2023-06-16T04:05:46+00:00
SAO_475R-10,São Paulo,3550308,True,,33112,,,-23.5470345,-46.6298525,,,,2,2023-06-16T04:05:58+00:00
SAO_475R-10,São Paulo,3550308,True,,33112,,,-23.5470345,-46.6298525,,,,2,2023-06-16T04:05:24+00:00
SAO_475R-10,São Paulo,3550308,True,,33112,,,-23.561073999999998,-46.643897875,,,,2,2023-06-16T04:05:28+00:00
SAO_475R-10,São Paulo,3550308,True,,33112,,,-23.5493455,-46.6333285,,,,2,2023-06-16T04:05:27+00:00
SAO_475R-10,São Paulo,3550308,True,,33112,,,-23.6271564375,-46.6364838125,,,,2,2023-06-16T04:05:56+00:00
SAO_475R-10,São Paulo,3550308,True,,33112,,,-23.611788500000003,-46.63798475,,,,2,2023-06-16T04:05:56+00:00
SAO_2021-10,São Paulo,3550308,True,,906,,,-23.5443145,-46.389241999999996,,,,1,2023-06-16T04:05:23+00:00
SAO_2021-10,São Paulo,3550308,True,,906,,,-23.540823250000003,-46.39271825,,,,1,2023-06-16T04:04:29+00:00
SAO_2021-10,São Paulo,3550308,True,,906,,,-23.5443145,-46.389241999999996,,,,1,2023-06-16T04:04:21+00:00
SAO_2021-10,São Paulo,3550308,True,,906,,,-23.541898500000002,-46.4154965,,,,1,2023-06-16T04:05:57+00:00
SAO_5757-51,São Paulo,3550308,True,,1976,,,-23.67275825,-46.64420225,,,,1,2023-06-16T04:05:25+00:00
SAO_5757-51,São Paulo,3550308,True,,1976,,,-23.70693,-46.6414515,,,,1,2023-06-16T04:05:01+00:00
SAO_5757-51,São Paulo,3550308,True,,1976,,,-23.6947445,-46.64808025,,,,1,2023-06-16T04:05:31+00:00
SAO_5757-51,São Paulo,3550308,True,,1976,,,-23.635112499999998,-46.640995000000004,,,,1,2023-06-16T04:05:56+00:00
SAO_5757-51,São Paulo,3550308,True,,1976,,,-23.7079895,-46.641386499999996,,,,1,2023-06-16T04:04:51+00:00
SAO_3054-10,São Paulo,3550308,True,,975,,,-23.609925,-46.407969,,,,1,2023-06-16T04:05:25+00:00
SAO_3054-10,São Paulo,3550308,True,,975,,,-23.61038925,-46.493035750000004,,,,1,2023-06-16T04:05:25+00:00
SAO_3054-10,São Paulo,3550308,True,,975,,,-23.59419625,-46.42337975,,,,1,2023-06-16T04:05:26+00:00
SAO_3054-10,São Paulo,3550308,True,,975,,,-23.609925,-46.407969,,,,1,2023-06-16T04:05:27+00:00
SAO_3054-10,São Paulo,3550308,True,,975,,,-23.600215249999998,-46.48453775,,,,1,2023-06-16T04:05:44+00:00
SAO_3901-10,São Paulo,3550308,True,,34237,,,-23.4987395,-46.50209475,,,,2,2023-06-16T04:05:14+00:00
SAO_3901-10,São Paulo,3550308,True,,34237,,,-23.4984825,-46.502362250000004,,,,2,2023-06-16T04:05:37+00:00
SAO_5035-10,São Paulo,3550308,True,,1668,,,-23.631518999999997,-46.58502,,,,1,2023-06-16T04:05:28+00:00
SAO_8615-10,São Paulo,3550308,True,,1339,,,-23.525926,-46.724160499999996,,,,1,2023-06-16T04:00:52+00:00
SAO_8615-10,São Paulo,3550308,True,,1339,,,-23.546561500000003,-46.632306,,,,1,2023-06-16T04:05:34+00:00
SAO_8615-10,São Paulo,3550308,True,,1339,,,-23.536594,-46.724218500000006,,,,1,2023-06-16T04:06:00+00:00
SAO_8615-10,São Paulo,3550308,True,,1339,,,-23.527535999999998,-46.7244755,,,,1,2023-06-16T04:05:53+00:00
SAO_8615-10,São Paulo,3550308,True,,1339,,,-23.535291,-46.723856999999995,,,,1,2023-06-16T04:05:53+00:00
SAO_8615-10,São Paulo,3550308,True,,1339,,,-23.540681999999997,-46.6433255,,,,1,2023-06-16T04:05:57+00:00
SAO_8615-10,São Paulo,3550308,True,,1339,,,-23.5410095,-46.64273875,,,,1,2023-06-16T04:05:52+00:00
SAO_8615-10,São Paulo,3550308,True,,1339,,,-23.546077500000003,-46.631047,,,,1,2023-06-16T04:05:53+00:00
SAO_8615-10,São Paulo,3550308,True,,1339,,,-23.525233125,-46.71046925,,,,1,2023-06-16T04:05:55+00:00
SAO_8615-10,São Paulo,3550308,True,,1339,,,-23.52577625,-46.67950425,,,,1,2023-06-16T04:05:18+00:00
SAO_8017-10,São Paulo,3550308,True,,34029,,,-23.448949499999998,-46.733588499999996,,,,2,2023-06-16T04:05:46+00:00
SAO_8017-10,São Paulo,3550308,True,,34029,,,-23.4862075,-46.726428,,,,2,2023-06-16T04:05:45+00:00
SAO_8017-10,São Paulo,3550308,True,,34029,,,-23.473188,-46.725353999999996,,,,2,2023-06-16T04:05:34+00:00
SAO_3737-10,São Paulo,3550308,True,,1037,,,-23.539844000000002,-46.514249750000005,,,,1,2023-06-16T04:06:02+00:00
SAO_3737-10,São Paulo,3550308,True,,1037,,,-23.53571125,-46.5191905,,,,1,2023-06-16T04:05:19+00:00
SAO_3737-10,São Paulo,3550308,True,,1037,,,-23.559947,-46.5073365,,,,1,2023-06-16T04:05:54+00:00
SAO_3737-10,São Paulo,3550308,True,,1037,,,-23.530963999999997,-46.5181355,,,,1,2023-06-16T04:05:37+00:00
SAO_3737-10,São Paulo,3550308,True,,1037,,,-23.530963999999997,-46.5181355,,,,1,2023-06-16T04:05:46+00:00
SAO_4086-10,São Paulo,3550308,True,,35018,,,-23.582943,-46.408454,,,,2,2023-06-16T04:05:53+00:00
SAO_4086-10,São Paulo,3550308,True,,35018,,,-23.5831655,-46.4072265,,,,2,2023-06-16T04:03:28+00:00
SAO_6403-10,São Paulo,3550308,True,,58,,,-23.547354,-46.63029,,,,1,2023-06-16T04:06:04+00:00
SAO_6403-10,São Paulo,3550308,True,,58,,,-23.6203225,-46.700261,,,,1,2023-06-16T04:05:27+00:00
SAO_9188-10,São Paulo,3550308,True,EMTU,809,https://moovitapp.com/index/pt-br/transporte_p%C3%BAblico-line-809-Sao_Paulo-242-2038937-119858519-0,5.2,-23.454491,-46.7289285,,,,1,2023-06-16T04:05:40+00:00
SAO_9188-10,São Paulo,3550308,True,EMTU,809,https://moovitapp.com/index/pt-br/transporte_p%C3%BAblico-line-809-Sao_Paulo-242-2038937-119858519-0,5.2,-23.490379,-46.710350250000005,,,,1,2023-06-16T04:05:52+00:00
SAO_7051-10,São Paulo,3550308,True,,34653,,,-23.6427835,-46.77973025,,,,2,2023-06-16T04:05:57+00:00
SAO_524M-10,São Paulo,3550308,True,,1631,,,-23.61694775,-46.49507475,,,,1,2023-06-16T04:05:41+00:00
SAO_524M-10,São Paulo,3550308,True,,1631,,,-23.569878499999998,-46.508571625,,,,1,2023-06-16T04:05:32+00:00
SAO_524M-10,São Paulo,3550308,True,,1631,,,-23.586772500000002,-46.517243,,,,1,2023-06-16T04:06:01+00:00
SAO_524M-10,São Paulo,3550308,True,,1631,,,-23.5641745,-46.505159,,,,1,2023-06-16T04:05:37+00:00
SAO_174M-10,São Paulo,3550308,True,,673,,,-23.477621749999997,-46.610039,,,,1,2023-06-16T04:05:50+00:00
SAO_174M-10,São Paulo,3550308,True,,673,,,-23.502481,-46.6248825,,,,1,2023-06-16T04:05:11+00:00
SAO_174M-10,São Paulo,3550308,True,,673,,,-23.549385,-46.618078249999996,,,,1,2023-06-16T04:05:23+00:00
SAO_637J-10,São Paulo,3550308,True,EMTU,103,https://moovitapp.com/index/pt-br/transporte_p%C3%BAblico-line-103-Sao_Paulo-242-2038937-36419266-0,5.1,-23.675244,-46.686491,,,,1,2023-06-16T04:05:45+00:00
SAO_637J-10,São Paulo,3550308,True,EMTU,103,https://moovitapp.com/index/pt-br/transporte_p%C3%BAblico-line-103-Sao_Paulo-242-2038937-36419266-0,5.1,-23.60327675,-46.674589375,,,,1,2023-06-16T04:05:28+00:00
SAO_637J-10,São Paulo,3550308,True,EMTU,103,https://moovitapp.com/index/pt-br/transporte_p%C3%BAblico-line-103-Sao_Paulo-242-2038937-36419266-0,5.1,-23.737052499999997,-46.710246,,,,1,2023-06-16T04:05:36+00:00
SAO_2755-10,São Paulo,3550308,True,STT,233,https://moovitapp.com/index/pt-br/transporte_p%C3%BAblico-line-233-Sao_Paulo-242-850661-183266-0,5.3,-23.541515500000003,-46.4163375,,,,1,2023-06-16T04:05:33+00:00
SAO_2755-10,São Paulo,3550308,True,STT,233,https://moovitapp.com/index/pt-br/transporte_p%C3%BAblico-line-233-Sao_Paulo-242-850661-183266-0,5.3,-23.512560999999998,-46.427344,,,,1,2023-06-16T04:05:52+00:00
SAO_2755-10,São Paulo,3550308,True,STT,233,https://moovitapp.com/index/pt-br/transporte_p%C3%BAblico-line-233-Sao_Paulo-242-850661-183266-0,5.3,-23.520741,-46.515246,,,,1,2023-06-16T04:05:35+00:00
SAO_2755-10,São Paulo,3550308,True,STT,233,https://moovitapp.com/index/pt-br/transporte_p%C3%BAblico-line-233-Sao_Paulo-242-850661-183266-0,5.3,-23.5397325,-46.3947625,,,,1,2023-06-16T04:05:37+00:00
SAO_2755-10,São Paulo,3550308,True,STT,233,https://moovitapp.com/index/pt-br/transporte_p%C3%BAblico-line-233-Sao_Paulo-242-850661-183266-0,5.3,-23.515909750000002,-46.46708712499999,,,,1,2023-06-16T04:04:22+00:00
SAO_967A-10,São Paulo,3550308,True,EMTU,568,https://moovitapp.com/index/pt-br/transporte_p%C3%BAblico-line-568-Sao_Paulo-242-2038937-36419565-0,7.8,-23.4804295,-46.656615,,,,1,2023-06-16T04:05:27+00:00
SAO_967A-10,São Paulo,3550308,True,EMTU,568,https://moovitapp.com/index/pt-br/transporte_p%C3%BAblico-line-568-Sao_Paulo-242-2038937-36419565-0,7.8,-23.4804295,-46.656615,,,,1,2023-06-16T04:05:24+00:00
SAO_967A-10,São Paulo,3550308,True,EMTU,568,https://moovitapp.com/index/pt-br/transporte_p%C3%BAblico-line-568-Sao_Paulo-242-2038937-36419565-0,7.8,-23.4804295,-46.656615,,,,1,2023-06-16T04:05:49+00:00
SAO_967A-10,São Paulo,3550308,True,EMTU,568,https://moovitapp.com/index/pt-br/transporte_p%C3%BAblico-line-568-Sao_Paulo-242-2038937-36419565-0,7.8,-23.4804295,-46.656615,,,,1,2023-06-16T04:05:40+00:00
SAO_967A-10,São Paulo,3550308,True,EMTU,568,https://moovitapp.com/index/pt-br/transporte_p%C3%BAblico-line-568-Sao_Paulo-242-2038937-36419565-0,7.8,-23.5655575,-46.6931725,,,,1,2023-06-16T04:05:39+00:00
SAO_967A-10,São Paulo,3550308,True,EMTU,568,https://moovitapp.com/index/pt-br/transporte_p%C3%BAblico-line-568-Sao_Paulo-242-2038937-36419565-0,7.8,-23.4804295,-46.656615,,,,1,2023-06-16T04:05:53+00:00
SAO_8008-10,São Paulo,3550308,True,,1258,,,-23.470188,-46.751977,,,,1,2023-06-16T04:05:17+00:00
SAO_8008-10,São Paulo,3550308,True,,1258,,,-23.486492,-46.725708499999996,,,,1,2023-06-16T04:05:56+00:00
SAO_8008-10,São Paulo,3550308,True,,1258,,,-23.488006,-46.7563015,,,,1,2023-06-16T04:05:17+00:00
SAO_4006-10,São Paulo,3550308,True,,34948,,,-23.60908875,-46.434929249999996,,,,2,2023-06-16T04:05:33+00:00
SAO_4006-10,São Paulo,3550308,True,,34948,,,-23.59983225,-46.433022625,,,,2,2023-06-16T04:05:41+00:00
SAO_4029-10,São Paulo,3550308,True,,33867,,,-23.5959355,-46.535866,,,,2,2023-06-16T04:05:55+00:00
SAO_4029-10,São Paulo,3550308,True,,33867,,,-23.60994525,-46.47948125,,,,2,2023-06-16T04:05:33+00:00
SAO_4029-10,São Paulo,3550308,True,,33867,,,-23.5783375,-46.57453325,,,,2,2023-06-16T04:05:35+00:00
SAO_4029-10,São Paulo,3550308,True,,33867,,,-23.60994525,-46.47948125,,,,2,2023-06-16T04:05:34+00:00
SAO_4029-10,São Paulo,3550308,True,,33867,,,-23.597867,-46.5226035,,,,2,2023-06-16T04:05:49+00:00
SAO_4029-10,São Paulo,3550308,True,,33867,,,-23.585109,-46.583715,,,,2,2023-06-16T04:05:57+00:00
SAO_4029-10,São Paulo,3550308,True,,33867,,,-23.612958,-46.4898305,,,,2,2023-06-16T04:05:37+00:00
SAO_4029-10,São Paulo,3550308,True,,33867,,,-23.6105855,-46.4805655,,,,2,2023-06-16T04:05:43+00:00
SAO_4029-10,São Paulo,3550308,True,,33867,,,-23.585109,-46.583715,,,,2,2023-06-16T04:05:50+00:00
SAO_4029-10,São Paulo,3550308,True,,33867,,,-23.6105855,-46.4805655,,,,2,2023-06-16T04:05:55+00:00
SAO_5614-10,São Paulo,3550308,True,,1515,,,-23.65428825,-46.67982175,,,,1,2023-06-16T04:05:33+00:00
SAO_5614-10,São Paulo,3550308,True,,1515,,,-23.5519155,-46.635377000000005,,,,1,2023-06-16T04:05:44+00:00
SAO_5614-10,São Paulo,3550308,True,,1515,,,-23.696635999999998,-46.649631,,,,1,2023-06-16T04:04:05+00:00
SAO_5614-10,São Paulo,3550308,True,,1515,,,-23.715806999999998,-46.626348500000006,,,,1,2023-06-16T04:05:35+00:00
SAO_8528-10,São Paulo,3550308,True,,575,,,-23.514636,-46.691038,,,,1,2023-06-16T04:05:46+00:00
SAO_8528-10,São Paulo,3550308,True,,575,,,-23.4616075,-46.699659,,,,1,2023-06-16T04:05:29+00:00
SAO_8528-10,São Paulo,3550308,True,,575,,,-23.5186295,-46.678721499999995,,,,1,2023-06-16T04:05:24+00:00
SAO_8528-10,São Paulo,3550308,True,,575,,,-23.461451,-46.689819,,,,1,2023-06-16T04:05:47+00:00
SAO_627J-10,São Paulo,3550308,True,,34824,,,-23.6447045,-46.64125675,,,,2,2023-06-16T04:05:57+00:00
SAO_627J-10,São Paulo,3550308,True,,34824,,,-23.677345250000002,-46.64014725,,,,2,2023-06-16T04:05:29+00:00
SAO_627J-10,São Paulo,3550308,True,,34824,,,-23.625023,-46.638795,,,,2,2023-06-16T04:05:29+00:00
SAO_2123-10,São Paulo,3550308,True,,33460,,,-23.4884535,-46.582411,,,,2,2023-06-16T04:05:24+00:00
SAO_2123-10,São Paulo,3550308,True,,33460,,,-23.4886805,-46.582163,,,,2,2023-06-16T04:05:40+00:00
SAO_2123-10,São Paulo,3550308,True,,33460,,,-23.529091375,-46.613950375,,,,2,2023-06-16T04:05:56+00:00
SAO_2123-10,São Paulo,3550308,True,,33460,,,-23.5360315,-46.616502999999994,,,,2,2023-06-16T04:05:50+00:00
SAO_2123-10,São Paulo,3550308,True,,33460,,,-23.4927265,-46.580667500000004,,,,2,2023-06-16T04:05:26+00:00
SAO_179X-10,São Paulo,3550308,True,,33448,,,-23.432447249999996,-46.57144625,,,,2,2023-06-16T04:05:29+00:00
SAO_179X-10,São Paulo,3550308,True,,33448,,,-23.526926,-46.665777500000004,,,,2,2023-06-16T04:05:45+00:00
SAO_179X-10,São Paulo,3550308,True,,33448,,,-23.432761749999997,-46.57149675,,,,2,2023-06-16T04:05:39+00:00
SAO_179X-10,São Paulo,3550308,True,,33448,,,-23.5322585,-46.632965,,,,2,2023-06-16T04:05:46+00:00
SAO_179X-10,São Paulo,3550308,True,,33448,,,-23.4353635,-46.572859,,,,2,2023-06-16T04:05:59+00:00
SAO_179X-10,São Paulo,3550308,True,,33448,,,-23.532100999999997,-46.633630499999995,,,,2,2023-06-16T04:05:43+00:00
SAO_179X-10,São Paulo,3550308,True,,33448,,,-23.49293725,-46.60830525,,,,2,2023-06-16T04:05:22+00:00
SAO_6073-10,São Paulo,3550308,True,,1160,,,-23.832269500000002,-46.7228895,,,,1,2023-06-16T04:05:27+00:00
SAO_6073-10,São Paulo,3550308,True,,1160,,,-23.767210499999997,-46.7163985,,,,1,2023-06-16T04:05:59+00:00
SAO_407T-10,São Paulo,3550308,True,,2202,,,-23.542544499999998,-46.4716805,,,,1,2023-06-16T04:00:05+00:00
SAO_407T-10,São Paulo,3550308,True,,2202,,,-23.533297,-46.442971,,,,1,2023-06-16T04:05:50+00:00
SAO_5143-10,São Paulo,3550308,True,,1628,,,-23.614242,-46.501176,,,,1,2023-06-16T04:05:25+00:00
SAO_5143-10,São Paulo,3550308,True,,1628,,,-23.590315,-46.543431749999996,,,,1,2023-06-16T04:05:33+00:00
SAO_5143-10,São Paulo,3550308,True,,1628,,,-23.614242,-46.501176,,,,1,2023-06-16T04:06:01+00:00
SAO_172J-10,São Paulo,3550308,True,,33624,,,-23.5021635,-46.5749665,,,,2,2023-06-16T04:04:30+00:00
SAO_172J-10,São Paulo,3550308,True,,33624,,,-23.5243945,-46.581241,,,,2,2023-06-16T04:05:43+00:00
SAO_172J-10,São Paulo,3550308,True,,33624,,,-23.4931335,-46.5744595,,,,2,2023-06-16T04:05:24+00:00
SAO_172J-10,São Paulo,3550308,True,,33624,,,-23.479367500000002,-46.568922,,,,2,2023-06-16T04:05:19+00:00
SAO_172J-10,São Paulo,3550308,True,,33624,,,-23.479189750000003,-46.56941425,,,,2,2023-06-16T04:05:43+00:00
SAO_172J-10,São Paulo,3550308,True,,33624,,,-23.479189750000003,-46.56941425,,,,2,2023-06-16T04:05:43+00:00
SAO_172J-10,São Paulo,3550308,True,,33624,,,-23.513762,-46.581461000000004,,,,2,2023-06-16T04:02:42+00:00
SAO_172J-10,São Paulo,3550308,True,,33624,,,-23.479367500000002,-46.568922,,,,2,2023-06-16T04:05:38+00:00
SAO_172J-10,São Paulo,3550308,True,,33624,,,-23.535809125,-46.577977749999995,,,,2,2023-06-16T04:05:45+00:00
SAO_6045-10,São Paulo,3550308,True,,1222,,,-23.6990275,-46.7964265,,,,1,2023-06-16T04:05:26+00:00
SAO_6045-10,São Paulo,3550308,True,,1222,,,-23.649305,-46.7523525,,,,1,2023-06-16T04:05:57+00:00
SAO_6045-10,São Paulo,3550308,True,,1222,,,-23.6945445,-46.794182,,,,1,2023-06-16T04:05:57+00:00
SAO_6045-10,São Paulo,3550308,True,,1222,,,-23.694403,-46.7957175,,,,1,2023-06-16T04:05:29+00:00
SAO_6045-10,São Paulo,3550308,True,,1222,,,-23.694674999999997,-46.793941000000004,,,,1,2023-06-16T04:05:34+00:00
SAO_6045-10,São Paulo,3550308,True,,1222,,,-23.6990275,-46.7964265,,,,1,2023-06-16T04:06:01+00:00
SAO_8014-10,São Paulo,3550308,True,,33569,,,-23.4520675,-46.793379,,,,2,2023-06-16T04:05:33+00:00
SAO_8014-10,São Paulo,3550308,True,,33569,,,-23.413692750000003,-46.777852,,,,2,2023-06-16T04:05:32+00:00
SAO_7282-10,São Paulo,3550308,True,,33239,,,-23.546825,-46.7609525,,,,2,2023-06-16T04:05:19+00:00
SAO_7282-10,São Paulo,3550308,True,,33239,,,-23.5541215,-46.670616249999995,,,,2,2023-06-16T04:05:23+00:00
SAO_7282-10,São Paulo,3550308,True,,33239,,,-23.5319025,-46.7365695,,,,2,2023-06-16T04:05:52+00:00
SAO_121G-10,São Paulo,3550308,True,,691,,,-23.5216375,-46.56288625,,,,1,2023-06-16T04:05:46+00:00
SAO_121G-10,São Paulo,3550308,True,,691,,,-23.481823,-46.60253925,,,,1,2023-06-16T04:05:54+00:00
SAO_121G-10,São Paulo,3550308,True,,691,,,-23.52406875,-46.567310750000004,,,,1,2023-06-16T04:05:27+00:00
SAO_121G-10,São Paulo,3550308,True,,691,,,-23.514805250000002,-46.570338250000006,,,,1,2023-06-16T04:05:44+00:00
SAO_5034-31,São Paulo,3550308,True,,34432,,,-23.64934825,-46.60229725000001,,,,2,2023-06-16T04:05:37+00:00
SAO_5034-31,São Paulo,3550308,True,,34432,,,-23.60347625,-46.6025595,,,,2,2023-06-16T04:05:27+00:00
SAO_8003-10,São Paulo,3550308,True,,1253,,,-23.52022975,-46.721782250000004,,,,1,2023-06-16T04:05:37+00:00
SAO_7017-10,São Paulo,3550308,True,,35270,,,-23.681485000000002,-46.7862615,,,,2,2023-06-16T04:05:49+00:00
SAO_7017-10,São Paulo,3550308,True,,35270,,,-23.6757445,-46.7539985,,,,2,2023-06-16T04:05:58+00:00
SAO_7017-10,São Paulo,3550308,True,,35270,,,-23.668242,-46.7355055,,,,2,2023-06-16T04:03:36+00:00
SAO_7017-10,São Paulo,3550308,True,,35270,,,-23.6931275,-46.7906735,,,,2,2023-06-16T04:05:49+00:00
SAO_7017-10,São Paulo,3550308,True,,35270,,,-23.69319,-46.790735,,,,2,2023-06-16T04:05:38+00:00
SAO_971D-10,São Paulo,3550308,True,,33477,,,-23.451049,-46.695186,,,,2,2023-06-16T04:05:27+00:00
SAO_971D-10,São Paulo,3550308,True,,33477,,,-23.4583065,-46.690271749999994,,,,2,2023-06-16T04:05:54+00:00
SAO_971D-10,São Paulo,3550308,True,,33477,,,-23.447985,-46.697056,,,,2,2023-06-16T04:05:19+00:00
SAO_971D-10,São Paulo,3550308,True,,33477,,,-23.4680205,-46.668636,,,,2,2023-06-16T04:05:22+00:00
SAO_971D-10,São Paulo,3550308,True,,33477,,,-23.511432499999998,-46.6242005,,,,2,2023-06-16T04:05:45+00:00
SAO_971D-10,São Paulo,3550308,True,,33477,,,-23.447985,-46.697056,,,,2,2023-06-16T04:05:43+00:00
SAO_971D-10,São Paulo,3550308,True,,33477,,,-23.484357,-46.637338,,,,2,2023-06-16T04:05:59+00:00
SAO_6055-10,São Paulo,3550308,True,,1146,,,-23.7174195,-46.699020000000004,,,,1,2023-06-16T04:05:59+00:00
SAO_6055-10,São Paulo,3550308,True,,1146,,,-23.6784805,-46.684785500000004,,,,1,2023-06-16T04:05:48+00:00
SAO_519M-10,São Paulo,3550308,True,,34979,,,-23.605551499999997,-46.521150750000004,,,,2,2023-06-16T04:05:43+00:00
SAO_519M-10,São Paulo,3550308,True,,34979,,,-23.590151249999998,-46.574535499999996,,,,2,2023-06-16T04:05:32+00:00
SAO_519M-10,São Paulo,3550308,True,,34979,,,-23.613624,-46.483098,,,,2,2023-06-16T04:05:23+00:00
SAO_519M-10,São Paulo,3550308,True,,34979,,,-23.61340525,-46.4833025,,,,2,2023-06-16T04:05:40+00:00
SAO_118C-10,São Paulo,3550308,True,,33287,,,-23.49449225,-46.62656725,,,,2,2023-06-16T04:04:21+00:00
SAO_118C-10,São Paulo,3550308,True,,33287,,,-23.540298,-46.647906000000006,,,,2,2023-06-16T04:05:40+00:00
SAO_118C-10,São Paulo,3550308,True,,33287,,,-23.4579625,-46.67248,,,,2,2023-06-16T04:06:01+00:00
SAO_118C-10,São Paulo,3550308,True,,33287,,,-23.457446,-46.673119,,,,2,2023-06-16T04:05:37+00:00
SAO_118C-10,São Paulo,3550308,True,,33287,,,-23.4579625,-46.67248,,,,2,2023-06-16T04:05:49+00:00
SAO_118C-10,São Paulo,3550308,True,,33287,,,-23.458092999999998,-46.6720015,,,,2,2023-06-16T04:05:44+00:00
SAO_118C-10,São Paulo,3550308,True,,33287,,,-23.4577015,-46.6729265,,,,2,2023-06-16T04:05:39+00:00
SAO_118C-10,São Paulo,3550308,True,,33287,,,-23.510962125000002,-46.624883,,,,2,2023-06-16T04:05:31+00:00
SAO_118C-10,São Paulo,3550308,True,,33287,,,-23.46720225,-46.6651835,,,,2,2023-06-16T04:05:40+00:00
SAO_118C-10,São Paulo,3550308,True,,33287,,,-23.453541,-46.6719315,,,,2,2023-06-16T04:05:20+00:00
SAO_8000-10,São Paulo,3550308,True,,34041,,,-23.541449749999998,-46.64195125,,,,2,2023-06-16T04:06:00+00:00
SAO_8000-10,São Paulo,3550308,True,,34041,,,-23.52087225,-46.70017,,,,2,2023-06-16T04:05:28+00:00
SAO_637V-10,São Paulo,3550308,True,EMTU,104,https://moovitapp.com/index/pt-br/transporte_p%C3%BAblico-line-104-Sao_Paulo-242-2038937-36419267-0,5.1,-23.7382055,-46.6893095,,,,1,2023-06-16T04:05:29+00:00
SAO_637V-10,São Paulo,3550308,False,EMTU,104,https://moovitapp.com/index/pt-br/transporte_p%C3%BAblico-line-104-Sao_Paulo-242-2038937-36419267-0,5.1,-23.7382055,-46.6893095,,,,1,2023-06-16T04:05:53+00:00
SAO_637V-10,São Paulo,3550308,True,EMTU,104,https://moovitapp.com/index/pt-br/transporte_p%C3%BAblico-line-104-Sao_Paulo-242-2038937-36419267-0,5.1,-23.662343874999998,-46.706628,,,,1,2023-06-16T04:05:35+00:00
SAO_637V-10,São Paulo,3550308,True,EMTU,104,https://moovitapp.com/index/pt-br/transporte_p%C3%BAblico-line-104-Sao_Paulo-242-2038937-36419267-0,5.1,-23.7382055,-46.6893095,,,,1,2023-06-16T04:06:04+00:00
SAO_637V-10,São Paulo,3550308,True,EMTU,104,https://moovitapp.com/index/pt-br/transporte_p%C3%BAblico-line-104-Sao_Paulo-242-2038937-36419267-0,5.1,-23.7221975,-46.688697250000004,,,,1,2023-06-16T04:06:01+00:00
SAO_7411-10,São Paulo,3550308,True,,34144,,,-23.5529145,-46.7319765,,,,2,2023-06-16T04:05:38+00:00
SAO_2735-10,São Paulo,3550308,True,,1921,,,-23.480578,-46.494646,,,,1,2023-06-16T04:03:21+00:00
SAO_2735-10,São Paulo,3550308,True,,1921,,,-23.4803045,-46.50198075,,,,1,2023-06-16T04:05:38+00:00
SAO_2735-10,São Paulo,3550308,True,,1921,,,-23.523282875,-46.548980125,,,,1,2023-06-16T04:05:53+00:00
SAO_2735-10,São Paulo,3550308,True,,1921,,,-23.533005000000003,-46.5444255,,,,1,2023-06-16T04:05:52+00:00
SAO_978T-10,São Paulo,3550308,True,,889,,,-23.526571,-46.668458,,,,1,2023-06-16T04:05:57+00:00
SAO_978T-10,São Paulo,3550308,True,,889,,,-23.472665250000002,-46.69103375,,,,1,2023-06-16T04:05:55+00:00
SAO_978T-10,São Paulo,3550308,True,,889,,,-23.523926,-46.695916499999996,,,,1,2023-06-16T04:05:48+00:00
SAO_978T-10,São Paulo,3550308,True,,889,,,-23.529040499999997,-46.683571875,,,,1,2023-06-16T04:05:23+00:00
SAO_978T-10,São Paulo,3550308,True,,889,,,-23.526571,-46.668458,,,,1,2023-06-16T04:05:20+00:00
SAO_978T-10,São Paulo,3550308,True,,889,,,-23.457455500000002,-46.696203999999994,,,,1,2023-06-16T04:05:52+00:00
SAO_978T-10,São Paulo,3550308,True,,889,,,-23.49746425,-46.697986,,,,1,2023-06-16T04:05:39+00:00
SAO_978T-10,São Paulo,3550308,True,,889,,,-23.512507999999997,-46.690535,,,,1,2023-06-16T04:05:58+00:00
SAO_7022-10,São Paulo,3550308,True,,2084,,,-23.682841,-46.773786,,,,1,2023-06-16T04:05:30+00:00
SAO_7022-10,São Paulo,3550308,True,,2084,,,-23.684780500000002,-46.7757505,,,,1,2023-06-16T04:05:34+00:00
SAO_7022-10,São Paulo,3550308,True,,2084,,,-23.6677405,-46.73030275,,,,1,2023-06-16T04:05:37+00:00
SAO_7022-10,São Paulo,3550308,True,,2084,,,-23.653948,-46.71043675,,,,1,2023-06-16T04:05:35+00:00
SAO_857C-10,São Paulo,3550308,True,,34669,,,-23.631508,-46.7726,,,,2,2023-06-16T04:05:20+00:00
SAO_857C-10,São Paulo,3550308,True,,34669,,,-23.645967499999998,-46.755309,,,,2,2023-06-16T04:05:23+00:00
SAO_857C-10,São Paulo,3550308,True,,34669,,,-23.6311435,-46.7724795,,,,2,2023-06-16T04:05:47+00:00
SAO_857C-10,São Paulo,3550308,True,,34669,,,-23.635092375,-46.666571625,,,,2,2023-06-16T04:05:43+00:00
SAO_857C-10,São Paulo,3550308,True,,34669,,,-23.6460668125,-46.709140375000004,,,,2,2023-06-16T04:06:00+00:00
SAO_6008-10,São Paulo,3550308,True,,1200,,,-23.66649675,-46.7191605,,,,1,2023-06-16T04:06:03+00:00
SAO_6008-10,São Paulo,3550308,True,,1200,,,-23.6790255,-46.734448,,,,1,2023-06-16T04:05:52+00:00
SAO_6008-10,São Paulo,3550308,True,,1200,,,-23.6540115,-46.7103915,,,,1,2023-06-16T04:05:52+00:00
SAO_1732-10,São Paulo,3550308,True,,671,,,-23.50367,-46.6263905,,,,1,2023-06-16T04:06:02+00:00
SAO_1732-10,São Paulo,3550308,True,,671,,,-23.5340575,-46.644261,,,,1,2023-06-16T04:05:54+00:00
SAO_1732-10,São Paulo,3550308,True,,671,,,-23.4827825,-46.5835875,,,,1,2023-06-16T04:05:40+00:00
SAO_4313-10,São Paulo,3550308,True,,2173,,,-23.5472815,-46.629869,,,,1,2023-06-16T04:05:21+00:00
SAO_4313-10,São Paulo,3550308,True,,2173,,,-23.583196,-46.407725,,,,1,2023-06-16T04:05:26+00:00
SAO_4313-10,São Paulo,3550308,True,,2173,,,-23.5786115,-46.494958499999996,,,,1,2023-06-16T04:05:46+00:00
SAO_4313-10,São Paulo,3550308,True,,2173,,,-23.580193,-46.411458999999994,,,,1,2023-06-16T04:05:18+00:00
SAO_4313-10,São Paulo,3550308,True,,2173,,,-23.54710725,-46.526647999999994,,,,1,2023-06-16T04:05:56+00:00
SAO_4313-10,São Paulo,3550308,True,,2173,,,-23.5349515,-46.548904500000006,,,,1,2023-06-16T04:05:58+00:00
SAO_4313-10,São Paulo,3550308,True,,2173,,,-23.5409729375,-46.5776478125,,,,1,2023-06-16T04:05:54+00:00
SAO_4313-10,São Paulo,3550308,True,,2173,,,-23.547401999999998,-46.629791999999995,,,,1,2023-06-16T04:06:01+00:00
SAO_4313-10,São Paulo,3550308,True,,2173,,,-23.5973455,-46.457319999999996,,,,1,2023-06-16T04:05:44+00:00
SAO_4313-10,São Paulo,3550308,True,,2173,,,-23.5948245,-46.4406075,,,,1,2023-06-16T04:03:17+00:00
SAO_4313-10,São Paulo,3550308,True,,2173,,,-23.585396499999998,-46.414854500000004,,,,1,2023-06-16T04:05:50+00:00
SAO_971V-10,São Paulo,3550308,True,,619,,,-23.499435124999998,-46.648478000000004,,,,1,2023-06-16T04:06:00+00:00
SAO_971V-10,São Paulo,3550308,True,,619,,,-23.460118,-46.675818,,,,1,2023-06-16T04:05:53+00:00
SAO_971V-10,São Paulo,3550308,True,,619,,,-23.4517745,-46.691843500000004,,,,1,2023-06-16T04:05:29+00:00
SAO_971V-10,São Paulo,3550308,True,,619,,,-23.5131826875,-46.6161215,,,,1,2023-06-16T04:05:01+00:00
SAO_971V-10,São Paulo,3550308,True,,619,,,-23.478361,-46.6774305,,,,1,2023-06-16T04:04:55+00:00
SAO_6822-10,São Paulo,3550308,True,Del Rey,22,https://moovitapp.com/index/pt-br/transporte_p%C3%BAblico-line-22-Sao_Paulo-242-868760-496394-0,4.5,-23.65037,-46.791385500000004,,,,1,2023-06-16T04:05:43+00:00
SAO_6822-10,São Paulo,3550308,True,Del Rey,22,https://moovitapp.com/index/pt-br/transporte_p%C3%BAblico-line-22-Sao_Paulo-242-868760-496394-0,4.5,-23.643524499999998,-46.779653749999994,,,,1,2023-06-16T04:05:54+00:00
SAO_6822-10,São Paulo,3550308,True,Del Rey,22,https://moovitapp.com/index/pt-br/transporte_p%C3%BAblico-line-22-Sao_Paulo-242-868760-496394-0,4.5,-23.648222,-46.791263,,,,1,2023-06-16T04:05:55+00:00
SAO_6822-10,São Paulo,3550308,True,Del Rey,22,https://moovitapp.com/index/pt-br/transporte_p%C3%BAblico-line-22-Sao_Paulo-242-868760-496394-0,4.5,-23.654044,-46.7630505,,,,1,2023-06-16T04:05:37+00:00
SAO_6822-10,São Paulo,3550308,True,Del Rey,22,https://moovitapp.com/index/pt-br/transporte_p%C3%BAblico-line-22-Sao_Paulo-242-868760-496394-0,4.5,-23.653551,-46.777357,,,,1,2023-06-16T04:05:44+00:00
SAO_6039-10,São Paulo,3550308,True,,1217,,,-23.659836,-46.7703075,,,,1,2023-06-16T04:05:23+00:00
SAO_6039-10,São Paulo,3550308,True,,1217,,,-23.6860325,-46.8009515,,,,1,2023-06-16T04:05:31+00:00
SAO_6039-10,São Paulo,3550308,True,,1217,,,-23.642044249999998,-46.712233499999996,,,,1,2023-06-16T04:06:02+00:00
SAO_6039-10,São Paulo,3550308,True,,1217,,,-23.6860325,-46.8009515,,,,1,2023-06-16T04:05:44+00:00
SAO_2726-10,São Paulo,3550308,True,Urubupungá,940,https://moovitapp.com/index/pt-br/transporte_p%C3%BAblico-line-940-Sao_Paulo-242-873835-496474-0,4.6,-23.5143825,-46.468978,,,,1,2023-06-16T04:05:33+00:00
SAO_2726-10,São Paulo,3550308,True,Urubupungá,940,https://moovitapp.com/index/pt-br/transporte_p%C3%BAblico-line-940-Sao_Paulo-242-873835-496474-0,4.6,-23.533211,-46.543845,,,,1,2023-06-16T04:05:58+00:00
SAO_2726-10,São Paulo,3550308,True,Urubupungá,940,https://moovitapp.com/index/pt-br/transporte_p%C3%BAblico-line-940-Sao_Paulo-242-873835-496474-0,4.6,-23.52641825,-46.546280249999995,,,,1,2023-06-16T04:05:46+00:00
SAO_2726-10,São Paulo,3550308,True,Urubupungá,940,https://moovitapp.com/index/pt-br/transporte_p%C3%BAblico-line-940-Sao_Paulo-242-873835-496474-0,4.6,-23.5142675,-46.519064,,,,1,2023-06-16T04:05:33+00:00
SAO_6073-10,São Paulo,3550308,True,,33928,,,-23.847229499999997,-46.715765,,,,2,2023-06-16T04:03:16+00:00
SAO_6073-10,São Paulo,3550308,True,,33928,,,-23.771615,-46.719333000000006,,,,2,2023-06-16T04:05:25+00:00
SAO_6073-10,São Paulo,3550308,True,,33928,,,-23.772029,-46.719725999999994,,,,2,2023-06-16T04:05:34+00:00
SAO_6073-10,São Paulo,3550308,True,,33928,,,-23.767210499999997,-46.7163985,,,,2,2023-06-16T04:05:54+00:00
SAO_6073-10,São Paulo,3550308,True,,33928,,,-23.853313,-46.6956225,,,,2,2023-06-16T04:05:35+00:00
SAO_6073-10,São Paulo,3550308,True,,33928,,,-23.853313,-46.6956225,,,,2,2023-06-16T04:05:33+00:00
SAO_6045-10,São Paulo,3550308,True,,33990,,,-23.641527,-46.716401125000004,,,,2,2023-06-16T04:06:01+00:00
SAO_6045-10,São Paulo,3550308,True,,33990,,,-23.645217000000002,-46.746117999999996,,,,2,2023-06-16T04:05:56+00:00
SAO_6045-10,São Paulo,3550308,True,,33990,,,-23.6990275,-46.7964265,,,,2,2023-06-16T04:05:22+00:00
SAO_6045-10,São Paulo,3550308,True,,33990,,,-23.685482999999998,-46.800789249999994,,,,2,2023-06-16T03:59:04+00:00
SAO_6045-10,São Paulo,3550308,True,,33990,,,-23.670363000000002,-46.772908,,,,2,2023-06-16T04:05:59+00:00
SAO_6045-10,São Paulo,3550308,True,,33990,,,-23.68605675,-46.80172075,,,,2,2023-06-16T04:06:00+00:00
SAO_3712-51,São Paulo,3550308,True,,35273,,,-23.54414475,-46.460653,,,,2,2023-06-16T04:05:20+00:00
SAO_3712-51,São Paulo,3550308,True,,35273,,,-23.55844475,-46.423190000000005,,,,2,2023-06-16T04:05:33+00:00
SAO_3762-10,São Paulo,3550308,True,,33821,,,-23.590684625,-46.516701874999995,,,,2,2023-06-16T04:06:03+00:00
SAO_3762-10,São Paulo,3550308,True,,33821,,,-23.551079,-46.550801750000005,,,,2,2023-06-16T04:00:36+00:00
SAO_3762-10,São Paulo,3550308,True,,33821,,,-23.5909755,-46.5166185,,,,2,2023-06-16T04:05:33+00:00
SAO_3762-10,São Paulo,3550308,True,,33821,,,-23.5437345,-46.5620645,,,,2,2023-06-16T04:01:55+00:00
SAO_3762-10,São Paulo,3550308,True,,33821,,,-23.573693,-46.5331685,,,,2,2023-06-16T04:05:24+00:00
SAO_3762-10,São Paulo,3550308,True,,33821,,,-23.591227,-46.516443499999994,,,,2,2023-06-16T04:05:52+00:00
SAO_3762-10,São Paulo,3550308,True,,33821,,,-23.580872499999998,-46.51833450000001,,,,2,2023-06-16T04:05:20+00:00
SAO_3762-10,São Paulo,3550308,True,,33821,,,-23.5909755,-46.5166185,,,,2,2023-06-16T04:05:59+00:00
SAO_3762-10,São Paulo,3550308,True,,33821,,,-23.54093,-46.5763015,,,,2,2023-06-16T04:05:29+00:00
SAO_6039-21,São Paulo,3550308,True,,2493,,,-23.654602,-46.763309,,,,1,2023-06-16T04:05:30+00:00
SAO_3021-10,São Paulo,3550308,True,,33044,,,-23.597959000000003,-46.51263,,,,2,2023-06-16T04:05:49+00:00
SAO_3021-10,São Paulo,3550308,True,,33044,,,-23.585037999999997,-46.582788,,,,2,2023-06-16T04:05:39+00:00
SAO_3021-10,São Paulo,3550308,True,,33044,,,-23.59239925,-46.512206000000006,,,,2,2023-06-16T03:58:59+00:00
SAO_8677-10,São Paulo,3550308,True,,33211,,,-23.480643375,-46.765259375,,,,2,2023-06-16T04:05:59+00:00
SAO_8677-10,São Paulo,3550308,True,,33211,,,-23.487239000000002,-46.7323545,,,,2,2023-06-16T04:05:23+00:00
SAO_8677-10,São Paulo,3550308,True,,33211,,,-23.487376500000003,-46.732736,,,,2,2023-06-16T04:05:57+00:00
SAO_8677-10,São Paulo,3550308,True,,33211,,,-23.524988,-46.682614,,,,2,2023-06-16T04:05:39+00:00
SAO_8677-10,São Paulo,3550308,True,,33211,,,-23.493397,-46.7503175,,,,2,2023-06-16T04:05:26+00:00
SAO_8677-10,São Paulo,3550308,True,,33211,,,-23.541999750000002,-46.640972250000004,,,,2,2023-06-16T04:05:54+00:00
SAO_8677-10,São Paulo,3550308,True,,33211,,,-23.487316,-46.7325825,,,,2,2023-06-16T04:05:27+00:00
SAO_576C-10,São Paulo,3550308,True,,34058,,,-23.638162,-46.6322935,,,,2,2023-06-16T04:05:21+00:00
SAO_576C-10,São Paulo,3550308,True,,34058,,,-23.663714249999998,-46.67861925,,,,2,2023-06-16T04:05:21+00:00
SAO_576C-10,São Paulo,3550308,True,,34058,,,-23.65791,-46.65335025,,,,2,2023-06-16T04:05:34+00:00
SAO_576C-10,São Paulo,3550308,True,,34058,,,-23.6377235,-46.63196,,,,2,2023-06-16T04:05:49+00:00
SAO_576C-10,São Paulo,3550308,True,,34058,,,-23.65126925,-46.70358575,,,,2,2023-06-16T04:05:59+00:00
SAO_576C-10,São Paulo,3550308,True,,34058,,,-23.638040500000002,-46.632286,,,,2,2023-06-16T04:05:26+00:00
SAO_576C-10,São Paulo,3550308,True,,34058,,,-23.6598725,-46.6507275,,,,2,2023-06-16T04:05:54+00:00
SAO_273L-10,São Paulo,3550308,True,,32992,,,-23.539111,-46.4313315,,,,2,2023-06-16T04:05:29+00:00
SAO_273L-10,São Paulo,3550308,True,,32992,,,-23.539111,-46.4313315,,,,2,2023-06-16T04:05:25+00:00
SAO_273L-10,São Paulo,3550308,True,,32992,,,-23.540654000000004,-46.483247500000004,,,,2,2023-06-16T04:06:02+00:00
SAO_273L-10,São Paulo,3550308,True,,32992,,,-23.523635,-46.44404775,,,,2,2023-06-16T04:05:35+00:00
SAO_273L-10,São Paulo,3550308,True,,32992,,,-23.539380375,-46.431489625,,,,2,2023-06-16T04:05:36+00:00
SAO_273L-10,São Paulo,3550308,True,,32992,,,-23.540654000000004,-46.483247500000004,,,,2,2023-06-16T04:05:37+00:00
SAO_2076-10,São Paulo,3550308,True,,33136,,,-23.492154,-46.445614500000005,,,,2,2023-06-16T04:05:34+00:00
SAO_2076-10,São Paulo,3550308,True,,33136,,,-23.523171750000003,-46.544194250000004,,,,2,2023-06-16T04:05:38+00:00
SAO_2076-10,São Paulo,3550308,True,,33136,,,-23.503478,-46.380337,,,,2,2023-06-16T04:05:51+00:00
SAO_2076-10,São Paulo,3550308,True,,33136,,,-23.52177,-46.5257795,,,,2,2023-06-16T04:05:39+00:00
SAO_3032-10,São Paulo,3550308,True,,33488,,,-23.5580275,-46.523286999999996,,,,2,2023-06-16T04:05:54+00:00
SAO_3032-10,São Paulo,3550308,True,,33488,,,-23.5698995,-46.488318500000005,,,,2,2023-06-16T04:05:45+00:00
SAO_3032-10,São Paulo,3550308,True,,33488,,,-23.557861,-46.522673,,,,2,2023-06-16T04:05:23+00:00
SAO_7063-10,São Paulo,3550308,True,,1899,,,-23.631026499999997,-46.773642,,,,1,2023-06-16T04:05:46+00:00
SAO_7063-10,São Paulo,3550308,True,,1899,,,-23.651991000000002,-46.789846499999996,,,,1,2023-06-16T04:05:57+00:00
SAO_7063-10,São Paulo,3550308,True,,1899,,,-23.651991000000002,-46.789846499999996,,,,1,2023-06-16T04:05:26+00:00
SAO_7063-10,São Paulo,3550308,True,,1899,,,-23.651991000000002,-46.789846499999996,,,,1,2023-06-16T04:05:29+00:00
SAO_7063-10,São Paulo,3550308,True,,1899,,,-23.651991000000002,-46.789846499999996,,,,1,2023-06-16T04:05:42+00:00
SAO_7063-10,São Paulo,3550308,True,,1899,,,-23.651991000000002,-46.789846499999996,,,,1,2023-06-16T04:05:30+00:00
SAO_5154-10,São Paulo,3550308,True,EMTU,353,https://moovitapp.com/index/pt-br/transporte_p%C3%BAblico-line-353-Sao_Paulo-242-2038937-36419436-0,5.1,-23.608495499999997,-46.676561,,,,1,2023-06-16T04:05:50+00:00
SAO_5154-10,São Paulo,3550308,True,EMTU,353,https://moovitapp.com/index/pt-br/transporte_p%C3%BAblico-line-353-Sao_Paulo-242-2038937-36419436-0,5.1,-23.654157,-46.710629,,,,1,2023-06-16T04:05:57+00:00
SAO_5154-10,São Paulo,3550308,True,EMTU,353,https://moovitapp.com/index/pt-br/transporte_p%C3%BAblico-line-353-Sao_Paulo-242-2038937-36419436-0,5.1,-23.570861,-46.6522435,,,,1,2023-06-16T04:05:54+00:00
SAO_5154-10,São Paulo,3550308,True,EMTU,353,https://moovitapp.com/index/pt-br/transporte_p%C3%BAblico-line-353-Sao_Paulo-242-2038937-36419436-0,5.1,-23.654157,-46.710629,,,,1,2023-06-16T04:05:49+00:00
SAO_118Y-10,São Paulo,3550308,True,,33609,,,-23.519739,-46.7008255,,,,2,2023-06-16T04:05:39+00:00
SAO_118Y-10,São Paulo,3550308,True,,33609,,,-23.472693,-46.63499025,,,,2,2023-06-16T04:06:02+00:00
SAO_118Y-10,São Paulo,3550308,True,,33609,,,-23.4817745,-46.655383,,,,2,2023-06-16T04:05:43+00:00
SAO_118Y-10,São Paulo,3550308,True,,33609,,,-23.471871999999998,-46.6346485,,,,2,2023-06-16T04:06:00+00:00
SAO_408A-10,São Paulo,3550308,True,,766,,,-23.546547124999996,-46.637947499999996,,,,1,2023-06-16T04:05:32+00:00
SAO_408A-10,São Paulo,3550308,True,,766,,,-23.58005825,-46.633172625,,,,1,2023-06-16T04:05:32+00:00
SAO_408A-10,São Paulo,3550308,True,,766,,,-23.561313625,-46.6315455,,,,1,2023-06-16T04:05:22+00:00
SAO_6450-10,São Paulo,3550308,True,,59,,,-23.6490105,-46.7535625,,,,1,2023-06-16T04:06:01+00:00
SAO_6450-10,São Paulo,3550308,True,,59,,,-23.606044125000004,-46.675613125,,,,1,2023-06-16T04:05:27+00:00
SAO_6450-10,São Paulo,3550308,True,,59,,,-23.643682,-46.7423945,,,,1,2023-06-16T04:05:51+00:00
SAO_6450-10,São Paulo,3550308,True,,59,,,-23.643118,-46.69930375,,,,1,2023-06-16T04:05:38+00:00
SAO_6450-10,São Paulo,3550308,True,,59,,,-23.57027475,-46.66202125,,,,1,2023-06-16T04:05:24+00:00
SAO_6450-10,São Paulo,3550308,True,,59,,,-23.64808025,-46.74822275,,,,1,2023-06-16T04:05:59+00:00
SAO_6450-10,São Paulo,3550308,True,,59,,,-23.597225,-46.673752,,,,1,2023-06-16T04:05:59+00:00
SAO_6232-10,São Paulo,3550308,True,STT,483,https://moovitapp.com/index/pt-br/transporte_p%C3%BAblico-line-483-Sao_Paulo-242-850661-183322-0,5.3,-23.55339225,-46.672321999999994,,,,1,2023-06-16T04:05:39+00:00
SAO_263J-10,São Paulo,3550308,True,EMTU,219,https://moovitapp.com/index/pt-br/transporte_p%C3%BAblico-line-219-Sao_Paulo-242-2038937-36419341-0,8.55,-23.54970875,-46.43107325,,,,1,2023-06-16T04:05:50+00:00
SAO_263J-10,São Paulo,3550308,True,EMTU,219,https://moovitapp.com/index/pt-br/transporte_p%C3%BAblico-line-219-Sao_Paulo-242-2038937-36419341-0,8.55,-23.549966249999997,-46.43092575,,,,1,2023-06-16T04:05:57+00:00
SAO_263J-10,São Paulo,3550308,True,EMTU,219,https://moovitapp.com/index/pt-br/transporte_p%C3%BAblico-line-219-Sao_Paulo-242-2038937-36419341-0,8.55,-23.522924500000002,-46.5323315,,,,1,2023-06-16T04:05:24+00:00
SAO_263J-10,São Paulo,3550308,True,EMTU,219,https://moovitapp.com/index/pt-br/transporte_p%C3%BAblico-line-219-Sao_Paulo-242-2038937-36419341-0,8.55,-23.549456,-46.4312205,,,,1,2023-06-16T04:05:56+00:00
SAO_263J-10,São Paulo,3550308,True,EMTU,219,https://moovitapp.com/index/pt-br/transporte_p%C3%BAblico-line-219-Sao_Paulo-242-2038937-36419341-0,8.55,-23.5502825,-46.430747,,,,1,2023-06-16T04:05:48+00:00
SAO_263J-10,São Paulo,3550308,True,EMTU,219,https://moovitapp.com/index/pt-br/transporte_p%C3%BAblico-line-219-Sao_Paulo-242-2038937-36419341-0,8.55,-23.534727,-46.473905,,,,1,2023-06-16T04:05:35+00:00
SAO_263J-10,São Paulo,3550308,True,EMTU,219,https://moovitapp.com/index/pt-br/transporte_p%C3%BAblico-line-219-Sao_Paulo-242-2038937-36419341-0,8.55,-23.5442805,-46.4352425,,,,1,2023-06-16T04:05:45+00:00
SAO_6825-10,São Paulo,3550308,True,,32782,,,-23.685346,-46.800567,,,,2,2023-06-16T04:05:47+00:00
SAO_6825-10,São Paulo,3550308,True,,32782,,,-23.659697,-46.774198,,,,2,2023-06-16T04:05:56+00:00
SAO_6825-10,São Paulo,3550308,True,,32782,,,-23.685346,-46.800567,,,,2,2023-06-16T04:05:53+00:00
SAO_3020-10,São Paulo,3550308,True,,33726,,,-23.553390999999998,-46.432116,,,,2,2023-06-16T04:05:41+00:00
SAO_3020-10,São Paulo,3550308,True,,33726,,,-23.5362395,-46.452895,,,,2,2023-06-16T04:05:59+00:00
SAO_3020-10,São Paulo,3550308,True,,33726,,,-23.55246725,-46.4312625,,,,2,2023-06-16T04:05:47+00:00
SAO_3020-10,São Paulo,3550308,True,,33726,,,-23.573209499999997,-46.4963295,,,,2,2023-06-16T04:05:35+00:00
SAO_351F-10,São Paulo,3550308,True,,687,,,-23.461732,-46.5828865,,,,1,2023-06-16T04:04:43+00:00
SAO_351F-10,São Paulo,3550308,True,,687,,,-23.54522175,-46.59270025,,,,1,2023-06-16T04:05:36+00:00
SAO_351F-10,São Paulo,3550308,True,,687,,,-23.567374,-46.5415305,,,,1,2023-06-16T04:05:20+00:00
SAO_351F-10,São Paulo,3550308,True,,687,,,-23.501524,-46.590387500000006,,,,1,2023-06-16T04:05:44+00:00
SAO_5036-10,São Paulo,3550308,True,,34434,,,-23.657111999999998,-46.6132845,,,,2,2023-06-16T04:05:36+00:00
SAO_5036-10,São Paulo,3550308,True,,34434,,,-23.602352125000003,-46.611489000000006,,,,2,2023-06-16T04:05:55+00:00
SAO_5036-10,São Paulo,3550308,True,,34434,,,-23.6387885,-46.607684000000006,,,,2,2023-06-16T04:05:58+00:00
SAO_574A-10,São Paulo,3550308,True,Rápido Campinas,602,https://moovitapp.com/index/pt-br/transporte_p%C3%BAblico-line-602-Sao_Paulo-242-858660-638986-0,5.3,-23.62733725,-46.64241725,,,,1,2023-06-16T04:05:50+00:00
SAO_574A-10,São Paulo,3550308,True,Rápido Campinas,602,https://moovitapp.com/index/pt-br/transporte_p%C3%BAblico-line-602-Sao_Paulo-242-858660-638986-0,5.3,-23.6683785,-46.642662,,,,1,2023-06-16T04:05:37+00:00
SAO_574A-10,São Paulo,3550308,True,Rápido Campinas,602,https://moovitapp.com/index/pt-br/transporte_p%C3%BAblico-line-602-Sao_Paulo-242-858660-638986-0,5.3,-23.565824375,-46.613998124999995,,,,1,2023-06-16T04:05:55+00:00
SAO_574A-10,São Paulo,3550308,True,Rápido Campinas,602,https://moovitapp.com/index/pt-br/transporte_p%C3%BAblico-line-602-Sao_Paulo-242-858660-638986-0,5.3,-23.6683785,-46.642662,,,,1,2023-06-16T04:05:25+00:00
SAO_271A-10,São Paulo,3550308,True,,33470,,,-23.4999565,-46.5989715,,,,2,2023-06-16T04:05:53+00:00
SAO_271A-10,São Paulo,3550308,True,,33470,,,-23.5020595,-46.6229275,,,,2,2023-06-16T04:05:39+00:00
SAO_271A-10,São Paulo,3550308,True,,33470,,,-23.5057665,-46.5891525,,,,2,2023-06-16T04:05:22+00:00
SAO_271A-10,São Paulo,3550308,True,,33470,,,-23.506938249999997,-46.5787225,,,,2,2023-06-16T04:05:59+00:00
SAO_6812-10,São Paulo,3550308,True,,34010,,,-23.7317165,-46.789798000000005,,,,2,2023-06-16T04:05:30+00:00
SAO_6812-10,São Paulo,3550308,True,,34010,,,-23.728559,-46.789899500000004,,,,2,2023-06-16T04:05:34+00:00
SAO_6812-10,São Paulo,3550308,True,,34010,,,-23.680083,-46.764894999999996,,,,2,2023-06-16T04:05:59+00:00
SAO_6812-10,São Paulo,3550308,True,,34010,,,-23.73195075,-46.790341,,,,2,2023-06-16T04:05:24+00:00
SAO_6812-10,São Paulo,3550308,True,,34010,,,-23.73195075,-46.790341,,,,2,2023-06-16T04:05:36+00:00
SAO_6812-10,São Paulo,3550308,True,,34010,,,-23.675822500000002,-46.752639,,,,2,2023-06-16T04:05:58+00:00
SAO_715M-10,São Paulo,3550308,True,,33258,,,-23.5691565,-46.715317999999996,,,,2,2023-06-16T04:05:57+00:00
SAO_715M-10,São Paulo,3550308,True,,33258,,,-23.5740975,-46.7353825,,,,2,2023-06-16T04:05:24+00:00
SAO_715M-10,São Paulo,3550308,True,,33258,,,-23.5566095,-46.634146,,,,2,2023-06-16T04:05:42+00:00
SAO_715M-10,São Paulo,3550308,True,,33258,,,-23.5554375,-46.6645925,,,,2,2023-06-16T04:05:58+00:00
SAO_715M-10,São Paulo,3550308,True,,33258,,,-23.583049,-46.761895499999994,,,,2,2023-06-16T04:05:07+00:00
SAO_715M-10,São Paulo,3550308,True,,33258,,,-23.582764,-46.761630999999994,,,,2,2023-06-16T04:05:21+00:00
SAO_715M-10,São Paulo,3550308,True,,33258,,,-23.583143999999997,-46.761945499999996,,,,2,2023-06-16T04:05:21+00:00
SAO_106A-10,São Paulo,3550308,True,,33284,,,-23.5025625,-46.624213,,,,2,2023-06-16T04:05:21+00:00
SAO_106A-10,São Paulo,3550308,True,,33284,,,-23.572986375000003,-46.6656,,,,2,2023-06-16T04:05:51+00:00
SAO_106A-10,São Paulo,3550308,True,,33284,,,-23.525817500000002,-46.630778,,,,2,2023-06-16T04:05:45+00:00
SAO_106A-10,São Paulo,3550308,True,,33284,,,-23.502784499999997,-46.6242225,,,,2,2023-06-16T04:05:49+00:00
SAO_106A-10,São Paulo,3550308,True,,33284,,,-23.589232000000003,-46.688066,,,,2,2023-06-16T04:05:52+00:00
SAO_7054-10,São Paulo,3550308,True,,41,,,-23.6313825,-46.77286,,,,1,2023-06-16T04:05:37+00:00
SAO_7054-10,São Paulo,3550308,True,,41,,,-23.6517055,-46.7906215,,,,1,2023-06-16T04:05:29+00:00
SAO_7054-10,São Paulo,3550308,True,,41,,,-23.6517055,-46.7906215,,,,1,2023-06-16T04:05:33+00:00
SAO_5024-10,São Paulo,3550308,True,,1122,,,-23.672789,-46.68689075,,,,1,2023-06-16T04:05:24+00:00
SAO_5024-10,São Paulo,3550308,True,,1122,,,-23.6927135,-46.6527195,,,,1,2023-06-16T04:03:43+00:00
SAO_8012-10,São Paulo,3550308,True,,34791,,,-23.555503,-46.72588725,,,,2,2023-06-16T04:05:26+00:00
SAO_8012-10,São Paulo,3550308,True,,34791,,,-23.5690495,-46.7364015,,,,2,2023-06-16T04:05:36+00:00
SAO_8012-10,São Paulo,3550308,True,,34791,,,-23.571838,-46.709005,,,,2,2023-06-16T04:05:54+00:00
SAO_8012-10,São Paulo,3550308,True,,34791,,,-23.571972,-46.708549500000004,,,,2,2023-06-16T04:05:56+00:00
SAO_8012-10,São Paulo,3550308,True,,34791,,,-23.566428625,-46.711765,,,,2,2023-06-16T04:05:51+00:00
SAO_2029-10,São Paulo,3550308,True,,2270,,,-23.45879,-46.59356699999999,,,,1,2023-06-16T04:05:33+00:00
SAO_2029-10,São Paulo,3550308,True,,2270,,,-23.430882500000003,-46.574838,,,,1,2023-06-16T04:05:36+00:00
SAO_2029-10,São Paulo,3550308,True,,2270,,,-23.441891,-46.589701250000005,,,,1,2023-06-16T04:05:09+00:00
SAO_6820-31,São Paulo,3550308,True,,34174,,,-23.661808999999998,-46.783409500000005,,,,2,2023-06-16T04:06:04+00:00
SAO_6820-31,São Paulo,3550308,True,,34174,,,-23.6550385,-46.761806,,,,2,2023-06-16T04:05:32+00:00
SAO_3019-10,São Paulo,3550308,True,,33725,,,-23.582577,-46.408426,,,,2,2023-06-16T04:05:36+00:00
SAO_3025-10,São Paulo,3550308,True,,961,,,-23.571377499999997,-46.399178000000006,,,,1,2023-06-16T04:05:29+00:00
SAO_3025-10,São Paulo,3550308,True,,961,,,-23.542544,-46.4158275,,,,1,2023-06-16T04:06:01+00:00
SAO_3025-10,São Paulo,3550308,True,,961,,,-23.5427145,-46.4149935,,,,1,2023-06-16T04:05:54+00:00
SAO_3025-10,São Paulo,3550308,True,,961,,,-23.542768,-46.41466525,,,,1,2023-06-16T04:05:28+00:00
SAO_3025-10,São Paulo,3550308,True,,961,,,-23.5427145,-46.4149935,,,,1,2023-06-16T04:05:58+00:00
SAO_675P-10,São Paulo,3550308,True,,33043,,,-23.673758499999998,-46.698253,,,,2,2023-06-16T04:05:53+00:00
SAO_675P-10,São Paulo,3550308,True,,33043,,,-23.663435749999998,-46.7090035,,,,2,2023-06-16T04:05:28+00:00
SAO_675P-10,São Paulo,3550308,True,,33043,,,-23.677593,-46.7017535,,,,2,2023-06-16T04:05:26+00:00
SAO_675P-10,São Paulo,3550308,True,,33043,,,-23.64461825,-46.644951,,,,2,2023-06-16T04:05:24+00:00
SAO_675P-10,São Paulo,3550308,True,,33043,,,-23.677098,-46.701800500000004,,,,2,2023-06-16T04:05:45+00:00
SAO_675P-10,São Paulo,3550308,True,,33043,,,-23.6385625,-46.6326495,,,,2,2023-06-16T04:05:26+00:00
SAO_6042-10,São Paulo,3550308,True,,33987,,,-23.673127,-46.764875,,,,2,2023-06-16T04:05:49+00:00
SAO_6042-10,São Paulo,3550308,True,,33987,,,-23.670586,-46.772875,,,,2,2023-06-16T04:05:59+00:00
SAO_6042-10,São Paulo,3550308,True,,33987,,,-23.651372,-46.714765,,,,2,2023-06-16T04:06:02+00:00
SAO_5018-31,São Paulo,3550308,True,,1861,,,-23.676093,-46.6736575,,,,1,2023-06-16T04:05:53+00:00
SAO_5018-31,São Paulo,3550308,True,,1861,,,-23.6591175,-46.643609,,,,1,2023-06-16T04:05:59+00:00
SAO_909T-10,São Paulo,3550308,True,,2256,,,-23.5663195,-46.7017455,,,,1,2023-06-16T04:05:34+00:00
SAO_5013-10,São Paulo,3550308,True,,33885,,,-23.6812385,-46.633822499999994,,,,2,2023-06-16T04:05:49+00:00
SAO_5013-10,São Paulo,3550308,True,,33885,,,-23.6774235,-46.65841775,,,,2,2023-06-16T04:05:24+00:00
SAO_5013-10,São Paulo,3550308,True,,33885,,,-23.678205499999997,-46.684208,,,,2,2023-06-16T04:05:48+00:00
SAO_5013-10,São Paulo,3550308,True,,33885,,,-23.682509,-46.633010999999996,,,,2,2023-06-16T04:05:26+00:00
SAO_GUIN-10,São Paulo,3550308,False,,3008,,,-23.6030335,-46.661579625,,,,1,2023-06-16T04:05:44+00:00
SAO_846M-10,São Paulo,3550308,True,,33190,,,-23.508304,-46.761061,,,,2,2023-06-16T04:05:49+00:00
SAO_846M-10,São Paulo,3550308,True,,33190,,,-23.50283475,-46.760608500000004,,,,2,2023-06-16T04:05:34+00:00
SAO_846M-10,São Paulo,3550308,True,,33190,,,-23.567141499999998,-46.701338,,,,2,2023-06-16T04:05:23+00:00
SAO_2707-10,São Paulo,3550308,True,,33687,,,-23.526104,-46.4052965,,,,2,2023-06-16T04:05:54+00:00
SAO_2707-10,São Paulo,3550308,True,,33687,,,-23.530773500000002,-46.445034,,,,2,2023-06-16T04:02:59+00:00
SAO_2707-10,São Paulo,3550308,True,,33687,,,-23.542627000000003,-46.424943999999996,,,,2,2023-06-16T04:06:01+00:00
SAO_2707-10,São Paulo,3550308,True,,33687,,,-23.542878,-46.4591925,,,,2,2023-06-16T04:05:43+00:00
SAO_1016-10,São Paulo,3550308,True,,33599,,,-23.4929035,-46.6113805,,,,2,2023-06-16T04:05:53+00:00
SAO_1016-10,São Paulo,3550308,True,,33599,,,-23.464372875000002,-46.603658249999995,,,,2,2023-06-16T04:06:01+00:00
SAO_1016-10,São Paulo,3550308,True,,33599,,,-23.513872,-46.6160225,,,,2,2023-06-16T04:05:41+00:00
SAO_6403-10,São Paulo,3550308,True,,32826,,,-23.64356875,-46.7324565,,,,2,2023-06-16T04:05:29+00:00
SAO_6403-10,São Paulo,3550308,True,,32826,,,-23.6435515,-46.732952499999996,,,,2,2023-06-16T04:05:40+00:00
SAO_6403-10,São Paulo,3550308,True,,32826,,,-23.5903905,-46.693641,,,,2,2023-06-16T04:05:53+00:00
SAO_6403-10,São Paulo,3550308,True,,32826,,,-23.6434815,-46.733768999999995,,,,2,2023-06-16T04:05:35+00:00
SAO_8700-1,São Paulo,3550308,True,,2508,,,-23.60388675,-46.74494525,,,,1,2023-06-16T04:05:22+00:00
SAO_8700-1,São Paulo,3550308,True,,2508,,,-23.608897,-46.7516605,,,,1,2023-06-16T04:05:42+00:00
SAO_2730-10,São Paulo,3550308,True,Urubupungá,945,https://moovitapp.com/index/pt-br/transporte_p%C3%BAblico-line-945-Sao_Paulo-242-873835-75841138-0,4.6,-23.52136025,-46.46859225,,,,1,2023-06-16T04:05:15+00:00
SAO_2730-10,São Paulo,3550308,True,Urubupungá,945,https://moovitapp.com/index/pt-br/transporte_p%C3%BAblico-line-945-Sao_Paulo-242-873835-75841138-0,4.6,-23.540062499999998,-46.482594375,,,,1,2023-06-16T04:05:31+00:00
SAO_2730-10,São Paulo,3550308,True,Urubupungá,945,https://moovitapp.com/index/pt-br/transporte_p%C3%BAblico-line-945-Sao_Paulo-242-873835-75841138-0,4.6,-23.51544825,-46.464192999999995,,,,1,2023-06-16T04:05:55+00:00
SAO_2730-10,São Paulo,3550308,True,Urubupungá,945,https://moovitapp.com/index/pt-br/transporte_p%C3%BAblico-line-945-Sao_Paulo-242-873835-75841138-0,4.6,-23.5153105,-46.46291,,,,1,2023-06-16T04:05:51+00:00
SAO_2730-10,São Paulo,3550308,True,Urubupungá,945,https://moovitapp.com/index/pt-br/transporte_p%C3%BAblico-line-945-Sao_Paulo-242-873835-75841138-0,4.6,-23.5077135,-46.4494665,,,,1,2023-06-16T04:05:35+00:00
SAO_6115-10,São Paulo,3550308,True,,33953,,,-23.750571,-46.6881895,,,,2,2023-06-16T04:05:45+00:00
SAO_6115-10,São Paulo,3550308,True,,33953,,,-23.742746,-46.6587425,,,,2,2023-06-16T04:05:53+00:00
SAO_6115-10,São Paulo,3550308,True,,33953,,,-23.7532765,-46.666796500000004,,,,2,2023-06-16T04:05:52+00:00
SAO_6115-10,São Paulo,3550308,True,,33953,,,-23.74273625,-46.65895075,,,,2,2023-06-16T04:05:26+00:00
SAO_6115-10,São Paulo,3550308,True,,33953,,,-23.737971,-46.6978485,,,,2,2023-06-16T04:05:46+00:00
SAO_8050-31,São Paulo,3550308,True,,33183,,,-23.446649,-46.7985095,,,,2,2023-06-16T04:05:34+00:00
SAO_8050-31,São Paulo,3550308,True,,33183,,,-23.438785,-46.794032,,,,2,2023-06-16T04:02:38+00:00
SAO_8050-31,São Paulo,3550308,True,,33183,,,-23.511011500000002,-46.7276125,,,,2,2023-06-16T04:05:26+00:00
SAO_3001-10,São Paulo,3550308,True,,34418,,,-23.49469925,-46.4135045,,,,2,2023-06-16T04:06:01+00:00
SAO_3001-10,São Paulo,3550308,True,,34418,,,-23.51342975,-46.376079499999996,,,,2,2023-06-16T04:05:30+00:00
SAO_3001-10,São Paulo,3550308,True,,34418,,,-23.512784500000002,-46.379215,,,,2,2023-06-16T04:03:24+00:00
SAO_6099-10,São Paulo,3550308,True,,34355,,,-23.769907000000003,-46.717877,,,,2,2023-06-16T04:05:35+00:00
SAO_6099-10,São Paulo,3550308,True,,34355,,,-23.769907000000003,-46.717877,,,,2,2023-06-16T04:05:43+00:00
SAO_3064-10,São Paulo,3550308,True,,33748,,,-23.58055825,-46.413486750000004,,,,2,2023-06-16T04:05:32+00:00
SAO_3064-10,São Paulo,3550308,True,,33748,,,-23.602252999999997,-46.3983735,,,,2,2023-06-16T04:05:30+00:00
SAO_3064-10,São Paulo,3550308,True,,33748,,,-23.599417000000003,-46.401671,,,,2,2023-06-16T04:05:39+00:00
SAO_3064-10,São Paulo,3550308,True,,33748,,,-23.550666999999997,-46.413055,,,,2,2023-06-16T04:05:48+00:00
SAO_3064-10,São Paulo,3550308,True,,33748,,,-23.5430265,-46.4157135,,,,2,2023-06-16T04:05:19+00:00
SAO_3064-10,São Paulo,3550308,True,,33748,,,-23.553019499999998,-46.4137295,,,,2,2023-06-16T04:05:47+00:00
SAO_3064-10,São Paulo,3550308,True,,33748,,,-23.602252999999997,-46.3983735,,,,2,2023-06-16T04:05:42+00:00
SAO_3020-10,São Paulo,3550308,True,,958,,,-23.5401145,-46.456719,,,,1,2023-06-16T04:05:57+00:00
SAO_3020-10,São Paulo,3550308,True,,958,,,-23.5532365,-46.431661500000004,,,,1,2023-06-16T04:05:34+00:00
SAO_3020-10,São Paulo,3550308,True,,958,,,-23.553789000000002,-46.4332845,,,,1,2023-06-16T04:05:22+00:00
SAO_3020-10,São Paulo,3550308,True,,958,,,-23.564607000000002,-46.505224999999996,,,,1,2023-06-16T04:05:42+00:00
SAO_3301-10,São Paulo,3550308,True,,34386,,,-23.491528000000002,-46.434711500000006,,,,2,2023-06-16T04:03:18+00:00
SAO_3301-10,São Paulo,3550308,True,,34386,,,-23.491528000000002,-46.434711500000006,,,,2,2023-06-16T04:05:23+00:00
SAO_3301-10,São Paulo,3550308,True,,34386,,,-23.491539500000002,-46.4344585,,,,2,2023-06-16T04:05:39+00:00
SAO_3301-10,São Paulo,3550308,True,,34386,,,-23.538157499999997,-46.599945500000004,,,,2,2023-06-16T04:05:44+00:00
SAO_3301-10,São Paulo,3550308,True,,34386,,,-23.49227825,-46.4479485,,,,2,2023-06-16T04:05:43+00:00
SAO_775N-10,São Paulo,3550308,True,,474,,,-23.562664375,-46.74664975,,,,1,2023-06-16T04:05:59+00:00
SAO_390E-10,São Paulo,3550308,True,,1882,,,-23.5354965,-46.5703025,,,,1,2023-06-16T04:05:50+00:00
SAO_390E-10,São Paulo,3550308,True,,1882,,,-23.518709,-46.546899499999995,,,,1,2023-06-16T04:03:59+00:00
SAO_8319-10,São Paulo,3550308,True,,476,,,-23.553057,-46.743235,,,,1,2023-06-16T04:05:19+00:00
SAO_8319-10,São Paulo,3550308,True,,476,,,-23.532461,-46.712982499999995,,,,1,2023-06-16T04:05:52+00:00
SAO_8319-10,São Paulo,3550308,True,,476,,,-23.547646999999998,-46.760248000000004,,,,1,2023-06-16T04:06:03+00:00
SAO_6058-10,São Paulo,3550308,True,,33917,,,-23.769851000000003,-46.676743,,,,2,2023-06-16T04:05:28+00:00
SAO_6058-10,São Paulo,3550308,True,,33917,,,-23.772855749999998,-46.7019205,,,,2,2023-06-16T04:05:52+00:00
SAO_6058-10,São Paulo,3550308,True,,33917,,,-23.769380499999997,-46.67707625,,,,2,2023-06-16T04:05:29+00:00
SAO_6058-10,São Paulo,3550308,True,,33917,,,-23.769588,-46.6772535,,,,2,2023-06-16T04:05:29+00:00
SAO_6058-10,São Paulo,3550308,True,,33917,,,-23.769380499999997,-46.67707625,,,,2,2023-06-16T04:05:22+00:00
SAO_719R-10,São Paulo,3550308,True,EMTU,469,https://moovitapp.com/index/pt-br/transporte_p%C3%BAblico-line-469-Sao_Paulo-242-2038937-36419507-0,5.4,-23.5263675,-46.666242999999994,,,,1,2023-06-16T04:05:44+00:00
SAO_719R-10,São Paulo,3550308,True,EMTU,469,https://moovitapp.com/index/pt-br/transporte_p%C3%BAblico-line-469-Sao_Paulo-242-2038937-36419507-0,5.4,-23.54738475,-46.65852975,,,,1,2023-06-16T04:06:02+00:00
SAO_719R-10,São Paulo,3550308,True,EMTU,469,https://moovitapp.com/index/pt-br/transporte_p%C3%BAblico-line-469-Sao_Paulo-242-2038937-36419507-0,5.4,-23.564917125,-46.750587375,,,,1,2023-06-16T04:05:56+00:00
SAO_5290-10,São Paulo,3550308,True,,597,,,-23.646867999999998,-46.6402595,,,,1,2023-06-16T04:05:32+00:00
SAO_5290-10,São Paulo,3550308,True,,597,,,-23.587062500000002,-46.634714,,,,1,2023-06-16T04:05:52+00:00
SAO_5290-10,São Paulo,3550308,True,,597,,,-23.5529175,-46.6346465,,,,1,2023-06-16T04:05:48+00:00
SAO_6015-10,São Paulo,3550308,True,,33973,,,-23.667188,-46.72773325,,,,2,2023-06-16T04:05:28+00:00
SAO_6015-10,São Paulo,3550308,True,,33973,,,-23.675822,-46.7521795,,,,2,2023-06-16T04:05:59+00:00
SAO_6062-10,São Paulo,3550308,True,,1151,,,-23.7380205,-46.697914499999996,,,,1,2023-06-16T04:05:38+00:00
SAO_6062-10,São Paulo,3550308,True,,1151,,,-23.7379535,-46.697821,,,,1,2023-06-16T04:05:19+00:00
SAO_2202-10,São Paulo,3550308,True,Urubupungá,910,https://moovitapp.com/index/pt-br/transporte_p%C3%BAblico-line-910-Sao_Paulo-242-873835-496471-0,4.6,-23.48956675,-46.3857685,,,,1,2023-06-16T04:06:00+00:00
SAO_2202-10,São Paulo,3550308,True,Urubupungá,910,https://moovitapp.com/index/pt-br/transporte_p%C3%BAblico-line-910-Sao_Paulo-242-873835-496471-0,4.6,-23.5296835,-46.396757,,,,1,2023-06-16T04:05:09+00:00
SAO_2202-10,São Paulo,3550308,True,Urubupungá,910,https://moovitapp.com/index/pt-br/transporte_p%C3%BAblico-line-910-Sao_Paulo-242-873835-496471-0,4.6,-23.488425,-46.3829355,,,,1,2023-06-16T04:05:18+00:00
SAO_2202-10,São Paulo,3550308,True,Urubupungá,910,https://moovitapp.com/index/pt-br/transporte_p%C3%BAblico-line-910-Sao_Paulo-242-873835-496471-0,4.6,-23.503116499999997,-46.4049215,,,,1,2023-06-16T04:05:22+00:00
SAO_6118-10,São Paulo,3550308,True,,33956,,,-23.6995285,-46.7010475,,,,2,2023-06-16T04:06:03+00:00
SAO_6118-10,São Paulo,3550308,True,,33956,,,-23.752415999999997,-46.70257425,,,,2,2023-06-16T04:05:38+00:00
SAO_6118-10,São Paulo,3550308,True,,33956,,,-23.7454705,-46.704201,,,,2,2023-06-16T04:05:46+00:00
SAO_6118-10,São Paulo,3550308,True,,33956,,,-23.741049500000003,-46.7078165,,,,2,2023-06-16T04:05:58+00:00
SAO_6118-10,São Paulo,3550308,True,,33956,,,-23.669546500000003,-46.714390374999994,,,,2,2023-06-16T04:05:54+00:00
SAO_2023-10,São Paulo,3550308,True,,35028,,,-23.398296000000002,-46.577902,,,,2,2023-06-16T04:05:42+00:00
SAO_2023-10,São Paulo,3550308,True,,35028,,,-23.398296000000002,-46.577902,,,,2,2023-06-16T04:03:27+00:00
SAO_2023-10,São Paulo,3550308,True,,35028,,,-23.398296000000002,-46.577902,,,,2,2023-06-16T04:06:01+00:00
SAO_2023-10,São Paulo,3550308,True,,35028,,,-23.4583385,-46.6024095,,,,2,2023-06-16T04:03:11+00:00
SAO_2023-10,São Paulo,3550308,True,,35028,,,-23.398657,-46.577617000000004,,,,2,2023-06-16T04:05:43+00:00
SAO_2101-10,São Paulo,3550308,True,,33482,,,-23.5455875,-46.572643,,,,2,2023-06-16T04:05:36+00:00
SAO_271F-10,São Paulo,3550308,True,,683,,,-23.5423125,-46.589598,,,,1,2023-06-16T04:05:55+00:00
SAO_271F-10,São Paulo,3550308,True,,683,,,-23.516209500000002,-46.608599,,,,1,2023-06-16T04:05:47+00:00
SAO_5032-10,São Paulo,3550308,True,,34430,,,-23.636195999999998,-46.5934805,,,,2,2023-06-16T04:06:04+00:00
SAO_5032-10,São Paulo,3550308,True,,34430,,,-23.61049825,-46.59566074999999,,,,2,2023-06-16T04:05:44+00:00
SAO_5032-10,São Paulo,3550308,True,,34430,,,-23.593489875,-46.592241625,,,,2,2023-06-16T04:05:47+00:00
SAO_2161-10,São Paulo,3550308,True,,694,,,-23.504683999999997,-46.59442625,,,,1,2023-06-16T04:05:30+00:00
SAO_2161-10,São Paulo,3550308,True,,694,,,-23.544771750000002,-46.625674249999996,,,,1,2023-06-16T04:06:01+00:00
SAO_8078-10,São Paulo,3550308,True,,2080,,,-23.641967,-46.7615325,,,,1,2023-06-16T04:05:27+00:00
SAO_8078-10,São Paulo,3550308,True,,2080,,,-23.620141750000002,-46.757852375,,,,1,2023-06-16T04:05:40+00:00
SAO_3390-10,São Paulo,3550308,True,,738,,,-23.61259,-46.479862999999995,,,,1,2023-06-16T04:05:43+00:00
SAO_3390-10,São Paulo,3550308,True,,738,,,-23.612506,-46.479178,,,,1,2023-06-16T04:05:25+00:00
SAO_3390-10,São Paulo,3550308,True,,738,,,-23.612506,-46.479178,,,,1,2023-06-16T04:05:41+00:00
SAO_3390-10,São Paulo,3550308,True,,738,,,-23.601635625,-46.511335,,,,1,2023-06-16T04:05:58+00:00
SAO_3390-10,São Paulo,3550308,True,,738,,,-23.612288,-46.482754,,,,1,2023-06-16T04:05:22+00:00
SAO_3390-10,São Paulo,3550308,True,,738,,,-23.577906249999998,-46.59295425,,,,1,2023-06-16T04:05:40+00:00
SAO_3390-10,São Paulo,3550308,True,,738,,,-23.6123785,-46.482487,,,,1,2023-06-16T04:05:53+00:00
SAO_775F-31,São Paulo,3550308,True,,35256,,,-23.625434499999997,-46.7480455,,,,2,2023-06-16T04:05:34+00:00
SAO_775F-31,São Paulo,3550308,True,,35256,,,-23.625425999999997,-46.7482945,,,,2,2023-06-16T04:05:47+00:00
SAO_775F-31,São Paulo,3550308,True,,35256,,,-23.60106775,-46.716372750000005,,,,2,2023-06-16T04:05:50+00:00
SAO_775F-31,São Paulo,3550308,True,,35256,,,-23.591431999999998,-46.7035895,,,,2,2023-06-16T04:05:58+00:00
SAO_775F-31,São Paulo,3550308,True,,35256,,,-23.622557,-46.747462,,,,2,2023-06-16T04:05:54+00:00
SAO_775F-31,São Paulo,3550308,True,,35256,,,-23.626333250000002,-46.743318,,,,2,2023-06-16T04:06:01+00:00
SAO_6505-10,São Paulo,3550308,True,,1450,,,-23.668707,-46.7352225,,,,1,2023-06-16T04:06:04+00:00
SAO_6505-10,São Paulo,3550308,True,,1450,,,-23.5977815,-46.673862,,,,1,2023-06-16T04:05:53+00:00
SAO_6505-10,São Paulo,3550308,True,,1450,,,-23.648898000000003,-46.703265,,,,1,2023-06-16T04:06:04+00:00
SAO_6505-10,São Paulo,3550308,True,,1450,,,-23.668707,-46.7352225,,,,1,2023-06-16T04:05:45+00:00
SAO_6505-10,São Paulo,3550308,True,,1450,,,-23.57027475,-46.66202125,,,,1,2023-06-16T04:05:42+00:00
SAO_477A-10,São Paulo,3550308,True,,33114,,,-23.583599875,-46.67752337500001,,,,2,2023-06-16T04:05:41+00:00
SAO_477A-10,São Paulo,3550308,True,,33114,,,-23.604847,-46.604936,,,,2,2023-06-16T04:05:25+00:00
SAO_477A-10,São Paulo,3550308,True,,33114,,,-23.58629375,-46.63547675,,,,2,2023-06-16T04:05:28+00:00
SAO_477A-10,São Paulo,3550308,True,,33114,,,-23.587321000000003,-46.601696125000004,,,,2,2023-06-16T04:05:46+00:00
SAO_5030-10,São Paulo,3550308,True,,1669,,,-23.637443,-46.5946815,,,,1,2023-06-16T04:05:57+00:00
SAO_5030-10,São Paulo,3550308,True,,1669,,,-23.637443,-46.5946815,,,,1,2023-06-16T04:05:33+00:00
SAO_975A-10,São Paulo,3550308,True,,33357,,,-23.503671,-46.6774875,,,,2,2023-06-16T04:05:33+00:00
SAO_975A-10,São Paulo,3550308,True,,33357,,,-23.469106500000002,-46.695824,,,,2,2023-06-16T04:05:37+00:00
SAO_975A-10,São Paulo,3550308,True,,33357,,,-23.543384875,-46.672639875,,,,2,2023-06-16T04:05:43+00:00
SAO_975A-10,São Paulo,3550308,True,,33357,,,-23.468484500000002,-46.696687999999995,,,,2,2023-06-16T04:05:50+00:00
SAO_702U-10,São Paulo,3550308,True,,1330,,,-23.545600999999998,-46.631611500000005,,,,1,2023-06-16T04:06:02+00:00
SAO_702U-10,São Paulo,3550308,True,,1330,,,-23.546561500000003,-46.632306,,,,1,2023-06-16T04:05:30+00:00
SAO_702U-10,São Paulo,3550308,True,,1330,,,-23.566046749999998,-46.725738750000005,,,,1,2023-06-16T04:05:40+00:00
SAO_938P-10,São Paulo,3550308,True,,888,,,-23.503301999999998,-46.6880805,,,,1,2023-06-16T04:05:59+00:00
SAO_938P-10,São Paulo,3550308,True,,888,,,-23.469139,-46.67923075,,,,1,2023-06-16T04:05:52+00:00
SAO_938P-10,São Paulo,3550308,True,,888,,,-23.52783,-46.685559999999995,,,,1,2023-06-16T04:05:45+00:00
SAO_3459-23,São Paulo,3550308,True,,33172,,,-23.516064749999998,-46.383449,,,,2,2023-06-16T04:05:42+00:00
SAO_3459-23,São Paulo,3550308,True,,33172,,,-23.516762,-46.384977500000005,,,,2,2023-06-16T04:05:37+00:00
SAO_3459-23,São Paulo,3550308,True,,33172,,,-23.516064749999998,-46.383449,,,,2,2023-06-16T04:05:18+00:00
SAO_8700-10,São Paulo,3550308,True,,34645,,,-23.584773749999997,-46.7187885,,,,2,2023-06-16T04:05:43+00:00
SAO_8700-10,São Paulo,3550308,True,,34645,,,-23.6310935,-46.773485,,,,2,2023-06-16T04:05:22+00:00
SAO_8700-10,São Paulo,3550308,True,,34645,,,-23.631153500000003,-46.7733425,,,,2,2023-06-16T04:05:23+00:00
SAO_8700-10,São Paulo,3550308,True,,34645,,,-23.560107,-46.67144275,,,,2,2023-06-16T04:06:01+00:00
SAO_8700-10,São Paulo,3550308,True,,34645,,,-23.544366874999998,-46.638432125,,,,2,2023-06-16T04:06:01+00:00
SAO_8700-10,São Paulo,3550308,True,,34645,,,-23.6082465,-46.751734,,,,2,2023-06-16T04:05:35+00:00
SAO_1757-10,São Paulo,3550308,True,,33316,,,-23.471206000000002,-46.6367925,,,,2,2023-06-16T04:05:25+00:00
SAO_1757-10,São Paulo,3550308,True,,33316,,,-23.467950000000002,-46.630759499999996,,,,2,2023-06-16T04:04:13+00:00
SAO_1757-10,São Paulo,3550308,True,,33316,,,-23.471206000000002,-46.6367925,,,,2,2023-06-16T04:05:25+00:00
SAO_5143-10,São Paulo,3550308,True,,34396,,,-23.5930345,-46.540283,,,,2,2023-06-16T04:05:44+00:00
SAO_5143-10,São Paulo,3550308,True,,34396,,,-23.561380999999997,-46.612911999999994,,,,2,2023-06-16T04:05:58+00:00
SAO_805L-10,São Paulo,3550308,True,,32892,,,-23.53506275,-46.644746999999995,,,,2,2023-06-16T04:05:45+00:00
SAO_805L-10,São Paulo,3550308,True,,32892,,,-23.534046500000002,-46.64469425,,,,2,2023-06-16T04:05:53+00:00
SAO_805L-10,São Paulo,3550308,True,,32892,,,-23.5355075,-46.644417000000004,,,,2,2023-06-16T04:05:38+00:00
SAO_805L-10,São Paulo,3550308,True,,32892,,,-23.577132499999998,-46.635677,,,,2,2023-06-16T04:05:47+00:00
SAO_148P-10,São Paulo,3550308,True,EMTU,534,https://moovitapp.com/index/pt-br/transporte_p%C3%BAblico-line-534-Sao_Paulo-242-2038937-36419546-0,6.3,-23.495533,-46.66135,,,,1,2023-06-16T04:05:28+00:00
SAO_148P-10,São Paulo,3550308,True,EMTU,534,https://moovitapp.com/index/pt-br/transporte_p%C3%BAblico-line-534-Sao_Paulo-242-2038937-36419546-0,6.3,-23.483815,-46.663436000000004,,,,1,2023-06-16T04:05:27+00:00
SAO_148P-10,São Paulo,3550308,True,EMTU,534,https://moovitapp.com/index/pt-br/transporte_p%C3%BAblico-line-534-Sao_Paulo-242-2038937-36419546-0,6.3,-23.46911675,-46.6476765,,,,1,2023-06-16T04:05:30+00:00
SAO_2059-10,São Paulo,3550308,True,,33028,,,-23.5245015,-46.4183235,,,,2,2023-06-16T04:05:30+00:00
SAO_2059-10,São Paulo,3550308,True,,33028,,,-23.4909965,-46.442163,,,,2,2023-06-16T04:05:36+00:00
SAO_2059-10,São Paulo,3550308,True,,33028,,,-23.4910335,-46.441784,,,,2,2023-06-16T04:05:42+00:00
SAO_2059-10,São Paulo,3550308,True,,33028,,,-23.4910545,-46.441593999999995,,,,2,2023-06-16T04:05:47+00:00
SAO_2059-10,São Paulo,3550308,True,,33028,,,-23.512411999999998,-46.427406,,,,2,2023-06-16T04:04:48+00:00
SAO_211V-10,São Paulo,3550308,True,,32922,,,-23.4944855,-46.470219,,,,2,2023-06-16T04:06:02+00:00
SAO_6042-10,São Paulo,3550308,True,,1219,,,-23.650654000000003,-46.708045,,,,1,2023-06-16T04:05:21+00:00
SAO_6042-10,São Paulo,3550308,True,,1219,,,-23.672669,-46.7646945,,,,1,2023-06-16T04:05:32+00:00
SAO_6042-10,São Paulo,3550308,True,,1219,,,-23.658478000000002,-46.765071,,,,1,2023-06-16T04:05:40+00:00
SAO_807A-10,São Paulo,3550308,True,,1900,,,-23.645992,-46.7466455,,,,1,2023-06-16T04:06:04+00:00
SAO_807A-10,São Paulo,3550308,True,,1900,,,-23.630661,-46.773396000000005,,,,1,2023-06-16T04:05:27+00:00
SAO_4725-10,São Paulo,3550308,True,,33106,,,-23.6335525,-46.6141865,,,,2,2023-06-16T04:05:30+00:00
SAO_4725-10,São Paulo,3550308,True,,33106,,,-23.605380875,-46.657783249999994,,,,2,2023-06-16T04:05:47+00:00
SAO_6116-10,São Paulo,3550308,True,,33954,,,-23.75569,-46.657614,,,,2,2023-06-16T04:05:58+00:00
SAO_6116-10,São Paulo,3550308,True,,33954,,,-23.7563975,-46.6678165,,,,2,2023-06-16T04:06:00+00:00
SAO_809J-10,São Paulo,3550308,True,,34834,,,-23.604102,-46.7308325,,,,2,2023-06-16T04:03:52+00:00
SAO_2770-10,São Paulo,3550308,True,,243,,,-23.49845,-46.464622500000004,,,,1,2023-06-16T04:05:34+00:00
SAO_2770-10,São Paulo,3550308,True,,243,,,-23.522662999999998,-46.41263875,,,,1,2023-06-16T04:05:59+00:00
SAO_253F-10,São Paulo,3550308,True,,32926,,,-23.609717500000002,-46.47356075,,,,2,2023-06-16T04:05:36+00:00
SAO_253F-10,São Paulo,3550308,True,,32926,,,-23.5182095,-46.475659,,,,2,2023-06-16T04:05:20+00:00
SAO_253F-10,São Paulo,3550308,True,,32926,,,-23.55826125,-46.4454545,,,,2,2023-06-16T04:05:45+00:00
SAO_253F-10,São Paulo,3550308,True,,32926,,,-23.613302,-46.4764105,,,,2,2023-06-16T04:05:44+00:00
SAO_253F-10,São Paulo,3550308,True,,32926,,,-23.515704999999997,-46.4624265,,,,2,2023-06-16T04:05:34+00:00
SAO_253F-10,São Paulo,3550308,True,,32926,,,-23.613302,-46.4764105,,,,2,2023-06-16T04:05:35+00:00
SAO_2712-10,São Paulo,3550308,True,,33694,,,-23.5242455,-46.48134075,,,,2,2023-06-16T04:05:20+00:00
SAO_2712-10,São Paulo,3550308,True,,33694,,,-23.52446425,-46.47863675000001,,,,2,2023-06-16T04:06:01+00:00
SAO_6475-10,São Paulo,3550308,True,,1317,,,-23.549173,-46.640448,,,,1,2023-06-16T04:05:57+00:00
SAO_6475-10,São Paulo,3550308,True,,1317,,,-23.6672655,-46.772947,,,,1,2023-06-16T04:05:26+00:00
SAO_6475-10,São Paulo,3550308,True,,1317,,,-23.624718625,-46.706378625,,,,1,2023-06-16T04:05:45+00:00
SAO_7050-10,São Paulo,3550308,True,,1884,,,-23.652286250000003,-46.778394750000004,,,,1,2023-06-16T04:06:01+00:00
SAO_3751-10,São Paulo,3550308,True,,33815,,,-23.556158500000002,-46.423181125,,,,2,2023-06-16T04:05:40+00:00
SAO_3751-10,São Paulo,3550308,True,,33815,,,-23.5695605,-46.4102685,,,,2,2023-06-16T04:05:36+00:00
SAO_3751-10,São Paulo,3550308,True,,33815,,,-23.568393,-46.418732500000004,,,,2,2023-06-16T04:05:57+00:00
SAO_3751-10,São Paulo,3550308,True,,33815,,,-23.5433195,-46.470394,,,,2,2023-06-16T04:05:28+00:00
SAO_3751-10,São Paulo,3550308,True,,33815,,,-23.5695605,-46.4102685,,,,2,2023-06-16T04:05:26+00:00
SAO_6818-10,São Paulo,3550308,True,BR7 Mobilidade,28,https://moovitapp.com/index/pt-br/transporte_p%C3%BAblico-line-28-Sao_Paulo-242-851856-596008-0,5.75,-23.648215,-46.77361425,,,,1,2023-06-16T04:06:02+00:00
SAO_6818-10,São Paulo,3550308,True,BR7 Mobilidade,28,https://moovitapp.com/index/pt-br/transporte_p%C3%BAblico-line-28-Sao_Paulo-242-851856-596008-0,5.75,-23.655842999999997,-46.7727765,,,,1,2023-06-16T04:05:44+00:00
SAO_6412-10,São Paulo,3550308,True,,770,,,-23.617671,-46.7210095,,,,1,2023-06-16T04:05:54+00:00
SAO_6412-10,São Paulo,3550308,True,,770,,,-23.601567625,-46.67955775,,,,1,2023-06-16T04:05:30+00:00
SAO_3160-10,São Paulo,3550308,True,EMTU,125,https://moovitapp.com/index/pt-br/transporte_p%C3%BAblico-line-125-Sao_Paulo-242-2038937-36419283-0,5.15,-23.5838375,-46.584777,,,,1,2023-06-16T04:05:42+00:00
SAO_3160-10,São Paulo,3550308,True,EMTU,125,https://moovitapp.com/index/pt-br/transporte_p%C3%BAblico-line-125-Sao_Paulo-242-2038937-36419283-0,5.15,-23.5515695,-46.624459,,,,1,2023-06-16T04:05:57+00:00
SAO_3160-10,São Paulo,3550308,True,EMTU,125,https://moovitapp.com/index/pt-br/transporte_p%C3%BAblico-line-125-Sao_Paulo-242-2038937-36419283-0,5.15,-23.560606875,-46.599290874999994,,,,1,2023-06-16T04:05:35+00:00
SAO_3160-10,São Paulo,3550308,True,EMTU,125,https://moovitapp.com/index/pt-br/transporte_p%C3%BAblico-line-125-Sao_Paulo-242-2038937-36419283-0,5.15,-23.5465215,-46.630083,,,,1,2023-06-16T04:05:51+00:00
SAO_2720-10,São Paulo,3550308,True,,33701,,,-23.489689,-46.4782355,,,,2,2023-06-16T04:06:03+00:00
SAO_2720-10,São Paulo,3550308,True,,33701,,,-23.493471,-46.470558,,,,2,2023-06-16T04:05:24+00:00
SAO_2720-10,São Paulo,3550308,True,,33701,,,-23.5288095,-46.517675499999996,,,,2,2023-06-16T04:06:03+00:00
SAO_2720-10,São Paulo,3550308,True,,33701,,,-23.5063505,-46.4825655,,,,2,2023-06-16T04:05:39+00:00
SAO_2720-10,São Paulo,3550308,True,,33701,,,-23.514655124999997,-46.50667975,,,,2,2023-06-16T04:05:40+00:00
SAO_2720-10,São Paulo,3550308,True,,33701,,,-23.493021,-46.470974,,,,2,2023-06-16T04:05:51+00:00
SAO_6816-10,São Paulo,3550308,True,BR7 Mobilidade,26,https://moovitapp.com/index/pt-br/transporte_p%C3%BAblico-line-26-Sao_Paulo-242-851856-577923-0,5.75,-23.6587095,-46.774818,,,,1,2023-06-16T04:05:44+00:00
SAO_848L-10,São Paulo,3550308,True,EMTU,808,https://moovitapp.com/index/pt-br/transporte_p%C3%BAblico-line-808-Sao_Paulo-242-2038937-36419584-0,4.8,-23.439678999999998,-46.7271825,,,,1,2023-06-16T04:05:51+00:00
SAO_848L-10,São Paulo,3550308,True,EMTU,808,https://moovitapp.com/index/pt-br/transporte_p%C3%BAblico-line-808-Sao_Paulo-242-2038937-36419584-0,4.8,-23.4854175,-46.7256575,,,,1,2023-06-16T04:05:36+00:00
SAO_848L-10,São Paulo,3550308,True,EMTU,808,https://moovitapp.com/index/pt-br/transporte_p%C3%BAblico-line-808-Sao_Paulo-242-2038937-36419584-0,4.8,-23.414006,-46.75077,,,,1,2023-06-16T04:05:29+00:00
SAO_8200-10,São Paulo,3550308,True,,1263,,,-23.4991925,-46.710719999999995,,,,1,2023-06-16T04:05:41+00:00
SAO_172N-10,São Paulo,3550308,True,,664,,,-23.500959875,-46.6234115,,,,1,2023-06-16T04:05:41+00:00
SAO_172N-10,São Paulo,3550308,True,,664,,,-23.5044785,-46.5931255,,,,1,2023-06-16T04:05:47+00:00
SAO_172N-10,São Paulo,3550308,True,,664,,,-23.514826437500002,-46.598176875,,,,1,2023-06-16T04:05:52+00:00
SAO_8026-10,São Paulo,3550308,True,,34851,,,-23.632875,-46.7479035,,,,2,2023-06-16T04:05:49+00:00
SAO_8026-10,São Paulo,3550308,True,,34851,,,-23.5955065,-46.745703,,,,2,2023-06-16T04:05:36+00:00
SAO_8026-10,São Paulo,3550308,True,,34851,,,-23.631414499999998,-46.7489835,,,,2,2023-06-16T04:05:33+00:00
SAO_3134-10,São Paulo,3550308,True,,993,,,-23.587434625,-46.585917625,,,,1,2023-06-16T04:05:21+00:00
SAO_3134-10,São Paulo,3550308,True,,993,,,-23.56890625,-46.508390500000004,,,,1,2023-06-16T04:05:27+00:00
SAO_3134-10,São Paulo,3550308,True,,993,,,-23.5776135,-46.54740075,,,,1,2023-06-16T04:05:55+00:00
SAO_372F-10,São Paulo,3550308,True,,1015,,,-23.552103000000002,-46.598889,,,,1,2023-06-16T04:05:51+00:00
SAO_372F-10,São Paulo,3550308,True,,1015,,,-23.54634425,-46.60539125,,,,1,2023-06-16T04:05:37+00:00
SAO_372F-10,São Paulo,3550308,True,,1015,,,-23.552103000000002,-46.598889,,,,1,2023-06-16T04:06:01+00:00
SAO_4015-10,São Paulo,3550308,True,,2188,,,-23.613228499999998,-46.476530999999994,,,,1,2023-06-16T04:05:56+00:00
SAO_4015-10,São Paulo,3550308,True,,2188,,,-23.613228499999998,-46.476530999999994,,,,1,2023-06-16T04:05:51+00:00
SAO_4015-10,São Paulo,3550308,True,,2188,,,-23.633635249999998,-46.469699,,,,1,2023-06-16T04:05:59+00:00
SAO_978A-10,São Paulo,3550308,True,,1369,,,-23.49493225,-46.684929,,,,1,2023-06-16T04:05:49+00:00
SAO_978A-10,São Paulo,3550308,True,,1369,,,-23.516460375,-46.685438500000004,,,,1,2023-06-16T04:05:57+00:00
SAO_978A-10,São Paulo,3550308,True,,1369,,,-23.4756295,-46.6704885,,,,1,2023-06-16T04:05:19+00:00
SAO_978A-10,São Paulo,3550308,True,,1369,,,-23.4756295,-46.6704885,,,,1,2023-06-16T04:05:26+00:00
SAO_527R-10,São Paulo,3550308,True,,271,,,-23.656916250000002,-46.701055499999995,,,,1,2023-06-16T04:05:21+00:00
SAO_527R-10,São Paulo,3550308,True,,271,,,-23.6756785,-46.6504555,,,,1,2023-06-16T04:05:19+00:00
SAO_527R-10,São Paulo,3550308,True,,271,,,-23.659834,-46.67790575,,,,1,2023-06-16T04:05:21+00:00
SAO_527R-10,São Paulo,3550308,True,,271,,,-23.6756785,-46.6504555,,,,1,2023-06-16T04:02:34+00:00
SAO_2626-10,São Paulo,3550308,True,EMTU,376,https://moovitapp.com/index/pt-br/transporte_p%C3%BAblico-line-376-Sao_Paulo-242-2038937-114744732-0,5.1,-23.5131005,-46.40240675,,,,1,2023-06-16T04:05:46+00:00
SAO_2626-10,São Paulo,3550308,True,EMTU,376,https://moovitapp.com/index/pt-br/transporte_p%C3%BAblico-line-376-Sao_Paulo-242-2038937-114744732-0,5.1,-23.54620025,-46.63007,,,,1,2023-06-16T04:05:44+00:00
SAO_2626-10,São Paulo,3550308,True,EMTU,376,https://moovitapp.com/index/pt-br/transporte_p%C3%BAblico-line-376-Sao_Paulo-242-2038937-114744732-0,5.1,-23.510765499999998,-46.499801,,,,1,2023-06-16T04:05:49+00:00
SAO_2626-10,São Paulo,3550308,True,EMTU,376,https://moovitapp.com/index/pt-br/transporte_p%C3%BAblico-line-376-Sao_Paulo-242-2038937-114744732-0,5.1,-23.5237645,-46.410553500000006,,,,1,2023-06-16T04:05:26+00:00
SAO_2626-10,São Paulo,3550308,True,EMTU,376,https://moovitapp.com/index/pt-br/transporte_p%C3%BAblico-line-376-Sao_Paulo-242-2038937-114744732-0,5.1,-23.5456715,-46.630392,,,,1,2023-06-16T04:05:39+00:00
SAO_2626-10,São Paulo,3550308,True,EMTU,376,https://moovitapp.com/index/pt-br/transporte_p%C3%BAblico-line-376-Sao_Paulo-242-2038937-114744732-0,5.1,-23.5237645,-46.410553500000006,,,,1,2023-06-16T04:05:44+00:00
SAO_3718-10,São Paulo,3550308,True,,33781,,,-23.541107,-46.4847105,,,,2,2023-06-16T04:05:28+00:00
SAO_3718-10,São Paulo,3550308,True,,33781,,,-23.55584225,-46.4844563125,,,,2,2023-06-16T04:05:47+00:00
SAO_3718-10,São Paulo,3550308,True,,33781,,,-23.5488365,-46.4832945,,,,2,2023-06-16T04:05:28+00:00
SAO_3718-10,São Paulo,3550308,True,,33781,,,-23.541107,-46.4847105,,,,2,2023-06-16T04:05:38+00:00
SAO_3718-10,São Paulo,3550308,True,,33781,,,-23.54262825,-46.4833925,,,,2,2023-06-16T04:06:05+00:00
SAO_573A-10,São Paulo,3550308,True,,1637,,,-23.5472225,-46.60696,,,,1,2023-06-16T04:05:22+00:00
SAO_573A-10,São Paulo,3550308,True,,1637,,,-23.548945,-46.60593862499999,,,,1,2023-06-16T04:05:21+00:00
SAO_573A-10,São Paulo,3550308,True,,1637,,,-23.573312,-46.587543,,,,1,2023-06-16T04:00:16+00:00
SAO_573A-10,São Paulo,3550308,True,,1637,,,-23.5976405,-46.560338,,,,1,2023-06-16T04:05:17+00:00
SAO_695Y-41,São Paulo,3550308,True,,1199,,,-23.828025500000003,-46.7271865,,,,1,2023-06-16T04:05:48+00:00
SAO_4717-10,São Paulo,3550308,True,EMTU,335,https://moovitapp.com/index/pt-br/transporte_p%C3%BAblico-line-335-Sao_Paulo-242-2038937-36419420-0,5.35,-23.61684275,-46.61788850000001,,,,1,2023-06-16T04:05:36+00:00
SAO_3009-10,São Paulo,3550308,True,,35294,,,-23.503956000000002,-46.4005025,,,,2,2023-06-16T04:02:33+00:00
SAO_9188-10,São Paulo,3550308,True,,33577,,,-23.4472625,-46.727523874999996,,,,2,2023-06-16T04:05:26+00:00
SAO_9188-10,São Paulo,3550308,True,,33577,,,-23.492798999999998,-46.7096065,,,,2,2023-06-16T04:05:51+00:00
SAO_5705-10,São Paulo,3550308,True,,34425,,,-23.568452,-46.6399845,,,,2,2023-06-16T04:06:01+00:00
SAO_5705-10,São Paulo,3550308,True,,34425,,,-23.603656,-46.6035635,,,,2,2023-06-16T04:05:59+00:00
SAO_819A-10,São Paulo,3550308,True,Rápido Campinas,803,https://moovitapp.com/index/pt-br/transporte_p%C3%BAblico-line-803-Sao_Paulo-242-858660-544941-0,5.3,-23.438405,-46.748092,,,,1,2023-06-16T04:05:16+00:00
SAO_819A-10,São Paulo,3550308,True,Rápido Campinas,803,https://moovitapp.com/index/pt-br/transporte_p%C3%BAblico-line-803-Sao_Paulo-242-858660-544941-0,5.3,-23.464762999999998,-46.6797545,,,,1,2023-06-16T04:05:44+00:00
SAO_819A-10,São Paulo,3550308,True,Rápido Campinas,803,https://moovitapp.com/index/pt-br/transporte_p%C3%BAblico-line-803-Sao_Paulo-242-858660-544941-0,5.3,-23.448071499999998,-46.734787499999996,,,,1,2023-06-16T04:05:31+00:00
SAO_819A-10,São Paulo,3550308,True,Rápido Campinas,803,https://moovitapp.com/index/pt-br/transporte_p%C3%BAblico-line-803-Sao_Paulo-242-858660-544941-0,5.3,-23.435579,-46.7533815,,,,1,2023-06-16T04:05:46+00:00
SAO_746K-10,São Paulo,3550308,True,,33555,,,-23.6187375,-46.722241,,,,2,2023-06-16T04:05:58+00:00
SAO_746K-10,São Paulo,3550308,True,,33555,,,-23.624859,-46.717432,,,,2,2023-06-16T04:05:51+00:00
SAO_746K-10,São Paulo,3550308,True,,33555,,,-23.62004075,-46.69370075,,,,2,2023-06-16T04:05:54+00:00
SAO_746K-10,São Paulo,3550308,True,,33555,,,-23.6187375,-46.722241,,,,2,2023-06-16T04:05:36+00:00
SAO_7060-10,São Paulo,3550308,True,,1889,,,-23.67602,-46.789260999999996,,,,1,2023-06-16T04:05:59+00:00
SAO_7060-10,São Paulo,3550308,True,,1889,,,-23.6670765,-46.7837045,,,,1,2023-06-16T04:05:37+00:00
SAO_7060-10,São Paulo,3550308,True,,1889,,,-23.653551,-46.777357,,,,1,2023-06-16T04:05:43+00:00
SAO_3462-10,São Paulo,3550308,True,EMTU,247,https://moovitapp.com/index/pt-br/transporte_p%C3%BAblico-line-247-Sao_Paulo-242-2038937-36419359-0,6.55,-23.53909725,-46.57010925,,,,1,2023-06-16T04:05:26+00:00
SAO_3462-10,São Paulo,3550308,True,EMTU,247,https://moovitapp.com/index/pt-br/transporte_p%C3%BAblico-line-247-Sao_Paulo-242-2038937-36419359-0,6.55,-23.536016500000002,-46.467442500000004,,,,1,2023-06-16T04:05:59+00:00
SAO_6043-10,São Paulo,3550308,True,,33988,,,-23.65948625,-46.75426775,,,,2,2023-06-16T04:05:53+00:00
SAO_6043-10,São Paulo,3550308,True,,33988,,,-23.659166,-46.746382499999996,,,,2,2023-06-16T04:05:43+00:00
SAO_6043-10,São Paulo,3550308,True,,33988,,,-23.65985575,-46.754189,,,,2,2023-06-16T04:05:31+00:00
SAO_6043-10,São Paulo,3550308,True,,33988,,,-23.65985575,-46.754189,,,,2,2023-06-16T04:05:43+00:00
SAO_6043-10,São Paulo,3550308,True,,33988,,,-23.649034625,-46.722080375000004,,,,2,2023-06-16T04:06:01+00:00
SAO_364A-10,São Paulo,3550308,True,,34014,,,-23.6103385,-46.504113000000004,,,,2,2023-06-16T04:05:54+00:00
SAO_364A-10,São Paulo,3550308,True,,34014,,,-23.582551,-46.56577,,,,2,2023-06-16T04:06:03+00:00
SAO_364A-10,São Paulo,3550308,True,,34014,,,-23.5847285,-46.611627500000004,,,,2,2023-06-16T04:05:58+00:00
SAO_364A-10,São Paulo,3550308,True,,34014,,,-23.5689645,-46.504851,,,,2,2023-06-16T04:05:35+00:00
SAO_364A-10,São Paulo,3550308,True,,34014,,,-23.583541125,-46.608267999999995,,,,2,2023-06-16T04:05:34+00:00
SAO_364A-10,São Paulo,3550308,True,,34014,,,-23.5847285,-46.611627500000004,,,,2,2023-06-16T04:06:03+00:00
SAO_4222-10,São Paulo,3550308,True,,33056,,,-23.5858385,-46.589183,,,,2,2023-06-16T04:05:41+00:00
SAO_4222-10,São Paulo,3550308,True,,33056,,,-23.6031125,-46.529022999999995,,,,2,2023-06-16T04:06:02+00:00
SAO_2021-10,São Paulo,3550308,True,,33674,,,-23.540561750000002,-46.400431,,,,2,2023-06-16T04:05:30+00:00
SAO_2021-10,São Paulo,3550308,True,,33674,,,-23.544623,-46.390209999999996,,,,2,2023-06-16T04:05:57+00:00
SAO_9023-10,São Paulo,3550308,True,,1437,,,-23.485809000000003,-46.726257125,,,,1,2023-06-16T04:05:39+00:00
SAO_2079-10,São Paulo,3550308,True,,33138,,,-23.494310499999997,-46.402223,,,,2,2023-06-16T04:05:49+00:00
SAO_2079-10,São Paulo,3550308,True,,33138,,,-23.5097455,-46.384662500000005,,,,2,2023-06-16T04:05:19+00:00
SAO_2079-10,São Paulo,3550308,True,,33138,,,-23.494310499999997,-46.402223,,,,2,2023-06-16T04:05:49+00:00
SAO_2727-10,São Paulo,3550308,True,,33710,,,-23.521929,-46.4574135,,,,2,2023-06-16T04:05:50+00:00
SAO_2727-10,São Paulo,3550308,True,,33710,,,-23.521929,-46.4574135,,,,2,2023-06-16T04:05:41+00:00
SAO_2727-10,São Paulo,3550308,True,,33710,,,-23.540062499999998,-46.482594375,,,,2,2023-06-16T04:05:20+00:00
SAO_2727-10,São Paulo,3550308,True,,33710,,,-23.521929,-46.4574135,,,,2,2023-06-16T04:05:19+00:00
SAO_2727-10,São Paulo,3550308,True,,33710,,,-23.5282615,-46.465314,,,,2,2023-06-16T04:05:59+00:00
SAO_2727-10,São Paulo,3550308,True,,33710,,,-23.521929,-46.4574135,,,,2,2023-06-16T04:05:38+00:00
SAO_2727-10,São Paulo,3550308,True,,33710,,,-23.540062499999998,-46.482594375,,,,2,2023-06-16T04:05:46+00:00
SAO_172K-10,São Paulo,3550308,True,,33625,,,-23.540014625,-46.585212874999996,,,,2,2023-06-16T04:06:02+00:00
SAO_172K-10,São Paulo,3550308,True,,33625,,,-23.456100499999998,-46.59466,,,,2,2023-06-16T04:05:41+00:00
SAO_172K-10,São Paulo,3550308,True,,33625,,,-23.456100499999998,-46.59466,,,,2,2023-06-16T04:05:53+00:00
SAO_172K-10,São Paulo,3550308,True,,33625,,,-23.461714,-46.60282599999999,,,,2,2023-06-16T04:05:41+00:00
SAO_172K-10,São Paulo,3550308,True,,33625,,,-23.456327,-46.5947025,,,,2,2023-06-16T04:06:02+00:00
SAO_172K-10,São Paulo,3550308,True,,33625,,,-23.456327,-46.5947025,,,,2,2023-06-16T04:05:25+00:00
SAO_172K-10,São Paulo,3550308,True,,33625,,,-23.482828249999997,-46.590039000000004,,,,2,2023-06-16T04:05:57+00:00
SAO_172K-10,São Paulo,3550308,True,,33625,,,-23.51989375,-46.59083925,,,,2,2023-06-16T04:06:02+00:00
SAO_9002-10,São Paulo,3550308,True,,870,,,-23.4579405,-46.6705775,,,,1,2023-06-16T04:05:59+00:00
SAO_9002-10,São Paulo,3550308,True,,870,,,-23.459105,-46.66711525,,,,1,2023-06-16T04:06:00+00:00
SAO_2735-10,São Paulo,3550308,True,,34689,,,-23.497129,-46.524735,,,,2,2023-06-16T04:05:22+00:00
SAO_2735-10,São Paulo,3550308,True,,34689,,,-23.518318,-46.5488475,,,,2,2023-06-16T04:05:45+00:00
SAO_2735-10,São Paulo,3550308,True,,34689,,,-23.481342,-46.49426675,,,,2,2023-06-16T04:05:30+00:00
SAO_476G-41,São Paulo,3550308,True,,1112,,,-23.6102795,-46.5296235,,,,1,2023-06-16T04:05:51+00:00
SAO_476G-41,São Paulo,3550308,True,,1112,,,-23.5920555,-46.566137999999995,,,,1,2023-06-16T04:05:57+00:00
SAO_476G-41,São Paulo,3550308,True,,1112,,,-23.6102795,-46.5296235,,,,1,2023-06-16T04:05:28+00:00
SAO_476G-41,São Paulo,3550308,True,,1112,,,-23.578443,-46.62550675,,,,1,2023-06-16T04:05:35+00:00
SAO_938C-10,São Paulo,3550308,True,,33354,,,-23.4435605,-46.7129695,,,,2,2023-06-16T04:06:01+00:00
SAO_938C-10,São Paulo,3550308,True,,33354,,,-23.4593245,-46.719275499999995,,,,2,2023-06-16T04:05:47+00:00
SAO_938C-10,São Paulo,3550308,True,,33354,,,-23.4435605,-46.7129695,,,,2,2023-06-16T04:06:01+00:00
SAO_938C-10,São Paulo,3550308,True,,33354,,,-23.522750124999998,-46.6915385625,,,,2,2023-06-16T04:05:35+00:00
SAO_1721-10,São Paulo,3550308,True,,666,,,-23.500975,-46.61427,,,,1,2023-06-16T04:05:47+00:00
SAO_1721-10,São Paulo,3550308,True,,666,,,-23.4906505,-46.5771625,,,,1,2023-06-16T04:06:00+00:00
SAO_8013-10,São Paulo,3550308,True,,33568,,,-23.50751175,-46.741297,,,,2,2023-06-16T04:05:28+00:00
SAO_8013-10,São Paulo,3550308,True,,33568,,,-23.435618625,-46.7861755,,,,2,2023-06-16T04:05:19+00:00
SAO_8013-10,São Paulo,3550308,True,,33568,,,-23.4837795,-46.7699185,,,,2,2023-06-16T04:05:44+00:00
SAO_8013-10,São Paulo,3550308,True,,33568,,,-23.4315405,-46.7867875,,,,2,2023-06-16T04:05:45+00:00
SAO_4007-10,São Paulo,3550308,True,,34949,,,-23.557001,-46.4716195,,,,2,2023-06-16T04:05:55+00:00
SAO_4007-10,São Paulo,3550308,True,,34949,,,-23.565451,-46.3961775,,,,2,2023-06-16T04:05:44+00:00
SAO_4007-10,São Paulo,3550308,True,,34949,,,-23.558581500000003,-46.522422,,,,2,2023-06-16T04:05:33+00:00
SAO_4007-10,São Paulo,3550308,True,,34949,,,-23.565348,-46.396322,,,,2,2023-06-16T04:05:52+00:00
SAO_7051-10,São Paulo,3550308,True,,1885,,,-23.655096,-46.7838845,,,,1,2023-06-16T04:05:55+00:00
SAO_7051-10,São Paulo,3550308,True,,1885,,,-23.655096,-46.7838845,,,,1,2023-06-16T04:05:34+00:00
SAO_7051-10,São Paulo,3550308,True,,1885,,,-23.655096,-46.7838845,,,,1,2023-06-16T04:05:45+00:00
SAO_7051-10,São Paulo,3550308,True,,1885,,,-23.6316405,-46.772316,,,,1,2023-06-16T04:05:26+00:00
SAO_7051-10,São Paulo,3550308,True,,1885,,,-23.655096,-46.7838845,,,,1,2023-06-16T04:05:47+00:00
SAO_263J-10,São Paulo,3550308,True,,32987,,,-23.51943525,-46.5243215,,,,2,2023-06-16T04:05:55+00:00
SAO_263J-10,São Paulo,3550308,True,,32987,,,-23.5076175,-46.4778793125,,,,2,2023-06-16T04:05:59+00:00
SAO_263J-10,São Paulo,3550308,True,,32987,,,-23.5507025,-46.436319999999995,,,,2,2023-06-16T04:04:43+00:00
SAO_263J-10,São Paulo,3550308,True,,32987,,,-23.5345585,-46.4564785,,,,2,2023-06-16T04:05:48+00:00
SAO_8050-10,São Paulo,3550308,True,,33180,,,-23.5193455,-46.702147,,,,2,2023-06-16T04:05:22+00:00
SAO_8050-10,São Paulo,3550308,True,,33180,,,-23.4784035,-46.77013425,,,,2,2023-06-16T04:04:32+00:00
SAO_8050-10,São Paulo,3550308,True,,33180,,,-23.504536,-46.752384,,,,2,2023-06-16T04:05:16+00:00
SAO_8050-10,São Paulo,3550308,True,,33180,,,-23.521752,-46.7185675,,,,2,2023-06-16T04:05:57+00:00
SAO_6418-10,São Paulo,3550308,True,,33539,,,-23.615838500000002,-46.702674,,,,2,2023-06-16T04:05:22+00:00
SAO_4310-10,São Paulo,3550308,True,,2160,,,-23.547369,-46.630520000000004,,,,1,2023-06-16T04:05:53+00:00
SAO_4310-10,São Paulo,3550308,True,,2160,,,-23.55282675,-46.6140955,,,,1,2023-06-16T04:05:40+00:00
SAO_4310-10,São Paulo,3550308,True,,2160,,,-23.530538,-46.518772,,,,1,2023-06-16T04:05:58+00:00
SAO_4310-10,São Paulo,3550308,True,,2160,,,-23.537225749999998,-46.4557765,,,,1,2023-06-16T04:05:57+00:00
SAO_4310-10,São Paulo,3550308,True,,2160,,,-23.545514,-46.5983455,,,,1,2023-06-16T04:06:02+00:00
SAO_4310-10,São Paulo,3550308,True,,2160,,,-23.535698,-46.493090249999995,,,,1,2023-06-16T04:05:28+00:00
SAO_4310-10,São Paulo,3550308,True,,2160,,,-23.543087,-46.62823950000001,,,,1,2023-06-16T04:05:48+00:00
SAO_4310-10,São Paulo,3550308,True,,2160,,,-23.537083125000002,-46.559342375,,,,1,2023-06-16T04:05:45+00:00
SAO_4310-10,São Paulo,3550308,True,,2160,,,-23.534623,-46.4529845,,,,1,2023-06-16T04:05:39+00:00
SAO_2058-10,São Paulo,3550308,True,,33027,,,-23.5354355,-46.4019375,,,,2,2023-06-16T04:05:46+00:00
SAO_2058-10,São Paulo,3550308,True,,33027,,,-23.5001035,-46.406141,,,,2,2023-06-16T04:05:53+00:00
SAO_2058-10,São Paulo,3550308,True,,33027,,,-23.4916275,-46.435055000000006,,,,2,2023-06-16T04:05:47+00:00
SAO_809J-10,São Paulo,3550308,True,,2066,,,-23.601063,-46.7150175,,,,1,2023-06-16T04:05:23+00:00
SAO_8538-10,São Paulo,3550308,True,,34127,,,-23.476180999999997,-46.7109305,,,,2,2023-06-16T04:05:34+00:00
SAO_8538-10,São Paulo,3550308,True,,34127,,,-23.5397245,-46.6367075,,,,2,2023-06-16T04:05:27+00:00
SAO_4024-10,São Paulo,3550308,True,,34926,,,-23.551577375,-46.426272624999996,,,,2,2023-06-16T04:05:25+00:00
SAO_4024-10,São Paulo,3550308,True,,34926,,,-23.5406495,-46.447179000000006,,,,2,2023-06-16T04:05:48+00:00
SAO_9014-10,São Paulo,3550308,True,,34193,,,-23.515402,-46.69489875000001,,,,2,2023-06-16T04:05:49+00:00
SAO_9014-10,São Paulo,3550308,True,,34193,,,-23.500448125,-46.694368874999995,,,,2,2023-06-16T04:05:42+00:00
SAO_9014-10,São Paulo,3550308,True,,34193,,,-23.4734295,-46.7078705,,,,2,2023-06-16T04:05:48+00:00
SAO_9014-10,São Paulo,3550308,True,,34193,,,-23.473268,-46.707901500000006,,,,2,2023-06-16T04:05:44+00:00
SAO_6080-10,São Paulo,3550308,True,,33936,,,-23.756238500000002,-46.669761,,,,2,2023-06-16T04:05:39+00:00
SAO_6080-10,São Paulo,3550308,True,,33936,,,-23.710868125,-46.699293624999996,,,,2,2023-06-16T04:06:00+00:00
SAO_6080-10,São Paulo,3550308,True,,33936,,,-23.7604385,-46.677518000000006,,,,2,2023-06-16T04:06:02+00:00
SAO_6080-10,São Paulo,3550308,True,,33936,,,-23.668704499999997,-46.677477999999994,,,,2,2023-06-16T04:05:55+00:00
SAO_546L-41,São Paulo,3550308,True,,1286,,,-23.6888795,-46.6381435,,,,1,2023-06-16T04:05:42+00:00
SAO_6046-10,São Paulo,3550308,True,,33991,,,-23.6603905,-46.767596,,,,2,2023-06-16T04:05:32+00:00
SAO_6046-10,São Paulo,3550308,True,,33991,,,-23.64842525,-46.749457,,,,2,2023-06-16T04:05:31+00:00
SAO_6046-10,São Paulo,3550308,True,,33991,,,-23.684497999999998,-46.781904499999996,,,,2,2023-06-16T04:05:26+00:00
SAO_4052-10,São Paulo,3550308,True,,2145,,,-23.53697275,-46.4554635,,,,1,2023-06-16T04:02:14+00:00
SAO_5025-10,São Paulo,3550308,True,,34332,,,-23.60857425,-46.54131325,,,,2,2023-06-16T04:06:02+00:00
SAO_5025-10,São Paulo,3550308,True,,34332,,,-23.6088605,-46.5415495,,,,2,2023-06-16T04:05:56+00:00
SAO_5025-10,São Paulo,3550308,True,,34332,,,-23.5962945,-46.568841000000006,,,,2,2023-06-16T04:05:30+00:00
SAO_3134-10,São Paulo,3550308,True,,33761,,,-23.5634675,-46.505427,,,,2,2023-06-16T04:05:23+00:00
SAO_3134-10,São Paulo,3550308,True,,33761,,,-23.5630785,-46.5055855,,,,2,2023-06-16T04:05:43+00:00
SAO_3134-10,São Paulo,3550308,True,,33761,,,-23.563653000000002,-46.5053565,,,,2,2023-06-16T04:05:34+00:00
SAO_3134-10,São Paulo,3550308,True,,33761,,,-23.5841165,-46.528879,,,,2,2023-06-16T04:05:28+00:00
SAO_3134-10,São Paulo,3550308,True,,33761,,,-23.5630785,-46.5055855,,,,2,2023-06-16T04:05:26+00:00
SAO_3134-10,São Paulo,3550308,True,,33761,,,-23.583910125000003,-46.5295845,,,,2,2023-06-16T04:05:38+00:00
SAO_3134-10,São Paulo,3550308,True,,33761,,,-23.595446625,-46.585520375,,,,2,2023-06-16T04:06:01+00:00
SAO_3031-10,São Paulo,3550308,True,,967,,,-23.610570250000002,-46.45003975,,,,1,2023-06-16T04:05:34+00:00
SAO_3031-10,São Paulo,3550308,True,,967,,,-23.5693275,-46.446983,,,,1,2023-06-16T04:05:26+00:00
SAO_6816-31,São Paulo,3550308,True,,34516,,,-23.659132,-46.767022499999996,,,,2,2023-06-16T04:06:00+00:00
SAO_1743-10,São Paulo,3550308,True,EMTU,543,https://moovitapp.com/index/pt-br/transporte_p%C3%BAblico-line-543-Sao_Paulo-242-2038937-36419552-0,5.15,-23.469407,-46.655289,,,,1,2023-06-16T04:05:52+00:00
SAO_1743-10,São Paulo,3550308,True,EMTU,543,https://moovitapp.com/index/pt-br/transporte_p%C3%BAblico-line-543-Sao_Paulo-242-2038937-36419552-0,5.15,-23.455666,-46.6677895,,,,1,2023-06-16T04:05:54+00:00
SAO_1743-10,São Paulo,3550308,True,EMTU,543,https://moovitapp.com/index/pt-br/transporte_p%C3%BAblico-line-543-Sao_Paulo-242-2038937-36419552-0,5.15,-23.4998425,-46.62548925,,,,1,2023-06-16T04:05:41+00:00
SAO_1743-10,São Paulo,3550308,True,EMTU,543,https://moovitapp.com/index/pt-br/transporte_p%C3%BAblico-line-543-Sao_Paulo-242-2038937-36419552-0,5.15,-23.455666,-46.6677895,,,,1,2023-06-16T04:05:54+00:00
SAO_4025-10,São Paulo,3550308,True,,33863,,,-23.593893,-46.5567815,,,,2,2023-06-16T04:05:22+00:00
SAO_4025-10,São Paulo,3550308,True,,33863,,,-23.607765625,-46.554057625,,,,2,2023-06-16T04:05:40+00:00
SAO_4025-10,São Paulo,3550308,True,,33863,,,-23.60930975,-46.55705725,,,,2,2023-06-16T04:05:32+00:00
SAO_4025-10,São Paulo,3550308,True,,33863,,,-23.584286,-46.5815445,,,,2,2023-06-16T04:05:27+00:00
SAO_4025-10,São Paulo,3550308,True,,33863,,,-23.5539225,-46.577068499999996,,,,2,2023-06-16T04:06:04+00:00
SAO_4025-10,São Paulo,3550308,True,,33863,,,-23.607989375000002,-46.553975375,,,,2,2023-06-16T04:05:57+00:00
SAO_4025-10,São Paulo,3550308,True,,33863,,,-23.607989375000002,-46.553975375,,,,2,2023-06-16T04:05:48+00:00
SAO_3063-10,São Paulo,3550308,True,,33021,,,-23.59419625,-46.42337975,,,,2,2023-06-16T04:05:50+00:00
SAO_3063-10,São Paulo,3550308,True,,33021,,,-23.55722875,-46.39993375,,,,2,2023-06-16T04:05:28+00:00
SAO_3063-10,São Paulo,3550308,True,,33021,,,-23.6138775,-46.476696000000004,,,,2,2023-06-16T04:05:41+00:00
SAO_3063-10,São Paulo,3550308,True,,33021,,,-23.558238,-46.399558999999996,,,,2,2023-06-16T04:05:25+00:00
SAO_3063-10,São Paulo,3550308,True,,33021,,,-23.611961,-46.4750065,,,,2,2023-06-16T04:05:42+00:00
SAO_3063-10,São Paulo,3550308,True,,33021,,,-23.610107,-46.474199999999996,,,,2,2023-06-16T04:05:16+00:00
SAO_3063-10,São Paulo,3550308,True,,33021,,,-23.557927,-46.399613,,,,2,2023-06-16T04:05:43+00:00
SAO_3902-10,São Paulo,3550308,True,,1470,,,-23.512422,-46.411766,,,,1,2023-06-16T04:05:46+00:00
SAO_3902-10,São Paulo,3550308,True,,1470,,,-23.51016125,-46.392934249999996,,,,1,2023-06-16T04:05:26+00:00
SAO_5702-10,São Paulo,3550308,True,,1137,,,-23.698729999999998,-46.6457525,,,,1,2023-06-16T04:05:32+00:00
SAO_5702-10,São Paulo,3550308,True,,1137,,,-23.689224,-46.6354665,,,,1,2023-06-16T04:05:43+00:00
SAO_8016-10,São Paulo,3550308,True,,1346,,,-23.4441175,-46.735325,,,,1,2023-06-16T04:05:57+00:00
SAO_8016-10,São Paulo,3550308,True,,1346,,,-23.4441175,-46.735325,,,,1,2023-06-16T04:05:28+00:00
SAO_8016-10,São Paulo,3550308,True,,1346,,,-23.4441175,-46.735325,,,,1,2023-06-16T04:05:25+00:00
SAO_1701-21,São Paulo,3550308,True,,35244,,,-23.455039999999997,-46.5838555,,,,2,2023-06-16T04:04:52+00:00
SAO_1701-21,São Paulo,3550308,True,,35244,,,-23.480422500000003,-46.602635500000005,,,,2,2023-06-16T04:05:53+00:00
SAO_9166-10,São Paulo,3550308,True,,33475,,,-23.4621695,-46.670120999999995,,,,2,2023-06-16T04:05:52+00:00
SAO_5107-10,São Paulo,3550308,True,,1659,,,-23.603453000000002,-46.6026665,,,,1,2023-06-16T04:05:34+00:00
SAO_5107-10,São Paulo,3550308,True,,1659,,,-23.574648375,-46.610721125,,,,1,2023-06-16T04:05:43+00:00
SAO_5107-10,São Paulo,3550308,True,,1659,,,-23.6034085,-46.6026285,,,,1,2023-06-16T04:05:40+00:00
SAO_2740-10,São Paulo,3550308,True,,1792,,,-23.4616585,-46.628899000000004,,,,1,2023-06-16T04:05:37+00:00
SAO_519M-10,São Paulo,3550308,True,,2211,,,-23.593414625,-46.560600750000006,,,,1,2023-06-16T04:05:11+00:00
SAO_3002-10,São Paulo,3550308,True,,1808,,,-23.4968895,-46.4381315,,,,1,2023-06-16T04:05:36+00:00
SAO_3002-10,São Paulo,3550308,True,,1808,,,-23.510468,-46.378808,,,,1,2023-06-16T04:02:41+00:00
SAO_3002-10,São Paulo,3550308,True,,1808,,,-23.510468,-46.378808,,,,1,2023-06-16T04:05:38+00:00
SAO_3002-10,São Paulo,3550308,True,,1808,,,-23.49718625,-46.39991175,,,,1,2023-06-16T04:05:59+00:00
SAO_3002-10,São Paulo,3550308,True,,1808,,,-23.510468,-46.378808,,,,1,2023-06-16T04:04:59+00:00
SAO_9090-10,São Paulo,3550308,True,,33652,,,-23.462843874999997,-46.676674625000004,,,,2,2023-06-16T04:05:26+00:00
SAO_9090-10,São Paulo,3550308,True,,33652,,,-23.462843874999997,-46.676674625000004,,,,2,2023-06-16T04:05:26+00:00
SAO_9090-10,São Paulo,3550308,True,,33652,,,-23.4790265,-46.673203,,,,2,2023-06-16T04:05:25+00:00
SAO_4708-10,São Paulo,3550308,True,,33100,,,-23.639317499999997,-46.607468,,,,2,2023-06-16T04:05:28+00:00
SAO_4708-10,São Paulo,3550308,True,,33100,,,-23.589713,-46.6346825,,,,2,2023-06-16T04:05:49+00:00
SAO_2756-10,São Paulo,3550308,True,EMTU,238,https://moovitapp.com/index/pt-br/transporte_p%C3%BAblico-line-238-Sao_Paulo-242-2038937-36419351-0,4.85,-23.542133,-46.4148525,,,,1,2023-06-16T04:04:32+00:00
SAO_2756-10,São Paulo,3550308,True,EMTU,238,https://moovitapp.com/index/pt-br/transporte_p%C3%BAblico-line-238-Sao_Paulo-242-2038937-36419351-0,4.85,-23.544459500000002,-46.390429999999995,,,,1,2023-06-16T04:05:27+00:00
SAO_2769-10,São Paulo,3550308,True,,397,,,-23.511367,-46.500653,,,,1,2023-06-16T04:05:47+00:00
SAO_609F-10,São Paulo,3550308,True,BR7 Mobilidade,37,https://moovitapp.com/index/pt-br/transporte_p%C3%BAblico-line-37-Sao_Paulo-242-851856-596010-0,5.75,-23.53471425,-46.64500699999999,,,,1,2023-06-16T04:05:39+00:00
SAO_609F-10,São Paulo,3550308,True,BR7 Mobilidade,37,https://moovitapp.com/index/pt-br/transporte_p%C3%BAblico-line-37-Sao_Paulo-242-851856-596010-0,5.75,-23.57703,-46.6713885,,,,1,2023-06-16T04:05:35+00:00
SAO_609F-10,São Paulo,3550308,True,BR7 Mobilidade,37,https://moovitapp.com/index/pt-br/transporte_p%C3%BAblico-line-37-Sao_Paulo-242-851856-596010-0,5.75,-23.646588,-46.7304135,,,,1,2023-06-16T04:05:48+00:00
SAO_609F-10,São Paulo,3550308,True,BR7 Mobilidade,37,https://moovitapp.com/index/pt-br/transporte_p%C3%BAblico-line-37-Sao_Paulo-242-851856-596010-0,5.75,-23.580554499999998,-46.682097,,,,1,2023-06-16T04:05:57+00:00
SAO_609F-10,São Paulo,3550308,True,BR7 Mobilidade,37,https://moovitapp.com/index/pt-br/transporte_p%C3%BAblico-line-37-Sao_Paulo-242-851856-596010-0,5.75,-23.6680755,-46.748797,,,,1,2023-06-16T04:05:43+00:00
SAO_609F-10,São Paulo,3550308,True,BR7 Mobilidade,37,https://moovitapp.com/index/pt-br/transporte_p%C3%BAblico-line-37-Sao_Paulo-242-851856-596010-0,5.75,-23.541876000000002,-46.634409500000004,,,,1,2023-06-16T04:05:45+00:00
SAO_609F-10,São Paulo,3550308,True,BR7 Mobilidade,37,https://moovitapp.com/index/pt-br/transporte_p%C3%BAblico-line-37-Sao_Paulo-242-851856-596010-0,5.75,-23.668001500000003,-46.7491535,,,,1,2023-06-16T04:05:44+00:00
SAO_609F-10,São Paulo,3550308,True,BR7 Mobilidade,37,https://moovitapp.com/index/pt-br/transporte_p%C3%BAblico-line-37-Sao_Paulo-242-851856-596010-0,5.75,-23.65399,-46.7410835,,,,1,2023-06-16T04:06:02+00:00
SAO_609F-10,São Paulo,3550308,True,BR7 Mobilidade,37,https://moovitapp.com/index/pt-br/transporte_p%C3%BAblico-line-37-Sao_Paulo-242-851856-596010-0,5.75,-23.6680755,-46.748797,,,,1,2023-06-16T04:05:27+00:00
SAO_263C-10,São Paulo,3550308,True,EMTU,252,https://moovitapp.com/index/pt-br/transporte_p%C3%BAblico-line-252-Sao_Paulo-242-2038937-36419363-0,6.8,-23.5432865,-46.4104485,,,,1,2023-06-16T04:05:59+00:00
SAO_263C-10,São Paulo,3550308,True,EMTU,252,https://moovitapp.com/index/pt-br/transporte_p%C3%BAblico-line-252-Sao_Paulo-242-2038937-36419363-0,6.8,-23.53939075,-46.4398695,,,,1,2023-06-16T04:05:31+00:00
SAO_263C-10,São Paulo,3550308,True,EMTU,252,https://moovitapp.com/index/pt-br/transporte_p%C3%BAblico-line-252-Sao_Paulo-242-2038937-36419363-0,6.8,-23.53967,-46.439659,,,,1,2023-06-16T04:05:44+00:00
SAO_263C-10,São Paulo,3550308,True,EMTU,252,https://moovitapp.com/index/pt-br/transporte_p%C3%BAblico-line-252-Sao_Paulo-242-2038937-36419363-0,6.8,-23.49527875,-46.431802250000004,,,,1,2023-06-16T04:05:23+00:00
SAO_3735-41,São Paulo,3550308,True,,1920,,,-23.5497695,-46.4928965,,,,1,2023-06-16T04:06:01+00:00
SAO_3735-41,São Paulo,3550308,True,,1920,,,-23.54069575,-46.486464,,,,1,2023-06-16T04:05:35+00:00
SAO_809U-10,São Paulo,3550308,True,,2254,,,-23.532723124999997,-46.686710875,,,,1,2023-06-16T04:05:50+00:00
SAO_2175-10,São Paulo,3550308,True,,33465,,,-23.474255499999998,-46.56712,,,,2,2023-06-16T04:05:39+00:00
SAO_2175-10,São Paulo,3550308,True,,33465,,,-23.5383115,-46.601995,,,,2,2023-06-16T04:05:36+00:00
SAO_2175-10,São Paulo,3550308,True,,33465,,,-23.474255499999998,-46.56712,,,,2,2023-06-16T04:06:00+00:00
SAO_2175-10,São Paulo,3550308,True,,33465,,,-23.4740875,-46.566756999999996,,,,2,2023-06-16T04:05:47+00:00
SAO_875A-10,São Paulo,3550308,True,,609,,,-23.614879000000002,-46.638340125,,,,1,2023-06-16T04:05:51+00:00
SAO_875A-10,São Paulo,3550308,True,,609,,,-23.533734,-46.662614500000004,,,,1,2023-06-16T04:05:42+00:00
SAO_875A-10,São Paulo,3550308,True,,609,,,-23.536538,-46.680383,,,,1,2023-06-16T04:05:36+00:00
SAO_875A-10,São Paulo,3550308,True,,609,,,-23.628353,-46.662602500000006,,,,1,2023-06-16T04:05:31+00:00
SAO_875A-10,São Paulo,3550308,True,,609,,,-23.552126125,-46.657847875,,,,1,2023-06-16T04:05:55+00:00
SAO_938C-10,São Paulo,3550308,True,,586,,,-23.537114000000003,-46.643442,,,,1,2023-06-16T04:05:55+00:00
SAO_938C-10,São Paulo,3550308,True,,586,,,-23.448962,-46.717008,,,,1,2023-06-16T04:05:23+00:00
SAO_938C-10,São Paulo,3550308,True,,586,,,-23.510699,-46.705584,,,,1,2023-06-16T04:05:39+00:00
SAO_7013-10,São Paulo,3550308,True,,33543,,,-23.639699999999998,-46.7497905,,,,2,2023-06-16T04:05:32+00:00
SAO_7013-10,São Paulo,3550308,True,,33543,,,-23.623948,-46.764527,,,,2,2023-06-16T04:06:01+00:00
SAO_7013-10,São Paulo,3550308,True,,33543,,,-23.639699999999998,-46.7497905,,,,2,2023-06-16T04:05:49+00:00
SAO_7013-10,São Paulo,3550308,True,,33543,,,-23.6396455,-46.74996425,,,,2,2023-06-16T04:05:43+00:00
SAO_7004-10,São Paulo,3550308,True,,1992,,,-23.732263,-46.786442,,,,1,2023-06-16T04:05:33+00:00
SAO_7004-10,São Paulo,3550308,True,,1992,,,-23.713594,-46.7817455,,,,1,2023-06-16T04:05:54+00:00
SAO_7004-10,São Paulo,3550308,True,,1992,,,-23.7320815,-46.786311,,,,1,2023-06-16T04:05:34+00:00
SAO_7004-10,São Paulo,3550308,True,,1992,,,-23.667369,-46.728165,,,,1,2023-06-16T04:05:59+00:00
SAO_7004-10,São Paulo,3550308,True,,1992,,,-23.655556,-46.722323,,,,1,2023-06-16T04:05:32+00:00
SAO_7004-10,São Paulo,3550308,True,,1992,,,-23.7320815,-46.786311,,,,1,2023-06-16T04:06:02+00:00
SAO_7004-10,São Paulo,3550308,True,,1992,,,-23.74353425,-46.801079,,,,1,2023-06-16T04:05:36+00:00
SAO_7004-10,São Paulo,3550308,True,,1992,,,-23.732263,-46.786442,,,,1,2023-06-16T04:05:27+00:00
SAO_5034-10,São Paulo,3550308,True,,1663,,,-23.621416625000002,-46.602973875,,,,1,2023-06-16T04:05:31+00:00
SAO_5034-10,São Paulo,3550308,True,,1663,,,-23.649797999999997,-46.597156999999996,,,,1,2023-06-16T04:03:24+00:00
SAO_3768-10,São Paulo,3550308,True,,1056,,,-23.543579,-46.4254085,,,,1,2023-06-16T04:05:35+00:00
SAO_3768-10,São Paulo,3550308,True,,1056,,,-23.54224225,-46.43280825,,,,1,2023-06-16T04:05:28+00:00
SAO_3768-10,São Paulo,3550308,True,,1056,,,-23.586374,-46.38546675,,,,1,2023-06-16T04:05:19+00:00
SAO_3768-10,São Paulo,3550308,True,,1056,,,-23.5705685,-46.3973825,,,,1,2023-06-16T04:05:19+00:00
SAO_6059-10,São Paulo,3550308,True,,33994,,,-23.6802975,-46.743245,,,,2,2023-06-16T04:05:28+00:00
SAO_6059-10,São Paulo,3550308,True,,33994,,,-23.6802505,-46.7430045,,,,2,2023-06-16T04:05:20+00:00
SAO_6059-10,São Paulo,3550308,True,,33994,,,-23.677846000000002,-46.739831249999995,,,,2,2023-06-16T04:05:36+00:00
SAO_6059-10,São Paulo,3550308,True,,33994,,,-23.651659000000002,-46.7020375,,,,2,2023-06-16T04:05:49+00:00
SAO_8300-1,São Paulo,3550308,True,,2507,,,-23.519864499999997,-46.700969,,,,1,2023-06-16T04:05:59+00:00
SAO_8300-1,São Paulo,3550308,True,,2507,,,-23.520177500000003,-46.700295499999996,,,,1,2023-06-16T04:05:55+00:00
SAO_6028-10,São Paulo,3550308,True,,1211,,,-23.655837,-46.706608,,,,1,2023-06-16T04:05:51+00:00
SAO_6028-10,São Paulo,3550308,True,,1211,,,-23.6853125,-46.7368785,,,,1,2023-06-16T04:05:59+00:00
SAO_6028-10,São Paulo,3550308,True,,1211,,,-23.701850999999998,-46.7449765,,,,1,2023-06-16T04:05:27+00:00
SAO_6028-10,São Paulo,3550308,True,,1211,,,-23.6539175,-46.710299500000005,,,,1,2023-06-16T04:05:25+00:00
SAO_577T-10,São Paulo,3550308,True,,1291,,,-23.6681685,-46.651469,,,,1,2023-06-16T04:05:34+00:00
SAO_577T-10,São Paulo,3550308,True,,1291,,,-23.5817005,-46.639141375,,,,1,2023-06-16T04:06:00+00:00
SAO_577T-10,São Paulo,3550308,True,,1291,,,-23.613582,-46.6380535,,,,1,2023-06-16T04:05:46+00:00
SAO_7281-10,São Paulo,3550308,True,,1334,,,-23.521652,-46.702393,,,,1,2023-06-16T04:05:46+00:00
SAO_314J-10,São Paulo,3550308,True,Cidade de Caieiras,310,https://moovitapp.com/index/pt-br/transporte_p%C3%BAblico-line-310-Sao_Paulo-242-868761-496418-0,5.0,-23.614919,-46.514019000000005,,,,1,2023-06-16T04:05:55+00:00
SAO_314J-10,São Paulo,3550308,True,Cidade de Caieiras,310,https://moovitapp.com/index/pt-br/transporte_p%C3%BAblico-line-310-Sao_Paulo-242-868761-496418-0,5.0,-23.6116995,-46.510698000000005,,,,1,2023-06-16T04:03:37+00:00
SAO_314J-10,São Paulo,3550308,True,Cidade de Caieiras,310,https://moovitapp.com/index/pt-br/transporte_p%C3%BAblico-line-310-Sao_Paulo-242-868761-496418-0,5.0,-23.6141705,-46.51755300000001,,,,1,2023-06-16T04:02:09+00:00
SAO_314J-10,São Paulo,3550308,True,Cidade de Caieiras,310,https://moovitapp.com/index/pt-br/transporte_p%C3%BAblico-line-310-Sao_Paulo-242-868761-496418-0,5.0,-23.5794675,-46.601917,,,,1,2023-06-16T04:05:22+00:00
SAO_930P-10,São Paulo,3550308,True,,34883,,,-23.55618075,-46.6581485,,,,2,2023-06-16T04:05:45+00:00
SAO_930P-10,São Paulo,3550308,True,,34883,,,-23.546433999999998,-46.630430000000004,,,,2,2023-06-16T04:05:40+00:00
SAO_930P-10,São Paulo,3550308,True,,34883,,,-23.5661855,-46.702046499999994,,,,2,2023-06-16T04:05:49+00:00
SAO_6418-10,São Paulo,3550308,True,,771,,,-23.61524625,-46.69293975,,,,1,2023-06-16T04:05:45+00:00
SAO_6074-10,São Paulo,3550308,True,,33929,,,-23.75338125,-46.68576,,,,2,2023-06-16T04:05:53+00:00
SAO_6074-10,São Paulo,3550308,True,,33929,,,-23.7345775,-46.694962000000004,,,,2,2023-06-16T04:06:04+00:00
SAO_6074-10,São Paulo,3550308,True,,33929,,,-23.710868125,-46.699293624999996,,,,2,2023-06-16T04:05:53+00:00
SAO_6074-10,São Paulo,3550308,True,,33929,,,-23.744774999999997,-46.668831499999996,,,,2,2023-06-16T04:05:22+00:00
SAO_8594-10,São Paulo,3550308,True,,33200,,,-23.451815,-46.7463895,,,,2,2023-06-16T04:05:58+00:00
SAO_8594-10,São Paulo,3550308,True,,33200,,,-23.53275275,-46.65722375,,,,2,2023-06-16T04:05:35+00:00
SAO_8594-10,São Paulo,3550308,True,,33200,,,-23.487491,-46.714112,,,,2,2023-06-16T04:05:53+00:00
SAO_8594-10,São Paulo,3550308,True,,33200,,,-23.450208,-46.728649000000004,,,,2,2023-06-16T04:05:25+00:00
SAO_8594-10,São Paulo,3550308,True,,33200,,,-23.524937,-46.6826765,,,,2,2023-06-16T04:05:36+00:00
SAO_8594-10,São Paulo,3550308,True,,33200,,,-23.451815,-46.7463895,,,,2,2023-06-16T04:05:52+00:00
SAO_8594-10,São Paulo,3550308,True,,33200,,,-23.4629355,-46.721095500000004,,,,2,2023-06-16T04:05:39+00:00
SAO_8594-10,São Paulo,3550308,True,,33200,,,-23.451815,-46.7463895,,,,2,2023-06-16T04:05:34+00:00
SAO_2100-10,São Paulo,3550308,True,STT,713,https://moovitapp.com/index/pt-br/transporte_p%C3%BAblico-line-713-Sao_Paulo-242-850661-183342-0,5.3,-23.5653845,-46.545204999999996,,,,1,2023-06-16T04:05:43+00:00
SAO_2100-10,São Paulo,3550308,True,STT,713,https://moovitapp.com/index/pt-br/transporte_p%C3%BAblico-line-713-Sao_Paulo-242-850661-183342-0,5.3,-23.563548,-46.549237500000004,,,,1,2023-06-16T04:05:37+00:00
SAO_2100-10,São Paulo,3550308,True,STT,713,https://moovitapp.com/index/pt-br/transporte_p%C3%BAblico-line-713-Sao_Paulo-242-850661-183342-0,5.3,-23.5556785,-46.576248,,,,1,2023-06-16T04:05:24+00:00
SAO_2100-10,São Paulo,3550308,True,STT,713,https://moovitapp.com/index/pt-br/transporte_p%C3%BAblico-line-713-Sao_Paulo-242-850661-183342-0,5.3,-23.555605999999997,-46.594786,,,,1,2023-06-16T04:06:02+00:00
SAO_2100-10,São Paulo,3550308,True,STT,713,https://moovitapp.com/index/pt-br/transporte_p%C3%BAblico-line-713-Sao_Paulo-242-850661-183342-0,5.3,-23.5494795,-46.632911,,,,1,2023-06-16T04:05:28+00:00
SAO_2100-10,São Paulo,3550308,True,STT,713,https://moovitapp.com/index/pt-br/transporte_p%C3%BAblico-line-713-Sao_Paulo-242-850661-183342-0,5.3,-23.5587215,-46.522659000000004,,,,1,2023-06-16T04:06:02+00:00
SAO_2100-10,São Paulo,3550308,True,STT,713,https://moovitapp.com/index/pt-br/transporte_p%C3%BAblico-line-713-Sao_Paulo-242-850661-183342-0,5.3,-23.56305875,-46.549729,,,,1,2023-06-16T04:05:29+00:00
SAO_2100-10,São Paulo,3550308,True,STT,713,https://moovitapp.com/index/pt-br/transporte_p%C3%BAblico-line-713-Sao_Paulo-242-850661-183342-0,5.3,-23.563881000000002,-46.548873,,,,1,2023-06-16T04:05:28+00:00
SAO_2100-10,São Paulo,3550308,True,STT,713,https://moovitapp.com/index/pt-br/transporte_p%C3%BAblico-line-713-Sao_Paulo-242-850661-183342-0,5.3,-23.566226,-46.526328500000005,,,,1,2023-06-16T04:05:42+00:00
SAO_2100-10,São Paulo,3550308,True,STT,713,https://moovitapp.com/index/pt-br/transporte_p%C3%BAblico-line-713-Sao_Paulo-242-850661-183342-0,5.3,-23.5492365,-46.633153,,,,1,2023-06-16T04:05:56+00:00
SAO_6835-31,São Paulo,3550308,True,,34175,,,-23.688152000000002,-46.800449,,,,2,2023-06-16T04:05:20+00:00
SAO_6835-31,São Paulo,3550308,True,,34175,,,-23.688617999999998,-46.8001245,,,,2,2023-06-16T04:05:29+00:00
SAO_6835-31,São Paulo,3550308,True,,34175,,,-23.660064,-46.767101,,,,2,2023-06-16T04:06:02+00:00
SAO_6835-31,São Paulo,3550308,True,,34175,,,-23.6884105,-46.800267500000004,,,,2,2023-06-16T04:05:21+00:00
SAO_1743-10,São Paulo,3550308,True,,33311,,,-23.519719000000002,-46.62516,,,,2,2023-06-16T04:05:47+00:00
SAO_1743-10,São Paulo,3550308,True,,33311,,,-23.483981999999997,-46.642202499999996,,,,2,2023-06-16T04:02:16+00:00
SAO_1743-10,São Paulo,3550308,True,,33311,,,-23.456415,-46.667734499999995,,,,2,2023-06-16T04:05:25+00:00
SAO_809P-10,São Paulo,3550308,True,,34659,,,-23.566692500000002,-46.701378500000004,,,,2,2023-06-16T04:05:53+00:00
SAO_809P-10,São Paulo,3550308,True,,34659,,,-23.6313825,-46.77286,,,,2,2023-06-16T04:05:55+00:00
SAO_809P-10,São Paulo,3550308,True,,34659,,,-23.56758325,-46.6950595,,,,2,2023-06-16T04:05:41+00:00
SAO_809P-10,São Paulo,3550308,True,,34659,,,-23.624128499999998,-46.764346,,,,2,2023-06-16T04:05:51+00:00
SAO_809P-10,São Paulo,3550308,True,,34659,,,-23.596510374999998,-46.739776500000005,,,,2,2023-06-16T04:05:36+00:00
SAO_809P-10,São Paulo,3550308,True,,34659,,,-23.63028,-46.770364,,,,2,2023-06-16T04:05:51+00:00
SAO_809P-10,São Paulo,3550308,True,,34659,,,-23.586548,-46.724352999999994,,,,2,2023-06-16T04:05:56+00:00
SAO_809P-10,São Paulo,3550308,True,,34659,,,-23.6313825,-46.77286,,,,2,2023-06-16T04:05:44+00:00
SAO_6048-10,São Paulo,3550308,True,BR7 Mobilidade,56,https://moovitapp.com/index/pt-br/transporte_p%C3%BAblico-line-56-Sao_Paulo-242-851856-518592-0,5.75,-23.6805215,-46.769168500000006,,,,1,2023-06-16T04:05:51+00:00
SAO_6048-10,São Paulo,3550308,True,BR7 Mobilidade,56,https://moovitapp.com/index/pt-br/transporte_p%C3%BAblico-line-56-Sao_Paulo-242-851856-518592-0,5.75,-23.6805215,-46.769168500000006,,,,1,2023-06-16T04:05:26+00:00
SAO_6048-10,São Paulo,3550308,True,BR7 Mobilidade,56,https://moovitapp.com/index/pt-br/transporte_p%C3%BAblico-line-56-Sao_Paulo-242-851856-518592-0,5.75,-23.642909500000002,-46.7371725,,,,1,2023-06-16T04:05:48+00:00
SAO_746V-10,São Paulo,3550308,True,,792,,,-23.617424999999997,-46.757842499999995,,,,1,2023-06-16T04:05:51+00:00
SAO_746V-10,São Paulo,3550308,True,,792,,,-23.6388795,-46.761613499999996,,,,1,2023-06-16T04:05:28+00:00
SAO_6093-10,São Paulo,3550308,True,,34353,,,-23.855453500000003,-46.714719,,,,2,2023-06-16T04:00:08+00:00
SAO_6093-10,São Paulo,3550308,True,,34353,,,-23.8285785,-46.725187500000004,,,,2,2023-06-16T04:05:53+00:00
SAO_6093-10,São Paulo,3550308,True,,34353,,,-23.77306925,-46.720437,,,,2,2023-06-16T04:05:39+00:00
SAO_1722-10,São Paulo,3550308,True,,33632,,,-23.463804500000002,-46.584059499999995,,,,2,2023-06-16T04:05:55+00:00
SAO_1722-10,São Paulo,3550308,True,,33632,,,-23.466426499999997,-46.630364,,,,2,2023-06-16T04:02:53+00:00
SAO_1722-10,São Paulo,3550308,True,,33632,,,-23.465669,-46.636245,,,,2,2023-06-16T04:05:37+00:00
SAO_1722-10,São Paulo,3550308,True,,33632,,,-23.474333,-46.667280500000004,,,,2,2023-06-16T04:05:39+00:00
SAO_1722-10,São Paulo,3550308,True,,33632,,,-23.4654935,-46.635745,,,,2,2023-06-16T04:03:38+00:00
SAO_1722-10,São Paulo,3550308,True,,33632,,,-23.482122250000003,-46.671637000000004,,,,2,2023-06-16T04:05:39+00:00
SAO_1722-10,São Paulo,3550308,True,,33632,,,-23.4762985,-46.5971785,,,,2,2023-06-16T04:05:12+00:00
SAO_5123-10,São Paulo,3550308,True,,1125,,,-23.64515,-46.6411085,,,,1,2023-06-16T04:05:47+00:00
SAO_5123-10,São Paulo,3550308,True,,1125,,,-23.61311175,-46.637964999999994,,,,1,2023-06-16T04:05:57+00:00
SAO_5123-10,São Paulo,3550308,True,,1125,,,-23.678448500000002,-46.630771499999994,,,,1,2023-06-16T04:05:25+00:00
SAO_5123-10,São Paulo,3550308,True,,1125,,,-23.678448500000002,-46.630771499999994,,,,1,2023-06-16T04:05:29+00:00
SAO_5123-10,São Paulo,3550308,True,,1125,,,-23.59562275,-46.642447000000004,,,,1,2023-06-16T04:05:52+00:00
SAO_917M-10,São Paulo,3550308,True,,1366,,,-23.471259500000002,-46.706211499999995,,,,1,2023-06-16T04:06:01+00:00
SAO_917M-10,São Paulo,3550308,True,,1366,,,-23.50622625,-46.67333725,,,,1,2023-06-16T04:05:35+00:00
SAO_917M-10,São Paulo,3550308,True,,1366,,,-23.471259500000002,-46.706211499999995,,,,1,2023-06-16T04:05:37+00:00
SAO_3762-10,São Paulo,3550308,True,,1053,,,-23.58799825,-46.5163195,,,,1,2023-06-16T04:05:50+00:00
SAO_3762-10,São Paulo,3550308,True,,1053,,,-23.54902525,-46.54741,,,,1,2023-06-16T04:05:33+00:00
SAO_3762-10,São Paulo,3550308,True,,1053,,,-23.591546,-46.5161705,,,,1,2023-06-16T04:05:45+00:00
SAO_3762-10,São Paulo,3550308,True,,1053,,,-23.5641215,-46.542861,,,,1,2023-06-16T04:05:41+00:00
SAO_3762-10,São Paulo,3550308,True,,1053,,,-23.541065,-46.576965,,,,1,2023-06-16T04:05:50+00:00
SAO_3738-10,São Paulo,3550308,True,,33806,,,-23.5505255,-46.426240250000006,,,,2,2023-06-16T04:05:56+00:00
SAO_3738-10,São Paulo,3550308,True,,33806,,,-23.565082250000003,-46.403497875,,,,2,2023-06-16T04:05:52+00:00
SAO_3738-10,São Paulo,3550308,True,,33806,,,-23.5659645,-46.3997265,,,,2,2023-06-16T04:05:41+00:00
SAO_3738-10,São Paulo,3550308,True,,33806,,,-23.5629515,-46.3946025,,,,2,2023-06-16T04:05:45+00:00
SAO_3738-10,São Paulo,3550308,True,,33806,,,-23.551554,-46.4361985,,,,2,2023-06-16T04:05:29+00:00
SAO_3796-10,São Paulo,3550308,True,,1074,,,-23.577529000000002,-46.457346875,,,,1,2023-06-16T04:06:01+00:00
SAO_3796-10,São Paulo,3550308,True,,1074,,,-23.5426945,-46.4722115,,,,1,2023-06-16T04:05:56+00:00
SAO_3099-10,São Paulo,3550308,True,,1079,,,-23.6123435,-46.4445015,,,,1,2023-06-16T04:05:41+00:00
SAO_3099-10,São Paulo,3550308,True,,1079,,,-23.606688,-46.442940500000006,,,,1,2023-06-16T04:05:39+00:00
SAO_3099-10,São Paulo,3550308,True,,1079,,,-23.625173500000002,-46.463763,,,,1,2023-06-16T04:05:36+00:00
SAO_3099-10,São Paulo,3550308,True,,1079,,,-23.602433875,-46.482662375,,,,1,2023-06-16T04:06:01+00:00
SAO_4732-10,São Paulo,3550308,True,,33070,,,-23.627916250000002,-46.61485725,,,,2,2023-06-16T04:06:01+00:00
SAO_4732-10,São Paulo,3550308,True,,33070,,,-23.647584000000002,-46.6004335,,,,2,2023-06-16T04:05:09+00:00
SAO_4031-10,São Paulo,3550308,True,,1101,,,-23.59086825,-46.588631500000005,,,,1,2023-06-16T04:05:45+00:00
SAO_4031-10,São Paulo,3550308,True,,1101,,,-23.5831745,-46.5686455,,,,1,2023-06-16T04:05:48+00:00
SAO_4031-10,São Paulo,3550308,True,,1101,,,-23.610533,-46.508757,,,,1,2023-06-16T04:06:02+00:00
SAO_4031-10,São Paulo,3550308,True,,1101,,,-23.6030595,-46.5286075,,,,1,2023-06-16T04:05:41+00:00
SAO_4016-10,São Paulo,3550308,True,,2189,,,-23.612797,-46.4760315,,,,1,2023-06-16T04:05:27+00:00
SAO_4016-10,São Paulo,3550308,True,,2189,,,-23.62007075,-46.467544000000004,,,,1,2023-06-16T04:05:42+00:00
SAO_701A-10,São Paulo,3550308,True,,33457,,,-23.4737385,-46.565966,,,,2,2023-06-16T04:05:52+00:00
SAO_701A-10,São Paulo,3550308,True,,33457,,,-23.4737485,-46.563396,,,,2,2023-06-16T04:05:59+00:00
SAO_701A-10,São Paulo,3550308,True,,33457,,,-23.5473125,-46.690042500000004,,,,2,2023-06-16T04:05:58+00:00
SAO_701A-10,São Paulo,3550308,True,,33457,,,-23.555152749999998,-46.66852925,,,,2,2023-06-16T04:05:43+00:00
SAO_701A-10,São Paulo,3550308,True,,33457,,,-23.4737385,-46.565966,,,,2,2023-06-16T04:05:21+00:00
SAO_701A-10,São Paulo,3550308,True,,33457,,,-23.535677,-46.625712,,,,2,2023-06-16T04:06:00+00:00
SAO_6069-10,São Paulo,3550308,True,,33922,,,-23.7560185,-46.709578,,,,2,2023-06-16T04:05:55+00:00
SAO_6069-10,São Paulo,3550308,True,,33922,,,-23.685622000000002,-46.7025435,,,,2,2023-06-16T04:05:35+00:00
SAO_6069-10,São Paulo,3550308,True,,33922,,,-23.745269,-46.6945675,,,,2,2023-06-16T04:06:01+00:00
SAO_2724-10,São Paulo,3550308,True,,33706,,,-23.5396445,-46.483602,,,,2,2023-06-16T04:05:55+00:00
SAO_2724-10,São Paulo,3550308,True,,33706,,,-23.539782000000002,-46.482977500000004,,,,2,2023-06-16T04:05:45+00:00
SAO_2724-10,São Paulo,3550308,True,,33706,,,-23.531156000000003,-46.473783,,,,2,2023-06-16T04:05:31+00:00
SAO_5370-10,São Paulo,3550308,True,,1442,,,-23.680262499999998,-46.7060635,,,,1,2023-06-16T04:05:58+00:00
SAO_5370-10,São Paulo,3550308,True,,1442,,,-23.7409565,-46.7050265,,,,1,2023-06-16T04:05:58+00:00
SAO_5370-10,São Paulo,3550308,True,,1442,,,-23.5515285,-46.6371985,,,,1,2023-06-16T04:05:34+00:00
SAO_5370-10,São Paulo,3550308,True,,1442,,,-23.61730475,-46.675017,,,,1,2023-06-16T04:05:57+00:00
SAO_3206-10,São Paulo,3550308,True,,34880,,,-23.5334215,-46.5456755,,,,2,2023-06-16T04:05:35+00:00
SAO_3206-10,São Paulo,3550308,True,,34880,,,-23.521195,-46.549595999999994,,,,2,2023-06-16T04:05:24+00:00
SAO_6074-10,São Paulo,3550308,True,,1161,,,-23.677098,-46.701800500000004,,,,1,2023-06-16T04:05:33+00:00
SAO_6074-10,São Paulo,3550308,True,,1161,,,-23.734544,-46.664035999999996,,,,1,2023-06-16T04:06:00+00:00
SAO_6074-10,São Paulo,3550308,True,,1161,,,-23.723593,-46.691494,,,,1,2023-06-16T04:05:20+00:00
SAO_6074-10,São Paulo,3550308,True,,1161,,,-23.75324375,-46.685306,,,,1,2023-06-16T04:05:29+00:00
SAO_6074-10,São Paulo,3550308,True,,1161,,,-23.755982000000003,-46.670934,,,,1,2023-06-16T04:05:28+00:00
SAO_7057-10,São Paulo,3550308,True,,34665,,,-23.6493575,-46.7848365,,,,2,2023-06-16T04:05:46+00:00
SAO_7057-10,São Paulo,3550308,True,,34665,,,-23.64904925,-46.78534475,,,,2,2023-06-16T04:05:20+00:00
SAO_7057-10,São Paulo,3550308,True,,34665,,,-23.64922775,-46.78505225,,,,2,2023-06-16T04:05:50+00:00
SAO_7057-10,São Paulo,3550308,True,,34665,,,-23.64154275,-46.7845795,,,,2,2023-06-16T04:05:54+00:00
SAO_5362-23,São Paulo,3550308,True,,34628,,,-23.642727999999998,-46.699756,,,,2,2023-06-16T04:05:44+00:00
SAO_5362-23,São Paulo,3550308,True,,34628,,,-23.728532,-46.699191,,,,2,2023-06-16T04:06:01+00:00
SAO_5362-23,São Paulo,3550308,True,,34628,,,-23.744507,-46.670456,,,,2,2023-06-16T04:05:54+00:00
SAO_5362-23,São Paulo,3550308,True,,34628,,,-23.74435,-46.6720445,,,,2,2023-06-16T04:05:34+00:00
SAO_7006-51,São Paulo,3550308,True,,1997,,,-23.70742125,-46.7843955,,,,1,2023-06-16T04:05:36+00:00
SAO_7006-51,São Paulo,3550308,True,,1997,,,-23.692511000000003,-46.7778525,,,,1,2023-06-16T04:05:24+00:00
SAO_2713-10,São Paulo,3550308,True,,32988,,,-23.5335025,-46.545801499999996,,,,2,2023-06-16T04:05:57+00:00
SAO_7050-10,São Paulo,3550308,True,,34652,,,-23.634995500000002,-46.775629,,,,2,2023-06-16T04:05:26+00:00
SAO_7050-10,São Paulo,3550308,True,,34652,,,-23.658609,-46.78921425,,,,2,2023-06-16T04:05:41+00:00
SAO_7050-10,São Paulo,3550308,True,,34652,,,-23.658400999999998,-46.78931475,,,,2,2023-06-16T04:05:28+00:00
SAO_7050-10,São Paulo,3550308,True,,34652,,,-23.658609,-46.78921425,,,,2,2023-06-16T04:05:36+00:00
SAO_3098-10,São Paulo,3550308,True,,1078,,,-23.614929,-46.4703365,,,,1,2023-06-16T04:05:24+00:00
SAO_3098-10,São Paulo,3550308,True,,1078,,,-23.6303215,-46.4616535,,,,1,2023-06-16T04:05:42+00:00
SAO_3098-10,São Paulo,3550308,True,,1078,,,-23.593412875000002,-46.488488499999995,,,,1,2023-06-16T04:05:54+00:00
SAO_3098-10,São Paulo,3550308,True,,1078,,,-23.633560375000002,-46.46087925,,,,1,2023-06-16T04:05:51+00:00
SAO_3098-10,São Paulo,3550308,True,,1078,,,-23.62952,-46.4617805,,,,1,2023-06-16T04:05:47+00:00
SAO_3098-10,São Paulo,3550308,True,,1078,,,-23.5645445,-46.508259,,,,1,2023-06-16T04:05:52+00:00
SAO_9012-10,São Paulo,3550308,True,,34036,,,-23.466289,-46.682264,,,,2,2023-06-16T04:05:43+00:00
SAO_9012-10,São Paulo,3550308,True,,34036,,,-23.500726999999998,-46.692922499999995,,,,2,2023-06-16T04:05:26+00:00
SAO_675G-10,São Paulo,3550308,True,ETT,106,https://moovitapp.com/index/pt-br/transporte_p%C3%BAblico-line-106-Sao_Paulo-242-876373-496508-0,5.3,-23.756162,-46.670415000000006,,,,1,2023-06-16T04:05:25+00:00
SAO_675G-10,São Paulo,3550308,True,ETT,106,https://moovitapp.com/index/pt-br/transporte_p%C3%BAblico-line-106-Sao_Paulo-242-876373-496508-0,5.3,-23.7427985,-46.6697255,,,,1,2023-06-16T04:05:38+00:00
SAO_675G-10,São Paulo,3550308,True,ETT,106,https://moovitapp.com/index/pt-br/transporte_p%C3%BAblico-line-106-Sao_Paulo-242-876373-496508-0,5.3,-23.6769645,-46.680664,,,,1,2023-06-16T04:05:21+00:00
SAO_3712-10,São Paulo,3550308,True,,1009,,,-23.551171500000002,-46.425402500000004,,,,1,2023-06-16T04:05:46+00:00
SAO_3712-10,São Paulo,3550308,True,,1009,,,-23.5525595,-46.4257145,,,,1,2023-06-16T04:05:59+00:00
SAO_3712-10,São Paulo,3550308,True,,1009,,,-23.541897,-46.470466,,,,1,2023-06-16T04:05:33+00:00
SAO_3712-10,São Paulo,3550308,True,,1009,,,-23.543349,-46.447016000000005,,,,1,2023-06-16T04:05:22+00:00
SAO_3712-10,São Paulo,3550308,True,,1009,,,-23.5525595,-46.4257145,,,,1,2023-06-16T04:05:40+00:00
SAO_736G-10,São Paulo,3550308,True,,780,,,-23.632121249999997,-46.748679749999994,,,,1,2023-06-16T04:05:34+00:00
SAO_809V-10,São Paulo,3550308,True,,35011,,,-23.571197749999996,-46.693273250000004,,,,2,2023-06-16T04:06:04+00:00
SAO_809V-10,São Paulo,3550308,True,,35011,,,-23.5763605,-46.732949500000004,,,,2,2023-06-16T04:05:56+00:00
SAO_3069-10,São Paulo,3550308,True,,984,,,-23.6235575,-46.4305195,,,,1,2023-06-16T04:05:32+00:00
SAO_3069-10,São Paulo,3550308,True,,984,,,-23.605977,-46.417018999999996,,,,1,2023-06-16T04:05:38+00:00
SAO_3069-10,São Paulo,3550308,True,,984,,,-23.612455,-46.4761845,,,,1,2023-06-16T04:05:55+00:00
SAO_5362-10,São Paulo,3550308,True,BR7 Mobilidade,70,https://moovitapp.com/index/pt-br/transporte_p%C3%BAblico-line-70-Sao_Paulo-242-851856-2250296-0,5.75,-23.644316125000003,-46.700134500000004,,,,1,2023-06-16T04:05:52+00:00
SAO_5362-10,São Paulo,3550308,True,BR7 Mobilidade,70,https://moovitapp.com/index/pt-br/transporte_p%C3%BAblico-line-70-Sao_Paulo-242-851856-2250296-0,5.75,-23.692545,-46.7146915,,,,1,2023-06-16T04:05:55+00:00
SAO_5362-10,São Paulo,3550308,True,BR7 Mobilidade,70,https://moovitapp.com/index/pt-br/transporte_p%C3%BAblico-line-70-Sao_Paulo-242-851856-2250296-0,5.75,-23.644316125000003,-46.700134500000004,,,,1,2023-06-16T04:05:56+00:00
SAO_5362-10,São Paulo,3550308,True,BR7 Mobilidade,70,https://moovitapp.com/index/pt-br/transporte_p%C3%BAblico-line-70-Sao_Paulo-242-851856-2250296-0,5.75,-23.745835999999997,-46.6651815,,,,1,2023-06-16T04:05:45+00:00
SAO_5362-10,São Paulo,3550308,True,BR7 Mobilidade,70,https://moovitapp.com/index/pt-br/transporte_p%C3%BAblico-line-70-Sao_Paulo-242-851856-2250296-0,5.75,-23.7531535,-46.6884695,,,,1,2023-06-16T04:05:47+00:00
SAO_6035-21,São Paulo,3550308,True,,1795,,,-23.669901,-46.7351965,,,,1,2023-06-16T04:06:00+00:00
SAO_6035-21,São Paulo,3550308,True,,1795,,,-23.716393500000002,-46.767261500000004,,,,1,2023-06-16T04:05:34+00:00
SAO_6035-21,São Paulo,3550308,True,,1795,,,-23.720715499999997,-46.755851,,,,1,2023-06-16T04:05:56+00:00
SAO_6035-21,São Paulo,3550308,True,,1795,,,-23.720715499999997,-46.755851,,,,1,2023-06-16T04:05:33+00:00
SAO_701U-10,São Paulo,3550308,True,,657,,,-23.571717875,-46.706899500000006,,,,1,2023-06-16T04:06:01+00:00
SAO_701U-10,São Paulo,3550308,True,,657,,,-23.5521175,-46.7315415,,,,1,2023-06-16T04:05:38+00:00
SAO_701U-10,São Paulo,3550308,True,,657,,,-23.5518395,-46.7314125,,,,1,2023-06-16T04:05:28+00:00
SAO_701U-10,São Paulo,3550308,True,,657,,,-23.553778625,-46.67525875,,,,1,2023-06-16T04:05:23+00:00
SAO_701U-10,São Paulo,3550308,True,,657,,,-23.5518395,-46.7314125,,,,1,2023-06-16T04:05:40+00:00
SAO_701U-10,São Paulo,3550308,True,,657,,,-23.5517015,-46.731376,,,,1,2023-06-16T04:05:19+00:00
SAO_8015-10,São Paulo,3550308,True,,1345,,,-23.389069499999998,-46.734939,,,,1,2023-06-16T04:06:00+00:00
SAO_8015-10,São Paulo,3550308,True,,1345,,,-23.399631874999997,-46.74878575,,,,1,2023-06-16T04:05:55+00:00
SAO_8015-10,São Paulo,3550308,True,,1345,,,-23.43333425,-46.7199245,,,,1,2023-06-16T04:05:44+00:00
SAO_709M-10,São Paulo,3550308,True,,35230,,,-23.624651999999998,-46.6943845,,,,2,2023-06-16T04:05:49+00:00
SAO_709M-10,São Paulo,3550308,True,,35230,,,-23.592324,-46.689248,,,,2,2023-06-16T04:05:31+00:00
SAO_709M-10,São Paulo,3550308,True,,35230,,,-23.576913500000003,-46.68722325,,,,2,2023-06-16T04:06:03+00:00
SAO_709M-10,São Paulo,3550308,True,,35230,,,-23.651578750000002,-46.7089575,,,,2,2023-06-16T04:05:56+00:00
SAO_106A-10,São Paulo,3550308,True,,516,,,-23.500336,-46.624546,,,,1,2023-06-16T04:05:51+00:00
SAO_106A-10,São Paulo,3550308,True,,516,,,-23.57775775,-46.674628,,,,1,2023-06-16T04:05:34+00:00
SAO_106A-10,São Paulo,3550308,True,,516,,,-23.593803,-46.6894655,,,,1,2023-06-16T04:05:20+00:00
SAO_106A-10,São Paulo,3550308,True,,516,,,-23.59055825,-46.68854449999999,,,,1,2023-06-16T04:05:44+00:00
SAO_106A-10,São Paulo,3550308,True,,516,,,-23.58940875,-46.688128000000006,,,,1,2023-06-16T04:05:23+00:00
SAO_106A-10,São Paulo,3550308,True,,516,,,-23.590813,-46.688639499999994,,,,1,2023-06-16T04:05:53+00:00
SAO_106A-10,São Paulo,3550308,True,,516,,,-23.58963425,-46.688204,,,,1,2023-06-16T04:05:45+00:00
SAO_8007-10,São Paulo,3550308,True,,34025,,,-23.475406,-46.7563575,,,,2,2023-06-16T04:05:38+00:00
SAO_8007-10,São Paulo,3550308,True,,34025,,,-23.4750545,-46.7562055,,,,2,2023-06-16T04:05:40+00:00
SAO_8007-10,São Paulo,3550308,True,,34025,,,-23.48812125,-46.73202725,,,,2,2023-06-16T04:05:34+00:00
SAO_8007-10,São Paulo,3550308,True,,34025,,,-23.475406,-46.7563575,,,,2,2023-06-16T04:05:32+00:00
SAO_908T-10,São Paulo,3550308,True,,34884,,,-23.546217,-46.6305745,,,,2,2023-06-16T04:05:56+00:00
SAO_908T-10,São Paulo,3550308,True,,34884,,,-23.566099,-46.710501,,,,2,2023-06-16T04:05:50+00:00
SAO_908T-10,São Paulo,3550308,True,,34884,,,-23.546217,-46.6305745,,,,2,2023-06-16T04:05:33+00:00
SAO_847J-10,São Paulo,3550308,True,,1342,,,-23.44716975,-46.72291575,,,,1,2023-06-16T04:05:48+00:00
SAO_847J-10,São Paulo,3550308,True,,1342,,,-23.518204500000003,-46.703536,,,,1,2023-06-16T04:05:46+00:00
SAO_847J-10,São Paulo,3550308,True,,1342,,,-23.555346,-46.742667999999995,,,,1,2023-06-16T04:05:50+00:00
SAO_709A-10,São Paulo,3550308,True,,34860,,,-23.591223,-46.684366499999996,,,,2,2023-06-16T04:05:51+00:00
SAO_709A-10,São Paulo,3550308,True,,34860,,,-23.600122,-46.691103625000004,,,,2,2023-06-16T04:05:35+00:00
SAO_3741-10,São Paulo,3550308,True,,1041,,,-23.555610625,-46.463496500000005,,,,1,2023-06-16T04:05:37+00:00
SAO_3741-10,São Paulo,3550308,True,,1041,,,-23.5464535,-46.448221,,,,1,2023-06-16T04:05:25+00:00
SAO_847P-42,São Paulo,3550308,True,,1424,,,-23.537303,-46.7075015,,,,1,2023-06-16T04:05:21+00:00
SAO_407K-10,São Paulo,3550308,True,,2168,,,-23.53962675,-46.542210999999995,,,,1,2023-06-16T04:05:20+00:00
SAO_407K-10,São Paulo,3550308,True,,2168,,,-23.60428225,-46.48109225,,,,1,2023-06-16T04:05:22+00:00
SAO_407K-10,São Paulo,3550308,True,,2168,,,-23.613653,-46.4766475,,,,1,2023-06-16T04:05:41+00:00
SAO_407K-10,São Paulo,3550308,True,,2168,,,-23.568644499999998,-46.504490000000004,,,,1,2023-06-16T04:05:35+00:00
SAO_407K-10,São Paulo,3550308,True,,2168,,,-23.613653,-46.4766475,,,,1,2023-06-16T04:05:35+00:00
SAO_4030-10,São Paulo,3550308,True,,33868,,,-23.598079624999997,-46.48634800000001,,,,2,2023-06-16T04:05:48+00:00
SAO_4030-10,São Paulo,3550308,True,,33868,,,-23.615515000000002,-46.4880175,,,,2,2023-06-16T04:05:22+00:00
SAO_4030-10,São Paulo,3550308,True,,33868,,,-23.611991500000002,-46.476893000000004,,,,2,2023-06-16T04:05:26+00:00
SAO_4030-10,São Paulo,3550308,True,,33868,,,-23.568472749999998,-46.508522,,,,2,2023-06-16T04:05:29+00:00
SAO_4030-10,São Paulo,3550308,True,,33868,,,-23.568662250000003,-46.508326000000004,,,,2,2023-06-16T04:05:38+00:00
SAO_4030-10,São Paulo,3550308,True,,33868,,,-23.615775499999998,-46.488022,,,,2,2023-06-16T04:05:58+00:00
SAO_407N-10,São Paulo,3550308,True,,34937,,,-23.595014624999997,-46.428801,,,,2,2023-06-16T04:05:45+00:00
SAO_407N-10,São Paulo,3550308,True,,34937,,,-23.539017,-46.5426075,,,,2,2023-06-16T04:05:17+00:00
SAO_407N-10,São Paulo,3550308,True,,34937,,,-23.5945635,-46.466137,,,,2,2023-06-16T04:05:49+00:00
SAO_407N-10,São Paulo,3550308,True,,34937,,,-23.55790175,-46.51527575,,,,2,2023-06-16T04:05:46+00:00
SAO_407N-10,São Paulo,3550308,True,,34937,,,-23.5830225,-46.4086875,,,,2,2023-06-16T04:00:24+00:00
SAO_407N-10,São Paulo,3550308,True,,34937,,,-23.5833765,-46.407704499999994,,,,2,2023-06-16T04:05:32+00:00
SAO_605A-10,São Paulo,3550308,True,,35290,,,-23.6491355,-46.63225,,,,2,2023-06-16T04:06:02+00:00
SAO_605A-10,São Paulo,3550308,True,,35290,,,-23.6494365,-46.6320625,,,,2,2023-06-16T04:05:53+00:00
SAO_271C-10,São Paulo,3550308,True,,33450,,,-23.494804000000002,-46.58346025,,,,2,2023-06-16T04:05:17+00:00
SAO_271C-10,São Paulo,3550308,True,,33450,,,-23.523229999999998,-46.583715,,,,2,2023-06-16T04:05:51+00:00
SAO_271C-10,São Paulo,3550308,True,,33450,,,-23.524399,-46.583596,,,,2,2023-06-16T04:05:45+00:00
SAO_271C-10,São Paulo,3550308,True,,33450,,,-23.5320115,-46.634322999999995,,,,2,2023-06-16T04:05:57+00:00
SAO_3787-10,São Paulo,3550308,True,,1612,,,-23.564302750000003,-46.4462245,,,,1,2023-06-16T04:05:43+00:00
SAO_3787-10,São Paulo,3550308,True,,1612,,,-23.6016365,-46.4043255,,,,1,2023-06-16T04:05:24+00:00
SAO_3787-10,São Paulo,3550308,True,,1612,,,-23.602574,-46.3981365,,,,1,2023-06-16T04:05:54+00:00
SAO_3787-10,São Paulo,3550308,True,,1612,,,-23.5946735,-46.426711125,,,,1,2023-06-16T04:05:23+00:00
SAO_3054-10,São Paulo,3550308,True,,33743,,,-23.609623,-46.4081455,,,,2,2023-06-16T04:05:29+00:00
SAO_3054-10,São Paulo,3550308,True,,33743,,,-23.6114825,-46.475153000000006,,,,2,2023-06-16T04:05:59+00:00
SAO_3054-10,São Paulo,3550308,True,,33743,,,-23.608972,-46.408389,,,,2,2023-06-16T04:05:59+00:00
SAO_3054-10,São Paulo,3550308,True,,33743,,,-23.601649,-46.4833325,,,,2,2023-06-16T04:05:43+00:00
SAO_888P-10,São Paulo,3550308,True,EMTU,454,https://moovitapp.com/index/pt-br/transporte_p%C3%BAblico-line-454-Sao_Paulo-242-2038937-36419497-0,5.25,-23.43804475,-46.728618000000004,,,,1,2023-06-16T04:05:35+00:00
SAO_888P-10,São Paulo,3550308,True,EMTU,454,https://moovitapp.com/index/pt-br/transporte_p%C3%BAblico-line-454-Sao_Paulo-242-2038937-36419497-0,5.25,-23.434004,-46.754952,,,,1,2023-06-16T04:05:40+00:00
SAO_888P-10,São Paulo,3550308,True,EMTU,454,https://moovitapp.com/index/pt-br/transporte_p%C3%BAblico-line-454-Sao_Paulo-242-2038937-36419497-0,5.25,-23.4102015,-46.738866,,,,1,2023-06-16T04:05:16+00:00
SAO_888P-10,São Paulo,3550308,True,EMTU,454,https://moovitapp.com/index/pt-br/transporte_p%C3%BAblico-line-454-Sao_Paulo-242-2038937-36419497-0,5.25,-23.4424835,-46.7083255,,,,1,2023-06-16T04:05:58+00:00
SAO_1759-10,São Paulo,3550308,True,,553,,,-23.477942499999997,-46.632588,,,,1,2023-06-16T04:05:38+00:00
SAO_3141-10,São Paulo,3550308,True,,734,,,-23.612431,-46.478824,,,,1,2023-06-16T04:05:25+00:00
SAO_3141-10,São Paulo,3550308,True,,734,,,-23.5429115,-46.5874025,,,,1,2023-06-16T04:05:50+00:00
SAO_3141-10,São Paulo,3550308,True,,734,,,-23.6120795,-46.483023,,,,1,2023-06-16T04:05:38+00:00
SAO_3141-10,São Paulo,3550308,True,,734,,,-23.573755249999998,-46.55818375,,,,1,2023-06-16T04:05:29+00:00
SAO_3141-10,São Paulo,3550308,True,,734,,,-23.612406,-46.482003,,,,1,2023-06-16T04:05:20+00:00
SAO_5630-10,São Paulo,3550308,True,,78,,,-23.7374635,-46.697805,,,,1,2023-06-16T04:05:28+00:00
SAO_5630-10,São Paulo,3550308,True,,78,,,-23.7374635,-46.697805,,,,1,2023-06-16T04:05:59+00:00
SAO_5630-10,São Paulo,3550308,True,,78,,,-23.7374635,-46.697805,,,,1,2023-06-16T04:05:27+00:00
SAO_5630-10,São Paulo,3550308,True,,78,,,-23.7374635,-46.697805,,,,1,2023-06-16T04:05:29+00:00
SAO_5630-10,São Paulo,3550308,True,,78,,,-23.7374635,-46.697805,,,,1,2023-06-16T04:05:34+00:00
SAO_5630-10,São Paulo,3550308,True,,78,,,-23.546747,-46.6164905,,,,1,2023-06-16T04:06:00+00:00
SAO_5630-10,São Paulo,3550308,True,,78,,,-23.660805,-46.67940575,,,,1,2023-06-16T04:05:23+00:00
SAO_5630-10,São Paulo,3550308,True,,78,,,-23.7374635,-46.697805,,,,1,2023-06-16T04:05:51+00:00
SAO_4029-10,São Paulo,3550308,True,,1099,,,-23.612668,-46.4886925,,,,1,2023-06-16T04:05:51+00:00
SAO_4029-10,São Paulo,3550308,True,,1099,,,-23.6003265,-46.512518,,,,1,2023-06-16T04:05:45+00:00
SAO_4029-10,São Paulo,3550308,True,,1099,,,-23.588747625,-46.54317225,,,,1,2023-06-16T04:05:43+00:00
SAO_4029-10,São Paulo,3550308,True,,1099,,,-23.581422500000002,-46.563668,,,,1,2023-06-16T04:05:27+00:00
SAO_1732-10,São Paulo,3550308,True,,33439,,,-23.49745075,-46.611041,,,,2,2023-06-16T04:05:21+00:00
SAO_1732-10,São Paulo,3550308,True,,33439,,,-23.531256000000003,-46.64617325,,,,2,2023-06-16T04:06:03+00:00
SAO_1732-10,São Paulo,3550308,True,,33439,,,-23.4873935,-46.5741675,,,,2,2023-06-16T04:05:49+00:00
SAO_1732-10,São Paulo,3550308,True,,33439,,,-23.482278,-46.566173,,,,2,2023-06-16T04:05:59+00:00
SAO_1732-10,São Paulo,3550308,True,,33439,,,-23.487230500000003,-46.574059500000004,,,,2,2023-06-16T04:06:00+00:00
SAO_407F-10,São Paulo,3550308,True,,34935,,,-23.5591285,-46.5674245,,,,2,2023-06-16T04:05:53+00:00
SAO_407F-10,São Paulo,3550308,True,,34935,,,-23.612146,-46.4762395,,,,2,2023-06-16T04:05:59+00:00
SAO_6099-10,São Paulo,3550308,True,,1587,,,-23.73824725,-46.69784775,,,,1,2023-06-16T04:05:38+00:00
SAO_6099-10,São Paulo,3550308,True,,1587,,,-23.82200675,-46.7360084375,,,,1,2023-06-16T04:05:56+00:00
SAO_6099-10,São Paulo,3550308,False,,1587,,,-23.840921875,-46.73944399999999,,,,1,2023-06-16T04:05:23+00:00
SAO_6099-10,São Paulo,3550308,True,,1587,,,-23.762571,-46.715889000000004,,,,1,2023-06-16T04:05:53+00:00
SAO_2734-10,São Paulo,3550308,True,,34528,,,-23.5110795,-46.434295500000005,,,,2,2023-06-16T04:03:10+00:00
SAO_2734-10,São Paulo,3550308,True,,34528,,,-23.506021500000003,-46.425157125,,,,2,2023-06-16T04:05:36+00:00
SAO_2734-10,São Paulo,3550308,True,,34528,,,-23.511936499999997,-46.409634,,,,2,2023-06-16T04:05:29+00:00
SAO_748R-10,São Paulo,3550308,True,EMTU,501,https://moovitapp.com/index/pt-br/transporte_p%C3%BAblico-line-501-Sao_Paulo-242-2038937-36419526-0,7.55,-23.550664437500004,-46.739648312499995,,,,1,2023-06-16T04:05:31+00:00
SAO_748R-10,São Paulo,3550308,True,EMTU,501,https://moovitapp.com/index/pt-br/transporte_p%C3%BAblico-line-501-Sao_Paulo-242-2038937-36419526-0,7.55,-23.549511625,-46.738448875,,,,1,2023-06-16T04:05:42+00:00
SAO_748R-10,São Paulo,3550308,True,EMTU,501,https://moovitapp.com/index/pt-br/transporte_p%C3%BAblico-line-501-Sao_Paulo-242-2038937-36419526-0,7.55,-23.601914375,-46.79420125,,,,1,2023-06-16T04:05:49+00:00
SAO_748R-10,São Paulo,3550308,True,EMTU,501,https://moovitapp.com/index/pt-br/transporte_p%C3%BAblico-line-501-Sao_Paulo-242-2038937-36419526-0,7.55,-23.528265,-46.7030185,,,,1,2023-06-16T04:06:02+00:00
SAO_748R-10,São Paulo,3550308,True,EMTU,501,https://moovitapp.com/index/pt-br/transporte_p%C3%BAblico-line-501-Sao_Paulo-242-2038937-36419526-0,7.55,-23.5384865,-46.714349,,,,1,2023-06-16T04:05:32+00:00
SAO_748R-10,São Paulo,3550308,True,EMTU,501,https://moovitapp.com/index/pt-br/transporte_p%C3%BAblico-line-501-Sao_Paulo-242-2038937-36419526-0,7.55,-23.5897145,-46.767253999999994,,,,1,2023-06-16T04:05:22+00:00
SAO_748R-10,São Paulo,3550308,True,EMTU,501,https://moovitapp.com/index/pt-br/transporte_p%C3%BAblico-line-501-Sao_Paulo-242-2038937-36419526-0,7.55,-23.558588750000002,-46.74677775000001,,,,1,2023-06-16T04:05:24+00:00
SAO_5164-21,São Paulo,3550308,True,,1616,,,-23.61797575,-46.639033,,,,1,2023-06-16T04:05:36+00:00
SAO_5164-21,São Paulo,3550308,True,,1616,,,-23.6460145,-46.6522105,,,,1,2023-06-16T04:05:29+00:00
SAO_8038-10,São Paulo,3550308,True,,33565,,,-23.546301749999998,-46.75584512500001,,,,2,2023-06-16T04:05:36+00:00
SAO_8038-10,São Paulo,3550308,True,,33565,,,-23.521648499999998,-46.718697500000005,,,,2,2023-06-16T04:05:46+00:00
SAO_8038-10,São Paulo,3550308,True,,33565,,,-23.5192465,-46.7041905,,,,2,2023-06-16T04:05:34+00:00
SAO_8038-10,São Paulo,3550308,True,,33565,,,-23.5464365,-46.73549525,,,,2,2023-06-16T04:05:47+00:00
SAO_576C-10,São Paulo,3550308,True,,1290,,,-23.64649975,-46.64515875,,,,1,2023-06-16T04:05:46+00:00
SAO_576C-10,São Paulo,3550308,True,,1290,,,-23.655224,-46.64815175,,,,1,2023-06-16T04:06:03+00:00
SAO_576C-10,São Paulo,3550308,True,,1290,,,-23.648969,-46.70354950000001,,,,1,2023-06-16T04:05:52+00:00
SAO_576C-10,São Paulo,3550308,True,,1290,,,-23.6660915,-46.677988,,,,1,2023-06-16T04:05:36+00:00
SAO_576C-10,São Paulo,3550308,True,,1290,,,-23.638162,-46.6322935,,,,1,2023-06-16T04:05:35+00:00
SAO_7181-10,São Paulo,3550308,True,,34100,,,-23.5698105,-46.67241475,,,,2,2023-06-16T04:05:24+00:00
SAO_7181-10,São Paulo,3550308,True,,34100,,,-23.553213,-46.732138000000006,,,,2,2023-06-16T04:05:45+00:00
SAO_2780-10,São Paulo,3550308,True,,33167,,,-23.49476,-46.4274755,,,,2,2023-06-16T04:05:56+00:00
SAO_2780-10,São Paulo,3550308,True,,33167,,,-23.5083085,-46.372563,,,,2,2023-06-16T04:05:55+00:00
SAO_2780-10,São Paulo,3550308,True,,33167,,,-23.496948875,-46.400600749999995,,,,2,2023-06-16T04:05:57+00:00
SAO_2780-10,São Paulo,3550308,True,,33167,,,-23.5082065,-46.372476,,,,2,2023-06-16T04:05:38+00:00
SAO_2780-10,São Paulo,3550308,True,,33167,,,-23.508175,-46.372357,,,,2,2023-06-16T04:05:23+00:00
SAO_9014-10,São Paulo,3550308,True,,1425,,,-23.471707000000002,-46.7071035,,,,1,2023-06-16T04:05:51+00:00
SAO_9014-10,São Paulo,3550308,True,,1425,,,-23.47960875,-46.70241975,,,,1,2023-06-16T04:05:23+00:00
SAO_9014-10,São Paulo,3550308,True,,1425,,,-23.5149045,-46.698296,,,,1,2023-06-16T04:05:46+00:00
SAO_2723-10,São Paulo,3550308,True,,33705,,,-23.48341675,-46.46587025,,,,2,2023-06-16T04:05:35+00:00
SAO_2723-10,São Paulo,3550308,True,,33705,,,-23.542138,-46.471932499999994,,,,2,2023-06-16T04:06:00+00:00
SAO_2723-10,São Paulo,3550308,True,,33705,,,-23.487481000000002,-46.463549,,,,2,2023-06-16T04:05:26+00:00
SAO_2723-10,São Paulo,3550308,True,,33705,,,-23.4915855,-46.444618250000005,,,,2,2023-06-16T04:05:47+00:00
SAO_2723-10,São Paulo,3550308,True,,33705,,,-23.487481000000002,-46.463549,,,,2,2023-06-16T04:05:47+00:00
SAO_2723-10,São Paulo,3550308,True,,33705,,,-23.519935500000003,-46.444098,,,,2,2023-06-16T04:05:53+00:00
SAO_4311-10,São Paulo,3550308,True,,2171,,,-23.60199475,-46.470442750000004,,,,1,2023-06-16T04:05:39+00:00
SAO_4311-10,São Paulo,3550308,True,,2171,,,-23.61249,-46.4756075,,,,1,2023-06-16T04:05:47+00:00
SAO_4311-10,São Paulo,3550308,True,,2171,,,-23.578446,-46.497913999999994,,,,1,2023-06-16T04:05:50+00:00
SAO_4311-10,São Paulo,3550308,True,,2171,,,-23.610542,-46.474706499999996,,,,1,2023-06-16T04:05:42+00:00
SAO_4311-10,São Paulo,3550308,True,,2171,,,-23.6130195,-46.476082,,,,1,2023-06-16T04:05:21+00:00
SAO_4311-10,São Paulo,3550308,True,,2171,,,-23.547011,-46.62953,,,,1,2023-06-16T04:05:48+00:00
SAO_4311-10,São Paulo,3550308,True,,2171,,,-23.6135545,-46.476344499999996,,,,1,2023-06-16T04:06:01+00:00
SAO_4311-10,São Paulo,3550308,True,,2171,,,-23.606684,-46.4717975,,,,1,2023-06-16T04:05:33+00:00
SAO_6010-10,São Paulo,3550308,True,,1202,,,-23.6938785,-46.7945825,,,,1,2023-06-16T04:05:38+00:00
SAO_6010-10,São Paulo,3550308,True,,1202,,,-23.686578,-46.7929075,,,,1,2023-06-16T04:05:22+00:00
SAO_6010-10,São Paulo,3550308,True,,1202,,,-23.659836,-46.7703075,,,,1,2023-06-16T04:05:44+00:00
SAO_6010-10,São Paulo,3550308,True,,1202,,,-23.66001575,-46.74514225,,,,1,2023-06-16T04:05:32+00:00
SAO_6010-10,São Paulo,3550308,False,,1202,,,-23.6938785,-46.7945825,,,,1,2023-06-16T04:05:31+00:00
SAO_8548-10,São Paulo,3550308,True,,33346,,,-23.516305,-46.6982675,,,,2,2023-06-16T04:05:43+00:00
SAO_8548-10,São Paulo,3550308,True,,33346,,,-23.446651625,-46.715378375,,,,2,2023-06-16T04:05:16+00:00
SAO_8548-10,São Paulo,3550308,True,,33346,,,-23.446651625,-46.715378375,,,,2,2023-06-16T04:05:45+00:00
SAO_8548-10,São Paulo,3550308,True,,33346,,,-23.4537465,-46.6968735,,,,2,2023-06-16T04:05:35+00:00
SAO_5031-10,São Paulo,3550308,True,,34514,,,-23.6369775,-46.591483000000004,,,,2,2023-06-16T04:05:33+00:00
SAO_5031-10,São Paulo,3550308,True,,34514,,,-23.6126175,-46.59456,,,,2,2023-06-16T04:05:23+00:00
SAO_5031-10,São Paulo,3550308,True,,34514,,,-23.623826,-46.591074000000006,,,,2,2023-06-16T04:05:38+00:00
SAO_5031-10,São Paulo,3550308,True,,34514,,,-23.63630825,-46.590938249999994,,,,2,2023-06-16T04:05:48+00:00
SAO_5031-10,São Paulo,3550308,True,,34514,,,-23.6369775,-46.591483000000004,,,,2,2023-06-16T04:05:39+00:00
SAO_5031-10,São Paulo,3550308,True,,34514,,,-23.631254499999997,-46.5850025,,,,2,2023-06-16T04:05:45+00:00
SAO_546A-10,São Paulo,3550308,True,,33899,,,-23.692935,-46.660601,,,,2,2023-06-16T04:05:57+00:00
SAO_546A-10,São Paulo,3550308,True,,33899,,,-23.713665,-46.65656725,,,,2,2023-06-16T04:05:41+00:00
SAO_546A-10,São Paulo,3550308,True,,33899,,,-23.679679,-46.684530499999994,,,,2,2023-06-16T04:05:36+00:00
SAO_546A-10,São Paulo,3550308,True,,33899,,,-23.660634,-46.695184,,,,2,2023-06-16T04:05:46+00:00
SAO_7281-10,São Paulo,3550308,True,,34102,,,-23.541606,-46.696702,,,,2,2023-06-16T04:05:30+00:00
SAO_7281-10,São Paulo,3550308,True,,34102,,,-23.5464175,-46.6453155,,,,2,2023-06-16T04:05:44+00:00
SAO_7281-10,São Paulo,3550308,True,,34102,,,-23.534716500000002,-46.70469,,,,2,2023-06-16T04:05:51+00:00
SAO_3722-10,São Paulo,3550308,True,,33788,,,-23.554782125,-46.4542,,,,2,2023-06-16T04:06:02+00:00
SAO_3722-10,São Paulo,3550308,True,,33788,,,-23.538801875,-46.542232375,,,,2,2023-06-16T04:05:23+00:00
SAO_8015-10,São Paulo,3550308,True,,34113,,,-23.388937,-46.73497450000001,,,,2,2023-06-16T04:05:53+00:00
SAO_8015-10,São Paulo,3550308,True,,34113,,,-23.454072500000002,-46.711869500000006,,,,2,2023-06-16T04:05:32+00:00
SAO_8015-10,São Paulo,3550308,True,,34113,,,-23.405052500000004,-46.73580025,,,,2,2023-06-16T04:05:40+00:00
SAO_8015-10,São Paulo,3550308,True,,34113,,,-23.388901,-46.735036,,,,2,2023-06-16T04:05:38+00:00
SAO_2582-10,São Paulo,3550308,True,EMTU,374,https://moovitapp.com/index/pt-br/transporte_p%C3%BAblico-line-374-Sao_Paulo-242-2038937-36419448-0,3.7,-23.53601675,-46.5862195,,,,1,2023-06-16T04:05:56+00:00
SAO_2582-10,São Paulo,3550308,True,EMTU,374,https://moovitapp.com/index/pt-br/transporte_p%C3%BAblico-line-374-Sao_Paulo-242-2038937-36419448-0,3.7,-23.545441,-46.630475000000004,,,,1,2023-06-16T04:05:53+00:00
SAO_2582-10,São Paulo,3550308,True,EMTU,374,https://moovitapp.com/index/pt-br/transporte_p%C3%BAblico-line-374-Sao_Paulo-242-2038937-36419448-0,3.7,-23.48536275,-46.481235,,,,1,2023-06-16T04:05:48+00:00
SAO_2582-10,São Paulo,3550308,True,EMTU,374,https://moovitapp.com/index/pt-br/transporte_p%C3%BAblico-line-374-Sao_Paulo-242-2038937-36419448-0,3.7,-23.5121825,-46.432359000000005,,,,1,2023-06-16T04:01:20+00:00
SAO_5701-10,São Paulo,3550308,True,,1136,,,-23.632795875,-46.672820875,,,,1,2023-06-16T04:05:55+00:00
SAO_5701-10,São Paulo,3550308,True,,1136,,,-23.618764499999997,-46.698312,,,,1,2023-06-16T04:05:26+00:00
SAO_5701-10,São Paulo,3550308,True,,1136,,,-23.64461825,-46.644951,,,,1,2023-06-16T04:04:51+00:00
SAO_6825-10,São Paulo,3550308,True,BR7 Mobilidade,14,https://moovitapp.com/index/pt-br/transporte_p%C3%BAblico-line-14-Sao_Paulo-242-851856-183465-0,5.75,-23.660220000000002,-46.776787,,,,1,2023-06-16T04:05:20+00:00
SAO_6825-10,São Paulo,3550308,True,BR7 Mobilidade,14,https://moovitapp.com/index/pt-br/transporte_p%C3%BAblico-line-14-Sao_Paulo-242-851856-183465-0,5.75,-23.659836,-46.7703075,,,,1,2023-06-16T04:05:32+00:00
SAO_8019-10,São Paulo,3550308,True,,2071,,,-23.57052025,-46.740472499999996,,,,1,2023-06-16T04:05:35+00:00
SAO_1019-10,São Paulo,3550308,True,,35263,,,-23.4861665,-46.726144,,,,2,2023-06-16T04:05:44+00:00
SAO_1019-10,São Paulo,3550308,True,,35263,,,-23.437884,-46.779548500000004,,,,2,2023-06-16T04:05:27+00:00
SAO_1019-10,São Paulo,3550308,True,,35263,,,-23.46130375,-46.753395,,,,2,2023-06-16T04:05:05+00:00
SAO_5362-23,São Paulo,3550308,True,,1860,,,-23.706057187499997,-46.713436875,,,,1,2023-06-16T04:05:42+00:00
SAO_5362-23,São Paulo,3550308,True,,1860,,,-23.74651475,-46.66559975,,,,1,2023-06-16T04:04:21+00:00
SAO_172U-10,São Paulo,3550308,True,,33628,,,-23.511257375,-46.624893,,,,2,2023-06-16T04:05:38+00:00
SAO_172U-10,São Paulo,3550308,True,,33628,,,-23.543619375,-46.610459250000005,,,,2,2023-06-16T04:05:34+00:00
SAO_172U-10,São Paulo,3550308,True,,33628,,,-23.436823500000003,-46.566249,,,,2,2023-06-16T04:01:11+00:00
SAO_172U-10,São Paulo,3550308,True,,33628,,,-23.501340499999998,-46.624582000000004,,,,2,2023-06-16T04:05:22+00:00
SAO_172U-10,São Paulo,3550308,True,,33628,,,-23.43716675,-46.56625975,,,,2,2023-06-16T04:05:58+00:00
SAO_172U-10,São Paulo,3550308,True,,33628,,,-23.43716675,-46.56625975,,,,2,2023-06-16T04:05:48+00:00
SAO_3063-10,São Paulo,3550308,True,EMTU,253,https://moovitapp.com/index/pt-br/transporte_p%C3%BAblico-line-253-Sao_Paulo-242-2038937-36419364-0,5.4,-23.54310675,-46.41319675,,,,1,2023-06-16T04:04:04+00:00
SAO_3063-10,São Paulo,3550308,True,EMTU,253,https://moovitapp.com/index/pt-br/transporte_p%C3%BAblico-line-253-Sao_Paulo-242-2038937-36419364-0,5.4,-23.558697000000002,-46.3999615,,,,1,2023-06-16T04:05:44+00:00
SAO_3063-10,São Paulo,3550308,True,EMTU,253,https://moovitapp.com/index/pt-br/transporte_p%C3%BAblico-line-253-Sao_Paulo-242-2038937-36419364-0,5.4,-23.558697000000002,-46.3999615,,,,1,2023-06-16T04:05:42+00:00
SAO_3063-10,São Paulo,3550308,True,EMTU,253,https://moovitapp.com/index/pt-br/transporte_p%C3%BAblico-line-253-Sao_Paulo-242-2038937-36419364-0,5.4,-23.5984805,-46.468353,,,,1,2023-06-16T04:05:23+00:00
SAO_3063-10,São Paulo,3550308,True,EMTU,253,https://moovitapp.com/index/pt-br/transporte_p%C3%BAblico-line-253-Sao_Paulo-242-2038937-36419364-0,5.4,-23.585396499999998,-46.414854500000004,,,,1,2023-06-16T04:04:17+00:00
SAO_3063-10,São Paulo,3550308,True,EMTU,253,https://moovitapp.com/index/pt-br/transporte_p%C3%BAblico-line-253-Sao_Paulo-242-2038937-36419364-0,5.4,-23.5637425,-46.416404,,,,1,2023-06-16T04:05:34+00:00
SAO_2709-10,São Paulo,3550308,True,,922,,,-23.526327000000002,-46.4833175,,,,1,2023-06-16T04:05:33+00:00
SAO_2709-10,São Paulo,3550308,True,,922,,,-23.529814000000002,-46.5011675,,,,1,2023-06-16T04:05:20+00:00
SAO_2709-10,São Paulo,3550308,True,,922,,,-23.52873725,-46.49987575,,,,1,2023-06-16T04:05:38+00:00
SAO_6812-10,São Paulo,3550308,True,,1242,,,-23.69138175,-46.77535775,,,,1,2023-06-16T04:05:53+00:00
SAO_6812-10,São Paulo,3550308,True,,1242,,,-23.6790595,-46.763514,,,,1,2023-06-16T04:06:01+00:00
SAO_6812-10,São Paulo,3550308,True,,1242,,,-23.7317165,-46.789798000000005,,,,1,2023-06-16T04:05:55+00:00
SAO_574J-10,São Paulo,3550308,True,,34453,,,-23.57095175,-46.52476075,,,,2,2023-06-16T04:05:56+00:00
SAO_574J-10,São Paulo,3550308,True,,34453,,,-23.5814345,-46.586363500000004,,,,2,2023-06-16T04:05:58+00:00
SAO_574J-10,São Paulo,3550308,True,,34453,,,-23.6022485,-46.602692,,,,2,2023-06-16T04:05:33+00:00
SAO_574J-10,São Paulo,3550308,True,,34453,,,-23.558235500000002,-46.522756,,,,2,2023-06-16T04:05:49+00:00
SAO_574J-10,São Paulo,3550308,True,,34453,,,-23.636083499999998,-46.641462,,,,2,2023-06-16T04:05:47+00:00
SAO_574J-10,São Paulo,3550308,True,,34453,,,-23.6272005,-46.6414305,,,,2,2023-06-16T04:05:27+00:00
SAO_574J-10,São Paulo,3550308,True,,34453,,,-23.5582835,-46.5226775,,,,2,2023-06-16T04:05:19+00:00
SAO_574J-10,São Paulo,3550308,True,,34453,,,-23.636083499999998,-46.641462,,,,2,2023-06-16T04:05:39+00:00
SAO_2720-10,São Paulo,3550308,True,,933,,,-23.4901205,-46.469618499999996,,,,1,2023-06-16T04:05:23+00:00
SAO_2720-10,São Paulo,3550308,True,,933,,,-23.4893565,-46.478916,,,,1,2023-06-16T04:05:32+00:00
SAO_2720-10,São Paulo,3550308,True,,933,,,-23.508155000000002,-46.493489,,,,1,2023-06-16T04:05:18+00:00
SAO_5028-10,São Paulo,3550308,True,,34402,,,-23.5928255,-46.591333875000004,,,,2,2023-06-16T04:05:52+00:00
SAO_5028-10,São Paulo,3550308,True,,34402,,,-23.6108005,-46.580852500000006,,,,2,2023-06-16T04:05:43+00:00
SAO_9009-10,São Paulo,3550308,True,,33645,,,-23.444666249999997,-46.70995625,,,,2,2023-06-16T04:05:21+00:00
SAO_9009-10,São Paulo,3550308,True,,33645,,,-23.4704665,-46.676357499999995,,,,2,2023-06-16T04:05:30+00:00
SAO_9009-10,São Paulo,3550308,True,,33645,,,-23.44138575,-46.71691275,,,,2,2023-06-16T04:05:40+00:00
SAO_9009-10,São Paulo,3550308,True,,33645,,,-23.447722,-46.708287999999996,,,,2,2023-06-16T04:05:34+00:00
SAO_9009-10,São Paulo,3550308,True,,33645,,,-23.473550250000002,-46.670976249999995,,,,2,2023-06-16T04:05:28+00:00
SAO_9009-10,São Paulo,3550308,True,,33645,,,-23.4503195,-46.7003875,,,,2,2023-06-16T04:05:46+00:00
SAO_6050-10,São Paulo,3550308,True,,1225,,,-23.747510562499997,-46.6760350625,,,,1,2023-06-16T04:06:03+00:00
SAO_6050-10,São Paulo,3550308,True,,1225,,,-23.736897499999998,-46.69694,,,,1,2023-06-16T04:05:42+00:00
SAO_6050-10,São Paulo,3550308,True,,1225,,,-23.7498165,-46.6791555,,,,1,2023-06-16T04:05:45+00:00
SAO_6003-21,São Paulo,3550308,True,,35344,,,-23.754374,-46.7089455,,,,2,2023-06-16T04:05:34+00:00
SAO_6003-21,São Paulo,3550308,True,,35344,,,-23.7523915,-46.710492,,,,2,2023-06-16T04:05:28+00:00
SAO_607A-10,São Paulo,3550308,True,,34907,,,-23.7099995,-46.652274500000004,,,,2,2023-06-16T04:05:37+00:00
SAO_607A-10,São Paulo,3550308,True,,34907,,,-23.6990355,-46.6480815,,,,2,2023-06-16T04:05:23+00:00
SAO_607A-10,São Paulo,3550308,True,,34907,,,-23.696430499999998,-46.668815499999994,,,,2,2023-06-16T04:05:38+00:00
SAO_607A-10,São Paulo,3550308,True,,34907,,,-23.6720265,-46.702595,,,,2,2023-06-16T04:05:48+00:00
SAO_607A-10,São Paulo,3550308,True,,34907,,,-23.709861,-46.652393,,,,2,2023-06-16T04:05:51+00:00
SAO_6837-10,São Paulo,3550308,True,,32774,,,-23.622524,-46.762103999999994,,,,2,2023-06-16T04:05:41+00:00
SAO_6837-10,São Paulo,3550308,True,,32774,,,-23.648509500000003,-46.75931925,,,,2,2023-06-16T04:05:48+00:00
SAO_807J-10,São Paulo,3550308,True,,2058,,,-23.631701,-46.7721875,,,,1,2023-06-16T04:05:33+00:00
SAO_807J-10,São Paulo,3550308,True,,2058,,,-23.6187395,-46.699713,,,,1,2023-06-16T04:05:58+00:00
SAO_6038-10,São Paulo,3550308,True,,33984,,,-23.648877499999998,-46.753294499999996,,,,2,2023-06-16T04:05:51+00:00
SAO_6038-10,São Paulo,3550308,True,,33984,,,-23.6582,-46.7894615,,,,2,2023-06-16T04:05:55+00:00
SAO_6038-10,São Paulo,3550308,True,,33984,,,-23.658400999999998,-46.78931475,,,,2,2023-06-16T04:05:40+00:00
SAO_6038-10,São Paulo,3550308,True,,33984,,,-23.6578735,-46.7897725,,,,2,2023-06-16T04:05:54+00:00
SAO_6038-10,São Paulo,3550308,True,,33984,,,-23.657987499999997,-46.7896665,,,,2,2023-06-16T04:05:56+00:00
SAO_6038-10,São Paulo,3550308,True,,33984,,,-23.6621345,-46.779826,,,,2,2023-06-16T04:06:04+00:00
SAO_6038-10,São Paulo,3550308,True,,33984,,,-23.646858125,-46.707122125,,,,2,2023-06-16T04:05:54+00:00
SAO_6038-10,São Paulo,3550308,True,,33984,,,-23.658400999999998,-46.78931475,,,,2,2023-06-16T04:06:02+00:00
SAO_1036-10,São Paulo,3550308,True,,2453,,,-23.4503865,-46.71257,,,,1,2023-06-16T04:05:56+00:00
SAO_1036-10,São Paulo,3550308,True,,2453,,,-23.476986000000004,-46.715074,,,,1,2023-06-16T04:05:38+00:00
SAO_3721-41,São Paulo,3550308,True,,34461,,,-23.5599655,-46.498942,,,,2,2023-06-16T04:06:01+00:00
SAO_3721-41,São Paulo,3550308,True,,34461,,,-23.54209025,-46.4833155,,,,2,2023-06-16T04:05:57+00:00
SAO_3721-41,São Paulo,3550308,True,,34461,,,-23.540855999999998,-46.4849405,,,,2,2023-06-16T04:05:40+00:00
SAO_3721-41,São Paulo,3550308,True,,34461,,,-23.563325499999998,-46.5007915,,,,2,2023-06-16T04:05:56+00:00
SAO_6049-10,São Paulo,3550308,True,,34077,,,-23.661423499999998,-46.749193,,,,2,2023-06-16T04:05:52+00:00
SAO_6049-10,São Paulo,3550308,True,,34077,,,-23.6943805,-46.793962,,,,2,2023-06-16T04:06:02+00:00
SAO_6049-10,São Paulo,3550308,True,,34077,,,-23.6935165,-46.797576500000005,,,,2,2023-06-16T04:05:25+00:00
SAO_129F-10,São Paulo,3550308,True,,35072,,,-23.4900875,-46.6986255,,,,2,2023-06-16T04:05:39+00:00
SAO_129F-10,São Paulo,3550308,True,,35072,,,-23.526317499999998,-46.668392999999995,,,,2,2023-06-16T04:05:38+00:00
SAO_129F-10,São Paulo,3550308,True,,35072,,,-23.51402925,-46.702040249999996,,,,2,2023-06-16T04:05:51+00:00
SAO_2769-10,São Paulo,3550308,True,,33165,,,-23.535292,-46.575307249999994,,,,2,2023-06-16T04:05:37+00:00
SAO_2769-10,São Paulo,3550308,True,,33165,,,-23.506502125,-46.477052750000006,,,,2,2023-06-16T04:05:46+00:00
SAO_2769-10,São Paulo,3550308,True,,33165,,,-23.481961499999997,-46.379926,,,,2,2023-06-16T04:05:34+00:00
SAO_2769-10,São Paulo,3550308,True,,33165,,,-23.4820745,-46.380242,,,,2,2023-06-16T04:06:03+00:00
SAO_2769-10,São Paulo,3550308,True,,33165,,,-23.481961499999997,-46.379926,,,,2,2023-06-16T04:05:38+00:00
SAO_4028-10,São Paulo,3550308,True,,33866,,,-23.6294245,-46.455335000000005,,,,2,2023-06-16T04:05:38+00:00
SAO_4028-10,São Paulo,3550308,True,,33866,,,-23.5961135,-46.487461374999995,,,,2,2023-06-16T04:05:57+00:00
SAO_4028-10,São Paulo,3550308,True,,33866,,,-23.641896000000003,-46.4389945,,,,2,2023-06-16T04:05:57+00:00
SAO_4028-10,São Paulo,3550308,True,,33866,,,-23.5926885625,-46.4887616875,,,,2,2023-06-16T04:05:19+00:00
SAO_4028-10,São Paulo,3550308,True,,33866,,,-23.593083,-46.4887815,,,,2,2023-06-16T04:05:59+00:00
SAO_4028-10,São Paulo,3550308,True,,33866,,,-23.5926885625,-46.4887616875,,,,2,2023-06-16T04:05:29+00:00
SAO_1756-10,São Paulo,3550308,True,,33315,,,-23.4580515,-46.6428225,,,,2,2023-06-16T04:05:44+00:00
SAO_1756-10,São Paulo,3550308,True,,33315,,,-23.477407499999998,-46.63344175,,,,2,2023-06-16T04:05:35+00:00
SAO_1756-10,São Paulo,3550308,True,,33315,,,-23.458014499999997,-46.642661000000004,,,,2,2023-06-16T04:06:00+00:00
SAO_5632-10,São Paulo,3550308,True,,32849,,,-23.572032375000003,-46.641120625,,,,2,2023-06-16T04:05:47+00:00
SAO_5632-10,São Paulo,3550308,True,,32849,,,-23.71401225,-46.70844,,,,2,2023-06-16T04:05:28+00:00
SAO_5632-10,São Paulo,3550308,True,,32849,,,-23.738557,-46.708826,,,,2,2023-06-16T04:05:44+00:00
SAO_2740-10,São Paulo,3550308,True,,34560,,,-23.4922745,-46.6243145,,,,2,2023-06-16T04:05:42+00:00
SAO_2740-10,São Paulo,3550308,True,,34560,,,-23.4580645,-46.6433105,,,,2,2023-06-16T04:06:00+00:00
SAO_2740-10,São Paulo,3550308,True,,34560,,,-23.45846625,-46.60761875,,,,2,2023-06-16T04:05:43+00:00
SAO_2740-10,São Paulo,3550308,True,,34560,,,-23.457787500000002,-46.6425785,,,,2,2023-06-16T04:05:50+00:00
SAO_2740-10,São Paulo,3550308,True,,34560,,,-23.4580515,-46.6428225,,,,2,2023-06-16T04:05:29+00:00
SAO_514T-10,São Paulo,3550308,True,,1671,,,-23.593613499999996,-46.61003875,,,,1,2023-06-16T04:05:46+00:00
SAO_514T-10,São Paulo,3550308,True,,1671,,,-23.5846035,-46.584162500000005,,,,1,2023-06-16T04:05:50+00:00
SAO_514T-10,São Paulo,3550308,True,,1671,,,-23.594617999999997,-46.5263585,,,,1,2023-06-16T04:05:55+00:00
SAO_514T-10,São Paulo,3550308,True,,1671,,,-23.5929065,-46.4985205,,,,1,2023-06-16T04:05:57+00:00
SAO_514T-10,São Paulo,3550308,True,,1671,,,-23.592783,-46.4988795,,,,1,2023-06-16T04:05:57+00:00
SAO_514T-10,São Paulo,3550308,True,,1671,,,-23.58213,-46.5629745,,,,1,2023-06-16T04:05:35+00:00
SAO_3725-41,São Paulo,3550308,True,,34299,,,-23.532833500000002,-46.530833,,,,2,2023-06-16T04:05:24+00:00
SAO_546A-10,São Paulo,3550308,True,,1131,,,-23.6545995,-46.7033345,,,,1,2023-06-16T04:05:23+00:00
SAO_546A-10,São Paulo,3550308,True,,1131,,,-23.691342499999998,-46.671116,,,,1,2023-06-16T04:06:01+00:00
SAO_2703-10,São Paulo,3550308,True,Urubupungá,915,https://moovitapp.com/index/pt-br/transporte_p%C3%BAblico-line-915-Sao_Paulo-242-873835-75841134-0,4.6,-23.52489375,-46.435332,,,,1,2023-06-16T04:05:40+00:00
SAO_2703-10,São Paulo,3550308,True,Urubupungá,915,https://moovitapp.com/index/pt-br/transporte_p%C3%BAblico-line-915-Sao_Paulo-242-873835-75841134-0,4.6,-23.5427535,-46.470349999999996,,,,1,2023-06-16T04:03:43+00:00
SAO_2703-10,São Paulo,3550308,True,Urubupungá,915,https://moovitapp.com/index/pt-br/transporte_p%C3%BAblico-line-915-Sao_Paulo-242-873835-75841134-0,4.6,-23.531171999999998,-46.4193725,,,,1,2023-06-16T04:05:35+00:00
SAO_2703-10,São Paulo,3550308,True,Urubupungá,915,https://moovitapp.com/index/pt-br/transporte_p%C3%BAblico-line-915-Sao_Paulo-242-873835-75841134-0,4.6,-23.529542499999998,-46.420608,,,,1,2023-06-16T04:05:49+00:00
SAO_2703-10,São Paulo,3550308,True,Urubupungá,915,https://moovitapp.com/index/pt-br/transporte_p%C3%BAblico-line-915-Sao_Paulo-242-873835-75841134-0,4.6,-23.5337655,-46.452283,,,,1,2023-06-16T04:05:54+00:00
SAO_271M-10,São Paulo,3550308,True,,684,,,-23.512827,-46.563369,,,,1,2023-06-16T04:05:36+00:00
SAO_271M-10,São Paulo,3550308,True,,684,,,-23.5008385,-46.578462,,,,1,2023-06-16T04:06:02+00:00
SAO_271M-10,São Paulo,3550308,True,,684,,,-23.512560999999998,-46.563621499999996,,,,1,2023-06-16T04:05:58+00:00
SAO_271M-10,São Paulo,3550308,True,,684,,,-23.5141345,-46.564039,,,,1,2023-06-16T04:05:52+00:00
SAO_7040-10,São Paulo,3550308,True,,33544,,,-23.618883500000003,-46.722800500000005,,,,2,2023-06-16T04:05:45+00:00
SAO_7040-10,São Paulo,3550308,True,,33544,,,-23.623783500000002,-46.727943999999994,,,,2,2023-06-16T04:05:39+00:00
SAO_7040-10,São Paulo,3550308,True,,33544,,,-23.5726825,-46.6898945,,,,2,2023-06-16T04:05:41+00:00
SAO_7040-10,São Paulo,3550308,True,,33544,,,-23.5849255,-46.6905905,,,,2,2023-06-16T04:05:58+00:00
SAO_756A-10,São Paulo,3550308,True,,793,,,-23.594915,-46.760886,,,,1,2023-06-16T04:05:51+00:00
SAO_756A-10,São Paulo,3550308,True,,793,,,-23.6206535,-46.699377,,,,1,2023-06-16T04:05:40+00:00
SAO_756A-10,São Paulo,3550308,True,,793,,,-23.613538,-46.695644,,,,1,2023-06-16T04:05:52+00:00
SAO_756A-10,São Paulo,3550308,True,,793,,,-23.589406250000003,-46.766365500000006,,,,1,2023-06-16T04:06:03+00:00
SAO_476A-10,São Paulo,3550308,True,,33072,,,-23.62863175,-46.6888945,,,,2,2023-06-16T04:05:48+00:00
SAO_476A-10,São Paulo,3550308,True,,33072,,,-23.614659250000003,-46.666546249999996,,,,2,2023-06-16T04:05:33+00:00
SAO_476A-10,São Paulo,3550308,True,,33072,,,-23.577496,-46.600854,,,,2,2023-06-16T04:05:34+00:00
SAO_476A-10,São Paulo,3550308,True,,33072,,,-23.622559250000002,-46.684604500000006,,,,2,2023-06-16T04:05:42+00:00
SAO_9011-21,São Paulo,3550308,True,,1768,,,-23.4547945,-46.738510500000004,,,,1,2023-06-16T04:05:20+00:00
SAO_9011-21,São Paulo,3550308,True,,1768,,,-23.445453,-46.735937,,,,1,2023-06-16T04:05:55+00:00
SAO_9011-21,São Paulo,3550308,True,,1768,,,-23.4547945,-46.738510500000004,,,,1,2023-06-16T04:04:59+00:00
SAO_9011-21,São Paulo,3550308,True,,1768,,,-23.455021000000002,-46.7383805,,,,1,2023-06-16T04:05:35+00:00
SAO_9011-21,São Paulo,3550308,True,,1768,,,-23.442786749999996,-46.72564725,,,,1,2023-06-16T04:05:58+00:00
SAO_9011-21,São Paulo,3550308,True,,1768,,,-23.4547945,-46.738510500000004,,,,1,2023-06-16T04:05:56+00:00
SAO_9011-21,São Paulo,3550308,True,,1768,,,-23.4547945,-46.738510500000004,,,,1,2023-06-16T04:05:42+00:00
SAO_2735-21,São Paulo,3550308,True,,33282,,,-23.497299124999998,-46.52961875,,,,2,2023-06-16T04:05:26+00:00
SAO_2735-21,São Paulo,3550308,True,,33282,,,-23.533457,-46.545647,,,,2,2023-06-16T04:05:44+00:00
SAO_314V-10,São Paulo,3550308,True,EMTU,311,https://moovitapp.com/index/pt-br/transporte_p%C3%BAblico-line-311-Sao_Paulo-242-2038937-36419403-0,7.9,-23.576850875,-46.604337125,,,,1,2023-06-16T04:05:47+00:00
SAO_546J-31,São Paulo,3550308,True,,34783,,,-23.687413749999997,-46.6586645,,,,2,2023-06-16T04:05:22+00:00
SAO_546J-31,São Paulo,3550308,True,,34783,,,-23.687986000000002,-46.65963875,,,,2,2023-06-16T04:06:00+00:00
SAO_546J-31,São Paulo,3550308,True,,34783,,,-23.688448,-46.6592945,,,,2,2023-06-16T04:05:31+00:00
SAO_3003-10,São Paulo,3550308,True,,1797,,,-23.4784465,-46.4200495,,,,1,2023-06-16T04:05:20+00:00
SAO_6815-10,São Paulo,3550308,True,BR7 Mobilidade,25,https://moovitapp.com/index/pt-br/transporte_p%C3%BAblico-line-25-Sao_Paulo-242-851856-758720-0,5.75,-23.66215,-46.7691005,,,,1,2023-06-16T04:05:30+00:00
SAO_6815-10,São Paulo,3550308,True,BR7 Mobilidade,25,https://moovitapp.com/index/pt-br/transporte_p%C3%BAblico-line-25-Sao_Paulo-242-851856-758720-0,5.75,-23.6762685,-46.783033,,,,1,2023-06-16T04:05:22+00:00
SAO_6L11-10,São Paulo,3550308,True,,33935,,,-23.762112000000002,-46.655372,,,,2,2023-06-16T04:05:48+00:00
SAO_6L11-10,São Paulo,3550308,True,,33935,,,-23.8007515,-46.63825,,,,2,2023-06-16T04:05:47+00:00
SAO_5145-10,São Paulo,3550308,True,,34409,,,-23.6139405,-46.501206499999995,,,,2,2023-06-16T04:05:47+00:00
SAO_5145-10,São Paulo,3550308,True,,34409,,,-23.578552,-46.607701750000004,,,,2,2023-06-16T04:05:57+00:00
SAO_5145-10,São Paulo,3550308,True,,34409,,,-23.6139405,-46.501206499999995,,,,2,2023-06-16T04:05:50+00:00
SAO_5145-10,São Paulo,3550308,True,,34409,,,-23.5814765,-46.537658,,,,2,2023-06-16T04:05:34+00:00
SAO_5317-10,São Paulo,3550308,True,,32837,,,-23.713659749999998,-46.68957625,,,,2,2023-06-16T04:05:34+00:00
SAO_5317-10,São Paulo,3550308,True,,32837,,,-23.71494375,-46.690032,,,,2,2023-06-16T04:05:34+00:00
SAO_5317-10,São Paulo,3550308,True,,32837,,,-23.600166875,-46.659081,,,,2,2023-06-16T04:05:45+00:00
SAO_5317-10,São Paulo,3550308,True,,32837,,,-23.7221975,-46.688697250000004,,,,2,2023-06-16T04:05:38+00:00
SAO_7040-10,São Paulo,3550308,True,,776,,,-23.592704,-46.7044715,,,,1,2023-06-16T04:05:29+00:00
SAO_7040-10,São Paulo,3550308,True,,776,,,-23.5657955,-46.693697,,,,1,2023-06-16T04:06:00+00:00
SAO_7040-10,São Paulo,3550308,True,,776,,,-23.56768875,-46.692916,,,,1,2023-06-16T04:05:36+00:00
SAO_7040-10,São Paulo,3550308,True,,776,,,-23.622961,-46.7285805,,,,1,2023-06-16T04:05:48+00:00
SAO_2756-10,São Paulo,3550308,True,,33006,,,-23.5119695,-46.4873925,,,,2,2023-06-16T04:05:34+00:00
SAO_2756-10,São Paulo,3550308,True,,33006,,,-23.517194,-46.489208,,,,2,2023-06-16T04:03:18+00:00
SAO_2756-10,São Paulo,3550308,True,,33006,,,-23.5439295,-46.3912265,,,,2,2023-06-16T04:05:50+00:00
SAO_2756-10,São Paulo,3550308,True,,33006,,,-23.5444265,-46.390927,,,,2,2023-06-16T04:05:48+00:00
SAO_2756-10,São Paulo,3550308,True,,33006,,,-23.5444415,-46.391074,,,,2,2023-06-16T04:05:52+00:00
SAO_4013-10,São Paulo,3550308,True,,34954,,,-23.61275,-46.476256,,,,2,2023-06-16T04:05:58+00:00
SAO_4013-10,São Paulo,3550308,True,,34954,,,-23.6349765,-46.443518499999996,,,,2,2023-06-16T04:05:55+00:00
SAO_4013-10,São Paulo,3550308,True,,34954,,,-23.620143249999998,-46.45589525,,,,2,2023-06-16T04:05:24+00:00
SAO_6003-21,São Paulo,3550308,True,,2576,,,-23.761799,-46.715466500000005,,,,1,2023-06-16T04:05:42+00:00
SAO_1024-10,São Paulo,3550308,True,,35070,,,-23.4587595,-46.6991375,,,,2,2023-06-16T04:05:50+00:00
SAO_1024-10,São Paulo,3550308,True,,35070,,,-23.4567875,-46.702982500000005,,,,2,2023-06-16T04:05:21+00:00
SAO_1024-10,São Paulo,3550308,True,,35070,,,-23.4611935,-46.70918,,,,2,2023-06-16T04:05:47+00:00
SAO_1024-10,São Paulo,3550308,True,,35070,,,-23.460804500000002,-46.7086025,,,,2,2023-06-16T04:05:50+00:00
SAO_1024-10,São Paulo,3550308,True,,35070,,,-23.48604925,-46.6965175,,,,2,2023-06-16T04:05:44+00:00
SAO_6821-10,São Paulo,3550308,True,BR7 Mobilidade,21,https://moovitapp.com/index/pt-br/transporte_p%C3%BAblico-line-21-Sao_Paulo-242-851856-707765-0,5.75,-23.6779205,-46.776494,,,,1,2023-06-16T04:05:33+00:00
SAO_6821-10,São Paulo,3550308,True,BR7 Mobilidade,21,https://moovitapp.com/index/pt-br/transporte_p%C3%BAblico-line-21-Sao_Paulo-242-851856-707765-0,5.75,-23.685882499999998,-46.7807575,,,,1,2023-06-16T04:05:54+00:00
SAO_4025-10,São Paulo,3550308,True,,1095,,,-23.604969750000002,-46.566522500000005,,,,1,2023-06-16T04:05:32+00:00
SAO_4025-10,São Paulo,3550308,True,,1095,,,-23.578505,-46.5786145,,,,1,2023-06-16T04:06:02+00:00
SAO_4025-10,São Paulo,3550308,True,,1095,,,-23.54147175,-46.573660249999996,,,,1,2023-06-16T04:05:24+00:00
SAO_4025-10,São Paulo,3550308,True,,1095,,,-23.5867535,-46.5698875,,,,1,2023-06-16T04:05:48+00:00
SAO_4025-10,São Paulo,3550308,True,,1095,,,-23.60848,-46.554349,,,,1,2023-06-16T04:05:46+00:00
SAO_4025-10,São Paulo,3550308,True,,1095,,,-23.540949375,-46.573049749999996,,,,1,2023-06-16T04:05:26+00:00
SAO_2728-10,São Paulo,3550308,True,,33711,,,-23.5015605,-46.512554,,,,2,2023-06-16T04:05:36+00:00
SAO_2728-10,São Paulo,3550308,True,,33711,,,-23.50133,-46.5125285,,,,2,2023-06-16T04:06:00+00:00
SAO_2728-10,São Paulo,3550308,True,,33711,,,-23.50133,-46.5125285,,,,2,2023-06-16T04:05:59+00:00
SAO_2728-10,São Paulo,3550308,True,,33711,,,-23.50133,-46.5125285,,,,2,2023-06-16T04:05:42+00:00
SAO_2728-10,São Paulo,3550308,True,,33711,,,-23.5111265,-46.543341,,,,2,2023-06-16T04:05:37+00:00
SAO_2728-10,São Paulo,3550308,True,,33711,,,-23.50133,-46.5125285,,,,2,2023-06-16T04:05:39+00:00
SAO_2728-10,São Paulo,3550308,True,,33711,,,-23.53209775,-46.5480615,,,,2,2023-06-16T04:05:30+00:00
SAO_4721-10,São Paulo,3550308,True,EMTU,337,https://moovitapp.com/index/pt-br/transporte_p%C3%BAblico-line-337-Sao_Paulo-242-2038937-36419422-0,6.35,-23.616867999999997,-46.627260750000005,,,,1,2023-06-16T04:05:39+00:00
SAO_6093-10,São Paulo,3550308,True,,1585,,,-23.769907000000003,-46.717877,,,,1,2023-06-16T04:05:23+00:00
SAO_6093-10,São Paulo,3550308,True,,1585,,,-23.8264895,-46.731235,,,,1,2023-06-16T04:05:53+00:00
SAO_6093-10,São Paulo,3550308,True,,1585,,,-23.7934825,-46.729563999999996,,,,1,2023-06-16T04:06:04+00:00
SAO_6093-10,São Paulo,3550308,True,,1585,,,-23.7374635,-46.697805,,,,1,2023-06-16T04:05:52+00:00
SAO_8215-10,São Paulo,3550308,True,,574,,,-23.461478,-46.7084365,,,,1,2023-06-16T04:05:36+00:00
SAO_8215-10,São Paulo,3550308,True,,574,,,-23.5424655,-46.6362015,,,,1,2023-06-16T04:05:54+00:00
SAO_8215-10,São Paulo,3550308,True,,574,,,-23.542927,-46.6365225,,,,1,2023-06-16T04:05:59+00:00
SAO_8215-10,São Paulo,3550308,True,,574,,,-23.461478,-46.7084365,,,,1,2023-06-16T04:05:29+00:00
SAO_8215-10,São Paulo,3550308,True,,574,,,-23.468988,-46.694798500000005,,,,1,2023-06-16T04:05:46+00:00
SAO_8215-10,São Paulo,3550308,True,,574,,,-23.461478,-46.7084365,,,,1,2023-06-16T04:05:37+00:00
SAO_8215-10,São Paulo,3550308,True,,574,,,-23.521924374999998,-46.664559624999995,,,,1,2023-06-16T04:05:55+00:00
SAO_6062-10,São Paulo,3550308,True,,33919,,,-23.739462,-46.68600225,,,,2,2023-06-16T04:05:53+00:00
SAO_6062-10,São Paulo,3550308,True,,33919,,,-23.726845,-46.6906375,,,,2,2023-06-16T04:05:37+00:00
SAO_8010-10,São Paulo,3550308,True,,798,,,-23.5167319375,-46.70549,,,,1,2023-06-16T04:05:52+00:00
SAO_8010-10,São Paulo,3550308,True,,798,,,-23.4455625,-46.7225325,,,,1,2023-06-16T04:05:57+00:00
SAO_273D-10,São Paulo,3550308,True,,222,,,-23.520804,-46.4114145,,,,1,2023-06-16T04:05:44+00:00
SAO_273D-10,São Paulo,3550308,True,,222,,,-23.540062499999998,-46.482594375,,,,1,2023-06-16T04:05:23+00:00
SAO_273D-10,São Paulo,3550308,True,,222,,,-23.4957225,-46.4108095,,,,1,2023-06-16T04:05:51+00:00
SAO_695Y-10,São Paulo,3550308,True,,1198,,,-23.5969325,-46.655863,,,,1,2023-06-16T04:05:57+00:00
SAO_695Y-10,São Paulo,3550308,True,,1198,,,-23.7773025,-46.723008,,,,1,2023-06-16T04:01:44+00:00
SAO_695Y-10,São Paulo,3550308,True,,1198,,,-23.664137750000002,-46.691106500000004,,,,1,2023-06-16T04:05:53+00:00
SAO_695Y-10,São Paulo,3550308,True,,1198,,,-23.804336,-46.735369000000006,,,,1,2023-06-16T04:05:57+00:00
SAO_7272-10,São Paulo,3550308,True,,1333,,,-23.5183185,-46.706914499999996,,,,1,2023-06-16T04:05:42+00:00
SAO_7272-10,São Paulo,3550308,True,,1333,,,-23.5539145,-46.660649500000005,,,,1,2023-06-16T04:06:01+00:00
SAO_7272-10,São Paulo,3550308,True,,1333,,,-23.5183185,-46.706914499999996,,,,1,2023-06-16T04:05:28+00:00
SAO_2714-10,São Paulo,3550308,True,,927,,,-23.510697999999998,-46.530341,,,,1,2023-06-16T04:05:33+00:00
SAO_2088-10,São Paulo,3550308,True,EMTU,372,https://moovitapp.com/index/pt-br/transporte_p%C3%BAblico-line-372-Sao_Paulo-242-2038937-36419447-0,4.9,-23.49634025,-46.37746,,,,1,2023-06-16T04:05:48+00:00
SAO_2088-10,São Paulo,3550308,True,EMTU,372,https://moovitapp.com/index/pt-br/transporte_p%C3%BAblico-line-372-Sao_Paulo-242-2038937-36419447-0,4.9,-23.5033795,-46.3802745,,,,1,2023-06-16T04:05:43+00:00
SAO_2088-10,São Paulo,3550308,True,EMTU,372,https://moovitapp.com/index/pt-br/transporte_p%C3%BAblico-line-372-Sao_Paulo-242-2038937-36419447-0,4.9,-23.486954,-46.382493124999996,,,,1,2023-06-16T04:05:29+00:00
SAO_4092-10,São Paulo,3550308,True,,34644,,,-23.582991999999997,-46.4079,,,,2,2023-06-16T04:05:55+00:00
SAO_4092-10,São Paulo,3550308,True,,34644,,,-23.58250225,-46.416264500000004,,,,2,2023-06-16T04:05:31+00:00
SAO_8025-10,São Paulo,3550308,True,,34844,,,-23.585929125,-46.73738425,,,,2,2023-06-16T04:05:20+00:00
SAO_8025-10,São Paulo,3550308,True,,34844,,,-23.590518,-46.76971475,,,,2,2023-06-16T04:05:59+00:00
SAO_1775-10,São Paulo,3550308,True,,33406,,,-23.506921,-46.62476025,,,,2,2023-06-16T04:05:43+00:00
SAO_1775-10,São Paulo,3550308,True,,33406,,,-23.459989999999998,-46.6259165,,,,2,2023-06-16T04:05:50+00:00
SAO_1775-10,São Paulo,3550308,True,,33406,,,-23.4944455,-46.625870500000005,,,,2,2023-06-16T04:02:51+00:00
SAO_2080-10,São Paulo,3550308,True,,371,,,-23.4875525,-46.3821995,,,,1,2023-06-16T04:03:52+00:00
SAO_2080-10,São Paulo,3550308,True,,371,,,-23.49218325,-46.44784075,,,,1,2023-06-16T04:05:22+00:00
SAO_2080-10,São Paulo,3550308,True,,371,,,-23.4991225,-46.370177999999996,,,,1,2023-06-16T04:05:26+00:00
SAO_2080-10,São Paulo,3550308,True,,371,,,-23.528427999999998,-46.552193249999995,,,,1,2023-06-16T04:05:47+00:00
SAO_857C-10,São Paulo,3550308,True,,1901,,,-23.6337415,-46.772414,,,,1,2023-06-16T04:06:00+00:00
SAO_857C-10,São Paulo,3550308,True,,1901,,,-23.638920249999998,-46.696384,,,,1,2023-06-16T04:05:39+00:00
SAO_9789-10,São Paulo,3550308,True,,33597,,,-23.461335,-46.70867325,,,,2,2023-06-16T04:05:26+00:00
SAO_9789-10,São Paulo,3550308,True,,33597,,,-23.48815975,-46.685380249999994,,,,2,2023-06-16T04:05:18+00:00
SAO_9789-10,São Paulo,3550308,True,,33597,,,-23.5120485,-46.6729335,,,,2,2023-06-16T04:05:36+00:00
SAO_9789-10,São Paulo,3550308,True,,33597,,,-23.524528,-46.665537,,,,2,2023-06-16T04:05:48+00:00
SAO_2523-10,São Paulo,3550308,True,Cidade de Caieiras,250,https://moovitapp.com/index/pt-br/transporte_p%C3%BAblico-line-250-Sao_Paulo-242-868761-752902-0,5.0,-23.5178825,-46.475722000000005,,,,1,2023-06-16T04:05:58+00:00
SAO_2523-10,São Paulo,3550308,True,Cidade de Caieiras,250,https://moovitapp.com/index/pt-br/transporte_p%C3%BAblico-line-250-Sao_Paulo-242-868761-752902-0,5.0,-23.5182095,-46.475659,,,,1,2023-06-16T04:05:17+00:00
SAO_6007-10,São Paulo,3550308,True,,176,,,-23.667333499999998,-46.7278095,,,,1,2023-06-16T04:05:31+00:00
SAO_6007-10,São Paulo,3550308,True,,176,,,-23.65399525,-46.716798999999995,,,,1,2023-06-16T04:05:45+00:00
SAO_6007-10,São Paulo,3550308,True,,176,,,-23.654448000000002,-46.763219500000005,,,,1,2023-06-16T04:05:40+00:00
SAO_6007-10,São Paulo,3550308,True,,176,,,-23.660854999999998,-46.733574000000004,,,,1,2023-06-16T04:04:22+00:00
SAO_6007-10,São Paulo,3550308,True,,176,,,-23.669992999999998,-46.756699499999996,,,,1,2023-06-16T04:05:42+00:00
SAO_3745-10,São Paulo,3550308,True,,33812,,,-23.574139,-46.52162475,,,,2,2023-06-16T04:05:40+00:00
SAO_3745-10,São Paulo,3550308,True,,33812,,,-23.57093,-46.534441,,,,2,2023-06-16T04:05:35+00:00
SAO_3745-10,São Paulo,3550308,True,,33812,,,-23.542753750000003,-46.551449000000005,,,,2,2023-06-16T04:06:02+00:00
SAO_3745-10,São Paulo,3550308,True,,33812,,,-23.589163499999998,-46.500732,,,,2,2023-06-16T04:05:30+00:00
SAO_6822-10,São Paulo,3550308,True,,32790,,,-23.644125,-46.77959,,,,2,2023-06-16T04:05:55+00:00
SAO_6822-10,São Paulo,3550308,True,,32790,,,-23.6514795,-46.7907545,,,,2,2023-06-16T04:05:26+00:00
SAO_6822-10,São Paulo,3550308,True,,32790,,,-23.65385975,-46.79008575,,,,2,2023-06-16T04:05:57+00:00
SAO_2016-10,São Paulo,3550308,True,,902,,,-23.4960775,-46.4026035,,,,1,2023-06-16T04:05:45+00:00
SAO_2016-10,São Paulo,3550308,True,,902,,,-23.49402225,-46.419398,,,,1,2023-06-16T04:05:26+00:00
SAO_2016-10,São Paulo,3550308,True,,902,,,-23.492049,-46.38438425,,,,1,2023-06-16T04:05:59+00:00
SAO_874T-10,São Paulo,3550308,True,,33075,,,-23.577792125000002,-46.601164,,,,2,2023-06-16T04:06:01+00:00
SAO_874T-10,São Paulo,3550308,True,,33075,,,-23.5781975,-46.640555,,,,2,2023-06-16T04:05:42+00:00
SAO_874T-10,São Paulo,3550308,True,,33075,,,-23.577792125000002,-46.601164,,,,2,2023-06-16T04:05:26+00:00
SAO_874T-10,São Paulo,3550308,True,,33075,,,-23.532908125,-46.669807875000004,,,,2,2023-06-16T04:05:24+00:00
SAO_8610-10,São Paulo,3550308,True,,2063,,,-23.603227500000003,-46.7805135,,,,1,2023-06-16T04:05:28+00:00
SAO_8610-10,São Paulo,3550308,True,,2063,,,-23.583202999999997,-46.772955499999995,,,,1,2023-06-16T04:05:23+00:00
SAO_314V-10,São Paulo,3550308,True,,33079,,,-23.57912225,-46.57301325,,,,2,2023-06-16T04:05:41+00:00
SAO_314V-10,São Paulo,3550308,True,,33079,,,-23.5903485,-46.5381825,,,,2,2023-06-16T04:05:46+00:00
SAO_314V-10,São Paulo,3550308,True,,33079,,,-23.566694,-46.618024500000004,,,,2,2023-06-16T04:05:11+00:00
SAO_3053-10,São Paulo,3550308,True,,973,,,-23.542945500000002,-46.588449,,,,1,2023-06-16T04:05:45+00:00
SAO_3053-10,São Paulo,3550308,True,,973,,,-23.585147999999997,-46.494602,,,,1,2023-06-16T04:05:58+00:00
SAO_3053-10,São Paulo,3550308,True,,973,,,-23.584198999999998,-46.528617499999996,,,,1,2023-06-16T04:06:00+00:00
SAO_6806-10,São Paulo,3550308,True,BR7 Mobilidade,32,https://moovitapp.com/index/pt-br/transporte_p%C3%BAblico-line-32-Sao_Paulo-242-851856-586488-0,5.75,-23.6388555,-46.7551875,,,,1,2023-06-16T04:05:22+00:00
SAO_5033-10,São Paulo,3550308,True,,34433,,,-23.6024155,-46.612331,,,,2,2023-06-16T04:05:53+00:00
SAO_354M-10,São Paulo,3550308,True,,34387,,,-23.491803500000003,-46.434038,,,,2,2023-06-16T04:05:48+00:00
SAO_3721-41,São Paulo,3550308,True,,1693,,,-23.5424675,-46.470273500000005,,,,1,2023-06-16T04:05:56+00:00
SAO_3721-41,São Paulo,3550308,True,,1693,,,-23.56316,-46.500642,,,,1,2023-06-16T04:05:55+00:00
SAO_3721-41,São Paulo,3550308,True,,1693,,,-23.5495685,-46.48489175,,,,1,2023-06-16T04:05:27+00:00
SAO_3721-41,São Paulo,3550308,True,,1693,,,-23.5609155,-46.491575999999995,,,,1,2023-06-16T04:05:50+00:00
SAO_3721-41,São Paulo,3550308,True,,1693,,,-23.55552075,-46.49208899999999,,,,1,2023-06-16T04:05:40+00:00
SAO_3721-41,São Paulo,3550308,True,,1693,,,-23.5636785,-46.5006755,,,,1,2023-06-16T04:05:59+00:00
SAO_7053-21,São Paulo,3550308,True,,34663,,,-23.6315095,-46.772093,,,,2,2023-06-16T04:05:49+00:00
SAO_7053-21,São Paulo,3550308,True,,34663,,,-23.642522,-46.786126499999995,,,,2,2023-06-16T04:05:56+00:00
SAO_5018-10,São Paulo,3550308,True,,34260,,,-23.647043500000002,-46.6409255,,,,2,2023-06-16T04:05:52+00:00
SAO_5018-10,São Paulo,3550308,True,,34260,,,-23.6853555,-46.672900999999996,,,,2,2023-06-16T04:05:55+00:00
SAO_5018-10,São Paulo,3550308,True,,34260,,,-23.6942075,-46.653941,,,,2,2023-06-16T04:04:44+00:00
SAO_5018-10,São Paulo,3550308,True,,34260,,,-23.673698,-46.6771845,,,,2,2023-06-16T04:05:41+00:00
SAO_5018-10,São Paulo,3550308,True,,34260,,,-23.6929245,-46.659800000000004,,,,2,2023-06-16T04:05:49+00:00
SAO_2080-10,São Paulo,3550308,True,,33139,,,-23.510422374999997,-46.36670225,,,,2,2023-06-16T04:05:34+00:00
SAO_2080-10,São Paulo,3550308,True,,33139,,,-23.509847875,-46.36656325,,,,2,2023-06-16T04:04:31+00:00
SAO_2080-10,São Paulo,3550308,True,,33139,,,-23.509086,-46.4956995,,,,2,2023-06-16T04:05:55+00:00
SAO_2080-10,São Paulo,3550308,True,,33139,,,-23.493424500000003,-46.441241000000005,,,,2,2023-06-16T04:05:43+00:00
SAO_2080-10,São Paulo,3550308,True,,33139,,,-23.49209975,-46.44760375,,,,2,2023-06-16T04:05:32+00:00
SAO_2080-10,São Paulo,3550308,True,,33139,,,-23.510135124999998,-46.366632749999994,,,,2,2023-06-16T04:05:44+00:00
SAO_748A-10,São Paulo,3550308,True,EMTU,498,https://moovitapp.com/index/pt-br/transporte_p%C3%BAblico-line-498-Sao_Paulo-242-2038937-36419523-0,5.4,-23.550092562499998,-46.7390546875,,,,1,2023-06-16T04:05:30+00:00
SAO_748A-10,São Paulo,3550308,True,EMTU,498,https://moovitapp.com/index/pt-br/transporte_p%C3%BAblico-line-498-Sao_Paulo-242-2038937-36419523-0,5.4,-23.524935999999997,-46.716297,,,,1,2023-06-16T04:05:52+00:00
SAO_748A-10,São Paulo,3550308,True,EMTU,498,https://moovitapp.com/index/pt-br/transporte_p%C3%BAblico-line-498-Sao_Paulo-242-2038937-36419523-0,5.4,-23.585392499999998,-46.7625915,,,,1,2023-06-16T04:05:34+00:00
SAO_2722-31,São Paulo,3550308,True,,33704,,,-23.522297000000002,-46.515229500000004,,,,2,2023-06-16T04:05:56+00:00
SAO_2722-31,São Paulo,3550308,True,,33704,,,-23.485591499999998,-46.497707500000004,,,,2,2023-06-16T04:05:33+00:00
SAO_2722-31,São Paulo,3550308,True,,33704,,,-23.520741,-46.515246,,,,2,2023-06-16T04:05:21+00:00
SAO_477P-10,São Paulo,3550308,True,EMTU,348,https://moovitapp.com/index/pt-br/transporte_p%C3%BAblico-line-348-Sao_Paulo-242-2038937-36419431-0,5.1,-23.585829,-46.7563795,,,,1,2023-06-16T04:05:18+00:00
SAO_477P-10,São Paulo,3550308,True,EMTU,348,https://moovitapp.com/index/pt-br/transporte_p%C3%BAblico-line-348-Sao_Paulo-242-2038937-36419431-0,5.1,-23.6045725,-46.599794,,,,1,2023-06-16T04:05:28+00:00
SAO_477P-10,São Paulo,3550308,True,EMTU,348,https://moovitapp.com/index/pt-br/transporte_p%C3%BAblico-line-348-Sao_Paulo-242-2038937-36419431-0,5.1,-23.573483625,-46.713240875,,,,1,2023-06-16T04:05:56+00:00
SAO_477P-10,São Paulo,3550308,True,EMTU,348,https://moovitapp.com/index/pt-br/transporte_p%C3%BAblico-line-348-Sao_Paulo-242-2038937-36419431-0,5.1,-23.603901125,-46.657901375,,,,1,2023-06-16T04:05:58+00:00
SAO_477P-10,São Paulo,3550308,True,EMTU,348,https://moovitapp.com/index/pt-br/transporte_p%C3%BAblico-line-348-Sao_Paulo-242-2038937-36419431-0,5.1,-23.6120705,-46.608466,,,,1,2023-06-16T04:05:42+00:00
SAO_477P-10,São Paulo,3550308,True,EMTU,348,https://moovitapp.com/index/pt-br/transporte_p%C3%BAblico-line-348-Sao_Paulo-242-2038937-36419431-0,5.1,-23.5988465,-46.67808225,,,,1,2023-06-16T04:05:23+00:00
SAO_477P-10,São Paulo,3550308,True,EMTU,348,https://moovitapp.com/index/pt-br/transporte_p%C3%BAblico-line-348-Sao_Paulo-242-2038937-36419431-0,5.1,-23.603430125,-46.62574325,,,,1,2023-06-16T04:05:23+00:00
SAO_2727-10,São Paulo,3550308,True,,942,,,-23.539009125,-46.481483999999995,,,,1,2023-06-16T04:05:25+00:00
SAO_2727-10,São Paulo,3550308,True,,942,,,-23.521998749999998,-46.461825000000005,,,,1,2023-06-16T04:05:52+00:00
SAO_2727-10,São Paulo,3550308,True,,942,,,-23.531132,-46.466767,,,,1,2023-06-16T04:05:30+00:00
SAO_208V-10,São Paulo,3550308,True,,32975,,,-23.52370775,-46.5465455,,,,2,2023-06-16T04:06:01+00:00
SAO_208V-10,São Paulo,3550308,True,,32975,,,-23.51775,-46.4757475,,,,2,2023-06-16T04:05:40+00:00
SAO_208V-10,São Paulo,3550308,True,,32975,,,-23.517572,-46.475783,,,,2,2023-06-16T04:05:52+00:00
SAO_208V-10,São Paulo,3550308,True,,32975,,,-23.5173865,-46.47583825,,,,2,2023-06-16T04:05:52+00:00
SAO_208V-10,São Paulo,3550308,True,,32975,,,-23.517572,-46.475783,,,,2,2023-06-16T04:05:30+00:00
SAO_208V-10,São Paulo,3550308,True,,32975,,,-23.54893,-46.62942425,,,,2,2023-06-16T04:05:46+00:00
SAO_208V-10,São Paulo,3550308,True,,32975,,,-23.5476865,-46.6292585,,,,2,2023-06-16T04:05:18+00:00
SAO_208V-10,São Paulo,3550308,True,,32975,,,-23.517572,-46.475783,,,,2,2023-06-16T04:05:40+00:00
SAO_208V-10,São Paulo,3550308,True,,32975,,,-23.533102,-46.56396925,,,,2,2023-06-16T04:05:39+00:00
SAO_208V-10,São Paulo,3550308,True,,32975,,,-23.5182095,-46.475659,,,,2,2023-06-16T04:05:44+00:00
SAO_208V-10,São Paulo,3550308,True,,32975,,,-23.540104,-46.611777249999996,,,,2,2023-06-16T04:05:51+00:00
SAO_208V-10,São Paulo,3550308,True,,32975,,,-23.538454,-46.60306799999999,,,,2,2023-06-16T04:05:43+00:00
SAO_2733-10,São Paulo,3550308,True,,948,,,-23.51516725,-46.454432249999996,,,,1,2023-06-16T04:05:30+00:00
SAO_2704-10,São Paulo,3550308,True,,916,,,-23.542153499999998,-46.4720245,,,,1,2023-06-16T04:02:49+00:00
SAO_2704-10,São Paulo,3550308,True,,916,,,-23.525421,-46.445522499999996,,,,1,2023-06-16T04:04:29+00:00
SAO_2704-10,São Paulo,3550308,True,,916,,,-23.5198535,-46.41966,,,,1,2023-06-16T04:05:47+00:00
SAO_2704-10,São Paulo,3550308,True,,916,,,-23.516231,-46.436942,,,,1,2023-06-16T04:04:18+00:00
SAO_6120-10,São Paulo,3550308,True,,33957,,,-23.736897499999998,-46.69694,,,,2,2023-06-16T04:05:46+00:00
SAO_6120-10,São Paulo,3550308,True,,33957,,,-23.76008125,-46.67663625,,,,2,2023-06-16T04:05:55+00:00
SAO_6120-10,São Paulo,3550308,True,,33957,,,-23.76019175,-46.677102749999996,,,,2,2023-06-16T04:05:56+00:00
SAO_6120-10,São Paulo,3550308,True,,33957,,,-23.76019175,-46.677102749999996,,,,2,2023-06-16T04:05:54+00:00
SAO_1177-10,São Paulo,3550308,True,,32897,,,-23.5248995,-46.561969000000005,,,,2,2023-06-16T04:05:34+00:00
SAO_1177-10,São Paulo,3550308,True,,32897,,,-23.5075325,-46.489591250000004,,,,2,2023-06-16T04:05:59+00:00
SAO_1177-10,São Paulo,3550308,True,,32897,,,-23.5361185,-46.632417000000004,,,,2,2023-06-16T04:05:23+00:00
SAO_1177-10,São Paulo,3550308,True,,32897,,,-23.517678,-46.475762,,,,2,2023-06-16T04:05:54+00:00
SAO_6250-10,São Paulo,3550308,True,,33236,,,-23.597096,-46.7681435,,,,2,2023-06-16T04:05:52+00:00
SAO_6250-10,São Paulo,3550308,True,,33236,,,-23.599694999999997,-46.7418345,,,,2,2023-06-16T04:06:03+00:00
SAO_6250-10,São Paulo,3550308,True,,33236,,,-23.571565749999998,-46.66957925,,,,2,2023-06-16T04:05:48+00:00
SAO_N538-11,São Paulo,3550308,True,,35158,,,-23.65083,-46.6142375,,,,2,2023-06-16T04:05:59+00:00
SAO_6045-21,São Paulo,3550308,True,,34932,,,-23.6933925,-46.793531,,,,2,2023-06-16T04:05:38+00:00
SAO_6045-21,São Paulo,3550308,True,,34932,,,-23.696117,-46.7925175,,,,2,2023-06-16T04:05:49+00:00
SAO_8528-10,São Paulo,3550308,True,,33343,,,-23.468484500000002,-46.696687999999995,,,,2,2023-06-16T04:05:45+00:00
SAO_8528-10,São Paulo,3550308,True,,33343,,,-23.4847205,-46.691463,,,,2,2023-06-16T04:05:25+00:00
SAO_8528-10,São Paulo,3550308,True,,33343,,,-23.53833025,-46.647341250000004,,,,2,2023-06-16T04:05:39+00:00
SAO_8528-10,São Paulo,3550308,True,,33343,,,-23.4615785,-46.69076725,,,,2,2023-06-16T04:05:53+00:00
SAO_8528-10,São Paulo,3550308,True,,33343,,,-23.4705945,-46.692738000000006,,,,2,2023-06-16T04:05:34+00:00
SAO_8528-10,São Paulo,3550308,True,,33343,,,-23.4615645,-46.69032075,,,,2,2023-06-16T04:05:52+00:00
SAO_8528-10,São Paulo,3550308,True,,33343,,,-23.520332875,-46.67090625,,,,2,2023-06-16T04:06:00+00:00
SAO_8500-10,São Paulo,3550308,False,,1267,,,-23.484783,-46.723133,,,,1,2023-06-16T04:05:58+00:00
SAO_8500-10,São Paulo,3550308,True,,1267,,,-23.518904,-46.6765535,,,,1,2023-06-16T04:05:59+00:00
SAO_6056-10,São Paulo,3550308,True,,1147,,,-23.764963,-46.70335325,,,,1,2023-06-16T04:05:22+00:00
SAO_6056-10,São Paulo,3550308,True,,1147,,,-23.7460795,-46.7071895,,,,1,2023-06-16T04:05:48+00:00
SAO_4113-10,São Paulo,3550308,True,,33536,,,-23.57214325,-46.624216000000004,,,,2,2023-06-16T04:05:37+00:00
SAO_4113-10,São Paulo,3550308,True,,33536,,,-23.60150475,-46.613760375,,,,2,2023-06-16T04:05:59+00:00
SAO_4113-10,São Paulo,3550308,True,,33536,,,-23.557492250000003,-46.63297925,,,,2,2023-06-16T04:05:28+00:00
SAO_4113-10,São Paulo,3550308,True,,33536,,,-23.5714265,-46.624748249999996,,,,2,2023-06-16T04:05:30+00:00
SAO_4113-10,São Paulo,3550308,True,,33536,,,-23.6024155,-46.612331,,,,2,2023-06-16T04:06:04+00:00
SAO_477U-10,São Paulo,3550308,True,,33074,,,-23.6094905,-46.594696,,,,2,2023-06-16T04:05:46+00:00
SAO_477U-10,São Paulo,3550308,True,,33074,,,-23.6096095,-46.594561999999996,,,,2,2023-06-16T04:06:02+00:00
SAO_5144-10,São Paulo,3550308,True,,1627,,,-23.53428425,-46.62511375,,,,1,2023-06-16T04:05:49+00:00
SAO_5144-10,São Paulo,3550308,True,,1627,,,-23.568976999999997,-46.566407999999996,,,,1,2023-06-16T04:05:49+00:00
SAO_7725-10,São Paulo,3550308,True,,33240,,,-23.5688545,-46.7650485,,,,2,2023-06-16T04:05:53+00:00
SAO_7725-10,São Paulo,3550308,True,,33240,,,-23.5449649375,-46.710978375,,,,2,2023-06-16T04:05:30+00:00
SAO_7725-10,São Paulo,3550308,True,,33240,,,-23.568452999999998,-46.765302,,,,2,2023-06-16T04:05:27+00:00
SAO_2709-10,São Paulo,3550308,True,,33690,,,-23.5202155,-46.480222999999995,,,,2,2023-06-16T04:05:26+00:00
SAO_2709-10,São Paulo,3550308,True,,33690,,,-23.527848624999997,-46.483652875000004,,,,2,2023-06-16T04:05:21+00:00
SAO_2709-10,São Paulo,3550308,True,,33690,,,-23.529722,-46.500626,,,,2,2023-06-16T04:05:32+00:00
SAO_2008-10,São Paulo,3550308,True,,897,,,-23.51992775,-46.38713175,,,,1,2023-06-16T04:05:35+00:00
SAO_2008-10,São Paulo,3550308,True,,897,,,-23.521084000000002,-46.3870275,,,,1,2023-06-16T04:05:20+00:00
SAO_2008-10,São Paulo,3550308,True,,897,,,-23.514601,-46.390147,,,,1,2023-06-16T04:05:46+00:00
SAO_2008-10,São Paulo,3550308,True,,897,,,-23.494256,-46.4000715,,,,1,2023-06-16T04:05:30+00:00
SAO_2008-10,São Paulo,3550308,True,,897,,,-23.521084000000002,-46.3870275,,,,1,2023-06-16T04:05:40+00:00
SAO_2008-10,São Paulo,3550308,True,,897,,,-23.514018,-46.391044,,,,1,2023-06-16T04:05:27+00:00
SAO_875H-10,São Paulo,3550308,True,,34108,,,-23.5730915,-46.642564,,,,2,2023-06-16T04:05:35+00:00
SAO_875H-10,São Paulo,3550308,True,,34108,,,-23.52066,-46.7006595,,,,2,2023-06-16T04:05:42+00:00
SAO_875H-10,São Paulo,3550308,True,,34108,,,-23.54914625,-46.6744615,,,,2,2023-06-16T04:05:57+00:00
SAO_875H-10,São Paulo,3550308,True,,34108,,,-23.520992749999998,-46.699836,,,,2,2023-06-16T04:05:22+00:00
SAO_875H-10,São Paulo,3550308,True,,34108,,,-23.521074499999997,-46.699605500000004,,,,2,2023-06-16T04:05:44+00:00
SAO_575C-10,São Paulo,3550308,True,,1686,,,-23.571203,-46.549709500000006,,,,1,2023-06-16T04:05:56+00:00
SAO_575C-10,São Paulo,3550308,True,,1686,,,-23.5830855,-46.6005955,,,,1,2023-06-16T04:06:01+00:00
SAO_6813-10,São Paulo,3550308,True,BR7 Mobilidade,33,https://moovitapp.com/index/pt-br/transporte_p%C3%BAblico-line-33-Sao_Paulo-242-851856-529134-0,5.75,-23.6686645,-46.763990500000006,,,,1,2023-06-16T04:05:43+00:00
SAO_2705-10,São Paulo,3550308,True,,33685,,,-23.5385685,-46.426801,,,,2,2023-06-16T04:05:31+00:00
SAO_2705-10,São Paulo,3550308,True,,33685,,,-23.54251,-46.471456,,,,2,2023-06-16T04:02:17+00:00
SAO_2705-10,São Paulo,3550308,True,,33685,,,-23.5477105,-46.393362499999995,,,,2,2023-06-16T04:05:29+00:00
SAO_2076-10,São Paulo,3550308,True,,368,,,-23.49718625,-46.39991175,,,,1,2023-06-16T04:04:39+00:00
SAO_2076-10,São Paulo,3550308,True,,368,,,-23.49414625,-46.415775,,,,1,2023-06-16T04:05:53+00:00
SAO_2076-10,São Paulo,3550308,True,,368,,,-23.49634025,-46.37746,,,,1,2023-06-16T04:05:45+00:00
SAO_2076-10,São Paulo,3550308,True,,368,,,-23.4850335,-46.479512,,,,1,2023-06-16T03:59:52+00:00
SAO_4012-10,São Paulo,3550308,True,,34953,,,-23.598488,-46.44115775,,,,2,2023-06-16T04:05:26+00:00
SAO_4012-10,São Paulo,3550308,True,,34953,,,-23.613001,-46.4764665,,,,2,2023-06-16T04:05:57+00:00
SAO_4012-10,São Paulo,3550308,True,,34953,,,-23.613701,-46.4558955,,,,2,2023-06-16T04:05:45+00:00
SAO_4012-10,São Paulo,3550308,True,,34953,,,-23.613001,-46.4764665,,,,2,2023-06-16T04:05:47+00:00
SAO_3732-10,São Paulo,3550308,True,,33797,,,-23.549267375,-46.446610875000005,,,,2,2023-06-16T04:05:22+00:00
SAO_3732-10,São Paulo,3550308,True,,33797,,,-23.544141500000002,-46.434969499999994,,,,2,2023-06-16T04:05:35+00:00
SAO_8199-10,São Paulo,3550308,True,EMTU,807,https://moovitapp.com/index/pt-br/transporte_p%C3%BAblico-line-807-Sao_Paulo-242-2038937-36419583-0,7.8,-23.4887585,-46.693923,,,,1,2023-06-16T04:05:49+00:00
SAO_8199-10,São Paulo,3550308,True,EMTU,807,https://moovitapp.com/index/pt-br/transporte_p%C3%BAblico-line-807-Sao_Paulo-242-2038937-36419583-0,7.8,-23.49863425,-46.7052895,,,,1,2023-06-16T04:05:45+00:00
SAO_8199-10,São Paulo,3550308,True,EMTU,807,https://moovitapp.com/index/pt-br/transporte_p%C3%BAblico-line-807-Sao_Paulo-242-2038937-36419583-0,7.8,-23.469164499999998,-46.751718,,,,1,2023-06-16T04:05:53+00:00
SAO_8199-10,São Paulo,3550308,True,EMTU,807,https://moovitapp.com/index/pt-br/transporte_p%C3%BAblico-line-807-Sao_Paulo-242-2038937-36419583-0,7.8,-23.4752765,-46.6688805,,,,1,2023-06-16T04:05:29+00:00
SAO_8199-10,São Paulo,3550308,True,EMTU,807,https://moovitapp.com/index/pt-br/transporte_p%C3%BAblico-line-807-Sao_Paulo-242-2038937-36419583-0,7.8,-23.469164499999998,-46.751718,,,,1,2023-06-16T04:05:52+00:00
SAO_507T-10,São Paulo,3550308,True,,2208,,,-23.54875,-46.537158500000004,,,,1,2023-06-16T04:05:20+00:00
SAO_507T-10,São Paulo,3550308,True,,2208,,,-23.610182875,-46.5011935,,,,1,2023-06-16T04:04:47+00:00
SAO_507T-10,São Paulo,3550308,True,,2208,,,-23.589256,-46.504743000000005,,,,1,2023-06-16T04:02:59+00:00
SAO_507T-10,São Paulo,3550308,True,,2208,,,-23.538734499999997,-46.5649235,,,,1,2023-06-16T04:05:35+00:00
SAO_1020-10,São Paulo,3550308,True,,2497,,,-23.43333425,-46.7199245,,,,1,2023-06-16T04:05:20+00:00
SAO_1020-10,São Paulo,3550308,True,,2497,,,-23.4838895,-46.722545499999995,,,,1,2023-06-16T04:06:04+00:00
SAO_1020-10,São Paulo,3550308,True,,2497,,,-23.407032,-46.758294,,,,1,2023-06-16T04:05:54+00:00
SAO_809H-10,São Paulo,3550308,True,,35013,,,-23.58527325,-46.7466845,,,,2,2023-06-16T04:05:57+00:00
SAO_809H-10,São Paulo,3550308,True,,35013,,,-23.5797555,-46.7944615,,,,2,2023-06-16T04:06:04+00:00
SAO_809H-10,São Paulo,3550308,True,,35013,,,-23.553297999999998,-46.74261025,,,,2,2023-06-16T04:05:54+00:00
SAO_809H-10,São Paulo,3550308,True,,35013,,,-23.583604625,-46.780065875000005,,,,2,2023-06-16T04:05:47+00:00
SAO_3064-10,São Paulo,3550308,True,Urubupungá,980,https://moovitapp.com/index/pt-br/transporte_p%C3%BAblico-line-980-Sao_Paulo-242-873835-76224585-0,4.6,-23.551776,-46.4131675,,,,1,2023-06-16T04:05:51+00:00
SAO_3064-10,São Paulo,3550308,True,Urubupungá,980,https://moovitapp.com/index/pt-br/transporte_p%C3%BAblico-line-980-Sao_Paulo-242-873835-76224585-0,4.6,-23.579252500000003,-46.4153375,,,,1,2023-06-16T04:05:50+00:00
SAO_6726-10,São Paulo,3550308,True,,1193,,,-23.736596499999997,-46.6971045,,,,1,2023-06-16T04:05:32+00:00
SAO_6726-10,São Paulo,3550308,True,,1193,,,-23.736596499999997,-46.6971045,,,,1,2023-06-16T04:05:32+00:00
SAO_6726-10,São Paulo,3550308,True,,1193,,,-23.73467,-46.66268825,,,,1,2023-06-16T04:05:19+00:00
SAO_6726-10,São Paulo,3550308,True,,1193,,,-23.736596499999997,-46.6971045,,,,1,2023-06-16T04:06:00+00:00
SAO_6726-10,São Paulo,3550308,True,,1193,,,-23.73538525,-46.6645155,,,,1,2023-06-16T04:06:00+00:00
SAO_6726-10,São Paulo,3550308,True,,1193,,,-23.755194,-46.6776735,,,,1,2023-06-16T04:05:58+00:00
SAO_6726-10,São Paulo,3550308,True,,1193,,,-23.742955000000002,-46.665304875000004,,,,1,2023-06-16T04:05:31+00:00
SAO_546A-31,São Paulo,3550308,True,,1132,,,-23.6856205,-46.680716000000004,,,,1,2023-06-16T04:05:23+00:00
SAO_546A-31,São Paulo,3550308,True,,1132,,,-23.7139475,-46.6571055,,,,1,2023-06-16T04:05:33+00:00
SAO_546A-31,São Paulo,3550308,True,,1132,,,-23.65479725,-46.70264225,,,,1,2023-06-16T04:06:01+00:00
SAO_273N-10,São Paulo,3550308,True,,33158,,,-23.5047085,-46.3668095,,,,2,2023-06-16T04:05:24+00:00
SAO_273N-10,São Paulo,3550308,True,,33158,,,-23.51024125,-46.438597,,,,2,2023-06-16T04:05:47+00:00
SAO_273N-10,São Paulo,3550308,True,,33158,,,-23.4982045,-46.3965235,,,,2,2023-06-16T04:05:21+00:00
SAO_273N-10,São Paulo,3550308,True,,33158,,,-23.504527500000002,-46.367281,,,,2,2023-06-16T04:05:31+00:00
SAO_273N-10,São Paulo,3550308,True,,33158,,,-23.4991165,-46.42391525,,,,2,2023-06-16T04:05:39+00:00
SAO_273N-10,São Paulo,3550308,True,,33158,,,-23.5046015,-46.367096,,,,2,2023-06-16T04:05:43+00:00
SAO_6115-41,São Paulo,3550308,True,,2241,,,-23.748428750000002,-46.665833,,,,1,2023-06-16T04:05:49+00:00
SAO_5317-10,São Paulo,3550308,True,,69,,,-23.7212425,-46.6767315,,,,1,2023-06-16T04:05:39+00:00
SAO_5317-10,São Paulo,3550308,True,,69,,,-23.675818749999998,-46.694832875,,,,1,2023-06-16T04:05:20+00:00
SAO_5317-10,São Paulo,3550308,True,,69,,,-23.610149687499998,-46.668276125,,,,1,2023-06-16T04:05:58+00:00
SAO_6817-10,São Paulo,3550308,True,,27,,,-23.671858999999998,-46.7732835,,,,1,2023-06-16T04:05:37+00:00
SAO_178Y-10,São Paulo,3550308,True,,33636,,,-23.488502250000003,-46.620833000000005,,,,2,2023-06-16T04:03:23+00:00
SAO_178Y-10,São Paulo,3550308,True,,33636,,,-23.466498,-46.6390735,,,,2,2023-06-16T04:05:48+00:00
SAO_273N-10,São Paulo,3550308,True,EMTU,390,https://moovitapp.com/index/pt-br/transporte_p%C3%BAblico-line-390-Sao_Paulo-242-2038937-36419459-0,5.45,-23.5043555,-46.36771400000001,,,,1,2023-06-16T04:05:22+00:00
SAO_273N-10,São Paulo,3550308,True,EMTU,390,https://moovitapp.com/index/pt-br/transporte_p%C3%BAblico-line-390-Sao_Paulo-242-2038937-36419459-0,5.45,-23.4960775,-46.4026035,,,,1,2023-06-16T04:05:24+00:00
SAO_273N-10,São Paulo,3550308,True,EMTU,390,https://moovitapp.com/index/pt-br/transporte_p%C3%BAblico-line-390-Sao_Paulo-242-2038937-36419459-0,5.45,-23.521472250000002,-46.525711,,,,1,2023-06-16T04:05:31+00:00
SAO_273N-10,São Paulo,3550308,True,EMTU,390,https://moovitapp.com/index/pt-br/transporte_p%C3%BAblico-line-390-Sao_Paulo-242-2038937-36419459-0,5.45,-23.511577,-46.44304174999999,,,,1,2023-06-16T04:05:46+00:00
SAO_271P-10,São Paulo,3550308,True,,33472,,,-23.535431,-46.62722525,,,,2,2023-06-16T04:05:33+00:00
SAO_271P-10,São Paulo,3550308,True,,33472,,,-23.53254525,-46.562278250000006,,,,2,2023-06-16T04:04:03+00:00
SAO_271P-10,São Paulo,3550308,True,,33472,,,-23.4979085,-46.514503000000005,,,,2,2023-06-16T04:05:39+00:00
SAO_213E-10,São Paulo,3550308,True,,2498,,,-23.5423745,-46.589784,,,,1,2023-06-16T04:05:24+00:00
SAO_213E-10,São Paulo,3550308,True,,2498,,,-23.5115801875,-46.5754929375,,,,1,2023-06-16T04:05:31+00:00
SAO_809N-10,São Paulo,3550308,True,,2244,,,-23.571621999999998,-46.760138999999995,,,,1,2023-06-16T04:06:00+00:00
SAO_7011-10,São Paulo,3550308,True,,34720,,,-23.7075705,-46.7917315,,,,2,2023-06-16T04:05:20+00:00
SAO_7011-10,São Paulo,3550308,True,,34720,,,-23.7080735,-46.791889499999996,,,,2,2023-06-16T04:05:40+00:00
SAO_7011-10,São Paulo,3550308,True,,34720,,,-23.707812,-46.7918005,,,,2,2023-06-16T04:05:31+00:00
SAO_7011-10,São Paulo,3550308,True,,34720,,,-23.7084155,-46.792017,,,,2,2023-06-16T04:05:28+00:00
SAO_6043-10,São Paulo,3550308,True,,1220,,,-23.65037275,-46.72650025,,,,1,2023-06-16T04:05:47+00:00
SAO_574W-10,São Paulo,3550308,True,,1629,,,-23.613441625,-46.503625625,,,,1,2023-06-16T04:05:43+00:00
SAO_574W-10,São Paulo,3550308,True,,1629,,,-23.5872895,-46.5191105,,,,1,2023-06-16T04:05:51+00:00
SAO_574W-10,São Paulo,3550308,True,,1629,,,-23.5429115,-46.5874025,,,,1,2023-06-16T04:05:56+00:00
SAO_574W-10,São Paulo,3550308,True,,1629,,,-23.6147775,-46.4877295,,,,1,2023-06-16T04:05:40+00:00
SAO_574W-10,São Paulo,3550308,True,,1629,,,-23.573705,-46.532381,,,,1,2023-06-16T04:05:53+00:00
SAO_574W-10,São Paulo,3550308,True,,1629,,,-23.5429115,-46.5874025,,,,1,2023-06-16T04:06:03+00:00
SAO_7545-10,São Paulo,3550308,True,,504,,,-23.6022835,-46.792030999999994,,,,1,2023-06-16T04:05:38+00:00
SAO_7545-10,São Paulo,3550308,True,,504,,,-23.59819625,-46.79138675,,,,1,2023-06-16T04:05:55+00:00
SAO_7545-10,São Paulo,3550308,True,,504,,,-23.5734155,-46.7060045,,,,1,2023-06-16T04:06:00+00:00
SAO_607A-10,São Paulo,3550308,True,,2139,,,-23.664896875,-46.710180125,,,,1,2023-06-16T04:05:40+00:00
SAO_607A-10,São Paulo,3550308,True,,2139,,,-23.707637,-46.6553065,,,,1,2023-06-16T04:00:34+00:00
SAO_607A-10,São Paulo,3550308,True,,2139,,,-23.69710125,-46.67282025,,,,1,2023-06-16T04:05:59+00:00
SAO_607A-10,São Paulo,3550308,True,,2139,,,-23.663823999999998,-46.70703675,,,,1,2023-06-16T04:05:44+00:00
SAO_6047-10,São Paulo,3550308,True,,1224,,,-23.6686645,-46.763990500000006,,,,1,2023-06-16T04:05:27+00:00
SAO_6047-10,São Paulo,3550308,True,,1224,,,-23.6485705,-46.732006,,,,1,2023-06-16T04:05:21+00:00
SAO_714C-10,São Paulo,3550308,True,,33255,,,-23.602278,-46.790865499999995,,,,2,2023-06-16T04:05:52+00:00
SAO_714C-10,São Paulo,3550308,True,,33255,,,-23.5754325,-46.7176135,,,,2,2023-06-16T04:05:45+00:00
SAO_714C-10,São Paulo,3550308,True,,33255,,,-23.600666,-46.784031999999996,,,,2,2023-06-16T04:05:21+00:00
SAO_807M-10,São Paulo,3550308,True,,1916,,,-23.604088,-46.725159,,,,1,2023-06-16T04:05:25+00:00
SAO_807M-10,São Paulo,3550308,True,,1916,,,-23.6186315,-46.74853875,,,,1,2023-06-16T04:05:42+00:00
SAO_807M-10,São Paulo,3550308,True,,1916,,,-23.631579000000002,-46.772447,,,,1,2023-06-16T04:05:35+00:00
SAO_807M-10,São Paulo,3550308,True,,1916,,,-23.61043375,-46.70438525,,,,1,2023-06-16T04:05:58+00:00
SAO_5029-10,São Paulo,3550308,True,,34440,,,-23.628492,-46.5859155,,,,2,2023-06-16T04:05:55+00:00
SAO_5029-10,São Paulo,3550308,True,,34440,,,-23.619431,-46.5891285,,,,2,2023-06-16T04:04:11+00:00
SAO_5029-10,São Paulo,3550308,True,,34440,,,-23.603216500000002,-46.6034455,,,,2,2023-06-16T04:05:59+00:00
SAO_5029-10,São Paulo,3550308,True,,34440,,,-23.6284755,-46.5863025,,,,2,2023-06-16T04:05:29+00:00
SAO_847J-10,São Paulo,3550308,True,,34110,,,-23.4599745,-46.720586,,,,2,2023-06-16T04:05:24+00:00
SAO_847J-10,São Paulo,3550308,True,,34110,,,-23.555694,-46.74268,,,,2,2023-06-16T04:05:35+00:00
SAO_847J-10,São Paulo,3550308,True,,34110,,,-23.470358500000003,-46.724658000000005,,,,2,2023-06-16T04:05:57+00:00
SAO_847J-10,São Paulo,3550308,True,,34110,,,-23.525544500000002,-46.712109500000004,,,,2,2023-06-16T04:05:46+00:00
SAO_8610-10,São Paulo,3550308,True,,34831,,,-23.601419749999998,-46.79448587500001,,,,2,2023-06-16T04:06:01+00:00
SAO_8610-10,São Paulo,3550308,True,,34831,,,-23.5864425625,-46.754773375,,,,2,2023-06-16T04:05:35+00:00
SAO_8610-10,São Paulo,3550308,True,,34831,,,-23.552871,-46.647738000000004,,,,2,2023-06-16T04:05:42+00:00
SAO_8610-10,São Paulo,3550308,True,,34831,,,-23.600596375,-46.7929245,,,,2,2023-06-16T04:05:51+00:00
SAO_748A-41,São Paulo,3550308,True,EMTU,499,https://moovitapp.com/index/pt-br/transporte_p%C3%BAblico-line-499-Sao_Paulo-242-2038937-36419524-0,5.4,-23.584795,-46.744600500000004,,,,1,2023-06-16T04:05:43+00:00
SAO_748A-41,São Paulo,3550308,True,EMTU,499,https://moovitapp.com/index/pt-br/transporte_p%C3%BAblico-line-499-Sao_Paulo-242-2038937-36419524-0,5.4,-23.5242165,-46.7058745,,,,1,2023-06-16T04:05:32+00:00
SAO_748A-41,São Paulo,3550308,True,EMTU,499,https://moovitapp.com/index/pt-br/transporte_p%C3%BAblico-line-499-Sao_Paulo-242-2038937-36419524-0,5.4,-23.5508550625,-46.73984618750001,,,,1,2023-06-16T04:06:03+00:00
SAO_6063-41,São Paulo,3550308,True,,34541,,,-23.784658,-46.68967125,,,,2,2023-06-16T04:06:03+00:00
SAO_6063-41,São Paulo,3550308,True,,34541,,,-23.787596999999998,-46.679432,,,,2,2023-06-16T04:05:29+00:00
SAO_6063-41,São Paulo,3550308,True,,34541,,,-23.787667499999998,-46.6800415,,,,2,2023-06-16T04:05:46+00:00
SAO_1765-10,São Paulo,3550308,True,,34550,,,-23.4661845,-46.56898525,,,,2,2023-06-16T04:05:46+00:00
SAO_1765-10,São Paulo,3550308,True,,34550,,,-23.467172,-46.56877125,,,,2,2023-06-16T04:06:03+00:00
SAO_1765-10,São Paulo,3550308,True,,34550,,,-23.4807845,-46.6028295,,,,2,2023-06-16T04:05:39+00:00
SAO_1765-10,São Paulo,3550308,True,,34550,,,-23.467996,-46.574591,,,,2,2023-06-16T04:06:01+00:00
SAO_4726-10,São Paulo,3550308,True,,1680,,,-23.5667635,-46.585668999999996,,,,1,2023-06-16T04:05:58+00:00
SAO_4726-10,São Paulo,3550308,True,,1680,,,-23.541,-46.576643000000004,,,,1,2023-06-16T04:05:43+00:00
SAO_4726-10,São Paulo,3550308,True,,1680,,,-23.5440215,-46.5778425,,,,1,2023-06-16T04:05:53+00:00
SAO_6837-10,São Paulo,3550308,True,,6,,,-23.654061499999997,-46.763393,,,,1,2023-06-16T04:05:27+00:00
SAO_6837-10,São Paulo,3550308,True,,6,,,-23.614690000000003,-46.74092225,,,,1,2023-06-16T04:05:55+00:00
SAO_6837-10,São Paulo,3550308,True,,6,,,-23.6226245,-46.762471500000004,,,,1,2023-06-16T04:05:48+00:00
SAO_6837-10,São Paulo,3550308,True,,6,,,-23.6156125,-46.739903,,,,1,2023-06-16T04:05:54+00:00
SAO_6837-10,São Paulo,3550308,True,,6,,,-23.6161065,-46.739967,,,,1,2023-06-16T04:05:58+00:00
SAO_6837-10,São Paulo,3550308,True,,6,,,-23.643896,-46.763655,,,,1,2023-06-16T04:05:47+00:00
SAO_6837-10,São Paulo,3550308,True,,6,,,-23.616293499999998,-46.73999,,,,1,2023-06-16T04:05:38+00:00
SAO_4491-10,São Paulo,3550308,True,EMTU,327,https://moovitapp.com/index/pt-br/transporte_p%C3%BAblico-line-327-Sao_Paulo-242-2038937-36419415-0,5.35,-23.551734000000003,-46.625577500000006,,,,1,2023-06-16T04:05:37+00:00
SAO_4491-10,São Paulo,3550308,True,EMTU,327,https://moovitapp.com/index/pt-br/transporte_p%C3%BAblico-line-327-Sao_Paulo-242-2038937-36419415-0,5.35,-23.6501625,-46.621441,,,,1,2023-06-16T04:05:22+00:00
SAO_311C-10,São Paulo,3550308,True,,33077,,,-23.594777,-46.5478045,,,,2,2023-06-16T04:05:38+00:00
SAO_311C-10,São Paulo,3550308,True,,33077,,,-23.579641,-46.586913499999994,,,,2,2023-06-16T04:05:42+00:00
SAO_311C-10,São Paulo,3550308,True,,33077,,,-23.52067925,-46.647011375,,,,2,2023-06-16T04:05:43+00:00
SAO_311C-10,São Paulo,3550308,True,,33077,,,-23.549815125000002,-46.601456,,,,2,2023-06-16T04:05:29+00:00
SAO_311C-10,São Paulo,3550308,True,,33077,,,-23.594777,-46.5478045,,,,2,2023-06-16T04:06:00+00:00
SAO_3139-10,São Paulo,3550308,True,,995,,,-23.5672625,-46.523503000000005,,,,1,2023-06-16T04:05:36+00:00
SAO_3139-10,São Paulo,3550308,True,,995,,,-23.55429375,-46.61322325,,,,1,2023-06-16T04:05:49+00:00
SAO_6L01-10,São Paulo,3550308,True,,1171,,,-23.7804745,-46.724900500000004,,,,1,2023-06-16T04:05:35+00:00
SAO_6L01-10,São Paulo,3550308,True,,1171,,,-23.7676985,-46.716468500000005,,,,1,2023-06-16T04:05:52+00:00
SAO_6L01-10,São Paulo,3550308,True,,1171,,,-23.840440375,-46.739124000000004,,,,1,2023-06-16T04:05:41+00:00
SAO_6L01-10,São Paulo,3550308,True,,1171,,,-23.8985345,-46.7225265,,,,1,2023-06-16T04:04:20+00:00
SAO_695D-10,São Paulo,3550308,True,EMTU,114,https://moovitapp.com/index/pt-br/transporte_p%C3%BAblico-line-114-Sao_Paulo-242-2038937-36419274-0,6.4,-23.707116,-46.69947725,,,,1,2023-06-16T04:05:45+00:00
SAO_695D-10,São Paulo,3550308,True,EMTU,114,https://moovitapp.com/index/pt-br/transporte_p%C3%BAblico-line-114-Sao_Paulo-242-2038937-36419274-0,6.4,-23.658197,-46.6750695,,,,1,2023-06-16T04:05:32+00:00
SAO_695D-10,São Paulo,3550308,True,EMTU,114,https://moovitapp.com/index/pt-br/transporte_p%C3%BAblico-line-114-Sao_Paulo-242-2038937-36419274-0,6.4,-23.7329935,-46.676147,,,,1,2023-06-16T04:05:38+00:00
SAO_6804-10,São Paulo,3550308,True,,32798,,,-23.631514,-46.7514055,,,,2,2023-06-16T04:05:45+00:00
SAO_6804-10,São Paulo,3550308,True,,32798,,,-23.635654000000002,-46.747935999999996,,,,2,2023-06-16T04:05:41+00:00
SAO_6804-10,São Paulo,3550308,True,,32798,,,-23.635806000000002,-46.748086,,,,2,2023-06-16T04:05:44+00:00
SAO_7282-10,São Paulo,3550308,True,,471,,,-23.5478735,-46.760012,,,,1,2023-06-16T04:05:19+00:00
SAO_7282-10,São Paulo,3550308,True,,471,,,-23.5389025,-46.706404500000005,,,,1,2023-06-16T04:05:58+00:00
SAO_209P-10,São Paulo,3550308,True,,34984,,,-23.567622999999998,-46.695747,,,,2,2023-06-16T04:05:48+00:00
SAO_209P-10,São Paulo,3550308,True,,34984,,,-23.53577325,-46.67413775,,,,2,2023-06-16T04:05:56+00:00
SAO_209P-10,São Paulo,3550308,True,,34984,,,-23.473060250000003,-46.6701395,,,,2,2023-06-16T04:05:50+00:00
SAO_209P-10,São Paulo,3550308,True,,34984,,,-23.52169,-46.667700999999994,,,,2,2023-06-16T04:05:50+00:00
SAO_209P-10,São Paulo,3550308,True,,34984,,,-23.4713505,-46.670345499999996,,,,2,2023-06-16T04:05:36+00:00
SAO_209P-10,São Paulo,3550308,True,,34984,,,-23.52315175,-46.66931,,,,2,2023-06-16T04:05:30+00:00
SAO_209P-10,São Paulo,3550308,True,,34984,,,-23.5666285,-46.7017565,,,,2,2023-06-16T04:06:00+00:00
SAO_209P-10,São Paulo,3550308,True,,34984,,,-23.4785385,-46.673047499999996,,,,2,2023-06-16T04:06:00+00:00
SAO_3033-10,São Paulo,3550308,True,,33736,,,-23.611891999999997,-46.4742795,,,,2,2023-06-16T04:05:47+00:00
SAO_3033-10,São Paulo,3550308,True,,33736,,,-23.5753865,-46.416125,,,,2,2023-06-16T04:05:39+00:00
SAO_3033-10,São Paulo,3550308,True,,33736,,,-23.54247075,-46.41617375,,,,2,2023-06-16T04:05:22+00:00
SAO_3033-10,São Paulo,3550308,True,,33736,,,-23.5951315,-46.432561,,,,2,2023-06-16T04:05:09+00:00
SAO_4003-10,São Paulo,3550308,True,,2159,,,-23.534766,-46.4536175,,,,1,2023-06-16T04:05:36+00:00
SAO_4003-10,São Paulo,3550308,True,,2159,,,-23.564902500000002,-46.407298499999996,,,,1,2023-06-16T04:05:43+00:00
SAO_4003-10,São Paulo,3550308,True,,2159,,,-23.558134000000003,-46.422044,,,,1,2023-06-16T04:03:33+00:00
SAO_6L07-10,São Paulo,3550308,True,,1545,,,-23.767103,-46.7163835,,,,1,2023-06-16T04:05:31+00:00
SAO_6049-10,São Paulo,3550308,True,,1309,,,-23.694253,-46.793887,,,,1,2023-06-16T04:05:54+00:00
SAO_6049-10,São Paulo,3550308,True,,1309,,,-23.65721575,-46.761469000000005,,,,1,2023-06-16T04:05:35+00:00
SAO_6049-10,São Paulo,3550308,True,,1309,,,-23.6501515,-46.70813,,,,1,2023-06-16T04:05:52+00:00
SAO_4019-10,São Paulo,3550308,True,,35292,,,-23.546450999999998,-46.469437,,,,2,2023-06-16T04:05:57+00:00
SAO_8700-1,São Paulo,3550308,True,,35276,,,-23.6222835,-46.760775499999994,,,,2,2023-06-16T04:01:17+00:00
SAO_8700-1,São Paulo,3550308,True,,35276,,,-23.5721555,-46.700522,,,,2,2023-06-16T04:05:35+00:00
SAO_8700-1,São Paulo,3550308,True,,35276,,,-23.5453825,-46.6440825,,,,2,2023-06-16T04:05:18+00:00
SAO_8700-1,São Paulo,3550308,True,,35276,,,-23.629269,-46.769253500000005,,,,2,2023-06-16T04:05:20+00:00
SAO_8700-1,São Paulo,3550308,True,,35276,,,-23.553131125,-46.65982025,,,,2,2023-06-16T04:05:46+00:00
SAO_8700-1,São Paulo,3550308,True,,35276,,,-23.62694175,-46.766502,,,,2,2023-06-16T04:05:57+00:00
SAO_7057-10,São Paulo,3550308,True,,1897,,,-23.6364275,-46.7779335,,,,1,2023-06-16T04:06:04+00:00
SAO_278A-10,São Paulo,3550308,True,,706,,,-23.5114615,-46.5269505,,,,1,2023-06-16T04:05:18+00:00
SAO_278A-10,São Paulo,3550308,True,,706,,,-23.507741,-46.525792499999994,,,,1,2023-06-16T04:05:54+00:00
SAO_278A-10,São Paulo,3550308,True,,706,,,-23.5077475,-46.525870999999995,,,,1,2023-06-16T04:05:47+00:00
SAO_8622-10,São Paulo,3550308,True,,33206,,,-23.4463025,-46.7983075,,,,2,2023-06-16T04:05:23+00:00
SAO_8622-10,São Paulo,3550308,True,,33206,,,-23.51916275,-46.723829249999994,,,,2,2023-06-16T04:06:02+00:00
SAO_8622-10,São Paulo,3550308,True,,33206,,,-23.5058565,-46.751275250000006,,,,2,2023-06-16T04:05:46+00:00
SAO_8622-10,São Paulo,3550308,True,,33206,,,-23.4768145,-46.769909,,,,2,2023-06-16T04:02:41+00:00
SAO_8622-10,São Paulo,3550308,True,,33206,,,-23.4415745,-46.796090500000005,,,,2,2023-06-16T04:06:01+00:00
SAO_7903-10,São Paulo,3550308,True,,512,,,-23.5840845,-46.73612,,,,1,2023-06-16T04:05:29+00:00
SAO_746C-10,São Paulo,3550308,True,STT,783,https://moovitapp.com/index/pt-br/transporte_p%C3%BAblico-line-783-Sao_Paulo-242-850661-183351-0,5.3,-23.6087475,-46.7513685,,,,1,2023-06-16T04:05:39+00:00
SAO_746C-10,São Paulo,3550308,True,STT,783,https://moovitapp.com/index/pt-br/transporte_p%C3%BAblico-line-783-Sao_Paulo-242-850661-183351-0,5.3,-23.6498405,-46.707801,,,,1,2023-06-16T04:05:34+00:00
SAO_746C-10,São Paulo,3550308,True,STT,783,https://moovitapp.com/index/pt-br/transporte_p%C3%BAblico-line-783-Sao_Paulo-242-850661-183351-0,5.3,-23.6498405,-46.707801,,,,1,2023-06-16T04:05:31+00:00
SAO_746C-10,São Paulo,3550308,True,STT,783,https://moovitapp.com/index/pt-br/transporte_p%C3%BAblico-line-783-Sao_Paulo-242-850661-183351-0,5.3,-23.63033325,-46.73643025,,,,1,2023-06-16T04:05:41+00:00
SAO_677V-10,São Paulo,3550308,True,EMTU,112,https://moovitapp.com/index/pt-br/transporte_p%C3%BAblico-line-112-Sao_Paulo-242-2038937-36419272-0,5.7,-23.73584375,-46.7030625,,,,1,2023-06-16T04:05:56+00:00
SAO_677V-10,São Paulo,3550308,True,EMTU,112,https://moovitapp.com/index/pt-br/transporte_p%C3%BAblico-line-112-Sao_Paulo-242-2038937-36419272-0,5.7,-23.7345775,-46.694962000000004,,,,1,2023-06-16T04:05:48+00:00
SAO_8004-10,São Paulo,3550308,True,,1254,,,-23.489552,-46.748582,,,,1,2023-06-16T04:05:14+00:00
SAO_8004-10,São Paulo,3550308,True,,1254,,,-23.519486,-46.700917000000004,,,,1,2023-06-16T04:05:58+00:00
SAO_1742-10,São Paulo,3550308,True,EMTU,542,https://moovitapp.com/index/pt-br/transporte_p%C3%BAblico-line-542-Sao_Paulo-242-2038937-59914572-0,5.4,-23.4540425,-46.660173,,,,1,2023-06-16T04:05:44+00:00
SAO_1742-10,São Paulo,3550308,True,EMTU,542,https://moovitapp.com/index/pt-br/transporte_p%C3%BAblico-line-542-Sao_Paulo-242-2038937-59914572-0,5.4,-23.4566525,-46.6589995,,,,1,2023-06-16T04:05:26+00:00
SAO_1742-10,São Paulo,3550308,True,EMTU,542,https://moovitapp.com/index/pt-br/transporte_p%C3%BAblico-line-542-Sao_Paulo-242-2038937-59914572-0,5.4,-23.502871,-46.624226,,,,1,2023-06-16T04:06:00+00:00
SAO_1742-10,São Paulo,3550308,True,EMTU,542,https://moovitapp.com/index/pt-br/transporte_p%C3%BAblico-line-542-Sao_Paulo-242-2038937-59914572-0,5.4,-23.4568285,-46.658956,,,,1,2023-06-16T04:05:59+00:00
SAO_6026-10,São Paulo,3550308,True,,32855,,,-23.73797275,-46.7098225,,,,2,2023-06-16T04:05:41+00:00
SAO_6026-10,São Paulo,3550308,True,,32855,,,-23.748841,-46.703187,,,,2,2023-06-16T04:05:45+00:00
SAO_6026-10,São Paulo,3550308,True,,32855,,,-23.732603,-46.714912999999996,,,,2,2023-06-16T04:05:58+00:00
SAO_6026-10,São Paulo,3550308,True,,32855,,,-23.704545500000002,-46.6872345,,,,2,2023-06-16T04:06:02+00:00
SAO_1787-10,São Paulo,3550308,True,,33418,,,-23.4511155,-46.62305775,,,,2,2023-06-16T04:04:44+00:00
SAO_1787-10,São Paulo,3550308,True,,33418,,,-23.491294500000002,-46.624818,,,,2,2023-06-16T04:04:50+00:00
SAO_1177-10,São Paulo,3550308,True,,129,,,-23.518318999999998,-46.4758545,,,,1,2023-06-16T04:06:00+00:00
SAO_1177-10,São Paulo,3550308,True,,129,,,-23.523128749999998,-46.63078325,,,,1,2023-06-16T04:02:16+00:00
SAO_1177-10,São Paulo,3550308,True,,129,,,-23.518318999999998,-46.4758545,,,,1,2023-06-16T04:05:51+00:00
SAO_1177-10,São Paulo,3550308,True,,129,,,-23.529491999999998,-46.553540999999996,,,,1,2023-06-16T04:05:57+00:00
SAO_8073-10,São Paulo,3550308,True,,34849,,,-23.599168,-46.766690999999994,,,,2,2023-06-16T04:05:59+00:00
SAO_8073-10,São Paulo,3550308,True,,34849,,,-23.599168,-46.766690999999994,,,,2,2023-06-16T04:05:38+00:00
SAO_8073-10,São Paulo,3550308,True,,34849,,,-23.586463000000002,-46.749843999999996,,,,2,2023-06-16T04:05:20+00:00
SAO_6016-41,São Paulo,3550308,True,,34474,,,-23.7374655,-46.6974125,,,,2,2023-06-16T04:05:47+00:00
SAO_6016-41,São Paulo,3550308,True,,34474,,,-23.774729,-46.675773500000005,,,,2,2023-06-16T04:05:36+00:00
SAO_2724-10,São Paulo,3550308,True,,938,,,-23.537643000000003,-46.4762475,,,,1,2023-06-16T04:05:47+00:00
SAO_4014-10,São Paulo,3550308,True,,34955,,,-23.612562999999998,-46.45627825,,,,2,2023-06-16T04:05:34+00:00
SAO_4014-10,São Paulo,3550308,True,,34955,,,-23.5932435,-46.481937,,,,2,2023-06-16T04:05:48+00:00
SAO_1759-10,São Paulo,3550308,True,,33321,,,-23.462498500000002,-46.659318999999996,,,,2,2023-06-16T04:05:43+00:00
SAO_1759-10,São Paulo,3550308,True,,33321,,,-23.473109,-46.630355,,,,2,2023-06-16T04:05:17+00:00
SAO_1759-10,São Paulo,3550308,True,,33321,,,-23.502099,-46.62419250000001,,,,2,2023-06-16T04:05:54+00:00
SAO_8014-10,São Paulo,3550308,True,,801,,,-23.428199,-46.794792,,,,1,2023-06-16T04:05:54+00:00
SAO_8014-10,São Paulo,3550308,True,,801,,,-23.4068015,-46.740741375,,,,1,2023-06-16T04:05:42+00:00
SAO_975A-10,São Paulo,3550308,True,EMTU,589,https://moovitapp.com/index/pt-br/transporte_p%C3%BAblico-line-589-Sao_Paulo-242-2038937-36419576-0,5.35,-23.555031,-46.66882125,,,,1,2023-06-16T04:05:38+00:00
SAO_975A-10,São Paulo,3550308,True,EMTU,589,https://moovitapp.com/index/pt-br/transporte_p%C3%BAblico-line-589-Sao_Paulo-242-2038937-36419576-0,5.35,-23.4690525,-46.696217000000004,,,,1,2023-06-16T04:05:41+00:00
SAO_975A-10,São Paulo,3550308,True,EMTU,589,https://moovitapp.com/index/pt-br/transporte_p%C3%BAblico-line-589-Sao_Paulo-242-2038937-36419576-0,5.35,-23.4690525,-46.696217000000004,,,,1,2023-06-16T04:06:03+00:00
SAO_975A-10,São Paulo,3550308,True,EMTU,589,https://moovitapp.com/index/pt-br/transporte_p%C3%BAblico-line-589-Sao_Paulo-242-2038937-36419576-0,5.35,-23.561034499999998,-46.65705,,,,1,2023-06-16T04:06:01+00:00
SAO_975A-10,São Paulo,3550308,True,EMTU,589,https://moovitapp.com/index/pt-br/transporte_p%C3%BAblico-line-589-Sao_Paulo-242-2038937-36419576-0,5.35,-23.50387,-46.685015,,,,1,2023-06-16T04:05:59+00:00
SAO_6116-10,São Paulo,3550308,True,,1186,,,-23.736897499999998,-46.69694,,,,1,2023-06-16T04:05:49+00:00
SAO_6116-10,São Paulo,3550308,True,,1186,,,-23.755147,-46.659071999999995,,,,1,2023-06-16T04:05:58+00:00
SAO_6116-10,São Paulo,3550308,True,,1186,,,-23.750869,-46.688227,,,,1,2023-06-16T04:05:35+00:00
SAO_1741-10,São Paulo,3550308,True,,33307,,,-23.4646735,-46.663542500000005,,,,2,2023-06-16T04:05:42+00:00
SAO_1741-10,São Paulo,3550308,True,,33307,,,-23.485967,-46.6445775,,,,2,2023-06-16T04:05:25+00:00
SAO_1741-10,São Paulo,3550308,True,,33307,,,-23.4645255,-46.663880000000006,,,,2,2023-06-16T04:05:54+00:00
SAO_771P-10,São Paulo,3550308,True,,33274,,,-23.602230499999997,-46.795042499999994,,,,2,2023-06-16T04:05:34+00:00
SAO_771P-10,São Paulo,3550308,True,,33274,,,-23.5661625,-46.701485500000004,,,,2,2023-06-16T04:05:40+00:00
SAO_771P-10,São Paulo,3550308,True,,33274,,,-23.602404,-46.795141,,,,2,2023-06-16T04:05:36+00:00
SAO_675A-10,São Paulo,3550308,True,,1318,,,-23.617257625,-46.6488415,,,,1,2023-06-16T04:05:41+00:00
SAO_675A-10,São Paulo,3550308,True,,1318,,,-23.637961125000004,-46.697641125000004,,,,1,2023-06-16T04:05:21+00:00
SAO_6L03-10,São Paulo,3550308,True,,1565,,,-23.85124275,-46.7535465,,,,1,2023-06-16T04:05:52+00:00
SAO_3027-10,São Paulo,3550308,True,,963,,,-23.540618,-46.4382965,,,,1,2023-06-16T04:05:59+00:00
SAO_3027-10,São Paulo,3550308,True,,963,,,-23.5431935,-46.4152505,,,,1,2023-06-16T04:05:37+00:00
SAO_3027-10,São Paulo,3550308,True,,963,,,-23.578461500000003,-46.4808285,,,,1,2023-06-16T04:05:49+00:00
SAO_3027-10,São Paulo,3550308,True,,963,,,-23.5431935,-46.4152505,,,,1,2023-06-16T04:05:59+00:00
SAO_3027-10,São Paulo,3550308,True,,963,,,-23.563912000000002,-46.5052585,,,,1,2023-06-16T04:05:56+00:00
SAO_3731-10,São Paulo,3550308,True,,33796,,,-23.563288999999997,-46.501448499999995,,,,2,2023-06-16T04:06:03+00:00
SAO_3731-10,São Paulo,3550308,True,,33796,,,-23.541125625,-46.514752375,,,,2,2023-06-16T04:05:56+00:00
SAO_3731-10,São Paulo,3550308,True,,33796,,,-23.559461500000005,-46.510843124999994,,,,2,2023-06-16T04:05:48+00:00
SAO_513C-31,São Paulo,3550308,True,,35304,,,-23.599030749999997,-46.4691375,,,,2,2023-06-16T04:05:40+00:00
SAO_513C-31,São Paulo,3550308,True,,35304,,,-23.60052125,-46.55707425,,,,2,2023-06-16T04:06:03+00:00
SAO_6L10-10,São Paulo,3550308,True,,1159,,,-23.767440999999998,-46.716431,,,,1,2023-06-16T04:05:21+00:00
SAO_6L10-10,São Paulo,3550308,True,,1159,,,-23.767440999999998,-46.716431,,,,1,2023-06-16T04:05:30+00:00
SAO_6L10-10,São Paulo,3550308,True,,1159,,,-23.8108615,-46.760701999999995,,,,1,2023-06-16T04:03:32+00:00
SAO_8019-10,São Paulo,3550308,True,,34839,,,-23.544992,-46.7471585,,,,2,2023-06-16T04:06:01+00:00
SAO_8019-10,São Paulo,3550308,True,,34839,,,-23.574772000000003,-46.729992,,,,2,2023-06-16T04:05:47+00:00
SAO_8019-10,São Paulo,3550308,True,,34839,,,-23.544992,-46.7471585,,,,2,2023-06-16T04:05:29+00:00
SAO_4727-10,São Paulo,3550308,True,,33108,,,-23.6136305,-46.6251805,,,,2,2023-06-16T04:05:55+00:00
SAO_5021-10,São Paulo,3550308,True,,34435,,,-23.630011500000002,-46.6258945,,,,2,2023-06-16T04:05:54+00:00
SAO_5021-10,São Paulo,3550308,True,,34435,,,-23.62516575,-46.619530000000005,,,,2,2023-06-16T04:05:31+00:00
SAO_1178-33,São Paulo,3550308,True,,34778,,,-23.495057000000003,-46.436877499999994,,,,2,2023-06-16T04:05:54+00:00
SAO_9019-10,São Paulo,3550308,True,,1433,,,-23.4545785,-46.7102915,,,,1,2023-06-16T04:05:37+00:00
SAO_9019-10,São Paulo,3550308,True,,1433,,,-23.458503999999998,-46.712886,,,,1,2023-06-16T04:05:27+00:00
SAO_9019-10,São Paulo,3550308,True,,1433,,,-23.483385,-46.722591,,,,1,2023-06-16T04:05:45+00:00
SAO_702C-10,São Paulo,3550308,True,STT,485,https://moovitapp.com/index/pt-br/transporte_p%C3%BAblico-line-485-Sao_Paulo-242-850661-183324-0,5.3,-23.571778000000002,-46.7484685,,,,1,2023-06-16T04:05:57+00:00
SAO_702C-10,São Paulo,3550308,True,STT,485,https://moovitapp.com/index/pt-br/transporte_p%C3%BAblico-line-485-Sao_Paulo-242-850661-183324-0,5.3,-23.5427345,-46.591100999999995,,,,1,2023-06-16T04:05:28+00:00
SAO_702C-10,São Paulo,3550308,True,STT,485,https://moovitapp.com/index/pt-br/transporte_p%C3%BAblico-line-485-Sao_Paulo-242-850661-183324-0,5.3,-23.570785125,-46.744463749999994,,,,1,2023-06-16T04:05:42+00:00
SAO_702C-10,São Paulo,3550308,True,STT,485,https://moovitapp.com/index/pt-br/transporte_p%C3%BAblico-line-485-Sao_Paulo-242-850661-183324-0,5.3,-23.551023999999998,-46.6345835,,,,1,2023-06-16T04:05:42+00:00
SAO_702C-10,São Paulo,3550308,True,STT,485,https://moovitapp.com/index/pt-br/transporte_p%C3%BAblico-line-485-Sao_Paulo-242-850661-183324-0,5.3,-23.571233,-46.74876825,,,,1,2023-06-16T04:05:24+00:00
SAO_4056-10,São Paulo,3550308,True,,2237,,,-23.606973500000002,-46.4512225,,,,1,2023-06-16T04:05:55+00:00
SAO_4056-10,São Paulo,3550308,True,,2237,,,-23.606942,-46.4511915,,,,1,2023-06-16T04:05:29+00:00
SAO_4056-10,São Paulo,3550308,True,,2237,,,-23.606942,-46.4511915,,,,1,2023-06-16T04:05:26+00:00
SAO_4056-10,São Paulo,3550308,True,,2237,,,-23.598788499999998,-46.463606999999996,,,,1,2023-06-16T04:05:57+00:00
SAO_7052-10,São Paulo,3550308,True,,1886,,,-23.650881124999998,-46.7765055,,,,1,2023-06-16T04:05:53+00:00
SAO_7052-10,São Paulo,3550308,True,,1886,,,-23.6341555,-46.774440999999996,,,,1,2023-06-16T04:05:42+00:00
SAO_7052-10,São Paulo,3550308,True,,1886,,,-23.6529745,-46.773157999999995,,,,1,2023-06-16T04:05:54+00:00
SAO_7052-10,São Paulo,3550308,True,,1886,,,-23.6529745,-46.773157999999995,,,,1,2023-06-16T04:05:53+00:00
SAO_4718-10,São Paulo,3550308,True,,33104,,,-23.600693062500003,-46.636764875,,,,2,2023-06-16T04:05:20+00:00
SAO_4726-10,São Paulo,3550308,True,,34448,,,-23.5470715,-46.58000775,,,,2,2023-06-16T04:05:39+00:00
SAO_4726-10,São Paulo,3550308,True,,34448,,,-23.563308,-46.5786215,,,,2,2023-06-16T04:05:36+00:00
SAO_407H-10,São Paulo,3550308,True,,2197,,,-23.630612999999997,-46.443197,,,,1,2023-06-16T04:05:29+00:00
SAO_407H-10,São Paulo,3550308,True,,2197,,,-23.5698175,-46.446971000000005,,,,1,2023-06-16T04:05:34+00:00
SAO_407H-10,São Paulo,3550308,True,,2197,,,-23.630965500000002,-46.4467205,,,,1,2023-06-16T04:05:39+00:00
SAO_407H-10,São Paulo,3550308,True,,2197,,,-23.630965500000002,-46.4467205,,,,1,2023-06-16T04:05:44+00:00
SAO_407H-10,São Paulo,3550308,True,,2197,,,-23.59652925,-46.453657,,,,1,2023-06-16T04:05:58+00:00
SAO_178A-10,São Paulo,3550308,True,,33326,,,-23.5320115,-46.634322999999995,,,,2,2023-06-16T04:05:35+00:00
SAO_178A-10,São Paulo,3550308,True,,33326,,,-23.500948875,-46.623936375,,,,2,2023-06-16T04:05:25+00:00
SAO_6045-21,São Paulo,3550308,True,,2164,,,-23.694674999999997,-46.793941000000004,,,,1,2023-06-16T04:05:55+00:00
SAO_6045-21,São Paulo,3550308,True,,2164,,,-23.694674999999997,-46.793941000000004,,,,1,2023-06-16T04:05:27+00:00
SAO_6045-21,São Paulo,3550308,True,,2164,,,-23.6990275,-46.7964265,,,,1,2023-06-16T04:05:51+00:00
SAO_938P-10,São Paulo,3550308,True,,33656,,,-23.5228345,-46.697568125000004,,,,2,2023-06-16T04:05:58+00:00
SAO_938P-10,São Paulo,3550308,True,,33656,,,-23.463069,-46.6814145,,,,2,2023-06-16T04:05:23+00:00
SAO_938P-10,São Paulo,3550308,True,,33656,,,-23.475320500000002,-46.684425000000005,,,,2,2023-06-16T04:05:57+00:00
SAO_172J-10,São Paulo,3550308,True,,856,,,-23.514029,-46.5816095,,,,1,2023-06-16T04:05:36+00:00
SAO_172J-10,São Paulo,3550308,True,,856,,,-23.480438499999998,-46.569803,,,,1,2023-06-16T04:05:16+00:00
SAO_172J-10,São Paulo,3550308,True,,856,,,-23.529770499999998,-46.5952475,,,,1,2023-06-16T04:05:12+00:00
SAO_172J-10,São Paulo,3550308,True,,856,,,-23.534357,-46.57558575,,,,1,2023-06-16T04:06:04+00:00
SAO_5106-10,São Paulo,3550308,True,,34048,,,-23.6853365,-46.654162,,,,2,2023-06-16T04:03:32+00:00
SAO_5106-10,São Paulo,3550308,True,,34048,,,-23.678149,-46.629804500000006,,,,2,2023-06-16T04:03:38+00:00
SAO_5106-10,São Paulo,3550308,True,,34048,,,-23.572616125000003,-46.646407749999995,,,,2,2023-06-16T04:05:46+00:00
SAO_5106-10,São Paulo,3550308,True,,34048,,,-23.6272005,-46.6414305,,,,2,2023-06-16T04:05:32+00:00
SAO_5106-10,São Paulo,3550308,True,,34048,,,-23.693192,-46.658266999999995,,,,2,2023-06-16T04:05:00+00:00
SAO_5106-10,São Paulo,3550308,True,,34048,,,-23.689413000000002,-46.656259500000004,,,,2,2023-06-16T04:05:49+00:00
SAO_5106-10,São Paulo,3550308,True,,34048,,,-23.6044985,-46.6368715,,,,2,2023-06-16T04:05:25+00:00
SAO_5106-10,São Paulo,3550308,True,,34048,,,-23.6848065,-46.653604,,,,2,2023-06-16T04:05:36+00:00
SAO_2100-10,São Paulo,3550308,True,,33481,,,-23.5580275,-46.523286999999996,,,,2,2023-06-16T04:05:42+00:00
SAO_2100-10,São Paulo,3550308,True,,33481,,,-23.550704500000002,-46.6344205,,,,2,2023-06-16T04:05:38+00:00
SAO_2100-10,São Paulo,3550308,True,,33481,,,-23.561211,-46.563993,,,,2,2023-06-16T04:05:20+00:00
SAO_2100-10,São Paulo,3550308,True,,33481,,,-23.545680249999997,-46.62105475,,,,2,2023-06-16T04:05:59+00:00
SAO_2100-10,São Paulo,3550308,True,,33481,,,-23.5632945,-46.5494885,,,,2,2023-06-16T04:05:31+00:00
SAO_2100-10,São Paulo,3550308,True,,33481,,,-23.55305475,-46.614928,,,,2,2023-06-16T04:05:32+00:00
SAO_2100-10,São Paulo,3550308,True,,33481,,,-23.5633675,-46.5228185,,,,2,2023-06-16T04:05:43+00:00
SAO_2733-10,São Paulo,3550308,True,,33716,,,-23.5162355,-46.4623365,,,,2,2023-06-16T04:05:45+00:00
SAO_2733-10,São Paulo,3550308,True,,33716,,,-23.5162355,-46.4623365,,,,2,2023-06-16T04:05:52+00:00
SAO_2733-10,São Paulo,3550308,True,,33716,,,-23.515818,-46.46208975,,,,2,2023-06-16T04:05:20+00:00
SAO_2733-10,São Paulo,3550308,True,,33716,,,-23.53455425,-46.45399675,,,,2,2023-06-16T04:05:38+00:00
SAO_677V-10,São Paulo,3550308,True,,32880,,,-23.722519,-46.69157,,,,2,2023-06-16T04:05:39+00:00
SAO_677V-10,São Paulo,3550308,True,,32880,,,-23.7445275,-46.7100155,,,,2,2023-06-16T04:05:46+00:00
SAO_677V-10,São Paulo,3550308,True,,32880,,,-23.7443095,-46.709995500000005,,,,2,2023-06-16T04:05:28+00:00
SAO_677V-10,São Paulo,3550308,True,,32880,,,-23.7342525,-46.703188499999996,,,,2,2023-06-16T04:05:48+00:00
SAO_5108-10,São Paulo,3550308,True,,1675,,,-23.650569,-46.614115999999996,,,,1,2023-06-16T04:05:23+00:00
SAO_5108-10,São Paulo,3550308,True,,1675,,,-23.613561,-46.617408999999995,,,,1,2023-06-16T04:05:34+00:00
SAO_5108-10,São Paulo,3550308,True,,1675,,,-23.545974,-46.630997,,,,1,2023-06-16T04:05:20+00:00
SAO_263C-10,São Paulo,3550308,True,,33020,,,-23.54269925,-46.41562424999999,,,,2,2023-06-16T04:05:45+00:00
SAO_263C-10,São Paulo,3550308,True,,33020,,,-23.5388285,-46.437665,,,,2,2023-06-16T04:05:41+00:00
SAO_263C-10,São Paulo,3550308,True,,33020,,,-23.4904595,-46.437002500000006,,,,2,2023-06-16T04:05:46+00:00
SAO_107T-10,São Paulo,3550308,True,,621,,,-23.557371625000002,-46.65941925,,,,1,2023-06-16T04:05:53+00:00
SAO_107T-10,São Paulo,3550308,True,,621,,,-23.4865485,-46.61850575,,,,1,2023-06-16T04:05:48+00:00
SAO_107T-10,São Paulo,3550308,True,,621,,,-23.5369434375,-46.6343083125,,,,1,2023-06-16T04:06:01+00:00
SAO_6826-10,São Paulo,3550308,True,BR7 Mobilidade,16,https://moovitapp.com/index/pt-br/transporte_p%C3%BAblico-line-16-Sao_Paulo-242-851856-513215-0,5.75,-23.6662345,-46.771350999999996,,,,1,2023-06-16T04:05:23+00:00
SAO_6826-10,São Paulo,3550308,True,BR7 Mobilidade,16,https://moovitapp.com/index/pt-br/transporte_p%C3%BAblico-line-16-Sao_Paulo-242-851856-513215-0,5.75,-23.67602,-46.789260999999996,,,,1,2023-06-16T04:05:39+00:00
SAO_2704-10,São Paulo,3550308,True,,33684,,,-23.5221825,-46.442773,,,,2,2023-06-16T04:02:54+00:00
SAO_2704-10,São Paulo,3550308,True,,33684,,,-23.5422285,-46.472757,,,,2,2023-06-16T04:02:32+00:00
SAO_2704-10,São Paulo,3550308,True,,33684,,,-23.526239,-46.409855500000006,,,,2,2023-06-16T04:05:35+00:00
SAO_6818-10,São Paulo,3550308,True,,32796,,,-23.645301500000002,-46.768082,,,,2,2023-06-16T04:05:53+00:00
SAO_6818-10,São Paulo,3550308,True,,32796,,,-23.655684,-46.772633,,,,2,2023-06-16T04:05:50+00:00
SAO_607M-10,São Paulo,3550308,True,,34804,,,-23.736617,-46.696708,,,,2,2023-06-16T04:05:42+00:00
SAO_607M-10,São Paulo,3550308,True,,34804,,,-23.658801250000003,-46.701466499999995,,,,2,2023-06-16T04:05:36+00:00
SAO_4724-10,São Paulo,3550308,True,,2060,,,-23.5392325,-46.496395250000006,,,,1,2023-06-16T04:05:29+00:00
SAO_6030-10,São Paulo,3550308,True,,33910,,,-23.7159665,-46.6992685,,,,2,2023-06-16T04:05:51+00:00
SAO_6030-10,São Paulo,3550308,True,,33910,,,-23.66357125,-46.7101405,,,,2,2023-06-16T04:05:48+00:00
SAO_6030-10,São Paulo,3550308,True,,33910,,,-23.737703500000002,-46.7044665,,,,2,2023-06-16T04:05:55+00:00
SAO_1742-10,São Paulo,3550308,True,,33310,,,-23.4571605,-46.6597545,,,,2,2023-06-16T04:05:49+00:00
SAO_1742-10,São Paulo,3550308,True,,33310,,,-23.4569915,-46.6589155,,,,2,2023-06-16T04:05:22+00:00
SAO_1742-10,São Paulo,3550308,True,,33310,,,-23.4770365,-46.633633,,,,2,2023-06-16T04:05:49+00:00
SAO_1742-10,São Paulo,3550308,True,,33310,,,-23.4584315,-46.659037,,,,2,2023-06-16T04:05:49+00:00
SAO_6061-10,São Paulo,3550308,True,,33918,,,-23.736681,-46.6952685,,,,2,2023-06-16T04:05:55+00:00
SAO_6061-10,São Paulo,3550308,True,,33918,,,-23.785052,-46.6836195,,,,2,2023-06-16T04:05:58+00:00
SAO_6061-10,São Paulo,3550308,True,,33918,,,-23.738225999999997,-46.6922225,,,,2,2023-06-16T04:05:38+00:00
SAO_6061-10,São Paulo,3550308,True,,33918,,,-23.7822775,-46.681824,,,,2,2023-06-16T04:05:33+00:00
SAO_1758-10,São Paulo,3550308,True,,33320,,,-23.454611749999998,-46.66173725,,,,2,2023-06-16T04:05:33+00:00
SAO_1758-10,São Paulo,3550308,True,,33320,,,-23.469748,-46.6304555,,,,2,2023-06-16T04:05:29+00:00
SAO_1758-10,São Paulo,3550308,True,,33320,,,-23.454611749999998,-46.66173725,,,,2,2023-06-16T04:05:24+00:00
SAO_5752-10,São Paulo,3550308,True,,34055,,,-23.641124750000003,-46.6438565,,,,2,2023-06-16T04:05:56+00:00
SAO_5752-10,São Paulo,3550308,True,,34055,,,-23.690879,-46.649802,,,,2,2023-06-16T04:05:36+00:00
SAO_5752-10,São Paulo,3550308,True,,34055,,,-23.676828,-46.65915525,,,,2,2023-06-16T04:04:22+00:00
SAO_5752-10,São Paulo,3550308,True,,34055,,,-23.6908875,-46.650045000000006,,,,2,2023-06-16T04:06:00+00:00
SAO_5752-10,São Paulo,3550308,True,,34055,,,-23.68104075,-46.65372875,,,,2,2023-06-16T04:01:37+00:00
SAO_2522-10,São Paulo,3550308,True,Cidade de Caieiras,140,https://moovitapp.com/index/pt-br/transporte_p%C3%BAblico-line-140-Sao_Paulo-242-868761-496401-0,5.0,-23.540125,-46.457967,,,,1,2023-06-16T04:05:53+00:00
SAO_8029-10,São Paulo,3550308,True,,35308,,,-23.6132895,-46.7302485,,,,2,2023-06-16T04:05:27+00:00
SAO_8029-10,São Paulo,3550308,True,,35308,,,-23.589084625,-46.7228965,,,,2,2023-06-16T04:05:50+00:00
SAO_8029-10,São Paulo,3550308,True,,35308,,,-23.5855945,-46.724115,,,,2,2023-06-16T04:05:31+00:00
SAO_8029-10,São Paulo,3550308,True,,35308,,,-23.615239000000003,-46.746427,,,,2,2023-06-16T04:05:28+00:00
SAO_8029-10,São Paulo,3550308,True,,35308,,,-23.615239000000003,-46.746427,,,,2,2023-06-16T04:05:31+00:00
SAO_2059-10,São Paulo,3550308,True,Cidade de Caieiras,260,https://moovitapp.com/index/pt-br/transporte_p%C3%BAblico-line-260-Sao_Paulo-242-868761-496413-0,5.0,-23.498981999999998,-46.440338499999996,,,,1,2023-06-16T04:01:47+00:00
SAO_2059-10,São Paulo,3550308,True,Cidade de Caieiras,260,https://moovitapp.com/index/pt-br/transporte_p%C3%BAblico-line-260-Sao_Paulo-242-868761-496413-0,5.0,-23.5316105,-46.4154495,,,,1,2023-06-16T04:03:05+00:00
SAO_2059-10,São Paulo,3550308,True,Cidade de Caieiras,260,https://moovitapp.com/index/pt-br/transporte_p%C3%BAblico-line-260-Sao_Paulo-242-868761-496413-0,5.0,-23.4909655,-46.442477499999995,,,,1,2023-06-16T04:05:22+00:00
SAO_6016-41,São Paulo,3550308,True,,1706,,,-23.757948,-46.68446575,,,,1,2023-06-16T04:05:49+00:00
SAO_6016-41,São Paulo,3550308,True,,1706,,,-23.7374655,-46.6974125,,,,1,2023-06-16T04:05:48+00:00
SAO_4085-10,São Paulo,3550308,True,,2156,,,-23.569446,-46.42908,,,,1,2023-06-16T04:05:27+00:00
SAO_8030-10,São Paulo,3550308,True,,35330,,,-23.6117884375,-46.725051,,,,2,2023-06-16T04:06:02+00:00
SAO_8030-10,São Paulo,3550308,True,,35330,,,-23.623484249999997,-46.728172,,,,2,2023-06-16T04:05:42+00:00
SAO_1024-10,São Paulo,3550308,True,,2302,,,-23.4616075,-46.699659,,,,1,2023-06-16T04:05:47+00:00
SAO_1744-10,São Paulo,3550308,True,,544,,,-23.489660999999998,-46.635959,,,,1,2023-06-16T04:05:36+00:00
SAO_1744-10,São Paulo,3550308,True,,544,,,-23.5031265,-46.624462,,,,1,2023-06-16T04:05:30+00:00
SAO_8700-10,São Paulo,3550308,True,,1877,,,-23.55833775,-46.667919999999995,,,,1,2023-06-16T04:05:44+00:00
SAO_8700-10,São Paulo,3550308,True,,1877,,,-23.6222835,-46.760775499999994,,,,1,2023-06-16T04:05:22+00:00
SAO_8700-10,São Paulo,3550308,True,,1877,,,-23.5476045,-46.640784,,,,1,2023-06-16T04:06:03+00:00
SAO_8700-10,São Paulo,3550308,True,,1877,,,-23.62694175,-46.766502,,,,1,2023-06-16T04:05:48+00:00
SAO_695H-10,São Paulo,3550308,True,,1196,,,-23.702216375,-46.701288375,,,,1,2023-06-16T04:05:31+00:00
SAO_695H-10,São Paulo,3550308,True,,1196,,,-23.65632475,-46.700395625,,,,1,2023-06-16T04:05:22+00:00
SAO_509M-10,São Paulo,3550308,True,,1277,,,-23.551066499999997,-46.637533250000004,,,,1,2023-06-16T04:05:47+00:00
SAO_509M-10,São Paulo,3550308,True,,1277,,,-23.592983500000003,-46.6521585,,,,1,2023-06-16T04:05:48+00:00
SAO_509M-10,São Paulo,3550308,True,,1277,,,-23.678456500000003,-46.6408115,,,,1,2023-06-16T04:05:40+00:00
SAO_8075-10,São Paulo,3550308,True,,34812,,,-23.631026499999997,-46.773642,,,,2,2023-06-16T04:05:39+00:00
SAO_8075-10,São Paulo,3550308,True,,34812,,,-23.6247785,-46.764696,,,,2,2023-06-16T04:05:19+00:00
SAO_8075-10,São Paulo,3550308,True,,34812,,,-23.5742965,-46.7066875,,,,2,2023-06-16T04:05:26+00:00
SAO_4012-10,São Paulo,3550308,True,,2185,,,-23.605672374999997,-46.44384650000001,,,,1,2023-06-16T04:05:30+00:00
SAO_4012-10,São Paulo,3550308,True,,2185,,,-23.620324,-46.461727999999994,,,,1,2023-06-16T04:05:45+00:00
SAO_4012-10,São Paulo,3550308,True,,2185,,,-23.598098999999998,-46.4409325,,,,1,2023-06-16T04:05:58+00:00
SAO_4012-10,São Paulo,3550308,True,,2185,,,-23.598098999999998,-46.4409325,,,,1,2023-06-16T04:05:19+00:00
SAO_8060-10,São Paulo,3550308,True,,33186,,,-23.50283475,-46.760608500000004,,,,2,2023-06-16T04:05:35+00:00
SAO_8060-10,São Paulo,3550308,True,,33186,,,-23.50283475,-46.760608500000004,,,,2,2023-06-16T04:05:47+00:00
SAO_8060-10,São Paulo,3550308,True,,33186,,,-23.5317535,-46.7344935,,,,2,2023-06-16T04:05:36+00:00
SAO_1785-10,São Paulo,3550308,True,,1816,,,-23.4783895,-46.623251499999995,,,,1,2023-06-16T04:03:34+00:00
SAO_675R-10,São Paulo,3550308,True,,109,,,-23.6450955,-46.64122625,,,,1,2023-06-16T04:05:55+00:00
SAO_675R-10,São Paulo,3550308,True,,109,,,-23.705854625,-46.700533875,,,,1,2023-06-16T04:05:28+00:00
SAO_5164-10,São Paulo,3550308,True,,1283,,,-23.639691,-46.663903000000005,,,,1,2023-06-16T04:05:55+00:00
SAO_5164-10,São Paulo,3550308,True,,1283,,,-23.604057625,-46.63568175,,,,1,2023-06-16T04:05:50+00:00
SAO_3754-10,São Paulo,3550308,True,,33817,,,-23.573977,-46.398133,,,,2,2023-06-16T04:05:57+00:00
SAO_3754-10,São Paulo,3550308,True,,33817,,,-23.573977,-46.398133,,,,2,2023-06-16T04:06:00+00:00
SAO_3754-10,São Paulo,3550308,True,,33817,,,-23.537591749999997,-46.427231500000005,,,,2,2023-06-16T04:05:24+00:00
SAO_3754-10,São Paulo,3550308,True,,33817,,,-23.542303,-46.425173,,,,2,2023-06-16T04:04:30+00:00
SAO_9701-10,São Paulo,3550308,True,,569,,,-23.476491125,-46.66999200000001,,,,1,2023-06-16T04:05:57+00:00
SAO_2711-10,São Paulo,3550308,True,,33693,,,-23.522488875,-46.4976295,,,,2,2023-06-16T04:05:23+00:00
SAO_2711-10,São Paulo,3550308,True,,33693,,,-23.511619,-46.488452,,,,2,2023-06-16T04:05:17+00:00
SAO_746K-10,São Paulo,3550308,True,STT,787,https://moovitapp.com/index/pt-br/transporte_p%C3%BAblico-line-787-Sao_Paulo-242-850661-183355-0,5.3,-23.616706999999998,-46.6861835,,,,1,2023-06-16T04:05:34+00:00
SAO_2123-10,São Paulo,3550308,True,,692,,,-23.500496,-46.59712325,,,,1,2023-06-16T04:05:36+00:00
SAO_2123-10,São Paulo,3550308,True,,692,,,-23.54376275,-46.62067975,,,,1,2023-06-16T04:05:35+00:00
SAO_253F-10,São Paulo,3550308,True,EMTU,158,https://moovitapp.com/index/pt-br/transporte_p%C3%BAblico-line-158-Sao_Paulo-242-2038937-36419303-0,7.45,-23.5185795,-46.475586,,,,1,2023-06-16T04:05:29+00:00
SAO_253F-10,São Paulo,3550308,True,EMTU,158,https://moovitapp.com/index/pt-br/transporte_p%C3%BAblico-line-158-Sao_Paulo-242-2038937-36419303-0,7.45,-23.537851125000003,-46.455333,,,,1,2023-06-16T04:05:32+00:00
SAO_253F-10,São Paulo,3550308,True,EMTU,158,https://moovitapp.com/index/pt-br/transporte_p%C3%BAblico-line-158-Sao_Paulo-242-2038937-36419303-0,7.45,-23.5185795,-46.475586,,,,1,2023-06-16T04:05:23+00:00
SAO_8615-10,São Paulo,3550308,True,,34107,,,-23.54941025,-46.632264250000006,,,,2,2023-06-16T04:05:50+00:00
SAO_8615-10,São Paulo,3550308,True,,34107,,,-23.5369125,-46.7237005,,,,2,2023-06-16T04:05:21+00:00
SAO_8615-10,São Paulo,3550308,True,,34107,,,-23.521648499999998,-46.718697500000005,,,,2,2023-06-16T04:05:38+00:00
SAO_8615-10,São Paulo,3550308,True,,34107,,,-23.532164,-46.6582775,,,,2,2023-06-16T04:05:44+00:00
SAO_8615-10,São Paulo,3550308,True,,34107,,,-23.518470999999998,-46.702935999999994,,,,2,2023-06-16T04:05:31+00:00
SAO_8615-10,São Paulo,3550308,True,,34107,,,-23.5361915,-46.725013000000004,,,,2,2023-06-16T04:05:50+00:00
SAO_273L-10,São Paulo,3550308,True,,224,,,-23.53559775,-46.42905175,,,,1,2023-06-16T04:05:42+00:00
SAO_273L-10,São Paulo,3550308,True,,224,,,-23.5325455,-46.4610755,,,,1,2023-06-16T04:05:30+00:00
SAO_3069-10,São Paulo,3550308,True,,33752,,,-23.624953,-46.463969500000005,,,,2,2023-06-16T04:05:50+00:00
SAO_3069-10,São Paulo,3550308,True,,33752,,,-23.606985,-46.416852500000005,,,,2,2023-06-16T04:05:46+00:00
SAO_3069-10,São Paulo,3550308,True,,33752,,,-23.60662525,-46.41692075,,,,2,2023-06-16T04:05:50+00:00
SAO_4729-10,São Paulo,3550308,True,,1108,,,-23.552768999999998,-46.5765005,,,,1,2023-06-16T04:05:35+00:00
SAO_4729-10,São Paulo,3550308,True,,1108,,,-23.590935,-46.5069575,,,,1,2023-06-16T04:05:42+00:00
SAO_4729-10,São Paulo,3550308,True,,1108,,,-23.577536000000002,-46.551413124999996,,,,1,2023-06-16T04:06:02+00:00
SAO_8038-10,São Paulo,3550308,True,,797,,,-23.541051,-46.729377,,,,1,2023-06-16T04:05:37+00:00
SAO_8038-10,São Paulo,3550308,True,,797,,,-23.541524000000003,-46.751175,,,,1,2023-06-16T04:05:24+00:00
SAO_8038-10,São Paulo,3550308,True,,797,,,-23.519293,-46.7040835,,,,1,2023-06-16T04:05:30+00:00
SAO_5025-10,São Paulo,3550308,True,,1564,,,-23.606027249999997,-46.5804545,,,,1,2023-06-16T04:05:41+00:00
SAO_5025-10,São Paulo,3550308,True,,1564,,,-23.596298,-46.558651499999996,,,,1,2023-06-16T04:05:49+00:00
SAO_5025-10,São Paulo,3550308,True,,1564,,,-23.594565437500002,-46.58966356249999,,,,1,2023-06-16T04:05:28+00:00
SAO_2004-10,São Paulo,3550308,True,,892,,,-23.51989425,-46.384547,,,,1,2023-06-16T04:05:01+00:00
SAO_2004-10,São Paulo,3550308,True,,892,,,-23.5369355,-46.404654,,,,1,2023-06-16T04:05:50+00:00
SAO_1703-10,São Paulo,3550308,True,,33615,,,-23.434618999999998,-46.571697,,,,2,2023-06-16T04:04:15+00:00
SAO_1703-10,São Paulo,3550308,True,,33615,,,-23.430699500000003,-46.573944499999996,,,,2,2023-06-16T04:05:24+00:00
SAO_1703-10,São Paulo,3550308,True,,33615,,,-23.470501749999997,-46.5854225,,,,2,2023-06-16T04:05:32+00:00
SAO_1703-10,São Paulo,3550308,True,,33615,,,-23.430699500000003,-46.573944499999996,,,,2,2023-06-16T04:05:57+00:00
SAO_7021-10,São Paulo,3550308,True,,34757,,,-23.670028249999998,-46.76308175,,,,2,2023-06-16T04:05:43+00:00
SAO_7021-10,São Paulo,3550308,True,,34757,,,-23.670865499999998,-46.768071,,,,2,2023-06-16T04:06:02+00:00
SAO_7021-10,São Paulo,3550308,True,,34757,,,-23.643644000000002,-46.734159500000004,,,,2,2023-06-16T04:05:41+00:00
SAO_701A-10,São Paulo,3550308,True,,689,,,-23.47618775,-46.572053249999996,,,,1,2023-06-16T04:05:41+00:00
SAO_701A-10,São Paulo,3550308,True,,689,,,-23.5390245,-46.636010999999996,,,,1,2023-06-16T04:05:26+00:00
SAO_701A-10,São Paulo,3550308,True,,689,,,-23.557617999999998,-46.6816525,,,,1,2023-06-16T04:05:45+00:00
SAO_701A-10,São Paulo,3550308,True,,689,,,-23.518577,-46.58996512499999,,,,1,2023-06-16T04:05:48+00:00
SAO_701A-10,São Paulo,3550308,True,,689,,,-23.493630125,-46.582702000000005,,,,1,2023-06-16T04:05:30+00:00
SAO_5034-31,São Paulo,3550308,True,,1664,,,-23.612244,-46.600545499999996,,,,1,2023-06-16T04:05:31+00:00
SAO_3739-10,São Paulo,3550308,True,,33807,,,-23.596156,-46.436382,,,,2,2023-06-16T04:05:37+00:00
SAO_3739-10,São Paulo,3550308,True,,33807,,,-23.612344,-46.416132000000005,,,,2,2023-06-16T04:05:24+00:00
SAO_3739-10,São Paulo,3550308,True,,33807,,,-23.6121585,-46.416186499999995,,,,2,2023-06-16T04:05:47+00:00
SAO_3739-10,São Paulo,3550308,True,,33807,,,-23.542998,-46.4711105,,,,2,2023-06-16T04:05:23+00:00
SAO_4732-10,São Paulo,3550308,True,Rápido Campinas,302,https://moovitapp.com/index/pt-br/transporte_p%C3%BAblico-line-302-Sao_Paulo-242-858660-23262913-0,5.3,-23.633045250000002,-46.612893,,,,1,2023-06-16T04:05:48+00:00
SAO_4732-10,São Paulo,3550308,True,Rápido Campinas,302,https://moovitapp.com/index/pt-br/transporte_p%C3%BAblico-line-302-Sao_Paulo-242-858660-23262913-0,5.3,-23.618575749999998,-46.637992499999996,,,,1,2023-06-16T04:05:49+00:00
SAO_6824-10,São Paulo,3550308,True,,32791,,,-23.659622,-46.766826,,,,2,2023-06-16T04:05:44+00:00
SAO_6824-10,São Paulo,3550308,True,,32791,,,-23.673696749999998,-46.79064525,,,,2,2023-06-16T04:06:04+00:00
SAO_6824-10,São Paulo,3550308,True,,32791,,,-23.673696749999998,-46.79064525,,,,2,2023-06-16T04:05:48+00:00
SAO_2710-31,São Paulo,3550308,True,,34422,,,-23.517326,-46.4798985,,,,2,2023-06-16T04:05:57+00:00
SAO_2710-31,São Paulo,3550308,True,,34422,,,-23.529882,-46.501219000000006,,,,2,2023-06-16T04:06:03+00:00
SAO_1025-10,São Paulo,3550308,True,,35071,,,-23.478033500000002,-46.695102000000006,,,,2,2023-06-16T04:05:48+00:00
SAO_2666-10,São Paulo,3550308,True,EMTU,378,https://moovitapp.com/index/pt-br/transporte_p%C3%BAblico-line-378-Sao_Paulo-242-2038937-36419452-0,12.1,-23.5183915,-46.39161300000001,,,,1,2023-06-16T04:05:56+00:00
SAO_2666-10,São Paulo,3550308,True,EMTU,378,https://moovitapp.com/index/pt-br/transporte_p%C3%BAblico-line-378-Sao_Paulo-242-2038937-36419452-0,12.1,-23.539786,-46.610667,,,,1,2023-06-16T04:05:35+00:00
SAO_2666-10,São Paulo,3550308,True,EMTU,378,https://moovitapp.com/index/pt-br/transporte_p%C3%BAblico-line-378-Sao_Paulo-242-2038937-36419452-0,12.1,-23.4973395,-46.4007245,,,,1,2023-06-16T04:05:24+00:00
SAO_2666-10,São Paulo,3550308,True,EMTU,378,https://moovitapp.com/index/pt-br/transporte_p%C3%BAblico-line-378-Sao_Paulo-242-2038937-36419452-0,12.1,-23.5183915,-46.39161300000001,,,,1,2023-06-16T04:06:00+00:00
SAO_2666-10,São Paulo,3550308,True,EMTU,378,https://moovitapp.com/index/pt-br/transporte_p%C3%BAblico-line-378-Sao_Paulo-242-2038937-36419452-0,12.1,-23.498266,-46.4572045,,,,1,2023-06-16T04:05:53+00:00
SAO_2666-10,São Paulo,3550308,True,EMTU,378,https://moovitapp.com/index/pt-br/transporte_p%C3%BAblico-line-378-Sao_Paulo-242-2038937-36419452-0,12.1,-23.512298,-46.513902,,,,1,2023-06-16T04:05:26+00:00
SAO_2666-10,São Paulo,3550308,True,EMTU,378,https://moovitapp.com/index/pt-br/transporte_p%C3%BAblico-line-378-Sao_Paulo-242-2038937-36419452-0,12.1,-23.5185215,-46.387811,,,,1,2023-06-16T04:05:34+00:00
SAO_2666-10,São Paulo,3550308,True,EMTU,378,https://moovitapp.com/index/pt-br/transporte_p%C3%BAblico-line-378-Sao_Paulo-242-2038937-36419452-0,12.1,-23.518365000000003,-46.391335,,,,1,2023-06-16T04:05:37+00:00
SAO_2666-10,São Paulo,3550308,True,EMTU,378,https://moovitapp.com/index/pt-br/transporte_p%C3%BAblico-line-378-Sao_Paulo-242-2038937-36419452-0,12.1,-23.546727,-46.629723999999996,,,,1,2023-06-16T04:05:59+00:00
SAO_3019-10,São Paulo,3550308,True,,957,,,-23.5769065,-46.4062665,,,,1,2023-06-16T04:05:56+00:00
SAO_609J-10,São Paulo,3550308,True,,2242,,,-23.619169375,-46.655955375000005,,,,1,2023-06-16T04:05:43+00:00
SAO_6019-10,São Paulo,3550308,True,,34258,,,-23.6687515,-46.735510000000005,,,,2,2023-06-16T04:05:36+00:00
SAO_6019-10,São Paulo,3550308,True,,34258,,,-23.668594499999998,-46.7355085,,,,2,2023-06-16T04:05:56+00:00
SAO_7272-10,São Paulo,3550308,True,,34101,,,-23.53931525,-46.690736,,,,2,2023-06-16T04:05:45+00:00
SAO_7272-10,São Paulo,3550308,True,,34101,,,-23.52209425,-46.699110000000005,,,,2,2023-06-16T04:06:00+00:00
SAO_373T-10,São Paulo,3550308,True,,1091,,,-23.595541,-46.5058845,,,,1,2023-06-16T04:06:04+00:00
SAO_373T-10,São Paulo,3550308,True,,1091,,,-23.546714,-46.6060545,,,,1,2023-06-16T04:05:26+00:00
SAO_373T-10,São Paulo,3550308,True,,1091,,,-23.594033,-46.499649,,,,1,2023-06-16T04:05:36+00:00
SAO_373T-10,São Paulo,3550308,True,,1091,,,-23.59121375,-46.52944875,,,,1,2023-06-16T04:05:25+00:00
SAO_373T-10,São Paulo,3550308,True,,1091,,,-23.554064875,-46.5998675,,,,1,2023-06-16T04:05:57+00:00
SAO_373T-10,São Paulo,3550308,True,,1091,,,-23.5809365,-46.5573255,,,,1,2023-06-16T04:05:30+00:00
SAO_746P-10,São Paulo,3550308,True,,33556,,,-23.617432,-46.7210475,,,,2,2023-06-16T04:05:32+00:00
SAO_746P-10,São Paulo,3550308,True,,33556,,,-23.652192499999998,-46.717613,,,,2,2023-06-16T04:06:01+00:00
SAO_746P-10,São Paulo,3550308,True,,33556,,,-23.617787,-46.7211975,,,,2,2023-06-16T04:05:53+00:00
SAO_746P-10,São Paulo,3550308,True,,33556,,,-23.612692250000002,-46.721515499999995,,,,2,2023-06-16T04:05:45+00:00
SAO_746P-10,São Paulo,3550308,True,,33556,,,-23.621605000000002,-46.7334925,,,,2,2023-06-16T04:05:40+00:00
SAO_1744-10,São Paulo,3550308,True,,33312,,,-23.472376,-46.64149449999999,,,,2,2023-06-16T04:05:29+00:00
SAO_1744-10,São Paulo,3550308,True,,33312,,,-23.4769735,-46.645937,,,,2,2023-06-16T04:05:44+00:00
SAO_1744-10,São Paulo,3550308,True,,33312,,,-23.493489,-46.63207625,,,,2,2023-06-16T04:05:30+00:00
SAO_1744-10,São Paulo,3550308,True,,33312,,,-23.47214175,-46.642127375,,,,2,2023-06-16T04:05:57+00:00
SAO_1744-10,São Paulo,3550308,True,,33312,,,-23.472376,-46.64149449999999,,,,2,2023-06-16T04:05:42+00:00
SAO_3064-41,São Paulo,3550308,True,,1933,,,-23.581818249999998,-46.410364125,,,,1,2023-06-16T04:05:30+00:00
SAO_675A-10,São Paulo,3550308,True,,34086,,,-23.658176,-46.7424635,,,,2,2023-06-16T04:05:43+00:00
SAO_675A-10,São Paulo,3550308,True,,34086,,,-23.6619785,-46.755653,,,,2,2023-06-16T04:05:24+00:00
SAO_675A-10,São Paulo,3550308,True,,34086,,,-23.621538375,-46.669078375,,,,2,2023-06-16T04:06:01+00:00
SAO_675A-10,São Paulo,3550308,True,,34086,,,-23.6619785,-46.755653,,,,2,2023-06-16T04:05:35+00:00
SAO_3712-10,São Paulo,3550308,True,,33777,,,-23.55333575,-46.42540475,,,,2,2023-06-16T04:06:02+00:00
SAO_3712-10,São Paulo,3550308,True,,33777,,,-23.55296125,-46.42555625,,,,2,2023-06-16T04:05:58+00:00
SAO_3712-10,São Paulo,3550308,True,,33777,,,-23.551291999999997,-46.4451045,,,,2,2023-06-16T04:05:21+00:00
SAO_3712-10,São Paulo,3550308,True,,33777,,,-23.551931500000002,-46.4251575,,,,2,2023-06-16T04:05:53+00:00
SAO_273X-10,São Paulo,3550308,True,EMTU,392,https://moovitapp.com/index/pt-br/transporte_p%C3%BAblico-line-392-Sao_Paulo-242-2038937-36419460-0,5.8,-23.539805,-46.483291,,,,1,2023-06-16T04:05:53+00:00
SAO_273X-10,São Paulo,3550308,True,EMTU,392,https://moovitapp.com/index/pt-br/transporte_p%C3%BAblico-line-392-Sao_Paulo-242-2038937-36419460-0,5.8,-23.498495,-46.376676,,,,1,2023-06-16T04:06:01+00:00
SAO_273X-10,São Paulo,3550308,True,EMTU,392,https://moovitapp.com/index/pt-br/transporte_p%C3%BAblico-line-392-Sao_Paulo-242-2038937-36419460-0,5.8,-23.497905000000003,-46.461605,,,,1,2023-06-16T04:05:50+00:00
SAO_273X-10,São Paulo,3550308,True,EMTU,392,https://moovitapp.com/index/pt-br/transporte_p%C3%BAblico-line-392-Sao_Paulo-242-2038937-36419460-0,5.8,-23.502128499999998,-46.3912135,,,,1,2023-06-16T04:05:57+00:00
SAO_938V-10,São Paulo,3550308,True,STT,813,https://moovitapp.com/index/pt-br/transporte_p%C3%BAblico-line-813-Sao_Paulo-242-850661-183360-0,5.3,-23.452962,-46.684575499999994,,,,1,2023-06-16T04:05:52+00:00
SAO_938V-10,São Paulo,3550308,True,STT,813,https://moovitapp.com/index/pt-br/transporte_p%C3%BAblico-line-813-Sao_Paulo-242-850661-183360-0,5.3,-23.4503535,-46.683854999999994,,,,1,2023-06-16T04:05:55+00:00
SAO_938V-10,São Paulo,3550308,True,STT,813,https://moovitapp.com/index/pt-br/transporte_p%C3%BAblico-line-813-Sao_Paulo-242-850661-183360-0,5.3,-23.484436,-46.691058999999996,,,,1,2023-06-16T04:05:48+00:00
SAO_938V-10,São Paulo,3550308,True,STT,813,https://moovitapp.com/index/pt-br/transporte_p%C3%BAblico-line-813-Sao_Paulo-242-850661-183360-0,5.3,-23.508825,-46.6896915,,,,1,2023-06-16T04:05:39+00:00
SAO_938V-10,São Paulo,3550308,True,STT,813,https://moovitapp.com/index/pt-br/transporte_p%C3%BAblico-line-813-Sao_Paulo-242-850661-183360-0,5.3,-23.5291835,-46.683337124999994,,,,1,2023-06-16T04:05:42+00:00
SAO_3712-51,São Paulo,3550308,True,,2505,,,-23.53556,-46.454417,,,,1,2023-06-16T04:05:39+00:00
SAO_3712-51,São Paulo,3550308,True,,2505,,,-23.552427,-46.4249925,,,,1,2023-06-16T04:05:54+00:00
SAO_2105-10,São Paulo,3550308,True,,35015,,,-23.43937975,-46.574391750000004,,,,2,2023-06-16T04:05:26+00:00
SAO_2105-10,São Paulo,3550308,True,,35015,,,-23.54112875,-46.616783250000005,,,,2,2023-06-16T04:06:01+00:00
SAO_2105-10,São Paulo,3550308,True,,35015,,,-23.511257375,-46.624893,,,,2,2023-06-16T04:05:42+00:00
SAO_736G-10,São Paulo,3550308,True,,33548,,,-23.618555999999998,-46.6992355,,,,2,2023-06-16T04:05:34+00:00
SAO_736G-10,São Paulo,3550308,True,,33548,,,-23.6438595,-46.731730999999996,,,,2,2023-06-16T04:05:35+00:00
SAO_736G-10,São Paulo,3550308,True,,33548,,,-23.631508,-46.6963375,,,,2,2023-06-16T04:05:49+00:00
SAO_736G-10,São Paulo,3550308,True,,33548,,,-23.631414499999998,-46.7489835,,,,2,2023-06-16T04:05:44+00:00
SAO_6258-10,São Paulo,3550308,True,,1232,,,-23.653938,-46.709849000000006,,,,1,2023-06-16T04:05:55+00:00
SAO_6258-10,São Paulo,3550308,True,,1232,,,-23.691460499999998,-46.746868500000005,,,,1,2023-06-16T04:05:29+00:00
SAO_6258-10,São Paulo,3550308,True,,1232,,,-23.691460499999998,-46.746868500000005,,,,1,2023-06-16T04:05:59+00:00
SAO_6258-10,São Paulo,3550308,True,,1232,,,-23.691460499999998,-46.746868500000005,,,,1,2023-06-16T04:05:57+00:00
SAO_6258-10,São Paulo,3550308,True,,1232,,,-23.6696185,-46.734093,,,,1,2023-06-16T04:05:28+00:00
SAO_6258-10,São Paulo,3550308,True,,1232,,,-23.666870000000003,-46.722808,,,,1,2023-06-16T04:05:42+00:00
SAO_6258-10,São Paulo,3550308,True,,1232,,,-23.691446499999998,-46.7465235,,,,1,2023-06-16T04:05:40+00:00
SAO_1767-10,São Paulo,3550308,True,,33396,,,-23.468219500000004,-46.58427575,,,,2,2023-06-16T04:03:11+00:00
SAO_1767-10,São Paulo,3550308,True,,33396,,,-23.4735285,-46.5655225,,,,2,2023-06-16T04:05:24+00:00
SAO_1767-10,São Paulo,3550308,True,,33396,,,-23.4737485,-46.563396,,,,2,2023-06-16T04:05:45+00:00
SAO_3789-10,São Paulo,3550308,True,,1067,,,-23.5425565,-46.4708155,,,,1,2023-06-16T04:05:24+00:00
SAO_3789-10,São Paulo,3550308,True,,1067,,,-23.5951625,-46.431227750000005,,,,1,2023-06-16T04:06:02+00:00
SAO_3789-10,São Paulo,3550308,True,,1067,,,-23.570649500000002,-46.446809,,,,1,2023-06-16T04:05:48+00:00
SAO_3789-10,São Paulo,3550308,True,,1067,,,-23.603413500000002,-46.398181,,,,1,2023-06-16T04:05:22+00:00
SAO_958P-10,São Paulo,3550308,True,,33233,,,-23.48044,-46.7584765,,,,2,2023-06-16T04:05:33+00:00
SAO_958P-10,São Paulo,3550308,True,,33233,,,-23.506591999999998,-46.747149,,,,2,2023-06-16T04:05:36+00:00
SAO_958P-10,São Paulo,3550308,True,,33233,,,-23.48044,-46.7584765,,,,2,2023-06-16T04:05:29+00:00
SAO_958P-10,São Paulo,3550308,True,,33233,,,-23.5106655,-46.7477475,,,,2,2023-06-16T04:05:22+00:00
SAO_930P-10,São Paulo,3550308,True,,2115,,,-23.573535,-46.6763045,,,,1,2023-06-16T04:05:28+00:00
SAO_930P-10,São Paulo,3550308,True,,2115,,,-23.5465655,-46.630341,,,,1,2023-06-16T04:06:02+00:00
SAO_2006-10,São Paulo,3550308,True,,895,,,-23.5053745,-46.36656475,,,,1,2023-06-16T04:05:36+00:00
SAO_2006-10,São Paulo,3550308,True,,895,,,-23.510832999999998,-46.366727,,,,1,2023-06-16T04:05:34+00:00
SAO_2006-10,São Paulo,3550308,True,,895,,,-23.4944385,-46.39990400000001,,,,1,2023-06-16T04:06:01+00:00
SAO_2006-10,São Paulo,3550308,True,,895,,,-23.510832999999998,-46.366727,,,,1,2023-06-16T04:05:34+00:00
SAO_2006-10,São Paulo,3550308,True,,895,,,-23.489198000000002,-46.3856065,,,,1,2023-06-16T04:05:33+00:00
SAO_978L-10,São Paulo,3550308,True,EMTU,466,https://moovitapp.com/index/pt-br/transporte_p%C3%BAblico-line-466-Sao_Paulo-242-2038937-72712754-0,5.4,-23.474603000000002,-46.669678000000005,,,,1,2023-06-16T04:05:46+00:00
SAO_978L-10,São Paulo,3550308,True,EMTU,466,https://moovitapp.com/index/pt-br/transporte_p%C3%BAblico-line-466-Sao_Paulo-242-2038937-72712754-0,5.4,-23.53363775,-46.65609475,,,,1,2023-06-16T04:05:25+00:00
SAO_978L-10,São Paulo,3550308,True,EMTU,466,https://moovitapp.com/index/pt-br/transporte_p%C3%BAblico-line-466-Sao_Paulo-242-2038937-72712754-0,5.4,-23.53471425,-46.64500699999999,,,,1,2023-06-16T04:05:49+00:00
SAO_978L-10,São Paulo,3550308,True,EMTU,466,https://moovitapp.com/index/pt-br/transporte_p%C3%BAblico-line-466-Sao_Paulo-242-2038937-72712754-0,5.4,-23.53506275,-46.644746999999995,,,,1,2023-06-16T04:05:38+00:00
SAO_978L-10,São Paulo,3550308,True,EMTU,466,https://moovitapp.com/index/pt-br/transporte_p%C3%BAblico-line-466-Sao_Paulo-242-2038937-72712754-0,5.4,-23.474565500000004,-46.667863499999996,,,,1,2023-06-16T04:05:30+00:00
SAO_407R-10,São Paulo,3550308,True,,34969,,,-23.564541249999998,-46.54697425,,,,2,2023-06-16T04:05:00+00:00
SAO_407R-10,São Paulo,3550308,True,,34969,,,-23.5463825,-46.591800500000005,,,,2,2023-06-16T04:05:51+00:00
SAO_4732-31,São Paulo,3550308,True,,2127,,,-23.64698975,-46.59709775,,,,1,2023-06-16T04:05:40+00:00
SAO_4732-31,São Paulo,3550308,True,,2127,,,-23.628141499999998,-46.6136745,,,,1,2023-06-16T04:05:25+00:00
SAO_7006-10,São Paulo,3550308,True,,1995,,,-23.727594,-46.786348000000004,,,,1,2023-06-16T04:06:03+00:00
SAO_7006-10,São Paulo,3550308,True,,1995,,,-23.68511,-46.770103500000005,,,,1,2023-06-16T04:05:58+00:00
SAO_7006-10,São Paulo,3550308,True,,1995,,,-23.7149015,-46.7825185,,,,1,2023-06-16T04:05:41+00:00
SAO_4721-10,São Paulo,3550308,True,,33105,,,-23.618660499999997,-46.639179999999996,,,,2,2023-06-16T04:05:58+00:00
SAO_3010-10,São Paulo,3550308,True,,2543,,,-23.517694,-46.475057500000005,,,,1,2023-06-16T04:06:02+00:00
SAO_517J-10,São Paulo,3550308,True,,1129,,,-23.690821999999997,-46.655268,,,,1,2023-06-16T04:06:00+00:00
SAO_517J-10,São Paulo,3550308,True,,1129,,,-23.6887665,-46.6485045,,,,1,2023-06-16T04:04:38+00:00
SAO_517J-10,São Paulo,3550308,True,,1129,,,-23.6136245,-46.697028,,,,1,2023-06-16T04:05:19+00:00
SAO_517J-10,São Paulo,3550308,True,,1129,,,-23.62459425,-46.694126,,,,1,2023-06-16T04:05:44+00:00
SAO_6L05-10,São Paulo,3550308,True,,33941,,,-23.828234000000002,-46.7270185,,,,2,2023-06-16T04:05:43+00:00
SAO_6L05-10,São Paulo,3550308,True,,33941,,,-23.8566555,-46.694314000000006,,,,2,2023-06-16T04:04:44+00:00
SAO_8075-21,São Paulo,3550308,True,,2537,,,-23.591,-46.7362035,,,,1,2023-06-16T04:05:23+00:00
SAO_8075-21,São Paulo,3550308,True,,2537,,,-23.631003999999997,-46.772597000000005,,,,1,2023-06-16T04:05:34+00:00
SAO_7458-10,São Paulo,3550308,True,,33264,,,-23.5807665,-46.793868,,,,2,2023-06-16T04:05:42+00:00
SAO_7458-10,São Paulo,3550308,True,,33264,,,-23.5864425625,-46.754773375,,,,2,2023-06-16T04:05:21+00:00
SAO_172Y-10,São Paulo,3550308,True,,862,,,-23.474249,-46.580423499999995,,,,1,2023-06-16T04:04:15+00:00
SAO_172Y-10,São Paulo,3550308,True,,862,,,-23.51980525,-46.59093275,,,,1,2023-06-16T04:03:39+00:00
SAO_172Y-10,São Paulo,3550308,True,,862,,,-23.4859515,-46.582194,,,,1,2023-06-16T04:05:57+00:00
SAO_7053-21,São Paulo,3550308,True,,1895,,,-23.642771,-46.786125,,,,1,2023-06-16T04:05:55+00:00
SAO_3026-10,São Paulo,3550308,True,,962,,,-23.588956500000002,-46.382895000000005,,,,1,2023-06-16T04:06:00+00:00
SAO_3026-10,São Paulo,3550308,True,,962,,,-23.54310675,-46.41319675,,,,1,2023-06-16T04:05:52+00:00
SAO_3026-10,São Paulo,3550308,True,,962,,,-23.588956500000002,-46.382895000000005,,,,1,2023-06-16T04:03:31+00:00
SAO_7011-31,São Paulo,3550308,True,,1954,,,-23.677432500000002,-46.761209,,,,1,2023-06-16T04:05:57+00:00
SAO_7011-31,São Paulo,3550308,True,,1954,,,-23.6983645,-46.7807065,,,,1,2023-06-16T04:05:43+00:00
SAO_2026-10,São Paulo,3550308,True,,35037,,,-23.461197499999997,-46.582989999999995,,,,2,2023-06-16T04:01:45+00:00
SAO_2026-10,São Paulo,3550308,True,,35037,,,-23.503735499999998,-46.573550499999996,,,,2,2023-06-16T04:04:51+00:00
SAO_2026-10,São Paulo,3550308,True,,35037,,,-23.4679285,-46.582962499999994,,,,2,2023-06-16T04:03:07+00:00
SAO_1764-10,São Paulo,3550308,True,,33393,,,-23.450384,-46.5947855,,,,2,2023-06-16T04:05:37+00:00
SAO_1764-10,São Paulo,3550308,True,,33393,,,-23.42676625,-46.5819385,,,,2,2023-06-16T04:05:42+00:00
SAO_1764-10,São Paulo,3550308,True,,33393,,,-23.4259,-46.581689,,,,2,2023-06-16T04:04:25+00:00
SAO_6048-10,São Paulo,3550308,True,,32824,,,-23.6692775,-46.7731525,,,,2,2023-06-16T04:05:24+00:00
SAO_6048-10,São Paulo,3550308,True,,32824,,,-23.651277,-46.757588999999996,,,,2,2023-06-16T04:05:31+00:00
SAO_6048-10,São Paulo,3550308,True,,32824,,,-23.646046,-46.704235,,,,2,2023-06-16T04:05:36+00:00
SAO_9011-21,São Paulo,3550308,True,,34536,,,-23.44190725,-46.733870249999995,,,,2,2023-06-16T04:06:01+00:00
SAO_9011-21,São Paulo,3550308,True,,34536,,,-23.4537555,-46.737453,,,,2,2023-06-16T04:05:44+00:00
SAO_1786-10,São Paulo,3550308,True,,649,,,-23.44927825,-46.61242925,,,,1,2023-06-16T04:05:25+00:00
SAO_1786-10,São Paulo,3550308,True,,649,,,-23.45376775,-46.607023,,,,1,2023-06-16T04:05:53+00:00
SAO_1786-10,São Paulo,3550308,True,,649,,,-23.4752545,-46.619263000000004,,,,1,2023-06-16T04:04:27+00:00
SAO_573T-10,São Paulo,3550308,True,,34400,,,-23.569432499999998,-46.508427499999996,,,,2,2023-06-16T04:05:56+00:00
SAO_573T-10,São Paulo,3550308,True,,34400,,,-23.59388,-46.493421,,,,2,2023-06-16T04:06:04+00:00
SAO_573T-10,São Paulo,3550308,True,,34400,,,-23.55215925,-46.52953775,,,,2,2023-06-16T04:05:54+00:00
SAO_573T-10,São Paulo,3550308,True,,34400,,,-23.60341575,-46.487951,,,,2,2023-06-16T04:05:49+00:00
SAO_2702-10,São Paulo,3550308,True,,914,,,-23.5007605,-46.4701065,,,,1,2023-06-16T04:05:36+00:00
SAO_2702-10,São Paulo,3550308,True,,914,,,-23.495964,-46.444634,,,,1,2023-06-16T04:05:39+00:00
SAO_2702-10,São Paulo,3550308,True,,914,,,-23.539938499999998,-46.482815,,,,1,2023-06-16T04:05:35+00:00
SAO_3791-10,São Paulo,3550308,True,,1069,,,-23.55713175,-46.513196,,,,1,2023-06-16T04:05:20+00:00
SAO_3791-10,São Paulo,3550308,True,,1069,,,-23.5430315,-46.4952475,,,,1,2023-06-16T04:05:47+00:00
SAO_3791-10,São Paulo,3550308,True,,1069,,,-23.5419325,-46.484893125,,,,1,2023-06-16T04:05:42+00:00
SAO_4001-10,São Paulo,3550308,True,,34944,,,-23.532577,-46.4410275,,,,2,2023-06-16T04:05:19+00:00
SAO_4001-10,São Paulo,3550308,True,,34944,,,-23.5324585,-46.4411255,,,,2,2023-06-16T04:05:51+00:00
SAO_4001-10,São Paulo,3550308,True,,34944,,,-23.556663999999998,-46.4772105,,,,2,2023-06-16T04:05:24+00:00
SAO_3773-10,São Paulo,3550308,True,,33827,,,-23.616042,-46.464892,,,,2,2023-06-16T04:05:48+00:00
SAO_3773-10,São Paulo,3550308,True,,33827,,,-23.5395395,-46.544082,,,,2,2023-06-16T04:05:33+00:00
SAO_3773-10,São Paulo,3550308,True,,33827,,,-23.597877875,-46.486518000000004,,,,2,2023-06-16T04:05:59+00:00
SAO_3773-10,São Paulo,3550308,True,,33827,,,-23.598272,-46.472256,,,,2,2023-06-16T04:05:52+00:00
SAO_3773-10,São Paulo,3550308,True,,33827,,,-23.538655499999997,-46.564793,,,,2,2023-06-16T04:06:04+00:00
SAO_3773-10,São Paulo,3550308,True,,33827,,,-23.615998,-46.4650945,,,,2,2023-06-16T04:05:23+00:00
SAO_3902-10,São Paulo,3550308,True,,34238,,,-23.504168999999997,-46.379309,,,,2,2023-06-16T04:05:57+00:00
SAO_3902-10,São Paulo,3550308,True,,34238,,,-23.5023505,-46.38101625,,,,2,2023-06-16T04:05:56+00:00
SAO_3902-10,São Paulo,3550308,True,,34238,,,-23.484951000000002,-46.38398325,,,,2,2023-06-16T04:05:48+00:00
SAO_3902-10,São Paulo,3550308,True,,34238,,,-23.485104,-46.384288999999995,,,,2,2023-06-16T04:05:36+00:00
SAO_3736-10,São Paulo,3550308,True,,33804,,,-23.556663999999998,-46.4772105,,,,2,2023-06-16T04:05:20+00:00
SAO_3736-10,São Paulo,3550308,True,,33804,,,-23.56942,-46.4786405,,,,2,2023-06-16T04:05:25+00:00
SAO_3736-10,São Paulo,3550308,True,,33804,,,-23.5761605,-46.48341425,,,,2,2023-06-16T04:05:34+00:00
SAO_3736-10,São Paulo,3550308,True,,33804,,,-23.564656499999998,-46.475842,,,,2,2023-06-16T04:05:37+00:00
SAO_701U-10,São Paulo,3550308,True,,33425,,,-23.540844749999998,-46.6338795,,,,2,2023-06-16T04:05:18+00:00
SAO_701U-10,São Paulo,3550308,True,,33425,,,-23.5655195,-46.7247615,,,,2,2023-06-16T04:05:45+00:00
SAO_6836-10,São Paulo,3550308,True,BR7 Mobilidade,13,https://moovitapp.com/index/pt-br/transporte_p%C3%BAblico-line-13-Sao_Paulo-242-851856-705937-0,5.75,-23.684404999999998,-46.7817855,,,,1,2023-06-16T04:05:44+00:00
SAO_6836-10,São Paulo,3550308,True,BR7 Mobilidade,13,https://moovitapp.com/index/pt-br/transporte_p%C3%BAblico-line-13-Sao_Paulo-242-851856-705937-0,5.75,-23.67006,-46.761515,,,,1,2023-06-16T04:05:31+00:00
SAO_6836-10,São Paulo,3550308,True,BR7 Mobilidade,13,https://moovitapp.com/index/pt-br/transporte_p%C3%BAblico-line-13-Sao_Paulo-242-851856-705937-0,5.75,-23.65513,-46.741129,,,,1,2023-06-16T04:05:52+00:00
SAO_7903-10,São Paulo,3550308,True,,33280,,,-23.5477705,-46.641587,,,,2,2023-06-16T04:05:58+00:00
SAO_7903-10,São Paulo,3550308,True,,33280,,,-23.6041895,-46.788343,,,,2,2023-06-16T04:05:26+00:00
SAO_7903-10,São Paulo,3550308,True,,33280,,,-23.5833355,-46.777300249999996,,,,2,2023-06-16T04:05:28+00:00
SAO_7903-10,São Paulo,3550308,True,,33280,,,-23.600395499999998,-46.7841735,,,,2,2023-06-16T04:05:26+00:00
SAO_7903-10,São Paulo,3550308,True,,33280,,,-23.570433,-46.689798249999996,,,,2,2023-06-16T04:05:48+00:00
SAO_7903-10,São Paulo,3550308,True,,33280,,,-23.5477705,-46.641587,,,,2,2023-06-16T04:05:47+00:00
SAO_2725-10,São Paulo,3550308,True,,33707,,,-23.512969499999997,-46.4736135,,,,2,2023-06-16T04:05:20+00:00
SAO_2725-10,São Paulo,3550308,True,,33707,,,-23.512969499999997,-46.4736135,,,,2,2023-06-16T04:05:45+00:00
SAO_2725-10,São Paulo,3550308,True,,33707,,,-23.523636250000003,-46.47435425,,,,2,2023-06-16T04:05:48+00:00
SAO_2712-10,São Paulo,3550308,True,,926,,,-23.523762750000003,-46.4789395,,,,1,2023-06-16T04:05:25+00:00
SAO_2712-10,São Paulo,3550308,True,,926,,,-23.5395005,-46.4810995,,,,1,2023-06-16T04:05:36+00:00
SAO_2712-10,São Paulo,3550308,True,,926,,,-23.539928500000002,-46.482043874999995,,,,1,2023-06-16T04:05:23+00:00
SAO_342C-10,São Paulo,3550308,True,,1002,,,-23.52114075,-46.543376,,,,1,2023-06-16T04:05:20+00:00
SAO_342C-10,São Paulo,3550308,True,,1002,,,-23.540460500000002,-46.501324999999994,,,,1,2023-06-16T04:05:56+00:00
SAO_3741-10,São Paulo,3550308,True,,33809,,,-23.5459,-46.460999,,,,2,2023-06-16T04:05:23+00:00
SAO_3741-10,São Paulo,3550308,True,,33809,,,-23.542065,-46.449332,,,,2,2023-06-16T04:05:57+00:00
SAO_3741-10,São Paulo,3550308,True,,33809,,,-23.55597225,-46.453845,,,,2,2023-06-16T04:05:59+00:00
SAO_3741-10,São Paulo,3550308,True,,33809,,,-23.542612,-46.44882,,,,2,2023-06-16T04:05:51+00:00
SAO_4027-41,São Paulo,3550308,True,,2309,,,-23.621102999999998,-46.452619999999996,,,,1,2023-06-16T04:05:20+00:00
SAO_6L04-10,São Paulo,3550308,True,,33948,,,-23.866361249999997,-46.75256875,,,,2,2023-06-16T04:06:00+00:00
SAO_6L04-10,São Paulo,3550308,True,,33948,,,-23.834362,-46.7305815,,,,2,2023-06-16T04:05:36+00:00
SAO_6L04-10,São Paulo,3550308,True,,33948,,,-23.8716915,-46.769601,,,,2,2023-06-16T04:05:51+00:00
SAO_7267-10,São Paulo,3550308,True,,1427,,,-23.536766,-46.6772695,,,,1,2023-06-16T04:05:18+00:00
SAO_7267-10,São Paulo,3550308,True,,1427,,,-23.543156375,-46.682884625,,,,1,2023-06-16T04:05:46+00:00
SAO_8707-10,São Paulo,3550308,True,,2064,,,-23.55833775,-46.667919999999995,,,,1,2023-06-16T04:06:01+00:00
SAO_8707-10,São Paulo,3550308,True,,2064,,,-23.576645499999998,-46.762781000000004,,,,1,2023-06-16T04:05:27+00:00
SAO_1782-10,São Paulo,3550308,True,,33411,,,-23.4507355,-46.57235675,,,,2,2023-06-16T04:05:27+00:00
SAO_1782-10,São Paulo,3550308,True,,33411,,,-23.502214000000002,-46.6235875,,,,2,2023-06-16T04:05:34+00:00
SAO_1782-10,São Paulo,3550308,True,,33411,,,-23.502214000000002,-46.6235875,,,,2,2023-06-16T04:05:54+00:00
SAO_1782-10,São Paulo,3550308,True,,33411,,,-23.456411,-46.584574,,,,2,2023-06-16T04:05:21+00:00
SAO_1782-10,São Paulo,3550308,True,,33411,,,-23.4938905,-46.6229485,,,,2,2023-06-16T04:05:39+00:00
SAO_8545-10,São Paulo,3550308,True,,1364,,,-23.5251,-46.683721625000004,,,,1,2023-06-16T04:06:02+00:00
SAO_8545-10,São Paulo,3550308,True,,1364,,,-23.484603,-46.6912605,,,,1,2023-06-16T04:06:02+00:00
SAO_3743-10,São Paulo,3550308,True,,33811,,,-23.60961675,-46.4759715,,,,2,2023-06-16T04:06:04+00:00
SAO_3743-10,São Paulo,3550308,True,,33811,,,-23.542998,-46.4711105,,,,2,2023-06-16T04:05:23+00:00
SAO_3743-10,São Paulo,3550308,True,,33811,,,-23.581670499999998,-46.490306000000004,,,,2,2023-06-16T04:05:35+00:00
SAO_6422-10,São Paulo,3550308,True,EMTU,361,https://moovitapp.com/index/pt-br/transporte_p%C3%BAblico-line-361-Sao_Paulo-242-2038937-36419442-0,7.9,-23.612157,-46.677786250000004,,,,1,2023-06-16T04:05:57+00:00
SAO_7001-10,São Paulo,3550308,True,,34490,,,-23.7202035,-46.75901425,,,,2,2023-06-16T04:06:03+00:00
SAO_7001-10,São Paulo,3550308,True,,34490,,,-23.6903555,-46.7743995,,,,2,2023-06-16T04:05:30+00:00
SAO_7001-10,São Paulo,3550308,True,,34490,,,-23.7243085,-46.754826,,,,2,2023-06-16T04:05:41+00:00
SAO_7001-10,São Paulo,3550308,True,,34490,,,-23.7243085,-46.754826,,,,2,2023-06-16T04:06:00+00:00
SAO_7001-10,São Paulo,3550308,True,,34490,,,-23.724746,-46.754645499999995,,,,2,2023-06-16T04:05:51+00:00
SAO_7005-10,São Paulo,3550308,True,,1998,,,-23.734135000000002,-46.78213,,,,1,2023-06-16T04:05:28+00:00
SAO_7005-10,São Paulo,3550308,True,,1998,,,-23.684534,-46.7699765,,,,1,2023-06-16T04:05:55+00:00
SAO_2767-10,São Paulo,3550308,True,EMTU,241,https://moovitapp.com/index/pt-br/transporte_p%C3%BAblico-line-241-Sao_Paulo-242-2038937-36419354-0,5.15,-23.5207815,-46.52527225,,,,1,2023-06-16T04:06:03+00:00
SAO_5091-10,São Paulo,3550308,True,,1523,,,-23.682893,-46.677429,,,,1,2023-06-16T04:05:42+00:00
SAO_5091-10,São Paulo,3550308,True,,1523,,,-23.6941195,-46.65682925,,,,1,2023-06-16T04:06:03+00:00
SAO_5091-10,São Paulo,3550308,True,,1523,,,-23.647145000000002,-46.640127,,,,1,2023-06-16T04:06:01+00:00
SAO_3737-31,São Paulo,3550308,True,,1354,,,-23.535861,-46.5067415,,,,1,2023-06-16T04:05:51+00:00
SAO_3737-31,São Paulo,3550308,True,,1354,,,-23.530606499999998,-46.51745699999999,,,,1,2023-06-16T04:05:19+00:00
SAO_3737-31,São Paulo,3550308,True,,1354,,,-23.530606499999998,-46.51745699999999,,,,1,2023-06-16T04:05:48+00:00
SAO_5614-10,São Paulo,3550308,True,,34283,,,-23.7161725,-46.6255875,,,,2,2023-06-16T04:05:51+00:00
SAO_5614-10,São Paulo,3550308,True,,34283,,,-23.683583,-46.675875000000005,,,,2,2023-06-16T04:03:49+00:00
SAO_5614-10,São Paulo,3550308,True,,34283,,,-23.59529375,-46.650884,,,,2,2023-06-16T04:05:21+00:00
SAO_5614-10,São Paulo,3550308,True,,34283,,,-23.67755,-46.673702000000006,,,,2,2023-06-16T04:06:03+00:00
SAO_5614-10,São Paulo,3550308,True,,34283,,,-23.716150499999998,-46.625372,,,,2,2023-06-16T04:05:30+00:00
SAO_271A-10,São Paulo,3550308,True,STT,702,https://moovitapp.com/index/pt-br/transporte_p%C3%BAblico-line-702-Sao_Paulo-242-850661-641780-0,5.3,-23.518916500000003,-46.546872500000006,,,,1,2023-06-16T04:05:35+00:00
SAO_271A-10,São Paulo,3550308,True,STT,702,https://moovitapp.com/index/pt-br/transporte_p%C3%BAblico-line-702-Sao_Paulo-242-850661-641780-0,5.3,-23.518916500000003,-46.546872500000006,,,,1,2023-06-16T04:05:44+00:00
SAO_271A-10,São Paulo,3550308,True,STT,702,https://moovitapp.com/index/pt-br/transporte_p%C3%BAblico-line-702-Sao_Paulo-242-850661-641780-0,5.3,-23.518431,-46.5565325,,,,1,2023-06-16T04:05:57+00:00
SAO_271A-10,São Paulo,3550308,True,STT,702,https://moovitapp.com/index/pt-br/transporte_p%C3%BAblico-line-702-Sao_Paulo-242-850661-641780-0,5.3,-23.502589,-46.623686500000005,,,,1,2023-06-16T04:05:24+00:00
SAO_271A-10,São Paulo,3550308,True,STT,702,https://moovitapp.com/index/pt-br/transporte_p%C3%BAblico-line-702-Sao_Paulo-242-850661-641780-0,5.3,-23.518916500000003,-46.546872500000006,,,,1,2023-06-16T04:05:29+00:00
SAO_208M-10,São Paulo,3550308,True,,2478,,,-23.502214000000002,-46.6235875,,,,1,2023-06-16T04:05:28+00:00
SAO_208M-10,São Paulo,3550308,True,,2478,,,-23.5657815,-46.7010925,,,,1,2023-06-16T04:05:21+00:00
SAO_208M-10,São Paulo,3550308,True,,2478,,,-23.519465,-46.65671975000001,,,,1,2023-06-16T04:05:37+00:00
SAO_208M-10,São Paulo,3550308,True,,2478,,,-23.552415125000003,-46.6751195,,,,1,2023-06-16T04:05:30+00:00
SAO_1701-21,São Paulo,3550308,True,,2476,,,-23.455176,-46.581514,,,,1,2023-06-16T04:05:44+00:00
SAO_1701-21,São Paulo,3550308,True,,2476,,,-23.447538,-46.576252999999994,,,,1,2023-06-16T04:05:36+00:00
SAO_1701-21,São Paulo,3550308,True,,2476,,,-23.447538,-46.576252999999994,,,,1,2023-06-16T04:05:51+00:00
SAO_3141-10,São Paulo,3550308,True,,33502,,,-23.5737565,-46.564409,,,,2,2023-06-16T04:05:22+00:00
SAO_3141-10,São Paulo,3550308,True,,33502,,,-23.547694,-46.6290445,,,,2,2023-06-16T04:05:44+00:00
SAO_3141-10,São Paulo,3550308,True,,33502,,,-23.6050985,-46.50879825,,,,2,2023-06-16T04:02:45+00:00
SAO_2719-10,São Paulo,3550308,True,,33700,,,-23.5075325,-46.489591250000004,,,,2,2023-06-16T04:05:31+00:00
SAO_2719-10,São Paulo,3550308,True,,33700,,,-23.527199500000002,-46.526608124999996,,,,2,2023-06-16T04:05:46+00:00
SAO_2719-10,São Paulo,3550308,True,,33700,,,-23.493332,-46.481607,,,,2,2023-06-16T04:05:42+00:00
SAO_2719-10,São Paulo,3550308,True,,33700,,,-23.494729,-46.4696005,,,,2,2023-06-16T04:05:31+00:00
SAO_9005-10,São Paulo,3550308,True,,872,,,-23.465906,-46.670909,,,,1,2023-06-16T04:05:42+00:00
SAO_9005-10,São Paulo,3550308,True,,872,,,-23.45094275,-46.687708,,,,1,2023-06-16T04:05:45+00:00
SAO_372U-10,São Paulo,3550308,True,,1016,,,-23.5410925,-46.577089,,,,1,2023-06-16T04:05:27+00:00
SAO_372U-10,São Paulo,3550308,True,,1016,,,-23.541131,-46.577207,,,,1,2023-06-16T04:05:54+00:00
SAO_372U-10,São Paulo,3550308,True,,1016,,,-23.5649435,-46.538160500000004,,,,1,2023-06-16T04:05:48+00:00
SAO_372U-10,São Paulo,3550308,True,,1016,,,-23.562376,-46.560680500000004,,,,1,2023-06-16T04:05:23+00:00
SAO_372U-10,São Paulo,3550308,True,,1016,,,-23.5564715,-46.537433,,,,1,2023-06-16T04:05:42+00:00
SAO_372U-10,São Paulo,3550308,True,,1016,,,-23.553277375,-46.56809975,,,,1,2023-06-16T04:05:25+00:00
SAO_129F-10,São Paulo,3550308,True,,2304,,,-23.52488225,-46.7000795,,,,1,2023-06-16T04:06:00+00:00
SAO_129F-10,São Paulo,3550308,True,,2304,,,-23.5266685,-46.6673215,,,,1,2023-06-16T04:05:34+00:00
SAO_129F-10,São Paulo,3550308,True,,2304,,,-23.519864499999997,-46.700969,,,,1,2023-06-16T04:05:51+00:00
SAO_6006-10,São Paulo,3550308,True,,32943,,,-23.666391750000003,-46.719602374999994,,,,2,2023-06-16T04:06:00+00:00
SAO_6006-10,São Paulo,3550308,True,,32943,,,-23.667364,-46.680078,,,,2,2023-06-16T04:05:38+00:00
SAO_6006-10,São Paulo,3550308,True,,32943,,,-23.67842175,-46.754100750000006,,,,2,2023-06-16T04:05:00+00:00
SAO_8043-10,São Paulo,3550308,True,,407,,,-23.499295500000002,-46.747042,,,,1,2023-06-16T04:05:56+00:00
SAO_3778-10,São Paulo,3550308,True,,1062,,,-23.569554,-46.486423,,,,1,2023-06-16T04:05:46+00:00
SAO_3778-10,São Paulo,3550308,True,,1062,,,-23.569554,-46.486423,,,,1,2023-06-16T04:05:56+00:00
SAO_3778-10,São Paulo,3550308,True,,1062,,,-23.574619,-46.4945855,,,,1,2023-06-16T04:05:46+00:00
SAO_3778-10,São Paulo,3550308,True,,1062,,,-23.538515,-46.56404,,,,1,2023-06-16T04:05:20+00:00
SAO_3778-10,São Paulo,3550308,True,,1062,,,-23.541129750000003,-46.55422,,,,1,2023-06-16T04:05:24+00:00
SAO_3778-10,São Paulo,3550308,True,,1062,,,-23.5624085,-46.516369499999996,,,,1,2023-06-16T04:05:29+00:00
SAO_6803-10,São Paulo,3550308,True,BR7 Mobilidade,29,https://moovitapp.com/index/pt-br/transporte_p%C3%BAblico-line-29-Sao_Paulo-242-851856-500111-0,5.75,-23.655965,-46.7517365,,,,1,2023-06-16T04:05:58+00:00
SAO_1783-10,São Paulo,3550308,True,,33412,,,-23.398657,-46.577617000000004,,,,2,2023-06-16T04:05:46+00:00
SAO_1783-10,São Paulo,3550308,True,,33412,,,-23.398671999999998,-46.578158,,,,2,2023-06-16T04:05:46+00:00
SAO_1783-10,São Paulo,3550308,True,,33412,,,-23.398296000000002,-46.577902,,,,2,2023-06-16T04:05:42+00:00
SAO_1783-10,São Paulo,3550308,True,,33412,,,-23.48175525,-46.612727250000006,,,,2,2023-06-16T04:05:20+00:00
SAO_1783-10,São Paulo,3550308,True,,33412,,,-23.3988855,-46.5776345,,,,2,2023-06-16T04:05:49+00:00
SAO_971C-10,São Paulo,3550308,True,,33339,,,-23.4962095,-46.643233,,,,2,2023-06-16T04:05:43+00:00
SAO_971C-10,São Paulo,3550308,True,,33339,,,-23.4487585,-46.702142,,,,2,2023-06-16T04:05:26+00:00
SAO_971C-10,São Paulo,3550308,True,,33339,,,-23.448566,-46.710387999999995,,,,2,2023-06-16T04:05:56+00:00
SAO_971C-10,São Paulo,3550308,True,,33339,,,-23.448967500000002,-46.710255000000004,,,,2,2023-06-16T04:05:26+00:00
SAO_971C-10,São Paulo,3550308,True,,33339,,,-23.448803499999997,-46.710332,,,,2,2023-06-16T04:05:59+00:00
SAO_971C-10,São Paulo,3550308,True,,33339,,,-23.46340425,-46.68168125,,,,2,2023-06-16T04:05:43+00:00
SAO_971C-10,São Paulo,3550308,True,,33339,,,-23.449078,-46.710038,,,,2,2023-06-16T04:05:40+00:00
SAO_971C-10,São Paulo,3550308,True,,33339,,,-23.4491615,-46.709697000000006,,,,2,2023-06-16T04:05:26+00:00
SAO_3029-10,São Paulo,3550308,True,,33734,,,-23.585295,-46.5067185,,,,2,2023-06-16T04:05:59+00:00
SAO_3029-10,São Paulo,3550308,True,,33734,,,-23.56035775,-46.540941499999995,,,,2,2023-06-16T04:05:30+00:00
SAO_3029-10,São Paulo,3550308,True,,33734,,,-23.579430000000002,-46.511672000000004,,,,2,2023-06-16T04:05:59+00:00
SAO_3029-10,São Paulo,3550308,True,,33734,,,-23.5383225,-46.563772,,,,2,2023-06-16T04:03:29+00:00
SAO_6422-10,São Paulo,3550308,True,,33129,,,-23.6296465,-46.708363500000004,,,,2,2023-06-16T04:05:48+00:00
SAO_6422-10,São Paulo,3550308,True,,33129,,,-23.5501795,-46.639476,,,,2,2023-06-16T04:05:26+00:00
SAO_6422-10,São Paulo,3550308,True,,33129,,,-23.641471,-46.716970625,,,,2,2023-06-16T04:05:59+00:00
SAO_6422-10,São Paulo,3550308,True,,33129,,,-23.641499,-46.716685874999996,,,,2,2023-06-16T04:05:31+00:00
SAO_N534-11,São Paulo,3550308,True,,2386,,,-23.6365495,-46.593129000000005,,,,1,2023-06-16T04:05:38+00:00
SAO_178A-10,São Paulo,3550308,True,EMTU,558,https://moovitapp.com/index/pt-br/transporte_p%C3%BAblico-line-558-Sao_Paulo-242-2038937-36419559-0,4.4,-23.503149999999998,-46.623488,,,,1,2023-06-16T04:05:26+00:00
SAO_178A-10,São Paulo,3550308,True,EMTU,558,https://moovitapp.com/index/pt-br/transporte_p%C3%BAblico-line-558-Sao_Paulo-242-2038937-36419559-0,4.4,-23.503149999999998,-46.623488,,,,1,2023-06-16T04:05:45+00:00
SAO_178A-10,São Paulo,3550308,True,EMTU,558,https://moovitapp.com/index/pt-br/transporte_p%C3%BAblico-line-558-Sao_Paulo-242-2038937-36419559-0,4.4,-23.503149999999998,-46.623488,,,,1,2023-06-16T04:05:59+00:00
SAO_178A-10,São Paulo,3550308,True,EMTU,558,https://moovitapp.com/index/pt-br/transporte_p%C3%BAblico-line-558-Sao_Paulo-242-2038937-36419559-0,4.4,-23.5180395,-46.7043665,,,,1,2023-06-16T04:05:42+00:00
SAO_6805-10,São Paulo,3550308,True,,31,,,-23.645156999999998,-46.729875,,,,1,2023-06-16T04:05:26+00:00
SAO_6805-10,São Paulo,3550308,True,,31,,,-23.6552405,-46.762154499999994,,,,1,2023-06-16T04:05:30+00:00
SAO_8029-10,São Paulo,3550308,True,,2540,,,-23.615777,-46.7468,,,,1,2023-06-16T04:05:47+00:00
SAO_8029-10,São Paulo,3550308,True,,2540,,,-23.617013,-46.7369015,,,,1,2023-06-16T04:05:21+00:00
SAO_4724-10,São Paulo,3550308,True,,34828,,,-23.543178375,-46.507112,,,,2,2023-06-16T04:05:44+00:00
SAO_4724-10,São Paulo,3550308,True,,34828,,,-23.531094,-46.50255,,,,2,2023-06-16T04:05:44+00:00
SAO_2010-10,São Paulo,3550308,True,,2104,,,-23.48037375,-46.57543575,,,,1,2023-06-16T04:04:37+00:00
SAO_2010-10,São Paulo,3550308,True,,2104,,,-23.47739,-46.564792499999996,,,,1,2023-06-16T04:04:20+00:00
SAO_2010-10,São Paulo,3550308,True,,2104,,,-23.50618525,-46.624988875,,,,1,2023-06-16T04:05:44+00:00
SAO_2010-10,São Paulo,3550308,True,,2104,,,-23.522845,-46.6242405,,,,1,2023-06-16T04:05:36+00:00
SAO_8008-10,São Paulo,3550308,True,,34026,,,-23.485873499999997,-46.7256145,,,,2,2023-06-16T04:05:26+00:00
SAO_8008-10,São Paulo,3550308,True,,34026,,,-23.4859535,-46.7556955,,,,2,2023-06-16T04:05:45+00:00
SAO_3015-10,São Paulo,3550308,True,,35222,,,-23.4901665,-46.3934355,,,,2,2023-06-16T04:05:42+00:00
SAO_695V-10,São Paulo,3550308,True,,32776,,,-23.586897999999998,-46.643146625,,,,2,2023-06-16T04:05:54+00:00
SAO_695V-10,São Paulo,3550308,True,,32776,,,-23.582805,-46.6376355,,,,2,2023-06-16T04:05:36+00:00
SAO_2127-10,São Paulo,3550308,True,,693,,,-23.54376275,-46.62067975,,,,1,2023-06-16T04:05:27+00:00
SAO_2127-10,São Paulo,3550308,True,,693,,,-23.4849295,-46.5694385,,,,1,2023-06-16T04:05:58+00:00
SAO_909T-10,São Paulo,3550308,True,,35024,,,-23.5558355,-46.666347,,,,2,2023-06-16T04:05:47+00:00
SAO_5100-10,São Paulo,3550308,True,,1370,,,-23.566105999999998,-46.7019325,,,,1,2023-06-16T04:05:44+00:00
SAO_8021-10,São Paulo,3550308,True,,34841,,,-23.5772355,-46.766035,,,,2,2023-06-16T04:05:26+00:00
SAO_8021-10,São Paulo,3550308,True,,34841,,,-23.571145375,-46.709069125,,,,2,2023-06-16T04:05:40+00:00
SAO_971T-10,São Paulo,3550308,True,,33386,,,-23.493351249999996,-46.675582250000005,,,,2,2023-06-16T04:05:38+00:00
SAO_3026-10,São Paulo,3550308,True,,33730,,,-23.564188,-46.404433999999995,,,,2,2023-06-16T04:05:07+00:00
SAO_513L-10,São Paulo,3550308,True,,1655,,,-23.603196500000003,-46.602447999999995,,,,1,2023-06-16T04:05:48+00:00
SAO_513L-10,São Paulo,3550308,True,,1655,,,-23.5366935,-46.589487500000004,,,,1,2023-06-16T04:05:46+00:00
SAO_513L-10,São Paulo,3550308,True,,1655,,,-23.589612,-46.6026815,,,,1,2023-06-16T04:05:42+00:00
SAO_2720-31,São Paulo,3550308,True,,1842,,,-23.5058065,-46.482293999999996,,,,1,2023-06-16T04:05:36+00:00
SAO_2720-31,São Paulo,3550308,True,,1842,,,-23.493471,-46.470558,,,,1,2023-06-16T04:05:59+00:00
SAO_8003-10,São Paulo,3550308,True,,34021,,,-23.521648499999998,-46.718697500000005,,,,2,2023-06-16T04:05:50+00:00
SAO_8003-10,São Paulo,3550308,True,,34021,,,-23.5120405,-46.756833,,,,2,2023-06-16T04:05:40+00:00
SAO_8003-10,São Paulo,3550308,True,,34021,,,-23.5120405,-46.756833,,,,2,2023-06-16T04:05:55+00:00
SAO_2031-10,São Paulo,3550308,True,EMTU,367,https://moovitapp.com/index/pt-br/transporte_p%C3%BAblico-line-367-Sao_Paulo-242-2038937-36419446-0,4.9,-23.497397499999998,-46.39919425,,,,1,2023-06-16T04:05:58+00:00
SAO_2031-10,São Paulo,3550308,True,EMTU,367,https://moovitapp.com/index/pt-br/transporte_p%C3%BAblico-line-367-Sao_Paulo-242-2038937-36419446-0,4.9,-23.5065205,-46.443115500000005,,,,1,2023-06-16T04:04:53+00:00
SAO_715M-10,São Paulo,3550308,True,EMTU,490,https://moovitapp.com/index/pt-br/transporte_p%C3%BAblico-line-490-Sao_Paulo-242-2038937-36419517-0,5.15,-23.583236999999997,-46.761977,,,,1,2023-06-16T04:05:49+00:00
SAO_715M-10,São Paulo,3550308,True,EMTU,490,https://moovitapp.com/index/pt-br/transporte_p%C3%BAblico-line-490-Sao_Paulo-242-2038937-36419517-0,5.15,-23.583236999999997,-46.761977,,,,1,2023-06-16T04:05:49+00:00
SAO_715M-10,São Paulo,3550308,True,EMTU,490,https://moovitapp.com/index/pt-br/transporte_p%C3%BAblico-line-490-Sao_Paulo-242-2038937-36419517-0,5.15,-23.571727000000003,-46.696419250000005,,,,1,2023-06-16T04:06:00+00:00
SAO_715M-10,São Paulo,3550308,True,EMTU,490,https://moovitapp.com/index/pt-br/transporte_p%C3%BAblico-line-490-Sao_Paulo-242-2038937-36419517-0,5.15,-23.5585285,-46.668259,,,,1,2023-06-16T04:05:59+00:00
SAO_5011-10,São Paulo,3550308,True,,33883,,,-23.70792925,-46.6410225,,,,2,2023-06-16T04:03:22+00:00
SAO_5011-10,São Paulo,3550308,True,,33883,,,-23.7103285,-46.62034,,,,2,2023-06-16T04:05:49+00:00
SAO_5011-10,São Paulo,3550308,True,,33883,,,-23.711761000000003,-46.6379275,,,,2,2023-06-16T04:04:56+00:00
SAO_5011-10,São Paulo,3550308,True,,33883,,,-23.66575975,-46.69056875,,,,2,2023-06-16T04:05:55+00:00
SAO_5011-10,São Paulo,3550308,True,,33883,,,-23.713452500000002,-46.620217,,,,2,2023-06-16T04:01:27+00:00
SAO_3003-10,São Paulo,3550308,True,,34565,,,-23.479059749999998,-46.42096825,,,,2,2023-06-16T04:05:41+00:00
SAO_3003-10,São Paulo,3550308,True,,34565,,,-23.493045,-46.41508,,,,2,2023-06-16T04:05:50+00:00
SAO_3003-10,São Paulo,3550308,True,,34565,,,-23.479059749999998,-46.42096825,,,,2,2023-06-16T04:05:19+00:00
SAO_1177-31,São Paulo,3550308,True,,1831,,,-23.519623,-46.4759125,,,,1,2023-06-16T04:05:53+00:00
SAO_6816-10,São Paulo,3550308,True,,32794,,,-23.652867999999998,-46.772996500000005,,,,2,2023-06-16T04:05:37+00:00
SAO_6816-10,São Paulo,3550308,True,,32794,,,-23.6488265,-46.7845455,,,,2,2023-06-16T04:05:24+00:00
SAO_4315-10,São Paulo,3550308,True,,34943,,,-23.548921,-46.5367765,,,,2,2023-06-16T04:05:46+00:00
SAO_4315-10,São Paulo,3550308,True,,34943,,,-23.538698,-46.565755,,,,2,2023-06-16T04:05:29+00:00
SAO_4315-10,São Paulo,3550308,True,,34943,,,-23.5576555,-46.523450499999996,,,,2,2023-06-16T04:05:46+00:00
SAO_408A-10,São Paulo,3550308,True,,33534,,,-23.546768,-46.654289,,,,2,2023-06-16T04:05:40+00:00
SAO_408A-10,São Paulo,3550308,True,,33534,,,-23.545515,-46.668106,,,,2,2023-06-16T04:05:41+00:00
SAO_408A-10,São Paulo,3550308,True,,33534,,,-23.579829,-46.6329,,,,2,2023-06-16T04:05:39+00:00
SAO_408A-10,São Paulo,3550308,True,,33534,,,-23.579829,-46.6329,,,,2,2023-06-16T04:05:38+00:00
SAO_4742-10,São Paulo,3550308,True,EMTU,342,https://moovitapp.com/index/pt-br/transporte_p%C3%BAblico-line-342-Sao_Paulo-242-2038937-36419426-0,7.55,-23.650012,-46.6139055,,,,1,2023-06-16T04:05:47+00:00
SAO_4742-10,São Paulo,3550308,True,EMTU,342,https://moovitapp.com/index/pt-br/transporte_p%C3%BAblico-line-342-Sao_Paulo-242-2038937-36419426-0,7.55,-23.638104,-46.6087755,,,,1,2023-06-16T04:05:44+00:00
SAO_637A-22,São Paulo,3550308,True,,34370,,,-23.6886205,-46.77281625,,,,2,2023-06-16T04:05:28+00:00
SAO_637A-22,São Paulo,3550308,True,,34370,,,-23.6886205,-46.77281625,,,,2,2023-06-16T04:05:46+00:00
SAO_4221-10,São Paulo,3550308,True,,325,,,-23.601672999999998,-46.5311545,,,,1,2023-06-16T04:05:55+00:00
SAO_4221-10,São Paulo,3550308,True,,325,,,-23.609287000000002,-46.514108,,,,1,2023-06-16T04:02:57+00:00
SAO_4221-10,São Paulo,3550308,True,,325,,,-23.5460165,-46.6301705,,,,1,2023-06-16T04:05:48+00:00
SAO_695T-10,São Paulo,3550308,True,,1322,,,-23.608375000000002,-46.666595875,,,,1,2023-06-16T04:06:01+00:00
SAO_695T-10,São Paulo,3550308,True,,1322,,,-23.589295999999997,-46.63421325,,,,1,2023-06-16T04:05:31+00:00
SAO_695T-10,São Paulo,3550308,True,,1322,,,-23.654826,-46.761785,,,,1,2023-06-16T04:05:47+00:00
SAO_695T-10,São Paulo,3550308,True,,1322,,,-23.644158500000003,-46.7343455,,,,1,2023-06-16T04:05:33+00:00
SAO_4006-10,São Paulo,3550308,True,,2180,,,-23.596856,-46.436479,,,,1,2023-06-16T04:05:40+00:00
SAO_118Y-10,São Paulo,3550308,True,EMTU,841,https://moovitapp.com/index/pt-br/transporte_p%C3%BAblico-line-841-Sao_Paulo-242-2038937-36419604-0,5.15,-23.4761125,-46.64612675,,,,1,2023-06-16T04:05:31+00:00
SAO_118Y-10,São Paulo,3550308,True,EMTU,841,https://moovitapp.com/index/pt-br/transporte_p%C3%BAblico-line-841-Sao_Paulo-242-2038937-36419604-0,5.15,-23.471871999999998,-46.6346485,,,,1,2023-06-16T04:06:03+00:00
SAO_118Y-10,São Paulo,3550308,True,EMTU,841,https://moovitapp.com/index/pt-br/transporte_p%C3%BAblico-line-841-Sao_Paulo-242-2038937-36419604-0,5.15,-23.4944695,-46.672245000000004,,,,1,2023-06-16T04:05:57+00:00
SAO_9008-10,São Paulo,3550308,True,,33643,,,-23.427988,-46.71467975,,,,2,2023-06-16T04:05:44+00:00
SAO_9008-10,São Paulo,3550308,True,,33643,,,-23.474202,-46.669375,,,,2,2023-06-16T04:05:53+00:00
SAO_9008-10,São Paulo,3550308,True,,33643,,,-23.4503195,-46.7003875,,,,2,2023-06-16T04:05:21+00:00
SAO_4093-10,São Paulo,3550308,True,,35216,,,-23.591675000000002,-46.4035715,,,,2,2023-06-16T04:05:43+00:00
SAO_4093-10,São Paulo,3550308,True,,35216,,,-23.589771499999998,-46.395229,,,,2,2023-06-16T04:05:29+00:00
SAO_414P-10,São Paulo,3550308,True,,33873,,,-23.5810445,-46.53825525,,,,2,2023-06-16T04:05:43+00:00
SAO_414P-10,São Paulo,3550308,True,,33873,,,-23.552243750000002,-46.567416249999994,,,,2,2023-06-16T04:05:38+00:00
SAO_414P-10,São Paulo,3550308,True,,33873,,,-23.596200500000002,-46.5267595,,,,2,2023-06-16T04:05:52+00:00
SAO_4717-10,São Paulo,3550308,True,,33103,,,-23.6371605,-46.595395999999994,,,,2,2023-06-16T04:05:47+00:00
SAO_8065-10,São Paulo,3550308,True,EMTU,421,https://moovitapp.com/index/pt-br/transporte_p%C3%BAblico-line-421-Sao_Paulo-242-2038937-36419478-0,5.2,-23.516263000000002,-46.726141999999996,,,,1,2023-06-16T04:06:02+00:00
SAO_9701-10,São Paulo,3550308,True,,33337,,,-23.476384000000003,-46.667850375,,,,2,2023-06-16T04:05:57+00:00
SAO_9701-10,São Paulo,3550308,True,,33337,,,-23.4763665,-46.667559,,,,2,2023-06-16T04:05:38+00:00
SAO_9701-10,São Paulo,3550308,True,,33337,,,-23.4893975,-46.6635885,,,,2,2023-06-16T04:05:30+00:00
SAO_9701-10,São Paulo,3550308,True,,33337,,,-23.524564249999997,-46.665078750000006,,,,2,2023-06-16T04:05:52+00:00
SAO_2028-10,São Paulo,3550308,True,,2263,,,-23.4339305,-46.5714275,,,,1,2023-06-16T04:05:24+00:00
SAO_2028-10,São Paulo,3550308,True,,2263,,,-23.460476,-46.583318000000006,,,,1,2023-06-16T04:04:00+00:00
SAO_6118-10,São Paulo,3550308,True,,1188,,,-23.71521275,-46.7067455,,,,1,2023-06-16T04:05:40+00:00
SAO_6118-10,São Paulo,3550308,True,,1188,,,-23.6636725,-46.7077935,,,,1,2023-06-16T04:05:31+00:00
SAO_6118-10,São Paulo,3550308,True,,1188,,,-23.74114,-46.70809,,,,1,2023-06-16T04:05:48+00:00
SAO_857P-10,São Paulo,3550308,True,,34694,,,-23.586288500000002,-46.7236685,,,,2,2023-06-16T04:05:43+00:00
SAO_857P-10,São Paulo,3550308,True,,34694,,,-23.6293645,-46.7694045,,,,2,2023-06-16T04:05:21+00:00
SAO_857P-10,São Paulo,3550308,True,,34694,,,-23.6082465,-46.751734,,,,2,2023-06-16T04:05:46+00:00
SAO_857P-10,São Paulo,3550308,True,,34694,,,-23.574444624999998,-46.642509374999996,,,,2,2023-06-16T04:05:42+00:00
SAO_857P-10,São Paulo,3550308,True,,34694,,,-23.6316405,-46.772316,,,,2,2023-06-16T04:05:50+00:00
SAO_857P-10,São Paulo,3550308,True,,34694,,,-23.598648750000002,-46.7411545,,,,2,2023-06-16T04:06:04+00:00
SAO_857P-10,São Paulo,3550308,True,,34694,,,-23.56325125,-46.654227000000006,,,,2,2023-06-16T04:05:34+00:00
SAO_857P-10,São Paulo,3550308,True,,34694,,,-23.570983,-46.6908145,,,,2,2023-06-16T04:06:03+00:00
SAO_373M-10,São Paulo,3550308,True,,33049,,,-23.601270999999997,-46.538996,,,,2,2023-06-16T04:05:34+00:00
SAO_373M-10,São Paulo,3550308,True,,33049,,,-23.58313,-46.565766499999995,,,,2,2023-06-16T04:05:56+00:00
SAO_373M-10,São Paulo,3550308,True,,33049,,,-23.5440161875,-46.5839366875,,,,2,2023-06-16T04:05:53+00:00
SAO_2451-10,São Paulo,3550308,True,EMTU,213,https://moovitapp.com/index/pt-br/transporte_p%C3%BAblico-line-213-Sao_Paulo-242-2038937-36419335-0,6.7,-23.528499,-46.554547,,,,1,2023-06-16T04:05:41+00:00
SAO_8600-10,São Paulo,3550308,True,,34200,,,-23.5151395,-46.6895795,,,,2,2023-06-16T04:05:49+00:00
SAO_8600-10,São Paulo,3550308,True,,34200,,,-23.5241975,-46.649833,,,,2,2023-06-16T04:05:59+00:00
SAO_8600-10,São Paulo,3550308,True,,34200,,,-23.4842985,-46.7161955,,,,2,2023-06-16T04:06:00+00:00
SAO_6414-10,São Paulo,3550308,True,EMTU,360,https://moovitapp.com/index/pt-br/transporte_p%C3%BAblico-line-360-Sao_Paulo-242-2038937-36419441-0,5.2,-23.6100275,-46.686949999999996,,,,1,2023-06-16T04:06:01+00:00
SAO_6414-10,São Paulo,3550308,True,EMTU,360,https://moovitapp.com/index/pt-br/transporte_p%C3%BAblico-line-360-Sao_Paulo-242-2038937-36419441-0,5.2,-23.628152749999998,-46.685583,,,,1,2023-06-16T04:05:26+00:00
SAO_6414-10,São Paulo,3550308,True,EMTU,360,https://moovitapp.com/index/pt-br/transporte_p%C3%BAblico-line-360-Sao_Paulo-242-2038937-36419441-0,5.2,-23.5498335,-46.64009,,,,1,2023-06-16T04:05:57+00:00
SAO_874C-10,São Paulo,3550308,True,,477,,,-23.551268,-46.677332,,,,1,2023-06-16T04:05:56+00:00
SAO_874C-10,São Paulo,3550308,True,,477,,,-23.547646999999998,-46.760248000000004,,,,1,2023-06-16T04:05:42+00:00
SAO_874C-10,São Paulo,3550308,True,,477,,,-23.548474,-46.7591205,,,,1,2023-06-16T04:05:55+00:00
SAO_2363-10,São Paulo,3550308,True,,135,,,-23.538246,-46.60124675,,,,1,2023-06-16T04:05:28+00:00
SAO_2363-10,São Paulo,3550308,True,,135,,,-23.505616250000003,-46.51774999999999,,,,1,2023-06-16T04:06:00+00:00
SAO_2363-10,São Paulo,3550308,True,,135,,,-23.524652625,-46.550264375,,,,1,2023-06-16T04:06:02+00:00
SAO_3901-10,São Paulo,3550308,True,,1469,,,-23.532959499999997,-46.543440000000004,,,,1,2023-06-16T04:06:03+00:00
SAO_971A-10,São Paulo,3550308,True,,658,,,-23.512515,-46.6251575,,,,1,2023-06-16T04:05:51+00:00
SAO_971A-10,São Paulo,3550308,True,,658,,,-23.498242625,-46.663813000000005,,,,1,2023-06-16T04:05:58+00:00
SAO_971A-10,São Paulo,3550308,True,,658,,,-23.522855,-46.623938,,,,1,2023-06-16T04:05:24+00:00
SAO_8300-10,São Paulo,3550308,True,,1264,,,-23.490379,-46.710350250000005,,,,1,2023-06-16T04:06:02+00:00
SAO_8300-10,São Paulo,3550308,True,,1264,,,-23.5195885,-46.700672,,,,1,2023-06-16T04:05:45+00:00
SAO_8300-10,São Paulo,3550308,True,,1264,,,-23.485881499999998,-46.725865,,,,1,2023-06-16T04:05:52+00:00
SAO_4051-10,São Paulo,3550308,True,,34912,,,-23.5618325,-46.4012755,,,,2,2023-06-16T04:05:53+00:00
SAO_2522-10,São Paulo,3550308,True,,32908,,,-23.516551999999997,-46.426590250000004,,,,2,2023-06-16T04:05:24+00:00
SAO_2522-10,São Paulo,3550308,True,,32908,,,-23.516617500000002,-46.4262835,,,,2,2023-06-16T04:05:33+00:00
SAO_5026-10,São Paulo,3550308,True,,1635,,,-23.6059165,-46.496885500000005,,,,1,2023-06-16T04:05:48+00:00
SAO_5026-10,São Paulo,3550308,True,,1635,,,-23.606018499999998,-46.4969105,,,,1,2023-06-16T04:00:37+00:00
SAO_1026-10,São Paulo,3550308,True,,35074,,,-23.4704835,-46.7104185,,,,2,2023-06-16T04:06:03+00:00
SAO_1026-10,São Paulo,3550308,True,,35074,,,-23.47114175,-46.71015375,,,,2,2023-06-16T04:05:52+00:00
SAO_1026-10,São Paulo,3550308,True,,35074,,,-23.4761305,-46.695646,,,,2,2023-06-16T04:05:40+00:00
SAO_6052-31,São Paulo,3550308,True,,34600,,,-23.775509999999997,-46.691679,,,,2,2023-06-16T04:05:25+00:00
SAO_6052-31,São Paulo,3550308,True,,34600,,,-23.775509999999997,-46.691679,,,,2,2023-06-16T04:06:04+00:00
SAO_5018-31,São Paulo,3550308,True,,34629,,,-23.693037,-46.652722499999996,,,,2,2023-06-16T04:02:31+00:00
SAO_5018-31,São Paulo,3550308,True,,34629,,,-23.65986625,-46.6439915,,,,2,2023-06-16T04:05:56+00:00
SAO_5018-31,São Paulo,3550308,True,,34629,,,-23.68513775,-46.670210749999995,,,,2,2023-06-16T04:05:59+00:00
SAO_5018-31,São Paulo,3550308,True,,34629,,,-23.67568,-46.67331825,,,,2,2023-06-16T04:05:21+00:00
SAO_5145-10,São Paulo,3550308,True,,1641,,,-23.55834825,-46.634922875,,,,1,2023-06-16T04:05:45+00:00
SAO_5145-10,São Paulo,3550308,True,,1641,,,-23.578044499999997,-46.545631,,,,1,2023-06-16T04:05:35+00:00
SAO_1726-10,São Paulo,3550308,True,,1403,,,-23.4359105,-46.566243,,,,1,2023-06-16T04:05:46+00:00
SAO_1726-10,São Paulo,3550308,True,,1403,,,-23.4359105,-46.566243,,,,1,2023-06-16T04:05:46+00:00
SAO_1726-10,São Paulo,3550308,True,,1403,,,-23.4547785,-46.5987245,,,,1,2023-06-16T04:05:28+00:00
SAO_1726-10,São Paulo,3550308,True,,1403,,,-23.4404995,-46.576930000000004,,,,1,2023-06-16T04:05:22+00:00
SAO_178T-10,São Paulo,3550308,True,,33333,,,-23.503125,-46.6245765,,,,2,2023-06-16T04:05:35+00:00
SAO_178T-10,São Paulo,3550308,True,,33333,,,-23.487785000000002,-46.647136,,,,2,2023-06-16T04:05:56+00:00
SAO_178T-10,São Paulo,3550308,True,,33333,,,-23.503132,-46.6247695,,,,2,2023-06-16T04:05:39+00:00
SAO_178T-10,São Paulo,3550308,True,,33333,,,-23.49355475,-46.6588735,,,,2,2023-06-16T04:05:32+00:00
SAO_178T-10,São Paulo,3550308,True,,33333,,,-23.53098,-46.734971,,,,2,2023-06-16T04:05:44+00:00
SAO_178T-10,São Paulo,3550308,True,,33333,,,-23.5168675,-46.6987555,,,,2,2023-06-16T04:05:24+00:00
SAO_7458-10,São Paulo,3550308,True,EMTU,496,https://moovitapp.com/index/pt-br/transporte_p%C3%BAblico-line-496-Sao_Paulo-242-2038937-36419521-0,5.4,-23.580585,-46.7940725,,,,1,2023-06-16T04:05:50+00:00
SAO_7458-10,São Paulo,3550308,True,EMTU,496,https://moovitapp.com/index/pt-br/transporte_p%C3%BAblico-line-496-Sao_Paulo-242-2038937-36419521-0,5.4,-23.580585,-46.7940725,,,,1,2023-06-16T04:05:44+00:00
SAO_7013-10,São Paulo,3550308,True,,775,,,-23.592765,-46.735299749999996,,,,1,2023-06-16T04:06:01+00:00
SAO_695H-10,São Paulo,3550308,True,,33964,,,-23.7273025,-46.699413,,,,2,2023-06-16T04:05:45+00:00
SAO_695H-10,São Paulo,3550308,True,,33964,,,-23.78837,-46.715108,,,,2,2023-06-16T04:05:21+00:00
SAO_695H-10,São Paulo,3550308,True,,33964,,,-23.692490499999998,-46.698504,,,,2,2023-06-16T04:05:22+00:00
SAO_695H-10,São Paulo,3550308,True,,33964,,,-23.750782,-46.710551,,,,2,2023-06-16T04:05:42+00:00
SAO_695H-10,São Paulo,3550308,True,,33964,,,-23.788611500000002,-46.715200499999995,,,,2,2023-06-16T04:05:43+00:00
SAO_5106-31,São Paulo,3550308,True,,34073,,,-23.63311175,-46.644645125,,,,2,2023-06-16T04:05:38+00:00
SAO_5106-31,São Paulo,3550308,True,,34073,,,-23.6875885,-46.654850499999995,,,,2,2023-06-16T04:05:50+00:00
SAO_5106-31,São Paulo,3550308,True,,34073,,,-23.678641499999998,-46.63029575,,,,2,2023-06-16T04:05:26+00:00
SAO_5106-31,São Paulo,3550308,True,,34073,,,-23.6875885,-46.654850499999995,,,,2,2023-06-16T04:05:54+00:00
SAO_9018-10,São Paulo,3550308,True,,1271,,,-23.470406500000003,-46.721548999999996,,,,1,2023-06-16T04:05:56+00:00
SAO_5164-41,São Paulo,3550308,True,,1617,,,-23.645326500000003,-46.6529015,,,,1,2023-06-16T04:05:41+00:00
SAO_7053-22,São Paulo,3550308,True,,1896,,,-23.631153500000003,-46.7733425,,,,1,2023-06-16T04:05:43+00:00
SAO_6052-10,São Paulo,3550308,True,,1144,,,-23.7674725,-46.6982725,,,,1,2023-06-16T04:05:51+00:00
SAO_5144-10,São Paulo,3550308,True,,34395,,,-23.537831249999996,-46.61362925,,,,2,2023-06-16T04:06:00+00:00
SAO_5144-10,São Paulo,3550308,True,,34395,,,-23.5345865,-46.636760499999994,,,,2,2023-06-16T04:05:11+00:00
SAO_5144-10,São Paulo,3550308,True,,34395,,,-23.6139405,-46.501206499999995,,,,2,2023-06-16T04:05:22+00:00
SAO_5144-10,São Paulo,3550308,True,,34395,,,-23.6003755,-46.512426500000004,,,,2,2023-06-16T04:05:51+00:00
SAO_5144-10,São Paulo,3550308,True,,34395,,,-23.5993485,-46.5149725,,,,2,2023-06-16T04:05:51+00:00
SAO_3010-10,São Paulo,3550308,True,,35311,,,-23.514020000000002,-46.4498705,,,,2,2023-06-16T04:05:50+00:00
SAO_6815-10,São Paulo,3550308,True,,32793,,,-23.6715665,-46.7797935,,,,2,2023-06-16T04:05:27+00:00
SAO_3459-23,São Paulo,3550308,True,EMTU,404,https://moovitapp.com/index/pt-br/transporte_p%C3%BAblico-line-404-Sao_Paulo-242-2038937-36419466-0,5.2,-23.516762,-46.384977500000005,,,,1,2023-06-16T04:05:45+00:00
SAO_948A-10,São Paulo,3550308,True,,34191,,,-23.4694535,-46.7135935,,,,2,2023-06-16T04:05:53+00:00
SAO_948A-10,São Paulo,3550308,True,,34191,,,-23.5255835,-46.671588,,,,2,2023-06-16T04:05:49+00:00
SAO_948A-10,São Paulo,3550308,True,,34191,,,-23.504530000000003,-46.718334,,,,2,2023-06-16T04:05:04+00:00
SAO_2552-10,São Paulo,3550308,True,,142,,,-23.49864325,-46.46517275,,,,1,2023-06-16T04:05:21+00:00
SAO_2552-10,São Paulo,3550308,True,,142,,,-23.54447025,-46.623389,,,,1,2023-06-16T04:04:50+00:00
SAO_2552-10,São Paulo,3550308,True,,142,,,-23.5123885,-46.514519,,,,1,2023-06-16T04:05:34+00:00
SAO_2552-10,São Paulo,3550308,True,,142,,,-23.49152025,-46.443892500000004,,,,1,2023-06-16T04:05:50+00:00
SAO_2552-10,São Paulo,3550308,True,,142,,,-23.52137775,-46.54647,,,,1,2023-06-16T04:05:20+00:00
SAO_2552-10,São Paulo,3550308,True,,142,,,-23.4841755,-46.420574,,,,1,2023-06-16T04:05:30+00:00
SAO_2552-10,São Paulo,3550308,True,,142,,,-23.54192725,-46.61494925,,,,1,2023-06-16T04:05:35+00:00
SAO_2552-10,São Paulo,3550308,True,,142,,,-23.534955000000004,-46.5795315,,,,1,2023-06-16T04:05:36+00:00
SAO_2772-10,São Paulo,3550308,True,,398,,,-23.509726500000003,-46.4129855,,,,1,2023-06-16T04:05:25+00:00
SAO_6L11-10,São Paulo,3550308,True,,1167,,,-23.802775,-46.635958,,,,1,2023-06-16T04:05:26+00:00
SAO_6L11-10,São Paulo,3550308,True,,1167,,,-23.73643225,-46.69632274999999,,,,1,2023-06-16T04:05:21+00:00
SAO_6L11-10,São Paulo,3550308,True,,1167,,,-23.73643225,-46.69632274999999,,,,1,2023-06-16T04:05:42+00:00
SAO_1741-10,São Paulo,3550308,True,,539,,,-23.4639165,-46.663722,,,,1,2023-06-16T04:05:53+00:00
SAO_1741-10,São Paulo,3550308,True,,539,,,-23.503125,-46.6245765,,,,1,2023-06-16T04:05:33+00:00
SAO_1741-10,São Paulo,3550308,True,,539,,,-23.485416999999998,-46.641881,,,,1,2023-06-16T04:05:54+00:00
SAO_5123-10,São Paulo,3550308,True,,33893,,,-23.6272005,-46.6414305,,,,2,2023-06-16T04:05:43+00:00
SAO_5123-10,São Paulo,3550308,True,,33893,,,-23.6394745,-46.641374500000005,,,,2,2023-06-16T04:05:45+00:00
SAO_5123-10,São Paulo,3550308,True,,33893,,,-23.6697525,-46.63838475,,,,2,2023-06-16T04:05:55+00:00
SAO_5123-10,São Paulo,3550308,True,,33893,,,-23.612827250000002,-46.63807025,,,,2,2023-06-16T04:05:19+00:00
SAO_748A-10,São Paulo,3550308,True,,33266,,,-23.5761625,-46.7797135,,,,2,2023-06-16T04:06:01+00:00
SAO_748A-10,São Paulo,3550308,True,,33266,,,-23.5758515,-46.7756445,,,,2,2023-06-16T04:05:46+00:00
SAO_748A-10,São Paulo,3550308,True,,33266,,,-23.57543225,-46.77549825,,,,2,2023-06-16T04:05:24+00:00
SAO_8028-10,São Paulo,3550308,True,,35300,,,-23.585625,-46.723908,,,,2,2023-06-16T04:05:46+00:00
SAO_8028-10,São Paulo,3550308,True,,35300,,,-23.618883500000003,-46.722800500000005,,,,2,2023-06-16T04:04:58+00:00
SAO_8028-10,São Paulo,3550308,True,,35300,,,-23.622413,-46.727976,,,,2,2023-06-16T04:05:33+00:00
SAO_8028-10,São Paulo,3550308,True,,35300,,,-23.6222185,-46.7278965,,,,2,2023-06-16T04:05:32+00:00
SAO_8199-10,São Paulo,3550308,True,,33575,,,-23.482858999999998,-46.74429000000001,,,,2,2023-06-16T04:05:57+00:00
SAO_8199-10,São Paulo,3550308,True,,33575,,,-23.474742,-46.7490685,,,,2,2023-06-16T04:05:52+00:00
SAO_8199-10,São Paulo,3550308,True,,33575,,,-23.49746425,-46.697986,,,,2,2023-06-16T04:05:44+00:00
SAO_8199-10,São Paulo,3550308,True,,33575,,,-23.496655,-46.711664999999996,,,,2,2023-06-16T04:05:39+00:00
SAO_8199-10,São Paulo,3550308,True,,33575,,,-23.468757,-46.7514565,,,,2,2023-06-16T04:05:19+00:00
SAO_3742-10,São Paulo,3550308,True,,33810,,,-23.56382975,-46.44634175,,,,2,2023-06-16T04:05:20+00:00
SAO_3742-10,São Paulo,3550308,True,,33810,,,-23.601200499999997,-46.436606999999995,,,,2,2023-06-16T04:06:02+00:00
SAO_2678-10,São Paulo,3550308,True,STT,383,https://moovitapp.com/index/pt-br/transporte_p%C3%BAblico-line-383-Sao_Paulo-242-850661-183294-0,5.3,-23.538731,-46.6048935,,,,1,2023-06-16T04:05:44+00:00
SAO_2678-10,São Paulo,3550308,True,STT,383,https://moovitapp.com/index/pt-br/transporte_p%C3%BAblico-line-383-Sao_Paulo-242-850661-183294-0,5.3,-23.4957865,-46.45256675,,,,1,2023-06-16T04:05:42+00:00
SAO_546J-10,São Paulo,3550308,True,,33901,,,-23.674471,-46.662462000000005,,,,2,2023-06-16T04:05:31+00:00
SAO_546J-10,São Paulo,3550308,True,,33901,,,-23.687589250000002,-46.6589635,,,,2,2023-06-16T04:05:55+00:00
SAO_546J-10,São Paulo,3550308,True,,33901,,,-23.68778,-46.65928825,,,,2,2023-06-16T04:05:29+00:00
SAO_546L-10,São Paulo,3550308,True,,1285,,,-23.687024,-46.6385275,,,,1,2023-06-16T04:05:30+00:00
SAO_546L-10,São Paulo,3550308,True,,1285,,,-23.672490500000002,-46.6991735,,,,1,2023-06-16T04:05:20+00:00
SAO_546L-10,São Paulo,3550308,True,,1285,,,-23.684431500000002,-46.6404475,,,,1,2023-06-16T04:05:27+00:00
SAO_546L-10,São Paulo,3550308,True,,1285,,,-23.667102,-46.674915,,,,1,2023-06-16T04:05:54+00:00
SAO_546L-10,São Paulo,3550308,True,,1285,,,-23.6542795,-46.711304,,,,1,2023-06-16T04:06:02+00:00
SAO_7012-10,São Paulo,3550308,True,,34811,,,-23.7037495,-46.772553,,,,2,2023-06-16T04:05:57+00:00
SAO_7012-10,São Paulo,3550308,True,,34811,,,-23.7101355,-46.77553675,,,,2,2023-06-16T04:05:47+00:00
SAO_7012-10,São Paulo,3550308,True,,34811,,,-23.6905325,-46.774566500000006,,,,2,2023-06-16T04:05:45+00:00
SAO_719R-10,São Paulo,3550308,True,,33237,,,-23.5691565,-46.715317999999996,,,,2,2023-06-16T04:05:29+00:00
SAO_719R-10,São Paulo,3550308,True,,33237,,,-23.562170000000002,-46.764854125,,,,2,2023-06-16T04:06:03+00:00
SAO_719R-10,São Paulo,3550308,True,,33237,,,-23.548770500000003,-46.659213875000006,,,,2,2023-06-16T04:05:20+00:00
SAO_719R-10,São Paulo,3550308,True,,33237,,,-23.562407999999998,-46.764896375000006,,,,2,2023-06-16T04:05:24+00:00
SAO_719R-10,São Paulo,3550308,True,,33237,,,-23.5619675,-46.7643025,,,,2,2023-06-16T04:05:22+00:00
SAO_719R-10,São Paulo,3550308,True,,33237,,,-23.5725865,-46.723408000000006,,,,2,2023-06-16T04:05:51+00:00
SAO_1775-10,São Paulo,3550308,True,,638,,,-23.478229,-46.632524000000004,,,,1,2023-06-16T04:06:02+00:00
SAO_6078-10,São Paulo,3550308,True,,1166,,,-23.7562725,-46.6674125,,,,1,2023-06-16T04:05:54+00:00
SAO_6078-10,São Paulo,3550308,True,,1166,,,-23.685332000000002,-46.692723,,,,1,2023-06-16T04:05:56+00:00
SAO_6078-10,São Paulo,3550308,True,,1166,,,-23.7379235,-46.6925615,,,,1,2023-06-16T04:05:40+00:00
SAO_4111-10,São Paulo,3550308,True,,33088,,,-23.561859499999997,-46.623039500000004,,,,2,2023-06-16T04:05:37+00:00
SAO_4111-10,São Paulo,3550308,True,,33088,,,-23.575937,-46.61345,,,,2,2023-06-16T04:05:53+00:00
SAO_775A-10,São Paulo,3550308,True,EMTU,473,https://moovitapp.com/index/pt-br/transporte_p%C3%BAblico-line-473-Sao_Paulo-242-2038937-36419509-0,7.55,-23.573963,-46.738628,,,,1,2023-06-16T04:05:52+00:00
SAO_3796-10,São Paulo,3550308,True,,33842,,,-23.5813,-46.453654,,,,2,2023-06-16T04:03:41+00:00
SAO_4742-10,São Paulo,3550308,True,,33110,,,-23.619031749999998,-46.64061875,,,,2,2023-06-16T04:05:21+00:00
SAO_546J-41,São Paulo,3550308,True,,33902,,,-23.662722000000002,-46.680964,,,,2,2023-06-16T04:05:43+00:00
SAO_516N-10,São Paulo,3550308,True,EMTU,266,https://moovitapp.com/index/pt-br/transporte_p%C3%BAblico-line-266-Sao_Paulo-242-2038937-36419376-0,6.8,-23.6849845,-46.633231,,,,1,2023-06-16T04:05:24+00:00
SAO_516N-10,São Paulo,3550308,True,EMTU,266,https://moovitapp.com/index/pt-br/transporte_p%C3%BAblico-line-266-Sao_Paulo-242-2038937-36419376-0,6.8,-23.61188275,-46.677678,,,,1,2023-06-16T04:05:57+00:00
SAO_516N-10,São Paulo,3550308,True,EMTU,266,https://moovitapp.com/index/pt-br/transporte_p%C3%BAblico-line-266-Sao_Paulo-242-2038937-36419376-0,6.8,-23.6685145,-46.6506355,,,,1,2023-06-16T04:05:23+00:00
SAO_516N-10,São Paulo,3550308,True,EMTU,266,https://moovitapp.com/index/pt-br/transporte_p%C3%BAblico-line-266-Sao_Paulo-242-2038937-36419376-0,6.8,-23.656708000000002,-46.665236,,,,1,2023-06-16T04:05:23+00:00
SAO_6075-10,São Paulo,3550308,True,,1162,,,-23.768844,-46.7164875,,,,1,2023-06-16T04:05:59+00:00
SAO_4005-10,São Paulo,3550308,True,,34947,,,-23.58888925,-46.394664,,,,2,2023-06-16T04:05:24+00:00
SAO_4005-10,São Paulo,3550308,True,,34947,,,-23.590121,-46.404954000000004,,,,2,2023-06-16T04:05:35+00:00
SAO_4005-10,São Paulo,3550308,True,,34947,,,-23.58888925,-46.394664,,,,2,2023-06-16T04:05:44+00:00
SAO_4053-10,São Paulo,3550308,True,,34914,,,-23.551627500000002,-46.395561,,,,2,2023-06-16T04:05:41+00:00
SAO_4053-10,São Paulo,3550308,True,,34914,,,-23.55280925,-46.3944755,,,,2,2023-06-16T04:05:42+00:00
SAO_5024-10,São Paulo,3550308,True,,33890,,,-23.65908975,-46.7012395,,,,2,2023-06-16T04:05:57+00:00
SAO_5024-10,São Paulo,3550308,True,,33890,,,-23.6941195,-46.65682925,,,,2,2023-06-16T04:03:05+00:00
SAO_5024-10,São Paulo,3550308,True,,33890,,,-23.6799655,-46.664653,,,,2,2023-06-16T04:03:34+00:00
SAO_3015-10,São Paulo,3550308,True,,2454,,,-23.5019515,-46.384699999999995,,,,1,2023-06-16T04:05:34+00:00
SAO_5010-10,São Paulo,3550308,True,,33882,,,-23.656464875000005,-46.69435937499999,,,,2,2023-06-16T04:02:52+00:00
SAO_5010-10,São Paulo,3550308,True,,33882,,,-23.643731000000002,-46.67233,,,,2,2023-06-16T04:05:19+00:00
SAO_5010-10,São Paulo,3550308,True,,33882,,,-23.6590995,-46.6363495,,,,2,2023-06-16T04:05:25+00:00
SAO_5010-10,São Paulo,3550308,True,,33882,,,-23.646937,-46.640423,,,,2,2023-06-16T04:05:56+00:00
SAO_8705-10,São Paulo,3550308,True,,2072,,,-23.547646999999998,-46.760248000000004,,,,1,2023-06-16T04:05:35+00:00
SAO_8705-10,São Paulo,3550308,True,,2072,,,-23.55744675,-46.749117,,,,1,2023-06-16T04:06:04+00:00
SAO_8705-10,São Paulo,3550308,True,,2072,,,-23.57180625,-46.697193,,,,1,2023-06-16T04:05:38+00:00
SAO_8705-10,São Paulo,3550308,True,,2072,,,-23.547649,-46.641011500000005,,,,1,2023-06-16T04:05:51+00:00
SAO_719P-10,São Paulo,3550308,True,,1372,,,-23.555152749999998,-46.66852925,,,,1,2023-06-16T04:05:49+00:00
SAO_719P-10,São Paulo,3550308,True,,1372,,,-23.53506275,-46.644746999999995,,,,1,2023-06-16T04:06:00+00:00
SAO_719P-10,São Paulo,3550308,True,,1372,,,-23.566504000000002,-46.701674,,,,1,2023-06-16T04:05:50+00:00
SAO_6039-21,São Paulo,3550308,True,,35261,,,-23.6762815,-46.7904975,,,,2,2023-06-16T04:05:34+00:00
SAO_6039-21,São Paulo,3550308,True,,35261,,,-23.654101,-46.763310000000004,,,,2,2023-06-16T04:05:41+00:00
SAO_2718-10,São Paulo,3550308,True,,33699,,,-23.49944,-46.522117625,,,,2,2023-06-16T04:05:38+00:00
SAO_2718-10,São Paulo,3550308,True,,33699,,,-23.525952,-46.548964999999995,,,,2,2023-06-16T04:06:03+00:00
SAO_2718-10,São Paulo,3550308,True,,33699,,,-23.49364825,-46.501052,,,,2,2023-06-16T04:05:51+00:00
SAO_2718-10,São Paulo,3550308,True,,33699,,,-23.50932725,-46.547872,,,,2,2023-06-16T04:05:48+00:00
SAO_1206-10,São Paulo,3550308,True,,33610,,,-23.52606925,-46.58249925,,,,2,2023-06-16T04:05:28+00:00
SAO_1206-10,São Paulo,3550308,True,,33610,,,-23.52606925,-46.58249925,,,,2,2023-06-16T04:05:36+00:00
SAO_669A-10,São Paulo,3550308,True,,4,,,-23.570861,-46.6522435,,,,1,2023-06-16T04:05:39+00:00
SAO_669A-10,São Paulo,3550308,True,,4,,,-23.654157,-46.7105825,,,,1,2023-06-16T04:05:40+00:00
SAO_669A-10,São Paulo,3550308,True,,4,,,-23.63470675,-46.693451875,,,,1,2023-06-16T04:05:34+00:00
SAO_669A-10,São Paulo,3550308,True,,4,,,-23.547548,-46.647615,,,,1,2023-06-16T04:05:34+00:00
SAO_6062-51,São Paulo,3550308,True,,1739,,,-23.6561605,-46.70651425,,,,1,2023-06-16T04:05:32+00:00
SAO_6062-51,São Paulo,3550308,True,,1739,,,-23.693935,-46.698987,,,,1,2023-06-16T04:05:36+00:00
SAO_6062-51,São Paulo,3550308,True,,1739,,,-23.7434105,-46.6839205,,,,1,2023-06-16T04:05:53+00:00
SAO_6115-10,São Paulo,3550308,True,,1185,,,-23.7424855,-46.6618235,,,,1,2023-06-16T04:05:46+00:00
SAO_6115-10,São Paulo,3550308,True,,1185,,,-23.7467945,-46.66576925,,,,1,2023-06-16T04:05:45+00:00
SAO_4491-10,São Paulo,3550308,True,,33095,,,-23.6541145,-46.6137945,,,,2,2023-06-16T04:05:53+00:00
SAO_4491-10,São Paulo,3550308,True,,33095,,,-23.592546875,-46.620915375,,,,2,2023-06-16T04:05:43+00:00
SAO_172K-10,São Paulo,3550308,True,,857,,,-23.472393,-46.60715225,,,,1,2023-06-16T04:05:32+00:00
SAO_172K-10,São Paulo,3550308,True,,857,,,-23.5397765,-46.5765665,,,,1,2023-06-16T04:05:40+00:00
SAO_172K-10,São Paulo,3550308,True,,857,,,-23.48370425,-46.590945375000004,,,,1,2023-06-16T04:05:22+00:00
SAO_6017-10,São Paulo,3550308,True,,1206,,,-23.69138175,-46.77535775,,,,1,2023-06-16T04:05:58+00:00
SAO_6017-10,São Paulo,3550308,True,,1206,,,-23.679985875,-46.764589875,,,,1,2023-06-16T04:06:04+00:00
SAO_6017-10,São Paulo,3550308,True,,1206,,,-23.667816000000002,-46.7312965,,,,1,2023-06-16T04:05:53+00:00
SAO_6017-10,São Paulo,3550308,True,,1206,,,-23.665815000000002,-46.7117615,,,,1,2023-06-16T04:05:30+00:00
SAO_909T-1,São Paulo,3550308,True,,2512,,,-23.546077500000003,-46.631047,,,,1,2023-06-16T04:05:38+00:00
SAO_909T-1,São Paulo,3550308,True,,2512,,,-23.566103499999997,-46.7018865,,,,1,2023-06-16T04:05:40+00:00
SAO_909T-1,São Paulo,3550308,True,,2512,,,-23.557983625,-46.678209625,,,,1,2023-06-16T04:06:03+00:00
SAO_695X-10,São Paulo,3550308,True,,1441,,,-23.718445000000003,-46.698815499999995,,,,1,2023-06-16T04:06:01+00:00
SAO_695X-10,São Paulo,3550308,True,,1441,,,-23.6784805,-46.684785500000004,,,,1,2023-06-16T04:05:45+00:00
SAO_874T-10,São Paulo,3550308,True,EMTU,307,https://moovitapp.com/index/pt-br/transporte_p%C3%BAblico-line-307-Sao_Paulo-242-2038937-36419399-0,5.2,-23.552204875,-46.66093425,,,,1,2023-06-16T04:05:24+00:00
SAO_874T-10,São Paulo,3550308,True,EMTU,307,https://moovitapp.com/index/pt-br/transporte_p%C3%BAblico-line-307-Sao_Paulo-242-2038937-36419399-0,5.2,-23.56777075,-46.623321125000004,,,,1,2023-06-16T04:05:40+00:00
SAO_874T-10,São Paulo,3550308,True,EMTU,307,https://moovitapp.com/index/pt-br/transporte_p%C3%BAblico-line-307-Sao_Paulo-242-2038937-36419399-0,5.2,-23.519146,-46.7076165,,,,1,2023-06-16T04:05:44+00:00
SAO_9047-10,São Paulo,3550308,True,STT,883,https://moovitapp.com/index/pt-br/transporte_p%C3%BAblico-line-883-Sao_Paulo-242-850661-183365-0,5.3,-23.4590975,-46.7092565,,,,1,2023-06-16T04:05:55+00:00
SAO_9047-10,São Paulo,3550308,True,STT,883,https://moovitapp.com/index/pt-br/transporte_p%C3%BAblico-line-883-Sao_Paulo-242-850661-183365-0,5.3,-23.471965,-46.6916,,,,1,2023-06-16T04:05:50+00:00
SAO_8009-10,São Paulo,3550308,True,,1259,,,-23.454051,-46.7423645,,,,1,2023-06-16T04:05:21+00:00
SAO_8009-31,São Paulo,3550308,True,,34028,,,-23.434046,-46.751234,,,,2,2023-06-16T04:06:00+00:00
SAO_8009-31,São Paulo,3550308,True,,34028,,,-23.453912,-46.719606999999996,,,,2,2023-06-16T04:05:52+00:00
SAO_8009-31,São Paulo,3550308,True,,34028,,,-23.433639499999998,-46.751054999999994,,,,2,2023-06-16T04:05:18+00:00
SAO_8009-31,São Paulo,3550308,True,,34028,,,-23.4539875,-46.752594,,,,2,2023-06-16T04:05:45+00:00
SAO_3735-10,São Paulo,3550308,True,,1035,,,-23.540392,-46.485367499999995,,,,1,2023-06-16T04:05:39+00:00
SAO_2032-10,São Paulo,3550308,True,,35034,,,-23.499251,-46.6002345,,,,2,2023-06-16T04:05:26+00:00
SAO_2032-10,São Paulo,3550308,True,,35034,,,-23.484455,-46.57345,,,,2,2023-06-16T04:06:00+00:00
SAO_2032-10,São Paulo,3550308,True,,35034,,,-23.4843605,-46.573622,,,,2,2023-06-16T04:05:29+00:00
SAO_2032-10,São Paulo,3550308,True,,35034,,,-23.484414,-46.5735585,,,,2,2023-06-16T04:05:35+00:00
SAO_6820-31,São Paulo,3550308,True,,1406,,,-23.660220000000002,-46.776787,,,,1,2023-06-16T04:05:49+00:00
SAO_172P-10,São Paulo,3550308,True,,858,,,-23.4424695,-46.589804,,,,1,2023-06-16T04:05:27+00:00
SAO_172P-10,São Paulo,3550308,True,,858,,,-23.542626,-46.593327875,,,,1,2023-06-16T04:05:35+00:00
SAO_172P-10,São Paulo,3550308,True,,858,,,-23.441891,-46.589701250000005,,,,1,2023-06-16T04:05:41+00:00
SAO_172P-10,São Paulo,3550308,True,,858,,,-23.5055235,-46.5912705,,,,1,2023-06-16T04:05:26+00:00
SAO_172P-10,São Paulo,3550308,True,,858,,,-23.476791249999998,-46.57336575,,,,1,2023-06-16T04:05:17+00:00
SAO_172P-10,São Paulo,3550308,True,,858,,,-23.441766,-46.588329,,,,1,2023-06-16T04:06:01+00:00
SAO_172P-10,São Paulo,3550308,True,,858,,,-23.437303,-46.56643425,,,,1,2023-06-16T04:00:11+00:00
SAO_807J-10,São Paulo,3550308,True,,34826,,,-23.618586,-46.698989,,,,2,2023-06-16T04:05:52+00:00
SAO_807J-10,São Paulo,3550308,True,,34826,,,-23.614938000000002,-46.74088475,,,,2,2023-06-16T04:05:33+00:00
SAO_807J-10,São Paulo,3550308,True,,34826,,,-23.61964675,-46.758040875,,,,2,2023-06-16T04:05:51+00:00
SAO_807J-10,São Paulo,3550308,True,,34826,,,-23.62714275,-46.766670250000004,,,,2,2023-06-16T04:05:48+00:00
SAO_807J-10,São Paulo,3550308,True,,34826,,,-23.604200499999997,-46.712517500000004,,,,2,2023-06-16T04:05:48+00:00
SAO_4003-10,São Paulo,3550308,True,,34927,,,-23.568029499999998,-46.409910499999995,,,,2,2023-06-16T04:04:11+00:00
SAO_4003-10,São Paulo,3550308,True,,34927,,,-23.574084,-46.39846300000001,,,,2,2023-06-16T04:05:58+00:00
SAO_778R-10,São Paulo,3550308,True,,33277,,,-23.573166999999998,-46.712125,,,,2,2023-06-16T04:06:02+00:00
SAO_778R-10,São Paulo,3550308,True,,33277,,,-23.571585875,-46.706313124999994,,,,2,2023-06-16T04:05:29+00:00
SAO_778R-10,São Paulo,3550308,True,,33277,,,-23.55165475,-46.657360749999995,,,,2,2023-06-16T04:05:49+00:00
SAO_778R-10,São Paulo,3550308,True,,33277,,,-23.541117,-46.644401,,,,2,2023-06-16T04:05:49+00:00
SAO_778R-10,São Paulo,3550308,True,,33277,,,-23.55165475,-46.657360749999995,,,,2,2023-06-16T04:05:45+00:00
SAO_778R-10,São Paulo,3550308,True,,33277,,,-23.5884734375,-46.797815375,,,,2,2023-06-16T04:05:23+00:00
SAO_6120-10,São Paulo,3550308,True,,1189,,,-23.7602595,-46.67738249999999,,,,1,2023-06-16T04:05:54+00:00
SAO_647P-10,São Paulo,3550308,True,,34084,,,-23.6749685,-46.784116,,,,2,2023-06-16T04:05:23+00:00
SAO_647P-10,São Paulo,3550308,True,,34084,,,-23.6618995,-46.7565395,,,,2,2023-06-16T04:05:27+00:00
SAO_647P-10,São Paulo,3550308,True,,34084,,,-23.6614595,-46.768571,,,,2,2023-06-16T04:06:01+00:00
SAO_647P-10,São Paulo,3550308,True,,34084,,,-23.6023845,-46.7131205,,,,2,2023-06-16T04:05:36+00:00
SAO_647P-10,São Paulo,3550308,True,,34084,,,-23.63033325,-46.73643025,,,,2,2023-06-16T04:05:23+00:00
SAO_5028-10,São Paulo,3550308,True,,1634,,,-23.609545500000003,-46.589652,,,,1,2023-06-16T04:05:34+00:00
SAO_5028-10,São Paulo,3550308,True,,1634,,,-23.57267675,-46.606695,,,,1,2023-06-16T04:05:22+00:00
SAO_4288-10,São Paulo,3550308,True,,33058,,,-23.611155,-46.519178499999995,,,,2,2023-06-16T04:05:57+00:00
SAO_4288-10,São Paulo,3550308,True,,33058,,,-23.595057,-46.55498800000001,,,,2,2023-06-16T04:05:41+00:00
SAO_4288-10,São Paulo,3550308,True,,33058,,,-23.611155,-46.519178499999995,,,,2,2023-06-16T04:05:21+00:00
SAO_6059-10,São Paulo,3550308,True,,1226,,,-23.63186725,-46.714163,,,,1,2023-06-16T04:05:58+00:00
SAO_1757-10,São Paulo,3550308,True,,548,,,-23.4948075,-46.625861,,,,1,2023-06-16T04:03:40+00:00
SAO_5759-31,São Paulo,3550308,True,,33907,,,-23.6948495,-46.64830975,,,,2,2023-06-16T04:05:58+00:00
SAO_5759-31,São Paulo,3550308,True,,33907,,,-23.6948495,-46.64830975,,,,2,2023-06-16T04:05:51+00:00
SAO_476A-10,São Paulo,3550308,True,,304,,,-23.6014935,-46.655564,,,,1,2023-06-16T04:05:46+00:00
SAO_476A-10,São Paulo,3550308,True,,304,,,-23.577993499999998,-46.6019005,,,,1,2023-06-16T04:06:01+00:00
SAO_7060-10,São Paulo,3550308,True,,34657,,,-23.635189500000003,-46.775909,,,,2,2023-06-16T04:05:19+00:00
SAO_1778-10,São Paulo,3550308,True,,34557,,,-23.467172,-46.56877125,,,,2,2023-06-16T04:05:24+00:00
SAO_1778-10,São Paulo,3550308,True,,34557,,,-23.467372,-46.568509750000004,,,,2,2023-06-16T04:05:52+00:00
SAO_948A-10,São Paulo,3550308,True,,1423,,,-23.524919125000004,-46.699054749999995,,,,1,2023-06-16T04:05:35+00:00
SAO_7062-31,São Paulo,3550308,True,,34682,,,-23.6463475,-46.7730035,,,,2,2023-06-16T04:05:34+00:00
SAO_7062-31,São Paulo,3550308,True,,34682,,,-23.6463475,-46.7730035,,,,2,2023-06-16T04:06:02+00:00
SAO_7059-10,São Paulo,3550308,True,,34692,,,-23.6579765,-46.78181,,,,2,2023-06-16T04:05:41+00:00
SAO_7059-10,São Paulo,3550308,True,,34692,,,-23.633889500000002,-46.7741105,,,,2,2023-06-16T04:05:21+00:00
SAO_7059-10,São Paulo,3550308,True,,34692,,,-23.658301,-46.7819395,,,,2,2023-06-16T04:05:30+00:00
SAO_2079-10,São Paulo,3550308,True,,370,,,-23.516762,-46.384977500000005,,,,1,2023-06-16T04:05:57+00:00
SAO_2079-10,São Paulo,3550308,True,,370,,,-23.516762,-46.384977500000005,,,,1,2023-06-16T04:05:46+00:00
SAO_2079-10,São Paulo,3550308,True,,370,,,-23.516762,-46.384977500000005,,,,1,2023-06-16T04:05:45+00:00
SAO_6L10-41,São Paulo,3550308,True,,34773,,,-23.7878855,-46.765459,,,,2,2023-06-16T04:04:36+00:00
SAO_6L10-41,São Paulo,3550308,True,,34773,,,-23.771853,-46.719546,,,,2,2023-06-16T04:05:31+00:00
SAO_6L10-41,São Paulo,3550308,True,,34773,,,-23.7880685,-46.765596,,,,2,2023-06-16T04:05:51+00:00
SAO_3746-31,São Paulo,3550308,True,,2097,,,-23.594817,-46.5027665,,,,1,2023-06-16T04:05:38+00:00
SAO_271M-10,São Paulo,3550308,True,,33452,,,-23.506432999999998,-46.56704125,,,,2,2023-06-16T04:05:46+00:00
SAO_271M-10,São Paulo,3550308,True,,33452,,,-23.503893,-46.61156375,,,,2,2023-06-16T04:03:12+00:00
SAO_271M-10,São Paulo,3550308,True,,33452,,,-23.512197999999998,-46.563227499999996,,,,2,2023-06-16T04:05:55+00:00
SAO_271M-10,São Paulo,3550308,True,,33452,,,-23.512393250000002,-46.56326850000001,,,,2,2023-06-16T04:05:16+00:00
SAO_271M-10,São Paulo,3550308,True,,33452,,,-23.5079125,-46.571226499999995,,,,2,2023-06-16T04:05:35+00:00
SAO_5024-31,São Paulo,3550308,True,,33891,,,-23.689080750000002,-46.64931275,,,,2,2023-06-16T04:05:42+00:00
SAO_6042-21,São Paulo,3550308,True,,34543,,,-23.654173,-46.762701500000006,,,,2,2023-06-16T04:05:56+00:00
SAO_6801-10,São Paulo,3550308,True,,32773,,,-23.65479225,-46.732585625,,,,2,2023-06-16T04:05:45+00:00
SAO_5029-10,São Paulo,3550308,True,,1672,,,-23.6234015,-46.5907215,,,,1,2023-06-16T04:05:33+00:00
SAO_5127-10,São Paulo,3550308,True,,1127,,,-23.7015515,-46.640887,,,,1,2023-06-16T04:05:54+00:00
SAO_5127-10,São Paulo,3550308,True,,1127,,,-23.677374,-46.7016945,,,,1,2023-06-16T04:05:35+00:00
SAO_5127-10,São Paulo,3550308,True,,1127,,,-23.7015515,-46.640887,,,,1,2023-06-16T04:05:47+00:00
SAO_4115-10,São Paulo,3550308,True,,33090,,,-23.56777075,-46.623321125000004,,,,2,2023-06-16T04:05:56+00:00
SAO_4115-10,São Paulo,3550308,True,,33090,,,-23.62159825,-46.62854025,,,,2,2023-06-16T04:06:00+00:00
SAO_7009-10,São Paulo,3550308,True,,1951,,,-23.7041605,-46.787671,,,,1,2023-06-16T04:05:20+00:00
SAO_7009-10,São Paulo,3550308,True,,1951,,,-23.704196500000002,-46.787588,,,,1,2023-06-16T04:05:19+00:00
SAO_3414-10,São Paulo,3550308,True,,746,,,-23.535687875,-46.55250100000001,,,,1,2023-06-16T04:05:31+00:00
SAO_6970-10,São Paulo,3550308,True,,1505,,,-23.737581499999997,-46.697899500000005,,,,1,2023-06-16T04:05:19+00:00
SAO_6970-10,São Paulo,3550308,True,,1505,,,-23.737581499999997,-46.697899500000005,,,,1,2023-06-16T04:05:40+00:00
SAO_6970-10,São Paulo,3550308,True,,1505,,,-23.6669665,-46.7119285,,,,1,2023-06-16T04:05:44+00:00
SAO_6970-10,São Paulo,3550308,True,,1505,,,-23.737581499999997,-46.697899500000005,,,,1,2023-06-16T04:05:27+00:00
SAO_342N-10,São Paulo,3550308,True,,1003,,,-23.532455,-46.4477235,,,,1,2023-06-16T04:05:26+00:00
SAO_342N-10,São Paulo,3550308,True,,1003,,,-23.56782725,-46.396026500000005,,,,1,2023-06-16T04:05:57+00:00
SAO_677Y-10,São Paulo,3550308,True,,34008,,,-23.6603905,-46.767596,,,,2,2023-06-16T04:05:49+00:00
SAO_677Y-10,São Paulo,3550308,True,,34008,,,-23.655759500000002,-46.76218025,,,,2,2023-06-16T04:05:54+00:00
SAO_677Y-10,São Paulo,3550308,True,,34008,,,-23.622598250000003,-46.706541,,,,2,2023-06-16T04:05:48+00:00
SAO_677Y-10,São Paulo,3550308,True,,34008,,,-23.670783999999998,-46.786465,,,,2,2023-06-16T04:05:55+00:00
SAO_6451-10,São Paulo,3550308,True,,32829,,,-23.654660999999997,-46.7609705,,,,2,2023-06-16T04:05:30+00:00
SAO_6451-10,São Paulo,3550308,True,,32829,,,-23.585497750000002,-46.6888465,,,,2,2023-06-16T04:05:26+00:00
SAO_6451-10,São Paulo,3550308,True,,32829,,,-23.654660999999997,-46.7609705,,,,2,2023-06-16T04:06:04+00:00
SAO_6451-10,São Paulo,3550308,True,,32829,,,-23.5923445,-46.694812999999996,,,,2,2023-06-16T04:05:27+00:00
SAO_6451-10,São Paulo,3550308,True,,32829,,,-23.648953,-46.752862,,,,2,2023-06-16T04:06:01+00:00
SAO_139A-10,São Paulo,3550308,True,,2451,,,-23.501585,-46.705895,,,,1,2023-06-16T04:05:44+00:00
SAO_273F-10,São Paulo,3550308,True,,32927,,,-23.489485625,-46.421352,,,,2,2023-06-16T04:05:26+00:00
SAO_273F-10,São Paulo,3550308,True,,32927,,,-23.4896375,-46.417036249999995,,,,2,2023-06-16T04:05:43+00:00
SAO_128Y-10,São Paulo,3550308,True,EMTU,843,https://moovitapp.com/index/pt-br/transporte_p%C3%BAblico-line-843-Sao_Paulo-242-2038937-36419606-0,4.1,-23.501713,-46.666068249999995,,,,1,2023-06-16T04:05:40+00:00
SAO_3761-10,São Paulo,3550308,True,,33819,,,-23.551952999999997,-46.52125,,,,2,2023-06-16T04:05:23+00:00
SAO_3761-10,São Paulo,3550308,True,,33819,,,-23.579083,-46.495029,,,,2,2023-06-16T04:05:54+00:00
SAO_3761-10,São Paulo,3550308,True,,33819,,,-23.599062,-46.468776000000005,,,,2,2023-06-16T04:05:45+00:00
SAO_3761-10,São Paulo,3550308,True,,33819,,,-23.61803925,-46.42337725,,,,2,2023-06-16T04:05:59+00:00
SAO_3761-10,São Paulo,3550308,True,,33819,,,-23.5949785,-46.4406365,,,,2,2023-06-16T04:05:25+00:00
SAO_9301-10,São Paulo,3550308,True,,33226,,,-23.495732250000003,-46.660722625000005,,,,2,2023-06-16T04:05:22+00:00
SAO_9301-10,São Paulo,3550308,True,,33226,,,-23.495852,-46.6619745,,,,2,2023-06-16T04:05:46+00:00
SAO_9301-10,São Paulo,3550308,True,,33226,,,-23.5396335,-46.640001500000004,,,,2,2023-06-16T04:05:43+00:00
SAO_9181-10,São Paulo,3550308,True,,885,,,-23.457559,-46.6963325,,,,1,2023-06-16T04:05:57+00:00
SAO_9181-10,São Paulo,3550308,True,,885,,,-23.480950874999998,-46.68658275,,,,1,2023-06-16T04:05:57+00:00
SAO_6076-10,São Paulo,3550308,True,,33933,,,-23.6628155,-46.707258625,,,,2,2023-06-16T04:05:43+00:00
SAO_6076-10,São Paulo,3550308,True,,33933,,,-23.7087255,-46.6999,,,,2,2023-06-16T04:06:03+00:00
SAO_8000-1,São Paulo,3550308,True,,2506,,,-23.547683499999998,-46.6411495,,,,1,2023-06-16T04:05:41+00:00
SAO_8000-1,São Paulo,3550308,True,,2506,,,-23.5256045,-46.681706500000004,,,,1,2023-06-16T04:05:34+00:00
SAO_8000-1,São Paulo,3550308,True,,2506,,,-23.520449499999998,-46.6996115,,,,1,2023-06-16T04:05:33+00:00
SAO_8686-10,São Paulo,3550308,True,,33214,,,-23.5185845,-46.7026815,,,,2,2023-06-16T04:05:17+00:00
SAO_128Y-10,São Paulo,3550308,True,,33611,,,-23.453947499999998,-46.669285,,,,2,2023-06-16T04:05:31+00:00
SAO_128Y-10,São Paulo,3550308,True,,33611,,,-23.489071000000003,-46.654347,,,,2,2023-06-16T04:05:39+00:00
SAO_128Y-10,São Paulo,3550308,True,,33611,,,-23.457234,-46.673289,,,,2,2023-06-16T04:05:55+00:00
SAO_128Y-10,São Paulo,3550308,True,,33611,,,-23.515383,-46.697423,,,,2,2023-06-16T04:05:56+00:00
SAO_1018-10,São Paulo,3550308,True,,33600,,,-23.460760999999998,-46.629538499999995,,,,2,2023-06-16T04:05:17+00:00
SAO_8026-10,São Paulo,3550308,True,,2083,,,-23.59181125,-46.73579,,,,1,2023-06-16T04:05:29+00:00
SAO_8026-10,São Paulo,3550308,True,,2083,,,-23.630483499999997,-46.746962999999994,,,,1,2023-06-16T04:05:35+00:00
SAO_9354-10,São Paulo,3550308,True,,708,,,-23.495371749999997,-46.658184750000004,,,,1,2023-06-16T04:05:56+00:00
SAO_9354-10,São Paulo,3550308,True,,708,,,-23.53930075,-46.640458,,,,1,2023-06-16T04:05:34+00:00
SAO_9354-10,São Paulo,3550308,True,,708,,,-23.474202,-46.669375,,,,1,2023-06-16T04:05:53+00:00
SAO_9354-10,São Paulo,3550308,True,,708,,,-23.474202,-46.669375,,,,1,2023-06-16T04:05:32+00:00
SAO_513C-10,São Paulo,3550308,True,,35303,,,-23.606419000000002,-46.5629485,,,,2,2023-06-16T04:05:36+00:00
SAO_513C-10,São Paulo,3550308,True,,35303,,,-23.612184499999998,-46.482907499999996,,,,2,2023-06-16T04:05:42+00:00
SAO_6804-10,São Paulo,3550308,True,BR7 Mobilidade,30,https://moovitapp.com/index/pt-br/transporte_p%C3%BAblico-line-30-Sao_Paulo-242-851856-500112-0,5.75,-23.6389785,-46.7497535,,,,1,2023-06-16T04:05:52+00:00
SAO_4028-10,São Paulo,3550308,True,,1098,,,-23.610713,-46.476423624999995,,,,1,2023-06-16T04:05:41+00:00
SAO_4028-10,São Paulo,3550308,True,,1098,,,-23.641896000000003,-46.4389945,,,,1,2023-06-16T04:05:47+00:00
SAO_4028-10,São Paulo,3550308,True,,1098,,,-23.630158,-46.450599999999994,,,,1,2023-06-16T04:05:45+00:00
SAO_3725-41,São Paulo,3550308,True,,1531,,,-23.5369745,-46.53738875,,,,1,2023-06-16T04:05:40+00:00
SAO_3725-41,São Paulo,3550308,True,,1531,,,-23.5325795,-46.531303,,,,1,2023-06-16T04:05:55+00:00
SAO_8538-10,São Paulo,3550308,True,,1359,,,-23.4786145,-46.707113500000006,,,,1,2023-06-16T04:06:00+00:00
SAO_8538-10,São Paulo,3550308,True,,1359,,,-23.489406,-46.703278499999996,,,,1,2023-06-16T04:05:36+00:00
SAO_809D-10,São Paulo,3550308,True,,34836,,,-23.586962,-46.7619595,,,,2,2023-06-16T04:05:40+00:00
SAO_809D-10,São Paulo,3550308,True,,34836,,,-23.59538525,-46.77699275,,,,2,2023-06-16T04:05:24+00:00
SAO_809D-10,São Paulo,3550308,True,,34836,,,-23.603028000000002,-46.7815375,,,,2,2023-06-16T04:05:28+00:00
SAO_4008-21,São Paulo,3550308,True,,2527,,,-23.579354000000002,-46.4323725,,,,1,2023-06-16T04:05:37+00:00
SAO_8050-31,São Paulo,3550308,True,EMTU,415,https://moovitapp.com/index/pt-br/transporte_p%C3%BAblico-line-415-Sao_Paulo-242-2038937-36419472-0,5.0,-23.508308999999997,-46.741544875,,,,1,2023-06-16T04:05:37+00:00
SAO_8013-41,São Paulo,3550308,True,,2011,,,-23.432446499999998,-46.787048,,,,1,2023-06-16T04:05:43+00:00
SAO_8013-41,São Paulo,3550308,True,,2011,,,-23.4284395,-46.799159,,,,1,2023-06-16T04:05:43+00:00
SAO_9051-10,São Paulo,3550308,True,,2089,,,-23.565896,-46.7011235,,,,1,2023-06-16T04:05:26+00:00
SAO_9051-10,São Paulo,3550308,True,,2089,,,-23.5658305,-46.701625500000006,,,,1,2023-06-16T04:05:33+00:00
SAO_9051-10,São Paulo,3550308,True,,2089,,,-23.550664750000003,-46.707119500000005,,,,1,2023-06-16T04:05:33+00:00
SAO_3112-10,São Paulo,3550308,True,,33848,,,-23.546174249999996,-46.593286125000006,,,,2,2023-06-16T04:05:55+00:00
SAO_3112-10,São Paulo,3550308,True,,33848,,,-23.606333,-46.5275185,,,,2,2023-06-16T04:05:35+00:00
SAO_3112-10,São Paulo,3550308,True,,33848,,,-23.5602375,-46.599753,,,,2,2023-06-16T04:05:58+00:00
SAO_3112-10,São Paulo,3550308,True,,33848,,,-23.58161475,-46.55359825,,,,2,2023-06-16T04:05:27+00:00
SAO_172X-10,São Paulo,3550308,True,,33629,,,-23.516788,-46.5676735,,,,2,2023-06-16T04:05:47+00:00
SAO_172X-10,São Paulo,3550308,True,,33629,,,-23.534317,-46.565456125,,,,2,2023-06-16T04:05:22+00:00
SAO_172X-10,São Paulo,3550308,True,,33629,,,-23.5263965,-46.56380325,,,,2,2023-06-16T04:02:41+00:00
SAO_172X-10,São Paulo,3550308,True,,33629,,,-23.5043195,-46.56510075,,,,2,2023-06-16T04:03:02+00:00
SAO_172X-10,São Paulo,3550308,True,,33629,,,-23.50426375,-46.565462249999996,,,,2,2023-06-16T04:05:33+00:00
SAO_6835-10,São Paulo,3550308,True,BR7 Mobilidade,12,https://moovitapp.com/index/pt-br/transporte_p%C3%BAblico-line-12-Sao_Paulo-242-851856-542340-0,5.75,-23.6879515,-46.800591,,,,1,2023-06-16T04:05:47+00:00
SAO_6835-10,São Paulo,3550308,True,BR7 Mobilidade,12,https://moovitapp.com/index/pt-br/transporte_p%C3%BAblico-line-12-Sao_Paulo-242-851856-542340-0,5.75,-23.675608,-46.7739805,,,,1,2023-06-16T04:05:44+00:00
SAO_3013-10,São Paulo,3550308,True,,954,,,-23.593455,-46.412139249999996,,,,1,2023-06-16T04:05:54+00:00
SAO_5020-10,São Paulo,3550308,True,,34438,,,-23.603029999999997,-46.6025805,,,,2,2023-06-16T04:05:41+00:00
SAO_5020-10,São Paulo,3550308,True,,34438,,,-23.6102245,-46.59347325,,,,2,2023-06-16T04:05:55+00:00
SAO_425E-10,São Paulo,3550308,True,,34404,,,-23.6139655,-46.5015435,,,,2,2023-06-16T04:05:46+00:00
SAO_1771-10,São Paulo,3550308,True,,33402,,,-23.4934365,-46.6230665,,,,2,2023-06-16T04:04:23+00:00
SAO_1771-10,São Paulo,3550308,True,,33402,,,-23.4308,-46.5751545,,,,2,2023-06-16T04:05:51+00:00
SAO_4036-10,São Paulo,3550308,True,,35329,,,-23.5426155,-46.469937,,,,2,2023-06-16T04:05:58+00:00
SAO_4036-10,São Paulo,3550308,True,,35329,,,-23.55713875,-46.47297575,,,,2,2023-06-16T04:06:03+00:00
SAO_1015-10,São Paulo,3550308,True,,34998,,,-23.412129999999998,-46.8134105,,,,2,2023-06-16T04:05:56+00:00
SAO_8544-10,São Paulo,3550308,True,EMTU,430,https://moovitapp.com/index/pt-br/transporte_p%C3%BAblico-line-430-Sao_Paulo-242-2038937-36584270-0,5.2,-23.4530415,-46.737204,,,,1,2023-06-16T04:05:09+00:00
SAO_8544-10,São Paulo,3550308,True,EMTU,430,https://moovitapp.com/index/pt-br/transporte_p%C3%BAblico-line-430-Sao_Paulo-242-2038937-36584270-0,5.2,-23.51807025,-46.68005875,,,,1,2023-06-16T04:05:41+00:00
SAO_8032-10,São Paulo,3550308,True,,35313,,,-23.5521015,-46.730171999999996,,,,2,2023-06-16T04:05:25+00:00
SAO_8032-10,São Paulo,3550308,True,,35313,,,-23.5714945,-46.708181499999995,,,,2,2023-06-16T04:05:48+00:00
SAO_390E-10,São Paulo,3550308,True,,34650,,,-23.532722,-46.562822,,,,2,2023-06-16T04:05:29+00:00
SAO_917M-10,São Paulo,3550308,True,,34134,,,-23.488545,-46.697462,,,,2,2023-06-16T04:05:29+00:00
SAO_917M-10,São Paulo,3550308,True,,34134,,,-23.583523999999997,-46.637173250000004,,,,2,2023-06-16T04:05:34+00:00
SAO_917M-10,São Paulo,3550308,True,,34134,,,-23.563745562500003,-46.653633375,,,,2,2023-06-16T04:05:25+00:00
SAO_917M-10,São Paulo,3550308,True,,34134,,,-23.499425374999998,-46.69436412500001,,,,2,2023-06-16T04:05:19+00:00
SAO_917M-10,São Paulo,3550308,True,,34134,,,-23.546459499999997,-46.670255999999995,,,,2,2023-06-16T04:05:30+00:00
SAO_5107-10,São Paulo,3550308,True,,34427,,,-23.552891000000002,-46.6273825,,,,2,2023-06-16T04:05:44+00:00
SAO_5107-10,São Paulo,3550308,True,,34427,,,-23.601609,-46.600950499999996,,,,2,2023-06-16T04:05:58+00:00
SAO_647A-10,São Paulo,3550308,True,,34083,,,-23.570447,-46.691294,,,,2,2023-06-16T04:05:40+00:00
SAO_647A-10,São Paulo,3550308,True,,34083,,,-23.688152000000002,-46.800449,,,,2,2023-06-16T04:05:51+00:00
SAO_647A-10,São Paulo,3550308,True,,34083,,,-23.665974,-46.771114499999996,,,,2,2023-06-16T04:05:20+00:00
SAO_647A-10,São Paulo,3550308,True,,34083,,,-23.6945445,-46.794182,,,,2,2023-06-16T04:05:33+00:00
SAO_877T-10,São Paulo,3550308,True,,1381,,,-23.5753485,-46.6419635,,,,1,2023-06-16T04:05:35+00:00
SAO_877T-10,São Paulo,3550308,True,,1381,,,-23.545858,-46.657773000000006,,,,1,2023-06-16T04:05:39+00:00
SAO_8000-1,São Paulo,3550308,True,,35274,,,-23.5231135,-46.687495375,,,,2,2023-06-16T04:05:52+00:00
SAO_8000-1,São Paulo,3550308,True,,35274,,,-23.52087225,-46.70017,,,,2,2023-06-16T04:05:26+00:00
SAO_8000-1,São Paulo,3550308,True,,35274,,,-23.520992749999998,-46.699836,,,,2,2023-06-16T04:05:40+00:00
SAO_8000-1,São Paulo,3550308,True,,35274,,,-23.527727249999998,-46.671215,,,,2,2023-06-16T04:05:46+00:00
SAO_8047-10,São Paulo,3550308,True,,33176,,,-23.447454999999998,-46.744018,,,,2,2023-06-16T04:05:29+00:00
SAO_8047-10,São Paulo,3550308,True,,33176,,,-23.434162999999998,-46.754868,,,,2,2023-06-16T04:05:17+00:00
SAO_8047-10,São Paulo,3550308,True,,33176,,,-23.515833375,-46.713004218749994,,,,2,2023-06-16T04:05:39+00:00
SAO_8047-10,São Paulo,3550308,True,,33176,,,-23.434004,-46.754952,,,,2,2023-06-16T04:06:01+00:00
SAO_8047-10,São Paulo,3550308,True,,33176,,,-23.519648500000002,-46.701916,,,,2,2023-06-16T04:05:47+00:00
SAO_8047-10,São Paulo,3550308,True,,33176,,,-23.49483825,-46.755669,,,,2,2023-06-16T04:05:27+00:00
SAO_8075-21,São Paulo,3550308,True,,35305,,,-23.592721,-46.734862500000006,,,,2,2023-06-16T04:06:02+00:00
SAO_4055-10,São Paulo,3550308,True,,35215,,,-23.543039,-46.4166915,,,,2,2023-06-16T04:01:20+00:00
SAO_4056-10,São Paulo,3550308,True,,35005,,,-23.603014375,-46.46057181249999,,,,2,2023-06-16T04:05:49+00:00
SAO_4056-10,São Paulo,3550308,True,,35005,,,-23.612665,-46.476373499999994,,,,2,2023-06-16T04:05:58+00:00
SAO_1036-10,São Paulo,3550308,True,,35221,,,-23.462889,-46.714138500000004,,,,2,2023-06-16T04:05:24+00:00
SAO_1036-10,São Paulo,3550308,True,,35221,,,-23.46345525,-46.7139275,,,,2,2023-06-16T04:05:53+00:00
SAO_1018-10,São Paulo,3550308,True,,832,,,-23.487686875,-46.622178125000005,,,,1,2023-06-16T04:05:52+00:00
SAO_1018-10,São Paulo,3550308,True,,832,,,-23.4553075,-46.62960724999999,,,,1,2023-06-16T04:06:03+00:00
SAO_6817-10,São Paulo,3550308,True,,32795,,,-23.67105,-46.772944499999994,,,,2,2023-06-16T04:06:03+00:00
SAO_9015-10,São Paulo,3550308,True,,34037,,,-23.484941499999998,-46.71079,,,,2,2023-06-16T04:05:40+00:00
SAO_9015-10,São Paulo,3550308,True,,34037,,,-23.4697465,-46.71376,,,,2,2023-06-16T04:05:46+00:00
SAO_3539-10,São Paulo,3550308,True,,748,,,-23.5960245,-46.4362195,,,,1,2023-06-16T04:05:49+00:00
SAO_3539-10,São Paulo,3550308,True,,748,,,-23.551655500000003,-46.46268225,,,,1,2023-06-16T04:05:41+00:00
SAO_938L-10,São Paulo,3550308,True,,34136,,,-23.484948,-46.6801835,,,,2,2023-06-16T04:05:53+00:00
SAO_938L-10,São Paulo,3550308,True,,34136,,,-23.517713999999998,-46.7031655,,,,2,2023-06-16T04:05:34+00:00
SAO_7002-10,São Paulo,3550308,True,,772,,,-23.594787,-46.765712,,,,1,2023-06-16T04:05:52+00:00
SAO_7002-10,São Paulo,3550308,True,,772,,,-23.5727345,-46.709809500000006,,,,1,2023-06-16T04:05:49+00:00
SAO_7002-10,São Paulo,3550308,True,,772,,,-23.58658225,-46.751681,,,,1,2023-06-16T04:06:00+00:00
SAO_877T-10,São Paulo,3550308,True,,34149,,,-23.5366935,-46.650225750000004,,,,2,2023-06-16T04:05:54+00:00
SAO_877T-10,São Paulo,3550308,True,,34149,,,-23.51331475,-46.72147137500001,,,,2,2023-06-16T04:05:39+00:00
SAO_877T-10,São Paulo,3550308,True,,34149,,,-23.51331475,-46.72147137500001,,,,2,2023-06-16T04:05:33+00:00
SAO_5185-10,São Paulo,3550308,True,,1308,,,-23.556557,-46.640041,,,,1,2023-06-16T04:06:03+00:00
SAO_5185-10,São Paulo,3550308,True,,1308,,,-23.62491625,-46.661489,,,,1,2023-06-16T04:05:52+00:00
SAO_5109-10,São Paulo,3550308,True,,1851,,,-23.579988,-46.599697500000005,,,,1,2023-06-16T04:05:57+00:00
SAO_809N-10,São Paulo,3550308,True,,35012,,,-23.5688545,-46.7650485,,,,2,2023-06-16T04:05:31+00:00
SAO_809N-10,São Paulo,3550308,True,,35012,,,-23.5378215,-46.726366999999996,,,,2,2023-06-16T04:05:33+00:00
SAO_3462-10,São Paulo,3550308,True,,33015,,,-23.53439275,-46.468106500000005,,,,2,2023-06-16T04:05:42+00:00
SAO_3462-10,São Paulo,3550308,True,,33015,,,-23.527414,-46.4551295,,,,2,2023-06-16T04:05:45+00:00
SAO_3462-10,São Paulo,3550308,True,,33015,,,-23.528205749999998,-46.4548745,,,,2,2023-06-16T04:05:36+00:00
SAO_8545-10,São Paulo,3550308,True,,34132,,,-23.464785,-46.6959285,,,,2,2023-06-16T04:05:52+00:00
SAO_8545-10,São Paulo,3550308,True,,34132,,,-23.472202000000003,-46.6830555,,,,2,2023-06-16T04:05:54+00:00
SAO_8545-10,São Paulo,3550308,True,,34132,,,-23.4648145,-46.6961405,,,,2,2023-06-16T04:05:48+00:00
SAO_1773-10,São Paulo,3550308,True,,33405,,,-23.4502035,-46.590143,,,,2,2023-06-16T04:05:36+00:00
SAO_1773-10,São Paulo,3550308,True,,33405,,,-23.4821475,-46.6301225,,,,2,2023-06-16T04:05:39+00:00
SAO_1773-10,São Paulo,3550308,True,,33405,,,-23.465797000000002,-46.60505,,,,2,2023-06-16T04:05:57+00:00
SAO_297A-10,São Paulo,3550308,True,,2133,,,-23.5171695,-46.6792285,,,,1,2023-06-16T04:06:00+00:00
SAO_2720-31,São Paulo,3550308,True,,34610,,,-23.5211745,-46.5159335,,,,2,2023-06-16T04:06:00+00:00
SAO_271F-10,São Paulo,3550308,True,,33451,,,-23.53452075,-46.617343500000004,,,,2,2023-06-16T04:05:43+00:00
SAO_3795-10,São Paulo,3550308,True,,1073,,,-23.5594945,-46.4119435,,,,1,2023-06-16T04:05:40+00:00
SAO_3795-10,São Paulo,3550308,True,,1073,,,-23.55833075,-46.44061075,,,,1,2023-06-16T04:03:39+00:00
SAO_8600-10,São Paulo,3550308,True,,1432,,,-23.4826295,-46.717551,,,,1,2023-06-16T04:05:44+00:00
SAO_8600-10,São Paulo,3550308,True,,1432,,,-23.522335125,-46.6619535,,,,1,2023-06-16T04:05:34+00:00
SAO_8600-10,São Paulo,3550308,True,,1432,,,-23.5429835,-46.6376015,,,,1,2023-06-16T04:05:56+00:00
SAO_8600-10,São Paulo,3550308,True,,1432,,,-23.5176655,-46.68105725,,,,1,2023-06-16T04:05:33+00:00
SAO_6L01-10,São Paulo,3550308,True,,33939,,,-23.7931755,-46.7289665,,,,2,2023-06-16T04:06:01+00:00
SAO_6L01-10,São Paulo,3550308,True,,33939,,,-23.90679,-46.708217000000005,,,,2,2023-06-16T04:05:50+00:00
SAO_6L01-10,São Paulo,3550308,True,,33939,,,-23.896531500000002,-46.7321705,,,,2,2023-06-16T04:03:35+00:00
SAO_6L01-10,São Paulo,3550308,True,,33939,,,-23.843864,-46.7435405,,,,2,2023-06-16T04:05:21+00:00
SAO_809U-21,São Paulo,3550308,True,,35075,,,-23.5266685,-46.6673215,,,,2,2023-06-16T04:05:50+00:00
SAO_809U-21,São Paulo,3550308,True,,35075,,,-23.534921750000002,-46.6882815,,,,2,2023-06-16T04:06:01+00:00
SAO_809U-21,São Paulo,3550308,True,,35075,,,-23.526614000000002,-46.668097,,,,2,2023-06-16T04:05:56+00:00
SAO_809U-21,São Paulo,3550308,True,,35075,,,-23.547126499999997,-46.690053000000006,,,,2,2023-06-16T04:05:56+00:00
SAO_6835-10,São Paulo,3550308,True,,32780,,,-23.680269,-46.780572,,,,2,2023-06-16T04:06:02+00:00
SAO_6824-10,São Paulo,3550308,True,BR7 Mobilidade,23,https://moovitapp.com/index/pt-br/transporte_p%C3%BAblico-line-23-Sao_Paulo-242-851856-518590-0,5.75,-23.660007875,-46.772695,,,,1,2023-06-16T04:05:51+00:00
SAO_1760-10,São Paulo,3550308,True,EMTU,557,https://moovitapp.com/index/pt-br/transporte_p%C3%BAblico-line-557-Sao_Paulo-242-2038937-36419558-0,6.2,-23.4646295,-46.6566815,,,,1,2023-06-16T04:05:52+00:00
SAO_1760-10,São Paulo,3550308,True,EMTU,557,https://moovitapp.com/index/pt-br/transporte_p%C3%BAblico-line-557-Sao_Paulo-242-2038937-36419558-0,6.2,-23.499353499999998,-46.6256055,,,,1,2023-06-16T04:05:46+00:00
SAO_314J-10,São Paulo,3550308,True,,33078,,,-23.582194875,-46.59092,,,,2,2023-06-16T04:05:58+00:00
SAO_314J-10,São Paulo,3550308,True,,33078,,,-23.5546450625,-46.6343025625,,,,2,2023-06-16T04:05:20+00:00
SAO_314J-10,São Paulo,3550308,True,,33078,,,-23.60308325,-46.52735025,,,,2,2023-06-16T04:05:48+00:00
SAO_6092-10,São Paulo,3550308,True,,1177,,,-23.736617,-46.696708,,,,1,2023-06-16T04:05:58+00:00
SAO_6092-10,São Paulo,3550308,True,,1177,,,-23.7682555,-46.689914,,,,1,2023-06-16T04:06:03+00:00
SAO_8542-21,São Paulo,3550308,True,,1361,,,-23.46781,-46.691037,,,,1,2023-06-16T04:06:01+00:00
SAO_8542-21,São Paulo,3550308,True,,1361,,,-23.4735895,-46.7026745,,,,1,2023-06-16T04:05:51+00:00
SAO_8542-21,São Paulo,3550308,True,,1361,,,-23.4709005,-46.70143375,,,,1,2023-06-16T04:05:38+00:00
SAO_6258-31,São Paulo,3550308,True,,34551,,,-23.677242999999997,-46.748162,,,,2,2023-06-16T04:05:45+00:00
SAO_6806-10,São Paulo,3550308,True,,32800,,,-23.633952,-46.757903,,,,2,2023-06-16T04:05:50+00:00
SAO_6806-10,São Paulo,3550308,True,,32800,,,-23.6423755,-46.73871,,,,2,2023-06-16T04:05:41+00:00
SAO_6053-10,São Paulo,3550308,True,,1145,,,-23.751072,-46.688243,,,,1,2023-06-16T04:06:03+00:00
SAO_1730-10,São Paulo,3550308,True,,865,,,-23.518017,-46.6195765,,,,1,2023-06-16T04:05:37+00:00
SAO_1730-10,São Paulo,3550308,True,,865,,,-23.515809499999996,-46.6162245,,,,1,2023-06-16T04:05:44+00:00
SAO_6076-41,São Paulo,3550308,True,,1986,,,-23.718534,-46.697025,,,,1,2023-06-16T04:05:23+00:00
SAO_6076-41,São Paulo,3550308,True,,1986,,,-23.654322,-46.712858499999996,,,,1,2023-06-16T04:05:46+00:00
SAO_6826-10,São Paulo,3550308,True,,32784,,,-23.6598085,-46.766954999999996,,,,2,2023-06-16T04:05:35+00:00
SAO_6826-10,São Paulo,3550308,True,,32784,,,-23.673772,-46.797123,,,,2,2023-06-16T04:05:41+00:00
SAO_9050-10,São Paulo,3550308,True,,34856,,,-23.519880999999998,-46.6997565,,,,2,2023-06-16T04:05:42+00:00
SAO_9050-10,São Paulo,3550308,True,,34856,,,-23.520992749999998,-46.699836,,,,2,2023-06-16T04:05:54+00:00
SAO_3024-10,São Paulo,3550308,True,,33045,,,-23.600323,-46.5372745,,,,2,2023-06-16T04:05:20+00:00
SAO_3024-10,São Paulo,3550308,True,,33045,,,-23.609526,-46.529048,,,,2,2023-06-16T04:05:51+00:00
SAO_4725-10,São Paulo,3550308,True,,338,,,-23.6176715,-46.618198250000006,,,,1,2023-06-16T04:05:24+00:00
SAO_407I-10,São Paulo,3550308,True,,2222,,,-23.544658000000002,-46.594963750000005,,,,1,2023-06-16T04:05:28+00:00
SAO_407I-10,São Paulo,3550308,True,,2222,,,-23.550194,-46.509887,,,,1,2023-06-16T04:05:46+00:00
SAO_675N-10,São Paulo,3550308,True,,33130,,,-23.624147999999998,-46.700179000000006,,,,2,2023-06-16T04:05:35+00:00
SAO_675N-10,São Paulo,3550308,True,,33130,,,-23.598508,-46.6821935,,,,2,2023-06-16T04:05:40+00:00
SAO_675N-10,São Paulo,3550308,True,,33130,,,-23.601544124999997,-46.6604005,,,,2,2023-06-16T04:05:50+00:00
SAO_675N-10,São Paulo,3550308,True,,33130,,,-23.654726750000002,-46.7144475,,,,2,2023-06-16T04:05:36+00:00
SAO_4011-10,São Paulo,3550308,True,,2184,,,-23.60342,-46.4301235,,,,1,2023-06-16T04:05:27+00:00
SAO_4011-10,São Paulo,3550308,True,,2184,,,-23.622194,-46.413724,,,,1,2023-06-16T04:03:54+00:00
SAO_4011-10,São Paulo,3550308,True,,2184,,,-23.616664749999998,-46.42251225,,,,1,2023-06-16T04:05:45+00:00
SAO_4011-10,São Paulo,3550308,True,,2184,,,-23.599030749999997,-46.4691375,,,,1,2023-06-16T04:05:41+00:00
SAO_1786-10,São Paulo,3550308,True,,33417,,,-23.5024515,-46.62368,,,,2,2023-06-16T04:05:34+00:00
SAO_1786-10,São Paulo,3550308,True,,33417,,,-23.4505215,-46.608034,,,,2,2023-06-16T04:02:38+00:00
SAO_1786-10,São Paulo,3550308,True,,33417,,,-23.45368525,-46.607387,,,,2,2023-06-16T04:05:57+00:00
SAO_1786-10,São Paulo,3550308,True,,33417,,,-23.446623,-46.612751,,,,2,2023-06-16T04:06:00+00:00
SAO_5015-10,São Paulo,3550308,True,,33887,,,-23.679827875,-46.640767124999996,,,,2,2023-06-16T04:06:01+00:00
SAO_5015-10,São Paulo,3550308,True,,33887,,,-23.691779,-46.65973,,,,2,2023-06-16T04:05:58+00:00
SAO_5015-10,São Paulo,3550308,True,,33887,,,-23.6473075,-46.6389825,,,,2,2023-06-16T04:05:40+00:00
SAO_1025-10,São Paulo,3550308,True,,2303,,,-23.457571,-46.703492,,,,1,2023-06-16T04:05:59+00:00
SAO_737A-10,São Paulo,3550308,True,,1730,,,-23.6873875,-46.771598,,,,1,2023-06-16T04:05:22+00:00
SAO_737A-10,São Paulo,3550308,True,,1730,,,-23.670257,-46.738209499999996,,,,1,2023-06-16T04:05:56+00:00
SAO_4718-10,São Paulo,3550308,True,EMTU,336,https://moovitapp.com/index/pt-br/transporte_p%C3%BAblico-line-336-Sao_Paulo-242-2038937-36419421-0,4.8,-23.657176,-46.613479999999996,,,,1,2023-06-16T04:05:32+00:00
SAO_2009-10,São Paulo,3550308,True,,33666,,,-23.515713249999997,-46.414143249999995,,,,2,2023-06-16T04:05:53+00:00
SAO_2009-10,São Paulo,3550308,True,,33666,,,-23.542068,-46.415377500000005,,,,2,2023-06-16T04:06:00+00:00
SAO_4008-10,São Paulo,3550308,True,,34950,,,-23.5770615,-46.4527335,,,,2,2023-06-16T04:04:52+00:00
SAO_4008-10,São Paulo,3550308,True,,34950,,,-23.5580685,-46.5228605,,,,2,2023-06-16T04:05:51+00:00
SAO_4008-10,São Paulo,3550308,True,,34950,,,-23.5821525,-46.4907635,,,,2,2023-06-16T04:05:41+00:00
SAO_4008-10,São Paulo,3550308,True,,34950,,,-23.577126999999997,-46.43735,,,,2,2023-06-16T04:05:18+00:00
SAO_3785-10,São Paulo,3550308,True,,1063,,,-23.591207,-46.394471,,,,1,2023-06-16T04:05:41+00:00
SAO_3785-10,São Paulo,3550308,True,,1063,,,-23.595953,-46.4364655,,,,1,2023-06-16T04:05:42+00:00
SAO_3785-10,São Paulo,3550308,True,,1063,,,-23.54552075,-46.4688205,,,,1,2023-06-16T04:05:56+00:00
SAO_3785-10,São Paulo,3550308,True,,1063,,,-23.563545,-46.446155,,,,1,2023-06-16T04:05:44+00:00
SAO_3785-10,São Paulo,3550308,True,,1063,,,-23.594618,-46.443891,,,,1,2023-06-16T04:05:29+00:00
SAO_2715-10,São Paulo,3550308,True,,928,,,-23.5305685,-46.501547,,,,1,2023-06-16T04:06:00+00:00
SAO_2715-10,São Paulo,3550308,True,,928,,,-23.502686750000002,-46.502819,,,,1,2023-06-16T04:05:36+00:00
SAO_6115-41,São Paulo,3550308,True,,35009,,,-23.746615,-46.662036,,,,2,2023-06-16T04:05:51+00:00
SAO_2028-10,São Paulo,3550308,True,,35031,,,-23.436342,-46.576679,,,,2,2023-06-16T04:05:31+00:00
SAO_2028-10,São Paulo,3550308,True,,35031,,,-23.434341,-46.571740000000005,,,,2,2023-06-16T04:05:29+00:00
SAO_2028-10,São Paulo,3550308,True,,35031,,,-23.4807045,-46.60357325,,,,2,2023-06-16T04:05:59+00:00
SAO_5652-10,São Paulo,3550308,True,STT,274,https://moovitapp.com/index/pt-br/transporte_p%C3%BAblico-line-274-Sao_Paulo-242-850661-183274-0,5.3,-23.703607499999997,-46.6881495,,,,1,2023-06-16T04:05:47+00:00
SAO_5652-10,São Paulo,3550308,True,STT,274,https://moovitapp.com/index/pt-br/transporte_p%C3%BAblico-line-274-Sao_Paulo-242-850661-183274-0,5.3,-23.625232750000002,-46.661469,,,,1,2023-06-16T04:05:58+00:00
SAO_6805-31,São Paulo,3550308,True,,1788,,,-23.659572500000003,-46.7397625,,,,1,2023-06-16T04:05:42+00:00
SAO_6072-10,São Paulo,3550308,True,,1588,,,-23.7989515,-46.709995,,,,1,2023-06-16T04:05:51+00:00
SAO_6072-10,São Paulo,3550308,True,,1588,,,-23.824352500000003,-46.707537,,,,1,2023-06-16T04:05:39+00:00
SAO_6072-10,São Paulo,3550308,True,,1588,,,-23.827404,-46.697334,,,,1,2023-06-16T04:05:51+00:00
SAO_2201-10,São Paulo,3550308,True,,909,,,-23.532773499999998,-46.394621,,,,1,2023-06-16T04:05:25+00:00
SAO_2201-10,São Paulo,3550308,True,,909,,,-23.533308999999996,-46.394459999999995,,,,1,2023-06-16T04:05:23+00:00
SAO_407K-10,São Paulo,3550308,True,,34936,,,-23.613538,-46.476616,,,,2,2023-06-16T04:05:58+00:00
SAO_407W-10,São Paulo,3550308,True,,34972,,,-23.5721435,-46.535728187500006,,,,2,2023-06-16T04:04:06+00:00
SAO_7053-22,São Paulo,3550308,True,,34664,,,-23.645042500000002,-46.789187999999996,,,,2,2023-06-16T03:59:59+00:00
SAO_6816-31,São Paulo,3550308,True,,1748,,,-23.653882,-46.770134,,,,1,2023-06-16T04:05:43+00:00
SAO_6816-31,São Paulo,3550308,True,,1748,,,-23.653454,-46.776790500000004,,,,1,2023-06-16T04:05:45+00:00
SAO_6816-31,São Paulo,3550308,True,,1748,,,-23.653212,-46.7764515,,,,1,2023-06-16T04:05:24+00:00
SAO_2002-10,São Paulo,3550308,True,STT,711,https://moovitapp.com/index/pt-br/transporte_p%C3%BAblico-line-711-Sao_Paulo-242-850661-183340-0,5.3,-23.550061,-46.6314055,,,,1,2023-06-16T04:05:30+00:00
SAO_978L-10,São Paulo,3550308,True,,33234,,,-23.5342175,-46.64499075,,,,2,2023-06-16T04:05:50+00:00
SAO_373M-10,São Paulo,3550308,True,EMTU,281,https://moovitapp.com/index/pt-br/transporte_p%C3%BAblico-line-281-Sao_Paulo-242-2038937-36419383-0,6.25,-23.581295,-46.585907500000005,,,,1,2023-06-16T04:05:54+00:00
SAO_675I-10,São Paulo,3550308,True,BR7 Mobilidade,68,https://moovitapp.com/index/pt-br/transporte_p%C3%BAblico-line-68-Sao_Paulo-242-851856-560661-0,5.75,-23.62263,-46.646614,,,,1,2023-06-16T04:05:41+00:00
SAO_675I-10,São Paulo,3550308,True,BR7 Mobilidade,68,https://moovitapp.com/index/pt-br/transporte_p%C3%BAblico-line-68-Sao_Paulo-242-851856-560661-0,5.75,-23.629136,-46.689274624999996,,,,1,2023-06-16T04:05:43+00:00
SAO_675I-10,São Paulo,3550308,True,BR7 Mobilidade,68,https://moovitapp.com/index/pt-br/transporte_p%C3%BAblico-line-68-Sao_Paulo-242-851856-560661-0,5.75,-23.643719,-46.733278999999996,,,,1,2023-06-16T04:05:24+00:00
SAO_2019-10,São Paulo,3550308,True,,905,,,-23.525548,-46.5045945,,,,1,2023-06-16T04:05:26+00:00
SAO_2019-10,São Paulo,3550308,True,,905,,,-23.522169499999997,-46.540133499999996,,,,1,2023-06-16T04:05:26+00:00
SAO_6092-10,São Paulo,3550308,True,,33945,,,-23.7379235,-46.6925615,,,,2,2023-06-16T04:05:30+00:00
SAO_6092-10,São Paulo,3550308,True,,33945,,,-23.737876,-46.697753500000005,,,,2,2023-06-16T04:05:59+00:00
SAO_1034-10,São Paulo,3550308,True,,2452,,,-23.4703715,-46.705649,,,,1,2023-06-16T04:05:31+00:00
SAO_2711-10,São Paulo,3550308,True,,925,,,-23.5259335,-46.499377499999994,,,,1,2023-06-16T04:05:43+00:00
SAO_2711-10,São Paulo,3550308,True,,925,,,-23.50848075,-46.491305999999994,,,,1,2023-06-16T04:05:27+00:00
SAO_273F-10,São Paulo,3550308,True,,159,,,-23.5427865,-46.470943500000004,,,,1,2023-06-16T04:04:35+00:00
SAO_6063-42,São Paulo,3550308,True,,2002,,,-23.8172785,-46.67112,,,,1,2023-06-16T04:05:58+00:00
SAO_6063-42,São Paulo,3550308,True,,2002,,,-23.7676725,-46.7163155,,,,1,2023-06-16T04:05:31+00:00
SAO_9005-10,São Paulo,3550308,True,,33640,,,-23.449974,-46.68556675,,,,2,2023-06-16T04:05:33+00:00
SAO_9005-10,São Paulo,3550308,True,,33640,,,-23.4543195,-46.6936435,,,,2,2023-06-16T04:05:58+00:00
SAO_3033-10,São Paulo,3550308,True,,968,,,-23.548219500000002,-46.4082655,,,,1,2023-06-16T04:05:49+00:00
SAO_3033-10,São Paulo,3550308,True,,968,,,-23.61091,-46.4752325,,,,1,2023-06-16T04:06:02+00:00
SAO_3033-10,São Paulo,3550308,True,,968,,,-23.6107935,-46.4748,,,,1,2023-06-16T04:05:45+00:00
SAO_3033-10,São Paulo,3550308,True,,968,,,-23.5956925,-46.4346025,,,,1,2023-06-16T04:05:24+00:00
SAO_3033-10,São Paulo,3550308,True,,968,,,-23.5884725,-46.4151555,,,,1,2023-06-16T04:05:19+00:00
SAO_3033-10,São Paulo,3550308,True,,968,,,-23.610920999999998,-46.474592,,,,1,2023-06-16T04:06:01+00:00
SAO_3735-10,São Paulo,3550308,True,,33803,,,-23.5417935,-46.4841375,,,,2,2023-06-16T04:05:29+00:00
SAO_3735-10,São Paulo,3550308,True,,33803,,,-23.5449165,-46.500275,,,,2,2023-06-16T04:05:40+00:00
SAO_3735-10,São Paulo,3550308,True,,33803,,,-23.541323,-46.4845135,,,,2,2023-06-16T04:05:37+00:00
SAO_1758-10,São Paulo,3550308,True,EMTU,552,https://moovitapp.com/index/pt-br/transporte_p%C3%BAblico-line-552-Sao_Paulo-242-2038937-36419556-0,6.8,-23.5026995,-46.624219,,,,1,2023-06-16T04:05:42+00:00
SAO_1758-10,São Paulo,3550308,True,EMTU,552,https://moovitapp.com/index/pt-br/transporte_p%C3%BAblico-line-552-Sao_Paulo-242-2038937-36419556-0,6.8,-23.465017500000002,-46.633625,,,,1,2023-06-16T04:05:11+00:00
SAO_9006-10,São Paulo,3550308,True,,874,,,-23.467091500000002,-46.6891915,,,,1,2023-06-16T04:05:54+00:00
SAO_3009-10,São Paulo,3550308,True,,2526,,,-23.51245,-46.3965175,,,,1,2023-06-16T04:06:01+00:00
SAO_8016-10,São Paulo,3550308,True,,34114,,,-23.439175,-46.731582,,,,2,2023-06-16T04:05:51+00:00
SAO_8016-10,São Paulo,3550308,True,,34114,,,-23.475985,-46.7277905,,,,2,2023-06-16T04:06:00+00:00
SAO_9051-10,São Paulo,3550308,True,,34857,,,-23.5216755,-46.701507,,,,2,2023-06-16T04:05:40+00:00
SAO_3686-10,São Paulo,3550308,True,EMTU,166,https://moovitapp.com/index/pt-br/transporte_p%C3%BAblico-line-166-Sao_Paulo-242-2038937-36419307-0,7.8,-23.53682775,-46.49038375,,,,1,2023-06-16T04:05:13+00:00
SAO_3686-10,São Paulo,3550308,True,EMTU,166,https://moovitapp.com/index/pt-br/transporte_p%C3%BAblico-line-166-Sao_Paulo-242-2038937-36419307-0,7.8,-23.544821750000004,-46.595819,,,,1,2023-06-16T04:05:59+00:00
SAO_677A-10,São Paulo,3550308,True,,34007,,,-23.684307500000003,-46.770112749999996,,,,2,2023-06-16T04:06:01+00:00
SAO_677A-10,São Paulo,3550308,True,,34007,,,-23.689751,-46.773829500000005,,,,2,2023-06-16T04:05:44+00:00
SAO_677A-10,São Paulo,3550308,True,,34007,,,-23.595106625,-46.690497750000006,,,,2,2023-06-16T04:05:51+00:00
SAO_677A-10,São Paulo,3550308,True,,34007,,,-23.6903555,-46.7743995,,,,2,2023-06-16T04:05:38+00:00
SAO_1756-10,São Paulo,3550308,True,,547,,,-23.457787500000002,-46.6425785,,,,1,2023-06-16T04:05:31+00:00
SAO_1756-10,São Paulo,3550308,True,,547,,,-23.457787500000002,-46.6425785,,,,1,2023-06-16T04:05:40+00:00
SAO_1756-10,São Paulo,3550308,True,,547,,,-23.470599999999997,-46.649840999999995,,,,1,2023-06-16T04:05:54+00:00
SAO_1756-10,São Paulo,3550308,True,,547,,,-23.5027915,-46.6240325,,,,1,2023-06-16T04:05:44+00:00
SAO_1756-10,São Paulo,3550308,True,,547,,,-23.503036,-46.624043,,,,1,2023-06-16T04:05:28+00:00
SAO_5033-10,São Paulo,3550308,True,,1665,,,-23.628141499999998,-46.6136745,,,,1,2023-06-16T04:05:49+00:00
SAO_2201-10,São Paulo,3550308,True,,33677,,,-23.542969499999998,-46.4127405,,,,2,2023-06-16T04:05:45+00:00
SAO_2201-10,São Paulo,3550308,True,,33677,,,-23.533054999999997,-46.39453999999999,,,,2,2023-06-16T04:05:41+00:00
SAO_4112-10,São Paulo,3550308,True,,33535,,,-23.54337975,-46.643962,,,,2,2023-06-16T04:05:40+00:00
SAO_4112-10,São Paulo,3550308,True,,33535,,,-23.573479,-46.6244905,,,,2,2023-06-16T04:05:58+00:00
SAO_4112-10,São Paulo,3550308,True,,33535,,,-23.5805325,-46.625972000000004,,,,2,2023-06-16T04:05:52+00:00
SAO_6027-10,São Paulo,3550308,True,,32858,,,-23.723868,-46.670744,,,,2,2023-06-16T04:06:00+00:00
SAO_6027-10,São Paulo,3550308,True,,32858,,,-23.720677000000002,-46.672591499999996,,,,2,2023-06-16T04:05:55+00:00
SAO_6027-10,São Paulo,3550308,True,,32858,,,-23.705073,-46.702496499999995,,,,2,2023-06-16T04:05:43+00:00
SAO_6027-10,São Paulo,3550308,True,,32858,,,-23.72318425,-46.670979,,,,2,2023-06-16T04:05:23+00:00
SAO_4004-10,São Paulo,3550308,True,,2178,,,-23.586943750000003,-46.406622999999996,,,,1,2023-06-16T04:03:34+00:00
SAO_2702-10,São Paulo,3550308,True,,33682,,,-23.495196,-46.444438000000005,,,,2,2023-06-16T04:04:50+00:00
SAO_2702-10,São Paulo,3550308,True,,33682,,,-23.495196,-46.444438000000005,,,,2,2023-06-16T04:04:08+00:00
SAO_2702-10,São Paulo,3550308,True,,33682,,,-23.4953915,-46.444759000000005,,,,2,2023-06-16T04:06:02+00:00
SAO_5011-10,São Paulo,3550308,True,,1115,,,-23.654514,-46.7036375,,,,1,2023-06-16T04:05:35+00:00
SAO_5011-10,São Paulo,3550308,True,,1115,,,-23.69522,-46.653037499999996,,,,1,2023-06-16T04:05:05+00:00
SAO_5011-10,São Paulo,3550308,True,,1115,,,-23.6572775,-46.6992645,,,,1,2023-06-16T04:05:18+00:00
SAO_5011-10,São Paulo,3550308,True,,1115,,,-23.7102665,-46.6208535,,,,1,2023-06-16T04:01:13+00:00
SAO_775F-31,São Paulo,3550308,True,,2488,,,-23.60358225,-46.7122065,,,,1,2023-06-16T04:05:49+00:00
SAO_775F-31,São Paulo,3550308,True,,2488,,,-23.630609,-46.7364855,,,,1,2023-06-16T04:05:41+00:00
SAO_2025-10,São Paulo,3550308,True,,2267,,,-23.502817,-46.6238575,,,,1,2023-06-16T04:05:43+00:00
SAO_2025-10,São Paulo,3550308,True,,2267,,,-23.4751065,-46.592967,,,,1,2023-06-16T04:05:34+00:00
SAO_1705-10,São Paulo,3550308,True,,849,,,-23.464100000000002,-46.59585,,,,1,2023-06-16T04:05:27+00:00
SAO_1705-10,São Paulo,3550308,True,,849,,,-23.442104999999998,-46.5884335,,,,1,2023-06-16T04:05:35+00:00
SAO_1705-10,São Paulo,3550308,True,,849,,,-23.44363225,-46.587055500000005,,,,1,2023-06-16T04:05:58+00:00
SAO_1705-10,São Paulo,3550308,True,,849,,,-23.434117999999998,-46.5843315,,,,1,2023-06-16T04:05:15+00:00
SAO_6071-10,São Paulo,3550308,True,,1156,,,-23.707043,-46.690039999999996,,,,1,2023-06-16T04:05:41+00:00
SAO_6071-10,São Paulo,3550308,True,,1156,,,-23.720467499999998,-46.676809000000006,,,,1,2023-06-16T04:05:59+00:00
SAO_736I-10,São Paulo,3550308,True,,33549,,,-23.64415025,-46.7233165,,,,2,2023-06-16T04:05:48+00:00
SAO_736I-10,São Paulo,3550308,True,,33549,,,-23.6324355,-46.748238,,,,2,2023-06-16T04:05:17+00:00
SAO_736I-10,São Paulo,3550308,True,,33549,,,-23.631598,-46.748796,,,,2,2023-06-16T04:05:36+00:00
SAO_736I-10,São Paulo,3550308,True,,33549,,,-23.63264275,-46.751281000000006,,,,2,2023-06-16T04:05:28+00:00
SAO_211V-10,São Paulo,3550308,True,EMTU,154,https://moovitapp.com/index/pt-br/transporte_p%C3%BAblico-line-154-Sao_Paulo-242-2038937-36419300-0,6.8,-23.4922945,-46.4848955,,,,1,2023-06-16T04:05:35+00:00
SAO_1785-10,São Paulo,3550308,True,,34584,,,-23.491294500000002,-46.624818,,,,2,2023-06-16T04:04:33+00:00
SAO_1785-10,São Paulo,3550308,True,,34584,,,-23.478056000000002,-46.6228885,,,,2,2023-06-16T04:05:26+00:00
SAO_719P-10,São Paulo,3550308,True,,34140,,,-23.564864749999998,-46.69365725,,,,2,2023-06-16T04:05:31+00:00
SAO_719P-10,São Paulo,3550308,True,,34140,,,-23.5539165,-46.66248475,,,,2,2023-06-16T04:05:53+00:00
SAO_6L04-10,São Paulo,3550308,True,,1180,,,-23.868783999999998,-46.7685605,,,,1,2023-06-16T04:05:24+00:00
SAO_6L04-10,São Paulo,3550308,True,,1180,,,-23.828025500000003,-46.7271865,,,,1,2023-06-16T04:05:20+00:00
SAO_5015-10,São Paulo,3550308,True,,1119,,,-23.688775749999998,-46.66371425,,,,1,2023-06-16T04:05:49+00:00
SAO_5015-10,São Paulo,3550308,True,,1119,,,-23.6696995,-46.637927000000005,,,,1,2023-06-16T04:05:56+00:00
SAO_5015-10,São Paulo,3550308,True,,1119,,,-23.6924525,-46.659774999999996,,,,1,2023-06-16T04:05:58+00:00
SAO_6805-10,São Paulo,3550308,True,,32799,,,-23.654525,-46.762208,,,,2,2023-06-16T04:06:00+00:00
SAO_6805-10,São Paulo,3550308,True,,32799,,,-23.658032499999997,-46.760635,,,,2,2023-06-16T04:05:58+00:00
SAO_817C-10,São Paulo,3550308,True,,34105,,,-23.5216755,-46.701507,,,,2,2023-06-16T04:05:19+00:00
SAO_5632-10,São Paulo,3550308,True,,81,,,-23.7375215,-46.709300999999996,,,,1,2023-06-16T04:05:40+00:00
SAO_5632-10,São Paulo,3550308,True,,81,,,-23.551066499999997,-46.637533250000004,,,,1,2023-06-16T04:05:56+00:00
SAO_5632-10,São Paulo,3550308,True,,81,,,-23.6902425,-46.71460675,,,,1,2023-06-16T04:03:45+00:00
SAO_6L08-10,São Paulo,3550308,True,,33950,,,-23.8258045,-46.7051115,,,,2,2023-06-16T04:05:45+00:00
SAO_4013-10,São Paulo,3550308,True,,2186,,,-23.6226785,-46.4497675,,,,1,2023-06-16T04:06:00+00:00
SAO_407W-10,São Paulo,3550308,True,,2204,,,-23.589411,-46.5092705,,,,1,2023-06-16T04:05:39+00:00
SAO_407W-10,São Paulo,3550308,True,,2204,,,-23.5431985,-46.564817,,,,1,2023-06-16T04:05:31+00:00
SAO_5362-41,São Paulo,3550308,True,,72,,,-23.744994499999997,-46.667494500000004,,,,1,2023-06-16T04:05:49+00:00
SAO_5362-41,São Paulo,3550308,True,,72,,,-23.744538750000004,-46.670265125,,,,1,2023-06-16T04:05:35+00:00
SAO_4708-10,São Paulo,3550308,True,EMTU,332,https://moovitapp.com/index/pt-br/transporte_p%C3%BAblico-line-332-Sao_Paulo-242-2038937-36419418-0,4.5,-23.614222499999997,-46.6091745,,,,1,2023-06-16T04:05:19+00:00
SAO_2017-10,São Paulo,3550308,True,,903,,,-23.509636,-46.416433999999995,,,,1,2023-06-16T04:05:49+00:00
SAO_2017-10,São Paulo,3550308,True,,903,,,-23.5142575,-46.4149265,,,,1,2023-06-16T04:05:58+00:00
SAO_5178-10,São Paulo,3550308,True,,595,,,-23.583759,-46.654165000000006,,,,1,2023-06-16T04:06:01+00:00
SAO_5178-10,São Paulo,3550308,True,,595,,,-23.679908500000003,-46.63957275,,,,1,2023-06-16T04:05:31+00:00
SAO_5178-10,São Paulo,3550308,True,,595,,,-23.643524,-46.672309999999996,,,,1,2023-06-16T04:05:53+00:00
SAO_5103-10,São Paulo,3550308,True,,1646,,,-23.599671,-46.634080999999995,,,,1,2023-06-16T04:05:55+00:00
SAO_1778-10,São Paulo,3550308,True,,1789,,,-23.4960375,-46.612066,,,,1,2023-06-16T04:05:44+00:00
SAO_1778-10,São Paulo,3550308,True,,1789,,,-23.466245,-46.57060175,,,,1,2023-06-16T04:01:42+00:00
SAO_2101-10,São Paulo,3550308,True,,714,,,-23.55347475,-46.60600475,,,,1,2023-06-16T04:06:02+00:00
SAO_6801-51,São Paulo,3550308,True,,1774,,,-23.6611765,-46.7321995,,,,1,2023-06-16T04:05:44+00:00
SAO_3734-10,São Paulo,3550308,True,,1034,,,-23.550522,-46.464175499999996,,,,1,2023-06-16T04:05:20+00:00
SAO_3734-10,São Paulo,3550308,True,,1034,,,-23.552791499999998,-46.473403000000005,,,,1,2023-06-16T04:05:53+00:00
SAO_3734-10,São Paulo,3550308,True,,1034,,,-23.5514785,-46.4826605,,,,1,2023-06-16T04:06:02+00:00
SAO_8002-10,São Paulo,3550308,True,,1252,,,-23.485778,-46.725765,,,,1,2023-06-16T03:59:26+00:00
SAO_8002-10,São Paulo,3550308,True,,1252,,,-23.515351000000003,-46.7263175,,,,1,2023-06-16T04:05:36+00:00
SAO_272N-10,São Paulo,3550308,True,,33473,,,-23.5387115,-46.617633874999996,,,,2,2023-06-16T04:05:55+00:00
SAO_272N-10,São Paulo,3550308,True,,33473,,,-23.512393250000002,-46.56326850000001,,,,2,2023-06-16T04:05:41+00:00
SAO_272N-10,São Paulo,3550308,True,,33473,,,-23.5120595,-46.5631845,,,,2,2023-06-16T04:05:38+00:00
SAO_6258-31,São Paulo,3550308,True,,1783,,,-23.683159749999998,-46.756564999999995,,,,1,2023-06-16T04:05:25+00:00
SAO_6258-31,São Paulo,3550308,True,,1783,,,-23.683159749999998,-46.756564999999995,,,,1,2023-06-16T04:06:01+00:00
SAO_5194-10,São Paulo,3550308,True,EMTU,269,https://moovitapp.com/index/pt-br/transporte_p%C3%BAblico-line-269-Sao_Paulo-242-2038937-36419377-0,5.35,-23.699324499999996,-46.647161,,,,1,2023-06-16T04:05:22+00:00
SAO_5194-10,São Paulo,3550308,True,EMTU,269,https://moovitapp.com/index/pt-br/transporte_p%C3%BAblico-line-269-Sao_Paulo-242-2038937-36419377-0,5.35,-23.679492250000003,-46.684490249999996,,,,1,2023-06-16T04:05:23+00:00
SAO_5194-10,São Paulo,3550308,True,EMTU,269,https://moovitapp.com/index/pt-br/transporte_p%C3%BAblico-line-269-Sao_Paulo-242-2038937-36419377-0,5.35,-23.595349499999998,-46.650389000000004,,,,1,2023-06-16T04:05:56+00:00
SAO_6835-31,São Paulo,3550308,True,,1407,,,-23.658284000000002,-46.76490525,,,,1,2023-06-16T04:05:41+00:00
SAO_2708-10,São Paulo,3550308,True,,921,,,-23.5424215,-46.470960500000004,,,,1,2023-06-16T04:04:53+00:00
SAO_2708-10,São Paulo,3550308,True,,921,,,-23.53188,-46.446804,,,,1,2023-06-16T04:05:28+00:00
SAO_2020-10,São Paulo,3550308,True,,35030,,,-23.460175624999998,-46.623294375,,,,2,2023-06-16T04:05:44+00:00
SAO_8001-10,São Paulo,3550308,True,,1251,,,-23.5085245,-46.754484500000004,,,,1,2023-06-16T04:05:20+00:00
SAO_271C-10,São Paulo,3550308,True,STT,682,https://moovitapp.com/index/pt-br/transporte_p%C3%BAblico-line-682-Sao_Paulo-242-850661-183336-0,5.3,-23.53180675,-46.632666875,,,,1,2023-06-16T04:05:43+00:00
SAO_271C-10,São Paulo,3550308,True,STT,682,https://moovitapp.com/index/pt-br/transporte_p%C3%BAblico-line-682-Sao_Paulo-242-850661-183336-0,5.3,-23.49502125,-46.57976575000001,,,,1,2023-06-16T04:04:37+00:00
SAO_7059-10,São Paulo,3550308,True,,1924,,,-23.66724675,-46.784361,,,,1,2023-06-16T04:05:52+00:00
SAO_5103-10,São Paulo,3550308,True,,34414,,,-23.6002485,-46.622648999999996,,,,2,2023-06-16T04:05:29+00:00
SAO_9300-10,São Paulo,3550308,True,,32884,,,-23.4966235,-46.66229725,,,,2,2023-06-16T04:05:33+00:00
SAO_9300-10,São Paulo,3550308,True,,32884,,,-23.49913175,-46.66397675,,,,2,2023-06-16T04:05:59+00:00
SAO_9300-10,São Paulo,3550308,True,,32884,,,-23.496948500000002,-46.66255175,,,,2,2023-06-16T04:05:47+00:00
SAO_9300-10,São Paulo,3550308,True,,32884,,,-23.5373795,-46.6416975,,,,2,2023-06-16T04:05:45+00:00
SAO_148L-10,São Paulo,3550308,True,EMTU,531,https://moovitapp.com/index/pt-br/transporte_p%C3%BAblico-line-531-Sao_Paulo-242-2038937-36419543-0,4.4,-23.463092000000003,-46.6564195,,,,1,2023-06-16T04:05:31+00:00
SAO_148L-10,São Paulo,3550308,True,EMTU,531,https://moovitapp.com/index/pt-br/transporte_p%C3%BAblico-line-531-Sao_Paulo-242-2038937-36419543-0,4.4,-23.4744175,-46.666683,,,,1,2023-06-16T04:05:55+00:00
SAO_148L-10,São Paulo,3550308,True,EMTU,531,https://moovitapp.com/index/pt-br/transporte_p%C3%BAblico-line-531-Sao_Paulo-242-2038937-36419543-0,4.4,-23.519864499999997,-46.700969,,,,1,2023-06-16T04:05:34+00:00
SAO_148L-10,São Paulo,3550308,True,EMTU,531,https://moovitapp.com/index/pt-br/transporte_p%C3%BAblico-line-531-Sao_Paulo-242-2038937-36419543-0,4.4,-23.50402025,-46.6835635,,,,1,2023-06-16T04:05:39+00:00
SAO_6250-10,São Paulo,3550308,True,EMTU,468,https://moovitapp.com/index/pt-br/transporte_p%C3%BAblico-line-468-Sao_Paulo-242-2038937-36419506-0,6.65,-23.569010249999998,-46.672506,,,,1,2023-06-16T04:05:27+00:00
SAO_546J-10,São Paulo,3550308,True,,1133,,,-23.687824,-46.658593499999995,,,,1,2023-06-16T04:05:46+00:00
SAO_546J-10,São Paulo,3550308,True,,1133,,,-23.6584155,-46.6984925,,,,1,2023-06-16T04:05:59+00:00
SAO_971X-10,São Paulo,3550308,True,,1695,,,-23.50028175,-46.6361265,,,,1,2023-06-16T04:05:24+00:00
SAO_5030-10,São Paulo,3550308,True,,34437,,,-23.6110525,-46.6036535,,,,2,2023-06-16T04:05:21+00:00
SAO_9020-10,São Paulo,3550308,True,,1434,,,-23.469222000000002,-46.7214305,,,,1,2023-06-16T04:05:34+00:00
SAO_9020-10,São Paulo,3550308,True,,1434,,,-23.472986499999998,-46.7156495,,,,1,2023-06-16T04:05:51+00:00
SAO_1738-10,São Paulo,3550308,True,,672,,,-23.4917425,-46.599372,,,,1,2023-06-16T04:05:10+00:00
SAO_7005-10,São Paulo,3550308,True,,34766,,,-23.684067,-46.769816500000005,,,,2,2023-06-16T04:05:43+00:00
SAO_7005-10,São Paulo,3550308,True,,34766,,,-23.684067,-46.769816500000005,,,,2,2023-06-16T04:05:51+00:00
SAO_4008-10,São Paulo,3550308,True,,2182,,,-23.5580635,-46.522337500000006,,,,1,2023-06-16T04:05:24+00:00
SAO_4008-10,São Paulo,3550308,True,,2182,,,-23.5802555,-46.453184,,,,1,2023-06-16T04:03:32+00:00
SAO_6338-10,São Paulo,3550308,True,,1293,,,-23.6283445,-46.6441835,,,,1,2023-06-16T04:05:58+00:00
SAO_6338-10,São Paulo,3550308,True,,1293,,,-23.652638500000002,-46.648346000000004,,,,1,2023-06-16T04:05:54+00:00
SAO_9023-10,São Paulo,3550308,True,,34205,,,-23.458394499999997,-46.717903500000006,,,,2,2023-06-16T04:04:46+00:00
SAO_9023-10,São Paulo,3550308,True,,34205,,,-23.4232225,-46.713938999999996,,,,2,2023-06-16T04:05:37+00:00
SAO_9023-10,São Paulo,3550308,True,,34205,,,-23.425021,-46.714935499999996,,,,2,2023-06-16T04:05:45+00:00
SAO_1780-10,São Paulo,3550308,True,,33637,,,-23.4609585,-46.582876,,,,2,2023-06-16T04:05:19+00:00
SAO_6056-10,São Paulo,3550308,True,,33915,,,-23.763157749999998,-46.698090500000006,,,,2,2023-06-16T04:05:59+00:00
SAO_6056-10,São Paulo,3550308,True,,33915,,,-23.7632185,-46.697809,,,,2,2023-06-16T04:05:56+00:00
SAO_5759-10,São Paulo,3550308,True,,1138,,,-23.6931965,-46.6449845,,,,1,2023-06-16T04:05:19+00:00
SAO_5759-10,São Paulo,3550308,True,,1138,,,-23.6719065,-46.6611925,,,,1,2023-06-16T04:05:32+00:00
SAO_6021-10,São Paulo,3550308,True,EMTU,177,https://moovitapp.com/index/pt-br/transporte_p%C3%BAblico-line-177-Sao_Paulo-242-2038937-36419313-0,5.2,-23.7671525,-46.716142500000004,,,,1,2023-06-16T04:05:35+00:00
SAO_8022-10,São Paulo,3550308,True,,2085,,,-23.5576986875,-46.73311906250001,,,,1,2023-06-16T04:05:54+00:00
SAO_857R-10,São Paulo,3550308,True,,34660,,,-23.631218,-46.773197499999995,,,,2,2023-06-16T04:05:46+00:00
SAO_857R-10,São Paulo,3550308,True,,34660,,,-23.6080045,-46.751687000000004,,,,2,2023-06-16T04:05:28+00:00
SAO_2024-10,São Paulo,3550308,True,,35029,,,-23.3980705,-46.57777,,,,2,2023-06-16T04:05:53+00:00
SAO_2011-10,São Paulo,3550308,True,,2136,,,-23.492324500000002,-46.6252845,,,,1,2023-06-16T04:05:48+00:00
SAO_2011-10,São Paulo,3550308,True,,2136,,,-23.46830075,-46.581041375,,,,1,2023-06-16T04:05:33+00:00
SAO_4036-10,São Paulo,3550308,True,,2561,,,-23.550883,-46.4633385,,,,1,2023-06-16T04:05:52+00:00
SAO_2033-10,São Paulo,3550308,True,,2499,,,-23.51949775,-46.59069025,,,,1,2023-06-16T04:04:48+00:00
SAO_6L03-10,São Paulo,3550308,True,,34333,,,-23.8741395,-46.76396,,,,2,2023-06-16T04:05:34+00:00
SAO_407N-10,São Paulo,3550308,True,,2169,,,-23.5340875,-46.542839,,,,1,2023-06-16T04:05:28+00:00
SAO_407N-10,São Paulo,3550308,True,,2169,,,-23.5963105,-46.45563,,,,1,2023-06-16T04:05:47+00:00
SAO_407N-10,São Paulo,3550308,True,,2169,,,-23.5824475,-46.407562999999996,,,,1,2023-06-16T04:05:28+00:00
SAO_6258-10,São Paulo,3550308,True,,34000,,,-23.666391750000003,-46.719602374999994,,,,2,2023-06-16T04:06:00+00:00
SAO_7062-31,São Paulo,3550308,True,,1914,,,-23.646552,-46.7725675,,,,1,2023-06-16T04:05:48+00:00
SAO_6823-10,São Paulo,3550308,True,,34,,,-23.692854,-46.7864515,,,,1,2023-06-16T04:06:04+00:00
SAO_9006-10,São Paulo,3550308,True,,33642,,,-23.465027,-46.690908,,,,2,2023-06-16T04:05:39+00:00
SAO_9006-10,São Paulo,3550308,True,,33642,,,-23.4681735,-46.688757499999994,,,,2,2023-06-16T04:05:52+00:00
SAO_7267-10,São Paulo,3550308,True,,34195,,,-23.547974500000002,-46.649455875,,,,2,2023-06-16T04:05:57+00:00
SAO_7267-10,São Paulo,3550308,True,,34195,,,-23.536394,-46.6778235,,,,2,2023-06-16T04:05:45+00:00
SAO_7267-10,São Paulo,3550308,True,,34195,,,-23.53661,-46.6775025,,,,2,2023-06-16T04:05:25+00:00
SAO_5022-10,São Paulo,3550308,True,,1120,,,-23.667422000000002,-46.648807500000004,,,,1,2023-06-16T04:05:59+00:00
SAO_5022-10,São Paulo,3550308,True,,1120,,,-23.6480225,-46.641234999999995,,,,1,2023-06-16T04:05:25+00:00
SAO_5022-10,São Paulo,3550308,True,,1120,,,-23.672228,-46.638205,,,,1,2023-06-16T04:05:45+00:00
SAO_8002-10,São Paulo,3550308,True,,34020,,,-23.485637500000003,-46.7260535,,,,2,2023-06-16T04:05:36+00:00
SAO_8002-10,São Paulo,3550308,True,,34020,,,-23.5167955,-46.7221945,,,,2,2023-06-16T04:05:59+00:00
SAO_513C-10,São Paulo,3550308,True,,2535,,,-23.611402,-46.473266,,,,1,2023-06-16T04:05:58+00:00
SAO_7021-10,São Paulo,3550308,True,,1989,,,-23.671774,-46.7412225,,,,1,2023-06-16T04:05:28+00:00
SAO_7021-10,São Paulo,3550308,True,,1989,,,-23.671018500000002,-46.7682805,,,,1,2023-06-16T04:05:53+00:00
SAO_6001-10,São Paulo,3550308,True,,32820,,,-23.646299499999998,-46.704412000000005,,,,2,2023-06-16T04:05:47+00:00
SAO_119C-10,São Paulo,3550308,True,,661,,,-23.5124955,-46.585425,,,,1,2023-06-16T04:05:17+00:00
SAO_119C-10,São Paulo,3550308,True,,661,,,-23.478573500000003,-46.569734499999996,,,,1,2023-06-16T04:05:41+00:00
SAO_119C-10,São Paulo,3550308,True,,661,,,-23.5335615,-46.644628250000004,,,,1,2023-06-16T04:05:47+00:00
SAO_809V-10,São Paulo,3550308,True,,2243,,,-23.55870775,-46.668593,,,,1,2023-06-16T04:06:05+00:00
SAO_6805-31,São Paulo,3550308,True,,34556,,,-23.662861999999997,-46.739767,,,,2,2023-06-16T04:05:26+00:00
SAO_4114-10,São Paulo,3550308,True,EMTU,321,https://moovitapp.com/index/pt-br/transporte_p%C3%BAblico-line-321-Sao_Paulo-242-2038937-36419411-0,5.4,-23.589791499999997,-46.6199996875,,,,1,2023-06-16T04:05:53+00:00
SAO_9653-10,São Paulo,3550308,True,EMTU,588,https://moovitapp.com/index/pt-br/transporte_p%C3%BAblico-line-588-Sao_Paulo-242-2038937-36419575-0,7.55,-23.542817999999997,-46.635973,,,,1,2023-06-16T04:06:02+00:00
SAO_9653-10,São Paulo,3550308,True,EMTU,588,https://moovitapp.com/index/pt-br/transporte_p%C3%BAblico-line-588-Sao_Paulo-242-2038937-36419575-0,7.55,-23.4643905,-46.654526,,,,1,2023-06-16T04:05:24+00:00
SAO_9653-10,São Paulo,3550308,True,EMTU,588,https://moovitapp.com/index/pt-br/transporte_p%C3%BAblico-line-588-Sao_Paulo-242-2038937-36419575-0,7.55,-23.4846315,-46.674426499999996,,,,1,2023-06-16T04:05:56+00:00
SAO_374M-10,São Paulo,3550308,True,,34733,,,-23.48555,-46.48161125,,,,2,2023-06-16T04:05:53+00:00
SAO_1012-10,São Paulo,3550308,True,,35254,,,-23.43476,-46.786947999999995,,,,2,2023-06-16T04:05:58+00:00
SAO_1012-10,São Paulo,3550308,True,,35254,,,-23.439626,-46.8070675,,,,2,2023-06-16T04:05:39+00:00
SAO_1012-10,São Paulo,3550308,True,,35254,,,-23.432446499999998,-46.787048,,,,2,2023-06-16T04:05:48+00:00
SAO_1012-10,São Paulo,3550308,True,,35254,,,-23.4333445,-46.7870665,,,,2,2023-06-16T04:05:44+00:00
SAO_9181-10,São Paulo,3550308,True,,33653,,,-23.4780705,-46.685312,,,,2,2023-06-16T04:05:19+00:00
SAO_9181-10,São Paulo,3550308,True,,33653,,,-23.497028,-46.6905335,,,,2,2023-06-16T04:05:18+00:00
SAO_172X-10,São Paulo,3550308,True,,861,,,-23.507433125,-46.567815374999995,,,,1,2023-06-16T04:05:44+00:00
SAO_172X-10,São Paulo,3550308,True,,861,,,-23.5286775,-46.5849695,,,,1,2023-06-16T04:04:05+00:00
SAO_172X-10,São Paulo,3550308,True,,861,,,-23.5398255,-46.5768585,,,,1,2023-06-16T04:05:58+00:00
SAO_8032-10,São Paulo,3550308,True,,2545,,,-23.56318825,-46.71642262500001,,,,1,2023-06-16T04:05:34+00:00
SAO_N633-11,São Paulo,3550308,True,,35166,,,-23.6463425,-46.64646425,,,,2,2023-06-16T04:05:58+00:00
SAO_4035-10,São Paulo,3550308,True,,2560,,,-23.558587000000003,-46.399857999999995,,,,1,2023-06-16T04:04:02+00:00
SAO_4035-10,São Paulo,3550308,True,,2560,,,-23.558587000000003,-46.399857999999995,,,,1,2023-06-16T04:05:47+00:00
SAO_6801-10,São Paulo,3550308,True,,5,,,-23.661168,-46.7335595,,,,1,2023-06-16T04:06:02+00:00
SAO_4031-10,São Paulo,3550308,True,,33869,,,-23.606042000000002,-46.521659,,,,2,2023-06-16T04:05:25+00:00
SAO_4031-10,São Paulo,3550308,True,,33869,,,-23.5950135,-46.5434235,,,,2,2023-06-16T04:06:05+00:00
SAO_4031-10,São Paulo,3550308,True,,33869,,,-23.590787,-46.587112625,,,,2,2023-06-16T04:06:02+00:00
SAO_4031-10,São Paulo,3550308,True,,33869,,,-23.614278,-46.5171455,,,,2,2023-06-16T04:05:44+00:00
SAO_809T-10,São Paulo,3550308,True,,2246,,,-23.5857795,-46.757734,,,,1,2023-06-16T04:05:58+00:00
SAO_809T-10,São Paulo,3550308,True,,2246,,,-23.5843835,-46.753884,,,,1,2023-06-16T04:05:20+00:00
SAO_8006-10,São Paulo,3550308,True,,1256,,,-23.448806124999997,-46.72165625000001,,,,1,2023-06-16T04:05:55+00:00
SAO_8027-10,São Paulo,3550308,True,,2162,,,-23.572545749999996,-46.72301950000001,,,,1,2023-06-16T04:05:30+00:00
SAO_3728-41,São Paulo,3550308,True,,34756,,,-23.547242625000003,-46.4860455,,,,2,2023-06-16T04:05:43+00:00
SAO_502J-22,São Paulo,3550308,True,,34875,,,-23.68981275,-46.66692025,,,,2,2023-06-16T04:05:13+00:00
SAO_7011-10,São Paulo,3550308,True,,1952,,,-23.6894615,-46.77340325,,,,1,2023-06-16T04:05:33+00:00
SAO_8077-10,São Paulo,3550308,True,,2050,,,-23.593565875,-46.736573625000005,,,,1,2023-06-16T04:05:59+00:00
SAO_9301-10,São Paulo,3550308,True,,458,,,-23.51108775,-46.65928650000001,,,,1,2023-06-16T04:05:54+00:00
SAO_7052-10,São Paulo,3550308,True,,34654,,,-23.6525575,-46.773193,,,,2,2023-06-16T04:05:56+00:00
SAO_7052-10,São Paulo,3550308,True,,34654,,,-23.6525575,-46.773193,,,,2,2023-06-16T04:00:27+00:00
SAO_7052-10,São Paulo,3550308,True,,34654,,,-23.648215,-46.77361425,,,,2,2023-06-16T04:05:45+00:00
SAO_5020-10,São Paulo,3550308,True,,1670,,,-23.6015545,-46.595539,,,,1,2023-06-16T04:05:21+00:00
SAO_6012-10,São Paulo,3550308,True,,33972,,,-23.652657750000003,-46.70861875,,,,2,2023-06-16T04:05:20+00:00
SAO_6012-10,São Paulo,3550308,True,,33972,,,-23.6869815,-46.7875065,,,,2,2023-06-16T04:05:53+00:00
SAO_6232-10,São Paulo,3550308,True,,33251,,,-23.5596955,-46.6979445,,,,2,2023-06-16T04:05:52+00:00
SAO_875P-10,São Paulo,3550308,True,,34109,,,-23.526525499999998,-46.6658365,,,,2,2023-06-16T04:05:30+00:00
SAO_875P-10,São Paulo,3550308,True,,34109,,,-23.56181025,-46.655956,,,,2,2023-06-16T04:05:38+00:00
SAO_748A-41,São Paulo,3550308,True,,33267,,,-23.597096,-46.7681435,,,,2,2023-06-16T04:05:59+00:00
SAO_695X-22,São Paulo,3550308,True,,1621,,,-23.7669475,-46.7164815,,,,1,2023-06-16T04:05:27+00:00
SAO_2002-10,São Paulo,3550308,True,,33479,,,-23.551361749999998,-46.640548499999994,,,,2,2023-06-16T04:05:48+00:00
SAO_675X-10,São Paulo,3550308,True,,32879,,,-23.7374655,-46.6974125,,,,2,2023-06-16T04:05:28+00:00
SAO_675X-10,São Paulo,3550308,True,,32879,,,-23.699836250000004,-46.70113275,,,,2,2023-06-16T04:05:45+00:00
SAO_8600-22,São Paulo,3550308,True,,34822,,,-23.543519,-46.638079000000005,,,,2,2023-06-16T04:05:44+00:00
SAO_4018-10,São Paulo,3550308,True,,2191,,,-23.5964135,-46.456009,,,,1,2023-06-16T04:05:19+00:00
SAO_4018-10,São Paulo,3550308,True,,2191,,,-23.591472,-46.407424125000006,,,,1,2023-06-16T04:05:58+00:00
SAO_524L-10,São Paulo,3550308,True,,34483,,,-23.545934624999997,-46.573214625,,,,2,2023-06-16T04:05:54+00:00
SAO_524L-10,São Paulo,3550308,True,,34483,,,-23.590894,-46.551049500000005,,,,2,2023-06-16T04:06:00+00:00
SAO_3139-10,São Paulo,3550308,True,,33763,,,-23.552137000000002,-46.634062,,,,2,2023-06-16T04:05:36+00:00
SAO_3139-10,São Paulo,3550308,True,,33763,,,-23.561101,-46.564223,,,,2,2023-06-16T04:05:26+00:00
SAO_1788-10,São Paulo,3550308,True,,653,,,-23.50067,-46.615140499999995,,,,1,2023-06-16T04:04:08+00:00
SAO_1788-10,São Paulo,3550308,True,,653,,,-23.4387035,-46.585224999999994,,,,1,2023-06-16T04:02:44+00:00
SAO_6063-43,São Paulo,3550308,True,,35248,,,-23.827389500000002,-46.696195,,,,2,2023-06-16T04:05:27+00:00
SAO_6063-43,São Paulo,3550308,True,,35248,,,-23.8149625,-46.669669,,,,2,2023-06-16T04:05:52+00:00
SAO_6L10-41,São Paulo,3550308,True,,2005,,,-23.7675415,-46.716446000000005,,,,1,2023-06-16T04:05:59+00:00
SAO_2060-10,São Paulo,3550308,True,,32902,,,-23.518619375,-46.475986625,,,,2,2023-06-16T04:05:50+00:00
SAO_2060-10,São Paulo,3550308,True,,32902,,,-23.518619375,-46.475986625,,,,2,2023-06-16T04:05:46+00:00
SAO_909T-1,São Paulo,3550308,True,,35280,,,-23.565896,-46.7011235,,,,2,2023-06-16T04:05:34+00:00
SAO_4115-10,São Paulo,3550308,True,EMTU,322,https://moovitapp.com/index/pt-br/transporte_p%C3%BAblico-line-322-Sao_Paulo-242-2038937-36419412-0,6.2,-23.57228275,-46.622696250000004,,,,1,2023-06-16T04:05:48+00:00
SAO_8020-10,São Paulo,3550308,True,,1726,,,-23.586436,-46.724436499999996,,,,1,2023-06-16T04:05:47+00:00
SAO_3301-10,São Paulo,3550308,True,,1618,,,-23.523282875,-46.548980125,,,,1,2023-06-16T04:05:54+00:00
SAO_3301-10,São Paulo,3550308,True,,1618,,,-23.538731,-46.6048935,,,,1,2023-06-16T04:05:49+00:00
SAO_1787-10,São Paulo,3550308,True,,650,,,-23.459332,-46.6206435,,,,1,2023-06-16T04:05:20+00:00
SAO_6069-10,São Paulo,3550308,True,,1154,,,-23.747204,-46.6960135,,,,1,2023-06-16T04:05:20+00:00
SAO_6069-10,São Paulo,3550308,True,,1154,,,-23.66985675,-46.711535999999995,,,,1,2023-06-16T04:05:28+00:00
SAO_6069-10,São Paulo,3550308,True,,1154,,,-23.757465,-46.7053555,,,,1,2023-06-16T04:05:52+00:00
SAO_119L-10,São Paulo,3550308,True,,35041,,,-23.518331,-46.7248665,,,,2,2023-06-16T04:05:47+00:00
SAO_8073-10,São Paulo,3550308,True,,2081,,,-23.59203575,-46.735672,,,,1,2023-06-16T04:05:38+00:00
SAO_8060-10,São Paulo,3550308,True,EMTU,418,https://moovitapp.com/index/pt-br/transporte_p%C3%BAblico-line-418-Sao_Paulo-242-2038937-36419475-0,6.55,-23.519486,-46.700917000000004,,,,1,2023-06-16T04:05:23+00:00
SAO_775V-10,São Paulo,3550308,True,,475,,,-23.564393625,-46.749844875,,,,1,2023-06-16T04:05:58+00:00
SAO_7009-10,São Paulo,3550308,True,,34719,,,-23.6848575,-46.7702205,,,,2,2023-06-16T04:05:54+00:00
SAO_6001-10,São Paulo,3550308,True,,52,,,-23.645789999999998,-46.7465015,,,,1,2023-06-16T04:05:49+00:00
SAO_4010-10,São Paulo,3550308,True,,34951,,,-23.5523945,-46.464682,,,,2,2023-06-16T04:05:27+00:00
SAO_4010-10,São Paulo,3550308,True,,34951,,,-23.55797,-46.523029,,,,2,2023-06-16T04:05:52+00:00
SAO_1021-10,São Paulo,3550308,True,,33601,,,-23.4443355,-46.712196000000006,,,,2,2023-06-16T04:05:32+00:00
SAO_1021-10,São Paulo,3550308,True,,33601,,,-23.4443355,-46.712196000000006,,,,2,2023-06-16T04:05:59+00:00
SAO_1021-10,São Paulo,3550308,True,,33601,,,-23.4865615,-46.726760999999996,,,,2,2023-06-16T04:05:32+00:00
SAO_9015-10,São Paulo,3550308,True,,1269,,,-23.489749500000002,-46.7238035,,,,1,2023-06-16T04:05:41+00:00
SAO_573A-10,São Paulo,3550308,True,,34405,,,-23.5470055,-46.606573499999996,,,,2,2023-06-16T04:05:39+00:00
SAO_1767-10,São Paulo,3550308,True,,628,,,-23.478612875,-46.56370325,,,,1,2023-06-16T04:05:23+00:00
SAO_1767-10,São Paulo,3550308,True,,628,,,-23.4794755,-46.599450250000004,,,,1,2023-06-16T04:05:39+00:00
SAO_4727-10,São Paulo,3550308,True,Cidade de Caieiras,340,https://moovitapp.com/index/pt-br/transporte_p%C3%BAblico-line-340-Sao_Paulo-242-868761-101563062-0,5.0,-23.6424955,-46.6127545,,,,1,2023-06-16T04:05:30+00:00
SAO_273V-10,São Paulo,3550308,True,EMTU,231,https://moovitapp.com/index/pt-br/transporte_p%C3%BAblico-line-231-Sao_Paulo-242-2038937-36419348-0,6.2,-23.528411625,-46.449355125000004,,,,1,2023-06-16T04:06:02+00:00
SAO_273V-10,São Paulo,3550308,True,EMTU,231,https://moovitapp.com/index/pt-br/transporte_p%C3%BAblico-line-231-Sao_Paulo-242-2038937-36419348-0,6.2,-23.521722,-46.42496,,,,1,2023-06-16T04:06:00+00:00
SAO_508L-10,São Paulo,3550308,True,EMTU,117,https://moovitapp.com/index/pt-br/transporte_p%C3%BAblico-line-117-Sao_Paulo-242-2038937-36419277-0,4.8,-23.550075999999997,-46.6581605,,,,1,2023-06-16T04:05:22+00:00
SAO_8047-41,São Paulo,3550308,True,STT,410,https://moovitapp.com/index/pt-br/transporte_p%C3%BAblico-line-410-Sao_Paulo-242-850661-183302-0,5.3,-23.50959925,-46.74777575,,,,1,2023-06-16T04:05:20+00:00
SAO_6803-10,São Paulo,3550308,True,,32797,,,-23.645957,-46.742944,,,,2,2023-06-16T04:05:24+00:00
SAO_2030-10,São Paulo,3550308,True,,35032,,,-23.47218025,-46.641837624999994,,,,2,2023-06-16T04:05:23+00:00
SAO_2030-10,São Paulo,3550308,True,,35032,,,-23.506323000000002,-46.625131,,,,2,2023-06-16T04:05:51+00:00
SAO_8019-31,São Paulo,3550308,True,,2574,,,-23.542021875,-46.759956375,,,,1,2023-06-16T04:05:50+00:00
SAO_8007-10,São Paulo,3550308,True,,1257,,,-23.467343,-46.7495375,,,,1,2023-06-16T04:05:55+00:00
SAO_6012-31,São Paulo,3550308,True,,34544,,,-23.69840475,-46.78049225,,,,2,2023-06-16T04:05:33+00:00
SAO_695D-10,São Paulo,3550308,True,,32882,,,-23.7332185,-46.676162500000004,,,,2,2023-06-16T03:31:43+00:00
SAO_695D-10,São Paulo,3550308,True,,32882,,,-23.735521,-46.676398000000006,,,,2,2023-06-16T04:05:56+00:00
SAO_6L02-10,São Paulo,3550308,True,,1178,,,-23.902704,-46.7560055,,,,1,2023-06-16T04:05:52+00:00
SAO_8075-10,São Paulo,3550308,True,,2044,,,-23.608897,-46.7516605,,,,1,2023-06-16T04:05:51+00:00
SAO_6012-31,São Paulo,3550308,True,,1776,,,-23.694488,-46.791135,,,,1,2023-06-16T04:05:41+00:00
SAO_2060-10,São Paulo,3550308,True,EMTU,134,https://moovitapp.com/index/pt-br/transporte_p%C3%BAblico-line-134-Sao_Paulo-242-2038937-36419287-0,5.2,-23.538683,-46.480537749999996,,,,1,2023-06-16T04:05:41+00:00
SAO_1023-10,São Paulo,3550308,True,,35327,,,-23.4823295,-46.7455025,,,,2,2023-06-16T04:05:40+00:00
SAO_809R-10,São Paulo,3550308,True,,2067,,,-23.566567499999998,-46.752988,,,,1,2023-06-16T04:06:01+00:00
SAO_6L08-10,São Paulo,3550308,True,,1182,,,-23.831390374999998,-46.712019875,,,,1,2023-06-16T04:05:26+00:00
SAO_8018-10,São Paulo,3550308,True,,2070,,,-23.603415750000003,-46.73204,,,,1,2023-06-16T04:05:55+00:00
SAO_2735-21,São Paulo,3550308,True,,514,,,-23.50837225,-46.543201,,,,1,2023-06-16T04:05:42+00:00
SAO_2020-10,São Paulo,3550308,True,,2262,,,-23.457836,-46.60339275,,,,1,2023-06-16T04:05:53+00:00
SAO_6813-10,São Paulo,3550308,True,,32801,,,-23.668464,-46.7637515,,,,2,2023-06-16T04:05:45+00:00
SAO_177Y-10,São Paulo,3550308,True,,867,,,-23.534287,-46.6745315,,,,1,2023-06-16T04:05:48+00:00
SAO_177Y-10,São Paulo,3550308,True,,867,,,-23.566136750000002,-46.701097,,,,1,2023-06-16T04:05:27+00:00
SAO_809U-10,São Paulo,3550308,True,,35022,,,-23.527012499999998,-46.681565750000004,,,,2,2023-06-16T04:05:28+00:00
SAO_809U-10,São Paulo,3550308,True,,35022,,,-23.5526805,-46.731851500000005,,,,2,2023-06-16T04:05:18+00:00
SAO_908T-10,São Paulo,3550308,True,,2116,,,-23.581771250000003,-46.685005374999996,,,,1,2023-06-16T04:05:54+00:00
SAO_9004-10,São Paulo,3550308,True,,871,,,-23.459735,-46.67644575,,,,1,2023-06-16T04:05:36+00:00
SAO_211L-10,São Paulo,3550308,True,,2265,,,-23.50413,-46.682666,,,,1,2023-06-16T04:05:18+00:00
SAO_211L-10,São Paulo,3550308,True,,2265,,,-23.467225499999998,-46.639269999999996,,,,1,2023-06-16T04:05:43+00:00
SAO_3722-10,São Paulo,3550308,True,,1020,,,-23.5461685,-46.4365475,,,,1,2023-06-16T04:05:44+00:00
SAO_2005-10,São Paulo,3550308,True,,33661,,,-23.486133000000002,-46.3892635,,,,2,2023-06-16T04:05:31+00:00
SAO_272N-10,São Paulo,3550308,True,,705,,,-23.512747,-46.5637975,,,,1,2023-06-16T04:05:36+00:00
SAO_272N-10,São Paulo,3550308,True,,705,,,-23.512197999999998,-46.563227499999996,,,,1,2023-06-16T04:06:02+00:00
SAO_524L-10,São Paulo,3550308,True,,1715,,,-23.60179,-46.534625000000005,,,,1,2023-06-16T04:05:36+00:00
SAO_524L-10,São Paulo,3550308,True,,1715,,,-23.551599500000002,-46.564891,,,,1,2023-06-16T04:05:55+00:00
SAO_2716-10,São Paulo,3550308,True,,929,,,-23.522122,-46.53909925,,,,1,2023-06-16T04:05:35+00:00
SAO_2716-10,São Paulo,3550308,True,,929,,,-23.508811,-46.531863,,,,1,2023-06-16T04:06:02+00:00
SAO_546J-31,São Paulo,3550308,True,,2015,,,-23.663503,-46.691,,,,1,2023-06-16T04:05:48+00:00
SAO_3001-10,São Paulo,3550308,True,,1650,,,-23.494880000000002,-46.405544,,,,1,2023-06-16T04:05:40+00:00
SAO_213E-10,São Paulo,3550308,True,,35266,,,-23.483492,-46.576259,,,,2,2023-06-16T04:03:53+00:00
SAO_3008-10,São Paulo,3550308,True,,2515,,,-23.494181,-46.400715500000004,,,,1,2023-06-16T04:06:01+00:00
SAO_5131-10,São Paulo,3550308,True,,1282,,,-23.64137075,-46.675169249999996,,,,1,2023-06-16T04:05:32+00:00
SAO_5131-10,São Paulo,3550308,True,,1282,,,-23.664828999999997,-46.6668095,,,,1,2023-06-16T04:05:29+00:00
SAO_9020-10,São Paulo,3550308,True,,34202,,,-23.482081,-46.723997499999996,,,,2,2023-06-16T04:05:58+00:00
SAO_4053-10,São Paulo,3550308,True,,2146,,,-23.551627500000002,-46.395561,,,,1,2023-06-16T04:05:55+00:00
SAO_4053-10,São Paulo,3550308,True,,2146,,,-23.553117999999998,-46.394191,,,,1,2023-06-16T04:05:00+00:00
SAO_4053-10,São Paulo,3550308,True,,2146,,,-23.5529695,-46.3943265,,,,1,2023-06-16T04:05:19+00:00
SAO_1016-10,São Paulo,3550308,True,EMTU,831,https://moovitapp.com/index/pt-br/transporte_p%C3%BAblico-line-831-Sao_Paulo-242-2038937-36419598-0,5.7,-23.473347750000002,-46.61376575,,,,1,2023-06-16T04:05:33+00:00
SAO_1016-10,São Paulo,3550308,True,EMTU,831,https://moovitapp.com/index/pt-br/transporte_p%C3%BAblico-line-831-Sao_Paulo-242-2038937-36419598-0,5.7,-23.450571250000003,-46.61198725,,,,1,2023-06-16T04:05:57+00:00
SAO_1016-10,São Paulo,3550308,True,EMTU,831,https://moovitapp.com/index/pt-br/transporte_p%C3%BAblico-line-831-Sao_Paulo-242-2038937-36419598-0,5.7,-23.513510625000002,-46.616156249999996,,,,1,2023-06-16T04:05:42+00:00
SAO_2012-10,São Paulo,3550308,True,,2281,,,-23.5182155,-46.617661,,,,1,2023-06-16T04:05:28+00:00
SAO_5757-10,São Paulo,3550308,True,,34056,,,-23.6915195,-46.6393985,,,,2,2023-06-16T04:05:49+00:00
SAO_5022-10,São Paulo,3550308,True,,33888,,,-23.6619985,-46.638397,,,,2,2023-06-16T04:05:58+00:00
SAO_274P-10,São Paulo,3550308,True,Grupo Vida,232,https://moovitapp.com/index/pt-br/transporte_p%C3%BAblico-line-232-Sao_Paulo-242-887112-748347-0,5.3,-23.564442999999997,-46.6212785,,,,1,2023-06-16T04:05:32+00:00
SAO_274P-10,São Paulo,3550308,True,Grupo Vida,232,https://moovitapp.com/index/pt-br/transporte_p%C3%BAblico-line-232-Sao_Paulo-242-887112-748347-0,5.3,-23.535374,-46.57487775,,,,1,2023-06-16T04:05:52+00:00
SAO_6042-21,São Paulo,3550308,True,,1775,,,-23.6758095,-46.7717175,,,,1,2023-06-16T04:05:21+00:00
SAO_6058-10,São Paulo,3550308,True,,1149,,,-23.7711635,-46.7127105,,,,1,2023-06-16T04:05:47+00:00
SAO_3725-10,São Paulo,3550308,True,,1022,,,-23.536759,-46.526201,,,,1,2023-06-16T04:05:28+00:00
SAO_7054-10,São Paulo,3550308,True,,32809,,,-23.647449,-46.790492,,,,2,2023-06-16T04:05:25+00:00
SAO_4709-10,São Paulo,3550308,True,,333,,,-23.653377,-46.6069295,,,,1,2023-06-16T04:05:36+00:00
SAO_N535-11,São Paulo,3550308,True,,35155,,,-23.651016,-46.6143215,,,,2,2023-06-16T04:05:34+00:00
