bus_id,city,city_code,adapted,agency,line_code,line_url,line_fare,latitude,longitude,bus_speed,is_eletric,bus_type,bus_direction,updated_at
SAO_6041-10,São Paulo,3550308,True,,33986,,,-23.6899145,-46.7808755,,,,2,2023-06-19T08:28:43+00:00
SAO_6041-10,São Paulo,3550308,True,,33986,,,-23.690071500000002,-46.78081950000001,,,,2,2023-06-19T08:28:42+00:00
SAO_6041-10,São Paulo,3550308,True,,33986,,,-23.6899145,-46.7808755,,,,2,2023-06-19T08:28:48+00:00
SAO_6041-10,São Paulo,3550308,True,,33986,,,-23.690214,-46.7807575,,,,2,2023-06-19T08:28:38+00:00
SAO_6041-10,São Paulo,3550308,True,,33986,,,-23.6899145,-46.7808755,,,,2,2023-06-19T08:28:59+00:00
SAO_6041-10,São Paulo,3550308,True,,33986,,,-23.689674500000002,-46.78096725,,,,2,2023-06-19T08:29:07+00:00
SAO_N204-11,São Paulo,3550308,True,,2314,,,-23.543107,-46.628366,,,,1,2023-06-19T08:28:25+00:00
SAO_N137-11,São Paulo,3550308,True,,2293,,,-23.408892,-46.742304000000004,,,,1,2023-06-19T08:28:27+00:00
SAO_172P-10,São Paulo,3550308,True,,858,,,-23.441766,-46.588329,,,,1,2023-06-19T08:29:00+00:00
SAO_172P-10,São Paulo,3550308,True,,858,,,-23.441876999999998,-46.5883755,,,,1,2023-06-19T08:28:50+00:00
SAO_172P-10,São Paulo,3550308,True,,858,,,-23.441848999999998,-46.588781499999996,,,,1,2023-06-19T08:28:54+00:00
SAO_172P-10,São Paulo,3550308,True,,858,,,-23.4419105,-46.588513500000005,,,,1,2023-06-19T08:26:40+00:00
SAO_172P-10,São Paulo,3550308,True,,858,,,-23.441766,-46.588329,,,,1,2023-06-19T08:28:29+00:00
SAO_172P-10,São Paulo,3550308,True,,858,,,-23.441876999999998,-46.5883755,,,,1,2023-06-19T08:28:44+00:00
SAO_172P-10,São Paulo,3550308,True,,858,,,-23.441766,-46.588329,,,,1,2023-06-19T08:28:27+00:00
SAO_N801-11,São Paulo,3550308,True,,2428,,,-23.562667,-46.675276,,,,1,2023-06-19T08:28:43+00:00
SAO_N102-11,São Paulo,3550308,True,,35051,,,-23.52066,-46.7006595,,,,2,2023-06-19T08:28:48+00:00
SAO_N102-11,São Paulo,3550308,True,,35051,,,-23.5411785,-46.64243825,,,,2,2023-06-19T08:29:03+00:00
SAO_N340-11,São Paulo,3550308,True,,2352,,,-23.516706,-46.4258835,,,,1,2023-06-19T08:28:35+00:00
SAO_6045-10,São Paulo,3550308,True,,33990,,,-23.69435,-46.794564,,,,2,2023-06-19T08:28:49+00:00
SAO_7059-10,São Paulo,3550308,True,,34692,,,-23.653073499999998,-46.7778225,,,,2,2023-06-19T08:29:03+00:00
SAO_N337-11,São Paulo,3550308,True,,35117,,,-23.519825,-46.405153,,,,2,2023-06-19T08:28:52+00:00
SAO_208V-10,São Paulo,3550308,True,,32975,,,-23.5476865,-46.6292585,,,,2,2023-06-19T08:28:41+00:00
SAO_208V-10,São Paulo,3550308,True,,32975,,,-23.5184535,-46.475611,,,,2,2023-06-19T08:29:04+00:00
SAO_208V-10,São Paulo,3550308,True,,32975,,,-23.5476865,-46.6292585,,,,2,2023-06-19T08:28:41+00:00
SAO_208V-10,São Paulo,3550308,True,,32975,,,-23.518699499999997,-46.4755635,,,,2,2023-06-19T08:28:59+00:00
SAO_208V-10,São Paulo,3550308,True,,32975,,,-23.5476865,-46.6292585,,,,2,2023-06-19T08:29:01+00:00
SAO_208V-10,São Paulo,3550308,True,,32975,,,-23.5476865,-46.6292585,,,,2,2023-06-19T08:28:41+00:00
SAO_208V-10,São Paulo,3550308,True,,32975,,,-23.517815499999998,-46.475735,,,,2,2023-06-19T08:28:38+00:00
SAO_208V-10,São Paulo,3550308,True,,32975,,,-23.5476865,-46.6292585,,,,2,2023-06-19T08:28:24+00:00
SAO_208V-10,São Paulo,3550308,True,,32975,,,-23.5476865,-46.6292585,,,,2,2023-06-19T08:29:05+00:00
SAO_208V-10,São Paulo,3550308,True,,32975,,,-23.5476865,-46.6292585,,,,2,2023-06-19T08:28:28+00:00
SAO_208V-10,São Paulo,3550308,True,,32975,,,-23.5476865,-46.6292585,,,,2,2023-06-19T08:28:57+00:00
SAO_208V-10,São Paulo,3550308,True,,32975,,,-23.5476865,-46.6292585,,,,2,2023-06-19T08:29:02+00:00
SAO_208V-10,São Paulo,3550308,True,,32975,,,-23.5173865,-46.47583825,,,,2,2023-06-19T08:28:59+00:00
SAO_208V-10,São Paulo,3550308,True,,32975,,,-23.5184535,-46.475611,,,,2,2023-06-19T08:28:39+00:00
SAO_208V-10,São Paulo,3550308,True,,32975,,,-23.5476865,-46.6292585,,,,2,2023-06-19T08:28:51+00:00
SAO_208V-10,São Paulo,3550308,True,,32975,,,-23.518385000000002,-46.475624499999995,,,,2,2023-06-19T08:29:04+00:00
SAO_208V-10,São Paulo,3550308,True,,32975,,,-23.5476865,-46.6292585,,,,2,2023-06-19T08:28:38+00:00
SAO_6003-10,São Paulo,3550308,True,,34240,,,-23.766613,-46.71643,,,,2,2023-06-19T08:29:01+00:00
SAO_N131-11,São Paulo,3550308,True,,35055,,,-23.5194305,-46.7532545,,,,2,2023-06-19T08:28:58+00:00
SAO_N303-11,São Paulo,3550308,True,,35105,,,-23.517555125,-46.47618175,,,,2,2023-06-19T08:28:22+00:00
SAO_2014-10,São Paulo,3550308,True,Urubupungá,900,https://moovitapp.com/index/pt-br/transporte_p%C3%BAblico-line-900-Sao_Paulo-242-873835-496470-0,4.6,-23.457081000000002,-46.669748,,,,1,2023-06-19T08:29:05+00:00
SAO_2014-10,São Paulo,3550308,True,Urubupungá,900,https://moovitapp.com/index/pt-br/transporte_p%C3%BAblico-line-900-Sao_Paulo-242-873835-496470-0,4.6,-23.457081000000002,-46.669748,,,,1,2023-06-19T08:28:29+00:00
SAO_2014-10,São Paulo,3550308,True,Urubupungá,900,https://moovitapp.com/index/pt-br/transporte_p%C3%BAblico-line-900-Sao_Paulo-242-873835-496470-0,4.6,-23.457081000000002,-46.669748,,,,1,2023-06-19T08:28:34+00:00
SAO_2014-10,São Paulo,3550308,True,Urubupungá,900,https://moovitapp.com/index/pt-br/transporte_p%C3%BAblico-line-900-Sao_Paulo-242-873835-496470-0,4.6,-23.457081000000002,-46.669748,,,,1,2023-06-19T08:28:52+00:00
SAO_2014-10,São Paulo,3550308,True,Urubupungá,900,https://moovitapp.com/index/pt-br/transporte_p%C3%BAblico-line-900-Sao_Paulo-242-873835-496470-0,4.6,-23.457081000000002,-46.669748,,,,1,2023-06-19T08:28:47+00:00
SAO_2014-10,São Paulo,3550308,True,Urubupungá,900,https://moovitapp.com/index/pt-br/transporte_p%C3%BAblico-line-900-Sao_Paulo-242-873835-496470-0,4.6,-23.457081000000002,-46.669748,,,,1,2023-06-19T08:28:59+00:00
SAO_2014-10,São Paulo,3550308,True,Urubupungá,900,https://moovitapp.com/index/pt-br/transporte_p%C3%BAblico-line-900-Sao_Paulo-242-873835-496470-0,4.6,-23.457081000000002,-46.669748,,,,1,2023-06-19T08:28:26+00:00
SAO_2014-10,São Paulo,3550308,True,Urubupungá,900,https://moovitapp.com/index/pt-br/transporte_p%C3%BAblico-line-900-Sao_Paulo-242-873835-496470-0,4.6,-23.457081000000002,-46.669748,,,,1,2023-06-19T08:28:50+00:00
SAO_2014-10,São Paulo,3550308,True,Urubupungá,900,https://moovitapp.com/index/pt-br/transporte_p%C3%BAblico-line-900-Sao_Paulo-242-873835-496470-0,4.6,-23.457081000000002,-46.669748,,,,1,2023-06-19T08:23:17+00:00
SAO_2014-10,São Paulo,3550308,True,Urubupungá,900,https://moovitapp.com/index/pt-br/transporte_p%C3%BAblico-line-900-Sao_Paulo-242-873835-496470-0,4.6,-23.457081000000002,-46.669748,,,,1,2023-06-19T08:28:49+00:00
SAO_2014-10,São Paulo,3550308,True,Urubupungá,900,https://moovitapp.com/index/pt-br/transporte_p%C3%BAblico-line-900-Sao_Paulo-242-873835-496470-0,4.6,-23.457081000000002,-46.669748,,,,1,2023-06-19T08:28:57+00:00
SAO_2014-10,São Paulo,3550308,True,Urubupungá,900,https://moovitapp.com/index/pt-br/transporte_p%C3%BAblico-line-900-Sao_Paulo-242-873835-496470-0,4.6,-23.457081000000002,-46.669748,,,,1,2023-06-19T08:28:54+00:00
SAO_2014-10,São Paulo,3550308,True,Urubupungá,900,https://moovitapp.com/index/pt-br/transporte_p%C3%BAblico-line-900-Sao_Paulo-242-873835-496470-0,4.6,-23.457081000000002,-46.669748,,,,1,2023-06-19T08:28:24+00:00
SAO_2014-10,São Paulo,3550308,True,Urubupungá,900,https://moovitapp.com/index/pt-br/transporte_p%C3%BAblico-line-900-Sao_Paulo-242-873835-496470-0,4.6,-23.457081000000002,-46.669748,,,,1,2023-06-19T08:28:39+00:00
SAO_2014-10,São Paulo,3550308,True,Urubupungá,900,https://moovitapp.com/index/pt-br/transporte_p%C3%BAblico-line-900-Sao_Paulo-242-873835-496470-0,4.6,-23.457081000000002,-46.669748,,,,1,2023-06-19T08:28:34+00:00
SAO_2014-10,São Paulo,3550308,True,Urubupungá,900,https://moovitapp.com/index/pt-br/transporte_p%C3%BAblico-line-900-Sao_Paulo-242-873835-496470-0,4.6,-23.457081000000002,-46.669748,,,,1,2023-06-19T08:28:23+00:00
SAO_2014-10,São Paulo,3550308,True,Urubupungá,900,https://moovitapp.com/index/pt-br/transporte_p%C3%BAblico-line-900-Sao_Paulo-242-873835-496470-0,4.6,-23.457081000000002,-46.669748,,,,1,2023-06-19T08:28:34+00:00
SAO_2014-10,São Paulo,3550308,True,Urubupungá,900,https://moovitapp.com/index/pt-br/transporte_p%C3%BAblico-line-900-Sao_Paulo-242-873835-496470-0,4.6,-23.457081000000002,-46.669748,,,,1,2023-06-19T08:28:50+00:00
SAO_2014-10,São Paulo,3550308,True,Urubupungá,900,https://moovitapp.com/index/pt-br/transporte_p%C3%BAblico-line-900-Sao_Paulo-242-873835-496470-0,4.6,-23.457081000000002,-46.669748,,,,1,2023-06-19T08:28:40+00:00
SAO_2014-10,São Paulo,3550308,True,Urubupungá,900,https://moovitapp.com/index/pt-br/transporte_p%C3%BAblico-line-900-Sao_Paulo-242-873835-496470-0,4.6,-23.457081000000002,-46.669748,,,,1,2023-06-19T08:29:03+00:00
SAO_N435-11,São Paulo,3550308,True,,35136,,,-23.582922,-46.4081745,,,,2,2023-06-19T08:28:26+00:00
SAO_4051-10,São Paulo,3550308,True,,2144,,,-23.5592195,-46.399505500000004,,,,1,2023-06-19T08:27:18+00:00
SAO_4051-10,São Paulo,3550308,True,,2144,,,-23.561616,-46.401831,,,,1,2023-06-19T08:29:01+00:00
SAO_4051-10,São Paulo,3550308,True,,2144,,,-23.561616,-46.401831,,,,1,2023-06-19T08:28:25+00:00
SAO_4051-10,São Paulo,3550308,True,,2144,,,-23.561616,-46.401831,,,,1,2023-06-19T08:29:03+00:00
SAO_5164-21,São Paulo,3550308,True,,1616,,,-23.6461105,-46.6469465,,,,1,2023-06-19T08:28:41+00:00
SAO_5164-21,São Paulo,3550308,True,,1616,,,-23.6463425,-46.64646425,,,,1,2023-06-19T08:28:30+00:00
SAO_5164-21,São Paulo,3550308,True,,1616,,,-23.6461105,-46.6469465,,,,1,2023-06-19T08:28:30+00:00
SAO_5164-21,São Paulo,3550308,True,,1616,,,-23.6464495,-46.646234750000005,,,,1,2023-06-19T08:28:48+00:00
SAO_7053-10,São Paulo,3550308,True,,34655,,,-23.653941000000003,-46.78870825,,,,2,2023-06-19T08:29:04+00:00
SAO_7053-10,São Paulo,3550308,True,,34655,,,-23.653941000000003,-46.78870825,,,,2,2023-06-19T08:29:02+00:00
SAO_7053-10,São Paulo,3550308,True,,34655,,,-23.653941000000003,-46.78870825,,,,2,2023-06-19T08:28:54+00:00
SAO_7053-10,São Paulo,3550308,True,,34655,,,-23.653941000000003,-46.78870825,,,,2,2023-06-19T08:19:35+00:00
SAO_7053-10,São Paulo,3550308,True,,34655,,,-23.654055,-46.78842275,,,,2,2023-06-19T08:29:03+00:00
SAO_7053-10,São Paulo,3550308,True,,34655,,,-23.653941000000003,-46.78870825,,,,2,2023-06-19T08:28:58+00:00
SAO_6047-10,São Paulo,3550308,True,,1224,,,-23.6686645,-46.763990500000006,,,,1,2023-06-19T08:28:36+00:00
SAO_6047-10,São Paulo,3550308,True,,1224,,,-23.6686645,-46.763990500000006,,,,1,2023-06-19T08:28:29+00:00
SAO_6047-10,São Paulo,3550308,True,,1224,,,-23.6689225,-46.764298999999994,,,,1,2023-06-19T08:29:06+00:00
SAO_N831-11,São Paulo,3550308,True,,35198,,,-23.5198375,-46.7006815,,,,2,2023-06-19T08:28:54+00:00
SAO_3731-10,São Paulo,3550308,True,,1028,,,-23.539874,-46.516463,,,,1,2023-06-19T08:28:34+00:00
SAO_3731-10,São Paulo,3550308,True,,1028,,,-23.539611999999998,-46.516724999999994,,,,1,2023-06-19T08:28:59+00:00
SAO_3731-10,São Paulo,3550308,True,,1028,,,-23.54011525,-46.51618425,,,,1,2023-06-19T08:27:52+00:00
SAO_3731-10,São Paulo,3550308,True,,1028,,,-23.54011525,-46.51618425,,,,1,2023-06-19T08:28:43+00:00
SAO_3731-10,São Paulo,3550308,True,,1028,,,-23.539611999999998,-46.516724999999994,,,,1,2023-06-19T08:28:49+00:00
SAO_3731-10,São Paulo,3550308,True,,1028,,,-23.54011525,-46.51618425,,,,1,2023-06-19T08:28:22+00:00
SAO_3731-10,São Paulo,3550308,True,,1028,,,-23.5393245,-46.516946000000004,,,,1,2023-06-19T08:28:42+00:00
SAO_3731-10,São Paulo,3550308,True,,1028,,,-23.539611999999998,-46.516724999999994,,,,1,2023-06-19T08:28:36+00:00
SAO_3731-10,São Paulo,3550308,True,,1028,,,-23.539611999999998,-46.516724999999994,,,,1,2023-06-19T08:28:23+00:00
SAO_3731-10,São Paulo,3550308,True,,1028,,,-23.54011525,-46.51618425,,,,1,2023-06-19T08:27:28+00:00
SAO_372F-10,São Paulo,3550308,True,,33783,,,-23.552103000000002,-46.598889,,,,2,2023-06-19T08:26:48+00:00
SAO_372F-10,São Paulo,3550308,True,,33783,,,-23.552103000000002,-46.598889,,,,2,2023-06-19T08:28:58+00:00
SAO_N735-11,São Paulo,3550308,True,,35184,,,-23.692511000000003,-46.7778525,,,,2,2023-06-19T08:28:26+00:00
SAO_637P-10,São Paulo,3550308,True,,32815,,,-23.566628,-46.701685499999996,,,,2,2023-06-19T08:28:34+00:00
SAO_637P-10,São Paulo,3550308,True,,32815,,,-23.566628,-46.701685499999996,,,,2,2023-06-19T08:28:35+00:00
SAO_N540-11,São Paulo,3550308,True,,2481,,,-23.614103,-46.501052,,,,1,2023-06-19T08:28:45+00:00
SAO_253F-10,São Paulo,3550308,True,,32926,,,-23.613302,-46.4764105,,,,2,2023-06-19T08:29:01+00:00
SAO_253F-10,São Paulo,3550308,True,,32926,,,-23.613302,-46.4764105,,,,2,2023-06-19T08:29:04+00:00
SAO_253F-10,São Paulo,3550308,True,,32926,,,-23.613302,-46.4764105,,,,2,2023-06-19T08:29:04+00:00
SAO_253F-10,São Paulo,3550308,True,,32926,,,-23.613302,-46.4764105,,,,2,2023-06-19T08:28:53+00:00
SAO_253F-10,São Paulo,3550308,True,,32926,,,-23.613302,-46.4764105,,,,2,2023-06-19T08:28:59+00:00
SAO_253F-10,São Paulo,3550308,True,,32926,,,-23.613302,-46.4764105,,,,2,2023-06-19T08:28:24+00:00
SAO_253F-10,São Paulo,3550308,True,,32926,,,-23.613302,-46.4764105,,,,2,2023-06-19T08:28:48+00:00
SAO_253F-10,São Paulo,3550308,True,,32926,,,-23.613302,-46.4764105,,,,2,2023-06-19T08:28:37+00:00
SAO_253F-10,São Paulo,3550308,True,,32926,,,-23.613302,-46.4764105,,,,2,2023-06-19T08:28:47+00:00
SAO_6037-10,São Paulo,3550308,True,,33983,,,-23.64887075,-46.78563725,,,,2,2023-06-19T08:28:49+00:00
SAO_6037-10,São Paulo,3550308,True,,33983,,,-23.64904925,-46.78534475,,,,2,2023-06-19T08:28:57+00:00
SAO_6037-10,São Paulo,3550308,True,,33983,,,-23.64835625,-46.78649075,,,,2,2023-06-19T08:28:34+00:00
SAO_6037-10,São Paulo,3550308,True,,33983,,,-23.64904925,-46.78534475,,,,2,2023-06-19T08:28:33+00:00
SAO_6037-10,São Paulo,3550308,True,,33983,,,-23.648520750000003,-46.78621425,,,,2,2023-06-19T08:28:44+00:00
SAO_6037-10,São Paulo,3550308,True,,33983,,,-23.649529,-46.707288000000005,,,,2,2023-06-19T08:28:48+00:00
SAO_6037-10,São Paulo,3550308,True,,33983,,,-23.64887075,-46.78563725,,,,2,2023-06-19T08:28:59+00:00
SAO_6037-10,São Paulo,3550308,True,,33983,,,-23.64887075,-46.78563725,,,,2,2023-06-19T08:28:39+00:00
SAO_N101-11,São Paulo,3550308,True,,35050,,,-23.519705000000002,-46.7003425,,,,2,2023-06-19T08:28:50+00:00
SAO_N539-11,São Paulo,3550308,True,,35159,,,-23.6026135,-46.602717,,,,2,2023-06-19T08:28:37+00:00
SAO_6084-10,São Paulo,3550308,True,,33937,,,-23.7812805,-46.67209375,,,,2,2023-06-19T08:28:24+00:00
SAO_6084-10,São Paulo,3550308,True,,33937,,,-23.7812805,-46.67209375,,,,2,2023-06-19T08:28:37+00:00
SAO_6084-10,São Paulo,3550308,True,,33937,,,-23.7812805,-46.67209375,,,,2,2023-06-19T08:28:15+00:00
SAO_6084-10,São Paulo,3550308,True,,33937,,,-23.7812805,-46.67209375,,,,2,2023-06-19T08:28:49+00:00
SAO_6084-10,São Paulo,3550308,True,,33937,,,-23.7812805,-46.67209375,,,,2,2023-06-19T08:29:06+00:00
SAO_6084-10,São Paulo,3550308,True,,33937,,,-23.7812805,-46.67209375,,,,2,2023-06-19T08:28:55+00:00
SAO_6084-10,São Paulo,3550308,True,,33937,,,-23.7812805,-46.67209375,,,,2,2023-06-19T08:28:37+00:00
SAO_6084-10,São Paulo,3550308,True,,33937,,,-23.7812805,-46.67209375,,,,2,2023-06-19T08:28:27+00:00
SAO_6084-10,São Paulo,3550308,True,,33937,,,-23.7812805,-46.67209375,,,,2,2023-06-19T08:29:04+00:00
SAO_6084-10,São Paulo,3550308,True,,33937,,,-23.7812805,-46.67209375,,,,2,2023-06-19T08:25:18+00:00
SAO_6084-10,São Paulo,3550308,True,,33937,,,-23.7812805,-46.67209375,,,,2,2023-06-19T08:28:34+00:00
SAO_6084-10,São Paulo,3550308,True,,33937,,,-23.7812805,-46.67209375,,,,2,2023-06-19T08:28:59+00:00
SAO_N433-11,São Paulo,3550308,True,,2366,,,-23.54289,-46.588125500000004,,,,1,2023-06-19T08:28:25+00:00
SAO_5105-10,São Paulo,3550308,True,,34419,,,-23.602994000000002,-46.602816000000004,,,,2,2023-06-19T08:28:37+00:00
SAO_5105-10,São Paulo,3550308,True,,34419,,,-23.5472265,-46.6288135,,,,2,2023-06-19T08:28:28+00:00
SAO_5105-10,São Paulo,3550308,True,,34419,,,-23.602994000000002,-46.602816000000004,,,,2,2023-06-19T08:28:30+00:00
SAO_5105-10,São Paulo,3550308,True,,34419,,,-23.602994000000002,-46.602816000000004,,,,2,2023-06-19T08:28:57+00:00
SAO_5105-10,São Paulo,3550308,True,,34419,,,-23.6034985,-46.601729000000006,,,,2,2023-06-19T08:28:37+00:00
SAO_5105-10,São Paulo,3550308,True,,34419,,,-23.603538999999998,-46.601470500000005,,,,2,2023-06-19T08:28:22+00:00
SAO_5105-10,São Paulo,3550308,True,,34419,,,-23.6034215,-46.602013,,,,2,2023-06-19T08:28:41+00:00
SAO_5105-10,São Paulo,3550308,True,,34419,,,-23.6034985,-46.601729000000006,,,,2,2023-06-19T08:28:55+00:00
SAO_5105-10,São Paulo,3550308,True,,34419,,,-23.603226749999997,-46.60239175,,,,2,2023-06-19T08:28:22+00:00
SAO_6200-10,São Paulo,3550308,True,,355,,,-23.654262,-46.713696,,,,1,2023-06-19T08:28:53+00:00
SAO_6200-10,São Paulo,3550308,True,,355,,,-23.654486499999997,-46.7150675,,,,1,2023-06-19T08:28:48+00:00
SAO_6200-10,São Paulo,3550308,True,,355,,,-23.6542185,-46.7133365,,,,1,2023-06-19T08:28:54+00:00
SAO_6200-10,São Paulo,3550308,True,,355,,,-23.6542855,-46.713894499999995,,,,1,2023-06-19T08:28:45+00:00
SAO_6200-10,São Paulo,3550308,True,,355,,,-23.654486499999997,-46.7150675,,,,1,2023-06-19T08:28:47+00:00
SAO_6200-10,São Paulo,3550308,True,,355,,,-23.654486499999997,-46.7150675,,,,1,2023-06-19T08:28:51+00:00
SAO_857R-10,São Paulo,3550308,True,,34660,,,-23.6312955,-46.773033999999996,,,,2,2023-06-19T08:28:45+00:00
SAO_857R-10,São Paulo,3550308,True,,34660,,,-23.6305435,-46.773462499999994,,,,2,2023-06-19T08:29:02+00:00
SAO_857R-10,São Paulo,3550308,True,,34660,,,-23.631218,-46.773197499999995,,,,2,2023-06-19T08:28:25+00:00
SAO_N106-11,São Paulo,3550308,True,,35068,,,-23.52644,-46.66704,,,,2,2023-06-19T08:28:35+00:00
SAO_N741-11,São Paulo,3550308,True,,35190,,,-23.6540545,-46.763478,,,,2,2023-06-19T08:28:51+00:00
SAO_6052-10,São Paulo,3550308,True,,33912,,,-23.775509999999997,-46.691679,,,,2,2023-06-19T08:28:53+00:00
SAO_6052-10,São Paulo,3550308,True,,33912,,,-23.775509999999997,-46.691679,,,,2,2023-06-19T08:28:58+00:00
SAO_6052-10,São Paulo,3550308,True,,33912,,,-23.775509999999997,-46.691679,,,,2,2023-06-19T08:28:39+00:00
SAO_6052-10,São Paulo,3550308,True,,33912,,,-23.775509999999997,-46.691679,,,,2,2023-06-19T08:28:55+00:00
SAO_6052-10,São Paulo,3550308,True,,33912,,,-23.775509999999997,-46.691679,,,,2,2023-06-19T08:28:40+00:00
SAO_6052-10,São Paulo,3550308,True,,33912,,,-23.775509999999997,-46.691679,,,,2,2023-06-19T08:28:25+00:00
SAO_6052-10,São Paulo,3550308,True,,33912,,,-23.775509999999997,-46.691679,,,,2,2023-06-19T08:28:24+00:00
SAO_5012-10,São Paulo,3550308,True,,33884,,,-23.6459105,-46.6397875,,,,2,2023-06-19T08:28:35+00:00
SAO_5012-10,São Paulo,3550308,True,,33884,,,-23.6459105,-46.6397875,,,,2,2023-06-19T08:25:54+00:00
SAO_5012-10,São Paulo,3550308,True,,33884,,,-23.6459105,-46.6397875,,,,2,2023-06-19T08:28:36+00:00
SAO_5012-10,São Paulo,3550308,True,,33884,,,-23.6459105,-46.6397875,,,,2,2023-06-19T08:28:19+00:00
SAO_5012-10,São Paulo,3550308,True,,33884,,,-23.6459105,-46.6397875,,,,2,2023-06-19T08:29:04+00:00
SAO_5012-10,São Paulo,3550308,True,,33884,,,-23.6459105,-46.6397875,,,,2,2023-06-19T08:27:59+00:00
SAO_5012-10,São Paulo,3550308,True,,33884,,,-23.6459105,-46.6397875,,,,2,2023-06-19T08:28:52+00:00
SAO_5012-10,São Paulo,3550308,True,,33884,,,-23.6459105,-46.6397875,,,,2,2023-06-19T08:28:53+00:00
SAO_5012-10,São Paulo,3550308,True,,33884,,,-23.6459105,-46.6397875,,,,2,2023-06-19T08:27:19+00:00
SAO_5012-10,São Paulo,3550308,True,,33884,,,-23.6459105,-46.6397875,,,,2,2023-06-19T08:29:04+00:00
SAO_N503-11,São Paulo,3550308,True,,35145,,,-23.612541,-46.4761165,,,,2,2023-06-19T08:29:03+00:00
SAO_N503-11,São Paulo,3550308,True,,35145,,,-23.5989565,-46.516695999999996,,,,2,2023-06-19T08:28:33+00:00
SAO_6970-10,São Paulo,3550308,True,,1505,,,-23.737581499999997,-46.697899500000005,,,,1,2023-06-19T08:28:42+00:00
SAO_6970-10,São Paulo,3550308,True,,1505,,,-23.737581499999997,-46.697899500000005,,,,1,2023-06-19T08:28:23+00:00
SAO_6970-10,São Paulo,3550308,True,,1505,,,-23.737581499999997,-46.697899500000005,,,,1,2023-06-19T08:28:59+00:00
SAO_6970-10,São Paulo,3550308,True,,1505,,,-23.737581499999997,-46.697899500000005,,,,1,2023-06-19T08:28:40+00:00
SAO_6970-10,São Paulo,3550308,True,,1505,,,-23.737581499999997,-46.697899500000005,,,,1,2023-06-19T08:28:42+00:00
SAO_6970-10,São Paulo,3550308,True,,1505,,,-23.737581499999997,-46.697899500000005,,,,1,2023-06-19T08:28:20+00:00
SAO_6970-10,São Paulo,3550308,True,,1505,,,-23.737581499999997,-46.697899500000005,,,,1,2023-06-19T08:26:10+00:00
SAO_6L10-41,São Paulo,3550308,True,,2005,,,-23.7675415,-46.716446000000005,,,,1,2023-06-19T08:28:40+00:00
SAO_2724-10,São Paulo,3550308,True,,33706,,,-23.53987,-46.4833455,,,,2,2023-06-19T08:28:55+00:00
SAO_2724-10,São Paulo,3550308,True,,33706,,,-23.5224605,-46.4677965,,,,2,2023-06-19T08:28:52+00:00
SAO_5038-10,São Paulo,3550308,True,,1661,,,-23.65083,-46.6142375,,,,1,2023-06-19T08:29:02+00:00
SAO_N705-11,São Paulo,3550308,True,,35178,,,-23.60848675,-46.69988325,,,,2,2023-06-19T08:28:54+00:00
SAO_709M-10,São Paulo,3550308,True,,2462,,,-23.654158,-46.710677000000004,,,,1,2023-06-19T08:28:55+00:00
SAO_709M-10,São Paulo,3550308,True,,2462,,,-23.654158,-46.710677000000004,,,,1,2023-06-19T08:28:06+00:00
SAO_709M-10,São Paulo,3550308,True,,2462,,,-23.654158,-46.710677000000004,,,,1,2023-06-19T08:28:34+00:00
SAO_709M-10,São Paulo,3550308,True,,2462,,,-23.654158,-46.710677000000004,,,,1,2023-06-19T08:28:50+00:00
SAO_574R-10,São Paulo,3550308,True,,34391,,,-23.61211,-46.5044635,,,,2,2023-06-19T08:28:50+00:00
SAO_N706-11,São Paulo,3550308,True,,2411,,,-23.572586,-46.704449499999996,,,,1,2023-06-19T08:29:06+00:00
SAO_N837-11,São Paulo,3550308,True,,35204,,,-23.5900685,-46.7683595,,,,2,2023-06-19T08:28:46+00:00
SAO_675M-10,São Paulo,3550308,True,ETT,108,https://moovitapp.com/index/pt-br/transporte_p%C3%BAblico-line-108-Sao_Paulo-242-876373-496510-0,5.3,-23.6461105,-46.6469465,,,,1,2023-06-19T08:29:01+00:00
SAO_675M-10,São Paulo,3550308,True,ETT,108,https://moovitapp.com/index/pt-br/transporte_p%C3%BAblico-line-108-Sao_Paulo-242-876373-496510-0,5.3,-23.646229499999997,-46.646701500000006,,,,1,2023-06-19T08:29:05+00:00
SAO_675M-10,São Paulo,3550308,True,ETT,108,https://moovitapp.com/index/pt-br/transporte_p%C3%BAblico-line-108-Sao_Paulo-242-876373-496510-0,5.3,-23.6461105,-46.6469465,,,,1,2023-06-19T08:28:55+00:00
SAO_675M-10,São Paulo,3550308,True,ETT,108,https://moovitapp.com/index/pt-br/transporte_p%C3%BAblico-line-108-Sao_Paulo-242-876373-496510-0,5.3,-23.6464495,-46.646234750000005,,,,1,2023-06-19T08:28:59+00:00
SAO_675M-10,São Paulo,3550308,True,ETT,108,https://moovitapp.com/index/pt-br/transporte_p%C3%BAblico-line-108-Sao_Paulo-242-876373-496510-0,5.3,-23.646406,-46.644999,,,,1,2023-06-19T08:28:58+00:00
SAO_N231-11,São Paulo,3550308,True,,35088,,,-23.4651615,-46.636493,,,,2,2023-06-19T08:28:59+00:00
SAO_N209-11,São Paulo,3550308,True,,2319,,,-23.503132,-46.6247695,,,,1,2023-06-19T08:28:53+00:00
SAO_N531-11,São Paulo,3550308,True,,35151,,,-23.584287,-46.584342,,,,2,2023-06-19T08:29:06+00:00
SAO_2727-10,São Paulo,3550308,True,,942,,,-23.540153,-46.483096,,,,1,2023-06-19T08:28:45+00:00
SAO_2727-10,São Paulo,3550308,True,,942,,,-23.540153,-46.483096,,,,1,2023-06-19T08:28:55+00:00
SAO_2727-10,São Paulo,3550308,True,,942,,,-23.540153,-46.483096,,,,1,2023-06-19T08:28:34+00:00
SAO_2727-10,São Paulo,3550308,True,,942,,,-23.540153,-46.483096,,,,1,2023-06-19T08:28:59+00:00
SAO_2727-10,São Paulo,3550308,True,,942,,,-23.540153,-46.483096,,,,1,2023-06-19T08:28:33+00:00
SAO_2727-10,São Paulo,3550308,True,,942,,,-23.540153,-46.483096,,,,1,2023-06-19T08:28:43+00:00
SAO_2727-10,São Paulo,3550308,True,,942,,,-23.540153,-46.483096,,,,1,2023-06-19T08:28:58+00:00
SAO_2727-10,São Paulo,3550308,True,,942,,,-23.540153,-46.483096,,,,1,2023-06-19T08:28:41+00:00
SAO_2727-10,São Paulo,3550308,True,,942,,,-23.540153,-46.483096,,,,1,2023-06-19T08:28:32+00:00
SAO_2727-10,São Paulo,3550308,True,,942,,,-23.540153,-46.483096,,,,1,2023-06-19T08:28:37+00:00
SAO_6037-10,São Paulo,3550308,True,,1215,,,-23.6493575,-46.7848365,,,,1,2023-06-19T08:28:34+00:00
SAO_6037-10,São Paulo,3550308,True,,1215,,,-23.6493575,-46.7848365,,,,1,2023-06-19T08:28:42+00:00
SAO_6037-10,São Paulo,3550308,True,,1215,,,-23.6493575,-46.7848365,,,,1,2023-06-19T08:28:25+00:00
SAO_677Y-10,São Paulo,3550308,True,,34008,,,-23.6939725,-46.7947725,,,,2,2023-06-19T08:28:33+00:00
SAO_N101-11,São Paulo,3550308,True,,2282,,,-23.546979,-46.63057,,,,1,2023-06-19T08:28:52+00:00
SAO_128Y-10,São Paulo,3550308,True,EMTU,843,https://moovitapp.com/index/pt-br/transporte_p%C3%BAblico-line-843-Sao_Paulo-242-2038937-36419606-0,4.1,-23.4577015,-46.6729265,,,,1,2023-06-19T08:28:40+00:00
SAO_8075-21,São Paulo,3550308,True,,35305,,,-23.631508,-46.7726,,,,2,2023-06-19T08:28:52+00:00
SAO_6000-10,São Paulo,3550308,True,,1140,,,-23.746439000000002,-46.707392,,,,1,2023-06-19T08:28:59+00:00
SAO_2704-10,São Paulo,3550308,True,,916,,,-23.5198535,-46.41966,,,,1,2023-06-19T08:28:22+00:00
SAO_2704-10,São Paulo,3550308,True,,916,,,-23.5198535,-46.41966,,,,1,2023-06-19T08:28:46+00:00
SAO_2704-10,São Paulo,3550308,True,,916,,,-23.526659000000002,-46.409887999999995,,,,1,2023-06-19T08:27:14+00:00
SAO_2704-10,São Paulo,3550308,True,,916,,,-23.5198535,-46.41966,,,,1,2023-06-19T08:28:41+00:00
SAO_2721-10,São Paulo,3550308,True,,33702,,,-23.519723499999998,-46.4094305,,,,2,2023-06-19T08:28:56+00:00
SAO_3459-10,São Paulo,3550308,True,,33170,,,-23.547625500000002,-46.629791499999996,,,,2,2023-06-19T08:29:04+00:00
SAO_3459-10,São Paulo,3550308,True,,33170,,,-23.547625500000002,-46.629791499999996,,,,2,2023-06-19T08:28:52+00:00
SAO_3459-10,São Paulo,3550308,True,,33170,,,-23.547625500000002,-46.629791499999996,,,,2,2023-06-19T08:29:01+00:00
SAO_3459-10,São Paulo,3550308,True,,33170,,,-23.547625500000002,-46.629791499999996,,,,2,2023-06-19T08:28:22+00:00
SAO_3459-10,São Paulo,3550308,True,,33170,,,-23.547625500000002,-46.629791499999996,,,,2,2023-06-19T08:26:45+00:00
SAO_3459-10,São Paulo,3550308,True,,33170,,,-23.547625500000002,-46.629791499999996,,,,2,2023-06-19T08:27:27+00:00
SAO_3459-10,São Paulo,3550308,True,,33170,,,-23.547625500000002,-46.629791499999996,,,,2,2023-06-19T08:28:33+00:00
SAO_3459-10,São Paulo,3550308,True,,33170,,,-23.547625500000002,-46.629791499999996,,,,2,2023-06-19T08:29:03+00:00
SAO_3459-10,São Paulo,3550308,True,,33170,,,-23.547625500000002,-46.629791499999996,,,,2,2023-06-19T08:28:19+00:00
SAO_3459-10,São Paulo,3550308,True,,33170,,,-23.547625500000002,-46.629791499999996,,,,2,2023-06-19T08:29:03+00:00
SAO_3459-10,São Paulo,3550308,True,,33170,,,-23.547625500000002,-46.629791499999996,,,,2,2023-06-19T08:28:57+00:00
SAO_3459-10,São Paulo,3550308,True,,33170,,,-23.547625500000002,-46.629791499999996,,,,2,2023-06-19T08:29:01+00:00
SAO_3459-10,São Paulo,3550308,True,,33170,,,-23.547625500000002,-46.629791499999996,,,,2,2023-06-19T08:28:39+00:00
SAO_3459-10,São Paulo,3550308,True,,33170,,,-23.547625500000002,-46.629791499999996,,,,2,2023-06-19T08:29:01+00:00
SAO_3459-10,São Paulo,3550308,True,,33170,,,-23.547625500000002,-46.629791499999996,,,,2,2023-06-19T08:28:40+00:00
SAO_3459-10,São Paulo,3550308,True,,33170,,,-23.547625500000002,-46.629791499999996,,,,2,2023-06-19T08:28:57+00:00
SAO_3459-10,São Paulo,3550308,True,,33170,,,-23.547625500000002,-46.629791499999996,,,,2,2023-06-19T08:28:38+00:00
SAO_3459-10,São Paulo,3550308,True,,33170,,,-23.547625500000002,-46.629791499999996,,,,2,2023-06-19T08:28:53+00:00
SAO_3459-10,São Paulo,3550308,True,,33170,,,-23.516762,-46.384977500000005,,,,2,2023-06-19T08:28:35+00:00
SAO_3459-10,São Paulo,3550308,True,,33170,,,-23.547625500000002,-46.629791499999996,,,,2,2023-06-19T08:28:36+00:00
SAO_3459-10,São Paulo,3550308,True,,33170,,,-23.547625500000002,-46.629791499999996,,,,2,2023-06-19T08:28:39+00:00
SAO_3459-10,São Paulo,3550308,True,,33170,,,-23.547625500000002,-46.629791499999996,,,,2,2023-06-19T08:28:56+00:00
SAO_3459-10,São Paulo,3550308,True,,33170,,,-23.547625500000002,-46.629791499999996,,,,2,2023-06-19T08:29:01+00:00
SAO_3459-10,São Paulo,3550308,True,,33170,,,-23.547625500000002,-46.629791499999996,,,,2,2023-06-19T08:29:02+00:00
SAO_3459-10,São Paulo,3550308,True,,33170,,,-23.547625500000002,-46.629791499999996,,,,2,2023-06-19T08:26:11+00:00
SAO_3459-10,São Paulo,3550308,True,,33170,,,-23.547625500000002,-46.629791499999996,,,,2,2023-06-19T08:28:17+00:00
SAO_307C-10,São Paulo,3550308,True,,2114,,,-23.518203,-46.3863025,,,,1,2023-06-19T08:28:31+00:00
SAO_307C-10,São Paulo,3550308,True,,2114,,,-23.51828025,-46.3879975,,,,1,2023-06-19T08:28:53+00:00
SAO_307C-10,São Paulo,3550308,True,,2114,,,-23.518463,-46.387691000000004,,,,1,2023-06-19T08:28:57+00:00
SAO_307C-10,São Paulo,3550308,True,,2114,,,-23.51798475,-46.3882325,,,,1,2023-06-19T08:28:24+00:00
SAO_2666-10,São Paulo,3550308,True,EMTU,378,https://moovitapp.com/index/pt-br/transporte_p%C3%BAblico-line-378-Sao_Paulo-242-2038937-36419452-0,12.1,-23.5186745,-46.387703,,,,1,2023-06-19T08:28:27+00:00
SAO_2666-10,São Paulo,3550308,True,EMTU,378,https://moovitapp.com/index/pt-br/transporte_p%C3%BAblico-line-378-Sao_Paulo-242-2038937-36419452-0,12.1,-23.51828025,-46.3879975,,,,1,2023-06-19T08:29:04+00:00
SAO_2666-10,São Paulo,3550308,True,EMTU,378,https://moovitapp.com/index/pt-br/transporte_p%C3%BAblico-line-378-Sao_Paulo-242-2038937-36419452-0,12.1,-23.5185215,-46.387811,,,,1,2023-06-19T08:28:39+00:00
SAO_2666-10,São Paulo,3550308,True,EMTU,378,https://moovitapp.com/index/pt-br/transporte_p%C3%BAblico-line-378-Sao_Paulo-242-2038937-36419452-0,12.1,-23.51828025,-46.3879975,,,,1,2023-06-19T08:29:04+00:00
SAO_2666-10,São Paulo,3550308,True,EMTU,378,https://moovitapp.com/index/pt-br/transporte_p%C3%BAblico-line-378-Sao_Paulo-242-2038937-36419452-0,12.1,-23.51828025,-46.3879975,,,,1,2023-06-19T08:28:23+00:00
SAO_5791-21,São Paulo,3550308,True,,2463,,,-23.646283500000003,-46.640574,,,,1,2023-06-19T08:27:56+00:00
SAO_5791-21,São Paulo,3550308,True,,2463,,,-23.646283500000003,-46.640574,,,,1,2023-06-19T08:28:31+00:00
SAO_5791-21,São Paulo,3550308,True,,2463,,,-23.646283500000003,-46.640574,,,,1,2023-06-19T08:28:55+00:00
SAO_7049-10,São Paulo,3550308,True,,34680,,,-23.7115665,-46.7780305,,,,2,2023-06-19T08:28:53+00:00
SAO_7049-10,São Paulo,3550308,True,,34680,,,-23.711143749999998,-46.778219750000005,,,,2,2023-06-19T08:28:39+00:00
SAO_7049-10,São Paulo,3550308,True,,34680,,,-23.71138725,-46.77812725,,,,2,2023-06-19T08:28:57+00:00
SAO_7049-10,São Paulo,3550308,True,,34680,,,-23.711143749999998,-46.778219750000005,,,,2,2023-06-19T08:29:04+00:00
SAO_7049-10,São Paulo,3550308,True,,34680,,,-23.71138725,-46.77812725,,,,2,2023-06-19T08:28:51+00:00
SAO_7049-10,São Paulo,3550308,True,,34680,,,-23.7116535,-46.777972,,,,2,2023-06-19T08:28:45+00:00
SAO_N603-11,São Paulo,3550308,True,,2394,,,-23.5658305,-46.701625500000006,,,,1,2023-06-19T08:28:33+00:00
SAO_N603-11,São Paulo,3550308,True,,2394,,,-23.59996975,-46.6908665,,,,1,2023-06-19T08:28:43+00:00
SAO_3069-10,São Paulo,3550308,True,,33752,,,-23.60662525,-46.41692075,,,,2,2023-06-19T08:28:50+00:00
SAO_3069-10,São Paulo,3550308,True,,33752,,,-23.60662525,-46.41692075,,,,2,2023-06-19T08:28:31+00:00
SAO_3069-10,São Paulo,3550308,True,,33752,,,-23.60662525,-46.41692075,,,,2,2023-06-19T08:28:43+00:00
SAO_3069-10,São Paulo,3550308,True,,33752,,,-23.60662525,-46.41692075,,,,2,2023-06-19T08:28:46+00:00
SAO_3069-10,São Paulo,3550308,True,,33752,,,-23.60662525,-46.41692075,,,,2,2023-06-19T08:28:49+00:00
SAO_3069-10,São Paulo,3550308,True,,33752,,,-23.60662525,-46.41692075,,,,2,2023-06-19T08:29:02+00:00
SAO_3069-10,São Paulo,3550308,True,,33752,,,-23.606299749999998,-46.41697025,,,,2,2023-06-19T08:28:51+00:00
SAO_3069-10,São Paulo,3550308,True,,33752,,,-23.60662525,-46.41692075,,,,2,2023-06-19T08:28:55+00:00
SAO_3069-10,São Paulo,3550308,True,,33752,,,-23.612884,-46.4762945,,,,2,2023-06-19T08:29:03+00:00
SAO_N209-11,São Paulo,3550308,True,,35087,,,-23.4752765,-46.6688805,,,,2,2023-06-19T08:28:50+00:00
SAO_N834-11,São Paulo,3550308,True,,2433,,,-23.560935,-46.68803525,,,,1,2023-06-19T08:28:34+00:00
SAO_6L10-10,São Paulo,3550308,True,,1159,,,-23.767440999999998,-46.716431,,,,1,2023-06-19T08:28:49+00:00
SAO_6L10-10,São Paulo,3550308,True,,1159,,,-23.767440999999998,-46.716431,,,,1,2023-06-19T08:29:02+00:00
SAO_6L10-10,São Paulo,3550308,True,,1159,,,-23.767440999999998,-46.716431,,,,1,2023-06-19T08:28:42+00:00
SAO_675X-10,São Paulo,3550308,True,,32879,,,-23.736994000000003,-46.69702,,,,2,2023-06-19T08:28:46+00:00
SAO_675X-10,São Paulo,3550308,True,,32879,,,-23.7379835,-46.6979615,,,,2,2023-06-19T08:28:57+00:00
SAO_475R-10,São Paulo,3550308,True,,33112,,,-23.5470345,-46.6298525,,,,2,2023-06-19T08:28:24+00:00
SAO_475R-10,São Paulo,3550308,True,,33112,,,-23.5470345,-46.6298525,,,,2,2023-06-19T08:28:22+00:00
SAO_475R-10,São Paulo,3550308,True,,33112,,,-23.5470345,-46.6298525,,,,2,2023-06-19T08:28:40+00:00
SAO_475R-10,São Paulo,3550308,True,,33112,,,-23.5470345,-46.6298525,,,,2,2023-06-19T08:28:47+00:00
SAO_475R-10,São Paulo,3550308,True,,33112,,,-23.5470345,-46.6298525,,,,2,2023-06-19T08:28:54+00:00
SAO_475R-10,São Paulo,3550308,True,,33112,,,-23.5470345,-46.6298525,,,,2,2023-06-19T08:28:28+00:00
SAO_475R-10,São Paulo,3550308,True,,33112,,,-23.5470345,-46.6298525,,,,2,2023-06-19T08:28:35+00:00
SAO_475R-10,São Paulo,3550308,True,,33112,,,-23.5470345,-46.6298525,,,,2,2023-06-19T08:29:01+00:00
SAO_475R-10,São Paulo,3550308,True,,33112,,,-23.5470345,-46.6298525,,,,2,2023-06-19T08:29:03+00:00
SAO_475R-10,São Paulo,3550308,True,,33112,,,-23.5470345,-46.6298525,,,,2,2023-06-19T08:27:49+00:00
SAO_475R-10,São Paulo,3550308,True,,33112,,,-23.5470345,-46.6298525,,,,2,2023-06-19T08:28:50+00:00
SAO_475R-10,São Paulo,3550308,True,,33112,,,-23.5470345,-46.6298525,,,,2,2023-06-19T08:28:48+00:00
SAO_475R-10,São Paulo,3550308,True,,33112,,,-23.5470345,-46.6298525,,,,2,2023-06-19T08:28:40+00:00
SAO_475R-10,São Paulo,3550308,True,,33112,,,-23.5470345,-46.6298525,,,,2,2023-06-19T08:28:32+00:00
SAO_475R-10,São Paulo,3550308,True,,33112,,,-23.5470345,-46.6298525,,,,2,2023-06-19T08:28:32+00:00
SAO_475R-10,São Paulo,3550308,True,,33112,,,-23.5470345,-46.6298525,,,,2,2023-06-19T08:28:38+00:00
SAO_475R-10,São Paulo,3550308,True,,33112,,,-23.5470345,-46.6298525,,,,2,2023-06-19T08:28:48+00:00
SAO_7053-22,São Paulo,3550308,True,,1896,,,-23.642704000000002,-46.786391249999994,,,,1,2023-06-19T08:28:33+00:00
SAO_7053-22,São Paulo,3550308,True,,1896,,,-23.642898,-46.78666975,,,,1,2023-06-19T08:28:58+00:00
SAO_7053-22,São Paulo,3550308,True,,1896,,,-23.645486499999997,-46.789591,,,,1,2023-06-19T08:28:50+00:00
SAO_7053-22,São Paulo,3550308,True,,1896,,,-23.642704000000002,-46.786391249999994,,,,1,2023-06-19T08:28:44+00:00
SAO_7053-22,São Paulo,3550308,True,,1896,,,-23.642704000000002,-46.786391249999994,,,,1,2023-06-19T08:28:33+00:00
SAO_7053-22,São Paulo,3550308,True,,1896,,,-23.642704000000002,-46.786391249999994,,,,1,2023-06-19T08:28:51+00:00
SAO_N538-11,São Paulo,3550308,True,,35158,,,-23.63219925,-46.617036999999996,,,,2,2023-06-19T08:28:57+00:00
SAO_3789-10,São Paulo,3550308,True,,1067,,,-23.611982,-46.3961475,,,,1,2023-06-19T08:28:56+00:00
SAO_3789-10,São Paulo,3550308,True,,1067,,,-23.611982,-46.3961475,,,,1,2023-06-19T08:28:27+00:00
SAO_6L01-10,São Paulo,3550308,True,,33939,,,-23.90679,-46.708217000000005,,,,2,2023-06-19T08:29:05+00:00
SAO_6L01-10,São Paulo,3550308,True,,33939,,,-23.90679,-46.708217000000005,,,,2,2023-06-19T08:28:56+00:00
SAO_6L01-10,São Paulo,3550308,True,,33939,,,-23.90679,-46.708217000000005,,,,2,2023-06-19T08:28:52+00:00
SAO_6L01-10,São Paulo,3550308,True,,33939,,,-23.766939,-46.716361,,,,2,2023-06-19T08:28:52+00:00
SAO_6L01-10,São Paulo,3550308,True,,33939,,,-23.90679,-46.708217000000005,,,,2,2023-06-19T08:29:04+00:00
SAO_6L01-10,São Paulo,3550308,True,,33939,,,-23.90679,-46.708217000000005,,,,2,2023-06-19T08:28:48+00:00
SAO_6L01-10,São Paulo,3550308,True,,33939,,,-23.902372,-46.717892500000005,,,,2,2023-06-19T08:25:35+00:00
SAO_6L01-10,São Paulo,3550308,True,,33939,,,-23.90679,-46.708217000000005,,,,2,2023-06-19T08:28:56+00:00
SAO_N104-11,São Paulo,3550308,True,,35053,,,-23.520215999999998,-46.700196000000005,,,,2,2023-06-19T08:29:00+00:00
SAO_N104-11,São Paulo,3550308,True,,35053,,,-23.485485500000003,-46.7254255,,,,2,2023-06-19T08:28:33+00:00
SAO_N308-11,São Paulo,3550308,True,,35110,,,-23.538069375,-46.563081374999996,,,,2,2023-06-19T08:27:30+00:00
SAO_N308-11,São Paulo,3550308,True,,35110,,,-23.547058,-46.6300155,,,,2,2023-06-19T08:29:05+00:00
SAO_7052-10,São Paulo,3550308,True,,34654,,,-23.652754,-46.773064500000004,,,,2,2023-06-19T08:28:41+00:00
SAO_7052-10,São Paulo,3550308,True,,34654,,,-23.6525575,-46.773193,,,,2,2023-06-19T08:28:40+00:00
SAO_7051-10,São Paulo,3550308,True,,1885,,,-23.655096,-46.7838845,,,,1,2023-06-19T08:28:57+00:00
SAO_7051-10,São Paulo,3550308,True,,1885,,,-23.655096,-46.7838845,,,,1,2023-06-19T08:28:39+00:00
SAO_7051-10,São Paulo,3550308,True,,1885,,,-23.654968500000003,-46.784118,,,,1,2023-06-19T08:28:56+00:00
SAO_N508-11,São Paulo,3550308,True,,2382,,,-23.5465215,-46.630083,,,,1,2023-06-19T08:28:31+00:00
SAO_3766-51,São Paulo,3550308,True,,35343,,,-23.55134275,-46.42555625,,,,2,2023-06-19T08:28:29+00:00
SAO_3766-51,São Paulo,3550308,True,,35343,,,-23.542434,-46.471034,,,,2,2023-06-19T08:29:01+00:00
SAO_2725-10,São Paulo,3550308,True,,33707,,,-23.512969499999997,-46.4736135,,,,2,2023-06-19T08:28:51+00:00
SAO_2725-10,São Paulo,3550308,True,,33707,,,-23.512969499999997,-46.4736135,,,,2,2023-06-19T08:29:06+00:00
SAO_5127-10,São Paulo,3550308,True,,33895,,,-23.677825,-46.701614500000005,,,,2,2023-06-19T08:28:33+00:00
SAO_5127-10,São Paulo,3550308,True,,33895,,,-23.677825,-46.701614500000005,,,,2,2023-06-19T08:28:32+00:00
SAO_5127-10,São Paulo,3550308,True,,33895,,,-23.677825,-46.701614500000005,,,,2,2023-06-19T08:26:16+00:00
SAO_5127-10,São Paulo,3550308,True,,33895,,,-23.677825,-46.701614500000005,,,,2,2023-06-19T08:28:44+00:00
SAO_5127-10,São Paulo,3550308,True,,33895,,,-23.677825,-46.701614500000005,,,,2,2023-06-19T08:28:25+00:00
SAO_5127-10,São Paulo,3550308,True,,33895,,,-23.677825,-46.701614500000005,,,,2,2023-06-19T08:26:42+00:00
SAO_5127-10,São Paulo,3550308,True,,33895,,,-23.677825,-46.701614500000005,,,,2,2023-06-19T08:28:32+00:00
SAO_5127-10,São Paulo,3550308,True,,33895,,,-23.677825,-46.701614500000005,,,,2,2023-06-19T08:26:34+00:00
SAO_5127-10,São Paulo,3550308,True,,33895,,,-23.677825,-46.701614500000005,,,,2,2023-06-19T08:27:30+00:00
SAO_5127-10,São Paulo,3550308,True,,33895,,,-23.677825,-46.701614500000005,,,,2,2023-06-19T08:28:18+00:00
SAO_5127-10,São Paulo,3550308,True,,33895,,,-23.677825,-46.701614500000005,,,,2,2023-06-19T08:28:17+00:00
SAO_5127-10,São Paulo,3550308,True,,33895,,,-23.677825,-46.701614500000005,,,,2,2023-06-19T08:28:40+00:00
SAO_5127-10,São Paulo,3550308,True,,33895,,,-23.677825,-46.701614500000005,,,,2,2023-06-19T08:28:36+00:00
SAO_5127-10,São Paulo,3550308,True,,33895,,,-23.677825,-46.701614500000005,,,,2,2023-06-19T08:27:07+00:00
SAO_5127-10,São Paulo,3550308,True,,33895,,,-23.677825,-46.701614500000005,,,,2,2023-06-19T08:28:36+00:00
SAO_5127-10,São Paulo,3550308,True,,33895,,,-23.677825,-46.701614500000005,,,,2,2023-06-19T08:28:23+00:00
SAO_6008-10,São Paulo,3550308,True,,33968,,,-23.68727,-46.7629345,,,,2,2023-06-19T08:28:34+00:00
SAO_6008-10,São Paulo,3550308,True,,33968,,,-23.68727,-46.7629345,,,,2,2023-06-19T08:29:00+00:00
SAO_6063-10,São Paulo,3550308,True,,33920,,,-23.783673,-46.6827105,,,,2,2023-06-19T08:28:40+00:00
SAO_6063-10,São Paulo,3550308,True,,33920,,,-23.783673,-46.6827105,,,,2,2023-06-19T08:28:15+00:00
SAO_6063-10,São Paulo,3550308,True,,33920,,,-23.783673,-46.6827105,,,,2,2023-06-19T08:28:40+00:00
SAO_6063-10,São Paulo,3550308,True,,33920,,,-23.783673,-46.6827105,,,,2,2023-06-19T08:28:56+00:00
SAO_6063-10,São Paulo,3550308,True,,33920,,,-23.783673,-46.6827105,,,,2,2023-06-19T08:28:51+00:00
SAO_6063-10,São Paulo,3550308,True,,33920,,,-23.766647,-46.716179,,,,2,2023-06-19T08:18:37+00:00
SAO_6063-10,São Paulo,3550308,True,,33920,,,-23.766647,-46.716179,,,,2,2023-06-19T08:28:51+00:00
SAO_6063-10,São Paulo,3550308,True,,33920,,,-23.783673,-46.6827105,,,,2,2023-06-19T08:29:07+00:00
SAO_6063-10,São Paulo,3550308,True,,33920,,,-23.783673,-46.6827105,,,,2,2023-06-19T08:29:02+00:00
SAO_6063-10,São Paulo,3550308,True,,33920,,,-23.783673,-46.6827105,,,,2,2023-06-19T08:29:02+00:00
SAO_6063-10,São Paulo,3550308,True,,33920,,,-23.783673,-46.6827105,,,,2,2023-06-19T08:28:24+00:00
SAO_6063-10,São Paulo,3550308,True,,33920,,,-23.783673,-46.6827105,,,,2,2023-06-19T08:25:06+00:00
SAO_6063-10,São Paulo,3550308,True,,33920,,,-23.783673,-46.6827105,,,,2,2023-06-19T08:28:31+00:00
SAO_6063-10,São Paulo,3550308,True,,33920,,,-23.783673,-46.6827105,,,,2,2023-06-19T08:28:21+00:00
SAO_N703-11,São Paulo,3550308,True,,2408,,,-23.653924375,-46.71180125000001,,,,1,2023-06-19T08:28:19+00:00
SAO_N703-11,São Paulo,3550308,True,,2408,,,-23.6902125,-46.773815,,,,1,2023-06-19T08:28:44+00:00
SAO_6058-10,São Paulo,3550308,True,,33917,,,-23.769851000000003,-46.676743,,,,2,2023-06-19T08:28:43+00:00
SAO_6058-10,São Paulo,3550308,True,,33917,,,-23.769851000000003,-46.676743,,,,2,2023-06-19T08:28:37+00:00
SAO_6058-10,São Paulo,3550308,True,,33917,,,-23.7695835,-46.7148705,,,,2,2023-06-19T08:29:06+00:00
SAO_6058-10,São Paulo,3550308,True,,33917,,,-23.769851000000003,-46.676743,,,,2,2023-06-19T08:28:22+00:00
SAO_6038-10,São Paulo,3550308,True,,1216,,,-23.66147575,-46.790868625,,,,1,2023-06-19T08:29:05+00:00
SAO_6038-10,São Paulo,3550308,True,,1216,,,-23.661773,-46.7904515,,,,1,2023-06-19T08:28:46+00:00
SAO_6038-10,São Paulo,3550308,True,,1216,,,-23.665846000000002,-46.788559,,,,1,2023-06-19T08:28:55+00:00
SAO_6038-10,São Paulo,3550308,True,,1216,,,-23.666168,-46.788377999999994,,,,1,2023-06-19T08:28:30+00:00
SAO_6038-10,São Paulo,3550308,True,,1216,,,-23.6578735,-46.7897725,,,,1,2023-06-19T08:28:38+00:00
SAO_6038-10,São Paulo,3550308,True,,1216,,,-23.660809999999998,-46.791848,,,,1,2023-06-19T08:28:04+00:00
SAO_6038-10,São Paulo,3550308,True,,1216,,,-23.665846000000002,-46.788559,,,,1,2023-06-19T08:28:58+00:00
SAO_6038-10,São Paulo,3550308,True,,1216,,,-23.6578735,-46.7897725,,,,1,2023-06-19T08:28:34+00:00
SAO_2732-10,São Paulo,3550308,True,,33715,,,-23.529743,-46.45955,,,,2,2023-06-19T08:28:41+00:00
SAO_2732-10,São Paulo,3550308,True,,33715,,,-23.529743,-46.45955,,,,2,2023-06-19T08:29:02+00:00
SAO_3751-10,São Paulo,3550308,True,,33815,,,-23.5695605,-46.4102685,,,,2,2023-06-19T08:28:39+00:00
SAO_6072-23,São Paulo,3550308,True,,2004,,,-23.767591,-46.7163045,,,,1,2023-06-19T08:28:36+00:00
SAO_6072-23,São Paulo,3550308,True,,2004,,,-23.767591,-46.7163045,,,,1,2023-06-19T08:28:00+00:00
SAO_6072-23,São Paulo,3550308,True,,2004,,,-23.767591,-46.7163045,,,,1,2023-06-19T08:29:06+00:00
SAO_6072-23,São Paulo,3550308,True,,2004,,,-23.767032,-46.7162295,,,,1,2023-06-19T08:28:31+00:00
SAO_6072-23,São Paulo,3550308,True,,2004,,,-23.767591,-46.7163045,,,,1,2023-06-19T08:28:30+00:00
SAO_6072-23,São Paulo,3550308,True,,2004,,,-23.767591,-46.7163045,,,,1,2023-06-19T08:28:40+00:00
SAO_6072-23,São Paulo,3550308,True,,2004,,,-23.767591,-46.7163045,,,,1,2023-06-19T08:28:27+00:00
SAO_6072-23,São Paulo,3550308,True,,2004,,,-23.767591,-46.7163045,,,,1,2023-06-19T08:25:30+00:00
SAO_6072-23,São Paulo,3550308,True,,2004,,,-23.767591,-46.7163045,,,,1,2023-06-19T08:28:44+00:00
SAO_6072-23,São Paulo,3550308,True,,2004,,,-23.767591,-46.7163045,,,,1,2023-06-19T08:28:45+00:00
SAO_6072-23,São Paulo,3550308,True,,2004,,,-23.767591,-46.7163045,,,,1,2023-06-19T08:28:32+00:00
SAO_6072-23,São Paulo,3550308,True,,2004,,,-23.767591,-46.7163045,,,,1,2023-06-19T08:29:02+00:00
SAO_6072-23,São Paulo,3550308,True,,2004,,,-23.767376,-46.716275499999995,,,,1,2023-06-19T08:28:56+00:00
SAO_6072-23,São Paulo,3550308,True,,2004,,,-23.767591,-46.7163045,,,,1,2023-06-19T08:28:22+00:00
SAO_6072-23,São Paulo,3550308,True,,2004,,,-23.767299,-46.716265,,,,1,2023-06-19T08:28:47+00:00
SAO_6072-23,São Paulo,3550308,True,,2004,,,-23.767591,-46.7163045,,,,1,2023-06-19T08:29:00+00:00
SAO_6072-23,São Paulo,3550308,True,,2004,,,-23.767591,-46.7163045,,,,1,2023-06-19T08:28:28+00:00
SAO_6072-23,São Paulo,3550308,True,,2004,,,-23.771853,-46.719546,,,,1,2023-06-19T08:28:51+00:00
SAO_6072-23,São Paulo,3550308,True,,2004,,,-23.767591,-46.7163045,,,,1,2023-06-19T08:28:30+00:00
SAO_6072-23,São Paulo,3550308,True,,2004,,,-23.77103975,-46.723756,,,,1,2023-06-19T08:28:57+00:00
SAO_6072-23,São Paulo,3550308,True,,2004,,,-23.767591,-46.7163045,,,,1,2023-06-19T08:27:57+00:00
SAO_6072-23,São Paulo,3550308,True,,2004,,,-23.767591,-46.7163045,,,,1,2023-06-19T08:28:24+00:00
SAO_6072-23,São Paulo,3550308,True,,2004,,,-23.766963,-46.71622,,,,1,2023-06-19T08:28:26+00:00
SAO_6072-23,São Paulo,3550308,True,,2004,,,-23.767591,-46.7163045,,,,1,2023-06-19T08:28:57+00:00
SAO_6072-23,São Paulo,3550308,True,,2004,,,-23.767591,-46.7163045,,,,1,2023-06-19T08:28:35+00:00
SAO_6072-23,São Paulo,3550308,True,,2004,,,-23.767591,-46.7163045,,,,1,2023-06-19T08:28:52+00:00
SAO_6072-23,São Paulo,3550308,True,,2004,,,-23.767376,-46.716275499999995,,,,1,2023-06-19T08:28:54+00:00
SAO_6072-23,São Paulo,3550308,True,,2004,,,-23.767591,-46.7163045,,,,1,2023-06-19T08:28:47+00:00
SAO_7063-10,São Paulo,3550308,True,,1899,,,-23.651991000000002,-46.789846499999996,,,,1,2023-06-19T08:28:42+00:00
SAO_7063-10,São Paulo,3550308,True,,1899,,,-23.651991000000002,-46.789846499999996,,,,1,2023-06-19T08:28:30+00:00
SAO_7063-10,São Paulo,3550308,True,,1899,,,-23.651991000000002,-46.789846499999996,,,,1,2023-06-19T08:28:45+00:00
SAO_7063-10,São Paulo,3550308,True,,1899,,,-23.651991000000002,-46.789846499999996,,,,1,2023-06-19T08:28:58+00:00
SAO_7063-10,São Paulo,3550308,True,,1899,,,-23.651991000000002,-46.789846499999996,,,,1,2023-06-19T08:28:38+00:00
SAO_7063-10,São Paulo,3550308,True,,1899,,,-23.651991000000002,-46.789846499999996,,,,1,2023-06-19T08:28:23+00:00
SAO_7063-10,São Paulo,3550308,True,,1899,,,-23.651991000000002,-46.789846499999996,,,,1,2023-06-19T08:28:57+00:00
SAO_7063-10,São Paulo,3550308,True,,1899,,,-23.651991000000002,-46.789846499999996,,,,1,2023-06-19T08:28:24+00:00
SAO_1709-10,São Paulo,3550308,True,,33619,,,-23.479985,-46.603936000000004,,,,2,2023-06-19T08:28:04+00:00
SAO_1709-10,São Paulo,3550308,True,,33619,,,-23.479985,-46.603936000000004,,,,2,2023-06-19T08:29:03+00:00
SAO_1709-10,São Paulo,3550308,True,,33619,,,-23.479985,-46.603936000000004,,,,2,2023-06-19T08:27:57+00:00
SAO_N731-11,São Paulo,3550308,True,,2412,,,-23.6540525,-46.712609,,,,1,2023-06-19T08:29:03+00:00
SAO_5012-10,São Paulo,3550308,True,,1116,,,-23.7097155,-46.6354455,,,,1,2023-06-19T08:27:41+00:00
SAO_5012-10,São Paulo,3550308,True,,1116,,,-23.7097155,-46.6354455,,,,1,2023-06-19T08:28:41+00:00
SAO_5012-10,São Paulo,3550308,True,,1116,,,-23.7097155,-46.6354455,,,,1,2023-06-19T08:28:10+00:00
SAO_5012-10,São Paulo,3550308,True,,1116,,,-23.7097155,-46.6354455,,,,1,2023-06-19T08:28:41+00:00
SAO_5012-10,São Paulo,3550308,True,,1116,,,-23.7097155,-46.6354455,,,,1,2023-06-19T08:28:58+00:00
SAO_3761-10,São Paulo,3550308,True,,1051,,,-23.616551,-46.42312750000001,,,,1,2023-06-19T08:28:58+00:00
SAO_3761-10,São Paulo,3550308,True,,1051,,,-23.595496625000003,-46.43816737499999,,,,1,2023-06-19T08:28:52+00:00
SAO_3761-10,São Paulo,3550308,True,,1051,,,-23.616551,-46.42312750000001,,,,1,2023-06-19T08:29:03+00:00
SAO_5175-10,São Paulo,3550308,True,,33361,,,-23.5505945,-46.635301,,,,2,2023-06-19T08:28:59+00:00
SAO_5175-10,São Paulo,3550308,True,,33361,,,-23.5505945,-46.635301,,,,2,2023-06-19T08:29:02+00:00
SAO_5175-10,São Paulo,3550308,True,,33361,,,-23.5505945,-46.635301,,,,2,2023-06-19T08:28:42+00:00
SAO_5175-10,São Paulo,3550308,True,,33361,,,-23.5505945,-46.635301,,,,2,2023-06-19T08:28:21+00:00
SAO_5175-10,São Paulo,3550308,True,,33361,,,-23.5505945,-46.635301,,,,2,2023-06-19T08:28:12+00:00
SAO_5175-10,São Paulo,3550308,True,,33361,,,-23.5505945,-46.635301,,,,2,2023-06-19T08:28:53+00:00
SAO_5175-10,São Paulo,3550308,True,,33361,,,-23.5505945,-46.635301,,,,2,2023-06-19T08:28:03+00:00
SAO_5175-10,São Paulo,3550308,True,,33361,,,-23.5505945,-46.635301,,,,2,2023-06-19T08:28:57+00:00
SAO_5175-10,São Paulo,3550308,True,,33361,,,-23.5505945,-46.635301,,,,2,2023-06-19T08:28:34+00:00
SAO_5175-10,São Paulo,3550308,True,,33361,,,-23.5505945,-46.635301,,,,2,2023-06-19T08:29:01+00:00
SAO_5175-10,São Paulo,3550308,True,,33361,,,-23.5505945,-46.635301,,,,2,2023-06-19T08:28:35+00:00
SAO_5175-10,São Paulo,3550308,True,,33361,,,-23.5505945,-46.635301,,,,2,2023-06-19T08:28:36+00:00
SAO_5175-10,São Paulo,3550308,True,,33361,,,-23.5505945,-46.635301,,,,2,2023-06-19T08:28:46+00:00
SAO_5175-10,São Paulo,3550308,True,,33361,,,-23.5505945,-46.635301,,,,2,2023-06-19T08:29:01+00:00
SAO_5175-10,São Paulo,3550308,True,,33361,,,-23.5505945,-46.635301,,,,2,2023-06-19T08:28:32+00:00
SAO_5175-10,São Paulo,3550308,True,,33361,,,-23.5505945,-46.635301,,,,2,2023-06-19T08:28:18+00:00
SAO_5175-10,São Paulo,3550308,True,,33361,,,-23.5505945,-46.635301,,,,2,2023-06-19T08:28:36+00:00
SAO_5175-10,São Paulo,3550308,True,,33361,,,-23.5505945,-46.635301,,,,2,2023-06-19T08:28:30+00:00
SAO_5175-10,São Paulo,3550308,True,,33361,,,-23.5505945,-46.635301,,,,2,2023-06-19T08:28:42+00:00
SAO_5175-10,São Paulo,3550308,True,,33361,,,-23.5505945,-46.635301,,,,2,2023-06-19T08:28:42+00:00
SAO_5175-10,São Paulo,3550308,True,,33361,,,-23.5505945,-46.635301,,,,2,2023-06-19T08:28:35+00:00
SAO_5175-10,São Paulo,3550308,True,,33361,,,-23.5505945,-46.635301,,,,2,2023-06-19T08:28:23+00:00
SAO_5175-10,São Paulo,3550308,True,,33361,,,-23.5505945,-46.635301,,,,2,2023-06-19T08:28:33+00:00
SAO_N205-11,São Paulo,3550308,True,,35083,,,-23.4742495,-46.669781,,,,2,2023-06-19T08:28:58+00:00
SAO_5036-10,São Paulo,3550308,True,,1666,,,-23.65083,-46.6142375,,,,1,2023-06-19T08:28:20+00:00
SAO_909T-1,São Paulo,3550308,True,,2512,,,-23.566103499999997,-46.7018865,,,,1,2023-06-19T08:28:57+00:00
SAO_909T-1,São Paulo,3550308,True,,2512,,,-23.566103499999997,-46.7018865,,,,1,2023-06-19T08:28:58+00:00
SAO_909T-1,São Paulo,3550308,True,,2512,,,-23.566103499999997,-46.7018865,,,,1,2023-06-19T08:28:29+00:00
SAO_9011-10,São Paulo,3550308,True,,878,,,-23.45467,-46.738116000000005,,,,1,2023-06-19T08:28:07+00:00
SAO_9011-10,São Paulo,3550308,True,,878,,,-23.45467,-46.738116000000005,,,,1,2023-06-19T08:28:57+00:00
SAO_9011-10,São Paulo,3550308,True,,878,,,-23.45467,-46.738116000000005,,,,1,2023-06-19T08:28:46+00:00
SAO_9011-10,São Paulo,3550308,True,,878,,,-23.45467,-46.738116000000005,,,,1,2023-06-19T08:28:03+00:00
SAO_9011-10,São Paulo,3550308,True,,878,,,-23.45467,-46.738116000000005,,,,1,2023-06-19T08:28:31+00:00
SAO_9011-10,São Paulo,3550308,True,,878,,,-23.45467,-46.738116000000005,,,,1,2023-06-19T08:26:17+00:00
SAO_9011-10,São Paulo,3550308,True,,878,,,-23.45467,-46.738116000000005,,,,1,2023-06-19T08:28:27+00:00
SAO_9011-10,São Paulo,3550308,True,,878,,,-23.45467,-46.738116000000005,,,,1,2023-06-19T08:28:47+00:00
SAO_9011-10,São Paulo,3550308,True,,878,,,-23.45467,-46.738116000000005,,,,1,2023-06-19T08:27:03+00:00
SAO_9011-10,São Paulo,3550308,True,,878,,,-23.45467,-46.738116000000005,,,,1,2023-06-19T08:28:50+00:00
SAO_7053-10,São Paulo,3550308,True,,1887,,,-23.65385975,-46.79008575,,,,1,2023-06-19T08:28:51+00:00
SAO_7053-10,São Paulo,3550308,True,,1887,,,-23.640894,-46.782884,,,,1,2023-06-19T08:28:45+00:00
SAO_7053-10,São Paulo,3550308,True,,1887,,,-23.65385975,-46.79008575,,,,1,2023-06-19T08:29:04+00:00
SAO_7062-31,São Paulo,3550308,True,,1914,,,-23.646552,-46.7725675,,,,1,2023-06-19T08:28:23+00:00
SAO_7057-10,São Paulo,3550308,True,,34665,,,-23.64904925,-46.78534475,,,,2,2023-06-19T08:28:51+00:00
SAO_7057-10,São Paulo,3550308,True,,34665,,,-23.64922775,-46.78505225,,,,2,2023-06-19T08:28:35+00:00
SAO_7057-10,São Paulo,3550308,True,,34665,,,-23.64922775,-46.78505225,,,,2,2023-06-19T08:28:56+00:00
SAO_6073-10,São Paulo,3550308,True,,33928,,,-23.853313,-46.6956225,,,,2,2023-06-19T08:28:46+00:00
SAO_6073-10,São Paulo,3550308,True,,33928,,,-23.853313,-46.6956225,,,,2,2023-06-19T08:29:01+00:00
SAO_6073-10,São Paulo,3550308,True,,33928,,,-23.853313,-46.6956225,,,,2,2023-06-19T08:28:24+00:00
SAO_6073-10,São Paulo,3550308,True,,33928,,,-23.853313,-46.6956225,,,,2,2023-06-19T08:28:25+00:00
SAO_6073-10,São Paulo,3550308,True,,33928,,,-23.853313,-46.6956225,,,,2,2023-06-19T08:28:22+00:00
SAO_6073-10,São Paulo,3550308,True,,33928,,,-23.853313,-46.6956225,,,,2,2023-06-19T08:28:44+00:00
SAO_6073-10,São Paulo,3550308,True,,33928,,,-23.853313,-46.6956225,,,,2,2023-06-19T08:29:04+00:00
SAO_6073-10,São Paulo,3550308,True,,33928,,,-23.853313,-46.6956225,,,,2,2023-06-19T08:29:05+00:00
SAO_6073-10,São Paulo,3550308,True,,33928,,,-23.853313,-46.6956225,,,,2,2023-06-19T08:28:59+00:00
SAO_N305-11,São Paulo,3550308,True,,35107,,,-23.54293,-46.415653,,,,2,2023-06-19T08:28:40+00:00
SAO_2021-10,São Paulo,3550308,True,,906,,,-23.544384,-46.389341,,,,1,2023-06-19T08:28:21+00:00
SAO_2021-10,São Paulo,3550308,True,,906,,,-23.5443145,-46.389241999999996,,,,1,2023-06-19T08:28:37+00:00
SAO_2021-10,São Paulo,3550308,True,,906,,,-23.5443145,-46.389241999999996,,,,1,2023-06-19T08:28:17+00:00
SAO_2021-10,São Paulo,3550308,True,,906,,,-23.5443145,-46.389241999999996,,,,1,2023-06-19T08:27:09+00:00
SAO_2021-10,São Paulo,3550308,True,,906,,,-23.544384,-46.389341,,,,1,2023-06-19T08:27:44+00:00
SAO_2021-10,São Paulo,3550308,True,,906,,,-23.5443145,-46.389241999999996,,,,1,2023-06-19T08:28:47+00:00
SAO_3731-10,São Paulo,3550308,True,,33796,,,-23.539182500000003,-46.51704,,,,2,2023-06-19T08:28:43+00:00
SAO_3731-10,São Paulo,3550308,True,,33796,,,-23.538997000000002,-46.5171695,,,,2,2023-06-19T08:28:38+00:00
SAO_3731-10,São Paulo,3550308,True,,33796,,,-23.538657999999998,-46.517447,,,,2,2023-06-19T08:28:08+00:00
SAO_3731-10,São Paulo,3550308,True,,33796,,,-23.5393245,-46.516946000000004,,,,2,2023-06-19T08:28:54+00:00
SAO_7050-10,São Paulo,3550308,True,,1884,,,-23.6559205,-46.776455,,,,1,2023-06-19T08:28:27+00:00
SAO_7050-10,São Paulo,3550308,True,,1884,,,-23.6565075,-46.7763865,,,,1,2023-06-19T08:28:40+00:00
SAO_N704-11,São Paulo,3550308,True,,2409,,,-23.65399,-46.71233,,,,1,2023-06-19T08:28:30+00:00
SAO_N704-11,São Paulo,3550308,True,,2409,,,-23.654127000000003,-46.762448000000006,,,,1,2023-06-19T08:28:35+00:00
SAO_N601-11,São Paulo,3550308,True,,2392,,,-23.5458935,-46.631106,,,,1,2023-06-19T08:28:31+00:00
SAO_N601-11,São Paulo,3550308,True,,2392,,,-23.719488,-46.698268999999996,,,,1,2023-06-19T08:28:38+00:00
SAO_2766-10,São Paulo,3550308,True,,33173,,,-23.5425775,-46.4719335,,,,2,2023-06-19T08:28:39+00:00
SAO_2766-10,São Paulo,3550308,True,,33173,,,-23.5425775,-46.4719335,,,,2,2023-06-19T08:28:55+00:00
SAO_2766-10,São Paulo,3550308,True,,33173,,,-23.5425775,-46.4719335,,,,2,2023-06-19T08:29:02+00:00
SAO_2766-10,São Paulo,3550308,True,,33173,,,-23.51798475,-46.3882325,,,,2,2023-06-19T08:28:52+00:00
SAO_2766-10,São Paulo,3550308,True,,33173,,,-23.5425775,-46.4719335,,,,2,2023-06-19T08:28:40+00:00
SAO_2766-10,São Paulo,3550308,True,,33173,,,-23.51798475,-46.3882325,,,,2,2023-06-19T08:28:42+00:00
SAO_5757-51,São Paulo,3550308,True,,34744,,,-23.635112499999998,-46.640995000000004,,,,2,2023-06-19T08:26:37+00:00
SAO_5757-51,São Paulo,3550308,True,,34744,,,-23.635112499999998,-46.640995000000004,,,,2,2023-06-19T08:27:25+00:00
SAO_5757-51,São Paulo,3550308,True,,34744,,,-23.635112499999998,-46.640995000000004,,,,2,2023-06-19T08:28:26+00:00
SAO_5757-51,São Paulo,3550308,True,,34744,,,-23.635112499999998,-46.640995000000004,,,,2,2023-06-19T08:27:10+00:00
SAO_5757-51,São Paulo,3550308,True,,34744,,,-23.635112499999998,-46.640995000000004,,,,2,2023-06-19T08:25:54+00:00
SAO_5757-51,São Paulo,3550308,True,,34744,,,-23.635112499999998,-46.640995000000004,,,,2,2023-06-19T08:27:56+00:00
SAO_5757-51,São Paulo,3550308,True,,34744,,,-23.635112499999998,-46.640995000000004,,,,2,2023-06-19T08:28:55+00:00
SAO_5757-51,São Paulo,3550308,True,,34744,,,-23.635112499999998,-46.640995000000004,,,,2,2023-06-19T08:26:09+00:00
SAO_5757-51,São Paulo,3550308,True,,34744,,,-23.635112499999998,-46.640995000000004,,,,2,2023-06-19T08:28:46+00:00
SAO_5757-51,São Paulo,3550308,True,,34744,,,-23.635112499999998,-46.640995000000004,,,,2,2023-06-19T08:27:52+00:00
SAO_5757-51,São Paulo,3550308,True,,34744,,,-23.635112499999998,-46.640995000000004,,,,2,2023-06-19T08:27:00+00:00
SAO_6075-10,São Paulo,3550308,True,,33930,,,-23.797689499999997,-46.7382825,,,,2,2023-06-19T08:28:57+00:00
SAO_6075-10,São Paulo,3550308,True,,33930,,,-23.797689499999997,-46.7382825,,,,2,2023-06-19T08:28:53+00:00
SAO_6075-10,São Paulo,3550308,True,,33930,,,-23.797689499999997,-46.7382825,,,,2,2023-06-19T08:29:05+00:00
SAO_6075-10,São Paulo,3550308,True,,33930,,,-23.797689499999997,-46.7382825,,,,2,2023-06-19T08:28:50+00:00
SAO_6075-10,São Paulo,3550308,True,,33930,,,-23.797689499999997,-46.7382825,,,,2,2023-06-19T08:28:26+00:00
SAO_374V-10,São Paulo,3550308,True,,1647,,,-23.52588375,-46.4519395,,,,1,2023-06-19T08:28:22+00:00
SAO_374V-10,São Paulo,3550308,True,,1647,,,-23.526107250000003,-46.4522605,,,,1,2023-06-19T08:28:56+00:00
SAO_374V-10,São Paulo,3550308,True,,1647,,,-23.52588375,-46.4519395,,,,1,2023-06-19T08:28:36+00:00
SAO_5105-10,São Paulo,3550308,True,,1651,,,-23.602994000000002,-46.602816000000004,,,,1,2023-06-19T08:28:39+00:00
SAO_5105-10,São Paulo,3550308,True,,1651,,,-23.6029845,-46.602833000000004,,,,1,2023-06-19T08:28:44+00:00
SAO_5105-10,São Paulo,3550308,True,,1651,,,-23.603009,-46.602809,,,,1,2023-06-19T08:28:28+00:00
SAO_5105-10,São Paulo,3550308,True,,1651,,,-23.602994000000002,-46.602816000000004,,,,1,2023-06-19T08:28:26+00:00
SAO_6051-10,São Paulo,3550308,True,,33911,,,-23.767376,-46.716275499999995,,,,2,2023-06-19T08:29:06+00:00
SAO_6051-10,São Paulo,3550308,True,,33911,,,-23.7621455,-46.689133,,,,2,2023-06-19T08:28:49+00:00
SAO_6051-10,São Paulo,3550308,True,,33911,,,-23.7621455,-46.689133,,,,2,2023-06-19T08:29:05+00:00
SAO_6051-10,São Paulo,3550308,True,,33911,,,-23.7621455,-46.689133,,,,2,2023-06-19T08:28:48+00:00
SAO_6051-10,São Paulo,3550308,True,,33911,,,-23.7621455,-46.689133,,,,2,2023-06-19T08:27:51+00:00
SAO_6051-10,São Paulo,3550308,True,,33911,,,-23.7621455,-46.689133,,,,2,2023-06-19T08:28:33+00:00
SAO_6051-10,São Paulo,3550308,True,,33911,,,-23.7664665,-46.716038499999996,,,,2,2023-06-19T08:28:44+00:00
SAO_6051-10,São Paulo,3550308,True,,33911,,,-23.7621455,-46.689133,,,,2,2023-06-19T08:28:49+00:00
SAO_6051-10,São Paulo,3550308,True,,33911,,,-23.7621455,-46.689133,,,,2,2023-06-19T08:29:01+00:00
SAO_6051-10,São Paulo,3550308,True,,33911,,,-23.7621455,-46.689133,,,,2,2023-06-19T08:29:06+00:00
SAO_6051-10,São Paulo,3550308,True,,33911,,,-23.7621455,-46.689133,,,,2,2023-06-19T08:28:53+00:00
SAO_6051-10,São Paulo,3550308,True,,33911,,,-23.7621455,-46.689133,,,,2,2023-06-19T08:28:27+00:00
SAO_6051-10,São Paulo,3550308,True,,33911,,,-23.7621455,-46.689133,,,,2,2023-06-19T08:29:06+00:00
SAO_6000-10,São Paulo,3550308,True,,33908,,,-23.734389999999998,-46.6990485,,,,2,2023-06-19T08:28:24+00:00
SAO_6000-10,São Paulo,3550308,True,,33908,,,-23.81244425,-46.735881125,,,,2,2023-06-19T08:29:05+00:00
SAO_4053-10,São Paulo,3550308,True,,2146,,,-23.5529695,-46.3943265,,,,1,2023-06-19T08:28:30+00:00
SAO_4053-10,São Paulo,3550308,True,,2146,,,-23.553117999999998,-46.394191,,,,1,2023-06-19T08:29:04+00:00
SAO_4053-10,São Paulo,3550308,True,,2146,,,-23.553117999999998,-46.394191,,,,1,2023-06-19T08:29:05+00:00
SAO_N133-11,São Paulo,3550308,True,,35057,,,-23.447651999999998,-46.7435495,,,,2,2023-06-19T08:28:09+00:00
SAO_6028-10,São Paulo,3550308,True,,33979,,,-23.702151,-46.7444065,,,,2,2023-06-19T08:29:00+00:00
SAO_6028-10,São Paulo,3550308,True,,33979,,,-23.702326,-46.744178000000005,,,,2,2023-06-19T08:28:57+00:00
SAO_6028-10,São Paulo,3550308,True,,33979,,,-23.702326,-46.744178000000005,,,,2,2023-06-19T08:28:49+00:00
SAO_6028-10,São Paulo,3550308,True,,33979,,,-23.702140999999997,-46.744587499999994,,,,2,2023-06-19T08:28:30+00:00
SAO_6028-10,São Paulo,3550308,True,,33979,,,-23.702151,-46.7444065,,,,2,2023-06-19T08:29:04+00:00
SAO_6028-10,São Paulo,3550308,True,,33979,,,-23.702140999999997,-46.744587499999994,,,,2,2023-06-19T08:28:47+00:00
SAO_6028-10,São Paulo,3550308,True,,33979,,,-23.70207,-46.744642,,,,2,2023-06-19T08:28:59+00:00
SAO_N142-11,São Paulo,3550308,True,,2298,,,-23.496948500000002,-46.66255175,,,,1,2023-06-19T08:28:43+00:00
SAO_4008-10,São Paulo,3550308,True,,2182,,,-23.576673,-46.4371055,,,,1,2023-06-19T08:28:48+00:00
SAO_1177-10,São Paulo,3550308,True,,32897,,,-23.5361185,-46.632417000000004,,,,2,2023-06-19T08:28:58+00:00
SAO_1177-10,São Paulo,3550308,True,,32897,,,-23.5361185,-46.632417000000004,,,,2,2023-06-19T08:28:26+00:00
SAO_1177-10,São Paulo,3550308,True,,32897,,,-23.5361185,-46.632417000000004,,,,2,2023-06-19T08:28:34+00:00
SAO_1177-10,São Paulo,3550308,True,,32897,,,-23.5361185,-46.632417000000004,,,,2,2023-06-19T08:28:55+00:00
SAO_7049-10,São Paulo,3550308,True,,1912,,,-23.7116535,-46.777972,,,,1,2023-06-19T08:28:45+00:00
SAO_7049-10,São Paulo,3550308,True,,1912,,,-23.71189,-46.777949500000005,,,,1,2023-06-19T08:28:52+00:00
SAO_7049-10,São Paulo,3550308,True,,1912,,,-23.7116535,-46.777972,,,,1,2023-06-19T08:28:31+00:00
SAO_7049-10,São Paulo,3550308,True,,1912,,,-23.7116535,-46.777972,,,,1,2023-06-19T08:28:24+00:00
SAO_7049-10,São Paulo,3550308,True,,1912,,,-23.7116535,-46.777972,,,,1,2023-06-19T08:28:38+00:00
SAO_7049-10,São Paulo,3550308,True,,1912,,,-23.7116535,-46.777972,,,,1,2023-06-19T08:29:02+00:00
SAO_7049-10,São Paulo,3550308,True,,1912,,,-23.7116535,-46.777972,,,,1,2023-06-19T08:28:39+00:00
SAO_7049-10,São Paulo,3550308,True,,1912,,,-23.71189,-46.777949500000005,,,,1,2023-06-19T08:28:51+00:00
SAO_3746-10,São Paulo,3550308,True,,33051,,,-23.542912,-46.588283000000004,,,,2,2023-06-19T08:28:37+00:00
SAO_3746-10,São Paulo,3550308,True,,33051,,,-23.542912,-46.588283000000004,,,,2,2023-06-19T08:28:58+00:00
SAO_3746-10,São Paulo,3550308,True,,33051,,,-23.542912,-46.588283000000004,,,,2,2023-06-19T08:28:38+00:00
SAO_3746-10,São Paulo,3550308,True,,33051,,,-23.542912,-46.588283000000004,,,,2,2023-06-19T08:29:01+00:00
SAO_3746-10,São Paulo,3550308,True,,33051,,,-23.542912,-46.588283000000004,,,,2,2023-06-19T08:28:24+00:00
SAO_3746-10,São Paulo,3550308,True,,33051,,,-23.542912,-46.588283000000004,,,,2,2023-06-19T08:28:51+00:00
SAO_3746-10,São Paulo,3550308,True,,33051,,,-23.542912,-46.588283000000004,,,,2,2023-06-19T08:28:56+00:00
SAO_3746-10,São Paulo,3550308,True,,33051,,,-23.542912,-46.588283000000004,,,,2,2023-06-19T08:28:29+00:00
SAO_3746-10,São Paulo,3550308,True,,33051,,,-23.542912,-46.588283000000004,,,,2,2023-06-19T08:28:25+00:00
SAO_3746-10,São Paulo,3550308,True,,33051,,,-23.542912,-46.588283000000004,,,,2,2023-06-19T08:28:47+00:00
SAO_3746-10,São Paulo,3550308,True,,33051,,,-23.542912,-46.588283000000004,,,,2,2023-06-19T08:29:05+00:00
SAO_3728-10,São Paulo,3550308,True,,1025,,,-23.5508735,-46.489171,,,,1,2023-06-19T08:26:32+00:00
SAO_3728-10,São Paulo,3550308,True,,1025,,,-23.573595,-46.490476,,,,1,2023-06-19T08:28:34+00:00
SAO_3728-10,São Paulo,3550308,True,,1025,,,-23.5420065,-46.483900500000004,,,,1,2023-06-19T08:28:32+00:00
SAO_3736-10,São Paulo,3550308,True,,33804,,,-23.5756995,-46.483413999999996,,,,2,2023-06-19T08:28:56+00:00
SAO_3736-10,São Paulo,3550308,True,,33804,,,-23.5761605,-46.48341425,,,,2,2023-06-19T08:24:50+00:00
SAO_2732-10,São Paulo,3550308,True,,947,,,-23.5402155,-46.483134,,,,1,2023-06-19T08:28:49+00:00
SAO_2732-10,São Paulo,3550308,True,,947,,,-23.5402155,-46.483134,,,,1,2023-06-19T08:28:55+00:00
SAO_2732-10,São Paulo,3550308,True,,947,,,-23.5402155,-46.483134,,,,1,2023-06-19T08:28:27+00:00
SAO_2732-10,São Paulo,3550308,True,,947,,,-23.5402155,-46.483134,,,,1,2023-06-19T08:28:47+00:00
SAO_2732-10,São Paulo,3550308,True,,947,,,-23.5402155,-46.483134,,,,1,2023-06-19T08:28:41+00:00
SAO_2732-10,São Paulo,3550308,True,,947,,,-23.5402155,-46.483134,,,,1,2023-06-19T08:28:49+00:00
SAO_N302-11,São Paulo,3550308,True,,35104,,,-23.51775,-46.4757475,,,,2,2023-06-19T08:28:28+00:00
SAO_N302-11,São Paulo,3550308,True,,35104,,,-23.520327,-46.629219500000005,,,,2,2023-06-19T08:29:04+00:00
SAO_775N-10,São Paulo,3550308,True,,474,,,-23.55123175,-46.740238250000004,,,,1,2023-06-19T08:28:42+00:00
SAO_775N-10,São Paulo,3550308,True,,474,,,-23.550092562499998,-46.7390546875,,,,1,2023-06-19T08:28:28+00:00
SAO_775N-10,São Paulo,3550308,True,,474,,,-23.5502831875,-46.7392525625,,,,1,2023-06-19T08:29:01+00:00
SAO_775N-10,São Paulo,3550308,True,,474,,,-23.55123175,-46.740238250000004,,,,1,2023-06-19T08:29:00+00:00
SAO_2666-10,São Paulo,3550308,True,,33146,,,-23.51798475,-46.3882325,,,,2,2023-06-19T08:28:40+00:00
SAO_2666-10,São Paulo,3550308,True,,33146,,,-23.51798475,-46.3882325,,,,2,2023-06-19T08:28:42+00:00
SAO_2666-10,São Paulo,3550308,True,,33146,,,-23.546655,-46.630598,,,,2,2023-06-19T08:28:33+00:00
SAO_2666-10,São Paulo,3550308,True,,33146,,,-23.546655,-46.630598,,,,2,2023-06-19T08:28:50+00:00
SAO_2666-10,São Paulo,3550308,True,,33146,,,-23.546655,-46.630598,,,,2,2023-06-19T08:29:01+00:00
SAO_2666-10,São Paulo,3550308,True,,33146,,,-23.546655,-46.630598,,,,2,2023-06-19T08:28:21+00:00
SAO_2666-10,São Paulo,3550308,True,,33146,,,-23.546655,-46.630598,,,,2,2023-06-19T08:28:18+00:00
SAO_2666-10,São Paulo,3550308,True,,33146,,,-23.5169485,-46.3890475,,,,2,2023-06-19T08:29:06+00:00
SAO_6012-10,São Paulo,3550308,True,,1204,,,-23.686561,-46.7870745,,,,1,2023-06-19T08:28:57+00:00
SAO_2725-10,São Paulo,3550308,True,,939,,,-23.540045,-46.483149499999996,,,,1,2023-06-19T08:29:00+00:00
SAO_2725-10,São Paulo,3550308,True,,939,,,-23.540045,-46.483149499999996,,,,1,2023-06-19T08:28:38+00:00
SAO_2725-10,São Paulo,3550308,True,,939,,,-23.540045,-46.483149499999996,,,,1,2023-06-19T08:29:05+00:00
SAO_2725-10,São Paulo,3550308,True,,939,,,-23.540045,-46.483149499999996,,,,1,2023-06-19T08:28:25+00:00
SAO_2725-10,São Paulo,3550308,True,,939,,,-23.540045,-46.483149499999996,,,,1,2023-06-19T08:28:32+00:00
SAO_2725-10,São Paulo,3550308,True,,939,,,-23.540045,-46.483149499999996,,,,1,2023-06-19T08:28:51+00:00
SAO_2725-10,São Paulo,3550308,True,,939,,,-23.540045,-46.483149499999996,,,,1,2023-06-19T08:28:31+00:00
SAO_2725-10,São Paulo,3550308,True,,939,,,-23.540045,-46.483149499999996,,,,1,2023-06-19T08:27:37+00:00
SAO_2725-10,São Paulo,3550308,True,,939,,,-23.540045,-46.483149499999996,,,,1,2023-06-19T08:28:40+00:00
SAO_6L07-10,São Paulo,3550308,True,,1545,,,-23.7667025,-46.7163285,,,,1,2023-06-19T08:28:56+00:00
SAO_2201-10,São Paulo,3550308,True,,909,,,-23.5324795,-46.3946915,,,,1,2023-06-19T08:28:03+00:00
SAO_2201-10,São Paulo,3550308,True,,909,,,-23.5324795,-46.3946915,,,,1,2023-06-19T08:28:40+00:00
SAO_2201-10,São Paulo,3550308,True,,909,,,-23.5324795,-46.3946915,,,,1,2023-06-19T08:27:09+00:00
SAO_8700-10,São Paulo,3550308,True,,1877,,,-23.6304685,-46.773606,,,,1,2023-06-19T08:28:45+00:00
SAO_8700-10,São Paulo,3550308,True,,1877,,,-23.6304685,-46.773606,,,,1,2023-06-19T08:28:22+00:00
SAO_8700-10,São Paulo,3550308,True,,1877,,,-23.6304685,-46.773606,,,,1,2023-06-19T08:29:03+00:00
SAO_8700-10,São Paulo,3550308,True,,1877,,,-23.6304685,-46.773606,,,,1,2023-06-19T08:28:38+00:00
SAO_253F-10,São Paulo,3550308,True,EMTU,158,https://moovitapp.com/index/pt-br/transporte_p%C3%BAblico-line-158-Sao_Paulo-242-2038937-36419303-0,7.45,-23.5185795,-46.475586,,,,1,2023-06-19T08:28:41+00:00
SAO_1709-10,São Paulo,3550308,True,,851,,,-23.4412375,-46.5814765,,,,1,2023-06-19T08:28:26+00:00
SAO_1709-10,São Paulo,3550308,True,,851,,,-23.4412375,-46.5814765,,,,1,2023-06-19T08:28:33+00:00
SAO_1709-10,São Paulo,3550308,True,,851,,,-23.4412375,-46.5814765,,,,1,2023-06-19T08:28:28+00:00
SAO_1709-10,São Paulo,3550308,True,,851,,,-23.4412375,-46.5814765,,,,1,2023-06-19T08:29:00+00:00
SAO_1709-10,São Paulo,3550308,True,,851,,,-23.4412375,-46.5814765,,,,1,2023-06-19T08:28:28+00:00
SAO_1709-10,São Paulo,3550308,True,,851,,,-23.4412375,-46.5814765,,,,1,2023-06-19T08:27:59+00:00
SAO_1709-10,São Paulo,3550308,True,,851,,,-23.4412375,-46.5814765,,,,1,2023-06-19T08:28:25+00:00
SAO_1709-10,São Paulo,3550308,True,,851,,,-23.4412375,-46.5814765,,,,1,2023-06-19T08:28:31+00:00
SAO_1709-10,São Paulo,3550308,True,,851,,,-23.4412375,-46.5814765,,,,1,2023-06-19T08:28:18+00:00
SAO_1709-10,São Paulo,3550308,True,,851,,,-23.4412375,-46.5814765,,,,1,2023-06-19T08:28:46+00:00
SAO_1709-10,São Paulo,3550308,True,,851,,,-23.4412375,-46.5814765,,,,1,2023-06-19T08:28:37+00:00
SAO_1709-10,São Paulo,3550308,True,,851,,,-23.4412375,-46.5814765,,,,1,2023-06-19T08:28:34+00:00
SAO_1709-10,São Paulo,3550308,True,,851,,,-23.4412375,-46.5814765,,,,1,2023-06-19T08:28:48+00:00
SAO_1709-10,São Paulo,3550308,True,,851,,,-23.4412375,-46.5814765,,,,1,2023-06-19T08:28:16+00:00
SAO_7004-10,São Paulo,3550308,True,,34760,,,-23.7317975,-46.7861475,,,,2,2023-06-19T08:28:55+00:00
SAO_7004-10,São Paulo,3550308,True,,34760,,,-23.731476999999998,-46.7859925,,,,2,2023-06-19T08:28:58+00:00
SAO_7004-10,São Paulo,3550308,True,,34760,,,-23.7305335,-46.7858295,,,,2,2023-06-19T08:28:41+00:00
SAO_7004-10,São Paulo,3550308,True,,34760,,,-23.7309495,-46.785837,,,,2,2023-06-19T08:28:46+00:00
SAO_7004-10,São Paulo,3550308,True,,34760,,,-23.731476999999998,-46.7859925,,,,2,2023-06-19T08:28:48+00:00
SAO_7004-10,São Paulo,3550308,True,,34760,,,-23.7317975,-46.7861475,,,,2,2023-06-19T08:28:46+00:00
SAO_7004-10,São Paulo,3550308,True,,34760,,,-23.7301305,-46.7858815,,,,2,2023-06-19T08:28:56+00:00
SAO_7004-10,São Paulo,3550308,True,,34760,,,-23.7307125,-46.785826,,,,2,2023-06-19T08:28:20+00:00
SAO_7004-10,São Paulo,3550308,True,,34760,,,-23.7317975,-46.7861475,,,,2,2023-06-19T08:28:52+00:00
SAO_7004-10,São Paulo,3550308,True,,34760,,,-23.7317975,-46.7861475,,,,2,2023-06-19T08:28:22+00:00
SAO_N103-11,São Paulo,3550308,True,,2284,,,-23.486438,-46.726151,,,,1,2023-06-19T08:29:04+00:00
SAO_N103-11,São Paulo,3550308,True,,2284,,,-23.520256,-46.7000975,,,,1,2023-06-19T08:28:53+00:00
SAO_N301-11,São Paulo,3550308,True,,35103,,,-23.5173865,-46.47583825,,,,2,2023-06-19T08:28:37+00:00
SAO_N301-11,São Paulo,3550308,True,,35103,,,-23.5344855,-46.567983,,,,2,2023-06-19T08:26:21+00:00
SAO_N533-11,São Paulo,3550308,True,,2385,,,-23.60602075,-46.511673375,,,,1,2023-06-19T08:29:03+00:00
SAO_1177-10,São Paulo,3550308,True,,129,,,-23.518318999999998,-46.4758545,,,,1,2023-06-19T08:28:33+00:00
SAO_6010-10,São Paulo,3550308,True,,33970,,,-23.693291000000002,-46.7941785,,,,2,2023-06-19T08:28:24+00:00
SAO_6010-10,São Paulo,3550308,True,,33970,,,-23.693805,-46.7944445,,,,2,2023-06-19T08:28:33+00:00
SAO_6010-10,São Paulo,3550308,True,,33970,,,-23.667592,-46.7354985,,,,2,2023-06-19T08:28:44+00:00
SAO_6010-10,São Paulo,3550308,True,,33970,,,-23.667592,-46.7354985,,,,2,2023-06-19T08:28:32+00:00
SAO_6010-10,São Paulo,3550308,True,,33970,,,-23.6938785,-46.7945825,,,,2,2023-06-19T08:28:43+00:00
SAO_6010-10,São Paulo,3550308,True,,33970,,,-23.693499,-46.7941555,,,,2,2023-06-19T08:28:51+00:00
SAO_6010-10,São Paulo,3550308,True,,33970,,,-23.6934315,-46.794145,,,,2,2023-06-19T08:29:04+00:00
SAO_6010-10,São Paulo,3550308,True,,33970,,,-23.693805,-46.7944445,,,,2,2023-06-19T08:28:40+00:00
SAO_6010-10,São Paulo,3550308,True,,33970,,,-23.6938785,-46.7945825,,,,2,2023-06-19T08:29:06+00:00
SAO_6010-10,São Paulo,3550308,True,,33970,,,-23.667592,-46.7354985,,,,2,2023-06-19T08:28:30+00:00
SAO_N306-11,São Paulo,3550308,True,,35108,,,-23.542913,-46.471263,,,,2,2023-06-19T08:28:54+00:00
SAO_N306-11,São Paulo,3550308,True,,35108,,,-23.491535,-46.434552,,,,2,2023-06-19T08:28:32+00:00
SAO_2719-10,São Paulo,3550308,True,,932,,,-23.4945875,-46.469469000000004,,,,1,2023-06-19T08:28:25+00:00
SAO_8022-10,São Paulo,3550308,True,,2085,,,-23.568271,-46.739903,,,,1,2023-06-19T08:28:39+00:00
SAO_6045-21,São Paulo,3550308,True,,2164,,,-23.694454,-46.794375,,,,1,2023-06-19T08:28:54+00:00
SAO_6063-41,São Paulo,3550308,True,,34541,,,-23.787596999999998,-46.679432,,,,2,2023-06-19T08:28:33+00:00
SAO_6063-41,São Paulo,3550308,True,,34541,,,-23.787596999999998,-46.679432,,,,2,2023-06-19T08:29:05+00:00
SAO_6063-41,São Paulo,3550308,True,,34541,,,-23.787596999999998,-46.679432,,,,2,2023-06-19T08:29:04+00:00
SAO_6063-41,São Paulo,3550308,True,,34541,,,-23.787596999999998,-46.679432,,,,2,2023-06-19T08:28:51+00:00
SAO_6063-41,São Paulo,3550308,True,,34541,,,-23.787596999999998,-46.679432,,,,2,2023-06-19T08:28:30+00:00
SAO_6063-41,São Paulo,3550308,True,,34541,,,-23.787596999999998,-46.679432,,,,2,2023-06-19T08:28:31+00:00
SAO_6063-41,São Paulo,3550308,True,,34541,,,-23.787596999999998,-46.679432,,,,2,2023-06-19T08:28:41+00:00
SAO_6063-41,São Paulo,3550308,True,,34541,,,-23.787596999999998,-46.679432,,,,2,2023-06-19T08:28:40+00:00
SAO_373L-10,São Paulo,3550308,True,,1027,,,-23.615178999999998,-46.423012,,,,1,2023-06-19T08:28:55+00:00
SAO_373L-10,São Paulo,3550308,True,,1027,,,-23.615178999999998,-46.423012,,,,1,2023-06-19T08:28:55+00:00
SAO_373L-10,São Paulo,3550308,True,,1027,,,-23.615178999999998,-46.423012,,,,1,2023-06-19T08:28:34+00:00
SAO_373L-10,São Paulo,3550308,True,,1027,,,-23.615178999999998,-46.423012,,,,1,2023-06-19T08:28:49+00:00
SAO_8012-10,São Paulo,3550308,True,,34791,,,-23.559506,-46.736650499999996,,,,2,2023-06-19T08:28:44+00:00
SAO_9011-21,São Paulo,3550308,True,,1768,,,-23.4547945,-46.738510500000004,,,,1,2023-06-19T08:17:56+00:00
SAO_9011-21,São Paulo,3550308,True,,1768,,,-23.4547945,-46.738510500000004,,,,1,2023-06-19T08:28:45+00:00
SAO_9011-21,São Paulo,3550308,True,,1768,,,-23.4547945,-46.738510500000004,,,,1,2023-06-19T08:28:25+00:00
SAO_9011-21,São Paulo,3550308,True,,1768,,,-23.4547945,-46.738510500000004,,,,1,2023-06-19T08:26:31+00:00
SAO_9011-21,São Paulo,3550308,True,,1768,,,-23.4547945,-46.738510500000004,,,,1,2023-06-19T08:28:26+00:00
SAO_9011-21,São Paulo,3550308,True,,1768,,,-23.4547945,-46.738510500000004,,,,1,2023-06-19T08:28:39+00:00
SAO_N631-11,São Paulo,3550308,True,,2396,,,-23.654592,-46.714560500000005,,,,1,2023-06-19T08:29:01+00:00
SAO_7004-10,São Paulo,3550308,True,,1992,,,-23.731476999999998,-46.7859925,,,,1,2023-06-19T08:28:43+00:00
SAO_7004-10,São Paulo,3550308,True,,1992,,,-23.731476999999998,-46.7859925,,,,1,2023-06-19T08:29:02+00:00
SAO_7004-10,São Paulo,3550308,True,,1992,,,-23.7317975,-46.7861475,,,,1,2023-06-19T08:28:46+00:00
SAO_7004-10,São Paulo,3550308,True,,1992,,,-23.7312905,-46.7859135,,,,1,2023-06-19T08:28:59+00:00
SAO_7004-10,São Paulo,3550308,True,,1992,,,-23.7317975,-46.7861475,,,,1,2023-06-19T08:28:30+00:00
SAO_7004-10,São Paulo,3550308,True,,1992,,,-23.7320815,-46.786311,,,,1,2023-06-19T08:28:19+00:00
SAO_7004-10,São Paulo,3550308,True,,1992,,,-23.731476999999998,-46.7859925,,,,1,2023-06-19T08:28:31+00:00
SAO_6012-10,São Paulo,3550308,True,,33972,,,-23.686754,-46.7876415,,,,2,2023-06-19T08:28:36+00:00
SAO_6012-10,São Paulo,3550308,True,,33972,,,-23.686754,-46.7876415,,,,2,2023-06-19T08:28:29+00:00
SAO_6012-10,São Paulo,3550308,True,,33972,,,-23.65084425,-46.7014805,,,,2,2023-06-19T08:28:42+00:00
SAO_6017-10,São Paulo,3550308,True,,1206,,,-23.692511000000003,-46.7778525,,,,1,2023-06-19T08:28:37+00:00
SAO_6017-10,São Paulo,3550308,True,,1206,,,-23.696863,-46.760326500000005,,,,1,2023-06-19T08:28:37+00:00
SAO_3751-10,São Paulo,3550308,True,,1047,,,-23.570445,-46.4103425,,,,1,2023-06-19T08:28:53+00:00
SAO_3751-10,São Paulo,3550308,True,,1047,,,-23.569356,-46.4108985,,,,1,2023-06-19T08:25:26+00:00
SAO_3751-10,São Paulo,3550308,True,,1047,,,-23.569356,-46.4108985,,,,1,2023-06-19T08:27:58+00:00
SAO_N535-11,São Paulo,3550308,True,,35155,,,-23.655013,-46.605705,,,,2,2023-06-19T08:28:53+00:00
SAO_N535-11,São Paulo,3550308,True,,35155,,,-23.603310999999998,-46.6028315,,,,2,2023-06-19T08:28:25+00:00
SAO_6840-10,São Paulo,3550308,True,EMTU,201,https://moovitapp.com/index/pt-br/transporte_p%C3%BAblico-line-201-Sao_Paulo-242-2038937-58093160-0,20.4,-23.7317975,-46.7861475,,,,1,2023-06-19T08:28:32+00:00
SAO_6840-10,São Paulo,3550308,True,EMTU,201,https://moovitapp.com/index/pt-br/transporte_p%C3%BAblico-line-201-Sao_Paulo-242-2038937-58093160-0,20.4,-23.7317975,-46.7861475,,,,1,2023-06-19T08:28:39+00:00
SAO_6840-10,São Paulo,3550308,True,EMTU,201,https://moovitapp.com/index/pt-br/transporte_p%C3%BAblico-line-201-Sao_Paulo-242-2038937-58093160-0,20.4,-23.7317975,-46.7861475,,,,1,2023-06-19T08:27:58+00:00
SAO_6840-10,São Paulo,3550308,True,EMTU,201,https://moovitapp.com/index/pt-br/transporte_p%C3%BAblico-line-201-Sao_Paulo-242-2038937-58093160-0,20.4,-23.7317975,-46.7861475,,,,1,2023-06-19T08:28:23+00:00
SAO_6840-10,São Paulo,3550308,True,EMTU,201,https://moovitapp.com/index/pt-br/transporte_p%C3%BAblico-line-201-Sao_Paulo-242-2038937-58093160-0,20.4,-23.7317975,-46.7861475,,,,1,2023-06-19T08:28:24+00:00
SAO_N746-11,São Paulo,3550308,True,,35195,,,-23.65773925,-46.78990175,,,,2,2023-06-19T08:28:58+00:00
SAO_N307-11,São Paulo,3550308,True,,2341,,,-23.56555875,-46.7010795,,,,1,2023-06-19T08:28:55+00:00
SAO_N203-11,São Paulo,3550308,True,,2313,,,-23.480144,-46.6024375,,,,1,2023-06-19T08:28:37+00:00
SAO_N203-11,São Paulo,3550308,True,,2313,,,-23.5458935,-46.631106,,,,1,2023-06-19T08:28:34+00:00
SAO_3712-10,São Paulo,3550308,True,,1009,,,-23.5525595,-46.4257145,,,,1,2023-06-19T08:28:27+00:00
SAO_3712-10,São Paulo,3550308,True,,1009,,,-23.5525595,-46.4257145,,,,1,2023-06-19T08:28:54+00:00
SAO_3712-10,São Paulo,3550308,True,,1009,,,-23.5509525,-46.4254715,,,,1,2023-06-19T08:28:34+00:00
SAO_3712-10,São Paulo,3550308,True,,1009,,,-23.5525595,-46.4257145,,,,1,2023-06-19T08:28:26+00:00
SAO_3712-10,São Paulo,3550308,True,,1009,,,-23.5525595,-46.4257145,,,,1,2023-06-19T08:29:02+00:00
SAO_3712-10,São Paulo,3550308,True,,1009,,,-23.5525595,-46.4257145,,,,1,2023-06-19T08:23:31+00:00
SAO_3712-10,São Paulo,3550308,True,,1009,,,-23.5525595,-46.4257145,,,,1,2023-06-19T08:28:54+00:00
SAO_3712-10,São Paulo,3550308,True,,1009,,,-23.5525595,-46.4257145,,,,1,2023-06-19T08:28:28+00:00
SAO_3712-10,São Paulo,3550308,True,,1009,,,-23.5525595,-46.4257145,,,,1,2023-06-19T08:29:02+00:00
SAO_N532-11,São Paulo,3550308,True,,35152,,,-23.613898499999998,-46.5016255,,,,2,2023-06-19T08:28:41+00:00
SAO_6822-10,São Paulo,3550308,True,Del Rey,22,https://moovitapp.com/index/pt-br/transporte_p%C3%BAblico-line-22-Sao_Paulo-242-868760-496394-0,4.5,-23.653269,-46.7776185,,,,1,2023-06-19T08:28:45+00:00
SAO_6822-10,São Paulo,3550308,True,Del Rey,22,https://moovitapp.com/index/pt-br/transporte_p%C3%BAblico-line-22-Sao_Paulo-242-868760-496394-0,4.5,-23.653269,-46.7776185,,,,1,2023-06-19T08:28:35+00:00
SAO_9011-10,São Paulo,3550308,True,,33646,,,-23.47494,-46.67014399999999,,,,2,2023-06-19T08:28:42+00:00
SAO_9011-10,São Paulo,3550308,True,,33646,,,-23.47494,-46.67014399999999,,,,2,2023-06-19T08:28:53+00:00
SAO_9011-10,São Paulo,3550308,True,,33646,,,-23.47494,-46.67014399999999,,,,2,2023-06-19T08:28:55+00:00
SAO_9011-10,São Paulo,3550308,True,,33646,,,-23.47494,-46.67014399999999,,,,2,2023-06-19T08:28:02+00:00
SAO_7062-10,São Paulo,3550308,True,,34666,,,-23.6309525,-46.7732975,,,,2,2023-06-19T08:28:54+00:00
SAO_7062-10,São Paulo,3550308,True,,34666,,,-23.6459325,-46.7703315,,,,2,2023-06-19T08:28:40+00:00
SAO_7062-10,São Paulo,3550308,True,,34666,,,-23.646132,-46.7723025,,,,2,2023-06-19T08:28:41+00:00
SAO_7062-10,São Paulo,3550308,True,,34666,,,-23.646065,-46.772230500000006,,,,2,2023-06-19T08:28:24+00:00
SAO_7062-10,São Paulo,3550308,True,,34666,,,-23.646199000000003,-46.772373,,,,2,2023-06-19T08:28:46+00:00
SAO_477A-10,São Paulo,3550308,True,,33114,,,-23.595205125,-46.60094075000001,,,,2,2023-06-19T08:28:55+00:00
SAO_477A-10,São Paulo,3550308,True,,33114,,,-23.566532000000002,-46.701246999999995,,,,2,2023-06-19T08:28:53+00:00
SAO_374V-10,São Paulo,3550308,True,,34415,,,-23.526107250000003,-46.4522605,,,,2,2023-06-19T08:28:25+00:00
SAO_374V-10,São Paulo,3550308,True,,34415,,,-23.526107250000003,-46.4522605,,,,2,2023-06-19T08:28:36+00:00
SAO_374V-10,São Paulo,3550308,True,,34415,,,-23.5263255,-46.452581,,,,2,2023-06-19T08:28:53+00:00
SAO_N702-11,São Paulo,3550308,True,,35175,,,-23.653924375,-46.71180125000001,,,,2,2023-06-19T08:28:42+00:00
SAO_N702-11,São Paulo,3550308,True,,35175,,,-23.580900500000002,-46.64951775,,,,2,2023-06-19T08:28:46+00:00
SAO_675P-10,São Paulo,3550308,True,,33043,,,-23.64649975,-46.64515875,,,,2,2023-06-19T08:28:34+00:00
SAO_N536-11,São Paulo,3550308,True,,35156,,,-23.5827495,-46.5677015,,,,2,2023-06-19T08:28:36+00:00
SAO_148L-10,São Paulo,3550308,True,,33299,,,-23.46481,-46.65197525,,,,2,2023-06-19T08:28:58+00:00
SAO_148L-10,São Paulo,3550308,True,,33299,,,-23.4656105,-46.6516035,,,,2,2023-06-19T08:29:01+00:00
SAO_148L-10,São Paulo,3550308,True,,33299,,,-23.4653245,-46.6517335,,,,2,2023-06-19T08:28:24+00:00
SAO_148L-10,São Paulo,3550308,True,,33299,,,-23.4653245,-46.6517335,,,,2,2023-06-19T08:28:59+00:00
SAO_N238-11,São Paulo,3550308,True,,35095,,,-23.50162425,-46.62357300000001,,,,2,2023-06-19T08:28:56+00:00
SAO_172P-10,São Paulo,3550308,True,,33626,,,-23.443562,-46.5900395,,,,2,2023-06-19T08:28:49+00:00
SAO_172P-10,São Paulo,3550308,True,,33626,,,-23.441778,-46.589405,,,,2,2023-06-19T08:28:41+00:00
SAO_172P-10,São Paulo,3550308,True,,33626,,,-23.4418065,-46.5890285,,,,2,2023-06-19T08:28:26+00:00
SAO_172P-10,São Paulo,3550308,True,,33626,,,-23.441848999999998,-46.588781499999996,,,,2,2023-06-19T08:28:27+00:00
SAO_172P-10,São Paulo,3550308,True,,33626,,,-23.4418065,-46.5890285,,,,2,2023-06-19T08:28:50+00:00
SAO_172P-10,São Paulo,3550308,True,,33626,,,-23.4418065,-46.5890285,,,,2,2023-06-19T08:28:38+00:00
SAO_6038-10,São Paulo,3550308,True,,33984,,,-23.658400999999998,-46.78931475,,,,2,2023-06-19T08:28:30+00:00
SAO_6038-10,São Paulo,3550308,True,,33984,,,-23.6580875,-46.789572,,,,2,2023-06-19T08:29:06+00:00
SAO_6038-10,São Paulo,3550308,True,,33984,,,-23.6582,-46.7894615,,,,2,2023-06-19T08:28:59+00:00
SAO_6045-10,São Paulo,3550308,True,,1222,,,-23.6945995,-46.794075500000005,,,,1,2023-06-19T08:28:54+00:00
SAO_6045-10,São Paulo,3550308,True,,1222,,,-23.694454,-46.794375,,,,1,2023-06-19T08:28:46+00:00
SAO_6045-10,São Paulo,3550308,True,,1222,,,-23.6945995,-46.794075500000005,,,,1,2023-06-19T08:28:51+00:00
SAO_6045-10,São Paulo,3550308,True,,1222,,,-23.6945995,-46.794075500000005,,,,1,2023-06-19T08:28:40+00:00
SAO_6045-10,São Paulo,3550308,True,,1222,,,-23.6945445,-46.794182,,,,1,2023-06-19T08:28:42+00:00
SAO_6045-10,São Paulo,3550308,True,,1222,,,-23.694674999999997,-46.793941000000004,,,,1,2023-06-19T08:28:27+00:00
SAO_6045-10,São Paulo,3550308,True,,1222,,,-23.6945995,-46.794075500000005,,,,1,2023-06-19T08:28:32+00:00
SAO_6045-10,São Paulo,3550308,True,,1222,,,-23.69435,-46.794564,,,,1,2023-06-19T08:28:43+00:00
SAO_6045-10,São Paulo,3550308,True,,1222,,,-23.694674999999997,-46.793941000000004,,,,1,2023-06-19T08:28:25+00:00
SAO_6045-10,São Paulo,3550308,True,,1222,,,-23.694674999999997,-46.793941000000004,,,,1,2023-06-19T08:28:46+00:00
SAO_6045-10,São Paulo,3550308,True,,1222,,,-23.6945445,-46.794182,,,,1,2023-06-19T08:28:35+00:00
SAO_6045-10,São Paulo,3550308,True,,1222,,,-23.6945445,-46.794182,,,,1,2023-06-19T08:28:42+00:00
SAO_6L10-41,São Paulo,3550308,True,,34773,,,-23.7880685,-46.765596,,,,2,2023-06-19T08:19:10+00:00
SAO_6L10-41,São Paulo,3550308,True,,34773,,,-23.7880685,-46.765596,,,,2,2023-06-19T08:28:40+00:00
SAO_576C-10,São Paulo,3550308,True,,34058,,,-23.647017499999997,-46.6451665,,,,2,2023-06-19T08:28:46+00:00
SAO_576C-10,São Paulo,3550308,True,,34058,,,-23.6466305,-46.6450555,,,,2,2023-06-19T08:28:53+00:00
SAO_576C-10,São Paulo,3550308,True,,34058,,,-23.647017499999997,-46.6451665,,,,2,2023-06-19T08:28:49+00:00
SAO_576C-10,São Paulo,3550308,True,,34058,,,-23.6466305,-46.6450555,,,,2,2023-06-19T08:29:02+00:00
SAO_809H-10,São Paulo,3550308,True,,2245,,,-23.5502831875,-46.7392525625,,,,1,2023-06-19T08:28:52+00:00
SAO_809H-10,São Paulo,3550308,True,,2245,,,-23.549901937500003,-46.7388568125,,,,1,2023-06-19T08:28:31+00:00
SAO_2006-10,São Paulo,3550308,True,,895,,,-23.506570625000002,-46.366393375,,,,1,2023-06-19T08:28:44+00:00
SAO_2006-10,São Paulo,3550308,True,,895,,,-23.510832999999998,-46.366727,,,,1,2023-06-19T08:28:46+00:00
SAO_2006-10,São Paulo,3550308,True,,895,,,-23.510832999999998,-46.366727,,,,1,2023-06-19T08:28:57+00:00
SAO_2006-10,São Paulo,3550308,True,,895,,,-23.5053745,-46.36656475,,,,1,2023-06-19T08:28:51+00:00
SAO_2712-10,São Paulo,3550308,True,,926,,,-23.539784,-46.4726735,,,,1,2023-06-19T08:26:38+00:00
SAO_2712-10,São Paulo,3550308,True,,926,,,-23.5407195,-46.482772499999996,,,,1,2023-06-19T08:29:04+00:00
SAO_2712-10,São Paulo,3550308,True,,926,,,-23.5407195,-46.482772499999996,,,,1,2023-06-19T08:28:51+00:00
SAO_2712-10,São Paulo,3550308,True,,926,,,-23.5404755,-46.4828995,,,,1,2023-06-19T08:28:31+00:00
SAO_6840-10,São Paulo,3550308,True,,32969,,,-23.7317975,-46.7861475,,,,2,2023-06-19T08:29:00+00:00
SAO_6840-10,São Paulo,3550308,True,,32969,,,-23.7317975,-46.7861475,,,,2,2023-06-19T08:28:07+00:00
SAO_6840-10,São Paulo,3550308,True,,32969,,,-23.731146000000003,-46.785866999999996,,,,2,2023-06-19T08:28:42+00:00
SAO_6840-10,São Paulo,3550308,True,,32969,,,-23.7317975,-46.7861475,,,,2,2023-06-19T08:27:59+00:00
SAO_6840-10,São Paulo,3550308,True,,32969,,,-23.7317975,-46.7861475,,,,2,2023-06-19T08:27:50+00:00
SAO_6840-10,São Paulo,3550308,True,,32969,,,-23.7317975,-46.7861475,,,,2,2023-06-19T08:28:36+00:00
SAO_6840-10,São Paulo,3550308,True,,32969,,,-23.731476999999998,-46.7859925,,,,2,2023-06-19T08:27:34+00:00
SAO_6840-10,São Paulo,3550308,True,,32969,,,-23.7317975,-46.7861475,,,,2,2023-06-19T08:29:00+00:00
SAO_6840-10,São Paulo,3550308,True,,32969,,,-23.7317975,-46.7861475,,,,2,2023-06-19T08:29:04+00:00
SAO_6840-10,São Paulo,3550308,True,,32969,,,-23.7312905,-46.7859135,,,,2,2023-06-19T08:28:42+00:00
SAO_1705-10,São Paulo,3550308,True,,849,,,-23.442104999999998,-46.5884335,,,,1,2023-06-19T08:28:32+00:00
SAO_1705-10,São Paulo,3550308,True,,849,,,-23.443433499999998,-46.589321,,,,1,2023-06-19T08:28:52+00:00
SAO_7055-10,São Paulo,3550308,True,,1888,,,-23.6919635,-46.7907745,,,,1,2023-06-19T08:28:27+00:00
SAO_7055-10,São Paulo,3550308,True,,1888,,,-23.6919635,-46.7907745,,,,1,2023-06-19T08:28:51+00:00
SAO_7055-10,São Paulo,3550308,True,,1888,,,-23.6919635,-46.7907745,,,,1,2023-06-19T08:28:35+00:00
SAO_N401-11,São Paulo,3550308,True,,35125,,,-23.546433999999998,-46.630430000000004,,,,2,2023-06-19T08:28:41+00:00
SAO_N401-11,São Paulo,3550308,True,,35125,,,-23.5577635,-46.522865499999995,,,,2,2023-06-19T08:28:52+00:00
SAO_N308-11,São Paulo,3550308,True,,2342,,,-23.543121499999998,-46.627602499999995,,,,1,2023-06-19T08:29:02+00:00
SAO_5108-10,São Paulo,3550308,True,,34443,,,-23.650326,-46.614008999999996,,,,2,2023-06-19T08:28:55+00:00
SAO_5108-10,São Paulo,3550308,True,,34443,,,-23.6496705,-46.6138115,,,,2,2023-06-19T08:28:30+00:00
SAO_5108-10,São Paulo,3550308,True,,34443,,,-23.650012,-46.6139055,,,,2,2023-06-19T08:29:04+00:00
SAO_4033-10,São Paulo,3550308,True,,33871,,,-23.603224,-46.542550750000004,,,,2,2023-06-19T08:29:04+00:00
SAO_4033-10,São Paulo,3550308,True,,33871,,,-23.603224,-46.542550750000004,,,,2,2023-06-19T08:28:35+00:00
SAO_4033-10,São Paulo,3550308,True,,33871,,,-23.603224,-46.542550750000004,,,,2,2023-06-19T08:28:45+00:00
SAO_4033-10,São Paulo,3550308,True,,33871,,,-23.603224,-46.542550750000004,,,,2,2023-06-19T08:28:29+00:00
SAO_N236-11,São Paulo,3550308,True,,35093,,,-23.477836500000002,-46.632633,,,,2,2023-06-19T08:27:53+00:00
SAO_N331-11,São Paulo,3550308,True,,2343,,,-23.4986795,-46.3953075,,,,1,2023-06-19T08:28:47+00:00
SAO_2523-10,São Paulo,3550308,True,Cidade de Caieiras,250,https://moovitapp.com/index/pt-br/transporte_p%C3%BAblico-line-250-Sao_Paulo-242-868761-752902-0,5.0,-23.5182095,-46.475659,,,,1,2023-06-19T08:28:30+00:00
SAO_2523-10,São Paulo,3550308,True,Cidade de Caieiras,250,https://moovitapp.com/index/pt-br/transporte_p%C3%BAblico-line-250-Sao_Paulo-242-868761-752902-0,5.0,-23.5182095,-46.475659,,,,1,2023-06-19T08:28:42+00:00
SAO_2523-10,São Paulo,3550308,True,Cidade de Caieiras,250,https://moovitapp.com/index/pt-br/transporte_p%C3%BAblico-line-250-Sao_Paulo-242-868761-752902-0,5.0,-23.5182095,-46.475659,,,,1,2023-06-19T08:29:04+00:00
SAO_N843-11,São Paulo,3550308,True,,2442,,,-23.653924500000002,-46.7627265,,,,1,2023-06-19T08:28:45+00:00
SAO_N843-11,São Paulo,3550308,True,,2442,,,-23.633858500000002,-46.75126025,,,,1,2023-06-19T08:28:45+00:00
SAO_875C-10,São Paulo,3550308,True,EMTU,478,https://moovitapp.com/index/pt-br/transporte_p%C3%BAblico-line-478-Sao_Paulo-242-2038937-36419510-0,6.25,-23.52012,-46.6994665,,,,1,2023-06-19T08:28:38+00:00
SAO_875C-10,São Paulo,3550308,True,EMTU,478,https://moovitapp.com/index/pt-br/transporte_p%C3%BAblico-line-478-Sao_Paulo-242-2038937-36419510-0,6.25,-23.52012,-46.6994665,,,,1,2023-06-19T08:29:07+00:00
SAO_875C-10,São Paulo,3550308,True,EMTU,478,https://moovitapp.com/index/pt-br/transporte_p%C3%BAblico-line-478-Sao_Paulo-242-2038937-36419510-0,6.25,-23.52012,-46.6994665,,,,1,2023-06-19T08:28:46+00:00
SAO_N743-11,São Paulo,3550308,True,,35192,,,-23.688761,-46.7648825,,,,2,2023-06-19T08:28:29+00:00
SAO_5300-10,São Paulo,3550308,True,,33122,,,-23.547731,-46.6300275,,,,2,2023-06-19T08:28:42+00:00
SAO_5300-10,São Paulo,3550308,True,,33122,,,-23.547731,-46.6300275,,,,2,2023-06-19T08:29:06+00:00
SAO_5300-10,São Paulo,3550308,True,,33122,,,-23.547731,-46.6300275,,,,2,2023-06-19T08:29:00+00:00
SAO_5300-10,São Paulo,3550308,True,,33122,,,-23.547731,-46.6300275,,,,2,2023-06-19T08:28:42+00:00
SAO_2551-10,São Paulo,3550308,True,,32909,,,-23.546832000000002,-46.6301665,,,,2,2023-06-19T08:28:37+00:00
SAO_2551-10,São Paulo,3550308,True,,32909,,,-23.546832000000002,-46.6301665,,,,2,2023-06-19T08:28:46+00:00
SAO_2551-10,São Paulo,3550308,True,,32909,,,-23.546832000000002,-46.6301665,,,,2,2023-06-19T08:28:36+00:00
SAO_2551-10,São Paulo,3550308,True,,32909,,,-23.546832000000002,-46.6301665,,,,2,2023-06-19T08:28:22+00:00
SAO_5611-10,São Paulo,3550308,True,,33366,,,-23.703243999999998,-46.644342,,,,2,2023-06-19T08:27:21+00:00
SAO_N106-11,São Paulo,3550308,True,,2300,,,-23.526459,-46.666861499999996,,,,1,2023-06-19T08:28:38+00:00
SAO_7060-10,São Paulo,3550308,True,,1889,,,-23.653551,-46.777357,,,,1,2023-06-19T08:28:22+00:00
SAO_6021-10,São Paulo,3550308,True,EMTU,177,https://moovitapp.com/index/pt-br/transporte_p%C3%BAblico-line-177-Sao_Paulo-242-2038937-36419313-0,5.2,-23.7668205,-46.716344500000005,,,,1,2023-06-19T08:29:01+00:00
SAO_6021-10,São Paulo,3550308,True,EMTU,177,https://moovitapp.com/index/pt-br/transporte_p%C3%BAblico-line-177-Sao_Paulo-242-2038937-36419313-0,5.2,-23.7668205,-46.716344500000005,,,,1,2023-06-19T08:28:58+00:00
SAO_6021-10,São Paulo,3550308,True,EMTU,177,https://moovitapp.com/index/pt-br/transporte_p%C3%BAblico-line-177-Sao_Paulo-242-2038937-36419313-0,5.2,-23.77216,-46.719817,,,,1,2023-06-19T08:28:23+00:00
SAO_N633-11,São Paulo,3550308,True,,35166,,,-23.6153375,-46.689659,,,,2,2023-06-19T08:28:55+00:00
SAO_6L05-10,São Paulo,3550308,True,,33941,,,-23.8364635,-46.720957999999996,,,,2,2023-06-19T08:28:45+00:00
SAO_6L05-10,São Paulo,3550308,True,,33941,,,-23.828234000000002,-46.7270185,,,,2,2023-06-19T08:28:31+00:00
SAO_5791-21,São Paulo,3550308,True,,35231,,,-23.71619,-46.62593,,,,2,2023-06-19T08:29:02+00:00
SAO_5791-21,São Paulo,3550308,True,,35231,,,-23.71619,-46.62593,,,,2,2023-06-19T08:28:40+00:00
SAO_5791-21,São Paulo,3550308,True,,35231,,,-23.71619,-46.62593,,,,2,2023-06-19T08:29:00+00:00
SAO_5791-21,São Paulo,3550308,True,,35231,,,-23.71619,-46.62593,,,,2,2023-06-19T08:28:42+00:00
SAO_5791-21,São Paulo,3550308,True,,35231,,,-23.71619,-46.62593,,,,2,2023-06-19T08:28:54+00:00
SAO_5791-21,São Paulo,3550308,True,,35231,,,-23.71619,-46.62593,,,,2,2023-06-19T08:28:34+00:00
SAO_N138-11,São Paulo,3550308,True,,35062,,,-23.450063,-46.687231499999996,,,,2,2023-06-19T08:28:20+00:00
SAO_3766-51,São Paulo,3550308,True,,2575,,,-23.54940475,-46.4286065,,,,1,2023-06-19T08:28:36+00:00
SAO_3766-51,São Paulo,3550308,True,,2575,,,-23.54940475,-46.4286065,,,,1,2023-06-19T08:28:24+00:00
SAO_3766-51,São Paulo,3550308,True,,2575,,,-23.54940475,-46.4286065,,,,1,2023-06-19T08:28:27+00:00
SAO_6051-31,São Paulo,3550308,True,,34374,,,-23.7621455,-46.689133,,,,2,2023-06-19T08:28:45+00:00
SAO_6051-31,São Paulo,3550308,True,,34374,,,-23.7621455,-46.689133,,,,2,2023-06-19T08:28:24+00:00
SAO_2724-10,São Paulo,3550308,True,,938,,,-23.5396445,-46.483602,,,,1,2023-06-19T08:28:47+00:00
SAO_2724-10,São Paulo,3550308,True,,938,,,-23.5396445,-46.483602,,,,1,2023-06-19T08:28:37+00:00
SAO_2724-10,São Paulo,3550308,True,,938,,,-23.5396445,-46.483602,,,,1,2023-06-19T08:27:40+00:00
SAO_2724-10,São Paulo,3550308,True,,938,,,-23.5396445,-46.483602,,,,1,2023-06-19T08:28:35+00:00
SAO_2724-10,São Paulo,3550308,True,,938,,,-23.5396445,-46.483602,,,,1,2023-06-19T08:29:06+00:00
SAO_2724-10,São Paulo,3550308,True,,938,,,-23.5396445,-46.483602,,,,1,2023-06-19T08:28:41+00:00
SAO_2724-10,São Paulo,3550308,True,,938,,,-23.5396445,-46.483602,,,,1,2023-06-19T08:28:23+00:00
SAO_6072-10,São Paulo,3550308,True,,34356,,,-23.8274015,-46.69739250000001,,,,2,2023-06-19T08:29:01+00:00
SAO_6072-10,São Paulo,3550308,True,,34356,,,-23.8274015,-46.69739250000001,,,,2,2023-06-19T08:28:58+00:00
SAO_6072-10,São Paulo,3550308,True,,34356,,,-23.8274015,-46.69739250000001,,,,2,2023-06-19T08:27:42+00:00
SAO_6072-10,São Paulo,3550308,True,,34356,,,-23.8274015,-46.69739250000001,,,,2,2023-06-19T08:28:55+00:00
SAO_6072-10,São Paulo,3550308,True,,34356,,,-23.8274015,-46.69739250000001,,,,2,2023-06-19T08:28:36+00:00
SAO_6072-10,São Paulo,3550308,True,,34356,,,-23.8274015,-46.69739250000001,,,,2,2023-06-19T08:28:50+00:00
SAO_6072-10,São Paulo,3550308,True,,34356,,,-23.8274015,-46.69739250000001,,,,2,2023-06-19T08:28:24+00:00
SAO_6072-10,São Paulo,3550308,True,,34356,,,-23.8274015,-46.69739250000001,,,,2,2023-06-19T08:28:34+00:00
SAO_6072-10,São Paulo,3550308,True,,34356,,,-23.8274015,-46.69739250000001,,,,2,2023-06-19T08:28:46+00:00
SAO_6072-10,São Paulo,3550308,True,,34356,,,-23.8274015,-46.69739250000001,,,,2,2023-06-19T08:28:21+00:00
SAO_N706-11,São Paulo,3550308,True,,35179,,,-23.6291355,-46.769034500000004,,,,2,2023-06-19T08:28:43+00:00
SAO_3736-10,São Paulo,3550308,True,,1036,,,-23.575533,-46.4834125,,,,1,2023-06-19T08:28:35+00:00
SAO_3736-10,São Paulo,3550308,True,,1036,,,-23.575533,-46.4834125,,,,1,2023-06-19T08:28:39+00:00
SAO_3736-10,São Paulo,3550308,True,,1036,,,-23.575533,-46.4834125,,,,1,2023-06-19T08:29:00+00:00
SAO_3736-10,São Paulo,3550308,True,,1036,,,-23.575533,-46.4834125,,,,1,2023-06-19T08:28:32+00:00
SAO_3736-10,São Paulo,3550308,True,,1036,,,-23.575533,-46.4834125,,,,1,2023-06-19T08:28:56+00:00
SAO_3736-10,São Paulo,3550308,True,,1036,,,-23.575533,-46.4834125,,,,1,2023-06-19T08:28:47+00:00
SAO_4093-10,São Paulo,3550308,True,,2448,,,-23.5907355,-46.404099,,,,1,2023-06-19T08:28:04+00:00
SAO_4093-10,São Paulo,3550308,True,,2448,,,-23.588952,-46.395677,,,,1,2023-06-19T08:28:25+00:00
SAO_4033-10,São Paulo,3550308,True,,1103,,,-23.6032955,-46.5422345,,,,1,2023-06-19T08:28:30+00:00
SAO_675M-10,São Paulo,3550308,True,,32876,,,-23.646105499999997,-46.6450805,,,,2,2023-06-19T08:28:39+00:00
SAO_N701-11,São Paulo,3550308,True,,2406,,,-23.582698999999998,-46.670204749999996,,,,1,2023-06-19T08:28:27+00:00
SAO_N701-11,São Paulo,3550308,True,,2406,,,-23.654395,-46.7121185,,,,1,2023-06-19T08:28:30+00:00
SAO_N507-11,São Paulo,3550308,True,,35149,,,-23.584408,-46.5834495,,,,2,2023-06-19T08:28:43+00:00
SAO_N507-11,São Paulo,3550308,True,,35149,,,-23.555035,-46.577231999999995,,,,2,2023-06-19T08:28:35+00:00
SAO_4742-10,São Paulo,3550308,True,,33110,,,-23.650569,-46.614115999999996,,,,2,2023-06-19T08:28:40+00:00
SAO_4742-10,São Paulo,3550308,True,,33110,,,-23.651166500000002,-46.6143845,,,,2,2023-06-19T08:29:01+00:00
SAO_5300-10,São Paulo,3550308,True,EMTU,354,https://moovitapp.com/index/pt-br/transporte_p%C3%BAblico-line-354-Sao_Paulo-242-2038937-36419437-0,7.55,-23.654195,-46.711744499999995,,,,1,2023-06-19T08:29:06+00:00
SAO_5300-10,São Paulo,3550308,True,EMTU,354,https://moovitapp.com/index/pt-br/transporte_p%C3%BAblico-line-354-Sao_Paulo-242-2038937-36419437-0,7.55,-23.654195,-46.711744499999995,,,,1,2023-06-19T08:28:22+00:00
SAO_2702-10,São Paulo,3550308,True,,914,,,-23.495477,-46.4449435,,,,1,2023-06-19T08:28:55+00:00
SAO_2702-10,São Paulo,3550308,True,,914,,,-23.495735500000002,-46.4447775,,,,1,2023-06-19T08:28:53+00:00
SAO_6063-42,São Paulo,3550308,True,,34770,,,-23.809403,-46.6612485,,,,2,2023-06-19T08:29:00+00:00
SAO_6063-42,São Paulo,3550308,True,,34770,,,-23.809403,-46.6612485,,,,2,2023-06-19T08:29:06+00:00
SAO_6063-42,São Paulo,3550308,True,,34770,,,-23.809403,-46.6612485,,,,2,2023-06-19T08:28:09+00:00
SAO_N501-11,São Paulo,3550308,True,,2375,,,-23.5878995,-46.594646499999996,,,,1,2023-06-19T08:29:04+00:00
SAO_6052-31,São Paulo,3550308,True,,34600,,,-23.775509999999997,-46.691679,,,,2,2023-06-19T08:29:06+00:00
SAO_4709-10,São Paulo,3550308,True,,33101,,,-23.5894755,-46.633868,,,,2,2023-06-19T08:28:58+00:00
SAO_4709-10,São Paulo,3550308,True,,33101,,,-23.5894755,-46.633868,,,,2,2023-06-19T08:28:30+00:00
SAO_4709-10,São Paulo,3550308,True,,33101,,,-23.5894755,-46.633868,,,,2,2023-06-19T08:28:54+00:00
SAO_4709-10,São Paulo,3550308,True,,33101,,,-23.5894755,-46.633868,,,,2,2023-06-19T08:29:05+00:00
SAO_4709-10,São Paulo,3550308,True,,33101,,,-23.5894755,-46.633868,,,,2,2023-06-19T08:28:27+00:00
SAO_4709-10,São Paulo,3550308,True,,33101,,,-23.5894755,-46.633868,,,,2,2023-06-19T08:28:45+00:00
SAO_4709-10,São Paulo,3550308,True,,33101,,,-23.5894755,-46.633868,,,,2,2023-06-19T08:29:04+00:00
SAO_4709-10,São Paulo,3550308,True,,33101,,,-23.5894755,-46.633868,,,,2,2023-06-19T08:28:43+00:00
SAO_4709-10,São Paulo,3550308,True,,33101,,,-23.5894755,-46.633868,,,,2,2023-06-19T08:29:00+00:00
SAO_4709-10,São Paulo,3550308,True,,33101,,,-23.5894755,-46.633868,,,,2,2023-06-19T08:28:35+00:00
SAO_4709-10,São Paulo,3550308,True,,33101,,,-23.6496705,-46.6138115,,,,2,2023-06-19T08:28:27+00:00
SAO_N202-11,São Paulo,3550308,True,,2312,,,-23.56555875,-46.7010795,,,,1,2023-06-19T08:28:39+00:00
SAO_N404-11,São Paulo,3550308,True,,2360,,,-23.531755500000003,-46.55994225,,,,1,2023-06-19T08:26:44+00:00
SAO_N702-11,São Paulo,3550308,True,,2407,,,-23.546077500000003,-46.631047,,,,1,2023-06-19T08:24:13+00:00
SAO_N635-11,São Paulo,3550308,True,,2400,,,-23.736596499999997,-46.6971045,,,,1,2023-06-19T08:28:20+00:00
SAO_N505-11,São Paulo,3550308,True,,2379,,,-23.603453000000002,-46.6026665,,,,1,2023-06-19T08:29:01+00:00
SAO_N505-11,São Paulo,3550308,True,,2379,,,-23.56555875,-46.7010795,,,,1,2023-06-19T08:28:46+00:00
SAO_3787-10,São Paulo,3550308,True,,1612,,,-23.5629695,-46.44609975,,,,1,2023-06-19T08:28:34+00:00
SAO_3787-10,São Paulo,3550308,True,,1612,,,-23.5629695,-46.44609975,,,,1,2023-06-19T08:29:04+00:00
SAO_3787-10,São Paulo,3550308,True,,1612,,,-23.56905,-46.446946,,,,1,2023-06-19T08:28:23+00:00
SAO_N501-11,São Paulo,3550308,True,,35143,,,-23.612764499999997,-46.482476500000004,,,,2,2023-06-19T08:28:43+00:00
SAO_N501-11,São Paulo,3550308,True,,35143,,,-23.6069285,-46.507994499999995,,,,2,2023-06-19T08:27:44+00:00
SAO_875C-10,São Paulo,3550308,True,,33246,,,-23.519925999999998,-46.699962,,,,2,2023-06-19T08:28:46+00:00
SAO_875C-10,São Paulo,3550308,True,,33246,,,-23.520992749999998,-46.699836,,,,2,2023-06-19T08:28:36+00:00
SAO_875C-10,São Paulo,3550308,True,,33246,,,-23.520775999999998,-46.70046,,,,2,2023-06-19T08:29:00+00:00
SAO_2004-10,São Paulo,3550308,True,,892,,,-23.519267,-46.386627250000004,,,,1,2023-06-19T08:28:30+00:00
SAO_9023-10,São Paulo,3550308,True,,34205,,,-23.437804125000003,-46.710407,,,,2,2023-06-19T08:28:39+00:00
SAO_848L-10,São Paulo,3550308,True,,33576,,,-23.4144305,-46.7510005,,,,2,2023-06-19T08:29:01+00:00
SAO_7059-10,São Paulo,3550308,True,,1924,,,-23.653269,-46.7776185,,,,1,2023-06-19T08:28:55+00:00
SAO_7059-10,São Paulo,3550308,True,,1924,,,-23.653073499999998,-46.7778225,,,,1,2023-06-19T08:28:34+00:00
SAO_6046-10,São Paulo,3550308,True,,33991,,,-23.684154999999997,-46.7816525,,,,2,2023-06-19T08:29:07+00:00
SAO_8013-41,São Paulo,3550308,True,,2011,,,-23.432446499999998,-46.787048,,,,1,2023-06-19T08:28:22+00:00
SAO_172U-10,São Paulo,3550308,True,,860,,,-23.4385185,-46.581874,,,,1,2023-06-19T08:28:34+00:00
SAO_N734-11,São Paulo,3550308,True,,35183,,,-23.68005675,-46.781242625000004,,,,2,2023-06-19T08:28:58+00:00
SAO_N205-11,São Paulo,3550308,True,,2315,,,-23.565214249999997,-46.7010625,,,,1,2023-06-19T08:28:45+00:00
SAO_8001-10,São Paulo,3550308,True,,1251,,,-23.5079155,-46.74920175,,,,1,2023-06-19T08:28:23+00:00
SAO_208V-10,São Paulo,3550308,True,Rápido Campinas,207,https://moovitapp.com/index/pt-br/transporte_p%C3%BAblico-line-207-Sao_Paulo-242-858660-638984-0,5.3,-23.517753,-46.475941500000005,,,,1,2023-06-19T08:28:35+00:00
SAO_208V-10,São Paulo,3550308,True,Rápido Campinas,207,https://moovitapp.com/index/pt-br/transporte_p%C3%BAblico-line-207-Sao_Paulo-242-858660-638984-0,5.3,-23.517753,-46.475941500000005,,,,1,2023-06-19T08:28:55+00:00
SAO_208V-10,São Paulo,3550308,True,Rápido Campinas,207,https://moovitapp.com/index/pt-br/transporte_p%C3%BAblico-line-207-Sao_Paulo-242-858660-638984-0,5.3,-23.517753,-46.475941500000005,,,,1,2023-06-19T08:28:52+00:00
SAO_208V-10,São Paulo,3550308,True,Rápido Campinas,207,https://moovitapp.com/index/pt-br/transporte_p%C3%BAblico-line-207-Sao_Paulo-242-858660-638984-0,5.3,-23.517753,-46.475941500000005,,,,1,2023-06-19T08:28:50+00:00
SAO_208V-10,São Paulo,3550308,True,Rápido Campinas,207,https://moovitapp.com/index/pt-br/transporte_p%C3%BAblico-line-207-Sao_Paulo-242-858660-638984-0,5.3,-23.517753,-46.475941500000005,,,,1,2023-06-19T08:28:29+00:00
SAO_N504-11,São Paulo,3550308,True,,2378,,,-23.5461345,-46.630341,,,,1,2023-06-19T08:29:03+00:00
SAO_2007-10,São Paulo,3550308,True,,33664,,,-23.5095785,-46.37041775,,,,2,2023-06-19T08:28:33+00:00
SAO_5757-51,São Paulo,3550308,True,,1976,,,-23.7079895,-46.641386499999996,,,,1,2023-06-19T08:28:14+00:00
SAO_5757-51,São Paulo,3550308,True,,1976,,,-23.70693,-46.6414515,,,,1,2023-06-19T08:28:35+00:00
SAO_5757-51,São Paulo,3550308,True,,1976,,,-23.7079895,-46.641386499999996,,,,1,2023-06-19T08:28:50+00:00
SAO_5757-51,São Paulo,3550308,True,,1976,,,-23.7079895,-46.641386499999996,,,,1,2023-06-19T08:28:15+00:00
SAO_N636-11,São Paulo,3550308,True,,35169,,,-23.77288075,-46.72382,,,,2,2023-06-19T08:28:50+00:00
SAO_6015-10,São Paulo,3550308,True,,1205,,,-23.734715,-46.7945555,,,,1,2023-06-19T08:29:01+00:00
SAO_6015-10,São Paulo,3550308,True,,1205,,,-23.734715,-46.7945555,,,,1,2023-06-19T08:28:33+00:00
SAO_N341-11,São Paulo,3550308,True,,35121,,,-23.4924075,-46.453987,,,,2,2023-06-19T08:29:03+00:00
SAO_5154-10,São Paulo,3550308,True,EMTU,353,https://moovitapp.com/index/pt-br/transporte_p%C3%BAblico-line-353-Sao_Paulo-242-2038937-36419436-0,5.1,-23.654157,-46.710629,,,,1,2023-06-19T08:28:21+00:00
SAO_5154-10,São Paulo,3550308,True,EMTU,353,https://moovitapp.com/index/pt-br/transporte_p%C3%BAblico-line-353-Sao_Paulo-242-2038937-36419436-0,5.1,-23.654157,-46.710629,,,,1,2023-06-19T08:28:27+00:00
SAO_3754-10,São Paulo,3550308,True,,33817,,,-23.5425175,-46.416505,,,,2,2023-06-19T08:28:38+00:00
SAO_677Y-10,São Paulo,3550308,True,,1240,,,-23.693631500000002,-46.7942325,,,,1,2023-06-19T08:28:36+00:00
SAO_677Y-10,São Paulo,3550308,True,,1240,,,-23.6836685,-46.7890555,,,,1,2023-06-19T08:28:29+00:00
SAO_N434-11,São Paulo,3550308,True,,35135,,,-23.588411999999998,-46.480804750000004,,,,2,2023-06-19T08:28:33+00:00
SAO_N801-11,São Paulo,3550308,True,,35196,,,-23.5480775,-46.649773624999995,,,,2,2023-06-19T08:29:00+00:00
SAO_5630-10,São Paulo,3550308,True,,78,,,-23.7374635,-46.697805,,,,1,2023-06-19T08:28:34+00:00
SAO_5630-10,São Paulo,3550308,True,,78,,,-23.7374635,-46.697805,,,,1,2023-06-19T08:28:31+00:00
SAO_5630-10,São Paulo,3550308,True,,78,,,-23.7374635,-46.697805,,,,1,2023-06-19T08:28:55+00:00
SAO_4053-10,São Paulo,3550308,True,,34914,,,-23.55280925,-46.3944755,,,,2,2023-06-19T08:28:32+00:00
SAO_N638-11,São Paulo,3550308,True,,35171,,,-23.7360415,-46.6963535,,,,2,2023-06-19T08:28:37+00:00
SAO_4709-10,São Paulo,3550308,True,,333,,,-23.653377,-46.6069295,,,,1,2023-06-19T08:28:40+00:00
SAO_N604-11,São Paulo,3550308,True,,2395,,,-23.547184,-46.6304925,,,,1,2023-06-19T08:28:57+00:00
SAO_N604-11,São Paulo,3550308,True,,2395,,,-23.5902095,-46.6349445,,,,1,2023-06-19T08:28:55+00:00
SAO_8015-10,São Paulo,3550308,True,,34113,,,-23.399508624999996,-46.74910725,,,,2,2023-06-19T08:28:44+00:00
SAO_N342-11,São Paulo,3550308,True,,35122,,,-23.50034,-46.501235,,,,2,2023-06-19T08:28:52+00:00
SAO_6L01-23,São Paulo,3550308,True,,34609,,,-23.90679,-46.708217000000005,,,,2,2023-06-19T08:28:32+00:00
SAO_3054-10,São Paulo,3550308,True,,975,,,-23.609925,-46.407969,,,,1,2023-06-19T08:29:02+00:00
SAO_3054-10,São Paulo,3550308,True,,975,,,-23.609925,-46.407969,,,,1,2023-06-19T08:28:55+00:00
SAO_6042-10,São Paulo,3550308,True,,1219,,,-23.6767715,-46.766473875,,,,1,2023-06-19T08:29:00+00:00
SAO_TREI-10,São Paulo,3550308,True,,35257,,,-23.649334,-46.6137015,,,,2,2023-06-19T08:27:44+00:00
SAO_6816-10,São Paulo,3550308,True,,32794,,,-23.652935499999998,-46.776088,,,,2,2023-06-19T08:28:43+00:00
SAO_N140-11,São Paulo,3550308,True,,35064,,,-23.486517,-46.7267185,,,,2,2023-06-19T08:28:35+00:00
SAO_N206-11,São Paulo,3550308,True,,2316,,,-23.48687,-46.645709,,,,1,2023-06-19T08:28:32+00:00
SAO_N206-11,São Paulo,3550308,True,,2316,,,-23.527314750000002,-46.6737105,,,,1,2023-06-19T08:28:40+00:00
SAO_3735-10,São Paulo,3550308,True,,1035,,,-23.540855999999998,-46.4849405,,,,1,2023-06-19T08:24:37+00:00
SAO_3735-10,São Paulo,3550308,True,,1035,,,-23.540855999999998,-46.4849405,,,,1,2023-06-19T08:28:33+00:00
SAO_7062-41,São Paulo,3550308,True,,35039,,,-23.650688625,-46.770039874999995,,,,2,2023-06-19T08:28:59+00:00
SAO_7062-41,São Paulo,3550308,True,,35039,,,-23.650915875,-46.770043625,,,,2,2023-06-19T08:28:29+00:00
SAO_7062-41,São Paulo,3550308,True,,35039,,,-23.650688625,-46.770039874999995,,,,2,2023-06-19T08:26:51+00:00
SAO_N407-11,São Paulo,3550308,True,,35131,,,-23.54545875,-46.57434225,,,,2,2023-06-19T08:28:23+00:00
SAO_N407-11,São Paulo,3550308,True,,35131,,,-23.5580635,-46.522337500000006,,,,2,2023-06-19T08:28:36+00:00
SAO_N439-11,São Paulo,3550308,True,,35140,,,-23.542599000000003,-46.4710815,,,,2,2023-06-19T08:26:18+00:00
SAO_5164-10,São Paulo,3550308,True,,1283,,,-23.646406,-46.644999,,,,1,2023-06-19T08:28:52+00:00
SAO_6063-43,São Paulo,3550308,True,,35248,,,-23.8149625,-46.669669,,,,2,2023-06-19T08:29:01+00:00
SAO_6063-43,São Paulo,3550308,True,,35248,,,-23.7668745,-46.716208,,,,2,2023-06-19T08:28:34+00:00
SAO_3741-10,São Paulo,3550308,True,,1041,,,-23.551269625,-46.450650375,,,,1,2023-06-19T08:28:37+00:00
SAO_3741-10,São Paulo,3550308,True,,1041,,,-23.551487375,-46.450802625,,,,1,2023-06-19T08:28:39+00:00
SAO_2766-10,São Paulo,3550308,True,EMTU,405,https://moovitapp.com/index/pt-br/transporte_p%C3%BAblico-line-405-Sao_Paulo-242-2038937-36419467-0,5.35,-23.51828025,-46.3879975,,,,1,2023-06-19T08:28:56+00:00
SAO_2766-10,São Paulo,3550308,True,EMTU,405,https://moovitapp.com/index/pt-br/transporte_p%C3%BAblico-line-405-Sao_Paulo-242-2038937-36419467-0,5.35,-23.5205845,-46.390026500000005,,,,1,2023-06-19T08:28:21+00:00
SAO_2766-10,São Paulo,3550308,True,EMTU,405,https://moovitapp.com/index/pt-br/transporte_p%C3%BAblico-line-405-Sao_Paulo-242-2038937-36419467-0,5.35,-23.51828025,-46.3879975,,,,1,2023-06-19T08:28:27+00:00
SAO_7051-10,São Paulo,3550308,True,,34653,,,-23.654795999999997,-46.7843735,,,,2,2023-06-19T08:28:33+00:00
SAO_7051-10,São Paulo,3550308,True,,34653,,,-23.654968500000003,-46.784118,,,,2,2023-06-19T08:24:46+00:00
SAO_2734-10,São Paulo,3550308,True,,1760,,,-23.507589250000002,-46.41852625,,,,1,2023-06-19T08:28:55+00:00
SAO_5127-10,São Paulo,3550308,True,,1127,,,-23.7015515,-46.640887,,,,1,2023-06-19T08:27:20+00:00
SAO_N204-11,São Paulo,3550308,True,,35082,,,-23.481823,-46.60253925,,,,2,2023-06-19T08:28:52+00:00
SAO_372F-10,São Paulo,3550308,True,,1015,,,-23.546568,-46.605794,,,,1,2023-06-19T08:28:33+00:00
SAO_N336-11,São Paulo,3550308,True,,35116,,,-23.497591749999998,-46.400847999999996,,,,2,2023-06-19T08:28:20+00:00
SAO_N744-11,São Paulo,3550308,True,,35193,,,-23.647256999999996,-46.73100425,,,,2,2023-06-19T08:28:59+00:00
SAO_N802-11,São Paulo,3550308,True,,35197,,,-23.5779285,-46.660012249999994,,,,2,2023-06-19T08:28:52+00:00
SAO_N307-11,São Paulo,3550308,True,,35109,,,-23.5661855,-46.702046499999994,,,,2,2023-06-19T08:29:01+00:00
SAO_N307-11,São Paulo,3550308,True,,35109,,,-23.546217,-46.6305745,,,,2,2023-06-19T08:29:04+00:00
SAO_5164-41,São Paulo,3550308,True,,1617,,,-23.6461105,-46.6469465,,,,1,2023-06-19T08:28:25+00:00
SAO_5164-41,São Paulo,3550308,True,,1617,,,-23.6464495,-46.646234750000005,,,,1,2023-06-19T08:29:03+00:00
SAO_5164-41,São Paulo,3550308,True,,1617,,,-23.646229499999997,-46.646701500000006,,,,1,2023-06-19T08:28:44+00:00
SAO_3051-10,São Paulo,3550308,True,,35214,,,-23.514874499999998,-46.4689515,,,,2,2023-06-19T08:28:47+00:00
SAO_N343-11,São Paulo,3550308,True,,35123,,,-23.5152835,-46.456044500000004,,,,2,2023-06-19T08:28:54+00:00
SAO_3768-10,São Paulo,3550308,True,,1056,,,-23.577775000000003,-46.391182,,,,1,2023-06-19T08:28:29+00:00
SAO_874T-10,São Paulo,3550308,True,,33075,,,-23.579377625,-46.607089,,,,2,2023-06-19T08:28:28+00:00
SAO_3735-41,São Paulo,3550308,True,,1920,,,-23.540658999999998,-46.4851245,,,,1,2023-06-19T08:28:26+00:00
SAO_3735-41,São Paulo,3550308,True,,1920,,,-23.5497695,-46.4928965,,,,1,2023-06-19T08:28:36+00:00
SAO_5110-10,São Paulo,3550308,True,,34977,,,-23.6141145,-46.476496999999995,,,,2,2023-06-19T08:28:54+00:00
SAO_5110-10,São Paulo,3550308,True,,34977,,,-23.547036,-46.628932,,,,2,2023-06-19T08:28:47+00:00
SAO_5110-10,São Paulo,3550308,True,,34977,,,-23.547036,-46.628932,,,,2,2023-06-19T08:29:05+00:00
SAO_N441-11,São Paulo,3550308,True,,35142,,,-23.5830665,-46.4074345,,,,2,2023-06-19T08:22:38+00:00
SAO_2727-10,São Paulo,3550308,True,,33710,,,-23.521929,-46.4574135,,,,2,2023-06-19T08:28:58+00:00
SAO_2727-10,São Paulo,3550308,True,,33710,,,-23.521929,-46.4574135,,,,2,2023-06-19T08:28:40+00:00
SAO_6036-10,São Paulo,3550308,True,,33982,,,-23.65385975,-46.79008575,,,,2,2023-06-19T08:28:50+00:00
SAO_6036-10,São Paulo,3550308,True,,33982,,,-23.65385975,-46.79008575,,,,2,2023-06-19T08:28:23+00:00
SAO_6036-10,São Paulo,3550308,True,,33982,,,-23.6497485,-46.7062485,,,,2,2023-06-19T08:28:40+00:00
SAO_6036-10,São Paulo,3550308,True,,33982,,,-23.65385975,-46.79008575,,,,2,2023-06-19T08:28:30+00:00
SAO_6036-10,São Paulo,3550308,True,,33982,,,-23.6497485,-46.7062485,,,,2,2023-06-19T08:28:59+00:00
SAO_6036-10,São Paulo,3550308,True,,33982,,,-23.65385975,-46.79008575,,,,2,2023-06-19T08:28:34+00:00
SAO_3027-10,São Paulo,3550308,True,,963,,,-23.5431935,-46.4152505,,,,1,2023-06-19T08:28:49+00:00
SAO_8705-10,São Paulo,3550308,True,,34840,,,-23.54837,-46.7591325,,,,2,2023-06-19T08:28:43+00:00
SAO_8705-10,São Paulo,3550308,True,,34840,,,-23.548161,-46.759437750000004,,,,2,2023-06-19T08:28:25+00:00
SAO_8705-10,São Paulo,3550308,True,,34840,,,-23.54837,-46.7591325,,,,2,2023-06-19T08:28:17+00:00
SAO_8705-10,São Paulo,3550308,True,,34840,,,-23.546825,-46.7609525,,,,2,2023-06-19T08:28:47+00:00
SAO_8705-10,São Paulo,3550308,True,,34840,,,-23.547785,-46.759952,,,,2,2023-06-19T08:28:58+00:00
SAO_8705-10,São Paulo,3550308,True,,34840,,,-23.547785,-46.759952,,,,2,2023-06-19T08:28:24+00:00
SAO_2703-10,São Paulo,3550308,True,Urubupungá,915,https://moovitapp.com/index/pt-br/transporte_p%C3%BAblico-line-915-Sao_Paulo-242-873835-75841134-0,4.6,-23.525544250000003,-46.41958675,,,,1,2023-06-19T08:28:51+00:00
SAO_2703-10,São Paulo,3550308,True,Urubupungá,915,https://moovitapp.com/index/pt-br/transporte_p%C3%BAblico-line-915-Sao_Paulo-242-873835-75841134-0,4.6,-23.529542499999998,-46.420608,,,,1,2023-06-19T08:29:04+00:00
SAO_2703-10,São Paulo,3550308,True,Urubupungá,915,https://moovitapp.com/index/pt-br/transporte_p%C3%BAblico-line-915-Sao_Paulo-242-873835-75841134-0,4.6,-23.529542499999998,-46.420608,,,,1,2023-06-19T08:28:55+00:00
SAO_2703-10,São Paulo,3550308,True,Urubupungá,915,https://moovitapp.com/index/pt-br/transporte_p%C3%BAblico-line-915-Sao_Paulo-242-873835-75841134-0,4.6,-23.529542499999998,-46.420608,,,,1,2023-06-19T08:28:52+00:00
SAO_2703-10,São Paulo,3550308,True,Urubupungá,915,https://moovitapp.com/index/pt-br/transporte_p%C3%BAblico-line-915-Sao_Paulo-242-873835-75841134-0,4.6,-23.529542499999998,-46.420608,,,,1,2023-06-19T08:26:16+00:00
SAO_2703-10,São Paulo,3550308,True,Urubupungá,915,https://moovitapp.com/index/pt-br/transporte_p%C3%BAblico-line-915-Sao_Paulo-242-873835-75841134-0,4.6,-23.523343,-46.425064750000004,,,,1,2023-06-19T08:27:35+00:00
SAO_2703-10,São Paulo,3550308,True,Urubupungá,915,https://moovitapp.com/index/pt-br/transporte_p%C3%BAblico-line-915-Sao_Paulo-242-873835-75841134-0,4.6,-23.525544250000003,-46.41958675,,,,1,2023-06-19T08:28:17+00:00
SAO_2703-10,São Paulo,3550308,True,Urubupungá,915,https://moovitapp.com/index/pt-br/transporte_p%C3%BAblico-line-915-Sao_Paulo-242-873835-75841134-0,4.6,-23.52533675,-46.41941025,,,,1,2023-06-19T08:28:42+00:00
SAO_2202-10,São Paulo,3550308,True,Urubupungá,910,https://moovitapp.com/index/pt-br/transporte_p%C3%BAblico-line-910-Sao_Paulo-242-873835-496471-0,4.6,-23.529006000000003,-46.3969,,,,1,2023-06-19T08:29:05+00:00
SAO_6035-10,São Paulo,3550308,True,,1213,,,-23.72062,-46.7558005,,,,1,2023-06-19T08:28:43+00:00
SAO_6L05-10,São Paulo,3550308,True,,1173,,,-23.828203,-46.726499000000004,,,,1,2023-06-19T08:29:02+00:00
SAO_6010-10,São Paulo,3550308,False,,1202,,,-23.693805,-46.7944445,,,,1,2023-06-19T08:28:46+00:00
SAO_6010-10,São Paulo,3550308,True,,1202,,,-23.661344,-46.7435085,,,,1,2023-06-19T08:28:37+00:00
SAO_6010-10,São Paulo,3550308,True,,1202,,,-23.6938785,-46.7945825,,,,1,2023-06-19T08:29:03+00:00
SAO_745M-10,São Paulo,3550308,True,,33550,,,-23.6384965,-46.779754499999996,,,,2,2023-06-19T08:29:03+00:00
SAO_5705-10,São Paulo,3550308,True,,1657,,,-23.60347625,-46.6025595,,,,1,2023-06-19T08:28:26+00:00
SAO_3785-10,São Paulo,3550308,True,,1063,,,-23.591207,-46.394471,,,,1,2023-06-19T08:28:32+00:00
SAO_3785-10,São Paulo,3550308,True,,1063,,,-23.591207,-46.394471,,,,1,2023-06-19T08:28:51+00:00
SAO_3785-10,São Paulo,3550308,True,,1063,,,-23.5632265,-46.44612325,,,,1,2023-06-19T08:28:26+00:00
SAO_3785-10,São Paulo,3550308,True,,1063,,,-23.5632265,-46.44612325,,,,1,2023-06-19T08:28:33+00:00
SAO_3785-10,São Paulo,3550308,True,,1063,,,-23.563545,-46.446155,,,,1,2023-06-19T08:28:40+00:00
SAO_3785-10,São Paulo,3550308,True,,1063,,,-23.591108,-46.3945285,,,,1,2023-06-19T08:28:30+00:00
SAO_N603-11,São Paulo,3550308,True,,35162,,,-23.667242,-46.65416825,,,,2,2023-06-19T08:28:29+00:00
SAO_N737-11,São Paulo,3550308,True,,35186,,,-23.70742125,-46.7843955,,,,2,2023-06-19T08:28:42+00:00
SAO_N243-11,São Paulo,3550308,True,,35100,,,-23.498241,-46.6076435,,,,2,2023-06-19T08:28:27+00:00
SAO_6036-10,São Paulo,3550308,True,,1214,,,-23.6538115,-46.789655499999995,,,,1,2023-06-19T08:28:22+00:00
SAO_6036-10,São Paulo,3550308,True,,1214,,,-23.65376725,-46.79044725,,,,1,2023-06-19T08:28:28+00:00
SAO_6036-10,São Paulo,3550308,True,,1214,,,-23.6538115,-46.789655499999995,,,,1,2023-06-19T08:28:35+00:00
SAO_5103-10,São Paulo,3550308,True,,1646,,,-23.6032445,-46.602611499999995,,,,1,2023-06-19T08:28:54+00:00
SAO_5103-10,São Paulo,3550308,True,,1646,,,-23.6032445,-46.602611499999995,,,,1,2023-06-19T08:28:28+00:00
SAO_N207-11,São Paulo,3550308,True,,2317,,,-23.546077500000003,-46.631047,,,,1,2023-06-19T08:28:34+00:00
SAO_390E-10,São Paulo,3550308,True,,34650,,,-23.539987,-46.61139225,,,,2,2023-06-19T08:28:22+00:00
SAO_N432-11,São Paulo,3550308,True,,35133,,,-23.626135499999997,-46.44640149999999,,,,2,2023-06-19T08:28:28+00:00
SAO_N838-11,São Paulo,3550308,True,,35205,,,-23.54645025,-46.690705,,,,2,2023-06-19T08:28:37+00:00
SAO_N232-11,São Paulo,3550308,True,,35089,,,-23.492824499999998,-46.579451,,,,2,2023-06-19T08:28:56+00:00
SAO_4008-10,São Paulo,3550308,True,,34950,,,-23.5580685,-46.5228605,,,,2,2023-06-19T08:28:24+00:00
SAO_4092-10,São Paulo,3550308,True,,1876,,,-23.5809085,-46.414079,,,,1,2023-06-19T08:28:33+00:00
SAO_N736-11,São Paulo,3550308,True,,35185,,,-23.741728000000002,-46.782376,,,,2,2023-06-19T08:28:41+00:00
SAO_9002-10,São Paulo,3550308,True,,870,,,-23.4579405,-46.6705775,,,,1,2023-06-19T08:28:32+00:00
SAO_9002-10,São Paulo,3550308,True,,870,,,-23.4579405,-46.6705775,,,,1,2023-06-19T08:29:00+00:00
SAO_N505-11,São Paulo,3550308,True,,35147,,,-23.602506749999996,-46.613480249999995,,,,2,2023-06-19T08:28:48+00:00
SAO_3738-10,São Paulo,3550308,True,,1038,,,-23.5630765,-46.394354,,,,1,2023-06-19T08:28:35+00:00
SAO_3738-10,São Paulo,3550308,True,,1038,,,-23.5630765,-46.394354,,,,1,2023-06-19T08:28:35+00:00
SAO_N132-11,São Paulo,3550308,True,,35056,,,-23.485637500000003,-46.7260535,,,,2,2023-06-19T08:29:03+00:00
SAO_3006-10,São Paulo,3550308,True,,1865,,,-23.548099999999998,-46.389815,,,,1,2023-06-19T08:28:43+00:00
SAO_3006-10,São Paulo,3550308,True,,1865,,,-23.548099999999998,-46.389815,,,,1,2023-06-19T08:27:16+00:00
SAO_3006-10,São Paulo,3550308,True,,1865,,,-23.548099999999998,-46.389815,,,,1,2023-06-19T08:27:47+00:00
SAO_3006-10,São Paulo,3550308,True,,1865,,,-23.548099999999998,-46.389815,,,,1,2023-06-19T08:28:29+00:00
SAO_3006-10,São Paulo,3550308,True,,1865,,,-23.545738,-46.393099500000005,,,,1,2023-06-19T08:28:14+00:00
SAO_1702-10,São Paulo,3550308,True,,846,,,-23.442846,-46.57655,,,,1,2023-06-19T08:28:52+00:00
SAO_N705-11,São Paulo,3550308,True,,2410,,,-23.624938125,-46.707062125,,,,1,2023-06-19T08:28:24+00:00
SAO_3789-10,São Paulo,3550308,True,,33835,,,-23.60540925,-46.400614,,,,2,2023-06-19T08:28:30+00:00
SAO_N339-11,São Paulo,3550308,True,,35119,,,-23.5349295,-46.4854465,,,,2,2023-06-19T08:28:36+00:00
SAO_N304-11,São Paulo,3550308,True,,2338,,,-23.5288685,-46.554319,,,,1,2023-06-19T08:28:24+00:00
SAO_6818-10,São Paulo,3550308,True,BR7 Mobilidade,28,https://moovitapp.com/index/pt-br/transporte_p%C3%BAblico-line-28-Sao_Paulo-242-851856-596008-0,5.75,-23.655842999999997,-46.7727765,,,,1,2023-06-19T08:28:59+00:00
SAO_6818-10,São Paulo,3550308,True,BR7 Mobilidade,28,https://moovitapp.com/index/pt-br/transporte_p%C3%BAblico-line-28-Sao_Paulo-242-851856-596008-0,5.75,-23.655842999999997,-46.7727765,,,,1,2023-06-19T08:29:02+00:00
SAO_6818-10,São Paulo,3550308,True,BR7 Mobilidade,28,https://moovitapp.com/index/pt-br/transporte_p%C3%BAblico-line-28-Sao_Paulo-242-851856-596008-0,5.75,-23.655842999999997,-46.7727765,,,,1,2023-06-19T08:28:40+00:00
SAO_6818-10,São Paulo,3550308,True,BR7 Mobilidade,28,https://moovitapp.com/index/pt-br/transporte_p%C3%BAblico-line-28-Sao_Paulo-242-851856-596008-0,5.75,-23.655842999999997,-46.7727765,,,,1,2023-06-19T08:28:57+00:00
SAO_6818-10,São Paulo,3550308,True,BR7 Mobilidade,28,https://moovitapp.com/index/pt-br/transporte_p%C3%BAblico-line-28-Sao_Paulo-242-851856-596008-0,5.75,-23.655842999999997,-46.7727765,,,,1,2023-06-19T08:28:54+00:00
SAO_N537-11,São Paulo,3550308,True,,35157,,,-23.568452625,-46.598169375,,,,2,2023-06-19T08:28:56+00:00
SAO_6816-10,São Paulo,3550308,True,BR7 Mobilidade,26,https://moovitapp.com/index/pt-br/transporte_p%C3%BAblico-line-26-Sao_Paulo-242-851856-577923-0,5.75,-23.652935499999998,-46.776088,,,,1,2023-06-19T08:29:02+00:00
SAO_6816-10,São Paulo,3550308,True,BR7 Mobilidade,26,https://moovitapp.com/index/pt-br/transporte_p%C3%BAblico-line-26-Sao_Paulo-242-851856-577923-0,5.75,-23.652925,-46.777986999999996,,,,1,2023-06-19T08:28:56+00:00
SAO_6816-10,São Paulo,3550308,True,BR7 Mobilidade,26,https://moovitapp.com/index/pt-br/transporte_p%C3%BAblico-line-26-Sao_Paulo-242-851856-577923-0,5.75,-23.653454,-46.776790500000004,,,,1,2023-06-19T08:28:37+00:00
SAO_6816-10,São Paulo,3550308,True,BR7 Mobilidade,26,https://moovitapp.com/index/pt-br/transporte_p%C3%BAblico-line-26-Sao_Paulo-242-851856-577923-0,5.75,-23.653212,-46.7764515,,,,1,2023-06-19T08:28:41+00:00
SAO_N842-11,São Paulo,3550308,True,,35209,,,-23.57231325,-46.701117499999995,,,,2,2023-06-19T08:28:23+00:00
SAO_6L05-21,São Paulo,3550308,True,,33942,,,-23.783673,-46.6827105,,,,2,2023-06-19T08:29:05+00:00
SAO_N102-11,São Paulo,3550308,True,,2283,,,-23.548608,-46.6313525,,,,1,2023-06-19T08:29:02+00:00
SAO_4021-10,São Paulo,3550308,True,,35316,,,-23.542792499999997,-46.470580999999996,,,,2,2023-06-19T08:28:36+00:00
SAO_4021-10,São Paulo,3550308,True,,35316,,,-23.542792499999997,-46.470580999999996,,,,2,2023-06-19T08:28:22+00:00
SAO_4021-10,São Paulo,3550308,True,,35316,,,-23.542792499999997,-46.470580999999996,,,,2,2023-06-19T08:28:54+00:00
SAO_4021-10,São Paulo,3550308,True,,35316,,,-23.542792499999997,-46.470580999999996,,,,2,2023-06-19T08:28:36+00:00
SAO_4021-10,São Paulo,3550308,True,,35316,,,-23.542792499999997,-46.470580999999996,,,,2,2023-06-19T08:28:49+00:00
SAO_4021-10,São Paulo,3550308,True,,35316,,,-23.542792499999997,-46.470580999999996,,,,2,2023-06-19T08:28:45+00:00
SAO_4021-10,São Paulo,3550308,True,,35316,,,-23.542792499999997,-46.470580999999996,,,,2,2023-06-19T08:29:04+00:00
SAO_4021-10,São Paulo,3550308,True,,35316,,,-23.542792499999997,-46.470580999999996,,,,2,2023-06-19T08:28:25+00:00
SAO_4021-10,São Paulo,3550308,True,,35316,,,-23.542792499999997,-46.470580999999996,,,,2,2023-06-19T08:28:59+00:00
SAO_N601-11,São Paulo,3550308,True,,35160,,,-23.636405500000002,-46.670431750000006,,,,2,2023-06-19T08:28:46+00:00
SAO_N135-11,São Paulo,3550308,True,,35059,,,-23.43829825,-46.72869,,,,2,2023-06-19T08:28:28+00:00
SAO_N304-11,São Paulo,3550308,True,,35106,,,-23.4952525,-46.43242,,,,2,2023-06-19T08:28:59+00:00
SAO_N802-11,São Paulo,3550308,True,,2429,,,-23.5767285,-46.658690500000006,,,,1,2023-06-19T08:29:02+00:00
SAO_576C-10,São Paulo,3550308,True,,1290,,,-23.6460055,-46.644996,,,,1,2023-06-19T08:29:01+00:00
SAO_576C-10,São Paulo,3550308,True,,1290,,,-23.6460055,-46.644996,,,,1,2023-06-19T08:29:01+00:00
SAO_576C-10,São Paulo,3550308,True,,1290,,,-23.6460415,-46.644780499999996,,,,1,2023-06-19T08:28:57+00:00
SAO_N406-11,São Paulo,3550308,True,,35130,,,-23.582943,-46.408454,,,,2,2023-06-19T08:29:03+00:00
SAO_N406-11,São Paulo,3550308,True,,35130,,,-23.5976445,-46.4576705,,,,2,2023-06-19T08:28:53+00:00
SAO_N139-11,São Paulo,3550308,True,,35063,,,-23.4776485,-46.714215,,,,2,2023-06-19T08:28:40+00:00
SAO_6812-10,São Paulo,3550308,True,,1242,,,-23.718654,-46.7846245,,,,1,2023-06-19T08:29:01+00:00
SAO_N241-11,São Paulo,3550308,True,,35098,,,-23.453610750000003,-46.607701,,,,2,2023-06-19T08:23:56+00:00
SAO_3002-10,São Paulo,3550308,True,,1808,,,-23.510468,-46.378808,,,,1,2023-06-19T07:20:07+00:00
SAO_5038-10,São Paulo,3550308,True,,34429,,,-23.650012,-46.6139055,,,,2,2023-06-19T08:28:40+00:00
SAO_N839-11,São Paulo,3550308,True,,35206,,,-23.5714765,-46.7093415,,,,2,2023-06-19T08:29:00+00:00
SAO_N136-11,São Paulo,3550308,True,,35060,,,-23.4283875,-46.795431875,,,,2,2023-06-19T08:28:42+00:00
SAO_3054-10,São Paulo,3550308,True,,33743,,,-23.609925,-46.407969,,,,2,2023-06-19T08:28:34+00:00
SAO_N502-11,São Paulo,3550308,True,,2376,,,-23.602595,-46.6026645,,,,1,2023-06-19T08:28:44+00:00
SAO_N637-11,São Paulo,3550308,True,,35170,,,-23.6929245,-46.659800000000004,,,,2,2023-06-19T08:28:50+00:00
SAO_N403-11,São Paulo,3550308,True,,2359,,,-23.534772750000002,-46.451460999999995,,,,1,2023-06-19T08:28:37+00:00
SAO_3737-10,São Paulo,3550308,True,,1037,,,-23.538782750000003,-46.51567075,,,,1,2023-06-19T08:28:03+00:00
SAO_3737-10,São Paulo,3550308,True,,1037,,,-23.5392545,-46.5150275,,,,1,2023-06-19T08:28:06+00:00
SAO_2707-10,São Paulo,3550308,True,,33687,,,-23.5425175,-46.416505,,,,2,2023-06-19T08:28:31+00:00
SAO_6200-10,São Paulo,3550308,True,,33123,,,-23.654646999999997,-46.714907499999995,,,,2,2023-06-19T08:28:27+00:00
SAO_6200-10,São Paulo,3550308,True,,33123,,,-23.655067000000003,-46.716173125,,,,2,2023-06-19T08:29:03+00:00
SAO_6200-10,São Paulo,3550308,True,,33123,,,-23.655001,-46.715843375,,,,2,2023-06-19T08:29:05+00:00
SAO_2021-10,São Paulo,3550308,True,,33674,,,-23.544535,-46.389844,,,,2,2023-06-19T08:28:23+00:00
SAO_3002-10,São Paulo,3550308,True,,34576,,,-23.5096545,-46.3796445,,,,2,2023-06-19T08:28:29+00:00
SAO_N134-11,São Paulo,3550308,True,,35058,,,-23.44113,-46.7118225,,,,2,2023-06-19T08:28:43+00:00
SAO_N233-11,São Paulo,3550308,True,,35090,,,-23.492565499999998,-46.5808485,,,,2,2023-06-19T08:28:59+00:00
SAO_709M-10,São Paulo,3550308,True,,35230,,,-23.566688,-46.701549,,,,2,2023-06-19T08:28:24+00:00
SAO_709M-10,São Paulo,3550308,True,,35230,,,-23.566688,-46.701549,,,,2,2023-06-19T08:28:30+00:00
SAO_N405-11,São Paulo,3550308,True,,35129,,,-23.558113,-46.5233375,,,,2,2023-06-19T08:28:54+00:00
SAO_8705-10,São Paulo,3550308,True,,2072,,,-23.5473665,-46.7605345,,,,1,2023-06-19T08:28:42+00:00
SAO_8705-10,São Paulo,3550308,True,,2072,,,-23.548117,-46.759704,,,,1,2023-06-19T08:28:43+00:00
SAO_8705-10,São Paulo,3550308,True,,2072,,,-23.5471285,-46.76075,,,,1,2023-06-19T08:28:36+00:00
SAO_N732-11,São Paulo,3550308,True,,35181,,,-23.72987,-46.790381999999994,,,,2,2023-06-19T08:28:42+00:00
SAO_N836-11,São Paulo,3550308,True,,35203,,,-23.5658305,-46.701625500000006,,,,2,2023-06-19T08:28:37+00:00
SAO_5164-10,São Paulo,3550308,True,,34051,,,-23.6462925,-46.6451105,,,,2,2023-06-19T08:28:45+00:00
SAO_N506-11,São Paulo,3550308,True,,2380,,,-23.6032445,-46.602611499999995,,,,1,2023-06-19T08:28:39+00:00
SAO_N436-11,São Paulo,3550308,True,,35137,,,-23.582943,-46.408454,,,,2,2023-06-19T08:28:48+00:00
SAO_N502-11,São Paulo,3550308,True,,35144,,,-23.5463875,-46.630173,,,,2,2023-06-19T08:28:39+00:00
SAO_N502-11,São Paulo,3550308,True,,35144,,,-23.603656,-46.6035635,,,,2,2023-06-19T08:28:58+00:00
SAO_N235-11,São Paulo,3550308,True,,35092,,,-23.465701250000002,-46.65500025,,,,2,2023-06-19T08:29:00+00:00
SAO_3721-41,São Paulo,3550308,True,,1693,,,-23.5609155,-46.491575999999995,,,,1,2023-06-19T08:28:33+00:00
SAO_3721-41,São Paulo,3550308,True,,1693,,,-23.558199000000002,-46.4955435,,,,1,2023-06-19T08:29:05+00:00
SAO_475R-10,São Paulo,3550308,True,,344,,,-23.65282,-46.607729000000006,,,,1,2023-06-19T08:28:23+00:00
SAO_N333-11,São Paulo,3550308,True,,35113,,,-23.50309825,-46.366971625000005,,,,2,2023-06-19T08:28:31+00:00
SAO_N507-11,São Paulo,3550308,True,,2381,,,-23.512845,-46.585291,,,,1,2023-06-19T08:26:50+00:00
SAO_N239-11,São Paulo,3550308,True,,2328,,,-23.480383,-46.602609,,,,1,2023-06-19T08:28:50+00:00
SAO_3008-10,São Paulo,3550308,True,,2515,,,-23.522628,-46.396638,,,,1,2023-06-19T08:28:59+00:00
SAO_N143-11,São Paulo,3550308,True,,35067,,,-23.478537000000003,-46.70347099999999,,,,2,2023-06-19T08:28:47+00:00
SAO_N833-11,São Paulo,3550308,True,,35200,,,-23.56107375,-46.695280000000004,,,,2,2023-06-19T08:28:43+00:00
SAO_3787-10,São Paulo,3550308,True,,34380,,,-23.6008165,-46.399510500000005,,,,2,2023-06-19T08:28:40+00:00
SAO_3787-10,São Paulo,3550308,True,,34380,,,-23.60156875,-46.398831,,,,2,2023-06-19T08:29:02+00:00
SAO_N202-11,São Paulo,3550308,True,,35080,,,-23.5026995,-46.624219,,,,2,2023-06-19T08:28:30+00:00
SAO_3721-10,São Paulo,3550308,True,,1019,,,-23.5622725,-46.493492,,,,1,2023-06-19T08:28:41+00:00
SAO_3459-10,São Paulo,3550308,True,EMTU,402,https://moovitapp.com/index/pt-br/transporte_p%C3%BAblico-line-402-Sao_Paulo-242-2038937-36419464-0,3.7,-23.5165205,-46.385602000000006,,,,1,2023-06-19T08:28:39+00:00
SAO_3459-10,São Paulo,3550308,True,EMTU,402,https://moovitapp.com/index/pt-br/transporte_p%C3%BAblico-line-402-Sao_Paulo-242-2038937-36419464-0,3.7,-23.5165205,-46.385602000000006,,,,1,2023-06-19T08:28:55+00:00
SAO_3459-10,São Paulo,3550308,True,EMTU,402,https://moovitapp.com/index/pt-br/transporte_p%C3%BAblico-line-402-Sao_Paulo-242-2038937-36419464-0,3.7,-23.5165205,-46.385602000000006,,,,1,2023-06-19T08:29:04+00:00
SAO_3459-10,São Paulo,3550308,True,EMTU,402,https://moovitapp.com/index/pt-br/transporte_p%C3%BAblico-line-402-Sao_Paulo-242-2038937-36419464-0,3.7,-23.5165205,-46.385602000000006,,,,1,2023-06-19T08:28:29+00:00
SAO_3459-10,São Paulo,3550308,True,EMTU,402,https://moovitapp.com/index/pt-br/transporte_p%C3%BAblico-line-402-Sao_Paulo-242-2038937-36419464-0,3.7,-23.5165205,-46.385602000000006,,,,1,2023-06-19T08:23:28+00:00
SAO_7550-10,São Paulo,3550308,True,,34861,,,-23.655067000000003,-46.716173125,,,,2,2023-06-19T08:29:01+00:00
SAO_N504-11,São Paulo,3550308,True,,35146,,,-23.584559,-46.58439975,,,,2,2023-06-19T08:28:34+00:00
SAO_702C-10,São Paulo,3550308,True,,33253,,,-23.556644499999997,-46.665677,,,,2,2023-06-19T08:28:56+00:00
SAO_N440-11,São Paulo,3550308,True,,35141,,,-23.552699,-46.4855595,,,,2,2023-06-19T08:28:12+00:00
SAO_N604-11,São Paulo,3550308,True,,35163,,,-23.60416,-46.636821499999996,,,,2,2023-06-19T08:28:29+00:00
SAO_N635-11,São Paulo,3550308,True,,35168,,,-23.7417285,-46.669328,,,,2,2023-06-19T08:28:25+00:00
SAO_N344-11,São Paulo,3550308,True,,35124,,,-23.486296999999997,-46.486946125,,,,2,2023-06-19T08:29:02+00:00
SAO_909T-1,São Paulo,3550308,True,,35280,,,-23.565869,-46.701094499999996,,,,2,2023-06-19T08:28:27+00:00
SAO_748R-10,São Paulo,3550308,True,EMTU,501,https://moovitapp.com/index/pt-br/transporte_p%C3%BAblico-line-501-Sao_Paulo-242-2038937-36419526-0,7.55,-23.550092562499998,-46.7390546875,,,,1,2023-06-19T08:28:40+00:00
SAO_N640-11,São Paulo,3550308,True,,35173,,,-23.653841,-46.710967,,,,2,2023-06-19T08:29:07+00:00
SAO_N835-11,São Paulo,3550308,True,,35202,,,-23.566869250000003,-46.702438,,,,2,2023-06-19T08:28:37+00:00
SAO_5109-10,São Paulo,3550308,True,,34619,,,-23.547105000000002,-46.6288885,,,,2,2023-06-19T08:28:50+00:00
SAO_5109-10,São Paulo,3550308,True,,34619,,,-23.547353,-46.6287365,,,,2,2023-06-19T08:28:33+00:00
SAO_N234-11,São Paulo,3550308,True,,35091,,,-23.47016425,-46.6490485,,,,2,2023-06-19T08:28:32+00:00
SAO_2740-10,São Paulo,3550308,True,,1792,,,-23.45850275,-46.60722425,,,,1,2023-06-19T08:28:56+00:00
SAO_N841-11,São Paulo,3550308,True,,35208,,,-23.555463000000003,-46.64608775000001,,,,2,2023-06-19T08:28:48+00:00
SAO_N602-11,São Paulo,3550308,True,,35161,,,-23.6749705,-46.7124405,,,,2,2023-06-19T08:28:39+00:00
SAO_748A-10,São Paulo,3550308,True,EMTU,498,https://moovitapp.com/index/pt-br/transporte_p%C3%BAblico-line-498-Sao_Paulo-242-2038937-36419523-0,5.4,-23.5510456875,-46.740044062500004,,,,1,2023-06-19T08:28:42+00:00
SAO_6072-10,São Paulo,3550308,True,,1588,,,-23.7665845,-46.7163125,,,,1,2023-06-19T08:28:30+00:00
SAO_6072-10,São Paulo,3550308,True,,1588,,,-23.769672,-46.7172255,,,,1,2023-06-19T08:28:47+00:00
SAO_N244-11,São Paulo,3550308,True,,2333,,,-23.4349075,-46.581235,,,,1,2023-06-19T08:27:55+00:00
SAO_3746-31,São Paulo,3550308,True,,34865,,,-23.542912,-46.588283000000004,,,,2,2023-06-19T08:28:35+00:00
SAO_N105-11,São Paulo,3550308,True,,35054,,,-23.494066,-46.684774,,,,2,2023-06-19T08:28:49+00:00
SAO_N242-11,São Paulo,3550308,True,,35099,,,-23.50117875,-46.623563000000004,,,,2,2023-06-19T08:28:31+00:00
SAO_N738-11,São Paulo,3550308,True,,35187,,,-23.702886,-46.7722725,,,,2,2023-06-19T08:28:50+00:00
SAO_N207-11,São Paulo,3550308,True,,35085,,,-23.495852,-46.6619745,,,,2,2023-06-19T08:28:49+00:00
SAO_857R-10,São Paulo,3550308,True,,1892,,,-23.6308255,-46.772924,,,,1,2023-06-19T08:29:06+00:00
SAO_N842-11,São Paulo,3550308,True,,2441,,,-23.581074,-46.768345499999995,,,,1,2023-06-19T08:28:44+00:00
SAO_EVEN-10,São Paulo,3550308,True,,34358,,,-23.457892,-46.642534,,,,2,2023-06-19T08:27:54+00:00
SAO_EVEN-10,São Paulo,3550308,True,,34358,,,-23.5216,-46.4253885,,,,2,2023-06-19T08:28:36+00:00
SAO_N832-11,São Paulo,3550308,True,,35199,,,-23.54262475,-46.73122875,,,,2,2023-06-19T08:28:53+00:00
SAO_N634-11,São Paulo,3550308,True,,35167,,,-23.67629225,-46.67366224999999,,,,2,2023-06-19T08:28:39+00:00
SAO_N438-11,São Paulo,3550308,True,,35139,,,-23.56807575,-46.446794875,,,,2,2023-06-19T08:28:52+00:00
SAO_8319-21,São Paulo,3550308,True,,34475,,,-23.5456615,-46.761881,,,,2,2023-06-19T08:28:40+00:00
SAO_N701-11,São Paulo,3550308,True,,35174,,,-23.5498335,-46.64009,,,,2,2023-06-19T08:28:55+00:00
SAO_637P-10,São Paulo,3550308,True,,47,,,-23.6541465,-46.711351,,,,1,2023-06-19T08:29:07+00:00
SAO_2523-10,São Paulo,3550308,True,,33018,,,-23.5216,-46.4253885,,,,2,2023-06-19T08:28:23+00:00
SAO_2523-10,São Paulo,3550308,True,,33018,,,-23.5216,-46.4253885,,,,2,2023-06-19T08:29:04+00:00
SAO_2523-10,São Paulo,3550308,True,,33018,,,-23.5216,-46.4253885,,,,2,2023-06-19T08:28:20+00:00
SAO_6816-31,São Paulo,3550308,True,,1748,,,-23.652935499999998,-46.776088,,,,1,2023-06-19T08:28:39+00:00
SAO_6816-31,São Paulo,3550308,True,,1748,,,-23.653212,-46.7764515,,,,1,2023-06-19T08:28:34+00:00
SAO_5175-10,São Paulo,3550308,True,,593,,,-23.702581000000002,-46.6501255,,,,1,2023-06-19T08:29:04+00:00
SAO_2723-10,São Paulo,3550308,True,,33705,,,-23.487226,-46.4637175,,,,2,2023-06-19T08:28:31+00:00
SAO_7054-10,São Paulo,3550308,True,,41,,,-23.6517055,-46.7906215,,,,1,2023-06-19T08:28:25+00:00
SAO_7054-10,São Paulo,3550308,True,,41,,,-23.6517055,-46.7906215,,,,1,2023-06-19T08:28:36+00:00
SAO_N740-11,São Paulo,3550308,True,,35189,,,-23.698232500000003,-46.7611435,,,,2,2023-06-19T08:29:07+00:00
SAO_N334-11,São Paulo,3550308,True,,35114,,,-23.517678,-46.475762,,,,2,2023-06-19T08:28:35+00:00
SAO_N404-11,São Paulo,3550308,True,,35128,,,-23.598483125,-46.486008,,,,2,2023-06-19T08:28:55+00:00
SAO_N402-11,São Paulo,3550308,True,,2358,,,-23.542766999999998,-46.470827,,,,1,2023-06-19T08:28:37+00:00
SAO_6051-10,São Paulo,3550308,True,,1143,,,-23.767376,-46.716275499999995,,,,1,2023-06-19T08:29:04+00:00
SAO_N237-11,São Paulo,3550308,True,,35094,,,-23.479476500000004,-46.601733499999995,,,,2,2023-06-19T08:28:43+00:00
SAO_N733-11,São Paulo,3550308,True,,35182,,,-23.72404375,-46.755942000000005,,,,2,2023-06-19T08:29:02+00:00
SAO_7725-10,São Paulo,3550308,True,,33240,,,-23.520279000000002,-46.6996095,,,,2,2023-06-19T08:28:43+00:00
SAO_7005-51,São Paulo,3550308,True,,1999,,,-23.718654,-46.7846245,,,,1,2023-06-19T08:29:05+00:00
SAO_7005-51,São Paulo,3550308,True,,1999,,,-23.718654,-46.7846245,,,,1,2023-06-19T08:28:26+00:00
SAO_N534-11,São Paulo,3550308,True,,35154,,,-23.624238,-46.591031,,,,2,2023-06-19T08:28:30+00:00
SAO_2060-10,São Paulo,3550308,True,EMTU,134,https://moovitapp.com/index/pt-br/transporte_p%C3%BAblico-line-134-Sao_Paulo-242-2038937-36419287-0,5.2,-23.523774000000003,-46.475010499999996,,,,1,2023-06-19T08:28:25+00:00
SAO_N301-11,São Paulo,3550308,True,,2335,,,-23.5370305,-46.59245799999999,,,,1,2023-06-19T08:28:23+00:00
SAO_4085-10,São Paulo,3550308,True,,2156,,,-23.5692925,-46.429227,,,,1,2023-06-19T08:29:06+00:00
SAO_N739-11,São Paulo,3550308,True,,35188,,,-23.668001500000003,-46.7491535,,,,2,2023-06-19T08:28:48+00:00
SAO_3718-10,São Paulo,3550308,True,,1013,,,-23.557025,-46.4865765,,,,1,2023-06-19T08:28:53+00:00
SAO_2008-10,São Paulo,3550308,True,,897,,,-23.5144425,-46.3903165,,,,1,2023-06-19T08:28:45+00:00
SAO_N403-11,São Paulo,3550308,True,,35127,,,-23.5641415,-46.416219999999996,,,,2,2023-06-19T08:28:33+00:00
SAO_N201-11,São Paulo,3550308,True,,35079,,,-23.4809005,-46.6027485,,,,2,2023-06-19T08:28:24+00:00
SAO_6022-10,São Paulo,3550308,True,,1207,,,-23.71889675,-46.78474375,,,,1,2023-06-19T08:28:35+00:00
SAO_675X-10,São Paulo,3550308,True,EMTU,111,https://moovitapp.com/index/pt-br/transporte_p%C3%BAblico-line-111-Sao_Paulo-242-2038937-36419271-0,5.1,-23.737689500000002,-46.697986,,,,1,2023-06-19T08:29:00+00:00
SAO_675X-10,São Paulo,3550308,True,EMTU,111,https://moovitapp.com/index/pt-br/transporte_p%C3%BAblico-line-111-Sao_Paulo-242-2038937-36419271-0,5.1,-23.737689500000002,-46.697986,,,,1,2023-06-19T08:28:25+00:00
SAO_N431-11,São Paulo,3550308,True,,2364,,,-23.6213605,-46.418718,,,,1,2023-06-19T08:28:27+00:00
SAO_N240-11,São Paulo,3550308,True,,2329,,,-23.5024435,-46.623836,,,,1,2023-06-19T08:28:36+00:00
SAO_N302-11,São Paulo,3550308,True,,2336,,,-23.525353000000003,-46.57530225000001,,,,1,2023-06-19T08:28:33+00:00
SAO_8700-10,São Paulo,3550308,True,,34645,,,-23.6310935,-46.773485,,,,2,2023-06-19T08:28:54+00:00
SAO_3712-51,São Paulo,3550308,True,,2505,,,-23.551171500000002,-46.425402500000004,,,,1,2023-06-19T08:28:44+00:00
SAO_2721-10,São Paulo,3550308,True,,934,,,-23.5193225,-46.409525,,,,1,2023-06-19T08:28:29+00:00
SAO_7062-31,São Paulo,3550308,True,,34682,,,-23.6463475,-46.7730035,,,,2,2023-06-19T08:29:03+00:00
SAO_N206-11,São Paulo,3550308,True,,35084,,,-23.48695,-46.644673,,,,2,2023-06-19T08:28:40+00:00
SAO_4718-10,São Paulo,3550308,True,,33104,,,-23.650012,-46.6139055,,,,2,2023-06-19T08:29:03+00:00
SAO_809T-10,São Paulo,3550308,True,,2246,,,-23.5510456875,-46.740044062500004,,,,1,2023-06-19T08:28:27+00:00
SAO_N402-11,São Paulo,3550308,True,,35126,,,-23.5585995,-46.5228375,,,,2,2023-06-19T08:28:36+00:00
SAO_N437-11,São Paulo,3550308,True,,35138,,,-23.5809835,-46.4045345,,,,2,2023-06-19T08:28:57+00:00
SAO_1726-10,São Paulo,3550308,True,,34171,,,-23.436823500000003,-46.566249,,,,2,2023-06-19T08:28:57+00:00
SAO_2702-10,São Paulo,3550308,True,,33682,,,-23.495196,-46.444438000000005,,,,2,2023-06-19T08:27:10+00:00
SAO_6063-42,São Paulo,3550308,True,,2002,,,-23.788416499999997,-46.689655,,,,1,2023-06-19T08:29:01+00:00
SAO_N745-11,São Paulo,3550308,True,,2426,,,-23.632000499999997,-46.771926,,,,1,2023-06-19T08:28:42+00:00
SAO_N742-11,São Paulo,3550308,True,,35191,,,-23.6440135,-46.734696,,,,2,2023-06-19T08:28:39+00:00
SAO_5107-10,São Paulo,3550308,True,,34427,,,-23.541404999999997,-46.634397500000006,,,,2,2023-06-19T08:28:40+00:00
SAO_N405-11,São Paulo,3550308,True,,2361,,,-23.5427865,-46.470943500000004,,,,1,2023-06-19T08:28:36+00:00
SAO_N335-11,São Paulo,3550308,True,,35115,,,-23.49963175,-46.487491000000006,,,,2,2023-06-19T08:28:59+00:00
SAO_5107-10,São Paulo,3550308,True,,1659,,,-23.6034085,-46.6026285,,,,1,2023-06-19T08:28:33+00:00
SAO_6015-10,São Paulo,3550308,True,,33973,,,-23.718400000000003,-46.784493499999996,,,,2,2023-06-19T08:28:52+00:00
SAO_N141-11,São Paulo,3550308,True,,35065,,,-23.484452,-46.6907395,,,,2,2023-06-19T08:28:42+00:00
SAO_3006-10,São Paulo,3550308,True,,34633,,,-23.548274,-46.3900315,,,,2,2023-06-19T08:28:28+00:00
SAO_PAEC-10,São Paulo,3550308,True,,34190,,,-23.4350765,-46.581492999999995,,,,2,2023-06-19T08:28:26+00:00
SAO_PAEC-10,São Paulo,3550308,True,,34190,,,-23.4897535,-46.570575500000004,,,,2,2023-06-19T08:24:38+00:00
SAO_N632-11,São Paulo,3550308,True,,35165,,,-23.7374655,-46.6974125,,,,2,2023-06-19T08:28:42+00:00
SAO_N332-11,São Paulo,3550308,True,,35112,,,-23.4903695,-46.5008945,,,,2,2023-06-19T08:28:38+00:00
SAO_N245-11,São Paulo,3550308,True,,35102,,,-23.468104,-46.6685215,,,,2,2023-06-19T08:28:29+00:00
SAO_N506-11,São Paulo,3550308,True,,35148,,,-23.547126499999997,-46.690053000000006,,,,2,2023-06-19T08:28:46+00:00
SAO_N503-11,São Paulo,3550308,True,,2377,,,-23.5556785,-46.576248,,,,1,2023-06-19T08:28:44+00:00
SAO_N201-11,São Paulo,3550308,True,,2311,,,-23.542564125,-46.617166499999996,,,,1,2023-06-19T08:28:47+00:00
SAO_N602-11,São Paulo,3550308,True,,2393,,,-23.737581499999997,-46.697899500000005,,,,1,2023-06-19T08:28:29+00:00
SAO_1744-10,São Paulo,3550308,True,,33312,,,-23.5026995,-46.624219,,,,2,2023-06-19T08:28:23+00:00
SAO_6726-10,São Paulo,3550308,True,,33961,,,-23.73479,-46.66230675,,,,2,2023-06-19T08:28:39+00:00
