bus_id,city,city_code,adapted,agency,line_code,line_url,line_fare,latitude,longitude,bus_speed,is_eletric,bus_type,bus_direction,updated_at
SAO_177H-10,São Paulo,3550308,True,,630,,,-23.55414975,-46.662707999999995,,,,1,2023-06-20T11:57:35+00:00
SAO_177H-10,São Paulo,3550308,True,,630,,,-23.553213,-46.732138000000006,,,,1,2023-06-20T11:57:02+00:00
SAO_177H-10,São Paulo,3550308,True,,630,,,-23.502436,-46.624016499999996,,,,1,2023-06-20T11:57:27+00:00
SAO_177H-10,São Paulo,3550308,True,,630,,,-23.563336749999998,-46.69118075,,,,1,2023-06-20T11:57:23+00:00
SAO_177H-10,São Paulo,3550308,True,,630,,,-23.5012495,-46.6483525,,,,1,2023-06-20T11:57:12+00:00
SAO_177H-10,São Paulo,3550308,True,,630,,,-23.49823925,-46.657917499999996,,,,1,2023-06-20T11:56:56+00:00
SAO_6035-10,São Paulo,3550308,True,,1213,,,-23.72062,-46.7558005,,,,1,2023-06-20T11:57:29+00:00
SAO_6035-10,São Paulo,3550308,True,,1213,,,-23.672098,-46.741896,,,,1,2023-06-20T11:57:39+00:00
SAO_6035-10,São Paulo,3550308,True,,1213,,,-23.7202625,-46.75875475,,,,1,2023-06-20T11:57:05+00:00
SAO_6035-10,São Paulo,3550308,True,,1213,,,-23.7150855,-46.7707235,,,,1,2023-06-20T11:57:21+00:00
SAO_6035-10,São Paulo,3550308,True,,1213,,,-23.6772705,-46.7589355,,,,1,2023-06-20T11:57:18+00:00
SAO_6035-10,São Paulo,3550308,True,,1213,,,-23.705963,-46.784294,,,,1,2023-06-20T11:57:39+00:00
SAO_6035-10,São Paulo,3550308,True,,1213,,,-23.665815000000002,-46.7117615,,,,1,2023-06-20T11:57:10+00:00
SAO_6035-10,São Paulo,3550308,True,,1213,,,-23.6917725,-46.775800000000004,,,,1,2023-06-20T11:57:25+00:00
SAO_7004-10,São Paulo,3550308,True,,34760,,,-23.71889675,-46.78474375,,,,2,2023-06-20T11:57:26+00:00
SAO_7004-10,São Paulo,3550308,True,,34760,,,-23.6917725,-46.775800000000004,,,,2,2023-06-20T11:52:21+00:00
SAO_7004-10,São Paulo,3550308,True,,34760,,,-23.7317975,-46.7861475,,,,2,2023-06-20T11:57:11+00:00
SAO_7004-10,São Paulo,3550308,True,,34760,,,-23.738588749999998,-46.7910585,,,,2,2023-06-20T11:57:02+00:00
SAO_7004-10,São Paulo,3550308,True,,34760,,,-23.6839105,-46.7613685,,,,2,2023-06-20T11:56:37+00:00
SAO_7004-10,São Paulo,3550308,True,,34760,,,-23.667188,-46.72773325,,,,2,2023-06-20T11:57:20+00:00
SAO_1178-10,São Paulo,3550308,True,,132,,,-23.5041765,-46.433013,,,,1,2023-06-20T11:57:13+00:00
SAO_1178-10,São Paulo,3550308,True,,132,,,-23.485848500000003,-46.502284,,,,1,2023-06-20T11:57:19+00:00
SAO_1178-10,São Paulo,3550308,True,,132,,,-23.493173249999998,-46.44959075,,,,1,2023-06-20T11:57:22+00:00
SAO_1178-10,São Paulo,3550308,True,,132,,,-23.522693500000003,-46.558447,,,,1,2023-06-20T11:57:16+00:00
SAO_1178-10,São Paulo,3550308,True,,132,,,-23.518186999999998,-46.6293305,,,,1,2023-06-20T11:57:24+00:00
SAO_1178-10,São Paulo,3550308,True,,132,,,-23.505224,-46.519229499999994,,,,1,2023-06-20T11:57:37+00:00
SAO_1178-10,São Paulo,3550308,True,,132,,,-23.501246000000002,-46.47056925,,,,1,2023-06-20T11:56:53+00:00
SAO_172R-10,São Paulo,3550308,True,,859,,,-23.483724000000002,-46.57009575,,,,1,2023-06-20T11:57:15+00:00
SAO_172R-10,São Paulo,3550308,True,,859,,,-23.542462,-46.590803,,,,1,2023-06-20T11:57:34+00:00
SAO_172R-10,São Paulo,3550308,True,,859,,,-23.465965,-46.584261999999995,,,,1,2023-06-20T11:55:27+00:00
SAO_172R-10,São Paulo,3550308,True,,859,,,-23.51577675,-46.587766,,,,1,2023-06-20T11:57:29+00:00
SAO_172R-10,São Paulo,3550308,True,,859,,,-23.5429155,-46.5918135,,,,1,2023-06-20T11:57:23+00:00
SAO_172R-10,São Paulo,3550308,True,,859,,,-23.508029,-46.579211,,,,1,2023-06-20T11:57:27+00:00
SAO_172R-10,São Paulo,3550308,True,,859,,,-23.5423885,-46.590565,,,,1,2023-06-20T11:57:11+00:00
SAO_172R-10,São Paulo,3550308,True,,859,,,-23.5423885,-46.590565,,,,1,2023-06-20T11:57:01+00:00
SAO_172R-10,São Paulo,3550308,True,,859,,,-23.5252335,-46.5951915,,,,1,2023-06-20T11:57:20+00:00
SAO_172R-10,São Paulo,3550308,True,,859,,,-23.489286,-46.573315,,,,1,2023-06-20T11:57:17+00:00
SAO_172R-10,São Paulo,3550308,True,,859,,,-23.47689675,-46.5739025,,,,1,2023-06-20T11:56:58+00:00
SAO_2016-10,São Paulo,3550308,True,,902,,,-23.494939,-46.411469,,,,1,2023-06-20T11:57:20+00:00
SAO_2016-10,São Paulo,3550308,True,,902,,,-23.4953155,-46.4310045,,,,1,2023-06-20T11:56:47+00:00
SAO_2016-10,São Paulo,3550308,True,,902,,,-23.496889,-46.377311000000006,,,,1,2023-06-20T11:57:25+00:00
SAO_2725-10,São Paulo,3550308,True,,33707,,,-23.527162625,-46.474537749999996,,,,2,2023-06-20T11:57:17+00:00
SAO_2725-10,São Paulo,3550308,True,,33707,,,-23.539938499999998,-46.482815,,,,2,2023-06-20T11:57:20+00:00
SAO_2725-10,São Paulo,3550308,True,,33707,,,-23.512969499999997,-46.4736135,,,,2,2023-06-20T11:57:15+00:00
SAO_2725-10,São Paulo,3550308,True,,33707,,,-23.507824,-46.47021275,,,,2,2023-06-20T11:57:27+00:00
SAO_2725-10,São Paulo,3550308,True,,33707,,,-23.512852,-46.473465000000004,,,,2,2023-06-20T11:57:24+00:00
SAO_2725-10,São Paulo,3550308,True,,33707,,,-23.519291000000003,-46.470652,,,,2,2023-06-20T11:57:04+00:00
SAO_9191-10,São Paulo,3550308,True,,33578,,,-23.458994,-46.68034,,,,2,2023-06-20T11:57:03+00:00
SAO_9191-10,São Paulo,3550308,True,,33578,,,-23.4589265,-46.680364,,,,2,2023-06-20T11:57:00+00:00
SAO_9191-10,São Paulo,3550308,True,,33578,,,-23.525319,-46.6642325,,,,2,2023-06-20T11:57:13+00:00
SAO_9191-10,São Paulo,3550308,True,,33578,,,-23.5259165,-46.63162,,,,2,2023-06-20T11:57:23+00:00
SAO_9191-10,São Paulo,3550308,True,,33578,,,-23.456177500000003,-46.678882,,,,2,2023-06-20T11:57:10+00:00
SAO_9191-10,São Paulo,3550308,True,,33578,,,-23.4559915,-46.6784675,,,,2,2023-06-20T11:57:15+00:00
SAO_9191-10,São Paulo,3550308,True,,33578,,,-23.50375825,-46.675058,,,,2,2023-06-20T11:57:11+00:00
SAO_9191-10,São Paulo,3550308,True,,33578,,,-23.455891,-46.678366,,,,2,2023-06-20T11:57:33+00:00
SAO_9191-10,São Paulo,3550308,True,,33578,,,-23.53307925,-46.63692975,,,,2,2023-06-20T11:57:30+00:00
SAO_9191-10,São Paulo,3550308,True,,33578,,,-23.523927999999998,-46.66606025,,,,2,2023-06-20T11:57:33+00:00
SAO_574R-10,São Paulo,3550308,True,,1623,,,-23.612729,-46.5040555,,,,1,2023-06-20T11:56:44+00:00
SAO_574R-10,São Paulo,3550308,True,,1623,,,-23.5589955,-46.576917,,,,1,2023-06-20T11:57:34+00:00
SAO_574R-10,São Paulo,3550308,True,,1623,,,-23.54522625,-46.590056375,,,,1,2023-06-20T11:57:03+00:00
SAO_574R-10,São Paulo,3550308,True,,1623,,,-23.59139175,-46.529996249999996,,,,1,2023-06-20T11:56:42+00:00
SAO_574R-10,São Paulo,3550308,True,,1623,,,-23.5416595,-46.58983475,,,,1,2023-06-20T11:57:10+00:00
SAO_574R-10,São Paulo,3550308,True,,1623,,,-23.5947675,-46.525518,,,,1,2023-06-20T11:57:26+00:00
SAO_178A-10,São Paulo,3550308,True,EMTU,558,https://moovitapp.com/index/pt-br/transporte_p%C3%BAblico-line-558-Sao_Paulo-242-2038937-36419559-0,4.4,-23.503149999999998,-46.623488,,,,1,2023-06-20T11:57:12+00:00
SAO_178A-10,São Paulo,3550308,True,EMTU,558,https://moovitapp.com/index/pt-br/transporte_p%C3%BAblico-line-558-Sao_Paulo-242-2038937-36419559-0,4.4,-23.524804,-46.643707,,,,1,2023-06-20T11:56:57+00:00
SAO_178A-10,São Paulo,3550308,True,EMTU,558,https://moovitapp.com/index/pt-br/transporte_p%C3%BAblico-line-558-Sao_Paulo-242-2038937-36419559-0,4.4,-23.518316,-46.628175999999996,,,,1,2023-06-20T11:57:01+00:00
SAO_971A-10,São Paulo,3550308,True,,33426,,,-23.495732250000003,-46.660722625000005,,,,2,2023-06-20T11:57:37+00:00
SAO_971A-10,São Paulo,3550308,True,,33426,,,-23.486307,-46.680385,,,,2,2023-06-20T11:57:28+00:00
SAO_971A-10,São Paulo,3550308,True,,33426,,,-23.511257375,-46.624893,,,,2,2023-06-20T11:57:31+00:00
SAO_971A-10,São Paulo,3550308,True,,33426,,,-23.486301,-46.680533,,,,2,2023-06-20T11:57:17+00:00
SAO_971A-10,São Paulo,3550308,True,,33426,,,-23.522878,-46.623355000000004,,,,2,2023-06-20T11:57:28+00:00
SAO_3785-10,São Paulo,3550308,True,,1063,,,-23.591207,-46.394471,,,,1,2023-06-20T11:57:21+00:00
SAO_3785-10,São Paulo,3550308,True,,1063,,,-23.5950085,-46.4326515,,,,1,2023-06-20T11:57:04+00:00
SAO_3785-10,São Paulo,3550308,True,,1063,,,-23.5882825,-46.4426225,,,,1,2023-06-20T11:56:58+00:00
SAO_3785-10,São Paulo,3550308,True,,1063,,,-23.54388975,-46.4691365,,,,1,2023-06-20T11:57:30+00:00
SAO_3785-10,São Paulo,3550308,True,,1063,,,-23.584015,-46.390671999999995,,,,1,2023-06-20T11:57:33+00:00
SAO_3785-10,São Paulo,3550308,True,,1063,,,-23.561730375000003,-46.445895,,,,1,2023-06-20T11:57:26+00:00
SAO_3785-10,São Paulo,3550308,True,,1063,,,-23.582032749999996,-46.410213375000005,,,,1,2023-06-20T11:57:21+00:00
SAO_3785-10,São Paulo,3550308,True,,1063,,,-23.563545,-46.446155,,,,1,2023-06-20T11:57:15+00:00
SAO_3785-10,São Paulo,3550308,True,,1063,,,-23.591207,-46.394471,,,,1,2023-06-20T11:57:26+00:00
SAO_4030-10,São Paulo,3550308,True,,33868,,,-23.61519175,-46.48790975,,,,2,2023-06-20T11:56:59+00:00
SAO_4030-10,São Paulo,3550308,True,,33868,,,-23.611480999999998,-46.476130999999995,,,,2,2023-06-20T11:57:15+00:00
SAO_4030-10,São Paulo,3550308,True,,33868,,,-23.619381500000003,-46.4928225,,,,2,2023-06-20T11:57:26+00:00
SAO_4030-10,São Paulo,3550308,True,,33868,,,-23.570087,-46.50773112499999,,,,2,2023-06-20T11:57:25+00:00
SAO_4030-10,São Paulo,3550308,True,,33868,,,-23.602150625,-46.482904125,,,,2,2023-06-20T11:57:27+00:00
SAO_1757-10,São Paulo,3550308,True,,33316,,,-23.494514,-46.627080500000005,,,,2,2023-06-20T11:57:25+00:00
SAO_1757-10,São Paulo,3550308,True,,33316,,,-23.471118,-46.636767,,,,2,2023-06-20T11:57:34+00:00
SAO_1757-10,São Paulo,3550308,True,,33316,,,-23.471317499999998,-46.6368435,,,,2,2023-06-20T11:57:05+00:00
SAO_118Y-10,São Paulo,3550308,True,EMTU,841,https://moovitapp.com/index/pt-br/transporte_p%C3%BAblico-line-841-Sao_Paulo-242-2038937-36419604-0,5.15,-23.492844,-46.672395,,,,1,2023-06-20T11:57:33+00:00
SAO_118Y-10,São Paulo,3550308,True,EMTU,841,https://moovitapp.com/index/pt-br/transporte_p%C3%BAblico-line-841-Sao_Paulo-242-2038937-36419604-0,5.15,-23.471871999999998,-46.6346485,,,,1,2023-06-20T11:57:04+00:00
SAO_118Y-10,São Paulo,3550308,True,EMTU,841,https://moovitapp.com/index/pt-br/transporte_p%C3%BAblico-line-841-Sao_Paulo-242-2038937-36419604-0,5.15,-23.508499,-46.687779000000006,,,,1,2023-06-20T11:57:13+00:00
SAO_118Y-10,São Paulo,3550308,True,EMTU,841,https://moovitapp.com/index/pt-br/transporte_p%C3%BAblico-line-841-Sao_Paulo-242-2038937-36419604-0,5.15,-23.5208515,-46.7036495,,,,1,2023-06-20T11:57:37+00:00
SAO_118Y-10,São Paulo,3550308,True,EMTU,841,https://moovitapp.com/index/pt-br/transporte_p%C3%BAblico-line-841-Sao_Paulo-242-2038937-36419604-0,5.15,-23.474655,-46.649848000000006,,,,1,2023-06-20T11:56:55+00:00
SAO_118Y-10,São Paulo,3550308,True,EMTU,841,https://moovitapp.com/index/pt-br/transporte_p%C3%BAblico-line-841-Sao_Paulo-242-2038937-36419604-0,5.15,-23.482014749999998,-46.670722,,,,1,2023-06-20T11:56:58+00:00
SAO_2019-10,São Paulo,3550308,True,,905,,,-23.529183500000002,-46.478623999999996,,,,1,2023-06-20T11:57:27+00:00
SAO_2019-10,São Paulo,3550308,True,,905,,,-23.529183500000002,-46.478623999999996,,,,1,2023-06-20T11:57:34+00:00
SAO_2019-10,São Paulo,3550308,True,,905,,,-23.531027,-46.495247,,,,1,2023-06-20T11:57:33+00:00
SAO_2019-10,São Paulo,3550308,True,,905,,,-23.528497,-46.5402475,,,,1,2023-06-20T11:57:15+00:00
SAO_3099-10,São Paulo,3550308,True,,1079,,,-23.596332500000003,-46.487379625,,,,1,2023-06-20T11:57:14+00:00
SAO_3099-10,São Paulo,3550308,True,,1079,,,-23.6125055,-46.473042500000005,,,,1,2023-06-20T11:57:20+00:00
SAO_3099-10,São Paulo,3550308,True,,1079,,,-23.610452249999998,-46.45343475,,,,1,2023-06-20T11:57:20+00:00
SAO_3099-10,São Paulo,3550308,True,,1079,,,-23.6129015,-46.444473,,,,1,2023-06-20T11:57:22+00:00
SAO_119L-10,São Paulo,3550308,True,,2273,,,-23.494327,-46.7579995,,,,1,2023-06-20T11:56:55+00:00
SAO_2023-10,São Paulo,3550308,True,,2260,,,-23.480106,-46.604046499999995,,,,1,2023-06-20T11:57:17+00:00
SAO_2023-10,São Paulo,3550308,True,,2260,,,-23.418351,-46.586143,,,,1,2023-06-20T11:56:54+00:00
SAO_2023-10,São Paulo,3550308,True,,2260,,,-23.4629465,-46.6033065,,,,1,2023-06-20T11:56:56+00:00
SAO_5362-10,São Paulo,3550308,True,BR7 Mobilidade,70,https://moovitapp.com/index/pt-br/transporte_p%C3%BAblico-line-70-Sao_Paulo-242-851856-2250296-0,5.75,-23.661396500000002,-46.705166,,,,1,2023-06-20T11:57:34+00:00
SAO_5362-10,São Paulo,3550308,True,BR7 Mobilidade,70,https://moovitapp.com/index/pt-br/transporte_p%C3%BAblico-line-70-Sao_Paulo-242-851856-2250296-0,5.75,-23.6847095,-46.714397,,,,1,2023-06-20T11:57:30+00:00
SAO_5362-10,São Paulo,3550308,True,BR7 Mobilidade,70,https://moovitapp.com/index/pt-br/transporte_p%C3%BAblico-line-70-Sao_Paulo-242-851856-2250296-0,5.75,-23.589728249999997,-46.6513285,,,,1,2023-06-20T11:57:28+00:00
SAO_5362-10,São Paulo,3550308,True,BR7 Mobilidade,70,https://moovitapp.com/index/pt-br/transporte_p%C3%BAblico-line-70-Sao_Paulo-242-851856-2250296-0,5.75,-23.75324375,-46.685306,,,,1,2023-06-20T11:57:17+00:00
SAO_5362-10,São Paulo,3550308,True,BR7 Mobilidade,70,https://moovitapp.com/index/pt-br/transporte_p%C3%BAblico-line-70-Sao_Paulo-242-851856-2250296-0,5.75,-23.753096,-46.6885345,,,,1,2023-06-20T11:57:21+00:00
SAO_5362-10,São Paulo,3550308,True,BR7 Mobilidade,70,https://moovitapp.com/index/pt-br/transporte_p%C3%BAblico-line-70-Sao_Paulo-242-851856-2250296-0,5.75,-23.737678250000002,-46.692834,,,,1,2023-06-20T11:57:14+00:00
SAO_5362-10,São Paulo,3550308,True,BR7 Mobilidade,70,https://moovitapp.com/index/pt-br/transporte_p%C3%BAblico-line-70-Sao_Paulo-242-851856-2250296-0,5.75,-23.748769,-46.665272,,,,1,2023-06-20T11:57:29+00:00
SAO_5362-10,São Paulo,3550308,True,BR7 Mobilidade,70,https://moovitapp.com/index/pt-br/transporte_p%C3%BAblico-line-70-Sao_Paulo-242-851856-2250296-0,5.75,-23.652263249999997,-46.70189575,,,,1,2023-06-20T11:57:12+00:00
SAO_5362-10,São Paulo,3550308,True,BR7 Mobilidade,70,https://moovitapp.com/index/pt-br/transporte_p%C3%BAblico-line-70-Sao_Paulo-242-851856-2250296-0,5.75,-23.603764,-46.66226399999999,,,,1,2023-06-20T11:57:14+00:00
SAO_211V-10,São Paulo,3550308,True,,32922,,,-23.5060535,-46.525996,,,,2,2023-06-20T11:51:19+00:00
SAO_211V-10,São Paulo,3550308,True,,32922,,,-23.4944855,-46.470219,,,,2,2023-06-20T11:57:27+00:00
SAO_407G-10,São Paulo,3550308,True,,34964,,,-23.61114025,-46.43407825,,,,2,2023-06-20T11:54:16+00:00
SAO_407G-10,São Paulo,3550308,True,,34964,,,-23.619597499999998,-46.4606595,,,,2,2023-06-20T11:57:14+00:00
SAO_407G-10,São Paulo,3550308,True,,34964,,,-23.584945124999997,-46.491730000000004,,,,2,2023-06-20T11:57:32+00:00
SAO_407G-10,São Paulo,3550308,True,,34964,,,-23.614871,-46.458583000000004,,,,2,2023-06-20T11:57:20+00:00
SAO_407G-10,São Paulo,3550308,True,,34964,,,-23.61138675,-46.43386674999999,,,,2,2023-06-20T11:57:32+00:00
SAO_407G-10,São Paulo,3550308,True,,34964,,,-23.61114025,-46.43407825,,,,2,2023-06-20T11:57:27+00:00
SAO_407G-10,São Paulo,3550308,True,,34964,,,-23.602433875,-46.482662375,,,,2,2023-06-20T11:56:32+00:00
SAO_4718-10,São Paulo,3550308,True,,33104,,,-23.657285,-46.6139885,,,,2,2023-06-20T11:57:03+00:00
SAO_4718-10,São Paulo,3550308,True,,33104,,,-23.6309485,-46.625747000000004,,,,2,2023-06-20T11:57:35+00:00
SAO_2007-10,São Paulo,3550308,True,,896,,,-23.507409,-46.37206525,,,,1,2023-06-20T11:56:48+00:00
SAO_2007-10,São Paulo,3550308,True,,896,,,-23.494778625000002,-46.4035085,,,,1,2023-06-20T11:57:04+00:00
SAO_2007-10,São Paulo,3550308,True,,896,,,-23.506232125,-46.386018750000005,,,,1,2023-06-20T11:56:52+00:00
SAO_2007-10,São Paulo,3550308,True,,896,,,-23.494778625000002,-46.4035085,,,,1,2023-06-20T11:57:14+00:00
SAO_2007-10,São Paulo,3550308,True,,896,,,-23.505411000000002,-46.3770405,,,,1,2023-06-20T11:57:16+00:00
SAO_2007-10,São Paulo,3550308,True,,896,,,-23.507731,-46.368536000000006,,,,1,2023-06-20T11:57:31+00:00
SAO_2007-10,São Paulo,3550308,True,,896,,,-23.500867749999998,-46.385221,,,,1,2023-06-20T11:56:47+00:00
SAO_647A-10,São Paulo,3550308,True,,34083,,,-23.6614595,-46.768571,,,,2,2023-06-20T11:57:09+00:00
SAO_647A-10,São Paulo,3550308,True,,34083,,,-23.601951999999997,-46.7247075,,,,2,2023-06-20T11:57:32+00:00
SAO_647A-10,São Paulo,3550308,True,,34083,,,-23.691288999999998,-46.798295,,,,2,2023-06-20T11:57:08+00:00
SAO_647A-10,São Paulo,3550308,True,,34083,,,-23.68997675,-46.79918625,,,,2,2023-06-20T11:57:06+00:00
SAO_1709-10,São Paulo,3550308,True,,851,,,-23.4412375,-46.5814765,,,,1,2023-06-20T11:57:25+00:00
SAO_1709-10,São Paulo,3550308,True,,851,,,-23.4412375,-46.5814765,,,,1,2023-06-20T11:57:16+00:00
SAO_1709-10,São Paulo,3550308,True,,851,,,-23.4412375,-46.5814765,,,,1,2023-06-20T11:57:27+00:00
SAO_1709-10,São Paulo,3550308,True,,851,,,-23.4412375,-46.5814765,,,,1,2023-06-20T11:56:57+00:00
SAO_1709-10,São Paulo,3550308,True,,851,,,-23.465628000000002,-46.5970065,,,,1,2023-06-20T11:57:21+00:00
SAO_1709-10,São Paulo,3550308,True,,851,,,-23.4412375,-46.5814765,,,,1,2023-06-20T11:56:56+00:00
SAO_1709-10,São Paulo,3550308,True,,851,,,-23.44049225,-46.581394,,,,1,2023-06-20T11:57:27+00:00
SAO_1709-10,São Paulo,3550308,True,,851,,,-23.4412375,-46.5814765,,,,1,2023-06-20T11:57:09+00:00
SAO_1709-10,São Paulo,3550308,True,,851,,,-23.44134,-46.5881995,,,,1,2023-06-20T11:57:28+00:00
SAO_1709-10,São Paulo,3550308,True,,851,,,-23.454504375,-46.598760625,,,,1,2023-06-20T11:57:17+00:00
SAO_1709-10,São Paulo,3550308,True,,851,,,-23.4412375,-46.5814765,,,,1,2023-06-20T11:57:23+00:00
SAO_573T-10,São Paulo,3550308,True,,34400,,,-23.6139735,-46.501357999999996,,,,2,2023-06-20T11:57:26+00:00
SAO_573T-10,São Paulo,3550308,True,,34400,,,-23.605957250000003,-46.48795025,,,,2,2023-06-20T11:57:00+00:00
SAO_573T-10,São Paulo,3550308,True,,34400,,,-23.54744825,-46.540079,,,,2,2023-06-20T11:57:26+00:00
SAO_573T-10,São Paulo,3550308,True,,34400,,,-23.5639865,-46.514157,,,,2,2023-06-20T11:57:09+00:00
SAO_573T-10,São Paulo,3550308,True,,34400,,,-23.597595,-46.4956115,,,,2,2023-06-20T11:57:15+00:00
SAO_148P-10,São Paulo,3550308,True,EMTU,534,https://moovitapp.com/index/pt-br/transporte_p%C3%BAblico-line-534-Sao_Paulo-242-2038937-36419546-0,6.3,-23.493575999999997,-46.661865750000004,,,,1,2023-06-20T11:57:16+00:00
SAO_148P-10,São Paulo,3550308,True,EMTU,534,https://moovitapp.com/index/pt-br/transporte_p%C3%BAblico-line-534-Sao_Paulo-242-2038937-36419546-0,6.3,-23.526382499999997,-46.6660375,,,,1,2023-06-20T11:56:56+00:00
SAO_148P-10,São Paulo,3550308,True,EMTU,534,https://moovitapp.com/index/pt-br/transporte_p%C3%BAblico-line-534-Sao_Paulo-242-2038937-36419546-0,6.3,-23.526927999999998,-46.664887,,,,1,2023-06-20T11:57:36+00:00
SAO_148P-10,São Paulo,3550308,True,EMTU,534,https://moovitapp.com/index/pt-br/transporte_p%C3%BAblico-line-534-Sao_Paulo-242-2038937-36419546-0,6.3,-23.4643905,-46.654526,,,,1,2023-06-20T11:57:25+00:00
SAO_148P-10,São Paulo,3550308,True,EMTU,534,https://moovitapp.com/index/pt-br/transporte_p%C3%BAblico-line-534-Sao_Paulo-242-2038937-36419546-0,6.3,-23.469575499999998,-46.6562475,,,,1,2023-06-20T11:57:21+00:00
SAO_148P-10,São Paulo,3550308,True,EMTU,534,https://moovitapp.com/index/pt-br/transporte_p%C3%BAblico-line-534-Sao_Paulo-242-2038937-36419546-0,6.3,-23.4989503125,-46.654422875,,,,1,2023-06-20T11:57:33+00:00
SAO_2709-31,São Paulo,3550308,True,,33691,,,-23.529722,-46.500626,,,,2,2023-06-20T11:57:16+00:00
SAO_2709-31,São Paulo,3550308,True,,33691,,,-23.53252725,-46.488238249999995,,,,2,2023-06-20T11:57:13+00:00
SAO_2709-31,São Paulo,3550308,True,,33691,,,-23.529587499999998,-46.5004265,,,,2,2023-06-20T11:56:58+00:00
SAO_2709-31,São Paulo,3550308,True,,33691,,,-23.528982499999998,-46.487711000000004,,,,2,2023-06-20T11:56:57+00:00
SAO_745M-10,São Paulo,3550308,True,,33550,,,-23.660064,-46.767101,,,,2,2023-06-20T11:57:10+00:00
SAO_745M-10,São Paulo,3550308,True,,33550,,,-23.630817,-46.767892,,,,2,2023-06-20T11:57:21+00:00
SAO_745M-10,São Paulo,3550308,True,,33550,,,-23.6753815,-46.748957,,,,2,2023-06-20T11:57:09+00:00
SAO_745M-10,São Paulo,3550308,True,,33550,,,-23.630699,-46.768204,,,,2,2023-06-20T11:57:27+00:00
SAO_745M-10,São Paulo,3550308,True,,33550,,,-23.663823999999998,-46.70703675,,,,2,2023-06-20T11:57:39+00:00
SAO_745M-10,São Paulo,3550308,True,,33550,,,-23.662447,-46.780381750000004,,,,2,2023-06-20T11:57:16+00:00
SAO_8007-10,São Paulo,3550308,True,,34025,,,-23.4861665,-46.726144,,,,2,2023-06-20T11:56:56+00:00
SAO_8007-10,São Paulo,3550308,True,,34025,,,-23.4859365,-46.725919,,,,2,2023-06-20T11:57:25+00:00
SAO_8007-10,São Paulo,3550308,True,,34025,,,-23.4754595,-46.756460000000004,,,,2,2023-06-20T11:57:15+00:00
SAO_5103-10,São Paulo,3550308,True,,1646,,,-23.599708999999997,-46.6318205,,,,1,2023-06-20T11:57:30+00:00
SAO_5103-10,São Paulo,3550308,True,,1646,,,-23.610416875,-46.66405125,,,,1,2023-06-20T11:57:34+00:00
SAO_5103-10,São Paulo,3550308,True,,1646,,,-23.6032445,-46.602611499999995,,,,1,2023-06-20T11:57:13+00:00
SAO_5103-10,São Paulo,3550308,True,,1646,,,-23.6032445,-46.602611499999995,,,,1,2023-06-20T11:57:32+00:00
SAO_917M-31,São Paulo,3550308,True,,1367,,,-23.521003,-46.668231,,,,1,2023-06-20T11:57:28+00:00
SAO_917M-31,São Paulo,3550308,True,,1367,,,-23.575677,-46.641495,,,,1,2023-06-20T11:56:59+00:00
SAO_273R-10,São Paulo,3550308,True,EMTU,226,https://moovitapp.com/index/pt-br/transporte_p%C3%BAblico-line-226-Sao_Paulo-242-2038937-36419343-0,5.05,-23.5134295,-46.444222499999995,,,,1,2023-06-20T11:57:37+00:00
SAO_273R-10,São Paulo,3550308,True,EMTU,226,https://moovitapp.com/index/pt-br/transporte_p%C3%BAblico-line-226-Sao_Paulo-242-2038937-36419343-0,5.05,-23.531156000000003,-46.473783,,,,1,2023-06-20T11:57:25+00:00
SAO_273R-10,São Paulo,3550308,True,EMTU,226,https://moovitapp.com/index/pt-br/transporte_p%C3%BAblico-line-226-Sao_Paulo-242-2038937-36419343-0,5.05,-23.516734,-46.418962,,,,1,2023-06-20T11:57:07+00:00
SAO_271P-10,São Paulo,3550308,True,,704,,,-23.5069825,-46.5329195,,,,1,2023-06-20T11:57:27+00:00
SAO_271P-10,São Paulo,3550308,True,,704,,,-23.533912,-46.566791499999994,,,,1,2023-06-20T11:57:15+00:00
SAO_271P-10,São Paulo,3550308,True,,704,,,-23.525634,-46.61856,,,,1,2023-06-20T11:55:02+00:00
SAO_7053-10,São Paulo,3550308,True,,34655,,,-23.653941000000003,-46.78870825,,,,2,2023-06-20T11:57:31+00:00
SAO_7053-10,São Paulo,3550308,True,,34655,,,-23.653941000000003,-46.78870825,,,,2,2023-06-20T11:57:21+00:00
SAO_7053-10,São Paulo,3550308,True,,34655,,,-23.653429000000003,-46.7917365,,,,2,2023-06-20T11:57:39+00:00
SAO_7053-10,São Paulo,3550308,True,,34655,,,-23.6361275,-46.777404,,,,2,2023-06-20T11:57:31+00:00
SAO_7053-10,São Paulo,3550308,True,,34655,,,-23.653941000000003,-46.78870825,,,,2,2023-06-20T11:57:26+00:00
SAO_7053-10,São Paulo,3550308,True,,34655,,,-23.653941000000003,-46.78870825,,,,2,2023-06-20T11:57:33+00:00
SAO_1758-10,São Paulo,3550308,True,EMTU,552,https://moovitapp.com/index/pt-br/transporte_p%C3%BAblico-line-552-Sao_Paulo-242-2038937-36419556-0,6.8,-23.49238875,-46.626027,,,,1,2023-06-20T11:57:36+00:00
SAO_1758-10,São Paulo,3550308,True,EMTU,552,https://moovitapp.com/index/pt-br/transporte_p%C3%BAblico-line-552-Sao_Paulo-242-2038937-36419556-0,6.8,-23.502784499999997,-46.6242225,,,,1,2023-06-20T11:57:01+00:00
SAO_1758-10,São Paulo,3550308,True,EMTU,552,https://moovitapp.com/index/pt-br/transporte_p%C3%BAblico-line-552-Sao_Paulo-242-2038937-36419556-0,6.8,-23.461053,-46.649478,,,,1,2023-06-20T11:56:56+00:00
SAO_6118-10,São Paulo,3550308,True,,1188,,,-23.752625000000002,-46.7028335,,,,1,2023-06-20T11:57:38+00:00
SAO_6118-10,São Paulo,3550308,True,,1188,,,-23.71101,-46.7039515,,,,1,2023-06-20T11:57:11+00:00
SAO_6118-10,São Paulo,3550308,True,,1188,,,-23.653856875,-46.71128025,,,,1,2023-06-20T11:57:13+00:00
SAO_6118-10,São Paulo,3550308,True,,1188,,,-23.731899,-46.715707,,,,1,2023-06-20T11:57:02+00:00
SAO_6118-10,São Paulo,3550308,True,,1188,,,-23.7458355,-46.70434,,,,1,2023-06-20T11:57:24+00:00
SAO_6118-10,São Paulo,3550308,True,,1188,,,-23.752625000000002,-46.7028335,,,,1,2023-06-20T11:57:02+00:00
SAO_7006-51,São Paulo,3550308,True,,34765,,,-23.6922445,-46.7772405,,,,2,2023-06-20T11:57:02+00:00
SAO_7006-51,São Paulo,3550308,True,,34765,,,-23.726395500000002,-46.786302,,,,2,2023-06-20T11:57:18+00:00
SAO_7006-51,São Paulo,3550308,True,,34765,,,-23.7488905,-46.7831885,,,,2,2023-06-20T11:57:00+00:00
SAO_7006-51,São Paulo,3550308,True,,34765,,,-23.660522999999998,-46.768356499999996,,,,2,2023-06-20T11:57:10+00:00
SAO_7006-51,São Paulo,3550308,True,,34765,,,-23.693933,-46.7796675,,,,2,2023-06-20T11:57:01+00:00
SAO_7006-51,São Paulo,3550308,True,,34765,,,-23.74723325,-46.779926,,,,2,2023-06-20T11:57:10+00:00
SAO_675L-10,São Paulo,3550308,True,,34246,,,-23.63947625,-46.696091,,,,2,2023-06-20T11:57:29+00:00
SAO_675L-10,São Paulo,3550308,True,,34246,,,-23.59815025,-46.645907750000006,,,,2,2023-06-20T11:57:25+00:00
SAO_746R-10,São Paulo,3550308,True,,33558,,,-23.6435075,-46.725114000000005,,,,2,2023-06-20T11:57:08+00:00
SAO_746R-10,São Paulo,3550308,True,,33558,,,-23.65238925,-46.70869825,,,,2,2023-06-20T11:57:08+00:00
SAO_746R-10,São Paulo,3550308,True,,33558,,,-23.61845175,-46.69627975,,,,2,2023-06-20T11:57:13+00:00
SAO_746R-10,São Paulo,3550308,True,,33558,,,-23.610664,-46.706013,,,,2,2023-06-20T11:57:05+00:00
SAO_746R-10,São Paulo,3550308,True,,33558,,,-23.61038,-46.705295500000005,,,,2,2023-06-20T11:57:01+00:00
SAO_746R-10,São Paulo,3550308,True,,33558,,,-23.6320955,-46.71560275,,,,2,2023-06-20T11:57:39+00:00
SAO_746R-10,São Paulo,3550308,True,,33558,,,-23.6104675,-46.7058285,,,,2,2023-06-20T11:57:35+00:00
SAO_746R-10,São Paulo,3550308,True,,33558,,,-23.6098715,-46.7052635,,,,2,2023-06-20T11:57:24+00:00
SAO_8022-10,São Paulo,3550308,True,,34853,,,-23.571972,-46.708549500000004,,,,2,2023-06-20T11:57:20+00:00
SAO_8022-10,São Paulo,3550308,True,,34853,,,-23.565445500000003,-46.71235625,,,,2,2023-06-20T11:57:14+00:00
SAO_5031-10,São Paulo,3550308,True,,1746,,,-23.60328075,-46.602380499999995,,,,1,2023-06-20T11:57:04+00:00
SAO_5031-10,São Paulo,3550308,True,,1746,,,-23.6273415,-46.591291999999996,,,,1,2023-06-20T11:57:39+00:00
SAO_5031-10,São Paulo,3550308,True,,1746,,,-23.605061499999998,-46.5991415,,,,1,2023-06-20T11:57:34+00:00
SAO_5031-10,São Paulo,3550308,True,,1746,,,-23.6189825,-46.59252075,,,,1,2023-06-20T11:57:29+00:00
SAO_5031-10,São Paulo,3550308,True,,1746,,,-23.624632,-46.5909915,,,,1,2023-06-20T11:57:33+00:00
SAO_5031-10,São Paulo,3550308,True,,1746,,,-23.631518999999997,-46.58502,,,,1,2023-06-20T11:57:07+00:00
SAO_5031-10,São Paulo,3550308,True,,1746,,,-23.633919,-46.5873735,,,,1,2023-06-20T11:57:32+00:00
SAO_3743-10,São Paulo,3550308,True,,33811,,,-23.564107999999997,-46.466978999999995,,,,2,2023-06-20T11:56:59+00:00
SAO_3743-10,São Paulo,3550308,True,,33811,,,-23.609576250000003,-46.4755425,,,,2,2023-06-20T11:57:28+00:00
SAO_3743-10,São Paulo,3550308,True,,33811,,,-23.609576250000003,-46.4755425,,,,2,2023-06-20T11:57:15+00:00
SAO_3743-10,São Paulo,3550308,True,,33811,,,-23.609576250000003,-46.4755425,,,,2,2023-06-20T11:57:10+00:00
SAO_975A-10,São Paulo,3550308,True,EMTU,589,https://moovitapp.com/index/pt-br/transporte_p%C3%BAblico-line-589-Sao_Paulo-242-2038937-36419576-0,5.35,-23.503732,-46.675767500000006,,,,1,2023-06-20T11:57:30+00:00
SAO_975A-10,São Paulo,3550308,True,EMTU,589,https://moovitapp.com/index/pt-br/transporte_p%C3%BAblico-line-589-Sao_Paulo-242-2038937-36419576-0,5.35,-23.53348025,-46.664964,,,,1,2023-06-20T11:57:22+00:00
SAO_975A-10,São Paulo,3550308,True,EMTU,589,https://moovitapp.com/index/pt-br/transporte_p%C3%BAblico-line-589-Sao_Paulo-242-2038937-36419576-0,5.35,-23.580931749999998,-46.63935775,,,,1,2023-06-20T11:57:20+00:00
SAO_975A-10,São Paulo,3550308,True,EMTU,589,https://moovitapp.com/index/pt-br/transporte_p%C3%BAblico-line-589-Sao_Paulo-242-2038937-36419576-0,5.35,-23.4690525,-46.696217000000004,,,,1,2023-06-20T11:57:29+00:00
SAO_975A-10,São Paulo,3550308,True,EMTU,589,https://moovitapp.com/index/pt-br/transporte_p%C3%BAblico-line-589-Sao_Paulo-242-2038937-36419576-0,5.35,-23.482545875,-46.688559874999996,,,,1,2023-06-20T11:57:11+00:00
SAO_9006-10,São Paulo,3550308,True,,874,,,-23.471754500000003,-46.683178,,,,1,2023-06-20T11:57:37+00:00
SAO_9006-10,São Paulo,3550308,True,,874,,,-23.4667295,-46.690101999999996,,,,1,2023-06-20T11:57:00+00:00
SAO_778J-41,São Paulo,3550308,True,,1486,,,-23.5485585,-46.67691,,,,1,2023-06-20T11:57:10+00:00
SAO_778J-41,São Paulo,3550308,True,,1486,,,-23.5306085,-46.677198000000004,,,,1,2023-06-20T11:57:05+00:00
SAO_778J-41,São Paulo,3550308,True,,1486,,,-23.578753000000003,-46.7275485,,,,1,2023-06-20T11:57:27+00:00
SAO_778J-41,São Paulo,3550308,True,,1486,,,-23.591166,-46.7983395,,,,1,2023-06-20T11:57:16+00:00
SAO_172J-10,São Paulo,3550308,True,,856,,,-23.51919025,-46.59044775,,,,1,2023-06-20T11:56:45+00:00
SAO_172J-10,São Paulo,3550308,True,,856,,,-23.497451,-46.574927875,,,,1,2023-06-20T11:57:27+00:00
SAO_172J-10,São Paulo,3550308,True,,856,,,-23.4797715,-46.568705,,,,1,2023-06-20T11:56:18+00:00
SAO_172J-10,São Paulo,3550308,True,,856,,,-23.4797715,-46.568705,,,,1,2023-06-20T11:57:33+00:00
SAO_172J-10,São Paulo,3550308,True,,856,,,-23.5399505,-46.576659,,,,1,2023-06-20T11:57:31+00:00
SAO_172J-10,São Paulo,3550308,True,,856,,,-23.505252,-46.5767565,,,,1,2023-06-20T11:57:25+00:00
SAO_172J-10,São Paulo,3550308,True,,856,,,-23.5288675,-46.5981415,,,,1,2023-06-20T11:56:27+00:00
SAO_172J-10,São Paulo,3550308,True,,856,,,-23.53920575,-46.575556999999996,,,,1,2023-06-20T11:57:28+00:00
SAO_172J-10,São Paulo,3550308,True,,856,,,-23.513305250000002,-46.585824625,,,,1,2023-06-20T11:57:24+00:00
SAO_172J-10,São Paulo,3550308,True,,856,,,-23.4797715,-46.568705,,,,1,2023-06-20T11:57:31+00:00
SAO_9300-10,São Paulo,3550308,True,EMTU,116,https://moovitapp.com/index/pt-br/transporte_p%C3%BAblico-line-116-Sao_Paulo-242-2038937-36419276-0,12.1,-23.4999285,-46.664607000000004,,,,1,2023-06-20T11:56:59+00:00
SAO_9300-10,São Paulo,3550308,True,EMTU,116,https://moovitapp.com/index/pt-br/transporte_p%C3%BAblico-line-116-Sao_Paulo-242-2038937-36419276-0,12.1,-23.5231116875,-46.6514318125,,,,1,2023-06-20T11:57:31+00:00
SAO_9300-10,São Paulo,3550308,True,EMTU,116,https://moovitapp.com/index/pt-br/transporte_p%C3%BAblico-line-116-Sao_Paulo-242-2038937-36419276-0,12.1,-23.552075125,-46.638759625,,,,1,2023-06-20T11:57:09+00:00
SAO_9300-10,São Paulo,3550308,True,EMTU,116,https://moovitapp.com/index/pt-br/transporte_p%C3%BAblico-line-116-Sao_Paulo-242-2038937-36419276-0,12.1,-23.546565,-46.630926,,,,1,2023-06-20T11:57:19+00:00
SAO_9300-10,São Paulo,3550308,True,EMTU,116,https://moovitapp.com/index/pt-br/transporte_p%C3%BAblico-line-116-Sao_Paulo-242-2038937-36419276-0,12.1,-23.54737275,-46.642726249999996,,,,1,2023-06-20T11:57:19+00:00
SAO_8677-10,São Paulo,3550308,True,EMTU,443,https://moovitapp.com/index/pt-br/transporte_p%C3%BAblico-line-443-Sao_Paulo-242-2038937-36419491-0,5.4,-23.5434195,-46.638258500000006,,,,1,2023-06-20T11:57:12+00:00
SAO_8677-10,São Paulo,3550308,True,EMTU,443,https://moovitapp.com/index/pt-br/transporte_p%C3%BAblico-line-443-Sao_Paulo-242-2038937-36419491-0,5.4,-23.5249765,-46.69043675,,,,1,2023-06-20T11:57:16+00:00
SAO_8677-10,São Paulo,3550308,True,EMTU,443,https://moovitapp.com/index/pt-br/transporte_p%C3%BAblico-line-443-Sao_Paulo-242-2038937-36419491-0,5.4,-23.487004,-46.74819775,,,,1,2023-06-20T11:57:19+00:00
SAO_8677-10,São Paulo,3550308,True,EMTU,443,https://moovitapp.com/index/pt-br/transporte_p%C3%BAblico-line-443-Sao_Paulo-242-2038937-36419491-0,5.4,-23.498483999999998,-46.747794,,,,1,2023-06-20T11:57:29+00:00
SAO_8677-10,São Paulo,3550308,True,EMTU,443,https://moovitapp.com/index/pt-br/transporte_p%C3%BAblico-line-443-Sao_Paulo-242-2038937-36419491-0,5.4,-23.48042225,-46.763477,,,,1,2023-06-20T11:57:31+00:00
SAO_8677-10,São Paulo,3550308,True,EMTU,443,https://moovitapp.com/index/pt-br/transporte_p%C3%BAblico-line-443-Sao_Paulo-242-2038937-36419491-0,5.4,-23.5244485,-46.7062465,,,,1,2023-06-20T11:57:07+00:00
SAO_8677-10,São Paulo,3550308,True,EMTU,443,https://moovitapp.com/index/pt-br/transporte_p%C3%BAblico-line-443-Sao_Paulo-242-2038937-36419491-0,5.4,-23.5321435,-46.6618385,,,,1,2023-06-20T11:57:29+00:00
SAO_8677-10,São Paulo,3550308,True,EMTU,443,https://moovitapp.com/index/pt-br/transporte_p%C3%BAblico-line-443-Sao_Paulo-242-2038937-36419491-0,5.4,-23.491042,-46.7575555,,,,1,2023-06-20T11:57:35+00:00
SAO_695T-10,São Paulo,3550308,True,,34090,,,-23.600558375,-46.659465,,,,2,2023-06-20T11:57:15+00:00
SAO_695T-10,São Paulo,3550308,True,,34090,,,-23.654660999999997,-46.7609705,,,,2,2023-06-20T11:57:30+00:00
SAO_695T-10,São Paulo,3550308,True,,34090,,,-23.642334499999997,-46.740688000000006,,,,2,2023-06-20T11:57:13+00:00
SAO_695T-10,São Paulo,3550308,True,,34090,,,-23.62440625,-46.6818555,,,,2,2023-06-20T11:57:23+00:00
SAO_695T-10,São Paulo,3550308,True,,34090,,,-23.654127000000003,-46.762448000000006,,,,2,2023-06-20T11:57:26+00:00
SAO_172U-10,São Paulo,3550308,True,,33628,,,-23.535161,-46.62126825,,,,2,2023-06-20T11:57:06+00:00
SAO_172U-10,São Paulo,3550308,True,,33628,,,-23.443562,-46.5900395,,,,2,2023-06-20T11:57:38+00:00
SAO_172U-10,São Paulo,3550308,True,,33628,,,-23.53582375,-46.617779,,,,2,2023-06-20T11:57:34+00:00
SAO_172U-10,São Paulo,3550308,True,,33628,,,-23.439743,-46.5759015,,,,2,2023-06-20T11:57:13+00:00
SAO_172U-10,São Paulo,3550308,True,,33628,,,-23.43716675,-46.56625975,,,,2,2023-06-20T11:57:21+00:00
SAO_172U-10,São Paulo,3550308,True,,33628,,,-23.544821874999997,-46.605233375,,,,2,2023-06-20T11:57:24+00:00
SAO_172U-10,São Paulo,3550308,True,,33628,,,-23.43716675,-46.56625975,,,,2,2023-06-20T11:57:05+00:00
SAO_172U-10,São Paulo,3550308,True,,33628,,,-23.43716675,-46.56625975,,,,2,2023-06-20T11:57:38+00:00
SAO_172U-10,São Paulo,3550308,True,,33628,,,-23.537360749999998,-46.61769325,,,,2,2023-06-20T11:57:38+00:00
SAO_971R-10,São Paulo,3550308,True,,33382,,,-23.437822,-46.728558500000005,,,,2,2023-06-20T11:57:20+00:00
SAO_971R-10,São Paulo,3550308,True,,33382,,,-23.473861499999998,-46.667732,,,,2,2023-06-20T11:57:32+00:00
SAO_971R-10,São Paulo,3550308,True,,33382,,,-23.4354025,-46.716119,,,,2,2023-06-20T11:57:01+00:00
SAO_971R-10,São Paulo,3550308,True,,33382,,,-23.5009454375,-46.63501975,,,,2,2023-06-20T11:57:02+00:00
SAO_971R-10,São Paulo,3550308,True,,33382,,,-23.4536595,-46.737358,,,,2,2023-06-20T11:57:06+00:00
SAO_971R-10,São Paulo,3550308,True,,33382,,,-23.4535625,-46.698862000000005,,,,2,2023-06-20T11:57:36+00:00
SAO_971R-10,São Paulo,3550308,True,,33382,,,-23.453908499999997,-46.7375045,,,,2,2023-06-20T11:57:09+00:00
SAO_971R-10,São Paulo,3550308,True,,33382,,,-23.437568,-46.728502,,,,2,2023-06-20T11:57:37+00:00
SAO_2626-10,São Paulo,3550308,True,EMTU,376,https://moovitapp.com/index/pt-br/transporte_p%C3%BAblico-line-376-Sao_Paulo-242-2038937-114744732-0,5.1,-23.522248375,-46.40594625,,,,1,2023-06-20T11:57:23+00:00
SAO_2626-10,São Paulo,3550308,True,EMTU,376,https://moovitapp.com/index/pt-br/transporte_p%C3%BAblico-line-376-Sao_Paulo-242-2038937-114744732-0,5.1,-23.52266725,-46.540957,,,,1,2023-06-20T11:57:16+00:00
SAO_2626-10,São Paulo,3550308,True,EMTU,376,https://moovitapp.com/index/pt-br/transporte_p%C3%BAblico-line-376-Sao_Paulo-242-2038937-114744732-0,5.1,-23.531905000000002,-46.56037025,,,,1,2023-06-20T11:56:22+00:00
SAO_2626-10,São Paulo,3550308,True,EMTU,376,https://moovitapp.com/index/pt-br/transporte_p%C3%BAblico-line-376-Sao_Paulo-242-2038937-114744732-0,5.1,-23.494686,-46.427058,,,,1,2023-06-20T11:57:34+00:00
SAO_2626-10,São Paulo,3550308,True,EMTU,376,https://moovitapp.com/index/pt-br/transporte_p%C3%BAblico-line-376-Sao_Paulo-242-2038937-114744732-0,5.1,-23.507192500000002,-46.41142000000001,,,,1,2023-06-20T11:57:10+00:00
SAO_2626-10,São Paulo,3550308,True,EMTU,376,https://moovitapp.com/index/pt-br/transporte_p%C3%BAblico-line-376-Sao_Paulo-242-2038937-114744732-0,5.1,-23.54209775,-46.61522575,,,,1,2023-06-20T11:57:08+00:00
SAO_2626-10,São Paulo,3550308,True,EMTU,376,https://moovitapp.com/index/pt-br/transporte_p%C3%BAblico-line-376-Sao_Paulo-242-2038937-114744732-0,5.1,-23.50355625,-46.4722235,,,,1,2023-06-20T11:57:16+00:00
SAO_2626-10,São Paulo,3550308,True,EMTU,376,https://moovitapp.com/index/pt-br/transporte_p%C3%BAblico-line-376-Sao_Paulo-242-2038937-114744732-0,5.1,-23.511128,-46.509549,,,,1,2023-06-20T11:56:56+00:00
SAO_6073-10,São Paulo,3550308,True,,1160,,,-23.7934825,-46.729563999999996,,,,1,2023-06-20T11:57:10+00:00
SAO_6073-10,São Paulo,3550308,True,,1160,,,-23.7721665,-46.7195685,,,,1,2023-06-20T11:57:11+00:00
SAO_6073-10,São Paulo,3550308,True,,1160,,,-23.8415795,-46.718379,,,,1,2023-06-20T11:57:38+00:00
SAO_208V-10,São Paulo,3550308,True,Rápido Campinas,207,https://moovitapp.com/index/pt-br/transporte_p%C3%BAblico-line-207-Sao_Paulo-242-858660-638984-0,5.3,-23.517753,-46.475941500000005,,,,1,2023-06-20T11:57:26+00:00
SAO_208V-10,São Paulo,3550308,True,Rápido Campinas,207,https://moovitapp.com/index/pt-br/transporte_p%C3%BAblico-line-207-Sao_Paulo-242-858660-638984-0,5.3,-23.517753,-46.475941500000005,,,,1,2023-06-20T11:57:03+00:00
SAO_208V-10,São Paulo,3550308,True,Rápido Campinas,207,https://moovitapp.com/index/pt-br/transporte_p%C3%BAblico-line-207-Sao_Paulo-242-858660-638984-0,5.3,-23.521616,-46.529561,,,,1,2023-06-20T11:56:55+00:00
SAO_208V-10,São Paulo,3550308,True,Rápido Campinas,207,https://moovitapp.com/index/pt-br/transporte_p%C3%BAblico-line-207-Sao_Paulo-242-858660-638984-0,5.3,-23.517753,-46.475941500000005,,,,1,2023-06-20T11:57:24+00:00
SAO_208V-10,São Paulo,3550308,True,Rápido Campinas,207,https://moovitapp.com/index/pt-br/transporte_p%C3%BAblico-line-207-Sao_Paulo-242-858660-638984-0,5.3,-23.5145765,-46.5196935,,,,1,2023-06-20T11:57:25+00:00
SAO_208V-10,São Paulo,3550308,True,Rápido Campinas,207,https://moovitapp.com/index/pt-br/transporte_p%C3%BAblico-line-207-Sao_Paulo-242-858660-638984-0,5.3,-23.5378095,-46.597246375,,,,1,2023-06-20T11:57:17+00:00
SAO_208V-10,São Paulo,3550308,True,Rápido Campinas,207,https://moovitapp.com/index/pt-br/transporte_p%C3%BAblico-line-207-Sao_Paulo-242-858660-638984-0,5.3,-23.517753,-46.475941500000005,,,,1,2023-06-20T11:57:04+00:00
SAO_208V-10,São Paulo,3550308,True,Rápido Campinas,207,https://moovitapp.com/index/pt-br/transporte_p%C3%BAblico-line-207-Sao_Paulo-242-858660-638984-0,5.3,-23.529572,-46.553709999999995,,,,1,2023-06-20T11:57:16+00:00
SAO_208V-10,São Paulo,3550308,True,Rápido Campinas,207,https://moovitapp.com/index/pt-br/transporte_p%C3%BAblico-line-207-Sao_Paulo-242-858660-638984-0,5.3,-23.515555499999998,-46.4851265,,,,1,2023-06-20T11:55:34+00:00
SAO_208V-10,São Paulo,3550308,True,Rápido Campinas,207,https://moovitapp.com/index/pt-br/transporte_p%C3%BAblico-line-207-Sao_Paulo-242-858660-638984-0,5.3,-23.517753,-46.475941500000005,,,,1,2023-06-20T11:57:23+00:00
SAO_208V-10,São Paulo,3550308,True,Rápido Campinas,207,https://moovitapp.com/index/pt-br/transporte_p%C3%BAblico-line-207-Sao_Paulo-242-858660-638984-0,5.3,-23.547219,-46.6295935,,,,1,2023-06-20T11:57:08+00:00
SAO_208V-10,São Paulo,3550308,True,Rápido Campinas,207,https://moovitapp.com/index/pt-br/transporte_p%C3%BAblico-line-207-Sao_Paulo-242-858660-638984-0,5.3,-23.517753,-46.475941500000005,,,,1,2023-06-20T11:56:58+00:00
SAO_208V-10,São Paulo,3550308,True,Rápido Campinas,207,https://moovitapp.com/index/pt-br/transporte_p%C3%BAblico-line-207-Sao_Paulo-242-858660-638984-0,5.3,-23.539786,-46.610667,,,,1,2023-06-20T11:57:23+00:00
SAO_5015-10,São Paulo,3550308,True,,1119,,,-23.690604999999998,-46.660711500000005,,,,1,2023-06-20T11:57:23+00:00
SAO_5015-10,São Paulo,3550308,True,,1119,,,-23.6924525,-46.659774999999996,,,,1,2023-06-20T11:57:34+00:00
SAO_5015-10,São Paulo,3550308,True,,1119,,,-23.676444,-46.6418475,,,,1,2023-06-20T11:57:08+00:00
SAO_5015-10,São Paulo,3550308,True,,1119,,,-23.68056525,-46.654345250000006,,,,1,2023-06-20T11:57:26+00:00
SAO_5015-10,São Paulo,3550308,True,,1119,,,-23.685632,-46.6640105,,,,1,2023-06-20T11:57:09+00:00
SAO_5015-10,São Paulo,3550308,True,,1119,,,-23.669511,-46.636536,,,,1,2023-06-20T11:57:30+00:00
SAO_5015-10,São Paulo,3550308,True,,1119,,,-23.6465645,-46.6404195,,,,1,2023-06-20T11:57:24+00:00
SAO_2582-10,São Paulo,3550308,True,,33142,,,-23.5429045,-46.61651275,,,,2,2023-06-20T11:57:22+00:00
SAO_2582-10,São Paulo,3550308,True,,33142,,,-23.51908225,-46.42337275,,,,2,2023-06-20T11:57:01+00:00
SAO_2582-10,São Paulo,3550308,True,,33142,,,-23.4920145,-46.4795125,,,,2,2023-06-20T11:57:30+00:00
SAO_2582-10,São Paulo,3550308,True,,33142,,,-23.51908225,-46.42337275,,,,2,2023-06-20T11:57:25+00:00
SAO_2582-10,São Paulo,3550308,True,,33142,,,-23.503480874999997,-46.536522375,,,,2,2023-06-20T11:56:15+00:00
SAO_3004-10,São Paulo,3550308,True,,34566,,,-23.481709,-46.410979999999995,,,,2,2023-06-20T11:57:36+00:00
SAO_3004-10,São Paulo,3550308,True,,34566,,,-23.479201250000003,-46.42118275,,,,2,2023-06-20T11:57:36+00:00
SAO_675K-10,São Paulo,3550308,True,,32966,,,-23.62885825,-46.686011500000006,,,,2,2023-06-20T11:57:14+00:00
SAO_675K-10,São Paulo,3550308,True,,32966,,,-23.66945775,-46.736089750000005,,,,2,2023-06-20T11:57:13+00:00
SAO_675K-10,São Paulo,3550308,True,,32966,,,-23.6834805,-46.7695615,,,,2,2023-06-20T11:57:32+00:00
SAO_675K-10,São Paulo,3550308,True,,32966,,,-23.60336625,-46.6620935,,,,2,2023-06-20T11:57:37+00:00
SAO_675K-10,São Paulo,3550308,True,,32966,,,-23.6675375,-46.730432,,,,2,2023-06-20T11:57:06+00:00
SAO_675K-10,São Paulo,3550308,True,,32966,,,-23.689947,-46.7740025,,,,2,2023-06-20T11:57:19+00:00
SAO_675K-10,São Paulo,3550308,True,,32966,,,-23.668899500000002,-46.734364,,,,2,2023-06-20T11:57:33+00:00
SAO_476G-10,São Paulo,3550308,True,,1111,,,-23.609308,-46.519349250000005,,,,1,2023-06-20T11:56:58+00:00
SAO_476G-10,São Paulo,3550308,True,,1111,,,-23.585515,-46.618656,,,,1,2023-06-20T11:57:28+00:00
SAO_476G-10,São Paulo,3550308,True,,1111,,,-23.597714500000002,-46.5606205,,,,1,2023-06-20T11:56:55+00:00
SAO_476G-10,São Paulo,3550308,True,,1111,,,-23.6143955,-46.504852,,,,1,2023-06-20T11:56:59+00:00
SAO_476G-10,São Paulo,3550308,True,,1111,,,-23.5923115,-46.64702,,,,1,2023-06-20T11:57:07+00:00
SAO_476G-10,São Paulo,3550308,True,,1111,,,-23.61700175,-46.512423749999996,,,,1,2023-06-20T11:57:34+00:00
SAO_476G-10,São Paulo,3550308,True,,1111,,,-23.6143955,-46.504852,,,,1,2023-06-20T11:57:02+00:00
SAO_8200-10,São Paulo,3550308,True,,1263,,,-23.492476500000002,-46.715322,,,,1,2023-06-20T11:57:32+00:00
SAO_8200-10,São Paulo,3550308,True,,1263,,,-23.486106499999998,-46.726086499999994,,,,1,2023-06-20T11:57:37+00:00
SAO_819A-10,São Paulo,3550308,True,Rápido Campinas,803,https://moovitapp.com/index/pt-br/transporte_p%C3%BAblico-line-803-Sao_Paulo-242-858660-544941-0,5.3,-23.472089625,-46.673646500000004,,,,1,2023-06-20T11:57:27+00:00
SAO_819A-10,São Paulo,3550308,True,Rápido Campinas,803,https://moovitapp.com/index/pt-br/transporte_p%C3%BAblico-line-803-Sao_Paulo-242-858660-544941-0,5.3,-23.473908,-46.670291,,,,1,2023-06-20T11:57:01+00:00
SAO_819A-10,São Paulo,3550308,True,Rápido Campinas,803,https://moovitapp.com/index/pt-br/transporte_p%C3%BAblico-line-803-Sao_Paulo-242-858660-544941-0,5.3,-23.4425135,-46.735012,,,,1,2023-06-20T11:57:33+00:00
SAO_819A-10,São Paulo,3550308,True,Rápido Campinas,803,https://moovitapp.com/index/pt-br/transporte_p%C3%BAblico-line-803-Sao_Paulo-242-858660-544941-0,5.3,-23.4351795,-46.717514,,,,1,2023-06-20T11:56:55+00:00
SAO_819A-10,São Paulo,3550308,True,Rápido Campinas,803,https://moovitapp.com/index/pt-br/transporte_p%C3%BAblico-line-803-Sao_Paulo-242-858660-544941-0,5.3,-23.43443,-46.7510335,,,,1,2023-06-20T11:57:28+00:00
SAO_819A-10,São Paulo,3550308,True,Rápido Campinas,803,https://moovitapp.com/index/pt-br/transporte_p%C3%BAblico-line-803-Sao_Paulo-242-858660-544941-0,5.3,-23.4533255,-46.697728,,,,1,2023-06-20T11:57:13+00:00
SAO_819A-10,São Paulo,3550308,True,Rápido Campinas,803,https://moovitapp.com/index/pt-br/transporte_p%C3%BAblico-line-803-Sao_Paulo-242-858660-544941-0,5.3,-23.447053,-46.703365,,,,1,2023-06-20T11:57:01+00:00
SAO_819A-10,São Paulo,3550308,True,Rápido Campinas,803,https://moovitapp.com/index/pt-br/transporte_p%C3%BAblico-line-803-Sao_Paulo-242-858660-544941-0,5.3,-23.474617249999998,-46.66626375,,,,1,2023-06-20T11:57:28+00:00
SAO_819A-10,São Paulo,3550308,True,Rápido Campinas,803,https://moovitapp.com/index/pt-br/transporte_p%C3%BAblico-line-803-Sao_Paulo-242-858660-544941-0,5.3,-23.48479775,-46.67451975,,,,1,2023-06-20T11:57:08+00:00
SAO_819A-10,São Paulo,3550308,True,Rápido Campinas,803,https://moovitapp.com/index/pt-br/transporte_p%C3%BAblico-line-803-Sao_Paulo-242-858660-544941-0,5.3,-23.453236250000003,-46.737245,,,,1,2023-06-20T11:57:21+00:00
SAO_6063-41,São Paulo,3550308,True,,1773,,,-23.767299,-46.716265,,,,1,2023-06-20T11:57:38+00:00
SAO_6063-41,São Paulo,3550308,True,,1773,,,-23.7874455,-46.6824455,,,,1,2023-06-20T11:56:56+00:00
SAO_809D-10,São Paulo,3550308,True,,2068,,,-23.577104499999997,-46.7225035,,,,1,2023-06-20T11:57:39+00:00
SAO_809D-10,São Paulo,3550308,True,,2068,,,-23.5944625,-46.786765,,,,1,2023-06-20T11:57:38+00:00
SAO_809D-10,São Paulo,3550308,True,,2068,,,-23.603227500000003,-46.7807495,,,,1,2023-06-20T11:57:11+00:00
SAO_8000-1,São Paulo,3550308,True,,2506,,,-23.527603499999998,-46.6716715,,,,1,2023-06-20T11:57:36+00:00
SAO_8000-1,São Paulo,3550308,True,,2506,,,-23.547649,-46.641011500000005,,,,1,2023-06-20T11:57:02+00:00
SAO_8000-1,São Paulo,3550308,True,,2506,,,-23.52490925,-46.6994055,,,,1,2023-06-20T11:57:20+00:00
SAO_8000-1,São Paulo,3550308,True,,2506,,,-23.520449499999998,-46.6996115,,,,1,2023-06-20T11:57:17+00:00
SAO_8000-1,São Paulo,3550308,True,,2506,,,-23.534230875000002,-46.654912749999994,,,,1,2023-06-20T11:57:26+00:00
SAO_978T-10,São Paulo,3550308,True,,889,,,-23.4608575,-46.687422,,,,1,2023-06-20T11:57:10+00:00
SAO_978T-10,São Paulo,3550308,True,,889,,,-23.52392125,-46.696473999999995,,,,1,2023-06-20T11:56:57+00:00
SAO_978T-10,São Paulo,3550308,True,,889,,,-23.49368775,-46.69702875,,,,1,2023-06-20T11:57:28+00:00
SAO_978T-10,São Paulo,3550308,True,,889,,,-23.460771,-46.6948345,,,,1,2023-06-20T11:57:04+00:00
SAO_978T-10,São Paulo,3550308,True,,889,,,-23.4608575,-46.687422,,,,1,2023-06-20T11:57:14+00:00
SAO_978T-10,São Paulo,3550308,True,,889,,,-23.4608575,-46.687422,,,,1,2023-06-20T11:57:12+00:00
SAO_978T-10,São Paulo,3550308,True,,889,,,-23.4675385,-46.6980035,,,,1,2023-06-20T11:57:01+00:00
SAO_978T-10,São Paulo,3550308,True,,889,,,-23.4855085,-46.6919575,,,,1,2023-06-20T11:57:03+00:00
SAO_978T-10,São Paulo,3550308,True,,889,,,-23.506587875,-46.68920250000001,,,,1,2023-06-20T11:57:25+00:00
SAO_978T-10,São Paulo,3550308,True,,889,,,-23.4595325,-46.6976875,,,,1,2023-06-20T11:57:32+00:00
SAO_978T-10,São Paulo,3550308,True,,889,,,-23.4608575,-46.687422,,,,1,2023-06-20T11:57:03+00:00
SAO_978T-10,São Paulo,3550308,True,,889,,,-23.526591000000003,-46.668301,,,,1,2023-06-20T11:57:16+00:00
SAO_119C-10,São Paulo,3550308,True,,33429,,,-23.530849,-46.6240815,,,,2,2023-06-20T11:56:58+00:00
SAO_119C-10,São Paulo,3550308,True,,33429,,,-23.487852,-46.5743735,,,,2,2023-06-20T11:57:17+00:00
SAO_6021-10,São Paulo,3550308,True,EMTU,177,https://moovitapp.com/index/pt-br/transporte_p%C3%BAblico-line-177-Sao_Paulo-242-2038937-36419313-0,5.2,-23.7965515,-46.742614,,,,1,2023-06-20T11:57:33+00:00
SAO_6021-10,São Paulo,3550308,True,EMTU,177,https://moovitapp.com/index/pt-br/transporte_p%C3%BAblico-line-177-Sao_Paulo-242-2038937-36419313-0,5.2,-23.7934825,-46.729563999999996,,,,1,2023-06-20T11:57:38+00:00
SAO_6021-10,São Paulo,3550308,True,EMTU,177,https://moovitapp.com/index/pt-br/transporte_p%C3%BAblico-line-177-Sao_Paulo-242-2038937-36419313-0,5.2,-23.7668205,-46.716344500000005,,,,1,2023-06-20T11:57:22+00:00
SAO_6021-10,São Paulo,3550308,True,EMTU,177,https://moovitapp.com/index/pt-br/transporte_p%C3%BAblico-line-177-Sao_Paulo-242-2038937-36419313-0,5.2,-23.7671525,-46.716142500000004,,,,1,2023-06-20T11:57:34+00:00
SAO_5632-10,São Paulo,3550308,True,,81,,,-23.7375215,-46.709300999999996,,,,1,2023-06-20T11:57:24+00:00
SAO_5632-10,São Paulo,3550308,True,,81,,,-23.694004999999997,-46.7147645,,,,1,2023-06-20T11:57:21+00:00
SAO_5632-10,São Paulo,3550308,True,,81,,,-23.621646749999996,-46.679124,,,,1,2023-06-20T11:57:21+00:00
SAO_5632-10,São Paulo,3550308,True,,81,,,-23.7375215,-46.709300999999996,,,,1,2023-06-20T11:57:38+00:00
SAO_5632-10,São Paulo,3550308,True,,81,,,-23.557504625,-46.63795987499999,,,,1,2023-06-20T11:57:29+00:00
SAO_5632-10,São Paulo,3550308,True,,81,,,-23.7305365,-46.704445,,,,1,2023-06-20T11:57:04+00:00
SAO_233A-10,São Paulo,3550308,True,,33017,,,-23.533254499999998,-46.479119499999996,,,,2,2023-06-20T11:52:21+00:00
SAO_233A-10,São Paulo,3550308,True,,33017,,,-23.5277485,-46.446977000000004,,,,2,2023-06-20T11:57:12+00:00
SAO_233A-10,São Paulo,3550308,True,,33017,,,-23.479059749999998,-46.42096825,,,,2,2023-06-20T11:57:25+00:00
SAO_233A-10,São Paulo,3550308,True,,33017,,,-23.478868,-46.420681,,,,2,2023-06-20T11:57:18+00:00
SAO_233A-10,São Paulo,3550308,True,,33017,,,-23.4997725,-46.4424485,,,,2,2023-06-20T11:57:35+00:00
SAO_6403-10,São Paulo,3550308,True,,58,,,-23.60664225,-46.696982000000006,,,,1,2023-06-20T11:57:05+00:00
SAO_6403-10,São Paulo,3550308,True,,58,,,-23.552446500000002,-46.633326,,,,1,2023-06-20T11:57:04+00:00
SAO_6403-10,São Paulo,3550308,True,,58,,,-23.62874625,-46.71248925,,,,1,2023-06-20T11:56:56+00:00
SAO_273N-10,São Paulo,3550308,True,EMTU,390,https://moovitapp.com/index/pt-br/transporte_p%C3%BAblico-line-390-Sao_Paulo-242-2038937-36419459-0,5.45,-23.494897375,-46.408320125,,,,1,2023-06-20T11:57:16+00:00
SAO_273N-10,São Paulo,3550308,True,EMTU,390,https://moovitapp.com/index/pt-br/transporte_p%C3%BAblico-line-390-Sao_Paulo-242-2038937-36419459-0,5.45,-23.506482499999997,-46.376554,,,,1,2023-06-20T11:57:04+00:00
SAO_273N-10,São Paulo,3550308,True,EMTU,390,https://moovitapp.com/index/pt-br/transporte_p%C3%BAblico-line-390-Sao_Paulo-242-2038937-36419459-0,5.45,-23.516682250000002,-46.521797,,,,1,2023-06-20T11:57:19+00:00
SAO_273N-10,São Paulo,3550308,True,EMTU,390,https://moovitapp.com/index/pt-br/transporte_p%C3%BAblico-line-390-Sao_Paulo-242-2038937-36419459-0,5.45,-23.504487,-46.368904625,,,,1,2023-06-20T11:57:29+00:00
SAO_856R-10,São Paulo,3550308,True,,1428,,,-23.524847625,-46.689755125,,,,1,2023-06-20T11:57:35+00:00
SAO_856R-10,São Paulo,3550308,True,,1428,,,-23.549327499999997,-46.6802985,,,,1,2023-06-20T11:57:10+00:00
SAO_856R-10,São Paulo,3550308,True,,1428,,,-23.669694,-46.71912525,,,,1,2023-06-20T11:57:10+00:00
SAO_856R-10,São Paulo,3550308,True,,1428,,,-23.593270625,-46.67295975,,,,1,2023-06-20T11:57:38+00:00
SAO_856R-10,São Paulo,3550308,True,,1428,,,-23.621991,-46.6843605,,,,1,2023-06-20T11:57:30+00:00
SAO_856R-10,São Paulo,3550308,True,,1428,,,-23.521862,-46.6976475,,,,1,2023-06-20T11:56:57+00:00
SAO_856R-10,São Paulo,3550308,True,,1428,,,-23.565805249999997,-46.69463625,,,,1,2023-06-20T11:57:33+00:00
SAO_5018-31,São Paulo,3550308,True,,34629,,,-23.658680500000003,-46.643862,,,,2,2023-06-20T11:57:25+00:00
SAO_5018-31,São Paulo,3550308,True,,34629,,,-23.675471,-46.6729985,,,,2,2023-06-20T11:57:36+00:00
SAO_5018-31,São Paulo,3550308,True,,34629,,,-23.6797835,-46.6452125,,,,2,2023-06-20T11:57:32+00:00
SAO_390E-10,São Paulo,3550308,True,,1882,,,-23.5461575,-46.6309005,,,,1,2023-06-20T11:57:05+00:00
SAO_390E-10,São Paulo,3550308,True,,1882,,,-23.539895,-46.61106075,,,,1,2023-06-20T11:57:22+00:00
SAO_390E-10,São Paulo,3550308,True,,1882,,,-23.54102225,-46.613502249999996,,,,1,2023-06-20T11:57:16+00:00
SAO_390E-10,São Paulo,3550308,True,,1882,,,-23.528975,-46.554253,,,,1,2023-06-20T11:57:21+00:00
SAO_107T-10,São Paulo,3550308,True,,621,,,-23.492399,-46.6179245,,,,1,2023-06-20T11:57:29+00:00
SAO_107T-10,São Paulo,3550308,True,,621,,,-23.559138,-46.661291125,,,,1,2023-06-20T11:57:07+00:00
SAO_107T-10,São Paulo,3550308,True,,621,,,-23.51812,-46.6301025,,,,1,2023-06-20T11:57:10+00:00
SAO_107T-10,São Paulo,3550308,True,,621,,,-23.524756,-46.631136999999995,,,,1,2023-06-20T11:57:03+00:00
SAO_6074-10,São Paulo,3550308,True,,1161,,,-23.7536825,-46.687567,,,,1,2023-06-20T11:57:38+00:00
SAO_6074-10,São Paulo,3550308,True,,1161,,,-23.687779,-46.696079,,,,1,2023-06-20T11:56:55+00:00
SAO_6074-10,São Paulo,3550308,True,,1161,,,-23.7144895,-46.69877675,,,,1,2023-06-20T11:56:57+00:00
SAO_6074-10,São Paulo,3550308,True,,1161,,,-23.726048,-46.6910505,,,,1,2023-06-20T11:57:20+00:00
SAO_6074-10,São Paulo,3550308,True,,1161,,,-23.756162,-46.670415000000006,,,,1,2023-06-20T11:57:26+00:00
SAO_6074-10,São Paulo,3550308,True,,1161,,,-23.7408645,-46.66757125,,,,1,2023-06-20T11:57:08+00:00
SAO_6074-10,São Paulo,3550308,True,,1161,,,-23.734681375,-46.694479375,,,,1,2023-06-20T11:57:09+00:00
SAO_6074-10,São Paulo,3550308,True,,1161,,,-23.734544,-46.664035999999996,,,,1,2023-06-20T11:57:15+00:00
SAO_6074-10,São Paulo,3550308,True,,1161,,,-23.686279,-46.693618,,,,1,2023-06-20T11:57:35+00:00
SAO_1705-10,São Paulo,3550308,True,,849,,,-23.480106,-46.604046499999995,,,,1,2023-06-20T11:57:11+00:00
SAO_1705-10,São Paulo,3550308,True,,849,,,-23.4432885,-46.589848,,,,1,2023-06-20T11:57:02+00:00
SAO_1705-10,São Paulo,3550308,True,,849,,,-23.442104999999998,-46.5884335,,,,1,2023-06-20T11:57:14+00:00
SAO_1705-10,São Paulo,3550308,True,,849,,,-23.4638295,-46.5956875,,,,1,2023-06-20T11:57:30+00:00
SAO_1705-10,São Paulo,3550308,True,,849,,,-23.445422,-46.587624,,,,1,2023-06-20T11:57:24+00:00
SAO_1705-10,São Paulo,3550308,True,,849,,,-23.434117999999998,-46.5843315,,,,1,2023-06-20T11:56:55+00:00
SAO_1705-10,São Paulo,3550308,True,,849,,,-23.4676215,-46.59732975,,,,1,2023-06-20T11:57:17+00:00
SAO_408A-10,São Paulo,3550308,True,,33534,,,-23.579829,-46.6329,,,,2,2023-06-20T11:57:32+00:00
SAO_408A-10,São Paulo,3550308,True,,33534,,,-23.545476999999998,-46.6453635,,,,2,2023-06-20T11:57:10+00:00
SAO_408A-10,São Paulo,3550308,True,,33534,,,-23.543692999999998,-46.672401,,,,2,2023-06-20T11:57:22+00:00
SAO_9008-10,São Paulo,3550308,True,,33643,,,-23.427475,-46.7146125,,,,2,2023-06-20T11:57:32+00:00
SAO_9008-10,São Paulo,3550308,True,,33643,,,-23.427988,-46.71467975,,,,2,2023-06-20T11:56:59+00:00
SAO_9008-10,São Paulo,3550308,True,,33643,,,-23.427988,-46.71467975,,,,2,2023-06-20T11:56:55+00:00
SAO_9008-10,São Paulo,3550308,True,,33643,,,-23.46927075,-46.67708125,,,,2,2023-06-20T11:57:16+00:00
SAO_9008-10,São Paulo,3550308,True,,33643,,,-23.44664675,-46.703993749999995,,,,2,2023-06-20T11:57:24+00:00
SAO_9008-10,São Paulo,3550308,True,,33643,,,-23.455434500000003,-46.6937785,,,,2,2023-06-20T11:57:19+00:00
SAO_9008-10,São Paulo,3550308,True,,33643,,,-23.474212,-46.667471,,,,2,2023-06-20T11:57:20+00:00
SAO_9008-10,São Paulo,3550308,True,,33643,,,-23.427988,-46.71467975,,,,2,2023-06-20T11:57:25+00:00
SAO_9008-10,São Paulo,3550308,True,,33643,,,-23.4547725,-46.695882499999996,,,,2,2023-06-20T11:57:23+00:00
SAO_8014-10,São Paulo,3550308,True,,801,,,-23.4318903125,-46.786874375,,,,1,2023-06-20T11:56:56+00:00
SAO_8014-10,São Paulo,3550308,True,,801,,,-23.428183,-46.7949745,,,,1,2023-06-20T11:57:25+00:00
SAO_8014-10,São Paulo,3550308,True,,801,,,-23.445624000000002,-46.7920235,,,,1,2023-06-20T11:57:16+00:00
SAO_3778-10,São Paulo,3550308,True,,1062,,,-23.574320999999998,-46.491991,,,,1,2023-06-20T11:57:25+00:00
SAO_3778-10,São Paulo,3550308,True,,1062,,,-23.542037125,-46.54868775,,,,1,2023-06-20T11:57:31+00:00
SAO_3778-10,São Paulo,3550308,True,,1062,,,-23.5555425,-46.52606,,,,1,2023-06-20T11:57:03+00:00
SAO_3778-10,São Paulo,3550308,True,,1062,,,-23.570354000000002,-46.4903805,,,,1,2023-06-20T11:57:15+00:00
SAO_3778-10,São Paulo,3550308,True,,1062,,,-23.541560999999998,-46.556471124999995,,,,1,2023-06-20T11:54:51+00:00
SAO_3778-10,São Paulo,3550308,True,,1062,,,-23.538609,-46.564543,,,,1,2023-06-20T11:54:51+00:00
SAO_3778-10,São Paulo,3550308,True,,1062,,,-23.5738105,-46.4937265,,,,1,2023-06-20T11:57:19+00:00
SAO_1024-10,São Paulo,3550308,True,,35070,,,-23.4577355,-46.6997265,,,,2,2023-06-20T11:57:26+00:00
SAO_1024-10,São Paulo,3550308,True,,35070,,,-23.475797999999998,-46.697905500000005,,,,2,2023-06-20T11:56:59+00:00
SAO_1024-10,São Paulo,3550308,True,,35070,,,-23.461024000000002,-46.708865,,,,2,2023-06-20T11:57:27+00:00
SAO_1024-10,São Paulo,3550308,True,,35070,,,-23.460870999999997,-46.708670999999995,,,,2,2023-06-20T11:57:12+00:00
SAO_1024-10,São Paulo,3550308,True,,35070,,,-23.457645499999998,-46.7053405,,,,2,2023-06-20T11:57:02+00:00
SAO_1024-10,São Paulo,3550308,True,,35070,,,-23.461024000000002,-46.708865,,,,2,2023-06-20T11:57:38+00:00
SAO_1024-10,São Paulo,3550308,True,,35070,,,-23.48507875,-46.695949999999996,,,,2,2023-06-20T11:57:10+00:00
SAO_3027-10,São Paulo,3550308,True,,33731,,,-23.58090325,-46.492488,,,,2,2023-06-20T11:57:39+00:00
SAO_3027-10,São Paulo,3550308,True,,33731,,,-23.543264,-46.415690999999995,,,,2,2023-06-20T11:57:21+00:00
SAO_3027-10,São Paulo,3550308,True,,33731,,,-23.556477375,-46.447955,,,,2,2023-06-20T11:57:03+00:00
SAO_3064-10,São Paulo,3550308,True,Urubupungá,980,https://moovitapp.com/index/pt-br/transporte_p%C3%BAblico-line-980-Sao_Paulo-242-873835-76224585-0,4.6,-23.580005125,-46.4126035,,,,1,2023-06-20T11:57:13+00:00
SAO_3064-10,São Paulo,3550308,True,Urubupungá,980,https://moovitapp.com/index/pt-br/transporte_p%C3%BAblico-line-980-Sao_Paulo-242-873835-76224585-0,4.6,-23.583288000000003,-46.409053,,,,1,2023-06-20T11:57:25+00:00
SAO_3064-10,São Paulo,3550308,True,Urubupungá,980,https://moovitapp.com/index/pt-br/transporte_p%C3%BAblico-line-980-Sao_Paulo-242-873835-76224585-0,4.6,-23.5441905,-46.4101725,,,,1,2023-06-20T11:57:29+00:00
SAO_3064-10,São Paulo,3550308,True,Urubupungá,980,https://moovitapp.com/index/pt-br/transporte_p%C3%BAblico-line-980-Sao_Paulo-242-873835-76224585-0,4.6,-23.542614,-46.4155005,,,,1,2023-06-20T11:56:53+00:00
SAO_3064-10,São Paulo,3550308,True,Urubupungá,980,https://moovitapp.com/index/pt-br/transporte_p%C3%BAblico-line-980-Sao_Paulo-242-873835-76224585-0,4.6,-23.601703999999998,-46.3988755,,,,1,2023-06-20T11:57:24+00:00
SAO_3064-10,São Paulo,3550308,True,Urubupungá,980,https://moovitapp.com/index/pt-br/transporte_p%C3%BAblico-line-980-Sao_Paulo-242-873835-76224585-0,4.6,-23.5874595,-46.4091825,,,,1,2023-06-20T11:56:48+00:00
SAO_3064-10,São Paulo,3550308,True,Urubupungá,980,https://moovitapp.com/index/pt-br/transporte_p%C3%BAblico-line-980-Sao_Paulo-242-873835-76224585-0,4.6,-23.598107999999996,-46.40316675,,,,1,2023-06-20T11:57:16+00:00
SAO_3064-10,São Paulo,3550308,True,Urubupungá,980,https://moovitapp.com/index/pt-br/transporte_p%C3%BAblico-line-980-Sao_Paulo-242-873835-76224585-0,4.6,-23.601703999999998,-46.3988755,,,,1,2023-06-20T11:57:20+00:00
SAO_9717-10,São Paulo,3550308,True,,817,,,-23.5033845,-46.623622999999995,,,,1,2023-06-20T11:57:32+00:00
SAO_9717-10,São Paulo,3550308,True,,817,,,-23.5040325,-46.67317,,,,1,2023-06-20T11:57:33+00:00
SAO_9717-10,São Paulo,3550308,True,,817,,,-23.4816195,-46.6832035,,,,1,2023-06-20T11:57:01+00:00
SAO_9717-10,São Paulo,3550308,True,,817,,,-23.513265875000002,-46.650549875,,,,1,2023-06-20T11:57:26+00:00
SAO_9717-10,São Paulo,3550308,True,,817,,,-23.4954295,-46.692499,,,,1,2023-06-20T11:57:00+00:00
SAO_4313-10,São Paulo,3550308,True,,2173,,,-23.592599500000002,-46.46986825,,,,1,2023-06-20T11:57:35+00:00
SAO_4313-10,São Paulo,3550308,True,,2173,,,-23.5958,-46.45216550000001,,,,1,2023-06-20T11:57:15+00:00
SAO_4313-10,São Paulo,3550308,True,,2173,,,-23.5946545,-46.448843,,,,1,2023-06-20T11:57:25+00:00
SAO_4313-10,São Paulo,3550308,True,,2173,,,-23.594362,-46.42451,,,,1,2023-06-20T11:57:29+00:00
SAO_4313-10,São Paulo,3550308,True,,2173,,,-23.5472815,-46.629869,,,,1,2023-06-20T11:57:34+00:00
SAO_4313-10,São Paulo,3550308,True,,2173,,,-23.5960245,-46.4362195,,,,1,2023-06-20T11:57:30+00:00
SAO_4313-10,São Paulo,3550308,True,,2173,,,-23.538235,-46.565107499999996,,,,1,2023-06-20T11:57:18+00:00
SAO_4313-10,São Paulo,3550308,True,,2173,,,-23.590024,-46.4165285,,,,1,2023-06-20T11:57:23+00:00
SAO_4313-10,São Paulo,3550308,True,,2173,,,-23.546217,-46.6305745,,,,1,2023-06-20T11:57:31+00:00
SAO_4313-10,São Paulo,3550308,True,,2173,,,-23.54696375,-46.526864,,,,1,2023-06-20T11:57:27+00:00
SAO_4313-10,São Paulo,3550308,True,,2173,,,-23.596127000000003,-46.435625,,,,1,2023-06-20T11:57:32+00:00
SAO_4313-10,São Paulo,3550308,True,,2173,,,-23.58160375,-46.410514875000004,,,,1,2023-06-20T11:57:20+00:00
SAO_172P-10,São Paulo,3550308,True,,33626,,,-23.4378765,-46.5662585,,,,2,2023-06-20T11:57:21+00:00
SAO_172P-10,São Paulo,3550308,True,,33626,,,-23.441767,-46.589588000000006,,,,2,2023-06-20T11:57:30+00:00
SAO_172P-10,São Paulo,3550308,True,,33626,,,-23.43757025,-46.56626125,,,,2,2023-06-20T11:57:32+00:00
SAO_172P-10,São Paulo,3550308,True,,33626,,,-23.4424695,-46.589804,,,,2,2023-06-20T11:56:58+00:00
SAO_172P-10,São Paulo,3550308,True,,33626,,,-23.441778,-46.589405,,,,2,2023-06-20T11:56:57+00:00
SAO_172P-10,São Paulo,3550308,True,,33626,,,-23.457922,-46.585467,,,,2,2023-06-20T11:57:25+00:00
SAO_172P-10,São Paulo,3550308,True,,33626,,,-23.497356875,-46.59624600000001,,,,2,2023-06-20T11:57:01+00:00
SAO_172P-10,São Paulo,3550308,True,,33626,,,-23.44281925,-46.5898795,,,,2,2023-06-20T11:57:04+00:00
SAO_172P-10,São Paulo,3550308,True,,33626,,,-23.438042000000003,-46.5662555,,,,2,2023-06-20T11:56:59+00:00
SAO_172P-10,São Paulo,3550308,True,,33626,,,-23.529571,-46.5984615,,,,2,2023-06-20T11:55:32+00:00
SAO_172P-10,São Paulo,3550308,True,,33626,,,-23.43905,-46.5802925,,,,2,2023-06-20T11:55:51+00:00
SAO_546J-10,São Paulo,3550308,True,,1133,,,-23.6711165,-46.67788924999999,,,,1,2023-06-20T11:57:22+00:00
SAO_546J-10,São Paulo,3550308,True,,1133,,,-23.68854925,-46.66362275,,,,1,2023-06-20T11:57:00+00:00
SAO_546J-10,São Paulo,3550308,True,,1133,,,-23.6569605,-46.69962475,,,,1,2023-06-20T11:56:55+00:00
SAO_517J-10,São Paulo,3550308,True,,1129,,,-23.6254245,-46.692361000000005,,,,1,2023-06-20T11:57:03+00:00
SAO_517J-10,São Paulo,3550308,True,,1129,,,-23.690276500000003,-46.6554845,,,,1,2023-06-20T11:57:23+00:00
SAO_517J-10,São Paulo,3550308,True,,1129,,,-23.63058775,-46.6836225,,,,1,2023-06-20T11:57:13+00:00
SAO_517J-10,São Paulo,3550308,True,,1129,,,-23.68072375,-46.65413975,,,,1,2023-06-20T11:57:03+00:00
SAO_517J-10,São Paulo,3550308,True,,1129,,,-23.667738,-46.6736055,,,,1,2023-06-20T11:56:56+00:00
SAO_517J-10,São Paulo,3550308,True,,1129,,,-23.690821999999997,-46.655268,,,,1,2023-06-20T11:57:02+00:00
SAO_2076-10,São Paulo,3550308,True,,33136,,,-23.5037935,-46.379870499999996,,,,2,2023-06-20T11:57:24+00:00
SAO_2076-10,São Paulo,3550308,True,,33136,,,-23.503677500000002,-46.380087,,,,2,2023-06-20T11:57:09+00:00
SAO_2076-10,São Paulo,3550308,True,,33136,,,-23.50797625,-46.49230525,,,,2,2023-06-20T11:57:04+00:00
SAO_2076-10,São Paulo,3550308,True,,33136,,,-23.5039315,-46.3796915,,,,2,2023-06-20T11:57:22+00:00
SAO_1771-10,São Paulo,3550308,True,,33402,,,-23.430656,-46.575369499999994,,,,2,2023-06-20T11:57:35+00:00
SAO_1771-10,São Paulo,3550308,True,,33402,,,-23.4308,-46.5751545,,,,2,2023-06-20T11:57:13+00:00
SAO_1771-10,São Paulo,3550308,True,,33402,,,-23.480790499999998,-46.61134800000001,,,,2,2023-06-20T11:57:00+00:00
SAO_1771-10,São Paulo,3550308,True,,33402,,,-23.430882500000003,-46.574838,,,,2,2023-06-20T11:57:07+00:00
SAO_574J-10,São Paulo,3550308,True,,34453,,,-23.558235500000002,-46.522756,,,,2,2023-06-20T11:57:18+00:00
SAO_574J-10,São Paulo,3550308,True,,34453,,,-23.636083499999998,-46.641462,,,,2,2023-06-20T11:56:59+00:00
SAO_574J-10,São Paulo,3550308,True,,34453,,,-23.581626,-46.60122125,,,,2,2023-06-20T11:57:26+00:00
SAO_574J-10,São Paulo,3550308,True,,34453,,,-23.558732499999998,-46.521553499999996,,,,2,2023-06-20T11:57:36+00:00
SAO_574J-10,São Paulo,3550308,True,,34453,,,-23.636083499999998,-46.641462,,,,2,2023-06-20T11:57:09+00:00
SAO_574J-10,São Paulo,3550308,True,,34453,,,-23.636083499999998,-46.641462,,,,2,2023-06-20T11:57:12+00:00
SAO_574J-10,São Paulo,3550308,True,,34453,,,-23.558235500000002,-46.522756,,,,2,2023-06-20T11:57:13+00:00
SAO_574J-10,São Paulo,3550308,True,,34453,,,-23.636083499999998,-46.641462,,,,2,2023-06-20T11:57:10+00:00
SAO_574J-10,São Paulo,3550308,True,,34453,,,-23.625437750000003,-46.613475,,,,2,2023-06-20T11:57:29+00:00
SAO_574J-10,São Paulo,3550308,True,,34453,,,-23.5732415,-46.569624499999996,,,,2,2023-06-20T11:57:26+00:00
SAO_574J-10,São Paulo,3550308,True,,34453,,,-23.558235500000002,-46.522756,,,,2,2023-06-20T11:57:24+00:00
SAO_574J-10,São Paulo,3550308,True,,34453,,,-23.570818,-46.5389225,,,,2,2023-06-20T11:57:31+00:00
SAO_574J-10,São Paulo,3550308,True,,34453,,,-23.566136999999998,-46.5560655,,,,2,2023-06-20T11:57:13+00:00
SAO_574J-10,São Paulo,3550308,True,,34453,,,-23.602499,-46.602281000000005,,,,2,2023-06-20T11:57:30+00:00
SAO_6837-10,São Paulo,3550308,True,,6,,,-23.623724,-46.764101,,,,1,2023-06-20T11:57:38+00:00
SAO_6837-10,São Paulo,3550308,True,,6,,,-23.616301749999998,-46.75438025,,,,1,2023-06-20T11:57:02+00:00
SAO_6837-10,São Paulo,3550308,True,,6,,,-23.6468955,-46.7637325,,,,1,2023-06-20T11:57:14+00:00
SAO_6837-10,São Paulo,3550308,True,,6,,,-23.6161065,-46.739967,,,,1,2023-06-20T11:57:17+00:00
SAO_6837-10,São Paulo,3550308,True,,6,,,-23.6168325,-46.739105,,,,1,2023-06-20T11:57:06+00:00
SAO_6837-10,São Paulo,3550308,True,,6,,,-23.627544,-46.7576535,,,,1,2023-06-20T11:57:30+00:00
SAO_6837-10,São Paulo,3550308,True,,6,,,-23.6161065,-46.739967,,,,1,2023-06-20T11:57:09+00:00
SAO_6837-10,São Paulo,3550308,True,,6,,,-23.654061499999997,-46.763393,,,,1,2023-06-20T11:57:09+00:00
SAO_6837-10,São Paulo,3550308,True,,6,,,-23.654101,-46.763310000000004,,,,1,2023-06-20T11:57:16+00:00
SAO_3768-10,São Paulo,3550308,True,,1056,,,-23.552427,-46.4249925,,,,1,2023-06-20T11:57:13+00:00
SAO_3768-10,São Paulo,3550308,True,,1056,,,-23.589670499999997,-46.3811555,,,,1,2023-06-20T11:57:10+00:00
SAO_3768-10,São Paulo,3550308,True,,1056,,,-23.5703375,-46.39778,,,,1,2023-06-20T11:57:26+00:00
SAO_3768-10,São Paulo,3550308,True,,1056,,,-23.542001499999998,-46.4253025,,,,1,2023-06-20T11:56:38+00:00
SAO_2721-10,São Paulo,3550308,True,,934,,,-23.542138,-46.471932499999994,,,,1,2023-06-20T11:57:35+00:00
SAO_2721-10,São Paulo,3550308,True,,934,,,-23.507427999999997,-46.4081925,,,,1,2023-06-20T11:57:07+00:00
SAO_2721-10,São Paulo,3550308,True,,934,,,-23.5193225,-46.409525,,,,1,2023-06-20T11:57:15+00:00
SAO_2721-10,São Paulo,3550308,True,,934,,,-23.5342945,-46.454449,,,,1,2023-06-20T11:57:28+00:00
SAO_2721-10,São Paulo,3550308,True,,934,,,-23.496421499999997,-46.441998,,,,1,2023-06-20T11:57:02+00:00
SAO_2721-10,São Paulo,3550308,True,,934,,,-23.5154145,-46.402866,,,,1,2023-06-20T11:57:27+00:00
SAO_2721-10,São Paulo,3550308,True,,934,,,-23.5066195,-46.4394955,,,,1,2023-06-20T11:57:28+00:00
SAO_2721-10,São Paulo,3550308,True,,934,,,-23.5193225,-46.409525,,,,1,2023-06-20T11:57:30+00:00
SAO_2721-10,São Paulo,3550308,True,,934,,,-23.494404,-46.4148335,,,,1,2023-06-20T11:57:36+00:00
SAO_2721-10,São Paulo,3550308,True,,934,,,-23.5193225,-46.409525,,,,1,2023-06-20T11:57:38+00:00
SAO_2721-10,São Paulo,3550308,True,,934,,,-23.495123,-46.435414,,,,1,2023-06-20T11:57:20+00:00
SAO_2721-10,São Paulo,3550308,True,,934,,,-23.527819,-46.447081,,,,1,2023-06-20T11:57:06+00:00
SAO_6059-10,São Paulo,3550308,True,,33994,,,-23.6802505,-46.7430045,,,,2,2023-06-20T11:57:39+00:00
SAO_6059-10,São Paulo,3550308,True,,33994,,,-23.6802975,-46.743245,,,,2,2023-06-20T11:57:14+00:00
SAO_6059-10,São Paulo,3550308,True,,33994,,,-23.678708,-46.740527,,,,2,2023-06-20T11:57:22+00:00
SAO_6059-10,São Paulo,3550308,True,,33994,,,-23.634481,-46.711736,,,,2,2023-06-20T11:57:29+00:00
SAO_6091-21,São Paulo,3550308,True,,1176,,,-23.786048,-46.72607525,,,,1,2023-06-20T11:51:33+00:00
SAO_6091-21,São Paulo,3550308,True,,1176,,,-23.69652225,-46.70015275,,,,1,2023-06-20T11:56:00+00:00
SAO_3761-10,São Paulo,3550308,True,,1051,,,-23.540889,-46.536353,,,,1,2023-06-20T11:57:36+00:00
SAO_3761-10,São Paulo,3550308,True,,1051,,,-23.604969500000003,-46.4288195,,,,1,2023-06-20T11:57:30+00:00
SAO_3761-10,São Paulo,3550308,True,,1051,,,-23.594137,-46.479451499999996,,,,1,2023-06-20T11:57:33+00:00
SAO_3761-10,São Paulo,3550308,True,,1051,,,-23.53962675,-46.542210999999995,,,,1,2023-06-20T11:57:05+00:00
SAO_3761-10,São Paulo,3550308,True,,1051,,,-23.594884,-46.440368,,,,1,2023-06-20T11:56:57+00:00
SAO_3761-10,São Paulo,3550308,True,,1051,,,-23.5970055,-46.45687275,,,,1,2023-06-20T11:57:24+00:00
SAO_3761-10,São Paulo,3550308,True,,1051,,,-23.618599,-46.4234555,,,,1,2023-06-20T11:57:05+00:00
SAO_3761-10,São Paulo,3550308,True,,1051,,,-23.6140115,-46.423311999999996,,,,1,2023-06-20T11:57:02+00:00
SAO_3761-10,São Paulo,3550308,True,,1051,,,-23.618599,-46.4234555,,,,1,2023-06-20T11:57:34+00:00
SAO_3761-10,São Paulo,3550308,True,,1051,,,-23.597544499999998,-46.434636499999996,,,,1,2023-06-20T11:57:15+00:00
SAO_3761-10,São Paulo,3550308,True,,1051,,,-23.5821525,-46.4907635,,,,1,2023-06-20T11:57:27+00:00
SAO_516N-10,São Paulo,3550308,True,EMTU,266,https://moovitapp.com/index/pt-br/transporte_p%C3%BAblico-line-266-Sao_Paulo-242-2038937-36419376-0,6.8,-23.690365999999997,-46.649558999999996,,,,1,2023-06-20T11:57:08+00:00
SAO_516N-10,São Paulo,3550308,True,EMTU,266,https://moovitapp.com/index/pt-br/transporte_p%C3%BAblico-line-266-Sao_Paulo-242-2038937-36419376-0,6.8,-23.68527075,-46.6332995,,,,1,2023-06-20T11:57:05+00:00
SAO_516N-10,São Paulo,3550308,True,EMTU,266,https://moovitapp.com/index/pt-br/transporte_p%C3%BAblico-line-266-Sao_Paulo-242-2038937-36419376-0,6.8,-23.690365999999997,-46.649558999999996,,,,1,2023-06-20T11:57:16+00:00
SAO_516N-10,São Paulo,3550308,True,EMTU,266,https://moovitapp.com/index/pt-br/transporte_p%C3%BAblico-line-266-Sao_Paulo-242-2038937-36419376-0,6.8,-23.6890775,-46.637954,,,,1,2023-06-20T11:57:32+00:00
SAO_516N-10,São Paulo,3550308,True,EMTU,266,https://moovitapp.com/index/pt-br/transporte_p%C3%BAblico-line-266-Sao_Paulo-242-2038937-36419376-0,6.8,-23.6936195,-46.647062000000005,,,,1,2023-06-20T11:57:10+00:00
SAO_516N-10,São Paulo,3550308,True,EMTU,266,https://moovitapp.com/index/pt-br/transporte_p%C3%BAblico-line-266-Sao_Paulo-242-2038937-36419376-0,6.8,-23.5957665,-46.673165,,,,1,2023-06-20T11:57:19+00:00
SAO_516N-10,São Paulo,3550308,True,EMTU,266,https://moovitapp.com/index/pt-br/transporte_p%C3%BAblico-line-266-Sao_Paulo-242-2038937-36419376-0,6.8,-23.647617,-46.670569,,,,1,2023-06-20T11:57:06+00:00
SAO_516N-10,São Paulo,3550308,True,EMTU,266,https://moovitapp.com/index/pt-br/transporte_p%C3%BAblico-line-266-Sao_Paulo-242-2038937-36419376-0,6.8,-23.6049955,-46.675182500000005,,,,1,2023-06-20T11:57:34+00:00
SAO_516N-10,São Paulo,3550308,True,EMTU,266,https://moovitapp.com/index/pt-br/transporte_p%C3%BAblico-line-266-Sao_Paulo-242-2038937-36419376-0,6.8,-23.675031750000002,-46.64245775,,,,1,2023-06-20T11:57:05+00:00
SAO_516N-10,São Paulo,3550308,True,EMTU,266,https://moovitapp.com/index/pt-br/transporte_p%C3%BAblico-line-266-Sao_Paulo-242-2038937-36419376-0,6.8,-23.663953499999998,-46.660508,,,,1,2023-06-20T11:57:06+00:00
SAO_2722-31,São Paulo,3550308,True,,33704,,,-23.4902355,-46.49016675,,,,2,2023-06-20T11:57:11+00:00
SAO_2722-31,São Paulo,3550308,True,,33704,,,-23.51862675,-46.51180975,,,,2,2023-06-20T11:57:24+00:00
SAO_2722-31,São Paulo,3550308,True,,33704,,,-23.528868,-46.5167825,,,,2,2023-06-20T11:57:30+00:00
SAO_2722-31,São Paulo,3550308,True,,33704,,,-23.486137,-46.5028165,,,,2,2023-06-20T11:57:08+00:00
SAO_2722-31,São Paulo,3550308,True,,33704,,,-23.49674925,-46.49165375,,,,2,2023-06-20T11:57:35+00:00
SAO_2722-31,São Paulo,3550308,True,,33704,,,-23.528868,-46.5167825,,,,2,2023-06-20T11:57:07+00:00
SAO_6806-10,São Paulo,3550308,True,,32800,,,-23.638429000000002,-46.75654,,,,2,2023-06-20T11:57:35+00:00
SAO_6806-10,São Paulo,3550308,True,,32800,,,-23.641831500000002,-46.742939,,,,2,2023-06-20T11:57:11+00:00
SAO_179X-10,São Paulo,3550308,True,,33448,,,-23.501005125,-46.621661,,,,2,2023-06-20T11:57:08+00:00
SAO_179X-10,São Paulo,3550308,True,,33448,,,-23.432447249999996,-46.57144625,,,,2,2023-06-20T11:57:21+00:00
SAO_179X-10,São Paulo,3550308,True,,33448,,,-23.523763000000002,-46.659812,,,,2,2023-06-20T11:57:38+00:00
SAO_875C-10,São Paulo,3550308,True,EMTU,478,https://moovitapp.com/index/pt-br/transporte_p%C3%BAblico-line-478-Sao_Paulo-242-2038937-36419510-0,6.25,-23.520269,-46.6991845,,,,1,2023-06-20T11:57:26+00:00
SAO_875C-10,São Paulo,3550308,True,EMTU,478,https://moovitapp.com/index/pt-br/transporte_p%C3%BAblico-line-478-Sao_Paulo-242-2038937-36419510-0,6.25,-23.52012,-46.6994665,,,,1,2023-06-20T11:57:19+00:00
SAO_875C-10,São Paulo,3550308,True,EMTU,478,https://moovitapp.com/index/pt-br/transporte_p%C3%BAblico-line-478-Sao_Paulo-242-2038937-36419510-0,6.25,-23.597024249999997,-46.65053575,,,,1,2023-06-20T11:57:15+00:00
SAO_875C-10,São Paulo,3550308,True,EMTU,478,https://moovitapp.com/index/pt-br/transporte_p%C3%BAblico-line-478-Sao_Paulo-242-2038937-36419510-0,6.25,-23.526702999999998,-46.7086525,,,,1,2023-06-20T11:57:21+00:00
SAO_875C-10,São Paulo,3550308,True,EMTU,478,https://moovitapp.com/index/pt-br/transporte_p%C3%BAblico-line-478-Sao_Paulo-242-2038937-36419510-0,6.25,-23.58729175,-46.67156075,,,,1,2023-06-20T11:57:31+00:00
SAO_875C-10,São Paulo,3550308,True,EMTU,478,https://moovitapp.com/index/pt-br/transporte_p%C3%BAblico-line-478-Sao_Paulo-242-2038937-36419510-0,6.25,-23.52012,-46.6994665,,,,1,2023-06-20T11:57:00+00:00
SAO_875C-10,São Paulo,3550308,True,EMTU,478,https://moovitapp.com/index/pt-br/transporte_p%C3%BAblico-line-478-Sao_Paulo-242-2038937-36419510-0,6.25,-23.55892875,-46.698054,,,,1,2023-06-20T11:57:19+00:00
SAO_875C-10,São Paulo,3550308,True,EMTU,478,https://moovitapp.com/index/pt-br/transporte_p%C3%BAblico-line-478-Sao_Paulo-242-2038937-36419510-0,6.25,-23.539282,-46.7187245,,,,1,2023-06-20T11:57:31+00:00
SAO_875C-10,São Paulo,3550308,True,EMTU,478,https://moovitapp.com/index/pt-br/transporte_p%C3%BAblico-line-478-Sao_Paulo-242-2038937-36419510-0,6.25,-23.5854545,-46.673177,,,,1,2023-06-20T11:57:17+00:00
SAO_677Y-10,São Paulo,3550308,True,,34008,,,-23.69054375,-46.79879125,,,,2,2023-06-20T11:56:58+00:00
SAO_677Y-10,São Paulo,3550308,True,,34008,,,-23.6462315,-46.746928499999996,,,,2,2023-06-20T11:56:59+00:00
SAO_677Y-10,São Paulo,3550308,True,,34008,,,-23.6152275,-46.6936945,,,,2,2023-06-20T11:56:55+00:00
SAO_677Y-10,São Paulo,3550308,True,,34008,,,-23.6608895,-46.776673,,,,2,2023-06-20T11:57:14+00:00
SAO_677Y-10,São Paulo,3550308,True,,34008,,,-23.683731,-46.789654999999996,,,,2,2023-06-20T11:57:05+00:00
SAO_9009-10,São Paulo,3550308,True,,33645,,,-23.447998,-46.708507,,,,2,2023-06-20T11:57:35+00:00
SAO_9009-10,São Paulo,3550308,True,,33645,,,-23.444840499999998,-46.705281,,,,2,2023-06-20T11:57:27+00:00
SAO_9009-10,São Paulo,3550308,True,,33645,,,-23.474776,-46.6700495,,,,2,2023-06-20T11:56:56+00:00
SAO_9009-10,São Paulo,3550308,True,,33645,,,-23.464514,-46.679869,,,,2,2023-06-20T11:57:28+00:00
SAO_9009-10,São Paulo,3550308,True,,33645,,,-23.441166,-46.716872499999994,,,,2,2023-06-20T11:57:17+00:00
SAO_9009-10,São Paulo,3550308,True,,33645,,,-23.440039499999997,-46.7083255,,,,2,2023-06-20T11:57:20+00:00
SAO_9181-10,São Paulo,3550308,True,,885,,,-23.471498500000003,-46.6833805,,,,1,2023-06-20T11:56:47+00:00
SAO_9181-10,São Paulo,3550308,True,,885,,,-23.4624945,-46.6962665,,,,1,2023-06-20T11:57:02+00:00
SAO_9181-10,São Paulo,3550308,True,,885,,,-23.523718375,-46.703873125,,,,1,2023-06-20T11:56:57+00:00
SAO_9181-10,São Paulo,3550308,True,,885,,,-23.457559,-46.6963325,,,,1,2023-06-20T11:57:21+00:00
SAO_9181-10,São Paulo,3550308,True,,885,,,-23.499848999999998,-46.687867,,,,1,2023-06-20T11:57:01+00:00
SAO_9181-10,São Paulo,3550308,True,,885,,,-23.5151965,-46.696749,,,,1,2023-06-20T11:57:01+00:00
SAO_9181-10,São Paulo,3550308,True,,885,,,-23.4668425,-46.692222,,,,1,2023-06-20T11:57:09+00:00
SAO_3773-10,São Paulo,3550308,True,,1059,,,-23.5999645,-46.4700005,,,,1,2023-06-20T11:57:07+00:00
SAO_3773-10,São Paulo,3550308,True,,1059,,,-23.535146562500003,-46.5499321875,,,,1,2023-06-20T11:57:03+00:00
SAO_3773-10,São Paulo,3550308,True,,1059,,,-23.615941999999997,-46.464735000000005,,,,1,2023-06-20T11:57:37+00:00
SAO_3773-10,São Paulo,3550308,True,,1059,,,-23.609471749999997,-46.464200250000005,,,,1,2023-06-20T11:57:12+00:00
SAO_3773-10,São Paulo,3550308,True,,1059,,,-23.599889750000003,-46.484817250000006,,,,1,2023-06-20T11:57:19+00:00
SAO_3773-10,São Paulo,3550308,True,,1059,,,-23.554831999999998,-46.517111,,,,1,2023-06-20T11:57:11+00:00
SAO_2722-31,São Paulo,3550308,True,,936,,,-23.51854525,-46.508054,,,,1,2023-06-20T11:57:16+00:00
SAO_2722-31,São Paulo,3550308,True,,936,,,-23.528614,-46.5162345,,,,1,2023-06-20T11:56:59+00:00
SAO_677A-10,São Paulo,3550308,True,,34007,,,-23.677212500000003,-46.760749000000004,,,,2,2023-06-20T11:57:35+00:00
SAO_677A-10,São Paulo,3550308,True,,34007,,,-23.655951,-46.724301499999996,,,,2,2023-06-20T11:55:13+00:00
SAO_677A-10,São Paulo,3550308,True,,34007,,,-23.590987,-46.6876305,,,,2,2023-06-20T11:57:13+00:00
SAO_677A-10,São Paulo,3550308,True,,34007,,,-23.5918565,-46.689164000000005,,,,2,2023-06-20T11:57:13+00:00
SAO_677A-10,São Paulo,3550308,True,,34007,,,-23.6200835,-46.702670499999996,,,,2,2023-06-20T11:57:34+00:00
SAO_677A-10,São Paulo,3550308,True,,34007,,,-23.590769,-46.6873225,,,,2,2023-06-20T11:57:12+00:00
SAO_677A-10,São Paulo,3550308,True,,34007,,,-23.674698499999998,-46.749091,,,,2,2023-06-20T11:57:20+00:00
SAO_677A-10,São Paulo,3550308,True,,34007,,,-23.689751,-46.773829500000005,,,,2,2023-06-20T11:57:36+00:00
SAO_677A-10,São Paulo,3550308,True,,34007,,,-23.677212500000003,-46.760749000000004,,,,2,2023-06-20T11:57:28+00:00
SAO_2678-10,São Paulo,3550308,True,STT,383,https://moovitapp.com/index/pt-br/transporte_p%C3%BAblico-line-383-Sao_Paulo-242-850661-183294-0,5.3,-23.504022499999998,-46.472823500000004,,,,1,2023-06-20T11:57:15+00:00
SAO_2678-10,São Paulo,3550308,True,STT,383,https://moovitapp.com/index/pt-br/transporte_p%C3%BAblico-line-383-Sao_Paulo-242-850661-183294-0,5.3,-23.531905000000002,-46.56037025,,,,1,2023-06-20T11:56:24+00:00
SAO_2678-10,São Paulo,3550308,True,STT,383,https://moovitapp.com/index/pt-br/transporte_p%C3%BAblico-line-383-Sao_Paulo-242-850661-183294-0,5.3,-23.494004750000002,-46.419138000000004,,,,1,2023-06-20T11:57:37+00:00
SAO_2678-10,São Paulo,3550308,True,STT,383,https://moovitapp.com/index/pt-br/transporte_p%C3%BAblico-line-383-Sao_Paulo-242-850661-183294-0,5.3,-23.5215045,-46.52887,,,,1,2023-06-20T11:57:07+00:00
SAO_2678-10,São Paulo,3550308,True,STT,383,https://moovitapp.com/index/pt-br/transporte_p%C3%BAblico-line-383-Sao_Paulo-242-850661-183294-0,5.3,-23.494327499999997,-46.376706,,,,1,2023-06-20T11:57:23+00:00
SAO_2678-10,São Paulo,3550308,True,STT,383,https://moovitapp.com/index/pt-br/transporte_p%C3%BAblico-line-383-Sao_Paulo-242-850661-183294-0,5.3,-23.4955945,-46.45238775,,,,1,2023-06-20T11:57:02+00:00
SAO_2678-10,São Paulo,3550308,True,STT,383,https://moovitapp.com/index/pt-br/transporte_p%C3%BAblico-line-383-Sao_Paulo-242-850661-183294-0,5.3,-23.546727,-46.629723999999996,,,,1,2023-06-20T11:56:55+00:00
SAO_2678-10,São Paulo,3550308,True,STT,383,https://moovitapp.com/index/pt-br/transporte_p%C3%BAblico-line-383-Sao_Paulo-242-850661-183294-0,5.3,-23.495839500000002,-46.403145499999994,,,,1,2023-06-20T11:57:19+00:00
SAO_2678-10,São Paulo,3550308,True,STT,383,https://moovitapp.com/index/pt-br/transporte_p%C3%BAblico-line-383-Sao_Paulo-242-850661-183294-0,5.3,-23.5019515,-46.384699999999995,,,,1,2023-06-20T11:57:28+00:00
SAO_7006-51,São Paulo,3550308,True,,1997,,,-23.7441225,-46.780923,,,,1,2023-06-20T11:57:00+00:00
SAO_7006-51,São Paulo,3550308,True,,1997,,,-23.67105,-46.772944499999994,,,,1,2023-06-20T11:57:19+00:00
SAO_7006-51,São Paulo,3550308,True,,1997,,,-23.718400000000003,-46.784493499999996,,,,1,2023-06-20T11:57:19+00:00
SAO_7006-51,São Paulo,3550308,True,,1997,,,-23.736097,-46.780956,,,,1,2023-06-20T11:57:13+00:00
SAO_7006-51,São Paulo,3550308,True,,1997,,,-23.69138175,-46.77535775,,,,1,2023-06-20T11:57:28+00:00
SAO_7006-51,São Paulo,3550308,True,,1997,,,-23.6700805,-46.7730215,,,,1,2023-06-20T11:56:13+00:00
SAO_7006-51,São Paulo,3550308,True,,1997,,,-23.703879,-46.7838305,,,,1,2023-06-20T11:57:02+00:00
SAO_513C-31,São Paulo,3550308,True,,2536,,,-23.598820875,-46.465564,,,,1,2023-06-20T11:57:15+00:00
SAO_513C-31,São Paulo,3550308,True,,2536,,,-23.535614000000002,-46.454181500000004,,,,1,2023-06-20T11:57:22+00:00
SAO_513C-31,São Paulo,3550308,True,,2536,,,-23.6068155,-46.563219000000004,,,,1,2023-06-20T11:57:01+00:00
SAO_513C-31,São Paulo,3550308,True,,2536,,,-23.595909,-46.5257315,,,,1,2023-06-20T11:57:34+00:00
SAO_5021-10,São Paulo,3550308,True,,34435,,,-23.6025555,-46.6141385,,,,2,2023-06-20T11:57:01+00:00
SAO_5021-10,São Paulo,3550308,True,,34435,,,-23.6302405,-46.62586,,,,2,2023-06-20T11:57:29+00:00
SAO_5021-10,São Paulo,3550308,True,,34435,,,-23.632430749999997,-46.621905375,,,,2,2023-06-20T11:57:32+00:00
SAO_407P-10,São Paulo,3550308,True,,2200,,,-23.5824475,-46.407562999999996,,,,1,2023-06-20T11:57:33+00:00
SAO_407P-10,São Paulo,3550308,True,,2200,,,-23.559675499999997,-46.412636500000005,,,,1,2023-06-20T11:56:45+00:00
SAO_407P-10,São Paulo,3550308,True,,2200,,,-23.5831585,-46.407859,,,,1,2023-06-20T11:57:16+00:00
SAO_407P-10,São Paulo,3550308,True,,2200,,,-23.5320475,-46.5308315,,,,1,2023-06-20T11:57:24+00:00
SAO_407P-10,São Paulo,3550308,True,,2200,,,-23.5349729375,-46.5491203125,,,,1,2023-06-20T11:57:14+00:00
SAO_407P-10,São Paulo,3550308,True,,2200,,,-23.52720425,-46.445797,,,,1,2023-06-20T11:57:35+00:00
SAO_407P-10,São Paulo,3550308,True,,2200,,,-23.542173499999997,-46.4140575,,,,1,2023-06-20T11:57:30+00:00
SAO_407P-10,São Paulo,3550308,True,,2200,,,-23.541526,-46.483470499999996,,,,1,2023-06-20T11:56:59+00:00
SAO_407P-10,São Paulo,3550308,True,,2200,,,-23.5339775,-46.429094,,,,1,2023-06-20T11:56:56+00:00
SAO_407P-10,São Paulo,3550308,True,,2200,,,-23.5753865,-46.416125,,,,1,2023-06-20T11:57:24+00:00
SAO_273X-10,São Paulo,3550308,True,,33160,,,-23.492140624999998,-46.444689125,,,,2,2023-06-20T11:57:16+00:00
SAO_273X-10,São Paulo,3550308,True,,33160,,,-23.4931555,-46.37898224999999,,,,2,2023-06-20T11:57:11+00:00
SAO_273X-10,São Paulo,3550308,True,,33160,,,-23.497997624999996,-46.376735124999996,,,,2,2023-06-20T11:57:06+00:00
SAO_273X-10,São Paulo,3550308,True,,33160,,,-23.506502125,-46.477052750000006,,,,2,2023-06-20T11:57:25+00:00
SAO_273X-10,São Paulo,3550308,True,,33160,,,-23.5342645,-46.473669,,,,2,2023-06-20T11:57:31+00:00
SAO_273X-10,São Paulo,3550308,True,,33160,,,-23.497062749999998,-46.400291249999995,,,,2,2023-06-20T11:57:25+00:00
SAO_637J-10,São Paulo,3550308,True,,32871,,,-23.5839705,-46.67886849999999,,,,2,2023-06-20T11:57:28+00:00
SAO_637J-10,São Paulo,3550308,True,,32871,,,-23.704718,-46.702425000000005,,,,2,2023-06-20T11:54:30+00:00
SAO_2290-10,São Paulo,3550308,True,,718,,,-23.610221000000003,-46.476755125,,,,1,2023-06-20T11:57:32+00:00
SAO_2290-10,São Paulo,3550308,True,,718,,,-23.536562749999998,-46.5887755,,,,1,2023-06-20T11:57:23+00:00
SAO_2290-10,São Paulo,3550308,True,,718,,,-23.552298999999998,-46.529227,,,,1,2023-06-20T11:57:27+00:00
SAO_2290-10,São Paulo,3550308,True,,718,,,-23.6131955,-46.476123,,,,1,2023-06-20T11:57:38+00:00
SAO_2290-10,São Paulo,3550308,True,,718,,,-23.5648345,-46.51326,,,,1,2023-06-20T11:57:30+00:00
SAO_2290-10,São Paulo,3550308,True,,718,,,-23.540174999999998,-46.55162,,,,1,2023-06-20T11:57:28+00:00
SAO_2290-10,São Paulo,3550308,True,,718,,,-23.6131955,-46.476123,,,,1,2023-06-20T11:57:20+00:00
SAO_2290-10,São Paulo,3550308,True,,718,,,-23.542904999999998,-46.627052,,,,1,2023-06-20T11:57:06+00:00
SAO_2290-10,São Paulo,3550308,True,,718,,,-23.6112775,-46.475717,,,,1,2023-06-20T11:57:21+00:00
SAO_2290-10,São Paulo,3550308,True,,718,,,-23.5465215,-46.630083,,,,1,2023-06-20T11:57:34+00:00
SAO_2290-10,São Paulo,3550308,True,,718,,,-23.590747625000002,-46.489495250000004,,,,1,2023-06-20T11:57:20+00:00
SAO_2290-10,São Paulo,3550308,True,,718,,,-23.6131955,-46.476123,,,,1,2023-06-20T11:56:58+00:00
SAO_2290-10,São Paulo,3550308,True,,718,,,-23.533744,-46.565806,,,,1,2023-06-20T11:57:12+00:00
SAO_2290-10,São Paulo,3550308,True,,718,,,-23.551361749999998,-46.640548499999994,,,,1,2023-06-20T11:57:22+00:00
SAO_2290-10,São Paulo,3550308,True,,718,,,-23.545642,-46.544091249999994,,,,1,2023-06-20T11:57:17+00:00
SAO_2290-10,São Paulo,3550308,True,,718,,,-23.5435645,-46.61983,,,,1,2023-06-20T11:57:19+00:00
SAO_2290-10,São Paulo,3550308,True,,718,,,-23.6131955,-46.476123,,,,1,2023-06-20T11:57:12+00:00
SAO_2290-10,São Paulo,3550308,True,,718,,,-23.6131955,-46.476123,,,,1,2023-06-20T11:57:27+00:00
SAO_2290-10,São Paulo,3550308,True,,718,,,-23.574832,-46.50474925,,,,1,2023-06-20T11:57:33+00:00
SAO_8615-10,São Paulo,3550308,True,,34107,,,-23.520587,-46.7208215,,,,2,2023-06-20T11:56:59+00:00
SAO_8615-10,São Paulo,3550308,True,,34107,,,-23.5361915,-46.725013000000004,,,,2,2023-06-20T11:57:14+00:00
SAO_8615-10,São Paulo,3550308,True,,34107,,,-23.5428055,-46.63945699999999,,,,2,2023-06-20T11:57:15+00:00
SAO_8615-10,São Paulo,3550308,True,,34107,,,-23.52202075,-46.6973265,,,,2,2023-06-20T11:57:27+00:00
SAO_8615-10,São Paulo,3550308,True,,34107,,,-23.536351500000002,-46.724335499999995,,,,2,2023-06-20T11:57:35+00:00
SAO_1701-22,São Paulo,3550308,True,,35245,,,-23.479745,-46.602174500000004,,,,2,2023-06-20T11:57:15+00:00
SAO_1701-22,São Paulo,3550308,True,,35245,,,-23.44723625,-46.575205,,,,2,2023-06-20T11:57:34+00:00
SAO_1701-22,São Paulo,3550308,True,,35245,,,-23.453891,-46.578966,,,,2,2023-06-20T11:57:28+00:00
SAO_1701-22,São Paulo,3550308,True,,35245,,,-23.4807045,-46.60357325,,,,2,2023-06-20T11:57:17+00:00
SAO_1701-22,São Paulo,3550308,True,,35245,,,-23.479745,-46.602174500000004,,,,2,2023-06-20T11:57:35+00:00
SAO_2014-10,São Paulo,3550308,True,Urubupungá,900,https://moovitapp.com/index/pt-br/transporte_p%C3%BAblico-line-900-Sao_Paulo-242-873835-496470-0,4.6,-23.459405500000003,-46.6684215,,,,1,2023-06-20T11:56:54+00:00
SAO_2014-10,São Paulo,3550308,True,Urubupungá,900,https://moovitapp.com/index/pt-br/transporte_p%C3%BAblico-line-900-Sao_Paulo-242-873835-496470-0,4.6,-23.457081000000002,-46.669748,,,,1,2023-06-20T11:57:18+00:00
SAO_2014-10,São Paulo,3550308,True,Urubupungá,900,https://moovitapp.com/index/pt-br/transporte_p%C3%BAblico-line-900-Sao_Paulo-242-873835-496470-0,4.6,-23.476251625,-46.67026975,,,,1,2023-06-20T11:57:32+00:00
SAO_2014-10,São Paulo,3550308,True,Urubupungá,900,https://moovitapp.com/index/pt-br/transporte_p%C3%BAblico-line-900-Sao_Paulo-242-873835-496470-0,4.6,-23.457081000000002,-46.669748,,,,1,2023-06-20T11:56:56+00:00
SAO_2014-10,São Paulo,3550308,True,Urubupungá,900,https://moovitapp.com/index/pt-br/transporte_p%C3%BAblico-line-900-Sao_Paulo-242-873835-496470-0,4.6,-23.457081000000002,-46.669748,,,,1,2023-06-20T11:57:38+00:00
SAO_2014-10,São Paulo,3550308,True,Urubupungá,900,https://moovitapp.com/index/pt-br/transporte_p%C3%BAblico-line-900-Sao_Paulo-242-873835-496470-0,4.6,-23.453629499999998,-46.6723765,,,,1,2023-06-20T11:57:08+00:00
SAO_2014-10,São Paulo,3550308,True,Urubupungá,900,https://moovitapp.com/index/pt-br/transporte_p%C3%BAblico-line-900-Sao_Paulo-242-873835-496470-0,4.6,-23.457081000000002,-46.669748,,,,1,2023-06-20T11:57:22+00:00
SAO_2014-10,São Paulo,3550308,True,Urubupungá,900,https://moovitapp.com/index/pt-br/transporte_p%C3%BAblico-line-900-Sao_Paulo-242-873835-496470-0,4.6,-23.457081000000002,-46.669748,,,,1,2023-06-20T11:57:05+00:00
SAO_2014-10,São Paulo,3550308,True,Urubupungá,900,https://moovitapp.com/index/pt-br/transporte_p%C3%BAblico-line-900-Sao_Paulo-242-873835-496470-0,4.6,-23.483815,-46.663436000000004,,,,1,2023-06-20T11:57:23+00:00
SAO_2014-10,São Paulo,3550308,True,Urubupungá,900,https://moovitapp.com/index/pt-br/transporte_p%C3%BAblico-line-900-Sao_Paulo-242-873835-496470-0,4.6,-23.457081000000002,-46.669748,,,,1,2023-06-20T11:56:55+00:00
SAO_2014-10,São Paulo,3550308,True,Urubupungá,900,https://moovitapp.com/index/pt-br/transporte_p%C3%BAblico-line-900-Sao_Paulo-242-873835-496470-0,4.6,-23.490266,-46.66487325,,,,1,2023-06-20T11:57:11+00:00
SAO_2014-10,São Paulo,3550308,True,Urubupungá,900,https://moovitapp.com/index/pt-br/transporte_p%C3%BAblico-line-900-Sao_Paulo-242-873835-496470-0,4.6,-23.457081000000002,-46.669748,,,,1,2023-06-20T11:57:24+00:00
SAO_2014-10,São Paulo,3550308,True,Urubupungá,900,https://moovitapp.com/index/pt-br/transporte_p%C3%BAblico-line-900-Sao_Paulo-242-873835-496470-0,4.6,-23.4987145,-46.662686,,,,1,2023-06-20T11:57:35+00:00
SAO_2014-10,São Paulo,3550308,True,Urubupungá,900,https://moovitapp.com/index/pt-br/transporte_p%C3%BAblico-line-900-Sao_Paulo-242-873835-496470-0,4.6,-23.457081000000002,-46.669748,,,,1,2023-06-20T11:57:03+00:00
SAO_2014-10,São Paulo,3550308,True,Urubupungá,900,https://moovitapp.com/index/pt-br/transporte_p%C3%BAblico-line-900-Sao_Paulo-242-873835-496470-0,4.6,-23.5266615,-46.6675825,,,,1,2023-06-20T11:56:54+00:00
SAO_2014-10,São Paulo,3550308,True,Urubupungá,900,https://moovitapp.com/index/pt-br/transporte_p%C3%BAblico-line-900-Sao_Paulo-242-873835-496470-0,4.6,-23.5266425,-46.66785350000001,,,,1,2023-06-20T11:56:55+00:00
SAO_2014-10,São Paulo,3550308,True,Urubupungá,900,https://moovitapp.com/index/pt-br/transporte_p%C3%BAblico-line-900-Sao_Paulo-242-873835-496470-0,4.6,-23.457081000000002,-46.669748,,,,1,2023-06-20T11:57:32+00:00
SAO_9047-10,São Paulo,3550308,True,STT,883,https://moovitapp.com/index/pt-br/transporte_p%C3%BAblico-line-883-Sao_Paulo-242-850661-183365-0,5.3,-23.4743575,-46.690174,,,,1,2023-06-20T11:57:24+00:00
SAO_9047-10,São Paulo,3550308,True,STT,883,https://moovitapp.com/index/pt-br/transporte_p%C3%BAblico-line-883-Sao_Paulo-242-850661-183365-0,5.3,-23.460728000000003,-46.7085375,,,,1,2023-06-20T11:56:55+00:00
SAO_9047-10,São Paulo,3550308,True,STT,883,https://moovitapp.com/index/pt-br/transporte_p%C3%BAblico-line-883-Sao_Paulo-242-850661-183365-0,5.3,-23.461335,-46.70867325,,,,1,2023-06-20T11:56:59+00:00
SAO_9047-10,São Paulo,3550308,True,STT,883,https://moovitapp.com/index/pt-br/transporte_p%C3%BAblico-line-883-Sao_Paulo-242-850661-183365-0,5.3,-23.512349999999998,-46.705273000000005,,,,1,2023-06-20T11:57:11+00:00
SAO_9047-10,São Paulo,3550308,True,STT,883,https://moovitapp.com/index/pt-br/transporte_p%C3%BAblico-line-883-Sao_Paulo-242-850661-183365-0,5.3,-23.492621,-46.6962925,,,,1,2023-06-20T11:57:05+00:00
SAO_746H-10,São Paulo,3550308,True,STT,785,https://moovitapp.com/index/pt-br/transporte_p%C3%BAblico-line-785-Sao_Paulo-242-850661-183353-0,5.3,-23.58896,-46.733074,,,,1,2023-06-20T11:57:33+00:00
SAO_746H-10,São Paulo,3550308,True,STT,785,https://moovitapp.com/index/pt-br/transporte_p%C3%BAblico-line-785-Sao_Paulo-242-850661-183353-0,5.3,-23.5851975,-46.724414499999995,,,,1,2023-06-20T11:57:21+00:00
SAO_746H-10,São Paulo,3550308,True,STT,785,https://moovitapp.com/index/pt-br/transporte_p%C3%BAblico-line-785-Sao_Paulo-242-850661-183353-0,5.3,-23.649411999999998,-46.7066835,,,,1,2023-06-20T11:57:29+00:00
SAO_746H-10,São Paulo,3550308,True,STT,785,https://moovitapp.com/index/pt-br/transporte_p%C3%BAblico-line-785-Sao_Paulo-242-850661-183353-0,5.3,-23.5948815,-46.7541925,,,,1,2023-06-20T11:57:22+00:00
SAO_746H-10,São Paulo,3550308,True,STT,785,https://moovitapp.com/index/pt-br/transporte_p%C3%BAblico-line-785-Sao_Paulo-242-850661-183353-0,5.3,-23.6492675,-46.7064685,,,,1,2023-06-20T11:57:15+00:00
SAO_746H-10,São Paulo,3550308,True,STT,785,https://moovitapp.com/index/pt-br/transporte_p%C3%BAblico-line-785-Sao_Paulo-242-850661-183353-0,5.3,-23.613838,-46.730881,,,,1,2023-06-20T11:57:34+00:00
SAO_746H-10,São Paulo,3550308,True,STT,785,https://moovitapp.com/index/pt-br/transporte_p%C3%BAblico-line-785-Sao_Paulo-242-850661-183353-0,5.3,-23.5936725,-46.753572500000004,,,,1,2023-06-20T11:56:58+00:00
SAO_746H-10,São Paulo,3550308,True,STT,785,https://moovitapp.com/index/pt-br/transporte_p%C3%BAblico-line-785-Sao_Paulo-242-850661-183353-0,5.3,-23.5936725,-46.753572500000004,,,,1,2023-06-20T11:57:09+00:00
SAO_746H-10,São Paulo,3550308,True,STT,785,https://moovitapp.com/index/pt-br/transporte_p%C3%BAblico-line-785-Sao_Paulo-242-850661-183353-0,5.3,-23.641843,-46.713375,,,,1,2023-06-20T11:57:17+00:00
SAO_746H-10,São Paulo,3550308,True,STT,785,https://moovitapp.com/index/pt-br/transporte_p%C3%BAblico-line-785-Sao_Paulo-242-850661-183353-0,5.3,-23.598654500000002,-46.72051999999999,,,,1,2023-06-20T11:57:04+00:00
SAO_746H-10,São Paulo,3550308,True,STT,785,https://moovitapp.com/index/pt-br/transporte_p%C3%BAblico-line-785-Sao_Paulo-242-850661-183353-0,5.3,-23.6206215,-46.7333985,,,,1,2023-06-20T11:57:01+00:00
SAO_746H-10,São Paulo,3550308,True,STT,785,https://moovitapp.com/index/pt-br/transporte_p%C3%BAblico-line-785-Sao_Paulo-242-850661-183353-0,5.3,-23.6494415,-46.7068395,,,,1,2023-06-20T11:57:13+00:00
SAO_746H-10,São Paulo,3550308,True,STT,785,https://moovitapp.com/index/pt-br/transporte_p%C3%BAblico-line-785-Sao_Paulo-242-850661-183353-0,5.3,-23.5936725,-46.753572500000004,,,,1,2023-06-20T11:57:12+00:00
SAO_746H-10,São Paulo,3550308,True,STT,785,https://moovitapp.com/index/pt-br/transporte_p%C3%BAblico-line-785-Sao_Paulo-242-850661-183353-0,5.3,-23.644821,-46.724599999999995,,,,1,2023-06-20T11:57:24+00:00
SAO_746H-10,São Paulo,3550308,True,STT,785,https://moovitapp.com/index/pt-br/transporte_p%C3%BAblico-line-785-Sao_Paulo-242-850661-183353-0,5.3,-23.59578475,-46.746834625,,,,1,2023-06-20T11:56:56+00:00
SAO_3161-10,São Paulo,3550308,True,,33852,,,-23.555811375,-46.607644625,,,,2,2023-06-20T11:57:34+00:00
SAO_3161-10,São Paulo,3550308,True,,33852,,,-23.577922,-46.57730275,,,,2,2023-06-20T11:57:20+00:00
SAO_3161-10,São Paulo,3550308,True,,33852,,,-23.583499250000003,-46.5254795,,,,2,2023-06-20T11:57:31+00:00
SAO_3161-10,São Paulo,3550308,True,,33852,,,-23.575611625,-46.55232725,,,,2,2023-06-20T11:57:19+00:00
SAO_6043-10,São Paulo,3550308,True,,1220,,,-23.6463705,-46.730281000000005,,,,1,2023-06-20T11:57:32+00:00
SAO_6043-10,São Paulo,3550308,True,,1220,,,-23.660353999999998,-46.754538999999994,,,,1,2023-06-20T11:57:11+00:00
SAO_6043-10,São Paulo,3550308,True,,1220,,,-23.6540965,-46.710578999999996,,,,1,2023-06-20T11:57:28+00:00
SAO_6043-10,São Paulo,3550308,True,,1220,,,-23.656093499999997,-46.7555525,,,,1,2023-06-20T11:57:39+00:00
SAO_6043-10,São Paulo,3550308,True,,1220,,,-23.65335525,-46.7436585,,,,1,2023-06-20T11:56:57+00:00
SAO_6820-10,São Paulo,3550308,True,BR7 Mobilidade,19,https://moovitapp.com/index/pt-br/transporte_p%C3%BAblico-line-19-Sao_Paulo-242-851856-516833-0,5.75,-23.657073,-46.765962,,,,1,2023-06-20T11:57:18+00:00
SAO_6820-10,São Paulo,3550308,True,BR7 Mobilidade,19,https://moovitapp.com/index/pt-br/transporte_p%C3%BAblico-line-19-Sao_Paulo-242-851856-516833-0,5.75,-23.6673555,-46.787695,,,,1,2023-06-20T11:57:33+00:00
SAO_6820-10,São Paulo,3550308,True,BR7 Mobilidade,19,https://moovitapp.com/index/pt-br/transporte_p%C3%BAblico-line-19-Sao_Paulo-242-851856-516833-0,5.75,-23.6588745,-46.7891,,,,1,2023-06-20T11:57:35+00:00
SAO_6820-10,São Paulo,3550308,True,BR7 Mobilidade,19,https://moovitapp.com/index/pt-br/transporte_p%C3%BAblico-line-19-Sao_Paulo-242-851856-516833-0,5.75,-23.659836,-46.7703075,,,,1,2023-06-20T11:57:13+00:00
SAO_407J-10,São Paulo,3550308,True,,34966,,,-23.57951,-46.482037000000005,,,,2,2023-06-20T11:57:01+00:00
SAO_407J-10,São Paulo,3550308,True,,34966,,,-23.530773500000002,-46.445034,,,,2,2023-06-20T11:56:59+00:00
SAO_407J-10,São Paulo,3550308,True,,34966,,,-23.541229,-46.5766665,,,,2,2023-06-20T11:57:22+00:00
SAO_407J-10,São Paulo,3550308,True,,34966,,,-23.55371425,-46.40418275,,,,2,2023-06-20T11:54:38+00:00
SAO_407J-10,São Paulo,3550308,True,,34966,,,-23.55371425,-46.40418275,,,,2,2023-06-20T11:57:03+00:00
SAO_407J-10,São Paulo,3550308,True,,34966,,,-23.5477425,-46.539415500000004,,,,2,2023-06-20T11:57:00+00:00
SAO_875H-10,São Paulo,3550308,True,,34108,,,-23.52066,-46.7006595,,,,2,2023-06-20T11:57:16+00:00
SAO_875H-10,São Paulo,3550308,True,,34108,,,-23.576963250000002,-46.64073325,,,,2,2023-06-20T11:57:00+00:00
SAO_1703-10,São Paulo,3550308,True,,847,,,-23.513889875,-46.61619675,,,,1,2023-06-20T11:57:05+00:00
SAO_1703-10,São Paulo,3550308,True,,847,,,-23.465826,-46.583746000000005,,,,1,2023-06-20T11:57:32+00:00
SAO_1703-10,São Paulo,3550308,True,,847,,,-23.4417915,-46.58921599999999,,,,1,2023-06-20T11:57:37+00:00
SAO_3462-10,São Paulo,3550308,True,,33015,,,-23.527414,-46.4551295,,,,2,2023-06-20T11:57:31+00:00
SAO_3462-10,São Paulo,3550308,True,,33015,,,-23.5325485,-46.461818,,,,2,2023-06-20T11:57:32+00:00
SAO_3789-10,São Paulo,3550308,True,,33835,,,-23.611145,-46.396651,,,,2,2023-06-20T11:57:25+00:00
SAO_3789-10,São Paulo,3550308,True,,33835,,,-23.611663,-46.3964115,,,,2,2023-06-20T11:56:57+00:00
SAO_3789-10,São Paulo,3550308,True,,33835,,,-23.611663,-46.3964115,,,,2,2023-06-20T11:56:55+00:00
SAO_3789-10,São Paulo,3550308,True,,33835,,,-23.560872500000002,-46.4658875,,,,2,2023-06-20T11:57:31+00:00
SAO_3789-10,São Paulo,3550308,True,,33835,,,-23.5875915,-46.414996,,,,2,2023-06-20T11:57:13+00:00
SAO_3789-10,São Paulo,3550308,True,,33835,,,-23.5967065,-46.404669,,,,2,2023-06-20T11:56:56+00:00
SAO_3789-10,São Paulo,3550308,True,,33835,,,-23.572203000000002,-46.4463495,,,,2,2023-06-20T11:57:31+00:00
SAO_3789-10,São Paulo,3550308,True,,33835,,,-23.611663,-46.3964115,,,,2,2023-06-20T11:56:55+00:00
SAO_2719-10,São Paulo,3550308,True,,33700,,,-23.494781500000002,-46.469409999999996,,,,2,2023-06-20T11:57:20+00:00
SAO_2719-10,São Paulo,3550308,True,,33700,,,-23.494892999999998,-46.4843305,,,,2,2023-06-20T11:57:32+00:00
SAO_2719-10,São Paulo,3550308,True,,33700,,,-23.4948325,-46.469304,,,,2,2023-06-20T11:57:01+00:00
SAO_2719-10,São Paulo,3550308,True,,33700,,,-23.494784000000003,-46.4691335,,,,2,2023-06-20T11:57:26+00:00
SAO_2719-10,São Paulo,3550308,True,,33700,,,-23.494729,-46.4696005,,,,2,2023-06-20T11:57:13+00:00
SAO_2719-10,São Paulo,3550308,True,,33700,,,-23.5075325,-46.489591250000004,,,,2,2023-06-20T11:57:32+00:00
SAO_2719-10,São Paulo,3550308,True,,33700,,,-23.4948325,-46.469304,,,,2,2023-06-20T11:57:19+00:00
SAO_2719-10,São Paulo,3550308,True,,33700,,,-23.4949845,-46.4690635,,,,2,2023-06-20T11:57:32+00:00
SAO_2719-10,São Paulo,3550308,True,,33700,,,-23.522957249999997,-46.524947874999995,,,,2,2023-06-20T11:57:07+00:00
SAO_2719-10,São Paulo,3550308,True,,33700,,,-23.5127235,-46.515349,,,,2,2023-06-20T11:57:18+00:00
SAO_2719-10,São Paulo,3550308,True,,33700,,,-23.529996,-46.528062000000006,,,,2,2023-06-20T11:57:22+00:00
SAO_6450-10,São Paulo,3550308,True,,32827,,,-23.64842525,-46.749457,,,,2,2023-06-20T11:57:32+00:00
SAO_6450-10,São Paulo,3550308,True,,32827,,,-23.6542305,-46.7623055,,,,2,2023-06-20T11:57:21+00:00
SAO_6450-10,São Paulo,3550308,True,,32827,,,-23.648122,-46.748729499999996,,,,2,2023-06-20T11:57:23+00:00
SAO_6450-10,São Paulo,3550308,True,,32827,,,-23.6542305,-46.7623055,,,,2,2023-06-20T11:57:10+00:00
SAO_6450-10,São Paulo,3550308,True,,32827,,,-23.654714,-46.760605,,,,2,2023-06-20T11:57:05+00:00
SAO_6450-10,São Paulo,3550308,True,,32827,,,-23.585707499999998,-46.670976499999995,,,,2,2023-06-20T11:57:37+00:00
SAO_577T-10,São Paulo,3550308,True,,1291,,,-23.590662875,-46.640992999999995,,,,1,2023-06-20T11:57:03+00:00
SAO_577T-10,São Paulo,3550308,True,,1291,,,-23.6741,-46.642935,,,,1,2023-06-20T11:57:18+00:00
SAO_577T-10,São Paulo,3550308,True,,1291,,,-23.62445725,-46.64045175,,,,1,2023-06-20T11:57:11+00:00
SAO_577T-10,São Paulo,3550308,True,,1291,,,-23.650851,-46.653360500000005,,,,1,2023-06-20T11:57:35+00:00
SAO_715M-10,São Paulo,3550308,True,,33258,,,-23.5703665,-46.645350875000005,,,,2,2023-06-20T11:57:01+00:00
SAO_715M-10,São Paulo,3550308,True,,33258,,,-23.5566095,-46.634146,,,,2,2023-06-20T11:56:54+00:00
SAO_715M-10,São Paulo,3550308,True,,33258,,,-23.5566095,-46.634146,,,,2,2023-06-20T11:57:36+00:00
SAO_715M-10,São Paulo,3550308,True,,33258,,,-23.570704875,-46.710043375,,,,2,2023-06-20T11:57:21+00:00
SAO_177Y-10,São Paulo,3550308,True,,33635,,,-23.546242624999998,-46.676687625,,,,2,2023-06-20T11:57:27+00:00
SAO_177Y-10,São Paulo,3550308,True,,33635,,,-23.527178499999998,-46.66675275,,,,2,2023-06-20T11:57:08+00:00
SAO_177Y-10,São Paulo,3550308,True,,33635,,,-23.5269075,-46.66671425,,,,2,2023-06-20T11:57:26+00:00
SAO_177Y-10,São Paulo,3550308,True,,33635,,,-23.566136750000002,-46.701097,,,,2,2023-06-20T11:57:21+00:00
SAO_6015-10,São Paulo,3550308,True,,33973,,,-23.7345975,-46.794219999999996,,,,2,2023-06-20T11:57:05+00:00
SAO_6015-10,São Paulo,3550308,True,,33973,,,-23.669655,-46.7366765,,,,2,2023-06-20T11:57:37+00:00
SAO_6015-10,São Paulo,3550308,True,,33973,,,-23.6657155,-46.712301499999995,,,,2,2023-06-20T11:57:38+00:00
SAO_6015-10,São Paulo,3550308,True,,33973,,,-23.7345975,-46.794219999999996,,,,2,2023-06-20T11:57:32+00:00
SAO_6015-10,São Paulo,3550308,True,,33973,,,-23.7030035,-46.7835645,,,,2,2023-06-20T11:57:37+00:00
SAO_978J-10,São Paulo,3550308,True,,33359,,,-23.436899500000003,-46.739963,,,,2,2023-06-20T11:57:32+00:00
SAO_978J-10,São Paulo,3550308,True,,33359,,,-23.5318695,-46.6608145,,,,2,2023-06-20T11:57:27+00:00
SAO_978J-10,São Paulo,3550308,True,,33359,,,-23.4591565,-46.719116,,,,2,2023-06-20T11:57:34+00:00
SAO_5032-10,São Paulo,3550308,True,,34430,,,-23.6360655,-46.593399000000005,,,,2,2023-06-20T11:57:10+00:00
SAO_5032-10,São Paulo,3550308,True,,34430,,,-23.604837,-46.5944245,,,,2,2023-06-20T11:57:29+00:00
SAO_5032-10,São Paulo,3550308,True,,34430,,,-23.602662000000002,-46.602517500000005,,,,2,2023-06-20T11:57:39+00:00
SAO_5032-10,São Paulo,3550308,True,,34430,,,-23.605207,-46.594905,,,,2,2023-06-20T11:57:18+00:00
SAO_2076-10,São Paulo,3550308,True,,368,,,-23.519419499999998,-46.547022,,,,1,2023-06-20T11:57:19+00:00
SAO_2076-10,São Paulo,3550308,True,,368,,,-23.497460000000004,-46.487355875000006,,,,1,2023-06-20T11:56:53+00:00
SAO_2076-10,São Paulo,3550308,True,,368,,,-23.49223275,-46.453713,,,,1,2023-06-20T11:57:08+00:00
SAO_2076-10,São Paulo,3550308,True,,368,,,-23.504057875,-46.39025925,,,,1,2023-06-20T11:57:00+00:00
SAO_2076-10,São Paulo,3550308,True,,368,,,-23.482862,-46.470511,,,,1,2023-06-20T11:56:22+00:00
SAO_2076-10,São Paulo,3550308,True,,368,,,-23.49146475,-46.385662124999996,,,,1,2023-06-20T11:57:11+00:00
SAO_2076-10,São Paulo,3550308,True,,368,,,-23.494612,-46.4263205,,,,1,2023-06-20T11:57:34+00:00
SAO_8013-10,São Paulo,3550308,True,,800,,,-23.525623500000002,-46.7125305,,,,1,2023-06-20T11:57:04+00:00
SAO_8013-10,São Paulo,3550308,True,,800,,,-23.5116625,-46.727511500000006,,,,1,2023-06-20T11:57:05+00:00
SAO_8013-10,São Paulo,3550308,True,,800,,,-23.431413,-46.7872125,,,,1,2023-06-20T11:56:58+00:00
SAO_8013-10,São Paulo,3550308,True,,800,,,-23.443168625,-46.786857,,,,1,2023-06-20T11:57:11+00:00
SAO_8013-10,São Paulo,3550308,True,,800,,,-23.4634115,-46.779400374999994,,,,1,2023-06-20T11:57:32+00:00
SAO_8013-10,São Paulo,3550308,True,,800,,,-23.431413,-46.7872125,,,,1,2023-06-20T11:57:25+00:00
SAO_8013-10,São Paulo,3550308,True,,800,,,-23.4318903125,-46.786874375,,,,1,2023-06-20T11:57:22+00:00
SAO_8013-10,São Paulo,3550308,True,,800,,,-23.431413,-46.7872125,,,,1,2023-06-20T11:56:56+00:00
SAO_8013-10,São Paulo,3550308,True,,800,,,-23.487247250000003,-46.76830525,,,,1,2023-06-20T11:57:25+00:00
SAO_8013-10,São Paulo,3550308,True,,800,,,-23.494574999999998,-46.756840499999996,,,,1,2023-06-20T11:57:31+00:00
SAO_273J-10,São Paulo,3550308,True,STT,389,https://moovitapp.com/index/pt-br/transporte_p%C3%BAblico-line-389-Sao_Paulo-242-850661-183299-0,5.3,-23.515555499999998,-46.4851265,,,,1,2023-06-20T11:56:49+00:00
SAO_273J-10,São Paulo,3550308,True,STT,389,https://moovitapp.com/index/pt-br/transporte_p%C3%BAblico-line-389-Sao_Paulo-242-850661-183299-0,5.3,-23.482243,-46.38373875,,,,1,2023-06-20T11:57:19+00:00
SAO_273J-10,São Paulo,3550308,True,STT,389,https://moovitapp.com/index/pt-br/transporte_p%C3%BAblico-line-389-Sao_Paulo-242-850661-183299-0,5.3,-23.523042,-46.519755,,,,1,2023-06-20T11:57:11+00:00
SAO_273J-10,São Paulo,3550308,True,STT,389,https://moovitapp.com/index/pt-br/transporte_p%C3%BAblico-line-389-Sao_Paulo-242-850661-183299-0,5.3,-23.490928750000002,-46.4169445,,,,1,2023-06-20T11:57:10+00:00
SAO_273J-10,São Paulo,3550308,True,STT,389,https://moovitapp.com/index/pt-br/transporte_p%C3%BAblico-line-389-Sao_Paulo-242-850661-183299-0,5.3,-23.491375499999997,-46.443605500000004,,,,1,2023-06-20T11:57:02+00:00
SAO_273J-10,São Paulo,3550308,True,STT,389,https://moovitapp.com/index/pt-br/transporte_p%C3%BAblico-line-389-Sao_Paulo-242-850661-183299-0,5.3,-23.533114,-46.5432805,,,,1,2023-06-20T11:57:26+00:00
SAO_5701-10,São Paulo,3550308,True,,33904,,,-23.6472935,-46.66258,,,,2,2023-06-20T11:57:33+00:00
SAO_5701-10,São Paulo,3550308,True,,33904,,,-23.618764499999997,-46.698312,,,,2,2023-06-20T11:57:29+00:00
SAO_2762-10,São Paulo,3550308,True,,32912,,,-23.499861250000002,-46.52891425,,,,2,2023-06-20T11:57:01+00:00
SAO_2762-10,São Paulo,3550308,True,,32912,,,-23.486237625,-46.476904125000004,,,,2,2023-06-20T11:57:24+00:00
SAO_2762-10,São Paulo,3550308,True,,32912,,,-23.535809125,-46.577977749999995,,,,2,2023-06-20T11:57:30+00:00
SAO_118Y-10,São Paulo,3550308,True,,33609,,,-23.472693,-46.63499025,,,,2,2023-06-20T11:57:29+00:00
SAO_118Y-10,São Paulo,3550308,True,,33609,,,-23.507848,-46.677812,,,,2,2023-06-20T11:57:14+00:00
SAO_118Y-10,São Paulo,3550308,True,,33609,,,-23.472585000000002,-46.63464675,,,,2,2023-06-20T11:57:13+00:00
SAO_118Y-10,São Paulo,3550308,True,,33609,,,-23.472693,-46.63499025,,,,2,2023-06-20T11:57:10+00:00
SAO_118Y-10,São Paulo,3550308,True,,33609,,,-23.483273500000003,-46.6629225,,,,2,2023-06-20T11:57:07+00:00
SAO_118Y-10,São Paulo,3550308,True,,33609,,,-23.472411,-46.634502749999996,,,,2,2023-06-20T11:57:09+00:00
SAO_874T-10,São Paulo,3550308,True,EMTU,307,https://moovitapp.com/index/pt-br/transporte_p%C3%BAblico-line-307-Sao_Paulo-242-2038937-36419399-0,5.2,-23.556540374999997,-46.6618185,,,,1,2023-06-20T11:57:24+00:00
SAO_874T-10,São Paulo,3550308,True,EMTU,307,https://moovitapp.com/index/pt-br/transporte_p%C3%BAblico-line-307-Sao_Paulo-242-2038937-36419399-0,5.2,-23.5878095,-46.6295035,,,,1,2023-06-20T11:57:28+00:00
SAO_874T-10,São Paulo,3550308,True,EMTU,307,https://moovitapp.com/index/pt-br/transporte_p%C3%BAblico-line-307-Sao_Paulo-242-2038937-36419399-0,5.2,-23.53197625,-46.673443000000006,,,,1,2023-06-20T11:57:23+00:00
SAO_5154-10,São Paulo,3550308,True,,33121,,,-23.654935000000002,-46.715513625,,,,2,2023-06-20T11:57:25+00:00
SAO_5154-10,São Paulo,3550308,True,,33121,,,-23.655067000000003,-46.716173125,,,,2,2023-06-20T11:56:56+00:00
SAO_5154-10,São Paulo,3550308,True,,33121,,,-23.539582875,-46.63512299999999,,,,2,2023-06-20T11:57:31+00:00
SAO_5154-10,São Paulo,3550308,True,,33121,,,-23.6542305,-46.7113915,,,,2,2023-06-20T11:57:15+00:00
SAO_5154-10,São Paulo,3550308,True,,33121,,,-23.654868999999998,-46.715183874999994,,,,2,2023-06-20T11:57:33+00:00
SAO_5154-10,São Paulo,3550308,True,,33121,,,-23.600362625000002,-46.659273,,,,2,2023-06-20T11:57:23+00:00
SAO_3046-10,São Paulo,3550308,True,,33739,,,-23.579857500000003,-46.525404,,,,2,2023-06-20T11:57:03+00:00
SAO_3046-10,São Paulo,3550308,True,,33739,,,-23.570667999999998,-46.567859999999996,,,,2,2023-06-20T11:57:28+00:00
SAO_3046-10,São Paulo,3550308,True,,33739,,,-23.55544975,-46.573181125000005,,,,2,2023-06-20T11:57:22+00:00
SAO_3046-10,São Paulo,3550308,True,,33739,,,-23.579648499999998,-46.5252835,,,,2,2023-06-20T11:57:32+00:00
SAO_3046-10,São Paulo,3550308,True,,33739,,,-23.581328,-46.54823675,,,,2,2023-06-20T11:56:58+00:00
SAO_3046-10,São Paulo,3550308,True,,33739,,,-23.579447000000002,-46.525166999999996,,,,2,2023-06-20T11:56:59+00:00
SAO_407G-10,São Paulo,3550308,True,,2196,,,-23.558549499999998,-46.5138115,,,,1,2023-06-20T11:57:17+00:00
SAO_407G-10,São Paulo,3550308,True,,2196,,,-23.537625999999996,-46.56210568750001,,,,1,2023-06-20T11:57:35+00:00
SAO_407G-10,São Paulo,3550308,True,,2196,,,-23.6124765,-46.472958,,,,1,2023-06-20T11:56:58+00:00
SAO_407G-10,São Paulo,3550308,True,,2196,,,-23.6120385,-46.4736475,,,,1,2023-06-20T11:57:28+00:00
SAO_407G-10,São Paulo,3550308,True,,2196,,,-23.537376000000002,-46.5608313125,,,,1,2023-06-20T11:57:29+00:00
SAO_407G-10,São Paulo,3550308,True,,2196,,,-23.5394475,-46.542668500000005,,,,1,2023-06-20T11:57:17+00:00
SAO_407G-10,São Paulo,3550308,True,,2196,,,-23.6071035,-46.444582999999994,,,,1,2023-06-20T11:57:18+00:00
SAO_407G-10,São Paulo,3550308,True,,2196,,,-23.611837,-46.4334745,,,,1,2023-06-20T11:57:19+00:00
SAO_407G-10,São Paulo,3550308,True,,2196,,,-23.610859750000003,-46.4343145,,,,1,2023-06-20T11:57:08+00:00
SAO_407G-10,São Paulo,3550308,True,,2196,,,-23.5821525,-46.4907635,,,,1,2023-06-20T11:57:31+00:00
SAO_407G-10,São Paulo,3550308,True,,2196,,,-23.611837,-46.4334745,,,,1,2023-06-20T11:52:18+00:00
SAO_407G-10,São Paulo,3550308,True,,2196,,,-23.611837,-46.4334745,,,,1,2023-06-20T11:57:21+00:00
SAO_407G-10,São Paulo,3550308,True,,2196,,,-23.619676,-46.461057499999995,,,,1,2023-06-20T11:57:30+00:00
SAO_407G-10,São Paulo,3550308,True,,2196,,,-23.611837,-46.4334745,,,,1,2023-06-20T11:57:35+00:00
SAO_407G-10,São Paulo,3550308,True,,2196,,,-23.569069,-46.5042595,,,,1,2023-06-20T11:57:35+00:00
SAO_407G-10,São Paulo,3550308,True,,2196,,,-23.61233075,-46.454850875000005,,,,1,2023-06-20T11:57:29+00:00
SAO_407G-10,São Paulo,3550308,True,,2196,,,-23.60364525,-46.4816365,,,,1,2023-06-20T11:57:21+00:00
SAO_407G-10,São Paulo,3550308,True,,2196,,,-23.5478065,-46.5256445,,,,1,2023-06-20T11:56:53+00:00
SAO_148L-10,São Paulo,3550308,True,EMTU,531,https://moovitapp.com/index/pt-br/transporte_p%C3%BAblico-line-531-Sao_Paulo-242-2038937-36419543-0,4.4,-23.47543725,-46.65927725,,,,1,2023-06-20T11:57:17+00:00
SAO_148L-10,São Paulo,3550308,True,EMTU,531,https://moovitapp.com/index/pt-br/transporte_p%C3%BAblico-line-531-Sao_Paulo-242-2038937-36419543-0,4.4,-23.454537,-46.6522975,,,,1,2023-06-20T11:57:23+00:00
SAO_148L-10,São Paulo,3550308,True,EMTU,531,https://moovitapp.com/index/pt-br/transporte_p%C3%BAblico-line-531-Sao_Paulo-242-2038937-36419543-0,4.4,-23.4805725,-46.6731805,,,,1,2023-06-20T11:57:11+00:00
SAO_148L-10,São Paulo,3550308,True,EMTU,531,https://moovitapp.com/index/pt-br/transporte_p%C3%BAblico-line-531-Sao_Paulo-242-2038937-36419543-0,4.4,-23.454044,-46.661868999999996,,,,1,2023-06-20T11:57:21+00:00
SAO_148L-10,São Paulo,3550308,True,EMTU,531,https://moovitapp.com/index/pt-br/transporte_p%C3%BAblico-line-531-Sao_Paulo-242-2038937-36419543-0,4.4,-23.517587874999997,-46.699211125,,,,1,2023-06-20T11:57:26+00:00
SAO_148L-10,São Paulo,3550308,True,EMTU,531,https://moovitapp.com/index/pt-br/transporte_p%C3%BAblico-line-531-Sao_Paulo-242-2038937-36419543-0,4.4,-23.519864499999997,-46.700969,,,,1,2023-06-20T11:57:19+00:00
SAO_148L-10,São Paulo,3550308,True,EMTU,531,https://moovitapp.com/index/pt-br/transporte_p%C3%BAblico-line-531-Sao_Paulo-242-2038937-36419543-0,4.4,-23.5040325,-46.67317,,,,1,2023-06-20T11:57:06+00:00
SAO_148L-10,São Paulo,3550308,True,EMTU,531,https://moovitapp.com/index/pt-br/transporte_p%C3%BAblico-line-531-Sao_Paulo-242-2038937-36419543-0,4.4,-23.4642835,-46.650597,,,,1,2023-06-20T11:57:22+00:00
SAO_148L-10,São Paulo,3550308,True,EMTU,531,https://moovitapp.com/index/pt-br/transporte_p%C3%BAblico-line-531-Sao_Paulo-242-2038937-36419543-0,4.4,-23.454537,-46.6522975,,,,1,2023-06-20T11:57:22+00:00
SAO_5110-21,São Paulo,3550308,True,,2239,,,-23.6125525,-46.483047,,,,1,2023-06-20T11:57:31+00:00
SAO_5110-21,São Paulo,3550308,True,,2239,,,-23.5827495,-46.5677015,,,,1,2023-06-20T11:57:10+00:00
SAO_5110-21,São Paulo,3550308,True,,2239,,,-23.61459425,-46.500975,,,,1,2023-06-20T11:57:29+00:00
SAO_574C-10,São Paulo,3550308,True,,1639,,,-23.611891999999997,-46.4742795,,,,1,2023-06-20T11:57:27+00:00
SAO_574C-10,São Paulo,3550308,True,,1639,,,-23.589831750000002,-46.5526395,,,,1,2023-06-20T11:57:10+00:00
SAO_574C-10,São Paulo,3550308,True,,1639,,,-23.61464675,-46.50130299999999,,,,1,2023-06-20T11:57:22+00:00
SAO_574C-10,São Paulo,3550308,True,,1639,,,-23.6041575,-46.569525999999996,,,,1,2023-06-20T11:56:44+00:00
SAO_3766-10,São Paulo,3550308,True,,33823,,,-23.53674975,-46.4506235,,,,2,2023-06-20T11:57:33+00:00
SAO_3766-10,São Paulo,3550308,True,,33823,,,-23.553821499999998,-46.428109,,,,2,2023-06-20T11:57:34+00:00
SAO_3766-10,São Paulo,3550308,True,,33823,,,-23.550899,-46.4365125,,,,2,2023-06-20T11:57:06+00:00
SAO_3766-10,São Paulo,3550308,True,,33823,,,-23.553821499999998,-46.428109,,,,2,2023-06-20T11:57:27+00:00
SAO_3766-10,São Paulo,3550308,True,,33823,,,-23.542991,-46.466168999999994,,,,2,2023-06-20T11:57:37+00:00
SAO_3766-10,São Paulo,3550308,True,,33823,,,-23.553821499999998,-46.428109,,,,2,2023-06-20T11:57:21+00:00
SAO_3729-10,São Paulo,3550308,True,,33794,,,-23.564308,-46.5048635,,,,2,2023-06-20T11:57:05+00:00
SAO_3729-10,São Paulo,3550308,True,,33794,,,-23.56468325,-46.50561075,,,,2,2023-06-20T11:57:37+00:00
SAO_3729-10,São Paulo,3550308,True,,33794,,,-23.550435,-46.562489,,,,2,2023-06-20T11:54:25+00:00
SAO_3729-10,São Paulo,3550308,True,,33794,,,-23.545258750000002,-46.563699875,,,,2,2023-06-20T11:57:36+00:00
SAO_3729-10,São Paulo,3550308,True,,33794,,,-23.566467,-46.5072405,,,,2,2023-06-20T11:57:03+00:00
SAO_3729-10,São Paulo,3550308,True,,33794,,,-23.5641645,-46.548413,,,,2,2023-06-20T11:57:18+00:00
SAO_3729-10,São Paulo,3550308,True,,33794,,,-23.564311500000002,-46.5047835,,,,2,2023-06-20T11:56:57+00:00
SAO_3729-10,São Paulo,3550308,True,,33794,,,-23.571440125000002,-46.54053275,,,,2,2023-06-20T11:57:14+00:00
SAO_3729-10,São Paulo,3550308,True,,33794,,,-23.581445,-46.518536999999995,,,,2,2023-06-20T11:57:35+00:00
SAO_6072-23,São Paulo,3550308,True,,2004,,,-23.767591,-46.7163045,,,,1,2023-06-20T11:57:22+00:00
SAO_6072-23,São Paulo,3550308,True,,2004,,,-23.767299,-46.716265,,,,1,2023-06-20T11:56:56+00:00
SAO_6072-23,São Paulo,3550308,True,,2004,,,-23.767591,-46.7163045,,,,1,2023-06-20T11:57:05+00:00
SAO_6072-23,São Paulo,3550308,True,,2004,,,-23.767591,-46.7163045,,,,1,2023-06-20T11:56:54+00:00
SAO_6072-23,São Paulo,3550308,True,,2004,,,-23.767591,-46.7163045,,,,1,2023-06-20T11:57:28+00:00
SAO_278A-10,São Paulo,3550308,True,,706,,,-23.530507999999998,-46.611016750000005,,,,1,2023-06-20T11:57:01+00:00
SAO_278A-10,São Paulo,3550308,True,,706,,,-23.523344,-46.545473,,,,1,2023-06-20T11:56:58+00:00
SAO_9191-10,São Paulo,3550308,True,EMTU,810,https://moovitapp.com/index/pt-br/transporte_p%C3%BAblico-line-810-Sao_Paulo-242-2038937-36419585-0,5.4,-23.503947500000002,-46.684310999999994,,,,1,2023-06-20T11:57:31+00:00
SAO_9191-10,São Paulo,3550308,True,EMTU,810,https://moovitapp.com/index/pt-br/transporte_p%C3%BAblico-line-810-Sao_Paulo-242-2038937-36419585-0,5.4,-23.457959,-46.681827,,,,1,2023-06-20T11:57:22+00:00
SAO_9191-10,São Paulo,3550308,True,EMTU,810,https://moovitapp.com/index/pt-br/transporte_p%C3%BAblico-line-810-Sao_Paulo-242-2038937-36419585-0,5.4,-23.521003,-46.668231,,,,1,2023-06-20T11:57:24+00:00
SAO_9191-10,São Paulo,3550308,True,EMTU,810,https://moovitapp.com/index/pt-br/transporte_p%C3%BAblico-line-810-Sao_Paulo-242-2038937-36419585-0,5.4,-23.455891,-46.678366,,,,1,2023-06-20T11:56:55+00:00
SAO_9191-10,São Paulo,3550308,True,EMTU,810,https://moovitapp.com/index/pt-br/transporte_p%C3%BAblico-line-810-Sao_Paulo-242-2038937-36419585-0,5.4,-23.4752765,-46.6688805,,,,1,2023-06-20T11:57:00+00:00
SAO_9191-10,São Paulo,3550308,True,EMTU,810,https://moovitapp.com/index/pt-br/transporte_p%C3%BAblico-line-810-Sao_Paulo-242-2038937-36419585-0,5.4,-23.46623,-46.668721,,,,1,2023-06-20T11:57:14+00:00
SAO_9191-10,São Paulo,3550308,True,EMTU,810,https://moovitapp.com/index/pt-br/transporte_p%C3%BAblico-line-810-Sao_Paulo-242-2038937-36419585-0,5.4,-23.5260155,-46.645165375000005,,,,1,2023-06-20T11:57:19+00:00
SAO_9191-10,São Paulo,3550308,True,EMTU,810,https://moovitapp.com/index/pt-br/transporte_p%C3%BAblico-line-810-Sao_Paulo-242-2038937-36419585-0,5.4,-23.524351000000003,-46.6598925,,,,1,2023-06-20T11:57:13+00:00
SAO_9191-10,São Paulo,3550308,True,EMTU,810,https://moovitapp.com/index/pt-br/transporte_p%C3%BAblico-line-810-Sao_Paulo-242-2038937-36419585-0,5.4,-23.5096985,-46.6715535,,,,1,2023-06-20T11:57:25+00:00
SAO_3031-10,São Paulo,3550308,True,,967,,,-23.5960025,-46.4386445,,,,1,2023-06-20T11:57:38+00:00
SAO_3031-10,São Paulo,3550308,True,,967,,,-23.5423435,-46.4704945,,,,1,2023-06-20T11:57:15+00:00
SAO_3031-10,São Paulo,3550308,True,,967,,,-23.610268749999996,-46.44770175,,,,1,2023-06-20T11:57:24+00:00
SAO_3031-10,São Paulo,3550308,True,,967,,,-23.542243,-46.4699735,,,,1,2023-06-20T11:57:32+00:00
SAO_3031-10,São Paulo,3550308,True,,967,,,-23.56422,-46.458935499999995,,,,1,2023-06-20T11:57:11+00:00
SAO_3031-10,São Paulo,3550308,True,,967,,,-23.56905,-46.446946,,,,1,2023-06-20T11:57:06+00:00
SAO_3031-10,São Paulo,3550308,True,,967,,,-23.606397,-46.44241687499999,,,,1,2023-06-20T11:57:24+00:00
SAO_9188-10,São Paulo,3550308,True,,33577,,,-23.453406,-46.73102900000001,,,,2,2023-06-20T11:57:02+00:00
SAO_9188-10,São Paulo,3550308,True,,33577,,,-23.454276,-46.7289815,,,,2,2023-06-20T11:57:11+00:00
SAO_9188-10,São Paulo,3550308,True,,33577,,,-23.4801365,-46.718689499999996,,,,2,2023-06-20T11:57:11+00:00
SAO_9188-10,São Paulo,3550308,True,,33577,,,-23.5108955,-46.7053915,,,,2,2023-06-20T11:57:23+00:00
SAO_9188-10,São Paulo,3550308,True,,33577,,,-23.457091,-46.7195275,,,,2,2023-06-20T11:57:23+00:00
SAO_1206-10,São Paulo,3550308,True,,33610,,,-23.5453765,-46.620453499999996,,,,2,2023-06-20T11:57:28+00:00
SAO_1206-10,São Paulo,3550308,True,,33610,,,-23.51989375,-46.59083925,,,,2,2023-06-20T11:57:11+00:00
SAO_1206-10,São Paulo,3550308,True,,33610,,,-23.52606925,-46.58249925,,,,2,2023-06-20T11:57:07+00:00
SAO_1206-10,São Paulo,3550308,True,,33610,,,-23.542944,-46.636325,,,,2,2023-06-20T11:57:25+00:00
SAO_9501-10,São Paulo,3550308,True,EMTU,462,https://moovitapp.com/index/pt-br/transporte_p%C3%BAblico-line-462-Sao_Paulo-242-2038937-36419502-0,7.4,-23.475306,-46.6698155,,,,1,2023-06-20T11:57:27+00:00
SAO_9501-10,São Paulo,3550308,True,EMTU,462,https://moovitapp.com/index/pt-br/transporte_p%C3%BAblico-line-462-Sao_Paulo-242-2038937-36419502-0,7.4,-23.486165125,-46.681783374999995,,,,1,2023-06-20T11:57:33+00:00
SAO_9501-10,São Paulo,3550308,True,EMTU,462,https://moovitapp.com/index/pt-br/transporte_p%C3%BAblico-line-462-Sao_Paulo-242-2038937-36419502-0,7.4,-23.490174500000002,-46.685211499999994,,,,1,2023-06-20T11:57:00+00:00
SAO_9501-10,São Paulo,3550308,True,EMTU,462,https://moovitapp.com/index/pt-br/transporte_p%C3%BAblico-line-462-Sao_Paulo-242-2038937-36419502-0,7.4,-23.475306,-46.6698155,,,,1,2023-06-20T11:57:13+00:00
SAO_9501-10,São Paulo,3550308,True,EMTU,462,https://moovitapp.com/index/pt-br/transporte_p%C3%BAblico-line-462-Sao_Paulo-242-2038937-36419502-0,7.4,-23.522087624999998,-46.6635535,,,,1,2023-06-20T11:57:28+00:00
SAO_9501-10,São Paulo,3550308,True,EMTU,462,https://moovitapp.com/index/pt-br/transporte_p%C3%BAblico-line-462-Sao_Paulo-242-2038937-36419502-0,7.4,-23.520927625,-46.669271062499995,,,,1,2023-06-20T11:57:25+00:00
SAO_9501-10,São Paulo,3550308,True,EMTU,462,https://moovitapp.com/index/pt-br/transporte_p%C3%BAblico-line-462-Sao_Paulo-242-2038937-36419502-0,7.4,-23.478749999999998,-46.673298,,,,1,2023-06-20T11:57:25+00:00
SAO_9501-10,São Paulo,3550308,True,EMTU,462,https://moovitapp.com/index/pt-br/transporte_p%C3%BAblico-line-462-Sao_Paulo-242-2038937-36419502-0,7.4,-23.53906225,-46.640638,,,,1,2023-06-20T11:56:54+00:00
SAO_9501-10,São Paulo,3550308,True,EMTU,462,https://moovitapp.com/index/pt-br/transporte_p%C3%BAblico-line-462-Sao_Paulo-242-2038937-36419502-0,7.4,-23.5024575,-46.68765775,,,,1,2023-06-20T11:57:28+00:00
SAO_3023-10,São Paulo,3550308,True,,33728,,,-23.6130695,-46.4750555,,,,2,2023-06-20T11:57:11+00:00
SAO_3023-10,São Paulo,3550308,True,,33728,,,-23.622758,-46.476946500000004,,,,2,2023-06-20T11:57:01+00:00
SAO_3023-10,São Paulo,3550308,True,,33728,,,-23.5682695,-46.5055005,,,,2,2023-06-20T11:57:35+00:00
SAO_3023-10,São Paulo,3550308,True,,33728,,,-23.563701000000002,-46.505339,,,,2,2023-06-20T11:57:00+00:00
SAO_3023-10,São Paulo,3550308,True,,33728,,,-23.580451500000002,-46.5002865,,,,2,2023-06-20T11:57:25+00:00
SAO_3023-10,São Paulo,3550308,True,,33728,,,-23.564021500000003,-46.5052175,,,,2,2023-06-20T11:57:38+00:00
SAO_6505-10,São Paulo,3550308,True,,34218,,,-23.615032,-46.679569,,,,2,2023-06-20T11:57:04+00:00
SAO_6505-10,São Paulo,3550308,True,,34218,,,-23.550183,-46.639641499999996,,,,2,2023-06-20T11:57:37+00:00
SAO_6505-10,São Paulo,3550308,True,,34218,,,-23.549404,-46.639666,,,,2,2023-06-20T11:57:37+00:00
SAO_2012-10,São Paulo,3550308,True,,2281,,,-23.490578499999998,-46.58591425,,,,1,2023-06-20T11:57:31+00:00
SAO_2012-10,São Paulo,3550308,True,,2281,,,-23.513296,-46.6251845,,,,1,2023-06-20T11:57:31+00:00
SAO_609F-21,São Paulo,3550308,True,BR7 Mobilidade,38,https://moovitapp.com/index/pt-br/transporte_p%C3%BAblico-line-38-Sao_Paulo-242-851856-587254-0,5.75,-23.667388,-46.752701,,,,1,2023-06-20T11:57:25+00:00
SAO_609F-21,São Paulo,3550308,True,BR7 Mobilidade,38,https://moovitapp.com/index/pt-br/transporte_p%C3%BAblico-line-38-Sao_Paulo-242-851856-587254-0,5.75,-23.637232,-46.720438,,,,1,2023-06-20T11:57:23+00:00
SAO_609F-21,São Paulo,3550308,True,BR7 Mobilidade,38,https://moovitapp.com/index/pt-br/transporte_p%C3%BAblico-line-38-Sao_Paulo-242-851856-587254-0,5.75,-23.565117,-46.6572005,,,,1,2023-06-20T11:57:28+00:00
SAO_2735-10,São Paulo,3550308,True,,34689,,,-23.4812760625,-46.502689000000004,,,,2,2023-06-20T11:52:57+00:00
SAO_2735-10,São Paulo,3550308,True,,34689,,,-23.48108,-46.49439625,,,,2,2023-06-20T11:52:18+00:00
SAO_2735-10,São Paulo,3550308,True,,34689,,,-23.480837,-46.494515,,,,2,2023-06-20T11:57:13+00:00
SAO_2735-10,São Paulo,3550308,True,,34689,,,-23.5231655,-46.545469499999996,,,,2,2023-06-20T11:57:10+00:00
SAO_2735-10,São Paulo,3550308,True,,34689,,,-23.48108,-46.49439625,,,,2,2023-06-20T11:55:34+00:00
SAO_2735-10,São Paulo,3550308,True,,34689,,,-23.531025125,-46.5456615,,,,2,2023-06-20T11:57:23+00:00
SAO_3033-10,São Paulo,3550308,True,,33736,,,-23.5993135,-46.4690495,,,,2,2023-06-20T11:57:37+00:00
SAO_3033-10,São Paulo,3550308,True,,33736,,,-23.58173075,-46.415283,,,,2,2023-06-20T11:57:05+00:00
SAO_3033-10,São Paulo,3550308,True,,33736,,,-23.5427145,-46.4149935,,,,2,2023-06-20T11:57:29+00:00
SAO_3033-10,São Paulo,3550308,True,,33736,,,-23.6119995,-46.4735845,,,,2,2023-06-20T11:56:56+00:00
SAO_3033-10,São Paulo,3550308,True,,33736,,,-23.554381,-46.4016475,,,,2,2023-06-20T11:57:02+00:00
SAO_3033-10,São Paulo,3550308,True,,33736,,,-23.5940565,-46.4221105,,,,2,2023-06-20T11:56:53+00:00
SAO_8004-10,São Paulo,3550308,True,,1254,,,-23.48221675,-46.7476475,,,,1,2023-06-20T11:57:28+00:00
SAO_8004-10,São Paulo,3550308,True,,1254,,,-23.5200065,-46.7223005,,,,1,2023-06-20T11:57:20+00:00
SAO_8004-10,São Paulo,3550308,True,,1254,,,-23.493869500000002,-46.749136,,,,1,2023-06-20T11:57:10+00:00
SAO_6078-10,São Paulo,3550308,True,,33934,,,-23.741188,-46.6605715,,,,2,2023-06-20T11:57:06+00:00
SAO_6078-10,São Paulo,3550308,True,,33934,,,-23.68033875,-46.687428000000004,,,,2,2023-06-20T11:57:26+00:00
SAO_6078-10,São Paulo,3550308,True,,33934,,,-23.741594499999998,-46.660188500000004,,,,2,2023-06-20T11:57:24+00:00
SAO_6078-10,São Paulo,3550308,True,,33934,,,-23.753734,-46.680966,,,,2,2023-06-20T11:57:34+00:00
SAO_6078-10,São Paulo,3550308,True,,33934,,,-23.741188,-46.6605715,,,,2,2023-06-20T11:56:59+00:00
SAO_6078-10,São Paulo,3550308,True,,33934,,,-23.71837,-46.699128,,,,2,2023-06-20T11:57:37+00:00
SAO_9019-10,São Paulo,3550308,True,,1433,,,-23.486933,-46.727391499999996,,,,1,2023-06-20T11:56:55+00:00
SAO_9019-10,São Paulo,3550308,True,,1433,,,-23.4545785,-46.7102915,,,,1,2023-06-20T11:56:57+00:00
SAO_9019-10,São Paulo,3550308,True,,1433,,,-23.4545785,-46.7102915,,,,1,2023-06-20T11:57:24+00:00
SAO_9019-10,São Paulo,3550308,True,,1433,,,-23.458111,-46.712601,,,,1,2023-06-20T11:57:23+00:00
SAO_9019-10,São Paulo,3550308,True,,1433,,,-23.4545785,-46.7102915,,,,1,2023-06-20T11:57:03+00:00
SAO_9019-10,São Paulo,3550308,True,,1433,,,-23.463980624999998,-46.7142175,,,,1,2023-06-20T11:57:25+00:00
SAO_9019-10,São Paulo,3550308,True,,1433,,,-23.4828015,-46.72123075,,,,1,2023-06-20T11:57:34+00:00
SAO_2006-10,São Paulo,3550308,True,,895,,,-23.49083075,-46.375268,,,,1,2023-06-20T11:57:15+00:00
SAO_2006-10,São Paulo,3550308,True,,895,,,-23.510832999999998,-46.366727,,,,1,2023-06-20T11:56:06+00:00
SAO_2006-10,São Paulo,3550308,True,,895,,,-23.496879,-46.37118575,,,,1,2023-06-20T11:56:43+00:00
SAO_2006-10,São Paulo,3550308,True,,895,,,-23.494256,-46.4000715,,,,1,2023-06-20T11:56:56+00:00
SAO_2006-10,São Paulo,3550308,True,,895,,,-23.50095,-46.36841725,,,,1,2023-06-20T11:57:09+00:00
SAO_2006-10,São Paulo,3550308,True,,895,,,-23.510832999999998,-46.366727,,,,1,2023-06-20T11:57:24+00:00
SAO_2006-10,São Paulo,3550308,True,,895,,,-23.4941615,-46.400386,,,,1,2023-06-20T11:57:11+00:00
SAO_2006-10,São Paulo,3550308,True,,895,,,-23.5051475,-46.36660425,,,,1,2023-06-20T11:56:57+00:00
SAO_5035-10,São Paulo,3550308,True,,34436,,,-23.6157665,-46.596796499999996,,,,2,2023-06-20T11:57:38+00:00
SAO_5035-10,São Paulo,3550308,True,,34436,,,-23.6369775,-46.591483000000004,,,,2,2023-06-20T11:57:39+00:00
SAO_5035-10,São Paulo,3550308,True,,34436,,,-23.637159500000003,-46.592059,,,,2,2023-06-20T11:57:09+00:00
SAO_6072-10,São Paulo,3550308,True,,1588,,,-23.8185585,-46.70488275,,,,1,2023-06-20T11:57:22+00:00
SAO_6072-10,São Paulo,3550308,True,,1588,,,-23.821491,-46.7041825,,,,1,2023-06-20T11:57:21+00:00
SAO_6072-10,São Paulo,3550308,True,,1588,,,-23.766939,-46.716361,,,,1,2023-06-20T11:57:34+00:00
SAO_6072-10,São Paulo,3550308,True,,1588,,,-23.827348,-46.69764012499999,,,,1,2023-06-20T11:57:36+00:00
SAO_6072-10,São Paulo,3550308,True,,1588,,,-23.7970325,-46.7097035,,,,1,2023-06-20T11:57:10+00:00
SAO_6072-10,São Paulo,3550308,True,,1588,,,-23.7665845,-46.7163125,,,,1,2023-06-20T11:57:01+00:00
SAO_6072-10,São Paulo,3550308,True,,1588,,,-23.813890999999998,-46.7072055,,,,1,2023-06-20T11:55:18+00:00
SAO_6072-10,São Paulo,3550308,True,,1588,,,-23.774646500000003,-46.72047125,,,,1,2023-06-20T11:57:10+00:00
SAO_6072-10,São Paulo,3550308,True,,1588,,,-23.766939,-46.716361,,,,1,2023-06-20T11:57:22+00:00
SAO_407F-10,São Paulo,3550308,True,,34935,,,-23.5602065,-46.5662275,,,,2,2023-06-20T11:56:35+00:00
SAO_407F-10,São Paulo,3550308,True,,34935,,,-23.612038499999997,-46.4762595,,,,2,2023-06-20T11:57:11+00:00
SAO_407F-10,São Paulo,3550308,True,,34935,,,-23.612293,-46.4762035,,,,2,2023-06-20T11:57:05+00:00
SAO_1722-10,São Paulo,3550308,True,,33632,,,-23.482450749999998,-46.67278175,,,,2,2023-06-20T11:56:57+00:00
SAO_1722-10,São Paulo,3550308,True,,33632,,,-23.4798095,-46.601954500000005,,,,2,2023-06-20T11:57:13+00:00
SAO_1722-10,São Paulo,3550308,True,,33632,,,-23.457083500000003,-46.597444,,,,2,2023-06-20T11:56:17+00:00
SAO_1722-10,São Paulo,3550308,True,,33632,,,-23.4751965,-46.650101,,,,2,2023-06-20T11:57:14+00:00
SAO_1722-10,São Paulo,3550308,True,,33632,,,-23.4796945,-46.6728645,,,,2,2023-06-20T11:57:35+00:00
SAO_1722-10,São Paulo,3550308,True,,33632,,,-23.47319225,-46.596866000000006,,,,2,2023-06-20T11:57:16+00:00
SAO_1722-10,São Paulo,3550308,True,,33632,,,-23.457083500000003,-46.597444,,,,2,2023-06-20T11:57:02+00:00
SAO_1722-10,São Paulo,3550308,True,,33632,,,-23.482122250000003,-46.671637000000004,,,,2,2023-06-20T11:57:12+00:00
SAO_6092-10,São Paulo,3550308,True,,1177,,,-23.7639805,-46.691311999999996,,,,1,2023-06-20T11:57:10+00:00
SAO_6092-10,São Paulo,3550308,True,,1177,,,-23.745022249999998,-46.68988075,,,,1,2023-06-20T11:57:32+00:00
SAO_6092-10,São Paulo,3550308,True,,1177,,,-23.73484475,-46.695252249999996,,,,1,2023-06-20T11:57:31+00:00
SAO_6092-10,São Paulo,3550308,True,,1177,,,-23.776075,-46.682036,,,,1,2023-06-20T11:57:01+00:00
SAO_273F-10,São Paulo,3550308,True,,32927,,,-23.52581875,-46.4457,,,,2,2023-06-20T11:57:32+00:00
SAO_8605-10,São Paulo,3550308,True,,34685,,,-23.591506375,-46.731275249999996,,,,2,2023-06-20T11:57:34+00:00
SAO_8605-10,São Paulo,3550308,True,,34685,,,-23.631508,-46.7726,,,,2,2023-06-20T11:57:17+00:00
SAO_8605-10,São Paulo,3550308,True,,34685,,,-23.631508,-46.7726,,,,2,2023-06-20T11:57:27+00:00
SAO_8605-10,São Paulo,3550308,True,,34685,,,-23.550183,-46.639641499999996,,,,2,2023-06-20T11:57:32+00:00
SAO_373L-10,São Paulo,3550308,True,,1027,,,-23.6224955,-46.4141075,,,,1,2023-06-20T11:57:26+00:00
SAO_373L-10,São Paulo,3550308,True,,1027,,,-23.622793,-46.417176999999995,,,,1,2023-06-20T11:57:38+00:00
SAO_373L-10,São Paulo,3550308,True,,1027,,,-23.564494500000002,-46.458603,,,,1,2023-06-20T11:57:28+00:00
SAO_373L-10,São Paulo,3550308,True,,1027,,,-23.596196,-46.435897499999996,,,,1,2023-06-20T11:57:14+00:00
SAO_4708-10,São Paulo,3550308,True,EMTU,332,https://moovitapp.com/index/pt-br/transporte_p%C3%BAblico-line-332-Sao_Paulo-242-2038937-36419418-0,4.5,-23.607209500000003,-46.614133499999994,,,,1,2023-06-20T11:57:34+00:00
SAO_4708-10,São Paulo,3550308,True,EMTU,332,https://moovitapp.com/index/pt-br/transporte_p%C3%BAblico-line-332-Sao_Paulo-242-2038937-36419418-0,4.5,-23.63982,-46.607300499999994,,,,1,2023-06-20T11:57:32+00:00
SAO_967A-10,São Paulo,3550308,True,EMTU,568,https://moovitapp.com/index/pt-br/transporte_p%C3%BAblico-line-568-Sao_Paulo-242-2038937-36419565-0,7.8,-23.4804295,-46.656615,,,,1,2023-06-20T11:57:17+00:00
SAO_967A-10,São Paulo,3550308,True,EMTU,568,https://moovitapp.com/index/pt-br/transporte_p%C3%BAblico-line-568-Sao_Paulo-242-2038937-36419565-0,7.8,-23.57163975,-46.653099749999996,,,,1,2023-06-20T11:56:58+00:00
SAO_967A-10,São Paulo,3550308,True,EMTU,568,https://moovitapp.com/index/pt-br/transporte_p%C3%BAblico-line-568-Sao_Paulo-242-2038937-36419565-0,7.8,-23.5857365,-46.678846,,,,1,2023-06-20T11:57:17+00:00
SAO_967A-10,São Paulo,3550308,True,EMTU,568,https://moovitapp.com/index/pt-br/transporte_p%C3%BAblico-line-568-Sao_Paulo-242-2038937-36419565-0,7.8,-23.4804295,-46.656615,,,,1,2023-06-20T11:57:22+00:00
SAO_967A-10,São Paulo,3550308,True,EMTU,568,https://moovitapp.com/index/pt-br/transporte_p%C3%BAblico-line-568-Sao_Paulo-242-2038937-36419565-0,7.8,-23.537359375,-46.649573875,,,,1,2023-06-20T11:57:07+00:00
SAO_967A-10,São Paulo,3550308,True,EMTU,568,https://moovitapp.com/index/pt-br/transporte_p%C3%BAblico-line-568-Sao_Paulo-242-2038937-36419565-0,7.8,-23.50283425,-46.6530875,,,,1,2023-06-20T11:57:38+00:00
SAO_4310-10,São Paulo,3550308,True,,2160,,,-23.547885,-46.6263685,,,,1,2023-06-20T11:57:00+00:00
SAO_4310-10,São Paulo,3550308,True,,2160,,,-23.5343295,-46.545606875,,,,1,2023-06-20T11:57:13+00:00
SAO_4310-10,São Paulo,3550308,True,,2160,,,-23.53201225,-46.500731,,,,1,2023-06-20T11:54:14+00:00
SAO_4310-10,São Paulo,3550308,True,,2160,,,-23.535216,-46.4541105,,,,1,2023-06-20T11:56:53+00:00
SAO_4310-10,São Paulo,3550308,True,,2160,,,-23.535216,-46.4541105,,,,1,2023-06-20T11:57:20+00:00
SAO_4310-10,São Paulo,3550308,True,,2160,,,-23.534413,-46.4526755,,,,1,2023-06-20T11:57:31+00:00
SAO_4310-10,São Paulo,3550308,True,,2160,,,-23.5413885,-46.483701499999995,,,,1,2023-06-20T11:57:04+00:00
SAO_4310-10,São Paulo,3550308,True,,2160,,,-23.539172750000002,-46.57057475,,,,1,2023-06-20T11:57:11+00:00
SAO_4310-10,São Paulo,3550308,True,,2160,,,-23.5423815,-46.58294425,,,,1,2023-06-20T11:56:53+00:00
SAO_4310-10,São Paulo,3550308,True,,2160,,,-23.539934000000002,-46.4609565,,,,1,2023-06-20T11:56:59+00:00
SAO_4310-10,São Paulo,3550308,True,,2160,,,-23.547369,-46.630520000000004,,,,1,2023-06-20T11:57:28+00:00
SAO_4310-10,São Paulo,3550308,True,,2160,,,-23.53278775,-46.53761324999999,,,,1,2023-06-20T11:57:30+00:00
SAO_4310-10,São Paulo,3550308,True,,2160,,,-23.539172750000002,-46.57057475,,,,1,2023-06-20T11:57:01+00:00
SAO_4310-10,São Paulo,3550308,True,,2160,,,-23.5418575,-46.482772499999996,,,,1,2023-06-20T11:56:57+00:00
SAO_4310-10,São Paulo,3550308,True,,2160,,,-23.546870499999997,-46.626427,,,,1,2023-06-20T11:54:15+00:00
SAO_4310-10,São Paulo,3550308,True,,2160,,,-23.5382535,-46.486276000000004,,,,1,2023-06-20T11:57:31+00:00
SAO_4310-10,São Paulo,3550308,True,,2160,,,-23.552018000000004,-46.621163375,,,,1,2023-06-20T11:57:18+00:00
SAO_8500-10,São Paulo,3550308,True,,1267,,,-23.48629,-46.7260085,,,,1,2023-06-20T11:57:16+00:00
SAO_8500-10,São Paulo,3550308,True,,1267,,,-23.5248585,-46.669369,,,,1,2023-06-20T11:57:07+00:00
SAO_8500-10,São Paulo,3550308,True,,1267,,,-23.484783,-46.723133,,,,1,2023-06-20T11:57:01+00:00
SAO_8500-10,São Paulo,3550308,True,,1267,,,-23.48629,-46.7260085,,,,1,2023-06-20T11:57:32+00:00
SAO_8500-10,São Paulo,3550308,True,,1267,,,-23.491547750000002,-46.7101615,,,,1,2023-06-20T11:57:16+00:00
SAO_8500-10,São Paulo,3550308,True,,1267,,,-23.510699,-46.705584,,,,1,2023-06-20T11:57:28+00:00
SAO_8500-10,São Paulo,3550308,True,,1267,,,-23.51554625,-46.68866075,,,,1,2023-06-20T11:57:00+00:00
SAO_809P-10,São Paulo,3550308,True,,34659,,,-23.586288500000002,-46.7236685,,,,2,2023-06-20T11:57:37+00:00
SAO_809P-10,São Paulo,3550308,True,,34659,,,-23.572976750000002,-46.705288499999995,,,,2,2023-06-20T11:57:10+00:00
SAO_809P-10,São Paulo,3550308,True,,34659,,,-23.566692500000002,-46.701378500000004,,,,2,2023-06-20T11:57:03+00:00
SAO_809P-10,São Paulo,3550308,True,,34659,,,-23.622169,-46.7590395,,,,2,2023-06-20T11:57:02+00:00
SAO_809P-10,São Paulo,3550308,True,,34659,,,-23.566692500000002,-46.701378500000004,,,,2,2023-06-20T11:57:26+00:00
SAO_809P-10,São Paulo,3550308,True,,34659,,,-23.6313825,-46.77286,,,,2,2023-06-20T11:56:57+00:00
SAO_809P-10,São Paulo,3550308,True,,34659,,,-23.631258,-46.773112999999995,,,,2,2023-06-20T11:56:58+00:00
SAO_8705-10,São Paulo,3550308,True,,34840,,,-23.574617,-46.730098,,,,2,2023-06-20T11:57:14+00:00
SAO_8705-10,São Paulo,3550308,True,,34840,,,-23.549644999999998,-46.758286,,,,2,2023-06-20T11:57:25+00:00
SAO_8705-10,São Paulo,3550308,True,,34840,,,-23.547614000000003,-46.760172999999995,,,,2,2023-06-20T11:57:08+00:00
SAO_8705-10,São Paulo,3550308,True,,34840,,,-23.5557355,-46.663118,,,,2,2023-06-20T11:57:23+00:00
SAO_4056-10,São Paulo,3550308,True,,2237,,,-23.607075000000002,-46.4513815,,,,1,2023-06-20T11:57:33+00:00
SAO_4056-10,São Paulo,3550308,True,,2237,,,-23.6105105,-46.46262025,,,,1,2023-06-20T11:57:17+00:00
SAO_4056-10,São Paulo,3550308,True,,2237,,,-23.607075000000002,-46.4513815,,,,1,2023-06-20T11:57:07+00:00
SAO_4056-10,São Paulo,3550308,True,,2237,,,-23.603322,-46.451874000000004,,,,1,2023-06-20T11:57:29+00:00
SAO_4056-10,São Paulo,3550308,True,,2237,,,-23.608497749999998,-46.4589035,,,,1,2023-06-20T11:57:05+00:00
SAO_1709-21,São Paulo,3550308,True,,1967,,,-23.4644525,-46.596099,,,,1,2023-06-20T11:57:27+00:00
SAO_273R-10,São Paulo,3550308,True,,32994,,,-23.53987,-46.4833455,,,,2,2023-06-20T11:56:34+00:00
SAO_273R-10,São Paulo,3550308,True,,32994,,,-23.5041765,-46.433013,,,,2,2023-06-20T11:57:22+00:00
SAO_273R-10,São Paulo,3550308,True,,32994,,,-23.525419875,-46.474753125,,,,2,2023-06-20T11:57:16+00:00
SAO_273R-10,São Paulo,3550308,True,,32994,,,-23.526402625000003,-46.474567375,,,,2,2023-06-20T11:57:25+00:00
SAO_273R-10,São Paulo,3550308,True,,32994,,,-23.522662999999998,-46.41263875,,,,2,2023-06-20T11:56:53+00:00
SAO_273R-10,São Paulo,3550308,True,,32994,,,-23.517899874999998,-46.47611825,,,,2,2023-06-20T11:57:00+00:00
SAO_8594-41,São Paulo,3550308,True,STT,434,https://moovitapp.com/index/pt-br/transporte_p%C3%BAblico-line-434-Sao_Paulo-242-850661-183309-0,5.3,-23.5146865,-46.700142,,,,1,2023-06-20T11:57:19+00:00
SAO_8594-41,São Paulo,3550308,True,STT,434,https://moovitapp.com/index/pt-br/transporte_p%C3%BAblico-line-434-Sao_Paulo-242-850661-183309-0,5.3,-23.4570205,-46.7203085,,,,1,2023-06-20T11:56:56+00:00
SAO_8594-41,São Paulo,3550308,True,STT,434,https://moovitapp.com/index/pt-br/transporte_p%C3%BAblico-line-434-Sao_Paulo-242-850661-183309-0,5.3,-23.5325365,-46.657965250000004,,,,1,2023-06-20T11:57:07+00:00
SAO_3743-10,São Paulo,3550308,True,,1043,,,-23.542410500000003,-46.4699315,,,,1,2023-06-20T11:57:05+00:00
SAO_3743-10,São Paulo,3550308,True,,1043,,,-23.609655125000003,-46.475260625000004,,,,1,2023-06-20T11:57:39+00:00
SAO_3743-10,São Paulo,3550308,True,,1043,,,-23.555165125000002,-46.46454262500001,,,,1,2023-06-20T11:57:19+00:00
SAO_3743-10,São Paulo,3550308,True,,1043,,,-23.589880625,-46.4898265,,,,1,2023-06-20T11:57:08+00:00
SAO_3718-10,São Paulo,3550308,True,,33781,,,-23.5529105,-46.4843045,,,,2,2023-06-20T11:57:08+00:00
SAO_3718-10,São Paulo,3550308,True,,33781,,,-23.541107,-46.4847105,,,,2,2023-06-20T11:57:27+00:00
SAO_3718-10,São Paulo,3550308,True,,33781,,,-23.5457405,-46.4811995,,,,2,2023-06-20T11:57:06+00:00
SAO_3718-10,São Paulo,3550308,True,,33781,,,-23.55706475,-46.4846869375,,,,2,2023-06-20T11:57:34+00:00
SAO_3718-10,São Paulo,3550308,True,,33781,,,-23.540855999999998,-46.4849405,,,,2,2023-06-20T11:57:04+00:00
SAO_3718-10,São Paulo,3550308,True,,33781,,,-23.541107,-46.4847105,,,,2,2023-06-20T11:57:13+00:00
SAO_2013-10,São Paulo,3550308,True,,899,,,-23.4546975,-46.658477500000004,,,,1,2023-06-20T11:57:05+00:00
SAO_2013-10,São Paulo,3550308,True,,899,,,-23.46405425,-46.655536250000004,,,,1,2023-06-20T11:56:59+00:00
SAO_2013-10,São Paulo,3550308,True,,899,,,-23.459918000000002,-46.648571000000004,,,,1,2023-06-20T11:57:19+00:00
SAO_2013-10,São Paulo,3550308,True,,899,,,-23.4670375,-46.663279,,,,1,2023-06-20T11:56:55+00:00
SAO_2013-10,São Paulo,3550308,True,,899,,,-23.4559865,-46.6556865,,,,1,2023-06-20T11:57:35+00:00
SAO_2013-10,São Paulo,3550308,True,,899,,,-23.4698585,-46.6484995,,,,1,2023-06-20T11:57:02+00:00
SAO_2013-10,São Paulo,3550308,True,,899,,,-23.47152125,-46.67050425,,,,1,2023-06-20T11:57:30+00:00
SAO_6L03-10,São Paulo,3550308,True,,1565,,,-23.874578,-46.7629925,,,,1,2023-06-20T11:57:37+00:00
SAO_8003-10,São Paulo,3550308,True,,1253,,,-23.516796499999998,-46.726505,,,,1,2023-06-20T11:57:05+00:00
SAO_8003-10,São Paulo,3550308,True,,1253,,,-23.5196005,-46.700601,,,,1,2023-06-20T11:57:27+00:00
SAO_3099-10,São Paulo,3550308,True,,33847,,,-23.6071345,-46.444717,,,,2,2023-06-20T11:57:31+00:00
SAO_3099-10,São Paulo,3550308,True,,33847,,,-23.611891999999997,-46.4742795,,,,2,2023-06-20T11:57:26+00:00
SAO_3099-10,São Paulo,3550308,True,,33847,,,-23.593412875000002,-46.488488499999995,,,,2,2023-06-20T11:57:05+00:00
SAO_3099-10,São Paulo,3550308,True,,33847,,,-23.610959,-46.476257875,,,,2,2023-06-20T11:57:11+00:00
SAO_3099-10,São Paulo,3550308,True,,33847,,,-23.614266,-46.456616,,,,2,2023-06-20T11:57:21+00:00
SAO_3099-10,São Paulo,3550308,True,,33847,,,-23.614136000000002,-46.45623,,,,2,2023-06-20T11:57:29+00:00
SAO_3099-10,São Paulo,3550308,True,,33847,,,-23.593412875000002,-46.488488499999995,,,,2,2023-06-20T11:57:26+00:00
SAO_3099-10,São Paulo,3550308,True,,33847,,,-23.611216499999998,-46.444525,,,,2,2023-06-20T11:56:58+00:00
SAO_3099-10,São Paulo,3550308,True,,33847,,,-23.613286000000002,-46.4441805,,,,2,2023-06-20T11:57:35+00:00
SAO_3099-10,São Paulo,3550308,True,,33847,,,-23.601649,-46.4833325,,,,2,2023-06-20T11:57:24+00:00
SAO_3099-10,São Paulo,3550308,True,,33847,,,-23.625536500000003,-46.462956500000004,,,,2,2023-06-20T11:57:34+00:00
SAO_5611-10,São Paulo,3550308,True,,33366,,,-23.7160135,-46.624853,,,,2,2023-06-20T11:57:26+00:00
SAO_5611-10,São Paulo,3550308,True,,33366,,,-23.710545000000003,-46.6382335,,,,2,2023-06-20T11:55:33+00:00
SAO_5611-10,São Paulo,3550308,True,,33366,,,-23.688616500000002,-46.6803075,,,,2,2023-06-20T11:56:52+00:00
SAO_5611-10,São Paulo,3550308,True,,33366,,,-23.572406125,-46.641142875,,,,2,2023-06-20T11:57:16+00:00
SAO_1024-10,São Paulo,3550308,True,,2302,,,-23.48940525,-46.69845125,,,,1,2023-06-20T11:57:16+00:00
SAO_1024-10,São Paulo,3550308,True,,2302,,,-23.4588385,-46.707260500000004,,,,1,2023-06-20T11:57:18+00:00
SAO_1024-10,São Paulo,3550308,True,,2302,,,-23.459429999999998,-46.69849375,,,,1,2023-06-20T11:57:15+00:00
SAO_1024-10,São Paulo,3550308,True,,2302,,,-23.4708355,-46.698254000000006,,,,1,2023-06-20T11:57:37+00:00
SAO_1024-10,São Paulo,3550308,True,,2302,,,-23.457571,-46.703492,,,,1,2023-06-20T11:56:57+00:00
SAO_809P-10,São Paulo,3550308,True,,1891,,,-23.59603825,-46.73931725,,,,1,2023-06-20T11:57:36+00:00
SAO_809P-10,São Paulo,3550308,True,,1891,,,-23.62714275,-46.766670250000004,,,,1,2023-06-20T11:57:35+00:00
SAO_809P-10,São Paulo,3550308,True,,1891,,,-23.620606,-46.757688,,,,1,2023-06-20T11:57:13+00:00
SAO_809P-10,São Paulo,3550308,True,,1891,,,-23.566353999999997,-46.7015815,,,,1,2023-06-20T11:57:17+00:00
SAO_809P-10,São Paulo,3550308,True,,1891,,,-23.5884455,-46.72766775,,,,1,2023-06-20T11:57:18+00:00
SAO_809P-10,São Paulo,3550308,True,,1891,,,-23.56748725,-46.6965105,,,,1,2023-06-20T11:57:26+00:00
SAO_809P-10,São Paulo,3550308,True,,1891,,,-23.5770875,-46.70783025,,,,1,2023-06-20T11:57:02+00:00
SAO_5032-10,São Paulo,3550308,True,,1662,,,-23.6165525,-46.5932585,,,,1,2023-06-20T11:57:19+00:00
SAO_5032-10,São Paulo,3550308,True,,1662,,,-23.6028715,-46.602697,,,,1,2023-06-20T11:57:12+00:00
SAO_5032-10,São Paulo,3550308,True,,1662,,,-23.6368005,-46.593399500000004,,,,1,2023-06-20T11:57:02+00:00
SAO_5032-10,São Paulo,3550308,True,,1662,,,-23.59207,-46.5950645,,,,1,2023-06-20T11:57:11+00:00
SAO_5032-10,São Paulo,3550308,True,,1662,,,-23.60024325,-46.60212225,,,,1,2023-06-20T11:57:32+00:00
SAO_5032-10,São Paulo,3550308,True,,1662,,,-23.631518999999997,-46.58502,,,,1,2023-06-20T11:57:27+00:00
SAO_5032-10,São Paulo,3550308,True,,1662,,,-23.6165525,-46.5932585,,,,1,2023-06-20T11:56:57+00:00
SAO_5032-10,São Paulo,3550308,True,,1662,,,-23.6368005,-46.593399500000004,,,,1,2023-06-20T11:57:25+00:00
SAO_6015-10,São Paulo,3550308,True,,1205,,,-23.6467495,-46.704724,,,,1,2023-06-20T11:57:25+00:00
SAO_6015-10,São Paulo,3550308,True,,1205,,,-23.667816000000002,-46.7312965,,,,1,2023-06-20T11:57:30+00:00
SAO_6015-10,São Paulo,3550308,True,,1205,,,-23.6894615,-46.77340325,,,,1,2023-06-20T11:57:12+00:00
SAO_6015-10,São Paulo,3550308,True,,1205,,,-23.677487,-46.761376,,,,1,2023-06-20T11:57:33+00:00
SAO_6015-10,São Paulo,3550308,True,,1205,,,-23.712802,-46.78186049999999,,,,1,2023-06-20T11:57:35+00:00
SAO_6015-10,São Paulo,3550308,True,,1205,,,-23.6636725,-46.7077935,,,,1,2023-06-20T11:57:27+00:00
SAO_6015-10,São Paulo,3550308,True,,1205,,,-23.734759750000002,-46.78797175,,,,1,2023-06-20T11:57:39+00:00
SAO_6015-10,São Paulo,3550308,True,,1205,,,-23.734715,-46.7945555,,,,1,2023-06-20T11:57:35+00:00
SAO_6015-10,São Paulo,3550308,True,,1205,,,-23.697073500000002,-46.779371999999995,,,,1,2023-06-20T11:57:34+00:00
SAO_6015-10,São Paulo,3550308,True,,1205,,,-23.6762115,-46.75732575,,,,1,2023-06-20T11:57:11+00:00
SAO_3763-10,São Paulo,3550308,True,,1054,,,-23.562314999999998,-46.551222499999994,,,,1,2023-06-20T11:57:37+00:00
SAO_3763-10,São Paulo,3550308,True,,1054,,,-23.541020500000002,-46.576741999999996,,,,1,2023-06-20T11:57:28+00:00
SAO_3763-10,São Paulo,3550308,True,,1054,,,-23.5409625,-46.5764615,,,,1,2023-06-20T11:57:02+00:00
SAO_3763-10,São Paulo,3550308,True,,1054,,,-23.563689500000002,-46.5334735,,,,1,2023-06-20T11:57:08+00:00
SAO_3763-10,São Paulo,3550308,True,,1054,,,-23.541414000000003,-46.57794225,,,,1,2023-06-20T11:57:07+00:00
SAO_3763-10,São Paulo,3550308,True,,1054,,,-23.558262,-46.522529000000006,,,,1,2023-06-20T11:57:32+00:00
SAO_3763-10,São Paulo,3550308,True,,1054,,,-23.547455,-46.56458975,,,,1,2023-06-20T11:57:00+00:00
SAO_5031-21,São Paulo,3550308,True,,34515,,,-23.602815,-46.602648,,,,2,2023-06-20T11:57:03+00:00
SAO_5031-21,São Paulo,3550308,True,,34515,,,-23.61714225,-46.593075999999996,,,,2,2023-06-20T11:57:04+00:00
SAO_5031-21,São Paulo,3550308,True,,34515,,,-23.602815,-46.602648,,,,2,2023-06-20T11:57:09+00:00
SAO_9005-10,São Paulo,3550308,True,,872,,,-23.4542915,-46.6754385,,,,1,2023-06-20T11:57:14+00:00
SAO_9005-10,São Paulo,3550308,True,,872,,,-23.450224,-46.6851425,,,,1,2023-06-20T11:57:35+00:00
SAO_9005-10,São Paulo,3550308,True,,872,,,-23.454378499999997,-46.693401,,,,1,2023-06-20T11:56:53+00:00
SAO_9005-10,São Paulo,3550308,True,,872,,,-23.4745985,-46.670230000000004,,,,1,2023-06-20T11:57:26+00:00
SAO_9005-10,São Paulo,3550308,True,,872,,,-23.454378499999997,-46.693401,,,,1,2023-06-20T11:57:34+00:00
SAO_9005-10,São Paulo,3550308,True,,872,,,-23.454094750000003,-46.692645999999996,,,,1,2023-06-20T11:57:06+00:00
SAO_9005-10,São Paulo,3550308,True,,872,,,-23.45375225,-46.69233625,,,,1,2023-06-20T11:56:52+00:00
SAO_9005-10,São Paulo,3550308,True,,872,,,-23.473862,-46.6702305,,,,1,2023-06-20T11:57:31+00:00
SAO_9005-10,São Paulo,3550308,True,,872,,,-23.4501845,-46.6797265,,,,1,2023-06-20T11:57:35+00:00
SAO_6051-31,São Paulo,3550308,True,,34374,,,-23.763543,-46.696774000000005,,,,2,2023-06-20T11:57:12+00:00
SAO_574W-10,São Paulo,3550308,True,,34397,,,-23.561529999999998,-46.56333,,,,2,2023-06-20T11:57:27+00:00
SAO_574W-10,São Paulo,3550308,True,,34397,,,-23.576680500000002,-46.5223935,,,,2,2023-06-20T11:57:38+00:00
SAO_574W-10,São Paulo,3550308,True,,34397,,,-23.61519175,-46.48790975,,,,2,2023-06-20T11:57:13+00:00
SAO_574W-10,São Paulo,3550308,True,,34397,,,-23.608862,-46.505908500000004,,,,2,2023-06-20T11:57:26+00:00
SAO_6026-10,São Paulo,3550308,True,,32855,,,-23.748841,-46.703187,,,,2,2023-06-20T11:57:30+00:00
SAO_6026-10,São Paulo,3550308,True,,32855,,,-23.706488999999998,-46.68819,,,,2,2023-06-20T11:57:15+00:00
SAO_6026-10,São Paulo,3550308,True,,32855,,,-23.6684465,-46.6894695,,,,2,2023-06-20T11:57:14+00:00
SAO_3063-41,São Paulo,3550308,True,EMTU,254,https://moovitapp.com/index/pt-br/transporte_p%C3%BAblico-line-254-Sao_Paulo-242-2038937-36419365-0,4.85,-23.542544,-46.4158275,,,,1,2023-06-20T11:57:31+00:00
SAO_3063-41,São Paulo,3550308,True,EMTU,254,https://moovitapp.com/index/pt-br/transporte_p%C3%BAblico-line-254-Sao_Paulo-242-2038937-36419365-0,4.85,-23.5958445,-46.434946499999995,,,,1,2023-06-20T11:57:09+00:00
SAO_3063-41,São Paulo,3550308,True,EMTU,254,https://moovitapp.com/index/pt-br/transporte_p%C3%BAblico-line-254-Sao_Paulo-242-2038937-36419365-0,4.85,-23.59853,-46.468552,,,,1,2023-06-20T11:57:23+00:00
SAO_407H-10,São Paulo,3550308,True,,2197,,,-23.630965500000002,-46.4467205,,,,1,2023-06-20T11:56:54+00:00
SAO_407H-10,São Paulo,3550308,True,,2197,,,-23.633248000000002,-46.4428945,,,,1,2023-06-20T11:57:04+00:00
SAO_407H-10,São Paulo,3550308,True,,2197,,,-23.561714000000002,-46.465716,,,,1,2023-06-20T11:56:56+00:00
SAO_407H-10,São Paulo,3550308,True,,2197,,,-23.628946,-46.445373000000004,,,,1,2023-06-20T11:57:32+00:00
SAO_407H-10,São Paulo,3550308,True,,2197,,,-23.622009,-46.4510455,,,,1,2023-06-20T11:57:24+00:00
SAO_407H-10,São Paulo,3550308,True,,2197,,,-23.602362,-46.4520825,,,,1,2023-06-20T11:54:31+00:00
SAO_407H-10,São Paulo,3550308,True,,2197,,,-23.551655500000003,-46.46268225,,,,1,2023-06-20T11:57:13+00:00
SAO_407H-10,São Paulo,3550308,True,,2197,,,-23.5974495,-46.443794,,,,1,2023-06-20T11:57:15+00:00
SAO_407H-10,São Paulo,3550308,True,,2197,,,-23.613701,-46.4558955,,,,1,2023-06-20T11:57:32+00:00
SAO_3053-10,São Paulo,3550308,True,,973,,,-23.585012,-46.52037825000001,,,,1,2023-06-20T11:57:28+00:00
SAO_3053-10,São Paulo,3550308,True,,973,,,-23.542897,-46.588194,,,,1,2023-06-20T11:57:03+00:00
SAO_3053-10,São Paulo,3550308,True,,973,,,-23.5756765,-46.54115875,,,,1,2023-06-20T11:57:15+00:00
SAO_3053-10,São Paulo,3550308,True,,973,,,-23.5428795,-46.5880115,,,,1,2023-06-20T11:57:22+00:00
SAO_3053-10,São Paulo,3550308,True,,973,,,-23.581571,-46.537098,,,,1,2023-06-20T11:56:58+00:00
SAO_3053-10,São Paulo,3550308,True,,973,,,-23.5870535,-46.5154945,,,,1,2023-06-20T11:57:39+00:00
SAO_3053-10,São Paulo,3550308,True,,973,,,-23.585147999999997,-46.494602,,,,1,2023-06-20T11:57:08+00:00
SAO_6093-10,São Paulo,3550308,True,,34353,,,-23.7908575,-46.7269395,,,,2,2023-06-20T11:57:19+00:00
SAO_6093-10,São Paulo,3550308,True,,34353,,,-23.7471885,-46.708067,,,,2,2023-06-20T11:57:13+00:00
SAO_6093-10,São Paulo,3550308,True,,34353,,,-23.846876,-46.715995500000005,,,,2,2023-06-20T11:57:10+00:00
SAO_6093-10,São Paulo,3550308,True,,34353,,,-23.847229499999997,-46.715765,,,,2,2023-06-20T11:57:33+00:00
SAO_6093-10,São Paulo,3550308,True,,34353,,,-23.832611,-46.7228125,,,,2,2023-06-20T11:57:38+00:00
SAO_5123-10,São Paulo,3550308,True,,33893,,,-23.619031,-46.639412,,,,2,2023-06-20T11:57:09+00:00
SAO_5123-10,São Paulo,3550308,True,,33893,,,-23.5972005,-46.6379105,,,,2,2023-06-20T11:57:12+00:00
SAO_5123-10,São Paulo,3550308,True,,33893,,,-23.680918874999996,-46.632875125,,,,2,2023-06-20T11:57:35+00:00
SAO_5123-10,São Paulo,3550308,True,,33893,,,-23.671036,-46.643576749999994,,,,2,2023-06-20T11:57:30+00:00
SAO_5123-10,São Paulo,3550308,True,,33893,,,-23.679189,-46.6308415,,,,2,2023-06-20T11:57:04+00:00
SAO_5123-10,São Paulo,3550308,True,,33893,,,-23.678922999999998,-46.630571,,,,2,2023-06-20T11:56:53+00:00
SAO_4708-10,São Paulo,3550308,True,,33100,,,-23.621591000000002,-46.6080365,,,,2,2023-06-20T11:57:32+00:00
SAO_4708-10,São Paulo,3550308,True,,33100,,,-23.589377499999998,-46.633944,,,,2,2023-06-20T11:57:29+00:00
SAO_6813-10,São Paulo,3550308,True,,32801,,,-23.668012249999997,-46.764174,,,,2,2023-06-20T11:57:28+00:00
SAO_6813-10,São Paulo,3550308,True,,32801,,,-23.656189,-46.7628905,,,,2,2023-06-20T11:57:05+00:00
SAO_6017-10,São Paulo,3550308,True,,33974,,,-23.6728545,-46.74413925,,,,2,2023-06-20T11:57:06+00:00
SAO_6017-10,São Paulo,3550308,True,,33974,,,-23.696996,-46.7609965,,,,2,2023-06-20T11:57:06+00:00
SAO_6017-10,São Paulo,3550308,True,,33974,,,-23.696996,-46.7609965,,,,2,2023-06-20T11:57:36+00:00
SAO_6017-10,São Paulo,3550308,True,,33974,,,-23.675821,-46.7523695,,,,2,2023-06-20T11:57:37+00:00
SAO_6017-10,São Paulo,3550308,True,,33974,,,-23.696842,-46.760988,,,,2,2023-06-20T11:57:36+00:00
SAO_6017-10,São Paulo,3550308,True,,33974,,,-23.696901,-46.761,,,,2,2023-06-20T11:57:01+00:00
SAO_6017-10,São Paulo,3550308,True,,33974,,,-23.683030000000002,-46.7687525,,,,2,2023-06-20T11:57:17+00:00
SAO_6017-10,São Paulo,3550308,True,,33974,,,-23.6657155,-46.712301499999995,,,,2,2023-06-20T11:57:04+00:00
SAO_9785-10,São Paulo,3550308,True,,33596,,,-23.472289,-46.6914485,,,,2,2023-06-20T11:57:32+00:00
SAO_9785-10,São Paulo,3550308,True,,33596,,,-23.528572500000003,-46.6758365,,,,2,2023-06-20T11:57:14+00:00
SAO_9785-10,São Paulo,3550308,True,,33596,,,-23.456933,-46.69915625,,,,2,2023-06-20T11:57:07+00:00
SAO_9785-10,São Paulo,3550308,True,,33596,,,-23.50733,-46.680855,,,,2,2023-06-20T11:57:22+00:00
SAO_3738-10,São Paulo,3550308,True,,1038,,,-23.5630765,-46.394354,,,,1,2023-06-20T11:57:01+00:00
SAO_3738-10,São Paulo,3550308,True,,1038,,,-23.55106675,-46.42797525,,,,1,2023-06-20T11:57:16+00:00
SAO_3738-10,São Paulo,3550308,True,,1038,,,-23.542684,-46.4693915,,,,1,2023-06-20T11:57:34+00:00
SAO_3738-10,São Paulo,3550308,True,,1038,,,-23.5422665,-46.470055,,,,1,2023-06-20T11:57:32+00:00
SAO_3738-10,São Paulo,3550308,True,,1038,,,-23.562,-46.398782999999995,,,,1,2023-06-20T11:57:36+00:00
SAO_3738-10,São Paulo,3550308,True,,1038,,,-23.564352999999997,-46.4149565,,,,1,2023-06-20T11:57:16+00:00
SAO_3738-10,São Paulo,3550308,True,,1038,,,-23.56751,-46.397960499999996,,,,1,2023-06-20T11:57:21+00:00
SAO_3738-10,São Paulo,3550308,True,,1038,,,-23.5517095,-46.4406355,,,,1,2023-06-20T11:57:13+00:00
SAO_3738-10,São Paulo,3550308,True,,1038,,,-23.5630235,-46.394414999999995,,,,1,2023-06-20T11:57:18+00:00
SAO_3738-10,São Paulo,3550308,True,,1038,,,-23.54038275,-46.452318000000005,,,,1,2023-06-20T11:57:10+00:00
SAO_8594-10,São Paulo,3550308,True,,33200,,,-23.454117500000002,-46.7491725,,,,2,2023-06-20T11:57:32+00:00
SAO_8594-10,São Paulo,3550308,True,,33200,,,-23.452038,-46.7466635,,,,2,2023-06-20T11:57:06+00:00
SAO_8594-10,São Paulo,3550308,True,,33200,,,-23.471646,-46.724875,,,,2,2023-06-20T11:57:26+00:00
SAO_8594-10,São Paulo,3550308,True,,33200,,,-23.451815,-46.7463895,,,,2,2023-06-20T11:57:37+00:00
SAO_8594-10,São Paulo,3550308,True,,33200,,,-23.5302285,-46.66669375,,,,2,2023-06-20T11:57:37+00:00
SAO_6418-10,São Paulo,3550308,True,,33539,,,-23.6103905,-46.7051065,,,,2,2023-06-20T11:57:38+00:00
SAO_7049-10,São Paulo,3550308,True,,1912,,,-23.70742125,-46.7843955,,,,1,2023-06-20T11:57:39+00:00
SAO_7049-10,São Paulo,3550308,True,,1912,,,-23.7116535,-46.777972,,,,1,2023-06-20T11:57:16+00:00
SAO_7049-10,São Paulo,3550308,True,,1912,,,-23.674128250000003,-46.784312,,,,1,2023-06-20T11:57:31+00:00
SAO_7049-10,São Paulo,3550308,True,,1912,,,-23.7116535,-46.777972,,,,1,2023-06-20T11:57:34+00:00
SAO_7049-10,São Paulo,3550308,True,,1912,,,-23.690743,-46.774338,,,,1,2023-06-20T11:57:08+00:00
SAO_7049-10,São Paulo,3550308,True,,1912,,,-23.71189,-46.777949500000005,,,,1,2023-06-20T11:57:14+00:00
SAO_7049-10,São Paulo,3550308,True,,1912,,,-23.640573000000003,-46.780058,,,,1,2023-06-20T11:56:57+00:00
SAO_7049-10,São Paulo,3550308,True,,1912,,,-23.687169,-46.7743865,,,,1,2023-06-20T11:57:26+00:00
SAO_7049-10,São Paulo,3550308,True,,1912,,,-23.7116535,-46.777972,,,,1,2023-06-20T11:57:33+00:00
SAO_5757-51,São Paulo,3550308,True,,34744,,,-23.635112499999998,-46.640995000000004,,,,2,2023-06-20T11:57:31+00:00
SAO_5757-51,São Paulo,3550308,True,,34744,,,-23.635112499999998,-46.640995000000004,,,,2,2023-06-20T11:57:32+00:00
SAO_5757-51,São Paulo,3550308,True,,34744,,,-23.675799499999997,-46.642252,,,,2,2023-06-20T11:56:57+00:00
SAO_5757-51,São Paulo,3550308,True,,34744,,,-23.64461825,-46.644951,,,,2,2023-06-20T11:57:16+00:00
SAO_5757-51,São Paulo,3550308,True,,34744,,,-23.635112499999998,-46.640995000000004,,,,2,2023-06-20T11:57:38+00:00
SAO_5757-51,São Paulo,3550308,True,,34744,,,-23.635831,-46.64012,,,,2,2023-06-20T11:57:05+00:00
SAO_5757-51,São Paulo,3550308,True,,34744,,,-23.635112499999998,-46.640995000000004,,,,2,2023-06-20T11:57:18+00:00
SAO_5757-51,São Paulo,3550308,True,,34744,,,-23.635112499999998,-46.640995000000004,,,,2,2023-06-20T11:57:20+00:00
SAO_5757-51,São Paulo,3550308,True,,34744,,,-23.635112499999998,-46.640995000000004,,,,2,2023-06-20T11:57:12+00:00
SAO_5757-51,São Paulo,3550308,True,,34744,,,-23.707351,-46.641422000000006,,,,2,2023-06-20T11:57:36+00:00
SAO_5757-51,São Paulo,3550308,True,,34744,,,-23.675799499999997,-46.642252,,,,2,2023-06-20T11:57:12+00:00
SAO_5757-51,São Paulo,3550308,True,,34744,,,-23.706204,-46.641568,,,,2,2023-06-20T11:57:21+00:00
SAO_1773-10,São Paulo,3550308,True,,33405,,,-23.489327250000002,-46.625061,,,,2,2023-06-20T11:57:06+00:00
SAO_1773-10,São Paulo,3550308,True,,33405,,,-23.436823500000003,-46.566249,,,,2,2023-06-20T11:57:34+00:00
SAO_1773-10,São Paulo,3550308,True,,33405,,,-23.443313000000003,-46.5899855,,,,2,2023-06-20T11:57:02+00:00
SAO_1773-10,São Paulo,3550308,True,,33405,,,-23.436823500000003,-46.566249,,,,2,2023-06-20T11:53:59+00:00
SAO_7017-10,São Paulo,3550308,True,,2502,,,-23.693067,-46.7912135,,,,1,2023-06-20T11:57:24+00:00
SAO_7017-10,São Paulo,3550308,True,,2502,,,-23.669901,-46.7351965,,,,1,2023-06-20T11:57:14+00:00
SAO_7017-10,São Paulo,3550308,True,,2502,,,-23.690268500000002,-46.78884600000001,,,,1,2023-06-20T11:57:13+00:00
SAO_7017-10,São Paulo,3550308,True,,2502,,,-23.6931665,-46.791157,,,,1,2023-06-20T11:57:36+00:00
SAO_7017-10,São Paulo,3550308,True,,2502,,,-23.672914499999997,-46.743935,,,,1,2023-06-20T11:57:33+00:00
SAO_7017-10,São Paulo,3550308,True,,2502,,,-23.676291499999998,-46.75824,,,,1,2023-06-20T11:57:37+00:00
SAO_7017-10,São Paulo,3550308,True,,2502,,,-23.673824,-46.7736285,,,,1,2023-06-20T11:57:39+00:00
SAO_7017-10,São Paulo,3550308,True,,2502,,,-23.6931665,-46.791157,,,,1,2023-06-20T11:57:07+00:00
SAO_695H-10,São Paulo,3550308,True,,1196,,,-23.6675125,-46.68973525,,,,1,2023-06-20T11:56:58+00:00
SAO_695H-10,São Paulo,3550308,True,,1196,,,-23.75202,-46.710828,,,,1,2023-06-20T11:57:27+00:00
SAO_695H-10,São Paulo,3550308,True,,1196,,,-23.7792125,-46.715232,,,,1,2023-06-20T11:55:50+00:00
SAO_695H-10,São Paulo,3550308,True,,1196,,,-23.7888855,-46.715402499999996,,,,1,2023-06-20T11:56:57+00:00
SAO_695H-10,São Paulo,3550308,True,,1196,,,-23.6914455,-46.698094499999996,,,,1,2023-06-20T11:57:21+00:00
SAO_695H-10,São Paulo,3550308,True,,1196,,,-23.7113145,-46.6990995,,,,1,2023-06-20T11:57:04+00:00
SAO_7053-21,São Paulo,3550308,True,,34663,,,-23.642354750000003,-46.78591075,,,,2,2023-06-20T11:57:35+00:00
SAO_7053-21,São Paulo,3550308,True,,34663,,,-23.634363,-46.774752,,,,2,2023-06-20T11:57:02+00:00
SAO_4111-10,São Paulo,3550308,True,,33088,,,-23.575937,-46.61345,,,,2,2023-06-20T11:57:28+00:00
SAO_4111-10,São Paulo,3550308,True,,33088,,,-23.575937,-46.61345,,,,2,2023-06-20T11:57:04+00:00
SAO_4113-10,São Paulo,3550308,True,,33536,,,-23.551361749999998,-46.640548499999994,,,,2,2023-06-20T11:57:32+00:00
SAO_4113-10,São Paulo,3550308,True,,33536,,,-23.56054725,-46.632771625000004,,,,2,2023-06-20T11:56:58+00:00
SAO_4113-10,São Paulo,3550308,True,,33536,,,-23.55488975,-46.63313975,,,,2,2023-06-20T11:57:13+00:00
SAO_4113-10,São Paulo,3550308,True,,33536,,,-23.6024155,-46.612331,,,,2,2023-06-20T11:57:00+00:00
SAO_4113-10,São Paulo,3550308,True,,33536,,,-23.60146375,-46.613241875,,,,2,2023-06-20T11:57:06+00:00
SAO_4113-10,São Paulo,3550308,True,,33536,,,-23.602394500000003,-46.61205100000001,,,,2,2023-06-20T11:57:20+00:00
SAO_971D-10,São Paulo,3550308,True,,709,,,-23.512406249999998,-46.6256385,,,,1,2023-06-20T11:57:16+00:00
SAO_971D-10,São Paulo,3550308,True,,709,,,-23.484989125,-46.62952,,,,1,2023-06-20T11:57:15+00:00
SAO_971D-10,São Paulo,3550308,True,,709,,,-23.459056500000003,-46.687256500000004,,,,1,2023-06-20T11:57:02+00:00
SAO_971D-10,São Paulo,3550308,True,,709,,,-23.460151,-46.6720265,,,,1,2023-06-20T11:57:34+00:00
SAO_971D-10,São Paulo,3550308,True,,709,,,-23.5129060625,-46.6160925,,,,1,2023-06-20T11:57:36+00:00
SAO_971D-10,São Paulo,3550308,True,,709,,,-23.451994,-46.698440500000004,,,,1,2023-06-20T11:57:24+00:00
SAO_971D-10,São Paulo,3550308,True,,709,,,-23.483583250000002,-46.65385925,,,,1,2023-06-20T11:56:50+00:00
SAO_7009-10,São Paulo,3550308,True,,34719,,,-23.70431375,-46.78732575,,,,2,2023-06-20T11:57:15+00:00
SAO_7009-10,São Paulo,3550308,True,,34719,,,-23.7021595,-46.782621,,,,2,2023-06-20T11:57:37+00:00
SAO_778J-41,São Paulo,3550308,True,,34254,,,-23.57169525,-46.7078775,,,,2,2023-06-20T11:57:37+00:00
SAO_778J-41,São Paulo,3550308,True,,34254,,,-23.531152,-46.6772245,,,,2,2023-06-20T11:57:07+00:00
SAO_778J-41,São Paulo,3550308,True,,34254,,,-23.589629000000002,-46.795936999999995,,,,2,2023-06-20T11:57:21+00:00
SAO_778J-41,São Paulo,3550308,True,,34254,,,-23.5860105,-46.804790499999996,,,,2,2023-06-20T11:57:20+00:00
SAO_778J-10,São Paulo,3550308,True,,33276,,,-23.57381175,-46.738091,,,,2,2023-06-20T11:57:33+00:00
SAO_5106-21,São Paulo,3550308,True,,34740,,,-23.6136795,-46.695497,,,,2,2023-06-20T11:56:58+00:00
SAO_5106-21,São Paulo,3550308,True,,34740,,,-23.60674475,-46.693329500000004,,,,2,2023-06-20T11:57:28+00:00
SAO_5106-21,São Paulo,3550308,True,,34740,,,-23.6848065,-46.653604,,,,2,2023-06-20T11:57:35+00:00
SAO_5106-21,São Paulo,3550308,True,,34740,,,-23.6848065,-46.653604,,,,2,2023-06-20T11:57:26+00:00
SAO_5106-21,São Paulo,3550308,True,,34740,,,-23.692975500000003,-46.65916300000001,,,,2,2023-06-20T11:57:13+00:00
SAO_9789-10,São Paulo,3550308,True,,829,,,-23.460588,-46.70847,,,,1,2023-06-20T11:57:34+00:00
SAO_9789-10,São Paulo,3550308,True,,829,,,-23.499454,-46.683838,,,,1,2023-06-20T11:57:05+00:00
SAO_9789-10,São Paulo,3550308,True,,829,,,-23.460588,-46.70847,,,,1,2023-06-20T11:57:08+00:00
SAO_9789-10,São Paulo,3550308,True,,829,,,-23.460728000000003,-46.7085375,,,,1,2023-06-20T11:57:03+00:00
SAO_9789-10,São Paulo,3550308,True,,829,,,-23.46538975,-46.69978175,,,,1,2023-06-20T11:57:21+00:00
SAO_9789-10,São Paulo,3550308,True,,829,,,-23.460588,-46.70847,,,,1,2023-06-20T11:57:32+00:00
SAO_9789-10,São Paulo,3550308,True,,829,,,-23.5036595,-46.67783675,,,,1,2023-06-20T11:57:32+00:00
SAO_9789-10,São Paulo,3550308,True,,829,,,-23.483971,-46.691477,,,,1,2023-06-20T11:57:28+00:00
SAO_9789-10,São Paulo,3550308,True,,829,,,-23.517262000000002,-46.667109499999995,,,,1,2023-06-20T11:57:35+00:00
SAO_6063-41,São Paulo,3550308,True,,34541,,,-23.7880545,-46.680126,,,,2,2023-06-20T11:57:11+00:00
SAO_6063-41,São Paulo,3550308,True,,34541,,,-23.7878735,-46.680537,,,,2,2023-06-20T11:57:20+00:00
SAO_6063-41,São Paulo,3550308,True,,34541,,,-23.7878735,-46.680537,,,,2,2023-06-20T11:57:23+00:00
SAO_6063-41,São Paulo,3550308,True,,34541,,,-23.787596999999998,-46.679432,,,,2,2023-06-20T11:57:09+00:00
SAO_6063-41,São Paulo,3550308,True,,34541,,,-23.773592,-46.704065,,,,2,2023-06-20T11:57:22+00:00
SAO_6063-41,São Paulo,3550308,True,,34541,,,-23.7880545,-46.680126,,,,2,2023-06-20T11:57:17+00:00
SAO_6970-10,São Paulo,3550308,True,,1505,,,-23.6543535,-46.7123115,,,,1,2023-06-20T11:56:57+00:00
SAO_6970-10,São Paulo,3550308,True,,1505,,,-23.737581499999997,-46.697899500000005,,,,1,2023-06-20T11:57:29+00:00
SAO_6970-10,São Paulo,3550308,True,,1505,,,-23.737581499999997,-46.697899500000005,,,,1,2023-06-20T11:57:31+00:00
SAO_6970-10,São Paulo,3550308,True,,1505,,,-23.737581499999997,-46.697899500000005,,,,1,2023-06-20T11:57:33+00:00
SAO_6970-10,São Paulo,3550308,True,,1505,,,-23.664639375,-46.708090125,,,,1,2023-06-20T11:56:56+00:00
SAO_6970-10,São Paulo,3550308,True,,1505,,,-23.7176715,-46.700238999999996,,,,1,2023-06-20T11:57:08+00:00
SAO_6970-10,São Paulo,3550308,True,,1505,,,-23.6967275,-46.714889,,,,1,2023-06-20T11:56:18+00:00
SAO_6970-10,São Paulo,3550308,True,,1505,,,-23.737581499999997,-46.697899500000005,,,,1,2023-06-20T10:35:02+00:00
SAO_128Y-10,São Paulo,3550308,True,,33611,,,-23.4578485,-46.6727245,,,,2,2023-06-20T11:57:29+00:00
SAO_128Y-10,São Paulo,3550308,True,,33611,,,-23.457234,-46.673289,,,,2,2023-06-20T11:57:15+00:00
SAO_128Y-10,São Paulo,3550308,True,,33611,,,-23.457446,-46.673119,,,,2,2023-06-20T11:53:56+00:00
SAO_128Y-10,São Paulo,3550308,True,,33611,,,-23.463822999999998,-46.666114,,,,2,2023-06-20T11:57:30+00:00
SAO_128Y-10,São Paulo,3550308,True,,33611,,,-23.457446,-46.673119,,,,2,2023-06-20T11:57:17+00:00
SAO_128Y-10,São Paulo,3550308,True,,33611,,,-23.505913125,-46.677111374999996,,,,2,2023-06-20T11:57:36+00:00
SAO_128Y-10,São Paulo,3550308,True,,33611,,,-23.517587874999997,-46.699211125,,,,2,2023-06-20T11:57:16+00:00
SAO_709M-10,São Paulo,3550308,True,,35230,,,-23.566688,-46.701549,,,,2,2023-06-20T11:57:23+00:00
SAO_709M-10,São Paulo,3550308,True,,35230,,,-23.566688,-46.701549,,,,2,2023-06-20T11:56:55+00:00
SAO_709M-10,São Paulo,3550308,True,,35230,,,-23.654038,-46.708869500000006,,,,2,2023-06-20T11:57:33+00:00
SAO_709M-10,São Paulo,3550308,True,,35230,,,-23.589909,-46.68170125,,,,2,2023-06-20T11:57:07+00:00
SAO_938P-10,São Paulo,3550308,True,,888,,,-23.492524500000002,-46.691207500000004,,,,1,2023-06-20T11:56:59+00:00
SAO_938P-10,São Paulo,3550308,True,,888,,,-23.52386675,-46.69844175,,,,1,2023-06-20T11:57:33+00:00
SAO_938P-10,São Paulo,3550308,True,,888,,,-23.468326249999997,-46.68026225,,,,1,2023-06-20T11:57:07+00:00
SAO_938P-10,São Paulo,3550308,True,,888,,,-23.508825,-46.6896915,,,,1,2023-06-20T11:57:08+00:00
SAO_938P-10,São Paulo,3550308,True,,888,,,-23.529377,-46.676681,,,,1,2023-06-20T11:57:09+00:00
SAO_938P-10,São Paulo,3550308,True,,888,,,-23.462593499999997,-46.6814735,,,,1,2023-06-20T11:56:58+00:00
SAO_121G-10,São Paulo,3550308,True,,33459,,,-23.4810685,-46.603014,,,,2,2023-06-20T11:57:05+00:00
SAO_121G-10,São Paulo,3550308,True,,33459,,,-23.4810685,-46.603014,,,,2,2023-06-20T11:57:31+00:00
SAO_121G-10,São Paulo,3550308,True,,33459,,,-23.5216375,-46.56288625,,,,2,2023-06-20T11:57:02+00:00
SAO_121G-10,São Paulo,3550308,True,,33459,,,-23.497451,-46.574927875,,,,2,2023-06-20T11:55:35+00:00
SAO_121G-10,São Paulo,3550308,True,,33459,,,-23.482322500000002,-46.589753,,,,2,2023-06-20T11:57:11+00:00
SAO_2712-10,São Paulo,3550308,True,,926,,,-23.527357000000002,-46.479188,,,,1,2023-06-20T11:57:18+00:00
SAO_2712-10,São Paulo,3550308,True,,926,,,-23.523272249999998,-46.481368499999995,,,,1,2023-06-20T11:57:23+00:00
SAO_2712-10,São Paulo,3550308,True,,926,,,-23.5407195,-46.482772499999996,,,,1,2023-06-20T11:57:01+00:00
SAO_407A-10,São Paulo,3550308,True,,34962,,,-23.5419965,-46.617257499999994,,,,2,2023-06-20T11:56:54+00:00
SAO_407A-10,São Paulo,3550308,True,,34962,,,-23.56351,-46.501937999999996,,,,2,2023-06-20T11:57:23+00:00
SAO_407A-10,São Paulo,3550308,True,,34962,,,-23.5636815,-46.502104,,,,2,2023-06-20T11:56:57+00:00
SAO_407A-10,São Paulo,3550308,True,,34962,,,-23.57776025,-46.51689075,,,,2,2023-06-20T11:57:31+00:00
SAO_407A-10,São Paulo,3550308,True,,34962,,,-23.563288999999997,-46.501448499999995,,,,2,2023-06-20T11:57:14+00:00
SAO_2666-21,São Paulo,3550308,True,EMTU,379,https://moovitapp.com/index/pt-br/transporte_p%C3%BAblico-line-379-Sao_Paulo-242-2038937-36419453-0,16.35,-23.52266725,-46.540957,,,,1,2023-06-20T11:57:18+00:00
SAO_2666-21,São Paulo,3550308,True,EMTU,379,https://moovitapp.com/index/pt-br/transporte_p%C3%BAblico-line-379-Sao_Paulo-242-2038937-36419453-0,16.35,-23.493128249999998,-46.442384000000004,,,,1,2023-06-20T11:57:04+00:00
SAO_5119-10,São Paulo,3550308,True,,1,,,-23.643456999999998,-46.7356385,,,,1,2023-06-20T11:57:30+00:00
SAO_5119-10,São Paulo,3550308,True,,1,,,-23.6448945,-46.745576,,,,1,2023-06-20T11:57:09+00:00
SAO_5119-10,São Paulo,3550308,True,,1,,,-23.614846999999997,-46.73146,,,,1,2023-06-20T11:57:05+00:00
SAO_5119-10,São Paulo,3550308,True,,1,,,-23.552288499999996,-46.63682875000001,,,,1,2023-06-20T11:57:22+00:00
SAO_5119-10,São Paulo,3550308,True,,1,,,-23.587324000000002,-46.698958000000005,,,,1,2023-06-20T11:57:23+00:00
SAO_5119-10,São Paulo,3550308,True,,1,,,-23.5725515,-46.65410525,,,,1,2023-06-20T11:57:36+00:00
SAO_5119-10,São Paulo,3550308,True,,1,,,-23.59921775,-46.721178375,,,,1,2023-06-20T11:56:56+00:00
SAO_9047-10,São Paulo,3550308,True,,33651,,,-23.509295,-46.70250275,,,,2,2023-06-20T11:54:39+00:00
SAO_9047-10,São Paulo,3550308,True,,33651,,,-23.461492999999997,-46.713212999999996,,,,2,2023-06-20T11:56:59+00:00
SAO_9047-10,São Paulo,3550308,True,,33651,,,-23.500726999999998,-46.692922499999995,,,,2,2023-06-20T11:57:31+00:00
SAO_9047-10,São Paulo,3550308,True,,33651,,,-23.4613235,-46.713106499999995,,,,2,2023-06-20T11:57:02+00:00
SAO_9047-10,São Paulo,3550308,True,,33651,,,-23.4682045,-46.6974915,,,,2,2023-06-20T11:57:29+00:00
SAO_9047-10,São Paulo,3550308,True,,33651,,,-23.516411374999997,-46.70406500000001,,,,2,2023-06-20T11:57:34+00:00
SAO_9047-10,São Paulo,3550308,True,,33651,,,-23.461492999999997,-46.713212999999996,,,,2,2023-06-20T11:57:13+00:00
SAO_9047-10,São Paulo,3550308,True,,33651,,,-23.471965,-46.6916,,,,2,2023-06-20T11:57:29+00:00
SAO_2123-10,São Paulo,3550308,True,,692,,,-23.515222625,-46.603916999999996,,,,1,2023-06-20T11:57:32+00:00
SAO_2123-10,São Paulo,3550308,True,,692,,,-23.55598125,-46.634207,,,,1,2023-06-20T11:57:14+00:00
SAO_2123-10,São Paulo,3550308,True,,692,,,-23.545751,-46.631209,,,,1,2023-06-20T11:57:22+00:00
SAO_1702-10,São Paulo,3550308,True,,33614,,,-23.443147,-46.5770005,,,,2,2023-06-20T11:57:31+00:00
SAO_1702-10,São Paulo,3550308,True,,33614,,,-23.443147,-46.5770005,,,,2,2023-06-20T11:57:14+00:00
SAO_1702-10,São Paulo,3550308,True,,33614,,,-23.501005125,-46.621661,,,,2,2023-06-20T11:57:01+00:00
SAO_1702-10,São Paulo,3550308,True,,33614,,,-23.4432505,-46.577110000000005,,,,2,2023-06-20T11:57:37+00:00
SAO_1702-10,São Paulo,3550308,True,,33614,,,-23.443147,-46.5770005,,,,2,2023-06-20T11:56:59+00:00
SAO_607M-10,São Paulo,3550308,True,,2036,,,-23.71159725,-46.699049,,,,1,2023-06-20T11:57:35+00:00
SAO_607M-10,São Paulo,3550308,True,,2036,,,-23.634843500000002,-46.694863,,,,1,2023-06-20T11:57:27+00:00
SAO_6120-10,São Paulo,3550308,True,,33957,,,-23.76008125,-46.67663625,,,,2,2023-06-20T11:57:13+00:00
SAO_6120-10,São Paulo,3550308,True,,33957,,,-23.73539075,-46.695391875,,,,2,2023-06-20T11:57:14+00:00
SAO_6120-10,São Paulo,3550308,True,,33957,,,-23.76008125,-46.67663625,,,,2,2023-06-20T11:57:29+00:00
SAO_6120-10,São Paulo,3550308,True,,33957,,,-23.736596499999997,-46.6971045,,,,2,2023-06-20T11:57:04+00:00
SAO_3098-10,São Paulo,3550308,True,,1078,,,-23.611891999999997,-46.4742795,,,,1,2023-06-20T11:57:07+00:00
SAO_3098-10,São Paulo,3550308,True,,1078,,,-23.633710999999998,-46.4599045,,,,1,2023-06-20T11:56:55+00:00
SAO_3098-10,São Paulo,3550308,True,,1078,,,-23.632133500000002,-46.4563395,,,,1,2023-06-20T11:57:27+00:00
SAO_3098-10,São Paulo,3550308,True,,1078,,,-23.5783975,-46.4981815,,,,1,2023-06-20T11:57:04+00:00
SAO_3098-10,São Paulo,3550308,True,,1078,,,-23.6197545,-46.46780875,,,,1,2023-06-20T11:56:55+00:00
SAO_3098-10,São Paulo,3550308,True,,1078,,,-23.603000375,-46.482178875,,,,1,2023-06-20T11:57:21+00:00
SAO_3098-10,São Paulo,3550308,True,,1078,,,-23.567090999999998,-46.50748675,,,,1,2023-06-20T11:57:32+00:00
SAO_3098-10,São Paulo,3550308,True,,1078,,,-23.632687,-46.4532685,,,,1,2023-06-20T11:57:33+00:00
SAO_737A-10,São Paulo,3550308,True,,34498,,,-23.6903555,-46.7743995,,,,2,2023-06-20T11:57:00+00:00
SAO_737A-10,São Paulo,3550308,True,,34498,,,-23.6902125,-46.773815,,,,2,2023-06-20T11:57:35+00:00
SAO_737A-10,São Paulo,3550308,True,,34498,,,-23.6902125,-46.773815,,,,2,2023-06-20T11:57:22+00:00
SAO_737A-10,São Paulo,3550308,True,,34498,,,-23.6754575,-46.7490255,,,,2,2023-06-20T11:56:56+00:00
SAO_737A-10,São Paulo,3550308,True,,34498,,,-23.666391750000003,-46.719602374999994,,,,2,2023-06-20T11:57:10+00:00
SAO_737A-10,São Paulo,3550308,True,,34498,,,-23.65811275,-46.70672275,,,,2,2023-06-20T11:57:37+00:00
SAO_737A-10,São Paulo,3550308,True,,34498,,,-23.6675375,-46.730432,,,,2,2023-06-20T11:56:55+00:00
SAO_737A-10,São Paulo,3550308,True,,34498,,,-23.6901525,-46.774198999999996,,,,2,2023-06-20T11:57:13+00:00
SAO_737A-10,São Paulo,3550308,True,,34498,,,-23.6902125,-46.773815,,,,2,2023-06-20T11:57:02+00:00
SAO_8400-10,São Paulo,3550308,True,,1265,,,-23.527437749999997,-46.671974500000005,,,,1,2023-06-20T11:57:35+00:00
SAO_8400-10,São Paulo,3550308,True,,1265,,,-23.50033275,-46.70682,,,,1,2023-06-20T11:57:33+00:00
SAO_8400-10,São Paulo,3550308,True,,1265,,,-23.5056725,-46.706314,,,,1,2023-06-20T11:57:29+00:00
SAO_8400-10,São Paulo,3550308,True,,1265,,,-23.4866745,-46.725972999999996,,,,1,2023-06-20T11:57:11+00:00
SAO_8400-10,São Paulo,3550308,True,,1265,,,-23.4878705,-46.71395975,,,,1,2023-06-20T11:57:36+00:00
SAO_8400-10,São Paulo,3550308,True,,1265,,,-23.545817500000002,-46.64306474999999,,,,1,2023-06-20T11:57:36+00:00
SAO_8400-10,São Paulo,3550308,True,,1265,,,-23.482669,-46.721083,,,,1,2023-06-20T11:57:19+00:00
SAO_8400-10,São Paulo,3550308,True,,1265,,,-23.52502675,-46.68414025,,,,1,2023-06-20T11:57:32+00:00
SAO_8400-10,São Paulo,3550308,True,,1265,,,-23.53209725,-46.66131175,,,,1,2023-06-20T11:56:59+00:00
SAO_8400-10,São Paulo,3550308,True,,1265,,,-23.487007,-46.726683,,,,1,2023-06-20T11:57:35+00:00
SAO_8400-10,São Paulo,3550308,True,,1265,,,-23.486878500000003,-46.7265645,,,,1,2023-06-20T11:56:57+00:00
SAO_4033-10,São Paulo,3550308,True,,33871,,,-23.6146805,-46.470593,,,,2,2023-06-20T11:57:37+00:00
SAO_4033-10,São Paulo,3550308,True,,33871,,,-23.6113405,-46.48717675,,,,2,2023-06-20T11:57:27+00:00
SAO_4033-10,São Paulo,3550308,True,,33871,,,-23.604306,-46.5384965,,,,2,2023-06-20T11:57:03+00:00
SAO_4033-10,São Paulo,3550308,True,,33871,,,-23.614271000000002,-46.499184,,,,2,2023-06-20T11:57:10+00:00
SAO_4033-10,São Paulo,3550308,True,,33871,,,-23.617788499999996,-46.457856500000005,,,,2,2023-06-20T11:57:37+00:00
SAO_4033-10,São Paulo,3550308,True,,33871,,,-23.601111500000002,-46.526644000000005,,,,2,2023-06-20T11:57:08+00:00
SAO_4033-10,São Paulo,3550308,True,,33871,,,-23.615962500000002,-46.452049,,,,2,2023-06-20T11:57:17+00:00
SAO_4033-10,São Paulo,3550308,True,,33871,,,-23.6006275,-46.525459999999995,,,,2,2023-06-20T11:57:05+00:00
SAO_4033-10,São Paulo,3550308,True,,33871,,,-23.619987000000002,-46.4442025,,,,2,2023-06-20T11:57:38+00:00
SAO_6063-43,São Paulo,3550308,True,,35248,,,-23.8341865,-46.693839,,,,2,2023-06-20T11:53:08+00:00
SAO_1025-10,São Paulo,3550308,True,,35071,,,-23.475592,-46.698897,,,,2,2023-06-20T11:57:11+00:00
SAO_1025-10,São Paulo,3550308,True,,35071,,,-23.453736,-46.706875499999995,,,,2,2023-06-20T11:57:24+00:00
SAO_8016-10,São Paulo,3550308,True,,34114,,,-23.443813499999997,-46.735476500000004,,,,2,2023-06-20T11:57:35+00:00
SAO_8016-10,São Paulo,3550308,True,,34114,,,-23.4435615,-46.735414500000005,,,,2,2023-06-20T11:57:09+00:00
SAO_8016-10,São Paulo,3550308,True,,34114,,,-23.4591565,-46.719116,,,,2,2023-06-20T11:57:27+00:00
SAO_8016-10,São Paulo,3550308,True,,34114,,,-23.4354505,-46.728465,,,,2,2023-06-20T11:57:14+00:00
SAO_263J-10,São Paulo,3550308,True,,32987,,,-23.52370775,-46.5465455,,,,2,2023-06-20T11:57:28+00:00
SAO_263J-10,São Paulo,3550308,True,,32987,,,-23.512327499999998,-46.514167,,,,2,2023-06-20T11:57:32+00:00
SAO_263J-10,São Paulo,3550308,True,,32987,,,-23.5490805,-46.431439,,,,2,2023-06-20T11:57:07+00:00
SAO_263J-10,São Paulo,3550308,True,,32987,,,-23.5367335,-46.469867,,,,2,2023-06-20T11:57:02+00:00
SAO_263J-10,São Paulo,3550308,True,,32987,,,-23.5113895,-46.502336,,,,2,2023-06-20T11:57:09+00:00
SAO_263J-10,São Paulo,3550308,True,,32987,,,-23.5490805,-46.431439,,,,2,2023-06-20T11:57:28+00:00
SAO_263J-10,São Paulo,3550308,True,,32987,,,-23.54866475,-46.435959749999995,,,,2,2023-06-20T11:56:19+00:00
SAO_4093-10,São Paulo,3550308,True,,2448,,,-23.596011500000003,-46.400578,,,,1,2023-06-20T11:56:14+00:00
SAO_4093-10,São Paulo,3550308,True,,2448,,,-23.588952,-46.395677,,,,1,2023-06-20T11:57:24+00:00
SAO_4093-10,São Paulo,3550308,True,,2448,,,-23.588952,-46.395677,,,,1,2023-06-20T11:57:31+00:00
SAO_4093-10,São Paulo,3550308,True,,2448,,,-23.58308,-46.408871000000005,,,,1,2023-06-20T11:57:14+00:00
SAO_4093-10,São Paulo,3550308,True,,2448,,,-23.589805625000004,-46.398660875000004,,,,1,2023-06-20T11:54:50+00:00
SAO_4093-10,São Paulo,3550308,True,,2448,,,-23.58806,-46.397338,,,,1,2023-06-20T11:57:34+00:00
SAO_4093-10,São Paulo,3550308,True,,2448,,,-23.588952,-46.395677,,,,1,2023-06-20T11:57:20+00:00
SAO_4093-10,São Paulo,3550308,True,,2448,,,-23.588952,-46.395677,,,,1,2023-06-20T11:57:34+00:00
SAO_4093-10,São Paulo,3550308,True,,2448,,,-23.583441,-46.408979,,,,1,2023-06-20T11:57:14+00:00
SAO_1744-10,São Paulo,3550308,True,,33312,,,-23.472218750000003,-46.641547875,,,,2,2023-06-20T11:56:55+00:00
SAO_1744-10,São Paulo,3550308,True,,33312,,,-23.4759915,-46.6454215,,,,2,2023-06-20T11:57:34+00:00
SAO_1744-10,São Paulo,3550308,True,,33312,,,-23.496862,-46.627975500000005,,,,2,2023-06-20T11:57:02+00:00
SAO_1744-10,São Paulo,3550308,True,,33312,,,-23.472376,-46.64149449999999,,,,2,2023-06-20T11:57:06+00:00
SAO_6028-10,São Paulo,3550308,True,,1211,,,-23.685627,-46.750581499999996,,,,1,2023-06-20T11:57:21+00:00
SAO_6028-10,São Paulo,3550308,True,,1211,,,-23.674895499999998,-46.7343475,,,,1,2023-06-20T11:57:01+00:00
SAO_6028-10,São Paulo,3550308,True,,1211,,,-23.6966265,-46.756370000000004,,,,1,2023-06-20T11:57:13+00:00
SAO_6028-10,São Paulo,3550308,True,,1211,,,-23.665815000000002,-46.7117615,,,,1,2023-06-20T11:57:05+00:00
SAO_6200-10,São Paulo,3550308,True,,355,,,-23.62388375,-46.703959,,,,1,2023-06-20T11:57:12+00:00
SAO_6200-10,São Paulo,3550308,True,,355,,,-23.549083,-46.6398165,,,,1,2023-06-20T11:57:38+00:00
SAO_6200-10,São Paulo,3550308,True,,355,,,-23.65142725,-46.722758,,,,1,2023-06-20T11:57:08+00:00
SAO_6200-10,São Paulo,3550308,True,,355,,,-23.631780499999998,-46.71531125,,,,1,2023-06-20T11:57:33+00:00
SAO_6200-10,São Paulo,3550308,True,,355,,,-23.5493595,-46.639165000000006,,,,1,2023-06-20T11:57:39+00:00
SAO_6200-10,São Paulo,3550308,True,,355,,,-23.555836,-46.6499815,,,,1,2023-06-20T11:57:23+00:00
SAO_6200-10,São Paulo,3550308,True,,355,,,-23.57703,-46.6713885,,,,1,2023-06-20T11:57:39+00:00
SAO_6200-10,São Paulo,3550308,True,,355,,,-23.5491125,-46.640139500000004,,,,1,2023-06-20T11:57:36+00:00
SAO_6200-10,São Paulo,3550308,True,,355,,,-23.607512999999997,-46.697237,,,,1,2023-06-20T11:57:36+00:00
SAO_6200-10,São Paulo,3550308,True,,355,,,-23.580629000000002,-46.6799365,,,,1,2023-06-20T11:57:33+00:00
SAO_6200-10,São Paulo,3550308,True,,355,,,-23.602478249999997,-46.6955145,,,,1,2023-06-20T11:57:19+00:00
SAO_6200-10,São Paulo,3550308,True,,355,,,-23.57027475,-46.66202125,,,,1,2023-06-20T11:57:30+00:00
SAO_2762-10,São Paulo,3550308,True,,144,,,-23.498618750000002,-46.486487,,,,1,2023-06-20T11:57:01+00:00
SAO_2762-10,São Paulo,3550308,True,,144,,,-23.534029999999998,-46.570758624999996,,,,1,2023-06-20T11:57:12+00:00
SAO_2762-10,São Paulo,3550308,True,,144,,,-23.501238999999998,-46.53284775,,,,1,2023-06-20T11:57:03+00:00
SAO_2762-10,São Paulo,3550308,True,,144,,,-23.496636,-46.48794600000001,,,,1,2023-06-20T11:57:06+00:00
SAO_809L-10,São Paulo,3550308,True,,1949,,,-23.539515,-46.7057395,,,,1,2023-06-20T11:57:36+00:00
SAO_809L-10,São Paulo,3550308,True,,1949,,,-23.5805475,-46.72141475,,,,1,2023-06-20T11:57:08+00:00
SAO_809L-10,São Paulo,3550308,True,,1949,,,-23.527217125,-46.702271124999996,,,,1,2023-06-20T11:56:55+00:00
SAO_809L-10,São Paulo,3550308,True,,1949,,,-23.564319,-46.706595,,,,1,2023-06-20T11:57:15+00:00
SAO_809L-10,São Paulo,3550308,True,,1949,,,-23.6081645,-46.751436,,,,1,2023-06-20T11:57:28+00:00
SAO_809L-10,São Paulo,3550308,True,,1949,,,-23.524549625000002,-46.699218625,,,,1,2023-06-20T11:57:17+00:00
SAO_809L-10,São Paulo,3550308,True,,1949,,,-23.622169,-46.7590395,,,,1,2023-06-20T11:56:59+00:00
SAO_809L-10,São Paulo,3550308,True,,1949,,,-23.622169,-46.7590395,,,,1,2023-06-20T11:57:10+00:00
SAO_809L-10,São Paulo,3550308,True,,1949,,,-23.622169,-46.7590395,,,,1,2023-06-20T11:57:08+00:00
SAO_1036-10,São Paulo,3550308,True,,2453,,,-23.445848875000003,-46.708823375,,,,1,2023-06-20T11:57:24+00:00
SAO_1036-10,São Paulo,3550308,True,,2453,,,-23.4773155,-46.714955,,,,1,2023-06-20T11:57:21+00:00
SAO_1036-10,São Paulo,3550308,True,,2453,,,-23.484487,-46.710192500000005,,,,1,2023-06-20T11:57:25+00:00
SAO_1036-10,São Paulo,3550308,True,,2453,,,-23.451091499999997,-46.711816999999996,,,,1,2023-06-20T11:57:26+00:00
SAO_1036-10,São Paulo,3550308,True,,2453,,,-23.462889,-46.714138500000004,,,,1,2023-06-20T11:57:29+00:00
SAO_1036-10,São Paulo,3550308,True,,2453,,,-23.462583,-46.7142575,,,,1,2023-06-20T11:56:55+00:00
SAO_675N-10,São Paulo,3550308,True,EMTU,362,https://moovitapp.com/index/pt-br/transporte_p%C3%BAblico-line-362-Sao_Paulo-242-2038937-36419443-0,6.25,-23.59075,-46.6508565,,,,1,2023-06-20T11:57:38+00:00
SAO_675N-10,São Paulo,3550308,True,EMTU,362,https://moovitapp.com/index/pt-br/transporte_p%C3%BAblico-line-362-Sao_Paulo-242-2038937-36419443-0,6.25,-23.581934,-46.638245999999995,,,,1,2023-06-20T11:57:29+00:00
SAO_675N-10,São Paulo,3550308,True,EMTU,362,https://moovitapp.com/index/pt-br/transporte_p%C3%BAblico-line-362-Sao_Paulo-242-2038937-36419443-0,6.25,-23.60367625,-46.67007925,,,,1,2023-06-20T11:57:15+00:00
SAO_675N-10,São Paulo,3550308,True,EMTU,362,https://moovitapp.com/index/pt-br/transporte_p%C3%BAblico-line-362-Sao_Paulo-242-2038937-36419443-0,6.25,-23.600912,-46.6912065,,,,1,2023-06-20T11:57:12+00:00
SAO_675N-10,São Paulo,3550308,True,EMTU,362,https://moovitapp.com/index/pt-br/transporte_p%C3%BAblico-line-362-Sao_Paulo-242-2038937-36419443-0,6.25,-23.641811875000002,-46.7157105,,,,1,2023-06-20T11:57:25+00:00
SAO_9002-10,São Paulo,3550308,True,,33638,,,-23.458007000000002,-46.6708255,,,,2,2023-06-20T11:57:06+00:00
SAO_9002-10,São Paulo,3550308,True,,33638,,,-23.465608,-46.668305000000004,,,,2,2023-06-20T11:57:23+00:00
SAO_9002-10,São Paulo,3550308,True,,33638,,,-23.464954,-46.6678155,,,,2,2023-06-20T11:57:22+00:00
SAO_9002-10,São Paulo,3550308,True,,33638,,,-23.458088500000002,-46.6717525,,,,2,2023-06-20T11:57:10+00:00
SAO_9002-10,São Paulo,3550308,True,,33638,,,-23.4580655,-46.671398499999995,,,,2,2023-06-20T11:56:54+00:00
SAO_6017-10,São Paulo,3550308,True,,1206,,,-23.697436,-46.7756525,,,,1,2023-06-20T11:57:14+00:00
SAO_6017-10,São Paulo,3550308,True,,1206,,,-23.67246275,-46.742821250000006,,,,1,2023-06-20T11:57:23+00:00
SAO_6017-10,São Paulo,3550308,True,,1206,,,-23.6764005,-46.75750525,,,,1,2023-06-20T11:57:17+00:00
SAO_6017-10,São Paulo,3550308,True,,1206,,,-23.68714725,-46.77138625,,,,1,2023-06-20T11:56:59+00:00
SAO_6017-10,São Paulo,3550308,True,,1206,,,-23.6493759375,-46.70360368750001,,,,1,2023-06-20T11:57:25+00:00
SAO_6017-10,São Paulo,3550308,True,,1206,,,-23.664078500000002,-46.7083385,,,,1,2023-06-20T11:57:37+00:00
SAO_709P-10,São Paulo,3550308,True,,1993,,,-23.652001499999997,-46.722031,,,,1,2023-06-20T11:57:34+00:00
SAO_709P-10,São Paulo,3550308,True,,1993,,,-23.5661855,-46.702046499999994,,,,1,2023-06-20T11:57:04+00:00
SAO_709P-10,São Paulo,3550308,True,,1993,,,-23.612699499999998,-46.695493,,,,1,2023-06-20T11:57:38+00:00
SAO_709P-10,São Paulo,3550308,True,,1993,,,-23.5816995,-46.6840755,,,,1,2023-06-20T11:57:36+00:00
SAO_478P-10,São Paulo,3550308,True,,33117,,,-23.6110995,-46.6085875,,,,2,2023-06-20T11:57:34+00:00
SAO_478P-10,São Paulo,3550308,True,,33117,,,-23.561358499999997,-46.65667475,,,,2,2023-06-20T11:57:34+00:00
SAO_9011-21,São Paulo,3550308,True,,34536,,,-23.439009874999996,-46.736288875,,,,2,2023-06-20T11:57:32+00:00
SAO_9011-21,São Paulo,3550308,True,,34536,,,-23.443596,-46.735047,,,,2,2023-06-20T11:57:13+00:00
SAO_9011-21,São Paulo,3550308,True,,34536,,,-23.446984,-46.7225025,,,,2,2023-06-20T11:57:32+00:00
SAO_1020-10,São Paulo,3550308,True,,2497,,,-23.4046765,-46.750211,,,,1,2023-06-20T11:57:20+00:00
SAO_1020-10,São Paulo,3550308,True,,2497,,,-23.4422745,-46.721309000000005,,,,1,2023-06-20T11:57:28+00:00
SAO_1020-10,São Paulo,3550308,True,,2497,,,-23.4374335,-46.7210945,,,,1,2023-06-20T11:57:09+00:00
SAO_1020-10,São Paulo,3550308,True,,2497,,,-23.4845285,-46.709875,,,,1,2023-06-20T11:57:24+00:00
SAO_1020-10,São Paulo,3550308,True,,2497,,,-23.407706750000003,-46.766507250000004,,,,1,2023-06-20T11:57:03+00:00
SAO_1020-10,São Paulo,3550308,True,,2497,,,-23.4585145,-46.7189625,,,,1,2023-06-20T11:57:13+00:00
SAO_4314-10,São Paulo,3550308,True,,34942,,,-23.56278,-46.419038,,,,2,2023-06-20T11:57:25+00:00
SAO_4314-10,São Paulo,3550308,True,,34942,,,-23.550750999999998,-46.463138,,,,2,2023-06-20T11:57:05+00:00
SAO_4314-10,São Paulo,3550308,True,,34942,,,-23.568939,-46.40106,,,,2,2023-06-20T11:57:17+00:00
SAO_4314-10,São Paulo,3550308,True,,34942,,,-23.5419155,-46.53512,,,,2,2023-06-20T11:57:26+00:00
SAO_2451-10,São Paulo,3550308,True,,32981,,,-23.5231615,-46.5204935,,,,2,2023-06-20T11:57:18+00:00
SAO_4011-10,São Paulo,3550308,True,,34952,,,-23.609717500000002,-46.47356075,,,,2,2023-06-20T11:57:29+00:00
SAO_4011-10,São Paulo,3550308,True,,34952,,,-23.613538,-46.476616,,,,2,2023-06-20T11:57:26+00:00
SAO_4011-10,São Paulo,3550308,True,,34952,,,-23.596306,-46.4361305,,,,2,2023-06-20T11:57:10+00:00
SAO_4011-10,São Paulo,3550308,True,,34952,,,-23.6224955,-46.4141075,,,,2,2023-06-20T11:57:23+00:00
SAO_4011-10,São Paulo,3550308,True,,34952,,,-23.59481075,-46.449171500000006,,,,2,2023-06-20T11:56:57+00:00
SAO_4011-10,São Paulo,3550308,True,,34952,,,-23.6224955,-46.4141075,,,,2,2023-06-20T11:57:36+00:00
SAO_4011-10,São Paulo,3550308,True,,34952,,,-23.6224175,-46.414038500000004,,,,2,2023-06-20T11:56:35+00:00
SAO_7725-10,São Paulo,3550308,True,,33240,,,-23.5598405625,-46.7419540625,,,,2,2023-06-20T11:57:13+00:00
SAO_938V-10,São Paulo,3550308,True,STT,813,https://moovitapp.com/index/pt-br/transporte_p%C3%BAblico-line-813-Sao_Paulo-242-850661-183360-0,5.3,-23.5294935,-46.6768105,,,,1,2023-06-20T11:56:53+00:00
SAO_938V-10,São Paulo,3550308,True,STT,813,https://moovitapp.com/index/pt-br/transporte_p%C3%BAblico-line-813-Sao_Paulo-242-850661-183360-0,5.3,-23.473155,-46.678529499999996,,,,1,2023-06-20T11:57:02+00:00
SAO_938V-10,São Paulo,3550308,True,STT,813,https://moovitapp.com/index/pt-br/transporte_p%C3%BAblico-line-813-Sao_Paulo-242-850661-183360-0,5.3,-23.4619625,-46.67924,,,,1,2023-06-20T11:57:04+00:00
SAO_938V-10,São Paulo,3550308,True,STT,813,https://moovitapp.com/index/pt-br/transporte_p%C3%BAblico-line-813-Sao_Paulo-242-850661-183360-0,5.3,-23.5262155,-46.669086,,,,1,2023-06-20T11:57:29+00:00
SAO_938V-10,São Paulo,3550308,True,STT,813,https://moovitapp.com/index/pt-br/transporte_p%C3%BAblico-line-813-Sao_Paulo-242-850661-183360-0,5.3,-23.451921499999997,-46.6757765,,,,1,2023-06-20T11:56:58+00:00
SAO_938V-10,São Paulo,3550308,True,STT,813,https://moovitapp.com/index/pt-br/transporte_p%C3%BAblico-line-813-Sao_Paulo-242-850661-183360-0,5.3,-23.523925374999997,-46.690694875,,,,1,2023-06-20T11:57:11+00:00
SAO_938V-10,São Paulo,3550308,True,STT,813,https://moovitapp.com/index/pt-br/transporte_p%C3%BAblico-line-813-Sao_Paulo-242-850661-183360-0,5.3,-23.452962,-46.684575499999994,,,,1,2023-06-20T11:57:00+00:00
SAO_938V-10,São Paulo,3550308,True,STT,813,https://moovitapp.com/index/pt-br/transporte_p%C3%BAblico-line-813-Sao_Paulo-242-850661-183360-0,5.3,-23.506587875,-46.68920250000001,,,,1,2023-06-20T11:55:57+00:00
SAO_938V-10,São Paulo,3550308,True,STT,813,https://moovitapp.com/index/pt-br/transporte_p%C3%BAblico-line-813-Sao_Paulo-242-850661-183360-0,5.3,-23.483847,-46.687021,,,,1,2023-06-20T11:57:04+00:00
SAO_1760-10,São Paulo,3550308,True,EMTU,557,https://moovitapp.com/index/pt-br/transporte_p%C3%BAblico-line-557-Sao_Paulo-242-2038937-36419558-0,6.2,-23.513889875,-46.61619675,,,,1,2023-06-20T11:57:31+00:00
SAO_1760-10,São Paulo,3550308,True,EMTU,557,https://moovitapp.com/index/pt-br/transporte_p%C3%BAblico-line-557-Sao_Paulo-242-2038937-36419558-0,6.2,-23.464443250000002,-46.65689575,,,,1,2023-06-20T11:57:17+00:00
SAO_1760-10,São Paulo,3550308,True,EMTU,557,https://moovitapp.com/index/pt-br/transporte_p%C3%BAblico-line-557-Sao_Paulo-242-2038937-36419558-0,6.2,-23.483643,-46.6452845,,,,1,2023-06-20T11:57:07+00:00
SAO_1760-10,São Paulo,3550308,True,EMTU,557,https://moovitapp.com/index/pt-br/transporte_p%C3%BAblico-line-557-Sao_Paulo-242-2038937-36419558-0,6.2,-23.456333,-46.659075,,,,1,2023-06-20T11:57:08+00:00
SAO_1760-10,São Paulo,3550308,True,EMTU,557,https://moovitapp.com/index/pt-br/transporte_p%C3%BAblico-line-557-Sao_Paulo-242-2038937-36419558-0,6.2,-23.456333,-46.659075,,,,1,2023-06-20T11:57:01+00:00
SAO_2013-10,São Paulo,3550308,True,,33667,,,-23.4552945,-46.659262,,,,2,2023-06-20T11:57:13+00:00
SAO_2013-10,São Paulo,3550308,True,,33667,,,-23.4552945,-46.659262,,,,2,2023-06-20T11:57:23+00:00
SAO_2013-10,São Paulo,3550308,True,,33667,,,-23.465608,-46.668305000000004,,,,2,2023-06-20T11:57:39+00:00
SAO_2013-10,São Paulo,3550308,True,,33667,,,-23.454400999999997,-46.658887,,,,2,2023-06-20T11:57:30+00:00
SAO_2013-10,São Paulo,3550308,True,,33667,,,-23.464035125000002,-46.654045625,,,,2,2023-06-20T11:57:27+00:00
SAO_2013-10,São Paulo,3550308,True,,33667,,,-23.470221,-46.653708,,,,2,2023-06-20T11:57:33+00:00
SAO_2013-10,São Paulo,3550308,True,,33667,,,-23.454283,-46.658618,,,,2,2023-06-20T11:56:54+00:00
SAO_5175-10,São Paulo,3550308,True,,33361,,,-23.5505945,-46.635301,,,,2,2023-06-20T11:57:29+00:00
SAO_5175-10,São Paulo,3550308,True,,33361,,,-23.5505945,-46.635301,,,,2,2023-06-20T11:57:14+00:00
SAO_5175-10,São Paulo,3550308,True,,33361,,,-23.5505945,-46.635301,,,,2,2023-06-20T11:57:27+00:00
SAO_5175-10,São Paulo,3550308,True,,33361,,,-23.5505945,-46.635301,,,,2,2023-06-20T11:57:07+00:00
SAO_5175-10,São Paulo,3550308,True,,33361,,,-23.5505945,-46.635301,,,,2,2023-06-20T11:57:13+00:00
SAO_5175-10,São Paulo,3550308,True,,33361,,,-23.5505945,-46.635301,,,,2,2023-06-20T11:56:55+00:00
SAO_5175-10,São Paulo,3550308,True,,33361,,,-23.5505945,-46.635301,,,,2,2023-06-20T11:57:11+00:00
SAO_5175-10,São Paulo,3550308,True,,33361,,,-23.5505945,-46.635301,,,,2,2023-06-20T11:57:31+00:00
SAO_5175-10,São Paulo,3550308,True,,33361,,,-23.5505945,-46.635301,,,,2,2023-06-20T11:57:24+00:00
SAO_5175-10,São Paulo,3550308,True,,33361,,,-23.576728,-46.657053000000005,,,,2,2023-06-20T11:57:37+00:00
SAO_5175-10,São Paulo,3550308,True,,33361,,,-23.5505945,-46.635301,,,,2,2023-06-20T11:57:12+00:00
SAO_5175-10,São Paulo,3550308,True,,33361,,,-23.5505945,-46.635301,,,,2,2023-06-20T11:57:13+00:00
SAO_5175-10,São Paulo,3550308,True,,33361,,,-23.66510225,-46.6784655,,,,2,2023-06-20T11:57:07+00:00
SAO_5175-10,São Paulo,3550308,True,,33361,,,-23.698475,-46.647864999999996,,,,2,2023-06-20T11:56:58+00:00
SAO_8300-10,São Paulo,3550308,True,,34032,,,-23.485485500000003,-46.7254255,,,,2,2023-06-20T11:57:33+00:00
SAO_8300-10,São Paulo,3550308,True,,34032,,,-23.482421000000002,-46.717359,,,,2,2023-06-20T11:57:25+00:00
SAO_917M-10,São Paulo,3550308,True,,1366,,,-23.498972000000002,-46.696377749999996,,,,1,2023-06-20T11:57:38+00:00
SAO_917M-10,São Paulo,3550308,True,,1366,,,-23.5540545,-46.67109425,,,,1,2023-06-20T11:57:00+00:00
SAO_917M-10,São Paulo,3550308,True,,1366,,,-23.471259500000002,-46.706211499999995,,,,1,2023-06-20T11:56:51+00:00
SAO_917M-10,São Paulo,3550308,True,,1366,,,-23.521003,-46.668231,,,,1,2023-06-20T11:57:37+00:00
SAO_917M-10,São Paulo,3550308,True,,1366,,,-23.581595999999998,-46.6384865,,,,1,2023-06-20T11:57:03+00:00
SAO_2127-10,São Paulo,3550308,True,,33461,,,-23.5562275,-46.6341875,,,,2,2023-06-20T11:57:12+00:00
SAO_2127-10,São Paulo,3550308,True,,33461,,,-23.528861749999997,-46.6137335,,,,2,2023-06-20T11:57:04+00:00
SAO_2127-10,São Paulo,3550308,True,,33461,,,-23.5562275,-46.6341875,,,,2,2023-06-20T11:57:12+00:00
SAO_2127-10,São Paulo,3550308,True,,33461,,,-23.5562275,-46.6341875,,,,2,2023-06-20T11:57:28+00:00
SAO_2127-10,São Paulo,3550308,True,,33461,,,-23.478431,-46.570043,,,,2,2023-06-20T11:57:01+00:00
SAO_5752-10,São Paulo,3550308,True,,34055,,,-23.690879,-46.649802,,,,2,2023-06-20T11:57:25+00:00
SAO_5752-10,São Paulo,3550308,True,,34055,,,-23.6908765,-46.650728,,,,2,2023-06-20T11:57:03+00:00
SAO_5752-10,São Paulo,3550308,True,,34055,,,-23.6908875,-46.650045000000006,,,,2,2023-06-20T11:57:33+00:00
SAO_5752-10,São Paulo,3550308,True,,34055,,,-23.690883999999997,-46.6502995,,,,2,2023-06-20T11:57:35+00:00
SAO_5752-10,São Paulo,3550308,True,,34055,,,-23.6552045,-46.65231125,,,,2,2023-06-20T11:57:18+00:00
SAO_5752-10,São Paulo,3550308,True,,34055,,,-23.684867,-46.6484395,,,,2,2023-06-20T11:56:28+00:00
SAO_5752-10,São Paulo,3550308,True,,34055,,,-23.690883999999997,-46.6502995,,,,2,2023-06-20T11:57:24+00:00
SAO_513C-10,São Paulo,3550308,True,,2535,,,-23.6111205,-46.4731355,,,,1,2023-06-20T11:56:23+00:00
SAO_513C-10,São Paulo,3550308,True,,2535,,,-23.61466325,-46.50040425,,,,1,2023-06-20T11:53:33+00:00
SAO_513C-10,São Paulo,3550308,True,,2535,,,-23.601640500000002,-46.547612,,,,1,2023-06-20T11:54:12+00:00
SAO_513C-10,São Paulo,3550308,True,,2535,,,-23.6111205,-46.4731355,,,,1,2023-06-20T11:57:24+00:00
SAO_5012-10,São Paulo,3550308,True,,1116,,,-23.70189,-46.635374999999996,,,,1,2023-06-20T11:57:15+00:00
SAO_5012-10,São Paulo,3550308,True,,1116,,,-23.7097155,-46.6354455,,,,1,2023-06-20T11:57:33+00:00
SAO_5012-10,São Paulo,3550308,True,,1116,,,-23.66151025,-46.6372925,,,,1,2023-06-20T11:57:09+00:00
SAO_5012-10,São Paulo,3550308,True,,1116,,,-23.7097155,-46.6354455,,,,1,2023-06-20T11:57:08+00:00
SAO_5012-10,São Paulo,3550308,True,,1116,,,-23.7097155,-46.6354455,,,,1,2023-06-20T11:57:29+00:00
SAO_5012-10,São Paulo,3550308,True,,1116,,,-23.7097155,-46.6354455,,,,1,2023-06-20T11:57:08+00:00
SAO_5012-10,São Paulo,3550308,True,,1116,,,-23.6465645,-46.6404195,,,,1,2023-06-20T11:57:34+00:00
SAO_5012-10,São Paulo,3550308,True,,1116,,,-23.703528,-46.634766,,,,1,2023-06-20T11:57:37+00:00
SAO_5012-10,São Paulo,3550308,True,,1116,,,-23.7097155,-46.6354455,,,,1,2023-06-20T11:56:57+00:00
SAO_5012-10,São Paulo,3550308,True,,1116,,,-23.7072285,-46.6296535,,,,1,2023-06-20T11:57:30+00:00
SAO_5012-10,São Paulo,3550308,True,,1116,,,-23.660913375,-46.637010124999996,,,,1,2023-06-20T11:57:34+00:00
SAO_5012-10,São Paulo,3550308,True,,1116,,,-23.686666,-46.63355,,,,1,2023-06-20T11:57:05+00:00
SAO_5012-10,São Paulo,3550308,True,,1116,,,-23.699241999999998,-46.639596,,,,1,2023-06-20T11:57:12+00:00
SAO_8013-41,São Paulo,3550308,True,,2011,,,-23.431721500000002,-46.787169500000005,,,,1,2023-06-20T11:57:31+00:00
SAO_8013-41,São Paulo,3550308,True,,2011,,,-23.4351345,-46.809742,,,,1,2023-06-20T11:57:32+00:00
SAO_4003-10,São Paulo,3550308,True,,2159,,,-23.568344,-46.401933,,,,1,2023-06-20T11:57:21+00:00
SAO_4003-10,São Paulo,3550308,True,,2159,,,-23.55513975,-46.423700749999995,,,,1,2023-06-20T11:53:45+00:00
SAO_3761-10,São Paulo,3550308,True,,33819,,,-23.599062,-46.468776000000005,,,,2,2023-06-20T11:57:13+00:00
SAO_3761-10,São Paulo,3550308,True,,33819,,,-23.5359905,-46.55301,,,,2,2023-06-20T11:57:27+00:00
SAO_3761-10,São Paulo,3550308,True,,33819,,,-23.58065225,-46.49269175,,,,2,2023-06-20T11:56:58+00:00
SAO_3761-10,São Paulo,3550308,True,,33819,,,-23.61839375,-46.42342575,,,,2,2023-06-20T11:57:13+00:00
SAO_3761-10,São Paulo,3550308,True,,33819,,,-23.61771875,-46.4233285,,,,2,2023-06-20T11:57:18+00:00
SAO_746C-10,São Paulo,3550308,True,,33551,,,-23.645148,-46.7116365,,,,2,2023-06-20T11:57:14+00:00
SAO_746C-10,São Paulo,3550308,True,,33551,,,-23.633803,-46.737025,,,,2,2023-06-20T11:57:28+00:00
SAO_746C-10,São Paulo,3550308,True,,33551,,,-23.627023,-46.736436499999996,,,,2,2023-06-20T11:57:10+00:00
SAO_746C-10,São Paulo,3550308,True,,33551,,,-23.6089785,-46.750411,,,,2,2023-06-20T11:57:25+00:00
SAO_746C-10,São Paulo,3550308,True,,33551,,,-23.617905,-46.7431675,,,,2,2023-06-20T11:56:59+00:00
SAO_746C-10,São Paulo,3550308,True,,33551,,,-23.609017,-46.750698,,,,2,2023-06-20T11:57:00+00:00
SAO_746C-10,São Paulo,3550308,True,,33551,,,-23.6497155,-46.708284,,,,2,2023-06-20T11:57:20+00:00
SAO_746C-10,São Paulo,3550308,True,,33551,,,-23.608864,-46.7509105,,,,2,2023-06-20T11:56:54+00:00
SAO_746C-10,São Paulo,3550308,True,,33551,,,-23.6497155,-46.708284,,,,2,2023-06-20T11:57:09+00:00
SAO_746C-10,São Paulo,3550308,True,,33551,,,-23.6089785,-46.750411,,,,2,2023-06-20T11:57:17+00:00
SAO_746C-10,São Paulo,3550308,True,,33551,,,-23.6412155,-46.723060000000004,,,,2,2023-06-20T11:57:15+00:00
SAO_746C-10,São Paulo,3550308,True,,33551,,,-23.650399,-46.7076415,,,,2,2023-06-20T11:57:06+00:00
SAO_3459-10,São Paulo,3550308,True,,33170,,,-23.547625500000002,-46.629791499999996,,,,2,2023-06-20T11:57:27+00:00
SAO_3459-10,São Paulo,3550308,True,,33170,,,-23.547625500000002,-46.629791499999996,,,,2,2023-06-20T11:56:53+00:00
SAO_3459-10,São Paulo,3550308,True,,33170,,,-23.547625500000002,-46.629791499999996,,,,2,2023-06-20T11:57:36+00:00
SAO_3459-10,São Paulo,3550308,True,,33170,,,-23.547625500000002,-46.629791499999996,,,,2,2023-06-20T11:56:56+00:00
SAO_3459-10,São Paulo,3550308,True,,33170,,,-23.51956225,-46.513329,,,,2,2023-06-20T11:57:24+00:00
SAO_3459-10,São Paulo,3550308,True,,33170,,,-23.547625500000002,-46.629791499999996,,,,2,2023-06-20T11:57:00+00:00
SAO_3459-10,São Paulo,3550308,True,,33170,,,-23.547625500000002,-46.629791499999996,,,,2,2023-06-20T11:57:00+00:00
SAO_3459-10,São Paulo,3550308,True,,33170,,,-23.547625500000002,-46.629791499999996,,,,2,2023-06-20T11:57:02+00:00
SAO_3459-10,São Paulo,3550308,True,,33170,,,-23.547625500000002,-46.629791499999996,,,,2,2023-06-20T11:57:07+00:00
SAO_3459-10,São Paulo,3550308,True,,33170,,,-23.515366375,-46.38176575,,,,2,2023-06-20T11:57:30+00:00
SAO_3459-10,São Paulo,3550308,True,,33170,,,-23.507201000000002,-46.4431785,,,,2,2023-06-20T11:57:32+00:00
SAO_3459-10,São Paulo,3550308,True,,33170,,,-23.547625500000002,-46.629791499999996,,,,2,2023-06-20T11:55:22+00:00
SAO_3459-10,São Paulo,3550308,True,,33170,,,-23.516762,-46.384977500000005,,,,2,2023-06-20T11:56:55+00:00
SAO_3459-10,São Paulo,3550308,True,,33170,,,-23.494294,-46.4433315,,,,2,2023-06-20T11:57:15+00:00
SAO_3459-10,São Paulo,3550308,True,,33170,,,-23.547625500000002,-46.629791499999996,,,,2,2023-06-20T11:57:11+00:00
SAO_3459-10,São Paulo,3550308,True,,33170,,,-23.547625500000002,-46.629791499999996,,,,2,2023-06-20T11:57:27+00:00
SAO_3459-10,São Paulo,3550308,True,,33170,,,-23.543553875,-46.58819525,,,,2,2023-06-20T11:57:30+00:00
SAO_3459-10,São Paulo,3550308,True,,33170,,,-23.547625500000002,-46.629791499999996,,,,2,2023-06-20T11:57:06+00:00
SAO_2590-10,São Paulo,3550308,True,,912,,,-23.4852985,-46.48650550000001,,,,1,2023-06-20T11:55:16+00:00
SAO_2590-10,São Paulo,3550308,True,,912,,,-23.538246,-46.60124675,,,,1,2023-06-20T11:57:02+00:00
SAO_2590-10,São Paulo,3550308,True,,912,,,-23.4829785,-46.467121,,,,1,2023-06-20T11:57:21+00:00
SAO_2590-10,São Paulo,3550308,True,,912,,,-23.523092,-46.550831,,,,1,2023-06-20T11:57:11+00:00
SAO_2590-10,São Paulo,3550308,True,,912,,,-23.4829785,-46.467121,,,,1,2023-06-20T11:57:29+00:00
SAO_2590-10,São Paulo,3550308,True,,912,,,-23.537631,-46.596464125000004,,,,1,2023-06-20T11:56:42+00:00
SAO_2590-10,São Paulo,3550308,True,,912,,,-23.501959125,-46.534102875,,,,1,2023-06-20T11:57:34+00:00
SAO_2590-10,São Paulo,3550308,True,,912,,,-23.544655,-46.630301,,,,1,2023-06-20T11:57:26+00:00
SAO_2590-10,São Paulo,3550308,True,,912,,,-23.4911365,-46.453854,,,,1,2023-06-20T11:56:57+00:00
SAO_6039-10,São Paulo,3550308,True,,1217,,,-23.6860325,-46.8009515,,,,1,2023-06-20T11:57:23+00:00
SAO_6039-10,São Paulo,3550308,True,,1217,,,-23.6860325,-46.8009515,,,,1,2023-06-20T11:49:30+00:00
SAO_6039-10,São Paulo,3550308,True,,1217,,,-23.646914,-46.74704625,,,,1,2023-06-20T11:57:10+00:00
SAO_6039-10,São Paulo,3550308,True,,1217,,,-23.65462525,-46.7603225,,,,1,2023-06-20T11:57:39+00:00
SAO_6039-10,São Paulo,3550308,True,,1217,,,-23.66175,-46.778977,,,,1,2023-06-20T11:56:55+00:00
SAO_6039-10,São Paulo,3550308,True,,1217,,,-23.6762815,-46.7904975,,,,1,2023-06-20T11:57:19+00:00
SAO_6039-10,São Paulo,3550308,True,,1217,,,-23.64074825,-46.723622000000006,,,,1,2023-06-20T11:57:37+00:00
SAO_6039-10,São Paulo,3550308,True,,1217,,,-23.6860325,-46.8009515,,,,1,2023-06-20T11:57:02+00:00
SAO_314J-10,São Paulo,3550308,True,Cidade de Caieiras,310,https://moovitapp.com/index/pt-br/transporte_p%C3%BAblico-line-310-Sao_Paulo-242-868761-496418-0,5.0,-23.6016145,-46.536133500000005,,,,1,2023-06-20T11:56:54+00:00
SAO_314J-10,São Paulo,3550308,True,Cidade de Caieiras,310,https://moovitapp.com/index/pt-br/transporte_p%C3%BAblico-line-310-Sao_Paulo-242-868761-496418-0,5.0,-23.559307249999996,-46.623923500000004,,,,1,2023-06-20T11:57:29+00:00
SAO_314J-10,São Paulo,3550308,True,Cidade de Caieiras,310,https://moovitapp.com/index/pt-br/transporte_p%C3%BAblico-line-310-Sao_Paulo-242-868761-496418-0,5.0,-23.6141705,-46.51755300000001,,,,1,2023-06-20T11:56:59+00:00
SAO_314J-10,São Paulo,3550308,True,Cidade de Caieiras,310,https://moovitapp.com/index/pt-br/transporte_p%C3%BAblico-line-310-Sao_Paulo-242-868761-496418-0,5.0,-23.581939,-46.5893905,,,,1,2023-06-20T11:57:34+00:00
SAO_314J-10,São Paulo,3550308,True,Cidade de Caieiras,310,https://moovitapp.com/index/pt-br/transporte_p%C3%BAblico-line-310-Sao_Paulo-242-868761-496418-0,5.0,-23.6141705,-46.51755300000001,,,,1,2023-06-20T11:56:59+00:00
SAO_507T-10,São Paulo,3550308,True,,2208,,,-23.5851095,-46.51983274999999,,,,1,2023-06-20T11:57:08+00:00
SAO_507T-10,São Paulo,3550308,True,,2208,,,-23.5391935,-46.566613000000004,,,,1,2023-06-20T11:57:35+00:00
SAO_507T-10,São Paulo,3550308,True,,2208,,,-23.5877185,-46.503956,,,,1,2023-06-20T11:56:55+00:00
SAO_507T-10,São Paulo,3550308,True,,2208,,,-23.546333,-46.542565,,,,1,2023-06-20T11:56:56+00:00
SAO_507T-10,São Paulo,3550308,True,,2208,,,-23.5928745,-46.5022035,,,,1,2023-06-20T11:57:14+00:00
SAO_507T-10,São Paulo,3550308,True,,2208,,,-23.6141215,-46.501234,,,,1,2023-06-20T11:57:32+00:00
SAO_507T-10,São Paulo,3550308,True,,2208,,,-23.550742,-46.53271050000001,,,,1,2023-06-20T11:57:04+00:00
SAO_507T-10,São Paulo,3550308,True,,2208,,,-23.5670195,-46.5109545,,,,1,2023-06-20T11:56:48+00:00
SAO_507T-10,São Paulo,3550308,True,,2208,,,-23.613637,-46.50147,,,,1,2023-06-20T11:56:47+00:00
SAO_6003-21,São Paulo,3550308,True,,2576,,,-23.755461,-46.7097945,,,,1,2023-06-20T11:56:58+00:00
SAO_6003-21,São Paulo,3550308,True,,2576,,,-23.766613,-46.71643,,,,1,2023-06-20T11:57:24+00:00
SAO_6063-10,São Paulo,3550308,True,,33920,,,-23.783673,-46.6827105,,,,2,2023-06-20T11:57:00+00:00
SAO_6063-10,São Paulo,3550308,True,,33920,,,-23.766647,-46.716179,,,,2,2023-06-20T11:56:45+00:00
SAO_6063-10,São Paulo,3550308,True,,33920,,,-23.783673,-46.6827105,,,,2,2023-06-20T11:57:30+00:00
SAO_6063-10,São Paulo,3550308,True,,33920,,,-23.783673,-46.6827105,,,,2,2023-06-20T11:57:00+00:00
SAO_6063-10,São Paulo,3550308,True,,33920,,,-23.783673,-46.6827105,,,,2,2023-06-20T11:57:07+00:00
SAO_6063-10,São Paulo,3550308,True,,33920,,,-23.783673,-46.6827105,,,,2,2023-06-20T11:57:27+00:00
SAO_6063-10,São Paulo,3550308,True,,33920,,,-23.783823750000003,-46.68278600000001,,,,2,2023-06-20T11:57:11+00:00
SAO_6063-10,São Paulo,3550308,True,,33920,,,-23.784246,-46.6830005,,,,2,2023-06-20T11:57:13+00:00
SAO_6063-10,São Paulo,3550308,True,,33920,,,-23.772855749999998,-46.7019205,,,,2,2023-06-20T11:56:58+00:00
SAO_6063-10,São Paulo,3550308,True,,33920,,,-23.76811025,-46.717556,,,,2,2023-06-20T11:57:01+00:00
SAO_2718-10,São Paulo,3550308,True,,33699,,,-23.49894475,-46.52076825,,,,2,2023-06-20T11:57:39+00:00
SAO_2718-10,São Paulo,3550308,True,,33699,,,-23.4930925,-46.49988925,,,,2,2023-06-20T11:57:27+00:00
SAO_2718-10,São Paulo,3550308,True,,33699,,,-23.496364999999997,-46.5070345,,,,2,2023-06-20T11:57:18+00:00
SAO_2718-10,São Paulo,3550308,True,,33699,,,-23.533648499999998,-46.5455135,,,,2,2023-06-20T11:57:24+00:00
SAO_2718-10,São Paulo,3550308,True,,33699,,,-23.51900775,-46.54769400000001,,,,2,2023-06-20T11:57:28+00:00
SAO_2718-10,São Paulo,3550308,True,,33699,,,-23.4931245,-46.500213,,,,2,2023-06-20T11:56:59+00:00
SAO_2522-10,São Paulo,3550308,True,Cidade de Caieiras,140,https://moovitapp.com/index/pt-br/transporte_p%C3%BAblico-line-140-Sao_Paulo-242-868761-496401-0,5.0,-23.5280235,-46.4477285,,,,1,2023-06-20T11:57:25+00:00
SAO_677Y-10,São Paulo,3550308,True,,1240,,,-23.613715499999998,-46.6966135,,,,1,2023-06-20T11:57:39+00:00
SAO_677Y-10,São Paulo,3550308,True,,1240,,,-23.6836685,-46.7890555,,,,1,2023-06-20T11:57:08+00:00
SAO_677Y-10,São Paulo,3550308,True,,1240,,,-23.689728000000002,-46.795007,,,,1,2023-06-20T11:57:35+00:00
SAO_677Y-10,São Paulo,3550308,True,,1240,,,-23.6836685,-46.7890555,,,,1,2023-06-20T11:57:12+00:00
SAO_677Y-10,São Paulo,3550308,True,,1240,,,-23.65436375,-46.760079499999996,,,,1,2023-06-20T11:57:35+00:00
SAO_677Y-10,São Paulo,3550308,True,,1240,,,-23.6562985,-46.762777,,,,1,2023-06-20T11:56:57+00:00
SAO_677Y-10,São Paulo,3550308,True,,1240,,,-23.6836685,-46.7890555,,,,1,2023-06-20T11:57:13+00:00
SAO_677Y-10,São Paulo,3550308,True,,1240,,,-23.677695,-46.793955499999996,,,,1,2023-06-20T11:57:12+00:00
SAO_677Y-10,São Paulo,3550308,True,,1240,,,-23.6621345,-46.779826,,,,1,2023-06-20T11:57:35+00:00
SAO_342C-10,São Paulo,3550308,True,,33770,,,-23.560966,-46.4920555,,,,2,2023-06-20T11:56:57+00:00
SAO_342C-10,São Paulo,3550308,True,,33770,,,-23.5412,-46.512998,,,,2,2023-06-20T11:57:20+00:00
SAO_746K-10,São Paulo,3550308,True,STT,787,https://moovitapp.com/index/pt-br/transporte_p%C3%BAblico-line-787-Sao_Paulo-242-850661-183355-0,5.3,-23.624859,-46.717432,,,,1,2023-06-20T11:57:23+00:00
SAO_746K-10,São Paulo,3550308,True,STT,787,https://moovitapp.com/index/pt-br/transporte_p%C3%BAblico-line-787-Sao_Paulo-242-850661-183355-0,5.3,-23.618436000000003,-46.721787500000005,,,,1,2023-06-20T11:57:25+00:00
SAO_746K-10,São Paulo,3550308,True,STT,787,https://moovitapp.com/index/pt-br/transporte_p%C3%BAblico-line-787-Sao_Paulo-242-850661-183355-0,5.3,-23.623746750000002,-46.69459925,,,,1,2023-06-20T11:57:13+00:00
SAO_746K-10,São Paulo,3550308,True,STT,787,https://moovitapp.com/index/pt-br/transporte_p%C3%BAblico-line-787-Sao_Paulo-242-850661-183355-0,5.3,-23.618883500000003,-46.722800500000005,,,,1,2023-06-20T11:57:36+00:00
SAO_233A-10,São Paulo,3550308,True,EMTU,249,https://moovitapp.com/index/pt-br/transporte_p%C3%BAblico-line-249-Sao_Paulo-242-2038937-58093193-0,5.4,-23.533362,-46.478820999999996,,,,1,2023-06-20T11:57:21+00:00
SAO_233A-10,São Paulo,3550308,True,EMTU,249,https://moovitapp.com/index/pt-br/transporte_p%C3%BAblico-line-249-Sao_Paulo-242-2038937-58093193-0,5.4,-23.5488615,-46.502125,,,,1,2023-06-20T11:57:07+00:00
SAO_233A-10,São Paulo,3550308,True,EMTU,249,https://moovitapp.com/index/pt-br/transporte_p%C3%BAblico-line-249-Sao_Paulo-242-2038937-58093193-0,5.4,-23.485105312499996,-46.4347855625,,,,1,2023-06-20T11:57:26+00:00
SAO_2552-10,São Paulo,3550308,True,,142,,,-23.5033495,-46.471968000000004,,,,1,2023-06-20T11:56:54+00:00
SAO_2552-10,São Paulo,3550308,True,,142,,,-23.5314755,-46.5591195,,,,1,2023-06-20T11:57:21+00:00
SAO_2552-10,São Paulo,3550308,True,,142,,,-23.486182999999997,-46.437088,,,,1,2023-06-20T11:57:02+00:00
SAO_2552-10,São Paulo,3550308,True,,142,,,-23.5366935,-46.589487500000004,,,,1,2023-06-20T11:57:19+00:00
SAO_2552-10,São Paulo,3550308,True,,142,,,-23.545886,-46.6302635,,,,1,2023-06-20T11:57:08+00:00
SAO_2552-10,São Paulo,3550308,True,,142,,,-23.522648750000002,-46.53158125,,,,1,2023-06-20T11:57:07+00:00
SAO_5111-10,São Paulo,3550308,True,,48,,,-23.653152499999997,-46.706320749999996,,,,1,2023-06-20T11:57:13+00:00
SAO_5111-10,São Paulo,3550308,True,,48,,,-23.6542935,-46.7114185,,,,1,2023-06-20T11:57:03+00:00
SAO_5111-10,São Paulo,3550308,True,,48,,,-23.547648,-46.630084999999994,,,,1,2023-06-20T11:57:24+00:00
SAO_5111-10,São Paulo,3550308,True,,48,,,-23.622559250000002,-46.684604500000006,,,,1,2023-06-20T11:57:34+00:00
SAO_5111-10,São Paulo,3550308,True,,48,,,-23.6542935,-46.7114185,,,,1,2023-06-20T11:57:25+00:00
SAO_5111-10,São Paulo,3550308,True,,48,,,-23.644948375,-46.700573000000006,,,,1,2023-06-20T11:57:38+00:00
SAO_5111-10,São Paulo,3550308,True,,48,,,-23.580375,-46.6637115,,,,1,2023-06-20T11:57:00+00:00
SAO_5111-10,São Paulo,3550308,True,,48,,,-23.546065499999997,-46.6320345,,,,1,2023-06-20T11:57:24+00:00
SAO_4284-10,São Paulo,3550308,True,EMTU,289,https://moovitapp.com/index/pt-br/transporte_p%C3%BAblico-line-289-Sao_Paulo-242-2038937-36419390-0,5.1,-23.59011075,-46.582215,,,,1,2023-06-20T11:57:16+00:00
SAO_189L-10,São Paulo,3550308,True,,2450,,,-23.5177915,-46.702978,,,,1,2023-06-20T11:57:31+00:00
SAO_189L-10,São Paulo,3550308,True,,2450,,,-23.5065825,-46.7060185,,,,1,2023-06-20T11:57:22+00:00
SAO_2523-10,São Paulo,3550308,True,,33018,,,-23.519458,-46.470661500000006,,,,2,2023-06-20T11:52:03+00:00
SAO_2523-10,São Paulo,3550308,True,,33018,,,-23.5230805,-46.4261245,,,,2,2023-06-20T11:57:08+00:00
SAO_8072-10,São Paulo,3550308,True,,2079,,,-23.586914,-46.7317545,,,,1,2023-06-20T11:57:35+00:00
SAO_8072-10,São Paulo,3550308,True,,2079,,,-23.642163,-46.766020499999996,,,,1,2023-06-20T11:57:25+00:00
SAO_8072-10,São Paulo,3550308,True,,2079,,,-23.642391,-46.761691,,,,1,2023-06-20T11:57:13+00:00
SAO_8072-10,São Paulo,3550308,True,,2079,,,-23.622577,-46.762322499999996,,,,1,2023-06-20T11:57:12+00:00
SAO_8072-10,São Paulo,3550308,True,,2079,,,-23.637026249999998,-46.760401,,,,1,2023-06-20T11:57:32+00:00
SAO_5185-10,São Paulo,3550308,True,,1308,,,-23.568838624999998,-46.65007475,,,,1,2023-06-20T11:57:14+00:00
SAO_5185-10,São Paulo,3550308,True,,1308,,,-23.6677575,-46.7351975,,,,1,2023-06-20T11:57:01+00:00
SAO_5185-10,São Paulo,3550308,True,,1308,,,-23.6576638125,-46.696716499999994,,,,1,2023-06-20T11:57:25+00:00
SAO_5185-10,São Paulo,3550308,True,,1308,,,-23.546979,-46.63057,,,,1,2023-06-20T11:57:38+00:00
SAO_5185-10,São Paulo,3550308,True,,1308,,,-23.6677575,-46.7351975,,,,1,2023-06-20T11:57:23+00:00
SAO_5185-10,São Paulo,3550308,True,,1308,,,-23.64841275,-46.675945,,,,1,2023-06-20T11:57:24+00:00
SAO_5185-10,São Paulo,3550308,True,,1308,,,-23.6029775,-46.651044999999996,,,,1,2023-06-20T11:57:16+00:00
SAO_8007-10,São Paulo,3550308,True,,1257,,,-23.46954275,-46.754254875,,,,1,2023-06-20T11:57:28+00:00
SAO_4053-10,São Paulo,3550308,True,,34914,,,-23.5545905,-46.392522,,,,2,2023-06-20T11:57:12+00:00
SAO_4053-10,São Paulo,3550308,True,,34914,,,-23.54247075,-46.41617375,,,,2,2023-06-20T11:57:17+00:00
SAO_6960-10,São Paulo,3550308,True,,34211,,,-23.658618500000003,-46.706303,,,,2,2023-06-20T11:56:54+00:00
SAO_6960-10,São Paulo,3550308,True,,34211,,,-23.6543295,-46.7121355,,,,2,2023-06-20T11:57:37+00:00
SAO_6960-10,São Paulo,3550308,True,,34211,,,-23.760092,-46.71540225,,,,2,2023-06-20T11:57:16+00:00
SAO_6960-10,São Paulo,3550308,True,,34211,,,-23.683669000000002,-46.714512,,,,2,2023-06-20T11:57:32+00:00
SAO_6960-10,São Paulo,3550308,True,,34211,,,-23.766346,-46.716555,,,,2,2023-06-20T11:57:27+00:00
SAO_6960-10,São Paulo,3550308,True,,34211,,,-23.766492,-46.716403,,,,2,2023-06-20T11:57:12+00:00
SAO_675G-41,São Paulo,3550308,True,,1794,,,-23.657964,-46.679599499999995,,,,1,2023-06-20T11:57:05+00:00
SAO_675G-41,São Paulo,3550308,True,,1794,,,-23.73769625,-46.687498,,,,1,2023-06-20T11:56:56+00:00
SAO_9015-10,São Paulo,3550308,True,,1269,,,-23.4736145,-46.714135999999996,,,,1,2023-06-20T11:57:30+00:00
SAO_9015-10,São Paulo,3550308,True,,1269,,,-23.4845285,-46.709875,,,,1,2023-06-20T11:57:23+00:00
SAO_2059-10,São Paulo,3550308,True,Cidade de Caieiras,260,https://moovitapp.com/index/pt-br/transporte_p%C3%BAblico-line-260-Sao_Paulo-242-868761-496413-0,5.0,-23.50120275,-46.44000275,,,,1,2023-06-20T11:57:12+00:00
SAO_2059-10,São Paulo,3550308,True,Cidade de Caieiras,260,https://moovitapp.com/index/pt-br/transporte_p%C3%BAblico-line-260-Sao_Paulo-242-868761-496413-0,5.0,-23.52388725,-46.41830675,,,,1,2023-06-20T11:57:14+00:00
SAO_2059-10,São Paulo,3550308,True,Cidade de Caieiras,260,https://moovitapp.com/index/pt-br/transporte_p%C3%BAblico-line-260-Sao_Paulo-242-868761-496413-0,5.0,-23.539849,-46.408291,,,,1,2023-06-20T11:57:34+00:00
SAO_2059-10,São Paulo,3550308,True,Cidade de Caieiras,260,https://moovitapp.com/index/pt-br/transporte_p%C3%BAblico-line-260-Sao_Paulo-242-868761-496413-0,5.0,-23.4909655,-46.442477499999995,,,,1,2023-06-20T11:56:54+00:00
SAO_2059-10,São Paulo,3550308,True,Cidade de Caieiras,260,https://moovitapp.com/index/pt-br/transporte_p%C3%BAblico-line-260-Sao_Paulo-242-868761-496413-0,5.0,-23.4909655,-46.442477499999995,,,,1,2023-06-20T11:57:31+00:00
SAO_2059-10,São Paulo,3550308,True,Cidade de Caieiras,260,https://moovitapp.com/index/pt-br/transporte_p%C3%BAblico-line-260-Sao_Paulo-242-868761-496413-0,5.0,-23.541742499999998,-46.415893499999996,,,,1,2023-06-20T11:55:09+00:00
SAO_4018-10,São Paulo,3550308,True,,2191,,,-23.5941205,-46.4227635,,,,1,2023-06-20T11:57:12+00:00
SAO_4018-10,São Paulo,3550308,True,,2191,,,-23.596127000000003,-46.435625,,,,1,2023-06-20T11:57:16+00:00
SAO_4018-10,São Paulo,3550308,True,,2191,,,-23.5986315,-46.466479,,,,1,2023-06-20T11:57:24+00:00
SAO_4018-10,São Paulo,3550308,True,,2191,,,-23.598681749999997,-46.46435325,,,,1,2023-06-20T11:57:11+00:00
SAO_4018-10,São Paulo,3550308,True,,2191,,,-23.613001,-46.4764665,,,,1,2023-06-20T11:57:04+00:00
SAO_4018-10,São Paulo,3550308,True,,2191,,,-23.581291,-46.4146645,,,,1,2023-06-20T11:57:23+00:00
SAO_4018-10,São Paulo,3550308,True,,2191,,,-23.5835525,-46.408947,,,,1,2023-06-20T11:57:27+00:00
SAO_4018-10,São Paulo,3550308,True,,2191,,,-23.598306,-46.402944250000004,,,,1,2023-06-20T11:56:54+00:00
SAO_4018-10,São Paulo,3550308,True,,2191,,,-23.595074,-46.4396905,,,,1,2023-06-20T11:57:10+00:00
SAO_737A-10,São Paulo,3550308,True,,1730,,,-23.67015,-46.7378715,,,,1,2023-06-20T11:56:58+00:00
SAO_737A-10,São Paulo,3550308,True,,1730,,,-23.663912,-46.7080915,,,,1,2023-06-20T11:57:32+00:00
SAO_737A-10,São Paulo,3550308,True,,1730,,,-23.6753865,-46.748684499999996,,,,1,2023-06-20T11:56:53+00:00
SAO_737A-10,São Paulo,3550308,True,,1730,,,-23.6699925,-46.737403,,,,1,2023-06-20T11:57:22+00:00
SAO_737A-10,São Paulo,3550308,True,,1730,,,-23.677541,-46.7615305,,,,1,2023-06-20T11:56:51+00:00
SAO_737A-10,São Paulo,3550308,True,,1730,,,-23.6541015,-46.7120065,,,,1,2023-06-20T11:57:23+00:00
SAO_737A-10,São Paulo,3550308,True,,1730,,,-23.667369,-46.728165,,,,1,2023-06-20T11:57:13+00:00
SAO_737A-10,São Paulo,3550308,True,,1730,,,-23.654031,-46.708998,,,,1,2023-06-20T11:56:52+00:00
SAO_737A-10,São Paulo,3550308,True,,1730,,,-23.6873875,-46.771598,,,,1,2023-06-20T11:57:26+00:00
SAO_6080-10,São Paulo,3550308,True,,33936,,,-23.718930999999998,-46.698931,,,,2,2023-06-20T11:57:37+00:00
SAO_6080-10,São Paulo,3550308,True,,33936,,,-23.7604385,-46.677518000000006,,,,2,2023-06-20T11:57:39+00:00
SAO_6080-10,São Paulo,3550308,True,,33936,,,-23.75241525,-46.68851050000001,,,,2,2023-06-20T11:57:29+00:00
SAO_2710-31,São Paulo,3550308,True,,34422,,,-23.522788249999998,-46.498651375,,,,2,2023-06-20T11:57:18+00:00
SAO_2710-31,São Paulo,3550308,True,,34422,,,-23.529587499999998,-46.5004265,,,,2,2023-06-20T11:57:22+00:00
SAO_6076-10,São Paulo,3550308,True,,1165,,,-23.733597500000002,-46.676829,,,,1,2023-06-20T11:57:03+00:00
SAO_6076-10,São Paulo,3550308,True,,1165,,,-23.653924375,-46.71180125000001,,,,1,2023-06-20T11:57:39+00:00
SAO_6076-10,São Paulo,3550308,True,,1165,,,-23.7343565,-46.681067,,,,1,2023-06-20T11:57:14+00:00
SAO_6076-10,São Paulo,3550308,True,,1165,,,-23.670022,-46.7114045,,,,1,2023-06-20T11:57:05+00:00
SAO_6076-10,São Paulo,3550308,True,,1165,,,-23.722201,-46.6916135,,,,1,2023-06-20T11:56:56+00:00
SAO_6076-10,São Paulo,3550308,True,,1165,,,-23.735762125,-46.68860024999999,,,,1,2023-06-20T11:57:33+00:00
SAO_6076-10,São Paulo,3550308,True,,1165,,,-23.6910825,-46.7015465,,,,1,2023-06-20T11:57:31+00:00
SAO_3010-10,São Paulo,3550308,True,,2543,,,-23.510495499999998,-46.4462745,,,,1,2023-06-20T11:57:35+00:00
SAO_3010-10,São Paulo,3550308,True,,2543,,,-23.51799875,-46.452205750000005,,,,1,2023-06-20T11:57:28+00:00
SAO_3010-10,São Paulo,3550308,True,,2543,,,-23.518385000000002,-46.475624499999995,,,,1,2023-06-20T11:56:57+00:00
SAO_524M-10,São Paulo,3550308,True,,1631,,,-23.614266,-46.501662499999995,,,,1,2023-06-20T11:57:14+00:00
SAO_524M-10,São Paulo,3550308,True,,1631,,,-23.590888999999997,-46.50481375,,,,1,2023-06-20T11:57:11+00:00
SAO_524M-10,São Paulo,3550308,True,,1631,,,-23.566467,-46.5072405,,,,1,2023-06-20T11:57:35+00:00
SAO_524M-10,São Paulo,3550308,True,,1631,,,-23.6142605,-46.4964065,,,,1,2023-06-20T11:57:15+00:00
SAO_524M-10,São Paulo,3550308,True,,1631,,,-23.6224255,-46.493666000000005,,,,1,2023-06-20T11:56:47+00:00
SAO_524M-10,São Paulo,3550308,True,,1631,,,-23.5761115,-46.51551475,,,,1,2023-06-20T11:57:04+00:00
SAO_524M-10,São Paulo,3550308,True,,1631,,,-23.5870535,-46.5154945,,,,1,2023-06-20T11:57:02+00:00
SAO_524M-10,São Paulo,3550308,True,,1631,,,-23.564117500000002,-46.505180499999994,,,,1,2023-06-20T11:57:12+00:00
SAO_524M-10,São Paulo,3550308,True,,1631,,,-23.6012165,-46.4982545,,,,1,2023-06-20T11:57:30+00:00
SAO_7062-41,São Paulo,3550308,True,,2271,,,-23.6499715,-46.758806,,,,1,2023-06-20T11:56:58+00:00
SAO_3741-10,São Paulo,3550308,True,,33809,,,-23.544971500000003,-46.46274225,,,,2,2023-06-20T11:57:18+00:00
SAO_3741-10,São Paulo,3550308,True,,33809,,,-23.542377000000002,-46.449023749999995,,,,2,2023-06-20T11:57:34+00:00
SAO_3741-10,São Paulo,3550308,True,,33809,,,-23.542612,-46.44882,,,,2,2023-06-20T11:57:06+00:00
SAO_3741-10,São Paulo,3550308,True,,33809,,,-23.558833999999997,-46.45582025,,,,2,2023-06-20T11:57:17+00:00
SAO_3741-10,São Paulo,3550308,True,,33809,,,-23.556521375,-46.460564000000005,,,,2,2023-06-20T11:57:31+00:00
SAO_5106-21,São Paulo,3550308,True,,1972,,,-23.625718499999998,-46.6407605,,,,1,2023-06-20T11:57:03+00:00
SAO_5106-21,São Paulo,3550308,True,,1972,,,-23.604503375,-46.67426225,,,,1,2023-06-20T11:56:53+00:00
SAO_5106-21,São Paulo,3550308,True,,1972,,,-23.6098255,-46.663490625,,,,1,2023-06-20T11:57:12+00:00
SAO_5106-21,São Paulo,3550308,True,,1972,,,-23.69270925,-46.658944875,,,,1,2023-06-20T11:57:21+00:00
SAO_5106-21,São Paulo,3550308,True,,1972,,,-23.6954925,-46.651992,,,,1,2023-06-20T11:57:04+00:00
SAO_5106-21,São Paulo,3550308,True,,1972,,,-23.613773000000002,-46.6958885,,,,1,2023-06-20T11:57:25+00:00
SAO_5106-21,São Paulo,3550308,True,,1972,,,-23.671510499999997,-46.6319825,,,,1,2023-06-20T11:55:55+00:00
SAO_5106-21,São Paulo,3550308,True,,1972,,,-23.660702125,-46.636904375,,,,1,2023-06-20T11:57:26+00:00
SAO_2755-10,São Paulo,3550308,True,STT,233,https://moovitapp.com/index/pt-br/transporte_p%C3%BAblico-line-233-Sao_Paulo-242-850661-183266-0,5.3,-23.521203749999998,-46.5247765,,,,1,2023-06-20T11:57:11+00:00
SAO_2755-10,São Paulo,3550308,True,STT,233,https://moovitapp.com/index/pt-br/transporte_p%C3%BAblico-line-233-Sao_Paulo-242-850661-183266-0,5.3,-23.530402,-46.415454,,,,1,2023-06-20T11:57:30+00:00
SAO_2755-10,São Paulo,3550308,True,STT,233,https://moovitapp.com/index/pt-br/transporte_p%C3%BAblico-line-233-Sao_Paulo-242-850661-183266-0,5.3,-23.532934,-46.54324149999999,,,,1,2023-06-20T11:57:04+00:00
SAO_2755-10,São Paulo,3550308,True,STT,233,https://moovitapp.com/index/pt-br/transporte_p%C3%BAblico-line-233-Sao_Paulo-242-850661-183266-0,5.3,-23.51389125,-46.450264125,,,,1,2023-06-20T11:57:37+00:00
SAO_2755-10,São Paulo,3550308,True,STT,233,https://moovitapp.com/index/pt-br/transporte_p%C3%BAblico-line-233-Sao_Paulo-242-850661-183266-0,5.3,-23.521472250000002,-46.525711,,,,1,2023-06-20T11:57:12+00:00
SAO_2755-10,São Paulo,3550308,True,STT,233,https://moovitapp.com/index/pt-br/transporte_p%C3%BAblico-line-233-Sao_Paulo-242-850661-183266-0,5.3,-23.5134735,-46.4259215,,,,1,2023-06-20T11:57:33+00:00
SAO_2755-10,São Paulo,3550308,True,STT,233,https://moovitapp.com/index/pt-br/transporte_p%C3%BAblico-line-233-Sao_Paulo-242-850661-183266-0,5.3,-23.536617,-46.40406525,,,,1,2023-06-20T11:57:02+00:00
SAO_7550-10,São Paulo,3550308,True,,2093,,,-23.5988755,-46.6738285,,,,1,2023-06-20T11:57:33+00:00
SAO_7550-10,São Paulo,3550308,True,,2093,,,-23.654166500000002,-46.711513,,,,1,2023-06-20T11:57:05+00:00
SAO_7550-10,São Paulo,3550308,True,,2093,,,-23.625686,-46.686795249999996,,,,1,2023-06-20T11:57:34+00:00
SAO_7550-10,São Paulo,3550308,True,,2093,,,-23.57539775,-46.657210750000004,,,,1,2023-06-20T11:57:33+00:00
SAO_7550-10,São Paulo,3550308,True,,2093,,,-23.5424185,-46.64052099999999,,,,1,2023-06-20T11:57:09+00:00
SAO_390E-10,São Paulo,3550308,True,,34650,,,-23.535778625,-46.58531575,,,,2,2023-06-20T11:57:14+00:00
SAO_390E-10,São Paulo,3550308,True,,34650,,,-23.525003625,-46.5518645,,,,2,2023-06-20T11:57:29+00:00
SAO_2720-10,São Paulo,3550308,True,,933,,,-23.4931135,-46.4701905,,,,1,2023-06-20T11:57:33+00:00
SAO_2720-10,São Paulo,3550308,True,,933,,,-23.52835225,-46.5179975,,,,1,2023-06-20T11:57:11+00:00
SAO_2720-10,São Paulo,3550308,True,,933,,,-23.505316,-46.4820429375,,,,1,2023-06-20T11:56:58+00:00
SAO_2720-10,São Paulo,3550308,True,,933,,,-23.525456499999997,-46.520037,,,,1,2023-06-20T11:57:28+00:00
SAO_2720-10,São Paulo,3550308,True,,933,,,-23.507649999999998,-46.491316749999996,,,,1,2023-06-20T11:57:26+00:00
SAO_2720-10,São Paulo,3550308,True,,933,,,-23.49032575,-46.470762500000006,,,,1,2023-06-20T11:57:02+00:00
SAO_2720-10,São Paulo,3550308,True,,933,,,-23.4880555,-46.46989375,,,,1,2023-06-20T11:57:19+00:00
SAO_7005-10,São Paulo,3550308,True,,1998,,,-23.690734,-46.774626,,,,1,2023-06-20T11:57:23+00:00
SAO_7005-10,São Paulo,3550308,True,,1998,,,-23.7307125,-46.785826,,,,1,2023-06-20T11:57:39+00:00
SAO_7005-10,São Paulo,3550308,True,,1998,,,-23.701573500000002,-46.7819745,,,,1,2023-06-20T11:57:21+00:00
SAO_208M-10,São Paulo,3550308,True,,2478,,,-23.5275495,-46.662452,,,,1,2023-06-20T11:57:34+00:00
SAO_208M-10,São Paulo,3550308,True,,2478,,,-23.565859,-46.7013775,,,,1,2023-06-20T11:56:55+00:00
SAO_208M-10,São Paulo,3550308,True,,2478,,,-23.502214000000002,-46.6235875,,,,1,2023-06-20T11:57:16+00:00
SAO_208M-10,São Paulo,3550308,True,,2478,,,-23.504723,-46.6414965,,,,1,2023-06-20T11:57:04+00:00
SAO_208M-10,São Paulo,3550308,True,,2478,,,-23.553945875,-46.67553625,,,,1,2023-06-20T11:57:26+00:00
SAO_6812-10,São Paulo,3550308,True,,1242,,,-23.73128325,-46.79243925,,,,1,2023-06-20T11:57:28+00:00
SAO_6812-10,São Paulo,3550308,True,,1242,,,-23.66649675,-46.7191605,,,,1,2023-06-20T11:57:02+00:00
SAO_6812-10,São Paulo,3550308,True,,1242,,,-23.6756065,-46.756575,,,,1,2023-06-20T11:57:23+00:00
SAO_6812-10,São Paulo,3550308,True,,1242,,,-23.724219125,-46.78567475,,,,1,2023-06-20T11:57:23+00:00
SAO_6812-10,São Paulo,3550308,True,,1242,,,-23.6951705,-46.779768,,,,1,2023-06-20T11:57:20+00:00
SAO_6801-51,São Paulo,3550308,True,,1774,,,-23.6438335,-46.734375,,,,1,2023-06-20T11:56:55+00:00
SAO_8017-10,São Paulo,3550308,True,,1261,,,-23.44286625,-46.72470525,,,,1,2023-06-20T11:57:33+00:00
SAO_8017-10,São Paulo,3550308,True,,1261,,,-23.4621025,-46.7208825,,,,1,2023-06-20T11:57:04+00:00
SAO_8017-10,São Paulo,3550308,True,,1261,,,-23.438237,-46.746818000000005,,,,1,2023-06-20T11:57:25+00:00
SAO_8017-10,São Paulo,3550308,True,,1261,,,-23.4841335,-46.7226335,,,,1,2023-06-20T11:57:32+00:00
SAO_8017-10,São Paulo,3550308,True,,1261,,,-23.442030375,-46.740260625000005,,,,1,2023-06-20T11:57:00+00:00
SAO_909T-1,São Paulo,3550308,True,,35280,,,-23.546776,-46.630708999999996,,,,2,2023-06-20T11:57:21+00:00
SAO_909T-1,São Paulo,3550308,True,,35280,,,-23.56555875,-46.7010795,,,,2,2023-06-20T11:57:22+00:00
SAO_6338-10,São Paulo,3550308,True,,34061,,,-23.5958135,-46.650927249999995,,,,2,2023-06-20T11:56:58+00:00
SAO_6338-10,São Paulo,3550308,True,,34061,,,-23.6820325,-46.6382915,,,,2,2023-06-20T11:57:25+00:00
SAO_6338-10,São Paulo,3550308,True,,34061,,,-23.680498999999998,-46.6375295,,,,2,2023-06-20T11:57:02+00:00
SAO_6338-10,São Paulo,3550308,True,,34061,,,-23.633386750000003,-46.644197625000004,,,,2,2023-06-20T11:57:19+00:00
SAO_6038-10,São Paulo,3550308,True,,1216,,,-23.66162,-46.7787955,,,,1,2023-06-20T11:57:38+00:00
SAO_6038-10,São Paulo,3550308,True,,1216,,,-23.644247749999998,-46.7435985,,,,1,2023-06-20T11:57:26+00:00
SAO_6038-10,São Paulo,3550308,True,,1216,,,-23.6517585,-46.75778675,,,,1,2023-06-20T11:57:23+00:00
SAO_6038-10,São Paulo,3550308,True,,1216,,,-23.662233,-46.7937055,,,,1,2023-06-20T11:57:39+00:00
SAO_6038-10,São Paulo,3550308,True,,1216,,,-23.66147575,-46.790868625,,,,1,2023-06-20T11:57:00+00:00
SAO_6038-10,São Paulo,3550308,True,,1216,,,-23.6675355,-46.7867365,,,,1,2023-06-20T11:57:16+00:00
SAO_6038-10,São Paulo,3550308,True,,1216,,,-23.665846000000002,-46.788559,,,,1,2023-06-20T11:57:29+00:00
SAO_6038-10,São Paulo,3550308,True,,1216,,,-23.644361,-46.72532150000001,,,,1,2023-06-20T11:57:08+00:00
SAO_3027-10,São Paulo,3550308,True,,963,,,-23.563912000000002,-46.5052585,,,,1,2023-06-20T11:57:23+00:00
SAO_3027-10,São Paulo,3550308,True,,963,,,-23.5727885,-46.4743045,,,,1,2023-06-20T11:57:37+00:00
SAO_3027-10,São Paulo,3550308,True,,963,,,-23.5431935,-46.4152505,,,,1,2023-06-20T11:57:37+00:00
SAO_3027-10,São Paulo,3550308,True,,963,,,-23.5419825,-46.43314625000001,,,,1,2023-06-20T11:57:33+00:00
SAO_3027-10,São Paulo,3550308,True,,963,,,-23.578518000000003,-46.49639275,,,,1,2023-06-20T11:57:31+00:00
SAO_3027-10,São Paulo,3550308,True,,963,,,-23.5431935,-46.4152505,,,,1,2023-06-20T11:56:56+00:00
SAO_3027-10,São Paulo,3550308,True,,963,,,-23.556452,-46.44399625,,,,1,2023-06-20T11:57:38+00:00
SAO_3027-10,São Paulo,3550308,True,,963,,,-23.54288125,-46.42054375,,,,1,2023-06-20T11:57:21+00:00
SAO_7016-10,São Paulo,3550308,True,,2118,,,-23.688868499999998,-46.7661795,,,,1,2023-06-20T11:57:30+00:00
SAO_7016-10,São Paulo,3550308,True,,2118,,,-23.6848755,-46.74554275,,,,1,2023-06-20T11:57:34+00:00
SAO_7016-10,São Paulo,3550308,True,,2118,,,-23.6677405,-46.73030275,,,,1,2023-06-20T11:57:24+00:00
SAO_2728-10,São Paulo,3550308,True,,33711,,,-23.519598,-46.546459999999996,,,,2,2023-06-20T11:57:37+00:00
SAO_2728-10,São Paulo,3550308,True,,33711,,,-23.50133,-46.5125285,,,,2,2023-06-20T11:57:34+00:00
SAO_2728-10,São Paulo,3550308,True,,33711,,,-23.5003345,-46.51299349999999,,,,2,2023-06-20T11:56:55+00:00
SAO_2728-10,São Paulo,3550308,True,,33711,,,-23.51074775,-46.54191075,,,,2,2023-06-20T11:57:03+00:00
SAO_2728-10,São Paulo,3550308,True,,33711,,,-23.53138275,-46.549107125000006,,,,2,2023-06-20T11:57:15+00:00
SAO_3902-10,São Paulo,3550308,True,,34238,,,-23.485104,-46.384288999999995,,,,2,2023-06-20T11:56:54+00:00
SAO_3902-10,São Paulo,3550308,True,,34238,,,-23.5061975,-46.4048645,,,,2,2023-06-20T11:57:29+00:00
SAO_3902-10,São Paulo,3550308,True,,34238,,,-23.541865,-46.4163455,,,,2,2023-06-20T11:57:11+00:00
SAO_2033-10,São Paulo,3550308,True,,2499,,,-23.519634,-46.601973,,,,1,2023-06-20T11:57:14+00:00
SAO_2033-10,São Paulo,3550308,True,,2499,,,-23.4973545,-46.572866000000005,,,,1,2023-06-20T11:56:55+00:00
SAO_2703-10,São Paulo,3550308,True,Urubupungá,915,https://moovitapp.com/index/pt-br/transporte_p%C3%BAblico-line-915-Sao_Paulo-242-873835-75841134-0,4.6,-23.542697,-46.4700195,,,,1,2023-06-20T11:57:31+00:00
SAO_2703-10,São Paulo,3550308,True,Urubupungá,915,https://moovitapp.com/index/pt-br/transporte_p%C3%BAblico-line-915-Sao_Paulo-242-873835-75841134-0,4.6,-23.542683500000003,-46.4699445,,,,1,2023-06-20T11:57:23+00:00
SAO_2703-10,São Paulo,3550308,True,Urubupungá,915,https://moovitapp.com/index/pt-br/transporte_p%C3%BAblico-line-915-Sao_Paulo-242-873835-75841134-0,4.6,-23.524955249999998,-46.4188215,,,,1,2023-06-20T11:57:30+00:00
SAO_2703-10,São Paulo,3550308,True,Urubupungá,915,https://moovitapp.com/index/pt-br/transporte_p%C3%BAblico-line-915-Sao_Paulo-242-873835-75841134-0,4.6,-23.530801687500002,-46.4187200625,,,,1,2023-06-20T11:56:59+00:00
SAO_2703-10,São Paulo,3550308,True,Urubupungá,915,https://moovitapp.com/index/pt-br/transporte_p%C3%BAblico-line-915-Sao_Paulo-242-873835-75841134-0,4.6,-23.53697275,-46.4554635,,,,1,2023-06-20T11:57:35+00:00
SAO_2703-10,São Paulo,3550308,True,Urubupungá,915,https://moovitapp.com/index/pt-br/transporte_p%C3%BAblico-line-915-Sao_Paulo-242-873835-75841134-0,4.6,-23.529436750000002,-46.447427125000004,,,,1,2023-06-20T11:56:04+00:00
SAO_2703-10,São Paulo,3550308,True,Urubupungá,915,https://moovitapp.com/index/pt-br/transporte_p%C3%BAblico-line-915-Sao_Paulo-242-873835-75841134-0,4.6,-23.5252655,-46.440884,,,,1,2023-06-20T11:57:27+00:00
SAO_746H-10,São Paulo,3550308,True,,33553,,,-23.595612,-46.755062124999995,,,,2,2023-06-20T11:57:24+00:00
SAO_746H-10,São Paulo,3550308,True,,33553,,,-23.5932375,-46.72121,,,,2,2023-06-20T11:57:23+00:00
SAO_746H-10,São Paulo,3550308,True,,33553,,,-23.6438595,-46.731730999999996,,,,2,2023-06-20T11:57:10+00:00
SAO_746H-10,São Paulo,3550308,True,,33553,,,-23.5902205,-46.7220045,,,,2,2023-06-20T11:57:28+00:00
SAO_746H-10,São Paulo,3550308,True,,33553,,,-23.633521,-46.737029,,,,2,2023-06-20T11:56:55+00:00
SAO_746H-10,São Paulo,3550308,True,,33553,,,-23.616446500000002,-46.731505,,,,2,2023-06-20T11:57:21+00:00
SAO_746H-10,São Paulo,3550308,True,,33553,,,-23.6491045,-46.7063595,,,,2,2023-06-20T11:56:56+00:00
SAO_746H-10,São Paulo,3550308,True,,33553,,,-23.587468625,-46.7237285,,,,2,2023-06-20T11:57:25+00:00
SAO_746H-10,São Paulo,3550308,True,,33553,,,-23.5937695,-46.752343999999994,,,,2,2023-06-20T11:57:14+00:00
SAO_746H-10,São Paulo,3550308,True,,33553,,,-23.641811624999995,-46.713689625,,,,2,2023-06-20T11:57:35+00:00
SAO_746H-10,São Paulo,3550308,True,,33553,,,-23.6493255,-46.7064985,,,,2,2023-06-20T11:57:00+00:00
SAO_746H-10,São Paulo,3550308,True,,33553,,,-23.5951425,-46.7546465,,,,2,2023-06-20T11:56:56+00:00
SAO_746H-10,São Paulo,3550308,True,,33553,,,-23.5953575,-46.7548455,,,,2,2023-06-20T11:57:13+00:00
SAO_6041-10,São Paulo,3550308,True,,33986,,,-23.6501515,-46.70813,,,,2,2023-06-20T11:57:26+00:00
SAO_6041-10,São Paulo,3550308,True,,33986,,,-23.6899145,-46.7808755,,,,2,2023-06-20T11:57:03+00:00
SAO_6041-10,São Paulo,3550308,True,,33986,,,-23.6901555,-46.7807875,,,,2,2023-06-20T11:57:35+00:00
SAO_6041-10,São Paulo,3550308,True,,33986,,,-23.690071500000002,-46.78081950000001,,,,2,2023-06-20T11:57:15+00:00
SAO_6041-10,São Paulo,3550308,True,,33986,,,-23.6899145,-46.7808755,,,,2,2023-06-20T11:57:36+00:00
SAO_6041-10,São Paulo,3550308,True,,33986,,,-23.690214,-46.7807575,,,,2,2023-06-20T11:56:59+00:00
SAO_6041-10,São Paulo,3550308,True,,33986,,,-23.6467305,-46.7471285,,,,2,2023-06-20T11:57:05+00:00
SAO_6041-10,São Paulo,3550308,True,,33986,,,-23.6899145,-46.7808755,,,,2,2023-06-20T11:56:58+00:00
SAO_6041-10,São Paulo,3550308,True,,33986,,,-23.675172,-46.7738925,,,,2,2023-06-20T11:57:06+00:00
SAO_2733-10,São Paulo,3550308,True,,33716,,,-23.5162355,-46.4623365,,,,2,2023-06-20T11:57:30+00:00
SAO_2733-10,São Paulo,3550308,True,,33716,,,-23.516351999999998,-46.4549315,,,,2,2023-06-20T11:57:29+00:00
SAO_2733-10,São Paulo,3550308,True,,33716,,,-23.542533499999998,-46.47067,,,,2,2023-06-20T11:57:23+00:00
SAO_2733-10,São Paulo,3550308,True,,33716,,,-23.542698,-46.471688,,,,2,2023-06-20T11:57:06+00:00
SAO_2733-10,São Paulo,3550308,True,,33716,,,-23.5164865,-46.460696999999996,,,,2,2023-06-20T11:57:29+00:00
SAO_172N-10,São Paulo,3550308,True,,33432,,,-23.515946749999998,-46.61641775,,,,2,2023-06-20T11:57:17+00:00
SAO_172N-10,São Paulo,3550308,True,,33432,,,-23.512176,-46.6261595,,,,2,2023-06-20T11:57:14+00:00
SAO_172N-10,São Paulo,3550308,True,,33432,,,-23.50067,-46.615140499999995,,,,2,2023-06-20T11:57:09+00:00
SAO_172N-10,São Paulo,3550308,True,,33432,,,-23.5039065,-46.5927715,,,,2,2023-06-20T11:57:12+00:00
SAO_172N-10,São Paulo,3550308,True,,33432,,,-23.542389999999997,-46.5898445,,,,2,2023-06-20T11:57:34+00:00
SAO_172N-10,São Paulo,3550308,True,,33432,,,-23.53805475,-46.598439,,,,2,2023-06-20T11:56:59+00:00
SAO_695D-10,São Paulo,3550308,True,,32882,,,-23.732850999999997,-46.6761405,,,,2,2023-06-20T11:56:39+00:00
SAO_695D-10,São Paulo,3550308,True,,32882,,,-23.678484,-46.6849965,,,,2,2023-06-20T11:56:58+00:00
SAO_807M-10,São Paulo,3550308,True,,34684,,,-23.608437000000002,-46.750609499999996,,,,2,2023-06-20T11:56:57+00:00
SAO_807M-10,São Paulo,3550308,True,,34684,,,-23.62714275,-46.766670250000004,,,,2,2023-06-20T11:57:14+00:00
SAO_807M-10,São Paulo,3550308,True,,34684,,,-23.602144,-46.7099055,,,,2,2023-06-20T11:57:01+00:00
SAO_807M-10,São Paulo,3550308,True,,34684,,,-23.631797499999998,-46.7719915,,,,2,2023-06-20T11:57:18+00:00
SAO_807M-10,São Paulo,3550308,True,,34684,,,-23.631797499999998,-46.7719915,,,,2,2023-06-20T11:57:14+00:00
SAO_807M-10,São Paulo,3550308,True,,34684,,,-23.6151415,-46.734656,,,,2,2023-06-20T11:57:02+00:00
SAO_807M-10,São Paulo,3550308,True,,34684,,,-23.6317985,-46.771744,,,,2,2023-06-20T11:56:56+00:00
SAO_1019-10,São Paulo,3550308,True,,2495,,,-23.4783885,-46.7478105,,,,1,2023-06-20T11:57:20+00:00
SAO_1019-10,São Paulo,3550308,True,,2495,,,-23.437415,-46.779865,,,,1,2023-06-20T11:57:07+00:00
SAO_1019-10,São Paulo,3550308,True,,2495,,,-23.486492,-46.725708499999996,,,,1,2023-06-20T11:57:24+00:00
SAO_7053-21,São Paulo,3550308,True,,1895,,,-23.6364275,-46.7779335,,,,1,2023-06-20T11:57:00+00:00
SAO_372U-10,São Paulo,3550308,True,,33784,,,-23.5573135,-46.5376725,,,,2,2023-06-20T11:57:34+00:00
SAO_372U-10,São Paulo,3550308,True,,33784,,,-23.5639405,-46.5429145,,,,2,2023-06-20T11:57:33+00:00
SAO_372U-10,São Paulo,3550308,True,,33784,,,-23.5570765,-46.53751749999999,,,,2,2023-06-20T11:57:17+00:00
SAO_372U-10,São Paulo,3550308,True,,33784,,,-23.5528495,-46.566156,,,,2,2023-06-20T11:56:33+00:00
SAO_7458-10,São Paulo,3550308,True,,33264,,,-23.5806105,-46.793718,,,,2,2023-06-20T11:56:54+00:00
SAO_7458-10,São Paulo,3550308,True,,33264,,,-23.584824249999997,-46.744031625000005,,,,2,2023-06-20T11:57:21+00:00
SAO_9500-10,São Paulo,3550308,True,EMTU,461,https://moovitapp.com/index/pt-br/transporte_p%C3%BAblico-line-461-Sao_Paulo-242-2038937-36419501-0,5.1,-23.487502,-46.675798,,,,1,2023-06-20T11:57:36+00:00
SAO_9500-10,São Paulo,3550308,True,EMTU,461,https://moovitapp.com/index/pt-br/transporte_p%C3%BAblico-line-461-Sao_Paulo-242-2038937-36419501-0,5.1,-23.527588,-46.648296125,,,,1,2023-06-20T11:57:31+00:00
SAO_9500-10,São Paulo,3550308,True,EMTU,461,https://moovitapp.com/index/pt-br/transporte_p%C3%BAblico-line-461-Sao_Paulo-242-2038937-36419501-0,5.1,-23.542425,-46.6356045,,,,1,2023-06-20T11:57:35+00:00
SAO_9500-10,São Paulo,3550308,True,EMTU,461,https://moovitapp.com/index/pt-br/transporte_p%C3%BAblico-line-461-Sao_Paulo-242-2038937-36419501-0,5.1,-23.511584,-46.666284499999996,,,,1,2023-06-20T11:57:01+00:00
SAO_9500-10,São Paulo,3550308,True,EMTU,461,https://moovitapp.com/index/pt-br/transporte_p%C3%BAblico-line-461-Sao_Paulo-242-2038937-36419501-0,5.1,-23.50349,-46.672281999999996,,,,1,2023-06-20T11:56:55+00:00
SAO_9500-10,São Paulo,3550308,True,EMTU,461,https://moovitapp.com/index/pt-br/transporte_p%C3%BAblico-line-461-Sao_Paulo-242-2038937-36419501-0,5.1,-23.474427,-46.669637,,,,1,2023-06-20T11:57:13+00:00
SAO_4726-10,São Paulo,3550308,True,,34448,,,-23.562013999999998,-46.57948725,,,,2,2023-06-20T11:57:34+00:00
SAO_4726-10,São Paulo,3550308,True,,34448,,,-23.56380725,-46.58822725,,,,2,2023-06-20T11:57:30+00:00
SAO_4726-10,São Paulo,3550308,True,,34448,,,-23.562740749999996,-46.59057762500001,,,,2,2023-06-20T11:57:35+00:00
SAO_4726-10,São Paulo,3550308,True,,34448,,,-23.563520500000003,-46.5915385,,,,2,2023-06-20T11:57:31+00:00
SAO_4726-10,São Paulo,3550308,True,,34448,,,-23.556579,-46.585105,,,,2,2023-06-20T11:57:24+00:00
SAO_4726-10,São Paulo,3550308,True,,34448,,,-23.5633635,-46.591837500000004,,,,2,2023-06-20T11:57:22+00:00
SAO_775V-10,São Paulo,3550308,True,,33243,,,-23.5658345,-46.751884000000004,,,,2,2023-06-20T11:56:58+00:00
SAO_775V-10,São Paulo,3550308,True,,33243,,,-23.569178,-46.7594785,,,,2,2023-06-20T11:57:11+00:00
SAO_3390-10,São Paulo,3550308,True,,33506,,,-23.610439999999997,-46.484530500000005,,,,2,2023-06-20T11:57:34+00:00
SAO_3390-10,São Paulo,3550308,True,,33506,,,-23.614938000000002,-46.5020905,,,,2,2023-06-20T11:57:13+00:00
SAO_3390-10,São Paulo,3550308,True,,33506,,,-23.579445749999998,-46.580741249999996,,,,2,2023-06-20T11:57:24+00:00
SAO_3390-10,São Paulo,3550308,True,,33506,,,-23.612666,-46.480691,,,,2,2023-06-20T11:57:03+00:00
SAO_3390-10,São Paulo,3550308,True,,33506,,,-23.549535,-46.6281885,,,,2,2023-06-20T11:57:28+00:00
SAO_7245-10,São Paulo,3550308,True,,33131,,,-23.5692045,-46.687413500000005,,,,2,2023-06-20T11:57:16+00:00
SAO_7245-10,São Paulo,3550308,True,,33131,,,-23.5505705,-46.659073,,,,2,2023-06-20T11:57:08+00:00
SAO_7245-10,São Paulo,3550308,True,,33131,,,-23.62661975,-46.70291525,,,,2,2023-06-20T11:57:26+00:00
SAO_4019-10,São Paulo,3550308,True,,2524,,,-23.549081125,-46.474309125000005,,,,1,2023-06-20T11:56:56+00:00
SAO_4019-10,São Paulo,3550308,True,,2524,,,-23.5428295,-46.4707985,,,,1,2023-06-20T11:56:24+00:00
SAO_273L-10,São Paulo,3550308,True,,32992,,,-23.5366595,-46.46966475,,,,2,2023-06-20T11:57:36+00:00
SAO_273L-10,São Paulo,3550308,True,,32992,,,-23.5324405,-46.424979,,,,2,2023-06-20T11:57:16+00:00
SAO_273L-10,São Paulo,3550308,True,,32992,,,-23.539111,-46.4313315,,,,2,2023-06-20T11:57:06+00:00
SAO_273L-10,São Paulo,3550308,True,,32992,,,-23.534413,-46.4526755,,,,2,2023-06-20T11:57:30+00:00
SAO_273L-10,São Paulo,3550308,True,,32992,,,-23.539380375,-46.431489625,,,,2,2023-06-20T11:57:14+00:00
SAO_5127-10,São Paulo,3550308,True,,33895,,,-23.677825,-46.701614500000005,,,,2,2023-06-20T11:57:05+00:00
SAO_5127-10,São Paulo,3550308,True,,33895,,,-23.70211425,-46.640169,,,,2,2023-06-20T11:57:12+00:00
SAO_5127-10,São Paulo,3550308,True,,33895,,,-23.702263000000002,-46.639984,,,,2,2023-06-20T11:57:09+00:00
SAO_5127-10,São Paulo,3550308,True,,33895,,,-23.677825,-46.701614500000005,,,,2,2023-06-20T11:57:02+00:00
SAO_5127-10,São Paulo,3550308,True,,33895,,,-23.698475,-46.647864999999996,,,,2,2023-06-20T11:57:25+00:00
SAO_5127-10,São Paulo,3550308,True,,33895,,,-23.677825,-46.701614500000005,,,,2,2023-06-20T11:57:36+00:00
SAO_5127-10,São Paulo,3550308,True,,33895,,,-23.677825,-46.701614500000005,,,,2,2023-06-20T11:57:07+00:00
SAO_5127-10,São Paulo,3550308,True,,33895,,,-23.677825,-46.701614500000005,,,,2,2023-06-20T11:57:12+00:00
SAO_5127-10,São Paulo,3550308,True,,33895,,,-23.675337,-46.69574125,,,,2,2023-06-20T11:57:12+00:00
SAO_5127-10,São Paulo,3550308,True,,33895,,,-23.70211425,-46.640169,,,,2,2023-06-20T11:57:36+00:00
SAO_513L-10,São Paulo,3550308,True,,34423,,,-23.537438,-46.588941500000004,,,,2,2023-06-20T11:57:10+00:00
SAO_513L-10,São Paulo,3550308,True,,34423,,,-23.563313125,-46.60059174999999,,,,2,2023-06-20T11:57:36+00:00
SAO_6074-10,São Paulo,3550308,True,,33929,,,-23.705064,-46.702547499999994,,,,2,2023-06-20T11:57:22+00:00
SAO_6074-10,São Paulo,3550308,True,,33929,,,-23.749746000000002,-46.6877725,,,,2,2023-06-20T11:57:28+00:00
SAO_6074-10,São Paulo,3550308,True,,33929,,,-23.723593,-46.691494,,,,2,2023-06-20T11:57:15+00:00
SAO_6074-10,São Paulo,3550308,True,,33929,,,-23.744429,-46.6706435,,,,2,2023-06-20T11:57:07+00:00
SAO_6074-10,São Paulo,3550308,True,,33929,,,-23.734685,-46.664041499999996,,,,2,2023-06-20T11:57:13+00:00
SAO_6074-10,São Paulo,3550308,True,,33929,,,-23.756319499999996,-46.66890775,,,,2,2023-06-20T11:57:37+00:00
SAO_6074-10,São Paulo,3550308,True,,33929,,,-23.734747,-46.664041999999995,,,,2,2023-06-20T11:56:59+00:00
SAO_6074-10,São Paulo,3550308,True,,33929,,,-23.67803425,-46.6974895,,,,2,2023-06-20T11:57:13+00:00
SAO_6074-10,São Paulo,3550308,True,,33929,,,-23.734608,-46.6640375,,,,2,2023-06-20T11:57:35+00:00
SAO_354M-10,São Paulo,3550308,True,,34387,,,-23.5993135,-46.4690495,,,,2,2023-06-20T11:57:05+00:00
SAO_354M-10,São Paulo,3550308,True,,34387,,,-23.491803500000003,-46.434038,,,,2,2023-06-20T11:57:17+00:00
SAO_354M-10,São Paulo,3550308,True,,34387,,,-23.6137905,-46.4765445,,,,2,2023-06-20T11:57:18+00:00
SAO_354M-10,São Paulo,3550308,True,,34387,,,-23.587046,-46.442949999999996,,,,2,2023-06-20T11:54:57+00:00
SAO_354M-10,São Paulo,3550308,True,,34387,,,-23.5031625,-46.44644825,,,,2,2023-06-20T11:57:35+00:00
SAO_354M-10,São Paulo,3550308,True,,34387,,,-23.53888275,-46.45006025,,,,2,2023-06-20T11:57:10+00:00
SAO_354M-10,São Paulo,3550308,True,,34387,,,-23.495266,-46.432126,,,,2,2023-06-20T11:56:54+00:00
SAO_2678-10,São Paulo,3550308,True,,33151,,,-23.493128249999998,-46.376914875,,,,2,2023-06-20T11:57:14+00:00
SAO_2678-10,São Paulo,3550308,True,,33151,,,-23.52313325,-46.543812,,,,2,2023-06-20T11:57:18+00:00
SAO_2678-10,São Paulo,3550308,True,,33151,,,-23.540216,-46.61209975,,,,2,2023-06-20T11:57:30+00:00
SAO_2678-10,São Paulo,3550308,True,,33151,,,-23.496948875,-46.400600749999995,,,,2,2023-06-20T11:57:14+00:00
SAO_9011-10,São Paulo,3550308,True,,33646,,,-23.454522500000003,-46.737875,,,,2,2023-06-20T11:57:03+00:00
SAO_9011-10,São Paulo,3550308,True,,33646,,,-23.4438675,-46.734864,,,,2,2023-06-20T11:57:32+00:00
SAO_9011-10,São Paulo,3550308,True,,33646,,,-23.449710500000002,-46.7311275,,,,2,2023-06-20T11:56:53+00:00
SAO_9011-10,São Paulo,3550308,True,,33646,,,-23.47494,-46.67014399999999,,,,2,2023-06-20T11:56:55+00:00
SAO_9011-10,São Paulo,3550308,True,,33646,,,-23.47494,-46.67014399999999,,,,2,2023-06-20T11:57:28+00:00
SAO_9011-10,São Paulo,3550308,True,,33646,,,-23.445667,-46.705163999999996,,,,2,2023-06-20T11:57:26+00:00
SAO_9011-10,São Paulo,3550308,True,,33646,,,-23.47494,-46.67014399999999,,,,2,2023-06-20T11:56:58+00:00
SAO_8075-21,São Paulo,3550308,True,,35305,,,-23.62694175,-46.766502,,,,2,2023-06-20T11:57:18+00:00
SAO_8075-21,São Paulo,3550308,True,,35305,,,-23.6313825,-46.77286,,,,2,2023-06-20T11:57:20+00:00
SAO_775A-10,São Paulo,3550308,True,EMTU,473,https://moovitapp.com/index/pt-br/transporte_p%C3%BAblico-line-473-Sao_Paulo-242-2038937-36419509-0,7.55,-23.5626215,-46.764761,,,,1,2023-06-20T11:57:28+00:00
SAO_775A-10,São Paulo,3550308,True,EMTU,473,https://moovitapp.com/index/pt-br/transporte_p%C3%BAblico-line-473-Sao_Paulo-242-2038937-36419509-0,7.55,-23.5770315,-46.7430375,,,,1,2023-06-20T11:57:20+00:00
SAO_502J-10,São Paulo,3550308,True,,1275,,,-23.65505625,-46.668234,,,,1,2023-06-20T11:57:05+00:00
SAO_502J-10,São Paulo,3550308,True,,1275,,,-23.604057625,-46.63568175,,,,1,2023-06-20T11:57:21+00:00
SAO_502J-10,São Paulo,3550308,True,,1275,,,-23.69659675,-46.683914,,,,1,2023-06-20T11:57:12+00:00
SAO_502J-10,São Paulo,3550308,True,,1275,,,-23.6805375,-46.6673675,,,,1,2023-06-20T11:57:18+00:00
SAO_502J-10,São Paulo,3550308,True,,1275,,,-23.628982999999998,-46.645317,,,,1,2023-06-20T11:57:26+00:00
SAO_7002-10,São Paulo,3550308,True,,772,,,-23.594845,-46.765949500000005,,,,1,2023-06-20T11:56:58+00:00
SAO_7002-10,São Paulo,3550308,True,,772,,,-23.5743665,-46.715461000000005,,,,1,2023-06-20T11:57:24+00:00
SAO_7002-10,São Paulo,3550308,True,,772,,,-23.5811185,-46.729885374999995,,,,1,2023-06-20T11:56:43+00:00
SAO_7002-10,São Paulo,3550308,True,,772,,,-23.590835750000004,-46.77020775,,,,1,2023-06-20T11:57:25+00:00
SAO_7002-10,São Paulo,3550308,True,,772,,,-23.5940395,-46.760202500000005,,,,1,2023-06-20T11:57:33+00:00
SAO_7002-10,São Paulo,3550308,True,,772,,,-23.558278125,-46.678696124999995,,,,1,2023-06-20T11:57:31+00:00
SAO_7002-10,São Paulo,3550308,True,,772,,,-23.56775975,-46.69600174999999,,,,1,2023-06-20T11:57:35+00:00
SAO_7002-10,São Paulo,3550308,True,,772,,,-23.585289,-46.738600500000004,,,,1,2023-06-20T11:57:29+00:00
SAO_7002-10,São Paulo,3550308,True,,772,,,-23.5916305,-46.7547945,,,,1,2023-06-20T11:57:20+00:00
SAO_2735-21,São Paulo,3550308,True,,33282,,,-23.497907624999996,-46.52945375,,,,2,2023-06-20T11:57:12+00:00
SAO_2735-21,São Paulo,3550308,True,,33282,,,-23.4998735,-46.529742999999996,,,,2,2023-06-20T11:57:26+00:00
SAO_9501-10,São Paulo,3550308,True,,33230,,,-23.47582,-46.6713575,,,,2,2023-06-20T11:57:09+00:00
SAO_9501-10,São Paulo,3550308,True,,33230,,,-23.4754695,-46.6707,,,,2,2023-06-20T11:57:10+00:00
SAO_9501-10,São Paulo,3550308,True,,33230,,,-23.474438499999998,-46.669928999999996,,,,2,2023-06-20T11:57:14+00:00
SAO_9501-10,São Paulo,3550308,True,,33230,,,-23.543206,-46.6386375,,,,2,2023-06-20T11:57:04+00:00
SAO_9501-10,São Paulo,3550308,True,,33230,,,-23.4840915,-46.679384,,,,2,2023-06-20T11:57:32+00:00
SAO_9501-10,São Paulo,3550308,True,,33230,,,-23.474486,-46.66942825,,,,2,2023-06-20T11:57:38+00:00
SAO_9501-10,São Paulo,3550308,True,,33230,,,-23.5208265,-46.668091000000004,,,,2,2023-06-20T11:56:48+00:00
SAO_513L-10,São Paulo,3550308,True,,1655,,,-23.5366935,-46.589487500000004,,,,1,2023-06-20T11:57:36+00:00
SAO_513L-10,São Paulo,3550308,True,,1655,,,-23.56950175,-46.592127375000004,,,,1,2023-06-20T11:57:00+00:00
SAO_513L-10,São Paulo,3550308,True,,1655,,,-23.603196500000003,-46.602447999999995,,,,1,2023-06-20T11:57:07+00:00
SAO_2714-10,São Paulo,3550308,True,,33695,,,-23.52182625,-46.53116325,,,,2,2023-06-20T11:57:18+00:00
SAO_2714-10,São Paulo,3550308,True,,33695,,,-23.5316515,-46.52857349999999,,,,2,2023-06-20T11:57:17+00:00
SAO_2714-10,São Paulo,3550308,True,,33695,,,-23.531503,-46.5289355,,,,2,2023-06-20T11:57:29+00:00
SAO_2714-10,São Paulo,3550308,True,,33695,,,-23.512057,-46.527947,,,,2,2023-06-20T11:57:37+00:00
SAO_2714-10,São Paulo,3550308,True,,33695,,,-23.50995025,-46.52275899999999,,,,2,2023-06-20T11:55:41+00:00
SAO_4012-10,São Paulo,3550308,True,,2185,,,-23.598098999999998,-46.4409325,,,,1,2023-06-20T11:56:58+00:00
SAO_4012-10,São Paulo,3550308,True,,2185,,,-23.61275,-46.476256,,,,1,2023-06-20T11:57:29+00:00
SAO_4012-10,São Paulo,3550308,True,,2185,,,-23.611883,-46.4744805,,,,1,2023-06-20T11:57:11+00:00
SAO_4012-10,São Paulo,3550308,True,,2185,,,-23.598098999999998,-46.4409325,,,,1,2023-06-20T11:57:32+00:00
SAO_4012-10,São Paulo,3550308,True,,2185,,,-23.625567500000002,-46.4625125,,,,1,2023-06-20T11:57:02+00:00
SAO_4012-10,São Paulo,3550308,True,,2185,,,-23.606361874999997,-46.443740500000004,,,,1,2023-06-20T11:57:10+00:00
SAO_4012-10,São Paulo,3550308,True,,2185,,,-23.6133775,-46.4556445,,,,1,2023-06-20T11:56:56+00:00
SAO_311C-10,São Paulo,3550308,True,EMTU,309,https://moovitapp.com/index/pt-br/transporte_p%C3%BAblico-line-309-Sao_Paulo-242-2038937-36419401-0,7.5,-23.535307500000002,-46.61982225,,,,1,2023-06-20T11:57:34+00:00
SAO_311C-10,São Paulo,3550308,True,EMTU,309,https://moovitapp.com/index/pt-br/transporte_p%C3%BAblico-line-309-Sao_Paulo-242-2038937-36419401-0,7.5,-23.545637624999998,-46.6046668125,,,,1,2023-06-20T11:57:11+00:00
SAO_311C-10,São Paulo,3550308,True,EMTU,309,https://moovitapp.com/index/pt-br/transporte_p%C3%BAblico-line-309-Sao_Paulo-242-2038937-36419401-0,7.5,-23.593438874999997,-46.571664874999996,,,,1,2023-06-20T11:57:21+00:00
SAO_9050-10,São Paulo,3550308,True,,34856,,,-23.546778000000003,-46.71054725,,,,2,2023-06-20T11:56:52+00:00
SAO_9050-10,São Paulo,3550308,True,,34856,,,-23.52066,-46.7006595,,,,2,2023-06-20T11:57:08+00:00
SAO_8194-10,São Paulo,3550308,True,,33573,,,-23.428933,-46.727134,,,,2,2023-06-20T11:57:10+00:00
SAO_8194-10,São Paulo,3550308,True,,33573,,,-23.3981805,-46.754995,,,,2,2023-06-20T11:56:56+00:00
SAO_8194-10,São Paulo,3550308,True,,33573,,,-23.4583065,-46.690271749999994,,,,2,2023-06-20T11:56:53+00:00
SAO_8194-10,São Paulo,3550308,True,,33573,,,-23.4140175,-46.750341500000005,,,,2,2023-06-20T11:57:25+00:00
SAO_8194-10,São Paulo,3550308,True,,33573,,,-23.4140175,-46.750341500000005,,,,2,2023-06-20T11:56:56+00:00
SAO_3763-10,São Paulo,3550308,True,,33822,,,-23.558019,-46.522945,,,,2,2023-06-20T11:57:03+00:00
SAO_3763-10,São Paulo,3550308,True,,33822,,,-23.557536749999997,-46.523783249999994,,,,2,2023-06-20T11:57:13+00:00
SAO_3763-10,São Paulo,3550308,True,,33822,,,-23.558262,-46.522529000000006,,,,2,2023-06-20T11:57:38+00:00
SAO_3763-10,São Paulo,3550308,True,,33822,,,-23.566629,-46.552753499999994,,,,2,2023-06-20T11:56:55+00:00
SAO_3763-10,São Paulo,3550308,True,,33822,,,-23.558388,-46.530491,,,,2,2023-06-20T11:57:29+00:00
SAO_3763-10,São Paulo,3550308,True,,33822,,,-23.549973,-46.5719275,,,,2,2023-06-20T11:57:32+00:00
SAO_3763-10,São Paulo,3550308,True,,33822,,,-23.5580685,-46.5228605,,,,2,2023-06-20T11:57:11+00:00
SAO_3763-10,São Paulo,3550308,True,,33822,,,-23.54830225,-46.563432500000005,,,,2,2023-06-20T11:56:30+00:00
SAO_3763-10,São Paulo,3550308,True,,33822,,,-23.55490325,-46.52660075,,,,2,2023-06-20T11:57:09+00:00
SAO_7062-10,São Paulo,3550308,True,,1898,,,-23.646576,-46.7724735,,,,1,2023-06-20T11:57:15+00:00
SAO_7062-10,São Paulo,3550308,True,,1898,,,-23.643383500000002,-46.766779125,,,,1,2023-06-20T11:57:38+00:00
SAO_7062-10,São Paulo,3550308,True,,1898,,,-23.645773,-46.771611500000006,,,,1,2023-06-20T11:56:57+00:00
SAO_6825-10,São Paulo,3550308,True,,32782,,,-23.659789500000002,-46.775850000000005,,,,2,2023-06-20T11:57:32+00:00
SAO_6825-10,São Paulo,3550308,True,,32782,,,-23.685214000000002,-46.800338999999994,,,,2,2023-06-20T11:57:36+00:00
SAO_6825-10,São Paulo,3550308,True,,32782,,,-23.67899,-46.795347,,,,2,2023-06-20T11:57:26+00:00
SAO_6825-10,São Paulo,3550308,True,,32782,,,-23.653719000000002,-46.762564,,,,2,2023-06-20T11:57:21+00:00
SAO_3112-10,São Paulo,3550308,True,,1080,,,-23.584286,-46.5815445,,,,1,2023-06-20T11:57:16+00:00
SAO_3112-10,São Paulo,3550308,True,,1080,,,-23.6105545,-46.529823500000006,,,,1,2023-06-20T11:57:37+00:00
SAO_3112-10,São Paulo,3550308,True,,1080,,,-23.54278,-46.591201999999996,,,,1,2023-06-20T11:57:26+00:00
SAO_3112-10,São Paulo,3550308,True,,1080,,,-23.60533025,-46.52575175,,,,1,2023-06-20T11:57:05+00:00
SAO_3112-10,São Paulo,3550308,True,,1080,,,-23.594013875,-46.544146874999996,,,,1,2023-06-20T11:57:32+00:00
SAO_3112-10,São Paulo,3550308,True,,1080,,,-23.541733999999998,-46.594503,,,,1,2023-06-20T11:57:37+00:00
SAO_3112-10,São Paulo,3550308,True,,1080,,,-23.567289000000002,-46.5913495,,,,1,2023-06-20T11:56:59+00:00
SAO_3112-10,São Paulo,3550308,True,,1080,,,-23.550613499999997,-46.597044,,,,1,2023-06-20T11:56:55+00:00
SAO_3112-10,São Paulo,3550308,True,,1080,,,-23.5813815,-46.55457175,,,,1,2023-06-20T11:57:01+00:00
SAO_5127-10,São Paulo,3550308,True,,1127,,,-23.677442999999997,-46.701724999999996,,,,1,2023-06-20T11:56:55+00:00
SAO_5127-10,São Paulo,3550308,True,,1127,,,-23.695213000000003,-46.6539025,,,,1,2023-06-20T11:57:20+00:00
SAO_5127-10,São Paulo,3550308,True,,1127,,,-23.702520999999997,-46.638783000000004,,,,1,2023-06-20T11:57:26+00:00
SAO_4734-10,São Paulo,3550308,True,,33877,,,-23.6255805,-46.6279295,,,,2,2023-06-20T11:57:34+00:00
SAO_4734-10,São Paulo,3550308,True,,33877,,,-23.642179499999997,-46.6067185,,,,2,2023-06-20T11:57:20+00:00
SAO_4734-10,São Paulo,3550308,True,,33877,,,-23.6183335,-46.6389475,,,,2,2023-06-20T11:57:07+00:00
SAO_4734-10,São Paulo,3550308,True,,33877,,,-23.630949,-46.617639499999996,,,,2,2023-06-20T11:56:55+00:00
SAO_4734-10,São Paulo,3550308,True,,33877,,,-23.62052925,-46.634589875,,,,2,2023-06-20T11:57:11+00:00
SAO_4734-10,São Paulo,3550308,True,,33877,,,-23.6462885,-46.6091895,,,,2,2023-06-20T11:57:28+00:00
SAO_4734-10,São Paulo,3550308,True,,33877,,,-23.642179499999997,-46.6067185,,,,2,2023-06-20T11:57:04+00:00
SAO_4734-10,São Paulo,3550308,True,,33877,,,-23.642179499999997,-46.6067185,,,,2,2023-06-20T11:56:57+00:00
SAO_4734-10,São Paulo,3550308,True,,33877,,,-23.646122,-46.6137625,,,,2,2023-06-20T11:57:20+00:00
SAO_4734-10,São Paulo,3550308,True,,33877,,,-23.6368,-46.614405,,,,2,2023-06-20T11:57:24+00:00
SAO_4734-10,São Paulo,3550308,True,,33877,,,-23.642000250000002,-46.60720375,,,,2,2023-06-20T11:57:30+00:00
SAO_2088-10,São Paulo,3550308,True,,33140,,,-23.49448,-46.414542499999996,,,,2,2023-06-20T11:57:34+00:00
SAO_2088-10,São Paulo,3550308,True,,33140,,,-23.5037935,-46.379870499999996,,,,2,2023-06-20T11:57:35+00:00
SAO_2088-10,São Paulo,3550308,True,,33140,,,-23.518438,-46.4758375,,,,2,2023-06-20T11:57:25+00:00
SAO_8100-10,São Paulo,3550308,True,,1262,,,-23.4859945,-46.7259765,,,,1,2023-06-20T11:57:35+00:00
SAO_8100-10,São Paulo,3550308,True,,1262,,,-23.5053525,-46.717957999999996,,,,1,2023-06-20T11:57:30+00:00
SAO_8100-10,São Paulo,3550308,True,,1262,,,-23.495156,-46.730253250000004,,,,1,2023-06-20T11:57:08+00:00
SAO_8100-10,São Paulo,3550308,True,,1262,,,-23.525747000000003,-46.713325499999996,,,,1,2023-06-20T11:57:15+00:00
SAO_8100-10,São Paulo,3550308,True,,1262,,,-23.520094999999998,-46.700067000000004,,,,1,2023-06-20T11:57:01+00:00
SAO_971V-10,São Paulo,3550308,True,,619,,,-23.465833500000002,-46.679323,,,,1,2023-06-20T11:57:19+00:00
SAO_971V-10,São Paulo,3550308,True,,619,,,-23.500338,-46.64384925,,,,1,2023-06-20T11:57:09+00:00
SAO_971V-10,São Paulo,3550308,True,,619,,,-23.4947995,-46.66153425,,,,1,2023-06-20T11:57:01+00:00
SAO_1720-21,São Paulo,3550308,True,,34705,,,-23.487143500000002,-46.57385,,,,2,2023-06-20T11:56:58+00:00
SAO_1720-21,São Paulo,3550308,True,,34705,,,-23.487230500000003,-46.574059500000004,,,,2,2023-06-20T11:57:15+00:00
SAO_1720-21,São Paulo,3550308,True,,34705,,,-23.487230500000003,-46.574059500000004,,,,2,2023-06-20T11:57:13+00:00
SAO_1720-21,São Paulo,3550308,True,,34705,,,-23.4873335,-46.574318500000004,,,,2,2023-06-20T11:56:59+00:00
SAO_875C-1,São Paulo,3550308,True,,35278,,,-23.5804635,-46.6848605,,,,2,2023-06-20T11:57:35+00:00
SAO_875C-1,São Paulo,3550308,True,,35278,,,-23.519743,-46.7004145,,,,2,2023-06-20T11:56:53+00:00
SAO_7051-10,São Paulo,3550308,True,,1885,,,-23.634995500000002,-46.775629,,,,1,2023-06-20T11:57:00+00:00
SAO_7051-10,São Paulo,3550308,True,,1885,,,-23.655096,-46.7838845,,,,1,2023-06-20T11:56:58+00:00
SAO_7051-10,São Paulo,3550308,True,,1885,,,-23.655096,-46.7838845,,,,1,2023-06-20T11:55:36+00:00
SAO_7051-10,São Paulo,3550308,True,,1885,,,-23.651278124999997,-46.784161375,,,,1,2023-06-20T11:57:00+00:00
SAO_2100-10,São Paulo,3550308,True,STT,713,https://moovitapp.com/index/pt-br/transporte_p%C3%BAblico-line-713-Sao_Paulo-242-850661-183342-0,5.3,-23.56486,-46.524202,,,,1,2023-06-20T11:57:04+00:00
SAO_2100-10,São Paulo,3550308,True,STT,713,https://moovitapp.com/index/pt-br/transporte_p%C3%BAblico-line-713-Sao_Paulo-242-850661-183342-0,5.3,-23.55258825,-46.616667125000006,,,,1,2023-06-20T11:56:57+00:00
SAO_2100-10,São Paulo,3550308,True,STT,713,https://moovitapp.com/index/pt-br/transporte_p%C3%BAblico-line-713-Sao_Paulo-242-850661-183342-0,5.3,-23.556811375000002,-46.57370925,,,,1,2023-06-20T11:57:26+00:00
SAO_2100-10,São Paulo,3550308,True,STT,713,https://moovitapp.com/index/pt-br/transporte_p%C3%BAblico-line-713-Sao_Paulo-242-850661-183342-0,5.3,-23.555605999999997,-46.594786,,,,1,2023-06-20T11:57:15+00:00
SAO_2100-10,São Paulo,3550308,True,STT,713,https://moovitapp.com/index/pt-br/transporte_p%C3%BAblico-line-713-Sao_Paulo-242-850661-183342-0,5.3,-23.5713465,-46.531636,,,,1,2023-06-20T11:57:05+00:00
SAO_2100-10,São Paulo,3550308,True,STT,713,https://moovitapp.com/index/pt-br/transporte_p%C3%BAblico-line-713-Sao_Paulo-242-850661-183342-0,5.3,-23.5587215,-46.522659000000004,,,,1,2023-06-20T11:57:28+00:00
SAO_2100-10,São Paulo,3550308,True,STT,713,https://moovitapp.com/index/pt-br/transporte_p%C3%BAblico-line-713-Sao_Paulo-242-850661-183342-0,5.3,-23.5494795,-46.632911,,,,1,2023-06-20T11:57:20+00:00
SAO_477A-10,São Paulo,3550308,True,,33114,,,-23.570447,-46.691294,,,,2,2023-06-20T11:57:05+00:00
SAO_477A-10,São Paulo,3550308,True,,33114,,,-23.605171,-46.604398,,,,2,2023-06-20T11:57:32+00:00
SAO_477A-10,São Paulo,3550308,True,,33114,,,-23.5887995,-46.63276175,,,,2,2023-06-20T11:56:52+00:00
SAO_477A-10,São Paulo,3550308,True,,33114,,,-23.604098,-46.604385,,,,2,2023-06-20T11:57:35+00:00
SAO_809J-10,São Paulo,3550308,True,,2066,,,-23.6041755,-46.7309185,,,,1,2023-06-20T11:57:27+00:00
SAO_809J-10,São Paulo,3550308,True,,2066,,,-23.5868145,-46.7241385,,,,1,2023-06-20T11:57:38+00:00
SAO_8544-10,São Paulo,3550308,True,,33198,,,-23.542485499999998,-46.635850500000004,,,,2,2023-06-20T11:57:26+00:00
SAO_675M-10,São Paulo,3550308,True,,32876,,,-23.707446,-46.688439,,,,2,2023-06-20T11:57:25+00:00
SAO_675M-10,São Paulo,3550308,True,,32876,,,-23.6485665,-46.661317999999994,,,,2,2023-06-20T11:57:08+00:00
SAO_675M-10,São Paulo,3550308,True,,32876,,,-23.6468815,-46.639446500000005,,,,2,2023-06-20T11:55:22+00:00
SAO_209P-10,São Paulo,3550308,True,,2216,,,-23.502132500000002,-46.68749725,,,,1,2023-06-20T11:57:29+00:00
SAO_209P-10,São Paulo,3550308,True,,2216,,,-23.523520249999997,-46.66461125000001,,,,1,2023-06-20T11:56:59+00:00
SAO_209P-10,São Paulo,3550308,True,,2216,,,-23.56389625,-46.692101,,,,1,2023-06-20T11:57:29+00:00
SAO_209P-10,São Paulo,3550308,True,,2216,,,-23.534914999999998,-46.6743425,,,,1,2023-06-20T11:56:57+00:00
SAO_209P-10,São Paulo,3550308,True,,2216,,,-23.565272,-46.696377999999996,,,,1,2023-06-20T11:57:09+00:00
SAO_209P-10,São Paulo,3550308,True,,2216,,,-23.4850435,-46.6807295,,,,1,2023-06-20T11:57:27+00:00
SAO_209P-10,São Paulo,3550308,True,,2216,,,-23.515384,-46.6896635,,,,1,2023-06-20T11:57:07+00:00
SAO_209P-10,São Paulo,3550308,True,,2216,,,-23.470273249999998,-46.67058300000001,,,,1,2023-06-20T11:57:16+00:00
SAO_675A-10,São Paulo,3550308,True,,1318,,,-23.6274845,-46.642675,,,,1,2023-06-20T11:57:15+00:00
SAO_675A-10,São Paulo,3550308,True,,1318,,,-23.644859875,-46.722269874999995,,,,1,2023-06-20T11:57:33+00:00
SAO_8010-10,São Paulo,3550308,True,,33566,,,-23.514609999999998,-46.7080165,,,,2,2023-06-20T11:57:25+00:00
SAO_8010-10,São Paulo,3550308,True,,33566,,,-23.419767,-46.7495725,,,,2,2023-06-20T11:57:11+00:00
SAO_8010-10,São Paulo,3550308,True,,33566,,,-23.4049775,-46.752486000000005,,,,2,2023-06-20T11:57:26+00:00
SAO_8010-10,São Paulo,3550308,True,,33566,,,-23.419337,-46.749284,,,,2,2023-06-20T11:57:02+00:00
SAO_8010-10,São Paulo,3550308,True,,33566,,,-23.419567999999998,-46.749461499999995,,,,2,2023-06-20T11:57:25+00:00
SAO_8010-10,São Paulo,3550308,True,,33566,,,-23.494968999999998,-46.7140825,,,,2,2023-06-20T11:57:29+00:00
SAO_8010-10,São Paulo,3550308,True,,33566,,,-23.446334999999998,-46.722477,,,,2,2023-06-20T11:57:01+00:00
SAO_817C-10,São Paulo,3550308,True,,1337,,,-23.5217005,-46.700518,,,,1,2023-06-20T11:57:08+00:00
SAO_817C-10,São Paulo,3550308,True,,1337,,,-23.5403415,-46.697328,,,,1,2023-06-20T11:57:19+00:00
SAO_817C-10,São Paulo,3550308,True,,1337,,,-23.5217005,-46.700518,,,,1,2023-06-20T11:57:20+00:00
SAO_3023-10,São Paulo,3550308,True,Urubupungá,960,https://moovitapp.com/index/pt-br/transporte_p%C3%BAblico-line-960-Sao_Paulo-242-873835-31663702-0,4.6,-23.563608000000002,-46.5053735,,,,1,2023-06-20T11:57:00+00:00
SAO_3023-10,São Paulo,3550308,True,Urubupungá,960,https://moovitapp.com/index/pt-br/transporte_p%C3%BAblico-line-960-Sao_Paulo-242-873835-31663702-0,4.6,-23.570335,-46.507471374999994,,,,1,2023-06-20T11:57:35+00:00
SAO_3023-10,São Paulo,3550308,True,Urubupungá,960,https://moovitapp.com/index/pt-br/transporte_p%C3%BAblico-line-960-Sao_Paulo-242-873835-31663702-0,4.6,-23.604749499999997,-46.4807,,,,1,2023-06-20T11:56:59+00:00
SAO_3023-10,São Paulo,3550308,True,Urubupungá,960,https://moovitapp.com/index/pt-br/transporte_p%C3%BAblico-line-960-Sao_Paulo-242-873835-31663702-0,4.6,-23.63368825,-46.472753250000004,,,,1,2023-06-20T11:57:22+00:00
SAO_3023-10,São Paulo,3550308,True,Urubupungá,960,https://moovitapp.com/index/pt-br/transporte_p%C3%BAblico-line-960-Sao_Paulo-242-873835-31663702-0,4.6,-23.6226655,-46.4765685,,,,1,2023-06-20T11:57:06+00:00
SAO_4051-10,São Paulo,3550308,True,,2144,,,-23.561616,-46.401831,,,,1,2023-06-20T11:57:04+00:00
SAO_4051-10,São Paulo,3550308,True,,2144,,,-23.561616,-46.401831,,,,1,2023-06-20T11:57:30+00:00
SAO_4051-10,São Paulo,3550308,True,,2144,,,-23.545939,-46.409200999999996,,,,1,2023-06-20T11:57:01+00:00
SAO_4051-10,São Paulo,3550308,True,,2144,,,-23.554186,-46.402598499999996,,,,1,2023-06-20T11:57:36+00:00
SAO_4051-10,São Paulo,3550308,True,,2144,,,-23.561616,-46.401831,,,,1,2023-06-20T11:57:25+00:00
SAO_4051-10,São Paulo,3550308,True,,2144,,,-23.542614,-46.4155005,,,,1,2023-06-20T11:53:53+00:00
SAO_4051-10,São Paulo,3550308,True,,2144,,,-23.561616,-46.401831,,,,1,2023-06-20T11:57:34+00:00
SAO_4051-10,São Paulo,3550308,True,,2144,,,-23.56242975,-46.40144,,,,1,2023-06-20T11:57:10+00:00
SAO_637R-10,São Paulo,3550308,True,EMTU,196,https://moovitapp.com/index/pt-br/transporte_p%C3%BAblico-line-196-Sao_Paulo-242-2038937-36419323-0,4.85,-23.678915250000003,-46.7633535,,,,1,2023-06-20T11:57:19+00:00
SAO_637R-10,São Paulo,3550308,True,EMTU,196,https://moovitapp.com/index/pt-br/transporte_p%C3%BAblico-line-196-Sao_Paulo-242-2038937-36419323-0,4.85,-23.694651,-46.779804999999996,,,,1,2023-06-20T11:57:17+00:00
SAO_637R-10,São Paulo,3550308,True,EMTU,196,https://moovitapp.com/index/pt-br/transporte_p%C3%BAblico-line-196-Sao_Paulo-242-2038937-36419323-0,4.85,-23.672203,-46.7421475,,,,1,2023-06-20T11:57:22+00:00
SAO_637R-10,São Paulo,3550308,True,EMTU,196,https://moovitapp.com/index/pt-br/transporte_p%C3%BAblico-line-196-Sao_Paulo-242-2038937-36419323-0,4.85,-23.7200295,-46.7691155,,,,1,2023-06-20T11:57:25+00:00
SAO_637R-10,São Paulo,3550308,True,EMTU,196,https://moovitapp.com/index/pt-br/transporte_p%C3%BAblico-line-196-Sao_Paulo-242-2038937-36419323-0,4.85,-23.71439,-46.774733499999996,,,,1,2023-06-20T11:57:29+00:00
SAO_637R-10,São Paulo,3550308,True,EMTU,196,https://moovitapp.com/index/pt-br/transporte_p%C3%BAblico-line-196-Sao_Paulo-242-2038937-36419323-0,4.85,-23.6908025,-46.774752,,,,1,2023-06-20T11:57:32+00:00
SAO_637R-10,São Paulo,3550308,True,EMTU,196,https://moovitapp.com/index/pt-br/transporte_p%C3%BAblico-line-196-Sao_Paulo-242-2038937-36419323-0,4.85,-23.666610749999997,-46.720212499999995,,,,1,2023-06-20T11:57:01+00:00
SAO_637R-10,São Paulo,3550308,True,EMTU,196,https://moovitapp.com/index/pt-br/transporte_p%C3%BAblico-line-196-Sao_Paulo-242-2038937-36419323-0,4.85,-23.7065485,-46.7843755,,,,1,2023-06-20T11:57:17+00:00
SAO_6000-10,São Paulo,3550308,True,,33908,,,-23.77024,-46.718289,,,,2,2023-06-20T11:57:36+00:00
SAO_6000-10,São Paulo,3550308,True,,33908,,,-23.7985325,-46.7309265,,,,2,2023-06-20T11:57:17+00:00
SAO_6000-10,São Paulo,3550308,True,,33908,,,-23.665322,-46.71104,,,,2,2023-06-20T11:57:20+00:00
SAO_6000-10,São Paulo,3550308,True,,33908,,,-23.77024,-46.718289,,,,2,2023-06-20T11:54:37+00:00
SAO_6000-10,São Paulo,3550308,True,,33908,,,-23.8275535,-46.729018499999995,,,,2,2023-06-20T11:57:16+00:00
SAO_6000-10,São Paulo,3550308,True,,33908,,,-23.655971,-46.7076905,,,,2,2023-06-20T11:57:16+00:00
SAO_6000-10,São Paulo,3550308,True,,33908,,,-23.7579905,-46.714872,,,,2,2023-06-20T11:57:31+00:00
SAO_6000-10,São Paulo,3550308,True,,33908,,,-23.806641499999998,-46.736486,,,,2,2023-06-20T11:57:25+00:00
SAO_6000-10,São Paulo,3550308,True,,33908,,,-23.769367000000003,-46.71789149999999,,,,2,2023-06-20T11:52:05+00:00
SAO_6000-10,São Paulo,3550308,True,,33908,,,-23.717793,-46.6995395,,,,2,2023-06-20T11:57:30+00:00
SAO_6000-10,São Paulo,3550308,True,,33908,,,-23.8276185,-46.72875175,,,,2,2023-06-20T11:56:55+00:00
SAO_6000-10,São Paulo,3550308,True,,33908,,,-23.717915,-46.699125,,,,2,2023-06-20T11:57:36+00:00
SAO_6000-10,São Paulo,3550308,True,,33908,,,-23.6758155,-46.712479,,,,2,2023-06-20T11:56:58+00:00
SAO_2707-31,São Paulo,3550308,True,Urubupungá,920,https://moovitapp.com/index/pt-br/transporte_p%C3%BAblico-line-920-Sao_Paulo-242-873835-496472-0,4.6,-23.534166,-46.453051,,,,1,2023-06-20T11:57:29+00:00
SAO_2707-31,São Paulo,3550308,True,Urubupungá,920,https://moovitapp.com/index/pt-br/transporte_p%C3%BAblico-line-920-Sao_Paulo-242-873835-496472-0,4.6,-23.52603,-46.405075,,,,1,2023-06-20T11:57:05+00:00
SAO_2707-31,São Paulo,3550308,True,Urubupungá,920,https://moovitapp.com/index/pt-br/transporte_p%C3%BAblico-line-920-Sao_Paulo-242-873835-496472-0,4.6,-23.537788875,-46.409282874999995,,,,1,2023-06-20T11:54:56+00:00
SAO_2435-10,São Paulo,3550308,True,Cidade de Caieiras,210,https://moovitapp.com/index/pt-br/transporte_p%C3%BAblico-line-210-Sao_Paulo-242-868761-496408-0,5.0,-23.523522125,-46.549204875,,,,1,2023-06-20T11:57:26+00:00
SAO_2435-10,São Paulo,3550308,True,Cidade de Caieiras,210,https://moovitapp.com/index/pt-br/transporte_p%C3%BAblico-line-210-Sao_Paulo-242-868761-496408-0,5.0,-23.534016,-46.48869725,,,,1,2023-06-20T11:57:03+00:00
SAO_746K-10,São Paulo,3550308,True,,33555,,,-23.6187375,-46.722241,,,,2,2023-06-20T11:57:23+00:00
SAO_746K-10,São Paulo,3550308,True,,33555,,,-23.61837225,-46.674561375,,,,2,2023-06-20T11:57:22+00:00
SAO_746K-10,São Paulo,3550308,True,,33555,,,-23.618187,-46.684749875,,,,2,2023-06-20T11:57:08+00:00
SAO_746K-10,São Paulo,3550308,True,,33555,,,-23.617672499999998,-46.7126545,,,,2,2023-06-20T11:57:01+00:00
SAO_917H-10,São Paulo,3550308,True,STT,456,https://moovitapp.com/index/pt-br/transporte_p%C3%BAblico-line-456-Sao_Paulo-242-850661-10416524-0,5.3,-23.494428,-46.748835,,,,1,2023-06-20T11:57:20+00:00
SAO_917H-10,São Paulo,3550308,True,STT,456,https://moovitapp.com/index/pt-br/transporte_p%C3%BAblico-line-456-Sao_Paulo-242-850661-10416524-0,5.3,-23.5310255,-46.7308315,,,,1,2023-06-20T11:57:06+00:00
SAO_917H-10,São Paulo,3550308,True,STT,456,https://moovitapp.com/index/pt-br/transporte_p%C3%BAblico-line-456-Sao_Paulo-242-850661-10416524-0,5.3,-23.484365,-46.741764,,,,1,2023-06-20T11:57:14+00:00
SAO_917H-10,São Paulo,3550308,True,STT,456,https://moovitapp.com/index/pt-br/transporte_p%C3%BAblico-line-456-Sao_Paulo-242-850661-10416524-0,5.3,-23.5080325,-46.750310999999996,,,,1,2023-06-20T11:56:53+00:00
SAO_917H-10,São Paulo,3550308,True,STT,456,https://moovitapp.com/index/pt-br/transporte_p%C3%BAblico-line-456-Sao_Paulo-242-850661-10416524-0,5.3,-23.4855965,-46.725312,,,,1,2023-06-20T11:57:30+00:00
SAO_917H-10,São Paulo,3550308,True,STT,456,https://moovitapp.com/index/pt-br/transporte_p%C3%BAblico-line-456-Sao_Paulo-242-850661-10416524-0,5.3,-23.5202995,-46.744249499999995,,,,1,2023-06-20T11:57:20+00:00
SAO_917H-10,São Paulo,3550308,True,STT,456,https://moovitapp.com/index/pt-br/transporte_p%C3%BAblico-line-456-Sao_Paulo-242-850661-10416524-0,5.3,-23.54021525,-46.713757,,,,1,2023-06-20T11:57:14+00:00
SAO_917H-10,São Paulo,3550308,True,STT,456,https://moovitapp.com/index/pt-br/transporte_p%C3%BAblico-line-456-Sao_Paulo-242-850661-10416524-0,5.3,-23.4855965,-46.725312,,,,1,2023-06-20T11:57:34+00:00
SAO_917H-10,São Paulo,3550308,True,STT,456,https://moovitapp.com/index/pt-br/transporte_p%C3%BAblico-line-456-Sao_Paulo-242-850661-10416524-0,5.3,-23.589295999999997,-46.63421325,,,,1,2023-06-20T11:57:31+00:00
SAO_917H-10,São Paulo,3550308,True,STT,456,https://moovitapp.com/index/pt-br/transporte_p%C3%BAblico-line-456-Sao_Paulo-242-850661-10416524-0,5.3,-23.5540545,-46.67109425,,,,1,2023-06-20T11:57:01+00:00
SAO_917H-10,São Paulo,3550308,True,STT,456,https://moovitapp.com/index/pt-br/transporte_p%C3%BAblico-line-456-Sao_Paulo-242-850661-10416524-0,5.3,-23.54294925,-46.69525075,,,,1,2023-06-20T11:57:20+00:00
SAO_917H-10,São Paulo,3550308,True,STT,456,https://moovitapp.com/index/pt-br/transporte_p%C3%BAblico-line-456-Sao_Paulo-242-850661-10416524-0,5.3,-23.5886845,-46.635341499999996,,,,1,2023-06-20T11:57:34+00:00
SAO_917H-10,São Paulo,3550308,True,STT,456,https://moovitapp.com/index/pt-br/transporte_p%C3%BAblico-line-456-Sao_Paulo-242-850661-10416524-0,5.3,-23.5584995,-46.659910124999996,,,,1,2023-06-20T11:57:27+00:00
SAO_917H-10,São Paulo,3550308,True,STT,456,https://moovitapp.com/index/pt-br/transporte_p%C3%BAblico-line-456-Sao_Paulo-242-850661-10416524-0,5.3,-23.515968625,-46.753685000000004,,,,1,2023-06-20T11:57:19+00:00
SAO_917H-10,São Paulo,3550308,True,STT,456,https://moovitapp.com/index/pt-br/transporte_p%C3%BAblico-line-456-Sao_Paulo-242-850661-10416524-0,5.3,-23.48812125,-46.73202725,,,,1,2023-06-20T11:57:20+00:00
SAO_917H-10,São Paulo,3550308,True,STT,456,https://moovitapp.com/index/pt-br/transporte_p%C3%BAblico-line-456-Sao_Paulo-242-850661-10416524-0,5.3,-23.541019249999998,-46.699289750000005,,,,1,2023-06-20T11:57:08+00:00
SAO_3024-10,São Paulo,3550308,True,EMTU,277,https://moovitapp.com/index/pt-br/transporte_p%C3%BAblico-line-277-Sao_Paulo-242-2038937-36419380-0,8.15,-23.6093755,-46.532146499999996,,,,1,2023-06-20T11:57:34+00:00
SAO_3024-10,São Paulo,3550308,True,EMTU,277,https://moovitapp.com/index/pt-br/transporte_p%C3%BAblico-line-277-Sao_Paulo-242-2038937-36419380-0,8.15,-23.58262525,-46.560779,,,,1,2023-06-20T11:57:28+00:00
SAO_1787-10,São Paulo,3550308,True,,650,,,-23.463006999999998,-46.616431000000006,,,,1,2023-06-20T11:57:16+00:00
SAO_516N-10,São Paulo,3550308,True,,33034,,,-23.671859,-46.6456785,,,,2,2023-06-20T11:57:08+00:00
SAO_516N-10,São Paulo,3550308,True,,33034,,,-23.690199749999998,-46.649609,,,,2,2023-06-20T11:57:18+00:00
SAO_516N-10,São Paulo,3550308,True,,33034,,,-23.583841,-46.671882999999994,,,,2,2023-06-20T11:57:20+00:00
SAO_516N-10,São Paulo,3550308,True,,33034,,,-23.587671750000002,-46.676869249999996,,,,2,2023-06-20T11:57:02+00:00
SAO_516N-10,São Paulo,3550308,True,,33034,,,-23.6721485,-46.645281999999995,,,,2,2023-06-20T11:57:04+00:00
SAO_3025-10,São Paulo,3550308,True,,961,,,-23.564385,-46.415116999999995,,,,1,2023-06-20T11:57:03+00:00
SAO_3025-10,São Paulo,3550308,True,,961,,,-23.5774585,-46.3974935,,,,1,2023-06-20T11:57:08+00:00
SAO_3025-10,São Paulo,3550308,True,,961,,,-23.564459,-46.415409499999996,,,,1,2023-06-20T11:57:02+00:00
SAO_3025-10,São Paulo,3550308,True,,961,,,-23.5731835,-46.402521875,,,,1,2023-06-20T11:57:21+00:00
SAO_3025-10,São Paulo,3550308,True,,961,,,-23.54247075,-46.41617375,,,,1,2023-06-20T11:57:13+00:00
SAO_3025-10,São Paulo,3550308,True,,961,,,-23.542544,-46.4158275,,,,1,2023-06-20T11:57:34+00:00
SAO_2770-10,São Paulo,3550308,True,,243,,,-23.511764,-46.5114005,,,,1,2023-06-20T11:57:34+00:00
SAO_2770-10,São Paulo,3550308,True,,243,,,-23.51957,-46.412733,,,,1,2023-06-20T11:57:34+00:00
SAO_4028-10,São Paulo,3550308,True,,33866,,,-23.612272,-46.473223000000004,,,,2,2023-06-20T11:57:24+00:00
SAO_4028-10,São Paulo,3550308,True,,33866,,,-23.641898,-46.438882500000005,,,,2,2023-06-20T11:57:32+00:00
SAO_4028-10,São Paulo,3550308,True,,33866,,,-23.602150625,-46.482904125,,,,2,2023-06-20T11:57:08+00:00
SAO_4028-10,São Paulo,3550308,True,,33866,,,-23.5926885625,-46.4887616875,,,,2,2023-06-20T11:57:35+00:00
SAO_4028-10,São Paulo,3550308,True,,33866,,,-23.593083,-46.4887815,,,,2,2023-06-20T11:57:30+00:00
SAO_4028-10,São Paulo,3550308,True,,33866,,,-23.631496499999997,-46.447165,,,,2,2023-06-20T11:57:13+00:00
SAO_4028-10,São Paulo,3550308,True,,33866,,,-23.6293345,-46.445926,,,,2,2023-06-20T11:57:36+00:00
SAO_4018-10,São Paulo,3550308,True,,34959,,,-23.5831655,-46.4072265,,,,2,2023-06-20T11:57:37+00:00
SAO_4018-10,São Paulo,3550308,True,,34959,,,-23.613653,-46.4766475,,,,2,2023-06-20T11:57:12+00:00
SAO_4018-10,São Paulo,3550308,True,,34959,,,-23.594590500000002,-46.447583,,,,2,2023-06-20T11:57:20+00:00
SAO_4018-10,São Paulo,3550308,True,,34959,,,-23.6006425,-46.3996595,,,,2,2023-06-20T11:57:00+00:00
SAO_4018-10,São Paulo,3550308,True,,34959,,,-23.6006425,-46.3996595,,,,2,2023-06-20T11:56:56+00:00
SAO_4018-10,São Paulo,3550308,True,,34959,,,-23.600533,-46.39975,,,,2,2023-06-20T11:57:18+00:00
SAO_4018-10,São Paulo,3550308,True,,34959,,,-23.60109525,-46.39926,,,,2,2023-06-20T11:56:58+00:00
SAO_4018-10,São Paulo,3550308,True,,34959,,,-23.5941915,-46.420338,,,,2,2023-06-20T11:56:55+00:00
SAO_4018-10,São Paulo,3550308,True,,34959,,,-23.601313750000003,-46.399062,,,,2,2023-06-20T11:56:59+00:00
SAO_4018-10,São Paulo,3550308,True,,34959,,,-23.598820875,-46.465564,,,,2,2023-06-20T11:57:10+00:00
SAO_9011-21,São Paulo,3550308,True,,1768,,,-23.442337000000002,-46.7242885,,,,1,2023-06-20T11:57:37+00:00
SAO_9011-21,São Paulo,3550308,True,,1768,,,-23.4547945,-46.738510500000004,,,,1,2023-06-20T11:57:04+00:00
SAO_9011-21,São Paulo,3550308,True,,1768,,,-23.4547945,-46.738510500000004,,,,1,2023-06-20T11:57:29+00:00
SAO_9011-21,São Paulo,3550308,True,,1768,,,-23.4547945,-46.738510500000004,,,,1,2023-06-20T11:57:26+00:00
SAO_9011-21,São Paulo,3550308,True,,1768,,,-23.4383895,-46.737642,,,,1,2023-06-20T11:57:22+00:00
SAO_6500-10,São Paulo,3550308,True,,32814,,,-23.5734265,-46.666454,,,,2,2023-06-20T11:57:37+00:00
SAO_6500-10,São Paulo,3550308,True,,32814,,,-23.6540525,-46.712609,,,,2,2023-06-20T11:57:35+00:00
SAO_6500-10,São Paulo,3550308,True,,32814,,,-23.5496475,-46.6398245,,,,2,2023-06-20T11:57:23+00:00
SAO_6500-10,São Paulo,3550308,True,,32814,,,-23.61896,-46.682627,,,,2,2023-06-20T11:57:37+00:00
SAO_6500-10,São Paulo,3550308,True,,32814,,,-23.6540525,-46.712609,,,,2,2023-06-20T11:56:54+00:00
SAO_4085-10,São Paulo,3550308,True,,34924,,,-23.557813250000002,-46.442985750000005,,,,2,2023-06-20T11:56:56+00:00
SAO_4085-10,São Paulo,3550308,True,,34924,,,-23.551122,-46.461163875000004,,,,2,2023-06-20T11:57:28+00:00
SAO_9009-10,São Paulo,3550308,True,,877,,,-23.447619500000002,-46.7088905,,,,1,2023-06-20T11:57:17+00:00
SAO_9009-10,São Paulo,3550308,True,,877,,,-23.454596000000002,-46.696128,,,,1,2023-06-20T11:57:07+00:00
SAO_9009-10,São Paulo,3550308,True,,877,,,-23.444415499999998,-46.710528249999996,,,,1,2023-06-20T11:57:13+00:00
SAO_9009-10,São Paulo,3550308,True,,877,,,-23.447921,-46.708813500000005,,,,1,2023-06-20T11:57:28+00:00
SAO_9009-10,São Paulo,3550308,True,,877,,,-23.445459874999997,-46.717152125,,,,1,2023-06-20T11:56:30+00:00
SAO_9009-10,São Paulo,3550308,True,,877,,,-23.4477075,-46.708862499999995,,,,1,2023-06-20T11:57:35+00:00
SAO_9009-10,São Paulo,3550308,True,,877,,,-23.473550250000002,-46.670976249999995,,,,1,2023-06-20T11:57:27+00:00
SAO_9009-10,São Paulo,3550308,True,,877,,,-23.4579515,-46.69050525,,,,1,2023-06-20T11:57:02+00:00
SAO_736G-10,São Paulo,3550308,True,,780,,,-23.618506,-46.699464,,,,1,2023-06-20T11:56:56+00:00
SAO_736G-10,São Paulo,3550308,True,,780,,,-23.6438355,-46.725204500000004,,,,1,2023-06-20T11:57:13+00:00
SAO_736G-10,São Paulo,3550308,True,,780,,,-23.618506,-46.699464,,,,1,2023-06-20T11:57:32+00:00
SAO_736G-10,São Paulo,3550308,True,,780,,,-23.6365445,-46.7515415,,,,1,2023-06-20T11:57:27+00:00
SAO_407L-10,São Paulo,3550308,True,,34967,,,-23.53994,-46.447631,,,,2,2023-06-20T11:57:04+00:00
SAO_407L-10,São Paulo,3550308,True,,34967,,,-23.533053000000002,-46.460288000000006,,,,2,2023-06-20T11:55:14+00:00
SAO_407L-10,São Paulo,3550308,True,,34967,,,-23.590592,-46.3947795,,,,2,2023-06-20T11:57:27+00:00
SAO_407L-10,São Paulo,3550308,True,,34967,,,-23.590415999999998,-46.394861500000005,,,,2,2023-06-20T11:57:01+00:00
SAO_407L-10,São Paulo,3550308,True,,34967,,,-23.590822000000003,-46.3946785,,,,2,2023-06-20T11:57:08+00:00
SAO_407L-10,São Paulo,3550308,True,,34967,,,-23.5296485,-46.497018999999995,,,,2,2023-06-20T11:57:23+00:00
SAO_407L-10,São Paulo,3550308,True,,34967,,,-23.577301,-46.4161555,,,,2,2023-06-20T11:57:35+00:00
SAO_407L-10,São Paulo,3550308,True,,34967,,,-23.5934025,-46.394332000000006,,,,2,2023-06-20T11:56:38+00:00
SAO_407L-10,São Paulo,3550308,True,,34967,,,-23.571773999999998,-46.415555,,,,2,2023-06-20T11:56:10+00:00
SAO_407L-10,São Paulo,3550308,True,,34967,,,-23.58055825,-46.413486750000004,,,,2,2023-06-20T11:57:15+00:00
SAO_5318-10,São Paulo,3550308,True,,45,,,-23.575944999999997,-46.64233525,,,,1,2023-06-20T11:57:27+00:00
SAO_5318-10,São Paulo,3550308,True,,45,,,-23.667381499999998,-46.752379499999996,,,,1,2023-06-20T11:57:08+00:00
SAO_5318-10,São Paulo,3550308,True,,45,,,-23.635600250000003,-46.7011995,,,,1,2023-06-20T11:57:06+00:00
SAO_5318-10,São Paulo,3550308,True,,45,,,-23.670373500000004,-46.7476975,,,,1,2023-06-20T11:57:07+00:00
SAO_5318-10,São Paulo,3550308,True,,45,,,-23.662352,-46.736864,,,,1,2023-06-20T11:57:01+00:00
SAO_5318-10,São Paulo,3550308,True,,45,,,-23.609165312499997,-46.667339875,,,,1,2023-06-20T11:57:14+00:00
SAO_5318-10,São Paulo,3550308,True,,45,,,-23.63706175,-46.6937715,,,,1,2023-06-20T11:57:24+00:00
SAO_5318-10,São Paulo,3550308,True,,45,,,-23.64471425,-46.726479,,,,1,2023-06-20T11:57:19+00:00
SAO_4029-10,São Paulo,3550308,True,,33867,,,-23.6105855,-46.4805655,,,,2,2023-06-20T11:57:29+00:00
SAO_4029-10,São Paulo,3550308,True,,33867,,,-23.581327,-46.562794,,,,2,2023-06-20T11:57:08+00:00
SAO_4029-10,São Paulo,3550308,True,,33867,,,-23.586758500000002,-46.544669,,,,2,2023-06-20T11:57:08+00:00
SAO_4029-10,São Paulo,3550308,True,,33867,,,-23.585109,-46.583715,,,,2,2023-06-20T11:57:36+00:00
SAO_4029-10,São Paulo,3550308,True,,33867,,,-23.6105855,-46.4805655,,,,2,2023-06-20T11:57:19+00:00
SAO_4029-10,São Paulo,3550308,True,,33867,,,-23.6105855,-46.4805655,,,,2,2023-06-20T11:57:22+00:00
SAO_4029-10,São Paulo,3550308,True,,33867,,,-23.599251000000002,-46.515219,,,,2,2023-06-20T11:57:03+00:00
SAO_4029-10,São Paulo,3550308,True,,33867,,,-23.610836,-46.504223499999995,,,,2,2023-06-20T11:57:06+00:00
SAO_4029-10,São Paulo,3550308,True,,33867,,,-23.60994525,-46.47948125,,,,2,2023-06-20T11:56:55+00:00
SAO_857R-10,São Paulo,3550308,True,,1892,,,-23.607091,-46.750694,,,,1,2023-06-20T11:57:15+00:00
SAO_857R-10,São Paulo,3550308,True,,1892,,,-23.5605665,-46.671968,,,,1,2023-06-20T11:57:00+00:00
SAO_857R-10,São Paulo,3550308,True,,1892,,,-23.564247,-46.62962949999999,,,,1,2023-06-20T11:56:55+00:00
SAO_857R-10,São Paulo,3550308,True,,1892,,,-23.581322,-46.711684500000004,,,,1,2023-06-20T11:57:30+00:00
SAO_857R-10,São Paulo,3550308,True,,1892,,,-23.6308255,-46.772924,,,,1,2023-06-20T11:57:25+00:00
SAO_857R-10,São Paulo,3550308,True,,1892,,,-23.583237,-46.6412445,,,,1,2023-06-20T11:57:07+00:00
SAO_5702-10,São Paulo,3550308,True,,1137,,,-23.69675075,-46.644678,,,,1,2023-06-20T11:57:23+00:00
SAO_5702-10,São Paulo,3550308,True,,1137,,,-23.68760275,-46.64107775000001,,,,1,2023-06-20T11:57:16+00:00
SAO_5702-10,São Paulo,3550308,True,,1137,,,-23.6472555,-46.640461,,,,1,2023-06-20T11:57:08+00:00
SAO_5702-10,São Paulo,3550308,True,,1137,,,-23.68527075,-46.6332995,,,,1,2023-06-20T11:57:35+00:00
SAO_5702-10,São Paulo,3550308,True,,1137,,,-23.66676675,-46.640318750000006,,,,1,2023-06-20T11:57:08+00:00
SAO_7005-51,São Paulo,3550308,True,,1999,,,-23.694651,-46.779804999999996,,,,1,2023-06-20T11:57:19+00:00
SAO_7005-51,São Paulo,3550308,True,,1999,,,-23.7368285,-46.776495999999995,,,,1,2023-06-20T11:56:57+00:00
SAO_7005-51,São Paulo,3550308,True,,1999,,,-23.6613405,-46.769731,,,,1,2023-06-20T11:57:31+00:00
SAO_7005-51,São Paulo,3550308,True,,1999,,,-23.718400000000003,-46.784493499999996,,,,1,2023-06-20T11:57:26+00:00
SAO_7005-51,São Paulo,3550308,True,,1999,,,-23.690900499999998,-46.774835499999995,,,,1,2023-06-20T11:57:36+00:00
SAO_7005-51,São Paulo,3550308,True,,1999,,,-23.73209225,-46.78503325,,,,1,2023-06-20T11:57:19+00:00
SAO_1787-10,São Paulo,3550308,True,,33418,,,-23.4587955,-46.615185499999995,,,,2,2023-06-20T11:57:23+00:00
SAO_1787-10,São Paulo,3550308,True,,33418,,,-23.459689500000003,-46.623691750000006,,,,2,2023-06-20T11:57:32+00:00
SAO_1787-10,São Paulo,3550308,True,,33418,,,-23.4511155,-46.62305775,,,,2,2023-06-20T11:57:20+00:00
SAO_1787-10,São Paulo,3550308,True,,33418,,,-23.4511155,-46.62305775,,,,2,2023-06-20T11:57:04+00:00
SAO_1787-10,São Paulo,3550308,True,,33418,,,-23.497363,-46.62208,,,,2,2023-06-20T11:57:11+00:00
SAO_719R-10,São Paulo,3550308,True,,33237,,,-23.57284925,-46.724036125000005,,,,2,2023-06-20T11:57:38+00:00
SAO_719R-10,São Paulo,3550308,True,,33237,,,-23.55439725,-46.66294,,,,2,2023-06-20T11:57:26+00:00
SAO_719R-10,São Paulo,3550308,True,,33237,,,-23.5619675,-46.7643025,,,,2,2023-06-20T11:57:13+00:00
SAO_4003-10,São Paulo,3550308,True,,34927,,,-23.5318265,-46.440373,,,,2,2023-06-20T11:57:11+00:00
SAO_4003-10,São Paulo,3550308,True,,34927,,,-23.5351835,-46.454012000000006,,,,2,2023-06-20T11:57:30+00:00
SAO_6451-10,São Paulo,3550308,True,,61,,,-23.580629000000002,-46.6799365,,,,1,2023-06-20T11:57:25+00:00
SAO_6451-10,São Paulo,3550308,True,,61,,,-23.551287000000002,-46.6459355,,,,1,2023-06-20T11:57:23+00:00
SAO_6451-10,São Paulo,3550308,True,,61,,,-23.577116,-46.6717145,,,,1,2023-06-20T11:57:12+00:00
SAO_6451-10,São Paulo,3550308,True,,61,,,-23.644018,-46.7325855,,,,1,2023-06-20T11:56:57+00:00
SAO_6451-10,São Paulo,3550308,True,,61,,,-23.623321250000004,-46.70294425,,,,1,2023-06-20T11:57:35+00:00
SAO_6451-10,São Paulo,3550308,True,,61,,,-23.6514915,-46.757566249999996,,,,1,2023-06-20T11:57:33+00:00
SAO_6451-10,São Paulo,3550308,True,,61,,,-23.624938125,-46.707062125,,,,1,2023-06-20T11:57:24+00:00
SAO_3051-10,São Paulo,3550308,True,,35214,,,-23.518814499999998,-46.475541,,,,2,2023-06-20T11:57:30+00:00
SAO_3051-10,São Paulo,3550308,True,,35214,,,-23.5019935,-46.47103,,,,2,2023-06-20T11:57:19+00:00
SAO_3051-10,São Paulo,3550308,True,,35214,,,-23.48653925,-46.48247525,,,,2,2023-06-20T11:57:27+00:00
SAO_3051-10,São Paulo,3550308,True,,35214,,,-23.518814499999998,-46.475541,,,,2,2023-06-20T11:57:27+00:00
SAO_9191-21,São Paulo,3550308,True,,34725,,,-23.523542499999998,-46.6684,,,,2,2023-06-20T11:57:17+00:00
SAO_6116-10,São Paulo,3550308,True,,33954,,,-23.7401655,-46.691473,,,,2,2023-06-20T11:57:39+00:00
SAO_6116-10,São Paulo,3550308,True,,33954,,,-23.755624,-46.657882,,,,2,2023-06-20T11:57:13+00:00
SAO_6116-10,São Paulo,3550308,True,,33954,,,-23.75569,-46.657614,,,,2,2023-06-20T11:57:34+00:00
SAO_9005-42,São Paulo,3550308,True,,34702,,,-23.452281499999998,-46.6781585,,,,2,2023-06-20T11:56:56+00:00
SAO_6358-10,São Paulo,3550308,True,,34062,,,-23.5491745,-46.639111,,,,2,2023-06-20T11:57:15+00:00
SAO_6358-10,São Paulo,3550308,True,,34062,,,-23.681586,-46.637748,,,,2,2023-06-20T11:57:15+00:00
SAO_6358-10,São Paulo,3550308,True,,34062,,,-23.686289000000002,-46.6379425,,,,2,2023-06-20T11:57:20+00:00
SAO_6358-10,São Paulo,3550308,True,,34062,,,-23.633191,-46.680735,,,,2,2023-06-20T11:56:53+00:00
SAO_6358-10,São Paulo,3550308,True,,34062,,,-23.58906,-46.652420500000005,,,,2,2023-06-20T11:57:22+00:00
SAO_6358-10,São Paulo,3550308,True,,34062,,,-23.682413500000003,-46.63824150000001,,,,2,2023-06-20T11:57:22+00:00
SAO_6824-10,São Paulo,3550308,True,,32791,,,-23.6714325,-46.7941755,,,,2,2023-06-20T11:57:30+00:00
SAO_6824-10,São Paulo,3550308,True,,32791,,,-23.673696749999998,-46.79064525,,,,2,2023-06-20T11:57:35+00:00
SAO_5013-10,São Paulo,3550308,True,,1117,,,-23.6849845,-46.633231,,,,1,2023-06-20T11:56:59+00:00
SAO_5013-10,São Paulo,3550308,True,,1117,,,-23.682060999999997,-46.633000499999994,,,,1,2023-06-20T11:57:18+00:00
SAO_5013-10,São Paulo,3550308,True,,1117,,,-23.654280999999997,-46.70443349999999,,,,1,2023-06-20T11:57:17+00:00
SAO_5013-10,São Paulo,3550308,True,,1117,,,-23.680882249999996,-46.653934250000006,,,,1,2023-06-20T11:57:21+00:00
SAO_5013-10,São Paulo,3550308,True,,1117,,,-23.669164000000002,-46.671947,,,,1,2023-06-20T11:57:12+00:00
SAO_5013-10,São Paulo,3550308,True,,1117,,,-23.682060999999997,-46.633000499999994,,,,1,2023-06-20T11:57:24+00:00
SAO_5013-10,São Paulo,3550308,True,,1117,,,-23.682060999999997,-46.633000499999994,,,,1,2023-06-20T11:57:37+00:00
SAO_5013-10,São Paulo,3550308,True,,1117,,,-23.682060999999997,-46.633000499999994,,,,1,2023-06-20T11:57:23+00:00
SAO_5013-10,São Paulo,3550308,True,,1117,,,-23.6576195,-46.69899275,,,,1,2023-06-20T11:57:25+00:00
SAO_5013-10,São Paulo,3550308,True,,1117,,,-23.6776175,-46.629261,,,,1,2023-06-20T11:57:33+00:00
SAO_3728-10,São Paulo,3550308,True,,1025,,,-23.5420065,-46.483900500000004,,,,1,2023-06-20T11:56:56+00:00
SAO_3728-10,São Paulo,3550308,True,,1025,,,-23.567938499999997,-46.491296000000006,,,,1,2023-06-20T11:57:35+00:00
SAO_3728-10,São Paulo,3550308,True,,1025,,,-23.551551,-46.4910065,,,,1,2023-06-20T11:57:18+00:00
SAO_3728-10,São Paulo,3550308,True,,1025,,,-23.5420065,-46.483900500000004,,,,1,2023-06-20T11:57:23+00:00
SAO_3728-10,São Paulo,3550308,True,,1025,,,-23.540920999999997,-46.486568500000004,,,,1,2023-06-20T11:57:17+00:00
SAO_3728-10,São Paulo,3550308,True,,1025,,,-23.560207249999998,-46.48912575,,,,1,2023-06-20T11:57:11+00:00
SAO_6027-10,São Paulo,3550308,True,,32858,,,-23.720620875,-46.672814125,,,,2,2023-06-20T11:57:05+00:00
SAO_6027-10,São Paulo,3550308,True,,32858,,,-23.717132999999997,-46.69933425000001,,,,2,2023-06-20T11:57:29+00:00
SAO_6027-10,São Paulo,3550308,True,,32858,,,-23.67100725,-46.712663750000004,,,,2,2023-06-20T11:57:12+00:00
SAO_6027-10,São Paulo,3550308,True,,32858,,,-23.72318425,-46.670979,,,,2,2023-06-20T11:57:13+00:00
SAO_874C-10,São Paulo,3550308,True,,477,,,-23.5510456875,-46.740044062500004,,,,1,2023-06-20T11:57:16+00:00
SAO_874C-10,São Paulo,3550308,True,,477,,,-23.5504885,-46.6784375,,,,1,2023-06-20T11:57:38+00:00
SAO_1726-10,São Paulo,3550308,True,,34171,,,-23.4359105,-46.566243,,,,2,2023-06-20T11:57:36+00:00
SAO_1726-10,São Paulo,3550308,True,,34171,,,-23.4389865,-46.575250499999996,,,,2,2023-06-20T11:55:32+00:00
SAO_1726-10,São Paulo,3550308,True,,34171,,,-23.4760865,-46.6092085,,,,2,2023-06-20T11:57:02+00:00
SAO_3751-10,São Paulo,3550308,True,,1047,,,-23.564459,-46.415409499999996,,,,1,2023-06-20T11:56:55+00:00
SAO_3751-10,São Paulo,3550308,True,,1047,,,-23.569356,-46.4108985,,,,1,2023-06-20T11:57:11+00:00
SAO_3751-10,São Paulo,3550308,True,,1047,,,-23.551966999999998,-46.430862250000004,,,,1,2023-06-20T11:57:32+00:00
SAO_3751-10,São Paulo,3550308,True,,1047,,,-23.569356,-46.4108985,,,,1,2023-06-20T11:57:00+00:00
SAO_3751-10,São Paulo,3550308,True,,1047,,,-23.569356,-46.4108985,,,,1,2023-06-20T11:57:35+00:00
SAO_3751-10,São Paulo,3550308,True,,1047,,,-23.5405375,-46.452045,,,,1,2023-06-20T11:57:02+00:00
SAO_3751-10,São Paulo,3550308,True,,1047,,,-23.5521165,-46.441852,,,,1,2023-06-20T11:56:56+00:00
SAO_3751-10,São Paulo,3550308,True,,1047,,,-23.5707685,-46.4107665,,,,1,2023-06-20T11:57:06+00:00
SAO_3751-10,São Paulo,3550308,True,,1047,,,-23.569356,-46.4108985,,,,1,2023-06-20T11:57:18+00:00
SAO_3751-10,São Paulo,3550308,True,,1047,,,-23.569796,-46.4103195,,,,1,2023-06-20T11:57:39+00:00
SAO_3751-10,São Paulo,3550308,True,,1047,,,-23.5422995,-46.4696955,,,,1,2023-06-20T11:57:15+00:00
SAO_3751-10,São Paulo,3550308,True,,1047,,,-23.542298,-46.4702415,,,,1,2023-06-20T11:57:35+00:00
SAO_971C-10,São Paulo,3550308,True,,571,,,-23.476419,-46.663077,,,,1,2023-06-20T11:57:00+00:00
SAO_971C-10,São Paulo,3550308,True,,571,,,-23.440492,-46.7082695,,,,1,2023-06-20T11:57:33+00:00
SAO_971C-10,São Paulo,3550308,True,,571,,,-23.501604,-46.624865,,,,1,2023-06-20T11:57:19+00:00
SAO_971C-10,São Paulo,3550308,True,,571,,,-23.474202,-46.669375,,,,1,2023-06-20T11:57:18+00:00
SAO_971C-10,São Paulo,3550308,True,,571,,,-23.4438805,-46.713807,,,,1,2023-06-20T11:57:30+00:00
SAO_971C-10,São Paulo,3550308,True,,571,,,-23.455841,-46.692636,,,,1,2023-06-20T11:57:33+00:00
SAO_9653-10,São Paulo,3550308,True,EMTU,588,https://moovitapp.com/index/pt-br/transporte_p%C3%BAblico-line-588-Sao_Paulo-242-2038937-36419575-0,7.55,-23.4578955,-46.642895499999995,,,,1,2023-06-20T11:57:36+00:00
SAO_9653-10,São Paulo,3550308,True,EMTU,588,https://moovitapp.com/index/pt-br/transporte_p%C3%BAblico-line-588-Sao_Paulo-242-2038937-36419575-0,7.55,-23.464035125000002,-46.654045625,,,,1,2023-06-20T11:57:07+00:00
SAO_9653-10,São Paulo,3550308,True,EMTU,588,https://moovitapp.com/index/pt-br/transporte_p%C3%BAblico-line-588-Sao_Paulo-242-2038937-36419575-0,7.55,-23.47000275,-46.6488195,,,,1,2023-06-20T11:57:28+00:00
SAO_9653-10,São Paulo,3550308,True,EMTU,588,https://moovitapp.com/index/pt-br/transporte_p%C3%BAblico-line-588-Sao_Paulo-242-2038937-36419575-0,7.55,-23.4799665,-46.673024999999996,,,,1,2023-06-20T11:57:17+00:00
SAO_9653-10,São Paulo,3550308,True,EMTU,588,https://moovitapp.com/index/pt-br/transporte_p%C3%BAblico-line-588-Sao_Paulo-242-2038937-36419575-0,7.55,-23.507158750000002,-46.67135625,,,,1,2023-06-20T11:57:25+00:00
SAO_9653-10,São Paulo,3550308,True,EMTU,588,https://moovitapp.com/index/pt-br/transporte_p%C3%BAblico-line-588-Sao_Paulo-242-2038937-36419575-0,7.55,-23.539961749999996,-46.639956,,,,1,2023-06-20T11:57:01+00:00
SAO_9653-10,São Paulo,3550308,True,EMTU,588,https://moovitapp.com/index/pt-br/transporte_p%C3%BAblico-line-588-Sao_Paulo-242-2038937-36419575-0,7.55,-23.4578955,-46.642895499999995,,,,1,2023-06-20T11:57:22+00:00
SAO_748R-10,São Paulo,3550308,True,,33269,,,-23.566681000000003,-46.7537455,,,,2,2023-06-20T11:57:26+00:00
SAO_748R-10,São Paulo,3550308,True,,33269,,,-23.5263215,-46.666750500000006,,,,2,2023-06-20T11:57:22+00:00
SAO_748R-10,São Paulo,3550308,True,,33269,,,-23.5384865,-46.714349,,,,2,2023-06-20T11:57:27+00:00
SAO_748R-10,São Paulo,3550308,True,,33269,,,-23.600395499999998,-46.7841735,,,,2,2023-06-20T11:57:28+00:00
SAO_748R-10,São Paulo,3550308,True,,33269,,,-23.5901865,-46.768211,,,,2,2023-06-20T11:57:03+00:00
SAO_748R-10,São Paulo,3550308,True,,33269,,,-23.522478,-46.69588125,,,,2,2023-06-20T11:57:10+00:00
SAO_748R-10,São Paulo,3550308,True,,33269,,,-23.557658500000002,-46.746384,,,,2,2023-06-20T11:57:20+00:00
SAO_807P-10,São Paulo,3550308,True,,34867,,,-23.6527525,-46.712272,,,,2,2023-06-20T11:57:12+00:00
SAO_807P-10,São Paulo,3550308,True,,34867,,,-23.650755,-46.718433,,,,2,2023-06-20T11:57:00+00:00
SAO_807P-10,São Paulo,3550308,True,,34867,,,-23.6163415,-46.720850999999996,,,,2,2023-06-20T11:57:02+00:00
SAO_807P-10,São Paulo,3550308,True,,34867,,,-23.6440105,-46.73107675,,,,2,2023-06-20T11:57:02+00:00
SAO_807P-10,São Paulo,3550308,True,,34867,,,-23.616042,-46.720892,,,,2,2023-06-20T11:56:56+00:00
SAO_807P-10,São Paulo,3550308,True,,34867,,,-23.616477500000002,-46.7208605,,,,2,2023-06-20T11:57:28+00:00
SAO_1156-10,São Paulo,3550308,True,,659,,,-23.51832975,-46.6277295,,,,1,2023-06-20T11:57:26+00:00
SAO_1156-10,São Paulo,3550308,True,,659,,,-23.5223175,-46.6100785,,,,1,2023-06-20T11:57:06+00:00
SAO_1156-10,São Paulo,3550308,True,,659,,,-23.542623499999998,-46.635373,,,,1,2023-06-20T11:57:20+00:00
SAO_1156-10,São Paulo,3550308,True,,659,,,-23.5153595,-46.58743925,,,,1,2023-06-20T11:57:34+00:00
SAO_1156-10,São Paulo,3550308,True,,659,,,-23.4949875,-46.580739,,,,1,2023-06-20T11:57:05+00:00
SAO_5652-10,São Paulo,3550308,True,STT,274,https://moovitapp.com/index/pt-br/transporte_p%C3%BAblico-line-274-Sao_Paulo-242-850661-183274-0,5.3,-23.5507755,-46.6346735,,,,1,2023-06-20T11:57:19+00:00
SAO_5652-10,São Paulo,3550308,True,STT,274,https://moovitapp.com/index/pt-br/transporte_p%C3%BAblico-line-274-Sao_Paulo-242-850661-183274-0,5.3,-23.702216375,-46.701288375,,,,1,2023-06-20T11:57:36+00:00
SAO_5652-10,São Paulo,3550308,True,STT,274,https://moovitapp.com/index/pt-br/transporte_p%C3%BAblico-line-274-Sao_Paulo-242-850661-183274-0,5.3,-23.711662,-46.687079,,,,1,2023-06-20T11:56:33+00:00
SAO_5652-10,São Paulo,3550308,True,STT,274,https://moovitapp.com/index/pt-br/transporte_p%C3%BAblico-line-274-Sao_Paulo-242-850661-183274-0,5.3,-23.645371,-46.67331825000001,,,,1,2023-06-20T11:57:14+00:00
SAO_2735-10,São Paulo,3550308,True,,1921,,,-23.495919875000002,-46.521148499999995,,,,1,2023-06-20T11:57:38+00:00
SAO_2735-10,São Paulo,3550308,True,,1921,,,-23.4998165,-46.5243505,,,,1,2023-06-20T11:57:19+00:00
SAO_2735-10,São Paulo,3550308,True,,1921,,,-23.533005000000003,-46.5444255,,,,1,2023-06-20T11:57:12+00:00
SAO_2735-10,São Paulo,3550308,True,,1921,,,-23.48357875,-46.495635500000006,,,,1,2023-06-20T11:57:06+00:00
SAO_2735-10,São Paulo,3550308,True,,1921,,,-23.501959125,-46.534102875,,,,1,2023-06-20T11:56:54+00:00
SAO_2735-10,São Paulo,3550308,True,,1921,,,-23.532506,-46.545839,,,,1,2023-06-20T11:57:32+00:00
SAO_2735-10,São Paulo,3550308,True,,1921,,,-23.5220245,-46.547768875,,,,1,2023-06-20T11:57:30+00:00
SAO_7005-51,São Paulo,3550308,True,,34767,,,-23.6903555,-46.7743995,,,,2,2023-06-20T11:57:21+00:00
SAO_7005-51,São Paulo,3550308,True,,34767,,,-23.73646075,-46.776863250000005,,,,2,2023-06-20T11:57:35+00:00
SAO_7005-51,São Paulo,3550308,True,,34767,,,-23.73646075,-46.776863250000005,,,,2,2023-06-20T11:57:35+00:00
SAO_7005-51,São Paulo,3550308,True,,34767,,,-23.734983,-46.778079000000005,,,,2,2023-06-20T11:57:30+00:00
SAO_775F-10,São Paulo,3550308,True,,796,,,-23.6254505,-46.7479555,,,,1,2023-06-20T11:57:33+00:00
SAO_775F-10,São Paulo,3550308,True,,796,,,-23.611426,-46.7440605,,,,1,2023-06-20T11:57:03+00:00
SAO_775F-10,São Paulo,3550308,True,,796,,,-23.5892665,-46.700748000000004,,,,1,2023-06-20T11:57:07+00:00
SAO_775F-10,São Paulo,3550308,True,,796,,,-23.6155355,-46.755827,,,,1,2023-06-20T11:57:30+00:00
SAO_775F-10,São Paulo,3550308,True,,796,,,-23.6254505,-46.7479555,,,,1,2023-06-20T11:57:08+00:00
SAO_775F-10,São Paulo,3550308,True,,796,,,-23.6254505,-46.7479555,,,,1,2023-06-20T11:57:36+00:00
SAO_775F-10,São Paulo,3550308,True,,796,,,-23.60352975,-46.712735249999994,,,,1,2023-06-20T11:57:07+00:00
SAO_775F-10,São Paulo,3550308,True,,796,,,-23.575620999999998,-46.6877935,,,,1,2023-06-20T11:57:33+00:00
SAO_2161-10,São Paulo,3550308,True,,694,,,-23.51919025,-46.59044775,,,,1,2023-06-20T11:57:24+00:00
SAO_2161-10,São Paulo,3550308,True,,694,,,-23.474178,-46.5662755,,,,1,2023-06-20T11:57:36+00:00
SAO_2161-10,São Paulo,3550308,True,,694,,,-23.5424875,-46.635251499999995,,,,1,2023-06-20T11:57:11+00:00
SAO_2161-10,São Paulo,3550308,True,,694,,,-23.4816915,-46.58247625,,,,1,2023-06-20T11:57:35+00:00
SAO_875H-10,São Paulo,3550308,True,,1340,,,-23.547749,-46.6770355,,,,1,2023-06-20T11:56:56+00:00
SAO_875H-10,São Paulo,3550308,True,,1340,,,-23.522921750000002,-46.70047425,,,,1,2023-06-20T11:57:17+00:00
SAO_875H-10,São Paulo,3550308,True,,1340,,,-23.5894045,-46.634211,,,,1,2023-06-20T11:57:03+00:00
SAO_875H-10,São Paulo,3550308,True,,1340,,,-23.525216,-46.683388875,,,,1,2023-06-20T11:57:15+00:00
SAO_875H-10,São Paulo,3550308,True,,1340,,,-23.581740500000002,-46.6383125,,,,1,2023-06-20T11:57:19+00:00
SAO_875H-10,São Paulo,3550308,True,,1340,,,-23.560429,-46.657737625,,,,1,2023-06-20T11:57:05+00:00
SAO_8194-10,São Paulo,3550308,True,,805,,,-23.406908,-46.757533499999994,,,,1,2023-06-20T11:57:30+00:00
SAO_8194-10,São Paulo,3550308,True,,805,,,-23.421867,-46.728716250000005,,,,1,2023-06-20T11:57:28+00:00
SAO_8194-10,São Paulo,3550308,True,,805,,,-23.4011405,-46.7414005,,,,1,2023-06-20T11:57:23+00:00
SAO_8194-10,São Paulo,3550308,True,,805,,,-23.455434500000003,-46.6937785,,,,1,2023-06-20T11:57:28+00:00
SAO_8194-10,São Paulo,3550308,True,,805,,,-23.46927075,-46.67708125,,,,1,2023-06-20T11:57:32+00:00
SAO_1722-10,São Paulo,3550308,True,,864,,,-23.482192,-46.672304,,,,1,2023-06-20T11:56:55+00:00
SAO_1722-10,São Paulo,3550308,True,,864,,,-23.478811999999998,-46.6014165,,,,1,2023-06-20T11:57:17+00:00
SAO_1722-10,São Paulo,3550308,True,,864,,,-23.4816705,-46.6731425,,,,1,2023-06-20T11:56:56+00:00
SAO_1722-10,São Paulo,3550308,True,,864,,,-23.456899,-46.586747,,,,1,2023-06-20T11:57:16+00:00
SAO_1722-10,São Paulo,3550308,True,,864,,,-23.478811999999998,-46.6014165,,,,1,2023-06-20T11:57:16+00:00
SAO_1722-10,São Paulo,3550308,True,,864,,,-23.46724125,-46.6421215,,,,1,2023-06-20T11:55:59+00:00
SAO_1722-10,São Paulo,3550308,True,,864,,,-23.45761225,-46.602693,,,,1,2023-06-20T11:55:01+00:00
SAO_1722-10,São Paulo,3550308,True,,864,,,-23.478602,-46.6012845,,,,1,2023-06-20T11:57:11+00:00
SAO_1722-10,São Paulo,3550308,True,,864,,,-23.46392925,-46.584494750000005,,,,1,2023-06-20T11:54:18+00:00
SAO_1722-10,São Paulo,3550308,True,,864,,,-23.475635500000003,-46.66432425000001,,,,1,2023-06-20T11:56:58+00:00
SAO_527R-10,São Paulo,3550308,True,,33039,,,-23.67485175,-46.6507965,,,,2,2023-06-20T11:57:26+00:00
SAO_527R-10,São Paulo,3550308,True,,33039,,,-23.674081,-46.6554425,,,,2,2023-06-20T11:57:01+00:00
SAO_527R-10,São Paulo,3550308,True,,33039,,,-23.65397075,-46.7077515,,,,2,2023-06-20T11:57:22+00:00
SAO_527R-10,São Paulo,3550308,True,,33039,,,-23.6733205,-46.686609000000004,,,,2,2023-06-20T11:57:30+00:00
SAO_707A-23,São Paulo,3550308,True,,2096,,,-23.665875,-46.7128965,,,,1,2023-06-20T11:57:02+00:00
SAO_707A-23,São Paulo,3550308,True,,2096,,,-23.62885825,-46.686011500000006,,,,1,2023-06-20T11:57:36+00:00
SAO_707A-23,São Paulo,3550308,True,,2096,,,-23.672179,-46.744133500000004,,,,1,2023-06-20T11:57:33+00:00
SAO_2704-10,São Paulo,3550308,True,,33684,,,-23.5236605,-46.418086,,,,2,2023-06-20T11:57:20+00:00
SAO_2704-10,São Paulo,3550308,True,,33684,,,-23.5259185,-46.409965,,,,2,2023-06-20T11:57:01+00:00
SAO_2704-10,São Paulo,3550308,True,,33684,,,-23.526239,-46.409855500000006,,,,2,2023-06-20T11:57:15+00:00
SAO_2704-10,São Paulo,3550308,True,,33684,,,-23.540350500000002,-46.4723945,,,,2,2023-06-20T11:56:46+00:00
SAO_2704-10,São Paulo,3550308,True,,33684,,,-23.5279305,-46.447353,,,,2,2023-06-20T11:57:12+00:00
SAO_4024-10,São Paulo,3550308,True,,2158,,,-23.542497,-46.44645375,,,,1,2023-06-20T11:56:53+00:00
SAO_4024-10,São Paulo,3550308,True,,2158,,,-23.557741999999998,-46.434186,,,,1,2023-06-20T11:55:29+00:00
SAO_4024-10,São Paulo,3550308,True,,2158,,,-23.56420875,-46.418126,,,,1,2023-06-20T11:56:56+00:00
SAO_4024-10,São Paulo,3550308,True,,2158,,,-23.534766,-46.4536175,,,,1,2023-06-20T11:57:03+00:00
SAO_4024-10,São Paulo,3550308,True,,2158,,,-23.534623500000002,-46.453379999999996,,,,1,2023-06-20T11:57:20+00:00
SAO_6450-10,São Paulo,3550308,True,,59,,,-23.64471425,-46.726479,,,,1,2023-06-20T11:57:29+00:00
SAO_6450-10,São Paulo,3550308,True,,59,,,-23.6448945,-46.745576,,,,1,2023-06-20T11:57:00+00:00
SAO_6450-10,São Paulo,3550308,True,,59,,,-23.549214,-46.6391015,,,,1,2023-06-20T11:57:29+00:00
SAO_6450-10,São Paulo,3550308,True,,59,,,-23.59641125,-46.67341025,,,,1,2023-06-20T11:57:36+00:00
SAO_6450-10,São Paulo,3550308,True,,59,,,-23.6517585,-46.75778675,,,,1,2023-06-20T11:56:57+00:00
SAO_6450-10,São Paulo,3550308,True,,59,,,-23.645986999999998,-46.70488925000001,,,,1,2023-06-20T11:57:39+00:00
SAO_6450-10,São Paulo,3550308,True,,59,,,-23.549253,-46.641041,,,,1,2023-06-20T11:57:29+00:00
SAO_6450-10,São Paulo,3550308,True,,59,,,-23.57027475,-46.66202125,,,,1,2023-06-20T11:57:08+00:00
SAO_6450-10,São Paulo,3550308,True,,59,,,-23.63036125,-46.69017075,,,,1,2023-06-20T11:57:34+00:00
SAO_274P-10,São Paulo,3550308,True,Grupo Vida,232,https://moovitapp.com/index/pt-br/transporte_p%C3%BAblico-line-232-Sao_Paulo-242-887112-748347-0,5.3,-23.589377499999998,-46.633944,,,,1,2023-06-20T11:57:01+00:00
SAO_274P-10,São Paulo,3550308,True,Grupo Vida,232,https://moovitapp.com/index/pt-br/transporte_p%C3%BAblico-line-232-Sao_Paulo-242-887112-748347-0,5.3,-23.5314755,-46.5591195,,,,1,2023-06-20T11:56:09+00:00
SAO_274P-10,São Paulo,3550308,True,Grupo Vida,232,https://moovitapp.com/index/pt-br/transporte_p%C3%BAblico-line-232-Sao_Paulo-242-887112-748347-0,5.3,-23.582804,-46.627515,,,,1,2023-06-20T11:57:02+00:00
SAO_274P-10,São Paulo,3550308,True,Grupo Vida,232,https://moovitapp.com/index/pt-br/transporte_p%C3%BAblico-line-232-Sao_Paulo-242-887112-748347-0,5.3,-23.544787499999998,-46.62136025,,,,1,2023-06-20T11:57:11+00:00
SAO_8014-10,São Paulo,3550308,True,,33569,,,-23.44624,-46.7890905,,,,2,2023-06-20T11:56:57+00:00
SAO_8014-10,São Paulo,3550308,True,,33569,,,-23.428677999999998,-46.793927,,,,2,2023-06-20T11:57:36+00:00
SAO_8014-10,São Paulo,3550308,True,,33569,,,-23.4457545,-46.789125999999996,,,,2,2023-06-20T11:57:02+00:00
SAO_8014-10,São Paulo,3550308,True,,33569,,,-23.404854,-46.742003624999995,,,,2,2023-06-20T11:57:14+00:00
SAO_8014-10,São Paulo,3550308,True,,33569,,,-23.4510405,-46.790953,,,,2,2023-06-20T11:57:16+00:00
SAO_8014-10,São Paulo,3550308,True,,33569,,,-23.431205187499998,-46.786984625,,,,2,2023-06-20T11:57:33+00:00
SAO_8014-10,São Paulo,3550308,True,,33569,,,-23.44624,-46.7890905,,,,2,2023-06-20T11:57:34+00:00
SAO_7411-10,São Paulo,3550308,True,,1376,,,-23.5525495,-46.7321755,,,,1,2023-06-20T11:56:59+00:00
SAO_7411-10,São Paulo,3550308,True,,1376,,,-23.549547125,-46.653091875,,,,1,2023-06-20T11:57:36+00:00
SAO_5025-10,São Paulo,3550308,True,,34332,,,-23.5976405,-46.560338,,,,2,2023-06-20T11:56:58+00:00
SAO_5025-10,São Paulo,3550308,True,,34332,,,-23.60857425,-46.54131325,,,,2,2023-06-20T11:57:14+00:00
SAO_5025-10,São Paulo,3550308,True,,34332,,,-23.607909,-46.540814999999995,,,,2,2023-06-20T11:57:04+00:00
SAO_5025-10,São Paulo,3550308,True,,34332,,,-23.604239624999998,-46.57817025,,,,2,2023-06-20T11:57:36+00:00
SAO_4491-10,São Paulo,3550308,True,,33095,,,-23.549784000000002,-46.628215,,,,2,2023-06-20T11:57:10+00:00
SAO_4491-10,São Paulo,3550308,True,,33095,,,-23.647584000000002,-46.6004335,,,,2,2023-06-20T11:57:16+00:00
SAO_4491-10,São Paulo,3550308,True,,33095,,,-23.61615425,-46.62741825,,,,2,2023-06-20T11:57:03+00:00
SAO_8542-21,São Paulo,3550308,True,,1361,,,-23.4899645,-46.6851225,,,,1,2023-06-20T11:56:56+00:00
SAO_8542-21,São Paulo,3550308,True,,1361,,,-23.4690915,-46.696009000000004,,,,1,2023-06-20T11:57:09+00:00
SAO_8542-21,São Paulo,3550308,True,,1361,,,-23.4705965,-46.677271000000005,,,,1,2023-06-20T11:57:17+00:00
SAO_6913-10,São Paulo,3550308,True,,1465,,,-23.599466,-46.673837250000005,,,,1,2023-06-20T11:57:31+00:00
SAO_6913-10,São Paulo,3550308,True,,1465,,,-23.767560000000003,-46.7161905,,,,1,2023-06-20T11:57:13+00:00
SAO_6913-10,São Paulo,3550308,True,,1465,,,-23.7582485,-46.7147595,,,,1,2023-06-20T11:57:17+00:00
SAO_6913-10,São Paulo,3550308,True,,1465,,,-23.68842275,-46.71454299999999,,,,1,2023-06-20T11:57:09+00:00
SAO_6913-10,São Paulo,3550308,True,,1465,,,-23.743885,-46.706757749999994,,,,1,2023-06-20T11:57:29+00:00
SAO_6913-10,São Paulo,3550308,True,,1465,,,-23.767560000000003,-46.7161905,,,,1,2023-06-20T11:55:50+00:00
SAO_6913-10,São Paulo,3550308,True,,1465,,,-23.6503890625,-46.7043493125,,,,1,2023-06-20T11:57:25+00:00
SAO_6913-10,São Paulo,3550308,True,,1465,,,-23.734923000000002,-46.698987,,,,1,2023-06-20T11:57:23+00:00
SAO_6913-10,São Paulo,3550308,True,,1465,,,-23.644592125000003,-46.700327,,,,1,2023-06-20T11:57:36+00:00
SAO_6913-10,São Paulo,3550308,True,,1465,,,-23.767560000000003,-46.7161905,,,,1,2023-06-20T11:57:29+00:00
SAO_6913-10,São Paulo,3550308,True,,1465,,,-23.6669665,-46.7119285,,,,1,2023-06-20T11:57:34+00:00
SAO_6913-10,São Paulo,3550308,True,,1465,,,-23.717583249999997,-46.703866500000004,,,,1,2023-06-20T11:57:36+00:00
SAO_6913-10,São Paulo,3550308,True,,1465,,,-23.57470325,-46.66798862500001,,,,1,2023-06-20T11:57:27+00:00
SAO_2710-10,São Paulo,3550308,True,,33692,,,-23.52483075,-46.490063750000004,,,,2,2023-06-20T11:57:09+00:00
SAO_2710-10,São Paulo,3550308,True,,33692,,,-23.5166985,-46.492201875,,,,2,2023-06-20T11:57:27+00:00
SAO_2710-10,São Paulo,3550308,True,,33692,,,-23.520772,-46.4973535,,,,2,2023-06-20T11:57:00+00:00
SAO_2710-10,São Paulo,3550308,True,,33692,,,-23.52529725,-46.490698249999994,,,,2,2023-06-20T11:57:00+00:00
SAO_2710-10,São Paulo,3550308,True,,33692,,,-23.529722,-46.500626,,,,2,2023-06-20T11:57:10+00:00
SAO_6291-10,São Paulo,3550308,True,EMTU,358,https://moovitapp.com/index/pt-br/transporte_p%C3%BAblico-line-358-Sao_Paulo-242-2038937-36419439-0,4.8,-23.58079,-46.683792,,,,1,2023-06-20T11:57:37+00:00
SAO_6291-10,São Paulo,3550308,True,EMTU,358,https://moovitapp.com/index/pt-br/transporte_p%C3%BAblico-line-358-Sao_Paulo-242-2038937-36419439-0,4.8,-23.644346,-46.767024500000005,,,,1,2023-06-20T11:57:06+00:00
SAO_6291-10,São Paulo,3550308,True,EMTU,358,https://moovitapp.com/index/pt-br/transporte_p%C3%BAblico-line-358-Sao_Paulo-242-2038937-36419439-0,4.8,-23.6375555,-46.7364215,,,,1,2023-06-20T11:57:00+00:00
SAO_6291-10,São Paulo,3550308,True,EMTU,358,https://moovitapp.com/index/pt-br/transporte_p%C3%BAblico-line-358-Sao_Paulo-242-2038937-36419439-0,4.8,-23.6171655,-46.712657,,,,1,2023-06-20T11:57:38+00:00
SAO_6291-10,São Paulo,3550308,True,EMTU,358,https://moovitapp.com/index/pt-br/transporte_p%C3%BAblico-line-358-Sao_Paulo-242-2038937-36419439-0,4.8,-23.643104500000003,-46.766739875,,,,1,2023-06-20T11:57:10+00:00
SAO_778J-10,São Paulo,3550308,True,EMTU,508,https://moovitapp.com/index/pt-br/transporte_p%C3%BAblico-line-508-Sao_Paulo-242-2038937-36419530-0,5.65,-23.536770750000002,-46.674214250000006,,,,1,2023-06-20T11:57:38+00:00
SAO_778J-10,São Paulo,3550308,True,EMTU,508,https://moovitapp.com/index/pt-br/transporte_p%C3%BAblico-line-508-Sao_Paulo-242-2038937-36419530-0,5.65,-23.592190249999998,-46.7865225,,,,1,2023-06-20T11:57:09+00:00
SAO_778J-10,São Paulo,3550308,True,EMTU,508,https://moovitapp.com/index/pt-br/transporte_p%C3%BAblico-line-508-Sao_Paulo-242-2038937-36419530-0,5.65,-23.5738925,-46.736498499999996,,,,1,2023-06-20T11:57:27+00:00
SAO_273N-10,São Paulo,3550308,True,,33158,,,-23.504463,-46.37860375,,,,2,2023-06-20T11:57:11+00:00
SAO_273N-10,São Paulo,3550308,True,,33158,,,-23.51526125,-46.498729,,,,2,2023-06-20T11:57:37+00:00
SAO_273N-10,São Paulo,3550308,True,,33158,,,-23.495142,-46.423301499999994,,,,2,2023-06-20T11:57:03+00:00
SAO_8622-10,São Paulo,3550308,True,,33206,,,-23.436309875,-46.79227,,,,2,2023-06-20T11:57:16+00:00
SAO_8622-10,São Paulo,3550308,True,,33206,,,-23.4463025,-46.7983075,,,,2,2023-06-20T11:57:33+00:00
SAO_8622-10,São Paulo,3550308,True,,33206,,,-23.547847500000003,-46.6420095,,,,2,2023-06-20T11:56:37+00:00
SAO_8622-10,São Paulo,3550308,True,,33206,,,-23.5318675,-46.660607,,,,2,2023-06-20T11:57:03+00:00
SAO_8622-10,São Paulo,3550308,True,,33206,,,-23.497001250000004,-46.75452825,,,,2,2023-06-20T11:57:14+00:00
SAO_5103-10,São Paulo,3550308,True,,34414,,,-23.603537,-46.6027055,,,,2,2023-06-20T11:57:13+00:00
SAO_5103-10,São Paulo,3550308,True,,34414,,,-23.6114965,-46.663571000000005,,,,2,2023-06-20T11:56:53+00:00
SAO_3021-10,São Paulo,3550308,True,,33044,,,-23.593019124999998,-46.512079375,,,,2,2023-06-20T11:57:30+00:00
SAO_3021-10,São Paulo,3550308,True,,33044,,,-23.584592999999998,-46.583017999999996,,,,2,2023-06-20T11:57:00+00:00
SAO_4032-10,São Paulo,3550308,True,,1102,,,-23.62098425,-46.634368374999994,,,,1,2023-06-20T11:57:22+00:00
SAO_4032-10,São Paulo,3550308,True,,1102,,,-23.6266995625,-46.6073843125,,,,1,2023-06-20T11:57:15+00:00
SAO_4032-10,São Paulo,3550308,True,,1102,,,-23.628401,-46.6002985,,,,1,2023-06-20T11:56:55+00:00
SAO_4032-10,São Paulo,3550308,True,,1102,,,-23.598979999999997,-46.6454615,,,,1,2023-06-20T11:57:11+00:00
SAO_4032-10,São Paulo,3550308,True,,1102,,,-23.598506999999998,-46.639347,,,,1,2023-06-20T11:57:05+00:00
SAO_172X-10,São Paulo,3550308,True,,33629,,,-23.52540775,-46.5625905,,,,2,2023-06-20T11:56:27+00:00
SAO_172X-10,São Paulo,3550308,True,,33629,,,-23.5190855,-46.558642,,,,2,2023-06-20T11:54:09+00:00
SAO_172X-10,São Paulo,3550308,True,,33629,,,-23.50426375,-46.565462249999996,,,,2,2023-06-20T11:56:19+00:00
SAO_172X-10,São Paulo,3550308,True,,33629,,,-23.516526,-46.56781,,,,2,2023-06-20T11:56:56+00:00
SAO_172X-10,São Paulo,3550308,True,,33629,,,-23.50426375,-46.565462249999996,,,,2,2023-06-20T11:57:06+00:00
SAO_172X-10,São Paulo,3550308,True,,33629,,,-23.504231249999997,-46.56582875,,,,2,2023-06-20T11:56:55+00:00
SAO_172X-10,São Paulo,3550308,True,,33629,,,-23.539935999999997,-46.577504,,,,2,2023-06-20T11:57:10+00:00
SAO_172X-10,São Paulo,3550308,True,,33629,,,-23.504942874999998,-46.566456124999995,,,,2,2023-06-20T11:57:15+00:00
SAO_172X-10,São Paulo,3550308,True,,33629,,,-23.50426375,-46.565462249999996,,,,2,2023-06-20T11:57:00+00:00
SAO_875C-1,São Paulo,3550308,True,,2510,,,-23.597024249999997,-46.65053575,,,,1,2023-06-20T11:57:12+00:00
SAO_875C-1,São Paulo,3550308,True,,2510,,,-23.5719435,-46.6903585,,,,1,2023-06-20T11:57:23+00:00
SAO_189L-10,São Paulo,3550308,True,,35218,,,-23.486798999999998,-46.7106505,,,,2,2023-06-20T11:57:35+00:00
SAO_189L-10,São Paulo,3550308,True,,35218,,,-23.487222250000002,-46.7106,,,,2,2023-06-20T11:57:18+00:00
SAO_189L-10,São Paulo,3550308,True,,35218,,,-23.5011145,-46.7063615,,,,2,2023-06-20T11:57:37+00:00
SAO_189L-10,São Paulo,3550308,True,,35218,,,-23.51816525,-46.70211325,,,,2,2023-06-20T11:57:21+00:00
SAO_189L-10,São Paulo,3550308,True,,35218,,,-23.494436999999998,-46.708714,,,,2,2023-06-20T11:57:14+00:00
SAO_5110-10,São Paulo,3550308,True,,34977,,,-23.59915775,-46.53111525,,,,2,2023-06-20T11:57:27+00:00
SAO_5110-10,São Paulo,3550308,True,,34977,,,-23.61246875,-46.48808525,,,,2,2023-06-20T11:56:55+00:00
SAO_5110-10,São Paulo,3550308,True,,34977,,,-23.58297475,-46.5681515,,,,2,2023-06-20T11:57:20+00:00
SAO_5110-10,São Paulo,3550308,True,,34977,,,-23.547036,-46.628932,,,,2,2023-06-20T11:56:53+00:00
SAO_5110-10,São Paulo,3550308,True,,34977,,,-23.613355,-46.476290500000005,,,,2,2023-06-20T11:57:26+00:00
SAO_5110-10,São Paulo,3550308,True,,34977,,,-23.6141145,-46.476496999999995,,,,2,2023-06-20T11:57:30+00:00
SAO_5110-10,São Paulo,3550308,True,,34977,,,-23.6131485,-46.4762315,,,,2,2023-06-20T11:57:25+00:00
SAO_5110-10,São Paulo,3550308,True,,34977,,,-23.547036,-46.628932,,,,2,2023-06-20T11:56:54+00:00
SAO_5110-10,São Paulo,3550308,True,,34977,,,-23.549293000000002,-46.627652,,,,2,2023-06-20T11:57:16+00:00
SAO_5110-10,São Paulo,3550308,True,,34977,,,-23.6137635,-46.4764045,,,,2,2023-06-20T11:56:59+00:00
SAO_938V-10,São Paulo,3550308,True,,33581,,,-23.4527645,-46.6849925,,,,2,2023-06-20T11:57:32+00:00
SAO_938V-10,São Paulo,3550308,True,,33581,,,-23.452903499999998,-46.6846385,,,,2,2023-06-20T11:57:07+00:00
SAO_938V-10,São Paulo,3550308,True,,33581,,,-23.4527645,-46.6849925,,,,2,2023-06-20T11:57:05+00:00
SAO_938V-10,São Paulo,3550308,True,,33581,,,-23.49129825,-46.6948755,,,,2,2023-06-20T11:57:17+00:00
SAO_938V-10,São Paulo,3550308,True,,33581,,,-23.452688,-46.6852305,,,,2,2023-06-20T11:57:30+00:00
SAO_938V-10,São Paulo,3550308,True,,33581,,,-23.452824999999997,-46.6848085,,,,2,2023-06-20T11:57:29+00:00
SAO_938V-10,São Paulo,3550308,True,,33581,,,-23.4509365,-46.683104125,,,,2,2023-06-20T11:57:29+00:00
SAO_938V-10,São Paulo,3550308,True,,33581,,,-23.4511375,-46.686924,,,,2,2023-06-20T11:57:05+00:00
SAO_938V-10,São Paulo,3550308,True,,33581,,,-23.452688,-46.6852305,,,,2,2023-06-20T11:57:26+00:00
SAO_938V-10,São Paulo,3550308,True,,33581,,,-23.5227275,-46.701438874999994,,,,2,2023-06-20T11:56:51+00:00
SAO_1778-10,São Paulo,3550308,True,,34557,,,-23.467172,-46.56877125,,,,2,2023-06-20T11:57:02+00:00
SAO_1778-10,São Paulo,3550308,True,,34557,,,-23.46831725,-46.60394062499999,,,,2,2023-06-20T11:57:00+00:00
SAO_209P-1,São Paulo,3550308,True,,35069,,,-23.473060250000003,-46.6701395,,,,2,2023-06-20T11:57:09+00:00
SAO_209P-1,São Paulo,3550308,True,,35069,,,-23.5246975,-46.669323000000006,,,,2,2023-06-20T11:55:15+00:00
SAO_209P-1,São Paulo,3550308,True,,35069,,,-23.551157500000002,-46.6774895,,,,2,2023-06-20T11:57:11+00:00
SAO_209P-1,São Paulo,3550308,True,,35069,,,-23.566739,-46.701646999999994,,,,2,2023-06-20T11:57:23+00:00
SAO_2202-10,São Paulo,3550308,True,Urubupungá,910,https://moovitapp.com/index/pt-br/transporte_p%C3%BAblico-line-910-Sao_Paulo-242-873835-496471-0,4.6,-23.518085499999998,-46.401287749999995,,,,1,2023-06-20T11:57:21+00:00
SAO_2202-10,São Paulo,3550308,True,Urubupungá,910,https://moovitapp.com/index/pt-br/transporte_p%C3%BAblico-line-910-Sao_Paulo-242-873835-496471-0,4.6,-23.488201,-46.382996500000004,,,,1,2023-06-20T11:57:06+00:00
SAO_2202-10,São Paulo,3550308,True,Urubupungá,910,https://moovitapp.com/index/pt-br/transporte_p%C3%BAblico-line-910-Sao_Paulo-242-873835-496471-0,4.6,-23.539548500000002,-46.4082395,,,,1,2023-06-20T11:51:28+00:00
SAO_2202-10,São Paulo,3550308,True,Urubupungá,910,https://moovitapp.com/index/pt-br/transporte_p%C3%BAblico-line-910-Sao_Paulo-242-873835-496471-0,4.6,-23.5412365,-46.410338499999995,,,,1,2023-06-20T11:56:13+00:00
SAO_2202-10,São Paulo,3550308,True,Urubupungá,910,https://moovitapp.com/index/pt-br/transporte_p%C3%BAblico-line-910-Sao_Paulo-242-873835-496471-0,4.6,-23.520346500000002,-46.3997875,,,,1,2023-06-20T11:57:11+00:00
SAO_2202-10,São Paulo,3550308,True,Urubupungá,910,https://moovitapp.com/index/pt-br/transporte_p%C3%BAblico-line-910-Sao_Paulo-242-873835-496471-0,4.6,-23.488201,-46.382996500000004,,,,1,2023-06-20T11:56:57+00:00
SAO_2202-10,São Paulo,3550308,True,Urubupungá,910,https://moovitapp.com/index/pt-br/transporte_p%C3%BAblico-line-910-Sao_Paulo-242-873835-496471-0,4.6,-23.5344805,-46.4000855,,,,1,2023-06-20T11:57:04+00:00
SAO_2202-10,São Paulo,3550308,True,Urubupungá,910,https://moovitapp.com/index/pt-br/transporte_p%C3%BAblico-line-910-Sao_Paulo-242-873835-496471-0,4.6,-23.488201,-46.382996500000004,,,,1,2023-06-20T11:57:35+00:00
SAO_2202-10,São Paulo,3550308,True,Urubupungá,910,https://moovitapp.com/index/pt-br/transporte_p%C3%BAblico-line-910-Sao_Paulo-242-873835-496471-0,4.6,-23.488201,-46.382996500000004,,,,1,2023-06-20T11:57:23+00:00
SAO_2202-10,São Paulo,3550308,True,Urubupungá,910,https://moovitapp.com/index/pt-br/transporte_p%C3%BAblico-line-910-Sao_Paulo-242-873835-496471-0,4.6,-23.493138249999998,-46.388960624999996,,,,1,2023-06-20T11:57:18+00:00
SAO_2202-10,São Paulo,3550308,True,Urubupungá,910,https://moovitapp.com/index/pt-br/transporte_p%C3%BAblico-line-910-Sao_Paulo-242-873835-496471-0,4.6,-23.520153,-46.399834,,,,1,2023-06-20T11:57:08+00:00
SAO_2202-10,São Paulo,3550308,True,Urubupungá,910,https://moovitapp.com/index/pt-br/transporte_p%C3%BAblico-line-910-Sao_Paulo-242-873835-496471-0,4.6,-23.5156545,-46.4029025,,,,1,2023-06-20T11:57:17+00:00
SAO_2202-10,São Paulo,3550308,True,Urubupungá,910,https://moovitapp.com/index/pt-br/transporte_p%C3%BAblico-line-910-Sao_Paulo-242-873835-496471-0,4.6,-23.4943755,-46.4039005,,,,1,2023-06-20T11:57:15+00:00
SAO_2202-10,São Paulo,3550308,True,Urubupungá,910,https://moovitapp.com/index/pt-br/transporte_p%C3%BAblico-line-910-Sao_Paulo-242-873835-496471-0,4.6,-23.4955055,-46.3911215,,,,1,2023-06-20T11:57:25+00:00
SAO_2202-10,São Paulo,3550308,True,Urubupungá,910,https://moovitapp.com/index/pt-br/transporte_p%C3%BAblico-line-910-Sao_Paulo-242-873835-496471-0,4.6,-23.487839,-46.381974,,,,1,2023-06-20T11:57:18+00:00
SAO_2202-10,São Paulo,3550308,True,Urubupungá,910,https://moovitapp.com/index/pt-br/transporte_p%C3%BAblico-line-910-Sao_Paulo-242-873835-496471-0,4.6,-23.4944385,-46.39990400000001,,,,1,2023-06-20T11:57:19+00:00
SAO_5300-10,São Paulo,3550308,True,,33122,,,-23.547731,-46.6300275,,,,2,2023-06-20T11:57:08+00:00
SAO_5300-10,São Paulo,3550308,True,,33122,,,-23.547731,-46.6300275,,,,2,2023-06-20T11:57:30+00:00
SAO_5300-10,São Paulo,3550308,True,,33122,,,-23.547731,-46.6300275,,,,2,2023-06-20T11:57:34+00:00
SAO_5300-10,São Paulo,3550308,True,,33122,,,-23.591874,-46.6517115,,,,2,2023-06-20T11:57:26+00:00
SAO_5300-10,São Paulo,3550308,True,,33122,,,-23.547731,-46.6300275,,,,2,2023-06-20T11:57:35+00:00
SAO_5300-10,São Paulo,3550308,True,,33122,,,-23.617873,-46.675702,,,,2,2023-06-20T11:56:59+00:00
SAO_5300-10,São Paulo,3550308,True,,33122,,,-23.5593225,-46.639075000000005,,,,2,2023-06-20T11:57:31+00:00
SAO_5300-10,São Paulo,3550308,True,,33122,,,-23.654038,-46.708869500000006,,,,2,2023-06-20T11:57:26+00:00
SAO_5300-10,São Paulo,3550308,True,,33122,,,-23.547731,-46.6300275,,,,2,2023-06-20T11:57:05+00:00
SAO_3728-10,São Paulo,3550308,True,,33793,,,-23.570691500000002,-46.4907405,,,,2,2023-06-20T11:57:22+00:00
SAO_3728-10,São Paulo,3550308,True,,33793,,,-23.542378,-46.48379425,,,,2,2023-06-20T11:57:08+00:00
SAO_3728-10,São Paulo,3550308,True,,33793,,,-23.5593935,-46.487684,,,,2,2023-06-20T11:57:02+00:00
SAO_3728-10,São Paulo,3550308,True,,33793,,,-23.5498845,-46.487272000000004,,,,2,2023-06-20T11:56:57+00:00
SAO_3728-10,São Paulo,3550308,True,,33793,,,-23.542244,-46.483686,,,,2,2023-06-20T11:57:04+00:00
SAO_3728-10,São Paulo,3550308,True,,33793,,,-23.547242625000003,-46.4860455,,,,2,2023-06-20T11:56:56+00:00
SAO_6812-10,São Paulo,3550308,True,,34010,,,-23.73174025,-46.790021,,,,2,2023-06-20T11:57:28+00:00
SAO_6812-10,São Paulo,3550308,True,,34010,,,-23.73195075,-46.790341,,,,2,2023-06-20T11:57:02+00:00
SAO_6812-10,São Paulo,3550308,True,,34010,,,-23.6518665,-46.702183500000004,,,,2,2023-06-20T11:57:12+00:00
SAO_6812-10,São Paulo,3550308,True,,34010,,,-23.729594999999996,-46.788745750000004,,,,2,2023-06-20T11:56:56+00:00
SAO_6812-10,São Paulo,3550308,True,,34010,,,-23.693067,-46.778766,,,,2,2023-06-20T11:57:27+00:00
SAO_2010-10,São Paulo,3550308,True,,2104,,,-23.4998845,-46.623764249999994,,,,1,2023-06-20T11:56:52+00:00
SAO_2010-10,São Paulo,3550308,True,,2104,,,-23.522845,-46.6242405,,,,1,2023-06-20T11:57:12+00:00
SAO_2010-10,São Paulo,3550308,True,,2104,,,-23.49969,-46.6018525,,,,1,2023-06-20T11:57:20+00:00
SAO_2010-10,São Paulo,3550308,True,,2104,,,-23.4825175,-46.570758,,,,1,2023-06-20T11:54:23+00:00
SAO_8002-10,São Paulo,3550308,True,,1252,,,-23.504752125,-46.73994075,,,,1,2023-06-20T11:57:17+00:00
SAO_8002-10,São Paulo,3550308,True,,1252,,,-23.4868015,-46.726492,,,,1,2023-06-20T11:57:33+00:00
SAO_8002-10,São Paulo,3550308,True,,1252,,,-23.4868015,-46.726492,,,,1,2023-06-20T11:57:03+00:00
SAO_8002-10,São Paulo,3550308,True,,1252,,,-23.520041499999998,-46.700201,,,,1,2023-06-20T11:57:07+00:00
SAO_9032-21,São Paulo,3550308,True,,34583,,,-23.4749165,-46.6693955,,,,2,2023-06-20T11:57:00+00:00
SAO_9032-21,São Paulo,3550308,True,,34583,,,-23.473204,-46.671903,,,,2,2023-06-20T11:57:10+00:00
SAO_7022-10,São Paulo,3550308,True,,2084,,,-23.653948,-46.71043675,,,,1,2023-06-20T11:56:59+00:00
SAO_7022-10,São Paulo,3550308,True,,2084,,,-23.6636725,-46.7077935,,,,1,2023-06-20T11:56:31+00:00
SAO_7022-10,São Paulo,3550308,True,,2084,,,-23.670106999999998,-46.76327475,,,,1,2023-06-20T11:56:57+00:00
SAO_7022-10,São Paulo,3550308,True,,2084,,,-23.667810000000003,-46.731027499999996,,,,1,2023-06-20T11:57:10+00:00
SAO_233C-10,São Paulo,3550308,True,,155,,,-23.556653750000002,-46.55366875,,,,1,2023-06-20T11:57:05+00:00
SAO_233C-10,São Paulo,3550308,True,,155,,,-23.532209,-46.48644,,,,1,2023-06-20T11:56:42+00:00
SAO_233C-10,São Paulo,3550308,True,,155,,,-23.523995749999997,-46.47512025,,,,1,2023-06-20T11:57:35+00:00
SAO_233C-10,São Paulo,3550308,True,,155,,,-23.55451525,-46.515643749999995,,,,1,2023-06-20T11:57:19+00:00
SAO_1743-10,São Paulo,3550308,True,,33311,,,-23.456415,-46.667734499999995,,,,2,2023-06-20T11:57:35+00:00
SAO_1743-10,São Paulo,3550308,True,,33311,,,-23.456181,-46.667799,,,,2,2023-06-20T11:57:22+00:00
SAO_1743-10,São Paulo,3550308,True,,33311,,,-23.4990315,-46.6251185,,,,2,2023-06-20T11:57:26+00:00
SAO_971X-10,São Paulo,3550308,True,,34463,,,-23.4752765,-46.6688805,,,,2,2023-06-20T11:57:37+00:00
SAO_971X-10,São Paulo,3550308,True,,34463,,,-23.477634000000002,-46.671601499999994,,,,2,2023-06-20T11:57:35+00:00
SAO_971X-10,São Paulo,3550308,True,,34463,,,-23.4797485,-46.659144,,,,2,2023-06-20T11:51:17+00:00
SAO_971X-10,São Paulo,3550308,True,,34463,,,-23.475228,-46.670387000000005,,,,2,2023-06-20T11:57:33+00:00
SAO_971X-10,São Paulo,3550308,True,,34463,,,-23.50308,-46.6253845,,,,2,2023-06-20T11:57:03+00:00
SAO_971X-10,São Paulo,3550308,True,,34463,,,-23.474981,-46.67017,,,,2,2023-06-20T11:57:21+00:00
SAO_971X-10,São Paulo,3550308,True,,34463,,,-23.474333,-46.667280500000004,,,,2,2023-06-20T11:57:25+00:00
SAO_971X-10,São Paulo,3550308,True,,34463,,,-23.495598,-46.644072,,,,2,2023-06-20T11:57:14+00:00
SAO_971X-10,São Paulo,3550308,True,,34463,,,-23.4752765,-46.6688805,,,,2,2023-06-20T11:56:59+00:00
SAO_6055-10,São Paulo,3550308,True,,33914,,,-23.754978,-46.709182999999996,,,,2,2023-06-20T11:57:21+00:00
SAO_6055-10,São Paulo,3550308,True,,33914,,,-23.669695375000003,-46.67798275,,,,2,2023-06-20T11:57:04+00:00
SAO_6055-10,São Paulo,3550308,True,,33914,,,-23.755201,-46.709228499999995,,,,2,2023-06-20T11:57:37+00:00
SAO_6055-10,São Paulo,3550308,True,,33914,,,-23.683536,-46.6912135,,,,2,2023-06-20T11:57:20+00:00
SAO_5614-10,São Paulo,3550308,True,,1515,,,-23.58749675,-46.65236775,,,,1,2023-06-20T11:56:59+00:00
SAO_5614-10,São Paulo,3550308,True,,1515,,,-23.631880250000002,-46.66903225,,,,1,2023-06-20T11:56:52+00:00
SAO_5614-10,São Paulo,3550308,True,,1515,,,-23.6969595,-46.673978000000005,,,,1,2023-06-20T11:57:04+00:00
SAO_5614-10,São Paulo,3550308,True,,1515,,,-23.7034035,-46.625357,,,,1,2023-06-20T11:57:10+00:00
SAO_3778-10,São Paulo,3550308,True,,33830,,,-23.54875,-46.537158500000004,,,,2,2023-06-20T11:57:31+00:00
SAO_3778-10,São Paulo,3550308,True,,33830,,,-23.571398499999997,-46.490122,,,,2,2023-06-20T11:57:37+00:00
SAO_3778-10,São Paulo,3550308,True,,33830,,,-23.5659271875,-46.5121084375,,,,2,2023-06-20T11:57:35+00:00
SAO_3778-10,São Paulo,3550308,True,,33830,,,-23.5699735,-46.486311,,,,2,2023-06-20T11:56:58+00:00
SAO_3778-10,São Paulo,3550308,True,,33830,,,-23.570103,-46.486686,,,,2,2023-06-20T11:55:34+00:00
SAO_3732-10,São Paulo,3550308,True,,33797,,,-23.551948624999998,-46.43654475,,,,2,2023-06-20T11:57:33+00:00
SAO_3732-10,São Paulo,3550308,True,,33797,,,-23.539782,-46.43157,,,,2,2023-06-20T11:57:14+00:00
SAO_3732-10,São Paulo,3550308,True,,33797,,,-23.5396435,-46.451268,,,,2,2023-06-20T11:57:38+00:00
SAO_3732-10,São Paulo,3550308,True,,33797,,,-23.5430545,-46.470682999999994,,,,2,2023-06-20T11:57:08+00:00
SAO_3732-10,São Paulo,3550308,True,,33797,,,-23.53953775,-46.4333005,,,,2,2023-06-20T11:57:17+00:00
SAO_175P-10,São Paulo,3550308,True,,675,,,-23.568305875,-46.648278250000004,,,,1,2023-06-20T11:57:33+00:00
SAO_175P-10,São Paulo,3550308,True,,675,,,-23.508050500000003,-46.655107,,,,1,2023-06-20T11:56:37+00:00
SAO_175P-10,São Paulo,3550308,True,,675,,,-23.50298,-46.642218,,,,1,2023-06-20T11:56:55+00:00
SAO_175P-10,São Paulo,3550308,True,,675,,,-23.526713,-46.665585,,,,1,2023-06-20T11:57:26+00:00
SAO_175P-10,São Paulo,3550308,True,,675,,,-23.579513499999997,-46.63972375,,,,1,2023-06-20T11:57:28+00:00
SAO_175P-10,São Paulo,3550308,True,,675,,,-23.5863984375,-46.6361194375,,,,1,2023-06-20T11:57:02+00:00
SAO_5164-41,São Paulo,3550308,True,,34385,,,-23.652524,-46.6463865,,,,2,2023-06-20T11:56:59+00:00
SAO_5164-41,São Paulo,3550308,True,,34385,,,-23.630306500000003,-46.635454749999994,,,,2,2023-06-20T11:57:13+00:00
SAO_2058-10,São Paulo,3550308,True,,259,,,-23.541515500000003,-46.4163375,,,,1,2023-06-20T11:55:29+00:00
SAO_2058-10,São Paulo,3550308,True,,259,,,-23.52098575,-46.399708000000004,,,,1,2023-06-20T11:56:52+00:00
SAO_2058-10,São Paulo,3550308,True,,259,,,-23.4952525,-46.43242,,,,1,2023-06-20T11:57:28+00:00
SAO_6091-10,São Paulo,3550308,True,,33943,,,-23.862353499999998,-46.712526,,,,2,2023-06-20T11:57:22+00:00
SAO_6091-10,São Paulo,3550308,True,,33943,,,-23.8592085,-46.710275499999995,,,,2,2023-06-20T11:57:21+00:00
SAO_6091-10,São Paulo,3550308,True,,33943,,,-23.8623725,-46.713284,,,,2,2023-06-20T11:57:16+00:00
SAO_6091-10,São Paulo,3550308,True,,33943,,,-23.7264145,-46.699558249999995,,,,2,2023-06-20T11:57:26+00:00
SAO_6091-10,São Paulo,3550308,True,,33943,,,-23.842793,-46.7175285,,,,2,2023-06-20T11:57:07+00:00
SAO_6091-10,São Paulo,3550308,True,,33943,,,-23.862347500000002,-46.712974,,,,2,2023-06-20T11:57:08+00:00
SAO_6091-10,São Paulo,3550308,True,,33943,,,-23.654212,-46.711248999999995,,,,2,2023-06-20T11:57:16+00:00
SAO_1034-10,São Paulo,3550308,True,,35220,,,-23.4704835,-46.7104185,,,,2,2023-06-20T11:57:36+00:00
SAO_1034-10,São Paulo,3550308,True,,35220,,,-23.47114175,-46.71015375,,,,2,2023-06-20T11:57:18+00:00
SAO_1034-10,São Paulo,3550308,True,,35220,,,-23.47083525,-46.71026325,,,,2,2023-06-20T11:57:30+00:00
SAO_1034-10,São Paulo,3550308,True,,35220,,,-23.47083525,-46.71026325,,,,2,2023-06-20T11:56:56+00:00
SAO_8060-10,São Paulo,3550308,True,,33186,,,-23.520587,-46.7208215,,,,2,2023-06-20T11:57:24+00:00
SAO_8060-10,São Paulo,3550308,True,,33186,,,-23.50283475,-46.760608500000004,,,,2,2023-06-20T11:57:16+00:00
SAO_8060-10,São Paulo,3550308,True,,33186,,,-23.519959,-46.700407999999996,,,,2,2023-06-20T11:57:29+00:00
SAO_8060-10,São Paulo,3550308,True,,33186,,,-23.5107605,-46.756385,,,,2,2023-06-20T11:57:01+00:00
SAO_3459-10,São Paulo,3550308,True,EMTU,402,https://moovitapp.com/index/pt-br/transporte_p%C3%BAblico-line-402-Sao_Paulo-242-2038937-36419464-0,3.7,-23.506049,-46.388675000000006,,,,1,2023-06-20T11:57:26+00:00
SAO_3459-10,São Paulo,3550308,True,EMTU,402,https://moovitapp.com/index/pt-br/transporte_p%C3%BAblico-line-402-Sao_Paulo-242-2038937-36419464-0,3.7,-23.55141675,-46.60907949999999,,,,1,2023-06-20T11:57:30+00:00
SAO_3459-10,São Paulo,3550308,True,EMTU,402,https://moovitapp.com/index/pt-br/transporte_p%C3%BAblico-line-402-Sao_Paulo-242-2038937-36419464-0,3.7,-23.5473415,-46.629296499999995,,,,1,2023-06-20T11:57:17+00:00
SAO_3459-10,São Paulo,3550308,True,EMTU,402,https://moovitapp.com/index/pt-br/transporte_p%C3%BAblico-line-402-Sao_Paulo-242-2038937-36419464-0,3.7,-23.5342785,-46.545298124999995,,,,1,2023-06-20T11:57:18+00:00
SAO_3459-10,São Paulo,3550308,True,EMTU,402,https://moovitapp.com/index/pt-br/transporte_p%C3%BAblico-line-402-Sao_Paulo-242-2038937-36419464-0,3.7,-23.4948755,-46.442963500000005,,,,1,2023-06-20T11:57:28+00:00
SAO_3459-10,São Paulo,3550308,True,EMTU,402,https://moovitapp.com/index/pt-br/transporte_p%C3%BAblico-line-402-Sao_Paulo-242-2038937-36419464-0,3.7,-23.52137475,-46.51627125,,,,1,2023-06-20T11:57:01+00:00
SAO_3459-10,São Paulo,3550308,True,EMTU,402,https://moovitapp.com/index/pt-br/transporte_p%C3%BAblico-line-402-Sao_Paulo-242-2038937-36419464-0,3.7,-23.509898,-46.443432,,,,1,2023-06-20T11:57:29+00:00
SAO_3459-10,São Paulo,3550308,True,EMTU,402,https://moovitapp.com/index/pt-br/transporte_p%C3%BAblico-line-402-Sao_Paulo-242-2038937-36419464-0,3.7,-23.494825,-46.406887,,,,1,2023-06-20T11:57:35+00:00
SAO_3459-10,São Paulo,3550308,True,EMTU,402,https://moovitapp.com/index/pt-br/transporte_p%C3%BAblico-line-402-Sao_Paulo-242-2038937-36419464-0,3.7,-23.4939675,-46.418613500000006,,,,1,2023-06-20T11:57:21+00:00
SAO_3459-10,São Paulo,3550308,True,EMTU,402,https://moovitapp.com/index/pt-br/transporte_p%C3%BAblico-line-402-Sao_Paulo-242-2038937-36419464-0,3.7,-23.513734,-46.448208750000006,,,,1,2023-06-20T11:57:06+00:00
SAO_3731-10,São Paulo,3550308,True,,33796,,,-23.565974500000003,-46.5075115,,,,2,2023-06-20T11:57:20+00:00
SAO_3731-10,São Paulo,3550308,True,,33796,,,-23.539182500000003,-46.51704,,,,2,2023-06-20T11:57:30+00:00
SAO_3731-10,São Paulo,3550308,True,,33796,,,-23.5633835,-46.501695,,,,2,2023-06-20T11:56:58+00:00
SAO_3731-10,São Paulo,3550308,True,,33796,,,-23.552437,-46.5123945,,,,2,2023-06-20T11:57:25+00:00
SAO_3731-10,São Paulo,3550308,True,,33796,,,-23.5452085,-46.51539,,,,2,2023-06-20T11:57:15+00:00
SAO_3731-10,São Paulo,3550308,True,,33796,,,-23.538997000000002,-46.5171695,,,,2,2023-06-20T11:56:57+00:00
SAO_3731-10,São Paulo,3550308,True,,33796,,,-23.538997000000002,-46.5171695,,,,2,2023-06-20T11:57:18+00:00
SAO_4729-10,São Paulo,3550308,True,,1108,,,-23.592361,-46.5136425,,,,1,2023-06-20T11:57:15+00:00
SAO_4729-10,São Paulo,3550308,True,,1108,,,-23.5468075,-46.583911125,,,,1,2023-06-20T11:57:35+00:00
SAO_4729-10,São Paulo,3550308,True,,1108,,,-23.575366125000002,-46.55310425,,,,1,2023-06-20T11:57:33+00:00
SAO_9005-41,São Paulo,3550308,True,,1440,,,-23.4529145,-46.675351,,,,1,2023-06-20T11:56:47+00:00
SAO_2712-10,São Paulo,3550308,True,,33694,,,-23.5268035,-46.478916999999996,,,,2,2023-06-20T11:57:01+00:00
SAO_2712-10,São Paulo,3550308,True,,33694,,,-23.530440875000004,-46.4783795,,,,2,2023-06-20T11:57:11+00:00
SAO_2712-10,São Paulo,3550308,True,,33694,,,-23.5268035,-46.478916999999996,,,,2,2023-06-20T11:57:20+00:00
SAO_4222-10,São Paulo,3550308,True,,33056,,,-23.576575624999997,-46.592876499999996,,,,2,2023-06-20T11:57:20+00:00
SAO_4222-10,São Paulo,3550308,True,,33056,,,-23.6143715,-46.512184000000005,,,,2,2023-06-20T11:57:22+00:00
SAO_573T-10,São Paulo,3550308,True,,1632,,,-23.5692205,-46.508645,,,,1,2023-06-20T11:57:20+00:00
SAO_573T-10,São Paulo,3550308,True,,1632,,,-23.538655499999997,-46.564793,,,,1,2023-06-20T11:57:18+00:00
SAO_573T-10,São Paulo,3550308,True,,1632,,,-23.605718,-46.48736525,,,,1,2023-06-20T11:57:17+00:00
SAO_573T-10,São Paulo,3550308,True,,1632,,,-23.6023905,-46.491066,,,,1,2023-06-20T11:56:56+00:00
SAO_573T-10,São Paulo,3550308,True,,1632,,,-23.5431985,-46.564817,,,,1,2023-06-20T11:57:36+00:00
SAO_573T-10,São Paulo,3550308,True,,1632,,,-23.596009375,-46.488282125,,,,1,2023-06-20T11:57:18+00:00
SAO_573T-10,São Paulo,3550308,True,,1632,,,-23.6142225,-46.500998499999994,,,,1,2023-06-20T11:57:28+00:00
SAO_573T-10,São Paulo,3550308,True,,1632,,,-23.548418749999996,-46.53788350000001,,,,1,2023-06-20T11:57:18+00:00
SAO_573T-10,São Paulo,3550308,True,,1632,,,-23.614589000000002,-46.501826,,,,1,2023-06-20T11:57:25+00:00
SAO_573T-10,São Paulo,3550308,True,,1632,,,-23.538576,-46.564368,,,,1,2023-06-20T11:57:38+00:00
SAO_1702-10,São Paulo,3550308,True,,846,,,-23.442846,-46.57655,,,,1,2023-06-20T11:56:58+00:00
SAO_1702-10,São Paulo,3550308,True,,846,,,-23.486039499999997,-46.6050195,,,,1,2023-06-20T11:57:36+00:00
SAO_1702-10,São Paulo,3550308,True,,846,,,-23.442846,-46.57655,,,,1,2023-06-20T11:57:37+00:00
SAO_1702-10,São Paulo,3550308,True,,846,,,-23.480142,-46.599883500000004,,,,1,2023-06-20T11:57:28+00:00
SAO_1702-10,São Paulo,3550308,True,,846,,,-23.513296,-46.6251845,,,,1,2023-06-20T11:57:01+00:00
SAO_1702-10,São Paulo,3550308,True,,846,,,-23.504861374999997,-46.624694625000004,,,,1,2023-06-20T11:57:15+00:00
SAO_1702-10,São Paulo,3550308,True,,846,,,-23.442846,-46.57655,,,,1,2023-06-20T11:57:22+00:00
SAO_1702-10,São Paulo,3550308,True,,846,,,-23.44890425,-46.5738635,,,,1,2023-06-20T11:57:38+00:00
SAO_1702-10,São Paulo,3550308,True,,846,,,-23.46398175,-46.58406825,,,,1,2023-06-20T11:57:15+00:00
SAO_1702-10,São Paulo,3550308,True,,846,,,-23.442846,-46.57655,,,,1,2023-06-20T11:57:18+00:00
SAO_1702-10,São Paulo,3550308,True,,846,,,-23.442846,-46.57655,,,,1,2023-06-20T11:57:31+00:00
SAO_1702-10,São Paulo,3550308,True,,846,,,-23.525280000000002,-46.62555375,,,,1,2023-06-20T11:57:34+00:00
SAO_1702-10,São Paulo,3550308,True,,846,,,-23.466220625,-46.583831125,,,,1,2023-06-20T11:57:25+00:00
SAO_917H-10,São Paulo,3550308,True,,33224,,,-23.5590385,-46.659078,,,,2,2023-06-20T11:57:21+00:00
SAO_917H-10,São Paulo,3550308,True,,33224,,,-23.4866745,-46.725972999999996,,,,2,2023-06-20T11:57:36+00:00
SAO_917H-10,São Paulo,3550308,True,,33224,,,-23.4954515,-46.746051125,,,,2,2023-06-20T11:57:24+00:00
SAO_917H-10,São Paulo,3550308,True,,33224,,,-23.589511,-46.6342965,,,,2,2023-06-20T11:56:59+00:00
SAO_917H-10,São Paulo,3550308,True,,33224,,,-23.5466355,-46.69045,,,,2,2023-06-20T11:57:25+00:00
SAO_917H-10,São Paulo,3550308,True,,33224,,,-23.589511,-46.6342965,,,,2,2023-06-20T11:57:27+00:00
SAO_917H-10,São Paulo,3550308,True,,33224,,,-23.53529425,-46.71350125,,,,2,2023-06-20T11:56:59+00:00
SAO_917H-10,São Paulo,3550308,True,,33224,,,-23.4879605,-46.7338745,,,,2,2023-06-20T11:57:22+00:00
SAO_917H-10,São Paulo,3550308,True,,33224,,,-23.5778875,-46.640528,,,,2,2023-06-20T11:57:15+00:00
SAO_917H-10,São Paulo,3550308,True,,33224,,,-23.4962975,-46.7458045,,,,2,2023-06-20T11:56:57+00:00
SAO_917H-10,São Paulo,3550308,True,,33224,,,-23.538691,-46.707739000000004,,,,2,2023-06-20T11:57:05+00:00
SAO_917H-10,São Paulo,3550308,True,,33224,,,-23.537241,-46.720546,,,,2,2023-06-20T11:57:29+00:00
SAO_917H-10,São Paulo,3550308,True,,33224,,,-23.486492,-46.725708499999996,,,,2,2023-06-20T11:57:00+00:00
SAO_971R-10,São Paulo,3550308,True,,614,,,-23.455361125000003,-46.694122500000006,,,,1,2023-06-20T11:57:04+00:00
SAO_971R-10,São Paulo,3550308,True,,614,,,-23.454421500000002,-46.7374495,,,,1,2023-06-20T11:56:59+00:00
SAO_971R-10,São Paulo,3550308,True,,614,,,-23.5019955,-46.6256295,,,,1,2023-06-20T11:57:02+00:00
SAO_971R-10,São Paulo,3550308,True,,614,,,-23.459349,-46.686189999999996,,,,1,2023-06-20T11:57:07+00:00
SAO_971R-10,São Paulo,3550308,True,,614,,,-23.4323995,-46.7242835,,,,1,2023-06-20T11:57:15+00:00
SAO_971R-10,São Paulo,3550308,True,,614,,,-23.473402749999998,-46.67138274999999,,,,1,2023-06-20T11:57:03+00:00
SAO_971R-10,São Paulo,3550308,True,,614,,,-23.435211000000002,-46.716900499999994,,,,1,2023-06-20T11:57:22+00:00
SAO_971R-10,São Paulo,3550308,True,,614,,,-23.4832245,-46.654132000000004,,,,1,2023-06-20T11:56:52+00:00
SAO_971R-10,São Paulo,3550308,True,,614,,,-23.438672,-46.729782,,,,1,2023-06-20T11:57:32+00:00
SAO_971R-10,São Paulo,3550308,True,,614,,,-23.4976185,-46.642165250000005,,,,1,2023-06-20T11:56:34+00:00
SAO_971R-10,São Paulo,3550308,True,,614,,,-23.450132,-46.7353475,,,,1,2023-06-20T11:57:26+00:00
SAO_971R-10,São Paulo,3550308,True,,614,,,-23.4347065,-46.7185945,,,,1,2023-06-20T11:56:57+00:00
SAO_805L-10,São Paulo,3550308,True,EMTU,124,https://moovitapp.com/index/pt-br/transporte_p%C3%BAblico-line-124-Sao_Paulo-242-2038937-36419282-0,5.15,-23.552169125,-46.63882,,,,1,2023-06-20T11:57:30+00:00
SAO_805L-10,São Paulo,3550308,True,EMTU,124,https://moovitapp.com/index/pt-br/transporte_p%C3%BAblico-line-124-Sao_Paulo-242-2038937-36419282-0,5.15,-23.534672999999998,-46.6441935,,,,1,2023-06-20T11:57:29+00:00
SAO_805L-10,São Paulo,3550308,True,EMTU,124,https://moovitapp.com/index/pt-br/transporte_p%C3%BAblico-line-124-Sao_Paulo-242-2038937-36419282-0,5.15,-23.57337,-46.6317855,,,,1,2023-06-20T11:56:32+00:00
SAO_574W-10,São Paulo,3550308,True,,1629,,,-23.614937249999997,-46.487799249999995,,,,1,2023-06-20T11:57:21+00:00
SAO_574W-10,São Paulo,3550308,True,,1629,,,-23.5429115,-46.5874025,,,,1,2023-06-20T11:57:08+00:00
SAO_574W-10,São Paulo,3550308,True,,1629,,,-23.6127315,-46.491023999999996,,,,1,2023-06-20T11:57:30+00:00
SAO_574W-10,São Paulo,3550308,True,,1629,,,-23.6172125,-46.484299625,,,,1,2023-06-20T11:56:59+00:00
SAO_574W-10,São Paulo,3550308,True,,1629,,,-23.5620765,-46.5616255,,,,1,2023-06-20T11:56:58+00:00
SAO_574W-10,São Paulo,3550308,True,,1629,,,-23.571325,-46.537527999999995,,,,1,2023-06-20T11:57:08+00:00
SAO_574W-10,São Paulo,3550308,True,,1629,,,-23.595812000000002,-46.514273,,,,1,2023-06-20T11:57:32+00:00
SAO_574W-10,São Paulo,3550308,True,,1629,,,-23.5430055,-46.588738500000005,,,,1,2023-06-20T11:57:12+00:00
SAO_574W-10,São Paulo,3550308,True,,1629,,,-23.582959000000002,-46.519071749999995,,,,1,2023-06-20T11:57:35+00:00
SAO_3462-10,São Paulo,3550308,True,EMTU,247,https://moovitapp.com/index/pt-br/transporte_p%C3%BAblico-line-247-Sao_Paulo-242-2038937-36419359-0,6.55,-23.540662312500004,-46.5761359375,,,,1,2023-06-20T11:56:57+00:00
SAO_3462-10,São Paulo,3550308,True,EMTU,247,https://moovitapp.com/index/pt-br/transporte_p%C3%BAblico-line-247-Sao_Paulo-242-2038937-36419359-0,6.55,-23.5363095,-46.466534499999995,,,,1,2023-06-20T11:57:14+00:00
SAO_3462-10,São Paulo,3550308,True,EMTU,247,https://moovitapp.com/index/pt-br/transporte_p%C3%BAblico-line-247-Sao_Paulo-242-2038937-36419359-0,6.55,-23.5292135,-46.497814500000004,,,,1,2023-06-20T11:56:59+00:00
SAO_971T-10,São Paulo,3550308,True,,33386,,,-23.5020055,-46.625392000000005,,,,2,2023-06-20T11:57:35+00:00
SAO_971T-10,São Paulo,3550308,True,,33386,,,-23.493399,-46.6757375,,,,2,2023-06-20T11:57:33+00:00
SAO_971T-10,São Paulo,3550308,True,,33386,,,-23.493633000000003,-46.6745315,,,,2,2023-06-20T11:57:27+00:00
SAO_971T-10,São Paulo,3550308,True,,33386,,,-23.487631,-46.646549500000006,,,,2,2023-06-20T11:57:22+00:00
SAO_971T-10,São Paulo,3550308,True,,33386,,,-23.493351249999996,-46.675582250000005,,,,2,2023-06-20T11:57:08+00:00
SAO_6835-10,São Paulo,3550308,True,,32780,,,-23.68605675,-46.80172075,,,,2,2023-06-20T11:57:30+00:00
SAO_6835-10,São Paulo,3550308,True,,32780,,,-23.6875135,-46.800892000000005,,,,2,2023-06-20T11:57:15+00:00
SAO_6835-10,São Paulo,3550308,True,,32780,,,-23.6645605,-46.770251,,,,2,2023-06-20T11:57:09+00:00
SAO_957T-10,São Paulo,3550308,True,,464,,,-23.59600375,-46.691593,,,,1,2023-06-20T11:57:37+00:00
SAO_957T-10,São Paulo,3550308,True,,464,,,-23.5142335,-46.690912,,,,1,2023-06-20T11:57:26+00:00
SAO_957T-10,São Paulo,3550308,True,,464,,,-23.479170000000003,-46.6858145,,,,1,2023-06-20T11:57:26+00:00
SAO_957T-10,São Paulo,3550308,True,,464,,,-23.57569125,-46.68797775,,,,1,2023-06-20T11:57:29+00:00
SAO_957T-10,São Paulo,3550308,True,,464,,,-23.527544,-46.7404365,,,,1,2023-06-20T11:56:56+00:00
SAO_957T-10,São Paulo,3550308,True,,464,,,-23.4526065,-46.699762,,,,1,2023-06-20T11:57:26+00:00
SAO_5362-10,São Paulo,3550308,True,,32838,,,-23.641780124999997,-46.699149125000005,,,,2,2023-06-20T11:57:37+00:00
SAO_5362-10,São Paulo,3550308,True,,32838,,,-23.683197,-46.7144435,,,,2,2023-06-20T11:57:18+00:00
SAO_5362-10,São Paulo,3550308,True,,32838,,,-23.7444975,-46.670542499999996,,,,2,2023-06-20T11:57:11+00:00
SAO_6039-21,São Paulo,3550308,True,,2493,,,-23.678753,-46.794106,,,,1,2023-06-20T11:57:31+00:00
SAO_174M-10,São Paulo,3550308,True,,673,,,-23.564632000000003,-46.611920999999995,,,,1,2023-06-20T11:56:26+00:00
SAO_174M-10,São Paulo,3550308,True,,673,,,-23.481823,-46.60253925,,,,1,2023-06-20T11:57:09+00:00
SAO_174M-10,São Paulo,3550308,True,,673,,,-23.579950750000002,-46.60480425,,,,1,2023-06-20T11:57:29+00:00
SAO_174M-10,São Paulo,3550308,True,,673,,,-23.487883500000002,-46.574864500000004,,,,1,2023-06-20T11:57:15+00:00
SAO_174M-10,São Paulo,3550308,True,,673,,,-23.515230125,-46.6252415,,,,1,2023-06-20T11:57:33+00:00
SAO_174M-10,São Paulo,3550308,True,,673,,,-23.487883500000002,-46.574864500000004,,,,1,2023-06-20T11:56:56+00:00
SAO_2702-21,São Paulo,3550308,True,,1526,,,-23.539782000000002,-46.482977500000004,,,,1,2023-06-20T11:57:15+00:00
SAO_2702-21,São Paulo,3550308,True,,1526,,,-23.501246000000002,-46.47056925,,,,1,2023-06-20T11:56:41+00:00
SAO_3795-10,São Paulo,3550308,True,,1073,,,-23.560135000000002,-46.4161655,,,,1,2023-06-20T11:57:04+00:00
SAO_3795-10,São Paulo,3550308,True,,1073,,,-23.5599825,-46.4153285,,,,1,2023-06-20T11:57:17+00:00
SAO_3795-10,São Paulo,3550308,True,,1073,,,-23.5546675,-46.413173,,,,1,2023-06-20T11:57:03+00:00
SAO_3795-10,São Paulo,3550308,True,,1073,,,-23.559945,-46.415017750000004,,,,1,2023-06-20T11:57:06+00:00
SAO_3795-10,São Paulo,3550308,True,,1073,,,-23.563233,-46.434481000000005,,,,1,2023-06-20T11:56:22+00:00
SAO_2765-10,São Paulo,3550308,True,EMTU,145,https://moovitapp.com/index/pt-br/transporte_p%C3%BAblico-line-145-Sao_Paulo-242-2038937-36419293-0,5.35,-23.529572,-46.553709999999995,,,,1,2023-06-20T11:57:20+00:00
SAO_2765-10,São Paulo,3550308,True,EMTU,145,https://moovitapp.com/index/pt-br/transporte_p%C3%BAblico-line-145-Sao_Paulo-242-2038937-36419293-0,5.35,-23.50428,-46.515389,,,,1,2023-06-20T11:56:10+00:00
SAO_2765-10,São Paulo,3550308,True,EMTU,145,https://moovitapp.com/index/pt-br/transporte_p%C3%BAblico-line-145-Sao_Paulo-242-2038937-36419293-0,5.35,-23.531038000000002,-46.557862,,,,1,2023-06-20T11:57:29+00:00
SAO_2765-10,São Paulo,3550308,True,EMTU,145,https://moovitapp.com/index/pt-br/transporte_p%C3%BAblico-line-145-Sao_Paulo-242-2038937-36419293-0,5.35,-23.493289,-46.493515,,,,1,2023-06-20T11:57:09+00:00
SAO_2765-10,São Paulo,3550308,True,EMTU,145,https://moovitapp.com/index/pt-br/transporte_p%C3%BAblico-line-145-Sao_Paulo-242-2038937-36419293-0,5.35,-23.503518,-46.498983,,,,1,2023-06-20T11:57:06+00:00
SAO_4007-10,São Paulo,3550308,True,,2181,,,-23.5521165,-46.441852,,,,1,2023-06-20T11:57:35+00:00
SAO_4007-10,São Paulo,3550308,True,,2181,,,-23.565451,-46.3961775,,,,1,2023-06-20T11:57:11+00:00
SAO_4007-10,São Paulo,3550308,True,,2181,,,-23.556459625000002,-46.448355,,,,1,2023-06-20T11:57:12+00:00
SAO_4007-10,São Paulo,3550308,True,,2181,,,-23.565451,-46.3961775,,,,1,2023-06-20T11:57:10+00:00
SAO_4007-10,São Paulo,3550308,True,,2181,,,-23.556205,-46.4697835,,,,1,2023-06-20T11:57:30+00:00
SAO_4007-10,São Paulo,3550308,True,,2181,,,-23.560046,-46.4122415,,,,1,2023-06-20T11:56:53+00:00
SAO_4007-10,São Paulo,3550308,True,,2181,,,-23.565451,-46.3961775,,,,1,2023-06-20T11:57:00+00:00
SAO_4007-10,São Paulo,3550308,True,,2181,,,-23.558291,-46.521981,,,,1,2023-06-20T11:57:26+00:00
SAO_4007-10,São Paulo,3550308,True,,2181,,,-23.5492615,-46.507195,,,,1,2023-06-20T11:57:09+00:00
SAO_4007-10,São Paulo,3550308,True,,2181,,,-23.561412500000003,-46.4085755,,,,1,2023-06-20T11:57:23+00:00
SAO_373M-10,São Paulo,3550308,True,,33049,,,-23.5907985,-46.55762031249999,,,,2,2023-06-20T11:57:27+00:00
SAO_373M-10,São Paulo,3550308,True,,33049,,,-23.601270999999997,-46.538996,,,,2,2023-06-20T11:57:03+00:00
SAO_373M-10,São Paulo,3550308,True,,33049,,,-23.540944,-46.57538875,,,,2,2023-06-20T11:57:00+00:00
SAO_2201-10,São Paulo,3550308,True,,33677,,,-23.533054999999997,-46.39453999999999,,,,2,2023-06-20T11:57:01+00:00
SAO_2201-10,São Paulo,3550308,True,,33677,,,-23.533619,-46.394341,,,,2,2023-06-20T11:57:27+00:00
SAO_2201-10,São Paulo,3550308,True,,33677,,,-23.532773499999998,-46.394621,,,,2,2023-06-20T11:57:16+00:00
SAO_2201-10,São Paulo,3550308,True,,33677,,,-23.541739999999997,-46.4162575,,,,2,2023-06-20T11:56:33+00:00
SAO_8008-10,São Paulo,3550308,True,,1258,,,-23.4866745,-46.725972999999996,,,,1,2023-06-20T11:57:10+00:00
SAO_8008-10,São Paulo,3550308,True,,1258,,,-23.4709645,-46.750268000000005,,,,1,2023-06-20T11:56:56+00:00
SAO_8008-10,São Paulo,3550308,True,,1258,,,-23.490979375,-46.75142125,,,,1,2023-06-20T11:57:15+00:00
SAO_574A-10,São Paulo,3550308,True,Rápido Campinas,602,https://moovitapp.com/index/pt-br/transporte_p%C3%BAblico-line-602-Sao_Paulo-242-858660-638986-0,5.3,-23.6459645,-46.640748,,,,1,2023-06-20T11:57:26+00:00
SAO_574A-10,São Paulo,3550308,True,Rápido Campinas,602,https://moovitapp.com/index/pt-br/transporte_p%C3%BAblico-line-602-Sao_Paulo-242-858660-638986-0,5.3,-23.5654535,-46.61330425,,,,1,2023-06-20T11:57:12+00:00
SAO_574A-10,São Paulo,3550308,True,Rápido Campinas,602,https://moovitapp.com/index/pt-br/transporte_p%C3%BAblico-line-602-Sao_Paulo-242-858660-638986-0,5.3,-23.660279625,-46.636692875,,,,1,2023-06-20T11:57:19+00:00
SAO_574A-10,São Paulo,3550308,True,Rápido Campinas,602,https://moovitapp.com/index/pt-br/transporte_p%C3%BAblico-line-602-Sao_Paulo-242-858660-638986-0,5.3,-23.626101249999998,-46.64086575,,,,1,2023-06-20T11:57:36+00:00
SAO_574A-10,São Paulo,3550308,True,Rápido Campinas,602,https://moovitapp.com/index/pt-br/transporte_p%C3%BAblico-line-602-Sao_Paulo-242-858660-638986-0,5.3,-23.58925,-46.63376375,,,,1,2023-06-20T11:57:19+00:00
SAO_736G-10,São Paulo,3550308,True,,33548,,,-23.641043,-46.745554,,,,2,2023-06-20T11:56:52+00:00
SAO_736G-10,São Paulo,3550308,True,,33548,,,-23.632452999999998,-46.7480465,,,,2,2023-06-20T11:57:16+00:00
SAO_736G-10,São Paulo,3550308,True,,33548,,,-23.629792000000002,-46.708127000000005,,,,2,2023-06-20T11:57:29+00:00
SAO_6075-10,São Paulo,3550308,True,,33930,,,-23.7971525,-46.7376385,,,,2,2023-06-20T11:57:16+00:00
SAO_6075-10,São Paulo,3550308,True,,33930,,,-23.765957,-46.716463,,,,2,2023-06-20T11:57:06+00:00
SAO_6075-10,São Paulo,3550308,True,,33930,,,-23.7968865,-46.73742,,,,2,2023-06-20T11:57:21+00:00
SAO_6075-10,São Paulo,3550308,True,,33930,,,-23.797689499999997,-46.7382825,,,,2,2023-06-20T11:57:35+00:00
SAO_9011-10,São Paulo,3550308,True,,878,,,-23.453577000000003,-46.698788500000006,,,,1,2023-06-20T11:57:34+00:00
SAO_9011-10,São Paulo,3550308,True,,878,,,-23.471585,-46.674722,,,,1,2023-06-20T11:56:58+00:00
SAO_9011-10,São Paulo,3550308,True,,878,,,-23.45467,-46.738116000000005,,,,1,2023-06-20T11:57:31+00:00
SAO_9011-10,São Paulo,3550308,True,,878,,,-23.45467,-46.738116000000005,,,,1,2023-06-20T11:57:22+00:00
SAO_9011-10,São Paulo,3550308,True,,878,,,-23.438974,-46.7369585,,,,1,2023-06-20T11:57:00+00:00
SAO_9011-10,São Paulo,3550308,True,,878,,,-23.447173250000002,-46.72335525,,,,1,2023-06-20T11:57:03+00:00
SAO_9011-10,São Paulo,3550308,True,,878,,,-23.45467,-46.738116000000005,,,,1,2023-06-20T11:57:29+00:00
SAO_9011-10,São Paulo,3550308,True,,878,,,-23.45467,-46.738116000000005,,,,1,2023-06-20T11:56:48+00:00
SAO_407N-10,São Paulo,3550308,True,,34937,,,-23.5947165,-46.442795000000004,,,,2,2023-06-20T11:57:35+00:00
SAO_407N-10,São Paulo,3550308,True,,34937,,,-23.572142,-46.504512500000004,,,,2,2023-06-20T11:57:23+00:00
SAO_407N-10,São Paulo,3550308,True,,34937,,,-23.583754,-46.4150015,,,,2,2023-06-20T11:57:24+00:00
SAO_407N-10,São Paulo,3550308,True,,34937,,,-23.534,-46.5424035,,,,2,2023-06-20T11:57:13+00:00
SAO_407N-10,São Paulo,3550308,True,,34937,,,-23.58338225,-46.415035,,,,2,2023-06-20T11:57:25+00:00
SAO_407N-10,São Paulo,3550308,True,,34937,,,-23.583442499999997,-46.4074595,,,,2,2023-06-20T11:57:03+00:00
SAO_407N-10,São Paulo,3550308,True,,34937,,,-23.55528,-46.5174205,,,,2,2023-06-20T11:57:01+00:00
SAO_407N-10,São Paulo,3550308,True,,34937,,,-23.5833935,-46.4076395,,,,2,2023-06-20T11:57:10+00:00
SAO_407N-10,São Paulo,3550308,True,,34937,,,-23.540562,-46.541367750000006,,,,2,2023-06-20T11:56:54+00:00
SAO_407N-10,São Paulo,3550308,True,,34937,,,-23.5959015,-46.452257,,,,2,2023-06-20T11:57:32+00:00
SAO_6069-10,São Paulo,3550308,True,,33922,,,-23.7451965,-46.6944955,,,,2,2023-06-20T11:57:23+00:00
SAO_6069-10,São Paulo,3550308,True,,33922,,,-23.671423,-46.710682500000004,,,,2,2023-06-20T11:57:39+00:00
SAO_6069-10,São Paulo,3550308,True,,33922,,,-23.734043375,-46.698876874999996,,,,2,2023-06-20T11:57:39+00:00
SAO_6069-10,São Paulo,3550308,True,,33922,,,-23.757941,-46.707426999999996,,,,2,2023-06-20T11:57:16+00:00
SAO_809U-10,São Paulo,3550308,True,,35022,,,-23.5529145,-46.7319765,,,,2,2023-06-20T11:56:58+00:00
SAO_809U-10,São Paulo,3550308,True,,35022,,,-23.539323,-46.690796,,,,2,2023-06-20T11:57:14+00:00
SAO_3003-10,São Paulo,3550308,True,,1797,,,-23.493772749999998,-46.4044025,,,,1,2023-06-20T11:57:36+00:00
SAO_3003-10,São Paulo,3550308,True,,1797,,,-23.478100625,-46.418549999999996,,,,1,2023-06-20T11:52:23+00:00
SAO_8038-10,São Paulo,3550308,True,,797,,,-23.5351485,-46.760891,,,,1,2023-06-20T11:57:19+00:00
SAO_8038-10,São Paulo,3550308,True,,797,,,-23.535138437500002,-46.75873337499999,,,,1,2023-06-20T11:57:31+00:00
SAO_8038-10,São Paulo,3550308,True,,797,,,-23.5216125,-46.722139,,,,1,2023-06-20T11:56:53+00:00
SAO_8038-10,São Paulo,3550308,True,,797,,,-23.54789475,-46.750386999999996,,,,1,2023-06-20T11:57:06+00:00
SAO_8038-10,São Paulo,3550308,True,,797,,,-23.541086,-46.7463565,,,,1,2023-06-20T11:57:03+00:00
SAO_8038-10,São Paulo,3550308,True,,797,,,-23.54262475,-46.73122875,,,,1,2023-06-20T11:56:55+00:00
SAO_8038-10,São Paulo,3550308,True,,797,,,-23.550631875000004,-46.7407189375,,,,1,2023-06-20T11:56:53+00:00
SAO_8038-10,São Paulo,3550308,True,,797,,,-23.5351485,-46.760891,,,,1,2023-06-20T11:57:33+00:00
SAO_N834-11,São Paulo,3550308,True,,35201,,,-23.519665500000002,-46.7004,,,,2,2023-06-20T11:56:59+00:00
SAO_3731-10,São Paulo,3550308,True,,1028,,,-23.55574,-46.514563,,,,1,2023-06-20T11:57:19+00:00
SAO_3731-10,São Paulo,3550308,True,,1028,,,-23.5484055,-46.5148485,,,,1,2023-06-20T11:57:08+00:00
SAO_3731-10,São Paulo,3550308,True,,1028,,,-23.539611999999998,-46.516724999999994,,,,1,2023-06-20T11:57:12+00:00
SAO_3731-10,São Paulo,3550308,True,,1028,,,-23.531472,-46.5291255,,,,1,2023-06-20T11:57:20+00:00
SAO_3731-10,São Paulo,3550308,True,,1028,,,-23.5324325,-46.522084500000005,,,,1,2023-06-20T11:57:23+00:00
SAO_3731-10,São Paulo,3550308,True,,1028,,,-23.539611999999998,-46.516724999999994,,,,1,2023-06-20T11:57:07+00:00
SAO_3731-10,São Paulo,3550308,True,,1028,,,-23.539874,-46.516463,,,,1,2023-06-20T11:57:17+00:00
SAO_3731-10,São Paulo,3550308,True,,1028,,,-23.563361999999998,-46.5018435,,,,1,2023-06-20T11:57:27+00:00
SAO_407T-10,São Paulo,3550308,True,,2202,,,-23.536434,-46.437982500000004,,,,1,2023-06-20T11:57:29+00:00
SAO_407T-10,São Paulo,3550308,True,,2202,,,-23.5322675,-46.441169,,,,1,2023-06-20T11:57:36+00:00
SAO_407T-10,São Paulo,3550308,True,,2202,,,-23.535494999999997,-46.4545665,,,,1,2023-06-20T11:56:58+00:00
SAO_407T-10,São Paulo,3550308,True,,2202,,,-23.542716,-46.469168499999995,,,,1,2023-06-20T11:57:38+00:00
SAO_575C-10,São Paulo,3550308,True,,1686,,,-23.569651999999998,-46.554531999999995,,,,1,2023-06-20T11:57:35+00:00
SAO_148P-10,São Paulo,3550308,True,,33302,,,-23.4580515,-46.6428225,,,,2,2023-06-20T11:57:04+00:00
SAO_148P-10,São Paulo,3550308,True,,33302,,,-23.4568985,-46.6461195,,,,2,2023-06-20T11:57:06+00:00
SAO_148P-10,São Paulo,3550308,True,,33302,,,-23.457892,-46.642534,,,,2,2023-06-20T11:57:26+00:00
SAO_148P-10,São Paulo,3550308,True,,33302,,,-23.505285999999998,-46.6553195,,,,2,2023-06-20T11:56:50+00:00
SAO_148P-10,São Paulo,3550308,True,,33302,,,-23.481325,-46.661518,,,,2,2023-06-20T11:56:55+00:00
SAO_519M-10,São Paulo,3550308,True,,2211,,,-23.6125525,-46.483047,,,,1,2023-06-20T11:56:56+00:00
SAO_519M-10,São Paulo,3550308,True,,2211,,,-23.5841435,-46.61103575,,,,1,2023-06-20T11:57:15+00:00
SAO_519M-10,São Paulo,3550308,True,,2211,,,-23.60316975,-46.52697475,,,,1,2023-06-20T11:57:15+00:00
SAO_519M-10,São Paulo,3550308,True,,2211,,,-23.578319,-46.611368999999996,,,,1,2023-06-20T11:57:26+00:00
SAO_695T-10,São Paulo,3550308,True,,1322,,,-23.61276225,-46.6707505,,,,1,2023-06-20T11:57:26+00:00
SAO_695T-10,São Paulo,3550308,True,,1322,,,-23.589295999999997,-46.63421325,,,,1,2023-06-20T11:54:50+00:00
SAO_695T-10,São Paulo,3550308,True,,1322,,,-23.645882,-46.70472,,,,1,2023-06-20T11:57:09+00:00
SAO_695T-10,São Paulo,3550308,True,,1322,,,-23.648463,-46.7491555,,,,1,2023-06-20T11:57:32+00:00
SAO_695T-10,São Paulo,3550308,True,,1322,,,-23.654826,-46.761785,,,,1,2023-06-20T11:56:56+00:00
SAO_695T-10,São Paulo,3550308,True,,1322,,,-23.63323025,-46.690116,,,,1,2023-06-20T11:57:39+00:00
SAO_695T-10,São Paulo,3550308,True,,1322,,,-23.597021999999996,-46.643793125,,,,1,2023-06-20T11:57:25+00:00
SAO_695T-10,São Paulo,3550308,True,,1322,,,-23.64471425,-46.726479,,,,1,2023-06-20T11:57:02+00:00
SAO_695T-10,São Paulo,3550308,True,,1322,,,-23.5902095,-46.6349445,,,,1,2023-06-20T11:57:33+00:00
SAO_364A-10,São Paulo,3550308,True,,1246,,,-23.586758500000002,-46.544669,,,,1,2023-06-20T11:57:30+00:00
SAO_364A-10,São Paulo,3550308,True,,1246,,,-23.5631475,-46.501079000000004,,,,1,2023-06-20T11:57:07+00:00
SAO_364A-10,São Paulo,3550308,True,,1246,,,-23.583583,-46.6013705,,,,1,2023-06-20T11:56:56+00:00
SAO_364A-10,São Paulo,3550308,True,,1246,,,-23.605445500000002,-46.508540749999995,,,,1,2023-06-20T11:57:38+00:00
SAO_364A-10,São Paulo,3550308,True,,1246,,,-23.563885499999998,-46.502797,,,,1,2023-06-20T11:57:17+00:00
SAO_364A-10,São Paulo,3550308,True,,1246,,,-23.601287125000002,-46.50495025,,,,1,2023-06-20T11:57:34+00:00
SAO_364A-10,São Paulo,3550308,True,,1246,,,-23.6015515,-46.503608,,,,1,2023-06-20T11:57:35+00:00
SAO_312N-10,São Paulo,3550308,True,,33758,,,-23.491016,-46.441969,,,,2,2023-06-20T11:57:19+00:00
SAO_312N-10,São Paulo,3550308,True,,33758,,,-23.542544,-46.4158275,,,,2,2023-06-20T11:57:32+00:00
SAO_312N-10,São Paulo,3550308,True,,33758,,,-23.523691,-46.406721,,,,2,2023-06-20T11:56:58+00:00
SAO_312N-10,São Paulo,3550308,True,,33758,,,-23.494355499999998,-46.423475499999995,,,,2,2023-06-20T11:56:56+00:00
SAO_312N-10,São Paulo,3550308,True,,33758,,,-23.491016,-46.441969,,,,2,2023-06-20T11:56:57+00:00
SAO_312N-10,São Paulo,3550308,True,,33758,,,-23.579607,-46.4116005,,,,2,2023-06-20T11:57:05+00:00
SAO_312N-10,São Paulo,3550308,True,,33758,,,-23.491016,-46.441969,,,,2,2023-06-20T11:57:20+00:00
SAO_514T-10,São Paulo,3550308,True,,1671,,,-23.586758500000002,-46.544669,,,,1,2023-06-20T11:57:34+00:00
SAO_514T-10,São Paulo,3550308,True,,1671,,,-23.595152499999998,-46.503015500000004,,,,1,2023-06-20T11:57:16+00:00
SAO_514T-10,São Paulo,3550308,True,,1671,,,-23.593101500000003,-46.498408749999996,,,,1,2023-06-20T11:56:56+00:00
SAO_514T-10,São Paulo,3550308,True,,1671,,,-23.5929065,-46.4985205,,,,1,2023-06-20T11:57:19+00:00
SAO_514T-10,São Paulo,3550308,True,,1671,,,-23.592149,-46.519557,,,,1,2023-06-20T11:57:24+00:00
SAO_514T-10,São Paulo,3550308,True,,1671,,,-23.581641249999997,-46.5953765,,,,1,2023-06-20T11:57:09+00:00
SAO_514T-10,São Paulo,3550308,True,,1671,,,-23.592783,-46.4988795,,,,1,2023-06-20T11:57:32+00:00
SAO_514T-10,São Paulo,3550308,True,,1671,,,-23.589625249999997,-46.607802750000005,,,,1,2023-06-20T11:57:20+00:00
SAO_4314-10,São Paulo,3550308,True,,2174,,,-23.5488585,-46.6043695,,,,1,2023-06-20T11:57:21+00:00
SAO_4314-10,São Paulo,3550308,True,,2174,,,-23.54645675,-46.629903999999996,,,,1,2023-06-20T11:57:25+00:00
SAO_4314-10,São Paulo,3550308,True,,2174,,,-23.552701250000002,-46.493739500000004,,,,1,2023-06-20T11:57:30+00:00
SAO_4314-10,São Paulo,3550308,True,,2174,,,-23.549755250000004,-46.431786625,,,,1,2023-06-20T11:57:20+00:00
SAO_4314-10,São Paulo,3550308,True,,2174,,,-23.5353895,-46.547554000000005,,,,1,2023-06-20T11:57:24+00:00
SAO_4314-10,São Paulo,3550308,True,,2174,,,-23.5738135,-46.398348,,,,1,2023-06-20T11:57:30+00:00
SAO_4314-10,São Paulo,3550308,True,,2174,,,-23.56416925,-46.41002325,,,,1,2023-06-20T11:57:00+00:00
SAO_4314-10,São Paulo,3550308,True,,2174,,,-23.548450624999997,-46.46171825,,,,1,2023-06-20T11:57:05+00:00
SAO_5109-10,São Paulo,3550308,True,,34619,,,-23.546896,-46.629020999999995,,,,2,2023-06-20T11:57:01+00:00
SAO_5109-10,São Paulo,3550308,True,,34619,,,-23.547353,-46.6287365,,,,2,2023-06-20T11:57:14+00:00
SAO_5109-10,São Paulo,3550308,True,,34619,,,-23.585085499999998,-46.582558500000005,,,,2,2023-06-20T11:57:01+00:00
SAO_5109-10,São Paulo,3550308,True,,34619,,,-23.547167,-46.62885,,,,2,2023-06-20T11:56:53+00:00
SAO_351F-10,São Paulo,3550308,True,,687,,,-23.495672,-46.5769105,,,,1,2023-06-20T11:57:37+00:00
SAO_351F-10,São Paulo,3550308,True,,687,,,-23.532499,-46.602765125000005,,,,1,2023-06-20T11:57:00+00:00
SAO_351F-10,São Paulo,3550308,True,,687,,,-23.5741985,-46.527658,,,,1,2023-06-20T11:57:29+00:00
SAO_407E-10,São Paulo,3550308,True,,2215,,,-23.612097,-46.46674125,,,,1,2023-06-20T11:56:56+00:00
SAO_407E-10,São Paulo,3550308,True,,2215,,,-23.6254275,-46.446006,,,,1,2023-06-20T11:57:15+00:00
SAO_407E-10,São Paulo,3550308,True,,2215,,,-23.54710725,-46.526647999999994,,,,1,2023-06-20T11:57:08+00:00
SAO_407E-10,São Paulo,3550308,True,,2215,,,-23.606564,-46.465855375000004,,,,1,2023-06-20T11:57:07+00:00
SAO_407E-10,São Paulo,3550308,True,,2215,,,-23.6335585,-46.4430015,,,,1,2023-06-20T11:57:27+00:00
SAO_407E-10,São Paulo,3550308,True,,2215,,,-23.56178175,-46.510352999999995,,,,1,2023-06-20T11:57:27+00:00
SAO_407E-10,São Paulo,3550308,True,,2215,,,-23.6335585,-46.4430015,,,,1,2023-06-20T11:57:02+00:00
SAO_407E-10,São Paulo,3550308,True,,2215,,,-23.6335585,-46.4430015,,,,1,2023-06-20T11:57:35+00:00
SAO_407E-10,São Paulo,3550308,True,,2215,,,-23.576651,-46.5013465,,,,1,2023-06-20T11:57:30+00:00
SAO_407E-10,São Paulo,3550308,True,,2215,,,-23.568644499999998,-46.504490000000004,,,,1,2023-06-20T11:57:32+00:00
SAO_407E-10,São Paulo,3550308,True,,2215,,,-23.625553,-46.462402,,,,1,2023-06-20T11:57:21+00:00
SAO_407E-10,São Paulo,3550308,True,,2215,,,-23.6335585,-46.4430015,,,,1,2023-06-20T11:57:25+00:00
SAO_809A-10,São Paulo,3550308,True,,2069,,,-23.5863935,-46.758388,,,,1,2023-06-20T11:57:11+00:00
SAO_809A-10,São Paulo,3550308,True,,2069,,,-23.5669255,-46.6965005,,,,1,2023-06-20T11:57:38+00:00
SAO_809A-10,São Paulo,3550308,True,,2069,,,-23.580182750000002,-46.780060812500004,,,,1,2023-06-20T11:57:33+00:00
SAO_809A-10,São Paulo,3550308,True,,2069,,,-23.585138999999998,-46.739051,,,,1,2023-06-20T11:57:21+00:00
SAO_809A-10,São Paulo,3550308,True,,2069,,,-23.5658305,-46.701625500000006,,,,1,2023-06-20T11:57:19+00:00
SAO_4313-10,São Paulo,3550308,True,,34941,,,-23.551979375000002,-46.609561125,,,,2,2023-06-20T11:57:34+00:00
SAO_4313-10,São Paulo,3550308,True,,34941,,,-23.589164500000003,-46.415545,,,,2,2023-06-20T11:57:08+00:00
SAO_4313-10,São Paulo,3550308,True,,34941,,,-23.583026,-46.408417,,,,2,2023-06-20T11:56:57+00:00
SAO_4313-10,São Paulo,3550308,True,,34941,,,-23.540562,-46.541367750000006,,,,2,2023-06-20T11:57:12+00:00
SAO_4313-10,São Paulo,3550308,True,,34941,,,-23.543715249999998,-46.58903775,,,,2,2023-06-20T11:57:28+00:00
SAO_4313-10,São Paulo,3550308,True,,34941,,,-23.5479245,-46.629473,,,,2,2023-06-20T11:57:03+00:00
SAO_4313-10,São Paulo,3550308,True,,34941,,,-23.58308,-46.408871000000005,,,,2,2023-06-20T11:57:09+00:00
SAO_4313-10,São Paulo,3550308,True,,34941,,,-23.5831765,-46.407794499999994,,,,2,2023-06-20T11:56:59+00:00
SAO_4313-10,São Paulo,3550308,True,,34941,,,-23.555132125,-46.517526375,,,,2,2023-06-20T11:57:02+00:00
SAO_4313-10,São Paulo,3550308,True,,34941,,,-23.5479245,-46.629473,,,,2,2023-06-20T11:57:04+00:00
SAO_4313-10,São Paulo,3550308,True,,34941,,,-23.598855,-46.466140499999995,,,,2,2023-06-20T11:57:11+00:00
SAO_4313-10,São Paulo,3550308,True,,34941,,,-23.595101,-46.4507045,,,,2,2023-06-20T11:57:31+00:00
SAO_4313-10,São Paulo,3550308,True,,34941,,,-23.594010500000003,-46.420961,,,,2,2023-06-20T11:57:19+00:00
SAO_6053-10,São Paulo,3550308,True,,33913,,,-23.73539075,-46.695391875,,,,2,2023-06-20T11:57:35+00:00
SAO_6053-10,São Paulo,3550308,True,,33913,,,-23.7620335,-46.671406000000005,,,,2,2023-06-20T11:57:33+00:00
SAO_6053-10,São Paulo,3550308,True,,33913,,,-23.768563999999998,-46.661648,,,,2,2023-06-20T11:57:14+00:00
SAO_546T-10,São Paulo,3550308,True,,33040,,,-23.7039765,-46.625832,,,,2,2023-06-20T11:57:00+00:00
SAO_546T-10,São Paulo,3550308,True,,33040,,,-23.704462,-46.633922,,,,2,2023-06-20T11:57:02+00:00
SAO_546T-10,São Paulo,3550308,True,,33040,,,-23.6966135,-46.6691505,,,,2,2023-06-20T11:57:36+00:00
SAO_546T-10,São Paulo,3550308,True,,33040,,,-23.6543535,-46.701634625,,,,2,2023-06-20T11:57:14+00:00
SAO_546T-10,São Paulo,3550308,True,,33040,,,-23.703663,-46.632414499999996,,,,2,2023-06-20T11:56:58+00:00
SAO_546T-10,São Paulo,3550308,True,,33040,,,-23.660634,-46.695184,,,,2,2023-06-20T11:57:20+00:00
SAO_909T-10,São Paulo,3550308,True,,2256,,,-23.553685,-46.66035525,,,,1,2023-06-20T11:57:29+00:00
SAO_271P-10,São Paulo,3550308,True,,33472,,,-23.535485,-46.62689175,,,,2,2023-06-20T11:57:16+00:00
SAO_271P-10,São Paulo,3550308,True,,33472,,,-23.4979085,-46.514503000000005,,,,2,2023-06-20T11:57:22+00:00
SAO_271P-10,São Paulo,3550308,True,,33472,,,-23.533209999999997,-46.56429575,,,,2,2023-06-20T11:57:01+00:00
SAO_271P-10,São Paulo,3550308,True,,33472,,,-23.4979085,-46.514503000000005,,,,2,2023-06-20T11:57:26+00:00
SAO_3026-10,São Paulo,3550308,True,,962,,,-23.573402,-46.393754,,,,1,2023-06-20T11:57:18+00:00
SAO_3026-10,São Paulo,3550308,True,,962,,,-23.5479805,-46.4121315,,,,1,2023-06-20T11:57:14+00:00
SAO_3026-10,São Paulo,3550308,True,,962,,,-23.546002,-46.411421000000004,,,,1,2023-06-20T11:57:04+00:00
SAO_3026-10,São Paulo,3550308,True,,962,,,-23.5827675,-46.386084,,,,1,2023-06-20T11:56:55+00:00
SAO_3026-10,São Paulo,3550308,True,,962,,,-23.5827675,-46.386084,,,,1,2023-06-20T11:57:22+00:00
SAO_3026-10,São Paulo,3550308,True,,962,,,-23.5554315,-46.41246,,,,1,2023-06-20T11:56:55+00:00
SAO_3026-10,São Paulo,3550308,True,,962,,,-23.54247075,-46.41617375,,,,1,2023-06-20T11:52:54+00:00
SAO_3026-10,São Paulo,3550308,True,,962,,,-23.580689999999997,-46.388988999999995,,,,1,2023-06-20T11:57:38+00:00
SAO_2551-10,São Paulo,3550308,True,,32909,,,-23.546832000000002,-46.6301665,,,,2,2023-06-20T11:57:29+00:00
SAO_2551-10,São Paulo,3550308,True,,32909,,,-23.5344855,-46.567983,,,,2,2023-06-20T11:57:11+00:00
SAO_2551-10,São Paulo,3550308,True,,32909,,,-23.517678,-46.475762,,,,2,2023-06-20T11:57:08+00:00
SAO_2551-10,São Paulo,3550308,True,,32909,,,-23.5173865,-46.47583825,,,,2,2023-06-20T11:56:59+00:00
SAO_N639-11,São Paulo,3550308,True,,2404,,,-23.7505585,-46.7104225,,,,1,2023-06-20T11:57:25+00:00
SAO_709P-10,São Paulo,3550308,True,,34761,,,-23.638711999999998,-46.724979,,,,2,2023-06-20T11:57:11+00:00
SAO_709P-10,São Paulo,3550308,True,,34761,,,-23.586395500000002,-46.682653,,,,2,2023-06-20T11:57:25+00:00
SAO_709P-10,São Paulo,3550308,True,,34761,,,-23.656139,-46.723152,,,,2,2023-06-20T11:57:27+00:00
SAO_1730-10,São Paulo,3550308,True,,33633,,,-23.515316,-46.6163495,,,,2,2023-06-20T11:57:36+00:00
SAO_1730-10,São Paulo,3550308,True,,33633,,,-23.51559625,-46.61637925,,,,2,2023-06-20T11:57:12+00:00
SAO_546T-10,São Paulo,3550308,True,,272,,,-23.696635999999998,-46.649631,,,,1,2023-06-20T11:57:35+00:00
SAO_546T-10,São Paulo,3550308,True,,272,,,-23.702063,-46.6363915,,,,1,2023-06-20T11:56:58+00:00
SAO_546T-10,São Paulo,3550308,True,,272,,,-23.693745,-46.665702,,,,1,2023-06-20T11:56:53+00:00
SAO_546T-10,São Paulo,3550308,True,,272,,,-23.6963775,-46.675318000000004,,,,1,2023-06-20T11:57:17+00:00
SAO_546T-10,São Paulo,3550308,True,,272,,,-23.654158000000002,-46.711449,,,,1,2023-06-20T11:57:20+00:00
SAO_546T-10,São Paulo,3550308,True,,272,,,-23.662496,-46.692569500000005,,,,1,2023-06-20T11:57:30+00:00
SAO_546T-10,São Paulo,3550308,True,,272,,,-23.7036385,-46.627480000000006,,,,1,2023-06-20T11:57:08+00:00
SAO_546T-10,São Paulo,3550308,True,,272,,,-23.7038995,-46.632896,,,,1,2023-06-20T11:57:13+00:00
SAO_546T-10,São Paulo,3550308,True,,272,,,-23.6584155,-46.6984925,,,,1,2023-06-20T11:57:23+00:00
SAO_856R-10,São Paulo,3550308,True,,34196,,,-23.550349,-46.678375,,,,2,2023-06-20T11:57:35+00:00
SAO_856R-10,São Paulo,3550308,True,,34196,,,-23.6700445,-46.719167999999996,,,,2,2023-06-20T11:56:59+00:00
SAO_856R-10,São Paulo,3550308,True,,34196,,,-23.5662845,-46.692065750000005,,,,2,2023-06-20T11:57:14+00:00
SAO_856R-10,São Paulo,3550308,True,,34196,,,-23.612157,-46.677786250000004,,,,2,2023-06-20T11:57:28+00:00
SAO_856R-10,São Paulo,3550308,True,,34196,,,-23.527012499999998,-46.681565750000004,,,,2,2023-06-20T11:57:16+00:00
SAO_856R-10,São Paulo,3550308,True,,34196,,,-23.6700445,-46.719167999999996,,,,2,2023-06-20T11:57:02+00:00
SAO_856R-10,São Paulo,3550308,True,,34196,,,-23.667811,-46.711967,,,,2,2023-06-20T11:57:35+00:00
SAO_856R-10,São Paulo,3550308,True,,34196,,,-23.584395875,-46.673928625,,,,2,2023-06-20T11:57:01+00:00
SAO_856R-10,São Paulo,3550308,True,,34196,,,-23.644592125000003,-46.700327,,,,2,2023-06-20T11:57:26+00:00
SAO_352A-10,São Paulo,3550308,True,,32932,,,-23.484750625,-46.435047062500004,,,,2,2023-06-20T11:56:55+00:00
SAO_352A-10,São Paulo,3550308,True,,32932,,,-23.611293500000002,-46.475823,,,,2,2023-06-20T11:56:54+00:00
SAO_352A-10,São Paulo,3550308,True,,32932,,,-23.479059749999998,-46.42096825,,,,2,2023-06-20T11:57:13+00:00
SAO_352A-10,São Paulo,3550308,True,,32932,,,-23.479262499999997,-46.421414999999996,,,,2,2023-06-20T11:57:09+00:00
SAO_352A-10,São Paulo,3550308,True,,32932,,,-23.479201250000003,-46.42118275,,,,2,2023-06-20T11:57:33+00:00
SAO_172X-10,São Paulo,3550308,True,,861,,,-23.51705425,-46.56848425,,,,1,2023-06-20T11:57:29+00:00
SAO_172X-10,São Paulo,3550308,True,,861,,,-23.5397765,-46.5765665,,,,1,2023-06-20T11:57:02+00:00
SAO_172X-10,São Paulo,3550308,True,,861,,,-23.504692499999997,-46.56729,,,,1,2023-06-20T11:57:36+00:00
SAO_172X-10,São Paulo,3550308,True,,861,,,-23.526370749999998,-46.580493000000004,,,,1,2023-06-20T11:57:35+00:00
SAO_172X-10,São Paulo,3550308,True,,861,,,-23.53920575,-46.575556999999996,,,,1,2023-06-20T11:57:30+00:00
SAO_172X-10,São Paulo,3550308,True,,861,,,-23.52874975,-46.583918,,,,1,2023-06-20T11:57:22+00:00
SAO_3134-10,São Paulo,3550308,True,,993,,,-23.590992999999997,-46.5887705,,,,1,2023-06-20T11:57:31+00:00
SAO_3134-10,São Paulo,3550308,True,,993,,,-23.572844,-46.569243,,,,1,2023-06-20T11:56:58+00:00
SAO_3134-10,São Paulo,3550308,True,,993,,,-23.584845,-46.5229395,,,,1,2023-06-20T11:57:03+00:00
SAO_3134-10,São Paulo,3550308,True,,993,,,-23.563519,-46.5054075,,,,1,2023-06-20T11:56:57+00:00
SAO_3134-10,São Paulo,3550308,True,,993,,,-23.580583,-46.5379825,,,,1,2023-06-20T11:57:33+00:00
SAO_3134-10,São Paulo,3550308,True,,993,,,-23.563519,-46.5054075,,,,1,2023-06-20T11:57:01+00:00
SAO_3134-10,São Paulo,3550308,True,,993,,,-23.59104,-46.588834500000004,,,,1,2023-06-20T11:57:08+00:00
SAO_3134-10,São Paulo,3550308,True,,993,,,-23.570818,-46.50961525,,,,1,2023-06-20T11:57:16+00:00
SAO_3134-10,São Paulo,3550308,True,,993,,,-23.563519,-46.5054075,,,,1,2023-06-20T11:57:00+00:00
SAO_3134-10,São Paulo,3550308,True,,993,,,-23.594263500000004,-46.58275425,,,,1,2023-06-20T11:57:24+00:00
SAO_3134-10,São Paulo,3550308,True,,993,,,-23.580929,-46.5838525,,,,1,2023-06-20T11:56:58+00:00
SAO_5106-10,São Paulo,3550308,True,,1280,,,-23.6846085,-46.65325,,,,1,2023-06-20T11:57:12+00:00
SAO_5106-10,São Paulo,3550308,True,,1280,,,-23.5977225,-46.636571,,,,1,2023-06-20T11:57:36+00:00
SAO_5106-10,São Paulo,3550308,True,,1280,,,-23.5957375,-46.636382,,,,1,2023-06-20T11:56:54+00:00
SAO_5106-10,São Paulo,3550308,True,,1280,,,-23.66656975,-46.63719225,,,,1,2023-06-20T11:57:22+00:00
SAO_5106-10,São Paulo,3550308,True,,1280,,,-23.691687375,-46.6440985,,,,1,2023-06-20T11:57:21+00:00
SAO_5106-10,São Paulo,3550308,True,,1280,,,-23.6848065,-46.653604,,,,1,2023-06-20T11:55:33+00:00
SAO_575A-10,São Paulo,3550308,True,,1638,,,-23.566271,-46.580104500000004,,,,1,2023-06-20T11:56:19+00:00
SAO_575A-10,São Paulo,3550308,True,,1638,,,-23.5853995,-46.5804505,,,,1,2023-06-20T11:57:02+00:00
SAO_575A-10,São Paulo,3550308,True,,1638,,,-23.6018545,-46.57027,,,,1,2023-06-20T11:57:31+00:00
SAO_575A-10,São Paulo,3550308,True,,1638,,,-23.54108,-46.5774375,,,,1,2023-06-20T11:55:42+00:00
SAO_575A-10,São Paulo,3550308,True,,1638,,,-23.5410235,-46.577115500000005,,,,1,2023-06-20T11:57:07+00:00
SAO_8215-10,São Paulo,3550308,True,,33342,,,-23.461624,-46.7081955,,,,2,2023-06-20T11:57:34+00:00
SAO_8215-10,São Paulo,3550308,True,,33342,,,-23.4847205,-46.691463,,,,2,2023-06-20T11:57:16+00:00
SAO_8215-10,São Paulo,3550308,True,,33342,,,-23.522488375,-46.660068249999995,,,,2,2023-06-20T11:57:15+00:00
SAO_8549-10,São Paulo,3550308,True,EMTU,580,https://moovitapp.com/index/pt-br/transporte_p%C3%BAblico-line-580-Sao_Paulo-242-2038937-36419570-0,7.55,-23.4413925,-46.7078645,,,,1,2023-06-20T11:57:26+00:00
SAO_8549-10,São Paulo,3550308,True,EMTU,580,https://moovitapp.com/index/pt-br/transporte_p%C3%BAblico-line-580-Sao_Paulo-242-2038937-36419570-0,7.55,-23.436121,-46.7174615,,,,1,2023-06-20T11:57:00+00:00
SAO_8549-10,São Paulo,3550308,True,EMTU,580,https://moovitapp.com/index/pt-br/transporte_p%C3%BAblico-line-580-Sao_Paulo-242-2038937-36419570-0,7.55,-23.5383485,-46.647535000000005,,,,1,2023-06-20T11:57:37+00:00
SAO_8549-10,São Paulo,3550308,True,EMTU,580,https://moovitapp.com/index/pt-br/transporte_p%C3%BAblico-line-580-Sao_Paulo-242-2038937-36419570-0,7.55,-23.542839999999998,-46.6362885,,,,1,2023-06-20T11:57:00+00:00
SAO_8549-10,São Paulo,3550308,True,EMTU,580,https://moovitapp.com/index/pt-br/transporte_p%C3%BAblico-line-580-Sao_Paulo-242-2038937-36419570-0,7.55,-23.499759625,-46.694366875,,,,1,2023-06-20T11:57:16+00:00
SAO_8549-10,São Paulo,3550308,True,EMTU,580,https://moovitapp.com/index/pt-br/transporte_p%C3%BAblico-line-580-Sao_Paulo-242-2038937-36419570-0,7.55,-23.4526065,-46.699762,,,,1,2023-06-20T11:56:57+00:00
SAO_8549-10,São Paulo,3550308,True,EMTU,580,https://moovitapp.com/index/pt-br/transporte_p%C3%BAblico-line-580-Sao_Paulo-242-2038937-36419570-0,7.55,-23.515248,-46.6945815,,,,1,2023-06-20T11:57:31+00:00
SAO_8549-10,São Paulo,3550308,True,EMTU,580,https://moovitapp.com/index/pt-br/transporte_p%C3%BAblico-line-580-Sao_Paulo-242-2038937-36419570-0,7.55,-23.4726725,-46.678486,,,,1,2023-06-20T11:57:24+00:00
SAO_8549-10,São Paulo,3550308,True,EMTU,580,https://moovitapp.com/index/pt-br/transporte_p%C3%BAblico-line-580-Sao_Paulo-242-2038937-36419570-0,7.55,-23.436121,-46.7174615,,,,1,2023-06-20T11:57:34+00:00
SAO_8705-10,São Paulo,3550308,True,,2072,,,-23.570489625,-46.7111315,,,,1,2023-06-20T11:57:22+00:00
SAO_8705-10,São Paulo,3550308,True,,2072,,,-23.548316375,-46.649981625,,,,1,2023-06-20T11:57:37+00:00
SAO_8705-10,São Paulo,3550308,True,,2072,,,-23.547646999999998,-46.760248000000004,,,,1,2023-06-20T11:57:01+00:00
SAO_8705-10,São Paulo,3550308,True,,2072,,,-23.547646999999998,-46.760248000000004,,,,1,2023-06-20T11:57:03+00:00
SAO_8705-10,São Paulo,3550308,True,,2072,,,-23.5473665,-46.7605345,,,,1,2023-06-20T11:57:19+00:00
SAO_8705-10,São Paulo,3550308,True,,2072,,,-23.5630635,-46.7464525,,,,1,2023-06-20T11:57:17+00:00
SAO_8705-10,São Paulo,3550308,True,,2072,,,-23.547646999999998,-46.760248000000004,,,,1,2023-06-20T11:57:38+00:00
SAO_8705-10,São Paulo,3550308,True,,2072,,,-23.547649,-46.641011500000005,,,,1,2023-06-20T11:57:27+00:00
SAO_178Y-10,São Paulo,3550308,True,,33636,,,-23.467993,-46.638699,,,,2,2023-06-20T11:57:23+00:00
SAO_178Y-10,São Paulo,3550308,True,,33636,,,-23.483272499999998,-46.624198,,,,2,2023-06-20T11:57:03+00:00
SAO_675A-10,São Paulo,3550308,True,,34086,,,-23.6198955,-46.6620755,,,,2,2023-06-20T11:57:34+00:00
SAO_675A-10,São Paulo,3550308,True,,34086,,,-23.64450025,-46.7264155,,,,2,2023-06-20T11:57:10+00:00
SAO_675A-10,São Paulo,3550308,True,,34086,,,-23.6619785,-46.755653,,,,2,2023-06-20T11:57:21+00:00
SAO_2726-10,São Paulo,3550308,True,,33708,,,-23.522164,-46.53876775,,,,2,2023-06-20T11:57:26+00:00
SAO_2726-10,São Paulo,3550308,True,,33708,,,-23.5192145,-46.524053625,,,,2,2023-06-20T11:57:12+00:00
SAO_2726-10,São Paulo,3550308,True,,33708,,,-23.533234,-46.543972499999995,,,,2,2023-06-20T11:57:29+00:00
SAO_2726-10,São Paulo,3550308,True,,33708,,,-23.509822,-46.468253999999995,,,,2,2023-06-20T11:57:34+00:00
SAO_3732-10,São Paulo,3550308,True,,1029,,,-23.554831999999998,-46.442148,,,,1,2023-06-20T11:57:29+00:00
SAO_3732-10,São Paulo,3550308,True,,1029,,,-23.539538,-46.4317025,,,,1,2023-06-20T11:57:25+00:00
SAO_3732-10,São Paulo,3550308,True,,1029,,,-23.542482,-46.470364,,,,1,2023-06-20T11:57:16+00:00
SAO_3732-10,São Paulo,3550308,True,,1029,,,-23.5498125,-46.436327500000004,,,,1,2023-06-20T11:57:23+00:00
SAO_3732-10,São Paulo,3550308,True,,1029,,,-23.539538,-46.4317025,,,,1,2023-06-20T11:57:07+00:00
SAO_3732-10,São Paulo,3550308,True,,1029,,,-23.543471500000003,-46.463536000000005,,,,1,2023-06-20T11:57:27+00:00
SAO_3732-10,São Paulo,3550308,True,,1029,,,-23.539538,-46.4317025,,,,1,2023-06-20T11:57:35+00:00
SAO_3732-10,São Paulo,3550308,True,,1029,,,-23.539538,-46.4317025,,,,1,2023-06-20T11:57:14+00:00
SAO_3732-10,São Paulo,3550308,True,,1029,,,-23.536818,-46.453920499999995,,,,1,2023-06-20T11:57:29+00:00
SAO_3732-10,São Paulo,3550308,True,,1029,,,-23.54025675,-46.43662125,,,,1,2023-06-20T11:57:22+00:00
SAO_3732-10,São Paulo,3550308,True,,1029,,,-23.542684,-46.4693915,,,,1,2023-06-20T11:57:24+00:00
SAO_3732-10,São Paulo,3550308,True,,1029,,,-23.54579925,-46.43560775,,,,1,2023-06-20T11:57:25+00:00
SAO_524M-10,São Paulo,3550308,True,,34399,,,-23.619495,-46.495613,,,,2,2023-06-20T11:57:26+00:00
SAO_524M-10,São Paulo,3550308,True,,34399,,,-23.595152499999998,-46.503015500000004,,,,2,2023-06-20T11:57:22+00:00
SAO_524M-10,São Paulo,3550308,True,,34399,,,-23.604965,-46.4989015,,,,2,2023-06-20T11:57:20+00:00
SAO_524M-10,São Paulo,3550308,True,,34399,,,-23.562116500000002,-46.509861,,,,2,2023-06-20T11:57:13+00:00
SAO_524M-10,São Paulo,3550308,True,,34399,,,-23.587106499999997,-46.5167715,,,,2,2023-06-20T11:57:24+00:00
SAO_524M-10,São Paulo,3550308,True,,34399,,,-23.616123,-46.4963185,,,,2,2023-06-20T11:56:57+00:00
SAO_524M-10,São Paulo,3550308,True,,34399,,,-23.619122750000002,-46.4958135,,,,2,2023-06-20T11:57:39+00:00
SAO_524M-10,São Paulo,3550308,True,,34399,,,-23.579010500000003,-46.5176665,,,,2,2023-06-20T11:57:19+00:00
SAO_4112-10,São Paulo,3550308,True,,33535,,,-23.551361749999998,-46.640548499999994,,,,2,2023-06-20T11:57:25+00:00
SAO_4112-10,São Paulo,3550308,True,,33535,,,-23.580921500000002,-46.6260625,,,,2,2023-06-20T11:57:31+00:00
SAO_4112-10,São Paulo,3550308,True,,33535,,,-23.54337975,-46.643962,,,,2,2023-06-20T11:57:15+00:00
SAO_5370-10,São Paulo,3550308,True,,1442,,,-23.558108125,-46.638202375000006,,,,1,2023-06-20T11:57:27+00:00
SAO_5370-10,São Paulo,3550308,True,,1442,,,-23.75454225,-46.711981,,,,1,2023-06-20T11:57:18+00:00
SAO_5370-10,São Paulo,3550308,True,,1442,,,-23.608176999999998,-46.666410625,,,,1,2023-06-20T11:57:17+00:00
SAO_5370-10,São Paulo,3550308,True,,1442,,,-23.71159725,-46.699049,,,,1,2023-06-20T11:57:11+00:00
SAO_5370-10,São Paulo,3550308,True,,1442,,,-23.684085500000002,-46.703199,,,,1,2023-06-20T11:57:08+00:00
SAO_5370-10,São Paulo,3550308,True,,1442,,,-23.637729999999998,-46.69437225,,,,1,2023-06-20T11:57:26+00:00
SAO_5370-10,São Paulo,3550308,True,,1442,,,-23.672251,-46.7101245,,,,1,2023-06-20T11:57:34+00:00
SAO_5370-10,São Paulo,3550308,True,,1442,,,-23.729877000000002,-46.69838225,,,,1,2023-06-20T11:57:28+00:00
SAO_2290-10,São Paulo,3550308,True,,33486,,,-23.565191,-46.51288475,,,,2,2023-06-20T11:57:17+00:00
SAO_2290-10,São Paulo,3550308,True,,33486,,,-23.6127315,-46.476122000000004,,,,2,2023-06-20T11:57:01+00:00
SAO_2290-10,São Paulo,3550308,True,,33486,,,-23.5419685,-46.549824,,,,2,2023-06-20T11:57:01+00:00
SAO_2290-10,São Paulo,3550308,True,,33486,,,-23.542944499999997,-46.54846175,,,,2,2023-06-20T11:57:15+00:00
SAO_2290-10,São Paulo,3550308,True,,33486,,,-23.582850999999998,-46.4964795,,,,2,2023-06-20T11:57:19+00:00
SAO_2290-10,São Paulo,3550308,True,,33486,,,-23.538157499999997,-46.599945500000004,,,,2,2023-06-20T11:56:58+00:00
SAO_2290-10,São Paulo,3550308,True,,33486,,,-23.564242999999998,-46.5138835,,,,2,2023-06-20T11:57:08+00:00
SAO_2290-10,São Paulo,3550308,True,,33486,,,-23.610467,-46.476589375,,,,2,2023-06-20T11:57:37+00:00
SAO_2290-10,São Paulo,3550308,True,,33486,,,-23.570087,-46.50773112499999,,,,2,2023-06-20T11:57:38+00:00
SAO_2290-10,São Paulo,3550308,True,,33486,,,-23.542893499999998,-46.54821725000001,,,,2,2023-06-20T11:57:11+00:00
SAO_2290-10,São Paulo,3550308,True,,33486,,,-23.60103025,-46.48385275,,,,2,2023-06-20T11:56:55+00:00
SAO_1767-10,São Paulo,3550308,True,,33396,,,-23.4735285,-46.5655225,,,,2,2023-06-20T11:57:15+00:00
SAO_1767-10,São Paulo,3550308,True,,33396,,,-23.4812,-46.6031955,,,,2,2023-06-20T11:57:14+00:00
SAO_1767-10,São Paulo,3550308,True,,33396,,,-23.4794755,-46.599450250000004,,,,2,2023-06-20T11:57:21+00:00
SAO_1767-10,São Paulo,3550308,True,,33396,,,-23.4736435,-46.565765999999996,,,,2,2023-06-20T11:57:16+00:00
SAO_172Y-10,São Paulo,3550308,True,,862,,,-23.5038075,-46.5927555,,,,1,2023-06-20T11:56:50+00:00
SAO_172Y-10,São Paulo,3550308,True,,862,,,-23.5416595,-46.58983475,,,,1,2023-06-20T11:57:24+00:00
SAO_172Y-10,São Paulo,3550308,True,,862,,,-23.51919025,-46.59044775,,,,1,2023-06-20T11:56:52+00:00
SAO_172Y-10,São Paulo,3550308,True,,862,,,-23.4859515,-46.582194,,,,1,2023-06-20T11:56:52+00:00
SAO_4002-10,São Paulo,3550308,True,,34945,,,-23.551655500000003,-46.46268225,,,,2,2023-06-20T11:57:27+00:00
SAO_4002-10,São Paulo,3550308,True,,34945,,,-23.584375,-46.4926265,,,,2,2023-06-20T11:57:27+00:00
SAO_4002-10,São Paulo,3550308,True,,34945,,,-23.558149,-46.399587499999996,,,,2,2023-06-20T11:57:24+00:00
SAO_4002-10,São Paulo,3550308,True,,34945,,,-23.542409499999998,-46.417221,,,,2,2023-06-20T11:55:01+00:00
SAO_637R-10,São Paulo,3550308,True,,32964,,,-23.715165,-46.773805499999995,,,,2,2023-06-20T11:57:09+00:00
SAO_637R-10,São Paulo,3550308,True,,32964,,,-23.654075,-46.711811,,,,2,2023-06-20T11:57:17+00:00
SAO_637R-10,São Paulo,3550308,True,,32964,,,-23.719981500000003,-46.769767374999994,,,,2,2023-06-20T11:57:36+00:00
SAO_637R-10,São Paulo,3550308,True,,32964,,,-23.6659005,-46.71467625,,,,2,2023-06-20T11:57:30+00:00
SAO_637R-10,São Paulo,3550308,True,,32964,,,-23.6540345,-46.7114835,,,,2,2023-06-20T11:57:28+00:00
SAO_7052-10,São Paulo,3550308,True,,1886,,,-23.6529745,-46.773157999999995,,,,1,2023-06-20T11:57:07+00:00
SAO_7052-10,São Paulo,3550308,True,,1886,,,-23.6415285,-46.7732285,,,,1,2023-06-20T11:56:59+00:00
SAO_7052-10,São Paulo,3550308,True,,1886,,,-23.651281,-46.775431,,,,1,2023-06-20T11:57:03+00:00
SAO_7052-10,São Paulo,3550308,True,,1886,,,-23.6313825,-46.77286,,,,1,2023-06-20T11:57:05+00:00
SAO_7040-10,São Paulo,3550308,True,,33544,,,-23.6236665,-46.7280325,,,,2,2023-06-20T11:57:06+00:00
SAO_7040-10,São Paulo,3550308,True,,33544,,,-23.616376000000002,-46.7209705,,,,2,2023-06-20T11:57:28+00:00
SAO_7040-10,São Paulo,3550308,True,,33544,,,-23.578369,-46.6863195,,,,2,2023-06-20T11:56:55+00:00
SAO_7040-10,São Paulo,3550308,True,,33544,,,-23.624064,-46.727723,,,,2,2023-06-20T11:56:58+00:00
SAO_7040-10,São Paulo,3550308,True,,33544,,,-23.59848225,-46.708603999999994,,,,2,2023-06-20T11:57:16+00:00
SAO_7040-10,São Paulo,3550308,True,,33544,,,-23.623910000000002,-46.727845,,,,2,2023-06-20T11:57:19+00:00
SAO_1780-10,São Paulo,3550308,True,,869,,,-23.451406499999997,-46.5808125,,,,1,2023-06-20T11:57:08+00:00
SAO_1780-10,São Paulo,3550308,True,,869,,,-23.4674525,-46.594819,,,,1,2023-06-20T11:57:34+00:00
SAO_1780-10,São Paulo,3550308,True,,869,,,-23.48666325,-46.6088145,,,,1,2023-06-20T11:57:14+00:00
SAO_1780-10,São Paulo,3550308,True,,869,,,-23.480193999999997,-46.6041105,,,,1,2023-06-20T11:57:21+00:00
SAO_8047-41,São Paulo,3550308,True,,33178,,,-23.46096525,-46.753321,,,,2,2023-06-20T11:57:04+00:00
SAO_8047-41,São Paulo,3550308,True,,33178,,,-23.463892,-46.754006,,,,2,2023-06-20T11:53:24+00:00
SAO_8032-10,São Paulo,3550308,True,,2545,,,-23.557148249999997,-46.7337965,,,,1,2023-06-20T11:56:58+00:00
SAO_8032-10,São Paulo,3550308,True,,2545,,,-23.571887,-46.7083135,,,,1,2023-06-20T11:57:23+00:00
SAO_746P-10,São Paulo,3550308,True,,788,,,-23.618063,-46.72137,,,,1,2023-06-20T11:57:25+00:00
SAO_746P-10,São Paulo,3550308,True,,788,,,-23.622549,-46.728037,,,,1,2023-06-20T11:57:07+00:00
SAO_746P-10,São Paulo,3550308,True,,788,,,-23.626061749999998,-46.7348065,,,,1,2023-06-20T11:56:59+00:00
SAO_7545-21,São Paulo,3550308,True,,1728,,,-23.5987115,-46.7761885,,,,1,2023-06-20T11:57:05+00:00
SAO_7545-21,São Paulo,3550308,True,,1728,,,-23.569701000000002,-46.68799425,,,,1,2023-06-20T11:57:29+00:00
SAO_7011-31,São Paulo,3550308,True,,1954,,,-23.694651,-46.779804999999996,,,,1,2023-06-20T11:57:06+00:00
SAO_7011-31,São Paulo,3550308,True,,1954,,,-23.705413999999998,-46.791267,,,,1,2023-06-20T11:57:33+00:00
SAO_3459-24,São Paulo,3550308,True,,1727,,,-23.494827125,-46.412429375,,,,1,2023-06-20T11:57:14+00:00
SAO_3459-24,São Paulo,3550308,True,,1727,,,-23.5229445,-46.5194575,,,,1,2023-06-20T11:57:25+00:00
SAO_3459-24,São Paulo,3550308,True,,1727,,,-23.54620025,-46.63007,,,,1,2023-06-20T11:57:29+00:00
SAO_3459-24,São Paulo,3550308,True,,1727,,,-23.494404,-46.4148335,,,,1,2023-06-20T11:57:18+00:00
SAO_2719-10,São Paulo,3550308,True,,932,,,-23.5113895,-46.502336,,,,1,2023-06-20T11:57:15+00:00
SAO_2719-10,São Paulo,3550308,True,,932,,,-23.521054,-46.525456500000004,,,,1,2023-06-20T11:57:08+00:00
SAO_2719-10,São Paulo,3550308,True,,932,,,-23.516886749999998,-46.522194999999996,,,,1,2023-06-20T11:57:26+00:00
SAO_2719-10,São Paulo,3550308,True,,932,,,-23.531444999999998,-46.5293925,,,,1,2023-06-20T11:57:37+00:00
SAO_2719-10,São Paulo,3550308,True,,932,,,-23.503149999999998,-46.488034999999996,,,,1,2023-06-20T11:57:25+00:00
SAO_2719-10,São Paulo,3550308,True,,932,,,-23.494681,-46.4841245,,,,1,2023-06-20T11:57:20+00:00
SAO_2719-10,São Paulo,3550308,True,,932,,,-23.4951015,-46.468767,,,,1,2023-06-20T11:56:59+00:00
SAO_2719-10,São Paulo,3550308,True,,932,,,-23.493449249999998,-46.473976500000006,,,,1,2023-06-20T11:56:59+00:00
SAO_4015-10,São Paulo,3550308,True,,2188,,,-23.632447,-46.462933,,,,1,2023-06-20T11:57:20+00:00
SAO_4015-10,São Paulo,3550308,True,,2188,,,-23.613228499999998,-46.476530999999994,,,,1,2023-06-20T11:57:08+00:00
SAO_1773-10,São Paulo,3550308,True,,637,,,-23.438865,-46.5692195,,,,1,2023-06-20T11:53:44+00:00
SAO_1773-10,São Paulo,3550308,True,,637,,,-23.462474999999998,-46.603145,,,,1,2023-06-20T11:57:11+00:00
SAO_1773-10,São Paulo,3550308,True,,637,,,-23.4825085,-46.630541,,,,1,2023-06-20T11:57:34+00:00
SAO_6059-10,São Paulo,3550308,True,,1226,,,-23.65173375,-46.702795,,,,1,2023-06-20T11:57:03+00:00
SAO_6059-10,São Paulo,3550308,True,,1226,,,-23.6525685,-46.733999,,,,1,2023-06-20T11:56:57+00:00
SAO_6059-10,São Paulo,3550308,True,,1226,,,-23.6787505,-46.739982999999995,,,,1,2023-06-20T11:57:10+00:00
SAO_6059-10,São Paulo,3550308,True,,1226,,,-23.63487,-46.711732999999995,,,,1,2023-06-20T11:57:35+00:00
SAO_6726-10,São Paulo,3550308,True,,1193,,,-23.749626,-46.687708,,,,1,2023-06-20T11:57:36+00:00
SAO_6726-10,São Paulo,3550308,True,,1193,,,-23.736596499999997,-46.6971045,,,,1,2023-06-20T11:57:10+00:00
SAO_6726-10,São Paulo,3550308,True,,1193,,,-23.73467,-46.66268825,,,,1,2023-06-20T11:57:20+00:00
SAO_6726-10,São Paulo,3550308,True,,1193,,,-23.73538525,-46.6645155,,,,1,2023-06-20T11:57:18+00:00
SAO_6726-10,São Paulo,3550308,True,,1193,,,-23.735712499999998,-46.69611125,,,,1,2023-06-20T11:57:25+00:00
SAO_6726-10,São Paulo,3550308,True,,1193,,,-23.746413,-46.663953,,,,1,2023-06-20T11:57:04+00:00
SAO_6071-10,São Paulo,3550308,True,,1156,,,-23.655835375,-46.70096025,,,,1,2023-06-20T11:57:32+00:00
SAO_6071-10,São Paulo,3550308,True,,1156,,,-23.653856875,-46.71128025,,,,1,2023-06-20T11:57:08+00:00
SAO_6071-10,São Paulo,3550308,True,,1156,,,-23.70600375,-46.694210999999996,,,,1,2023-06-20T11:57:19+00:00
SAO_6071-10,São Paulo,3550308,True,,1156,,,-23.688882,-46.69728,,,,1,2023-06-20T11:57:24+00:00
SAO_3002-10,São Paulo,3550308,True,,34576,,,-23.4982045,-46.3965235,,,,2,2023-06-20T11:57:32+00:00
SAO_3002-10,São Paulo,3550308,True,,34576,,,-23.496523,-46.437790500000006,,,,2,2023-06-20T11:57:01+00:00
SAO_3002-10,São Paulo,3550308,True,,34576,,,-23.5137995,-46.38007,,,,2,2023-06-20T11:57:37+00:00
SAO_3002-10,São Paulo,3550308,True,,34576,,,-23.5110475,-46.378864,,,,2,2023-06-20T11:57:25+00:00
SAO_3002-10,São Paulo,3550308,True,,34576,,,-23.510779,-46.3779755,,,,2,2023-06-20T11:54:59+00:00
SAO_809V-10,São Paulo,3550308,True,,35011,,,-23.5763875,-46.733256,,,,2,2023-06-20T11:57:32+00:00
SAO_809V-10,São Paulo,3550308,True,,35011,,,-23.564365000000002,-46.6782645,,,,2,2023-06-20T11:57:18+00:00
SAO_5108-10,São Paulo,3550308,True,,1675,,,-23.662623125000003,-46.619043625,,,,1,2023-06-20T11:57:26+00:00
SAO_5108-10,São Paulo,3550308,True,,1675,,,-23.641878,-46.6132375,,,,1,2023-06-20T11:57:28+00:00
SAO_5108-10,São Paulo,3550308,True,,1675,,,-23.60296675,-46.613850500000005,,,,1,2023-06-20T11:57:09+00:00
SAO_5108-10,São Paulo,3550308,True,,1675,,,-23.662393375,-46.618782874999994,,,,1,2023-06-20T11:57:25+00:00
SAO_5108-10,São Paulo,3550308,True,,1675,,,-23.662163624999998,-46.618522125,,,,1,2023-06-20T11:57:31+00:00
SAO_5108-10,São Paulo,3550308,True,,1675,,,-23.5455,-46.631499000000005,,,,1,2023-06-20T11:57:29+00:00
SAO_2708-10,São Paulo,3550308,True,,33689,,,-23.5429995,-46.470884999999996,,,,2,2023-06-20T11:56:57+00:00
SAO_2708-10,São Paulo,3550308,True,,33689,,,-23.533335875,-46.40048375,,,,2,2023-06-20T11:57:06+00:00
SAO_2708-10,São Paulo,3550308,True,,33689,,,-23.53539925,-46.45077575,,,,2,2023-06-20T11:56:58+00:00
SAO_2708-10,São Paulo,3550308,True,,33689,,,-23.530789,-46.4041565,,,,2,2023-06-20T11:57:00+00:00
SAO_637A-10,São Paulo,3550308,True,,185,,,-23.667810000000003,-46.731027499999996,,,,1,2023-06-20T11:57:05+00:00
SAO_637A-10,São Paulo,3550308,True,,185,,,-23.667816000000002,-46.7312965,,,,1,2023-06-20T11:57:27+00:00
SAO_637A-10,São Paulo,3550308,True,,185,,,-23.5872485,-46.6893825,,,,1,2023-06-20T11:56:53+00:00
SAO_637A-10,São Paulo,3550308,True,,185,,,-23.657176375,-46.7246078125,,,,1,2023-06-20T11:57:29+00:00
SAO_637A-10,São Paulo,3550308,True,,185,,,-23.583702000000002,-46.6834,,,,1,2023-06-20T11:57:23+00:00
SAO_637A-10,São Paulo,3550308,True,,185,,,-23.65196,-46.721824999999995,,,,1,2023-06-20T11:57:14+00:00
SAO_637A-10,São Paulo,3550308,True,,185,,,-23.6904285,-46.774029,,,,1,2023-06-20T11:57:31+00:00
SAO_637A-10,São Paulo,3550308,True,,185,,,-23.565859,-46.7013775,,,,1,2023-06-20T11:57:31+00:00
SAO_637A-10,São Paulo,3550308,True,,185,,,-23.573808749999998,-46.6889005,,,,1,2023-06-20T11:56:56+00:00
SAO_637A-10,São Paulo,3550308,True,,185,,,-23.67594,-46.753428,,,,1,2023-06-20T11:57:08+00:00
SAO_637A-10,São Paulo,3550308,True,,185,,,-23.625059,-46.7074195,,,,1,2023-06-20T11:57:33+00:00
SAO_637A-10,São Paulo,3550308,True,,185,,,-23.56555875,-46.7010795,,,,1,2023-06-20T11:57:18+00:00
SAO_637A-10,São Paulo,3550308,True,,185,,,-23.683546999999997,-46.7694185,,,,1,2023-06-20T11:57:33+00:00
SAO_637A-10,São Paulo,3550308,True,,185,,,-23.598729749999997,-46.693592249999995,,,,1,2023-06-20T11:57:07+00:00
SAO_637A-10,São Paulo,3550308,True,,185,,,-23.622582,-46.701953,,,,1,2023-06-20T11:56:54+00:00
SAO_3054-10,São Paulo,3550308,True,,975,,,-23.602428500000002,-46.413184,,,,1,2023-06-20T11:57:18+00:00
SAO_3054-10,São Paulo,3550308,True,,975,,,-23.61071875,-46.49325225,,,,1,2023-06-20T11:57:15+00:00
SAO_3054-10,São Paulo,3550308,True,,975,,,-23.59419625,-46.42337975,,,,1,2023-06-20T11:57:28+00:00
SAO_3054-10,São Paulo,3550308,True,,975,,,-23.6034025,-46.412181000000004,,,,1,2023-06-20T11:57:22+00:00
SAO_3054-10,São Paulo,3550308,True,,975,,,-23.59853,-46.468552,,,,1,2023-06-20T11:57:35+00:00
SAO_3054-10,São Paulo,3550308,True,,975,,,-23.593760375000002,-46.48665475,,,,1,2023-06-20T11:57:39+00:00
SAO_3054-10,São Paulo,3550308,True,,975,,,-23.5960245,-46.4362195,,,,1,2023-06-20T11:57:28+00:00
SAO_695Y-10,São Paulo,3550308,True,,33966,,,-23.828025500000003,-46.7271865,,,,2,2023-06-20T11:57:27+00:00
SAO_695Y-10,São Paulo,3550308,True,,33966,,,-23.787612375,-46.726357875000005,,,,2,2023-06-20T11:57:28+00:00
SAO_695Y-10,São Paulo,3550308,True,,33966,,,-23.827983,-46.727349000000004,,,,2,2023-06-20T11:57:20+00:00
SAO_695Y-10,São Paulo,3550308,True,,33966,,,-23.599464875000002,-46.658394187499994,,,,2,2023-06-20T11:57:07+00:00
SAO_695Y-10,São Paulo,3550308,True,,33966,,,-23.640276999999998,-46.6970855,,,,2,2023-06-20T11:56:58+00:00
SAO_7181-10,São Paulo,3550308,True,,34100,,,-23.5508915,-46.649001125,,,,2,2023-06-20T11:57:34+00:00
SAO_647P-10,São Paulo,3550308,True,,34084,,,-23.6701415,-46.7773185,,,,2,2023-06-20T11:57:35+00:00
SAO_647P-10,São Paulo,3550308,True,,34084,,,-23.674748,-46.78398249999999,,,,2,2023-06-20T11:57:36+00:00
SAO_647P-10,São Paulo,3550308,True,,34084,,,-23.5662285,-46.7018525,,,,2,2023-06-20T11:57:36+00:00
SAO_647P-10,São Paulo,3550308,True,,34084,,,-23.598654500000002,-46.72051999999999,,,,2,2023-06-20T11:57:21+00:00
SAO_9500-10,São Paulo,3550308,True,,33229,,,-23.4742495,-46.669781,,,,2,2023-06-20T11:57:36+00:00
SAO_9500-10,São Paulo,3550308,True,,33229,,,-23.538362749999997,-46.6409635,,,,2,2023-06-20T11:57:00+00:00
SAO_9500-10,São Paulo,3550308,True,,33229,,,-23.532787874999997,-46.645032625,,,,2,2023-06-20T11:57:35+00:00
SAO_9500-10,São Paulo,3550308,True,,33229,,,-23.50617325,-46.667454125,,,,2,2023-06-20T11:57:10+00:00
SAO_9500-10,São Paulo,3550308,True,,33229,,,-23.4742495,-46.669781,,,,2,2023-06-20T11:56:58+00:00
SAO_677A-10,São Paulo,3550308,True,,1239,,,-23.622080500000003,-46.701459,,,,1,2023-06-20T11:57:32+00:00
SAO_677A-10,São Paulo,3550308,True,,1239,,,-23.643278000000002,-46.725034,,,,1,2023-06-20T11:56:34+00:00
SAO_677A-10,São Paulo,3550308,True,,1239,,,-23.672885,-46.7448165,,,,1,2023-06-20T11:57:31+00:00
SAO_677A-10,São Paulo,3550308,True,,1239,,,-23.598577499999998,-46.690847000000005,,,,1,2023-06-20T11:57:02+00:00
SAO_677A-10,São Paulo,3550308,True,,1239,,,-23.631780499999998,-46.71531125,,,,1,2023-06-20T11:57:02+00:00
SAO_677A-10,São Paulo,3550308,True,,1239,,,-23.683262499999998,-46.768981499999995,,,,1,2023-06-20T11:57:28+00:00
SAO_677A-10,São Paulo,3550308,True,,1239,,,-23.677432500000002,-46.761209,,,,1,2023-06-20T11:56:37+00:00
SAO_N136-11,São Paulo,3550308,True,,2292,,,-23.519959,-46.700407999999996,,,,1,2023-06-20T11:57:28+00:00
SAO_675I-10,São Paulo,3550308,True,,32836,,,-23.643928,-46.7321515,,,,2,2023-06-20T11:57:06+00:00
SAO_675I-10,São Paulo,3550308,True,,32836,,,-23.643911000000003,-46.733135000000004,,,,2,2023-06-20T11:57:24+00:00
SAO_675I-10,São Paulo,3550308,True,,32836,,,-23.621364999999997,-46.6470135,,,,2,2023-06-20T11:56:57+00:00
SAO_3728-41,São Paulo,3550308,True,,34756,,,-23.5606595,-46.482326,,,,2,2023-06-20T11:57:02+00:00
SAO_3737-31,São Paulo,3550308,True,,1354,,,-23.534,-46.514281499999996,,,,1,2023-06-20T11:57:24+00:00
SAO_9717-10,São Paulo,3550308,True,,33585,,,-23.5033845,-46.623622999999995,,,,2,2023-06-20T11:57:02+00:00
SAO_9717-10,São Paulo,3550308,True,,33585,,,-23.50497125,-46.67291575,,,,2,2023-06-20T11:57:26+00:00
SAO_9717-10,São Paulo,3550308,True,,33585,,,-23.463628,-46.6811755,,,,2,2023-06-20T11:57:26+00:00
SAO_9717-10,São Paulo,3550308,True,,33585,,,-23.511491625,-46.628268625000004,,,,2,2023-06-20T11:57:25+00:00
SAO_9717-10,São Paulo,3550308,True,,33585,,,-23.512814,-46.656655,,,,2,2023-06-20T11:56:56+00:00
SAO_9717-10,São Paulo,3550308,True,,33585,,,-23.5033845,-46.623622999999995,,,,2,2023-06-20T11:57:17+00:00
SAO_675K-10,São Paulo,3550308,True,EMTU,198,https://moovitapp.com/index/pt-br/transporte_p%C3%BAblico-line-198-Sao_Paulo-242-2038937-59811937-0,6.35,-23.599055,-46.6376475,,,,1,2023-06-20T11:57:32+00:00
SAO_675K-10,São Paulo,3550308,True,EMTU,198,https://moovitapp.com/index/pt-br/transporte_p%C3%BAblico-line-198-Sao_Paulo-242-2038937-59811937-0,6.35,-23.6699925,-46.737403,,,,1,2023-06-20T11:57:20+00:00
SAO_675K-10,São Paulo,3550308,True,EMTU,198,https://moovitapp.com/index/pt-br/transporte_p%C3%BAblico-line-198-Sao_Paulo-242-2038937-59811937-0,6.35,-23.598833,-46.637642,,,,1,2023-06-20T11:57:16+00:00
SAO_675K-10,São Paulo,3550308,True,EMTU,198,https://moovitapp.com/index/pt-br/transporte_p%C3%BAblico-line-198-Sao_Paulo-242-2038937-59811937-0,6.35,-23.6636725,-46.7077935,,,,1,2023-06-20T11:56:58+00:00
SAO_675K-10,São Paulo,3550308,True,EMTU,198,https://moovitapp.com/index/pt-br/transporte_p%C3%BAblico-line-198-Sao_Paulo-242-2038937-59811937-0,6.35,-23.6759545,-46.7530775,,,,1,2023-06-20T11:57:22+00:00
SAO_675K-10,São Paulo,3550308,True,EMTU,198,https://moovitapp.com/index/pt-br/transporte_p%C3%BAblico-line-198-Sao_Paulo-242-2038937-59811937-0,6.35,-23.59694,-46.64469975,,,,1,2023-06-20T11:57:33+00:00
SAO_675K-10,São Paulo,3550308,True,EMTU,198,https://moovitapp.com/index/pt-br/transporte_p%C3%BAblico-line-198-Sao_Paulo-242-2038937-59811937-0,6.35,-23.61276225,-46.6707505,,,,1,2023-06-20T11:57:33+00:00
SAO_675K-10,São Paulo,3550308,True,EMTU,198,https://moovitapp.com/index/pt-br/transporte_p%C3%BAblico-line-198-Sao_Paulo-242-2038937-59811937-0,6.35,-23.67258425,-46.74309975,,,,1,2023-06-20T11:56:58+00:00
SAO_675K-10,São Paulo,3550308,True,EMTU,198,https://moovitapp.com/index/pt-br/transporte_p%C3%BAblico-line-198-Sao_Paulo-242-2038937-59811937-0,6.35,-23.665815000000002,-46.7117615,,,,1,2023-06-20T11:57:06+00:00
SAO_675K-10,São Paulo,3550308,True,EMTU,198,https://moovitapp.com/index/pt-br/transporte_p%C3%BAblico-line-198-Sao_Paulo-242-2038937-59811937-0,6.35,-23.690517,-46.7737425,,,,1,2023-06-20T11:57:36+00:00
SAO_675K-10,São Paulo,3550308,True,EMTU,198,https://moovitapp.com/index/pt-br/transporte_p%C3%BAblico-line-198-Sao_Paulo-242-2038937-59811937-0,6.35,-23.6364375,-46.693218,,,,1,2023-06-20T11:57:06+00:00
SAO_675K-10,São Paulo,3550308,True,EMTU,198,https://moovitapp.com/index/pt-br/transporte_p%C3%BAblico-line-198-Sao_Paulo-242-2038937-59811937-0,6.35,-23.59659775,-46.64867662499999,,,,1,2023-06-20T11:57:26+00:00
SAO_675K-10,São Paulo,3550308,True,EMTU,198,https://moovitapp.com/index/pt-br/transporte_p%C3%BAblico-line-198-Sao_Paulo-242-2038937-59811937-0,6.35,-23.63999525,-46.696571000000006,,,,1,2023-06-20T11:57:08+00:00
SAO_675K-10,São Paulo,3550308,True,EMTU,198,https://moovitapp.com/index/pt-br/transporte_p%C3%BAblico-line-198-Sao_Paulo-242-2038937-59811937-0,6.35,-23.61611275,-46.67389725,,,,1,2023-06-20T11:57:26+00:00
SAO_6028-10,São Paulo,3550308,True,,33979,,,-23.700179499999997,-46.753211500000006,,,,2,2023-06-20T11:57:38+00:00
SAO_6028-10,São Paulo,3550308,True,,33979,,,-23.70207,-46.744642,,,,2,2023-06-20T11:57:03+00:00
SAO_6028-10,São Paulo,3550308,True,,33979,,,-23.654133,-46.7095305,,,,2,2023-06-20T11:57:10+00:00
SAO_6028-10,São Paulo,3550308,True,,33979,,,-23.702140999999997,-46.744587499999994,,,,2,2023-06-20T11:57:23+00:00
SAO_6028-10,São Paulo,3550308,True,,33979,,,-23.702151,-46.7444065,,,,2,2023-06-20T11:57:27+00:00
SAO_6028-10,São Paulo,3550308,True,,33979,,,-23.701885,-46.7448945,,,,2,2023-06-20T11:56:56+00:00
SAO_6028-10,São Paulo,3550308,True,,33979,,,-23.691152,-46.7599185,,,,2,2023-06-20T11:57:21+00:00
SAO_342C-10,São Paulo,3550308,True,,1002,,,-23.5440585,-46.518887,,,,1,2023-06-20T11:57:04+00:00
SAO_342C-10,São Paulo,3550308,True,,1002,,,-23.5232615,-46.545676,,,,1,2023-06-20T11:56:55+00:00
SAO_342C-10,São Paulo,3550308,True,,1002,,,-23.560944,-46.4918265,,,,1,2023-06-20T11:57:39+00:00
SAO_342C-10,São Paulo,3550308,True,,1002,,,-23.558401500000002,-46.498166499999996,,,,1,2023-06-20T11:57:11+00:00
SAO_809H-10,São Paulo,3550308,True,,2245,,,-23.583723,-46.77855125,,,,1,2023-06-20T11:57:01+00:00
SAO_809H-10,São Paulo,3550308,True,,2245,,,-23.577787999999998,-46.74944,,,,1,2023-06-20T11:56:56+00:00
SAO_809H-10,São Paulo,3550308,True,,2245,,,-23.534827375,-46.727301749999995,,,,1,2023-06-20T11:57:11+00:00
SAO_809H-10,São Paulo,3550308,True,,2245,,,-23.522034500000004,-46.701772625000004,,,,1,2023-06-20T11:57:28+00:00
SAO_809H-10,São Paulo,3550308,True,,2245,,,-23.580671000000002,-46.794031000000004,,,,1,2023-06-20T11:57:16+00:00
SAO_509J-10,São Paulo,3550308,True,,33032,,,-23.6867895,-46.6627105,,,,2,2023-06-20T11:57:11+00:00
SAO_509J-10,São Paulo,3550308,True,,33032,,,-23.629018000000002,-46.6656615,,,,2,2023-06-20T11:57:34+00:00
SAO_509J-10,São Paulo,3550308,True,,33032,,,-23.6916685,-46.658110750000006,,,,2,2023-06-20T11:57:00+00:00
SAO_971C-10,São Paulo,3550308,True,,33339,,,-23.471397,-46.67505,,,,2,2023-06-20T11:57:17+00:00
SAO_971C-10,São Paulo,3550308,True,,33339,,,-23.448803499999997,-46.710332,,,,2,2023-06-20T11:57:06+00:00
SAO_971C-10,São Paulo,3550308,True,,33339,,,-23.448566,-46.710387999999995,,,,2,2023-06-20T11:57:17+00:00
SAO_971C-10,São Paulo,3550308,True,,33339,,,-23.4480265,-46.7153385,,,,2,2023-06-20T11:57:14+00:00
SAO_971C-10,São Paulo,3550308,True,,33339,,,-23.444650375000002,-46.717189625,,,,2,2023-06-20T11:57:33+00:00
SAO_971C-10,São Paulo,3550308,True,,33339,,,-23.460304999999998,-46.6844615,,,,2,2023-06-20T11:57:19+00:00
SAO_847P-10,São Paulo,3550308,True,,33191,,,-23.5834015,-46.683516499999996,,,,2,2023-06-20T11:57:08+00:00
SAO_847P-10,São Paulo,3550308,True,,33191,,,-23.541019249999998,-46.699289750000005,,,,2,2023-06-20T11:57:33+00:00
SAO_847P-10,São Paulo,3550308,True,,33191,,,-23.596461,-46.691906,,,,2,2023-06-20T11:57:11+00:00
SAO_847P-10,São Paulo,3550308,True,,33191,,,-23.484282999999998,-46.7219425,,,,2,2023-06-20T11:57:23+00:00
SAO_6021-10,São Paulo,3550308,True,,32945,,,-23.7958165,-46.74128,,,,2,2023-06-20T11:57:09+00:00
SAO_6021-10,São Paulo,3550308,True,,32945,,,-23.792399000000003,-46.736138499999996,,,,2,2023-06-20T11:57:00+00:00
SAO_6021-10,São Paulo,3550308,True,,32945,,,-23.7745795,-46.721787000000006,,,,2,2023-06-20T11:57:32+00:00
SAO_3735-10,São Paulo,3550308,True,,33803,,,-23.541107,-46.4847105,,,,2,2023-06-20T11:57:21+00:00
SAO_3735-10,São Paulo,3550308,True,,33803,,,-23.541323,-46.4845135,,,,2,2023-06-20T11:56:59+00:00
SAO_3735-10,São Paulo,3550308,True,,33803,,,-23.5429585,-46.4956925,,,,2,2023-06-20T11:57:24+00:00
SAO_5105-10,São Paulo,3550308,True,,34419,,,-23.5472265,-46.6288135,,,,2,2023-06-20T11:57:08+00:00
SAO_5105-10,São Paulo,3550308,True,,34419,,,-23.549543,-46.627498,,,,2,2023-06-20T11:56:53+00:00
SAO_5105-10,São Paulo,3550308,True,,34419,,,-23.5705148125,-46.6051620625,,,,2,2023-06-20T11:57:09+00:00
SAO_5105-10,São Paulo,3550308,True,,34419,,,-23.602994000000002,-46.602816000000004,,,,2,2023-06-20T11:57:14+00:00
SAO_5105-10,São Paulo,3550308,True,,34419,,,-23.6034215,-46.602013,,,,2,2023-06-20T11:57:02+00:00
SAO_5105-10,São Paulo,3550308,True,,34419,,,-23.601185249999997,-46.59873175,,,,2,2023-06-20T11:57:07+00:00
SAO_1764-10,São Paulo,3550308,True,,625,,,-23.467802,-46.6061095,,,,1,2023-06-20T11:57:20+00:00
SAO_1764-10,São Paulo,3550308,True,,625,,,-23.434097,-46.583839749999996,,,,1,2023-06-20T11:57:18+00:00
SAO_1764-10,São Paulo,3550308,True,,625,,,-23.485187500000002,-46.622832,,,,1,2023-06-20T11:57:18+00:00
SAO_1764-10,São Paulo,3550308,True,,625,,,-23.4252735,-46.582019,,,,1,2023-06-20T11:56:22+00:00
SAO_1764-10,São Paulo,3550308,True,,625,,,-23.449354,-46.5887865,,,,1,2023-06-20T11:56:57+00:00
SAO_1764-10,São Paulo,3550308,True,,625,,,-23.4777535,-46.610585,,,,1,2023-06-20T11:57:28+00:00
SAO_3754-10,São Paulo,3550308,True,,1049,,,-23.561072000000003,-46.408786,,,,1,2023-06-20T11:57:15+00:00
SAO_3754-10,São Paulo,3550308,True,,1049,,,-23.529937,-46.443731,,,,1,2023-06-20T11:57:30+00:00
SAO_3754-10,São Paulo,3550308,True,,1049,,,-23.542627000000003,-46.424943999999996,,,,1,2023-06-20T11:57:38+00:00
SAO_3754-10,São Paulo,3550308,True,,1049,,,-23.5738885,-46.3986,,,,1,2023-06-20T11:56:43+00:00
SAO_3754-10,São Paulo,3550308,True,,1049,,,-23.542716,-46.469168499999995,,,,1,2023-06-20T11:57:38+00:00
SAO_3754-10,São Paulo,3550308,True,,1049,,,-23.542630000000003,-46.468692000000004,,,,1,2023-06-20T11:57:32+00:00
SAO_938L-10,São Paulo,3550308,True,,34136,,,-23.515495,-46.6905195,,,,2,2023-06-20T11:57:28+00:00
SAO_938L-10,São Paulo,3550308,True,,34136,,,-23.4790265,-46.673203,,,,2,2023-06-20T11:56:56+00:00
SAO_6055-10,São Paulo,3550308,True,,1146,,,-23.6934455,-46.69874275,,,,1,2023-06-20T11:57:08+00:00
SAO_6055-10,São Paulo,3550308,True,,1146,,,-23.75785775,-46.707078749999994,,,,1,2023-06-20T11:57:30+00:00
SAO_6055-10,São Paulo,3550308,True,,1146,,,-23.7066535,-46.7003785,,,,1,2023-06-20T11:57:39+00:00
SAO_6055-10,São Paulo,3550308,True,,1146,,,-23.755632,-46.7097275,,,,1,2023-06-20T11:57:30+00:00
SAO_6055-10,São Paulo,3550308,True,,1146,,,-23.732001,-46.6976735,,,,1,2023-06-20T11:57:23+00:00
SAO_6055-10,São Paulo,3550308,True,,1146,,,-23.7419175,-46.69881575,,,,1,2023-06-20T11:57:24+00:00
SAO_6505-10,São Paulo,3550308,True,,1450,,,-23.66692225,-46.7231535,,,,1,2023-06-20T11:57:23+00:00
SAO_6505-10,São Paulo,3550308,True,,1450,,,-23.571265999999998,-46.663221500000006,,,,1,2023-06-20T11:57:33+00:00
SAO_6505-10,São Paulo,3550308,True,,1450,,,-23.668707,-46.7352225,,,,1,2023-06-20T11:57:24+00:00
SAO_6505-10,São Paulo,3550308,True,,1450,,,-23.658605,-46.705811499999996,,,,1,2023-06-20T11:57:07+00:00
SAO_6505-10,São Paulo,3550308,True,,1450,,,-23.63577325,-46.694183125,,,,1,2023-06-20T11:57:26+00:00
SAO_6505-10,São Paulo,3550308,True,,1450,,,-23.612455,-46.67790275,,,,1,2023-06-20T11:57:39+00:00
SAO_6505-10,São Paulo,3550308,True,,1450,,,-23.585545000000003,-46.670801999999995,,,,1,2023-06-20T11:57:25+00:00
SAO_6505-10,São Paulo,3550308,True,,1450,,,-23.668707,-46.7352225,,,,1,2023-06-20T11:57:05+00:00
SAO_5011-10,São Paulo,3550308,True,,1115,,,-23.6943965,-46.677315,,,,1,2023-06-20T11:57:09+00:00
SAO_5011-10,São Paulo,3550308,True,,1115,,,-23.7167415,-46.629450500000004,,,,1,2023-06-20T11:56:18+00:00
SAO_5011-10,São Paulo,3550308,True,,1115,,,-23.710265,-46.620691,,,,1,2023-06-20T11:55:42+00:00
SAO_5011-10,São Paulo,3550308,True,,1115,,,-23.662496,-46.692569500000005,,,,1,2023-06-20T11:57:34+00:00
SAO_5011-10,São Paulo,3550308,True,,1115,,,-23.662496,-46.692569500000005,,,,1,2023-06-20T11:57:37+00:00
SAO_1741-10,São Paulo,3550308,True,,33307,,,-23.4647525,-46.6632075,,,,2,2023-06-20T11:56:57+00:00
SAO_1741-10,São Paulo,3550308,True,,33307,,,-23.4716895,-46.6588055,,,,2,2023-06-20T11:57:33+00:00
SAO_1741-10,São Paulo,3550308,True,,33307,,,-23.500196000000003,-46.63084,,,,2,2023-06-20T11:57:21+00:00
SAO_407M-10,São Paulo,3550308,True,,33086,,,-23.57562375,-46.620910499999994,,,,2,2023-06-20T11:57:30+00:00
SAO_407M-10,São Paulo,3550308,True,,33086,,,-23.5757655,-46.6136105,,,,2,2023-06-20T11:57:04+00:00
SAO_6093-10,São Paulo,3550308,True,,1585,,,-23.7933225,-46.7292295,,,,1,2023-06-20T11:57:14+00:00
SAO_6093-10,São Paulo,3550308,True,,1585,,,-23.7721665,-46.7195685,,,,1,2023-06-20T11:57:01+00:00
SAO_6093-10,São Paulo,3550308,True,,1585,,,-23.842953,-46.7174975,,,,1,2023-06-20T11:57:04+00:00
SAO_6093-10,São Paulo,3550308,True,,1585,,,-23.773351875,-46.720543375000005,,,,1,2023-06-20T11:57:08+00:00
SAO_6093-10,São Paulo,3550308,True,,1585,,,-23.7721665,-46.7195685,,,,1,2023-06-20T11:57:07+00:00
SAO_6093-10,São Paulo,3550308,True,,1585,,,-23.7365225,-46.697042499999995,,,,1,2023-06-20T11:57:20+00:00
SAO_6093-10,São Paulo,3550308,True,,1585,,,-23.838669,-46.719837,,,,1,2023-06-20T11:57:29+00:00
SAO_6093-10,São Paulo,3550308,True,,1585,,,-23.811533750000002,-46.73621675,,,,1,2023-06-20T11:57:37+00:00
SAO_6093-10,São Paulo,3550308,True,,1585,,,-23.7692035,-46.7176365,,,,1,2023-06-20T11:57:26+00:00
SAO_2772-10,São Paulo,3550308,True,,398,,,-23.496399,-46.453089000000006,,,,1,2023-06-20T11:57:06+00:00
SAO_2772-10,São Paulo,3550308,True,,398,,,-23.533080499999997,-46.543136,,,,1,2023-06-20T11:57:34+00:00
SAO_2772-10,São Paulo,3550308,True,,398,,,-23.523691,-46.406721,,,,1,2023-06-20T11:57:33+00:00
SAO_2772-10,São Paulo,3550308,True,,398,,,-23.4938905,-46.4175005,,,,1,2023-06-20T11:57:14+00:00
SAO_2772-10,São Paulo,3550308,True,,398,,,-23.5142675,-46.519064,,,,1,2023-06-20T11:57:34+00:00
SAO_351F-10,São Paulo,3550308,True,,33455,,,-23.5702115,-46.5404695,,,,2,2023-06-20T11:57:36+00:00
SAO_351F-10,São Paulo,3550308,True,,33455,,,-23.4606475,-46.583239,,,,2,2023-06-20T11:57:36+00:00
SAO_351F-10,São Paulo,3550308,True,,33455,,,-23.4618045,-46.5828915,,,,2,2023-06-20T11:57:03+00:00
SAO_351F-10,São Paulo,3550308,True,,33455,,,-23.539287,-46.598583500000004,,,,2,2023-06-20T11:57:03+00:00
SAO_971M-10,São Paulo,3550308,True,,33380,,,-23.490305,-46.6886595,,,,2,2023-06-20T11:57:23+00:00
SAO_971M-10,São Paulo,3550308,True,,33380,,,-23.490305,-46.6886595,,,,2,2023-06-20T11:57:12+00:00
SAO_971M-10,São Paulo,3550308,True,,33380,,,-23.4705105,-46.679898,,,,2,2023-06-20T11:57:26+00:00
SAO_971M-10,São Paulo,3550308,True,,33380,,,-23.50092025,-46.624976625,,,,2,2023-06-20T11:57:13+00:00
SAO_971M-10,São Paulo,3550308,True,,33380,,,-23.474333,-46.667280500000004,,,,2,2023-06-20T11:57:33+00:00
SAO_971M-10,São Paulo,3550308,True,,33380,,,-23.49199,-46.625986000000005,,,,2,2023-06-20T11:57:23+00:00
SAO_6041-10,São Paulo,3550308,True,,1218,,,-23.690493500000002,-46.780443,,,,1,2023-06-20T11:57:23+00:00
SAO_6041-10,São Paulo,3550308,True,,1218,,,-23.66215,-46.7691005,,,,1,2023-06-20T11:57:28+00:00
SAO_6041-10,São Paulo,3550308,True,,1218,,,-23.690493500000002,-46.780443,,,,1,2023-06-20T11:57:14+00:00
SAO_6041-10,São Paulo,3550308,True,,1218,,,-23.64479025,-46.725692,,,,1,2023-06-20T11:57:20+00:00
SAO_6041-10,São Paulo,3550308,True,,1218,,,-23.645789999999998,-46.7465015,,,,1,2023-06-20T11:57:17+00:00
SAO_6041-10,São Paulo,3550308,True,,1218,,,-23.67434825,-46.77373575,,,,1,2023-06-20T11:57:17+00:00
SAO_6041-10,São Paulo,3550308,True,,1218,,,-23.690493500000002,-46.780443,,,,1,2023-06-20T11:57:16+00:00
SAO_6041-10,São Paulo,3550308,True,,1218,,,-23.686853624999998,-46.780378125,,,,1,2023-06-20T11:56:56+00:00
SAO_6041-10,São Paulo,3550308,True,,1218,,,-23.65217175,-46.708138,,,,1,2023-06-20T11:57:09+00:00
SAO_6056-10,São Paulo,3550308,True,,1147,,,-23.7612601875,-46.7099156875,,,,1,2023-06-20T11:57:24+00:00
SAO_6056-10,São Paulo,3550308,True,,1147,,,-23.7539005,-46.708663125,,,,1,2023-06-20T11:57:31+00:00
SAO_6056-10,São Paulo,3550308,True,,1147,,,-23.7632575,-46.697492499999996,,,,1,2023-06-20T11:57:06+00:00
SAO_6056-10,São Paulo,3550308,True,,1147,,,-23.746439000000002,-46.707392,,,,1,2023-06-20T11:56:57+00:00
SAO_6056-10,São Paulo,3550308,True,,1147,,,-23.737047,-46.697469,,,,1,2023-06-20T11:57:13+00:00
SAO_7040-10,São Paulo,3550308,True,,776,,,-23.611250499999997,-46.712872749999995,,,,1,2023-06-20T11:57:30+00:00
SAO_7040-10,São Paulo,3550308,True,,776,,,-23.613913,-46.714546999999996,,,,1,2023-06-20T11:57:32+00:00
SAO_7040-10,São Paulo,3550308,True,,776,,,-23.565434500000002,-46.69406,,,,1,2023-06-20T11:57:17+00:00
SAO_7040-10,São Paulo,3550308,True,,776,,,-23.6217715,-46.7277275,,,,1,2023-06-20T11:57:32+00:00
SAO_7040-10,São Paulo,3550308,True,,776,,,-23.577859,-46.68641674999999,,,,1,2023-06-20T11:56:57+00:00
SAO_7040-10,São Paulo,3550308,True,,776,,,-23.5655225,-46.693991499999996,,,,1,2023-06-20T11:55:44+00:00
SAO_7040-10,São Paulo,3550308,True,,776,,,-23.565663,-46.693863500000006,,,,1,2023-06-20T11:57:03+00:00
SAO_7040-10,São Paulo,3550308,True,,776,,,-23.577859,-46.68641674999999,,,,1,2023-06-20T11:57:04+00:00
SAO_7040-10,São Paulo,3550308,True,,776,,,-23.611250499999997,-46.712872749999995,,,,1,2023-06-20T11:57:20+00:00
SAO_7040-10,São Paulo,3550308,True,,776,,,-23.5865565,-46.6898065,,,,1,2023-06-20T11:57:13+00:00
SAO_7040-10,São Paulo,3550308,True,,776,,,-23.613324499999997,-46.7210805,,,,1,2023-06-20T11:57:25+00:00
SAO_7040-10,São Paulo,3550308,True,,776,,,-23.5657955,-46.693697,,,,1,2023-06-20T11:56:55+00:00
SAO_2583-10,São Paulo,3550308,True,,33143,,,-23.510990500000002,-46.42110675,,,,2,2023-06-20T11:57:17+00:00
SAO_2583-10,São Paulo,3550308,True,,33143,,,-23.5075325,-46.489591250000004,,,,2,2023-06-20T11:57:37+00:00
SAO_2703-22,São Paulo,3550308,True,,1809,,,-23.525133750000002,-46.441567250000006,,,,1,2023-06-20T11:57:03+00:00
SAO_2703-22,São Paulo,3550308,True,,1809,,,-23.540031,-46.459336,,,,1,2023-06-20T11:56:58+00:00
SAO_2023-10,São Paulo,3550308,True,,35028,,,-23.479859500000003,-46.6022495,,,,2,2023-06-20T11:57:35+00:00
SAO_2023-10,São Paulo,3550308,True,,35028,,,-23.458576,-46.6023755,,,,2,2023-06-20T11:55:46+00:00
SAO_2023-10,São Paulo,3550308,True,,35028,,,-23.398296000000002,-46.577902,,,,2,2023-06-20T11:57:17+00:00
SAO_2023-10,São Paulo,3550308,True,,35028,,,-23.398296000000002,-46.577902,,,,2,2023-06-20T11:57:26+00:00
SAO_8600-10,São Paulo,3550308,True,,1432,,,-23.486732,-46.726426000000004,,,,1,2023-06-20T11:57:25+00:00
SAO_8600-10,São Paulo,3550308,True,,1432,,,-23.4878705,-46.71395975,,,,1,2023-06-20T11:57:31+00:00
SAO_8600-10,São Paulo,3550308,True,,1432,,,-23.520794125000002,-46.66974731249999,,,,1,2023-06-20T11:57:12+00:00
SAO_8600-10,São Paulo,3550308,True,,1432,,,-23.483920249999997,-46.716664,,,,1,2023-06-20T11:57:22+00:00
SAO_8600-10,São Paulo,3550308,True,,1432,,,-23.532875625000003,-46.6451405,,,,1,2023-06-20T11:57:31+00:00
SAO_8600-10,São Paulo,3550308,True,,1432,,,-23.486732,-46.726426000000004,,,,1,2023-06-20T11:57:14+00:00
SAO_8600-10,São Paulo,3550308,True,,1432,,,-23.527588,-46.648296125,,,,1,2023-06-20T11:57:25+00:00
SAO_8600-10,São Paulo,3550308,True,,1432,,,-23.486492,-46.725708499999996,,,,1,2023-06-20T11:57:12+00:00
SAO_819A-10,São Paulo,3550308,True,,33571,,,-23.43828025,-46.749366,,,,2,2023-06-20T11:57:22+00:00
SAO_819A-10,São Paulo,3550308,True,,33571,,,-23.455434500000003,-46.6937785,,,,2,2023-06-20T11:57:08+00:00
SAO_819A-10,São Paulo,3550308,True,,33571,,,-23.449891,-46.735252,,,,2,2023-06-20T11:57:03+00:00
SAO_819A-10,São Paulo,3550308,True,,33571,,,-23.4386675,-46.748738,,,,2,2023-06-20T11:57:29+00:00
SAO_819A-10,São Paulo,3550308,True,,33571,,,-23.4354505,-46.728465,,,,2,2023-06-20T11:57:04+00:00
SAO_819A-10,São Paulo,3550308,True,,33571,,,-23.447651999999998,-46.7435495,,,,2,2023-06-20T11:57:09+00:00
SAO_819A-10,São Paulo,3550308,True,,33571,,,-23.459804999999996,-46.68515025,,,,2,2023-06-20T11:57:17+00:00
SAO_2766-10,São Paulo,3550308,True,EMTU,405,https://moovitapp.com/index/pt-br/transporte_p%C3%BAblico-line-405-Sao_Paulo-242-2038937-36419467-0,5.35,-23.5196105,-46.3872475,,,,1,2023-06-20T11:56:51+00:00
SAO_2766-10,São Paulo,3550308,True,EMTU,405,https://moovitapp.com/index/pt-br/transporte_p%C3%BAblico-line-405-Sao_Paulo-242-2038937-36419467-0,5.35,-23.496196499999996,-46.4023325,,,,1,2023-06-20T11:56:57+00:00
SAO_2766-10,São Paulo,3550308,True,EMTU,405,https://moovitapp.com/index/pt-br/transporte_p%C3%BAblico-line-405-Sao_Paulo-242-2038937-36419467-0,5.35,-23.501754249999998,-46.442651,,,,1,2023-06-20T11:57:07+00:00
SAO_2766-10,São Paulo,3550308,True,EMTU,405,https://moovitapp.com/index/pt-br/transporte_p%C3%BAblico-line-405-Sao_Paulo-242-2038937-36419467-0,5.35,-23.5425065,-46.4668655,,,,1,2023-06-20T11:57:23+00:00
SAO_2766-10,São Paulo,3550308,True,EMTU,405,https://moovitapp.com/index/pt-br/transporte_p%C3%BAblico-line-405-Sao_Paulo-242-2038937-36419467-0,5.35,-23.493128249999998,-46.442384000000004,,,,1,2023-06-20T11:57:15+00:00
SAO_5142-10,São Paulo,3550308,True,,1626,,,-23.54620025,-46.63007,,,,1,2023-06-20T11:56:56+00:00
SAO_5142-10,São Paulo,3550308,True,,1626,,,-23.604991,-46.5148995,,,,1,2023-06-20T11:57:16+00:00
SAO_5142-10,São Paulo,3550308,True,,1626,,,-23.620425,-46.50976,,,,1,2023-06-20T11:57:33+00:00
SAO_5142-10,São Paulo,3550308,True,,1626,,,-23.582876437499998,-46.588165937499994,,,,1,2023-06-20T11:57:11+00:00
SAO_5142-10,São Paulo,3550308,True,,1626,,,-23.577176,-46.6100135,,,,1,2023-06-20T11:57:17+00:00
SAO_5142-10,São Paulo,3550308,True,,1626,,,-23.591703,-46.548860250000004,,,,1,2023-06-20T11:57:33+00:00
SAO_5142-10,São Paulo,3550308,True,,1626,,,-23.613964,-46.500782,,,,1,2023-06-20T11:57:20+00:00
SAO_273F-10,São Paulo,3550308,True,,159,,,-23.5342945,-46.454449,,,,1,2023-06-20T11:57:04+00:00
SAO_273F-10,São Paulo,3550308,True,,159,,,-23.4903085,-46.417712,,,,1,2023-06-20T11:57:29+00:00
SAO_675P-10,São Paulo,3550308,True,STT,275,https://moovitapp.com/index/pt-br/transporte_p%C3%BAblico-line-275-Sao_Paulo-242-850661-183275-0,5.3,-23.647017499999997,-46.6451665,,,,1,2023-06-20T11:56:53+00:00
SAO_675P-10,São Paulo,3550308,True,STT,275,https://moovitapp.com/index/pt-br/transporte_p%C3%BAblico-line-275-Sao_Paulo-242-850661-183275-0,5.3,-23.6499955,-46.6772475,,,,1,2023-06-20T11:57:15+00:00
SAO_675P-10,São Paulo,3550308,True,STT,275,https://moovitapp.com/index/pt-br/transporte_p%C3%BAblico-line-275-Sao_Paulo-242-850661-183275-0,5.3,-23.6385625,-46.6326495,,,,1,2023-06-20T11:57:22+00:00
SAO_675P-10,São Paulo,3550308,True,STT,275,https://moovitapp.com/index/pt-br/transporte_p%C3%BAblico-line-275-Sao_Paulo-242-850661-183275-0,5.3,-23.650205,-46.64696525,,,,1,2023-06-20T11:57:20+00:00
SAO_675P-10,São Paulo,3550308,True,STT,275,https://moovitapp.com/index/pt-br/transporte_p%C3%BAblico-line-275-Sao_Paulo-242-850661-183275-0,5.3,-23.6774985,-46.7014125,,,,1,2023-06-20T11:57:10+00:00
SAO_2703-10,São Paulo,3550308,True,,33683,,,-23.5292955,-46.419906,,,,2,2023-06-20T11:57:28+00:00
SAO_2703-10,São Paulo,3550308,True,,33683,,,-23.524516249999998,-46.422036250000005,,,,2,2023-06-20T11:56:39+00:00
SAO_2703-10,São Paulo,3550308,True,,33683,,,-23.529075,-46.42023275,,,,2,2023-06-20T11:57:18+00:00
SAO_2703-10,São Paulo,3550308,True,,33683,,,-23.540993999999998,-46.4662425,,,,2,2023-06-20T11:57:17+00:00
SAO_2703-10,São Paulo,3550308,True,,33683,,,-23.528895,-46.420494250000004,,,,2,2023-06-20T11:56:56+00:00
SAO_2703-10,São Paulo,3550308,True,,33683,,,-23.5292015,-46.420719500000004,,,,2,2023-06-20T11:57:26+00:00
SAO_2703-10,São Paulo,3550308,True,,33683,,,-23.5352045,-46.4539815,,,,2,2023-06-20T11:54:59+00:00
SAO_9012-10,São Paulo,3550308,True,,34036,,,-23.473307499999997,-46.6835035,,,,2,2023-06-20T11:57:29+00:00
SAO_9012-10,São Paulo,3550308,True,,34036,,,-23.493637,-46.6918385,,,,2,2023-06-20T11:57:13+00:00
SAO_574C-10,São Paulo,3550308,True,,34407,,,-23.59661825,-46.528367,,,,2,2023-06-20T11:57:38+00:00
SAO_574C-10,São Paulo,3550308,True,,34407,,,-23.611402,-46.473266,,,,2,2023-06-20T11:57:12+00:00
SAO_574C-10,São Paulo,3550308,True,,34407,,,-23.598895499999998,-46.566867,,,,2,2023-06-20T11:57:31+00:00
SAO_574C-10,São Paulo,3550308,True,,34407,,,-23.589803,-46.544441500000005,,,,2,2023-06-20T11:54:44+00:00
SAO_574C-10,São Paulo,3550308,True,,34407,,,-23.6128455,-46.5041845,,,,2,2023-06-20T11:57:29+00:00
SAO_3033-10,São Paulo,3550308,True,,968,,,-23.542614,-46.4155005,,,,1,2023-06-20T11:53:58+00:00
SAO_3033-10,São Paulo,3550308,True,,968,,,-23.595953,-46.4364655,,,,1,2023-06-20T11:57:06+00:00
SAO_3033-10,São Paulo,3550308,True,,968,,,-23.571938,-46.41676125,,,,1,2023-06-20T11:57:20+00:00
SAO_3033-10,São Paulo,3550308,True,,968,,,-23.554762,-46.401109500000004,,,,1,2023-06-20T11:57:25+00:00
SAO_3033-10,São Paulo,3550308,True,,968,,,-23.554804500000003,-46.4012575,,,,1,2023-06-20T11:57:22+00:00
SAO_3033-10,São Paulo,3550308,True,,968,,,-23.5956925,-46.4346025,,,,1,2023-06-20T11:57:00+00:00
SAO_3033-10,São Paulo,3550308,True,,968,,,-23.6058435,-46.4714175,,,,1,2023-06-20T11:57:26+00:00
SAO_3033-10,São Paulo,3550308,True,,968,,,-23.550410499999998,-46.407157999999995,,,,1,2023-06-20T11:55:49+00:00
SAO_3033-10,São Paulo,3550308,True,,968,,,-23.572479,-46.4162545,,,,1,2023-06-20T11:54:50+00:00
SAO_3033-10,São Paulo,3550308,True,,968,,,-23.554762,-46.401109500000004,,,,1,2023-06-20T11:56:42+00:00
SAO_4312-10,São Paulo,3550308,True,,34940,,,-23.570552125,-46.489686875,,,,2,2023-06-20T11:56:58+00:00
SAO_4312-10,São Paulo,3550308,True,,34940,,,-23.5408825,-46.5134365,,,,2,2023-06-20T11:57:07+00:00
SAO_4312-10,São Paulo,3550308,True,,34940,,,-23.558158,-46.4910115,,,,2,2023-06-20T11:57:28+00:00
SAO_4312-10,São Paulo,3550308,True,,34940,,,-23.548166000000002,-46.602606,,,,2,2023-06-20T11:57:24+00:00
SAO_4312-10,São Paulo,3550308,True,,34940,,,-23.544462,-46.592740500000005,,,,2,2023-06-20T11:57:03+00:00
SAO_4312-10,São Paulo,3550308,True,,34940,,,-23.570552125,-46.489686875,,,,2,2023-06-20T11:57:23+00:00
SAO_4312-10,São Paulo,3550308,True,,34940,,,-23.570552125,-46.489686875,,,,2,2023-06-20T11:57:33+00:00
SAO_1742-10,São Paulo,3550308,True,,33310,,,-23.465025999999998,-46.65187775,,,,2,2023-06-20T11:57:16+00:00
SAO_1742-10,São Paulo,3550308,True,,33310,,,-23.457126,-46.65923775,,,,2,2023-06-20T11:57:21+00:00
SAO_1742-10,São Paulo,3550308,True,,33310,,,-23.499039500000002,-46.624944,,,,2,2023-06-20T11:56:56+00:00
SAO_1742-10,São Paulo,3550308,True,,33310,,,-23.502429499999998,-46.624207,,,,2,2023-06-20T11:57:11+00:00
SAO_607A-10,São Paulo,3550308,True,,2139,,,-23.667255500000003,-46.7055955,,,,1,2023-06-20T11:56:58+00:00
SAO_607A-10,São Paulo,3550308,True,,2139,,,-23.6920815,-46.67773,,,,1,2023-06-20T11:57:31+00:00
SAO_607A-10,São Paulo,3550308,True,,2139,,,-23.660861000000004,-46.71707725,,,,1,2023-06-20T11:57:27+00:00
SAO_403A-10,São Paulo,3550308,True,,2192,,,-23.521452,-46.5467705,,,,1,2023-06-20T11:57:35+00:00
SAO_403A-10,São Paulo,3550308,True,,2192,,,-23.5398865,-46.431905,,,,1,2023-06-20T11:57:21+00:00
SAO_403A-10,São Paulo,3550308,True,,2192,,,-23.549501,-46.5075425,,,,1,2023-06-20T11:57:24+00:00
SAO_403A-10,São Paulo,3550308,True,,2192,,,-23.550668,-46.462807999999995,,,,1,2023-06-20T11:57:36+00:00
SAO_403A-10,São Paulo,3550308,True,,2192,,,-23.5550865,-46.444182999999995,,,,1,2023-06-20T11:54:52+00:00
SAO_6034-10,São Paulo,3550308,True,,32863,,,-23.744994499999997,-46.667494500000004,,,,2,2023-06-20T11:57:31+00:00
SAO_6034-10,São Paulo,3550308,True,,32863,,,-23.753743999999998,-46.687236,,,,2,2023-06-20T11:56:58+00:00
SAO_6034-10,São Paulo,3550308,True,,32863,,,-23.747656499999998,-46.6691325,,,,2,2023-06-20T11:57:30+00:00
SAO_6034-10,São Paulo,3550308,True,,32863,,,-23.735961500000002,-46.69631975,,,,2,2023-06-20T11:57:24+00:00
SAO_8013-10,São Paulo,3550308,True,,33568,,,-23.497001250000004,-46.75452825,,,,2,2023-06-20T11:57:03+00:00
SAO_8013-10,São Paulo,3550308,True,,33568,,,-23.428131375,-46.787196875,,,,2,2023-06-20T11:56:56+00:00
SAO_8013-10,São Paulo,3550308,True,,33568,,,-23.503115,-46.753467,,,,2,2023-06-20T11:56:53+00:00
SAO_8013-10,São Paulo,3550308,True,,33568,,,-23.522081,-46.71824599999999,,,,2,2023-06-20T11:56:53+00:00
SAO_8013-10,São Paulo,3550308,True,,33568,,,-23.49378775,-46.763847,,,,2,2023-06-20T11:57:20+00:00
SAO_8013-10,São Paulo,3550308,True,,33568,,,-23.519316000000003,-46.70403,,,,2,2023-06-20T11:57:24+00:00
SAO_8013-10,São Paulo,3550308,True,,33568,,,-23.518331,-46.7248665,,,,2,2023-06-20T11:56:52+00:00
SAO_5036-10,São Paulo,3550308,True,,34434,,,-23.6573725,-46.6138675,,,,2,2023-06-20T11:57:08+00:00
SAO_5036-10,São Paulo,3550308,True,,34434,,,-23.608652499999998,-46.610600500000004,,,,2,2023-06-20T11:57:13+00:00
SAO_5036-10,São Paulo,3550308,True,,34434,,,-23.657293,-46.613560500000006,,,,2,2023-06-20T11:57:10+00:00
SAO_5021-10,São Paulo,3550308,True,,1667,,,-23.606575,-46.6164105,,,,1,2023-06-20T11:57:17+00:00
SAO_3751-10,São Paulo,3550308,True,,33815,,,-23.538100375,-46.454151374999995,,,,2,2023-06-20T11:57:14+00:00
SAO_3751-10,São Paulo,3550308,True,,33815,,,-23.552227000000002,-46.4415295,,,,2,2023-06-20T11:57:36+00:00
SAO_3751-10,São Paulo,3550308,True,,33815,,,-23.5690765,-46.419328,,,,2,2023-06-20T11:57:23+00:00
SAO_3751-10,São Paulo,3550308,True,,33815,,,-23.569284,-46.419511,,,,2,2023-06-20T11:57:05+00:00
SAO_3751-10,São Paulo,3550308,True,,33815,,,-23.5695605,-46.4102685,,,,2,2023-06-20T11:57:29+00:00
SAO_978T-10,São Paulo,3550308,True,,33657,,,-23.492423000000002,-46.696241,,,,2,2023-06-20T11:56:55+00:00
SAO_978T-10,São Paulo,3550308,True,,33657,,,-23.461289,-46.6872475,,,,2,2023-06-20T11:57:17+00:00
SAO_978T-10,São Paulo,3550308,True,,33657,,,-23.526267500000003,-46.667531499999996,,,,2,2023-06-20T11:57:23+00:00
SAO_978T-10,São Paulo,3550308,True,,33657,,,-23.461289,-46.6872475,,,,2,2023-06-20T11:57:11+00:00
SAO_978T-10,São Paulo,3550308,True,,33657,,,-23.4732615,-46.6902875,,,,2,2023-06-20T11:57:06+00:00
SAO_978T-10,São Paulo,3550308,True,,33657,,,-23.461289,-46.6872475,,,,2,2023-06-20T11:57:19+00:00
SAO_978T-10,São Paulo,3550308,True,,33657,,,-23.526267500000003,-46.667531499999996,,,,2,2023-06-20T11:57:27+00:00
SAO_978T-10,São Paulo,3550308,True,,33657,,,-23.528373000000002,-46.675531,,,,2,2023-06-20T11:57:34+00:00
SAO_978T-10,São Paulo,3550308,True,,33657,,,-23.5155075,-46.6911975,,,,2,2023-06-20T11:57:06+00:00
SAO_8000-10,São Paulo,3550308,True,,1273,,,-23.525332,-46.683056125,,,,1,2023-06-20T11:57:08+00:00
SAO_8000-10,São Paulo,3550308,True,,1273,,,-23.54287875,-46.64336387499999,,,,1,2023-06-20T11:57:36+00:00
SAO_273V-10,São Paulo,3550308,True,,32999,,,-23.521937,-46.4241185,,,,2,2023-06-20T11:57:26+00:00
SAO_273V-10,São Paulo,3550308,True,,32999,,,-23.527627000000003,-46.446813500000005,,,,2,2023-06-20T11:57:00+00:00
SAO_273V-10,São Paulo,3550308,True,,32999,,,-23.532755,-46.5452535,,,,2,2023-06-20T11:57:16+00:00
SAO_1012-10,São Paulo,3550308,True,,2486,,,-23.441478500000002,-46.80618075,,,,1,2023-06-20T11:57:34+00:00
SAO_1012-10,São Paulo,3550308,True,,2486,,,-23.429061499999996,-46.795283375000004,,,,1,2023-06-20T11:56:54+00:00
SAO_8610-10,São Paulo,3550308,True,,34831,,,-23.584975,-46.740498,,,,2,2023-06-20T11:57:16+00:00
SAO_8610-10,São Paulo,3550308,True,,34831,,,-23.60290825,-46.781836999999996,,,,2,2023-06-20T11:57:19+00:00
SAO_8610-10,São Paulo,3550308,True,,34831,,,-23.6032175,-46.780919,,,,2,2023-06-20T11:57:34+00:00
SAO_8610-10,São Paulo,3550308,True,,34831,,,-23.570796,-46.662850500000005,,,,2,2023-06-20T11:57:39+00:00
SAO_517J-10,São Paulo,3550308,True,,33897,,,-23.662989,-46.681357,,,,2,2023-06-20T11:57:16+00:00
SAO_517J-10,São Paulo,3550308,True,,33897,,,-23.690879,-46.649802,,,,2,2023-06-20T11:57:28+00:00
SAO_517J-10,São Paulo,3550308,True,,33897,,,-23.690948499999998,-46.6569785,,,,2,2023-06-20T11:57:38+00:00
SAO_517J-10,São Paulo,3550308,True,,33897,,,-23.6911755,-46.656424,,,,2,2023-06-20T11:57:09+00:00
SAO_9020-10,São Paulo,3550308,True,,1434,,,-23.473872,-46.7166145,,,,1,2023-06-20T11:57:17+00:00
SAO_9020-10,São Paulo,3550308,True,,1434,,,-23.481636,-46.718026,,,,1,2023-06-20T11:57:18+00:00
SAO_3787-10,São Paulo,3550308,True,,34380,,,-23.60186025,-46.398567,,,,2,2023-06-20T11:57:23+00:00
SAO_3787-10,São Paulo,3550308,True,,34380,,,-23.60186025,-46.398567,,,,2,2023-06-20T11:57:04+00:00
SAO_3787-10,São Paulo,3550308,True,,34380,,,-23.5941015,-46.420638499999995,,,,2,2023-06-20T11:57:10+00:00
SAO_3787-10,São Paulo,3550308,True,,34380,,,-23.556459625000002,-46.448355,,,,2,2023-06-20T11:56:58+00:00
SAO_6837-10,São Paulo,3550308,True,,32774,,,-23.617424999999997,-46.757842499999995,,,,2,2023-06-20T11:57:31+00:00
SAO_6837-10,São Paulo,3550308,True,,32774,,,-23.6468955,-46.7637325,,,,2,2023-06-20T11:57:33+00:00
SAO_6837-10,São Paulo,3550308,True,,32774,,,-23.6161065,-46.739967,,,,2,2023-06-20T11:57:22+00:00
SAO_6837-10,São Paulo,3550308,True,,32774,,,-23.618688,-46.75839425,,,,2,2023-06-20T11:57:07+00:00
SAO_9051-10,São Paulo,3550308,True,,2089,,,-23.565272,-46.696377999999996,,,,1,2023-06-20T11:56:59+00:00
SAO_2008-10,São Paulo,3550308,True,,897,,,-23.521084000000002,-46.3870275,,,,1,2023-06-20T11:57:09+00:00
SAO_2008-10,São Paulo,3550308,True,,897,,,-23.51992775,-46.38713175,,,,1,2023-06-20T11:56:54+00:00
SAO_2008-10,São Paulo,3550308,True,,897,,,-23.4941885,-46.400822,,,,1,2023-06-20T11:57:35+00:00
SAO_2008-10,São Paulo,3550308,True,,897,,,-23.5089125,-46.395123,,,,1,2023-06-20T11:57:24+00:00
SAO_2008-10,São Paulo,3550308,True,,897,,,-23.494205,-46.401126000000005,,,,1,2023-06-20T11:57:16+00:00
SAO_2008-10,São Paulo,3550308,True,,897,,,-23.521084000000002,-46.3870275,,,,1,2023-06-20T11:57:08+00:00
SAO_2008-10,São Paulo,3550308,True,,897,,,-23.521084000000002,-46.3870275,,,,1,2023-06-20T11:56:58+00:00
SAO_2008-10,São Paulo,3550308,True,,897,,,-23.511593,-46.394174,,,,1,2023-06-20T11:56:53+00:00
SAO_5018-31,São Paulo,3550308,True,,1861,,,-23.68983025,-46.66655475,,,,1,2023-06-20T11:57:09+00:00
SAO_5018-31,São Paulo,3550308,True,,1861,,,-23.691888,-46.6605995,,,,1,2023-06-20T11:56:56+00:00
SAO_2666-10,São Paulo,3550308,True,EMTU,378,https://moovitapp.com/index/pt-br/transporte_p%C3%BAblico-line-378-Sao_Paulo-242-2038937-36419452-0,12.1,-23.5111405,-46.394338000000005,,,,1,2023-06-20T11:57:31+00:00
SAO_2666-10,São Paulo,3550308,True,EMTU,378,https://moovitapp.com/index/pt-br/transporte_p%C3%BAblico-line-378-Sao_Paulo-242-2038937-36419452-0,12.1,-23.522164,-46.53876775,,,,1,2023-06-20T11:56:32+00:00
SAO_2666-10,São Paulo,3550308,True,EMTU,378,https://moovitapp.com/index/pt-br/transporte_p%C3%BAblico-line-378-Sao_Paulo-242-2038937-36419452-0,12.1,-23.497985,-46.458648,,,,1,2023-06-20T11:57:00+00:00
SAO_2666-10,São Paulo,3550308,True,EMTU,378,https://moovitapp.com/index/pt-br/transporte_p%C3%BAblico-line-378-Sao_Paulo-242-2038937-36419452-0,12.1,-23.546727,-46.629723999999996,,,,1,2023-06-20T11:57:01+00:00
SAO_2666-10,São Paulo,3550308,True,EMTU,378,https://moovitapp.com/index/pt-br/transporte_p%C3%BAblico-line-378-Sao_Paulo-242-2038937-36419452-0,12.1,-23.49206775,-46.447616249999996,,,,1,2023-06-20T11:57:13+00:00
SAO_2666-10,São Paulo,3550308,True,EMTU,378,https://moovitapp.com/index/pt-br/transporte_p%C3%BAblico-line-378-Sao_Paulo-242-2038937-36419452-0,12.1,-23.51828025,-46.3879975,,,,1,2023-06-20T11:57:26+00:00
SAO_2666-10,São Paulo,3550308,True,EMTU,378,https://moovitapp.com/index/pt-br/transporte_p%C3%BAblico-line-378-Sao_Paulo-242-2038937-36419452-0,12.1,-23.540879750000002,-46.61327575,,,,1,2023-06-20T11:57:36+00:00
SAO_6045-21,São Paulo,3550308,True,,2164,,,-23.6990275,-46.7964265,,,,1,2023-06-20T11:57:34+00:00
SAO_6045-21,São Paulo,3550308,True,,2164,,,-23.6943805,-46.793962,,,,1,2023-06-20T11:57:00+00:00
SAO_6045-21,São Paulo,3550308,True,,2164,,,-23.699756,-46.7916255,,,,1,2023-06-20T11:57:15+00:00
SAO_6045-21,São Paulo,3550308,True,,2164,,,-23.67105,-46.772944499999994,,,,1,2023-06-20T11:57:02+00:00
SAO_7062-31,São Paulo,3550308,True,,34682,,,-23.6463475,-46.7730035,,,,2,2023-06-20T11:57:37+00:00
SAO_7062-31,São Paulo,3550308,True,,34682,,,-23.6435375,-46.776610000000005,,,,2,2023-06-20T11:57:20+00:00
SAO_3008-10,São Paulo,3550308,True,,2515,,,-23.519224,-46.3949745,,,,1,2023-06-20T11:57:07+00:00
SAO_3008-10,São Paulo,3550308,True,,2515,,,-23.52160975,-46.39389025,,,,1,2023-06-20T11:57:20+00:00
SAO_3008-10,São Paulo,3550308,True,,2515,,,-23.508624,-46.3981785,,,,1,2023-06-20T11:55:47+00:00
SAO_4727-10,São Paulo,3550308,True,,33108,,,-23.6117065,-46.629678999999996,,,,2,2023-06-20T11:56:56+00:00
SAO_4727-10,São Paulo,3550308,True,,33108,,,-23.641652,-46.60661075,,,,2,2023-06-20T11:57:03+00:00
SAO_4727-10,São Paulo,3550308,True,,33108,,,-23.6405655,-46.6074985,,,,2,2023-06-20T11:57:13+00:00
SAO_4727-10,São Paulo,3550308,True,,33108,,,-23.6246345,-46.6197035,,,,2,2023-06-20T11:57:12+00:00
SAO_9019-10,São Paulo,3550308,True,,34201,,,-23.4815805,-46.7165795,,,,2,2023-06-20T11:57:03+00:00
SAO_9019-10,São Paulo,3550308,True,,34201,,,-23.4552975,-46.7103295,,,,2,2023-06-20T11:56:57+00:00
SAO_9019-10,São Paulo,3550308,True,,34201,,,-23.466897000000003,-46.713951,,,,2,2023-06-20T11:57:30+00:00
SAO_9019-10,São Paulo,3550308,True,,34201,,,-23.45509475,-46.7101755,,,,2,2023-06-20T11:57:02+00:00
SAO_9019-10,São Paulo,3550308,True,,34201,,,-23.482081,-46.723997499999996,,,,2,2023-06-20T11:57:23+00:00
SAO_407K-10,São Paulo,3550308,True,,2168,,,-23.6137715,-46.4766805,,,,1,2023-06-20T11:57:23+00:00
SAO_407K-10,São Paulo,3550308,True,,2168,,,-23.613653,-46.4766475,,,,1,2023-06-20T11:57:23+00:00
SAO_407K-10,São Paulo,3550308,True,,2168,,,-23.538742,-46.564669499999994,,,,1,2023-06-20T11:57:12+00:00
SAO_2769-10,São Paulo,3550308,True,,33165,,,-23.51054475,-46.4988175,,,,2,2023-06-20T11:57:17+00:00
SAO_2769-10,São Paulo,3550308,True,,33165,,,-23.536333499999998,-46.578019499999996,,,,2,2023-06-20T11:57:20+00:00
SAO_2769-10,São Paulo,3550308,True,,33165,,,-23.490336,-46.4184025,,,,2,2023-06-20T11:57:08+00:00
SAO_8622-10,São Paulo,3550308,True,EMTU,438,https://moovitapp.com/index/pt-br/transporte_p%C3%BAblico-line-438-Sao_Paulo-242-2038937-36419488-0,7.65,-23.51328275,-46.726906875,,,,1,2023-06-20T11:57:35+00:00
SAO_8622-10,São Paulo,3550308,True,EMTU,438,https://moovitapp.com/index/pt-br/transporte_p%C3%BAblico-line-438-Sao_Paulo-242-2038937-36419488-0,7.65,-23.453533999999998,-46.7865815,,,,1,2023-06-20T11:57:05+00:00
SAO_8622-10,São Paulo,3550308,True,EMTU,438,https://moovitapp.com/index/pt-br/transporte_p%C3%BAblico-line-438-Sao_Paulo-242-2038937-36419488-0,7.65,-23.443279500000003,-46.796715500000005,,,,1,2023-06-20T11:53:59+00:00
SAO_8622-10,São Paulo,3550308,True,EMTU,438,https://moovitapp.com/index/pt-br/transporte_p%C3%BAblico-line-438-Sao_Paulo-242-2038937-36419488-0,7.65,-23.521501999999998,-46.7192165,,,,1,2023-06-20T11:56:53+00:00
SAO_8622-10,São Paulo,3550308,True,EMTU,438,https://moovitapp.com/index/pt-br/transporte_p%C3%BAblico-line-438-Sao_Paulo-242-2038937-36419488-0,7.65,-23.4391605,-46.794782999999995,,,,1,2023-06-20T11:57:13+00:00
SAO_8622-10,São Paulo,3550308,True,EMTU,438,https://moovitapp.com/index/pt-br/transporte_p%C3%BAblico-line-438-Sao_Paulo-242-2038937-36419488-0,7.65,-23.430629500000002,-46.788539,,,,1,2023-06-20T11:57:15+00:00
SAO_8622-10,São Paulo,3550308,True,EMTU,438,https://moovitapp.com/index/pt-br/transporte_p%C3%BAblico-line-438-Sao_Paulo-242-2038937-36419488-0,7.65,-23.54132525,-46.64217575,,,,1,2023-06-20T11:57:27+00:00
SAO_8622-10,São Paulo,3550308,True,EMTU,438,https://moovitapp.com/index/pt-br/transporte_p%C3%BAblico-line-438-Sao_Paulo-242-2038937-36419488-0,7.65,-23.489630499999997,-46.7674945,,,,1,2023-06-20T11:57:15+00:00
SAO_8622-10,São Paulo,3550308,True,EMTU,438,https://moovitapp.com/index/pt-br/transporte_p%C3%BAblico-line-438-Sao_Paulo-242-2038937-36419488-0,7.65,-23.53208,-46.661072000000004,,,,1,2023-06-20T11:57:10+00:00
SAO_8622-10,São Paulo,3550308,True,EMTU,438,https://moovitapp.com/index/pt-br/transporte_p%C3%BAblico-line-438-Sao_Paulo-242-2038937-36419488-0,7.65,-23.5478925,-46.642341,,,,1,2023-06-20T11:57:14+00:00
SAO_6500-10,São Paulo,3550308,True,,46,,,-23.549253,-46.641041,,,,1,2023-06-20T11:57:09+00:00
SAO_6500-10,São Paulo,3550308,True,,46,,,-23.63577325,-46.694183125,,,,1,2023-06-20T11:57:32+00:00
SAO_6500-10,São Paulo,3550308,True,,46,,,-23.61811575,-46.6817685,,,,1,2023-06-20T11:57:39+00:00
SAO_6500-10,São Paulo,3550308,True,,46,,,-23.578016750000003,-46.671012000000005,,,,1,2023-06-20T11:57:36+00:00
SAO_5025-10,São Paulo,3550308,True,,1564,,,-23.601353,-46.5442635,,,,1,2023-06-20T11:57:32+00:00
SAO_5025-10,São Paulo,3550308,True,,1564,,,-23.602847500000003,-46.538478999999995,,,,1,2023-06-20T11:57:37+00:00
SAO_5025-10,São Paulo,3550308,True,,1564,,,-23.596454125,-46.588057375000005,,,,1,2023-06-20T11:57:12+00:00
SAO_5025-10,São Paulo,3550308,True,,1564,,,-23.599894499999998,-46.5515075,,,,1,2023-06-20T11:57:02+00:00
SAO_5025-10,São Paulo,3550308,True,,1564,,,-23.6025665,-46.577621,,,,1,2023-06-20T11:57:35+00:00
SAO_6822-10,São Paulo,3550308,True,Del Rey,22,https://moovitapp.com/index/pt-br/transporte_p%C3%BAblico-line-22-Sao_Paulo-242-868760-496394-0,4.5,-23.6526255,-46.79125175,,,,1,2023-06-20T11:56:55+00:00
SAO_6822-10,São Paulo,3550308,True,Del Rey,22,https://moovitapp.com/index/pt-br/transporte_p%C3%BAblico-line-22-Sao_Paulo-242-868760-496394-0,4.5,-23.640421,-46.780772999999996,,,,1,2023-06-20T11:57:21+00:00
SAO_6822-10,São Paulo,3550308,True,Del Rey,22,https://moovitapp.com/index/pt-br/transporte_p%C3%BAblico-line-22-Sao_Paulo-242-868760-496394-0,4.5,-23.659539000000002,-46.768603999999996,,,,1,2023-06-20T11:57:39+00:00
SAO_6822-10,São Paulo,3550308,True,Del Rey,22,https://moovitapp.com/index/pt-br/transporte_p%C3%BAblico-line-22-Sao_Paulo-242-868760-496394-0,4.5,-23.652680500000002,-46.778238,,,,1,2023-06-20T11:57:31+00:00
SAO_6822-10,São Paulo,3550308,True,Del Rey,22,https://moovitapp.com/index/pt-br/transporte_p%C3%BAblico-line-22-Sao_Paulo-242-868760-496394-0,4.5,-23.654369000000003,-46.762426500000004,,,,1,2023-06-20T11:57:17+00:00
SAO_1036-10,São Paulo,3550308,True,,35221,,,-23.447998,-46.708507,,,,2,2023-06-20T11:56:55+00:00
SAO_1036-10,São Paulo,3550308,True,,35221,,,-23.464394,-46.7143035,,,,2,2023-06-20T11:56:56+00:00
SAO_1036-10,São Paulo,3550308,True,,35221,,,-23.445403499999998,-46.71163225,,,,2,2023-06-20T11:57:12+00:00
SAO_1036-10,São Paulo,3550308,True,,35221,,,-23.459375,-46.715323999999995,,,,2,2023-06-20T11:57:26+00:00
SAO_1036-10,São Paulo,3550308,True,,35221,,,-23.447803999999998,-46.708335,,,,2,2023-06-20T11:57:09+00:00
SAO_1036-10,São Paulo,3550308,True,,35221,,,-23.447404,-46.709366,,,,2,2023-06-20T11:57:24+00:00
SAO_1036-10,São Paulo,3550308,True,,35221,,,-23.447453250000002,-46.7096505,,,,2,2023-06-20T11:56:58+00:00
SAO_1036-10,São Paulo,3550308,True,,35221,,,-23.483159,-46.7107925,,,,2,2023-06-20T11:57:27+00:00
SAO_3161-10,São Paulo,3550308,True,,1084,,,-23.583561000000003,-46.5251485,,,,1,2023-06-20T11:57:34+00:00
SAO_3161-10,São Paulo,3550308,True,,1084,,,-23.54645675,-46.629903999999996,,,,1,2023-06-20T11:57:18+00:00
SAO_3161-10,São Paulo,3550308,True,,1084,,,-23.5611185,-46.59445074999999,,,,1,2023-06-20T11:57:36+00:00
SAO_9162-10,São Paulo,3550308,True,,1365,,,-23.476153,-46.6756245,,,,1,2023-06-20T11:57:22+00:00
SAO_2703-21,São Paulo,3550308,True,,1527,,,-23.525438,-46.428588500000004,,,,1,2023-06-20T11:57:31+00:00
SAO_2703-21,São Paulo,3550308,True,,1527,,,-23.5256805,-46.431927,,,,1,2023-06-20T11:57:32+00:00
SAO_2703-21,São Paulo,3550308,True,,1527,,,-23.542657499999997,-46.4698,,,,1,2023-06-20T11:56:53+00:00
SAO_2703-21,São Paulo,3550308,True,,1527,,,-23.5292015,-46.420719500000004,,,,1,2023-06-20T11:57:11+00:00
SAO_6818-10,São Paulo,3550308,True,BR7 Mobilidade,28,https://moovitapp.com/index/pt-br/transporte_p%C3%BAblico-line-28-Sao_Paulo-242-851856-596008-0,5.75,-23.6471235,-46.763646,,,,1,2023-06-20T11:57:08+00:00
SAO_6818-10,São Paulo,3550308,True,BR7 Mobilidade,28,https://moovitapp.com/index/pt-br/transporte_p%C3%BAblico-line-28-Sao_Paulo-242-851856-596008-0,5.75,-23.646199000000003,-46.772373,,,,1,2023-06-20T11:57:37+00:00
SAO_6818-10,São Paulo,3550308,True,BR7 Mobilidade,28,https://moovitapp.com/index/pt-br/transporte_p%C3%BAblico-line-28-Sao_Paulo-242-851856-596008-0,5.75,-23.655842999999997,-46.7727765,,,,1,2023-06-20T11:57:09+00:00
SAO_6818-10,São Paulo,3550308,True,BR7 Mobilidade,28,https://moovitapp.com/index/pt-br/transporte_p%C3%BAblico-line-28-Sao_Paulo-242-851856-596008-0,5.75,-23.655842999999997,-46.7727765,,,,1,2023-06-20T11:57:33+00:00
SAO_3773-10,São Paulo,3550308,True,,33827,,,-23.615941999999997,-46.464735000000005,,,,2,2023-06-20T11:57:01+00:00
SAO_3773-10,São Paulo,3550308,True,,33827,,,-23.538394,-46.563386,,,,2,2023-06-20T11:57:14+00:00
SAO_3773-10,São Paulo,3550308,True,,33827,,,-23.6157045,-46.465323999999995,,,,2,2023-06-20T11:57:39+00:00
SAO_3773-10,São Paulo,3550308,True,,33827,,,-23.613648249999997,-46.47027325,,,,2,2023-06-20T11:57:36+00:00
SAO_5362-22,São Paulo,3550308,True,,1645,,,-23.752901,-46.6706605,,,,1,2023-06-20T11:57:12+00:00
SAO_5362-22,São Paulo,3550308,True,,1645,,,-23.744866000000002,-46.6900775,,,,1,2023-06-20T11:57:33+00:00
SAO_5370-10,São Paulo,3550308,True,,34210,,,-23.759537,-46.715331,,,,2,2023-06-20T11:56:54+00:00
SAO_5370-10,São Paulo,3550308,True,,34210,,,-23.641780124999997,-46.699149125000005,,,,2,2023-06-20T11:57:35+00:00
SAO_5370-10,São Paulo,3550308,True,,34210,,,-23.551356,-46.637087,,,,2,2023-06-20T11:57:15+00:00
SAO_5370-10,São Paulo,3550308,True,,34210,,,-23.685301,-46.702684,,,,2,2023-06-20T11:57:26+00:00
SAO_5370-10,São Paulo,3550308,True,,34210,,,-23.5833425,-46.656724999999994,,,,2,2023-06-20T11:57:29+00:00
SAO_5370-10,São Paulo,3550308,True,,34210,,,-23.551356,-46.637087,,,,2,2023-06-20T11:56:57+00:00
SAO_5370-10,São Paulo,3550308,True,,34210,,,-23.767727999999998,-46.7167135,,,,2,2023-06-20T11:57:18+00:00
SAO_5370-10,São Paulo,3550308,True,,34210,,,-23.767210499999997,-46.7163985,,,,2,2023-06-20T11:57:34+00:00
SAO_6063-21,São Paulo,3550308,True,,34769,,,-23.767299,-46.716265,,,,2,2023-06-20T11:57:39+00:00
SAO_6063-21,São Paulo,3550308,True,,34769,,,-23.767094999999998,-46.716237500000005,,,,2,2023-06-20T11:57:30+00:00
SAO_3046-10,São Paulo,3550308,True,,971,,,-23.54132,-46.57769475,,,,1,2023-06-20T11:57:15+00:00
SAO_3046-10,São Paulo,3550308,True,,971,,,-23.582524,-46.535219999999995,,,,1,2023-06-20T11:57:33+00:00
SAO_3046-10,São Paulo,3550308,True,,971,,,-23.54132,-46.57769475,,,,1,2023-06-20T11:57:28+00:00
SAO_3046-10,São Paulo,3550308,True,,971,,,-23.580204000000002,-46.5255565,,,,1,2023-06-20T11:57:26+00:00
SAO_3046-10,São Paulo,3550308,True,,971,,,-23.57852525,-46.55188975,,,,1,2023-06-20T11:57:37+00:00
SAO_3046-10,São Paulo,3550308,True,,971,,,-23.56533575,-46.569920249999996,,,,1,2023-06-20T11:57:12+00:00
SAO_352A-10,São Paulo,3550308,True,,164,,,-23.564208,-46.467055,,,,1,2023-06-20T11:57:28+00:00
SAO_352A-10,São Paulo,3550308,True,,164,,,-23.60538575,-46.480157999999996,,,,1,2023-06-20T11:57:10+00:00
SAO_352A-10,São Paulo,3550308,True,,164,,,-23.489742625,-46.436760875000004,,,,1,2023-06-20T11:57:12+00:00
SAO_352A-10,São Paulo,3550308,True,,164,,,-23.5332995,-46.4546495,,,,1,2023-06-20T11:57:22+00:00
SAO_6840-10,São Paulo,3550308,True,EMTU,201,https://moovitapp.com/index/pt-br/transporte_p%C3%BAblico-line-201-Sao_Paulo-242-2038937-58093160-0,20.4,-23.690631,-46.774444,,,,1,2023-06-20T11:57:32+00:00
SAO_6840-10,São Paulo,3550308,True,EMTU,201,https://moovitapp.com/index/pt-br/transporte_p%C3%BAblico-line-201-Sao_Paulo-242-2038937-58093160-0,20.4,-23.7023035,-46.782850499999995,,,,1,2023-06-20T11:57:20+00:00
SAO_6840-10,São Paulo,3550308,True,EMTU,201,https://moovitapp.com/index/pt-br/transporte_p%C3%BAblico-line-201-Sao_Paulo-242-2038937-58093160-0,20.4,-23.6616725,-46.768751,,,,1,2023-06-20T11:55:08+00:00
SAO_6840-10,São Paulo,3550308,True,EMTU,201,https://moovitapp.com/index/pt-br/transporte_p%C3%BAblico-line-201-Sao_Paulo-242-2038937-58093160-0,20.4,-23.703176499999998,-46.7836655,,,,1,2023-06-20T11:57:09+00:00
SAO_6840-10,São Paulo,3550308,True,EMTU,201,https://moovitapp.com/index/pt-br/transporte_p%C3%BAblico-line-201-Sao_Paulo-242-2038937-58093160-0,20.4,-23.692511000000003,-46.7778525,,,,1,2023-06-20T11:57:15+00:00
SAO_6840-10,São Paulo,3550308,True,EMTU,201,https://moovitapp.com/index/pt-br/transporte_p%C3%BAblico-line-201-Sao_Paulo-242-2038937-58093160-0,20.4,-23.654044,-46.7630505,,,,1,2023-06-20T11:56:59+00:00
SAO_6840-10,São Paulo,3550308,True,EMTU,201,https://moovitapp.com/index/pt-br/transporte_p%C3%BAblico-line-201-Sao_Paulo-242-2038937-58093160-0,20.4,-23.739629,-46.79459025,,,,1,2023-06-20T11:57:18+00:00
SAO_6840-10,São Paulo,3550308,True,EMTU,201,https://moovitapp.com/index/pt-br/transporte_p%C3%BAblico-line-201-Sao_Paulo-242-2038937-58093160-0,20.4,-23.7320815,-46.786311,,,,1,2023-06-20T11:56:53+00:00
SAO_6840-10,São Paulo,3550308,True,EMTU,201,https://moovitapp.com/index/pt-br/transporte_p%C3%BAblico-line-201-Sao_Paulo-242-2038937-58093160-0,20.4,-23.731476999999998,-46.7859925,,,,1,2023-06-20T11:57:14+00:00
SAO_6840-10,São Paulo,3550308,True,EMTU,201,https://moovitapp.com/index/pt-br/transporte_p%C3%BAblico-line-201-Sao_Paulo-242-2038937-58093160-0,20.4,-23.6540735,-46.7628415,,,,1,2023-06-20T11:57:17+00:00
SAO_6840-10,São Paulo,3550308,True,EMTU,201,https://moovitapp.com/index/pt-br/transporte_p%C3%BAblico-line-201-Sao_Paulo-242-2038937-58093160-0,20.4,-23.7215235,-46.785188,,,,1,2023-06-20T11:57:33+00:00
SAO_6840-10,São Paulo,3550308,True,EMTU,201,https://moovitapp.com/index/pt-br/transporte_p%C3%BAblico-line-201-Sao_Paulo-242-2038937-58093160-0,20.4,-23.728915,-46.78610225,,,,1,2023-06-20T11:57:08+00:00
SAO_8528-10,São Paulo,3550308,True,,575,,,-23.462723,-46.7013555,,,,1,2023-06-20T11:57:13+00:00
SAO_8528-10,São Paulo,3550308,True,,575,,,-23.5365011875,-46.65088375,,,,1,2023-06-20T11:57:33+00:00
SAO_8528-10,São Paulo,3550308,True,,575,,,-23.5248585,-46.669369,,,,1,2023-06-20T11:57:34+00:00
SAO_8528-10,São Paulo,3550308,True,,575,,,-23.4743575,-46.690174,,,,1,2023-06-20T11:57:16+00:00
SAO_8528-10,São Paulo,3550308,True,,575,,,-23.461451,-46.689819,,,,1,2023-06-20T11:57:35+00:00
SAO_8528-10,São Paulo,3550308,True,,575,,,-23.4966025,-46.69781125,,,,1,2023-06-20T11:57:10+00:00
SAO_8528-10,São Paulo,3550308,True,,575,,,-23.516460375,-46.685438500000004,,,,1,2023-06-20T11:57:34+00:00
SAO_8528-10,São Paulo,3550308,True,,575,,,-23.461451,-46.689819,,,,1,2023-06-20T11:56:57+00:00
SAO_8528-10,São Paulo,3550308,True,,575,,,-23.461451,-46.689819,,,,1,2023-06-20T11:57:29+00:00
SAO_8528-10,São Paulo,3550308,True,,575,,,-23.4603335,-46.695175,,,,1,2023-06-20T11:57:20+00:00
SAO_748A-10,São Paulo,3550308,True,,33266,,,-23.5758515,-46.7756445,,,,2,2023-06-20T11:57:14+00:00
SAO_748A-10,São Paulo,3550308,True,,33266,,,-23.552837500000003,-46.742140750000004,,,,2,2023-06-20T11:57:11+00:00
SAO_5012-10,São Paulo,3550308,True,,33884,,,-23.6459105,-46.6397875,,,,2,2023-06-20T11:57:12+00:00
SAO_5012-10,São Paulo,3550308,True,,33884,,,-23.6459105,-46.6397875,,,,2,2023-06-20T11:57:16+00:00
SAO_5012-10,São Paulo,3550308,True,,33884,,,-23.6459105,-46.6397875,,,,2,2023-06-20T11:56:52+00:00
SAO_5012-10,São Paulo,3550308,True,,33884,,,-23.710091875,-46.631228375000006,,,,2,2023-06-20T11:56:07+00:00
SAO_5012-10,São Paulo,3550308,True,,33884,,,-23.6459105,-46.6397875,,,,2,2023-06-20T11:57:35+00:00
SAO_5012-10,São Paulo,3550308,True,,33884,,,-23.664488249999998,-46.638079,,,,2,2023-06-20T11:57:08+00:00
SAO_5012-10,São Paulo,3550308,True,,33884,,,-23.710048999999998,-46.6358415,,,,2,2023-06-20T11:57:25+00:00
SAO_5012-10,São Paulo,3550308,True,,33884,,,-23.684678499999997,-46.633152,,,,2,2023-06-20T11:56:59+00:00
SAO_5012-10,São Paulo,3550308,True,,33884,,,-23.646139500000004,-46.63843925,,,,2,2023-06-20T11:57:12+00:00
SAO_5145-10,São Paulo,3550308,True,,1641,,,-23.597156249999998,-46.500882374999996,,,,1,2023-06-20T11:57:34+00:00
SAO_5145-10,São Paulo,3550308,True,,1641,,,-23.5582255,-46.632690249999996,,,,1,2023-06-20T11:57:06+00:00
SAO_5145-10,São Paulo,3550308,True,,1641,,,-23.576341,-46.55032225,,,,1,2023-06-20T11:57:30+00:00
SAO_4092-10,São Paulo,3550308,True,,34644,,,-23.582898999999998,-46.4082605,,,,2,2023-06-20T11:57:13+00:00
SAO_4092-10,São Paulo,3550308,True,,34644,,,-23.582909,-46.4168655,,,,2,2023-06-20T11:57:13+00:00
SAO_6475-10,São Paulo,3550308,True,,1317,,,-23.550215,-46.643193499999995,,,,1,2023-06-20T11:57:39+00:00
SAO_6475-10,São Paulo,3550308,True,,1317,,,-23.581658,-46.68468475,,,,1,2023-06-20T11:57:30+00:00
SAO_6475-10,São Paulo,3550308,True,,1317,,,-23.677704499999997,-46.767163124999996,,,,1,2023-06-20T11:57:31+00:00
SAO_6475-10,São Paulo,3550308,True,,1317,,,-23.645101500000003,-46.7500865,,,,1,2023-06-20T11:57:12+00:00
SAO_9032-10,São Paulo,3550308,True,,33648,,,-23.473703999999998,-46.669427,,,,2,2023-06-20T11:57:20+00:00
SAO_9032-10,São Paulo,3550308,True,,33648,,,-23.4748585,-46.670092,,,,2,2023-06-20T11:57:04+00:00
SAO_9032-10,São Paulo,3550308,True,,33648,,,-23.455309375,-46.6943895,,,,2,2023-06-20T11:57:09+00:00
SAO_9032-10,São Paulo,3550308,True,,33648,,,-23.448659,-46.700171999999995,,,,2,2023-06-20T11:57:09+00:00
SAO_9032-10,São Paulo,3550308,True,,33648,,,-23.44631425,-46.692783750000004,,,,2,2023-06-20T11:57:17+00:00
SAO_5128-10,São Paulo,3550308,True,,1128,,,-23.699881249999997,-46.64457175,,,,1,2023-06-20T11:57:19+00:00
SAO_5128-10,São Paulo,3550308,True,,1128,,,-23.665611,-46.6513155,,,,1,2023-06-20T11:57:16+00:00
SAO_5128-10,São Paulo,3550308,True,,1128,,,-23.659395375,-46.641911625000006,,,,1,2023-06-20T11:57:33+00:00
SAO_5128-10,São Paulo,3550308,True,,1128,,,-23.703491,-46.6441335,,,,1,2023-06-20T11:56:46+00:00
SAO_5128-10,São Paulo,3550308,True,,1128,,,-23.7117175,-46.651781,,,,1,2023-06-20T11:55:45+00:00
SAO_5128-10,São Paulo,3550308,True,,1128,,,-23.6876055,-46.640014,,,,1,2023-06-20T11:56:34+00:00
SAO_5128-10,São Paulo,3550308,True,,1128,,,-23.7008165,-46.641060499999995,,,,1,2023-06-20T11:57:24+00:00
SAO_5128-10,São Paulo,3550308,True,,1128,,,-23.68751425,-46.639354749999995,,,,1,2023-06-20T11:57:30+00:00
SAO_967A-10,São Paulo,3550308,True,,33336,,,-23.565532,-46.692781999999994,,,,2,2023-06-20T11:57:17+00:00
SAO_967A-10,São Paulo,3550308,True,,33336,,,-23.5859865,-46.6828315,,,,2,2023-06-20T11:57:33+00:00
SAO_609J-10,São Paulo,3550308,True,,35010,,,-23.615734500000002,-46.663039,,,,2,2023-06-20T11:57:22+00:00
SAO_609J-10,São Paulo,3550308,True,,35010,,,-23.62553725,-46.6404665,,,,2,2023-06-20T11:57:00+00:00
SAO_4092-10,São Paulo,3550308,True,,1876,,,-23.582783,-46.4194435,,,,1,2023-06-20T11:57:17+00:00
SAO_4092-10,São Paulo,3550308,True,,1876,,,-23.582991999999997,-46.4079,,,,1,2023-06-20T11:57:08+00:00
SAO_5128-10,São Paulo,3550308,True,,33896,,,-23.7122905,-46.651968499999995,,,,2,2023-06-20T11:57:13+00:00
SAO_5128-10,São Paulo,3550308,True,,33896,,,-23.7122905,-46.651968499999995,,,,2,2023-06-20T11:57:04+00:00
SAO_5128-10,São Paulo,3550308,True,,33896,,,-23.64662525,-46.64058625,,,,2,2023-06-20T11:57:19+00:00
SAO_5128-10,São Paulo,3550308,True,,33896,,,-23.7127065,-46.6521065,,,,2,2023-06-20T11:56:58+00:00
SAO_5128-10,São Paulo,3550308,True,,33896,,,-23.711726249999998,-46.65239675,,,,2,2023-06-20T11:57:32+00:00
SAO_5128-10,São Paulo,3550308,True,,33896,,,-23.698710499999997,-46.647746,,,,2,2023-06-20T11:57:20+00:00
SAO_414P-10,São Paulo,3550308,True,,1105,,,-23.610801000000002,-46.5299455,,,,1,2023-06-20T11:57:02+00:00
SAO_414P-10,São Paulo,3550308,True,,1105,,,-23.56282625,-46.549973,,,,1,2023-06-20T11:56:59+00:00
SAO_414P-10,São Paulo,3550308,True,,1105,,,-23.545575749999998,-46.57256975,,,,1,2023-06-20T11:56:58+00:00
SAO_414P-10,São Paulo,3550308,True,,1105,,,-23.5826475,-46.535585,,,,1,2023-06-20T11:57:00+00:00
SAO_414P-10,São Paulo,3550308,True,,1105,,,-23.610801000000002,-46.5299455,,,,1,2023-06-20T11:56:57+00:00
SAO_414P-10,São Paulo,3550308,True,,1105,,,-23.600009,-46.5286785,,,,1,2023-06-20T11:57:00+00:00
SAO_414P-10,São Paulo,3550308,True,,1105,,,-23.5369055,-46.562923,,,,1,2023-06-20T11:57:13+00:00
SAO_414P-10,São Paulo,3550308,True,,1105,,,-23.5369055,-46.562923,,,,1,2023-06-20T11:57:27+00:00
SAO_4008-10,São Paulo,3550308,True,,34950,,,-23.576923999999998,-46.437244,,,,2,2023-06-20T11:52:08+00:00
SAO_4008-10,São Paulo,3550308,True,,34950,,,-23.573437249999998,-46.445813,,,,2,2023-06-20T11:57:04+00:00
SAO_4008-10,São Paulo,3550308,True,,34950,,,-23.58023425,-46.487192750000006,,,,2,2023-06-20T11:57:33+00:00
SAO_342M-10,São Paulo,3550308,True,,747,,,-23.5280895,-46.554803,,,,1,2023-06-20T11:57:25+00:00
SAO_342M-10,São Paulo,3550308,True,,747,,,-23.613857,-46.476304,,,,1,2023-06-20T11:57:19+00:00
SAO_342M-10,São Paulo,3550308,True,,747,,,-23.608943,-46.477615,,,,1,2023-06-20T11:57:29+00:00
SAO_342M-10,São Paulo,3550308,True,,747,,,-23.531549,-46.55505275,,,,1,2023-06-20T11:57:31+00:00
SAO_342M-10,São Paulo,3550308,True,,747,,,-23.561977875,-46.5172335,,,,1,2023-06-20T11:57:07+00:00
SAO_342M-10,São Paulo,3550308,True,,747,,,-23.5648345,-46.51326,,,,1,2023-06-20T11:57:33+00:00
SAO_342M-10,São Paulo,3550308,True,,747,,,-23.582402,-46.49710425,,,,1,2023-06-20T11:57:36+00:00
SAO_342M-10,São Paulo,3550308,True,,747,,,-23.5188135,-46.5469595,,,,1,2023-06-20T11:57:30+00:00
SAO_342M-10,São Paulo,3550308,True,,747,,,-23.6124515,-46.475421999999995,,,,1,2023-06-20T11:56:59+00:00
SAO_342M-10,São Paulo,3550308,True,,747,,,-23.591530437499998,-46.489197312499996,,,,1,2023-06-20T11:57:18+00:00
SAO_342M-10,São Paulo,3550308,True,,747,,,-23.5489955,-46.5366035,,,,1,2023-06-20T11:57:35+00:00
SAO_342M-10,São Paulo,3550308,True,,747,,,-23.559776999999997,-46.52013825,,,,1,2023-06-20T11:57:26+00:00
SAO_342M-10,São Paulo,3550308,True,,747,,,-23.522095875,-46.549099125,,,,1,2023-06-20T11:56:54+00:00
SAO_342M-10,São Paulo,3550308,True,,747,,,-23.613857,-46.476304,,,,1,2023-06-20T11:57:28+00:00
SAO_342M-10,São Paulo,3550308,True,,747,,,-23.560007,-46.51988275,,,,1,2023-06-20T11:57:10+00:00
SAO_342M-10,São Paulo,3550308,True,,747,,,-23.5455355,-46.544327499999994,,,,1,2023-06-20T11:57:00+00:00
SAO_8000-10,São Paulo,3550308,True,,34041,,,-23.5202965,-46.6999955,,,,2,2023-06-20T11:56:55+00:00
SAO_8000-10,São Paulo,3550308,True,,34041,,,-23.525676875,-46.679121125,,,,2,2023-06-20T11:57:24+00:00
SAO_8000-10,São Paulo,3550308,True,,34041,,,-23.53741875,-46.648948,,,,2,2023-06-20T11:57:24+00:00
SAO_6455-10,São Paulo,3550308,True,,32831,,,-23.60476975,-46.663418500000006,,,,2,2023-06-20T11:57:16+00:00
SAO_6455-10,São Paulo,3550308,True,,32831,,,-23.647973,-46.7483545,,,,2,2023-06-20T11:57:37+00:00
SAO_6455-10,São Paulo,3550308,True,,32831,,,-23.654408500000002,-46.762060999999996,,,,2,2023-06-20T11:57:18+00:00
SAO_373T-10,São Paulo,3550308,True,,33859,,,-23.561570500000002,-46.598743,,,,2,2023-06-20T11:57:39+00:00
SAO_373T-10,São Paulo,3550308,True,,33859,,,-23.5941885,-46.498267,,,,2,2023-06-20T11:57:16+00:00
SAO_373T-10,São Paulo,3550308,True,,33859,,,-23.5854285,-46.5195045,,,,2,2023-06-20T11:56:59+00:00
SAO_373T-10,São Paulo,3550308,True,,33859,,,-23.58486825,-46.53932475,,,,2,2023-06-20T11:56:58+00:00
SAO_373T-10,São Paulo,3550308,True,,33859,,,-23.5469055,-46.6063945,,,,2,2023-06-20T11:57:39+00:00
SAO_373T-10,São Paulo,3550308,True,,33859,,,-23.585112125000002,-46.582051750000005,,,,2,2023-06-20T11:57:26+00:00
SAO_373T-10,São Paulo,3550308,True,,33859,,,-23.5949965,-46.499379000000005,,,,2,2023-06-20T11:57:23+00:00
SAO_8015-21,São Paulo,3550308,True,,34797,,,-23.4019885,-46.748718499999995,,,,2,2023-06-20T11:56:59+00:00
SAO_407Y-10,São Paulo,3550308,True,,34974,,,-23.570445,-46.490663,,,,2,2023-06-20T11:57:35+00:00
SAO_407Y-10,São Paulo,3550308,True,,34974,,,-23.576816,-46.5510625,,,,2,2023-06-20T11:57:16+00:00
SAO_5164-21,São Paulo,3550308,True,,34384,,,-23.6526215,-46.6461985,,,,2,2023-06-20T11:57:14+00:00
SAO_5164-21,São Paulo,3550308,True,,34384,,,-23.6457805,-46.647411500000004,,,,2,2023-06-20T11:57:22+00:00
SAO_2011-10,São Paulo,3550308,True,,34904,,,-23.502432499999998,-46.6235935,,,,2,2023-06-20T11:57:31+00:00
SAO_2011-10,São Paulo,3550308,True,,34904,,,-23.49057475,-46.571139875,,,,2,2023-06-20T11:57:13+00:00
SAO_2011-10,São Paulo,3550308,True,,34904,,,-23.472866250000003,-46.588562749999994,,,,2,2023-06-20T11:57:17+00:00
SAO_627J-10,São Paulo,3550308,True,,2056,,,-23.682060999999997,-46.633000499999994,,,,1,2023-06-20T11:57:09+00:00
SAO_627J-10,São Paulo,3550308,True,,2056,,,-23.62733725,-46.64241725,,,,1,2023-06-20T11:57:27+00:00
SAO_627J-10,São Paulo,3550308,True,,2056,,,-23.6748165,-46.633188000000004,,,,1,2023-06-20T11:57:18+00:00
SAO_627J-10,São Paulo,3550308,True,,2056,,,-23.6686245,-46.6356285,,,,1,2023-06-20T11:56:59+00:00
SAO_627J-10,São Paulo,3550308,True,,2056,,,-23.682060999999997,-46.633000499999994,,,,1,2023-06-20T11:57:08+00:00
SAO_627J-10,São Paulo,3550308,True,,2056,,,-23.64515,-46.6411085,,,,1,2023-06-20T11:57:10+00:00
SAO_5791-10,São Paulo,3550308,True,,607,,,-23.686354,-46.633506,,,,1,2023-06-20T11:56:54+00:00
SAO_5791-10,São Paulo,3550308,True,,607,,,-23.619836999999997,-46.63943725,,,,1,2023-06-20T11:57:32+00:00
SAO_5791-10,São Paulo,3550308,True,,607,,,-23.588252,-46.6344895,,,,1,2023-06-20T11:57:00+00:00
SAO_5791-10,São Paulo,3550308,True,,607,,,-23.567341125,-46.63987575,,,,1,2023-06-20T11:57:11+00:00
SAO_5791-10,São Paulo,3550308,True,,607,,,-23.6957005,-46.649823999999995,,,,1,2023-06-20T11:57:19+00:00
SAO_5791-10,São Paulo,3550308,True,,607,,,-23.71619,-46.62593,,,,1,2023-06-20T11:57:00+00:00
SAO_5791-10,São Paulo,3550308,True,,607,,,-23.71619,-46.62593,,,,1,2023-06-20T11:57:34+00:00
SAO_5791-10,São Paulo,3550308,True,,607,,,-23.701063,-46.627423,,,,1,2023-06-20T11:57:26+00:00
SAO_5791-10,São Paulo,3550308,True,,607,,,-23.66656975,-46.63719225,,,,1,2023-06-20T11:57:37+00:00
SAO_5791-10,São Paulo,3550308,True,,607,,,-23.6996815,-46.6466075,,,,1,2023-06-20T11:57:11+00:00
SAO_5791-10,São Paulo,3550308,True,,607,,,-23.642165499999997,-46.6413455,,,,1,2023-06-20T11:57:02+00:00
SAO_7012-10,São Paulo,3550308,True,,2043,,,-23.715452,-46.772685499999994,,,,1,2023-06-20T11:57:23+00:00
SAO_7012-10,São Paulo,3550308,True,,2043,,,-23.690734,-46.774626,,,,1,2023-06-20T11:57:11+00:00
SAO_7012-10,São Paulo,3550308,True,,2043,,,-23.672914499999997,-46.743935,,,,1,2023-06-20T11:56:59+00:00
SAO_7012-10,São Paulo,3550308,True,,2043,,,-23.703233,-46.775454499999995,,,,1,2023-06-20T11:57:24+00:00
SAO_2004-10,São Paulo,3550308,True,,892,,,-23.519621,-46.383444499999996,,,,1,2023-06-20T11:57:15+00:00
SAO_2004-10,São Paulo,3550308,True,,892,,,-23.51989425,-46.384547,,,,1,2023-06-20T11:56:07+00:00
SAO_2004-10,São Paulo,3550308,True,,892,,,-23.527718999999998,-46.3922705,,,,1,2023-06-20T11:57:03+00:00
SAO_2004-10,São Paulo,3550308,True,,892,,,-23.530577,-46.396704,,,,1,2023-06-20T11:57:22+00:00
SAO_2004-10,São Paulo,3550308,True,,892,,,-23.534838,-46.400812,,,,1,2023-06-20T04:29:13+00:00
SAO_148L-10,São Paulo,3550308,True,,33299,,,-23.46481,-46.65197525,,,,2,2023-06-20T11:56:58+00:00
SAO_148L-10,São Paulo,3550308,True,,33299,,,-23.465025999999998,-46.65187775,,,,2,2023-06-20T11:57:26+00:00
SAO_148L-10,São Paulo,3550308,True,,33299,,,-23.465025999999998,-46.65187775,,,,2,2023-06-20T11:57:35+00:00
SAO_148L-10,São Paulo,3550308,True,,33299,,,-23.464495499999998,-46.65211625,,,,2,2023-06-20T11:57:08+00:00
SAO_148L-10,São Paulo,3550308,True,,33299,,,-23.455058,-46.652393,,,,2,2023-06-20T11:57:37+00:00
SAO_148L-10,São Paulo,3550308,True,,33299,,,-23.4551215,-46.652438000000004,,,,2,2023-06-20T11:57:14+00:00
SAO_148L-10,São Paulo,3550308,True,,33299,,,-23.4751325,-46.6512695,,,,2,2023-06-20T11:57:02+00:00
SAO_148L-10,São Paulo,3550308,True,,33299,,,-23.45483,-46.652328999999995,,,,2,2023-06-20T11:57:35+00:00
SAO_148L-10,São Paulo,3550308,True,,33299,,,-23.49671325,-46.67643925,,,,2,2023-06-20T11:57:31+00:00
SAO_715M-10,São Paulo,3550308,True,EMTU,490,https://moovitapp.com/index/pt-br/transporte_p%C3%BAblico-line-490-Sao_Paulo-242-2038937-36419517-0,5.15,-23.566092375,-46.64805425,,,,1,2023-06-20T11:57:04+00:00
SAO_715M-10,São Paulo,3550308,True,EMTU,490,https://moovitapp.com/index/pt-br/transporte_p%C3%BAblico-line-490-Sao_Paulo-242-2038937-36419517-0,5.15,-23.566092375,-46.64805425,,,,1,2023-06-20T11:57:05+00:00
SAO_715M-10,São Paulo,3550308,True,EMTU,490,https://moovitapp.com/index/pt-br/transporte_p%C3%BAblico-line-490-Sao_Paulo-242-2038937-36419517-0,5.15,-23.569701000000002,-46.68799425,,,,1,2023-06-20T11:57:14+00:00
SAO_715M-10,São Paulo,3550308,True,EMTU,490,https://moovitapp.com/index/pt-br/transporte_p%C3%BAblico-line-490-Sao_Paulo-242-2038937-36419517-0,5.15,-23.577358,-46.743125500000005,,,,1,2023-06-20T11:57:24+00:00
SAO_715M-10,São Paulo,3550308,True,EMTU,490,https://moovitapp.com/index/pt-br/transporte_p%C3%BAblico-line-490-Sao_Paulo-242-2038937-36419517-0,5.15,-23.56978875,-46.713321750000006,,,,1,2023-06-20T11:57:00+00:00
SAO_715M-10,São Paulo,3550308,True,EMTU,490,https://moovitapp.com/index/pt-br/transporte_p%C3%BAblico-line-490-Sao_Paulo-242-2038937-36419517-0,5.15,-23.583236999999997,-46.761977,,,,1,2023-06-20T11:57:13+00:00
SAO_908T-10,São Paulo,3550308,True,,34884,,,-23.557935125,-46.660014249999996,,,,2,2023-06-20T11:56:55+00:00
SAO_908T-10,São Paulo,3550308,True,,34884,,,-23.566099,-46.710501,,,,2,2023-06-20T11:57:23+00:00
SAO_475R-10,São Paulo,3550308,True,,33112,,,-23.65429,-46.609637500000005,,,,2,2023-06-20T11:57:10+00:00
SAO_475R-10,São Paulo,3550308,True,,33112,,,-23.5470345,-46.6298525,,,,2,2023-06-20T11:56:53+00:00
SAO_475R-10,São Paulo,3550308,True,,33112,,,-23.5470345,-46.6298525,,,,2,2023-06-20T11:57:05+00:00
SAO_475R-10,São Paulo,3550308,True,,33112,,,-23.5470345,-46.6298525,,,,2,2023-06-20T11:57:13+00:00
SAO_475R-10,São Paulo,3550308,True,,33112,,,-23.5470345,-46.6298525,,,,2,2023-06-20T11:57:12+00:00
SAO_475R-10,São Paulo,3550308,True,,33112,,,-23.653594,-46.6082155,,,,2,2023-06-20T11:57:15+00:00
SAO_475R-10,São Paulo,3550308,True,,33112,,,-23.5470345,-46.6298525,,,,2,2023-06-20T11:57:05+00:00
SAO_475R-10,São Paulo,3550308,True,,33112,,,-23.5470345,-46.6298525,,,,2,2023-06-20T11:57:01+00:00
SAO_475R-10,São Paulo,3550308,True,,33112,,,-23.5470345,-46.6298525,,,,2,2023-06-20T11:57:27+00:00
SAO_475R-10,São Paulo,3550308,True,,33112,,,-23.5470345,-46.6298525,,,,2,2023-06-20T11:57:28+00:00
SAO_475R-10,São Paulo,3550308,True,,33112,,,-23.653319500000002,-46.607946999999996,,,,2,2023-06-20T11:57:07+00:00
SAO_475R-10,São Paulo,3550308,True,,33112,,,-23.656667,-46.616541999999995,,,,2,2023-06-20T11:57:30+00:00
SAO_475R-10,São Paulo,3550308,True,,33112,,,-23.5470345,-46.6298525,,,,2,2023-06-20T11:56:51+00:00
SAO_475R-10,São Paulo,3550308,True,,33112,,,-23.5470345,-46.6298525,,,,2,2023-06-20T11:56:52+00:00
SAO_475R-10,São Paulo,3550308,True,,33112,,,-23.576268125000002,-46.65752275,,,,2,2023-06-20T11:57:22+00:00
SAO_2707-10,São Paulo,3550308,True,,919,,,-23.53482375,-46.452111,,,,1,2023-06-20T11:57:34+00:00
SAO_2707-10,São Paulo,3550308,True,,919,,,-23.534623500000002,-46.453379999999996,,,,1,2023-06-20T11:57:17+00:00
SAO_2707-10,São Paulo,3550308,True,,919,,,-23.533719124999998,-46.44977075,,,,1,2023-06-20T11:57:15+00:00
SAO_2707-10,São Paulo,3550308,True,,919,,,-23.5325505,-46.408956,,,,1,2023-06-20T11:57:30+00:00
SAO_2707-10,São Paulo,3550308,True,,919,,,-23.542189,-46.418378000000004,,,,1,2023-06-20T11:57:34+00:00
SAO_2707-10,São Paulo,3550308,True,,919,,,-23.5398895,-46.4573795,,,,1,2023-06-20T11:55:41+00:00
SAO_2707-10,São Paulo,3550308,True,,919,,,-23.5274995,-46.4078465,,,,1,2023-06-20T11:56:49+00:00
SAO_2707-10,São Paulo,3550308,True,,919,,,-23.543808499999997,-46.410647,,,,1,2023-06-20T11:56:53+00:00
SAO_2723-10,São Paulo,3550308,True,,33705,,,-23.511676,-46.443614,,,,2,2023-06-20T11:56:58+00:00
SAO_2723-10,São Paulo,3550308,True,,33705,,,-23.484722,-46.456603,,,,2,2023-06-20T11:57:32+00:00
SAO_2723-10,São Paulo,3550308,True,,33705,,,-23.484722,-46.456603,,,,2,2023-06-20T11:57:12+00:00
SAO_2723-10,São Paulo,3550308,True,,33705,,,-23.526847500000002,-46.446185,,,,2,2023-06-20T11:56:59+00:00
SAO_2723-10,São Paulo,3550308,True,,33705,,,-23.540210000000002,-46.46338125,,,,2,2023-06-20T11:56:56+00:00
SAO_2723-10,São Paulo,3550308,True,,33705,,,-23.487599000000003,-46.4633835,,,,2,2023-06-20T11:56:55+00:00
SAO_2723-10,São Paulo,3550308,True,,33705,,,-23.542138,-46.471932499999994,,,,2,2023-06-20T11:57:31+00:00
SAO_2723-10,São Paulo,3550308,True,,937,,,-23.487495,-46.463618999999994,,,,1,2023-06-20T11:57:29+00:00
SAO_2723-10,São Paulo,3550308,True,,937,,,-23.5419,-46.4729385,,,,1,2023-06-20T11:57:10+00:00
SAO_2723-10,São Paulo,3550308,True,,937,,,-23.49173,-46.44601225,,,,1,2023-06-20T11:57:30+00:00
SAO_2723-10,São Paulo,3550308,True,,937,,,-23.527793250000002,-46.44633775,,,,1,2023-06-20T11:57:36+00:00
SAO_2723-10,São Paulo,3550308,True,,937,,,-23.483647249999997,-46.46405275,,,,1,2023-06-20T11:57:28+00:00
SAO_2723-10,São Paulo,3550308,True,,937,,,-23.520833500000002,-46.444102,,,,1,2023-06-20T11:57:29+00:00
SAO_2723-10,São Paulo,3550308,True,,937,,,-23.490608,-46.4539765,,,,1,2023-06-20T11:57:06+00:00
SAO_2723-10,São Paulo,3550308,True,,937,,,-23.494025999999998,-46.443504499999996,,,,1,2023-06-20T11:57:29+00:00
SAO_178L-10,São Paulo,3550308,True,,33328,,,-23.474621,-46.64296349999999,,,,2,2023-06-20T11:57:03+00:00
SAO_178L-10,São Paulo,3550308,True,,33328,,,-23.4747265,-46.64295,,,,2,2023-06-20T11:57:20+00:00
SAO_178L-10,São Paulo,3550308,True,,33328,,,-23.474617000000002,-46.6435345,,,,2,2023-06-20T11:56:58+00:00
SAO_253F-10,São Paulo,3550308,True,,32926,,,-23.613302,-46.4764105,,,,2,2023-06-20T11:56:53+00:00
SAO_253F-10,São Paulo,3550308,True,,32926,,,-23.613302,-46.4764105,,,,2,2023-06-20T11:57:35+00:00
SAO_253F-10,São Paulo,3550308,True,,32926,,,-23.5180825,-46.4756835,,,,2,2023-06-20T11:57:10+00:00
SAO_253F-10,São Paulo,3550308,True,,32926,,,-23.610107,-46.474199999999996,,,,2,2023-06-20T11:57:02+00:00
SAO_4732-31,São Paulo,3550308,True,,34895,,,-23.6475085,-46.600749,,,,2,2023-06-20T11:57:33+00:00
SAO_4732-31,São Paulo,3550308,True,,34895,,,-23.624062000000002,-46.628401875,,,,2,2023-06-20T11:57:35+00:00
SAO_4732-31,São Paulo,3550308,True,,34895,,,-23.6529585,-46.600877499999996,,,,2,2023-06-20T11:57:27+00:00
SAO_6069-10,São Paulo,3550308,True,,1154,,,-23.744763,-46.693926000000005,,,,1,2023-06-20T11:57:19+00:00
SAO_6069-10,São Paulo,3550308,True,,1154,,,-23.744763,-46.693926000000005,,,,1,2023-06-20T11:57:30+00:00
SAO_6069-10,São Paulo,3550308,True,,1154,,,-23.737816375,-46.699858750000004,,,,1,2023-06-20T11:57:29+00:00
SAO_6069-10,São Paulo,3550308,True,,1154,,,-23.70703875,-46.700295749999995,,,,1,2023-06-20T11:57:39+00:00
SAO_6069-10,São Paulo,3550308,True,,1154,,,-23.653890625,-46.71154075,,,,1,2023-06-20T11:57:22+00:00
SAO_6069-10,São Paulo,3550308,True,,1154,,,-23.757483375,-46.702480375,,,,1,2023-06-20T11:57:28+00:00
SAO_6069-10,São Paulo,3550308,True,,1154,,,-23.672977,-46.70973425,,,,1,2023-06-20T11:57:39+00:00
SAO_9032-10,São Paulo,3550308,True,STT,880,https://moovitapp.com/index/pt-br/transporte_p%C3%BAblico-line-880-Sao_Paulo-242-850661-183362-0,5.3,-23.451225,-46.6962325,,,,1,2023-06-20T11:57:18+00:00
SAO_9032-10,São Paulo,3550308,True,STT,880,https://moovitapp.com/index/pt-br/transporte_p%C3%BAblico-line-880-Sao_Paulo-242-850661-183362-0,5.3,-23.449935,-46.6981605,,,,1,2023-06-20T11:56:57+00:00
SAO_9032-10,São Paulo,3550308,True,STT,880,https://moovitapp.com/index/pt-br/transporte_p%C3%BAblico-line-880-Sao_Paulo-242-850661-183362-0,5.3,-23.446290750000003,-46.692449249999996,,,,1,2023-06-20T11:57:32+00:00
SAO_9032-10,São Paulo,3550308,True,STT,880,https://moovitapp.com/index/pt-br/transporte_p%C3%BAblico-line-880-Sao_Paulo-242-850661-183362-0,5.3,-23.4462735,-46.692235499999995,,,,1,2023-06-20T11:57:02+00:00
SAO_9032-10,São Paulo,3550308,True,STT,880,https://moovitapp.com/index/pt-br/transporte_p%C3%BAblico-line-880-Sao_Paulo-242-850661-183362-0,5.3,-23.4583065,-46.690271749999994,,,,1,2023-06-20T11:57:06+00:00
SAO_9032-10,São Paulo,3550308,True,STT,880,https://moovitapp.com/index/pt-br/transporte_p%C3%BAblico-line-880-Sao_Paulo-242-850661-183362-0,5.3,-23.4462385,-46.692054,,,,1,2023-06-20T11:56:52+00:00
SAO_5091-10,São Paulo,3550308,True,,34291,,,-23.694660499999998,-46.6771015,,,,2,2023-06-20T11:57:29+00:00
SAO_5091-10,São Paulo,3550308,True,,34291,,,-23.68224575,-46.6769735,,,,2,2023-06-20T11:57:12+00:00
SAO_5091-10,São Paulo,3550308,True,,34291,,,-23.64599175,-46.64096275,,,,2,2023-06-20T11:57:16+00:00
SAO_807J-10,São Paulo,3550308,True,,2058,,,-23.622176500000002,-46.759738999999996,,,,1,2023-06-20T11:57:28+00:00
SAO_807J-10,São Paulo,3550308,True,,2058,,,-23.609191,-46.712860500000005,,,,1,2023-06-20T11:57:07+00:00
SAO_807J-10,São Paulo,3550308,True,,2058,,,-23.608480999999998,-46.750432,,,,1,2023-06-20T11:57:25+00:00
SAO_807J-10,São Paulo,3550308,True,,2058,,,-23.631701,-46.7721875,,,,1,2023-06-20T11:57:21+00:00
SAO_6044-10,São Paulo,3550308,True,,33989,,,-23.676567,-46.798396,,,,2,2023-06-20T11:57:36+00:00
SAO_6044-10,São Paulo,3550308,True,,33989,,,-23.6488675,-46.7535655,,,,2,2023-06-20T11:57:18+00:00
SAO_6044-10,São Paulo,3550308,True,,33989,,,-23.6422245,-46.7112835,,,,2,2023-06-20T11:57:19+00:00
SAO_6044-10,São Paulo,3550308,True,,33989,,,-23.659893500000003,-46.7761195,,,,2,2023-06-20T11:57:32+00:00
SAO_3019-10,São Paulo,3550308,True,,33725,,,-23.582559,-46.407009,,,,2,2023-06-20T11:57:06+00:00
SAO_3019-10,São Paulo,3550308,True,,33725,,,-23.57952925,-46.40457375,,,,2,2023-06-20T11:57:24+00:00
SAO_178T-10,São Paulo,3550308,True,EMTU,565,https://moovitapp.com/index/pt-br/transporte_p%C3%BAblico-line-565-Sao_Paulo-242-2038937-36419563-0,8.1,-23.510699,-46.705584,,,,1,2023-06-20T11:57:33+00:00
SAO_178T-10,São Paulo,3550308,True,EMTU,565,https://moovitapp.com/index/pt-br/transporte_p%C3%BAblico-line-565-Sao_Paulo-242-2038937-36419563-0,8.1,-23.5039825,-46.6686125,,,,1,2023-06-20T11:57:18+00:00
SAO_178T-10,São Paulo,3550308,True,EMTU,565,https://moovitapp.com/index/pt-br/transporte_p%C3%BAblico-line-565-Sao_Paulo-242-2038937-36419563-0,8.1,-23.498008874999996,-46.6975575,,,,1,2023-06-20T11:57:37+00:00
SAO_178T-10,São Paulo,3550308,True,EMTU,565,https://moovitapp.com/index/pt-br/transporte_p%C3%BAblico-line-565-Sao_Paulo-242-2038937-36419563-0,8.1,-23.5315425,-46.734446500000004,,,,1,2023-06-20T11:57:18+00:00
SAO_178T-10,São Paulo,3550308,True,EMTU,565,https://moovitapp.com/index/pt-br/transporte_p%C3%BAblico-line-565-Sao_Paulo-242-2038937-36419563-0,8.1,-23.486686749999997,-46.643176249999996,,,,1,2023-06-20T11:57:20+00:00
SAO_178T-10,São Paulo,3550308,True,EMTU,565,https://moovitapp.com/index/pt-br/transporte_p%C3%BAblico-line-565-Sao_Paulo-242-2038937-36419563-0,8.1,-23.522799499999998,-46.718002,,,,1,2023-06-20T11:57:21+00:00
SAO_809L-10,São Paulo,3550308,True,,34717,,,-23.5239105,-46.699185,,,,2,2023-06-20T11:57:21+00:00
SAO_809L-10,São Paulo,3550308,True,,34717,,,-23.62694175,-46.766502,,,,2,2023-06-20T11:56:56+00:00
SAO_809L-10,São Paulo,3550308,True,,34717,,,-23.631868500000003,-46.772482,,,,2,2023-06-20T11:57:14+00:00
SAO_809L-10,São Paulo,3550308,True,,34717,,,-23.631954,-46.7723235,,,,2,2023-06-20T11:57:09+00:00
SAO_809L-10,São Paulo,3550308,True,,34717,,,-23.5478385,-46.708818,,,,2,2023-06-20T11:56:55+00:00
SAO_809L-10,São Paulo,3550308,True,,34717,,,-23.577265500000003,-46.714676,,,,2,2023-06-20T11:57:25+00:00
SAO_809L-10,São Paulo,3550308,True,,34717,,,-23.63166,-46.772949499999996,,,,2,2023-06-20T11:57:35+00:00
SAO_809L-10,São Paulo,3550308,True,,34717,,,-23.572149250000002,-46.7114315,,,,2,2023-06-20T11:56:56+00:00
SAO_6072-21,São Paulo,3550308,True,,34523,,,-23.768084,-46.716452,,,,2,2023-06-20T11:57:35+00:00
SAO_7053-22,São Paulo,3550308,True,,1896,,,-23.6323625,-46.7722555,,,,1,2023-06-20T11:57:28+00:00
SAO_719P-10,São Paulo,3550308,True,,1372,,,-23.5661695,-46.701891,,,,1,2023-06-20T11:56:58+00:00
SAO_719P-10,São Paulo,3550308,True,,1372,,,-23.53506275,-46.644746999999995,,,,1,2023-06-20T11:57:12+00:00
SAO_719P-10,São Paulo,3550308,True,,1372,,,-23.537413875,-46.654483625,,,,1,2023-06-20T11:57:39+00:00
SAO_1788-10,São Paulo,3550308,True,,33421,,,-23.439379000000002,-46.5872065,,,,2,2023-06-20T11:57:06+00:00
SAO_1788-10,São Paulo,3550308,True,,33421,,,-23.49807,-46.615755,,,,2,2023-06-20T11:57:20+00:00
SAO_1788-10,São Paulo,3550308,True,,33421,,,-23.4513855,-46.588884,,,,2,2023-06-20T11:57:04+00:00
SAO_2727-10,São Paulo,3550308,True,,942,,,-23.540153,-46.483096,,,,1,2023-06-20T11:56:46+00:00
SAO_2727-10,São Paulo,3550308,True,,942,,,-23.540146,-46.4828645,,,,1,2023-06-20T11:56:55+00:00
SAO_2727-10,São Paulo,3550308,True,,942,,,-23.540153,-46.483096,,,,1,2023-06-20T11:56:58+00:00
SAO_2727-10,São Paulo,3550308,True,,942,,,-23.522828,-46.4616975,,,,1,2023-06-20T11:57:34+00:00
SAO_2727-10,São Paulo,3550308,True,,942,,,-23.540153,-46.483096,,,,1,2023-06-20T11:57:08+00:00
SAO_2727-10,São Paulo,3550308,True,,942,,,-23.5216453125,-46.45799975,,,,1,2023-06-20T11:57:38+00:00
SAO_2727-10,São Paulo,3550308,True,,942,,,-23.540153,-46.483096,,,,1,2023-06-20T11:57:25+00:00
SAO_2727-10,São Paulo,3550308,True,,942,,,-23.536727,-46.4727215,,,,1,2023-06-20T11:57:03+00:00
SAO_2727-10,São Paulo,3550308,True,,942,,,-23.526246,-46.464134,,,,1,2023-06-20T11:57:04+00:00
SAO_273X-10,São Paulo,3550308,True,EMTU,392,https://moovitapp.com/index/pt-br/transporte_p%C3%BAblico-line-392-Sao_Paulo-242-2038937-36419460-0,5.8,-23.49332075,-46.389150875,,,,1,2023-06-20T11:56:54+00:00
SAO_273X-10,São Paulo,3550308,True,EMTU,392,https://moovitapp.com/index/pt-br/transporte_p%C3%BAblico-line-392-Sao_Paulo-242-2038937-36419460-0,5.8,-23.496322499999998,-46.40204725,,,,1,2023-06-20T11:57:12+00:00
SAO_273X-10,São Paulo,3550308,True,EMTU,392,https://moovitapp.com/index/pt-br/transporte_p%C3%BAblico-line-392-Sao_Paulo-242-2038937-36419460-0,5.8,-23.497811499999997,-46.460205,,,,1,2023-06-20T11:57:34+00:00
SAO_273X-10,São Paulo,3550308,True,EMTU,392,https://moovitapp.com/index/pt-br/transporte_p%C3%BAblico-line-392-Sao_Paulo-242-2038937-36419460-0,5.8,-23.5068575,-46.38783,,,,1,2023-06-20T11:57:26+00:00
SAO_273X-10,São Paulo,3550308,True,EMTU,392,https://moovitapp.com/index/pt-br/transporte_p%C3%BAblico-line-392-Sao_Paulo-242-2038937-36419460-0,5.8,-23.4959815,-46.45273225,,,,1,2023-06-20T11:54:59+00:00
SAO_273X-10,São Paulo,3550308,True,EMTU,392,https://moovitapp.com/index/pt-br/transporte_p%C3%BAblico-line-392-Sao_Paulo-242-2038937-36419460-0,5.8,-23.49422,-46.421926375000005,,,,1,2023-06-20T11:57:29+00:00
SAO_273X-10,São Paulo,3550308,True,EMTU,392,https://moovitapp.com/index/pt-br/transporte_p%C3%BAblico-line-392-Sao_Paulo-242-2038937-36419460-0,5.8,-23.5067915,-46.388024,,,,1,2023-06-20T11:57:23+00:00
SAO_2770-10,São Paulo,3550308,True,,33011,,,-23.5406795,-46.4086805,,,,2,2023-06-20T11:57:20+00:00
SAO_2770-10,São Paulo,3550308,True,,33011,,,-23.508790500000003,-46.4166235,,,,2,2023-06-20T11:57:30+00:00
SAO_2770-10,São Paulo,3550308,True,,33011,,,-23.538865,-46.431186499999995,,,,2,2023-06-20T11:57:18+00:00
SAO_6115-10,São Paulo,3550308,True,,1185,,,-23.7425925,-46.662287500000005,,,,1,2023-06-20T11:57:16+00:00
SAO_6115-10,São Paulo,3550308,True,,1185,,,-23.755401874999997,-46.671728875,,,,1,2023-06-20T11:57:36+00:00
SAO_6115-10,São Paulo,3550308,True,,1185,,,-23.73484475,-46.695252249999996,,,,1,2023-06-20T11:57:25+00:00
SAO_6115-10,São Paulo,3550308,True,,1185,,,-23.746142,-46.6884825,,,,1,2023-06-20T11:57:18+00:00
SAO_6115-10,São Paulo,3550308,True,,1185,,,-23.7363815,-46.696515000000005,,,,1,2023-06-20T11:57:00+00:00
SAO_6115-10,São Paulo,3550308,True,,1185,,,-23.74767275,-46.6662515,,,,1,2023-06-20T11:57:10+00:00
SAO_3718-10,São Paulo,3550308,True,,1013,,,-23.542741,-46.482468,,,,1,2023-06-20T11:57:34+00:00
SAO_3718-10,São Paulo,3550308,True,,1013,,,-23.554032999999997,-46.49080525,,,,1,2023-06-20T11:57:00+00:00
SAO_3718-10,São Paulo,3550308,True,,1013,,,-23.5523895,-46.4838005,,,,1,2023-06-20T11:57:27+00:00
SAO_3718-10,São Paulo,3550308,True,,1013,,,-23.5411365,-46.4841525,,,,1,2023-06-20T11:56:59+00:00
SAO_4716-10,São Paulo,3550308,True,,1106,,,-23.601743,-46.601547,,,,1,2023-06-20T11:57:25+00:00
SAO_4716-10,São Paulo,3550308,True,,1106,,,-23.6079725,-46.610132500000006,,,,1,2023-06-20T11:57:13+00:00
SAO_4716-10,São Paulo,3550308,True,,1106,,,-23.613982,-46.617247000000006,,,,1,2023-06-20T11:57:29+00:00
SAO_4716-10,São Paulo,3550308,True,,1106,,,-23.599649,-46.637840499999996,,,,1,2023-06-20T11:57:01+00:00
SAO_4716-10,São Paulo,3550308,True,,1106,,,-23.603278500000002,-46.63503725,,,,1,2023-06-20T11:57:20+00:00
SAO_6038-10,São Paulo,3550308,True,,33984,,,-23.648877499999998,-46.753294499999996,,,,2,2023-06-20T11:57:21+00:00
SAO_6038-10,São Paulo,3550308,True,,33984,,,-23.6580875,-46.789572,,,,2,2023-06-20T11:57:36+00:00
SAO_6038-10,São Paulo,3550308,True,,33984,,,-23.642334499999997,-46.740688000000006,,,,2,2023-06-20T11:56:58+00:00
SAO_6038-10,São Paulo,3550308,True,,33984,,,-23.6495615,-46.707459,,,,2,2023-06-20T11:57:34+00:00
SAO_6038-10,São Paulo,3550308,True,,33984,,,-23.649475000000002,-46.70701,,,,2,2023-06-20T11:57:29+00:00
SAO_6038-10,São Paulo,3550308,True,,33984,,,-23.6582,-46.7894615,,,,2,2023-06-20T11:57:22+00:00
SAO_6038-10,São Paulo,3550308,True,,33984,,,-23.6582,-46.7894615,,,,2,2023-06-20T11:57:34+00:00
SAO_6038-10,São Paulo,3550308,True,,33984,,,-23.658400999999998,-46.78931475,,,,2,2023-06-20T11:57:06+00:00
SAO_857C-10,São Paulo,3550308,True,,34669,,,-23.631258,-46.773112999999995,,,,2,2023-06-20T11:57:11+00:00
SAO_857C-10,São Paulo,3550308,True,,34669,,,-23.624952,-46.6864595,,,,2,2023-06-20T11:57:29+00:00
SAO_857C-10,São Paulo,3550308,True,,34669,,,-23.6323625,-46.7722555,,,,2,2023-06-20T11:57:18+00:00
SAO_2731-10,São Paulo,3550308,True,,946,,,-23.520887,-46.432977750000006,,,,1,2023-06-20T11:57:38+00:00
SAO_2731-10,São Paulo,3550308,True,,946,,,-23.5342945,-46.454449,,,,1,2023-06-20T11:56:57+00:00
SAO_2731-10,São Paulo,3550308,True,,946,,,-23.542814,-46.470709,,,,1,2023-06-20T11:57:02+00:00
SAO_2731-10,São Paulo,3550308,True,,946,,,-23.519236499999998,-46.432488750000005,,,,1,2023-06-20T11:52:45+00:00
SAO_2731-10,São Paulo,3550308,True,,946,,,-23.521015,-46.434312999999996,,,,1,2023-06-20T11:57:37+00:00
SAO_2731-10,São Paulo,3550308,True,,946,,,-23.5278695,-46.447181,,,,1,2023-06-20T11:57:02+00:00
SAO_2731-10,São Paulo,3550308,True,,946,,,-23.518249,-46.439041,,,,1,2023-06-20T11:56:12+00:00
SAO_2731-10,São Paulo,3550308,True,,946,,,-23.517191500000003,-46.438682,,,,1,2023-06-20T11:57:25+00:00
SAO_5757-10,São Paulo,3550308,True,,1288,,,-23.665488,-46.6512705,,,,1,2023-06-20T11:57:13+00:00
SAO_5757-10,São Paulo,3550308,True,,1288,,,-23.686847999999998,-46.63351,,,,1,2023-06-20T11:57:35+00:00
SAO_5757-10,São Paulo,3550308,True,,1288,,,-23.6907885,-46.638878000000005,,,,1,2023-06-20T11:57:28+00:00
SAO_5757-10,São Paulo,3550308,True,,1288,,,-23.639430125,-46.641292375,,,,1,2023-06-20T11:57:24+00:00
SAO_5757-10,São Paulo,3550308,True,,1288,,,-23.67221775,-46.6449425,,,,1,2023-06-20T11:56:55+00:00
SAO_6045-10,São Paulo,3550308,True,,1222,,,-23.63794375,-46.719917,,,,1,2023-06-20T11:56:58+00:00
SAO_6045-10,São Paulo,3550308,True,,1222,,,-23.6517585,-46.75778675,,,,1,2023-06-20T11:57:28+00:00
SAO_6045-10,São Paulo,3550308,True,,1222,,,-23.644202999999997,-46.743021999999996,,,,1,2023-06-20T11:57:39+00:00
SAO_6045-10,São Paulo,3550308,True,,1222,,,-23.687793,-46.800698499999996,,,,1,2023-06-20T11:57:27+00:00
SAO_6045-10,São Paulo,3550308,True,,1222,,,-23.6746835,-46.773801,,,,1,2023-06-20T11:57:08+00:00
SAO_6045-10,São Paulo,3550308,True,,1222,,,-23.6498405,-46.707801,,,,1,2023-06-20T11:56:56+00:00
SAO_6045-10,São Paulo,3550308,True,,1222,,,-23.6624305,-46.769189,,,,1,2023-06-20T11:57:39+00:00
SAO_2732-10,São Paulo,3550308,True,,33715,,,-23.533921499999998,-46.45862150000001,,,,2,2023-06-20T11:57:32+00:00
SAO_2732-10,São Paulo,3550308,True,,33715,,,-23.539995499999996,-46.482319125,,,,2,2023-06-20T11:57:12+00:00
SAO_2732-10,São Paulo,3550308,True,,33715,,,-23.535743,-46.464623,,,,2,2023-06-20T11:57:33+00:00
SAO_2732-10,São Paulo,3550308,True,,33715,,,-23.540062499999998,-46.482594375,,,,2,2023-06-20T11:56:55+00:00
SAO_2732-10,São Paulo,3550308,True,,33715,,,-23.5365545,-46.469376249999996,,,,2,2023-06-20T11:57:08+00:00
SAO_2732-10,São Paulo,3550308,True,,33715,,,-23.539938499999998,-46.482815,,,,2,2023-06-20T11:57:11+00:00
SAO_9004-10,São Paulo,3550308,True,,871,,,-23.457195499999997,-46.685354,,,,1,2023-06-20T11:57:37+00:00
SAO_9004-10,São Paulo,3550308,True,,871,,,-23.457195499999997,-46.685354,,,,1,2023-06-20T11:57:10+00:00
SAO_9004-10,São Paulo,3550308,True,,871,,,-23.457195499999997,-46.685354,,,,1,2023-06-20T11:57:08+00:00
SAO_9004-10,São Paulo,3550308,True,,871,,,-23.4614385,-46.672942,,,,1,2023-06-20T11:57:10+00:00
SAO_9004-10,São Paulo,3550308,True,,871,,,-23.45839075,-46.680952500000004,,,,1,2023-06-20T11:57:13+00:00
SAO_9004-10,São Paulo,3550308,True,,871,,,-23.4747215,-46.6702715,,,,1,2023-06-20T11:57:21+00:00
SAO_9004-10,São Paulo,3550308,True,,871,,,-23.457195499999997,-46.685354,,,,1,2023-06-20T11:56:46+00:00
SAO_407J-10,São Paulo,3550308,True,,2198,,,-23.542303,-46.425173,,,,1,2023-06-20T11:57:29+00:00
SAO_407J-10,São Paulo,3550308,True,,2198,,,-23.534235000000002,-46.452625999999995,,,,1,2023-06-20T11:57:01+00:00
SAO_407J-10,São Paulo,3550308,True,,2198,,,-23.5513555,-46.400177,,,,1,2023-06-20T11:57:04+00:00
SAO_407J-10,São Paulo,3550308,True,,2198,,,-23.553662,-46.403915,,,,1,2023-06-20T11:56:59+00:00
SAO_407J-10,São Paulo,3550308,True,,2198,,,-23.566737500000002,-46.474543999999995,,,,1,2023-06-20T11:56:56+00:00
SAO_407J-10,São Paulo,3550308,True,,2198,,,-23.582557,-46.491575499999996,,,,1,2023-06-20T11:57:16+00:00
SAO_407J-10,São Paulo,3550308,True,,2198,,,-23.554587124999998,-46.46730775,,,,1,2023-06-20T11:57:04+00:00
SAO_407J-10,São Paulo,3550308,True,,2198,,,-23.560007,-46.51988275,,,,1,2023-06-20T11:57:17+00:00
SAO_407J-10,São Paulo,3550308,True,,2198,,,-23.544338500000002,-46.409546000000006,,,,1,2023-06-20T11:56:58+00:00
SAO_6805-10,São Paulo,3550308,True,,31,,,-23.6531165,-46.740077,,,,1,2023-06-20T11:56:57+00:00
SAO_719R-10,São Paulo,3550308,True,EMTU,469,https://moovitapp.com/index/pt-br/transporte_p%C3%BAblico-line-469-Sao_Paulo-242-2038937-36419507-0,5.4,-23.5546455,-46.672629375,,,,1,2023-06-20T11:57:17+00:00
SAO_719R-10,São Paulo,3550308,True,EMTU,469,https://moovitapp.com/index/pt-br/transporte_p%C3%BAblico-line-469-Sao_Paulo-242-2038937-36419507-0,5.4,-23.53089075,-46.656893,,,,1,2023-06-20T11:57:01+00:00
SAO_719R-10,São Paulo,3550308,True,EMTU,469,https://moovitapp.com/index/pt-br/transporte_p%C3%BAblico-line-469-Sao_Paulo-242-2038937-36419507-0,5.4,-23.562776999999997,-46.764811,,,,1,2023-06-20T11:56:57+00:00
SAO_719R-10,São Paulo,3550308,True,EMTU,469,https://moovitapp.com/index/pt-br/transporte_p%C3%BAblico-line-469-Sao_Paulo-242-2038937-36419507-0,5.4,-23.570489625,-46.7111315,,,,1,2023-06-20T11:57:18+00:00
SAO_719R-10,São Paulo,3550308,True,EMTU,469,https://moovitapp.com/index/pt-br/transporte_p%C3%BAblico-line-469-Sao_Paulo-242-2038937-36419507-0,5.4,-23.566812499999997,-46.743474500000005,,,,1,2023-06-20T11:56:59+00:00
SAO_1178-31,São Paulo,3550308,True,,34580,,,-23.495123,-46.435414,,,,2,2023-06-20T11:57:32+00:00
SAO_1178-31,São Paulo,3550308,True,,34580,,,-23.521176,-46.630000499999994,,,,2,2023-06-20T11:57:38+00:00
SAO_1178-31,São Paulo,3550308,True,,34580,,,-23.504152499999996,-46.432775,,,,2,2023-06-20T11:57:22+00:00
SAO_8028-10,São Paulo,3550308,True,,35300,,,-23.585691,-46.724018,,,,2,2023-06-20T11:57:14+00:00
SAO_8028-10,São Paulo,3550308,True,,35300,,,-23.601012,-46.7155585,,,,2,2023-06-20T11:56:57+00:00
SAO_8028-10,São Paulo,3550308,True,,35300,,,-23.585691,-46.724018,,,,2,2023-06-20T11:57:08+00:00
SAO_8028-10,São Paulo,3550308,True,,35300,,,-23.6114195,-46.7183875,,,,2,2023-06-20T11:57:30+00:00
SAO_342M-10,São Paulo,3550308,True,,33515,,,-23.584042,-46.4926035,,,,2,2023-06-20T11:57:24+00:00
SAO_342M-10,São Paulo,3550308,True,,33515,,,-23.518709,-46.546899499999995,,,,2,2023-06-20T11:57:11+00:00
SAO_342M-10,São Paulo,3550308,True,,33515,,,-23.558311,-46.522212499999995,,,,2,2023-06-20T11:57:04+00:00
SAO_342M-10,São Paulo,3550308,True,,33515,,,-23.5242185,-46.55247275,,,,2,2023-06-20T11:57:26+00:00
SAO_342M-10,São Paulo,3550308,True,,33515,,,-23.55490325,-46.52660075,,,,2,2023-06-20T11:57:27+00:00
SAO_342M-10,São Paulo,3550308,True,,33515,,,-23.586525,-46.49109025,,,,2,2023-06-20T11:56:59+00:00
SAO_342M-10,São Paulo,3550308,True,,33515,,,-23.561563125,-46.517986500000006,,,,2,2023-06-20T11:57:02+00:00
SAO_342M-10,São Paulo,3550308,True,,33515,,,-23.613302,-46.4764105,,,,2,2023-06-20T11:57:12+00:00
SAO_342M-10,São Paulo,3550308,True,,33515,,,-23.584042,-46.4926035,,,,2,2023-06-20T11:57:21+00:00
SAO_342M-10,São Paulo,3550308,True,,33515,,,-23.6130335,-46.4763365,,,,2,2023-06-20T11:57:35+00:00
SAO_342M-10,São Paulo,3550308,True,,33515,,,-23.54760875,-46.539715,,,,2,2023-06-20T11:57:18+00:00
SAO_4008-10,São Paulo,3550308,True,,2182,,,-23.56881,-46.4756615,,,,1,2023-06-20T11:56:57+00:00
SAO_4008-10,São Paulo,3550308,True,,2182,,,-23.5730545,-46.445757,,,,1,2023-06-20T11:56:22+00:00
SAO_4008-10,São Paulo,3550308,True,,2182,,,-23.576464,-46.481598250000005,,,,1,2023-06-20T11:57:27+00:00
SAO_2780-10,São Paulo,3550308,True,EMTU,399,https://moovitapp.com/index/pt-br/transporte_p%C3%BAblico-line-399-Sao_Paulo-242-2038937-36419463-0,6.45,-23.494658,-46.426776000000004,,,,1,2023-06-20T11:57:29+00:00
SAO_2780-10,São Paulo,3550308,True,EMTU,399,https://moovitapp.com/index/pt-br/transporte_p%C3%BAblico-line-399-Sao_Paulo-242-2038937-36419463-0,6.45,-23.502917125,-46.390830750000006,,,,1,2023-06-20T11:57:35+00:00
SAO_2780-10,São Paulo,3550308,True,EMTU,399,https://moovitapp.com/index/pt-br/transporte_p%C3%BAblico-line-399-Sao_Paulo-242-2038937-36419463-0,6.45,-23.539994,-46.4576665,,,,1,2023-06-20T11:57:23+00:00
SAO_2780-10,São Paulo,3550308,True,EMTU,399,https://moovitapp.com/index/pt-br/transporte_p%C3%BAblico-line-399-Sao_Paulo-242-2038937-36419463-0,6.45,-23.530063,-46.452497,,,,1,2023-06-20T11:56:57+00:00
SAO_707A-10,São Paulo,3550308,True,,1990,,,-23.692922000000003,-46.7783795,,,,1,2023-06-20T11:57:00+00:00
SAO_707A-10,São Paulo,3550308,True,,1990,,,-23.664078500000002,-46.7083385,,,,1,2023-06-20T11:57:36+00:00
SAO_707A-10,São Paulo,3550308,True,,1990,,,-23.671976,-46.7416365,,,,1,2023-06-20T11:57:26+00:00
SAO_707A-10,São Paulo,3550308,True,,1990,,,-23.688371999999998,-46.77244137500001,,,,1,2023-06-20T11:57:34+00:00
SAO_707A-10,São Paulo,3550308,True,,1990,,,-23.602512374999996,-46.6550755,,,,1,2023-06-20T11:57:09+00:00
SAO_707A-10,São Paulo,3550308,True,,1990,,,-23.620468375,-46.678004,,,,1,2023-06-20T11:57:18+00:00
SAO_707A-10,São Paulo,3550308,True,,1990,,,-23.677541,-46.7615305,,,,1,2023-06-20T11:57:20+00:00
SAO_707A-10,São Paulo,3550308,True,,1990,,,-23.637971375,-46.69459475000001,,,,1,2023-06-20T11:57:16+00:00
SAO_7267-10,São Paulo,3550308,True,,34195,,,-23.547722,-46.641317,,,,2,2023-06-20T11:57:14+00:00
SAO_7267-10,São Paulo,3550308,True,,34195,,,-23.547722,-46.641317,,,,2,2023-06-20T11:57:13+00:00
SAO_7267-10,São Paulo,3550308,True,,34195,,,-23.536766,-46.6772695,,,,2,2023-06-20T11:57:11+00:00
SAO_476L-10,São Paulo,3550308,True,,33030,,,-23.589543,-46.6346735,,,,2,2023-06-20T11:57:08+00:00
SAO_6062-10,São Paulo,3550308,True,,33919,,,-23.737220375,-46.69698375,,,,2,2023-06-20T11:57:32+00:00
SAO_6062-10,São Paulo,3550308,True,,33919,,,-23.737047,-46.697469,,,,2,2023-06-20T11:57:21+00:00
SAO_6062-10,São Paulo,3550308,True,,33919,,,-23.735493374999997,-46.68868875,,,,2,2023-06-20T11:57:28+00:00
SAO_2702-10,São Paulo,3550308,True,,914,,,-23.540062499999998,-46.482594375,,,,1,2023-06-20T11:55:49+00:00
SAO_2702-10,São Paulo,3550308,True,,914,,,-23.495477,-46.4449435,,,,1,2023-06-20T11:57:22+00:00
SAO_576C-10,São Paulo,3550308,True,,1290,,,-23.656017749999997,-46.70077512500001,,,,1,2023-06-20T11:57:30+00:00
SAO_576C-10,São Paulo,3550308,True,,1290,,,-23.6542205,-46.710612,,,,1,2023-06-20T11:57:36+00:00
SAO_576C-10,São Paulo,3550308,True,,1290,,,-23.652554000000002,-46.6484595,,,,1,2023-06-20T11:57:33+00:00
SAO_576C-10,São Paulo,3550308,True,,1290,,,-23.660165999999997,-46.67896399999999,,,,1,2023-06-20T11:57:27+00:00
SAO_576C-10,São Paulo,3550308,True,,1290,,,-23.654094,-46.710155,,,,1,2023-06-20T11:57:00+00:00
SAO_576C-10,São Paulo,3550308,True,,1290,,,-23.6460055,-46.644996,,,,1,2023-06-20T11:57:14+00:00
SAO_7023-10,São Paulo,3550308,True,,34920,,,-23.6997445,-46.763545,,,,2,2023-06-20T11:57:25+00:00
SAO_7023-10,São Paulo,3550308,True,,34920,,,-23.680833749999998,-46.734853,,,,2,2023-06-20T11:57:38+00:00
SAO_7023-10,São Paulo,3550308,True,,34920,,,-23.699361,-46.7632355,,,,2,2023-06-20T11:57:16+00:00
SAO_7023-10,São Paulo,3550308,True,,34920,,,-23.661628,-46.7066085,,,,2,2023-06-20T11:57:24+00:00
SAO_7023-10,São Paulo,3550308,True,,34920,,,-23.6540225,-46.711386000000005,,,,2,2023-06-20T11:57:35+00:00
SAO_477P-10,São Paulo,3550308,True,EMTU,348,https://moovitapp.com/index/pt-br/transporte_p%C3%BAblico-line-348-Sao_Paulo-242-2038937-36419431-0,5.1,-23.6120705,-46.608466,,,,1,2023-06-20T11:57:23+00:00
SAO_477P-10,São Paulo,3550308,True,EMTU,348,https://moovitapp.com/index/pt-br/transporte_p%C3%BAblico-line-348-Sao_Paulo-242-2038937-36419431-0,5.1,-23.604548875,-46.603536875,,,,1,2023-06-20T11:57:02+00:00
SAO_477P-10,São Paulo,3550308,True,EMTU,348,https://moovitapp.com/index/pt-br/transporte_p%C3%BAblico-line-348-Sao_Paulo-242-2038937-36419431-0,5.1,-23.58113775,-46.6139315,,,,1,2023-06-20T11:57:14+00:00
SAO_477P-10,São Paulo,3550308,True,EMTU,348,https://moovitapp.com/index/pt-br/transporte_p%C3%BAblico-line-348-Sao_Paulo-242-2038937-36419431-0,5.1,-23.605480999999997,-46.65938625,,,,1,2023-06-20T11:57:34+00:00
SAO_477P-10,São Paulo,3550308,True,EMTU,348,https://moovitapp.com/index/pt-br/transporte_p%C3%BAblico-line-348-Sao_Paulo-242-2038937-36419431-0,5.1,-23.577496,-46.765227499999995,,,,1,2023-06-20T11:57:00+00:00
SAO_477P-10,São Paulo,3550308,True,EMTU,348,https://moovitapp.com/index/pt-br/transporte_p%C3%BAblico-line-348-Sao_Paulo-242-2038937-36419431-0,5.1,-23.567136249999997,-46.69929375,,,,1,2023-06-20T11:57:18+00:00
SAO_477P-10,São Paulo,3550308,True,EMTU,348,https://moovitapp.com/index/pt-br/transporte_p%C3%BAblico-line-348-Sao_Paulo-242-2038937-36419431-0,5.1,-23.599111,-46.6782285,,,,1,2023-06-20T11:57:31+00:00
SAO_4709-10,São Paulo,3550308,True,,33101,,,-23.5894755,-46.633868,,,,2,2023-06-20T11:57:19+00:00
SAO_4709-10,São Paulo,3550308,True,,33101,,,-23.5894755,-46.633868,,,,2,2023-06-20T11:57:07+00:00
SAO_4709-10,São Paulo,3550308,True,,33101,,,-23.62364675,-46.60181825,,,,2,2023-06-20T11:57:28+00:00
SAO_4709-10,São Paulo,3550308,True,,33101,,,-23.652849500000002,-46.607545,,,,2,2023-06-20T11:57:13+00:00
SAO_9653-10,São Paulo,3550308,True,,33356,,,-23.532787874999997,-46.645032625,,,,2,2023-06-20T11:56:56+00:00
SAO_9653-10,São Paulo,3550308,True,,33356,,,-23.4580645,-46.6433105,,,,2,2023-06-20T11:57:34+00:00
SAO_9653-10,São Paulo,3550308,True,,33356,,,-23.4580645,-46.6433105,,,,2,2023-06-20T11:56:58+00:00
SAO_9653-10,São Paulo,3550308,True,,33356,,,-23.473617500000003,-46.6672885,,,,2,2023-06-20T11:56:53+00:00
SAO_6400-10,São Paulo,3550308,True,,32825,,,-23.589698249999998,-46.67230225,,,,2,2023-06-20T11:57:13+00:00
SAO_6400-10,São Paulo,3550308,True,,32825,,,-23.643871,-46.73386,,,,2,2023-06-20T11:57:23+00:00
SAO_3734-10,São Paulo,3550308,True,,33802,,,-23.552827,-46.472971,,,,2,2023-06-20T11:57:37+00:00
SAO_3734-10,São Paulo,3550308,True,,33802,,,-23.55668825,-46.47069125,,,,2,2023-06-20T11:57:35+00:00
SAO_3734-10,São Paulo,3550308,True,,33802,,,-23.552827,-46.472971,,,,2,2023-06-20T11:57:36+00:00
SAO_3734-10,São Paulo,3550308,True,,33802,,,-23.552827,-46.472971,,,,2,2023-06-20T11:57:19+00:00
SAO_3734-10,São Paulo,3550308,True,,33802,,,-23.54176,-46.4834655,,,,2,2023-06-20T11:57:31+00:00
SAO_3734-10,São Paulo,3550308,True,,33802,,,-23.551332375,-46.47940787500001,,,,2,2023-06-20T11:57:15+00:00
SAO_8077-10,São Paulo,3550308,True,,34818,,,-23.6014325,-46.7918495,,,,2,2023-06-20T11:56:57+00:00
SAO_8077-10,São Paulo,3550308,True,,34818,,,-23.599347,-46.791118,,,,2,2023-06-20T11:57:36+00:00
SAO_2080-10,São Paulo,3550308,True,,371,,,-23.50095,-46.36841725,,,,1,2023-06-20T11:56:55+00:00
SAO_2080-10,São Paulo,3550308,True,,371,,,-23.496948875,-46.400600749999995,,,,1,2023-06-20T11:57:16+00:00
SAO_2080-10,São Paulo,3550308,True,,371,,,-23.493128249999998,-46.442384000000004,,,,1,2023-06-20T11:57:13+00:00
SAO_2080-10,São Paulo,3550308,True,,371,,,-23.48937325,-46.3796085,,,,1,2023-06-20T11:56:54+00:00
SAO_2731-10,São Paulo,3550308,True,,33714,,,-23.5429145,-46.46759625,,,,2,2023-06-20T11:57:30+00:00
SAO_2731-10,São Paulo,3550308,True,,33714,,,-23.5212465,-46.4423655,,,,2,2023-06-20T11:57:25+00:00
SAO_2731-10,São Paulo,3550308,True,,33714,,,-23.5343345,-46.4530655,,,,2,2023-06-20T11:56:56+00:00
SAO_2731-10,São Paulo,3550308,True,,33714,,,-23.541932000000003,-46.470695,,,,2,2023-06-20T11:57:29+00:00
SAO_6726-10,São Paulo,3550308,True,,33961,,,-23.737678250000002,-46.692834,,,,2,2023-06-20T11:57:36+00:00
SAO_6726-10,São Paulo,3550308,True,,33961,,,-23.7537175,-46.687366,,,,2,2023-06-20T11:57:16+00:00
SAO_6726-10,São Paulo,3550308,True,,33961,,,-23.7367295,-46.696552999999994,,,,2,2023-06-20T11:57:07+00:00
SAO_6726-10,São Paulo,3550308,True,,33961,,,-23.756162,-46.670415000000006,,,,2,2023-06-20T11:57:23+00:00
SAO_6726-10,São Paulo,3550308,True,,33961,,,-23.740809000000002,-46.66729625000001,,,,2,2023-06-20T11:57:33+00:00
SAO_6726-10,São Paulo,3550308,True,,33961,,,-23.7513335,-46.666135499999996,,,,2,2023-06-20T11:57:16+00:00
SAO_807M-10,São Paulo,3550308,True,,1916,,,-23.62689425,-46.7599595,,,,1,2023-06-20T11:57:25+00:00
SAO_807M-10,São Paulo,3550308,True,,1916,,,-23.618586,-46.698989,,,,1,2023-06-20T11:57:12+00:00
SAO_807M-10,São Paulo,3550308,True,,1916,,,-23.613218500000002,-46.7426655,,,,1,2023-06-20T11:57:26+00:00
SAO_807M-10,São Paulo,3550308,True,,1916,,,-23.610787000000002,-46.7448585,,,,1,2023-06-20T11:57:09+00:00
SAO_807M-10,São Paulo,3550308,True,,1916,,,-23.6222215,-46.745706999999996,,,,1,2023-06-20T11:57:19+00:00
SAO_807M-10,São Paulo,3550308,True,,1916,,,-23.615178,-46.7406775,,,,1,2023-06-20T11:56:59+00:00
SAO_807M-10,São Paulo,3550308,True,,1916,,,-23.6016515,-46.710933499999996,,,,1,2023-06-20T11:56:56+00:00
SAO_807M-10,São Paulo,3550308,True,,1916,,,-23.601011,-46.715873,,,,1,2023-06-20T11:57:23+00:00
SAO_6822-10,São Paulo,3550308,True,,32790,,,-23.6547415,-46.762824499999994,,,,2,2023-06-20T11:57:14+00:00
SAO_6822-10,São Paulo,3550308,True,,32790,,,-23.6498025,-46.7917085,,,,2,2023-06-20T11:56:59+00:00
SAO_6822-10,São Paulo,3550308,True,,32790,,,-23.648143500000003,-46.7875255,,,,2,2023-06-20T11:57:28+00:00
SAO_6822-10,São Paulo,3550308,True,,32790,,,-23.646486,-46.77920075,,,,2,2023-06-20T11:57:27+00:00
SAO_8319-10,São Paulo,3550308,True,,33244,,,-23.546825,-46.7609525,,,,2,2023-06-20T11:57:15+00:00
SAO_8319-10,São Paulo,3550308,True,,33244,,,-23.546825,-46.7609525,,,,2,2023-06-20T11:57:20+00:00
SAO_8319-10,São Paulo,3550308,True,,33244,,,-23.524838000000003,-46.682812,,,,2,2023-06-20T11:57:20+00:00
SAO_8319-10,São Paulo,3550308,True,,33244,,,-23.548351750000002,-46.745648,,,,2,2023-06-20T11:57:02+00:00
SAO_5024-31,São Paulo,3550308,True,,1123,,,-23.68611125,-46.6634235,,,,1,2023-06-20T11:57:35+00:00
SAO_5024-31,São Paulo,3550308,True,,1123,,,-23.664663500000003,-46.69089700000001,,,,1,2023-06-20T11:57:15+00:00
SAO_5024-31,São Paulo,3550308,True,,1123,,,-23.68858,-46.648693,,,,1,2023-06-20T11:57:03+00:00
SAO_5024-31,São Paulo,3550308,True,,1123,,,-23.679914875,-46.666432875,,,,1,2023-06-20T11:57:06+00:00
SAO_5024-31,São Paulo,3550308,True,,1123,,,-23.671755,-46.687641875,,,,1,2023-06-20T11:57:17+00:00
SAO_5028-10,São Paulo,3550308,True,,34402,,,-23.589108250000002,-46.6019715,,,,2,2023-06-20T11:57:31+00:00
SAO_5028-10,São Paulo,3550308,True,,34402,,,-23.6108005,-46.580852500000006,,,,2,2023-06-20T11:57:12+00:00
SAO_5028-10,São Paulo,3550308,True,,34402,,,-23.6108005,-46.580852500000006,,,,2,2023-06-20T11:57:22+00:00
SAO_373T-10,São Paulo,3550308,True,,1091,,,-23.546651,-46.6059415,,,,1,2023-06-20T11:57:30+00:00
SAO_373T-10,São Paulo,3550308,True,,1091,,,-23.5810205,-46.556466,,,,1,2023-06-20T11:57:31+00:00
SAO_373T-10,São Paulo,3550308,True,,1091,,,-23.5942955,-46.504968000000005,,,,1,2023-06-20T11:57:05+00:00
SAO_373T-10,São Paulo,3550308,True,,1091,,,-23.5847075,-46.5827465,,,,1,2023-06-20T11:56:57+00:00
SAO_373T-10,São Paulo,3550308,True,,1091,,,-23.555865500000003,-46.600069000000005,,,,1,2023-06-20T11:57:39+00:00
SAO_373T-10,São Paulo,3550308,True,,1091,,,-23.5980775,-46.5109945,,,,1,2023-06-20T11:57:33+00:00
SAO_373T-10,São Paulo,3550308,True,,1091,,,-23.592693249999996,-46.51968625,,,,1,2023-06-20T11:57:30+00:00
SAO_373T-10,São Paulo,3550308,True,,1091,,,-23.58457,-46.540071,,,,1,2023-06-20T11:57:39+00:00
SAO_373T-10,São Paulo,3550308,True,,1091,,,-23.598118,-46.5114675,,,,1,2023-06-20T11:57:01+00:00
SAO_373T-10,São Paulo,3550308,True,,1091,,,-23.584892,-46.525161499999996,,,,1,2023-06-20T11:57:34+00:00
SAO_9051-10,São Paulo,3550308,True,,34857,,,-23.566105999999998,-46.7019325,,,,2,2023-06-20T11:56:58+00:00
SAO_9051-10,São Paulo,3550308,True,,34857,,,-23.52543325,-46.7021685,,,,2,2023-06-20T11:57:06+00:00
SAO_6022-10,São Paulo,3550308,True,,33975,,,-23.7250765,-46.784566999999996,,,,2,2023-06-20T11:57:11+00:00
SAO_6022-10,São Paulo,3550308,True,,33975,,,-23.7250045,-46.785139,,,,2,2023-06-20T11:57:09+00:00
SAO_6022-10,São Paulo,3550308,True,,33975,,,-23.728424,-46.7823315,,,,2,2023-06-20T11:56:56+00:00
SAO_888P-10,São Paulo,3550308,True,,33222,,,-23.4405355,-46.7324105,,,,2,2023-06-20T11:57:11+00:00
SAO_888P-10,São Paulo,3550308,True,,33222,,,-23.44113,-46.7118225,,,,2,2023-06-20T11:57:06+00:00
SAO_888P-10,São Paulo,3550308,True,,33222,,,-23.404254,-46.748392499999994,,,,2,2023-06-20T11:56:55+00:00
SAO_888P-10,São Paulo,3550308,True,,33222,,,-23.40665025,-46.755919750000004,,,,2,2023-06-20T11:56:55+00:00
SAO_1758-10,São Paulo,3550308,True,,33320,,,-23.454611749999998,-46.66173725,,,,2,2023-06-20T11:57:01+00:00
SAO_1758-10,São Paulo,3550308,True,,33320,,,-23.454469,-46.6620805,,,,2,2023-06-20T11:57:04+00:00
SAO_1758-10,São Paulo,3550308,True,,33320,,,-23.466999,-46.631111000000004,,,,2,2023-06-20T11:56:55+00:00
SAO_4221-10,São Paulo,3550308,True,,33093,,,-23.5923845,-46.5795775,,,,2,2023-06-20T11:57:21+00:00
SAO_4221-10,São Paulo,3550308,True,,33093,,,-23.60887425,-46.514239,,,,2,2023-06-20T11:57:26+00:00
SAO_4221-10,São Paulo,3550308,True,,33093,,,-23.60887425,-46.514239,,,,2,2023-06-20T11:57:29+00:00
SAO_3301-10,São Paulo,3550308,True,,34386,,,-23.491539500000002,-46.4344585,,,,2,2023-06-20T11:57:24+00:00
SAO_3301-10,São Paulo,3550308,True,,34386,,,-23.491539500000002,-46.4344585,,,,2,2023-06-20T11:57:09+00:00
SAO_3301-10,São Paulo,3550308,True,,34386,,,-23.535033,-46.578162000000006,,,,2,2023-06-20T11:57:04+00:00
SAO_3301-10,São Paulo,3550308,True,,34386,,,-23.546292,-46.630885,,,,2,2023-06-20T11:57:36+00:00
SAO_3301-10,São Paulo,3550308,True,,34386,,,-23.491525000000003,-46.434801500000006,,,,2,2023-06-20T11:57:29+00:00
SAO_7021-10,São Paulo,3550308,True,,34757,,,-23.671203,-46.768555000000006,,,,2,2023-06-20T11:57:28+00:00
SAO_7021-10,São Paulo,3550308,True,,34757,,,-23.675821,-46.7523695,,,,2,2023-06-20T11:57:31+00:00
SAO_7021-10,São Paulo,3550308,True,,34757,,,-23.648217000000002,-46.7317995,,,,2,2023-06-20T11:57:12+00:00
SAO_407R-10,São Paulo,3550308,True,,34969,,,-23.558199000000002,-46.522121,,,,2,2023-06-20T11:57:01+00:00
SAO_407R-10,São Paulo,3550308,True,,34969,,,-23.546442499999998,-46.588213499999995,,,,2,2023-06-20T11:56:58+00:00
SAO_407R-10,São Paulo,3550308,True,,34969,,,-23.571008499999998,-46.5311175,,,,2,2023-06-20T11:57:11+00:00
SAO_938C-10,São Paulo,3550308,True,,586,,,-23.466617499999998,-46.7241045,,,,1,2023-06-20T11:57:24+00:00
SAO_938C-10,São Paulo,3550308,True,,586,,,-23.444875,-46.714068499999996,,,,1,2023-06-20T11:57:20+00:00
SAO_938C-10,São Paulo,3550308,True,,586,,,-23.506816,-46.7090975,,,,1,2023-06-20T11:57:38+00:00
SAO_938C-10,São Paulo,3550308,True,,586,,,-23.532761,-46.657568,,,,1,2023-06-20T11:57:24+00:00
SAO_573H-10,São Paulo,3550308,True,,1630,,,-23.606838500000002,-46.5022165,,,,1,2023-06-20T11:57:38+00:00
SAO_573H-10,São Paulo,3550308,True,,1630,,,-23.57472225,-46.571041,,,,1,2023-06-20T11:57:33+00:00
SAO_573H-10,São Paulo,3550308,True,,1630,,,-23.546872999999998,-46.608591000000004,,,,1,2023-06-20T11:57:37+00:00
SAO_573H-10,São Paulo,3550308,True,,1630,,,-23.586951,-46.512883,,,,1,2023-06-20T11:57:04+00:00
SAO_573H-10,São Paulo,3550308,True,,1630,,,-23.54693,-46.6090305,,,,1,2023-06-20T11:57:27+00:00
SAO_573H-10,São Paulo,3550308,True,,1630,,,-23.614496,-46.500415000000004,,,,1,2023-06-20T11:57:38+00:00
SAO_573H-10,São Paulo,3550308,True,,1630,,,-23.562794125,-46.591436375,,,,1,2023-06-20T11:56:57+00:00
SAO_573H-10,São Paulo,3550308,True,,1630,,,-23.5749995,-46.554281,,,,1,2023-06-20T11:57:32+00:00
SAO_573H-10,São Paulo,3550308,True,,1630,,,-23.561553,-46.59253,,,,1,2023-06-20T11:57:36+00:00
SAO_573H-10,São Paulo,3550308,True,,1630,,,-23.5918125,-46.502314,,,,1,2023-06-20T11:57:31+00:00
SAO_573H-10,São Paulo,3550308,True,,1630,,,-23.6116475,-46.493727,,,,1,2023-06-20T11:57:26+00:00
SAO_573H-10,São Paulo,3550308,True,,1630,,,-23.583427,-46.532147,,,,1,2023-06-20T11:57:02+00:00
SAO_573H-10,São Paulo,3550308,True,,1630,,,-23.546872999999998,-46.608591000000004,,,,1,2023-06-20T11:57:16+00:00
SAO_4033-10,São Paulo,3550308,True,,1103,,,-23.61882875,-46.459128250000006,,,,1,2023-06-20T11:57:37+00:00
SAO_4033-10,São Paulo,3550308,True,,1103,,,-23.619987000000002,-46.4442025,,,,1,2023-06-20T11:57:14+00:00
SAO_4033-10,São Paulo,3550308,True,,1103,,,-23.619908000000002,-46.444028,,,,1,2023-06-20T11:57:32+00:00
SAO_4033-10,São Paulo,3550308,True,,1103,,,-23.60163,-46.5313855,,,,1,2023-06-20T11:57:28+00:00
SAO_4033-10,São Paulo,3550308,True,,1103,,,-23.6132725,-46.501519,,,,1,2023-06-20T11:57:09+00:00
SAO_6803-10,São Paulo,3550308,True,,32797,,,-23.654738000000002,-46.753506,,,,2,2023-06-20T11:57:22+00:00
SAO_6803-10,São Paulo,3550308,True,,32797,,,-23.656222,-46.751538499999995,,,,2,2023-06-20T11:57:12+00:00
SAO_6803-10,São Paulo,3550308,True,,32797,,,-23.64256425,-46.738202,,,,2,2023-06-20T11:56:57+00:00
SAO_938L-10,São Paulo,3550308,True,,1368,,,-23.487753499999997,-46.68330675,,,,1,2023-06-20T11:57:35+00:00
SAO_938L-10,São Paulo,3550308,True,,1368,,,-23.5121415,-46.700543624999995,,,,1,2023-06-20T11:57:11+00:00
SAO_938L-10,São Paulo,3550308,True,,1368,,,-23.517514,-46.703650375,,,,1,2023-06-20T11:57:14+00:00
SAO_273D-10,São Paulo,3550308,True,,32990,,,-23.5214175,-46.4108045,,,,2,2023-06-20T11:57:15+00:00
SAO_273D-10,São Paulo,3550308,True,,32990,,,-23.522784,-46.41104675,,,,2,2023-06-20T11:57:37+00:00
SAO_273D-10,São Paulo,3550308,True,,32990,,,-23.514197000000003,-46.4518555,,,,2,2023-06-20T11:57:08+00:00
SAO_6412-10,São Paulo,3550308,True,,770,,,-23.607614624999997,-46.683068750000004,,,,1,2023-06-20T11:57:03+00:00
SAO_6412-10,São Paulo,3550308,True,,770,,,-23.615971000000002,-46.712937,,,,1,2023-06-20T11:56:57+00:00
SAO_6412-10,São Paulo,3550308,True,,770,,,-23.59082175,-46.6725005,,,,1,2023-06-20T11:57:30+00:00
SAO_775N-10,São Paulo,3550308,True,,33242,,,-23.576649500000002,-46.7657045,,,,2,2023-06-20T11:57:28+00:00
SAO_775N-10,São Paulo,3550308,True,,33242,,,-23.5767655,-46.7657605,,,,2,2023-06-20T11:56:55+00:00
SAO_9018-10,São Paulo,3550308,True,,1271,,,-23.484018499999998,-46.722579999999994,,,,1,2023-06-20T11:57:17+00:00
SAO_9014-10,São Paulo,3550308,True,,34193,,,-23.4739335,-46.7078185,,,,2,2023-06-20T11:57:31+00:00
SAO_9014-10,São Paulo,3550308,True,,34193,,,-23.4733435,-46.707887,,,,2,2023-06-20T11:57:00+00:00
SAO_9014-10,São Paulo,3550308,True,,34193,,,-23.498190625,-46.6973325,,,,2,2023-06-20T11:57:32+00:00
SAO_9014-10,São Paulo,3550308,True,,34193,,,-23.520236,-46.6997165,,,,2,2023-06-20T11:57:18+00:00
SAO_178Y-10,São Paulo,3550308,True,,868,,,-23.4633435,-46.6419585,,,,1,2023-06-20T11:57:09+00:00
SAO_178Y-10,São Paulo,3550308,True,,868,,,-23.467225499999998,-46.639269999999996,,,,1,2023-06-20T11:55:20+00:00
SAO_178Y-10,São Paulo,3550308,True,,868,,,-23.49191325,-46.618136,,,,1,2023-06-20T11:57:09+00:00
SAO_178Y-10,São Paulo,3550308,True,,868,,,-23.484708249999997,-46.624109250000004,,,,1,2023-06-20T11:57:10+00:00
SAO_938P-10,São Paulo,3550308,True,,33656,,,-23.525703999999998,-46.6824535,,,,2,2023-06-20T11:56:56+00:00
SAO_938P-10,São Paulo,3550308,True,,33656,,,-23.515483,-46.690391,,,,2,2023-06-20T11:57:35+00:00
SAO_938P-10,São Paulo,3550308,True,,33656,,,-23.463069,-46.6814145,,,,2,2023-06-20T11:57:04+00:00
SAO_575A-10,São Paulo,3550308,True,,34406,,,-23.55130925,-46.58667200000001,,,,2,2023-06-20T11:56:00+00:00
SAO_575A-10,São Paulo,3550308,True,,34406,,,-23.58114175,-46.58452675,,,,2,2023-06-20T11:57:16+00:00
SAO_575A-10,São Paulo,3550308,True,,34406,,,-23.601844999999997,-46.5706005,,,,2,2023-06-20T11:57:33+00:00
SAO_5110-41,São Paulo,3550308,True,,2210,,,-23.5827355,-46.5532885,,,,1,2023-06-20T11:57:01+00:00
SAO_5110-41,São Paulo,3550308,True,,2210,,,-23.61259,-46.479862999999995,,,,1,2023-06-20T11:57:04+00:00
SAO_695V-10,São Paulo,3550308,True,,8,,,-23.626064,-46.683265,,,,1,2023-06-20T11:57:07+00:00
SAO_695V-10,São Paulo,3550308,True,,8,,,-23.643682,-46.7423945,,,,1,2023-06-20T11:57:33+00:00
SAO_6084-10,São Paulo,3550308,True,,1169,,,-23.7791195,-46.6757895,,,,1,2023-06-20T11:57:24+00:00
SAO_6084-10,São Paulo,3550308,True,,1169,,,-23.7711635,-46.7127105,,,,1,2023-06-20T11:57:38+00:00
SAO_6084-10,São Paulo,3550308,True,,1169,,,-23.7708765,-46.6804575,,,,1,2023-06-20T11:57:31+00:00
SAO_3020-10,São Paulo,3550308,True,,958,,,-23.535494999999997,-46.4545665,,,,1,2023-06-20T11:57:05+00:00
SAO_3020-10,São Paulo,3550308,True,,958,,,-23.5531335,-46.43136,,,,1,2023-06-20T11:56:55+00:00
SAO_3020-10,São Paulo,3550308,True,,958,,,-23.569785,-46.487660500000004,,,,1,2023-06-20T11:57:11+00:00
SAO_3020-10,São Paulo,3550308,True,,958,,,-23.563811,-46.5022595,,,,1,2023-06-20T11:57:23+00:00
SAO_3020-10,São Paulo,3550308,True,,958,,,-23.5544125,-46.43836225,,,,1,2023-06-20T11:57:15+00:00
SAO_6200-10,São Paulo,3550308,True,,33123,,,-23.549384500000002,-46.6394535,,,,2,2023-06-20T11:57:15+00:00
SAO_6200-10,São Paulo,3550308,True,,33123,,,-23.6515535,-46.717978,,,,2,2023-06-20T11:57:18+00:00
SAO_6200-10,São Paulo,3550308,True,,33123,,,-23.655184499999997,-46.716584499999996,,,,2,2023-06-20T11:57:21+00:00
SAO_6200-10,São Paulo,3550308,True,,33123,,,-23.566554875,-46.65866425,,,,2,2023-06-20T11:57:36+00:00
SAO_6200-10,São Paulo,3550308,True,,33123,,,-23.652586625,-46.72356512500001,,,,2,2023-06-20T11:57:25+00:00
SAO_6200-10,São Paulo,3550308,True,,33123,,,-23.64059675,-46.726294749999994,,,,2,2023-06-20T11:57:34+00:00
SAO_6200-10,São Paulo,3550308,True,,33123,,,-23.580382,-46.6791105,,,,2,2023-06-20T11:57:24+00:00
SAO_6200-10,São Paulo,3550308,True,,33123,,,-23.597437499999998,-46.6972935,,,,2,2023-06-20T11:57:06+00:00
SAO_6200-10,São Paulo,3550308,True,,33123,,,-23.5844675,-46.6877465,,,,2,2023-06-20T11:57:35+00:00
SAO_6200-10,São Paulo,3550308,True,,33123,,,-23.654320499999997,-46.7129215,,,,2,2023-06-20T11:57:21+00:00
SAO_6200-10,São Paulo,3550308,True,,33123,,,-23.654344000000002,-46.713114000000004,,,,2,2023-06-20T11:57:28+00:00
SAO_6200-10,São Paulo,3550308,True,,33123,,,-23.555692,-46.6497815,,,,2,2023-06-20T11:57:11+00:00
SAO_6200-10,São Paulo,3550308,True,,33123,,,-23.654528,-46.7141635,,,,2,2023-06-20T11:57:33+00:00
SAO_6200-10,São Paulo,3550308,True,,33123,,,-23.654592,-46.714560500000005,,,,2,2023-06-20T11:56:56+00:00
SAO_6960-10,São Paulo,3550308,True,,1443,,,-23.736408,-46.699144000000004,,,,1,2023-06-20T11:57:01+00:00
SAO_6960-10,São Paulo,3550308,True,,1443,,,-23.7304805,-46.698091500000004,,,,1,2023-06-20T11:57:30+00:00
SAO_6960-10,São Paulo,3550308,True,,1443,,,-23.6669665,-46.7119285,,,,1,2023-06-20T11:57:07+00:00
SAO_6960-10,São Paulo,3550308,True,,1443,,,-23.6967275,-46.714889,,,,1,2023-06-20T11:57:30+00:00
SAO_6960-10,São Paulo,3550308,True,,1443,,,-23.694285,-46.7147775,,,,1,2023-06-20T11:57:11+00:00
SAO_6960-10,São Paulo,3550308,True,,1443,,,-23.711123,-46.7109855,,,,1,2023-06-20T11:57:35+00:00
SAO_6960-10,São Paulo,3550308,True,,1443,,,-23.667811,-46.711967,,,,1,2023-06-20T11:57:10+00:00
SAO_6960-10,São Paulo,3550308,True,,1443,,,-23.750916500000002,-46.710391,,,,1,2023-06-20T11:57:27+00:00
SAO_6960-10,São Paulo,3550308,True,,1443,,,-23.656260000000003,-46.7185425,,,,1,2023-06-20T11:57:16+00:00
SAO_6960-10,São Paulo,3550308,True,,1443,,,-23.671842374999997,-46.712123625000004,,,,1,2023-06-20T11:57:35+00:00
SAO_3032-10,São Paulo,3550308,True,STT,720,https://moovitapp.com/index/pt-br/transporte_p%C3%BAblico-line-720-Sao_Paulo-242-850661-183345-0,5.3,-23.558674,-46.522539,,,,1,2023-06-20T11:57:09+00:00
SAO_3032-10,São Paulo,3550308,True,STT,720,https://moovitapp.com/index/pt-br/transporte_p%C3%BAblico-line-720-Sao_Paulo-242-850661-183345-0,5.3,-23.558674,-46.522539,,,,1,2023-06-20T11:57:07+00:00
SAO_971D-10,São Paulo,3550308,True,,33477,,,-23.455434500000003,-46.6937785,,,,2,2023-06-20T11:56:58+00:00
SAO_971D-10,São Paulo,3550308,True,,33477,,,-23.49412925,-46.626003999999995,,,,2,2023-06-20T11:56:08+00:00
SAO_971D-10,São Paulo,3550308,True,,33477,,,-23.4505605,-46.696931000000006,,,,2,2023-06-20T11:56:55+00:00
SAO_9004-10,São Paulo,3550308,True,,33639,,,-23.4596085,-46.6743715,,,,2,2023-06-20T11:57:14+00:00
SAO_9004-10,São Paulo,3550308,True,,33639,,,-23.457195499999997,-46.685354,,,,2,2023-06-20T11:57:02+00:00
SAO_9004-10,São Paulo,3550308,True,,33639,,,-23.455397,-46.683075,,,,2,2023-06-20T11:57:17+00:00
SAO_9004-10,São Paulo,3550308,True,,33639,,,-23.475167499999998,-46.6699895,,,,2,2023-06-20T11:57:32+00:00
SAO_9004-10,São Paulo,3550308,True,,33639,,,-23.475696,-46.670624000000004,,,,2,2023-06-20T11:57:30+00:00
SAO_9004-10,São Paulo,3550308,True,,33639,,,-23.457427,-46.6851585,,,,2,2023-06-20T11:57:25+00:00
SAO_9004-10,São Paulo,3550308,True,,33639,,,-23.456984,-46.6852645,,,,2,2023-06-20T11:57:01+00:00
SAO_9004-10,São Paulo,3550308,True,,33639,,,-23.457195499999997,-46.685354,,,,2,2023-06-20T11:57:13+00:00
SAO_9004-10,São Paulo,3550308,True,,33639,,,-23.4592015,-46.677344000000005,,,,2,2023-06-20T11:57:15+00:00
SAO_6037-10,São Paulo,3550308,True,,33983,,,-23.649529,-46.707288000000005,,,,2,2023-06-20T11:56:55+00:00
SAO_6037-10,São Paulo,3550308,True,,33983,,,-23.648877499999998,-46.753294499999996,,,,2,2023-06-20T11:57:29+00:00
SAO_6037-10,São Paulo,3550308,True,,33983,,,-23.648520750000003,-46.78621425,,,,2,2023-06-20T11:57:19+00:00
SAO_6037-10,São Paulo,3550308,True,,33983,,,-23.64887075,-46.78563725,,,,2,2023-06-20T11:57:12+00:00
SAO_5630-10,São Paulo,3550308,True,,78,,,-23.735712499999998,-46.69611125,,,,1,2023-06-20T11:56:46+00:00
SAO_5630-10,São Paulo,3550308,True,,78,,,-23.727759,-46.6991265,,,,1,2023-06-20T11:57:35+00:00
SAO_5630-10,São Paulo,3550308,True,,78,,,-23.7374635,-46.697805,,,,1,2023-06-20T11:57:09+00:00
SAO_5630-10,São Paulo,3550308,True,,78,,,-23.7374635,-46.697805,,,,1,2023-06-20T11:57:04+00:00
SAO_5630-10,São Paulo,3550308,True,,78,,,-23.7068195,-46.700339,,,,1,2023-06-20T11:57:09+00:00
SAO_5630-10,São Paulo,3550308,True,,78,,,-23.631880250000002,-46.66903225,,,,1,2023-06-20T11:56:53+00:00
SAO_5630-10,São Paulo,3550308,True,,78,,,-23.7374635,-46.697805,,,,1,2023-06-20T11:57:13+00:00
SAO_5630-10,São Paulo,3550308,True,,78,,,-23.678205499999997,-46.684208,,,,1,2023-06-20T11:57:22+00:00
SAO_5630-10,São Paulo,3550308,True,,78,,,-23.7374635,-46.697805,,,,1,2023-06-20T11:57:31+00:00
SAO_5630-10,São Paulo,3550308,True,,78,,,-23.695474,-46.6997525,,,,1,2023-06-20T11:55:18+00:00
SAO_5630-10,São Paulo,3550308,True,,78,,,-23.549564,-46.6298945,,,,1,2023-06-20T11:57:14+00:00
SAO_5630-10,São Paulo,3550308,True,,78,,,-23.645887,-46.6737435,,,,1,2023-06-20T11:57:17+00:00
SAO_5630-10,São Paulo,3550308,True,,78,,,-23.556035,-46.6373805,,,,1,2023-06-20T11:56:56+00:00
SAO_5630-10,São Paulo,3550308,True,,78,,,-23.58877,-46.651790500000004,,,,1,2023-06-20T11:57:23+00:00
SAO_714C-10,São Paulo,3550308,True,,487,,,-23.5938725,-46.785898,,,,1,2023-06-20T11:57:04+00:00
SAO_714C-10,São Paulo,3550308,True,,487,,,-23.574025,-46.714432,,,,1,2023-06-20T11:57:23+00:00
SAO_118C-10,São Paulo,3550308,True,,519,,,-23.4675205,-46.66035875,,,,1,2023-06-20T11:57:25+00:00
SAO_118C-10,São Paulo,3550308,True,,519,,,-23.52049925,-46.630326999999994,,,,1,2023-06-20T11:57:25+00:00
SAO_118C-10,São Paulo,3550308,True,,519,,,-23.51832975,-46.6277295,,,,1,2023-06-20T11:56:58+00:00
SAO_118C-10,São Paulo,3550308,True,,519,,,-23.456075,-46.667821,,,,1,2023-06-20T11:57:31+00:00
SAO_118C-10,São Paulo,3550308,True,,519,,,-23.518088499999998,-46.630359999999996,,,,1,2023-06-20T11:57:29+00:00
SAO_118C-10,São Paulo,3550308,True,,519,,,-23.470462249999997,-46.649587499999996,,,,1,2023-06-20T11:57:35+00:00
SAO_118C-10,São Paulo,3550308,True,,519,,,-23.478508499999997,-46.632876249999995,,,,1,2023-06-20T11:57:03+00:00
SAO_118C-10,São Paulo,3550308,True,,519,,,-23.502481,-46.6248825,,,,1,2023-06-20T11:56:54+00:00
SAO_546J-10,São Paulo,3550308,True,,33901,,,-23.663834,-46.6913885,,,,2,2023-06-20T11:57:06+00:00
SAO_546J-10,São Paulo,3550308,True,,33901,,,-23.687413749999997,-46.6586645,,,,2,2023-06-20T11:56:55+00:00
SAO_546J-10,São Paulo,3550308,True,,33901,,,-23.683253999999998,-46.66377850000001,,,,2,2023-06-20T11:57:14+00:00
SAO_3712-51,São Paulo,3550308,True,,2505,,,-23.55397975,-46.42430075,,,,1,2023-06-20T11:57:34+00:00
SAO_3712-51,São Paulo,3550308,True,,2505,,,-23.535528,-46.4545035,,,,1,2023-06-20T11:57:12+00:00
SAO_3712-51,São Paulo,3550308,True,,2505,,,-23.551902,-46.441004500000005,,,,1,2023-06-20T11:57:07+00:00
SAO_3756-10,São Paulo,3550308,True,,33818,,,-23.5425775,-46.4719335,,,,2,2023-06-20T11:57:13+00:00
SAO_3756-10,São Paulo,3550308,True,,33818,,,-23.5802425,-46.39426225,,,,2,2023-06-20T11:57:17+00:00
SAO_6071-10,São Paulo,3550308,True,,33924,,,-23.71901475,-46.67920225,,,,2,2023-06-20T11:57:11+00:00
SAO_6071-10,São Paulo,3550308,True,,33924,,,-23.7189085,-46.679475,,,,2,2023-06-20T11:57:31+00:00
SAO_6071-10,São Paulo,3550308,True,,33924,,,-23.719182250000003,-46.678818750000005,,,,2,2023-06-20T11:57:31+00:00
SAO_6071-10,São Paulo,3550308,True,,33924,,,-23.656916250000002,-46.701055499999995,,,,2,2023-06-20T11:57:08+00:00
SAO_6071-10,São Paulo,3550308,True,,33924,,,-23.71901475,-46.67920225,,,,2,2023-06-20T11:57:38+00:00
SAO_6071-10,São Paulo,3550308,True,,33924,,,-23.693558,-46.697164,,,,2,2023-06-20T11:57:14+00:00
SAO_8065-10,São Paulo,3550308,True,EMTU,421,https://moovitapp.com/index/pt-br/transporte_p%C3%BAblico-line-421-Sao_Paulo-242-2038937-36419478-0,5.2,-23.488536500000002,-46.731791,,,,1,2023-06-20T11:56:59+00:00
SAO_5632-51,São Paulo,3550308,True,,83,,,-23.742211,-46.7067505,,,,1,2023-06-20T11:57:19+00:00
SAO_5632-51,São Paulo,3550308,True,,83,,,-23.68842275,-46.71454299999999,,,,1,2023-06-20T11:56:57+00:00
SAO_6007-10,São Paulo,3550308,True,,32944,,,-23.65399525,-46.716798999999995,,,,2,2023-06-20T11:57:21+00:00
SAO_6007-10,São Paulo,3550308,True,,32944,,,-23.65752525,-46.733122,,,,2,2023-06-20T11:57:08+00:00
SAO_6007-10,São Paulo,3550308,True,,32944,,,-23.6499785,-46.721483375000005,,,,2,2023-06-20T11:57:14+00:00
SAO_6007-10,São Paulo,3550308,True,,32944,,,-23.65401725,-46.76189925,,,,2,2023-06-20T11:57:01+00:00
SAO_6007-10,São Paulo,3550308,True,,32944,,,-23.6723505,-46.753622,,,,2,2023-06-20T11:57:23+00:00
SAO_6080-10,São Paulo,3550308,True,,1168,,,-23.682207,-46.6758235,,,,1,2023-06-20T11:57:20+00:00
SAO_6080-10,São Paulo,3550308,True,,1168,,,-23.759982,-46.6777045,,,,1,2023-06-20T11:57:08+00:00
SAO_6080-10,São Paulo,3550308,True,,1168,,,-23.7066535,-46.7003785,,,,1,2023-06-20T11:57:22+00:00
SAO_6080-10,São Paulo,3550308,True,,1168,,,-23.732933,-46.696845499999995,,,,1,2023-06-20T11:57:20+00:00
SAO_6080-10,São Paulo,3550308,True,,1168,,,-23.752082,-46.688387500000005,,,,1,2023-06-20T11:57:01+00:00
SAO_6080-10,São Paulo,3550308,True,,1168,,,-23.68097975,-46.6881,,,,1,2023-06-20T11:56:55+00:00
SAO_6080-10,São Paulo,3550308,True,,1168,,,-23.75705,-46.6674445,,,,1,2023-06-20T11:57:26+00:00
SAO_4085-10,São Paulo,3550308,True,,2156,,,-23.5699495,-46.424786999999995,,,,1,2023-06-20T11:57:06+00:00
SAO_4085-10,São Paulo,3550308,True,,2156,,,-23.559756,-46.436569500000004,,,,1,2023-06-20T11:54:19+00:00
SAO_4085-10,São Paulo,3550308,True,,2156,,,-23.5426165,-46.4711865,,,,1,2023-06-20T11:57:17+00:00
SAO_4085-10,São Paulo,3550308,True,,2156,,,-23.553564625,-46.45630200000001,,,,1,2023-06-20T11:57:38+00:00
SAO_5022-10,São Paulo,3550308,True,,1120,,,-23.671296249999997,-46.64301975,,,,1,2023-06-20T11:57:10+00:00
SAO_5022-10,São Paulo,3550308,True,,1120,,,-23.665758500000003,-46.6494905,,,,1,2023-06-20T11:57:23+00:00
SAO_5022-10,São Paulo,3550308,True,,1120,,,-23.6480225,-46.641234999999995,,,,1,2023-06-20T11:57:14+00:00
SAO_5022-10,São Paulo,3550308,True,,1120,,,-23.672228,-46.638205,,,,1,2023-06-20T11:56:59+00:00
SAO_5022-10,São Paulo,3550308,True,,1120,,,-23.663096875,-46.644645,,,,1,2023-06-20T11:57:01+00:00
SAO_7245-10,São Paulo,3550308,True,EMTU,363,https://moovitapp.com/index/pt-br/transporte_p%C3%BAblico-line-363-Sao_Paulo-242-2038937-36419444-0,5.1,-23.5507215,-46.659347499999996,,,,1,2023-06-20T11:57:06+00:00
SAO_7245-10,São Paulo,3550308,True,EMTU,363,https://moovitapp.com/index/pt-br/transporte_p%C3%BAblico-line-363-Sao_Paulo-242-2038937-36419444-0,5.1,-23.654266,-46.711191,,,,1,2023-06-20T11:57:37+00:00
SAO_7245-10,São Paulo,3550308,True,EMTU,363,https://moovitapp.com/index/pt-br/transporte_p%C3%BAblico-line-363-Sao_Paulo-242-2038937-36419444-0,5.1,-23.64199775,-46.7100025,,,,1,2023-06-20T11:57:16+00:00
SAO_7245-10,São Paulo,3550308,True,EMTU,363,https://moovitapp.com/index/pt-br/transporte_p%C3%BAblico-line-363-Sao_Paulo-242-2038937-36419444-0,5.1,-23.550507500000002,-46.658961500000004,,,,1,2023-06-20T11:57:16+00:00
SAO_7245-10,São Paulo,3550308,True,EMTU,363,https://moovitapp.com/index/pt-br/transporte_p%C3%BAblico-line-363-Sao_Paulo-242-2038937-36419444-0,5.1,-23.63326025,-46.69547875,,,,1,2023-06-20T11:57:02+00:00
SAO_7245-10,São Paulo,3550308,True,EMTU,363,https://moovitapp.com/index/pt-br/transporte_p%C3%BAblico-line-363-Sao_Paulo-242-2038937-36419444-0,5.1,-23.57759275,-46.686578499999996,,,,1,2023-06-20T11:57:30+00:00
SAO_7245-10,São Paulo,3550308,True,EMTU,363,https://moovitapp.com/index/pt-br/transporte_p%C3%BAblico-line-363-Sao_Paulo-242-2038937-36419444-0,5.1,-23.605777250000003,-46.692974,,,,1,2023-06-20T11:57:31+00:00
SAO_573H-10,São Paulo,3550308,True,,34398,,,-23.5737255,-46.5640695,,,,2,2023-06-20T11:57:32+00:00
SAO_573H-10,São Paulo,3550308,True,,34398,,,-23.5764595,-46.550095,,,,2,2023-06-20T11:57:21+00:00
SAO_573H-10,São Paulo,3550308,True,,34398,,,-23.5646415,-46.5897985,,,,2,2023-06-20T11:56:59+00:00
SAO_573H-10,São Paulo,3550308,True,,34398,,,-23.612196500000003,-46.493525500000004,,,,2,2023-06-20T11:57:28+00:00
SAO_573H-10,São Paulo,3550308,True,,34398,,,-23.614382,-46.501851,,,,2,2023-06-20T11:57:08+00:00
SAO_573H-10,São Paulo,3550308,True,,34398,,,-23.59361175,-46.502598500000005,,,,2,2023-06-20T11:57:28+00:00
SAO_573H-10,São Paulo,3550308,True,,34398,,,-23.556129125,-46.607700875,,,,2,2023-06-20T11:57:01+00:00
SAO_3762-10,São Paulo,3550308,True,,1053,,,-23.54132,-46.57769475,,,,1,2023-06-20T11:57:19+00:00
SAO_3762-10,São Paulo,3550308,True,,1053,,,-23.546615250000002,-46.551552,,,,1,2023-06-20T11:57:00+00:00
SAO_3762-10,São Paulo,3550308,True,,1053,,,-23.576435,-46.527277999999995,,,,1,2023-06-20T11:57:19+00:00
SAO_3762-10,São Paulo,3550308,True,,1053,,,-23.541020500000002,-46.576741999999996,,,,1,2023-06-20T11:57:26+00:00
SAO_3762-10,São Paulo,3550308,True,,1053,,,-23.585925500000002,-46.518286,,,,1,2023-06-20T11:57:33+00:00
SAO_3762-10,São Paulo,3550308,True,,1053,,,-23.5662725,-46.54178,,,,1,2023-06-20T11:57:14+00:00
SAO_3762-10,São Paulo,3550308,True,,1053,,,-23.5457185625,-46.5559075,,,,1,2023-06-20T11:57:10+00:00
SAO_637A-10,São Paulo,3550308,True,,32953,,,-23.5798075,-46.685481499999995,,,,2,2023-06-20T11:57:20+00:00
SAO_637A-10,São Paulo,3550308,True,,32953,,,-23.6755615,-46.75482325,,,,2,2023-06-20T11:57:23+00:00
SAO_637A-10,São Paulo,3550308,True,,32953,,,-23.675478,-46.755183,,,,2,2023-06-20T11:56:58+00:00
SAO_637A-10,São Paulo,3550308,True,,32953,,,-23.6901525,-46.774198999999996,,,,2,2023-06-20T11:57:15+00:00
SAO_637A-10,São Paulo,3550308,True,,32953,,,-23.689947,-46.7740025,,,,2,2023-06-20T11:57:31+00:00
SAO_4709-10,São Paulo,3550308,True,,333,,,-23.6091215,-46.611333,,,,1,2023-06-20T11:56:55+00:00
SAO_3742-10,São Paulo,3550308,True,,1042,,,-23.6050545,-46.434651,,,,1,2023-06-20T11:57:18+00:00
SAO_3742-10,São Paulo,3550308,True,,1042,,,-23.5969955,-46.4360655,,,,1,2023-06-20T11:57:30+00:00
SAO_3742-10,São Paulo,3550308,True,,1042,,,-23.542716,-46.469168499999995,,,,1,2023-06-20T11:57:37+00:00
SAO_3742-10,São Paulo,3550308,True,,1042,,,-23.591983499999998,-46.444111500000005,,,,1,2023-06-20T11:57:05+00:00
SAO_3742-10,São Paulo,3550308,True,,1042,,,-23.5601775,-46.4455895,,,,1,2023-06-20T11:57:28+00:00
SAO_3742-10,São Paulo,3550308,True,,1042,,,-23.6050545,-46.434651,,,,1,2023-06-20T11:56:55+00:00
SAO_7282-10,São Paulo,3550308,True,,471,,,-23.5473585,-46.6892985,,,,1,2023-06-20T11:57:22+00:00
SAO_7282-10,São Paulo,3550308,True,,471,,,-23.5538265,-46.742999,,,,1,2023-06-20T11:57:32+00:00
SAO_3069-10,São Paulo,3550308,True,,33752,,,-23.6208575,-46.4583535,,,,2,2023-06-20T11:57:37+00:00
SAO_3069-10,São Paulo,3550308,True,,33752,,,-23.621511499999997,-46.428214999999994,,,,2,2023-06-20T11:57:07+00:00
SAO_3069-10,São Paulo,3550308,True,,33752,,,-23.619021500000002,-46.468376,,,,2,2023-06-20T11:57:11+00:00
SAO_3069-10,São Paulo,3550308,True,,33752,,,-23.60662525,-46.41692075,,,,2,2023-06-20T11:57:19+00:00
SAO_3069-10,São Paulo,3550308,True,,33752,,,-23.606985,-46.416852500000005,,,,2,2023-06-20T11:57:20+00:00
SAO_3069-10,São Paulo,3550308,True,,33752,,,-23.60662525,-46.41692075,,,,2,2023-06-20T11:56:54+00:00
SAO_3063-41,São Paulo,3550308,True,,33022,,,-23.596264875000003,-46.45482750000001,,,,2,2023-06-20T11:57:19+00:00
SAO_3063-41,São Paulo,3550308,True,,33022,,,-23.541659250000002,-46.392401750000005,,,,2,2023-06-20T11:57:36+00:00
SAO_3063-41,São Paulo,3550308,True,,33022,,,-23.541659250000002,-46.392401750000005,,,,2,2023-06-20T11:57:08+00:00
SAO_3766-10,São Paulo,3550308,True,,1055,,,-23.553675499999997,-46.427672,,,,1,2023-06-20T11:57:09+00:00
SAO_3766-10,São Paulo,3550308,True,,1055,,,-23.535528,-46.4545035,,,,1,2023-06-20T11:57:03+00:00
SAO_3766-10,São Paulo,3550308,True,,1055,,,-23.5419785,-46.43929575,,,,1,2023-06-20T11:56:55+00:00
SAO_3766-10,São Paulo,3550308,True,,1055,,,-23.553675499999997,-46.427672,,,,1,2023-06-20T11:57:27+00:00
SAO_3766-10,São Paulo,3550308,True,,1055,,,-23.5423835,-46.470721999999995,,,,1,2023-06-20T11:57:33+00:00
SAO_3766-10,São Paulo,3550308,True,,1055,,,-23.552760499999998,-46.427728,,,,1,2023-06-20T11:57:34+00:00
SAO_3766-10,São Paulo,3550308,True,,1055,,,-23.554102,-46.4357445,,,,1,2023-06-20T11:57:25+00:00
SAO_3766-10,São Paulo,3550308,True,,1055,,,-23.53496625,-46.451767000000004,,,,1,2023-06-20T11:57:01+00:00
SAO_609J-10,São Paulo,3550308,True,,2242,,,-23.6301705,-46.6466845,,,,1,2023-06-20T11:57:23+00:00
SAO_3796-10,São Paulo,3550308,True,,1074,,,-23.5845135,-46.448685499999996,,,,1,2023-06-20T11:52:26+00:00
SAO_3796-10,São Paulo,3550308,True,,1074,,,-23.5426945,-46.4722115,,,,1,2023-06-20T11:57:05+00:00
SAO_3796-10,São Paulo,3550308,True,,1074,,,-23.5881005,-46.4466185,,,,1,2023-06-20T11:57:25+00:00
SAO_3796-10,São Paulo,3550308,True,,1074,,,-23.589194,-46.446603999999994,,,,1,2023-06-20T11:57:29+00:00
SAO_278A-10,São Paulo,3550308,True,,33474,,,-23.5183395,-46.6266445,,,,2,2023-06-20T11:57:14+00:00
SAO_278A-10,São Paulo,3550308,True,,33474,,,-23.520283,-46.5282275,,,,2,2023-06-20T11:57:00+00:00
SAO_278A-10,São Paulo,3550308,True,,33474,,,-23.53805475,-46.598439,,,,2,2023-06-20T11:57:29+00:00
SAO_278A-10,São Paulo,3550308,True,,33474,,,-23.5080335,-46.525486,,,,2,2023-06-20T11:57:24+00:00
SAO_4315-10,São Paulo,3550308,True,,2175,,,-23.543466375,-46.590280875,,,,1,2023-06-20T11:57:18+00:00
SAO_4315-10,São Paulo,3550308,True,,2175,,,-23.5582535,-46.5229645,,,,1,2023-06-20T11:57:03+00:00
SAO_4315-10,São Paulo,3550308,True,,2175,,,-23.54645675,-46.629903999999996,,,,1,2023-06-20T11:57:04+00:00
SAO_4315-10,São Paulo,3550308,True,,2175,,,-23.549771,-46.534882499999995,,,,1,2023-06-20T11:57:07+00:00
SAO_4315-10,São Paulo,3550308,True,,2175,,,-23.537326,-46.5605764375,,,,1,2023-06-20T11:57:32+00:00
SAO_4315-10,São Paulo,3550308,True,,2175,,,-23.541076500000003,-46.5499025,,,,1,2023-06-20T11:57:36+00:00
SAO_4315-10,São Paulo,3550308,True,,2175,,,-23.543077,-46.628094000000004,,,,1,2023-06-20T11:57:37+00:00
SAO_4025-10,São Paulo,3550308,True,,33863,,,-23.579445749999998,-46.580741249999996,,,,2,2023-06-20T11:57:23+00:00
SAO_4025-10,São Paulo,3550308,True,,33863,,,-23.547476500000002,-46.57981725,,,,2,2023-06-20T11:57:17+00:00
SAO_4025-10,São Paulo,3550308,True,,33863,,,-23.607989375000002,-46.553975375,,,,2,2023-06-20T11:57:13+00:00
SAO_4025-10,São Paulo,3550308,True,,33863,,,-23.568859,-46.57801499999999,,,,2,2023-06-20T11:57:09+00:00
SAO_4025-10,São Paulo,3550308,True,,33863,,,-23.607989375000002,-46.553975375,,,,2,2023-06-20T11:57:03+00:00
SAO_4025-10,São Paulo,3550308,True,,33863,,,-23.607989375000002,-46.553975375,,,,2,2023-06-20T11:57:38+00:00
SAO_4025-10,São Paulo,3550308,True,,33863,,,-23.591331,-46.566886999999994,,,,2,2023-06-20T11:57:28+00:00
SAO_4025-10,São Paulo,3550308,True,,33863,,,-23.593821499999997,-46.558706,,,,2,2023-06-20T11:57:10+00:00
SAO_4005-10,São Paulo,3550308,True,,2179,,,-23.583490500000003,-46.40723,,,,1,2023-06-20T11:55:29+00:00
SAO_4005-10,São Paulo,3550308,True,,2179,,,-23.583334,-46.390718,,,,1,2023-06-20T11:55:07+00:00
SAO_3459-21,São Paulo,3550308,True,EMTU,403,https://moovitapp.com/index/pt-br/transporte_p%C3%BAblico-line-403-Sao_Paulo-242-2038937-36419465-0,6.2,-23.515442999999998,-46.485403,,,,1,2023-06-20T11:55:36+00:00
SAO_3459-21,São Paulo,3550308,True,EMTU,403,https://moovitapp.com/index/pt-br/transporte_p%C3%BAblico-line-403-Sao_Paulo-242-2038937-36419465-0,6.2,-23.51654875,-46.46826725,,,,1,2023-06-20T11:57:16+00:00
SAO_3459-21,São Paulo,3550308,True,EMTU,403,https://moovitapp.com/index/pt-br/transporte_p%C3%BAblico-line-403-Sao_Paulo-242-2038937-36419465-0,6.2,-23.510575000000003,-46.44748250000001,,,,1,2023-06-20T11:57:21+00:00
SAO_3459-21,São Paulo,3550308,True,EMTU,403,https://moovitapp.com/index/pt-br/transporte_p%C3%BAblico-line-403-Sao_Paulo-242-2038937-36419465-0,6.2,-23.5216555,-46.523417,,,,1,2023-06-20T11:57:16+00:00
SAO_3459-21,São Paulo,3550308,True,EMTU,403,https://moovitapp.com/index/pt-br/transporte_p%C3%BAblico-line-403-Sao_Paulo-242-2038937-36419465-0,6.2,-23.5340165,-46.54383837499999,,,,1,2023-06-20T11:57:22+00:00
SAO_3459-21,São Paulo,3550308,True,EMTU,403,https://moovitapp.com/index/pt-br/transporte_p%C3%BAblico-line-403-Sao_Paulo-242-2038937-36419465-0,6.2,-23.510575000000003,-46.44748250000001,,,,1,2023-06-20T11:57:30+00:00
SAO_3459-21,São Paulo,3550308,True,EMTU,403,https://moovitapp.com/index/pt-br/transporte_p%C3%BAblico-line-403-Sao_Paulo-242-2038937-36419465-0,6.2,-23.547011,-46.62953,,,,1,2023-06-20T11:57:20+00:00
SAO_3721-41,São Paulo,3550308,True,,1693,,,-23.5464225,-46.4845585,,,,1,2023-06-20T11:57:14+00:00
SAO_3721-41,São Paulo,3550308,True,,1693,,,-23.5636785,-46.5006755,,,,1,2023-06-20T11:57:35+00:00
SAO_3721-41,São Paulo,3550308,True,,1693,,,-23.540392,-46.485367499999995,,,,1,2023-06-20T11:57:27+00:00
SAO_3721-41,São Paulo,3550308,True,,1693,,,-23.562588499999997,-46.4999885,,,,1,2023-06-20T11:57:01+00:00
SAO_3721-41,São Paulo,3550308,True,,1693,,,-23.560966,-46.4920555,,,,1,2023-06-20T11:57:09+00:00
SAO_3721-41,São Paulo,3550308,True,,1693,,,-23.554313,-46.491979,,,,1,2023-06-20T11:57:26+00:00
SAO_4055-10,São Paulo,3550308,True,,35215,,,-23.545842999999998,-46.4212275,,,,2,2023-06-20T11:51:35+00:00
SAO_4055-10,São Paulo,3550308,True,,35215,,,-23.545759500000003,-46.420970499999996,,,,2,2023-06-20T11:56:09+00:00
SAO_6052-10,São Paulo,3550308,True,,1144,,,-23.770626,-46.6950815,,,,1,2023-06-20T11:57:29+00:00
SAO_6052-10,São Paulo,3550308,True,,1144,,,-23.767644,-46.698346,,,,1,2023-06-20T11:57:31+00:00
SAO_6414-10,São Paulo,3550308,True,,33128,,,-23.6345465,-46.69410675,,,,2,2023-06-20T11:57:30+00:00
SAO_6414-10,São Paulo,3550308,True,,33128,,,-23.573234875,-46.666225875,,,,2,2023-06-20T11:57:33+00:00
SAO_6414-10,São Paulo,3550308,True,,33128,,,-23.67035125,-46.712438750000004,,,,2,2023-06-20T11:56:55+00:00
SAO_8055-51,São Paulo,3550308,True,,33185,,,-23.52339775,-46.686424,,,,2,2023-06-20T11:57:12+00:00
SAO_8055-51,São Paulo,3550308,True,,33185,,,-23.526348499999997,-46.6679865,,,,2,2023-06-20T11:57:33+00:00
SAO_8055-51,São Paulo,3550308,True,,33185,,,-23.5016805,-46.7540965,,,,2,2023-06-20T11:57:13+00:00
SAO_8055-51,São Paulo,3550308,True,,33185,,,-23.408328,-46.741003,,,,2,2023-06-20T11:56:56+00:00
SAO_6110-10,São Paulo,3550308,True,,33952,,,-23.725544,-46.7121035,,,,2,2023-06-20T11:57:37+00:00
SAO_6110-10,São Paulo,3550308,True,,33952,,,-23.757312,-46.7053825,,,,2,2023-06-20T11:57:13+00:00
SAO_6110-10,São Paulo,3550308,True,,33952,,,-23.7570805,-46.705787,,,,2,2023-06-20T11:57:27+00:00
SAO_6110-10,São Paulo,3550308,True,,33952,,,-23.6285025,-46.6635765,,,,2,2023-06-20T11:57:26+00:00
SAO_6110-10,São Paulo,3550308,True,,33952,,,-23.678484,-46.6849965,,,,2,2023-06-20T11:57:33+00:00
SAO_8010-10,São Paulo,3550308,True,,798,,,-23.404925499999997,-46.7511505,,,,1,2023-06-20T11:57:03+00:00
SAO_8010-10,São Paulo,3550308,True,,798,,,-23.411344,-46.747982,,,,1,2023-06-20T11:57:23+00:00
SAO_8010-10,São Paulo,3550308,True,,798,,,-23.40506825,-46.735907,,,,1,2023-06-20T11:57:21+00:00
SAO_8010-10,São Paulo,3550308,True,,798,,,-23.4432575,-46.7217335,,,,1,2023-06-20T11:57:24+00:00
SAO_8010-10,São Paulo,3550308,True,,798,,,-23.4629355,-46.721095500000004,,,,1,2023-06-20T11:57:22+00:00
SAO_8010-10,São Paulo,3550308,True,,798,,,-23.514946,-46.707389500000005,,,,1,2023-06-20T11:57:00+00:00
SAO_2002-10,São Paulo,3550308,True,STT,711,https://moovitapp.com/index/pt-br/transporte_p%C3%BAblico-line-711-Sao_Paulo-242-850661-183340-0,5.3,-23.5495155,-46.630182500000004,,,,1,2023-06-20T11:57:32+00:00
SAO_2002-10,São Paulo,3550308,True,STT,711,https://moovitapp.com/index/pt-br/transporte_p%C3%BAblico-line-711-Sao_Paulo-242-850661-183340-0,5.3,-23.544515125,-46.644026874999994,,,,1,2023-06-20T11:57:23+00:00
SAO_2002-10,São Paulo,3550308,True,STT,711,https://moovitapp.com/index/pt-br/transporte_p%C3%BAblico-line-711-Sao_Paulo-242-850661-183340-0,5.3,-23.544366874999998,-46.638432125,,,,1,2023-06-20T11:57:27+00:00
SAO_509J-10,São Paulo,3550308,True,EMTU,264,https://moovitapp.com/index/pt-br/transporte_p%C3%BAblico-line-264-Sao_Paulo-242-2038937-36419374-0,6.2,-23.581340750000003,-46.65644425,,,,1,2023-06-20T11:57:28+00:00
SAO_509J-10,São Paulo,3550308,True,EMTU,264,https://moovitapp.com/index/pt-br/transporte_p%C3%BAblico-line-264-Sao_Paulo-242-2038937-36419374-0,6.2,-23.6785845,-46.663495499999996,,,,1,2023-06-20T11:57:27+00:00
SAO_509J-10,São Paulo,3550308,True,EMTU,264,https://moovitapp.com/index/pt-br/transporte_p%C3%BAblico-line-264-Sao_Paulo-242-2038937-36419374-0,6.2,-23.690485,-46.6566585,,,,1,2023-06-20T11:56:59+00:00
SAO_509J-10,São Paulo,3550308,True,EMTU,264,https://moovitapp.com/index/pt-br/transporte_p%C3%BAblico-line-264-Sao_Paulo-242-2038937-36419374-0,6.2,-23.661351,-46.679339999999996,,,,1,2023-06-20T11:56:54+00:00
SAO_509J-10,São Paulo,3550308,True,EMTU,264,https://moovitapp.com/index/pt-br/transporte_p%C3%BAblico-line-264-Sao_Paulo-242-2038937-36419374-0,6.2,-23.600711249999996,-46.66317825,,,,1,2023-06-20T11:57:37+00:00
SAO_509J-10,São Paulo,3550308,True,EMTU,264,https://moovitapp.com/index/pt-br/transporte_p%C3%BAblico-line-264-Sao_Paulo-242-2038937-36419374-0,6.2,-23.628353,-46.662602500000006,,,,1,2023-06-20T11:56:57+00:00
SAO_6048-10,São Paulo,3550308,True,BR7 Mobilidade,56,https://moovitapp.com/index/pt-br/transporte_p%C3%BAblico-line-56-Sao_Paulo-242-851856-518592-0,5.75,-23.649475000000002,-46.70701,,,,1,2023-06-20T11:57:01+00:00
SAO_6048-10,São Paulo,3550308,True,BR7 Mobilidade,56,https://moovitapp.com/index/pt-br/transporte_p%C3%BAblico-line-56-Sao_Paulo-242-851856-518592-0,5.75,-23.64808025,-46.74822275,,,,1,2023-06-20T11:57:27+00:00
SAO_6048-10,São Paulo,3550308,True,BR7 Mobilidade,56,https://moovitapp.com/index/pt-br/transporte_p%C3%BAblico-line-56-Sao_Paulo-242-851856-518592-0,5.75,-23.6805215,-46.769168500000006,,,,1,2023-06-20T11:57:12+00:00
SAO_6048-10,São Paulo,3550308,True,BR7 Mobilidade,56,https://moovitapp.com/index/pt-br/transporte_p%C3%BAblico-line-56-Sao_Paulo-242-851856-518592-0,5.75,-23.668397,-46.7730955,,,,1,2023-06-20T11:57:39+00:00
SAO_477U-10,São Paulo,3550308,True,,33074,,,-23.5846615,-46.621478499999995,,,,2,2023-06-20T11:57:00+00:00
SAO_2720-10,São Paulo,3550308,True,,33701,,,-23.493471,-46.470558,,,,2,2023-06-20T11:56:57+00:00
SAO_2720-10,São Paulo,3550308,True,,33701,,,-23.5121195,-46.5013145,,,,2,2023-06-20T11:57:16+00:00
SAO_2720-10,São Paulo,3550308,True,,33701,,,-23.49269225,-46.478804499999995,,,,2,2023-06-20T11:57:08+00:00
SAO_2720-10,São Paulo,3550308,True,,33701,,,-23.524929,-46.52041,,,,2,2023-06-20T11:57:22+00:00
SAO_2720-10,São Paulo,3550308,True,,33701,,,-23.493021,-46.470974,,,,2,2023-06-20T11:57:01+00:00
SAO_2720-10,São Paulo,3550308,True,,33701,,,-23.492872,-46.471083,,,,2,2023-06-20T11:57:04+00:00
SAO_2720-10,São Paulo,3550308,True,,33701,,,-23.492872,-46.471083,,,,2,2023-06-20T11:57:07+00:00
SAO_1012-21,São Paulo,3550308,True,,35338,,,-23.4319845,-46.7871265,,,,2,2023-06-20T11:57:13+00:00
SAO_1765-10,São Paulo,3550308,True,,1782,,,-23.469286249999996,-46.57589425,,,,1,2023-06-20T11:57:09+00:00
SAO_1765-10,São Paulo,3550308,True,,1782,,,-23.466963,-46.5690415,,,,1,2023-06-20T11:57:36+00:00
SAO_9354-10,São Paulo,3550308,True,,33476,,,-23.477443,-46.6719705,,,,2,2023-06-20T11:57:23+00:00
SAO_9354-10,São Paulo,3550308,True,,33476,,,-23.503061000000002,-46.6548345,,,,2,2023-06-20T11:57:26+00:00
SAO_9354-10,São Paulo,3550308,True,,33476,,,-23.5428145,-46.635748,,,,2,2023-06-20T11:57:08+00:00
SAO_178L-10,São Paulo,3550308,True,EMTU,560,https://moovitapp.com/index/pt-br/transporte_p%C3%BAblico-line-560-Sao_Paulo-242-2038937-36419561-0,6.2,-23.492924000000002,-46.6331685,,,,1,2023-06-20T11:57:36+00:00
SAO_178L-10,São Paulo,3550308,True,EMTU,560,https://moovitapp.com/index/pt-br/transporte_p%C3%BAblico-line-560-Sao_Paulo-242-2038937-36419561-0,6.2,-23.53497825,-46.64421025,,,,1,2023-06-20T11:57:21+00:00
SAO_178L-10,São Paulo,3550308,True,EMTU,560,https://moovitapp.com/index/pt-br/transporte_p%C3%BAblico-line-560-Sao_Paulo-242-2038937-36419561-0,6.2,-23.55241075,-46.6587465,,,,1,2023-06-20T11:56:55+00:00
SAO_178L-10,São Paulo,3550308,True,EMTU,560,https://moovitapp.com/index/pt-br/transporte_p%C3%BAblico-line-560-Sao_Paulo-242-2038937-36419561-0,6.2,-23.55246,-46.67460725,,,,1,2023-06-20T11:57:35+00:00
SAO_178L-10,São Paulo,3550308,True,EMTU,560,https://moovitapp.com/index/pt-br/transporte_p%C3%BAblico-line-560-Sao_Paulo-242-2038937-36419561-0,6.2,-23.5498635,-46.6823885,,,,1,2023-06-20T11:57:35+00:00
SAO_178L-10,São Paulo,3550308,True,EMTU,560,https://moovitapp.com/index/pt-br/transporte_p%C3%BAblico-line-560-Sao_Paulo-242-2038937-36419561-0,6.2,-23.5033155,-46.6383845,,,,1,2023-06-20T11:57:08+00:00
SAO_1012-10,São Paulo,3550308,True,,35254,,,-23.432446499999998,-46.787048,,,,2,2023-06-20T11:57:10+00:00
SAO_1012-10,São Paulo,3550308,True,,35254,,,-23.442298,-46.80549425,,,,2,2023-06-20T11:57:23+00:00
SAO_1012-10,São Paulo,3550308,True,,35254,,,-23.4325465,-46.787031999999996,,,,2,2023-06-20T11:57:01+00:00
SAO_1012-10,São Paulo,3550308,True,,35254,,,-23.430353,-46.7939315,,,,2,2023-06-20T11:57:09+00:00
SAO_9023-10,São Paulo,3550308,True,,34205,,,-23.4547195,-46.7135915,,,,2,2023-06-20T11:57:04+00:00
SAO_9023-10,São Paulo,3550308,True,,34205,,,-23.484783,-46.723133,,,,2,2023-06-20T11:57:34+00:00
SAO_9023-10,São Paulo,3550308,True,,34205,,,-23.4197105,-46.7166475,,,,2,2023-06-20T11:52:50+00:00
SAO_9023-10,São Paulo,3550308,True,,34205,,,-23.4243475,-46.714355499999996,,,,2,2023-06-20T11:57:26+00:00
SAO_9023-10,São Paulo,3550308,True,,34205,,,-23.468704000000002,-46.724962000000005,,,,2,2023-06-20T11:57:27+00:00
SAO_9023-10,São Paulo,3550308,True,,34205,,,-23.419748,-46.7164855,,,,2,2023-06-20T11:54:33+00:00
SAO_9023-10,São Paulo,3550308,True,,34205,,,-23.420746,-46.715944500000006,,,,2,2023-06-20T11:49:43+00:00
SAO_2733-10,São Paulo,3550308,True,,948,,,-23.5157015,-46.462250999999995,,,,1,2023-06-20T11:57:32+00:00
SAO_2733-10,São Paulo,3550308,True,,948,,,-23.52940975,-46.4556305,,,,1,2023-06-20T11:57:11+00:00
SAO_2733-10,São Paulo,3550308,True,,948,,,-23.542567,-46.4680775,,,,1,2023-06-20T11:57:11+00:00
SAO_2733-10,São Paulo,3550308,True,,948,,,-23.5203095,-46.46122375,,,,1,2023-06-20T11:56:55+00:00
SAO_6116-10,São Paulo,3550308,True,,1186,,,-23.7379235,-46.6925615,,,,1,2023-06-20T11:57:09+00:00
SAO_6116-10,São Paulo,3550308,True,,1186,,,-23.755252,-46.657334000000006,,,,1,2023-06-20T11:56:54+00:00
SAO_6116-10,São Paulo,3550308,True,,1186,,,-23.755026,-46.661216499999995,,,,1,2023-06-20T11:57:18+00:00
SAO_6116-10,São Paulo,3550308,True,,1186,,,-23.748095499999998,-46.68762275,,,,1,2023-06-20T11:57:39+00:00
SAO_6116-10,São Paulo,3550308,True,,1186,,,-23.7367375,-46.696807,,,,1,2023-06-20T11:57:29+00:00
SAO_1017-10,São Paulo,3550308,True,,34909,,,-23.42722,-46.724252500000006,,,,2,2023-06-20T11:57:39+00:00
SAO_1017-10,São Paulo,3550308,True,,34909,,,-23.485255000000002,-46.709973000000005,,,,2,2023-06-20T11:57:15+00:00
SAO_1017-10,São Paulo,3550308,True,,34909,,,-23.4047675,-46.7473045,,,,2,2023-06-20T11:57:38+00:00
SAO_1017-10,São Paulo,3550308,True,,34909,,,-23.410031500000002,-46.75171,,,,2,2023-06-20T11:57:13+00:00
SAO_1017-10,São Paulo,3550308,True,,34909,,,-23.4136605,-46.750937,,,,2,2023-06-20T11:56:56+00:00
SAO_1017-10,São Paulo,3550308,True,,34909,,,-23.471812,-46.71396925,,,,2,2023-06-20T11:57:39+00:00
SAO_4114-10,São Paulo,3550308,True,,33089,,,-23.551568,-46.634840499999996,,,,2,2023-06-20T11:57:00+00:00
SAO_4114-10,São Paulo,3550308,True,,33089,,,-23.5474855,-46.629544,,,,2,2023-06-20T11:57:26+00:00
SAO_3712-10,São Paulo,3550308,True,,1009,,,-23.5525595,-46.4257145,,,,1,2023-06-20T11:57:37+00:00
SAO_3712-10,São Paulo,3550308,True,,1009,,,-23.5418825,-46.4703705,,,,1,2023-06-20T11:57:38+00:00
SAO_3712-10,São Paulo,3550308,True,,1009,,,-23.5525595,-46.4257145,,,,1,2023-06-20T11:57:35+00:00
SAO_3712-10,São Paulo,3550308,True,,1009,,,-23.5516615,-46.4332065,,,,1,2023-06-20T11:57:27+00:00
SAO_3712-10,São Paulo,3550308,True,,1009,,,-23.5370645,-46.453719750000005,,,,1,2023-06-20T11:57:28+00:00
SAO_3712-10,São Paulo,3550308,True,,1009,,,-23.542672000000003,-46.470274,,,,1,2023-06-20T11:57:37+00:00
SAO_3789-10,São Paulo,3550308,True,,1067,,,-23.581818249999998,-46.410364125,,,,1,2023-06-20T11:57:26+00:00
SAO_3789-10,São Paulo,3550308,True,,1067,,,-23.610713,-46.3968445,,,,1,2023-06-20T11:57:16+00:00
SAO_3789-10,São Paulo,3550308,True,,1067,,,-23.5904965,-46.443157,,,,1,2023-06-20T11:57:01+00:00
SAO_3789-10,São Paulo,3550308,True,,1067,,,-23.602574,-46.3981365,,,,1,2023-06-20T11:57:38+00:00
SAO_3789-10,São Paulo,3550308,True,,1067,,,-23.570737,-46.44946,,,,1,2023-06-20T11:57:04+00:00
SAO_3789-10,São Paulo,3550308,True,,1067,,,-23.5425565,-46.4708155,,,,1,2023-06-20T11:57:04+00:00
SAO_3789-10,São Paulo,3550308,True,,1067,,,-23.552771999999997,-46.4631605,,,,1,2023-06-20T11:57:21+00:00
SAO_3789-10,São Paulo,3550308,True,,1067,,,-23.5727255,-46.445909,,,,1,2023-06-20T11:57:25+00:00
SAO_3789-10,São Paulo,3550308,True,,1067,,,-23.5424255,-46.470012,,,,1,2023-06-20T11:57:35+00:00
SAO_3789-10,São Paulo,3550308,True,,1067,,,-23.603413500000002,-46.398181,,,,1,2023-06-20T11:56:56+00:00
SAO_3789-10,São Paulo,3550308,True,,1067,,,-23.5897155,-46.4082945,,,,1,2023-06-20T11:57:03+00:00
SAO_3789-10,São Paulo,3550308,True,,1067,,,-23.5958445,-46.434946499999995,,,,1,2023-06-20T11:57:00+00:00
SAO_695Y-10,São Paulo,3550308,True,,1198,,,-23.596066375,-46.65354425,,,,1,2023-06-20T11:57:18+00:00
SAO_695Y-10,São Paulo,3550308,True,,1198,,,-23.70004375,-46.701075625,,,,1,2023-06-20T11:56:47+00:00
SAO_695Y-10,São Paulo,3550308,True,,1198,,,-23.7934825,-46.729563999999996,,,,1,2023-06-20T11:55:03+00:00
SAO_695Y-10,São Paulo,3550308,True,,1198,,,-23.67678425,-46.6967715,,,,1,2023-06-20T11:57:27+00:00
SAO_695Y-10,São Paulo,3550308,True,,1198,,,-23.678341000000003,-46.696609249999995,,,,1,2023-06-20T11:57:05+00:00
SAO_695Y-10,São Paulo,3550308,True,,1198,,,-23.826782,-46.7298025,,,,1,2023-06-20T11:57:32+00:00
SAO_695Y-10,São Paulo,3550308,True,,1198,,,-23.74073,-46.70446725,,,,1,2023-06-20T11:57:16+00:00
SAO_695Y-10,São Paulo,3550308,True,,1198,,,-23.799505,-46.7316945,,,,1,2023-06-20T11:57:16+00:00
SAO_695Y-10,São Paulo,3550308,True,,1198,,,-23.8283035,-46.727239999999995,,,,1,2023-06-20T11:57:03+00:00
SAO_5759-10,São Paulo,3550308,True,,1138,,,-23.683220499999997,-46.6414025,,,,1,2023-06-20T11:57:04+00:00
SAO_5759-10,São Paulo,3550308,True,,1138,,,-23.6366175,-46.641171,,,,1,2023-06-20T11:57:29+00:00
SAO_5759-10,São Paulo,3550308,True,,1138,,,-23.6950395,-46.6487305,,,,1,2023-06-20T11:57:19+00:00
SAO_5759-10,São Paulo,3550308,True,,1138,,,-23.650990999999998,-46.647435,,,,1,2023-06-20T11:57:03+00:00
SAO_607C-10,São Paulo,3550308,True,,1977,,,-23.688210499999997,-46.634085,,,,1,2023-06-20T11:57:00+00:00
SAO_607C-10,São Paulo,3550308,True,,1977,,,-23.590012,-46.687514,,,,1,2023-06-20T11:57:14+00:00
SAO_607C-10,São Paulo,3550308,True,,1977,,,-23.681742,-46.6372135,,,,1,2023-06-20T11:56:44+00:00
SAO_607C-10,São Paulo,3550308,True,,1977,,,-23.657291,-46.6646715,,,,1,2023-06-20T11:57:21+00:00
SAO_607C-10,São Paulo,3550308,True,,1977,,,-23.6896565,-46.635254,,,,1,2023-06-20T11:57:11+00:00
SAO_607C-10,São Paulo,3550308,True,,1977,,,-23.6678605,-46.652286000000004,,,,1,2023-06-20T11:57:31+00:00
SAO_607C-10,São Paulo,3550308,True,,1977,,,-23.624472750000002,-46.69438025,,,,1,2023-06-20T11:57:26+00:00
SAO_607C-10,São Paulo,3550308,True,,1977,,,-23.6677685,-46.6525545,,,,1,2023-06-20T11:56:57+00:00
SAO_607C-10,São Paulo,3550308,True,,1977,,,-23.597997499999998,-46.6910565,,,,1,2023-06-20T11:56:56+00:00
SAO_607C-10,São Paulo,3550308,True,,1977,,,-23.598363499999998,-46.690937500000004,,,,1,2023-06-20T11:57:32+00:00
SAO_607C-10,São Paulo,3550308,True,,1977,,,-23.589897999999998,-46.6877415,,,,1,2023-06-20T11:57:07+00:00
SAO_607C-10,São Paulo,3550308,True,,1977,,,-23.6692755,-46.6489975,,,,1,2023-06-20T11:57:02+00:00
SAO_179X-10,São Paulo,3550308,True,STT,680,https://moovitapp.com/index/pt-br/transporte_p%C3%BAblico-line-680-Sao_Paulo-242-850661-183334-0,5.3,-23.432215,-46.571414000000004,,,,1,2023-06-20T11:57:32+00:00
SAO_179X-10,São Paulo,3550308,True,STT,680,https://moovitapp.com/index/pt-br/transporte_p%C3%BAblico-line-680-Sao_Paulo-242-850661-183334-0,5.3,-23.50006475,-46.61709175,,,,1,2023-06-20T11:56:59+00:00
SAO_179X-10,São Paulo,3550308,True,STT,680,https://moovitapp.com/index/pt-br/transporte_p%C3%BAblico-line-680-Sao_Paulo-242-850661-183334-0,5.3,-23.5264125,-46.667292,,,,1,2023-06-20T11:57:03+00:00
SAO_179X-10,São Paulo,3550308,True,STT,680,https://moovitapp.com/index/pt-br/transporte_p%C3%BAblico-line-680-Sao_Paulo-242-850661-183334-0,5.3,-23.523325749999998,-46.627748,,,,1,2023-06-20T11:57:16+00:00
SAO_179X-10,São Paulo,3550308,True,STT,680,https://moovitapp.com/index/pt-br/transporte_p%C3%BAblico-line-680-Sao_Paulo-242-850661-183334-0,5.3,-23.438534500000003,-46.5755525,,,,1,2023-06-20T11:57:01+00:00
SAO_179X-10,São Paulo,3550308,True,STT,680,https://moovitapp.com/index/pt-br/transporte_p%C3%BAblico-line-680-Sao_Paulo-242-850661-183334-0,5.3,-23.4490735,-46.5883325,,,,1,2023-06-20T11:57:33+00:00
SAO_179X-10,São Paulo,3550308,True,STT,680,https://moovitapp.com/index/pt-br/transporte_p%C3%BAblico-line-680-Sao_Paulo-242-850661-183334-0,5.3,-23.439219,-46.5792935,,,,1,2023-06-20T11:56:58+00:00
SAO_179X-10,São Paulo,3550308,True,STT,680,https://moovitapp.com/index/pt-br/transporte_p%C3%BAblico-line-680-Sao_Paulo-242-850661-183334-0,5.3,-23.4386395,-46.583121500000004,,,,1,2023-06-20T11:57:38+00:00
SAO_179X-10,São Paulo,3550308,True,STT,680,https://moovitapp.com/index/pt-br/transporte_p%C3%BAblico-line-680-Sao_Paulo-242-850661-183334-0,5.3,-23.432215,-46.571414000000004,,,,1,2023-06-20T11:57:34+00:00
SAO_179X-10,São Paulo,3550308,True,STT,680,https://moovitapp.com/index/pt-br/transporte_p%C3%BAblico-line-680-Sao_Paulo-242-850661-183334-0,5.3,-23.47126,-46.586546625,,,,1,2023-06-20T11:57:25+00:00
SAO_748A-10,São Paulo,3550308,True,EMTU,498,https://moovitapp.com/index/pt-br/transporte_p%C3%BAblico-line-498-Sao_Paulo-242-2038937-36419523-0,5.4,-23.58381225,-46.769287500000004,,,,1,2023-06-20T11:57:05+00:00
SAO_748A-10,São Paulo,3550308,True,EMTU,498,https://moovitapp.com/index/pt-br/transporte_p%C3%BAblico-line-498-Sao_Paulo-242-2038937-36419523-0,5.4,-23.531813999999997,-46.71925725,,,,1,2023-06-20T11:57:37+00:00
SAO_748A-10,São Paulo,3550308,True,EMTU,498,https://moovitapp.com/index/pt-br/transporte_p%C3%BAblico-line-498-Sao_Paulo-242-2038937-36419523-0,5.4,-23.550664437500004,-46.739648312499995,,,,1,2023-06-20T11:57:16+00:00
SAO_407E-10,São Paulo,3550308,True,,34983,,,-23.633248000000002,-46.4428945,,,,2,2023-06-20T11:57:35+00:00
SAO_407E-10,São Paulo,3550308,True,,34983,,,-23.6255375,-46.463149,,,,2,2023-06-20T11:57:29+00:00
SAO_407E-10,São Paulo,3550308,True,,34983,,,-23.633248000000002,-46.4428945,,,,2,2023-06-20T11:57:18+00:00
SAO_372U-10,São Paulo,3550308,True,,1016,,,-23.562192,-46.561119,,,,1,2023-06-20T11:57:25+00:00
SAO_372U-10,São Paulo,3550308,True,,1016,,,-23.565127750000002,-46.538771999999994,,,,1,2023-06-20T11:57:01+00:00
SAO_372U-10,São Paulo,3550308,True,,1016,,,-23.554497625,-46.543211500000005,,,,1,2023-06-20T11:56:57+00:00
SAO_372U-10,São Paulo,3550308,True,,1016,,,-23.541038999999998,-46.576837,,,,1,2023-06-20T11:57:09+00:00
SAO_372U-10,São Paulo,3550308,True,,1016,,,-23.5410925,-46.577089,,,,1,2023-06-20T11:57:01+00:00
SAO_372U-10,São Paulo,3550308,True,,1016,,,-23.5528075,-46.5665985,,,,1,2023-06-20T11:57:25+00:00
SAO_372U-10,São Paulo,3550308,True,,1016,,,-23.5564715,-46.537433,,,,1,2023-06-20T11:57:23+00:00
SAO_4016-10,São Paulo,3550308,True,,2189,,,-23.611567,-46.47621,,,,1,2023-06-20T11:57:07+00:00
SAO_7009-10,São Paulo,3550308,True,,1951,,,-23.7063245,-46.784868,,,,1,2023-06-20T11:57:09+00:00
SAO_7009-10,São Paulo,3550308,True,,1951,,,-23.6808705,-46.76568425,,,,1,2023-06-20T11:57:10+00:00
SAO_675X-10,São Paulo,3550308,True,,32879,,,-23.737090000000002,-46.697100000000006,,,,2,2023-06-20T11:57:37+00:00
SAO_675X-10,São Paulo,3550308,True,,32879,,,-23.7379855,-46.697920999999994,,,,2,2023-06-20T11:57:18+00:00
SAO_675X-10,São Paulo,3550308,True,,32879,,,-23.735022999999998,-46.6957585,,,,2,2023-06-20T11:57:08+00:00
SAO_675X-10,São Paulo,3550308,True,,32879,,,-23.60508725,-46.6637195,,,,2,2023-06-20T11:57:19+00:00
SAO_675X-10,São Paulo,3550308,True,,32879,,,-23.7374655,-46.6974125,,,,2,2023-06-20T11:57:09+00:00
SAO_675X-10,São Paulo,3550308,True,,32879,,,-23.642727999999998,-46.699756,,,,2,2023-06-20T11:57:37+00:00
SAO_675X-10,São Paulo,3550308,True,,32879,,,-23.717132999999997,-46.69933425000001,,,,2,2023-06-20T11:57:35+00:00
SAO_1017-10,São Paulo,3550308,True,,2141,,,-23.4645835,-46.714367499999994,,,,1,2023-06-20T11:56:57+00:00
SAO_1017-10,São Paulo,3550308,True,,2141,,,-23.4047485,-46.740904,,,,1,2023-06-20T11:57:33+00:00
SAO_1017-10,São Paulo,3550308,True,,2141,,,-23.453538,-46.712159,,,,1,2023-06-20T11:57:17+00:00
SAO_1017-10,São Paulo,3550308,True,,2141,,,-23.437545999999998,-46.717450875,,,,1,2023-06-20T11:57:34+00:00
SAO_1017-10,São Paulo,3550308,True,,2141,,,-23.48383,-46.7107265,,,,1,2023-06-20T11:57:38+00:00
SAO_1017-10,São Paulo,3550308,True,,2141,,,-23.40665025,-46.755919750000004,,,,1,2023-06-20T11:57:33+00:00
SAO_1017-10,São Paulo,3550308,True,,2141,,,-23.4105855,-46.7519925,,,,1,2023-06-20T11:57:29+00:00
SAO_2780-10,São Paulo,3550308,True,,33167,,,-23.51016575,-46.3758685,,,,2,2023-06-20T11:51:01+00:00
SAO_2780-10,São Paulo,3550308,True,,33167,,,-23.49448,-46.414542499999996,,,,2,2023-06-20T11:57:24+00:00
SAO_736I-10,São Paulo,3550308,True,STT,781,https://moovitapp.com/index/pt-br/transporte_p%C3%BAblico-line-781-Sao_Paulo-242-850661-183349-0,5.3,-23.650086,-46.7077355,,,,1,2023-06-20T11:57:31+00:00
SAO_736I-10,São Paulo,3550308,True,STT,781,https://moovitapp.com/index/pt-br/transporte_p%C3%BAblico-line-781-Sao_Paulo-242-850661-183349-0,5.3,-23.641039625,-46.71706575,,,,1,2023-06-20T11:57:31+00:00
SAO_736I-10,São Paulo,3550308,True,STT,781,https://moovitapp.com/index/pt-br/transporte_p%C3%BAblico-line-781-Sao_Paulo-242-850661-183349-0,5.3,-23.63915525,-46.749588,,,,1,2023-06-20T11:57:20+00:00
SAO_736I-10,São Paulo,3550308,True,STT,781,https://moovitapp.com/index/pt-br/transporte_p%C3%BAblico-line-781-Sao_Paulo-242-850661-183349-0,5.3,-23.631514,-46.7514055,,,,1,2023-06-20T11:57:28+00:00
SAO_736I-10,São Paulo,3550308,True,STT,781,https://moovitapp.com/index/pt-br/transporte_p%C3%BAblico-line-781-Sao_Paulo-242-850661-183349-0,5.3,-23.632875,-46.7479035,,,,1,2023-06-20T11:56:51+00:00
SAO_736I-10,São Paulo,3550308,True,STT,781,https://moovitapp.com/index/pt-br/transporte_p%C3%BAblico-line-781-Sao_Paulo-242-850661-183349-0,5.3,-23.6437205,-46.7251745,,,,1,2023-06-20T11:57:13+00:00
SAO_736I-10,São Paulo,3550308,True,STT,781,https://moovitapp.com/index/pt-br/transporte_p%C3%BAblico-line-781-Sao_Paulo-242-850661-183349-0,5.3,-23.6498405,-46.707801,,,,1,2023-06-20T11:57:02+00:00
SAO_6262-10,São Paulo,3550308,True,,1371,,,-23.5402555,-46.7181975,,,,1,2023-06-20T11:57:26+00:00
SAO_6262-10,São Paulo,3550308,True,,1371,,,-23.564545,-46.694648,,,,1,2023-06-20T11:57:22+00:00
SAO_6262-10,São Paulo,3550308,True,,1371,,,-23.5771655,-46.6726715,,,,1,2023-06-20T11:57:20+00:00
SAO_6262-10,São Paulo,3550308,True,,1371,,,-23.5496865,-46.6401735,,,,1,2023-06-20T11:57:04+00:00
SAO_1743-10,São Paulo,3550308,True,EMTU,543,https://moovitapp.com/index/pt-br/transporte_p%C3%BAblico-line-543-Sao_Paulo-242-2038937-36419552-0,5.15,-23.466829375000003,-46.664145250000004,,,,1,2023-06-20T11:57:12+00:00
SAO_1743-10,São Paulo,3550308,True,EMTU,543,https://moovitapp.com/index/pt-br/transporte_p%C3%BAblico-line-543-Sao_Paulo-242-2038937-36419552-0,5.15,-23.522855,-46.623938,,,,1,2023-06-20T11:57:16+00:00
SAO_1743-10,São Paulo,3550308,True,EMTU,543,https://moovitapp.com/index/pt-br/transporte_p%C3%BAblico-line-543-Sao_Paulo-242-2038937-36419552-0,5.15,-23.483748499999997,-46.6424735,,,,1,2023-06-20T11:57:37+00:00
SAO_1743-10,São Paulo,3550308,True,EMTU,543,https://moovitapp.com/index/pt-br/transporte_p%C3%BAblico-line-543-Sao_Paulo-242-2038937-36419552-0,5.15,-23.4998425,-46.62548925,,,,1,2023-06-20T11:56:58+00:00
SAO_1743-10,São Paulo,3550308,True,EMTU,543,https://moovitapp.com/index/pt-br/transporte_p%C3%BAblico-line-543-Sao_Paulo-242-2038937-36419552-0,5.15,-23.522855,-46.623938,,,,1,2023-06-20T11:57:30+00:00
SAO_3737-10,São Paulo,3550308,True,,33805,,,-23.56098,-46.509696,,,,2,2023-06-20T11:54:44+00:00
SAO_3737-10,São Paulo,3550308,True,,33805,,,-23.544785500000003,-46.508394499999994,,,,2,2023-06-20T11:57:25+00:00
SAO_3737-10,São Paulo,3550308,True,,33805,,,-23.5521215,-46.5007205,,,,2,2023-06-20T11:57:24+00:00
SAO_3737-10,São Paulo,3550308,True,,33805,,,-23.5327,-46.517921,,,,2,2023-06-20T11:57:20+00:00
SAO_3737-10,São Paulo,3550308,True,,33805,,,-23.564532999999997,-46.5048475,,,,2,2023-06-20T11:57:18+00:00
SAO_3737-10,São Paulo,3550308,True,,33805,,,-23.561511,-46.5100175,,,,2,2023-06-20T11:57:38+00:00
SAO_2727-10,São Paulo,3550308,True,,33710,,,-23.540062499999998,-46.482594375,,,,2,2023-06-20T11:57:38+00:00
SAO_2727-10,São Paulo,3550308,True,,33710,,,-23.521929,-46.4574135,,,,2,2023-06-20T11:57:09+00:00
SAO_2727-10,São Paulo,3550308,True,,33710,,,-23.539782000000002,-46.482977500000004,,,,2,2023-06-20T11:57:36+00:00
SAO_527R-10,São Paulo,3550308,True,,271,,,-23.65968,-46.675868,,,,1,2023-06-20T11:56:57+00:00
SAO_527R-10,São Paulo,3550308,True,,271,,,-23.667343,-46.65593575,,,,1,2023-06-20T11:57:12+00:00
SAO_527R-10,São Paulo,3550308,True,,271,,,-23.6756785,-46.6504555,,,,1,2023-06-20T11:57:30+00:00
SAO_527R-10,São Paulo,3550308,True,,271,,,-23.6756785,-46.6504555,,,,1,2023-06-20T11:57:02+00:00
SAO_527R-10,São Paulo,3550308,True,,271,,,-23.656017749999997,-46.70077512500001,,,,1,2023-06-20T11:57:33+00:00
SAO_527R-10,São Paulo,3550308,True,,271,,,-23.67778875,-46.683263,,,,1,2023-06-20T11:57:34+00:00
SAO_3001-10,São Paulo,3550308,True,,34418,,,-23.49501875,-46.40512025,,,,2,2023-06-20T11:57:03+00:00
SAO_8018-10,São Paulo,3550308,True,,2070,,,-23.599755,-46.740553500000004,,,,1,2023-06-20T11:57:26+00:00
SAO_5362-23,São Paulo,3550308,True,,34628,,,-23.65107175,-46.70392125000001,,,,2,2023-06-20T11:57:03+00:00
SAO_5362-23,São Paulo,3550308,True,,34628,,,-23.6289485,-46.689133999999996,,,,2,2023-06-20T11:57:22+00:00
SAO_5362-23,São Paulo,3550308,True,,34628,,,-23.6758155,-46.712479,,,,2,2023-06-20T11:57:12+00:00
SAO_5362-23,São Paulo,3550308,True,,34628,,,-23.753022,-46.684457,,,,2,2023-06-20T11:57:28+00:00
SAO_273G-10,São Paulo,3550308,True,,32991,,,-23.492154,-46.445614500000005,,,,2,2023-06-20T11:57:35+00:00
SAO_273G-10,São Paulo,3550308,True,,32991,,,-23.5143,-46.476661500000006,,,,2,2023-06-20T11:57:24+00:00
SAO_273G-10,São Paulo,3550308,True,,32991,,,-23.48150775,-46.41633925,,,,2,2023-06-20T11:57:16+00:00
SAO_273G-10,São Paulo,3550308,True,,32991,,,-23.4981155,-46.463003,,,,2,2023-06-20T11:57:03+00:00
SAO_273G-10,São Paulo,3550308,True,,32991,,,-23.481525249999997,-46.41659775,,,,2,2023-06-20T11:57:17+00:00
SAO_3064-41,São Paulo,3550308,True,,1933,,,-23.5831885,-46.407001,,,,1,2023-06-20T11:57:02+00:00
SAO_2705-10,São Paulo,3550308,True,,917,,,-23.545738,-46.393099500000005,,,,1,2023-06-20T11:57:00+00:00
SAO_2705-10,São Paulo,3550308,True,,917,,,-23.546026875000003,-46.393056125,,,,1,2023-06-20T11:54:40+00:00
SAO_2705-10,São Paulo,3550308,True,,917,,,-23.545738,-46.393099500000005,,,,1,2023-06-20T11:57:28+00:00
SAO_2705-10,São Paulo,3550308,True,,917,,,-23.542768,-46.41466525,,,,1,2023-06-20T11:57:32+00:00
SAO_2705-10,São Paulo,3550308,True,,917,,,-23.5307775,-46.437583000000004,,,,1,2023-06-20T11:55:21+00:00
SAO_2718-10,São Paulo,3550308,True,,931,,,-23.52093475,-46.548836249999994,,,,1,2023-06-20T11:57:12+00:00
SAO_2718-10,São Paulo,3550308,True,,931,,,-23.49341225,-46.49926275,,,,1,2023-06-20T11:56:57+00:00
SAO_2718-10,São Paulo,3550308,True,,931,,,-23.495998,-46.5102495,,,,1,2023-06-20T11:57:15+00:00
SAO_2718-10,São Paulo,3550308,True,,931,,,-23.494101,-46.5014905,,,,1,2023-06-20T11:57:19+00:00
SAO_2718-10,São Paulo,3550308,True,,931,,,-23.525074000000004,-46.54891175,,,,1,2023-06-20T11:57:01+00:00
SAO_2718-10,São Paulo,3550308,True,,931,,,-23.4930065,-46.4991965,,,,1,2023-06-20T11:57:07+00:00
SAO_2718-10,São Paulo,3550308,True,,931,,,-23.503881,-46.537435,,,,1,2023-06-20T11:57:04+00:00
SAO_2718-10,São Paulo,3550308,True,,931,,,-23.519504375,-46.549013375,,,,1,2023-06-20T11:57:17+00:00
SAO_6007-10,São Paulo,3550308,True,,176,,,-23.650185999999998,-46.733273,,,,1,2023-06-20T11:57:17+00:00
SAO_6007-10,São Paulo,3550308,True,,176,,,-23.655546,-46.762099500000005,,,,1,2023-06-20T11:57:33+00:00
SAO_6007-10,São Paulo,3550308,True,,176,,,-23.667333499999998,-46.7278095,,,,1,2023-06-20T11:57:20+00:00
SAO_6007-10,São Paulo,3550308,True,,176,,,-23.671668750000002,-46.754944625,,,,1,2023-06-20T11:56:56+00:00
SAO_957T-10,São Paulo,3550308,True,,33232,,,-23.5369275,-46.731688,,,,2,2023-06-20T11:57:21+00:00
SAO_957T-10,São Paulo,3550308,True,,33232,,,-23.436427374999997,-46.716528374999996,,,,2,2023-06-20T11:57:30+00:00
SAO_957T-10,São Paulo,3550308,True,,33232,,,-23.4773255,-46.6850965,,,,2,2023-06-20T11:57:00+00:00
SAO_957T-10,São Paulo,3550308,True,,33232,,,-23.436427374999997,-46.716528374999996,,,,2,2023-06-20T11:56:59+00:00
SAO_6014-10,São Paulo,3550308,True,,32956,,,-23.741766,-46.8007565,,,,2,2023-06-20T11:56:56+00:00
SAO_6014-10,São Paulo,3550308,True,,32956,,,-23.666430249999998,-46.720004625,,,,2,2023-06-20T11:56:53+00:00
SAO_6014-10,São Paulo,3550308,True,,32956,,,-23.689074125,-46.77322225,,,,2,2023-06-20T11:56:58+00:00
SAO_7050-10,São Paulo,3550308,True,,34652,,,-23.658609,-46.78921425,,,,2,2023-06-20T11:57:15+00:00
SAO_7050-10,São Paulo,3550308,True,,34652,,,-23.6559205,-46.776455,,,,2,2023-06-20T11:56:59+00:00
SAO_7050-10,São Paulo,3550308,True,,34652,,,-23.6591795,-46.77471250000001,,,,2,2023-06-20T11:57:23+00:00
SAO_128Y-10,São Paulo,3550308,True,EMTU,843,https://moovitapp.com/index/pt-br/transporte_p%C3%BAblico-line-843-Sao_Paulo-242-2038937-36419606-0,4.1,-23.4823775,-46.6547675,,,,1,2023-06-20T11:57:30+00:00
SAO_128Y-10,São Paulo,3550308,True,EMTU,843,https://moovitapp.com/index/pt-br/transporte_p%C3%BAblico-line-843-Sao_Paulo-242-2038937-36419606-0,4.1,-23.456737250000003,-46.667652,,,,1,2023-06-20T11:57:17+00:00
SAO_128Y-10,São Paulo,3550308,True,EMTU,843,https://moovitapp.com/index/pt-br/transporte_p%C3%BAblico-line-843-Sao_Paulo-242-2038937-36419606-0,4.1,-23.508481,-46.6851255,,,,1,2023-06-20T11:57:29+00:00
SAO_1012-21,São Paulo,3550308,True,,2570,,,-23.4355245,-46.788021,,,,1,2023-06-20T11:57:17+00:00
SAO_1012-21,São Paulo,3550308,True,,2570,,,-23.435747499999998,-46.802311,,,,1,2023-06-20T11:57:14+00:00
SAO_475M-10,São Paulo,3550308,True,,33111,,,-23.598104499999998,-46.615787,,,,2,2023-06-20T11:57:06+00:00
SAO_342N-10,São Paulo,3550308,True,,1003,,,-23.565348,-46.396322,,,,1,2023-06-20T11:57:25+00:00
SAO_342N-10,São Paulo,3550308,True,,1003,,,-23.5318265,-46.440373,,,,1,2023-06-20T11:57:13+00:00
SAO_342N-10,São Paulo,3550308,True,,1003,,,-23.563197,-46.3939975,,,,1,2023-06-20T11:57:06+00:00
SAO_342N-10,São Paulo,3550308,True,,1003,,,-23.552402,-46.4134495,,,,1,2023-06-20T11:57:07+00:00
SAO_342N-10,São Paulo,3550308,True,,1003,,,-23.564459,-46.415409499999996,,,,1,2023-06-20T11:57:05+00:00
SAO_9784-10,São Paulo,3550308,True,,33595,,,-23.47520075,-46.665144,,,,2,2023-06-20T11:57:06+00:00
SAO_9784-10,São Paulo,3550308,True,,33595,,,-23.4507675,-46.683319374999996,,,,2,2023-06-20T11:57:26+00:00
SAO_9784-10,São Paulo,3550308,True,,33595,,,-23.4507675,-46.683319374999996,,,,2,2023-06-20T11:57:23+00:00
SAO_9784-10,São Paulo,3550308,True,,33595,,,-23.521528500000002,-46.666227,,,,2,2023-06-20T11:57:18+00:00
SAO_9784-10,São Paulo,3550308,True,,33595,,,-23.4509365,-46.683104125,,,,2,2023-06-20T11:57:29+00:00
SAO_374V-10,São Paulo,3550308,True,,1647,,,-23.542684,-46.4693915,,,,1,2023-06-20T11:57:30+00:00
SAO_374V-10,São Paulo,3550308,True,,1647,,,-23.515903,-46.4538425,,,,1,2023-06-20T11:57:23+00:00
SAO_374V-10,São Paulo,3550308,True,,1647,,,-23.5211245,-46.446593,,,,1,2023-06-20T11:56:58+00:00
SAO_374V-10,São Paulo,3550308,True,,1647,,,-23.5425595,-46.469581500000004,,,,1,2023-06-20T11:57:29+00:00
SAO_374V-10,São Paulo,3550308,True,,1647,,,-23.52596275,-46.45376725,,,,1,2023-06-20T11:57:23+00:00
SAO_374V-10,São Paulo,3550308,True,,1647,,,-23.523691999999997,-46.4511135,,,,1,2023-06-20T11:56:56+00:00
SAO_3768-10,São Paulo,3550308,True,,33824,,,-23.5467815,-46.426359500000004,,,,2,2023-06-20T11:57:23+00:00
SAO_3768-10,São Paulo,3550308,True,,33824,,,-23.586175500000003,-46.3863525,,,,2,2023-06-20T11:57:27+00:00
SAO_3768-10,São Paulo,3550308,True,,33824,,,-23.552427,-46.4249925,,,,2,2023-06-20T11:57:33+00:00
SAO_2766-10,São Paulo,3550308,True,,33173,,,-23.5425775,-46.4719335,,,,2,2023-06-20T11:56:55+00:00
SAO_2766-10,São Paulo,3550308,True,,33173,,,-23.532731,-46.4536855,,,,2,2023-06-20T11:57:11+00:00
SAO_2766-10,São Paulo,3550308,True,,33173,,,-23.5429995,-46.470884999999996,,,,2,2023-06-20T11:57:02+00:00
SAO_2766-10,São Paulo,3550308,True,,33173,,,-23.5425775,-46.4719335,,,,2,2023-06-20T11:57:10+00:00
SAO_2766-10,São Paulo,3550308,True,,33173,,,-23.494522,-46.425334250000006,,,,2,2023-06-20T11:57:20+00:00
SAO_2766-10,São Paulo,3550308,True,,33173,,,-23.539525375,-46.4551265,,,,2,2023-06-20T11:57:19+00:00
SAO_2766-10,São Paulo,3550308,True,,33173,,,-23.51798475,-46.3882325,,,,2,2023-06-20T11:57:35+00:00
SAO_4005-10,São Paulo,3550308,True,,34947,,,-23.5926225,-46.40320475,,,,2,2023-06-20T11:57:38+00:00
SAO_4005-10,São Paulo,3550308,True,,34947,,,-23.58888925,-46.394664,,,,2,2023-06-20T11:57:25+00:00
SAO_4005-10,São Paulo,3550308,True,,34947,,,-23.58888925,-46.394664,,,,2,2023-06-20T11:56:54+00:00
SAO_807A-10,São Paulo,3550308,True,,34668,,,-23.630661,-46.773396000000005,,,,2,2023-06-20T11:57:37+00:00
SAO_807A-10,São Paulo,3550308,True,,34668,,,-23.6440425,-46.764281,,,,2,2023-06-20T11:57:03+00:00
SAO_807A-10,São Paulo,3550308,True,,34668,,,-23.642516,-46.7384915,,,,2,2023-06-20T11:57:34+00:00
SAO_807A-10,São Paulo,3550308,True,,34668,,,-23.646389,-46.7470005,,,,2,2023-06-20T11:57:22+00:00
SAO_807A-10,São Paulo,3550308,True,,34668,,,-23.6434435,-46.765155500000006,,,,2,2023-06-20T11:57:05+00:00
SAO_3160-10,São Paulo,3550308,True,,32893,,,-23.562188499999998,-46.5982735,,,,2,2023-06-20T11:57:13+00:00
SAO_3160-10,São Paulo,3550308,True,,32893,,,-23.58141425,-46.58671725,,,,2,2023-06-20T11:57:35+00:00
SAO_3160-10,São Paulo,3550308,True,,32893,,,-23.5548885,-46.6001105,,,,2,2023-06-20T11:57:33+00:00
SAO_3160-10,São Paulo,3550308,True,,32893,,,-23.573496499999997,-46.58752,,,,2,2023-06-20T11:57:19+00:00
SAO_971X-10,São Paulo,3550308,True,,1695,,,-23.47627,-46.663216500000004,,,,1,2023-06-20T11:57:02+00:00
SAO_971X-10,São Paulo,3550308,True,,1695,,,-23.50034475,-46.626573750000006,,,,1,2023-06-20T11:57:36+00:00
SAO_971X-10,São Paulo,3550308,True,,1695,,,-23.49803525,-46.639185499999996,,,,1,2023-06-20T11:57:21+00:00
SAO_6008-10,São Paulo,3550308,True,,33968,,,-23.687204,-46.763091,,,,2,2023-06-20T11:57:38+00:00
SAO_6008-10,São Paulo,3550308,True,,33968,,,-23.67978575,-46.7345675,,,,2,2023-06-20T11:57:29+00:00
SAO_6008-10,São Paulo,3550308,True,,33968,,,-23.68727,-46.7629345,,,,2,2023-06-20T11:57:30+00:00
SAO_6008-10,São Paulo,3550308,True,,33968,,,-23.6840925,-46.7617525,,,,2,2023-06-20T11:57:28+00:00
SAO_6039-21,São Paulo,3550308,True,,35261,,,-23.6621345,-46.779826,,,,2,2023-06-20T11:57:23+00:00
SAO_6039-21,São Paulo,3550308,True,,35261,,,-23.6541265,-46.7631545,,,,2,2023-06-20T11:57:10+00:00
SAO_3025-10,São Paulo,3550308,True,,33729,,,-23.577255,-46.398083,,,,2,2023-06-20T11:57:18+00:00
SAO_3025-10,São Paulo,3550308,True,,33729,,,-23.5774345,-46.39814,,,,2,2023-06-20T11:57:09+00:00
SAO_3025-10,São Paulo,3550308,True,,33729,,,-23.542925500000003,-46.416211,,,,2,2023-06-20T11:57:32+00:00
SAO_3025-10,São Paulo,3550308,True,,33729,,,-23.568281,-46.406388500000006,,,,2,2023-06-20T11:57:07+00:00
SAO_746R-10,São Paulo,3550308,True,,790,,,-23.61201725,-46.70320675,,,,1,2023-06-20T11:56:56+00:00
SAO_746R-10,São Paulo,3550308,True,,790,,,-23.65332925,-46.71646749999999,,,,1,2023-06-20T11:57:36+00:00
SAO_746R-10,São Paulo,3550308,True,,790,,,-23.6507465,-46.7262685,,,,1,2023-06-20T11:57:35+00:00
SAO_2728-10,São Paulo,3550308,True,,943,,,-23.5014245,-46.512783,,,,1,2023-06-20T11:57:25+00:00
SAO_2728-10,São Paulo,3550308,True,,943,,,-23.507492499999998,-46.53350325,,,,1,2023-06-20T11:57:22+00:00
SAO_2728-10,São Paulo,3550308,True,,943,,,-23.533263499999997,-46.544112,,,,1,2023-06-20T11:57:11+00:00
SAO_2728-10,São Paulo,3550308,True,,943,,,-23.5014245,-46.512783,,,,1,2023-06-20T11:57:02+00:00
SAO_2728-10,São Paulo,3550308,True,,943,,,-23.5061535,-46.522986,,,,1,2023-06-20T11:57:22+00:00
SAO_2728-10,São Paulo,3550308,True,,943,,,-23.533211,-46.543845,,,,1,2023-06-20T11:57:07+00:00
SAO_2728-10,São Paulo,3550308,True,,943,,,-23.501793999999997,-46.514333,,,,1,2023-06-20T11:57:04+00:00
SAO_2728-10,São Paulo,3550308,True,,943,,,-23.51379325,-46.545879875,,,,1,2023-06-20T11:57:21+00:00
SAO_2728-10,São Paulo,3550308,True,,943,,,-23.532396249999998,-46.5431725,,,,1,2023-06-20T11:56:56+00:00
SAO_7005-10,São Paulo,3550308,True,,34766,,,-23.735196000000002,-46.781395,,,,2,2023-06-20T11:57:09+00:00
SAO_7005-10,São Paulo,3550308,True,,34766,,,-23.684067,-46.769816500000005,,,,2,2023-06-20T11:56:59+00:00
SAO_7005-10,São Paulo,3550308,True,,34766,,,-23.718654,-46.7846245,,,,2,2023-06-20T11:57:19+00:00
SAO_8199-10,São Paulo,3550308,True,EMTU,807,https://moovitapp.com/index/pt-br/transporte_p%C3%BAblico-line-807-Sao_Paulo-242-2038937-36419583-0,7.8,-23.476384000000003,-46.667850375,,,,1,2023-06-20T11:57:04+00:00
SAO_8199-10,São Paulo,3550308,True,EMTU,807,https://moovitapp.com/index/pt-br/transporte_p%C3%BAblico-line-807-Sao_Paulo-242-2038937-36419583-0,7.8,-23.4921025,-46.6962185,,,,1,2023-06-20T11:56:57+00:00
SAO_8199-10,São Paulo,3550308,True,EMTU,807,https://moovitapp.com/index/pt-br/transporte_p%C3%BAblico-line-807-Sao_Paulo-242-2038937-36419583-0,7.8,-23.475013999999998,-46.67368625,,,,1,2023-06-20T11:56:56+00:00
SAO_8199-10,São Paulo,3550308,True,EMTU,807,https://moovitapp.com/index/pt-br/transporte_p%C3%BAblico-line-807-Sao_Paulo-242-2038937-36419583-0,7.8,-23.474518,-46.749597,,,,1,2023-06-20T11:57:28+00:00
SAO_8199-10,São Paulo,3550308,True,EMTU,807,https://moovitapp.com/index/pt-br/transporte_p%C3%BAblico-line-807-Sao_Paulo-242-2038937-36419583-0,7.8,-23.497329999999998,-46.707789500000004,,,,1,2023-06-20T11:57:33+00:00
SAO_8199-10,São Paulo,3550308,True,EMTU,807,https://moovitapp.com/index/pt-br/transporte_p%C3%BAblico-line-807-Sao_Paulo-242-2038937-36419583-0,7.8,-23.4849325,-46.7233555,,,,1,2023-06-20T11:57:29+00:00
SAO_8199-10,São Paulo,3550308,True,EMTU,807,https://moovitapp.com/index/pt-br/transporte_p%C3%BAblico-line-807-Sao_Paulo-242-2038937-36419583-0,7.8,-23.469164499999998,-46.751718,,,,1,2023-06-20T11:57:33+00:00
SAO_8199-10,São Paulo,3550308,True,EMTU,807,https://moovitapp.com/index/pt-br/transporte_p%C3%BAblico-line-807-Sao_Paulo-242-2038937-36419583-0,7.8,-23.478656,-46.7477215,,,,1,2023-06-20T11:57:00+00:00
SAO_637J-10,São Paulo,3550308,True,EMTU,103,https://moovitapp.com/index/pt-br/transporte_p%C3%BAblico-line-103-Sao_Paulo-242-2038937-36419266-0,5.1,-23.62798775,-46.68843425,,,,1,2023-06-20T11:57:28+00:00
SAO_637J-10,São Paulo,3550308,True,EMTU,103,https://moovitapp.com/index/pt-br/transporte_p%C3%BAblico-line-103-Sao_Paulo-242-2038937-36419266-0,5.1,-23.702216375,-46.701288375,,,,1,2023-06-20T11:57:09+00:00
SAO_637J-10,São Paulo,3550308,True,EMTU,103,https://moovitapp.com/index/pt-br/transporte_p%C3%BAblico-line-103-Sao_Paulo-242-2038937-36419266-0,5.1,-23.732487,-46.71503,,,,1,2023-06-20T11:57:12+00:00
SAO_637J-10,São Paulo,3550308,True,EMTU,103,https://moovitapp.com/index/pt-br/transporte_p%C3%BAblico-line-103-Sao_Paulo-242-2038937-36419266-0,5.1,-23.66546225,-46.69058325,,,,1,2023-06-20T11:57:11+00:00
SAO_637J-10,São Paulo,3550308,True,EMTU,103,https://moovitapp.com/index/pt-br/transporte_p%C3%BAblico-line-103-Sao_Paulo-242-2038937-36419266-0,5.1,-23.5853895,-46.68170825,,,,1,2023-06-20T11:57:12+00:00
SAO_637J-10,São Paulo,3550308,True,EMTU,103,https://moovitapp.com/index/pt-br/transporte_p%C3%BAblico-line-103-Sao_Paulo-242-2038937-36419266-0,5.1,-23.7392865,-46.708304250000005,,,,1,2023-06-20T11:57:03+00:00
SAO_6052-10,São Paulo,3550308,True,,33912,,,-23.775509999999997,-46.691679,,,,2,2023-06-20T11:57:39+00:00
SAO_6052-10,São Paulo,3550308,True,,33912,,,-23.77376725,-46.69030625,,,,2,2023-06-20T11:57:25+00:00
SAO_6052-10,São Paulo,3550308,True,,33912,,,-23.776043,-46.690748,,,,2,2023-06-20T11:57:13+00:00
SAO_6052-10,São Paulo,3550308,True,,33912,,,-23.7760525,-46.691014499999994,,,,2,2023-06-20T11:57:22+00:00
SAO_6052-10,São Paulo,3550308,True,,33912,,,-23.76811025,-46.717556,,,,2,2023-06-20T11:57:01+00:00
SAO_8615-10,São Paulo,3550308,True,,1339,,,-23.53209725,-46.66131175,,,,1,2023-06-20T11:57:13+00:00
SAO_8615-10,São Paulo,3550308,True,,1339,,,-23.5325365,-46.657965250000004,,,,1,2023-06-20T11:57:36+00:00
SAO_8615-10,São Paulo,3550308,True,,1339,,,-23.551324,-46.63472949999999,,,,1,2023-06-20T11:57:34+00:00
SAO_8615-10,São Paulo,3550308,True,,1339,,,-23.530649,-46.728812875,,,,1,2023-06-20T11:57:17+00:00
SAO_8615-10,São Paulo,3550308,True,,1339,,,-23.536853999999998,-46.724157,,,,1,2023-06-20T11:56:56+00:00
SAO_8615-10,São Paulo,3550308,True,,1339,,,-23.5458935,-46.631106,,,,1,2023-06-20T11:57:18+00:00
SAO_3001-10,São Paulo,3550308,True,,1650,,,-23.4939675,-46.418613500000006,,,,1,2023-06-20T11:57:38+00:00
SAO_3001-10,São Paulo,3550308,True,,1650,,,-23.51110625,-46.3769415,,,,1,2023-06-20T11:51:57+00:00
SAO_3001-10,São Paulo,3550308,True,,1650,,,-23.491656,-46.434244,,,,1,2023-06-20T11:56:53+00:00
SAO_3737-10,São Paulo,3550308,True,,1037,,,-23.5504195,-46.507943999999995,,,,1,2023-06-20T11:57:26+00:00
SAO_3737-10,São Paulo,3550308,True,,1037,,,-23.550023000000003,-46.508179,,,,1,2023-06-20T11:56:54+00:00
SAO_3737-10,São Paulo,3550308,True,,1037,,,-23.5309265,-46.516566250000004,,,,1,2023-06-20T11:57:18+00:00
SAO_3737-10,São Paulo,3550308,True,,1037,,,-23.5642495,-46.5078495,,,,1,2023-06-20T11:57:07+00:00
SAO_3737-10,São Paulo,3550308,True,,1037,,,-23.55594775,-46.503963,,,,1,2023-06-20T11:57:22+00:00
SAO_3737-10,São Paulo,3550308,True,,1037,,,-23.5309265,-46.516566250000004,,,,1,2023-06-20T11:57:21+00:00
SAO_3737-10,São Paulo,3550308,True,,1037,,,-23.558423,-46.507185500000006,,,,1,2023-06-20T11:57:22+00:00
SAO_1896-10,São Paulo,3550308,True,,35288,,,-23.495156,-46.730253250000004,,,,2,2023-06-20T11:57:31+00:00
SAO_1896-10,São Paulo,3550308,True,,35288,,,-23.44414675,-46.753674875,,,,2,2023-06-20T11:56:59+00:00
SAO_1896-10,São Paulo,3550308,True,,35288,,,-23.5279289375,-46.670851125,,,,2,2023-06-20T11:57:34+00:00
SAO_1896-10,São Paulo,3550308,True,,35288,,,-23.443988249999997,-46.753902624999995,,,,2,2023-06-20T11:57:16+00:00
SAO_8008-10,São Paulo,3550308,True,,34026,,,-23.470457,-46.751476499999995,,,,2,2023-06-20T11:56:59+00:00
SAO_8008-10,São Paulo,3550308,True,,34026,,,-23.4820735,-46.751308,,,,2,2023-06-20T11:57:27+00:00
SAO_8008-10,São Paulo,3550308,True,,34026,,,-23.48812125,-46.73202725,,,,2,2023-06-20T11:57:24+00:00
SAO_5110-10,São Paulo,3550308,True,,2209,,,-23.5828195,-46.5707295,,,,1,2023-06-20T11:57:23+00:00
SAO_5110-10,São Paulo,3550308,True,,2209,,,-23.585912,-46.588908,,,,1,2023-06-20T11:57:03+00:00
SAO_5110-10,São Paulo,3550308,True,,2209,,,-23.598336500000002,-46.532846500000005,,,,1,2023-06-20T11:57:34+00:00
SAO_5110-10,São Paulo,3550308,True,,2209,,,-23.612721,-46.494454,,,,1,2023-06-20T11:56:55+00:00
SAO_5110-10,São Paulo,3550308,True,,2209,,,-23.609517249999996,-46.50478875,,,,1,2023-06-20T11:56:52+00:00
SAO_5110-10,São Paulo,3550308,True,,2209,,,-23.5570576875,-46.619944187499996,,,,1,2023-06-20T11:57:29+00:00
SAO_5110-10,São Paulo,3550308,True,,2209,,,-23.559029,-46.6146445,,,,1,2023-06-20T11:57:04+00:00
SAO_5110-10,São Paulo,3550308,True,,2209,,,-23.593349,-46.5395735,,,,1,2023-06-20T11:56:55+00:00
SAO_5110-10,São Paulo,3550308,True,,2209,,,-23.611922,-46.4765935,,,,1,2023-06-20T11:57:27+00:00
SAO_3721-41,São Paulo,3550308,True,,34461,,,-23.5425225,-46.470603999999994,,,,2,2023-06-20T11:57:16+00:00
SAO_3721-41,São Paulo,3550308,True,,34461,,,-23.563069,-46.500958499999996,,,,2,2023-06-20T11:57:20+00:00
SAO_3721-41,São Paulo,3550308,True,,34461,,,-23.5632565,-46.500804,,,,2,2023-06-20T11:57:03+00:00
SAO_3721-41,São Paulo,3550308,True,,34461,,,-23.5608515,-46.492977999999994,,,,2,2023-06-20T11:57:35+00:00
SAO_3721-41,São Paulo,3550308,True,,34461,,,-23.549756,-46.4861565,,,,2,2023-06-20T11:57:17+00:00
SAO_3721-41,São Paulo,3550308,True,,34461,,,-23.560079,-46.499083999999996,,,,2,2023-06-20T11:57:01+00:00
SAO_3721-41,São Paulo,3550308,True,,34461,,,-23.543062,-46.487488,,,,2,2023-06-20T11:57:16+00:00
SAO_756A-10,São Paulo,3550308,True,,33561,,,-23.603532,-46.744845,,,,2,2023-06-20T11:57:31+00:00
SAO_756A-10,São Paulo,3550308,True,,33561,,,-23.6174585,-46.6954875,,,,2,2023-06-20T11:57:21+00:00
SAO_756A-10,São Paulo,3550308,True,,33561,,,-23.598115999999997,-46.7961385,,,,2,2023-06-20T11:57:35+00:00
SAO_756A-10,São Paulo,3550308,True,,33561,,,-23.598115999999997,-46.7961385,,,,2,2023-06-20T11:57:08+00:00
SAO_1016-10,São Paulo,3550308,True,,33599,,,-23.447170749999998,-46.611436999999995,,,,2,2023-06-20T11:57:26+00:00
SAO_1016-10,São Paulo,3550308,True,,33599,,,-23.513872,-46.6160225,,,,2,2023-06-20T11:57:37+00:00
SAO_1016-10,São Paulo,3550308,True,,33599,,,-23.4467415,-46.611489000000006,,,,2,2023-06-20T11:57:13+00:00
SAO_1016-10,São Paulo,3550308,True,,33599,,,-23.513872,-46.6160225,,,,2,2023-06-20T11:57:29+00:00
SAO_1016-10,São Paulo,3550308,True,,33599,,,-23.4579565,-46.602463,,,,2,2023-06-20T11:56:53+00:00
SAO_6078-10,São Paulo,3550308,True,,1166,,,-23.6784805,-46.684785500000004,,,,1,2023-06-20T11:57:19+00:00
SAO_6078-10,São Paulo,3550308,True,,1166,,,-23.692767249999996,-46.698482999999996,,,,1,2023-06-20T11:57:03+00:00
SAO_6078-10,São Paulo,3550308,True,,1166,,,-23.670293,-46.6792455,,,,1,2023-06-20T11:57:14+00:00
SAO_6078-10,São Paulo,3550308,True,,1166,,,-23.7534675,-46.688009,,,,1,2023-06-20T11:57:08+00:00
SAO_6078-10,São Paulo,3550308,True,,1166,,,-23.733359,-46.696408000000005,,,,1,2023-06-20T11:57:19+00:00
SAO_6078-10,São Paulo,3550308,True,,1166,,,-23.755401874999997,-46.671728875,,,,1,2023-06-20T11:57:32+00:00
SAO_6078-10,São Paulo,3550308,True,,1166,,,-23.740688,-46.660930500000006,,,,1,2023-06-20T11:57:30+00:00
SAO_6078-10,São Paulo,3550308,True,,1166,,,-23.742845,-46.662574500000005,,,,1,2023-06-20T11:57:08+00:00
SAO_6078-10,São Paulo,3550308,True,,1166,,,-23.723463,-46.6985535,,,,1,2023-06-20T11:57:13+00:00
SAO_2182-10,São Paulo,3550308,True,,33468,,,-23.4817665,-46.57117050000001,,,,2,2023-06-20T11:56:52+00:00
SAO_2182-10,São Paulo,3550308,True,,33468,,,-23.528083000000002,-46.597326249999995,,,,2,2023-06-20T11:54:40+00:00
SAO_2182-10,São Paulo,3550308,True,,33468,,,-23.4901925,-46.5744335,,,,2,2023-06-20T11:57:35+00:00
SAO_2182-10,São Paulo,3550308,True,,33468,,,-23.4819775,-46.571059500000004,,,,2,2023-06-20T11:57:35+00:00
SAO_2182-10,São Paulo,3550308,True,,33468,,,-23.547818999999997,-46.630216000000004,,,,2,2023-06-20T11:56:56+00:00
SAO_2017-10,São Paulo,3550308,True,,903,,,-23.5195115,-46.4125905,,,,1,2023-06-20T11:56:59+00:00
SAO_2017-10,São Paulo,3550308,True,,903,,,-23.5195115,-46.4125905,,,,1,2023-06-20T11:57:29+00:00
SAO_2017-10,São Paulo,3550308,True,,903,,,-23.5195115,-46.4125905,,,,1,2023-06-20T11:57:02+00:00
SAO_2017-10,São Paulo,3550308,True,,903,,,-23.5195115,-46.4125905,,,,1,2023-06-20T11:57:33+00:00
SAO_2017-10,São Paulo,3550308,True,,903,,,-23.5195115,-46.4125905,,,,1,2023-06-20T11:57:05+00:00
SAO_5144-10,São Paulo,3550308,True,,1627,,,-23.565850500000003,-46.569531,,,,1,2023-06-20T11:57:12+00:00
SAO_5144-10,São Paulo,3550308,True,,1627,,,-23.54545625,-46.591213374999995,,,,1,2023-06-20T11:57:21+00:00
SAO_5144-10,São Paulo,3550308,True,,1627,,,-23.535083999999998,-46.61561974999999,,,,1,2023-06-20T11:57:22+00:00
SAO_5144-10,São Paulo,3550308,True,,1627,,,-23.59876425,-46.518316,,,,1,2023-06-20T11:57:29+00:00
SAO_5144-10,São Paulo,3550308,True,,1627,,,-23.613897,-46.50077,,,,1,2023-06-20T11:57:20+00:00
SAO_675R-10,São Paulo,3550308,True,,109,,,-23.681455,-46.688723,,,,1,2023-06-20T11:57:34+00:00
SAO_675R-10,São Paulo,3550308,True,,109,,,-23.730538,-46.683816500000006,,,,1,2023-06-20T11:56:56+00:00
SAO_6044-10,São Paulo,3550308,True,,1221,,,-23.640483125,-46.717002750000006,,,,1,2023-06-20T11:57:18+00:00
SAO_6044-10,São Paulo,3550308,True,,1221,,,-23.6606095,-46.7777425,,,,1,2023-06-20T11:57:18+00:00
SAO_6044-10,São Paulo,3550308,True,,1221,,,-23.674642,-46.79688325,,,,1,2023-06-20T11:57:09+00:00
SAO_6044-10,São Paulo,3550308,True,,1221,,,-23.660277999999998,-46.768888000000004,,,,1,2023-06-20T11:57:07+00:00
SAO_6044-10,São Paulo,3550308,True,,1221,,,-23.640063249999997,-46.72306025,,,,1,2023-06-20T11:57:36+00:00
SAO_6044-10,São Paulo,3550308,True,,1221,,,-23.676944,-46.7986715,,,,1,2023-06-20T11:57:31+00:00
SAO_6044-10,São Paulo,3550308,True,,1221,,,-23.645789999999998,-46.7465015,,,,1,2023-06-20T11:57:25+00:00
SAO_6044-10,São Paulo,3550308,True,,1221,,,-23.653938,-46.709849000000006,,,,1,2023-06-20T11:56:55+00:00
SAO_748R-10,São Paulo,3550308,True,EMTU,501,https://moovitapp.com/index/pt-br/transporte_p%C3%BAblico-line-501-Sao_Paulo-242-2038937-36419526-0,7.55,-23.538038875,-46.7263945,,,,1,2023-06-20T11:57:06+00:00
SAO_748R-10,São Paulo,3550308,True,EMTU,501,https://moovitapp.com/index/pt-br/transporte_p%C3%BAblico-line-501-Sao_Paulo-242-2038937-36419526-0,7.55,-23.574148,-46.761327,,,,1,2023-06-20T11:57:24+00:00
SAO_748R-10,São Paulo,3550308,True,EMTU,501,https://moovitapp.com/index/pt-br/transporte_p%C3%BAblico-line-501-Sao_Paulo-242-2038937-36419526-0,7.55,-23.5335035,-46.712818999999996,,,,1,2023-06-20T11:57:28+00:00
SAO_748R-10,São Paulo,3550308,True,EMTU,501,https://moovitapp.com/index/pt-br/transporte_p%C3%BAblico-line-501-Sao_Paulo-242-2038937-36419526-0,7.55,-23.58108025,-46.770005,,,,1,2023-06-20T11:57:28+00:00
SAO_748R-10,São Paulo,3550308,True,EMTU,501,https://moovitapp.com/index/pt-br/transporte_p%C3%BAblico-line-501-Sao_Paulo-242-2038937-36419526-0,7.55,-23.5266425,-46.66785350000001,,,,1,2023-06-20T11:57:20+00:00
SAO_748R-10,São Paulo,3550308,True,EMTU,501,https://moovitapp.com/index/pt-br/transporte_p%C3%BAblico-line-501-Sao_Paulo-242-2038937-36419526-0,7.55,-23.595202999999998,-46.788933,,,,1,2023-06-20T11:57:23+00:00
SAO_573A-10,São Paulo,3550308,True,,1637,,,-23.5472225,-46.60696,,,,1,2023-06-20T11:57:07+00:00
SAO_573A-10,São Paulo,3550308,True,,1637,,,-23.555388999999998,-46.600162999999995,,,,1,2023-06-20T11:57:36+00:00
SAO_573A-10,São Paulo,3550308,True,,1637,,,-23.5786045,-46.587026,,,,1,2023-06-20T11:54:06+00:00
SAO_573A-10,São Paulo,3550308,True,,1637,,,-23.58720175,-46.58416875,,,,1,2023-06-20T11:57:30+00:00
SAO_573A-10,São Paulo,3550308,True,,1637,,,-23.5472225,-46.60696,,,,1,2023-06-20T11:57:10+00:00
SAO_573A-10,São Paulo,3550308,True,,1637,,,-23.607325000000003,-46.557968,,,,1,2023-06-20T11:56:50+00:00
SAO_5752-10,São Paulo,3550308,True,,1287,,,-23.690504999999998,-46.6484425,,,,1,2023-06-20T11:57:31+00:00
SAO_5752-10,São Paulo,3550308,True,,1287,,,-23.660808,-46.6641815,,,,1,2023-06-20T11:57:10+00:00
SAO_5752-10,São Paulo,3550308,True,,1287,,,-23.6357005,-46.6410195,,,,1,2023-06-20T11:57:21+00:00
SAO_5752-10,São Paulo,3550308,True,,1287,,,-23.676828,-46.65915525,,,,1,2023-06-20T11:57:29+00:00
SAO_5752-10,São Paulo,3550308,True,,1287,,,-23.6357005,-46.6410195,,,,1,2023-06-20T11:57:05+00:00
SAO_5752-10,São Paulo,3550308,True,,1287,,,-23.6472665,-46.6452565,,,,1,2023-06-20T11:57:28+00:00
SAO_5752-10,São Paulo,3550308,True,,1287,,,-23.683116124999998,-46.651041875,,,,1,2023-06-20T11:57:25+00:00
SAO_6099-10,São Paulo,3550308,True,,1587,,,-23.7644455,-46.7166115,,,,1,2023-06-20T11:57:39+00:00
SAO_6099-10,São Paulo,3550308,True,,1587,,,-23.736292,-46.696856499999996,,,,1,2023-06-20T11:57:24+00:00
SAO_6099-10,São Paulo,3550308,True,,1587,,,-23.854598375000002,-46.7574695,,,,1,2023-06-20T11:57:27+00:00
SAO_6099-10,São Paulo,3550308,True,,1587,,,-23.806641499999998,-46.736486,,,,1,2023-06-20T11:57:20+00:00
SAO_7055-10,São Paulo,3550308,True,,34656,,,-23.6786875,-46.77878275,,,,2,2023-06-20T11:56:57+00:00
SAO_7055-10,São Paulo,3550308,True,,34656,,,-23.692633,-46.791259999999994,,,,2,2023-06-20T11:57:10+00:00
SAO_7055-10,São Paulo,3550308,True,,34656,,,-23.636744,-46.7785425,,,,2,2023-06-20T11:57:04+00:00
SAO_7055-10,São Paulo,3550308,True,,34656,,,-23.6927545,-46.791292,,,,2,2023-06-20T11:57:39+00:00
SAO_7055-10,São Paulo,3550308,True,,34656,,,-23.6923765,-46.7911055,,,,2,2023-06-20T11:57:11+00:00
SAO_7055-10,São Paulo,3550308,True,,34656,,,-23.65279,-46.778128499999994,,,,2,2023-06-20T11:57:14+00:00
SAO_7055-10,São Paulo,3550308,True,,34656,,,-23.6923765,-46.7911055,,,,2,2023-06-20T11:57:32+00:00
SAO_3739-10,São Paulo,3550308,True,,1039,,,-23.611822,-46.416231499999995,,,,1,2023-06-20T11:57:17+00:00
SAO_3739-10,São Paulo,3550308,True,,1039,,,-23.56760675,-46.446714375000006,,,,1,2023-06-20T11:57:13+00:00
SAO_3739-10,São Paulo,3550308,True,,1039,,,-23.614348,-46.4146025,,,,1,2023-06-20T11:56:57+00:00
SAO_3739-10,São Paulo,3550308,True,,1039,,,-23.61895275,-46.413908250000006,,,,1,2023-06-20T11:57:23+00:00
SAO_3739-10,São Paulo,3550308,True,,1039,,,-23.594568000000002,-46.442451,,,,1,2023-06-20T11:57:28+00:00
SAO_3739-10,São Paulo,3550308,True,,1039,,,-23.5629695,-46.44609975,,,,1,2023-06-20T11:57:08+00:00
SAO_3739-10,São Paulo,3550308,True,,1039,,,-23.597969,-46.4343255,,,,1,2023-06-20T11:57:38+00:00
SAO_3739-10,São Paulo,3550308,True,,1039,,,-23.592284999999997,-46.444245,,,,1,2023-06-20T11:57:17+00:00
SAO_3739-10,São Paulo,3550308,True,,1039,,,-23.545378499999998,-46.467681,,,,1,2023-06-20T11:57:20+00:00
SAO_3739-10,São Paulo,3550308,True,,1039,,,-23.5563915,-46.4500565,,,,1,2023-06-20T11:57:19+00:00
SAO_3739-10,São Paulo,3550308,True,,1039,,,-23.542533499999998,-46.47067,,,,1,2023-06-20T11:57:14+00:00
SAO_3739-10,São Paulo,3550308,True,,1039,,,-23.5425685,-46.470890999999995,,,,1,2023-06-20T11:56:59+00:00
SAO_6010-10,São Paulo,3550308,True,,1202,,,-23.669559749999998,-46.765223750000004,,,,1,2023-06-20T11:57:09+00:00
SAO_6010-10,São Paulo,3550308,True,,1202,,,-23.6938785,-46.7945825,,,,1,2023-06-20T11:57:23+00:00
SAO_6010-10,São Paulo,3550308,True,,1202,,,-23.664942,-46.741381000000004,,,,1,2023-06-20T11:57:12+00:00
SAO_6010-10,São Paulo,3550308,True,,1202,,,-23.668568999999998,-46.7352145,,,,1,2023-06-20T11:57:30+00:00
SAO_6010-10,São Paulo,3550308,False,,1202,,,-23.6938785,-46.7945825,,,,1,2023-06-20T11:51:51+00:00
SAO_6010-10,São Paulo,3550308,True,,1202,,,-23.665154625,-46.753176499999995,,,,1,2023-06-20T11:57:37+00:00
SAO_6010-10,São Paulo,3550308,True,,1202,,,-23.6938785,-46.7945825,,,,1,2023-06-20T11:57:17+00:00
SAO_6010-10,São Paulo,3550308,True,,1202,,,-23.67491375,-46.788267250000004,,,,1,2023-06-20T11:57:07+00:00
SAO_6010-10,São Paulo,3550308,True,,1202,,,-23.686659249999998,-46.79546175,,,,1,2023-06-20T11:57:24+00:00
SAO_5013-31,São Paulo,3550308,True,,2236,,,-23.654280999999997,-46.70443349999999,,,,1,2023-06-20T11:56:57+00:00
SAO_5013-31,São Paulo,3550308,True,,2236,,,-23.681782,-46.6375545,,,,1,2023-06-20T11:57:02+00:00
SAO_5013-31,São Paulo,3550308,True,,2236,,,-23.658659,-46.69838,,,,1,2023-06-20T11:57:32+00:00
SAO_5013-31,São Paulo,3550308,True,,2236,,,-23.68072375,-46.65413975,,,,1,2023-06-20T11:56:11+00:00
SAO_307C-10,São Paulo,3550308,True,,34882,,,-23.494093,-46.420404250000004,,,,2,2023-06-20T11:57:34+00:00
SAO_307C-10,São Paulo,3550308,True,,34882,,,-23.491958,-46.44579875,,,,2,2023-06-20T11:57:29+00:00
SAO_307C-10,São Paulo,3550308,True,,34882,,,-23.51758025,-46.38544025,,,,2,2023-06-20T11:57:26+00:00
SAO_307C-10,São Paulo,3550308,True,,34882,,,-23.504168999999997,-46.379309,,,,2,2023-06-20T11:56:53+00:00
SAO_1177-10,São Paulo,3550308,True,,32897,,,-23.53022975,-46.58945325,,,,2,2023-06-20T11:57:16+00:00
SAO_1177-10,São Paulo,3550308,True,,32897,,,-23.5361185,-46.632417000000004,,,,2,2023-06-20T11:57:13+00:00
SAO_1177-10,São Paulo,3550308,True,,32897,,,-23.5361185,-46.632417000000004,,,,2,2023-06-20T11:57:18+00:00
SAO_1177-10,São Paulo,3550308,True,,32897,,,-23.5361185,-46.632417000000004,,,,2,2023-06-20T11:57:21+00:00
SAO_1177-10,São Paulo,3550308,True,,32897,,,-23.5361185,-46.632417000000004,,,,2,2023-06-20T11:57:33+00:00
SAO_273R-42,São Paulo,3550308,True,EMTU,228,https://moovitapp.com/index/pt-br/transporte_p%C3%BAblico-line-228-Sao_Paulo-242-2038937-36419345-0,5.8,-23.5281675,-46.448323,,,,1,2023-06-20T11:57:02+00:00
SAO_273R-42,São Paulo,3550308,True,EMTU,228,https://moovitapp.com/index/pt-br/transporte_p%C3%BAblico-line-228-Sao_Paulo-242-2038937-36419345-0,5.8,-23.521648,-46.412463,,,,1,2023-06-20T11:57:28+00:00
SAO_273R-42,São Paulo,3550308,True,EMTU,228,https://moovitapp.com/index/pt-br/transporte_p%C3%BAblico-line-228-Sao_Paulo-242-2038937-36419345-0,5.8,-23.521997499999998,-46.412527999999995,,,,1,2023-06-20T11:57:01+00:00
SAO_273R-42,São Paulo,3550308,True,EMTU,228,https://moovitapp.com/index/pt-br/transporte_p%C3%BAblico-line-228-Sao_Paulo-242-2038937-36419345-0,5.8,-23.5039995,-46.4313795,,,,1,2023-06-20T11:57:38+00:00
SAO_273R-42,São Paulo,3550308,True,EMTU,228,https://moovitapp.com/index/pt-br/transporte_p%C3%BAblico-line-228-Sao_Paulo-242-2038937-36419345-0,5.8,-23.5306255,-46.4528485,,,,1,2023-06-20T11:57:26+00:00
SAO_8610-10,São Paulo,3550308,True,,2063,,,-23.586109999999998,-46.7475015,,,,1,2023-06-20T11:56:59+00:00
SAO_8610-10,São Paulo,3550308,True,,2063,,,-23.59234025,-46.79025299999999,,,,1,2023-06-20T11:57:28+00:00
SAO_8610-10,São Paulo,3550308,True,,2063,,,-23.567543,-46.693689500000005,,,,1,2023-06-20T11:57:23+00:00
SAO_8610-10,São Paulo,3550308,True,,2063,,,-23.5648935,-46.6570955,,,,1,2023-06-20T11:56:57+00:00
SAO_6035-21,São Paulo,3550308,True,,1795,,,-23.718161000000002,-46.768274000000005,,,,1,2023-06-20T11:57:12+00:00
SAO_6035-21,São Paulo,3550308,True,,1795,,,-23.688672000000004,-46.75831825,,,,1,2023-06-20T11:57:25+00:00
SAO_6035-21,São Paulo,3550308,True,,1795,,,-23.70934275,-46.770702625,,,,1,2023-06-20T11:57:31+00:00
SAO_6035-21,São Paulo,3550308,True,,1795,,,-23.6855715,-46.7370595,,,,1,2023-06-20T11:57:32+00:00
SAO_5144-10,São Paulo,3550308,True,,34395,,,-23.53339425,-46.628832,,,,2,2023-06-20T11:57:30+00:00
SAO_609F-10,São Paulo,3550308,True,,32805,,,-23.586142000000002,-46.693146999999996,,,,2,2023-06-20T11:57:14+00:00
SAO_609F-10,São Paulo,3550308,True,,32805,,,-23.537076999999996,-46.642129749999995,,,,2,2023-06-20T11:57:20+00:00
SAO_172J-10,São Paulo,3550308,True,,33624,,,-23.4795485,-46.5688175,,,,2,2023-06-20T11:57:32+00:00
SAO_172J-10,São Paulo,3550308,True,,33624,,,-23.479367500000002,-46.568922,,,,2,2023-06-20T11:57:20+00:00
SAO_172J-10,São Paulo,3550308,True,,33624,,,-23.508024,-46.580365,,,,2,2023-06-20T11:57:27+00:00
SAO_172J-10,São Paulo,3550308,True,,33624,,,-23.5310095,-46.5791175,,,,2,2023-06-20T11:57:15+00:00
SAO_172J-10,São Paulo,3550308,True,,33624,,,-23.479189750000003,-46.56941425,,,,2,2023-06-20T11:57:08+00:00
SAO_172J-10,São Paulo,3550308,True,,33624,,,-23.527355,-46.585406750000004,,,,2,2023-06-20T11:57:29+00:00
SAO_6823-10,São Paulo,3550308,True,,34,,,-23.656841999999997,-46.763562,,,,1,2023-06-20T11:57:05+00:00
SAO_1896-10,São Paulo,3550308,True,,2520,,,-23.4539875,-46.752594,,,,1,2023-06-20T11:57:00+00:00
SAO_1896-10,São Paulo,3550308,True,,2520,,,-23.525014749999997,-46.6859635,,,,1,2023-06-20T11:57:11+00:00
SAO_1896-10,São Paulo,3550308,True,,2520,,,-23.513650249999998,-46.726354,,,,1,2023-06-20T11:57:22+00:00
SAO_1896-10,São Paulo,3550308,True,,2520,,,-23.547871999999998,-46.642169499999994,,,,1,2023-06-20T11:57:16+00:00
SAO_1896-10,São Paulo,3550308,True,,2520,,,-23.47237925,-46.74238774999999,,,,1,2023-06-20T11:57:29+00:00
SAO_5759-31,São Paulo,3550308,True,,33907,,,-23.6539025,-46.6669,,,,2,2023-06-20T11:56:58+00:00
SAO_5759-31,São Paulo,3550308,True,,33907,,,-23.634568,-46.6410685,,,,2,2023-06-20T11:57:22+00:00
SAO_5759-31,São Paulo,3550308,True,,33907,,,-23.6851385,-46.646654999999996,,,,2,2023-06-20T11:57:03+00:00
SAO_8012-10,São Paulo,3550308,True,,34791,,,-23.55289975,-46.72857725,,,,2,2023-06-20T11:57:28+00:00
SAO_8012-10,São Paulo,3550308,True,,34791,,,-23.571876500000002,-46.7088805,,,,2,2023-06-20T11:57:22+00:00
SAO_8012-10,São Paulo,3550308,True,,34791,,,-23.571924000000003,-46.7087345,,,,2,2023-06-20T11:57:26+00:00
SAO_8012-10,São Paulo,3550308,True,,34791,,,-23.568485000000003,-46.73146,,,,2,2023-06-20T11:57:28+00:00
SAO_1177-10,São Paulo,3550308,True,,129,,,-23.518318999999998,-46.4758545,,,,1,2023-06-20T11:57:13+00:00
SAO_1177-10,São Paulo,3550308,True,,129,,,-23.518318999999998,-46.4758545,,,,1,2023-06-20T11:57:34+00:00
SAO_1177-10,São Paulo,3550308,True,,129,,,-23.5181525,-46.6296665,,,,1,2023-06-20T11:57:08+00:00
SAO_1177-10,São Paulo,3550308,True,,129,,,-23.529316,-46.553309,,,,1,2023-06-20T11:57:16+00:00
SAO_5011-10,São Paulo,3550308,True,,33883,,,-23.654356,-46.704178,,,,2,2023-06-20T11:57:32+00:00
SAO_5011-10,São Paulo,3550308,True,,33883,,,-23.7103285,-46.62034,,,,2,2023-06-20T11:57:22+00:00
SAO_5011-10,São Paulo,3550308,True,,33883,,,-23.69221,-46.66165,,,,2,2023-06-20T11:57:22+00:00
SAO_5011-10,São Paulo,3550308,True,,33883,,,-23.710393,-46.62002425,,,,2,2023-06-20T11:57:31+00:00
SAO_5011-10,São Paulo,3550308,True,,33883,,,-23.7103285,-46.62034,,,,2,2023-06-20T11:57:06+00:00
SAO_6L11-10,São Paulo,3550308,True,,1167,,,-23.7596105,-46.657914,,,,1,2023-06-20T11:57:27+00:00
SAO_6L11-10,São Paulo,3550308,True,,1167,,,-23.762444000000002,-46.655004000000005,,,,1,2023-06-20T11:57:17+00:00
SAO_6L11-10,São Paulo,3550308,True,,1167,,,-23.73643225,-46.69632274999999,,,,1,2023-06-20T11:57:05+00:00
SAO_775F-31,São Paulo,3550308,True,,2488,,,-23.628231999999997,-46.744012,,,,1,2023-06-20T11:57:28+00:00
SAO_775F-31,São Paulo,3550308,True,,2488,,,-23.6154675,-46.7315305,,,,1,2023-06-20T11:57:11+00:00
SAO_775F-31,São Paulo,3550308,True,,2488,,,-23.6254505,-46.7479555,,,,1,2023-06-20T11:57:15+00:00
SAO_2105-10,São Paulo,3550308,True,,2247,,,-23.5414295,-46.616839,,,,1,2023-06-20T11:57:00+00:00
SAO_2105-10,São Paulo,3550308,True,,2247,,,-23.52362875,-46.62549275,,,,1,2023-06-20T11:57:02+00:00
SAO_2105-10,São Paulo,3550308,True,,2247,,,-23.4425235,-46.5765995,,,,1,2023-06-20T11:57:36+00:00
SAO_2105-10,São Paulo,3550308,True,,2247,,,-23.4882275,-46.624149,,,,1,2023-06-20T11:55:11+00:00
SAO_2105-10,São Paulo,3550308,True,,2247,,,-23.462693,-46.603227000000004,,,,1,2023-06-20T11:57:16+00:00
SAO_273G-10,São Paulo,3550308,True,EMTU,223,https://moovitapp.com/index/pt-br/transporte_p%C3%BAblico-line-223-Sao_Paulo-242-2038937-36419342-0,5.2,-23.498051,-46.4632175,,,,1,2023-06-20T11:57:18+00:00
SAO_273G-10,São Paulo,3550308,True,EMTU,223,https://moovitapp.com/index/pt-br/transporte_p%C3%BAblico-line-223-Sao_Paulo-242-2038937-36419342-0,5.2,-23.47504,-46.424555999999995,,,,1,2023-06-20T11:57:38+00:00
SAO_273G-10,São Paulo,3550308,True,EMTU,223,https://moovitapp.com/index/pt-br/transporte_p%C3%BAblico-line-223-Sao_Paulo-242-2038937-36419342-0,5.2,-23.509484,-46.477599875,,,,1,2023-06-20T11:57:29+00:00
SAO_273G-10,São Paulo,3550308,True,EMTU,223,https://moovitapp.com/index/pt-br/transporte_p%C3%BAblico-line-223-Sao_Paulo-242-2038937-36419342-0,5.2,-23.5295745,-46.47408475,,,,1,2023-06-20T11:57:05+00:00
SAO_273G-10,São Paulo,3550308,True,EMTU,223,https://moovitapp.com/index/pt-br/transporte_p%C3%BAblico-line-223-Sao_Paulo-242-2038937-36419342-0,5.2,-23.509484,-46.477599875,,,,1,2023-06-20T11:57:12+00:00
SAO_273G-10,São Paulo,3550308,True,EMTU,223,https://moovitapp.com/index/pt-br/transporte_p%C3%BAblico-line-223-Sao_Paulo-242-2038937-36419342-0,5.2,-23.49074,-46.4397435,,,,1,2023-06-20T11:57:04+00:00
SAO_5038-10,São Paulo,3550308,True,,34429,,,-23.6529625,-46.6014865,,,,2,2023-06-20T11:57:33+00:00
SAO_5038-10,São Paulo,3550308,True,,34429,,,-23.65388825,-46.61144,,,,2,2023-06-20T11:57:19+00:00
SAO_5038-10,São Paulo,3550308,True,,34429,,,-23.602812,-46.60224,,,,2,2023-06-20T11:57:03+00:00
SAO_5038-10,São Paulo,3550308,True,,34429,,,-23.65478775,-46.602758249999994,,,,2,2023-06-20T11:57:15+00:00
SAO_5038-10,São Paulo,3550308,True,,34429,,,-23.629247,-46.60199475,,,,2,2023-06-20T11:57:20+00:00
SAO_5038-10,São Paulo,3550308,True,,34429,,,-23.650326,-46.614008999999996,,,,2,2023-06-20T11:57:05+00:00
SAO_5038-10,São Paulo,3550308,True,,34429,,,-23.606699499999998,-46.599258000000006,,,,2,2023-06-20T11:57:16+00:00
SAO_5038-10,São Paulo,3550308,True,,34429,,,-23.6530245,-46.602299,,,,2,2023-06-20T11:57:01+00:00
SAO_3729-10,São Paulo,3550308,True,,1026,,,-23.570067499999997,-46.508777375,,,,1,2023-06-20T11:57:15+00:00
SAO_3729-10,São Paulo,3550308,True,,1026,,,-23.583973,-46.5332455,,,,1,2023-06-20T11:57:20+00:00
SAO_3729-10,São Paulo,3550308,True,,1026,,,-23.56731025,-46.5428275,,,,1,2023-06-20T11:56:56+00:00
SAO_3729-10,São Paulo,3550308,True,,1026,,,-23.538655499999997,-46.564793,,,,1,2023-06-20T11:56:59+00:00
SAO_3729-10,São Paulo,3550308,True,,1026,,,-23.564021500000003,-46.5052175,,,,1,2023-06-20T11:57:33+00:00
SAO_3729-10,São Paulo,3550308,True,,1026,,,-23.538457,-46.5637265,,,,1,2023-06-20T11:57:04+00:00
SAO_3729-10,São Paulo,3550308,True,,1026,,,-23.582959000000002,-46.519071749999995,,,,1,2023-06-20T11:55:35+00:00
SAO_7059-10,São Paulo,3550308,True,,34692,,,-23.658301,-46.7819395,,,,2,2023-06-20T11:57:25+00:00
SAO_7059-10,São Paulo,3550308,True,,34692,,,-23.658293999999998,-46.7752675,,,,2,2023-06-20T11:57:02+00:00
SAO_3686-10,São Paulo,3550308,True,EMTU,166,https://moovitapp.com/index/pt-br/transporte_p%C3%BAblico-line-166-Sao_Paulo-242-2038937-36419307-0,7.8,-23.5392785,-46.48298200000001,,,,1,2023-06-20T11:57:33+00:00
SAO_3686-10,São Paulo,3550308,True,EMTU,166,https://moovitapp.com/index/pt-br/transporte_p%C3%BAblico-line-166-Sao_Paulo-242-2038937-36419307-0,7.8,-23.536134625000003,-46.427873375000004,,,,1,2023-06-20T11:57:24+00:00
SAO_3686-10,São Paulo,3550308,True,EMTU,166,https://moovitapp.com/index/pt-br/transporte_p%C3%BAblico-line-166-Sao_Paulo-242-2038937-36419307-0,7.8,-23.55744825,-46.39982725,,,,1,2023-06-20T11:57:16+00:00
SAO_3686-10,São Paulo,3550308,True,EMTU,166,https://moovitapp.com/index/pt-br/transporte_p%C3%BAblico-line-166-Sao_Paulo-242-2038937-36419307-0,7.8,-23.5336985,-46.541748999999996,,,,1,2023-06-20T11:57:22+00:00
SAO_3686-10,São Paulo,3550308,True,EMTU,166,https://moovitapp.com/index/pt-br/transporte_p%C3%BAblico-line-166-Sao_Paulo-242-2038937-36419307-0,7.8,-23.5488585,-46.6043695,,,,1,2023-06-20T11:57:21+00:00
SAO_857P-10,São Paulo,3550308,True,,1926,,,-23.582939500000002,-46.7141125,,,,1,2023-06-20T11:57:32+00:00
SAO_857P-10,São Paulo,3550308,True,,1926,,,-23.5644695,-46.678151,,,,1,2023-06-20T11:57:15+00:00
SAO_857P-10,São Paulo,3550308,True,,1926,,,-23.57616375,-46.643564749999996,,,,1,2023-06-20T11:57:38+00:00
SAO_857P-10,São Paulo,3550308,True,,1926,,,-23.571202,-46.691386,,,,1,2023-06-20T11:57:36+00:00
SAO_857P-10,São Paulo,3550308,True,,1926,,,-23.575855,-46.6431915,,,,1,2023-06-20T11:57:25+00:00
SAO_857P-10,São Paulo,3550308,True,,1926,,,-23.6069925,-46.750366,,,,1,2023-06-20T11:57:02+00:00
SAO_857P-10,São Paulo,3550308,True,,1926,,,-23.62714275,-46.766670250000004,,,,1,2023-06-20T11:57:29+00:00
SAO_857P-10,São Paulo,3550308,True,,1926,,,-23.622123000000002,-46.758715,,,,1,2023-06-20T11:56:55+00:00
SAO_695X-10,São Paulo,3550308,True,,1441,,,-23.6739695,-46.677918,,,,1,2023-06-20T11:57:15+00:00
SAO_695X-10,São Paulo,3550308,True,,1441,,,-23.71159725,-46.699049,,,,1,2023-06-20T11:57:21+00:00
SAO_695X-10,São Paulo,3550308,True,,1441,,,-23.767062,-46.7161295,,,,1,2023-06-20T11:57:23+00:00
SAO_695X-10,São Paulo,3550308,True,,1441,,,-23.644764000000002,-46.642326999999995,,,,1,2023-06-20T11:57:32+00:00
SAO_695X-10,São Paulo,3550308,True,,1441,,,-23.64963,-46.66207300000001,,,,1,2023-06-20T11:57:26+00:00
SAO_695X-10,São Paulo,3550308,True,,1441,,,-23.698259999999998,-46.700607500000004,,,,1,2023-06-20T11:57:19+00:00
SAO_695X-10,São Paulo,3550308,True,,1441,,,-23.7392235,-46.7012775,,,,1,2023-06-20T11:57:04+00:00
SAO_695X-10,São Paulo,3550308,True,,1441,,,-23.75454225,-46.711981,,,,1,2023-06-20T11:57:31+00:00
SAO_695X-10,São Paulo,3550308,True,,1441,,,-23.644662124999996,-46.641911375,,,,1,2023-06-20T11:57:33+00:00
SAO_695X-10,São Paulo,3550308,True,,1441,,,-23.640059625,-46.668437874999995,,,,1,2023-06-20T11:57:18+00:00
SAO_695X-10,São Paulo,3550308,True,,1441,,,-23.732001,-46.6976735,,,,1,2023-06-20T11:57:05+00:00
SAO_208V-10,São Paulo,3550308,True,,32975,,,-23.515611,-46.5204235,,,,2,2023-06-20T11:56:58+00:00
SAO_208V-10,São Paulo,3550308,True,,32975,,,-23.5476865,-46.6292585,,,,2,2023-06-20T11:57:07+00:00
SAO_208V-10,São Paulo,3550308,True,,32975,,,-23.5476865,-46.6292585,,,,2,2023-06-20T11:57:20+00:00
SAO_208V-10,São Paulo,3550308,True,,32975,,,-23.518861,-46.475532,,,,2,2023-06-20T11:57:18+00:00
SAO_208V-10,São Paulo,3550308,True,,32975,,,-23.522916624999997,-46.542014875,,,,2,2023-06-20T11:57:09+00:00
SAO_208V-10,São Paulo,3550308,True,,32975,,,-23.5476865,-46.6292585,,,,2,2023-06-20T11:57:29+00:00
SAO_208V-10,São Paulo,3550308,True,,32975,,,-23.5173865,-46.47583825,,,,2,2023-06-20T11:57:23+00:00
SAO_7022-10,São Paulo,3550308,True,,34852,,,-23.666391750000003,-46.719602374999994,,,,2,2023-06-20T11:57:01+00:00
SAO_7022-10,São Paulo,3550308,True,,34852,,,-23.6813715,-46.7743605,,,,2,2023-06-20T11:57:28+00:00
SAO_7022-10,São Paulo,3550308,True,,34852,,,-23.669746,-46.73697725,,,,2,2023-06-20T11:57:11+00:00
SAO_6012-10,São Paulo,3550308,True,,1204,,,-23.692511000000003,-46.7778525,,,,1,2023-06-20T11:57:18+00:00
SAO_6012-10,São Paulo,3550308,True,,1204,,,-23.689033000000002,-46.787152500000005,,,,1,2023-06-20T11:57:16+00:00
SAO_6012-10,São Paulo,3550308,True,,1204,,,-23.6858575,-46.7702995,,,,1,2023-06-20T11:57:12+00:00
SAO_6012-10,São Paulo,3550308,True,,1204,,,-23.67594,-46.753428,,,,1,2023-06-20T11:57:14+00:00
SAO_2772-10,São Paulo,3550308,True,,33166,,,-23.522565,-46.52470700000001,,,,2,2023-06-20T11:57:34+00:00
SAO_2772-10,São Paulo,3550308,True,,33166,,,-23.494543999999998,-46.438418999999996,,,,2,2023-06-20T11:56:56+00:00
SAO_1788-10,São Paulo,3550308,True,,653,,,-23.438648,-46.58637,,,,1,2023-06-20T11:57:37+00:00
SAO_1788-10,São Paulo,3550308,True,,653,,,-23.46223225,-46.60303975,,,,1,2023-06-20T11:56:55+00:00
SAO_1788-10,São Paulo,3550308,True,,653,,,-23.500051749999997,-46.61755875,,,,1,2023-06-20T11:54:28+00:00
SAO_1788-10,São Paulo,3550308,True,,653,,,-23.431143,-46.5746965,,,,1,2023-06-20T11:57:29+00:00
SAO_546L-10,São Paulo,3550308,True,,1285,,,-23.6556615,-46.7185075,,,,1,2023-06-20T11:57:14+00:00
SAO_546L-10,São Paulo,3550308,True,,1285,,,-23.673778,-46.664724,,,,1,2023-06-20T11:56:58+00:00
SAO_546L-10,São Paulo,3550308,True,,1285,,,-23.68001075,-46.687002500000006,,,,1,2023-06-20T11:57:32+00:00
SAO_546L-10,São Paulo,3550308,True,,1285,,,-23.654266,-46.711191,,,,1,2023-06-20T11:57:12+00:00
SAO_546L-10,São Paulo,3550308,True,,1285,,,-23.682413500000003,-46.63824150000001,,,,1,2023-06-20T11:57:37+00:00
SAO_8545-10,São Paulo,3550308,True,,34132,,,-23.478555,-46.682698,,,,2,2023-06-20T11:57:11+00:00
SAO_8545-10,São Paulo,3550308,True,,34132,,,-23.465514,-46.694796499999995,,,,2,2023-06-20T11:57:25+00:00
SAO_1775-10,São Paulo,3550308,True,,33406,,,-23.447527,-46.608493499999994,,,,2,2023-06-20T11:56:58+00:00
SAO_1775-10,São Paulo,3550308,True,,33406,,,-23.447253500000002,-46.609464,,,,2,2023-06-20T11:57:07+00:00
SAO_2755-10,São Paulo,3550308,True,,33001,,,-23.540091,-46.394296499999996,,,,2,2023-06-20T11:57:29+00:00
SAO_2755-10,São Paulo,3550308,True,,33001,,,-23.539911,-46.394,,,,2,2023-06-20T11:57:05+00:00
SAO_2755-10,São Paulo,3550308,True,,33001,,,-23.523171750000003,-46.544194250000004,,,,2,2023-06-20T11:57:30+00:00
SAO_2755-10,São Paulo,3550308,True,,33001,,,-23.5126815,-46.4330135,,,,2,2023-06-20T11:57:34+00:00
SAO_2755-10,São Paulo,3550308,True,,33001,,,-23.523394500000002,-46.4182955,,,,2,2023-06-20T11:57:26+00:00
SAO_2755-10,São Paulo,3550308,True,,33001,,,-23.5141315,-46.494226,,,,2,2023-06-20T11:55:36+00:00
SAO_607C-10,São Paulo,3550308,True,,34745,,,-23.689011999999998,-46.6349485,,,,2,2023-06-20T11:57:17+00:00
SAO_607C-10,São Paulo,3550308,True,,34745,,,-23.5897885,-46.6880525,,,,2,2023-06-20T11:56:59+00:00
SAO_607C-10,São Paulo,3550308,True,,34745,,,-23.626025,-46.6881675,,,,2,2023-06-20T11:57:02+00:00
SAO_607C-10,São Paulo,3550308,True,,34745,,,-23.630537,-46.683907000000005,,,,2,2023-06-20T11:57:11+00:00
SAO_607C-10,São Paulo,3550308,True,,34745,,,-23.6893455,-46.635084,,,,2,2023-06-20T11:57:33+00:00
SAO_607C-10,São Paulo,3550308,True,,34745,,,-23.666135125,-46.656549625,,,,2,2023-06-20T11:57:05+00:00
SAO_607C-10,São Paulo,3550308,True,,34745,,,-23.6886455,-46.634836500000006,,,,2,2023-06-20T11:57:33+00:00
SAO_607C-10,São Paulo,3550308,True,,34745,,,-23.59418675,-46.68991275,,,,2,2023-06-20T11:57:22+00:00
SAO_5362-21,São Paulo,3550308,True,,71,,,-23.61670775,-46.67445225,,,,1,2023-06-20T11:57:36+00:00
SAO_5362-21,São Paulo,3550308,True,,71,,,-23.75324375,-46.685306,,,,1,2023-06-20T11:57:07+00:00
SAO_5362-21,São Paulo,3550308,True,,71,,,-23.676607,-46.712347124999994,,,,1,2023-06-20T11:57:07+00:00
SAO_4210-10,São Paulo,3550308,True,,34938,,,-23.594739,-46.4462135,,,,2,2023-06-20T11:57:29+00:00
SAO_4210-10,São Paulo,3550308,True,,34938,,,-23.583026,-46.408417,,,,2,2023-06-20T11:57:27+00:00
SAO_4210-10,São Paulo,3550308,True,,34938,,,-23.583026,-46.408417,,,,2,2023-06-20T11:57:31+00:00
SAO_4210-10,São Paulo,3550308,True,,34938,,,-23.542585000000003,-46.6159675,,,,2,2023-06-20T11:57:09+00:00
SAO_4210-10,São Paulo,3550308,True,,34938,,,-23.5350455,-46.577882,,,,2,2023-06-20T11:57:11+00:00
SAO_4210-10,São Paulo,3550308,True,,34938,,,-23.548361999999997,-46.525793,,,,2,2023-06-20T11:57:02+00:00
SAO_4210-10,São Paulo,3550308,True,,34938,,,-23.547472,-46.5270395,,,,2,2023-06-20T11:57:19+00:00
SAO_1018-10,São Paulo,3550308,True,,832,,,-23.459727,-46.6207115,,,,1,2023-06-20T11:57:18+00:00
SAO_1018-10,São Paulo,3550308,True,,832,,,-23.495586,-46.6240705,,,,1,2023-06-20T11:53:47+00:00
SAO_3736-10,São Paulo,3550308,True,,1036,,,-23.572292,-46.480837,,,,1,2023-06-20T11:57:21+00:00
SAO_3736-10,São Paulo,3550308,True,,1036,,,-23.557758,-46.475693625,,,,1,2023-06-20T11:57:17+00:00
SAO_3736-10,São Paulo,3550308,True,,1036,,,-23.5774955,-46.483514,,,,1,2023-06-20T11:57:15+00:00
SAO_3736-10,São Paulo,3550308,True,,1036,,,-23.5417935,-46.4841375,,,,1,2023-06-20T11:57:36+00:00
SAO_3736-10,São Paulo,3550308,True,,1036,,,-23.575533,-46.4834125,,,,1,2023-06-20T11:57:12+00:00
SAO_3736-10,São Paulo,3550308,True,,1036,,,-23.542556,-46.48409475,,,,1,2023-06-20T11:57:19+00:00
SAO_3736-10,São Paulo,3550308,True,,1036,,,-23.5421635,-46.4837615,,,,1,2023-06-20T11:57:22+00:00
SAO_3736-10,São Paulo,3550308,True,,1036,,,-23.5439335,-46.4861795,,,,1,2023-06-20T11:57:08+00:00
SAO_3736-10,São Paulo,3550308,True,,1036,,,-23.575533,-46.4834125,,,,1,2023-06-20T11:57:28+00:00
SAO_3736-10,São Paulo,3550308,True,,1036,,,-23.558390625,-46.475261875,,,,1,2023-06-20T11:57:23+00:00
SAO_5141-10,São Paulo,3550308,True,,1625,,,-23.54910175,-46.581420249999994,,,,1,2023-06-20T11:57:08+00:00
SAO_5141-10,São Paulo,3550308,True,,1625,,,-23.581571,-46.537098,,,,1,2023-06-20T11:57:17+00:00
SAO_5141-10,São Paulo,3550308,True,,1625,,,-23.54115375,-46.63517375,,,,1,2023-06-20T11:57:01+00:00
SAO_3414-10,São Paulo,3550308,True,,746,,,-23.5461345,-46.630341,,,,1,2023-06-20T11:57:13+00:00
SAO_3414-10,São Paulo,3550308,True,,746,,,-23.5515695,-46.624459,,,,1,2023-06-20T11:57:38+00:00
SAO_3414-10,São Paulo,3550308,True,,746,,,-23.533854625,-46.543023125,,,,1,2023-06-20T11:57:26+00:00
SAO_6805-10,São Paulo,3550308,True,,32799,,,-23.6475725,-46.731282750000005,,,,2,2023-06-20T11:57:14+00:00
SAO_6805-10,São Paulo,3550308,True,,32799,,,-23.654369000000003,-46.762426500000004,,,,2,2023-06-20T11:57:34+00:00
SAO_6051-10,São Paulo,3550308,True,,33911,,,-23.7628215,-46.688933500000005,,,,2,2023-06-20T11:57:31+00:00
SAO_6051-10,São Paulo,3550308,True,,33911,,,-23.7621455,-46.689133,,,,2,2023-06-20T11:57:38+00:00
SAO_6051-10,São Paulo,3550308,True,,33911,,,-23.7621455,-46.689133,,,,2,2023-06-20T11:57:15+00:00
SAO_846M-10,São Paulo,3550308,True,,33190,,,-23.50283475,-46.760608500000004,,,,2,2023-06-20T11:57:03+00:00
SAO_846M-10,São Paulo,3550308,True,,33190,,,-23.546547500000003,-46.692297999999994,,,,2,2023-06-20T11:56:53+00:00
SAO_846M-10,São Paulo,3550308,True,,33190,,,-23.531752,-46.7171865,,,,2,2023-06-20T11:57:06+00:00
SAO_1178-31,São Paulo,3550308,True,,1812,,,-23.500252,-46.519978,,,,1,2023-06-20T11:56:59+00:00
SAO_1178-31,São Paulo,3550308,True,,1812,,,-23.518277,-46.628647,,,,1,2023-06-20T11:57:09+00:00
SAO_1178-31,São Paulo,3550308,True,,1812,,,-23.5181245,-46.5462095,,,,1,2023-06-20T11:57:13+00:00
SAO_1178-31,São Paulo,3550308,True,,1812,,,-23.493909000000002,-46.4396455,,,,1,2023-06-20T11:56:53+00:00
SAO_1178-31,São Paulo,3550308,True,,1812,,,-23.48859025,-46.4646535,,,,1,2023-06-20T11:55:40+00:00
SAO_1178-31,São Paulo,3550308,True,,1812,,,-23.5218575,-46.558906,,,,1,2023-06-20T11:57:03+00:00
SAO_8055-51,São Paulo,3550308,True,EMTU,417,https://moovitapp.com/index/pt-br/transporte_p%C3%BAblico-line-417-Sao_Paulo-242-2038937-36419474-0,5.2,-23.406466875,-46.773765375,,,,1,2023-06-20T11:56:38+00:00
SAO_8055-51,São Paulo,3550308,True,EMTU,417,https://moovitapp.com/index/pt-br/transporte_p%C3%BAblico-line-417-Sao_Paulo-242-2038937-36419474-0,5.2,-23.50917175,-46.732237749999996,,,,1,2023-06-20T11:56:33+00:00
SAO_8055-51,São Paulo,3550308,True,EMTU,417,https://moovitapp.com/index/pt-br/transporte_p%C3%BAblico-line-417-Sao_Paulo-242-2038937-36419474-0,5.2,-23.410922,-46.737444499999995,,,,1,2023-06-20T11:57:20+00:00
SAO_8055-51,São Paulo,3550308,True,EMTU,417,https://moovitapp.com/index/pt-br/transporte_p%C3%BAblico-line-417-Sao_Paulo-242-2038937-36419474-0,5.2,-23.463672499999998,-46.779167125,,,,1,2023-06-20T11:57:36+00:00
SAO_8055-51,São Paulo,3550308,True,EMTU,417,https://moovitapp.com/index/pt-br/transporte_p%C3%BAblico-line-417-Sao_Paulo-242-2038937-36419474-0,5.2,-23.4044015,-46.7525905,,,,1,2023-06-20T11:57:21+00:00
SAO_8055-51,São Paulo,3550308,True,EMTU,417,https://moovitapp.com/index/pt-br/transporte_p%C3%BAblico-line-417-Sao_Paulo-242-2038937-36419474-0,5.2,-23.516848250000002,-46.7258985,,,,1,2023-06-20T11:57:23+00:00
SAO_364A-10,São Paulo,3550308,True,,34014,,,-23.599044999999997,-46.51604625,,,,2,2023-06-20T11:57:23+00:00
SAO_364A-10,São Paulo,3550308,True,,34014,,,-23.5633995,-46.5007685,,,,2,2023-06-20T11:57:32+00:00
SAO_364A-10,São Paulo,3550308,True,,34014,,,-23.5825943125,-46.5881588125,,,,2,2023-06-20T11:57:19+00:00
SAO_364A-10,São Paulo,3550308,True,,34014,,,-23.5650335,-46.50717,,,,2,2023-06-20T11:57:22+00:00
SAO_364A-10,São Paulo,3550308,True,,34014,,,-23.581422500000002,-46.563668,,,,2,2023-06-20T11:57:08+00:00
SAO_364A-10,São Paulo,3550308,True,,34014,,,-23.5980525,-46.506682999999995,,,,2,2023-06-20T11:57:29+00:00
SAO_364A-10,São Paulo,3550308,True,,34014,,,-23.585860500000003,-46.500091499999996,,,,2,2023-06-20T11:57:37+00:00
SAO_364A-10,São Paulo,3550308,True,,34014,,,-23.574832,-46.50474925,,,,2,2023-06-20T11:56:56+00:00
SAO_364A-10,São Paulo,3550308,True,,34014,,,-23.6040535,-46.503836,,,,2,2023-06-20T11:57:25+00:00
SAO_364A-10,São Paulo,3550308,True,,34014,,,-23.5847285,-46.611627500000004,,,,2,2023-06-20T11:57:38+00:00
SAO_364A-10,São Paulo,3550308,True,,34014,,,-23.5847285,-46.611627500000004,,,,2,2023-06-20T11:57:03+00:00
SAO_364A-10,São Paulo,3550308,True,,34014,,,-23.604737,-46.5034865,,,,2,2023-06-20T11:57:05+00:00
SAO_695D-10,São Paulo,3550308,True,EMTU,114,https://moovitapp.com/index/pt-br/transporte_p%C3%BAblico-line-114-Sao_Paulo-242-2038937-36419274-0,6.4,-23.723862,-46.6914355,,,,1,2023-06-20T11:57:28+00:00
SAO_695D-10,São Paulo,3550308,True,EMTU,114,https://moovitapp.com/index/pt-br/transporte_p%C3%BAblico-line-114-Sao_Paulo-242-2038937-36419274-0,6.4,-23.7329935,-46.676147,,,,1,2023-06-20T11:57:14+00:00
SAO_695D-10,São Paulo,3550308,True,EMTU,114,https://moovitapp.com/index/pt-br/transporte_p%C3%BAblico-line-114-Sao_Paulo-242-2038937-36419274-0,6.4,-23.659582999999998,-46.677249375,,,,1,2023-06-20T11:56:58+00:00
SAO_695D-10,São Paulo,3550308,True,EMTU,114,https://moovitapp.com/index/pt-br/transporte_p%C3%BAblico-line-114-Sao_Paulo-242-2038937-36419274-0,6.4,-23.737042000000002,-46.684761,,,,1,2023-06-20T11:57:36+00:00
SAO_695D-10,São Paulo,3550308,True,EMTU,114,https://moovitapp.com/index/pt-br/transporte_p%C3%BAblico-line-114-Sao_Paulo-242-2038937-36419274-0,6.4,-23.677901249999998,-46.683391875,,,,1,2023-06-20T11:57:29+00:00
SAO_695D-10,São Paulo,3550308,True,EMTU,114,https://moovitapp.com/index/pt-br/transporte_p%C3%BAblico-line-114-Sao_Paulo-242-2038937-36419274-0,6.4,-23.6466115,-46.6388855,,,,1,2023-06-20T11:57:06+00:00
SAO_6091-10,São Paulo,3550308,True,,1175,,,-23.65552175,-46.7066925,,,,1,2023-06-20T11:56:54+00:00
SAO_6091-10,São Paulo,3550308,True,,1175,,,-23.772271,-46.7196945,,,,1,2023-06-20T11:57:32+00:00
SAO_6091-10,São Paulo,3550308,True,,1175,,,-23.803991,-46.7351265,,,,1,2023-06-20T11:57:10+00:00
SAO_6091-10,São Paulo,3550308,True,,1175,,,-23.719488,-46.698268999999996,,,,1,2023-06-20T11:57:20+00:00
SAO_6091-10,São Paulo,3550308,True,,1175,,,-23.751121,-46.7105075,,,,1,2023-06-20T11:56:58+00:00
SAO_6091-10,São Paulo,3550308,True,,1175,,,-23.839907,-46.719475,,,,1,2023-06-20T11:57:13+00:00
SAO_6091-10,São Paulo,3550308,True,,1175,,,-23.8390405,-46.7196755,,,,1,2023-06-20T11:57:01+00:00
SAO_6091-10,São Paulo,3550308,True,,1175,,,-23.683457,-46.692682500000004,,,,1,2023-06-20T11:57:09+00:00
SAO_971V-10,São Paulo,3550308,True,,33387,,,-23.451717000000002,-46.6916545,,,,2,2023-06-20T11:57:34+00:00
SAO_971V-10,São Paulo,3550308,True,,33387,,,-23.492009,-46.6724375,,,,2,2023-06-20T11:57:17+00:00
SAO_971V-10,São Paulo,3550308,True,,33387,,,-23.500714000000002,-46.624559500000004,,,,2,2023-06-20T11:57:17+00:00
SAO_2020-10,São Paulo,3550308,True,,35030,,,-23.4593665,-46.632753,,,,2,2023-06-20T11:57:32+00:00
SAO_3735-21,São Paulo,3550308,True,,34473,,,-23.540658999999998,-46.4851245,,,,2,2023-06-20T11:57:03+00:00
SAO_3735-21,São Paulo,3550308,True,,34473,,,-23.5463575,-46.493486000000004,,,,2,2023-06-20T11:57:08+00:00
SAO_8019-31,São Paulo,3550308,True,,2574,,,-23.582136499999997,-46.733973,,,,1,2023-06-20T11:57:29+00:00
SAO_8019-31,São Paulo,3550308,True,,2574,,,-23.54549,-46.762014,,,,1,2023-06-20T11:57:26+00:00
SAO_857A-10,São Paulo,3550308,True,,34693,,,-23.631153500000003,-46.7733425,,,,2,2023-06-20T11:57:27+00:00
SAO_857A-10,São Paulo,3550308,True,,34693,,,-23.631258,-46.773112999999995,,,,2,2023-06-20T11:57:07+00:00
SAO_857A-10,São Paulo,3550308,True,,34693,,,-23.5742965,-46.7066875,,,,2,2023-06-20T11:57:39+00:00
SAO_857A-10,São Paulo,3550308,True,,34693,,,-23.63142725,-46.77140775,,,,2,2023-06-20T11:57:23+00:00
SAO_857A-10,São Paulo,3550308,True,,34693,,,-23.599649,-46.637840499999996,,,,2,2023-06-20T11:57:17+00:00
SAO_3029-10,São Paulo,3550308,True,,33734,,,-23.540796,-46.5756285,,,,2,2023-06-20T11:57:05+00:00
SAO_3029-10,São Paulo,3550308,True,,33734,,,-23.5723735,-46.535233437500004,,,,2,2023-06-20T11:57:35+00:00
SAO_3029-10,São Paulo,3550308,True,,33734,,,-23.548654,-46.539778999999996,,,,2,2023-06-20T11:57:37+00:00
SAO_3029-10,São Paulo,3550308,True,,33734,,,-23.585295,-46.5067185,,,,2,2023-06-20T11:56:58+00:00
SAO_3029-10,São Paulo,3550308,True,,33734,,,-23.584,-46.5097855,,,,2,2023-06-20T11:56:56+00:00
SAO_7011-10,São Paulo,3550308,True,,34720,,,-23.685118,-46.77026275,,,,2,2023-06-20T11:57:11+00:00
SAO_7011-10,São Paulo,3550308,True,,34720,,,-23.707812,-46.7918005,,,,2,2023-06-20T11:56:56+00:00
SAO_7011-10,São Paulo,3550308,True,,34720,,,-23.7083255,-46.7920035,,,,2,2023-06-20T11:57:17+00:00
SAO_637P-10,São Paulo,3550308,True,,32815,,,-23.653906999999997,-46.710535500000006,,,,2,2023-06-20T11:57:35+00:00
SAO_637P-10,São Paulo,3550308,True,,32815,,,-23.622839499999998,-46.6849345,,,,2,2023-06-20T11:57:38+00:00
SAO_637P-10,São Paulo,3550308,True,,32815,,,-23.653856875,-46.71128025,,,,2,2023-06-20T11:57:12+00:00
SAO_637P-10,São Paulo,3550308,True,,32815,,,-23.579043,-46.6859035,,,,2,2023-06-20T11:57:26+00:00
SAO_637P-10,São Paulo,3550308,True,,32815,,,-23.566628,-46.701685499999996,,,,2,2023-06-20T11:57:21+00:00
SAO_637P-10,São Paulo,3550308,True,,32815,,,-23.5853895,-46.68170825,,,,2,2023-06-20T11:57:09+00:00
SAO_637P-10,São Paulo,3550308,True,,32815,,,-23.566628,-46.701685499999996,,,,2,2023-06-20T11:56:59+00:00
SAO_1756-10,São Paulo,3550308,True,,547,,,-23.4710665,-46.650921999999994,,,,1,2023-06-20T11:57:31+00:00
SAO_1756-10,São Paulo,3550308,True,,547,,,-23.4903635,-46.631609,,,,1,2023-06-20T11:57:26+00:00
SAO_5031-10,São Paulo,3550308,True,,34514,,,-23.6360655,-46.593399000000005,,,,2,2023-06-20T11:57:17+00:00
SAO_5031-10,São Paulo,3550308,True,,34514,,,-23.603051999999998,-46.602856,,,,2,2023-06-20T11:57:19+00:00
SAO_5031-10,São Paulo,3550308,True,,34514,,,-23.603051999999998,-46.602856,,,,2,2023-06-20T11:56:58+00:00
SAO_5031-10,São Paulo,3550308,True,,34514,,,-23.6296085,-46.587986,,,,2,2023-06-20T11:57:03+00:00
SAO_5031-10,São Paulo,3550308,True,,34514,,,-23.636036750000002,-46.59084675,,,,2,2023-06-20T11:57:22+00:00
SAO_5031-10,São Paulo,3550308,True,,34514,,,-23.636886500000003,-46.591195,,,,2,2023-06-20T11:51:33+00:00
SAO_5031-10,São Paulo,3550308,True,,34514,,,-23.629567,-46.5883535,,,,2,2023-06-20T11:57:34+00:00
SAO_5031-10,São Paulo,3550308,True,,34514,,,-23.613144499999997,-46.5943355,,,,2,2023-06-20T11:57:26+00:00
SAO_5031-10,São Paulo,3550308,True,,34514,,,-23.61600225,-46.593427250000005,,,,2,2023-06-20T11:57:22+00:00
SAO_5031-10,São Paulo,3550308,True,,34514,,,-23.6369775,-46.591483000000004,,,,2,2023-06-20T11:57:02+00:00
SAO_5031-10,São Paulo,3550308,True,,34514,,,-23.6365255,-46.5910045,,,,2,2023-06-20T11:57:20+00:00
SAO_5031-10,São Paulo,3550308,True,,34514,,,-23.6360655,-46.593399000000005,,,,2,2023-06-20T11:57:25+00:00
SAO_5031-10,São Paulo,3550308,True,,34514,,,-23.6369775,-46.591483000000004,,,,2,2023-06-20T11:57:09+00:00
SAO_978A-10,São Paulo,3550308,True,,1369,,,-23.525046875,-46.667098374999995,,,,1,2023-06-20T11:57:00+00:00
SAO_978A-10,São Paulo,3550308,True,,1369,,,-23.48683075,-46.682437750000005,,,,1,2023-06-20T11:57:25+00:00
SAO_978A-10,São Paulo,3550308,True,,1369,,,-23.5024575,-46.68765775,,,,1,2023-06-20T11:57:02+00:00
SAO_978A-10,São Paulo,3550308,True,,1369,,,-23.5061515,-46.6891045,,,,1,2023-06-20T11:57:17+00:00
SAO_978A-10,São Paulo,3550308,True,,1369,,,-23.520539625,-46.673520999999994,,,,1,2023-06-20T11:57:05+00:00
SAO_978A-10,São Paulo,3550308,True,,1369,,,-23.4879465,-46.683488249999996,,,,1,2023-06-20T11:57:31+00:00
SAO_6047-10,São Paulo,3550308,True,,1224,,,-23.6618605,-46.751565,,,,1,2023-06-20T11:57:08+00:00
SAO_6047-10,São Paulo,3550308,True,,1224,,,-23.6664165,-46.76255575,,,,1,2023-06-20T11:57:38+00:00
SAO_6047-10,São Paulo,3550308,True,,1224,,,-23.6686645,-46.763990500000006,,,,1,2023-06-20T11:57:15+00:00
SAO_6047-10,São Paulo,3550308,True,,1224,,,-23.6686645,-46.763990500000006,,,,1,2023-06-20T11:57:37+00:00
SAO_6047-10,São Paulo,3550308,True,,1224,,,-23.642485999999998,-46.7246605,,,,1,2023-06-20T11:56:56+00:00
SAO_3029-10,São Paulo,3550308,True,,966,,,-23.5775195,-46.51477800000001,,,,1,2023-06-20T11:53:26+00:00
SAO_3029-10,São Paulo,3550308,True,,966,,,-23.541490999999997,-46.55610587499999,,,,1,2023-06-20T11:56:14+00:00
SAO_3029-10,São Paulo,3550308,True,,966,,,-23.573647,-46.532465,,,,1,2023-06-20T11:54:17+00:00
SAO_3029-10,São Paulo,3550308,True,,966,,,-23.541215,-46.5774215,,,,1,2023-06-20T11:57:32+00:00
SAO_3029-10,São Paulo,3550308,True,,966,,,-23.54083625,-46.552699625,,,,1,2023-06-20T11:55:15+00:00
SAO_3029-10,São Paulo,3550308,True,,966,,,-23.5839165,-46.50979,,,,1,2023-06-20T11:57:07+00:00
SAO_3029-10,São Paulo,3550308,True,,966,,,-23.589154999999998,-46.5071035,,,,1,2023-06-20T11:57:24+00:00
SAO_3029-10,São Paulo,3550308,True,,966,,,-23.585262999999998,-46.506369500000005,,,,1,2023-06-20T11:57:06+00:00
SAO_7060-10,São Paulo,3550308,True,,1889,,,-23.631026499999997,-46.773642,,,,1,2023-06-20T11:57:10+00:00
SAO_7060-10,São Paulo,3550308,True,,1889,,,-23.6854875,-46.801269500000004,,,,1,2023-06-20T11:56:59+00:00
SAO_7060-10,São Paulo,3550308,True,,1889,,,-23.66980325,-46.78570125,,,,1,2023-06-20T11:57:35+00:00
SAO_6801-10,São Paulo,3550308,True,,32773,,,-23.657992,-46.733338,,,,2,2023-06-20T11:57:23+00:00
SAO_6801-10,São Paulo,3550308,True,,32773,,,-23.660584,-46.7336095,,,,2,2023-06-20T11:57:27+00:00
SAO_1756-10,São Paulo,3550308,True,,33315,,,-23.457787500000002,-46.6425785,,,,2,2023-06-20T11:57:04+00:00
SAO_1756-10,São Paulo,3550308,True,,33315,,,-23.4581125,-46.6430685,,,,2,2023-06-20T11:57:34+00:00
SAO_1756-10,São Paulo,3550308,True,,33315,,,-23.46433675,-46.65358325,,,,2,2023-06-20T11:57:21+00:00
SAO_1756-10,São Paulo,3550308,True,,33315,,,-23.4580645,-46.6433105,,,,2,2023-06-20T11:57:18+00:00
SAO_1756-10,São Paulo,3550308,True,,33315,,,-23.496958,-46.627654,,,,2,2023-06-20T11:56:55+00:00
SAO_5391-21,São Paulo,3550308,True,,1729,,,-23.551742,-46.6370405,,,,1,2023-06-20T11:57:22+00:00
SAO_5391-21,São Paulo,3550308,True,,1729,,,-23.668948,-46.735259,,,,1,2023-06-20T11:57:27+00:00
SAO_5391-21,São Paulo,3550308,True,,1729,,,-23.584418,-46.6532355,,,,1,2023-06-20T11:57:27+00:00
SAO_5391-21,São Paulo,3550308,True,,1729,,,-23.645304625,-46.700818999999996,,,,1,2023-06-20T11:57:27+00:00
SAO_5391-21,São Paulo,3550308,True,,1729,,,-23.66813,-46.735502499999996,,,,1,2023-06-20T11:57:27+00:00
SAO_707K-10,São Paulo,3550308,True,,2503,,,-23.641551687499998,-46.65349306249999,,,,1,2023-06-20T11:57:04+00:00
SAO_707K-10,São Paulo,3550308,True,,2503,,,-23.665243625000002,-46.710556875,,,,1,2023-06-20T11:57:11+00:00
SAO_707K-10,São Paulo,3550308,True,,2503,,,-23.668707,-46.7352225,,,,1,2023-06-20T11:57:26+00:00
SAO_707K-10,São Paulo,3550308,True,,2503,,,-23.638562,-46.6703145,,,,1,2023-06-20T11:57:36+00:00
SAO_707K-10,São Paulo,3550308,True,,2503,,,-23.65286575,-46.6884395,,,,1,2023-06-20T11:57:35+00:00
SAO_3721-10,São Paulo,3550308,True,,1019,,,-23.565051,-46.4956325,,,,1,2023-06-20T11:57:11+00:00
SAO_3721-10,São Paulo,3550308,True,,1019,,,-23.5630785,-46.5055855,,,,1,2023-06-20T11:57:00+00:00
SAO_3721-10,São Paulo,3550308,True,,1019,,,-23.5630785,-46.5055855,,,,1,2023-06-20T11:57:11+00:00
SAO_3721-10,São Paulo,3550308,True,,1019,,,-23.556238,-46.491915500000005,,,,1,2023-06-20T11:57:37+00:00
SAO_5317-10,São Paulo,3550308,True,,69,,,-23.70327425,-46.701071999999996,,,,1,2023-06-20T11:57:34+00:00
SAO_5317-10,São Paulo,3550308,True,,69,,,-23.591693,-46.6505155,,,,1,2023-06-20T11:57:06+00:00
SAO_5317-10,São Paulo,3550308,True,,69,,,-23.6571255,-46.69942625,,,,1,2023-06-20T11:56:58+00:00
SAO_2016-10,São Paulo,3550308,True,,33670,,,-23.503359250000003,-46.375994750000004,,,,2,2023-06-20T11:57:37+00:00
SAO_2016-10,São Paulo,3550308,True,,33670,,,-23.492352500000003,-46.379197500000004,,,,2,2023-06-20T11:57:38+00:00
SAO_2016-10,São Paulo,3550308,True,,33670,,,-23.503359250000003,-46.375994750000004,,,,2,2023-06-20T11:57:07+00:00
SAO_2016-10,São Paulo,3550308,True,,33670,,,-23.495415,-46.404151,,,,2,2023-06-20T11:57:22+00:00
SAO_2016-10,São Paulo,3550308,True,,33670,,,-23.496794,-46.440057749999994,,,,2,2023-06-20T11:57:32+00:00
SAO_2740-10,São Paulo,3550308,True,,34560,,,-23.489323499999998,-46.62424,,,,2,2023-06-20T11:56:33+00:00
SAO_2740-10,São Paulo,3550308,True,,34560,,,-23.458094,-46.642975500000006,,,,2,2023-06-20T11:57:09+00:00
SAO_2740-10,São Paulo,3550308,True,,34560,,,-23.4664705,-46.631828999999996,,,,2,2023-06-20T11:57:21+00:00
SAO_2740-10,São Paulo,3550308,True,,34560,,,-23.4608095,-46.6404185,,,,2,2023-06-20T11:57:17+00:00
SAO_3414-10,São Paulo,3550308,True,,33514,,,-23.5335775,-46.5406225,,,,2,2023-06-20T11:57:05+00:00
SAO_3414-10,São Paulo,3550308,True,,33514,,,-23.54464,-46.521387000000004,,,,2,2023-06-20T11:57:08+00:00
SAO_3414-10,São Paulo,3550308,True,,33514,,,-23.5445375,-46.5214515,,,,2,2023-06-20T11:57:03+00:00
SAO_809R-10,São Paulo,3550308,True,,2067,,,-23.5741905,-46.73044,,,,1,2023-06-20T11:57:34+00:00
SAO_574A-10,São Paulo,3550308,True,,33370,,,-23.66789325,-46.6424115,,,,2,2023-06-20T11:57:30+00:00
SAO_574A-10,São Paulo,3550308,True,,33370,,,-23.565166249999997,-46.61572700000001,,,,2,2023-06-20T11:57:19+00:00
SAO_574A-10,São Paulo,3550308,True,,33370,,,-23.583558500000002,-46.6360615,,,,2,2023-06-20T11:57:00+00:00
SAO_574A-10,São Paulo,3550308,True,,33370,,,-23.624724,-46.64066425,,,,2,2023-06-20T11:57:35+00:00
SAO_5141-10,São Paulo,3550308,True,,34393,,,-23.614552,-46.500257000000005,,,,2,2023-06-20T11:57:10+00:00
SAO_5141-10,São Paulo,3550308,True,,34393,,,-23.614544,-46.500679,,,,2,2023-06-20T11:57:22+00:00
SAO_5141-10,São Paulo,3550308,True,,34393,,,-23.54878825,-46.58959825,,,,2,2023-06-20T11:57:10+00:00
SAO_2720-31,São Paulo,3550308,True,,34610,,,-23.493896,-46.4703065,,,,2,2023-06-20T11:57:16+00:00
SAO_2720-31,São Paulo,3550308,True,,34610,,,-23.5289785,-46.5175565,,,,2,2023-06-20T11:57:20+00:00
SAO_2720-31,São Paulo,3550308,True,,34610,,,-23.4905915,-46.463078499999995,,,,2,2023-06-20T11:57:24+00:00
SAO_514T-10,São Paulo,3550308,True,,34439,,,-23.584777,-46.582584499999996,,,,2,2023-06-20T11:56:58+00:00
SAO_514T-10,São Paulo,3550308,True,,34439,,,-23.58307,-46.611082999999994,,,,2,2023-06-20T11:57:17+00:00
SAO_514T-10,São Paulo,3550308,True,,34439,,,-23.5939195,-46.5270805,,,,2,2023-06-20T11:57:21+00:00
SAO_514T-10,São Paulo,3550308,True,,34439,,,-23.6026645,-46.60273,,,,2,2023-06-20T11:57:05+00:00
SAO_514T-10,São Paulo,3550308,True,,34439,,,-23.5851185,-46.5459695,,,,2,2023-06-20T11:56:56+00:00
SAO_514T-10,São Paulo,3550308,True,,34439,,,-23.5958625,-46.5025455,,,,2,2023-06-20T11:57:23+00:00
SAO_514T-10,São Paulo,3550308,True,,34439,,,-23.584865999999998,-46.582376499999995,,,,2,2023-06-20T11:57:36+00:00
SAO_514T-10,São Paulo,3550308,True,,34439,,,-23.6027975,-46.602855500000004,,,,2,2023-06-20T11:57:33+00:00
SAO_514T-10,São Paulo,3550308,True,,34439,,,-23.5862335,-46.5187815,,,,2,2023-06-20T11:57:02+00:00
SAO_514T-10,São Paulo,3550308,True,,34439,,,-23.5844885,-46.61100725,,,,2,2023-06-20T11:57:27+00:00
SAO_514T-10,São Paulo,3550308,True,,34439,,,-23.596046,-46.514727,,,,2,2023-06-20T11:57:21+00:00
SAO_514T-10,São Paulo,3550308,True,,34439,,,-23.58161475,-46.55359825,,,,2,2023-06-20T11:57:13+00:00
SAO_8050-10,São Paulo,3550308,True,,412,,,-23.4469185,-46.787594999999996,,,,1,2023-06-20T11:57:08+00:00
SAO_8050-10,São Paulo,3550308,True,,412,,,-23.523029,-46.717975499999994,,,,1,2023-06-20T11:57:29+00:00
SAO_1783-10,São Paulo,3550308,True,,644,,,-23.501943500000003,-46.6235805,,,,1,2023-06-20T11:57:03+00:00
SAO_1783-10,São Paulo,3550308,True,,644,,,-23.3987925,-46.5782825,,,,1,2023-06-20T11:57:04+00:00
SAO_1783-10,São Paulo,3550308,True,,644,,,-23.479546,-46.611454,,,,1,2023-06-20T11:57:21+00:00
SAO_1783-10,São Paulo,3550308,True,,644,,,-23.4161885,-46.584255999999996,,,,1,2023-06-20T11:57:34+00:00
SAO_1783-10,São Paulo,3550308,True,,644,,,-23.430778250000003,-46.59381275,,,,1,2023-06-20T11:54:17+00:00
SAO_1783-10,São Paulo,3550308,True,,644,,,-23.4882275,-46.624149,,,,1,2023-06-20T11:56:13+00:00
SAO_354M-10,São Paulo,3550308,True,,1619,,,-23.502823,-46.456177499999995,,,,1,2023-06-20T11:57:32+00:00
SAO_354M-10,São Paulo,3550308,True,,1619,,,-23.612038499999997,-46.4762595,,,,1,2023-06-20T11:56:58+00:00
SAO_354M-10,São Paulo,3550308,True,,1619,,,-23.55550125,-46.445823000000004,,,,1,2023-06-20T11:57:03+00:00
SAO_354M-10,São Paulo,3550308,True,,1619,,,-23.493809,-46.4436475,,,,1,2023-06-20T11:57:09+00:00
SAO_354M-10,São Paulo,3550308,True,,1619,,,-23.4917525,-46.4349545,,,,1,2023-06-20T11:57:00+00:00
SAO_354M-10,São Paulo,3550308,True,,1619,,,-23.594803749999997,-46.44957,,,,1,2023-06-20T11:57:27+00:00
SAO_9023-10,São Paulo,3550308,True,,1437,,,-23.4611455,-46.7211255,,,,1,2023-06-20T11:57:20+00:00
SAO_9023-10,São Paulo,3550308,True,,1437,,,-23.479028,-46.7272855,,,,1,2023-06-20T11:56:56+00:00
SAO_9023-10,São Paulo,3550308,True,,1437,,,-23.448092000000003,-46.7158425,,,,1,2023-06-20T11:57:22+00:00
SAO_9023-10,São Paulo,3550308,True,,1437,,,-23.448351249999998,-46.717031750000004,,,,1,2023-06-20T11:56:58+00:00
SAO_1720-10,São Paulo,3550308,True,,863,,,-23.491342250000002,-46.574462,,,,1,2023-06-20T11:57:30+00:00
SAO_1720-10,São Paulo,3550308,True,,863,,,-23.4486565,-46.607403500000004,,,,1,2023-06-20T11:56:28+00:00
SAO_1720-10,São Paulo,3550308,True,,863,,,-23.481295,-46.571624,,,,1,2023-06-20T11:57:00+00:00
SAO_1720-10,São Paulo,3550308,True,,863,,,-23.47643875,-46.611113,,,,1,2023-06-20T11:57:11+00:00
SAO_1720-10,São Paulo,3550308,True,,863,,,-23.494577,-46.568966,,,,1,2023-06-20T11:57:14+00:00
SAO_1720-10,São Paulo,3550308,True,,863,,,-23.47934825,-46.578801500000004,,,,1,2023-06-20T11:56:53+00:00
SAO_1720-10,São Paulo,3550308,True,,863,,,-23.441372,-46.61614,,,,1,2023-06-20T11:57:10+00:00
SAO_1720-10,São Paulo,3550308,True,,863,,,-23.4808475,-46.60323175,,,,1,2023-06-20T11:57:11+00:00
SAO_1720-10,São Paulo,3550308,True,,863,,,-23.494577,-46.568966,,,,1,2023-06-20T11:57:16+00:00
SAO_847P-42,São Paulo,3550308,True,,1424,,,-23.471965,-46.6916,,,,1,2023-06-20T11:57:35+00:00
SAO_847P-42,São Paulo,3550308,True,,1424,,,-23.5284075,-46.705576,,,,1,2023-06-20T11:57:22+00:00
SAO_847P-42,São Paulo,3550308,True,,1424,,,-23.595342375,-46.69060025,,,,1,2023-06-20T11:57:15+00:00
SAO_8029-10,São Paulo,3550308,True,,2540,,,-23.6147535,-46.73227,,,,1,2023-06-20T11:57:16+00:00
SAO_8029-10,São Paulo,3550308,True,,2540,,,-23.5902205,-46.7220045,,,,1,2023-06-20T11:57:32+00:00
SAO_7458-10,São Paulo,3550308,True,EMTU,496,https://moovitapp.com/index/pt-br/transporte_p%C3%BAblico-line-496-Sao_Paulo-242-2038937-36419521-0,5.4,-23.58389625,-46.779843625,,,,1,2023-06-20T11:56:55+00:00
SAO_7458-10,São Paulo,3550308,True,EMTU,496,https://moovitapp.com/index/pt-br/transporte_p%C3%BAblico-line-496-Sao_Paulo-242-2038937-36419521-0,5.4,-23.580585,-46.7940725,,,,1,2023-06-20T11:57:36+00:00
SAO_7458-10,São Paulo,3550308,True,EMTU,496,https://moovitapp.com/index/pt-br/transporte_p%C3%BAblico-line-496-Sao_Paulo-242-2038937-36419521-0,5.4,-23.593482,-46.73507,,,,1,2023-06-20T11:57:38+00:00
SAO_958P-10,São Paulo,3550308,True,,465,,,-23.485411875,-46.755497625000004,,,,1,2023-06-20T11:57:13+00:00
SAO_958P-10,São Paulo,3550308,True,,465,,,-23.5416235,-46.71923375,,,,1,2023-06-20T11:57:14+00:00
SAO_958P-10,São Paulo,3550308,True,,465,,,-23.592314625,-46.6809760625,,,,1,2023-06-20T11:57:25+00:00
SAO_958P-10,São Paulo,3550308,True,,465,,,-23.49378375,-46.740840250000005,,,,1,2023-06-20T11:57:11+00:00
SAO_2708-10,São Paulo,3550308,True,,921,,,-23.524367750000003,-46.41404800000001,,,,1,2023-06-20T11:56:59+00:00
SAO_2708-10,São Paulo,3550308,True,,921,,,-23.521378625,-46.428969875,,,,1,2023-06-20T11:56:29+00:00
SAO_2708-10,São Paulo,3550308,True,,921,,,-23.5338625,-46.399665999999996,,,,1,2023-06-20T11:57:25+00:00
SAO_2708-10,São Paulo,3550308,True,,921,,,-23.5338625,-46.399665999999996,,,,1,2023-06-20T11:56:41+00:00
SAO_2708-10,São Paulo,3550308,True,,921,,,-23.542603999999997,-46.469476,,,,1,2023-06-20T11:57:08+00:00
SAO_2708-10,São Paulo,3550308,True,,921,,,-23.5254165,-46.4318815,,,,1,2023-06-20T11:54:28+00:00
SAO_2708-10,São Paulo,3550308,True,,921,,,-23.534772750000002,-46.451460999999995,,,,1,2023-06-20T11:57:26+00:00
SAO_1021-10,São Paulo,3550308,True,EMTU,833,https://moovitapp.com/index/pt-br/transporte_p%C3%BAblico-line-833-Sao_Paulo-242-2038937-36419599-0,5.4,-23.4611995,-46.716899,,,,1,2023-06-20T11:57:00+00:00
SAO_1015-10,São Paulo,3550308,True,,2230,,,-23.4324985,-46.7870395,,,,1,2023-06-20T11:57:01+00:00
SAO_1015-10,São Paulo,3550308,True,,2230,,,-23.41840875,-46.7985975,,,,1,2023-06-20T11:57:21+00:00
SAO_6072-10,São Paulo,3550308,True,,34356,,,-23.825883500000003,-46.704786,,,,2,2023-06-20T11:57:25+00:00
SAO_6072-10,São Paulo,3550308,True,,34356,,,-23.8274015,-46.69739250000001,,,,2,2023-06-20T11:57:13+00:00
SAO_6072-10,São Paulo,3550308,True,,34356,,,-23.785421499999998,-46.7141705,,,,2,2023-06-20T11:57:24+00:00
SAO_6072-10,São Paulo,3550308,True,,34356,,,-23.805996999999998,-46.713722000000004,,,,2,2023-06-20T11:54:12+00:00
SAO_6072-10,São Paulo,3550308,True,,34356,,,-23.8274015,-46.69739250000001,,,,2,2023-06-20T11:57:22+00:00
SAO_6072-10,São Paulo,3550308,True,,34356,,,-23.773401749999998,-46.720679,,,,2,2023-06-20T11:56:57+00:00
SAO_847P-10,São Paulo,3550308,True,,423,,,-23.5825265,-46.68418749999999,,,,1,2023-06-20T11:57:08+00:00
SAO_847P-10,São Paulo,3550308,True,,423,,,-23.4863135,-46.725455,,,,1,2023-06-20T11:57:18+00:00
SAO_847P-10,São Paulo,3550308,True,,423,,,-23.496749,-46.7075485,,,,1,2023-06-20T11:57:25+00:00
SAO_847P-10,São Paulo,3550308,True,,423,,,-23.595578125000003,-46.69070275,,,,1,2023-06-20T11:57:15+00:00
SAO_847P-10,São Paulo,3550308,True,,423,,,-23.4861505,-46.7258785,,,,1,2023-06-20T11:57:02+00:00
SAO_847P-10,São Paulo,3550308,True,,423,,,-23.5289005,-46.7059645,,,,1,2023-06-20T11:57:32+00:00
SAO_847P-10,São Paulo,3550308,True,,423,,,-23.558548000000002,-46.689728,,,,1,2023-06-20T11:57:23+00:00
SAO_847P-10,São Paulo,3550308,True,,423,,,-23.570447,-46.691294,,,,1,2023-06-20T11:57:21+00:00
SAO_847P-10,São Paulo,3550308,True,,423,,,-23.4861505,-46.7258785,,,,1,2023-06-20T11:57:29+00:00
SAO_847P-10,São Paulo,3550308,True,,423,,,-23.540855999999998,-46.700779,,,,1,2023-06-20T11:57:37+00:00
SAO_847P-10,São Paulo,3550308,True,,423,,,-23.484783,-46.723133,,,,1,2023-06-20T11:57:22+00:00
SAO_847P-10,São Paulo,3550308,True,,423,,,-23.4903285,-46.7136445,,,,1,2023-06-20T11:57:08+00:00
SAO_7550-10,São Paulo,3550308,True,,34861,,,-23.579611,-46.662384,,,,2,2023-06-20T11:57:19+00:00
SAO_7550-10,São Paulo,3550308,True,,34861,,,-23.538724000000002,-46.648355,,,,2,2023-06-20T11:57:16+00:00
SAO_7550-10,São Paulo,3550308,True,,34861,,,-23.654259500000002,-46.7122535,,,,2,2023-06-20T11:57:32+00:00
SAO_7550-10,São Paulo,3550308,True,,34861,,,-23.655001,-46.715843375,,,,2,2023-06-20T11:57:34+00:00
SAO_857C-10,São Paulo,3550308,True,,1901,,,-23.645979375000003,-46.709938124999994,,,,1,2023-06-20T11:57:33+00:00
SAO_857C-10,São Paulo,3550308,True,,1901,,,-23.6366535,-46.6414695,,,,1,2023-06-20T11:57:11+00:00
SAO_857C-10,São Paulo,3550308,True,,1901,,,-23.632059249999998,-46.661469749999995,,,,1,2023-06-20T11:57:24+00:00
SAO_857C-10,São Paulo,3550308,True,,1901,,,-23.6366205,-46.7695205,,,,1,2023-06-20T11:57:32+00:00
SAO_857C-10,São Paulo,3550308,True,,1901,,,-23.640645999999997,-46.766456,,,,1,2023-06-20T11:57:00+00:00
SAO_477A-10,São Paulo,3550308,True,EMTU,346,https://moovitapp.com/index/pt-br/transporte_p%C3%BAblico-line-346-Sao_Paulo-242-2038937-36419429-0,6.3,-23.596035,-46.602831375,,,,1,2023-06-20T11:57:12+00:00
SAO_477A-10,São Paulo,3550308,True,EMTU,346,https://moovitapp.com/index/pt-br/transporte_p%C3%BAblico-line-346-Sao_Paulo-242-2038937-36419429-0,6.3,-23.566336624999998,-46.623024,,,,1,2023-06-20T11:57:05+00:00
SAO_477A-10,São Paulo,3550308,True,EMTU,346,https://moovitapp.com/index/pt-br/transporte_p%C3%BAblico-line-346-Sao_Paulo-242-2038937-36419429-0,6.3,-23.60465225,-46.603868000000006,,,,1,2023-06-20T11:57:38+00:00
SAO_477A-10,São Paulo,3550308,True,EMTU,346,https://moovitapp.com/index/pt-br/transporte_p%C3%BAblico-line-346-Sao_Paulo-242-2038937-36419429-0,6.3,-23.578031,-46.6404515,,,,1,2023-06-20T11:57:18+00:00
SAO_477A-10,São Paulo,3550308,True,EMTU,346,https://moovitapp.com/index/pt-br/transporte_p%C3%BAblico-line-346-Sao_Paulo-242-2038937-36419429-0,6.3,-23.60439075,-46.60359,,,,1,2023-06-20T11:57:17+00:00
SAO_477A-10,São Paulo,3550308,True,EMTU,346,https://moovitapp.com/index/pt-br/transporte_p%C3%BAblico-line-346-Sao_Paulo-242-2038937-36419429-0,6.3,-23.579782,-46.66268,,,,1,2023-06-20T11:57:37+00:00
SAO_6073-10,São Paulo,3550308,True,,33928,,,-23.852317499999998,-46.6951225,,,,2,2023-06-20T11:51:26+00:00
SAO_6073-10,São Paulo,3550308,True,,33928,,,-23.8036885,-46.7348355,,,,2,2023-06-20T11:57:29+00:00
SAO_6073-10,São Paulo,3550308,True,,33928,,,-23.853313,-46.6956225,,,,2,2023-06-20T11:57:23+00:00
SAO_6073-10,São Paulo,3550308,True,,33928,,,-23.853313,-46.6956225,,,,2,2023-06-20T11:57:03+00:00
SAO_6913-10,São Paulo,3550308,True,,34233,,,-23.665322,-46.71104,,,,2,2023-06-20T11:57:16+00:00
SAO_6913-10,São Paulo,3550308,True,,34233,,,-23.5775175,-46.671260000000004,,,,2,2023-06-20T11:57:20+00:00
SAO_6913-10,São Paulo,3550308,True,,34233,,,-23.549266,-46.6401115,,,,2,2023-06-20T11:57:28+00:00
SAO_6913-10,São Paulo,3550308,True,,34233,,,-23.569391250000002,-46.661404000000005,,,,2,2023-06-20T11:57:31+00:00
SAO_6913-10,São Paulo,3550308,True,,34233,,,-23.69331475,-46.71491,,,,2,2023-06-20T11:57:33+00:00
SAO_6913-10,São Paulo,3550308,True,,34233,,,-23.549258000000002,-46.640021000000004,,,,2,2023-06-20T11:57:03+00:00
SAO_6820-10,São Paulo,3550308,True,,32787,,,-23.662233,-46.7937055,,,,2,2023-06-20T11:57:07+00:00
SAO_6820-10,São Paulo,3550308,True,,32787,,,-23.658731000000003,-46.765608,,,,2,2023-06-20T11:57:23+00:00
SAO_1788-51,São Paulo,3550308,True,,654,,,-23.470020499999997,-46.6050445,,,,1,2023-06-20T11:57:13+00:00
SAO_1788-51,São Paulo,3550308,True,,654,,,-23.4312225,-46.5715855,,,,1,2023-06-20T11:55:50+00:00
SAO_407N-10,São Paulo,3550308,True,,2169,,,-23.5945315,-46.448114000000004,,,,1,2023-06-20T11:57:27+00:00
SAO_407N-10,São Paulo,3550308,True,,2169,,,-23.53406,-46.5427015,,,,1,2023-06-20T11:57:03+00:00
SAO_407N-10,São Paulo,3550308,True,,2169,,,-23.593366,-46.466032999999996,,,,1,2023-06-20T11:56:56+00:00
SAO_407N-10,São Paulo,3550308,True,,2169,,,-23.5978785,-46.458639500000004,,,,1,2023-06-20T11:57:28+00:00
SAO_407N-10,São Paulo,3550308,True,,2169,,,-23.582032749999996,-46.410213375000005,,,,1,2023-06-20T11:57:31+00:00
SAO_407N-10,São Paulo,3550308,True,,2169,,,-23.5612685,-46.511074,,,,1,2023-06-20T11:57:17+00:00
SAO_407N-10,São Paulo,3550308,True,,2169,,,-23.595240375000003,-46.439105375,,,,1,2023-06-20T11:57:33+00:00
SAO_407N-10,São Paulo,3550308,True,,2169,,,-23.546751,-46.5271425,,,,1,2023-06-20T11:57:34+00:00
SAO_407N-10,São Paulo,3550308,True,,2169,,,-23.585883,-46.4148335,,,,1,2023-06-20T11:55:28+00:00
SAO_407N-10,São Paulo,3550308,True,,2169,,,-23.534121,-46.543020999999996,,,,1,2023-06-20T11:57:22+00:00
SAO_407N-10,São Paulo,3550308,True,,2169,,,-23.59449625,-46.425630999999996,,,,1,2023-06-20T11:56:19+00:00
SAO_4742-10,São Paulo,3550308,True,,33110,,,-23.641888,-46.60634025,,,,2,2023-06-20T11:57:30+00:00
SAO_4742-10,São Paulo,3550308,True,,33110,,,-23.6336555,-46.627527,,,,2,2023-06-20T11:57:06+00:00
SAO_4742-10,São Paulo,3550308,True,,33110,,,-23.641652,-46.60661075,,,,2,2023-06-20T11:56:54+00:00
SAO_4742-10,São Paulo,3550308,True,,33110,,,-23.650569,-46.614115999999996,,,,2,2023-06-20T11:57:21+00:00
SAO_4742-10,São Paulo,3550308,True,,33110,,,-23.642094999999998,-46.6061095,,,,2,2023-06-20T11:57:23+00:00
SAO_702C-10,São Paulo,3550308,True,,33253,,,-23.571505000000002,-46.748618750000006,,,,2,2023-06-20T11:57:06+00:00
SAO_702C-10,São Paulo,3550308,True,,33253,,,-23.58097325,-46.72987825,,,,2,2023-06-20T11:57:34+00:00
SAO_702C-10,São Paulo,3550308,True,,33253,,,-23.539256,-46.6339655,,,,2,2023-06-20T11:57:20+00:00
SAO_5020-10,São Paulo,3550308,True,,34438,,,-23.6012135,-46.599020499999995,,,,2,2023-06-20T11:57:38+00:00
SAO_5020-10,São Paulo,3550308,True,,34438,,,-23.6102245,-46.59347325,,,,2,2023-06-20T11:56:57+00:00
SAO_5020-10,São Paulo,3550308,True,,34438,,,-23.60864475,-46.5912515,,,,2,2023-06-20T11:57:02+00:00
SAO_5020-10,São Paulo,3550308,True,,34438,,,-23.6102245,-46.59347325,,,,2,2023-06-20T11:57:21+00:00
SAO_3745-10,São Paulo,3550308,True,,1044,,,-23.5433835,-46.546713,,,,1,2023-06-20T11:57:35+00:00
SAO_3745-10,São Paulo,3550308,True,,1044,,,-23.541414000000003,-46.57794225,,,,1,2023-06-20T11:57:11+00:00
SAO_3745-10,São Paulo,3550308,True,,1044,,,-23.573737,-46.5226565,,,,1,2023-06-20T11:57:35+00:00
SAO_3745-10,São Paulo,3550308,True,,1044,,,-23.54083625,-46.552699625,,,,1,2023-06-20T11:57:27+00:00
SAO_3745-10,São Paulo,3550308,True,,1044,,,-23.58693725,-46.51518225,,,,1,2023-06-20T11:57:05+00:00
SAO_5106-31,São Paulo,3550308,True,,34073,,,-23.60214075,-46.64840475,,,,2,2023-06-20T11:57:33+00:00
SAO_5106-31,São Paulo,3550308,True,,34073,,,-23.6875885,-46.654850499999995,,,,2,2023-06-20T11:57:15+00:00
SAO_5106-31,São Paulo,3550308,True,,34073,,,-23.6875885,-46.654850499999995,,,,2,2023-06-20T11:57:22+00:00
SAO_407L-10,São Paulo,3550308,True,,2199,,,-23.5876545,-46.39578525,,,,1,2023-06-20T11:57:24+00:00
SAO_407L-10,São Paulo,3550308,True,,2199,,,-23.590169500000002,-46.3950145,,,,1,2023-06-20T11:57:32+00:00
SAO_407L-10,São Paulo,3550308,True,,2199,,,-23.528529,-46.5160515,,,,1,2023-06-20T11:57:18+00:00
SAO_407L-10,São Paulo,3550308,True,,2199,,,-23.542313,-46.417467,,,,1,2023-06-20T11:56:53+00:00
SAO_407L-10,São Paulo,3550308,True,,2199,,,-23.580286,-46.398922999999996,,,,1,2023-06-20T11:57:32+00:00
SAO_407L-10,São Paulo,3550308,True,,2199,,,-23.524599000000002,-46.5062035,,,,1,2023-06-20T11:57:28+00:00
SAO_407L-10,São Paulo,3550308,True,,2199,,,-23.579571,-46.415281,,,,1,2023-06-20T11:56:07+00:00
SAO_407L-10,São Paulo,3550308,True,,2199,,,-23.582577,-46.408426,,,,1,2023-06-20T11:57:21+00:00
SAO_407L-10,São Paulo,3550308,True,,2199,,,-23.54247075,-46.41617375,,,,1,2023-06-20T11:56:58+00:00
SAO_407L-10,São Paulo,3550308,True,,2199,,,-23.559344000000003,-46.411618000000004,,,,1,2023-06-20T11:57:03+00:00
SAO_605A-10,São Paulo,3550308,True,,35290,,,-23.6460035,-46.6402605,,,,2,2023-06-20T11:57:23+00:00
SAO_605A-10,São Paulo,3550308,True,,35290,,,-23.6494365,-46.6320625,,,,2,2023-06-20T11:57:14+00:00
SAO_3736-10,São Paulo,3550308,True,,33804,,,-23.546227000000002,-46.483521999999994,,,,2,2023-06-20T11:57:31+00:00
SAO_3736-10,São Paulo,3550308,True,,33804,,,-23.562037499999995,-46.474442,,,,2,2023-06-20T11:57:01+00:00
SAO_3736-10,São Paulo,3550308,True,,33804,,,-23.553628,-46.480272,,,,2,2023-06-20T11:57:05+00:00
SAO_3736-10,São Paulo,3550308,True,,33804,,,-23.577528,-46.48309625,,,,2,2023-06-20T11:57:29+00:00
SAO_3736-10,São Paulo,3550308,True,,33804,,,-23.5758665,-46.4834185,,,,2,2023-06-20T11:57:19+00:00
SAO_3736-10,São Paulo,3550308,True,,33804,,,-23.5761605,-46.48341425,,,,2,2023-06-20T11:57:34+00:00
SAO_3736-10,São Paulo,3550308,True,,33804,,,-23.5417095,-46.484257,,,,2,2023-06-20T11:56:57+00:00
SAO_4030-10,São Paulo,3550308,True,,1100,,,-23.581359499999998,-46.498451,,,,1,2023-06-20T11:56:59+00:00
SAO_4030-10,São Paulo,3550308,True,,1100,,,-23.6146185,-46.487648,,,,1,2023-06-20T11:57:20+00:00
SAO_4030-10,São Paulo,3550308,True,,1100,,,-23.596332500000003,-46.487379625,,,,1,2023-06-20T11:57:25+00:00
SAO_4030-10,São Paulo,3550308,True,,1100,,,-23.6169385,-46.483794,,,,1,2023-06-20T11:57:21+00:00
SAO_4030-10,São Paulo,3550308,True,,1100,,,-23.5631475,-46.501079000000004,,,,1,2023-06-20T11:57:19+00:00
SAO_4030-10,São Paulo,3550308,True,,1100,,,-23.611169,-46.4761165,,,,1,2023-06-20T11:57:13+00:00
SAO_4030-10,São Paulo,3550308,True,,1100,,,-23.613519500000002,-46.4949385,,,,1,2023-06-20T11:57:17+00:00
SAO_6083-10,São Paulo,3550308,True,,1733,,,-23.748095499999998,-46.68762275,,,,1,2023-06-20T11:57:37+00:00
SAO_6083-10,São Paulo,3550308,True,,1733,,,-23.736219,-46.696409,,,,1,2023-06-20T11:57:19+00:00
SAO_6083-10,São Paulo,3550308,True,,1733,,,-23.75495575,-46.675563249999996,,,,1,2023-06-20T11:57:08+00:00
SAO_8022-10,São Paulo,3550308,True,,2085,,,-23.552681,-46.728502875000004,,,,1,2023-06-20T11:57:36+00:00
SAO_8022-10,São Paulo,3550308,True,,2085,,,-23.5576986875,-46.73311906250001,,,,1,2023-06-20T11:54:22+00:00
SAO_8022-10,São Paulo,3550308,True,,2085,,,-23.567832000000003,-46.736241875000005,,,,1,2023-06-20T11:57:24+00:00
SAO_8252-10,São Paulo,3550308,True,,1248,,,-23.528373000000002,-46.675531,,,,1,2023-06-20T11:57:27+00:00
SAO_8028-10,São Paulo,3550308,True,,2532,,,-23.6134585,-46.715666,,,,1,2023-06-20T11:56:56+00:00
SAO_8028-10,São Paulo,3550308,True,,2532,,,-23.609535,-46.7049995,,,,1,2023-06-20T11:57:10+00:00
SAO_8028-10,São Paulo,3550308,True,,2532,,,-23.58639675,-46.72429775,,,,1,2023-06-20T11:57:35+00:00
SAO_3160-10,São Paulo,3550308,True,EMTU,125,https://moovitapp.com/index/pt-br/transporte_p%C3%BAblico-line-125-Sao_Paulo-242-2038937-36419283-0,5.15,-23.5463875,-46.630173,,,,1,2023-06-20T11:56:57+00:00
SAO_3160-10,São Paulo,3550308,True,EMTU,125,https://moovitapp.com/index/pt-br/transporte_p%C3%BAblico-line-125-Sao_Paulo-242-2038937-36419283-0,5.15,-23.567289000000002,-46.5913495,,,,1,2023-06-20T11:57:02+00:00
SAO_3160-10,São Paulo,3550308,True,EMTU,125,https://moovitapp.com/index/pt-br/transporte_p%C3%BAblico-line-125-Sao_Paulo-242-2038937-36419283-0,5.15,-23.554962375000002,-46.60574425,,,,1,2023-06-20T11:57:09+00:00
SAO_3160-10,São Paulo,3550308,True,EMTU,125,https://moovitapp.com/index/pt-br/transporte_p%C3%BAblico-line-125-Sao_Paulo-242-2038937-36419283-0,5.15,-23.5463875,-46.630173,,,,1,2023-06-20T11:57:05+00:00
SAO_3160-10,São Paulo,3550308,True,EMTU,125,https://moovitapp.com/index/pt-br/transporte_p%C3%BAblico-line-125-Sao_Paulo-242-2038937-36419283-0,5.15,-23.583320999999998,-46.5848845,,,,1,2023-06-20T11:57:37+00:00
SAO_4286-10,São Paulo,3550308,True,,326,,,-23.596726750000002,-46.54372075,,,,1,2023-06-20T11:57:05+00:00
SAO_475R-10,São Paulo,3550308,True,,344,,,-23.622565,-46.629357999999996,,,,1,2023-06-20T11:57:22+00:00
SAO_475R-10,São Paulo,3550308,True,,344,,,-23.573908000000003,-46.6509115,,,,1,2023-06-20T11:57:05+00:00
SAO_475R-10,São Paulo,3550308,True,,344,,,-23.568310750000002,-46.649578000000005,,,,1,2023-06-20T11:57:32+00:00
SAO_475R-10,São Paulo,3550308,True,,344,,,-23.59965575,-46.63931099999999,,,,1,2023-06-20T11:57:22+00:00
SAO_475R-10,São Paulo,3550308,True,,344,,,-23.657262,-46.6169755,,,,1,2023-06-20T11:57:10+00:00
SAO_847J-10,São Paulo,3550308,True,,1342,,,-23.5150935,-46.6983855,,,,1,2023-06-20T11:57:36+00:00
SAO_847J-10,São Paulo,3550308,True,,1342,,,-23.463771,-46.7209065,,,,1,2023-06-20T11:57:13+00:00
SAO_847J-10,São Paulo,3550308,True,,1342,,,-23.5310255,-46.7308315,,,,1,2023-06-20T11:57:14+00:00
SAO_847J-10,São Paulo,3550308,True,,1342,,,-23.434639500000003,-46.736386499999995,,,,1,2023-06-20T11:56:57+00:00
SAO_938C-10,São Paulo,3550308,True,,33354,,,-23.4435605,-46.7129695,,,,2,2023-06-20T11:57:23+00:00
SAO_938C-10,São Paulo,3550308,True,,33354,,,-23.4546345,-46.716609500000004,,,,2,2023-06-20T11:57:20+00:00
SAO_938C-10,São Paulo,3550308,True,,33354,,,-23.53462625,-46.64938,,,,2,2023-06-20T11:57:34+00:00
SAO_175T-10,São Paulo,3550308,True,,33391,,,-23.628353,-46.662602500000006,,,,2,2023-06-20T11:56:59+00:00
SAO_175T-10,São Paulo,3550308,True,,33391,,,-23.503125,-46.6245765,,,,2,2023-06-20T11:57:24+00:00
SAO_175T-10,São Paulo,3550308,True,,33391,,,-23.503522625000002,-46.6246515,,,,2,2023-06-20T11:57:31+00:00
SAO_175T-10,São Paulo,3550308,True,,33391,,,-23.65404,-46.63784,,,,2,2023-06-20T11:57:11+00:00
SAO_175T-10,São Paulo,3550308,True,,33391,,,-23.602714499999998,-46.651022999999995,,,,2,2023-06-20T11:57:20+00:00
SAO_175T-10,São Paulo,3550308,True,,33391,,,-23.5312675,-46.6320495,,,,2,2023-06-20T11:57:35+00:00
SAO_175T-10,São Paulo,3550308,True,,33391,,,-23.633644,-46.64378,,,,2,2023-06-20T11:56:56+00:00
SAO_175T-10,São Paulo,3550308,True,,33391,,,-23.59499075,-46.6503635,,,,2,2023-06-20T11:57:24+00:00
SAO_175T-10,São Paulo,3550308,True,,33391,,,-23.503133,-46.624143000000004,,,,2,2023-06-20T11:57:13+00:00
SAO_175T-10,São Paulo,3550308,True,,33391,,,-23.6314275,-46.6627735,,,,2,2023-06-20T11:57:02+00:00
SAO_2724-10,São Paulo,3550308,True,,33706,,,-23.5396445,-46.483602,,,,2,2023-06-20T11:57:24+00:00
SAO_2724-10,São Paulo,3550308,True,,33706,,,-23.523636250000003,-46.47435425,,,,2,2023-06-20T11:57:02+00:00
SAO_2724-10,São Paulo,3550308,True,,33706,,,-23.539783999999997,-46.483161,,,,2,2023-06-20T11:57:17+00:00
SAO_2724-10,São Paulo,3550308,True,,33706,,,-23.523636250000003,-46.47435425,,,,2,2023-06-20T11:57:19+00:00
SAO_2724-10,São Paulo,3550308,True,,33706,,,-23.539782000000002,-46.482977500000004,,,,2,2023-06-20T11:57:17+00:00
SAO_6084-10,São Paulo,3550308,True,,33937,,,-23.7731425,-46.7029965,,,,2,2023-06-20T11:57:00+00:00
SAO_6084-10,São Paulo,3550308,True,,33937,,,-23.772294000000002,-46.700336500000006,,,,2,2023-06-20T11:56:58+00:00
SAO_6084-10,São Paulo,3550308,True,,33937,,,-23.7812805,-46.67209375,,,,2,2023-06-20T11:57:02+00:00
SAO_6084-10,São Paulo,3550308,True,,33937,,,-23.767103,-46.7163835,,,,2,2023-06-20T11:57:15+00:00
SAO_6084-10,São Paulo,3550308,True,,33937,,,-23.7804005,-46.6732885,,,,2,2023-06-20T11:57:29+00:00
SAO_6084-10,São Paulo,3550308,True,,33937,,,-23.7804165,-46.673092999999994,,,,2,2023-06-20T11:57:25+00:00
SAO_8020-10,São Paulo,3550308,True,,34494,,,-23.584768500000003,-46.739224,,,,2,2023-06-20T11:57:14+00:00
SAO_8020-10,São Paulo,3550308,True,,34494,,,-23.5844155,-46.739757499999996,,,,2,2023-06-20T11:57:12+00:00
SAO_6050-10,São Paulo,3550308,True,,33993,,,-23.75324375,-46.685306,,,,2,2023-06-20T11:56:55+00:00
SAO_6050-10,São Paulo,3550308,True,,33993,,,-23.752187499999998,-46.6784505,,,,2,2023-06-20T11:57:19+00:00
SAO_1720-10,São Paulo,3550308,True,,33631,,,-23.494107,-46.568782999999996,,,,2,2023-06-20T11:56:59+00:00
SAO_1720-10,São Paulo,3550308,True,,33631,,,-23.492123,-46.57163,,,,2,2023-06-20T11:55:11+00:00
SAO_1720-10,São Paulo,3550308,True,,33631,,,-23.477162,-46.6104815,,,,2,2023-06-20T11:57:27+00:00
SAO_1720-10,São Paulo,3550308,True,,33631,,,-23.4494005,-46.6106135,,,,2,2023-06-20T11:56:58+00:00
SAO_1720-10,São Paulo,3550308,True,,33631,,,-23.493856,-46.568802,,,,2,2023-06-20T11:56:57+00:00
SAO_1720-10,São Paulo,3550308,True,,33631,,,-23.441626,-46.616757,,,,2,2023-06-20T11:57:15+00:00
SAO_1720-10,São Paulo,3550308,True,,33631,,,-23.494107,-46.568782999999996,,,,2,2023-06-20T11:57:00+00:00
SAO_1720-10,São Paulo,3550308,True,,33631,,,-23.47334725,-46.614561249999994,,,,2,2023-06-20T11:56:03+00:00
SAO_1720-10,São Paulo,3550308,True,,33631,,,-23.48142325,-46.603758125,,,,2,2023-06-20T11:57:11+00:00
SAO_2059-10,São Paulo,3550308,True,,33028,,,-23.52812875,-46.41775825,,,,2,2023-06-20T11:57:04+00:00
SAO_2059-10,São Paulo,3550308,True,,33028,,,-23.5418265,-46.416526,,,,2,2023-06-20T11:56:57+00:00
SAO_2059-10,São Paulo,3550308,True,,33028,,,-23.512112000000002,-46.432283,,,,2,2023-06-20T11:56:51+00:00
SAO_2059-10,São Paulo,3550308,True,,33028,,,-23.491577,-46.4399495,,,,2,2023-06-20T11:57:13+00:00
SAO_5129-41,São Paulo,3550308,True,,34742,,,-23.680629500000002,-46.636801000000006,,,,2,2023-06-20T11:57:31+00:00
SAO_5129-41,São Paulo,3550308,True,,34742,,,-23.6530975,-46.680544499999996,,,,2,2023-06-20T11:57:20+00:00
SAO_5129-41,São Paulo,3550308,True,,34742,,,-23.680424000000002,-46.636534,,,,2,2023-06-20T11:57:33+00:00
SAO_5129-41,São Paulo,3550308,True,,34742,,,-23.649111249999997,-46.670302500000005,,,,2,2023-06-20T11:57:21+00:00
SAO_875A-10,São Paulo,3550308,True,,33377,,,-23.55649175,-46.6622505,,,,2,2023-06-20T11:57:30+00:00
SAO_875A-10,São Paulo,3550308,True,,33377,,,-23.6431975,-46.6622785,,,,2,2023-06-20T11:56:53+00:00
SAO_875A-10,São Paulo,3550308,True,,33377,,,-23.533560875,-46.666686125,,,,2,2023-06-20T11:57:32+00:00
SAO_875A-10,São Paulo,3550308,True,,33377,,,-23.6431975,-46.6622785,,,,2,2023-06-20T11:57:24+00:00
SAO_875A-10,São Paulo,3550308,True,,33377,,,-23.6140875,-46.638317,,,,2,2023-06-20T11:57:30+00:00
SAO_857R-10,São Paulo,3550308,True,,34660,,,-23.60179075,-46.7436505,,,,2,2023-06-20T11:57:15+00:00
SAO_857R-10,São Paulo,3550308,True,,34660,,,-23.566025500000002,-46.6814145,,,,2,2023-06-20T11:57:25+00:00
SAO_857R-10,São Paulo,3550308,True,,34660,,,-23.631218,-46.773197499999995,,,,2,2023-06-20T11:57:18+00:00
SAO_857R-10,São Paulo,3550308,True,,34660,,,-23.57676,-46.70782225,,,,2,2023-06-20T11:57:34+00:00
SAO_6008-41,São Paulo,3550308,True,,34304,,,-23.689751,-46.773829500000005,,,,2,2023-06-20T11:57:21+00:00
SAO_4726-10,São Paulo,3550308,True,,1680,,,-23.5409805,-46.5765495,,,,1,2023-06-20T11:57:19+00:00
SAO_4726-10,São Paulo,3550308,True,,1680,,,-23.541,-46.576643000000004,,,,1,2023-06-20T11:57:07+00:00
SAO_4726-10,São Paulo,3550308,True,,1680,,,-23.563505,-46.591331499999995,,,,1,2023-06-20T11:57:06+00:00
SAO_4726-10,São Paulo,3550308,True,,1680,,,-23.563505499999998,-46.5787415,,,,1,2023-06-20T11:57:12+00:00
SAO_4726-10,São Paulo,3550308,True,,1680,,,-23.549926,-46.580749,,,,1,2023-06-20T11:57:10+00:00
SAO_4726-10,São Paulo,3550308,True,,1680,,,-23.5409805,-46.5765495,,,,1,2023-06-20T11:53:38+00:00
SAO_139A-10,São Paulo,3550308,True,,35219,,,-23.4861205,-46.710727500000004,,,,2,2023-06-20T11:56:59+00:00
SAO_139A-10,São Paulo,3550308,True,,35219,,,-23.5021955,-46.704355,,,,2,2023-06-20T11:57:31+00:00
SAO_139A-10,São Paulo,3550308,True,,35219,,,-23.486026000000003,-46.710671500000004,,,,2,2023-06-20T11:57:19+00:00
SAO_948A-10,São Paulo,3550308,True,,1423,,,-23.482241,-46.720363500000005,,,,1,2023-06-20T11:57:13+00:00
SAO_948A-10,São Paulo,3550308,True,,1423,,,-23.5149015,-46.699067,,,,1,2023-06-20T11:57:21+00:00
SAO_6057-10,São Paulo,3550308,True,,33916,,,-23.756968999999998,-46.7090265,,,,2,2023-06-20T11:57:01+00:00
SAO_6057-10,São Paulo,3550308,True,,33916,,,-23.766202,-46.7087025,,,,2,2023-06-20T11:57:12+00:00
SAO_6057-10,São Paulo,3550308,True,,33916,,,-23.7367155,-46.697201,,,,2,2023-06-20T11:56:58+00:00
SAO_6057-10,São Paulo,3550308,True,,33916,,,-23.765387,-46.703413749999996,,,,2,2023-06-20T11:57:27+00:00
SAO_6076-10,São Paulo,3550308,True,,33933,,,-23.7335435,-46.677135500000006,,,,2,2023-06-20T11:56:57+00:00
SAO_6076-10,São Paulo,3550308,True,,33933,,,-23.718930999999998,-46.698931,,,,2,2023-06-20T11:57:39+00:00
SAO_6076-10,São Paulo,3550308,True,,33933,,,-23.733666,-46.6772885,,,,2,2023-06-20T11:57:14+00:00
SAO_6076-10,São Paulo,3550308,True,,33933,,,-23.671397624999997,-46.71557675,,,,2,2023-06-20T11:57:17+00:00
SAO_9020-10,São Paulo,3550308,True,,34202,,,-23.4744765,-46.717892000000006,,,,2,2023-06-20T11:57:31+00:00
SAO_9020-10,São Paulo,3550308,True,,34202,,,-23.4863175,-46.72653,,,,2,2023-06-20T11:57:11+00:00
SAO_9020-10,São Paulo,3550308,True,,34202,,,-23.4685845,-46.721347,,,,2,2023-06-20T11:57:19+00:00
SAO_6091-51,São Paulo,3550308,True,,1691,,,-23.6934455,-46.69874275,,,,1,2023-06-20T11:57:01+00:00
SAO_6091-51,São Paulo,3550308,True,,1691,,,-23.843097999999998,-46.717419500000005,,,,1,2023-06-20T11:57:12+00:00
SAO_8025-10,São Paulo,3550308,True,,2076,,,-23.59203575,-46.735672,,,,1,2023-06-20T11:57:07+00:00
SAO_8025-10,São Paulo,3550308,True,,2076,,,-23.59203575,-46.735672,,,,1,2023-06-20T11:57:16+00:00
SAO_476A-10,São Paulo,3550308,True,,33072,,,-23.625232750000002,-46.661469,,,,2,2023-06-20T11:56:55+00:00
SAO_476A-10,São Paulo,3550308,True,,33072,,,-23.577154,-46.6010495,,,,2,2023-06-20T11:57:31+00:00
SAO_6036-10,São Paulo,3550308,True,,1214,,,-23.6376725,-46.718270875,,,,1,2023-06-20T11:57:27+00:00
SAO_6036-10,São Paulo,3550308,True,,1214,,,-23.6526255,-46.79125175,,,,1,2023-06-20T11:57:25+00:00
SAO_6036-10,São Paulo,3550308,True,,1214,,,-23.6517585,-46.75778675,,,,1,2023-06-20T11:57:38+00:00
SAO_6036-10,São Paulo,3550308,True,,1214,,,-23.640282499999998,-46.780722999999995,,,,1,2023-06-20T11:57:11+00:00
SAO_6036-10,São Paulo,3550308,True,,1214,,,-23.6591795,-46.77471250000001,,,,1,2023-06-20T11:57:29+00:00
SAO_6036-10,São Paulo,3550308,True,,1214,,,-23.649411999999998,-46.7066835,,,,1,2023-06-20T11:57:01+00:00
SAO_2702-10,São Paulo,3550308,True,,33682,,,-23.4953915,-46.444759000000005,,,,2,2023-06-20T11:57:12+00:00
SAO_2702-10,São Paulo,3550308,True,,33682,,,-23.495027999999998,-46.444176999999996,,,,2,2023-06-20T11:57:28+00:00
SAO_2702-10,São Paulo,3550308,True,,33682,,,-23.495196,-46.444438000000005,,,,2,2023-06-20T11:57:14+00:00
SAO_2702-10,São Paulo,3550308,True,,33682,,,-23.495196,-46.444438000000005,,,,2,2023-06-20T11:57:26+00:00
SAO_2702-10,São Paulo,3550308,True,,33682,,,-23.506398875,-46.47682325,,,,2,2023-06-20T11:57:29+00:00
SAO_6120-10,São Paulo,3550308,True,,1189,,,-23.73505825,-46.695484750000006,,,,1,2023-06-20T11:57:28+00:00
SAO_6120-10,São Paulo,3550308,True,,1189,,,-23.7529775,-46.6886025,,,,1,2023-06-20T11:57:24+00:00
SAO_6120-10,São Paulo,3550308,True,,1189,,,-23.762068499999998,-46.6734885,,,,1,2023-06-20T11:57:03+00:00
SAO_233C-10,São Paulo,3550308,True,,32923,,,-23.517899874999998,-46.47611825,,,,2,2023-06-20T11:57:04+00:00
SAO_233C-10,São Paulo,3550308,True,,32923,,,-23.5723735,-46.535233437500004,,,,2,2023-06-20T11:57:16+00:00
SAO_233C-10,São Paulo,3550308,True,,32923,,,-23.519428875000003,-46.475841124999995,,,,2,2023-06-20T11:57:25+00:00
SAO_233C-10,São Paulo,3550308,True,,32923,,,-23.518619375,-46.475986625,,,,2,2023-06-20T11:57:12+00:00
SAO_5164-41,São Paulo,3550308,True,,1617,,,-23.6436845,-46.643801499999995,,,,1,2023-06-20T11:56:55+00:00
SAO_5164-41,São Paulo,3550308,True,,1617,,,-23.6461105,-46.6469465,,,,1,2023-06-20T11:57:25+00:00
SAO_701A-10,São Paulo,3550308,True,,689,,,-23.493798875,-46.582514,,,,1,2023-06-20T11:57:22+00:00
SAO_701A-10,São Paulo,3550308,True,,689,,,-23.5151625,-46.58728375,,,,1,2023-06-20T11:57:17+00:00
SAO_701A-10,São Paulo,3550308,True,,689,,,-23.5468295,-46.6903115,,,,1,2023-06-20T11:56:54+00:00
SAO_701A-10,São Paulo,3550308,True,,689,,,-23.54262575,-46.640550625,,,,1,2023-06-20T11:57:16+00:00
SAO_701A-10,São Paulo,3550308,True,,689,,,-23.539070000000002,-46.616109,,,,1,2023-06-20T11:57:36+00:00
SAO_971R-42,São Paulo,3550308,True,,616,,,-23.459132,-46.686786,,,,1,2023-06-20T11:57:28+00:00
SAO_6826-10,São Paulo,3550308,True,BR7 Mobilidade,16,https://moovitapp.com/index/pt-br/transporte_p%C3%BAblico-line-16-Sao_Paulo-242-851856-513215-0,5.75,-23.654173,-46.762701500000006,,,,1,2023-06-20T11:57:21+00:00
SAO_6826-10,São Paulo,3550308,True,BR7 Mobilidade,16,https://moovitapp.com/index/pt-br/transporte_p%C3%BAblico-line-16-Sao_Paulo-242-851856-513215-0,5.75,-23.66695,-46.7729315,,,,1,2023-06-20T11:57:15+00:00
SAO_576M-10,São Paulo,3550308,True,,33372,,,-23.6774965,-46.6406015,,,,2,2023-06-20T11:57:15+00:00
SAO_576M-10,São Paulo,3550308,True,,33372,,,-23.574119250000003,-46.688941375,,,,2,2023-06-20T11:57:00+00:00
SAO_576M-10,São Paulo,3550308,True,,33372,,,-23.6636745,-46.63802325,,,,2,2023-06-20T11:57:17+00:00
SAO_576M-10,São Paulo,3550308,True,,33372,,,-23.6774965,-46.6406015,,,,2,2023-06-20T11:57:30+00:00
SAO_576M-10,São Paulo,3550308,True,,33372,,,-23.6094315,-46.66311412500001,,,,2,2023-06-20T11:57:27+00:00
SAO_5024-31,São Paulo,3550308,True,,33891,,,-23.689080750000002,-46.64931275,,,,2,2023-06-20T11:56:56+00:00
SAO_5024-31,São Paulo,3550308,True,,33891,,,-23.67667625,-46.68560975,,,,2,2023-06-20T11:57:09+00:00
SAO_5024-31,São Paulo,3550308,True,,33891,,,-23.65908975,-46.7012395,,,,2,2023-06-20T11:57:32+00:00
SAO_5024-31,São Paulo,3550308,True,,33891,,,-23.686714000000002,-46.6626915,,,,2,2023-06-20T11:57:29+00:00
SAO_407I-10,São Paulo,3550308,True,,2222,,,-23.55012575,-46.4871625,,,,1,2023-06-20T11:57:03+00:00
SAO_407I-10,São Paulo,3550308,True,,2222,,,-23.545468,-46.4839455,,,,1,2023-06-20T11:57:08+00:00
SAO_407I-10,São Paulo,3550308,True,,2222,,,-23.537083125000002,-46.559342375,,,,1,2023-06-20T11:57:31+00:00
SAO_407I-10,São Paulo,3550308,True,,2222,,,-23.546568,-46.605794,,,,1,2023-06-20T11:57:32+00:00
SAO_6001-10,São Paulo,3550308,True,,32820,,,-23.654408500000002,-46.762060999999996,,,,2,2023-06-20T11:57:28+00:00
SAO_6001-10,São Paulo,3550308,True,,32820,,,-23.6464285,-46.7060515,,,,2,2023-06-20T11:57:26+00:00
SAO_5300-10,São Paulo,3550308,True,EMTU,354,https://moovitapp.com/index/pt-br/transporte_p%C3%BAblico-line-354-Sao_Paulo-242-2038937-36419437-0,7.55,-23.55214725,-46.632746749999995,,,,1,2023-06-20T11:57:33+00:00
SAO_5300-10,São Paulo,3550308,True,EMTU,354,https://moovitapp.com/index/pt-br/transporte_p%C3%BAblico-line-354-Sao_Paulo-242-2038937-36419437-0,7.55,-23.611075999999997,-46.669148,,,,1,2023-06-20T11:57:11+00:00
SAO_5300-10,São Paulo,3550308,True,EMTU,354,https://moovitapp.com/index/pt-br/transporte_p%C3%BAblico-line-354-Sao_Paulo-242-2038937-36419437-0,7.55,-23.637498,-46.694182749999996,,,,1,2023-06-20T11:57:00+00:00
SAO_5300-10,São Paulo,3550308,True,EMTU,354,https://moovitapp.com/index/pt-br/transporte_p%C3%BAblico-line-354-Sao_Paulo-242-2038937-36419437-0,7.55,-23.65393525,-46.707456500000006,,,,1,2023-06-20T11:57:36+00:00
SAO_5300-10,São Paulo,3550308,True,EMTU,354,https://moovitapp.com/index/pt-br/transporte_p%C3%BAblico-line-354-Sao_Paulo-242-2038937-36419437-0,7.55,-23.5468745,-46.630641499999996,,,,1,2023-06-20T11:57:00+00:00
SAO_5300-10,São Paulo,3550308,True,EMTU,354,https://moovitapp.com/index/pt-br/transporte_p%C3%BAblico-line-354-Sao_Paulo-242-2038937-36419437-0,7.55,-23.588572,-46.65187925,,,,1,2023-06-20T11:57:29+00:00
SAO_5300-10,São Paulo,3550308,True,EMTU,354,https://moovitapp.com/index/pt-br/transporte_p%C3%BAblico-line-354-Sao_Paulo-242-2038937-36419437-0,7.55,-23.654195,-46.711744499999995,,,,1,2023-06-20T11:56:55+00:00
SAO_5300-10,São Paulo,3550308,True,EMTU,354,https://moovitapp.com/index/pt-br/transporte_p%C3%BAblico-line-354-Sao_Paulo-242-2038937-36419437-0,7.55,-23.654195,-46.711744499999995,,,,1,2023-06-20T11:56:55+00:00
SAO_5300-10,São Paulo,3550308,True,EMTU,354,https://moovitapp.com/index/pt-br/transporte_p%C3%BAblico-line-354-Sao_Paulo-242-2038937-36419437-0,7.55,-23.618442,-46.6761025,,,,1,2023-06-20T11:57:10+00:00
SAO_6046-10,São Paulo,3550308,True,,1223,,,-23.671259499999998,-46.7730185,,,,1,2023-06-20T11:57:18+00:00
SAO_6046-10,São Paulo,3550308,True,,1223,,,-23.684711,-46.7822195,,,,1,2023-06-20T11:56:59+00:00
SAO_6046-10,São Paulo,3550308,True,,1223,,,-23.684711,-46.7822195,,,,1,2023-06-20T11:57:20+00:00
SAO_6046-10,São Paulo,3550308,True,,1223,,,-23.684711,-46.7822195,,,,1,2023-06-20T11:57:01+00:00
SAO_6046-10,São Paulo,3550308,True,,1223,,,-23.642553499999998,-46.739124000000004,,,,1,2023-06-20T11:56:56+00:00
SAO_6046-10,São Paulo,3550308,True,,1223,,,-23.6514915,-46.757566249999996,,,,1,2023-06-20T11:57:11+00:00
SAO_8319-10,São Paulo,3550308,True,,476,,,-23.547003,-46.760853499999996,,,,1,2023-06-20T11:57:19+00:00
SAO_8319-10,São Paulo,3550308,True,,476,,,-23.527539375000003,-46.702359375,,,,1,2023-06-20T11:57:21+00:00
SAO_8319-10,São Paulo,3550308,True,,476,,,-23.5533165,-46.742431499999995,,,,1,2023-06-20T11:56:43+00:00
SAO_3785-10,São Paulo,3550308,True,,33831,,,-23.5429995,-46.470884999999996,,,,2,2023-06-20T11:57:04+00:00
SAO_3785-10,São Paulo,3550308,True,,33831,,,-23.56210475,-46.4461535,,,,2,2023-06-20T11:57:01+00:00
SAO_3785-10,São Paulo,3550308,True,,33831,,,-23.591703000000003,-46.3941935,,,,2,2023-06-20T11:57:25+00:00
SAO_3785-10,São Paulo,3550308,True,,33831,,,-23.5853385,-46.443093,,,,2,2023-06-20T11:57:36+00:00
SAO_3785-10,São Paulo,3550308,True,,33831,,,-23.5823875,-46.415148,,,,2,2023-06-20T11:57:10+00:00
SAO_745M-21,São Paulo,3550308,True,,1984,,,-23.65160925,-46.7786245,,,,1,2023-06-20T11:57:23+00:00
SAO_745M-21,São Paulo,3550308,True,,1984,,,-23.630615499999998,-46.768413,,,,1,2023-06-20T11:57:32+00:00
SAO_745M-21,São Paulo,3550308,True,,1984,,,-23.624555,-46.763753,,,,1,2023-06-20T11:56:56+00:00
SAO_502J-10,São Paulo,3550308,True,,34043,,,-23.59718625,-46.6373885,,,,2,2023-06-20T11:57:31+00:00
SAO_502J-10,São Paulo,3550308,True,,34043,,,-23.653739875,-46.66676925,,,,2,2023-06-20T11:56:56+00:00
SAO_502J-10,São Paulo,3550308,True,,34043,,,-23.7058085,-46.6886045,,,,2,2023-06-20T11:57:12+00:00
SAO_502J-10,São Paulo,3550308,True,,34043,,,-23.705616499999998,-46.688542999999996,,,,2,2023-06-20T11:57:09+00:00
SAO_502J-10,São Paulo,3550308,True,,34043,,,-23.624724,-46.64066425,,,,2,2023-06-20T11:57:32+00:00
SAO_7281-10,São Paulo,3550308,True,,1334,,,-23.534135,-46.7045035,,,,1,2023-06-20T11:57:13+00:00
SAO_7281-10,São Paulo,3550308,True,,1334,,,-23.521652,-46.702393,,,,1,2023-06-20T11:57:34+00:00
SAO_746C-10,São Paulo,3550308,True,STT,783,https://moovitapp.com/index/pt-br/transporte_p%C3%BAblico-line-783-Sao_Paulo-242-850661-183351-0,5.3,-23.622875999999998,-46.73814874999999,,,,1,2023-06-20T11:57:23+00:00
SAO_746C-10,São Paulo,3550308,True,STT,783,https://moovitapp.com/index/pt-br/transporte_p%C3%BAblico-line-783-Sao_Paulo-242-850661-183351-0,5.3,-23.649793,-46.708727499999995,,,,1,2023-06-20T11:56:55+00:00
SAO_746C-10,São Paulo,3550308,True,STT,783,https://moovitapp.com/index/pt-br/transporte_p%C3%BAblico-line-783-Sao_Paulo-242-850661-183351-0,5.3,-23.641586,-46.715832500000005,,,,1,2023-06-20T11:56:56+00:00
SAO_746C-10,São Paulo,3550308,True,STT,783,https://moovitapp.com/index/pt-br/transporte_p%C3%BAblico-line-783-Sao_Paulo-242-850661-183351-0,5.3,-23.6498405,-46.707801,,,,1,2023-06-20T11:56:57+00:00
SAO_746C-10,São Paulo,3550308,True,STT,783,https://moovitapp.com/index/pt-br/transporte_p%C3%BAblico-line-783-Sao_Paulo-242-850661-183351-0,5.3,-23.644758000000003,-46.72609,,,,1,2023-06-20T11:57:34+00:00
SAO_746C-10,São Paulo,3550308,True,STT,783,https://moovitapp.com/index/pt-br/transporte_p%C3%BAblico-line-783-Sao_Paulo-242-850661-183351-0,5.3,-23.62230675,-46.7393695,,,,1,2023-06-20T11:57:36+00:00
SAO_746C-10,São Paulo,3550308,True,STT,783,https://moovitapp.com/index/pt-br/transporte_p%C3%BAblico-line-783-Sao_Paulo-242-850661-183351-0,5.3,-23.608361000000002,-46.751095500000005,,,,1,2023-06-20T11:57:11+00:00
SAO_746C-10,São Paulo,3550308,True,STT,783,https://moovitapp.com/index/pt-br/transporte_p%C3%BAblico-line-783-Sao_Paulo-242-850661-183351-0,5.3,-23.6498405,-46.707801,,,,1,2023-06-20T11:57:05+00:00
SAO_4288-10,São Paulo,3550308,True,,33058,,,-23.611155,-46.519178499999995,,,,2,2023-06-20T11:57:33+00:00
SAO_4288-10,São Paulo,3550308,True,,33058,,,-23.576879874999996,-46.5930055,,,,2,2023-06-20T11:57:37+00:00
SAO_2079-10,São Paulo,3550308,True,,370,,,-23.516762,-46.384977500000005,,,,1,2023-06-20T11:57:07+00:00
SAO_2079-10,São Paulo,3550308,True,,370,,,-23.516592250000002,-46.38541575,,,,1,2023-06-20T11:57:22+00:00
SAO_2079-10,São Paulo,3550308,True,,370,,,-23.4983815,-46.395984,,,,1,2023-06-20T11:57:17+00:00
SAO_2079-10,São Paulo,3550308,True,,370,,,-23.512406,-46.3827565,,,,1,2023-06-20T11:57:13+00:00
SAO_958P-10,São Paulo,3550308,True,,33233,,,-23.4805275,-46.7583235,,,,2,2023-06-20T11:57:16+00:00
SAO_958P-10,São Paulo,3550308,True,,33233,,,-23.530827,-46.737106499999996,,,,2,2023-06-20T11:57:03+00:00
SAO_9354-10,São Paulo,3550308,True,,708,,,-23.5428845,-46.636273,,,,1,2023-06-20T11:57:06+00:00
SAO_9354-10,São Paulo,3550308,True,,708,,,-23.497553625000002,-46.658681625,,,,1,2023-06-20T11:57:12+00:00
SAO_9354-10,São Paulo,3550308,True,,708,,,-23.536755,-46.64237325,,,,1,2023-06-20T11:57:31+00:00
SAO_9354-10,São Paulo,3550308,True,,708,,,-23.4903485,-46.6506055,,,,1,2023-06-20T11:57:18+00:00
SAO_9181-10,São Paulo,3550308,True,,33653,,,-23.457219000000002,-46.696751,,,,2,2023-06-20T11:57:07+00:00
SAO_9181-10,São Paulo,3550308,True,,33653,,,-23.4730105,-46.6833625,,,,2,2023-06-20T11:57:10+00:00
SAO_9181-10,São Paulo,3550308,True,,33653,,,-23.523198,-46.701831999999996,,,,2,2023-06-20T11:57:08+00:00
SAO_9181-10,São Paulo,3550308,True,,33653,,,-23.457380999999998,-46.696545,,,,2,2023-06-20T11:56:46+00:00
SAO_9181-10,São Paulo,3550308,True,,33653,,,-23.515483,-46.690391,,,,2,2023-06-20T11:57:25+00:00
SAO_9181-10,São Paulo,3550308,True,,33653,,,-23.4915715,-46.689663499999995,,,,2,2023-06-20T11:57:30+00:00
SAO_9181-10,São Paulo,3550308,True,,33653,,,-23.493349000000002,-46.69174,,,,2,2023-06-20T11:57:33+00:00
SAO_9181-10,São Paulo,3550308,True,,33653,,,-23.457219000000002,-46.696751,,,,2,2023-06-20T11:56:58+00:00
SAO_9181-10,São Paulo,3550308,True,,33653,,,-23.464613,-46.694316,,,,2,2023-06-20T11:57:28+00:00
SAO_9181-10,São Paulo,3550308,True,,33653,,,-23.4571115,-46.697165999999996,,,,2,2023-06-20T11:57:04+00:00
SAO_809U-21,São Paulo,3550308,True,,35075,,,-23.5267185,-46.6665985,,,,2,2023-06-20T11:57:23+00:00
SAO_809U-21,São Paulo,3550308,True,,35075,,,-23.527969499999998,-46.674661,,,,2,2023-06-20T11:57:26+00:00
SAO_809U-21,São Paulo,3550308,True,,35075,,,-23.547126499999997,-46.690053000000006,,,,2,2023-06-20T11:57:32+00:00
SAO_274P-10,São Paulo,3550308,True,,33000,,,-23.536562749999998,-46.5887755,,,,2,2023-06-20T11:57:05+00:00
SAO_274P-10,São Paulo,3550308,True,,33000,,,-23.512558,-46.530508,,,,2,2023-06-20T11:57:08+00:00
SAO_6035-21,São Paulo,3550308,True,,34563,,,-23.720201000000003,-46.75602,,,,2,2023-06-20T11:56:56+00:00
SAO_6035-21,São Paulo,3550308,True,,34563,,,-23.7201285,-46.756192,,,,2,2023-06-20T11:57:06+00:00
SAO_6035-21,São Paulo,3550308,True,,34563,,,-23.713521999999998,-46.770804,,,,2,2023-06-20T11:57:14+00:00
SAO_6035-21,São Paulo,3550308,True,,34563,,,-23.67197775,-46.7385745,,,,2,2023-06-20T11:57:24+00:00
SAO_6232-10,São Paulo,3550308,True,,33251,,,-23.55656825,-46.679903625,,,,2,2023-06-20T11:56:56+00:00
SAO_6232-10,São Paulo,3550308,True,,33251,,,-23.54590575,-46.708266,,,,2,2023-06-20T11:57:06+00:00
SAO_6006-10,São Paulo,3550308,True,EMTU,175,https://moovitapp.com/index/pt-br/transporte_p%C3%BAblico-line-175-Sao_Paulo-242-2038937-36419312-0,6.25,-23.6672725,-46.7269555,,,,1,2023-06-20T11:57:00+00:00
SAO_6006-10,São Paulo,3550308,True,EMTU,175,https://moovitapp.com/index/pt-br/transporte_p%C3%BAblico-line-175-Sao_Paulo-242-2038937-36419312-0,6.25,-23.6885255,-46.758165500000004,,,,1,2023-06-20T11:57:32+00:00
SAO_6006-10,São Paulo,3550308,True,EMTU,175,https://moovitapp.com/index/pt-br/transporte_p%C3%BAblico-line-175-Sao_Paulo-242-2038937-36419312-0,6.25,-23.680458,-46.7518895,,,,1,2023-06-20T11:57:26+00:00
SAO_6006-10,São Paulo,3550308,True,EMTU,175,https://moovitapp.com/index/pt-br/transporte_p%C3%BAblico-line-175-Sao_Paulo-242-2038937-36419312-0,6.25,-23.674839,-46.685976999999994,,,,1,2023-06-20T11:56:54+00:00
SAO_6006-10,São Paulo,3550308,True,EMTU,175,https://moovitapp.com/index/pt-br/transporte_p%C3%BAblico-line-175-Sao_Paulo-242-2038937-36419312-0,6.25,-23.6922335,-46.757836499999996,,,,1,2023-06-20T11:57:02+00:00
SAO_5015-10,São Paulo,3550308,True,,33887,,,-23.691779,-46.65973,,,,2,2023-06-20T11:57:18+00:00
SAO_5015-10,São Paulo,3550308,True,,33887,,,-23.685205,-46.645999,,,,2,2023-06-20T11:53:02+00:00
SAO_5015-10,São Paulo,3550308,True,,33887,,,-23.691779,-46.65973,,,,2,2023-06-20T11:56:53+00:00
SAO_5015-10,São Paulo,3550308,True,,33887,,,-23.6473075,-46.6389825,,,,2,2023-06-20T11:57:19+00:00
SAO_5015-10,São Paulo,3550308,True,,33887,,,-23.66092975,-46.637235000000004,,,,2,2023-06-20T11:57:04+00:00
SAO_7004-10,São Paulo,3550308,True,,1992,,,-23.703311,-46.783719500000004,,,,1,2023-06-20T11:57:34+00:00
SAO_7004-10,São Paulo,3550308,True,,1992,,,-23.684503499999998,-46.762748,,,,1,2023-06-20T11:57:20+00:00
SAO_7004-10,São Paulo,3550308,True,,1992,,,-23.741771999999997,-46.8001715,,,,1,2023-06-20T11:57:27+00:00
SAO_7004-10,São Paulo,3550308,True,,1992,,,-23.741771999999997,-46.8001715,,,,1,2023-06-20T11:56:58+00:00
SAO_7004-10,São Paulo,3550308,True,,1992,,,-23.6696185,-46.734093,,,,1,2023-06-20T11:57:31+00:00
SAO_7004-10,São Paulo,3550308,True,,1992,,,-23.736761875,-46.789131375,,,,1,2023-06-20T11:57:24+00:00
SAO_7004-10,São Paulo,3550308,True,,1992,,,-23.6794005,-46.734505999999996,,,,1,2023-06-20T11:56:56+00:00
SAO_7004-10,São Paulo,3550308,True,,1992,,,-23.6556375,-46.7219395,,,,1,2023-06-20T11:57:15+00:00
SAO_7004-10,São Paulo,3550308,True,,1992,,,-23.685643,-46.7522605,,,,1,2023-06-20T11:57:35+00:00
SAO_695X-10,São Paulo,3550308,True,,34209,,,-23.646586749999997,-46.645936000000006,,,,2,2023-06-20T11:57:31+00:00
SAO_695X-10,São Paulo,3550308,True,,34209,,,-23.66773375,-46.677854,,,,2,2023-06-20T11:57:21+00:00
SAO_695X-10,São Paulo,3550308,True,,34209,,,-23.7579905,-46.714872,,,,2,2023-06-20T11:56:59+00:00
SAO_695X-10,São Paulo,3550308,True,,34209,,,-23.705073,-46.702496499999995,,,,2,2023-06-20T11:57:32+00:00
SAO_695X-10,São Paulo,3550308,True,,34209,,,-23.767516,-46.7165655,,,,2,2023-06-20T11:57:06+00:00
SAO_695X-10,São Paulo,3550308,True,,34209,,,-23.6422025,-46.66617675,,,,2,2023-06-20T11:57:26+00:00
SAO_695X-10,São Paulo,3550308,True,,34209,,,-23.647087499999998,-46.63931,,,,2,2023-06-20T11:55:56+00:00
SAO_5018-10,São Paulo,3550308,True,,34260,,,-23.67568,-46.67331825,,,,2,2023-06-20T11:57:09+00:00
SAO_5018-10,São Paulo,3550308,True,,34260,,,-23.668201625,-46.651852749999996,,,,2,2023-06-20T11:57:32+00:00
SAO_5018-10,São Paulo,3550308,True,,34260,,,-23.693175500000002,-46.6592355,,,,2,2023-06-20T11:57:28+00:00
SAO_5018-10,São Paulo,3550308,True,,34260,,,-23.69174,-46.652575,,,,2,2023-06-20T11:57:31+00:00
SAO_5018-10,São Paulo,3550308,True,,34260,,,-23.647879500000002,-46.641155999999995,,,,2,2023-06-20T11:56:54+00:00
SAO_5018-10,São Paulo,3550308,True,,34260,,,-23.67568,-46.67331825,,,,2,2023-06-20T11:57:32+00:00
SAO_8075-10,São Paulo,3550308,True,,2044,,,-23.608266,-46.751461500000005,,,,1,2023-06-20T11:57:37+00:00
SAO_8075-10,São Paulo,3550308,True,,2044,,,-23.579518,-46.710796,,,,1,2023-06-20T11:57:16+00:00
SAO_8075-10,São Paulo,3550308,True,,2044,,,-23.631211999999998,-46.7721735,,,,1,2023-06-20T11:57:26+00:00
SAO_8075-10,São Paulo,3550308,True,,2044,,,-23.5724335,-46.709694999999996,,,,1,2023-06-20T11:57:35+00:00
SAO_3725-41,São Paulo,3550308,True,,1531,,,-23.534675999999997,-46.5436205,,,,1,2023-06-20T11:57:09+00:00
SAO_3725-41,São Paulo,3550308,True,,1531,,,-23.5325795,-46.531303,,,,1,2023-06-20T11:57:09+00:00
SAO_6030-10,São Paulo,3550308,True,,1142,,,-23.730078499999998,-46.709237,,,,1,2023-06-20T11:57:34+00:00
SAO_6030-10,São Paulo,3550308,True,,1142,,,-23.741073,-46.707885000000005,,,,1,2023-06-20T11:57:04+00:00
SAO_6030-10,São Paulo,3550308,True,,1142,,,-23.653856875,-46.71128025,,,,1,2023-06-20T11:56:59+00:00
SAO_6030-10,São Paulo,3550308,True,,1142,,,-23.68831,-46.6968375,,,,1,2023-06-20T11:57:07+00:00
SAO_6030-10,São Paulo,3550308,True,,1142,,,-23.716451499999998,-46.699146999999996,,,,1,2023-06-20T11:57:05+00:00
SAO_6030-10,São Paulo,3550308,True,,1142,,,-23.741073,-46.707885000000005,,,,1,2023-06-20T11:56:55+00:00
SAO_6030-10,São Paulo,3550308,True,,1142,,,-23.654559999999996,-46.7073605,,,,1,2023-06-20T11:57:14+00:00
SAO_6030-10,São Paulo,3550308,True,,1142,,,-23.741073,-46.707885000000005,,,,1,2023-06-20T11:57:09+00:00
SAO_5175-10,São Paulo,3550308,True,,593,,,-23.62902225,-46.66515575,,,,1,2023-06-20T11:57:35+00:00
SAO_5175-10,São Paulo,3550308,True,,593,,,-23.6958935,-46.650043999999994,,,,1,2023-06-20T11:56:54+00:00
SAO_5175-10,São Paulo,3550308,True,,593,,,-23.684431500000002,-46.6404475,,,,1,2023-06-20T11:56:53+00:00
SAO_5175-10,São Paulo,3550308,True,,593,,,-23.639591499999998,-46.673327,,,,1,2023-06-20T11:57:03+00:00
SAO_5175-10,São Paulo,3550308,True,,593,,,-23.5641185,-46.646494499999996,,,,1,2023-06-20T11:57:21+00:00
SAO_5175-10,São Paulo,3550308,True,,593,,,-23.673689000000003,-46.6648875,,,,1,2023-06-20T11:56:55+00:00
SAO_5175-10,São Paulo,3550308,True,,593,,,-23.702023,-46.645880000000005,,,,1,2023-06-20T11:57:35+00:00
SAO_5175-10,São Paulo,3550308,True,,593,,,-23.702581000000002,-46.6501255,,,,1,2023-06-20T11:56:59+00:00
SAO_5175-10,São Paulo,3550308,True,,593,,,-23.682233,-46.638270000000006,,,,1,2023-06-20T11:57:03+00:00
SAO_5175-10,São Paulo,3550308,True,,593,,,-23.660805,-46.67940575,,,,1,2023-06-20T11:57:27+00:00
SAO_5175-10,São Paulo,3550308,True,,593,,,-23.589728249999997,-46.6513285,,,,1,2023-06-20T11:57:13+00:00
SAO_2202-10,São Paulo,3550308,True,,33678,,,-23.48792525,-46.382452,,,,2,2023-06-20T11:57:02+00:00
SAO_2202-10,São Paulo,3550308,True,,33678,,,-23.496316125,-46.40358025,,,,2,2023-06-20T11:57:15+00:00
SAO_2202-10,São Paulo,3550308,True,,33678,,,-23.5046385,-46.404028,,,,2,2023-06-20T11:57:14+00:00
SAO_2202-10,São Paulo,3550308,True,,33678,,,-23.537285,-46.405343,,,,2,2023-06-20T11:56:54+00:00
SAO_2202-10,São Paulo,3550308,True,,33678,,,-23.541898500000002,-46.4154965,,,,2,2023-06-20T11:57:04+00:00
SAO_2202-10,São Paulo,3550308,True,,33678,,,-23.4875525,-46.3821995,,,,2,2023-06-20T11:56:36+00:00
SAO_2202-10,São Paulo,3550308,True,,33678,,,-23.534603500000003,-46.4003365,,,,2,2023-06-20T11:56:54+00:00
SAO_2202-10,São Paulo,3550308,True,,33678,,,-23.519743,-46.399969,,,,2,2023-06-20T11:57:36+00:00
SAO_2202-10,São Paulo,3550308,True,,33678,,,-23.4940625,-46.3898925,,,,2,2023-06-20T11:57:21+00:00
SAO_2202-10,São Paulo,3550308,True,,33678,,,-23.497132,-46.394368,,,,2,2023-06-20T11:56:19+00:00
SAO_2202-10,São Paulo,3550308,True,,33678,,,-23.5098,-46.4016285,,,,2,2023-06-20T11:57:31+00:00
SAO_5370-21,São Paulo,3550308,True,,34319,,,-23.582243499999997,-46.655844,,,,2,2023-06-20T11:57:07+00:00
SAO_5370-21,São Paulo,3550308,True,,34319,,,-23.7503355,-46.7102765,,,,2,2023-06-20T11:57:17+00:00
SAO_3008-10,São Paulo,3550308,True,,35283,,,-23.5109225,-46.3973295,,,,2,2023-06-20T11:57:01+00:00
SAO_3008-10,São Paulo,3550308,True,,35283,,,-23.4945205,-46.4044015,,,,2,2023-06-20T11:57:34+00:00
SAO_3008-10,São Paulo,3550308,True,,35283,,,-23.52351625,-46.39590125,,,,2,2023-06-20T11:57:01+00:00
SAO_3008-10,São Paulo,3550308,True,,35283,,,-23.494205,-46.401126000000005,,,,2,2023-06-20T11:57:31+00:00
SAO_7062-31,São Paulo,3550308,True,,1914,,,-23.641599999999997,-46.7778895,,,,1,2023-06-20T11:57:00+00:00
SAO_4031-10,São Paulo,3550308,True,,1101,,,-23.579617499999998,-46.58112425,,,,1,2023-06-20T11:57:32+00:00
SAO_4031-10,São Paulo,3550308,True,,1101,,,-23.584208,-46.5860395,,,,1,2023-06-20T11:57:19+00:00
SAO_4031-10,São Paulo,3550308,True,,1101,,,-23.59042675,-46.55175075,,,,1,2023-06-20T11:57:15+00:00
SAO_4031-10,São Paulo,3550308,True,,1101,,,-23.61408,-46.517419000000004,,,,1,2023-06-20T11:57:08+00:00
SAO_4031-10,São Paulo,3550308,True,,1101,,,-23.6042525,-46.519968500000004,,,,1,2023-06-20T11:57:23+00:00
SAO_4031-10,São Paulo,3550308,True,,1101,,,-23.6108395,-46.508906999999994,,,,1,2023-06-20T11:56:57+00:00
SAO_4031-10,São Paulo,3550308,True,,1101,,,-23.59086825,-46.588631500000005,,,,1,2023-06-20T11:57:26+00:00
SAO_4031-10,São Paulo,3550308,True,,1101,,,-23.614919,-46.514019000000005,,,,1,2023-06-20T11:57:21+00:00
SAO_4031-10,São Paulo,3550308,True,,1101,,,-23.580514625,-46.569205624999995,,,,1,2023-06-20T11:57:36+00:00
SAO_809A-10,São Paulo,3550308,True,,34837,,,-23.583177,-46.775589624999995,,,,2,2023-06-20T11:57:06+00:00
SAO_809A-10,São Paulo,3550308,True,,34837,,,-23.571272,-46.777384250000004,,,,2,2023-06-20T11:57:39+00:00
SAO_809A-10,São Paulo,3550308,True,,34837,,,-23.57543225,-46.77549825,,,,2,2023-06-20T11:56:58+00:00
SAO_809A-10,São Paulo,3550308,True,,34837,,,-23.57543225,-46.77549825,,,,2,2023-06-20T11:57:00+00:00
SAO_809A-10,São Paulo,3550308,True,,34837,,,-23.565809,-46.701959,,,,2,2023-06-20T11:57:09+00:00
SAO_809A-10,São Paulo,3550308,True,,34837,,,-23.572763249999998,-46.71049325,,,,2,2023-06-20T11:57:05+00:00
SAO_178Y-21,São Paulo,3550308,True,,34993,,,-23.491414,-46.617603,,,,2,2023-06-20T11:57:19+00:00
SAO_5107-10,São Paulo,3550308,True,,1659,,,-23.603496,-46.602703500000004,,,,1,2023-06-20T11:57:23+00:00
SAO_5107-10,São Paulo,3550308,True,,1659,,,-23.54127125,-46.63480725,,,,1,2023-06-20T11:57:30+00:00
SAO_5107-10,São Paulo,3550308,True,,1659,,,-23.570870624999998,-46.611071875,,,,1,2023-06-20T11:57:28+00:00
SAO_5107-10,São Paulo,3550308,True,,1659,,,-23.6033435,-46.602573,,,,1,2023-06-20T11:57:09+00:00
SAO_5178-10,São Paulo,3550308,True,,33363,,,-23.552754,-46.6355435,,,,2,2023-06-20T11:57:17+00:00
SAO_5178-10,São Paulo,3550308,True,,33363,,,-23.6830815,-46.63522275,,,,2,2023-06-20T11:57:34+00:00
SAO_5178-10,São Paulo,3550308,True,,33363,,,-23.60463125,-46.65173675,,,,2,2023-06-20T11:57:35+00:00
SAO_4113-10,São Paulo,3550308,True,,768,,,-23.60155975,-46.612840250000005,,,,1,2023-06-20T11:57:26+00:00
SAO_4113-10,São Paulo,3550308,True,,768,,,-23.5434195,-46.638258500000006,,,,1,2023-06-20T11:57:32+00:00
SAO_4113-10,São Paulo,3550308,True,,768,,,-23.581692,-46.61455625000001,,,,1,2023-06-20T11:57:03+00:00
SAO_4113-10,São Paulo,3550308,True,,768,,,-23.60155975,-46.612840250000005,,,,1,2023-06-20T11:57:16+00:00
SAO_4113-10,São Paulo,3550308,True,,768,,,-23.550455,-46.631951,,,,1,2023-06-20T11:57:19+00:00
SAO_4113-10,São Paulo,3550308,True,,768,,,-23.60155975,-46.612840250000005,,,,1,2023-06-20T11:57:13+00:00
SAO_4113-10,São Paulo,3550308,True,,768,,,-23.550455,-46.631951,,,,1,2023-06-20T11:57:03+00:00
SAO_4113-10,São Paulo,3550308,True,,768,,,-23.60155975,-46.612840250000005,,,,1,2023-06-20T11:57:33+00:00
SAO_4113-10,São Paulo,3550308,True,,768,,,-23.60181325,-46.61281475,,,,1,2023-06-20T11:57:21+00:00
SAO_4113-10,São Paulo,3550308,True,,768,,,-23.56838125,-46.627801749999996,,,,1,2023-06-20T11:57:34+00:00
SAO_6099-10,São Paulo,3550308,True,,34355,,,-23.843864,-46.7435405,,,,2,2023-06-20T11:56:54+00:00
SAO_6099-10,São Paulo,3550308,True,,34355,,,-23.8419175,-46.740316500000006,,,,2,2023-06-20T11:56:56+00:00
SAO_6099-10,São Paulo,3550308,True,,34355,,,-23.775726499999998,-46.7229935,,,,2,2023-06-20T11:57:33+00:00
SAO_6099-10,São Paulo,3550308,True,,34355,,,-23.736947,-46.697388000000004,,,,2,2023-06-20T11:57:34+00:00
SAO_637G-10,São Paulo,3550308,True,EMTU,101,https://moovitapp.com/index/pt-br/transporte_p%C3%BAblico-line-101-Sao_Paulo-242-2038937-36419264-0,4.8,-23.5957665,-46.673165,,,,1,2023-06-20T11:57:22+00:00
SAO_637G-10,São Paulo,3550308,True,EMTU,101,https://moovitapp.com/index/pt-br/transporte_p%C3%BAblico-line-101-Sao_Paulo-242-2038937-36419264-0,4.8,-23.565959,-46.6944145,,,,1,2023-06-20T11:57:12+00:00
SAO_637G-10,São Paulo,3550308,True,EMTU,101,https://moovitapp.com/index/pt-br/transporte_p%C3%BAblico-line-101-Sao_Paulo-242-2038937-36419264-0,4.8,-23.690797500000002,-46.7015295,,,,1,2023-06-20T11:57:30+00:00
SAO_637G-10,São Paulo,3550308,True,EMTU,101,https://moovitapp.com/index/pt-br/transporte_p%C3%BAblico-line-101-Sao_Paulo-242-2038937-36419264-0,4.8,-23.73981475,-46.69153,,,,1,2023-06-20T11:57:28+00:00
SAO_8015-10,São Paulo,3550308,True,,34113,,,-23.404642000000003,-46.737659,,,,2,2023-06-20T11:57:24+00:00
SAO_8015-10,São Paulo,3550308,True,,34113,,,-23.404628000000002,-46.737785,,,,2,2023-06-20T11:56:59+00:00
SAO_8015-10,São Paulo,3550308,True,,34113,,,-23.4491785,-46.7169985,,,,2,2023-06-20T11:57:11+00:00
SAO_6057-10,São Paulo,3550308,True,,1148,,,-23.742911499999998,-46.701817000000005,,,,1,2023-06-20T11:57:24+00:00
SAO_6057-10,São Paulo,3550308,True,,1148,,,-23.7539005,-46.708663125,,,,1,2023-06-20T11:57:22+00:00
SAO_6057-10,São Paulo,3550308,True,,1148,,,-23.76225225,-46.709450000000004,,,,1,2023-06-20T11:57:03+00:00
SAO_6057-10,São Paulo,3550308,True,,1148,,,-23.76584975,-46.702942750000005,,,,1,2023-06-20T11:57:13+00:00
SAO_736I-10,São Paulo,3550308,True,,33549,,,-23.650086,-46.7077355,,,,2,2023-06-20T11:57:19+00:00
SAO_736I-10,São Paulo,3550308,True,,33549,,,-23.650086,-46.7077355,,,,2,2023-06-20T11:57:14+00:00
SAO_736I-10,São Paulo,3550308,True,,33549,,,-23.632452999999998,-46.7480465,,,,2,2023-06-20T11:57:31+00:00
SAO_736I-10,São Paulo,3550308,True,,33549,,,-23.6324355,-46.748238,,,,2,2023-06-20T11:57:11+00:00
SAO_736I-10,São Paulo,3550308,True,,33549,,,-23.650086,-46.7077355,,,,2,2023-06-20T11:57:15+00:00
SAO_736I-10,São Paulo,3550308,True,,33549,,,-23.634943999999997,-46.747982,,,,2,2023-06-20T11:57:35+00:00
SAO_736I-10,São Paulo,3550308,True,,33549,,,-23.641751499999998,-46.743339,,,,2,2023-06-20T11:57:00+00:00
SAO_6824-10,São Paulo,3550308,True,BR7 Mobilidade,23,https://moovitapp.com/index/pt-br/transporte_p%C3%BAblico-line-23-Sao_Paulo-242-851856-518590-0,5.75,-23.6668825,-46.790758,,,,1,2023-06-20T11:56:55+00:00
SAO_6824-10,São Paulo,3550308,True,BR7 Mobilidade,23,https://moovitapp.com/index/pt-br/transporte_p%C3%BAblico-line-23-Sao_Paulo-242-851856-518590-0,5.75,-23.659116,-46.765913250000004,,,,1,2023-06-20T11:57:17+00:00
SAO_6824-10,São Paulo,3550308,True,BR7 Mobilidade,23,https://moovitapp.com/index/pt-br/transporte_p%C3%BAblico-line-23-Sao_Paulo-242-851856-518590-0,5.75,-23.653807,-46.762438,,,,1,2023-06-20T11:57:16+00:00
SAO_5030-10,São Paulo,3550308,True,,34437,,,-23.637185000000002,-46.5953235,,,,2,2023-06-20T11:57:32+00:00
SAO_5030-10,São Paulo,3550308,True,,34437,,,-23.6385675,-46.605017000000004,,,,2,2023-06-20T11:57:34+00:00
SAO_809N-10,São Paulo,3550308,True,,35012,,,-23.526702999999998,-46.7086525,,,,2,2023-06-20T11:57:17+00:00
SAO_809N-10,São Paulo,3550308,True,,35012,,,-23.5688545,-46.7650485,,,,2,2023-06-20T11:57:31+00:00
SAO_574R-10,São Paulo,3550308,True,,34391,,,-23.585980999999997,-46.53331,,,,2,2023-06-20T11:57:23+00:00
SAO_574R-10,São Paulo,3550308,True,,34391,,,-23.553181000000002,-46.578834125,,,,2,2023-06-20T11:57:38+00:00
SAO_574R-10,São Paulo,3550308,True,,34391,,,-23.614496,-46.500415000000004,,,,2,2023-06-20T11:57:34+00:00
SAO_574R-10,São Paulo,3550308,True,,34391,,,-23.6131265,-46.504025999999996,,,,2,2023-06-20T11:57:21+00:00
SAO_574R-10,São Paulo,3550308,True,,34391,,,-23.614496,-46.500415000000004,,,,2,2023-06-20T11:56:56+00:00
SAO_648P-10,São Paulo,3550308,True,,32834,,,-23.6550385,-46.761806,,,,2,2023-06-20T11:57:20+00:00
SAO_648P-10,São Paulo,3550308,True,,32834,,,-23.6295184375,-46.7088284375,,,,2,2023-06-20T11:57:36+00:00
SAO_669A-10,São Paulo,3550308,True,,4,,,-23.53471425,-46.64500699999999,,,,1,2023-06-20T11:57:08+00:00
SAO_669A-10,São Paulo,3550308,True,,4,,,-23.61499175,-46.6793665,,,,1,2023-06-20T11:57:22+00:00
SAO_669A-10,São Paulo,3550308,True,,4,,,-23.654157,-46.7105825,,,,1,2023-06-20T11:57:26+00:00
SAO_669A-10,São Paulo,3550308,True,,4,,,-23.56325125,-46.654227000000006,,,,1,2023-06-20T11:57:23+00:00
SAO_669A-10,São Paulo,3550308,True,,4,,,-23.540755249999997,-46.64650375000001,,,,1,2023-06-20T11:57:39+00:00
SAO_669A-10,São Paulo,3550308,True,,4,,,-23.580937499999997,-46.6646905,,,,1,2023-06-20T11:57:31+00:00
SAO_669A-10,São Paulo,3550308,True,,4,,,-23.644316125000003,-46.700134500000004,,,,1,2023-06-20T11:57:32+00:00
SAO_2032-10,São Paulo,3550308,True,,35034,,,-23.4843605,-46.573622,,,,2,2023-06-20T11:56:57+00:00
SAO_2032-10,São Paulo,3550308,True,,35034,,,-23.502732,-46.6189035,,,,2,2023-06-20T11:57:04+00:00
SAO_807A-10,São Paulo,3550308,True,,1900,,,-23.645789999999998,-46.7465015,,,,1,2023-06-20T11:57:23+00:00
SAO_2100-10,São Paulo,3550308,True,,33481,,,-23.558944,-46.5820955,,,,2,2023-06-20T11:57:20+00:00
SAO_2100-10,São Paulo,3550308,True,,33481,,,-23.5727035,-46.534527499999996,,,,2,2023-06-20T11:57:17+00:00
SAO_2100-10,São Paulo,3550308,True,,33481,,,-23.551023999999998,-46.6345835,,,,2,2023-06-20T11:57:26+00:00
SAO_2100-10,São Paulo,3550308,True,,33481,,,-23.558113,-46.5233375,,,,2,2023-06-20T11:57:34+00:00
SAO_2100-10,São Paulo,3550308,True,,33481,,,-23.5583985,-46.523131,,,,2,2023-06-20T11:57:13+00:00
SAO_546A-10,São Paulo,3550308,True,,1131,,,-23.660689499999997,-46.694739999999996,,,,1,2023-06-20T11:57:16+00:00
SAO_546A-10,São Paulo,3550308,True,,1131,,,-23.690098499999998,-46.678436000000005,,,,1,2023-06-20T11:57:23+00:00
SAO_546A-10,São Paulo,3550308,True,,1131,,,-23.6543235,-46.7042885,,,,1,2023-06-20T11:57:34+00:00
SAO_546A-10,São Paulo,3550308,True,,1131,,,-23.699271000000003,-46.648211,,,,1,2023-06-20T11:57:18+00:00
SAO_8677-10,São Paulo,3550308,True,,33211,,,-23.487316,-46.7325825,,,,2,2023-06-20T11:57:27+00:00
SAO_8677-10,São Paulo,3550308,True,,33211,,,-23.486895,-46.7342315,,,,2,2023-06-20T11:57:35+00:00
SAO_8677-10,São Paulo,3550308,True,,33211,,,-23.487080499999998,-46.731964500000004,,,,2,2023-06-20T11:57:31+00:00
SAO_8677-10,São Paulo,3550308,True,,33211,,,-23.487239000000002,-46.7323545,,,,2,2023-06-20T11:57:24+00:00
SAO_8677-10,São Paulo,3550308,True,,33211,,,-23.4899495,-46.755376999999996,,,,2,2023-06-20T11:57:29+00:00
SAO_6805-31,São Paulo,3550308,True,,1788,,,-23.643871,-46.73386,,,,1,2023-06-20T11:57:24+00:00
SAO_6805-31,São Paulo,3550308,True,,1788,,,-23.661498,-46.7401215,,,,1,2023-06-20T11:57:08+00:00
SAO_5142-10,São Paulo,3550308,True,,34394,,,-23.5858385,-46.589183,,,,2,2023-06-20T11:57:28+00:00
SAO_5142-10,São Paulo,3550308,True,,34394,,,-23.615893999999997,-46.51509,,,,2,2023-06-20T11:57:04+00:00
SAO_6970-10,São Paulo,3550308,True,,34273,,,-23.654252,-46.711555000000004,,,,2,2023-06-20T11:57:28+00:00
SAO_6970-10,São Paulo,3550308,True,,34273,,,-23.69331475,-46.71491,,,,2,2023-06-20T11:57:20+00:00
SAO_6970-10,São Paulo,3550308,True,,34273,,,-23.661628,-46.7066085,,,,2,2023-06-20T11:57:30+00:00
SAO_546J-31,São Paulo,3550308,True,,34783,,,-23.687589250000002,-46.6589635,,,,2,2023-06-20T11:57:09+00:00
SAO_546J-31,São Paulo,3550308,True,,34783,,,-23.663394,-46.684506999999996,,,,2,2023-06-20T11:56:59+00:00
SAO_5391-10,São Paulo,3550308,True,EMTU,171,https://moovitapp.com/index/pt-br/transporte_p%C3%BAblico-line-171-Sao_Paulo-242-2038937-36419310-0,4.8,-23.65228225,-46.705678875000004,,,,1,2023-06-20T11:57:10+00:00
SAO_5391-10,São Paulo,3550308,True,EMTU,171,https://moovitapp.com/index/pt-br/transporte_p%C3%BAblico-line-171-Sao_Paulo-242-2038937-36419310-0,4.8,-23.551886500000002,-46.6369505,,,,1,2023-06-20T11:57:05+00:00
SAO_5391-10,São Paulo,3550308,True,EMTU,171,https://moovitapp.com/index/pt-br/transporte_p%C3%BAblico-line-171-Sao_Paulo-242-2038937-36419310-0,4.8,-23.626333250000002,-46.6835205,,,,1,2023-06-20T11:56:55+00:00
SAO_5391-10,São Paulo,3550308,True,EMTU,171,https://moovitapp.com/index/pt-br/transporte_p%C3%BAblico-line-171-Sao_Paulo-242-2038937-36419310-0,4.8,-23.679529374999998,-46.764053375,,,,1,2023-06-20T11:57:35+00:00
SAO_5391-10,São Paulo,3550308,True,EMTU,171,https://moovitapp.com/index/pt-br/transporte_p%C3%BAblico-line-171-Sao_Paulo-242-2038937-36419310-0,4.8,-23.672098,-46.741896,,,,1,2023-06-20T11:57:26+00:00
SAO_5391-10,São Paulo,3550308,True,EMTU,171,https://moovitapp.com/index/pt-br/transporte_p%C3%BAblico-line-171-Sao_Paulo-242-2038937-36419310-0,4.8,-23.56357825,-46.64013575,,,,1,2023-06-20T11:56:55+00:00
SAO_875A-10,São Paulo,3550308,True,,609,,,-23.582784124999996,-46.637398000000005,,,,1,2023-06-20T11:57:18+00:00
SAO_875A-10,São Paulo,3550308,True,,609,,,-23.619836999999997,-46.63943725,,,,1,2023-06-20T11:56:58+00:00
SAO_875A-10,São Paulo,3550308,True,,609,,,-23.53291,-46.674701,,,,1,2023-06-20T11:57:16+00:00
SAO_875A-10,São Paulo,3550308,True,,609,,,-23.541710625,-46.646687875,,,,1,2023-06-20T11:57:21+00:00
SAO_875A-10,São Paulo,3550308,True,,609,,,-23.62491625,-46.661489,,,,1,2023-06-20T11:56:56+00:00
SAO_6840-10,São Paulo,3550308,True,,32969,,,-23.6609205,-46.7681685,,,,2,2023-06-20T11:54:56+00:00
SAO_6840-10,São Paulo,3550308,True,,32969,,,-23.738588749999998,-46.7910585,,,,2,2023-06-20T11:57:14+00:00
SAO_6840-10,São Paulo,3550308,True,,32969,,,-23.693933,-46.7796675,,,,2,2023-06-20T11:56:59+00:00
SAO_6840-10,São Paulo,3550308,True,,32969,,,-23.738588749999998,-46.7910585,,,,2,2023-06-20T11:57:17+00:00
SAO_6840-10,São Paulo,3550308,True,,32969,,,-23.734759750000002,-46.78797175,,,,2,2023-06-20T11:57:09+00:00
SAO_3064-10,São Paulo,3550308,True,,33748,,,-23.559675499999997,-46.412636500000005,,,,2,2023-06-20T11:57:33+00:00
SAO_3064-10,São Paulo,3550308,True,,33748,,,-23.577301,-46.4161555,,,,2,2023-06-20T11:57:30+00:00
SAO_3064-10,São Paulo,3550308,True,,33748,,,-23.581212999999998,-46.4153855,,,,2,2023-06-20T11:56:59+00:00
SAO_3064-10,São Paulo,3550308,True,,33748,,,-23.5897155,-46.4082945,,,,2,2023-06-20T11:57:22+00:00
SAO_3064-10,São Paulo,3550308,True,,33748,,,-23.602252999999997,-46.3983735,,,,2,2023-06-20T11:57:26+00:00
SAO_3064-10,São Paulo,3550308,True,,33748,,,-23.602252999999997,-46.3983735,,,,2,2023-06-20T11:56:57+00:00
SAO_3064-10,São Paulo,3550308,True,,33748,,,-23.543045,-46.415614500000004,,,,2,2023-06-20T11:56:06+00:00
SAO_805L-10,São Paulo,3550308,True,,32892,,,-23.537941375000003,-46.654642124999995,,,,2,2023-06-20T11:57:07+00:00
SAO_805L-10,São Paulo,3550308,True,,32892,,,-23.565940499999996,-46.6509805,,,,2,2023-06-20T11:57:38+00:00
SAO_805L-10,São Paulo,3550308,True,,32892,,,-23.542480125,-46.656154625,,,,2,2023-06-20T11:57:23+00:00
SAO_978J-10,São Paulo,3550308,True,EMTU,591,https://moovitapp.com/index/pt-br/transporte_p%C3%BAblico-line-591-Sao_Paulo-242-2038937-36419577-0,5.4,-23.477806,-46.7206345,,,,1,2023-06-20T11:57:30+00:00
SAO_978J-10,São Paulo,3550308,True,EMTU,591,https://moovitapp.com/index/pt-br/transporte_p%C3%BAblico-line-591-Sao_Paulo-242-2038937-36419577-0,5.4,-23.5163215,-46.6987005,,,,1,2023-06-20T11:57:15+00:00
SAO_978J-10,São Paulo,3550308,True,EMTU,591,https://moovitapp.com/index/pt-br/transporte_p%C3%BAblico-line-591-Sao_Paulo-242-2038937-36419577-0,5.4,-23.5376215,-46.6488435,,,,1,2023-06-20T11:57:29+00:00
SAO_978J-10,São Paulo,3550308,True,EMTU,591,https://moovitapp.com/index/pt-br/transporte_p%C3%BAblico-line-591-Sao_Paulo-242-2038937-36419577-0,5.4,-23.448709,-46.7344865,,,,1,2023-06-20T11:56:59+00:00
SAO_1720-21,São Paulo,3550308,True,,1937,,,-23.481333749999997,-46.604004375,,,,1,2023-06-20T11:56:54+00:00
SAO_6039-10,São Paulo,3550308,True,,33985,,,-23.686886,-46.800449,,,,2,2023-06-20T11:56:55+00:00
SAO_6039-10,São Paulo,3550308,True,,33985,,,-23.6830265,-46.7973705,,,,2,2023-06-20T11:57:08+00:00
SAO_6039-10,São Paulo,3550308,True,,33985,,,-23.685768,-46.8012385,,,,2,2023-06-20T11:57:12+00:00
SAO_6039-10,São Paulo,3550308,True,,33985,,,-23.6515345,-46.71320275,,,,2,2023-06-20T11:57:23+00:00
SAO_6110-10,São Paulo,3550308,True,,1184,,,-23.757465,-46.7053555,,,,1,2023-06-20T11:57:24+00:00
SAO_6110-10,São Paulo,3550308,True,,1184,,,-23.691787749999996,-46.69818975,,,,1,2023-06-20T11:57:23+00:00
SAO_6110-10,São Paulo,3550308,True,,1184,,,-23.753162500000002,-46.710303499999995,,,,1,2023-06-20T11:57:37+00:00
SAO_6110-10,São Paulo,3550308,True,,1184,,,-23.719117500000003,-46.701543,,,,1,2023-06-20T11:57:01+00:00
SAO_6110-10,São Paulo,3550308,True,,1184,,,-23.751383500000003,-46.71052,,,,1,2023-06-20T11:57:16+00:00
SAO_6110-10,São Paulo,3550308,True,,1184,,,-23.6851195,-46.692526,,,,1,2023-06-20T11:57:26+00:00
SAO_6110-10,São Paulo,3550308,True,,1184,,,-23.631211999999998,-46.668865,,,,1,2023-06-20T11:57:13+00:00
SAO_6110-10,São Paulo,3550308,True,,1184,,,-23.729051,-46.7176095,,,,1,2023-06-20T11:57:31+00:00
SAO_6110-10,São Paulo,3550308,True,,1184,,,-23.757465,-46.7053555,,,,1,2023-06-20T11:57:24+00:00
SAO_199D-10,São Paulo,3550308,True,,2135,,,-23.50033275,-46.70682,,,,1,2023-06-20T11:57:33+00:00
SAO_199D-10,São Paulo,3550308,True,,2135,,,-23.53037125,-46.690591999999995,,,,1,2023-06-20T11:57:13+00:00
SAO_199D-10,São Paulo,3550308,True,,2135,,,-23.485856,-46.71054650000001,,,,1,2023-06-20T11:57:20+00:00
SAO_199D-10,São Paulo,3550308,True,,2135,,,-23.522025499999998,-46.702943250000004,,,,1,2023-06-20T11:57:35+00:00
SAO_199D-10,São Paulo,3550308,True,,2135,,,-23.553778625,-46.67525875,,,,1,2023-06-20T11:57:29+00:00
SAO_199D-10,São Paulo,3550308,True,,2135,,,-23.566024,-46.7019375,,,,1,2023-06-20T11:57:17+00:00
SAO_3003-10,São Paulo,3550308,True,,34565,,,-23.490607125,-46.42236175000001,,,,2,2023-06-20T11:57:16+00:00
SAO_3003-10,São Paulo,3550308,True,,34565,,,-23.479100875,-46.421538125,,,,2,2023-06-20T11:57:14+00:00
SAO_4035-10,São Paulo,3550308,True,,2560,,,-23.542741499999998,-46.470274,,,,1,2023-06-20T11:57:14+00:00
SAO_4035-10,São Paulo,3550308,True,,2560,,,-23.5542005,-46.413343499999996,,,,1,2023-06-20T11:56:08+00:00
SAO_4035-10,São Paulo,3550308,True,,2560,,,-23.5571465,-46.4449105,,,,1,2023-06-20T11:57:23+00:00
SAO_4035-10,São Paulo,3550308,True,,2560,,,-23.558587000000003,-46.399857999999995,,,,1,2023-06-20T11:57:21+00:00
SAO_4035-10,São Paulo,3550308,True,,2560,,,-23.5624755,-46.42385225,,,,1,2023-06-20T11:56:41+00:00
SAO_5185-10,São Paulo,3550308,True,,34076,,,-23.54893,-46.62942425,,,,2,2023-06-20T11:56:56+00:00
SAO_5185-10,São Paulo,3550308,True,,34076,,,-23.57965175,-46.6557275,,,,2,2023-06-20T11:57:27+00:00
SAO_5185-10,São Paulo,3550308,True,,34076,,,-23.667807,-46.7355005,,,,2,2023-06-20T11:57:18+00:00
SAO_5185-10,São Paulo,3550308,True,,34076,,,-23.636635375000004,-46.67065075000001,,,,2,2023-06-20T11:57:19+00:00
SAO_1701-10,São Paulo,3550308,True,EMTU,845,https://moovitapp.com/index/pt-br/transporte_p%C3%BAblico-line-845-Sao_Paulo-242-2038937-36419607-0,5.15,-23.481244,-46.60159,,,,1,2023-06-20T11:57:36+00:00
SAO_1701-10,São Paulo,3550308,True,EMTU,845,https://moovitapp.com/index/pt-br/transporte_p%C3%BAblico-line-845-Sao_Paulo-242-2038937-36419607-0,5.15,-23.4649195,-46.585111,,,,1,2023-06-20T11:57:35+00:00
SAO_675N-10,São Paulo,3550308,True,,33130,,,-23.601115125,-46.67931475,,,,2,2023-06-20T11:57:13+00:00
SAO_675N-10,São Paulo,3550308,True,,33130,,,-23.6406496875,-46.71588,,,,2,2023-06-20T11:57:26+00:00
SAO_675N-10,São Paulo,3550308,True,,33130,,,-23.654259500000002,-46.7122535,,,,2,2023-06-20T11:57:00+00:00
SAO_3737-31,São Paulo,3550308,True,,34122,,,-23.5302815,-46.5166185,,,,2,2023-06-20T11:57:16+00:00
SAO_5143-10,São Paulo,3550308,True,,34396,,,-23.552304,-46.627226,,,,2,2023-06-20T11:57:29+00:00
SAO_5143-10,São Paulo,3550308,True,,34396,,,-23.614544,-46.500679,,,,2,2023-06-20T11:57:21+00:00
SAO_5143-10,São Paulo,3550308,True,,34396,,,-23.615294499999997,-46.500240500000004,,,,2,2023-06-20T11:56:58+00:00
SAO_9785-10,São Paulo,3550308,True,,828,,,-23.456134,-46.699102499999995,,,,1,2023-06-20T11:57:02+00:00
SAO_9785-10,São Paulo,3550308,True,,828,,,-23.458394499999997,-46.6995575,,,,1,2023-06-20T11:57:16+00:00
SAO_9785-10,São Paulo,3550308,True,,828,,,-23.509992500000003,-46.689858,,,,1,2023-06-20T11:57:18+00:00
SAO_9785-10,São Paulo,3550308,True,,828,,,-23.490685,-46.6888225,,,,1,2023-06-20T11:57:21+00:00
SAO_9785-10,São Paulo,3550308,True,,828,,,-23.4731455,-46.690348,,,,1,2023-06-20T11:57:17+00:00
SAO_9785-10,São Paulo,3550308,True,,828,,,-23.526884000000003,-46.673045,,,,1,2023-06-20T11:57:12+00:00
SAO_9785-10,São Paulo,3550308,True,,828,,,-23.4562905,-46.6991,,,,1,2023-06-20T11:56:03+00:00
SAO_477P-10,São Paulo,3550308,True,,33116,,,-23.5850305,-46.74413,,,,2,2023-06-20T11:57:07+00:00
SAO_477P-10,São Paulo,3550308,True,,33116,,,-23.6135245,-46.6090195,,,,2,2023-06-20T11:57:01+00:00
SAO_477P-10,São Paulo,3550308,True,,33116,,,-23.61936175,-46.670969,,,,2,2023-06-20T11:57:12+00:00
SAO_477P-10,São Paulo,3550308,True,,33116,,,-23.5827815,-46.6840725,,,,2,2023-06-20T11:57:04+00:00
SAO_5757-51,São Paulo,3550308,True,,1976,,,-23.6975695,-46.648551,,,,1,2023-06-20T11:57:27+00:00
SAO_5757-51,São Paulo,3550308,True,,1976,,,-23.670641,-46.647064,,,,1,2023-06-20T11:57:10+00:00
SAO_5757-51,São Paulo,3550308,True,,1976,,,-23.6876125,-46.640291000000005,,,,1,2023-06-20T11:57:14+00:00
SAO_5757-51,São Paulo,3550308,True,,1976,,,-23.658004,-46.65377575,,,,1,2023-06-20T11:57:12+00:00
SAO_6016-10,São Paulo,3550308,True,,32852,,,-23.7530115,-46.6886865,,,,2,2023-06-20T11:57:24+00:00
SAO_6016-10,São Paulo,3550308,True,,32852,,,-23.768704,-46.6764785,,,,2,2023-06-20T11:57:04+00:00
SAO_807P-10,São Paulo,3550308,True,,2099,,,-23.6438225,-46.730221,,,,1,2023-06-20T11:57:37+00:00
SAO_807P-10,São Paulo,3550308,True,,2099,,,-23.6324505,-46.727559,,,,1,2023-06-20T11:57:03+00:00
SAO_807P-10,São Paulo,3550308,True,,2099,,,-23.615980999999998,-46.721008499999996,,,,1,2023-06-20T11:57:09+00:00
SAO_807P-10,São Paulo,3550308,True,,2099,,,-23.624766,-46.72516175,,,,1,2023-06-20T11:57:09+00:00
SAO_807P-10,São Paulo,3550308,True,,2099,,,-23.615980999999998,-46.721008499999996,,,,1,2023-06-20T11:57:35+00:00
SAO_6804-10,São Paulo,3550308,True,BR7 Mobilidade,30,https://moovitapp.com/index/pt-br/transporte_p%C3%BAblico-line-30-Sao_Paulo-242-851856-500112-0,5.75,-23.640328,-46.74752075,,,,1,2023-06-20T11:57:10+00:00
SAO_8686-10,São Paulo,3550308,True,,33214,,,-23.525676875,-46.679121125,,,,2,2023-06-20T11:57:09+00:00
SAO_2717-10,São Paulo,3550308,True,Urubupungá,930,https://moovitapp.com/index/pt-br/transporte_p%C3%BAblico-line-930-Sao_Paulo-242-873835-496473-0,4.6,-23.502852,-46.5085045,,,,1,2023-06-20T11:57:20+00:00
SAO_2717-10,São Paulo,3550308,True,Urubupungá,930,https://moovitapp.com/index/pt-br/transporte_p%C3%BAblico-line-930-Sao_Paulo-242-873835-496473-0,4.6,-23.5287615,-46.516549499999996,,,,1,2023-06-20T11:57:21+00:00
SAO_2717-10,São Paulo,3550308,True,Urubupungá,930,https://moovitapp.com/index/pt-br/transporte_p%C3%BAblico-line-930-Sao_Paulo-242-873835-496473-0,4.6,-23.5186845,-46.520174,,,,1,2023-06-20T11:57:02+00:00
SAO_4732-10,São Paulo,3550308,True,,33070,,,-23.63145875,-46.6079965,,,,2,2023-06-20T11:57:15+00:00
SAO_4732-10,São Paulo,3550308,True,,33070,,,-23.647584000000002,-46.6004335,,,,2,2023-06-20T11:57:09+00:00
SAO_4732-10,São Paulo,3550308,True,,33070,,,-23.647517999999998,-46.6006515,,,,2,2023-06-20T11:57:30+00:00
SAO_273N-41,São Paulo,3550308,True,,391,,,-23.51689375,-46.4684785,,,,1,2023-06-20T11:56:59+00:00
SAO_273N-41,São Paulo,3550308,True,,391,,,-23.496948875,-46.400600749999995,,,,1,2023-06-20T11:57:21+00:00
SAO_3141-10,São Paulo,3550308,True,,734,,,-23.612312,-46.5042505,,,,1,2023-06-20T11:56:46+00:00
SAO_3141-10,São Paulo,3550308,True,,734,,,-23.612431,-46.478824,,,,1,2023-06-20T11:57:06+00:00
SAO_3141-10,São Paulo,3550308,True,,734,,,-23.551533,-46.579755,,,,1,2023-06-20T11:57:00+00:00
SAO_3141-10,São Paulo,3550308,True,,734,,,-23.612431,-46.478824,,,,1,2023-06-20T11:57:12+00:00
SAO_3141-10,São Paulo,3550308,True,,734,,,-23.579844,-46.538931500000004,,,,1,2023-06-20T11:57:24+00:00
SAO_5020-10,São Paulo,3550308,True,,1670,,,-23.6008675,-46.596215,,,,1,2023-06-20T11:57:26+00:00
SAO_5020-10,São Paulo,3550308,True,,1670,,,-23.6025585,-46.6028405,,,,1,2023-06-20T11:57:27+00:00
SAO_5020-10,São Paulo,3550308,True,,1670,,,-23.60026825,-46.60241775,,,,1,2023-06-20T11:57:01+00:00
SAO_8700-1,São Paulo,3550308,True,,2508,,,-23.616358750000003,-46.75709175,,,,1,2023-06-20T11:57:14+00:00
SAO_8700-1,São Paulo,3550308,True,,2508,,,-23.553685,-46.66035525,,,,1,2023-06-20T11:57:25+00:00
SAO_8700-1,São Paulo,3550308,True,,2508,,,-23.622234,-46.760436999999996,,,,1,2023-06-20T11:57:25+00:00
SAO_6L10-10,São Paulo,3550308,True,,1159,,,-23.766939,-46.716361,,,,1,2023-06-20T11:56:58+00:00
SAO_6L10-10,São Paulo,3550308,True,,1159,,,-23.767440999999998,-46.716431,,,,1,2023-06-20T11:57:27+00:00
SAO_6L10-10,São Paulo,3550308,True,,1159,,,-23.767440999999998,-46.716431,,,,1,2023-06-20T11:57:20+00:00
SAO_6L10-10,São Paulo,3550308,True,,1159,,,-23.767440999999998,-46.716431,,,,1,2023-06-20T11:57:21+00:00
SAO_6037-10,São Paulo,3550308,True,,1215,,,-23.64102075,-46.723828,,,,1,2023-06-20T11:57:17+00:00
SAO_6037-10,São Paulo,3550308,True,,1215,,,-23.65279,-46.778128499999994,,,,1,2023-06-20T11:57:24+00:00
SAO_6037-10,São Paulo,3550308,True,,1215,,,-23.649607000000003,-46.707680499999995,,,,1,2023-06-20T11:57:02+00:00
SAO_6037-10,São Paulo,3550308,True,,1215,,,-23.6493575,-46.7848365,,,,1,2023-06-20T11:57:09+00:00
SAO_6037-10,São Paulo,3550308,True,,1215,,,-23.660608,-46.7679,,,,1,2023-06-20T11:57:15+00:00
SAO_6037-10,São Paulo,3550308,True,,1215,,,-23.644247749999998,-46.7435985,,,,1,2023-06-20T11:57:36+00:00
SAO_8015-10,São Paulo,3550308,True,,1345,,,-23.453994,-46.711870000000005,,,,1,2023-06-20T11:57:37+00:00
SAO_8015-10,São Paulo,3550308,True,,1345,,,-23.4645835,-46.714367499999994,,,,1,2023-06-20T11:57:26+00:00
SAO_8015-10,São Paulo,3550308,True,,1345,,,-23.4084755,-46.734922499999996,,,,1,2023-06-20T11:56:55+00:00
SAO_8015-10,São Paulo,3550308,True,,1345,,,-23.4048385,-46.753668000000005,,,,1,2023-06-20T11:57:36+00:00
SAO_8015-10,São Paulo,3550308,True,,1345,,,-23.399631874999997,-46.74878575,,,,1,2023-06-20T11:57:07+00:00
SAO_8015-10,São Paulo,3550308,True,,1345,,,-23.389069499999998,-46.734939,,,,1,2023-06-20T11:57:17+00:00
SAO_3054-10,São Paulo,3550308,True,,33743,,,-23.595101,-46.4507045,,,,2,2023-06-20T11:57:13+00:00
SAO_3054-10,São Paulo,3550308,True,,33743,,,-23.609623,-46.4081455,,,,2,2023-06-20T11:57:28+00:00
SAO_3054-10,São Paulo,3550308,True,,33743,,,-23.5925655,-46.49006875,,,,2,2023-06-20T11:57:19+00:00
SAO_5013-10,São Paulo,3550308,True,,33885,,,-23.6871925,-46.6388125,,,,2,2023-06-20T11:57:24+00:00
SAO_5013-10,São Paulo,3550308,True,,33885,,,-23.677901249999998,-46.683391875,,,,2,2023-06-20T11:57:29+00:00
SAO_5013-10,São Paulo,3550308,True,,33885,,,-23.679972,-46.655108999999996,,,,2,2023-06-20T11:55:29+00:00
SAO_5013-10,São Paulo,3550308,True,,33885,,,-23.65908975,-46.7012395,,,,2,2023-06-20T11:57:03+00:00
SAO_3021-10,São Paulo,3550308,True,STT,276,https://moovitapp.com/index/pt-br/transporte_p%C3%BAblico-line-276-Sao_Paulo-242-850661-183276-0,5.3,-23.598543,-46.5201735,,,,1,2023-06-20T11:57:04+00:00
SAO_2720-31,São Paulo,3550308,True,,1842,,,-23.500456749999998,-46.47853549999999,,,,1,2023-06-20T11:57:21+00:00
SAO_2720-31,São Paulo,3550308,True,,1842,,,-23.487233,-46.4695945,,,,1,2023-06-20T11:57:07+00:00
SAO_342N-10,São Paulo,3550308,True,,33771,,,-23.565182,-46.397580000000005,,,,2,2023-06-20T11:57:30+00:00
SAO_342N-10,São Paulo,3550308,True,,33771,,,-23.54306125,-46.42399625,,,,2,2023-06-20T11:56:57+00:00
SAO_502J-21,São Paulo,3550308,True,,34874,,,-23.6836845,-46.66801,,,,2,2023-06-20T11:57:11+00:00
SAO_502J-21,São Paulo,3550308,True,,34874,,,-23.68981275,-46.66692025,,,,2,2023-06-20T11:57:04+00:00
SAO_502J-21,São Paulo,3550308,True,,34874,,,-23.7060275,-46.6879755,,,,2,2023-06-20T11:57:25+00:00
SAO_502J-21,São Paulo,3550308,True,,34874,,,-23.675847,-46.6617375,,,,2,2023-06-20T11:57:06+00:00
SAO_502J-21,São Paulo,3550308,True,,34874,,,-23.694718249999998,-46.679562250000004,,,,2,2023-06-20T11:57:05+00:00
SAO_2582-10,São Paulo,3550308,True,EMTU,374,https://moovitapp.com/index/pt-br/transporte_p%C3%BAblico-line-374-Sao_Paulo-242-2038937-36419448-0,3.7,-23.499812750000004,-46.528364374999995,,,,1,2023-06-20T11:54:55+00:00
SAO_2582-10,São Paulo,3550308,True,EMTU,374,https://moovitapp.com/index/pt-br/transporte_p%C3%BAblico-line-374-Sao_Paulo-242-2038937-36419448-0,3.7,-23.499802250000002,-46.528645125,,,,1,2023-06-20T11:57:08+00:00
SAO_2582-10,São Paulo,3550308,True,EMTU,374,https://moovitapp.com/index/pt-br/transporte_p%C3%BAblico-line-374-Sao_Paulo-242-2038937-36419448-0,3.7,-23.498489125,-46.442313375,,,,1,2023-06-20T11:57:05+00:00
SAO_2582-10,São Paulo,3550308,True,EMTU,374,https://moovitapp.com/index/pt-br/transporte_p%C3%BAblico-line-374-Sao_Paulo-242-2038937-36419448-0,3.7,-23.531905000000002,-46.56037025,,,,1,2023-06-20T11:57:36+00:00
SAO_2582-10,São Paulo,3550308,True,EMTU,374,https://moovitapp.com/index/pt-br/transporte_p%C3%BAblico-line-374-Sao_Paulo-242-2038937-36419448-0,3.7,-23.4860565,-46.478743,,,,1,2023-06-20T11:57:26+00:00
SAO_6013-10,São Paulo,3550308,True,,32954,,,-23.674899500000002,-46.748306,,,,2,2023-06-20T11:57:37+00:00
SAO_6013-10,São Paulo,3550308,True,,32954,,,-23.688845375,-46.77301675,,,,2,2023-06-20T11:57:27+00:00
SAO_6013-10,São Paulo,3550308,True,,32954,,,-23.653890625,-46.71154075,,,,2,2023-06-20T11:57:08+00:00
SAO_8047-10,São Paulo,3550308,True,EMTU,408,https://moovitapp.com/index/pt-br/transporte_p%C3%BAblico-line-408-Sao_Paulo-242-2038937-36419468-0,7.55,-23.447635,-46.743793,,,,1,2023-06-20T11:56:55+00:00
SAO_8047-10,São Paulo,3550308,True,EMTU,408,https://moovitapp.com/index/pt-br/transporte_p%C3%BAblico-line-408-Sao_Paulo-242-2038937-36419468-0,7.55,-23.507467,-46.748749000000004,,,,1,2023-06-20T11:57:36+00:00
SAO_8047-10,São Paulo,3550308,True,EMTU,408,https://moovitapp.com/index/pt-br/transporte_p%C3%BAblico-line-408-Sao_Paulo-242-2038937-36419468-0,7.55,-23.4749175,-46.753941499999996,,,,1,2023-06-20T11:57:34+00:00
SAO_8047-10,São Paulo,3550308,True,EMTU,408,https://moovitapp.com/index/pt-br/transporte_p%C3%BAblico-line-408-Sao_Paulo-242-2038937-36419468-0,7.55,-23.51945,-46.711819750000004,,,,1,2023-06-20T11:57:06+00:00
SAO_4006-21,São Paulo,3550308,True,,35250,,,-23.59722475,-46.436351125,,,,2,2023-06-20T11:57:25+00:00
SAO_4006-21,São Paulo,3550308,True,,35250,,,-23.605480999999997,-46.4342665,,,,2,2023-06-20T11:57:22+00:00
SAO_677V-10,São Paulo,3550308,True,,32880,,,-23.722095000000003,-46.692184999999995,,,,2,2023-06-20T11:57:32+00:00
SAO_677V-10,São Paulo,3550308,True,,32880,,,-23.744177999999998,-46.709981,,,,2,2023-06-20T11:57:23+00:00
SAO_677V-10,São Paulo,3550308,True,,32880,,,-23.730078499999998,-46.709237,,,,2,2023-06-20T11:57:11+00:00
SAO_677V-10,São Paulo,3550308,True,,32880,,,-23.744776,-46.7090805,,,,2,2023-06-20T11:57:08+00:00
SAO_6475-10,São Paulo,3550308,True,,34085,,,-23.581545750000004,-46.684775125,,,,2,2023-06-20T11:57:29+00:00
SAO_6475-10,São Paulo,3550308,True,,34085,,,-23.670795,-46.759704,,,,2,2023-06-20T11:57:00+00:00
SAO_6475-10,São Paulo,3550308,True,,34085,,,-23.675430499999997,-46.773945,,,,2,2023-06-20T11:57:37+00:00
SAO_7545-10,São Paulo,3550308,True,,504,,,-23.591665499999998,-46.7752785,,,,1,2023-06-20T11:57:26+00:00
SAO_7545-10,São Paulo,3550308,True,,504,,,-23.585051,-46.743649,,,,1,2023-06-20T11:57:38+00:00
SAO_7545-10,São Paulo,3550308,True,,504,,,-23.596007,-46.789506,,,,1,2023-06-20T11:57:29+00:00
SAO_7545-10,São Paulo,3550308,True,,504,,,-23.5730805,-46.705319,,,,1,2023-06-20T11:57:28+00:00
SAO_7545-10,São Paulo,3550308,True,,504,,,-23.57180625,-46.697193,,,,1,2023-06-20T11:57:18+00:00
SAO_7545-10,São Paulo,3550308,True,,504,,,-23.5477505,-46.641476,,,,1,2023-06-20T11:57:32+00:00
SAO_7545-10,São Paulo,3550308,True,,504,,,-23.547722,-46.641317,,,,1,2023-06-20T11:57:13+00:00
SAO_3739-10,São Paulo,3550308,True,,33807,,,-23.560632,-46.445890250000005,,,,2,2023-06-20T11:57:17+00:00
SAO_3739-10,São Paulo,3550308,True,,33807,,,-23.594759,-46.4444055,,,,2,2023-06-20T11:57:39+00:00
SAO_3739-10,São Paulo,3550308,True,,33807,,,-23.61229,-46.416155,,,,2,2023-06-20T11:57:13+00:00
SAO_3739-10,São Paulo,3550308,True,,33807,,,-23.612792,-46.415865499999995,,,,2,2023-06-20T11:57:21+00:00
SAO_3739-10,São Paulo,3550308,True,,33807,,,-23.6121585,-46.416186499999995,,,,2,2023-06-20T11:57:20+00:00
SAO_3739-10,São Paulo,3550308,True,,33807,,,-23.544307500000002,-46.4650025,,,,2,2023-06-20T11:57:26+00:00
SAO_5194-10,São Paulo,3550308,True,EMTU,269,https://moovitapp.com/index/pt-br/transporte_p%C3%BAblico-line-269-Sao_Paulo-242-2038937-36419377-0,5.35,-23.6029775,-46.651044999999996,,,,1,2023-06-20T11:57:29+00:00
SAO_5194-10,São Paulo,3550308,True,EMTU,269,https://moovitapp.com/index/pt-br/transporte_p%C3%BAblico-line-269-Sao_Paulo-242-2038937-36419377-0,5.35,-23.695206499999998,-46.6534155,,,,1,2023-06-20T11:55:17+00:00
SAO_5194-10,São Paulo,3550308,True,EMTU,269,https://moovitapp.com/index/pt-br/transporte_p%C3%BAblico-line-269-Sao_Paulo-242-2038937-36419377-0,5.35,-23.6769645,-46.680664,,,,1,2023-06-20T11:57:10+00:00
SAO_3462-41,São Paulo,3550308,True,EMTU,248,https://moovitapp.com/index/pt-br/transporte_p%C3%BAblico-line-248-Sao_Paulo-242-2038937-36419360-0,6.8,-23.5224935,-46.45894625,,,,1,2023-06-20T11:57:13+00:00
SAO_2703-22,São Paulo,3550308,True,,34577,,,-23.542657499999997,-46.4698,,,,2,2023-06-20T11:57:32+00:00
SAO_2703-22,São Paulo,3550308,True,,34577,,,-23.542657499999997,-46.4698,,,,2,2023-06-20T11:57:29+00:00
SAO_2703-22,São Paulo,3550308,True,,34577,,,-23.542657499999997,-46.4698,,,,2,2023-06-20T11:57:28+00:00
SAO_6042-10,São Paulo,3550308,True,,1219,,,-23.645789999999998,-46.7465015,,,,1,2023-06-20T11:57:36+00:00
SAO_6042-10,São Paulo,3550308,True,,1219,,,-23.65436375,-46.760079499999996,,,,1,2023-06-20T11:57:22+00:00
SAO_6042-10,São Paulo,3550308,True,,1219,,,-23.667949,-46.7730995,,,,1,2023-06-20T11:57:13+00:00
SAO_6042-10,São Paulo,3550308,True,,1219,,,-23.6741105,-46.76563,,,,1,2023-06-20T11:57:01+00:00
SAO_6042-10,São Paulo,3550308,True,,1219,,,-23.672669,-46.7646945,,,,1,2023-06-20T11:57:38+00:00
SAO_6455-10,São Paulo,3550308,True,,63,,,-23.64464325,-46.727139,,,,1,2023-06-20T11:57:37+00:00
SAO_6455-10,São Paulo,3550308,True,,63,,,-23.564071249999998,-46.64025475,,,,1,2023-06-20T11:57:27+00:00
SAO_6455-10,São Paulo,3550308,True,,63,,,-23.630246125,-46.68725275,,,,1,2023-06-20T11:57:22+00:00
SAO_4086-10,São Paulo,3550308,True,,2250,,,-23.5830665,-46.4074345,,,,1,2023-06-20T11:57:29+00:00
SAO_175P-10,São Paulo,3550308,True,,33443,,,-23.543194624999998,-46.67249162499999,,,,2,2023-06-20T11:57:38+00:00
SAO_175P-10,São Paulo,3550308,True,,33443,,,-23.5708805,-46.644690375,,,,2,2023-06-20T11:57:24+00:00
SAO_175P-10,São Paulo,3550308,True,,33443,,,-23.502966999999998,-46.6260415,,,,2,2023-06-20T11:56:54+00:00
SAO_3745-10,São Paulo,3550308,True,,33812,,,-23.55016825,-46.533999,,,,2,2023-06-20T11:57:17+00:00
SAO_3745-10,São Paulo,3550308,True,,33812,,,-23.589163499999998,-46.500732,,,,2,2023-06-20T11:56:58+00:00
SAO_3745-10,São Paulo,3550308,True,,33812,,,-23.587106499999997,-46.5167715,,,,2,2023-06-20T11:57:34+00:00
SAO_3745-10,São Paulo,3550308,True,,33812,,,-23.542893499999998,-46.54821725000001,,,,2,2023-06-20T11:57:15+00:00
SAO_8027-10,São Paulo,3550308,True,,34930,,,-23.568198,-46.765418,,,,2,2023-06-20T11:57:35+00:00
SAO_8027-10,São Paulo,3550308,True,,34930,,,-23.5680185,-46.765499500000004,,,,2,2023-06-20T11:57:32+00:00
SAO_5029-10,São Paulo,3550308,True,,34440,,,-23.628492,-46.5859155,,,,2,2023-06-20T11:57:07+00:00
SAO_5029-10,São Paulo,3550308,True,,34440,,,-23.602469499999998,-46.6026025,,,,2,2023-06-20T11:57:17+00:00
SAO_5029-10,São Paulo,3550308,True,,34440,,,-23.6284755,-46.5863025,,,,2,2023-06-20T11:56:58+00:00
SAO_5029-10,São Paulo,3550308,True,,34440,,,-23.62019675,-46.5893065,,,,2,2023-06-20T11:57:36+00:00
SAO_5029-10,São Paulo,3550308,True,,34440,,,-23.628492,-46.5859155,,,,2,2023-06-20T11:57:30+00:00
SAO_1771-10,São Paulo,3550308,True,,634,,,-23.478594,-46.6063535,,,,1,2023-06-20T11:57:11+00:00
SAO_1771-10,São Paulo,3550308,True,,634,,,-23.4492635,-46.5886495,,,,1,2023-06-20T11:57:33+00:00
SAO_1771-10,São Paulo,3550308,True,,634,,,-23.502498000000003,-46.62359549999999,,,,1,2023-06-20T11:56:57+00:00
SAO_5701-10,São Paulo,3550308,True,,1136,,,-23.635625,-46.6414725,,,,1,2023-06-20T11:57:32+00:00
SAO_5701-10,São Paulo,3550308,True,,1136,,,-23.621581749999997,-46.682109749999995,,,,1,2023-06-20T11:57:17+00:00
SAO_5701-10,São Paulo,3550308,True,,1136,,,-23.635625,-46.6414725,,,,1,2023-06-20T11:56:59+00:00
SAO_5701-10,São Paulo,3550308,True,,1136,,,-23.635625,-46.6414725,,,,1,2023-06-20T11:57:36+00:00
SAO_5701-10,São Paulo,3550308,True,,1136,,,-23.649718874999998,-46.6610735,,,,1,2023-06-20T11:57:33+00:00
SAO_874T-10,São Paulo,3550308,True,,33075,,,-23.577941625,-46.601712,,,,2,2023-06-20T11:57:17+00:00
SAO_874T-10,São Paulo,3550308,True,,33075,,,-23.577792125000002,-46.601164,,,,2,2023-06-20T11:57:18+00:00
SAO_874T-10,São Paulo,3550308,True,,33075,,,-23.528504750000003,-46.67677775,,,,2,2023-06-20T11:57:17+00:00
SAO_874T-10,São Paulo,3550308,True,,33075,,,-23.518703000000002,-46.707107500000006,,,,2,2023-06-20T11:57:02+00:00
SAO_874T-10,São Paulo,3550308,True,,33075,,,-23.5818855,-46.638222,,,,2,2023-06-20T11:57:20+00:00
SAO_5391-10,São Paulo,3550308,True,,32939,,,-23.661175,-46.7072285,,,,2,2023-06-20T11:57:11+00:00
SAO_5391-10,São Paulo,3550308,True,,32939,,,-23.692826,-46.7782155,,,,2,2023-06-20T11:57:14+00:00
SAO_5391-10,São Paulo,3550308,True,,32939,,,-23.692826,-46.7782155,,,,2,2023-06-20T11:57:06+00:00
SAO_5391-10,São Paulo,3550308,True,,32939,,,-23.609073625,-46.667456124999994,,,,2,2023-06-20T11:57:31+00:00
SAO_5391-10,São Paulo,3550308,True,,32939,,,-23.6926535,-46.777950000000004,,,,2,2023-06-20T11:56:53+00:00
SAO_4001-10,São Paulo,3550308,True,,2176,,,-23.550223000000003,-46.51055,,,,1,2023-06-20T11:57:00+00:00
SAO_4001-10,São Paulo,3550308,True,,2176,,,-23.548201499999998,-46.455090999999996,,,,1,2023-06-20T11:56:58+00:00
SAO_7016-21,São Paulo,3550308,True,,2142,,,-23.6823905,-46.735449,,,,1,2023-06-20T11:57:37+00:00
SAO_7016-21,São Paulo,3550308,True,,2142,,,-23.6539175,-46.710299500000005,,,,1,2023-06-20T11:57:35+00:00
SAO_2028-10,São Paulo,3550308,True,,2263,,,-23.44004375,-46.577881,,,,1,2023-06-20T11:57:09+00:00
SAO_2028-10,São Paulo,3550308,True,,2263,,,-23.4657055,-46.584512000000004,,,,1,2023-06-20T11:57:33+00:00
SAO_908T-10,São Paulo,3550308,True,,2116,,,-23.543237750000003,-46.64136375,,,,1,2023-06-20T11:57:23+00:00
SAO_8600-10,São Paulo,3550308,True,,34200,,,-23.501877,-46.7062765,,,,2,2023-06-20T11:57:07+00:00
SAO_8600-10,São Paulo,3550308,True,,34200,,,-23.541894,-46.638326750000004,,,,2,2023-06-20T11:57:04+00:00
SAO_8047-10,São Paulo,3550308,True,,33176,,,-23.505619,-46.751486,,,,2,2023-06-20T11:57:04+00:00
SAO_8047-10,São Paulo,3550308,True,,33176,,,-23.434162999999998,-46.754868,,,,2,2023-06-20T11:57:06+00:00
SAO_8047-10,São Paulo,3550308,True,,33176,,,-23.520166,-46.710088,,,,2,2023-06-20T11:57:13+00:00
SAO_8047-10,São Paulo,3550308,True,,33176,,,-23.441823749999998,-46.749306,,,,2,2023-06-20T11:57:16+00:00
SAO_6825-10,São Paulo,3550308,True,BR7 Mobilidade,14,https://moovitapp.com/index/pt-br/transporte_p%C3%BAblico-line-14-Sao_Paulo-242-851856-183465-0,5.75,-23.662447,-46.780381750000004,,,,1,2023-06-20T11:57:31+00:00
SAO_3459-24,São Paulo,3550308,True,,34495,,,-23.546727,-46.629723999999996,,,,2,2023-06-20T11:57:36+00:00
SAO_3459-24,São Paulo,3550308,True,,34495,,,-23.516762,-46.384977500000005,,,,2,2023-06-20T11:57:27+00:00
SAO_3459-24,São Paulo,3550308,True,,34495,,,-23.5460165,-46.6301705,,,,2,2023-06-20T11:56:55+00:00
SAO_2552-41,São Paulo,3550308,True,,1717,,,-23.486387,-46.437343999999996,,,,1,2023-06-20T11:57:20+00:00
SAO_2552-41,São Paulo,3550308,True,,1717,,,-23.4993015,-46.468107,,,,1,2023-06-20T11:57:00+00:00
SAO_2552-41,São Paulo,3550308,True,,1717,,,-23.521545,-46.529165500000005,,,,1,2023-06-20T11:57:06+00:00
SAO_2552-41,São Paulo,3550308,True,,1717,,,-23.5314755,-46.5591195,,,,1,2023-06-20T11:57:13+00:00
SAO_3459-21,São Paulo,3550308,True,,33171,,,-23.5473415,-46.629296499999995,,,,2,2023-06-20T11:57:18+00:00
SAO_3459-21,São Paulo,3550308,True,,33171,,,-23.5473415,-46.629296499999995,,,,2,2023-06-20T11:57:02+00:00
SAO_2175-10,São Paulo,3550308,True,,33465,,,-23.483759499999998,-46.573533,,,,2,2023-06-20T11:54:01+00:00
SAO_2175-10,São Paulo,3550308,True,,33465,,,-23.539028375,-46.598683750000006,,,,2,2023-06-20T11:57:28+00:00
SAO_3735-41,São Paulo,3550308,True,,34688,,,-23.547040000000003,-46.491498,,,,2,2023-06-20T11:57:09+00:00
SAO_3735-41,São Paulo,3550308,True,,34688,,,-23.542556,-46.48409475,,,,2,2023-06-20T11:57:39+00:00
SAO_3725-41,São Paulo,3550308,True,,34299,,,-23.532833500000002,-46.530833,,,,2,2023-06-20T11:57:09+00:00
SAO_3725-41,São Paulo,3550308,True,,34299,,,-23.5325795,-46.531303,,,,2,2023-06-20T11:56:55+00:00
SAO_8006-10,São Paulo,3550308,True,,34024,,,-23.44190725,-46.733870249999995,,,,2,2023-06-20T11:57:11+00:00
SAO_8006-10,São Paulo,3550308,True,,34024,,,-23.4864985,-46.7264675,,,,2,2023-06-20T11:57:05+00:00
SAO_8006-10,São Paulo,3550308,True,,34024,,,-23.471208500000003,-46.7248595,,,,2,2023-06-20T11:57:17+00:00
SAO_8700-10,São Paulo,3550308,True,,1877,,,-23.6304685,-46.773606,,,,1,2023-06-20T11:57:35+00:00
SAO_8700-10,São Paulo,3550308,True,,1877,,,-23.6304685,-46.773606,,,,1,2023-06-20T11:57:17+00:00
SAO_8700-10,São Paulo,3550308,True,,1877,,,-23.57231325,-46.701117499999995,,,,1,2023-06-20T11:57:03+00:00
SAO_8700-10,São Paulo,3550308,True,,1877,,,-23.606253000000002,-46.747788,,,,1,2023-06-20T11:57:39+00:00
SAO_8700-10,São Paulo,3550308,True,,1877,,,-23.607882,-46.751345,,,,1,2023-06-20T11:57:39+00:00
SAO_8700-10,São Paulo,3550308,True,,1877,,,-23.585697250000003,-46.721805,,,,1,2023-06-20T11:57:09+00:00
SAO_8700-10,São Paulo,3550308,True,,1877,,,-23.5711155,-46.690732499999996,,,,1,2023-06-20T11:57:21+00:00
SAO_4315-10,São Paulo,3550308,True,,34943,,,-23.545701,-46.59792925000001,,,,2,2023-06-20T11:56:54+00:00
SAO_4315-10,São Paulo,3550308,True,,34943,,,-23.53726475,-46.559556375,,,,2,2023-06-20T11:55:22+00:00
SAO_4315-10,São Paulo,3550308,True,,34943,,,-23.5576555,-46.523450499999996,,,,2,2023-06-20T11:57:05+00:00
SAO_1742-10,São Paulo,3550308,True,EMTU,542,https://moovitapp.com/index/pt-br/transporte_p%C3%BAblico-line-542-Sao_Paulo-242-2038937-59914572-0,5.4,-23.4945315,-46.625861,,,,1,2023-06-20T11:56:33+00:00
SAO_1742-10,São Paulo,3550308,True,EMTU,542,https://moovitapp.com/index/pt-br/transporte_p%C3%BAblico-line-542-Sao_Paulo-242-2038937-59914572-0,5.4,-23.471667,-46.6372595,,,,1,2023-06-20T11:57:25+00:00
SAO_1742-10,São Paulo,3550308,True,EMTU,542,https://moovitapp.com/index/pt-br/transporte_p%C3%BAblico-line-542-Sao_Paulo-242-2038937-59914572-0,5.4,-23.464659500000003,-46.655333999999996,,,,1,2023-06-20T11:57:07+00:00
SAO_6836-10,São Paulo,3550308,True,,32781,,,-23.663076500000003,-46.753264,,,,2,2023-06-20T11:57:38+00:00
SAO_6836-10,São Paulo,3550308,True,,32781,,,-23.683948,-46.7815925,,,,2,2023-06-20T11:57:34+00:00
SAO_1178-42,São Paulo,3550308,True,,32901,,,-23.5476865,-46.6292585,,,,2,2023-06-20T11:57:13+00:00
SAO_6045-10,São Paulo,3550308,True,,33990,,,-23.650330500000003,-46.708101,,,,2,2023-06-20T11:57:31+00:00
SAO_6045-10,São Paulo,3550308,True,,33990,,,-23.698768,-46.796265500000004,,,,2,2023-06-20T11:57:33+00:00
SAO_6045-10,São Paulo,3550308,True,,33990,,,-23.648877499999998,-46.753294499999996,,,,2,2023-06-20T11:57:24+00:00
SAO_6045-10,São Paulo,3550308,True,,33990,,,-23.650330500000003,-46.708101,,,,2,2023-06-20T11:57:33+00:00
SAO_6045-10,São Paulo,3550308,True,,33990,,,-23.694454,-46.794375,,,,2,2023-06-20T11:57:22+00:00
SAO_6045-10,São Paulo,3550308,True,,33990,,,-23.6614595,-46.768571,,,,2,2023-06-20T11:57:02+00:00
SAO_8100-10,São Paulo,3550308,True,,34030,,,-23.495965749999996,-46.72919575,,,,2,2023-06-20T11:57:16+00:00
SAO_8100-10,São Paulo,3550308,True,,34030,,,-23.520201,-46.710451,,,,2,2023-06-20T11:57:17+00:00
SAO_6010-10,São Paulo,3550308,True,,33970,,,-23.6600195,-46.767176,,,,2,2023-06-20T11:57:11+00:00
SAO_6010-10,São Paulo,3550308,True,,33970,,,-23.693499,-46.7941555,,,,2,2023-06-20T11:56:58+00:00
SAO_6010-10,São Paulo,3550308,True,,33970,,,-23.693569500000002,-46.794188,,,,2,2023-06-20T11:57:33+00:00
SAO_6010-10,São Paulo,3550308,True,,33970,,,-23.6830265,-46.7973705,,,,2,2023-06-20T11:57:15+00:00
SAO_6010-10,São Paulo,3550308,True,,33970,,,-23.665243,-46.7472905,,,,2,2023-06-20T11:57:08+00:00
SAO_6010-10,São Paulo,3550308,True,,33970,,,-23.6934315,-46.794145,,,,2,2023-06-20T11:57:11+00:00
SAO_6010-10,São Paulo,3550308,True,,33970,,,-23.6933645,-46.794154,,,,2,2023-06-20T11:57:06+00:00
SAO_6010-10,São Paulo,3550308,True,,33970,,,-23.6662085,-46.7433875,,,,2,2023-06-20T11:57:03+00:00
SAO_695V-10,São Paulo,3550308,True,,32776,,,-23.584124000000003,-46.637303,,,,2,2023-06-20T11:57:00+00:00
SAO_695V-10,São Paulo,3550308,True,,32776,,,-23.647415,-46.7474595,,,,2,2023-06-20T11:56:55+00:00
SAO_695V-10,São Paulo,3550308,True,,32776,,,-23.654844500000003,-46.76161,,,,2,2023-06-20T11:57:06+00:00
SAO_6034-10,São Paulo,3550308,True,,95,,,-23.750700000000002,-46.688210999999995,,,,1,2023-06-20T11:57:00+00:00
SAO_6034-10,São Paulo,3550308,True,,95,,,-23.73484475,-46.695252249999996,,,,1,2023-06-20T11:57:20+00:00
SAO_6034-10,São Paulo,3550308,True,,95,,,-23.755035499999998,-46.678661,,,,1,2023-06-20T11:57:26+00:00
SAO_6034-10,São Paulo,3550308,True,,95,,,-23.74791425,-46.666400499999995,,,,1,2023-06-20T11:57:02+00:00
SAO_1178-10,São Paulo,3550308,True,,32900,,,-23.49970675,-46.468605749999995,,,,2,2023-06-20T11:57:02+00:00
SAO_1178-10,São Paulo,3550308,True,,32900,,,-23.519664,-46.618011499999994,,,,2,2023-06-20T11:57:17+00:00
SAO_1178-10,São Paulo,3550308,True,,32900,,,-23.5041765,-46.433013,,,,2,2023-06-20T11:57:16+00:00
SAO_2756-10,São Paulo,3550308,True,EMTU,238,https://moovitapp.com/index/pt-br/transporte_p%C3%BAblico-line-238-Sao_Paulo-242-2038937-36419351-0,4.85,-23.529732000000003,-46.415752499999996,,,,1,2023-06-20T11:57:13+00:00
SAO_2756-10,São Paulo,3550308,True,EMTU,238,https://moovitapp.com/index/pt-br/transporte_p%C3%BAblico-line-238-Sao_Paulo-242-2038937-36419351-0,4.85,-23.528639,-46.49715775,,,,1,2023-06-20T11:57:08+00:00
SAO_2756-10,São Paulo,3550308,True,EMTU,238,https://moovitapp.com/index/pt-br/transporte_p%C3%BAblico-line-238-Sao_Paulo-242-2038937-36419351-0,4.85,-23.5382185,-46.406962,,,,1,2023-06-20T11:57:09+00:00
SAO_2756-10,São Paulo,3550308,True,EMTU,238,https://moovitapp.com/index/pt-br/transporte_p%C3%BAblico-line-238-Sao_Paulo-242-2038937-36419351-0,4.85,-23.5178905,-46.469077,,,,1,2023-06-20T11:57:17+00:00
SAO_7006-10,São Paulo,3550308,True,,1995,,,-23.6865455,-46.770838999999995,,,,1,2023-06-20T11:57:36+00:00
SAO_7006-10,São Paulo,3550308,True,,1995,,,-23.725223,-46.7859485,,,,1,2023-06-20T11:57:13+00:00
SAO_7006-10,São Paulo,3550308,True,,1995,,,-23.7477115,-46.779004,,,,1,2023-06-20T11:57:15+00:00
SAO_7006-10,São Paulo,3550308,True,,1995,,,-23.7368685,-46.7807935,,,,1,2023-06-20T11:57:19+00:00
SAO_7006-10,São Paulo,3550308,True,,1995,,,-23.693314,-46.77919,,,,1,2023-06-20T11:56:56+00:00
SAO_7006-10,São Paulo,3550308,True,,1995,,,-23.703176499999998,-46.7836655,,,,1,2023-06-20T11:57:11+00:00
SAO_8400-10,São Paulo,3550308,True,,34033,,,-23.54132525,-46.64217575,,,,2,2023-06-20T11:57:12+00:00
SAO_8400-10,São Paulo,3550308,True,,34033,,,-23.486878500000003,-46.7265645,,,,2,2023-06-20T11:57:20+00:00
SAO_8400-10,São Paulo,3550308,True,,34033,,,-23.5145555,-46.7001075,,,,2,2023-06-20T11:57:29+00:00
SAO_4310-10,São Paulo,3550308,True,,34928,,,-23.5524715,-46.6204865,,,,2,2023-06-20T11:57:37+00:00
SAO_4310-10,São Paulo,3550308,True,,34928,,,-23.533472,-46.54021675,,,,2,2023-06-20T11:56:55+00:00
SAO_4310-10,São Paulo,3550308,True,,34928,,,-23.540801000000002,-46.5759485,,,,2,2023-06-20T11:56:56+00:00
SAO_4310-10,São Paulo,3550308,True,,34928,,,-23.534764000000003,-46.4534805,,,,2,2023-06-20T11:57:29+00:00
SAO_4310-10,São Paulo,3550308,True,,34928,,,-23.535428500000002,-46.454211,,,,2,2023-06-20T11:57:19+00:00
SAO_4310-10,São Paulo,3550308,True,,34928,,,-23.544462,-46.592740500000005,,,,2,2023-06-20T11:57:00+00:00
SAO_4310-10,São Paulo,3550308,True,,34928,,,-23.528185999999998,-46.51298224999999,,,,2,2023-06-20T11:57:26+00:00
SAO_4310-10,São Paulo,3550308,True,,34928,,,-23.543388,-46.469908000000004,,,,2,2023-06-20T11:56:56+00:00
SAO_4310-10,São Paulo,3550308,True,,34928,,,-23.534565999999998,-46.4530625,,,,2,2023-06-20T11:57:21+00:00
SAO_3787-10,São Paulo,3550308,True,,1612,,,-23.563545,-46.446155,,,,1,2023-06-20T11:56:55+00:00
SAO_3787-10,São Paulo,3550308,True,,1612,,,-23.563545,-46.446155,,,,1,2023-06-20T11:57:27+00:00
SAO_3787-10,São Paulo,3550308,True,,1612,,,-23.542492,-46.470424,,,,1,2023-06-20T11:56:56+00:00
SAO_3787-10,São Paulo,3550308,True,,1612,,,-23.5989,-46.40227675,,,,1,2023-06-20T11:56:54+00:00
SAO_3787-10,São Paulo,3550308,True,,1612,,,-23.593273500000002,-46.418434500000004,,,,1,2023-06-20T11:57:10+00:00
SAO_3787-10,São Paulo,3550308,True,,1612,,,-23.5857655,-46.4092625,,,,1,2023-06-20T11:57:39+00:00
SAO_3787-10,São Paulo,3550308,True,,1612,,,-23.562426875,-46.446031,,,,1,2023-06-20T11:57:27+00:00
SAO_3787-10,São Paulo,3550308,True,,1612,,,-23.556384,-46.450427875,,,,1,2023-06-20T11:57:25+00:00
SAO_3787-10,São Paulo,3550308,True,,1612,,,-23.5629695,-46.44609975,,,,1,2023-06-20T11:57:26+00:00
SAO_3787-10,São Paulo,3550308,True,,1612,,,-23.596134499999998,-46.435712,,,,1,2023-06-20T11:56:57+00:00
SAO_3787-10,São Paulo,3550308,True,,1612,,,-23.542410500000003,-46.4699315,,,,1,2023-06-20T11:57:29+00:00
SAO_8055-10,São Paulo,3550308,True,,414,,,-23.52022975,-46.721782250000004,,,,1,2023-06-20T11:57:06+00:00
SAO_8055-10,São Paulo,3550308,True,,414,,,-23.407142,-46.7610835,,,,1,2023-06-20T11:57:28+00:00
SAO_8055-10,São Paulo,3550308,True,,414,,,-23.408895,-46.74034,,,,1,2023-06-20T11:57:17+00:00
SAO_8055-10,São Paulo,3550308,True,,414,,,-23.404802,-46.741470125,,,,1,2023-06-20T11:57:01+00:00
SAO_8055-10,São Paulo,3550308,True,,414,,,-23.445604,-46.787371500000006,,,,1,2023-06-20T11:57:35+00:00
SAO_8055-10,São Paulo,3550308,True,,414,,,-23.494574999999998,-46.756840499999996,,,,1,2023-06-20T11:57:30+00:00
SAO_8055-10,São Paulo,3550308,True,,414,,,-23.494327,-46.7579995,,,,1,2023-06-20T11:57:30+00:00
SAO_129F-41,São Paulo,3550308,True,,35073,,,-23.490185,-46.698744500000004,,,,2,2023-06-20T11:57:06+00:00
SAO_9005-10,São Paulo,3550308,True,,33640,,,-23.4500575,-46.679872,,,,2,2023-06-20T11:57:09+00:00
SAO_9005-10,São Paulo,3550308,True,,33640,,,-23.4543195,-46.6936435,,,,2,2023-06-20T11:57:07+00:00
SAO_9005-10,São Paulo,3550308,True,,33640,,,-23.4503535,-46.683854999999994,,,,2,2023-06-20T11:57:27+00:00
SAO_9005-10,São Paulo,3550308,True,,33640,,,-23.4515585,-46.6938305,,,,2,2023-06-20T11:57:21+00:00
SAO_9005-10,São Paulo,3550308,True,,33640,,,-23.4542405,-46.693987250000006,,,,2,2023-06-20T11:56:54+00:00
SAO_9005-10,São Paulo,3550308,True,,33640,,,-23.466885,-46.6702655,,,,2,2023-06-20T11:57:32+00:00
SAO_312N-10,São Paulo,3550308,True,,990,,,-23.542768,-46.41466525,,,,1,2023-06-20T11:57:23+00:00
SAO_312N-10,São Paulo,3550308,True,,990,,,-23.509611500000002,-46.413374499999996,,,,1,2023-06-20T11:57:21+00:00
SAO_312N-10,São Paulo,3550308,True,,990,,,-23.5830695,-46.408172,,,,1,2023-06-20T11:57:14+00:00
SAO_312N-10,São Paulo,3550308,True,,990,,,-23.5085485,-46.41144525,,,,1,2023-06-20T11:57:35+00:00
SAO_312N-10,São Paulo,3550308,True,,990,,,-23.574150500000002,-46.412581,,,,1,2023-06-20T11:57:23+00:00
SAO_312N-10,São Paulo,3550308,True,,990,,,-23.539217999999998,-46.4080855,,,,1,2023-06-20T11:57:24+00:00
SAO_312N-10,São Paulo,3550308,True,,990,,,-23.495162,-46.434456499999996,,,,1,2023-06-20T11:57:07+00:00
SAO_312N-10,São Paulo,3550308,True,,990,,,-23.582934,-46.4090185,,,,1,2023-06-20T11:57:23+00:00
SAO_312N-10,São Paulo,3550308,True,,990,,,-23.571377499999997,-46.399178000000006,,,,1,2023-06-20T11:57:20+00:00
SAO_312N-10,São Paulo,3550308,True,,990,,,-23.5632245,-46.40567675,,,,1,2023-06-20T11:57:13+00:00
SAO_8605-10,São Paulo,3550308,True,,1917,,,-23.61934475,-46.758154000000005,,,,1,2023-06-20T11:57:10+00:00
SAO_8605-10,São Paulo,3550308,True,,1917,,,-23.631453,-46.7718905,,,,1,2023-06-20T11:57:36+00:00
SAO_8605-10,São Paulo,3550308,True,,1917,,,-23.57980675,-46.677422250000006,,,,1,2023-06-20T11:57:18+00:00
SAO_8605-10,São Paulo,3550308,True,,1917,,,-23.6069925,-46.750366,,,,1,2023-06-20T11:57:02+00:00
SAO_8605-10,São Paulo,3550308,True,,1917,,,-23.584879,-46.718874,,,,1,2023-06-20T11:57:06+00:00
SAO_8040-10,São Paulo,3550308,True,,33174,,,-23.4326525,-46.778844,,,,2,2023-06-20T11:57:00+00:00
SAO_8040-10,São Paulo,3550308,True,,33174,,,-23.5148565,-46.7260195,,,,2,2023-06-20T11:57:31+00:00
SAO_8040-10,São Paulo,3550308,True,,33174,,,-23.4840695,-46.7552395,,,,2,2023-06-20T11:57:10+00:00
SAO_6L05-10,São Paulo,3550308,True,,1173,,,-23.848338,-46.714393,,,,1,2023-06-20T11:57:15+00:00
SAO_6L05-10,São Paulo,3550308,True,,1173,,,-23.828203,-46.726499000000004,,,,1,2023-06-20T11:57:29+00:00
SAO_1741-10,São Paulo,3550308,True,,539,,,-23.4739625,-46.6538985,,,,1,2023-06-20T11:57:04+00:00
SAO_1741-10,São Paulo,3550308,True,,539,,,-23.485416999999998,-46.641881,,,,1,2023-06-20T11:57:03+00:00
SAO_1741-10,São Paulo,3550308,True,,539,,,-23.504137375000003,-46.625815749999994,,,,1,2023-06-20T11:57:12+00:00
SAO_1741-10,São Paulo,3550308,True,,539,,,-23.503125,-46.6245765,,,,1,2023-06-20T11:57:37+00:00
SAO_1741-10,São Paulo,3550308,True,,539,,,-23.4639165,-46.663722,,,,1,2023-06-20T11:57:26+00:00
SAO_1721-10,São Paulo,3550308,True,,33434,,,-23.48941525,-46.571597749999995,,,,2,2023-06-20T11:57:23+00:00
SAO_1721-10,São Paulo,3550308,True,,33434,,,-23.489908999999997,-46.576376249999996,,,,2,2023-06-20T11:57:32+00:00
SAO_1721-10,São Paulo,3550308,True,,33434,,,-23.504286999999998,-46.612843749999996,,,,2,2023-06-20T11:57:10+00:00
SAO_6451-10,São Paulo,3550308,True,,32829,,,-23.6545125,-46.761236499999995,,,,2,2023-06-20T11:57:08+00:00
SAO_6451-10,São Paulo,3550308,True,,32829,,,-23.549545000000002,-46.639877,,,,2,2023-06-20T11:57:09+00:00
SAO_6451-10,São Paulo,3550308,True,,32829,,,-23.642123249999997,-46.7275565,,,,2,2023-06-20T11:57:00+00:00
SAO_6451-10,São Paulo,3550308,True,,32829,,,-23.654714,-46.760605,,,,2,2023-06-20T11:57:23+00:00
SAO_6451-10,São Paulo,3550308,True,,32829,,,-23.654660999999997,-46.7609705,,,,2,2023-06-20T11:57:19+00:00
SAO_6451-10,São Paulo,3550308,True,,32829,,,-23.577015000000003,-46.672109500000005,,,,2,2023-06-20T11:57:39+00:00
SAO_546A-31,São Paulo,3550308,True,,1132,,,-23.696139,-46.66829525,,,,1,2023-06-20T11:57:20+00:00
SAO_546A-31,São Paulo,3550308,True,,1132,,,-23.664663500000003,-46.69089700000001,,,,1,2023-06-20T11:57:20+00:00
SAO_546A-31,São Paulo,3550308,True,,1132,,,-23.6544305,-46.703920499999995,,,,1,2023-06-20T11:57:12+00:00
SAO_574J-10,São Paulo,3550308,True,,1685,,,-23.624877749999996,-46.609230000000004,,,,1,2023-06-20T11:57:07+00:00
SAO_574J-10,São Paulo,3550308,True,,1685,,,-23.598060500000003,-46.60137,,,,1,2023-06-20T11:57:23+00:00
SAO_574J-10,São Paulo,3550308,True,,1685,,,-23.5649775,-46.557589,,,,1,2023-06-20T11:57:22+00:00
SAO_574J-10,São Paulo,3550308,True,,1685,,,-23.626472999999997,-46.633006249999994,,,,1,2023-06-20T11:57:22+00:00
SAO_574J-10,São Paulo,3550308,True,,1685,,,-23.5775505,-46.57572725,,,,1,2023-06-20T11:57:15+00:00
SAO_7016-21,São Paulo,3550308,True,,34910,,,-23.653993,-46.710736499999996,,,,2,2023-06-20T11:57:23+00:00
SAO_7016-21,São Paulo,3550308,True,,34910,,,-23.688445,-46.7655115,,,,2,2023-06-20T11:57:16+00:00
SAO_3741-10,São Paulo,3550308,True,,1041,,,-23.546260500000002,-46.448482999999996,,,,1,2023-06-20T11:57:34+00:00
SAO_3741-10,São Paulo,3550308,True,,1041,,,-23.5424215,-46.470960500000004,,,,1,2023-06-20T11:57:38+00:00
SAO_3741-10,São Paulo,3550308,True,,1041,,,-23.5424215,-46.470960500000004,,,,1,2023-06-20T11:57:00+00:00
SAO_3741-10,São Paulo,3550308,True,,1041,,,-23.553933999999998,-46.452462749999995,,,,1,2023-06-20T11:56:59+00:00
SAO_3741-10,São Paulo,3550308,True,,1041,,,-23.55495,-46.464417499999996,,,,1,2023-06-20T11:57:01+00:00
SAO_3741-10,São Paulo,3550308,True,,1041,,,-23.542065,-46.449332,,,,1,2023-06-20T11:57:28+00:00
SAO_3741-10,São Paulo,3550308,True,,1041,,,-23.542065,-46.449332,,,,1,2023-06-20T11:57:15+00:00
SAO_5034-31,São Paulo,3550308,True,,34432,,,-23.6499775,-46.596954499999995,,,,2,2023-06-20T11:57:36+00:00
SAO_5034-31,São Paulo,3550308,True,,34432,,,-23.6028555,-46.60199,,,,2,2023-06-20T11:57:24+00:00
SAO_5034-31,São Paulo,3550308,True,,34432,,,-23.639716,-46.60748,,,,2,2023-06-20T11:57:32+00:00
SAO_5034-31,São Paulo,3550308,True,,34432,,,-23.62598775,-46.6015275,,,,2,2023-06-20T11:57:33+00:00
SAO_5034-31,São Paulo,3550308,True,,34432,,,-23.6303065,-46.603269999999995,,,,2,2023-06-20T11:57:34+00:00
SAO_6047-10,São Paulo,3550308,True,,33992,,,-23.668284,-46.763536,,,,2,2023-06-20T11:57:34+00:00
SAO_6047-10,São Paulo,3550308,True,,33992,,,-23.641527,-46.716401125000004,,,,2,2023-06-20T11:56:59+00:00
SAO_6047-10,São Paulo,3550308,True,,33992,,,-23.6496615,-46.707957500000006,,,,2,2023-06-20T11:57:35+00:00
SAO_1765-10,São Paulo,3550308,True,,34550,,,-23.465590624999997,-46.57966375,,,,2,2023-06-20T11:56:36+00:00
SAO_1765-10,São Paulo,3550308,True,,34550,,,-23.4809865,-46.6030375,,,,2,2023-06-20T11:57:00+00:00
SAO_4210-10,São Paulo,3550308,True,,2170,,,-23.582577,-46.408426,,,,1,2023-06-20T11:57:00+00:00
SAO_4210-10,São Paulo,3550308,True,,2170,,,-23.596271,-46.455373625,,,,1,2023-06-20T11:57:10+00:00
SAO_4210-10,São Paulo,3550308,True,,2170,,,-23.595830375,-46.436915625,,,,1,2023-06-20T11:57:15+00:00
SAO_4210-10,São Paulo,3550308,True,,2170,,,-23.535102875,-46.581697250000005,,,,1,2023-06-20T11:57:29+00:00
SAO_4210-10,São Paulo,3550308,True,,2170,,,-23.595284,-46.4336225,,,,1,2023-06-20T11:57:24+00:00
SAO_4210-10,São Paulo,3550308,True,,2170,,,-23.54645675,-46.629903999999996,,,,1,2023-06-20T11:57:05+00:00
SAO_6016-41,São Paulo,3550308,True,,1706,,,-23.773349000000003,-46.6765185,,,,1,2023-06-20T11:57:23+00:00
SAO_6016-41,São Paulo,3550308,True,,1706,,,-23.748095499999998,-46.68762275,,,,1,2023-06-20T11:57:32+00:00
SAO_6016-41,São Paulo,3550308,True,,1706,,,-23.748095499999998,-46.68762275,,,,1,2023-06-20T11:56:55+00:00
SAO_6016-41,São Paulo,3550308,True,,1706,,,-23.761722499999998,-46.6841465,,,,1,2023-06-20T11:57:01+00:00
SAO_702C-10,São Paulo,3550308,True,STT,485,https://moovitapp.com/index/pt-br/transporte_p%C3%BAblico-line-485-Sao_Paulo-242-850661-183324-0,5.3,-23.53937725,-46.608977749999994,,,,1,2023-06-20T11:57:33+00:00
SAO_702C-10,São Paulo,3550308,True,STT,485,https://moovitapp.com/index/pt-br/transporte_p%C3%BAblico-line-485-Sao_Paulo-242-850661-183324-0,5.3,-23.5474995,-46.640241,,,,1,2023-06-20T11:57:15+00:00
SAO_702C-10,São Paulo,3550308,True,STT,485,https://moovitapp.com/index/pt-br/transporte_p%C3%BAblico-line-485-Sao_Paulo-242-850661-183324-0,5.3,-23.57180625,-46.697193,,,,1,2023-06-20T11:57:26+00:00
SAO_702C-10,São Paulo,3550308,True,STT,485,https://moovitapp.com/index/pt-br/transporte_p%C3%BAblico-line-485-Sao_Paulo-242-850661-183324-0,5.3,-23.583598000000002,-46.7352485,,,,1,2023-06-20T11:57:34+00:00
SAO_702C-10,São Paulo,3550308,True,STT,485,https://moovitapp.com/index/pt-br/transporte_p%C3%BAblico-line-485-Sao_Paulo-242-850661-183324-0,5.3,-23.571778000000002,-46.7484685,,,,1,2023-06-20T11:56:59+00:00
SAO_8019-10,São Paulo,3550308,True,,34839,,,-23.545102,-46.7468905,,,,2,2023-06-20T11:57:13+00:00
SAO_8019-10,São Paulo,3550308,True,,34839,,,-23.548343000000003,-46.758880000000005,,,,2,2023-06-20T11:57:07+00:00
SAO_8686-10,São Paulo,3550308,True,EMTU,446,https://moovitapp.com/index/pt-br/transporte_p%C3%BAblico-line-446-Sao_Paulo-242-2038937-36419492-0,4.8,-23.4889085,-46.742576,,,,1,2023-06-20T11:57:28+00:00
SAO_8686-10,São Paulo,3550308,True,EMTU,446,https://moovitapp.com/index/pt-br/transporte_p%C3%BAblico-line-446-Sao_Paulo-242-2038937-36419492-0,4.8,-23.489000750000002,-46.743225499999994,,,,1,2023-06-20T11:57:01+00:00
SAO_8686-10,São Paulo,3550308,True,EMTU,446,https://moovitapp.com/index/pt-br/transporte_p%C3%BAblico-line-446-Sao_Paulo-242-2038937-36419492-0,4.8,-23.5247175,-46.707841125,,,,1,2023-06-20T11:57:26+00:00
SAO_8686-10,São Paulo,3550308,True,EMTU,446,https://moovitapp.com/index/pt-br/transporte_p%C3%BAblico-line-446-Sao_Paulo-242-2038937-36419492-0,4.8,-23.545122,-46.643351499999994,,,,1,2023-06-20T11:57:30+00:00
SAO_2626-10,São Paulo,3550308,True,,33144,,,-23.531755500000003,-46.55994225,,,,2,2023-06-20T11:55:27+00:00
SAO_2626-10,São Paulo,3550308,True,,33144,,,-23.519942,-46.399910000000006,,,,2,2023-06-20T11:57:36+00:00
SAO_2626-10,São Paulo,3550308,True,,33144,,,-23.546787000000002,-46.630505,,,,2,2023-06-20T11:57:05+00:00
SAO_2626-10,São Paulo,3550308,True,,33144,,,-23.53508,-46.5770435,,,,2,2023-06-20T11:57:38+00:00
SAO_2626-10,São Paulo,3550308,True,,33144,,,-23.5235135,-46.410546499999995,,,,2,2023-06-20T11:57:07+00:00
SAO_2104-10,São Paulo,3550308,True,,2255,,,-23.521086124999997,-46.625416,,,,1,2023-06-20T11:57:29+00:00
SAO_3796-10,São Paulo,3550308,True,,33842,,,-23.5659495,-46.46748475,,,,2,2023-06-20T11:57:32+00:00
SAO_3796-10,São Paulo,3550308,True,,33842,,,-23.561714000000002,-46.465716,,,,2,2023-06-20T11:56:58+00:00
SAO_3796-10,São Paulo,3550308,True,,33842,,,-23.58877925,-46.446368875,,,,2,2023-06-20T11:57:38+00:00
SAO_3796-10,São Paulo,3550308,True,,33842,,,-23.5418825,-46.4703705,,,,2,2023-06-20T11:57:37+00:00
SAO_7006-10,São Paulo,3550308,True,,34763,,,-23.731465,-46.78581,,,,2,2023-06-20T11:57:38+00:00
SAO_7006-10,São Paulo,3550308,True,,34763,,,-23.742061,-46.7822975,,,,2,2023-06-20T11:57:25+00:00
SAO_7006-10,São Paulo,3550308,True,,34763,,,-23.750601,-46.777545,,,,2,2023-06-20T11:56:55+00:00
SAO_7006-10,São Paulo,3550308,True,,34763,,,-23.693652,-46.7795105,,,,2,2023-06-20T11:57:17+00:00
SAO_7006-10,São Paulo,3550308,True,,34763,,,-23.71669225,-46.78358275000001,,,,2,2023-06-20T11:57:31+00:00
SAO_809H-10,São Paulo,3550308,True,,35013,,,-23.5235945,-46.736900500000004,,,,2,2023-06-20T11:57:12+00:00
SAO_909T-10,São Paulo,3550308,True,,35024,,,-23.565214249999997,-46.7010625,,,,2,2023-06-20T11:57:25+00:00
SAO_7011-31,São Paulo,3550308,True,,34722,,,-23.6787785,-46.7634405,,,,2,2023-06-20T11:57:01+00:00
SAO_7011-31,São Paulo,3550308,True,,34722,,,-23.707812,-46.7918005,,,,2,2023-06-20T11:57:31+00:00
SAO_7011-31,São Paulo,3550308,True,,34722,,,-23.7080735,-46.791889499999996,,,,2,2023-06-20T11:57:08+00:00
SAO_848L-10,São Paulo,3550308,True,,33576,,,-23.419288,-46.75560025,,,,2,2023-06-20T11:57:03+00:00
SAO_848L-10,São Paulo,3550308,True,,33576,,,-23.4306,-46.726463499999994,,,,2,2023-06-20T11:57:01+00:00
SAO_3112-10,São Paulo,3550308,True,,33848,,,-23.6016895,-46.534328,,,,2,2023-06-20T11:56:59+00:00
SAO_3112-10,São Paulo,3550308,True,,33848,,,-23.58141425,-46.58671725,,,,2,2023-06-20T11:57:31+00:00
SAO_3112-10,São Paulo,3550308,True,,33848,,,-23.55208425,-46.5961435,,,,2,2023-06-20T11:57:07+00:00
SAO_3112-10,São Paulo,3550308,True,,33848,,,-23.610093499999998,-46.5294835,,,,2,2023-06-20T11:57:17+00:00
SAO_3112-10,São Paulo,3550308,True,,33848,,,-23.5893315,-46.544194000000005,,,,2,2023-06-20T11:57:14+00:00
SAO_3053-10,São Paulo,3550308,True,,33741,,,-23.591824250000002,-46.50057075,,,,2,2023-06-20T11:57:28+00:00
SAO_3053-10,São Paulo,3550308,True,,33741,,,-23.552186499999998,-46.58588875,,,,2,2023-06-20T11:57:03+00:00
SAO_3053-10,São Paulo,3550308,True,,33741,,,-23.5821945,-46.5361005,,,,2,2023-06-20T11:57:33+00:00
SAO_3053-10,São Paulo,3550308,True,,33741,,,-23.584741,-46.495041,,,,2,2023-06-20T11:57:33+00:00
SAO_3053-10,São Paulo,3550308,True,,33741,,,-23.591492000000002,-46.498906250000005,,,,2,2023-06-20T11:57:20+00:00
SAO_3053-10,São Paulo,3550308,True,,33741,,,-23.5429775,-46.588603500000005,,,,2,2023-06-20T11:57:30+00:00
SAO_3053-10,São Paulo,3550308,True,,33741,,,-23.5711345,-46.550038,,,,2,2023-06-20T11:57:29+00:00
SAO_3053-10,São Paulo,3550308,True,,33741,,,-23.543466375,-46.590280875,,,,2,2023-06-20T11:57:15+00:00
SAO_3053-10,São Paulo,3550308,True,,33741,,,-23.585588,-46.4950305,,,,2,2023-06-20T11:57:35+00:00
SAO_3053-10,São Paulo,3550308,True,,33741,,,-23.5429775,-46.588603500000005,,,,2,2023-06-20T11:57:25+00:00
SAO_3053-10,São Paulo,3550308,True,,33741,,,-23.584741,-46.495041,,,,2,2023-06-20T11:56:59+00:00
SAO_3053-10,São Paulo,3550308,True,,33741,,,-23.5429775,-46.588603500000005,,,,2,2023-06-20T11:56:47+00:00
SAO_647P-10,São Paulo,3550308,True,,1316,,,-23.565806000000002,-46.7018425,,,,1,2023-06-20T11:57:30+00:00
SAO_647P-10,São Paulo,3550308,True,,1316,,,-23.56862075,-46.69213975,,,,1,2023-06-20T11:57:17+00:00
SAO_647P-10,São Paulo,3550308,True,,1316,,,-23.6478875,-46.73155625,,,,1,2023-06-20T11:57:29+00:00
SAO_647P-10,São Paulo,3550308,True,,1316,,,-23.66215,-46.7691005,,,,1,2023-06-20T11:57:09+00:00
SAO_647P-10,São Paulo,3550308,True,,1316,,,-23.597914,-46.7086635,,,,1,2023-06-20T11:57:29+00:00
SAO_647P-10,São Paulo,3550308,True,,1316,,,-23.661381499999997,-46.754678999999996,,,,1,2023-06-20T11:57:29+00:00
SAO_647P-10,São Paulo,3550308,True,,1316,,,-23.670483500000003,-46.777657500000004,,,,1,2023-06-20T11:57:36+00:00
SAO_647P-10,São Paulo,3550308,True,,1316,,,-23.626061749999998,-46.7348065,,,,1,2023-06-20T11:57:37+00:00
SAO_6258-10,São Paulo,3550308,True,,1232,,,-23.691460499999998,-46.746868500000005,,,,1,2023-06-20T11:57:18+00:00
SAO_6258-10,São Paulo,3550308,True,,1232,,,-23.6861375,-46.737840500000004,,,,1,2023-06-20T11:57:22+00:00
SAO_6258-10,São Paulo,3550308,True,,1232,,,-23.66702575,-46.723811999999995,,,,1,2023-06-20T11:57:25+00:00
SAO_6258-10,São Paulo,3550308,True,,1232,,,-23.6722825,-46.734466,,,,1,2023-06-20T11:57:30+00:00
SAO_6258-10,São Paulo,3550308,True,,1232,,,-23.669065000000003,-46.7337665,,,,1,2023-06-20T11:57:18+00:00
SAO_6258-10,São Paulo,3550308,True,,1232,,,-23.6547265,-46.7070535,,,,1,2023-06-20T11:57:24+00:00
SAO_2002-10,São Paulo,3550308,True,,33479,,,-23.5523195,-46.63850325,,,,2,2023-06-20T11:57:21+00:00
SAO_2002-10,São Paulo,3550308,True,,33479,,,-23.545775499999998,-46.63177,,,,2,2023-06-20T11:57:33+00:00
SAO_N601-11,São Paulo,3550308,True,,2392,,,-23.7374635,-46.697805,,,,1,2023-06-20T11:57:37+00:00
SAO_4004-10,São Paulo,3550308,True,,34946,,,-23.582850999999998,-46.4066525,,,,2,2023-06-20T11:57:24+00:00
SAO_4004-10,São Paulo,3550308,True,,34946,,,-23.582850999999998,-46.4066525,,,,2,2023-06-20T11:57:32+00:00
SAO_4004-10,São Paulo,3550308,True,,34946,,,-23.5849955,-46.3906585,,,,2,2023-06-20T11:55:24+00:00
SAO_6412-10,São Paulo,3550308,True,,33538,,,-23.6172295,-46.720997,,,,2,2023-06-20T11:57:04+00:00
SAO_6412-10,São Paulo,3550308,True,,33538,,,-23.589437750000002,-46.67222375,,,,2,2023-06-20T11:57:18+00:00
SAO_6412-10,São Paulo,3550308,True,,33538,,,-23.5672734375,-46.64444175,,,,2,2023-06-20T11:57:14+00:00
SAO_6412-10,São Paulo,3550308,True,,33538,,,-23.60523175,-46.683573749999994,,,,2,2023-06-20T11:57:39+00:00
SAO_6412-10,São Paulo,3550308,True,,33538,,,-23.6172295,-46.720997,,,,2,2023-06-20T11:56:58+00:00
SAO_6412-10,São Paulo,3550308,True,,33538,,,-23.61699275,-46.720967,,,,2,2023-06-20T11:56:58+00:00
SAO_6412-10,São Paulo,3550308,True,,33538,,,-23.618044,-46.70133775000001,,,,2,2023-06-20T11:57:04+00:00
SAO_172Y-10,São Paulo,3550308,True,,33630,,,-23.474435,-46.5800895,,,,2,2023-06-20T11:57:12+00:00
SAO_172Y-10,São Paulo,3550308,True,,33630,,,-23.4757405,-46.580546999999996,,,,2,2023-06-20T11:56:07+00:00
SAO_172Y-10,São Paulo,3550308,True,,33630,,,-23.512537000000002,-46.585398999999995,,,,2,2023-06-20T11:56:27+00:00
SAO_172Y-10,São Paulo,3550308,True,,33630,,,-23.47473425,-46.58000975,,,,2,2023-06-20T11:57:16+00:00
SAO_172Y-10,São Paulo,3550308,True,,33630,,,-23.541068499999998,-46.595891124999994,,,,2,2023-06-20T11:57:04+00:00
SAO_172Y-10,São Paulo,3550308,True,,33630,,,-23.474435,-46.5800895,,,,2,2023-06-20T11:57:37+00:00
SAO_172Y-10,São Paulo,3550308,True,,33630,,,-23.47473425,-46.58000975,,,,2,2023-06-20T11:57:20+00:00
SAO_9050-10,São Paulo,3550308,True,,2088,,,-23.544034500000002,-46.7049385,,,,1,2023-06-20T11:57:29+00:00
SAO_9050-10,São Paulo,3550308,True,,2088,,,-23.575432749999997,-46.6881385,,,,1,2023-06-20T11:57:25+00:00
SAO_9050-10,São Paulo,3550308,True,,2088,,,-23.5200315,-46.699387,,,,1,2023-06-20T11:57:17+00:00
SAO_2018-10,São Paulo,3550308,True,,904,,,-23.491375499999997,-46.443605500000004,,,,1,2023-06-20T11:57:23+00:00
SAO_2018-10,São Paulo,3550308,True,,904,,,-23.510486999999998,-46.406726500000005,,,,1,2023-06-20T11:57:15+00:00
SAO_4025-10,São Paulo,3550308,True,,1095,,,-23.541552,-46.574095,,,,1,2023-06-20T11:57:02+00:00
SAO_4025-10,São Paulo,3550308,True,,1095,,,-23.5900505,-46.5675485,,,,1,2023-06-20T11:57:17+00:00
SAO_4025-10,São Paulo,3550308,True,,1095,,,-23.595735249999997,-46.5576015,,,,1,2023-06-20T11:57:32+00:00
SAO_4025-10,São Paulo,3550308,True,,1095,,,-23.565876,-46.5756995,,,,1,2023-06-20T11:57:10+00:00
SAO_4025-10,São Paulo,3550308,True,,1095,,,-23.541552,-46.574095,,,,1,2023-06-20T11:57:15+00:00
SAO_4025-10,São Paulo,3550308,True,,1095,,,-23.54147175,-46.573660249999996,,,,1,2023-06-20T11:57:10+00:00
SAO_3735-21,São Paulo,3550308,True,,1705,,,-23.540855999999998,-46.4849405,,,,1,2023-06-20T11:57:36+00:00
SAO_3735-21,São Paulo,3550308,True,,1705,,,-23.5496515,-46.495648,,,,1,2023-06-20T11:57:19+00:00
SAO_6061-10,São Paulo,3550308,True,,1150,,,-23.763891,-46.68763075,,,,1,2023-06-20T11:57:01+00:00
SAO_6061-10,São Paulo,3550308,True,,1150,,,-23.737187499999997,-46.6971815,,,,1,2023-06-20T11:57:00+00:00
SAO_6061-10,São Paulo,3550308,True,,1150,,,-23.7817615,-46.681180499999996,,,,1,2023-06-20T11:57:18+00:00
SAO_6061-10,São Paulo,3550308,True,,1150,,,-23.748095499999998,-46.68762275,,,,1,2023-06-20T11:57:25+00:00
SAO_6061-10,São Paulo,3550308,True,,1150,,,-23.78152975,-46.6902575,,,,1,2023-06-20T11:57:14+00:00
SAO_6061-10,São Paulo,3550308,True,,1150,,,-23.7817615,-46.681180499999996,,,,1,2023-06-20T11:57:17+00:00
SAO_6061-10,São Paulo,3550308,True,,1150,,,-23.7859625,-46.6889135,,,,1,2023-06-20T11:57:38+00:00
SAO_2724-10,São Paulo,3550308,True,,938,,,-23.532003,-46.47353475,,,,1,2023-06-20T11:57:32+00:00
SAO_2724-10,São Paulo,3550308,True,,938,,,-23.524809875,-46.469803125,,,,1,2023-06-20T11:57:08+00:00
SAO_2724-10,São Paulo,3550308,True,,938,,,-23.5396445,-46.483602,,,,1,2023-06-20T11:57:18+00:00
SAO_2724-10,São Paulo,3550308,True,,938,,,-23.5389105,-46.481078,,,,1,2023-06-20T11:57:11+00:00
SAO_3051-10,São Paulo,3550308,True,,2446,,,-23.503371,-46.473569499999996,,,,1,2023-06-20T11:57:22+00:00
SAO_3051-10,São Paulo,3550308,True,,2446,,,-23.486919999999998,-46.482906,,,,1,2023-06-20T11:57:25+00:00
SAO_978L-10,São Paulo,3550308,True,EMTU,466,https://moovitapp.com/index/pt-br/transporte_p%C3%BAblico-line-466-Sao_Paulo-242-2038937-72712754-0,5.4,-23.5067425,-46.669456,,,,1,2023-06-20T11:57:03+00:00
SAO_978L-10,São Paulo,3550308,True,EMTU,466,https://moovitapp.com/index/pt-br/transporte_p%C3%BAblico-line-466-Sao_Paulo-242-2038937-72712754-0,5.4,-23.540424,-46.6484015,,,,1,2023-06-20T11:57:38+00:00
SAO_978L-10,São Paulo,3550308,True,EMTU,466,https://moovitapp.com/index/pt-br/transporte_p%C3%BAblico-line-466-Sao_Paulo-242-2038937-72712754-0,5.4,-23.474603000000002,-46.669678000000005,,,,1,2023-06-20T11:56:54+00:00
SAO_9701-10,São Paulo,3550308,True,,569,,,-23.4919175,-46.66231725,,,,1,2023-06-20T11:57:13+00:00
SAO_4013-10,São Paulo,3550308,True,,34954,,,-23.6249245,-46.4613025,,,,2,2023-06-20T11:57:30+00:00
SAO_4013-10,São Paulo,3550308,True,,34954,,,-23.635949250000003,-46.444776000000005,,,,2,2023-06-20T11:57:26+00:00
SAO_4013-10,São Paulo,3550308,True,,34954,,,-23.634888,-46.4434555,,,,2,2023-06-20T11:57:38+00:00
SAO_4013-10,São Paulo,3550308,True,,34954,,,-23.634541000000002,-46.443316249999995,,,,2,2023-06-20T11:57:19+00:00
SAO_4013-10,São Paulo,3550308,True,,34954,,,-23.624326625000002,-46.4581755,,,,2,2023-06-20T11:57:37+00:00
SAO_4013-10,São Paulo,3550308,True,,34954,,,-23.61275,-46.476256,,,,2,2023-06-20T11:57:23+00:00
SAO_7062-41,São Paulo,3550308,True,,35039,,,-23.652614749999998,-46.76975925,,,,2,2023-06-20T11:57:07+00:00
SAO_2522-10,São Paulo,3550308,True,,32908,,,-23.532367,-46.45353425,,,,2,2023-06-20T11:57:16+00:00
SAO_2522-10,São Paulo,3550308,True,,32908,,,-23.516617500000002,-46.4262835,,,,2,2023-06-20T11:56:57+00:00
SAO_9701-10,São Paulo,3550308,True,,33337,,,-23.476402,-46.668205125,,,,2,2023-06-20T11:57:24+00:00
SAO_9701-10,São Paulo,3550308,True,,33337,,,-23.5105395,-46.669353,,,,2,2023-06-20T11:57:09+00:00
SAO_9701-10,São Paulo,3550308,True,,33337,,,-23.476384000000003,-46.667850375,,,,2,2023-06-20T11:57:25+00:00
SAO_9701-10,São Paulo,3550308,True,,33337,,,-23.476384000000003,-46.667850375,,,,2,2023-06-20T11:56:54+00:00
SAO_3390-10,São Paulo,3550308,True,,738,,,-23.6146885,-46.5015595,,,,1,2023-06-20T11:57:32+00:00
SAO_3390-10,São Paulo,3550308,True,,738,,,-23.5473415,-46.629296499999995,,,,1,2023-06-20T11:57:10+00:00
SAO_3390-10,São Paulo,3550308,True,,738,,,-23.591248999999998,-46.540738000000005,,,,1,2023-06-20T11:57:02+00:00
SAO_3390-10,São Paulo,3550308,True,,738,,,-23.612506,-46.479178,,,,1,2023-06-20T11:57:26+00:00
SAO_3390-10,São Paulo,3550308,True,,738,,,-23.57912225,-46.57301325,,,,1,2023-06-20T11:57:28+00:00
SAO_3390-10,São Paulo,3550308,True,,738,,,-23.571989375,-46.593901,,,,1,2023-06-20T11:57:28+00:00
SAO_2104-10,São Paulo,3550308,True,,35023,,,-23.502574,-46.624022999999994,,,,2,2023-06-20T11:57:17+00:00
SAO_2104-10,São Paulo,3550308,True,,35023,,,-23.504861374999997,-46.624694625000004,,,,2,2023-06-20T11:57:31+00:00
SAO_2104-10,São Paulo,3550308,True,,35023,,,-23.546910500000003,-46.6306845,,,,2,2023-06-20T11:57:00+00:00
SAO_2104-10,São Paulo,3550308,True,,35023,,,-23.5477145,-46.6301065,,,,2,2023-06-20T11:57:08+00:00
SAO_5123-10,São Paulo,3550308,True,,1125,,,-23.617409000000002,-46.638910124999995,,,,1,2023-06-20T11:57:14+00:00
SAO_5123-10,São Paulo,3550308,True,,1125,,,-23.678448500000002,-46.630771499999994,,,,1,2023-06-20T11:56:59+00:00
SAO_5123-10,São Paulo,3550308,True,,1125,,,-23.59562275,-46.642447000000004,,,,1,2023-06-20T11:57:37+00:00
SAO_5123-10,São Paulo,3550308,True,,1125,,,-23.68201,-46.632758749999994,,,,1,2023-06-20T11:57:01+00:00
SAO_5123-10,São Paulo,3550308,True,,1125,,,-23.5973105,-46.645270875,,,,1,2023-06-20T11:57:06+00:00
SAO_5123-10,São Paulo,3550308,True,,1125,,,-23.679215,-46.640164,,,,1,2023-06-20T11:57:31+00:00
SAO_5123-10,São Paulo,3550308,True,,1125,,,-23.599569375,-46.644362625,,,,1,2023-06-20T11:56:53+00:00
SAO_5123-10,São Paulo,3550308,True,,1125,,,-23.6768715,-46.629208,,,,1,2023-06-20T11:57:05+00:00
SAO_5123-10,São Paulo,3550308,True,,1125,,,-23.638963625,-46.641260875,,,,1,2023-06-20T11:57:00+00:00
SAO_407Y-10,São Paulo,3550308,True,,2206,,,-23.57446725,-46.51368049999999,,,,1,2023-06-20T11:57:33+00:00
SAO_407Y-10,São Paulo,3550308,True,,2206,,,-23.58114175,-46.58452675,,,,1,2023-06-20T11:57:31+00:00
SAO_407Y-10,São Paulo,3550308,True,,2206,,,-23.5703855,-46.489906500000004,,,,1,2023-06-20T11:57:14+00:00
SAO_407Y-10,São Paulo,3550308,True,,2206,,,-23.570050124999998,-46.55159775,,,,1,2023-06-20T11:57:35+00:00
SAO_948A-10,São Paulo,3550308,True,,34191,,,-23.4821325,-46.718720000000005,,,,2,2023-06-20T11:57:26+00:00
SAO_948A-10,São Paulo,3550308,True,,34191,,,-23.526174,-46.668583,,,,2,2023-06-20T11:57:12+00:00
SAO_948A-10,São Paulo,3550308,True,,34191,,,-23.4694535,-46.7135935,,,,2,2023-06-20T11:57:14+00:00
SAO_2080-10,São Paulo,3550308,True,,33139,,,-23.507822,-46.491599,,,,2,2023-06-20T11:57:29+00:00
SAO_2080-10,São Paulo,3550308,True,,33139,,,-23.52422,-46.548732,,,,2,2023-06-20T11:57:34+00:00
SAO_2080-10,São Paulo,3550308,True,,33139,,,-23.48916475,-46.378097999999994,,,,2,2023-06-20T11:56:58+00:00
SAO_2080-10,São Paulo,3550308,True,,33139,,,-23.494943,-46.405331000000004,,,,2,2023-06-20T11:57:04+00:00
SAO_2080-10,São Paulo,3550308,True,,33139,,,-23.510135124999998,-46.366632749999994,,,,2,2023-06-20T11:57:03+00:00
SAO_1020-10,São Paulo,3550308,True,,35265,,,-23.4106675,-46.763892,,,,2,2023-06-20T11:57:16+00:00
SAO_1020-10,São Paulo,3550308,True,,35265,,,-23.4855545,-46.710256,,,,2,2023-06-20T11:57:21+00:00
SAO_1020-10,São Paulo,3550308,True,,35265,,,-23.4043965,-46.7518015,,,,2,2023-06-20T11:57:14+00:00
SAO_1020-10,São Paulo,3550308,True,,35265,,,-23.484688,-46.7220455,,,,2,2023-06-20T11:57:13+00:00
SAO_4311-10,São Paulo,3550308,True,,34939,,,-23.5931125,-46.468656499999994,,,,2,2023-06-20T11:57:22+00:00
SAO_4311-10,São Paulo,3550308,True,,34939,,,-23.612947,-46.476177500000006,,,,2,2023-06-20T11:57:28+00:00
SAO_4311-10,São Paulo,3550308,True,,34939,,,-23.572778,-46.50440999999999,,,,2,2023-06-20T11:57:36+00:00
SAO_4311-10,São Paulo,3550308,True,,34939,,,-23.5469335,-46.6304035,,,,2,2023-06-20T11:57:02+00:00
SAO_4311-10,São Paulo,3550308,True,,34939,,,-23.53978575,-46.5726295,,,,2,2023-06-20T11:57:30+00:00
SAO_4311-10,São Paulo,3550308,True,,34939,,,-23.612947,-46.476177500000006,,,,2,2023-06-20T11:57:26+00:00
SAO_8040-10,São Paulo,3550308,True,,406,,,-23.435781499999997,-46.7825775,,,,1,2023-06-20T11:57:17+00:00
SAO_8040-10,São Paulo,3550308,True,,406,,,-23.478313999999997,-46.753362499999994,,,,1,2023-06-20T11:57:21+00:00
SAO_8040-10,São Paulo,3550308,True,,406,,,-23.43823975,-46.771168125,,,,1,2023-06-20T11:57:20+00:00
SAO_8040-10,São Paulo,3550308,True,,406,,,-23.508340999999998,-46.741192625,,,,1,2023-06-20T11:57:04+00:00
SAO_8040-10,São Paulo,3550308,True,,406,,,-23.519666,-46.700277,,,,1,2023-06-20T11:57:13+00:00
SAO_8040-10,São Paulo,3550308,True,,406,,,-23.48659975,-46.7687635,,,,1,2023-06-20T11:57:00+00:00
SAO_4014-10,São Paulo,3550308,True,,2187,,,-23.589249000000002,-46.487725,,,,1,2023-06-20T11:57:23+00:00
SAO_4014-10,São Paulo,3550308,True,,2187,,,-23.612996,-46.456739999999996,,,,1,2023-06-20T11:57:08+00:00
SAO_4014-10,São Paulo,3550308,True,,2187,,,-23.598162000000002,-46.472988,,,,1,2023-06-20T11:57:34+00:00
SAO_4014-10,São Paulo,3550308,True,,2187,,,-23.611689187499998,-46.464899,,,,1,2023-06-20T11:57:23+00:00
SAO_4014-10,São Paulo,3550308,True,,2187,,,-23.5580635,-46.522337500000006,,,,1,2023-06-20T11:57:20+00:00
SAO_3791-10,São Paulo,3550308,True,,1069,,,-23.544051500000002,-46.503115,,,,1,2023-06-20T11:57:04+00:00
SAO_3791-10,São Paulo,3550308,True,,1069,,,-23.5419325,-46.484893125,,,,1,2023-06-20T11:57:21+00:00
SAO_546A-10,São Paulo,3550308,True,,33899,,,-23.713665,-46.65656725,,,,2,2023-06-20T11:54:38+00:00
SAO_546A-10,São Paulo,3550308,True,,33899,,,-23.688616500000002,-46.6803075,,,,2,2023-06-20T11:57:09+00:00
SAO_546A-10,São Paulo,3550308,True,,33899,,,-23.7136645,-46.656892,,,,2,2023-06-20T11:57:13+00:00
SAO_546A-10,São Paulo,3550308,True,,33899,,,-23.704973,-46.6511425,,,,2,2023-06-20T11:54:15+00:00
SAO_546A-10,São Paulo,3550308,True,,33899,,,-23.713665,-46.65656725,,,,2,2023-06-20T11:57:24+00:00
SAO_8050-10,São Paulo,3550308,True,,33180,,,-23.42952025,-46.792491749999996,,,,2,2023-06-20T11:57:37+00:00
SAO_8050-10,São Paulo,3550308,True,,33180,,,-23.44186175,-46.786443750000004,,,,2,2023-06-20T11:57:31+00:00
SAO_8050-10,São Paulo,3550308,True,,33180,,,-23.442098,-46.791021,,,,2,2023-06-20T11:57:24+00:00
SAO_8050-10,São Paulo,3550308,True,,33180,,,-23.518814999999996,-46.702155000000005,,,,2,2023-06-20T11:57:31+00:00
SAO_4729-10,São Paulo,3550308,True,,33876,,,-23.540139,-46.594167,,,,2,2023-06-20T11:57:25+00:00
SAO_4729-10,São Paulo,3550308,True,,33876,,,-23.591147,-46.507459999999995,,,,2,2023-06-20T11:57:07+00:00
SAO_4729-10,São Paulo,3550308,True,,33876,,,-23.598327624999996,-46.51645225,,,,2,2023-06-20T11:57:18+00:00
SAO_4729-10,São Paulo,3550308,True,,33876,,,-23.573534000000002,-46.563790499999996,,,,2,2023-06-20T11:57:13+00:00
SAO_2019-10,São Paulo,3550308,True,,33673,,,-23.529124,-46.478905,,,,2,2023-06-20T11:57:33+00:00
SAO_1701-10,São Paulo,3550308,True,,33613,,,-23.447903750000002,-46.57596337499999,,,,2,2023-06-20T11:57:19+00:00
SAO_1701-10,São Paulo,3550308,True,,33613,,,-23.447695250000002,-46.576127125,,,,2,2023-06-20T11:57:02+00:00
SAO_1701-10,São Paulo,3550308,True,,33613,,,-23.447695250000002,-46.576127125,,,,2,2023-06-20T11:57:28+00:00
SAO_1701-10,São Paulo,3550308,True,,33613,,,-23.501005125,-46.621661,,,,2,2023-06-20T11:55:47+00:00
SAO_1701-10,São Paulo,3550308,True,,33613,,,-23.472378749999997,-46.59651100000001,,,,2,2023-06-20T11:57:21+00:00
SAO_971T-10,São Paulo,3550308,True,,618,,,-23.4932085,-46.67513700000001,,,,1,2023-06-20T11:57:28+00:00
SAO_971T-10,São Paulo,3550308,True,,618,,,-23.4869455,-46.652757,,,,1,2023-06-20T11:57:01+00:00
SAO_971T-10,São Paulo,3550308,True,,618,,,-23.5001995,-46.63149675,,,,1,2023-06-20T11:57:05+00:00
SAO_6821-10,São Paulo,3550308,True,,32789,,,-23.6572335,-46.7642095,,,,2,2023-06-20T11:57:17+00:00
SAO_6821-10,São Paulo,3550308,True,,32789,,,-23.6789715,-46.7764185,,,,2,2023-06-20T11:57:10+00:00
SAO_6821-10,São Paulo,3550308,True,,32789,,,-23.686324,-46.7810235,,,,2,2023-06-20T11:56:57+00:00
SAO_9188-10,São Paulo,3550308,True,EMTU,809,https://moovitapp.com/index/pt-br/transporte_p%C3%BAblico-line-809-Sao_Paulo-242-2038937-119858519-0,5.2,-23.448146875,-46.72186175,,,,1,2023-06-20T11:57:21+00:00
SAO_9188-10,São Paulo,3550308,True,EMTU,809,https://moovitapp.com/index/pt-br/transporte_p%C3%BAblico-line-809-Sao_Paulo-242-2038937-119858519-0,5.2,-23.45024725,-46.730512749999995,,,,1,2023-06-20T11:57:31+00:00
SAO_9188-10,São Paulo,3550308,True,EMTU,809,https://moovitapp.com/index/pt-br/transporte_p%C3%BAblico-line-809-Sao_Paulo-242-2038937-119858519-0,5.2,-23.454766,-46.728925,,,,1,2023-06-20T11:55:16+00:00
SAO_9188-10,São Paulo,3550308,True,EMTU,809,https://moovitapp.com/index/pt-br/transporte_p%C3%BAblico-line-809-Sao_Paulo-242-2038937-119858519-0,5.2,-23.4824445,-46.7176465,,,,1,2023-06-20T11:57:37+00:00
SAO_9188-10,São Paulo,3550308,True,EMTU,809,https://moovitapp.com/index/pt-br/transporte_p%C3%BAblico-line-809-Sao_Paulo-242-2038937-119858519-0,5.2,-23.454766,-46.728925,,,,1,2023-06-20T11:57:36+00:00
SAO_9188-10,São Paulo,3550308,True,EMTU,809,https://moovitapp.com/index/pt-br/transporte_p%C3%BAblico-line-809-Sao_Paulo-242-2038937-119858519-0,5.2,-23.5182955,-46.701809499999996,,,,1,2023-06-20T11:57:28+00:00
SAO_9301-10,São Paulo,3550308,True,,458,,,-23.498013874999998,-46.663647,,,,1,2023-06-20T11:57:23+00:00
SAO_9301-10,São Paulo,3550308,True,,458,,,-23.5142025,-46.6546565,,,,1,2023-06-20T11:57:22+00:00
SAO_6013-10,São Paulo,3550308,True,,186,,,-23.6650815,-46.7371155,,,,1,2023-06-20T11:57:30+00:00
SAO_6013-10,São Paulo,3550308,True,,186,,,-23.699185,-46.7630965,,,,1,2023-06-20T11:57:07+00:00
SAO_6013-10,São Paulo,3550308,True,,186,,,-23.6848355,-46.7700415,,,,1,2023-06-20T11:57:27+00:00
SAO_6013-10,São Paulo,3550308,True,,186,,,-23.700741999999998,-46.7720805,,,,1,2023-06-20T11:57:13+00:00
SAO_6013-10,São Paulo,3550308,True,,186,,,-23.675867250000003,-46.754087,,,,1,2023-06-20T11:57:24+00:00
SAO_6013-10,São Paulo,3550308,True,,186,,,-23.654091,-46.711929999999995,,,,1,2023-06-20T11:57:01+00:00
SAO_2726-10,São Paulo,3550308,True,Urubupungá,940,https://moovitapp.com/index/pt-br/transporte_p%C3%BAblico-line-940-Sao_Paulo-242-873835-496474-0,4.6,-23.522568875,-46.543181625,,,,1,2023-06-20T11:57:07+00:00
SAO_2726-10,São Paulo,3550308,True,Urubupungá,940,https://moovitapp.com/index/pt-br/transporte_p%C3%BAblico-line-940-Sao_Paulo-242-873835-496474-0,4.6,-23.512702500000003,-46.485276999999996,,,,1,2023-06-20T11:57:17+00:00
SAO_2726-10,São Paulo,3550308,True,Urubupungá,940,https://moovitapp.com/index/pt-br/transporte_p%C3%BAblico-line-940-Sao_Paulo-242-873835-496474-0,4.6,-23.533234,-46.543972499999995,,,,1,2023-06-20T11:57:28+00:00
SAO_2726-10,São Paulo,3550308,True,Urubupungá,940,https://moovitapp.com/index/pt-br/transporte_p%C3%BAblico-line-940-Sao_Paulo-242-873835-496474-0,4.6,-23.51134075,-46.4685125,,,,1,2023-06-20T11:56:57+00:00
SAO_2726-10,São Paulo,3550308,True,Urubupungá,940,https://moovitapp.com/index/pt-br/transporte_p%C3%BAblico-line-940-Sao_Paulo-242-873835-496474-0,4.6,-23.515551,-46.468538499999994,,,,1,2023-06-20T11:56:52+00:00
SAO_2726-10,São Paulo,3550308,True,Urubupungá,940,https://moovitapp.com/index/pt-br/transporte_p%C3%BAblico-line-940-Sao_Paulo-242-873835-496474-0,4.6,-23.511271,-46.502427499999996,,,,1,2023-06-20T11:57:02+00:00
SAO_4115-10,São Paulo,3550308,True,EMTU,322,https://moovitapp.com/index/pt-br/transporte_p%C3%BAblico-line-322-Sao_Paulo-242-2038937-36419412-0,6.2,-23.575352375,-46.623326250000005,,,,1,2023-06-20T11:57:01+00:00
SAO_119L-10,São Paulo,3550308,True,,35041,,,-23.445461,-46.7844485,,,,2,2023-06-20T11:57:12+00:00
SAO_119L-10,São Paulo,3550308,True,,35041,,,-23.5202495,-46.710781999999995,,,,2,2023-06-20T11:57:30+00:00
SAO_2730-10,São Paulo,3550308,True,Urubupungá,945,https://moovitapp.com/index/pt-br/transporte_p%C3%BAblico-line-945-Sao_Paulo-242-873835-75841138-0,4.6,-23.5401805,-46.483284,,,,1,2023-06-20T11:57:08+00:00
SAO_2730-10,São Paulo,3550308,True,Urubupungá,945,https://moovitapp.com/index/pt-br/transporte_p%C3%BAblico-line-945-Sao_Paulo-242-873835-75841138-0,4.6,-23.509246750000003,-46.446446,,,,1,2023-06-20T11:57:26+00:00
SAO_2730-10,São Paulo,3550308,True,Urubupungá,945,https://moovitapp.com/index/pt-br/transporte_p%C3%BAblico-line-945-Sao_Paulo-242-873835-75841138-0,4.6,-23.540062499999998,-46.482594375,,,,1,2023-06-20T11:57:10+00:00
SAO_2730-10,São Paulo,3550308,True,Urubupungá,945,https://moovitapp.com/index/pt-br/transporte_p%C3%BAblico-line-945-Sao_Paulo-242-873835-75841138-0,4.6,-23.506408,-46.4573865,,,,1,2023-06-20T11:57:13+00:00
SAO_2730-10,São Paulo,3550308,True,Urubupungá,945,https://moovitapp.com/index/pt-br/transporte_p%C3%BAblico-line-945-Sao_Paulo-242-873835-75841138-0,4.6,-23.510564000000002,-46.447309000000004,,,,1,2023-06-20T11:57:17+00:00
SAO_2730-10,São Paulo,3550308,True,Urubupungá,945,https://moovitapp.com/index/pt-br/transporte_p%C3%BAblico-line-945-Sao_Paulo-242-873835-75841138-0,4.6,-23.510328,-46.4616885,,,,1,2023-06-20T11:57:14+00:00
SAO_2730-10,São Paulo,3550308,True,Urubupungá,945,https://moovitapp.com/index/pt-br/transporte_p%C3%BAblico-line-945-Sao_Paulo-242-873835-75841138-0,4.6,-23.510564000000002,-46.447309000000004,,,,1,2023-06-20T11:57:01+00:00
SAO_1709-21,São Paulo,3550308,True,,34735,,,-23.4412375,-46.5814765,,,,2,2023-06-20T11:57:34+00:00
SAO_1709-21,São Paulo,3550308,True,,34735,,,-23.4412375,-46.5814765,,,,2,2023-06-20T11:57:19+00:00
SAO_478P-10,São Paulo,3550308,True,EMTU,349,https://moovitapp.com/index/pt-br/transporte_p%C3%BAblico-line-349-Sao_Paulo-242-2038937-36419432-0,5.1,-23.5783865,-46.6112615,,,,1,2023-06-20T11:57:08+00:00
SAO_478P-10,São Paulo,3550308,True,EMTU,349,https://moovitapp.com/index/pt-br/transporte_p%C3%BAblico-line-349-Sao_Paulo-242-2038937-36419432-0,5.1,-23.630457999999997,-46.598635,,,,1,2023-06-20T11:57:26+00:00
SAO_478P-10,São Paulo,3550308,True,EMTU,349,https://moovitapp.com/index/pt-br/transporte_p%C3%BAblico-line-349-Sao_Paulo-242-2038937-36419432-0,5.1,-23.55631475,-46.66207025,,,,1,2023-06-20T11:57:21+00:00
SAO_478P-10,São Paulo,3550308,True,EMTU,349,https://moovitapp.com/index/pt-br/transporte_p%C3%BAblico-line-349-Sao_Paulo-242-2038937-36419432-0,5.1,-23.6025305,-46.6137935,,,,1,2023-06-20T11:57:21+00:00
SAO_199D-10,São Paulo,3550308,True,,34903,,,-23.534526,-46.697555,,,,2,2023-06-20T11:57:09+00:00
SAO_199D-10,São Paulo,3550308,True,,34903,,,-23.55900475,-46.679910625,,,,2,2023-06-20T11:57:11+00:00
SAO_199D-10,São Paulo,3550308,True,,34903,,,-23.484579,-46.7095505,,,,2,2023-06-20T11:57:16+00:00
SAO_199D-10,São Paulo,3550308,True,,34903,,,-23.5665885,-46.701569500000005,,,,2,2023-06-20T11:57:07+00:00
SAO_709M-10,São Paulo,3550308,True,,2462,,,-23.654158,-46.710677000000004,,,,1,2023-06-20T11:57:01+00:00
SAO_709M-10,São Paulo,3550308,True,,2462,,,-23.566105999999998,-46.7019325,,,,1,2023-06-20T11:56:55+00:00
SAO_709M-10,São Paulo,3550308,True,,2462,,,-23.579709,-46.6853055,,,,1,2023-06-20T11:57:34+00:00
SAO_709M-10,São Paulo,3550308,True,,2462,,,-23.566360500000002,-46.701766500000005,,,,1,2023-06-20T11:57:26+00:00
SAO_709M-10,São Paulo,3550308,True,,2462,,,-23.626148,-46.6874045,,,,1,2023-06-20T11:57:08+00:00
SAO_271C-10,São Paulo,3550308,True,,33450,,,-23.523229999999998,-46.583715,,,,2,2023-06-20T11:57:36+00:00
SAO_271C-10,São Paulo,3550308,True,,33450,,,-23.534060500000002,-46.6449245,,,,2,2023-06-20T11:57:28+00:00
SAO_648P-10,São Paulo,3550308,True,,66,,,-23.6449195,-46.719300000000004,,,,1,2023-06-20T11:57:22+00:00
SAO_648P-10,São Paulo,3550308,True,,66,,,-23.594386,-46.689881,,,,1,2023-06-20T11:57:04+00:00
SAO_648P-10,São Paulo,3550308,True,,66,,,-23.56555875,-46.7010795,,,,1,2023-06-20T11:57:00+00:00
SAO_2005-10,São Paulo,3550308,True,,893,,,-23.48915925,-46.39272712499999,,,,1,2023-06-20T11:57:07+00:00
SAO_2005-10,São Paulo,3550308,True,,893,,,-23.494522,-46.425334250000006,,,,1,2023-06-20T11:56:42+00:00
SAO_2029-10,São Paulo,3550308,True,,2270,,,-23.447797,-46.5888585,,,,1,2023-06-20T11:57:06+00:00
SAO_2029-10,São Paulo,3550308,True,,2270,,,-23.4790025,-46.60396525,,,,1,2023-06-20T11:57:07+00:00
SAO_709A-10,São Paulo,3550308,True,,34860,,,-23.608453250000004,-46.69412225000001,,,,2,2023-06-20T11:57:19+00:00
SAO_709A-10,São Paulo,3550308,True,,34860,,,-23.589961375,-46.679711624999996,,,,2,2023-06-20T11:57:14+00:00
SAO_709A-10,São Paulo,3550308,True,,34860,,,-23.593075,-46.64680025,,,,2,2023-06-20T11:57:32+00:00
SAO_513C-31,São Paulo,3550308,True,,35304,,,-23.57085,-46.4495735,,,,2,2023-06-20T11:57:06+00:00
SAO_513C-31,São Paulo,3550308,True,,35304,,,-23.6061905,-46.563502,,,,2,2023-06-20T11:56:58+00:00
SAO_513C-31,São Paulo,3550308,True,,35304,,,-23.540408,-46.4567435,,,,2,2023-06-20T11:57:19+00:00
SAO_6008-10,São Paulo,3550308,True,,1200,,,-23.688326562500002,-46.7663701875,,,,1,2023-06-20T11:57:16+00:00
SAO_6008-10,São Paulo,3550308,True,,1200,,,-23.6604955,-46.7047945,,,,1,2023-06-20T11:57:06+00:00
SAO_6008-10,São Paulo,3550308,True,,1200,,,-23.6806475,-46.734758,,,,1,2023-06-20T11:57:06+00:00
SAO_6008-10,São Paulo,3550308,True,,1200,,,-23.6540115,-46.7103915,,,,1,2023-06-20T11:57:02+00:00
SAO_6008-10,São Paulo,3550308,True,,1200,,,-23.6706615,-46.7344485,,,,1,2023-06-20T11:57:16+00:00
SAO_6008-10,São Paulo,3550308,True,,1200,,,-23.686097,-46.7557235,,,,1,2023-06-20T11:57:03+00:00
SAO_6008-10,São Paulo,3550308,True,,1200,,,-23.654007,-46.710475,,,,1,2023-06-20T11:57:24+00:00
SAO_3754-10,São Paulo,3550308,True,,33817,,,-23.534399999999998,-46.45086025,,,,2,2023-06-20T11:57:16+00:00
SAO_3754-10,São Paulo,3550308,True,,33817,,,-23.573977,-46.398133,,,,2,2023-06-20T11:57:20+00:00
SAO_3754-10,São Paulo,3550308,True,,33817,,,-23.57374,-46.398475000000005,,,,2,2023-06-20T11:56:59+00:00
SAO_3754-10,São Paulo,3550308,True,,33817,,,-23.54375225,-46.411161500000006,,,,2,2023-06-20T11:56:52+00:00
SAO_3754-10,São Paulo,3550308,True,,33817,,,-23.542761,-46.472387999999995,,,,2,2023-06-20T11:55:41+00:00
SAO_3754-10,São Paulo,3550308,True,,33817,,,-23.543873750000003,-46.461260249999995,,,,2,2023-06-20T11:57:20+00:00
SAO_6030-10,São Paulo,3550308,True,,33910,,,-23.682382750000002,-46.693752,,,,2,2023-06-20T11:57:31+00:00
SAO_6030-10,São Paulo,3550308,True,,33910,,,-23.7337725,-46.70518,,,,2,2023-06-20T11:57:29+00:00
SAO_6030-10,São Paulo,3550308,True,,33910,,,-23.740943,-46.707615000000004,,,,2,2023-06-20T11:56:56+00:00
SAO_6049-10,São Paulo,3550308,True,,1309,,,-23.66191,-46.752173,,,,1,2023-06-20T11:57:07+00:00
SAO_6049-10,São Paulo,3550308,True,,1309,,,-23.694253,-46.793887,,,,1,2023-06-20T11:57:33+00:00
SAO_6049-10,São Paulo,3550308,True,,1309,,,-23.686210250000002,-46.8015605,,,,1,2023-06-20T11:57:09+00:00
SAO_6049-10,São Paulo,3550308,True,,1309,,,-23.660608,-46.7679,,,,1,2023-06-20T11:57:27+00:00
SAO_6049-10,São Paulo,3550308,True,,1309,,,-23.694253,-46.793887,,,,1,2023-06-20T11:56:56+00:00
SAO_6049-10,São Paulo,3550308,True,,1309,,,-23.652227250000003,-46.708538,,,,1,2023-06-20T11:57:09+00:00
SAO_6062-51,São Paulo,3550308,True,,34507,,,-23.713037999999997,-46.698539999999994,,,,2,2023-06-20T11:56:57+00:00
SAO_6062-51,São Paulo,3550308,True,,34507,,,-23.741882,-46.6813055,,,,2,2023-06-20T11:57:28+00:00
SAO_6062-51,São Paulo,3550308,True,,34507,,,-23.741882,-46.6813055,,,,2,2023-06-20T11:57:18+00:00
SAO_6062-51,São Paulo,3550308,True,,34507,,,-23.6638935,-46.7098655,,,,2,2023-06-20T11:57:00+00:00
SAO_172U-10,São Paulo,3550308,True,,860,,,-23.438648,-46.58637,,,,1,2023-06-20T11:57:15+00:00
SAO_172U-10,São Paulo,3550308,True,,860,,,-23.503476,-46.6249045,,,,1,2023-06-20T11:57:30+00:00
SAO_172U-10,São Paulo,3550308,True,,860,,,-23.437303,-46.56643425,,,,1,2023-06-20T11:57:07+00:00
SAO_172U-10,São Paulo,3550308,True,,860,,,-23.4761725,-46.6036365,,,,1,2023-06-20T11:57:24+00:00
SAO_172U-10,São Paulo,3550308,True,,860,,,-23.4390125,-46.57260375,,,,1,2023-06-20T11:57:27+00:00
SAO_172U-10,São Paulo,3550308,True,,860,,,-23.483287125000004,-46.613725375,,,,1,2023-06-20T11:57:13+00:00
SAO_172U-10,São Paulo,3550308,True,,860,,,-23.53931525,-46.6086885,,,,1,2023-06-20T11:57:17+00:00
SAO_874C-10,São Paulo,3550308,True,,33245,,,-23.540995000000002,-46.698642,,,,2,2023-06-20T11:57:05+00:00
SAO_874C-10,São Paulo,3550308,True,,33245,,,-23.5470875,-46.7607205,,,,2,2023-06-20T11:57:31+00:00
SAO_874C-10,São Paulo,3550308,True,,33245,,,-23.546825,-46.7609525,,,,2,2023-06-20T11:57:12+00:00
SAO_3019-10,São Paulo,3550308,True,,957,,,-23.583009500000003,-46.4076625,,,,1,2023-06-20T11:57:34+00:00
SAO_1780-10,São Paulo,3550308,True,,33637,,,-23.4483715,-46.5789425,,,,2,2023-06-20T11:57:33+00:00
SAO_1780-10,São Paulo,3550308,True,,33637,,,-23.4483715,-46.5789425,,,,2,2023-06-20T11:57:15+00:00
SAO_1780-10,São Paulo,3550308,True,,33637,,,-23.4566865,-46.5848185,,,,2,2023-06-20T11:57:10+00:00
SAO_1780-10,São Paulo,3550308,True,,33637,,,-23.46759475,-46.586836250000005,,,,2,2023-06-20T11:57:34+00:00
SAO_2717-10,São Paulo,3550308,True,,33698,,,-23.50359975,-46.5048945,,,,2,2023-06-20T11:56:57+00:00
SAO_2717-10,São Paulo,3550308,True,,33698,,,-23.528868,-46.5167825,,,,2,2023-06-20T11:57:07+00:00
SAO_2717-10,São Paulo,3550308,True,,33698,,,-23.507675374999998,-46.513137,,,,2,2023-06-20T11:57:35+00:00
SAO_2717-10,São Paulo,3550308,True,,33698,,,-23.5123885,-46.514519,,,,2,2023-06-20T11:57:15+00:00
SAO_8009-31,São Paulo,3550308,True,,34028,,,-23.4572495,-46.744378499999996,,,,2,2023-06-20T11:57:14+00:00
SAO_8009-31,São Paulo,3550308,True,,34028,,,-23.486620000000002,-46.7265875,,,,2,2023-06-20T11:57:20+00:00
SAO_8009-31,São Paulo,3550308,True,,34028,,,-23.4338915,-46.751208,,,,2,2023-06-20T11:57:35+00:00
SAO_4732-31,São Paulo,3550308,True,,2127,,,-23.632865000000002,-46.6005665,,,,1,2023-06-20T11:57:25+00:00
SAO_4732-31,São Paulo,3550308,True,,2127,,,-23.6462495,-46.591561999999996,,,,1,2023-06-20T11:56:54+00:00
SAO_4732-31,São Paulo,3550308,True,,2127,,,-23.6287095,-46.6135975,,,,1,2023-06-20T11:57:07+00:00
SAO_4732-31,São Paulo,3550308,True,,2127,,,-23.628141499999998,-46.6136745,,,,1,2023-06-20T11:57:31+00:00
SAO_3015-10,São Paulo,3550308,True,,35222,,,-23.4789165,-46.384702000000004,,,,2,2023-06-20T11:57:14+00:00
SAO_3015-10,São Paulo,3550308,True,,35222,,,-23.4992725,-46.38611725,,,,2,2023-06-20T11:56:56+00:00
SAO_6036-10,São Paulo,3550308,True,,33982,,,-23.65385975,-46.79008575,,,,2,2023-06-20T11:56:59+00:00
SAO_6036-10,São Paulo,3550308,True,,33982,,,-23.6423055,-46.740426,,,,2,2023-06-20T11:57:16+00:00
SAO_6036-10,São Paulo,3550308,True,,33982,,,-23.642478,-46.7820335,,,,2,2023-06-20T11:57:13+00:00
SAO_6036-10,São Paulo,3550308,True,,33982,,,-23.65385975,-46.79008575,,,,2,2023-06-20T11:57:12+00:00
SAO_6036-10,São Paulo,3550308,True,,33982,,,-23.651289499999997,-46.720085499999996,,,,2,2023-06-20T11:56:57+00:00
SAO_6036-10,São Paulo,3550308,True,,33982,,,-23.643030500000002,-46.77970475,,,,2,2023-06-20T11:57:28+00:00
SAO_4093-10,São Paulo,3550308,True,,35216,,,-23.593653,-46.3932055,,,,2,2023-06-20T11:57:37+00:00
SAO_4093-10,São Paulo,3550308,True,,35216,,,-23.591675000000002,-46.4035715,,,,2,2023-06-20T11:56:56+00:00
SAO_669A-10,São Paulo,3550308,True,,32772,,,-23.60586525,-46.67565775,,,,2,2023-06-20T11:57:28+00:00
SAO_669A-10,São Paulo,3550308,True,,32772,,,-23.653906999999997,-46.710535500000006,,,,2,2023-06-20T11:57:33+00:00
SAO_669A-10,São Paulo,3550308,True,,32772,,,-23.546836,-46.64555,,,,2,2023-06-20T11:57:37+00:00
SAO_669A-10,São Paulo,3550308,True,,32772,,,-23.575095249999997,-46.65687425,,,,2,2023-06-20T11:57:39+00:00
SAO_669A-10,São Paulo,3550308,True,,32772,,,-23.5341755,-46.6447165,,,,2,2023-06-20T11:57:37+00:00
SAO_507T-10,São Paulo,3550308,True,,34976,,,-23.558028999999998,-46.522641500000006,,,,2,2023-06-20T11:57:19+00:00
SAO_507T-10,São Paulo,3550308,True,,34976,,,-23.604968999999997,-46.503434999999996,,,,2,2023-06-20T11:57:16+00:00
SAO_507T-10,São Paulo,3550308,True,,34976,,,-23.586772500000002,-46.517243,,,,2,2023-06-20T11:57:22+00:00
SAO_507T-10,São Paulo,3550308,True,,34976,,,-23.613987,-46.5014315,,,,2,2023-06-20T11:56:55+00:00
SAO_507T-10,São Paulo,3550308,True,,34976,,,-23.537037499999997,-46.558446,,,,2,2023-06-20T11:57:23+00:00
SAO_507T-10,São Paulo,3550308,True,,34976,,,-23.6137795,-46.501670000000004,,,,2,2023-06-20T11:57:12+00:00
SAO_4052-10,São Paulo,3550308,True,,2145,,,-23.536210500000003,-46.4261235,,,,1,2023-06-20T11:57:26+00:00
SAO_4052-10,São Paulo,3550308,True,,2145,,,-23.542303,-46.425173,,,,1,2023-06-20T11:57:05+00:00
SAO_4052-10,São Paulo,3550308,True,,2145,,,-23.542544499999998,-46.4716805,,,,1,2023-06-20T11:57:19+00:00
SAO_4052-10,São Paulo,3550308,True,,2145,,,-23.530748000000003,-46.4485035,,,,1,2023-06-20T11:57:17+00:00
SAO_3539-10,São Paulo,3550308,True,,748,,,-23.54615475,-46.605053749999996,,,,1,2023-06-20T11:57:14+00:00
SAO_3539-10,São Paulo,3550308,True,,748,,,-23.590266,-46.443014000000005,,,,1,2023-06-20T11:57:00+00:00
SAO_3539-10,São Paulo,3550308,True,,748,,,-23.5958445,-46.434946499999995,,,,1,2023-06-20T11:57:01+00:00
SAO_3539-10,São Paulo,3550308,True,,748,,,-23.5291325,-46.515853,,,,1,2023-06-20T11:57:17+00:00
SAO_3539-10,São Paulo,3550308,True,,748,,,-23.580005125,-46.4126035,,,,1,2023-06-20T11:57:05+00:00
SAO_3539-10,São Paulo,3550308,True,,748,,,-23.5428375,-46.587731000000005,,,,1,2023-06-20T11:56:53+00:00
SAO_3539-10,São Paulo,3550308,True,,748,,,-23.551387,-46.4625745,,,,1,2023-06-20T11:57:26+00:00
SAO_3539-10,São Paulo,3550308,True,,748,,,-23.59092,-46.407697625,,,,1,2023-06-20T11:56:55+00:00
SAO_8594-10,São Paulo,3550308,True,EMTU,432,https://moovitapp.com/index/pt-br/transporte_p%C3%BAblico-line-432-Sao_Paulo-242-2038937-36419486-0,4.8,-23.452589,-46.748003999999995,,,,1,2023-06-20T11:57:06+00:00
SAO_8594-10,São Paulo,3550308,True,EMTU,432,https://moovitapp.com/index/pt-br/transporte_p%C3%BAblico-line-432-Sao_Paulo-242-2038937-36419486-0,4.8,-23.53208,-46.661072000000004,,,,1,2023-06-20T11:56:59+00:00
SAO_8594-10,São Paulo,3550308,True,EMTU,432,https://moovitapp.com/index/pt-br/transporte_p%C3%BAblico-line-432-Sao_Paulo-242-2038937-36419486-0,4.8,-23.5147515,-46.6998315,,,,1,2023-06-20T11:57:10+00:00
SAO_8594-10,São Paulo,3550308,True,EMTU,432,https://moovitapp.com/index/pt-br/transporte_p%C3%BAblico-line-432-Sao_Paulo-242-2038937-36419486-0,4.8,-23.470966750000002,-46.72480525,,,,1,2023-06-20T11:57:35+00:00
SAO_8594-10,São Paulo,3550308,True,EMTU,432,https://moovitapp.com/index/pt-br/transporte_p%C3%BAblico-line-432-Sao_Paulo-242-2038937-36419486-0,4.8,-23.448057499999997,-46.727577125,,,,1,2023-06-20T11:57:12+00:00
SAO_8594-10,São Paulo,3550308,True,EMTU,432,https://moovitapp.com/index/pt-br/transporte_p%C3%BAblico-line-432-Sao_Paulo-242-2038937-36419486-0,4.8,-23.54337975,-46.643962,,,,1,2023-06-20T11:57:31+00:00
SAO_6913-21,São Paulo,3550308,True,,1549,,,-23.719488,-46.698268999999996,,,,1,2023-06-20T11:57:31+00:00
SAO_6913-21,São Paulo,3550308,True,,1549,,,-23.6532135,-46.706331000000006,,,,1,2023-06-20T11:57:17+00:00
SAO_6913-21,São Paulo,3550308,True,,1549,,,-23.585621000000003,-46.670804000000004,,,,1,2023-06-20T11:57:31+00:00
SAO_6913-21,São Paulo,3550308,True,,1549,,,-23.74805575,-46.70845224999999,,,,1,2023-06-20T11:57:27+00:00
SAO_6913-21,São Paulo,3550308,True,,1549,,,-23.766790999999998,-46.716458,,,,1,2023-06-20T11:57:02+00:00
SAO_6913-21,São Paulo,3550308,True,,1549,,,-23.62315325,-46.68501175,,,,1,2023-06-20T11:57:31+00:00
SAO_6913-21,São Paulo,3550308,True,,1549,,,-23.69316225,-46.7147245,,,,1,2023-06-20T11:57:05+00:00
SAO_5759-31,São Paulo,3550308,True,,1139,,,-23.634568,-46.6410685,,,,1,2023-06-20T11:57:29+00:00
SAO_5759-31,São Paulo,3550308,True,,1139,,,-23.667597999999998,-46.656060749999995,,,,1,2023-06-20T11:57:16+00:00
SAO_5759-31,São Paulo,3550308,True,,1139,,,-23.6950395,-46.6487305,,,,1,2023-06-20T11:57:05+00:00
SAO_5759-31,São Paulo,3550308,True,,1139,,,-23.6368035,-46.641181,,,,1,2023-06-20T11:57:11+00:00
SAO_5759-31,São Paulo,3550308,True,,1139,,,-23.68385575,-46.645083,,,,1,2023-06-20T11:54:54+00:00
SAO_5759-31,São Paulo,3550308,True,,1139,,,-23.6389115,-46.644076999999996,,,,1,2023-06-20T11:57:11+00:00
SAO_2709-10,São Paulo,3550308,True,,922,,,-23.529814000000002,-46.5011675,,,,1,2023-06-20T11:57:03+00:00
SAO_2709-10,São Paulo,3550308,True,,922,,,-23.529814000000002,-46.5011675,,,,1,2023-06-20T11:57:30+00:00
SAO_2709-10,São Paulo,3550308,True,,922,,,-23.529882,-46.501219000000006,,,,1,2023-06-20T11:57:09+00:00
SAO_2709-10,São Paulo,3550308,True,,922,,,-23.52595775,-46.483309000000006,,,,1,2023-06-20T11:57:18+00:00
SAO_2740-10,São Paulo,3550308,True,,1792,,,-23.466462,-46.60352,,,,1,2023-06-20T11:57:04+00:00
SAO_2740-10,São Paulo,3550308,True,,1792,,,-23.461810999999997,-46.629177,,,,1,2023-06-20T11:57:10+00:00
SAO_5129-10,São Paulo,3550308,True,,34049,,,-23.6527015,-46.679465,,,,2,2023-06-20T11:57:35+00:00
SAO_5129-10,São Paulo,3550308,True,,34049,,,-23.667242,-46.65416825,,,,2,2023-06-20T11:57:25+00:00
SAO_5129-10,São Paulo,3550308,True,,34049,,,-23.6678415,-46.7316745,,,,2,2023-06-20T11:56:57+00:00
SAO_5129-10,São Paulo,3550308,True,,34049,,,-23.679443999999997,-46.6358895,,,,2,2023-06-20T11:57:12+00:00
SAO_5129-10,São Paulo,3550308,True,,34049,,,-23.666456500000002,-46.7063305,,,,2,2023-06-20T11:57:36+00:00
SAO_5129-10,São Paulo,3550308,True,,34049,,,-23.680194,-46.63726,,,,2,2023-06-20T11:57:07+00:00
SAO_8700-10,São Paulo,3550308,True,,34645,,,-23.62771725,-46.76715175,,,,2,2023-06-20T11:57:18+00:00
SAO_8700-10,São Paulo,3550308,True,,34645,,,-23.623449,-46.76386,,,,2,2023-06-20T11:57:21+00:00
SAO_8700-10,São Paulo,3550308,True,,34645,,,-23.620606,-46.757688,,,,2,2023-06-20T11:57:07+00:00
SAO_8700-10,São Paulo,3550308,True,,34645,,,-23.593193499999998,-46.734647,,,,2,2023-06-20T11:57:04+00:00
SAO_8700-10,São Paulo,3550308,True,,34645,,,-23.543237750000003,-46.64136375,,,,2,2023-06-20T11:57:17+00:00
SAO_8700-10,São Paulo,3550308,True,,34645,,,-23.58815525,-46.727400625,,,,2,2023-06-20T11:57:12+00:00
SAO_8700-10,São Paulo,3550308,True,,34645,,,-23.547456,-46.6400205,,,,2,2023-06-20T11:57:10+00:00
SAO_8700-10,São Paulo,3550308,True,,34645,,,-23.6309525,-46.773810499999996,,,,2,2023-06-20T11:57:07+00:00
SAO_8700-10,São Paulo,3550308,True,,34645,,,-23.6313825,-46.77286,,,,2,2023-06-20T11:57:35+00:00
SAO_8078-10,São Paulo,3550308,True,,2080,,,-23.6254505,-46.7479555,,,,1,2023-06-20T11:57:39+00:00
SAO_8078-10,São Paulo,3550308,True,,2080,,,-23.6254505,-46.7479555,,,,1,2023-06-20T11:57:21+00:00
SAO_8078-10,São Paulo,3550308,True,,2080,,,-23.623396,-46.7638015,,,,1,2023-06-20T11:56:57+00:00
SAO_8013-41,São Paulo,3550308,True,,34779,,,-23.435409,-46.801981,,,,2,2023-06-20T11:57:12+00:00
SAO_1759-10,São Paulo,3550308,True,,553,,,-23.486632999999998,-46.6274265,,,,1,2023-06-20T11:57:01+00:00
SAO_1759-10,São Paulo,3550308,True,,553,,,-23.4943265,-46.625913499999996,,,,1,2023-06-20T11:54:38+00:00
SAO_1759-10,São Paulo,3550308,True,,553,,,-23.465209,-46.6359615,,,,1,2023-06-20T11:56:55+00:00
SAO_2058-10,São Paulo,3550308,True,,33027,,,-23.491640500000003,-46.434661,,,,2,2023-06-20T11:57:17+00:00
SAO_2058-10,São Paulo,3550308,True,,33027,,,-23.496212375000002,-46.40396275,,,,2,2023-06-20T11:57:37+00:00
SAO_4732-10,São Paulo,3550308,True,Rápido Campinas,302,https://moovitapp.com/index/pt-br/transporte_p%C3%BAblico-line-302-Sao_Paulo-242-858660-23262913-0,5.3,-23.618575749999998,-46.637992499999996,,,,1,2023-06-20T11:57:29+00:00
SAO_4732-10,São Paulo,3550308,True,Rápido Campinas,302,https://moovitapp.com/index/pt-br/transporte_p%C3%BAblico-line-302-Sao_Paulo-242-858660-23262913-0,5.3,-23.61901625,-46.627284625,,,,1,2023-06-20T11:56:54+00:00
SAO_4732-10,São Paulo,3550308,True,Rápido Campinas,302,https://moovitapp.com/index/pt-br/transporte_p%C3%BAblico-line-302-Sao_Paulo-242-858660-23262913-0,5.3,-23.634966499999997,-46.6059425,,,,1,2023-06-20T11:57:08+00:00
SAO_5630-21,São Paulo,3550308,True,,1447,,,-23.5996645,-46.6507405,,,,1,2023-06-20T11:57:20+00:00
SAO_3901-10,São Paulo,3550308,True,,34237,,,-23.4987395,-46.50209475,,,,2,2023-06-20T11:57:28+00:00
SAO_3901-10,São Paulo,3550308,True,,34237,,,-23.504880125,-46.5088956875,,,,2,2023-06-20T11:56:54+00:00
SAO_637V-10,São Paulo,3550308,True,EMTU,104,https://moovitapp.com/index/pt-br/transporte_p%C3%BAblico-line-104-Sao_Paulo-242-2038937-36419267-0,5.1,-23.6834225,-46.71018375,,,,1,2023-06-20T11:57:08+00:00
SAO_637V-10,São Paulo,3550308,True,EMTU,104,https://moovitapp.com/index/pt-br/transporte_p%C3%BAblico-line-104-Sao_Paulo-242-2038937-36419267-0,5.1,-23.656521499999997,-46.706404750000004,,,,1,2023-06-20T11:57:37+00:00
SAO_637V-10,São Paulo,3550308,True,EMTU,104,https://moovitapp.com/index/pt-br/transporte_p%C3%BAblico-line-104-Sao_Paulo-242-2038937-36419267-0,5.1,-23.705854625,-46.700533875,,,,1,2023-06-20T11:57:14+00:00
SAO_771P-10,São Paulo,3550308,True,EMTU,506,https://moovitapp.com/index/pt-br/transporte_p%C3%BAblico-line-506-Sao_Paulo-242-2038937-36419528-0,5.65,-23.577773,-46.725069,,,,1,2023-06-20T11:57:09+00:00
SAO_771P-10,São Paulo,3550308,True,EMTU,506,https://moovitapp.com/index/pt-br/transporte_p%C3%BAblico-line-506-Sao_Paulo-242-2038937-36419528-0,5.65,-23.587196374999998,-46.780591875,,,,1,2023-06-20T11:57:37+00:00
SAO_930P-10,São Paulo,3550308,True,,34883,,,-23.580028374999998,-46.683860499999994,,,,2,2023-06-20T11:57:17+00:00
SAO_930P-10,São Paulo,3550308,True,,34883,,,-23.550206000000003,-46.646883,,,,2,2023-06-20T11:57:37+00:00
SAO_930P-10,São Paulo,3550308,True,,34883,,,-23.546217,-46.6305745,,,,2,2023-06-20T11:57:11+00:00
SAO_2734-10,São Paulo,3550308,True,,1760,,,-23.5187635,-46.4400205,,,,1,2023-06-20T11:57:36+00:00
SAO_2734-10,São Paulo,3550308,True,,1760,,,-23.510181,-46.4207975,,,,1,2023-06-20T11:57:21+00:00
SAO_2734-10,São Paulo,3550308,True,,1760,,,-23.507859500000002,-46.423662,,,,1,2023-06-20T11:56:53+00:00
SAO_2734-10,São Paulo,3550308,True,,1760,,,-23.530559,-46.448320249999995,,,,1,2023-06-20T11:57:08+00:00
SAO_2734-10,São Paulo,3550308,True,,1760,,,-23.50894475,-46.415527,,,,1,2023-06-20T11:57:31+00:00
SAO_2734-10,São Paulo,3550308,True,,1760,,,-23.5120025,-46.408721,,,,1,2023-06-20T11:56:57+00:00
SAO_2734-10,São Paulo,3550308,True,,1760,,,-23.5355895,-46.4545845,,,,1,2023-06-20T11:56:53+00:00
SAO_2734-10,São Paulo,3550308,True,,1760,,,-23.517041499999998,-46.4384565,,,,1,2023-06-20T11:57:09+00:00
SAO_2734-10,São Paulo,3550308,True,,1760,,,-23.5420225,-46.471230000000006,,,,1,2023-06-20T11:57:16+00:00
SAO_6835-31,São Paulo,3550308,True,,1407,,,-23.67407275,-46.77368725,,,,1,2023-06-20T11:57:14+00:00
SAO_6835-31,São Paulo,3550308,True,,1407,,,-23.6855785,-46.790954,,,,1,2023-06-20T11:57:05+00:00
SAO_8050-21,São Paulo,3550308,True,,413,,,-23.4282825,-46.7962045,,,,1,2023-06-20T11:57:23+00:00
SAO_8050-21,São Paulo,3550308,True,,413,,,-23.449863999999998,-46.787744,,,,1,2023-06-20T11:57:12+00:00
SAO_8050-21,São Paulo,3550308,True,,413,,,-23.525544500000002,-46.712109500000004,,,,1,2023-06-20T11:57:11+00:00
SAO_9090-10,São Paulo,3550308,True,,33652,,,-23.4596085,-46.6743715,,,,2,2023-06-20T11:57:35+00:00
SAO_9090-10,São Paulo,3550308,True,,33652,,,-23.462929125000002,-46.676924375,,,,2,2023-06-20T11:57:13+00:00
SAO_9090-10,São Paulo,3550308,True,,33652,,,-23.462373499999998,-46.676422,,,,2,2023-06-20T11:57:30+00:00
SAO_9090-10,São Paulo,3550308,True,,33652,,,-23.462758625,-46.676424874999995,,,,2,2023-06-20T11:57:09+00:00
SAO_3746-10,São Paulo,3550308,True,EMTU,283,https://moovitapp.com/index/pt-br/transporte_p%C3%BAblico-line-283-Sao_Paulo-242-2038937-36419384-0,5.2,-23.549926,-46.580749,,,,1,2023-06-20T11:57:37+00:00
SAO_3746-10,São Paulo,3550308,True,EMTU,283,https://moovitapp.com/index/pt-br/transporte_p%C3%BAblico-line-283-Sao_Paulo-242-2038937-36419384-0,5.2,-23.5821295,-46.5362375,,,,1,2023-06-20T11:57:18+00:00
SAO_3746-10,São Paulo,3550308,True,EMTU,283,https://moovitapp.com/index/pt-br/transporte_p%C3%BAblico-line-283-Sao_Paulo-242-2038937-36419384-0,5.2,-23.586900999999997,-46.512986999999995,,,,1,2023-06-20T11:57:27+00:00
SAO_3746-10,São Paulo,3550308,True,EMTU,283,https://moovitapp.com/index/pt-br/transporte_p%C3%BAblico-line-283-Sao_Paulo-242-2038937-36419384-0,5.2,-23.5428375,-46.587731000000005,,,,1,2023-06-20T11:57:05+00:00
SAO_407H-10,São Paulo,3550308,True,,34965,,,-23.630965500000002,-46.4467205,,,,2,2023-06-20T11:57:27+00:00
SAO_407H-10,São Paulo,3550308,True,,34965,,,-23.5959875,-46.453278,,,,2,2023-06-20T11:57:15+00:00
SAO_407H-10,São Paulo,3550308,True,,34965,,,-23.622563,-46.44712725,,,,2,2023-06-20T11:57:07+00:00
SAO_407H-10,São Paulo,3550308,True,,34965,,,-23.631496499999997,-46.447165,,,,2,2023-06-20T11:57:23+00:00
SAO_407H-10,São Paulo,3550308,True,,34965,,,-23.568481750000004,-46.461885249999995,,,,2,2023-06-20T11:53:53+00:00
SAO_407H-10,São Paulo,3550308,True,,34965,,,-23.626135499999997,-46.44640149999999,,,,2,2023-06-20T11:57:34+00:00
SAO_407H-10,São Paulo,3550308,True,,34965,,,-23.584630250000004,-46.4427905,,,,2,2023-06-20T11:57:06+00:00
SAO_5164-10,São Paulo,3550308,True,,34051,,,-23.597188,-46.64177725,,,,2,2023-06-20T11:57:11+00:00
SAO_5164-10,São Paulo,3550308,True,,34051,,,-23.6479925,-46.662449249999995,,,,2,2023-06-20T11:57:17+00:00
SAO_6053-10,São Paulo,3550308,True,,1145,,,-23.7529775,-46.6886025,,,,1,2023-06-20T11:56:57+00:00
SAO_6053-10,São Paulo,3550308,True,,1145,,,-23.768206,-46.6662665,,,,1,2023-06-20T11:57:14+00:00
SAO_8215-10,São Paulo,3550308,True,,574,,,-23.461478,-46.7084365,,,,1,2023-06-20T11:57:08+00:00
SAO_8215-10,São Paulo,3550308,True,,574,,,-23.50468325,-46.67281975,,,,1,2023-06-20T11:57:00+00:00
SAO_8215-10,São Paulo,3550308,True,,574,,,-23.503975,-46.673538875000006,,,,1,2023-06-20T11:57:04+00:00
SAO_8215-10,São Paulo,3550308,True,,574,,,-23.48717,-46.692834500000004,,,,1,2023-06-20T11:56:56+00:00
SAO_8215-10,São Paulo,3550308,True,,574,,,-23.5427875,-46.6363415,,,,1,2023-06-20T11:57:15+00:00
SAO_8215-10,São Paulo,3550308,True,,574,,,-23.469110999999998,-46.6955215,,,,1,2023-06-20T11:57:02+00:00
SAO_8215-10,São Paulo,3550308,True,,574,,,-23.53948475,-46.646238249999996,,,,1,2023-06-20T11:57:12+00:00
SAO_6835-10,São Paulo,3550308,True,BR7 Mobilidade,12,https://moovitapp.com/index/pt-br/transporte_p%C3%BAblico-line-12-Sao_Paulo-242-851856-542340-0,5.75,-23.660525,-46.7676295,,,,1,2023-06-20T11:56:56+00:00
SAO_6835-10,São Paulo,3550308,True,BR7 Mobilidade,12,https://moovitapp.com/index/pt-br/transporte_p%C3%BAblico-line-12-Sao_Paulo-242-851856-542340-0,5.75,-23.681361,-46.7832345,,,,1,2023-06-20T11:57:08+00:00
SAO_637G-10,São Paulo,3550308,True,,32869,,,-23.705421,-46.702324000000004,,,,2,2023-06-20T11:57:15+00:00
SAO_637G-10,São Paulo,3550308,True,,32869,,,-23.584651625,-46.681383624999995,,,,2,2023-06-20T11:57:38+00:00
SAO_637G-10,São Paulo,3550308,True,,32869,,,-23.75267975,-46.6886135,,,,2,2023-06-20T11:57:30+00:00
SAO_746V-10,São Paulo,3550308,True,,792,,,-23.62752575,-46.766991250000004,,,,1,2023-06-20T11:57:36+00:00
SAO_746V-10,São Paulo,3550308,True,,792,,,-23.6452085,-46.7575605,,,,1,2023-06-20T11:57:37+00:00
SAO_609F-10,São Paulo,3550308,True,BR7 Mobilidade,37,https://moovitapp.com/index/pt-br/transporte_p%C3%BAblico-line-37-Sao_Paulo-242-851856-596010-0,5.75,-23.652874,-46.7341555,,,,1,2023-06-20T11:57:39+00:00
SAO_609F-10,São Paulo,3550308,True,BR7 Mobilidade,37,https://moovitapp.com/index/pt-br/transporte_p%C3%BAblico-line-37-Sao_Paulo-242-851856-596010-0,5.75,-23.6680755,-46.748797,,,,1,2023-06-20T11:57:34+00:00
SAO_609F-10,São Paulo,3550308,True,BR7 Mobilidade,37,https://moovitapp.com/index/pt-br/transporte_p%C3%BAblico-line-37-Sao_Paulo-242-851856-596010-0,5.75,-23.57027475,-46.66202125,,,,1,2023-06-20T11:57:39+00:00
SAO_609F-10,São Paulo,3550308,True,BR7 Mobilidade,37,https://moovitapp.com/index/pt-br/transporte_p%C3%BAblico-line-37-Sao_Paulo-242-851856-596010-0,5.75,-23.66179,-46.750964499999995,,,,1,2023-06-20T11:57:15+00:00
SAO_609F-10,São Paulo,3550308,True,BR7 Mobilidade,37,https://moovitapp.com/index/pt-br/transporte_p%C3%BAblico-line-37-Sao_Paulo-242-851856-596010-0,5.75,-23.6680755,-46.748797,,,,1,2023-06-20T11:57:35+00:00
SAO_609F-10,São Paulo,3550308,True,BR7 Mobilidade,37,https://moovitapp.com/index/pt-br/transporte_p%C3%BAblico-line-37-Sao_Paulo-242-851856-596010-0,5.75,-23.541339999999998,-46.6340785,,,,1,2023-06-20T11:57:26+00:00
SAO_609F-10,São Paulo,3550308,True,BR7 Mobilidade,37,https://moovitapp.com/index/pt-br/transporte_p%C3%BAblico-line-37-Sao_Paulo-242-851856-596010-0,5.75,-23.620607,-46.700401,,,,1,2023-06-20T11:57:21+00:00
SAO_807J-10,São Paulo,3550308,True,,34826,,,-23.631797499999998,-46.7719915,,,,2,2023-06-20T11:57:18+00:00
SAO_807J-10,São Paulo,3550308,True,,34826,,,-23.618586,-46.698989,,,,2,2023-06-20T11:57:29+00:00
SAO_807J-10,São Paulo,3550308,True,,34826,,,-23.618586,-46.698989,,,,2,2023-06-20T11:57:14+00:00
SAO_6291-10,São Paulo,3550308,True,,33126,,,-23.643299499999998,-46.765406,,,,2,2023-06-20T11:56:57+00:00
SAO_6291-10,São Paulo,3550308,True,,33126,,,-23.647546,-46.7634235,,,,2,2023-06-20T11:57:02+00:00
SAO_6291-10,São Paulo,3550308,True,,33126,,,-23.550085,-46.639191999999994,,,,2,2023-06-20T11:57:25+00:00
SAO_6291-10,São Paulo,3550308,True,,33126,,,-23.6438345,-46.7644515,,,,2,2023-06-20T11:57:18+00:00
SAO_6291-10,São Paulo,3550308,True,,33126,,,-23.5827655,-46.685970749999996,,,,2,2023-06-20T11:57:08+00:00
SAO_6291-10,São Paulo,3550308,True,,33126,,,-23.625525000000003,-46.72058075,,,,2,2023-06-20T11:56:56+00:00
SAO_8060-10,São Paulo,3550308,True,EMTU,418,https://moovitapp.com/index/pt-br/transporte_p%C3%BAblico-line-418-Sao_Paulo-242-2038937-36419475-0,6.55,-23.5215225,-46.720093500000004,,,,1,2023-06-20T11:57:11+00:00
SAO_373M-10,São Paulo,3550308,True,EMTU,281,https://moovitapp.com/index/pt-br/transporte_p%C3%BAblico-line-281-Sao_Paulo-242-2038937-36419383-0,6.25,-23.584682,-46.5842715,,,,1,2023-06-20T11:57:14+00:00
SAO_1726-10,São Paulo,3550308,True,,1403,,,-23.481209,-46.612247999999994,,,,1,2023-06-20T11:55:50+00:00
SAO_1726-10,São Paulo,3550308,True,,1403,,,-23.4533765,-46.59890825,,,,1,2023-06-20T11:55:41+00:00
SAO_1726-10,São Paulo,3550308,True,,1403,,,-23.438549000000002,-46.584046,,,,1,2023-06-20T11:57:07+00:00
SAO_1726-10,São Paulo,3550308,True,,1403,,,-23.4387035,-46.580979,,,,1,2023-06-20T11:57:03+00:00
SAO_1726-10,São Paulo,3550308,True,,1403,,,-23.4356145,-46.5662275,,,,1,2023-06-20T11:56:53+00:00
SAO_1726-10,São Paulo,3550308,True,,1403,,,-23.502432499999998,-46.6235935,,,,1,2023-06-20T11:57:21+00:00
SAO_1726-10,São Paulo,3550308,True,,1403,,,-23.438334500000003,-46.5666695,,,,1,2023-06-20T11:53:54+00:00
SAO_1726-10,São Paulo,3550308,True,,1403,,,-23.4359105,-46.566243,,,,1,2023-06-20T11:57:38+00:00
SAO_1726-10,São Paulo,3550308,True,,1403,,,-23.502214000000002,-46.6235875,,,,1,2023-06-20T11:57:20+00:00
SAO_6026-10,São Paulo,3550308,True,,87,,,-23.748356,-46.703650999999994,,,,1,2023-06-20T11:57:32+00:00
SAO_6026-10,São Paulo,3550308,True,,87,,,-23.652103750000002,-46.70216125,,,,1,2023-06-20T11:57:39+00:00
SAO_6026-10,São Paulo,3550308,True,,87,,,-23.748356,-46.703650999999994,,,,1,2023-06-20T11:57:13+00:00
SAO_6026-10,São Paulo,3550308,True,,87,,,-23.7189965,-46.7030215,,,,1,2023-06-20T11:57:00+00:00
SAO_6062-51,São Paulo,3550308,True,,1739,,,-23.7220265,-46.693727,,,,1,2023-06-20T11:57:30+00:00
SAO_6062-51,São Paulo,3550308,True,,1739,,,-23.7419465,-46.681698499999996,,,,1,2023-06-20T11:57:21+00:00
SAO_6062-51,São Paulo,3550308,True,,1739,,,-23.67768475,-46.69717025,,,,1,2023-06-20T11:57:35+00:00
SAO_6062-51,São Paulo,3550308,True,,1739,,,-23.706224875000004,-46.700448625,,,,1,2023-06-20T11:57:35+00:00
SAO_6062-51,São Paulo,3550308,True,,1739,,,-23.737472750000002,-46.687718000000004,,,,1,2023-06-20T11:57:14+00:00
SAO_6062-51,São Paulo,3550308,True,,1739,,,-23.7419465,-46.681698499999996,,,,1,2023-06-20T11:56:59+00:00
SAO_6062-51,São Paulo,3550308,True,,1739,,,-23.7419465,-46.681698499999996,,,,1,2023-06-20T11:57:22+00:00
SAO_6062-51,São Paulo,3550308,True,,1739,,,-23.653906999999997,-46.710535500000006,,,,1,2023-06-20T11:56:56+00:00
SAO_2722-10,São Paulo,3550308,True,Urubupungá,935,https://moovitapp.com/index/pt-br/transporte_p%C3%BAblico-line-935-Sao_Paulo-242-873835-76437456-0,4.6,-23.4911095,-46.501476999999994,,,,1,2023-06-20T11:57:23+00:00
SAO_2722-10,São Paulo,3550308,True,Urubupungá,935,https://moovitapp.com/index/pt-br/transporte_p%C3%BAblico-line-935-Sao_Paulo-242-873835-76437456-0,4.6,-23.4902355,-46.49016675,,,,1,2023-06-20T11:56:57+00:00
SAO_2722-10,São Paulo,3550308,True,Urubupungá,935,https://moovitapp.com/index/pt-br/transporte_p%C3%BAblico-line-935-Sao_Paulo-242-873835-76437456-0,4.6,-23.5287615,-46.516549499999996,,,,1,2023-06-20T11:57:18+00:00
SAO_2722-10,São Paulo,3550308,True,Urubupungá,935,https://moovitapp.com/index/pt-br/transporte_p%C3%BAblico-line-935-Sao_Paulo-242-873835-76437456-0,4.6,-23.518134749999998,-46.5065635,,,,1,2023-06-20T11:57:02+00:00
SAO_2722-10,São Paulo,3550308,True,Urubupungá,935,https://moovitapp.com/index/pt-br/transporte_p%C3%BAblico-line-935-Sao_Paulo-242-873835-76437456-0,4.6,-23.49147925,-46.490980750000006,,,,1,2023-06-20T11:54:13+00:00
SAO_2722-10,São Paulo,3550308,True,Urubupungá,935,https://moovitapp.com/index/pt-br/transporte_p%C3%BAblico-line-935-Sao_Paulo-242-873835-76437456-0,4.6,-23.490014000000002,-46.490151,,,,1,2023-06-20T11:57:03+00:00
SAO_2722-10,São Paulo,3550308,True,Urubupungá,935,https://moovitapp.com/index/pt-br/transporte_p%C3%BAblico-line-935-Sao_Paulo-242-873835-76437456-0,4.6,-23.495269,-46.497088000000005,,,,1,2023-06-20T11:54:54+00:00
SAO_7013-10,São Paulo,3550308,True,,775,,,-23.59181125,-46.73579,,,,1,2023-06-20T11:57:09+00:00
SAO_7013-10,São Paulo,3550308,True,,775,,,-23.5935795,-46.7416615,,,,1,2023-06-20T11:57:30+00:00
SAO_7013-10,São Paulo,3550308,True,,775,,,-23.591237,-46.7360755,,,,1,2023-06-20T11:57:13+00:00
SAO_7013-10,São Paulo,3550308,True,,775,,,-23.6343225,-46.757981,,,,1,2023-06-20T11:57:37+00:00
SAO_7013-10,São Paulo,3550308,True,,775,,,-23.591237,-46.7360755,,,,1,2023-06-20T11:57:16+00:00
SAO_7013-10,São Paulo,3550308,True,,775,,,-23.622123000000002,-46.758715,,,,1,2023-06-20T11:57:39+00:00
SAO_7013-10,São Paulo,3550308,True,,775,,,-23.639982,-46.749115,,,,1,2023-06-20T11:57:07+00:00
SAO_7181-10,São Paulo,3550308,True,,1332,,,-23.563063,-46.7221665,,,,1,2023-06-20T11:57:29+00:00
SAO_2161-10,São Paulo,3550308,True,,33462,,,-23.5459115,-46.621572,,,,2,2023-06-20T11:56:54+00:00
SAO_2161-10,São Paulo,3550308,True,,33462,,,-23.474255499999998,-46.56712,,,,2,2023-06-20T11:57:36+00:00
SAO_2161-10,São Paulo,3550308,True,,33462,,,-23.483517749999997,-46.584340000000005,,,,2,2023-06-20T11:57:36+00:00
SAO_709A-10,São Paulo,3550308,True,,2092,,,-23.58759275,-46.67480075,,,,1,2023-06-20T11:56:56+00:00
SAO_709A-10,São Paulo,3550308,True,,2092,,,-23.605777250000003,-46.692974,,,,1,2023-06-20T11:57:25+00:00
SAO_709A-10,São Paulo,3550308,True,,2092,,,-23.585850999999998,-46.647148125,,,,1,2023-06-20T11:57:03+00:00
SAO_709A-10,São Paulo,3550308,True,,2092,,,-23.5820815,-46.6384025,,,,1,2023-06-20T11:57:12+00:00
SAO_7903-10,São Paulo,3550308,True,,33280,,,-23.547223000000002,-46.6471605,,,,2,2023-06-20T11:57:34+00:00
SAO_5702-10,São Paulo,3550308,True,,33905,,,-23.6728175,-46.6443735,,,,2,2023-06-20T11:56:57+00:00
SAO_5702-10,São Paulo,3550308,True,,33905,,,-23.64654725,-46.64174575,,,,2,2023-06-20T11:57:28+00:00
SAO_5702-10,São Paulo,3550308,True,,33905,,,-23.688735,-46.636900999999995,,,,2,2023-06-20T11:57:19+00:00
SAO_5702-10,São Paulo,3550308,True,,33905,,,-23.698087,-46.646107,,,,2,2023-06-20T11:57:34+00:00
SAO_5702-10,São Paulo,3550308,True,,33905,,,-23.654085875,-46.63703100000001,,,,2,2023-06-20T11:57:03+00:00
SAO_5702-10,São Paulo,3550308,True,,33905,,,-23.6986925,-46.6458545,,,,2,2023-06-20T11:52:39+00:00
SAO_5702-10,São Paulo,3550308,True,,33905,,,-23.6983535,-46.646030499999995,,,,2,2023-06-20T11:57:19+00:00
SAO_546J-31,São Paulo,3550308,True,,2015,,,-23.66347975,-46.686957750000005,,,,1,2023-06-20T11:57:30+00:00
SAO_546J-31,São Paulo,3550308,True,,2015,,,-23.6543235,-46.7042885,,,,1,2023-06-20T11:57:12+00:00
SAO_546J-31,São Paulo,3550308,True,,2015,,,-23.690407,-46.660771,,,,1,2023-06-20T11:57:22+00:00
SAO_546J-31,São Paulo,3550308,True,,2015,,,-23.687824,-46.658593499999995,,,,1,2023-06-20T11:57:31+00:00
SAO_8072-10,São Paulo,3550308,True,,34847,,,-23.6440725,-46.7637975,,,,2,2023-06-20T11:56:57+00:00
SAO_8072-10,São Paulo,3550308,True,,34847,,,-23.642163,-46.766020499999996,,,,2,2023-06-20T11:57:13+00:00
SAO_8072-10,São Paulo,3550308,True,,34847,,,-23.5990835,-46.7473365,,,,2,2023-06-20T11:57:08+00:00
SAO_6003-21,São Paulo,3550308,True,,35344,,,-23.7669475,-46.7164815,,,,2,2023-06-20T11:55:32+00:00
SAO_6003-21,São Paulo,3550308,True,,35344,,,-23.7667585,-46.71704,,,,2,2023-06-20T11:57:06+00:00
SAO_3738-10,São Paulo,3550308,True,,33806,,,-23.551931500000002,-46.4251575,,,,2,2023-06-20T11:57:33+00:00
SAO_3738-10,São Paulo,3550308,True,,33806,,,-23.562257000000002,-46.3981185,,,,2,2023-06-20T11:56:55+00:00
SAO_3738-10,São Paulo,3550308,True,,33806,,,-23.5632745,-46.3965405,,,,2,2023-06-20T11:57:04+00:00
SAO_3738-10,São Paulo,3550308,True,,33806,,,-23.537587,-46.45306925,,,,2,2023-06-20T11:56:56+00:00
SAO_8528-10,São Paulo,3550308,True,,33343,,,-23.4615785,-46.69076725,,,,2,2023-06-20T11:57:32+00:00
SAO_8528-10,São Paulo,3550308,True,,33343,,,-23.4615645,-46.69032075,,,,2,2023-06-20T11:57:16+00:00
SAO_8528-10,São Paulo,3550308,True,,33343,,,-23.539589,-46.6365155,,,,2,2023-06-20T11:57:18+00:00
SAO_8528-10,São Paulo,3550308,True,,33343,,,-23.507349124999998,-46.68923062500001,,,,2,2023-06-20T11:57:32+00:00
SAO_263J-10,São Paulo,3550308,True,EMTU,219,https://moovitapp.com/index/pt-br/transporte_p%C3%BAblico-line-219-Sao_Paulo-242-2038937-36419341-0,8.55,-23.535971500000002,-46.474171,,,,1,2023-06-20T11:57:05+00:00
SAO_263J-10,São Paulo,3550308,True,EMTU,219,https://moovitapp.com/index/pt-br/transporte_p%C3%BAblico-line-219-Sao_Paulo-242-2038937-36419341-0,8.55,-23.522648750000002,-46.53158125,,,,1,2023-06-20T11:57:25+00:00
SAO_263J-10,São Paulo,3550308,True,EMTU,219,https://moovitapp.com/index/pt-br/transporte_p%C3%BAblico-line-219-Sao_Paulo-242-2038937-36419341-0,8.55,-23.507530000000003,-46.4797125,,,,1,2023-06-20T11:57:34+00:00
SAO_6006-10,São Paulo,3550308,True,,32943,,,-23.665387250000002,-46.678202,,,,2,2023-06-20T11:57:38+00:00
SAO_6006-10,São Paulo,3550308,True,,32943,,,-23.667364,-46.680078,,,,2,2023-06-20T11:57:26+00:00
SAO_6006-10,São Paulo,3550308,True,,32943,,,-23.6758235,-46.753040999999996,,,,2,2023-06-20T11:57:33+00:00
SAO_6006-10,São Paulo,3550308,True,,32943,,,-23.667364,-46.680078,,,,2,2023-06-20T11:56:55+00:00
SAO_6422-10,São Paulo,3550308,True,EMTU,361,https://moovitapp.com/index/pt-br/transporte_p%C3%BAblico-line-361-Sao_Paulo-242-2038937-36419442-0,7.9,-23.63326025,-46.69547875,,,,1,2023-06-20T11:57:39+00:00
SAO_6422-10,São Paulo,3550308,True,EMTU,361,https://moovitapp.com/index/pt-br/transporte_p%C3%BAblico-line-361-Sao_Paulo-242-2038937-36419442-0,7.9,-23.549994499999997,-46.639990499999996,,,,1,2023-06-20T11:57:14+00:00
SAO_6422-10,São Paulo,3550308,True,EMTU,361,https://moovitapp.com/index/pt-br/transporte_p%C3%BAblico-line-361-Sao_Paulo-242-2038937-36419442-0,7.9,-23.578016750000003,-46.671012000000005,,,,1,2023-06-20T11:57:29+00:00
SAO_8062-10,São Paulo,3550308,True,,33188,,,-23.518856,-46.703469,,,,2,2023-06-20T11:57:35+00:00
SAO_4311-10,São Paulo,3550308,True,,2171,,,-23.56178175,-46.510352999999995,,,,1,2023-06-20T11:57:27+00:00
SAO_4311-10,São Paulo,3550308,True,,2171,,,-23.547011,-46.62953,,,,1,2023-06-20T11:56:54+00:00
SAO_4311-10,São Paulo,3550308,True,,2171,,,-23.5419615,-46.580659499999996,,,,1,2023-06-20T11:57:01+00:00
SAO_4311-10,São Paulo,3550308,True,,2171,,,-23.5926295,-46.469081,,,,1,2023-06-20T11:57:21+00:00
SAO_4311-10,São Paulo,3550308,True,,2171,,,-23.542552,-46.533373499999996,,,,1,2023-06-20T11:53:04+00:00
SAO_1745-10,São Paulo,3550308,True,,546,,,-23.513510625000002,-46.616156249999996,,,,1,2023-06-20T11:57:18+00:00
SAO_1745-10,São Paulo,3550308,True,,546,,,-23.493982000000003,-46.646679,,,,1,2023-06-20T11:57:32+00:00
SAO_7021-10,São Paulo,3550308,True,,1989,,,-23.65415875,-46.73539475,,,,1,2023-06-20T11:57:11+00:00
SAO_7021-10,São Paulo,3550308,True,,1989,,,-23.6438655,-46.73395,,,,1,2023-06-20T11:57:25+00:00
SAO_6L10-41,São Paulo,3550308,True,,34773,,,-23.7878855,-46.765459,,,,2,2023-06-20T11:57:16+00:00
SAO_3069-10,São Paulo,3550308,True,,984,,,-23.6199815,-46.411111500000004,,,,1,2023-06-20T11:57:31+00:00
SAO_3069-10,São Paulo,3550308,True,,984,,,-23.612506,-46.476183000000006,,,,1,2023-06-20T11:56:57+00:00
SAO_3069-10,São Paulo,3550308,True,,984,,,-23.619514000000002,-46.439801,,,,1,2023-06-20T11:57:36+00:00
SAO_3069-10,São Paulo,3550308,True,,984,,,-23.613243,-46.422848,,,,1,2023-06-20T11:57:35+00:00
SAO_637A-21,São Paulo,3550308,True,,32949,,,-23.56639475,-46.701505749999995,,,,2,2023-06-20T11:57:28+00:00
SAO_2008-10,São Paulo,3550308,True,,33665,,,-23.52114525,-46.38738525,,,,2,2023-06-20T11:57:18+00:00
SAO_2008-10,São Paulo,3550308,True,,33665,,,-23.51768925,-46.388467500000004,,,,2,2023-06-20T11:57:23+00:00
SAO_2008-10,São Paulo,3550308,True,,33665,,,-23.49986375,-46.399138,,,,2,2023-06-20T11:56:57+00:00
SAO_3791-10,São Paulo,3550308,True,,33837,,,-23.555614,-46.513659000000004,,,,2,2023-06-20T11:57:23+00:00
SAO_3791-10,São Paulo,3550308,True,,33837,,,-23.564251,-46.50513,,,,2,2023-06-20T11:57:38+00:00
SAO_3791-10,São Paulo,3550308,True,,33837,,,-23.543233,-46.4940895,,,,2,2023-06-20T11:57:00+00:00
SAO_3791-10,São Paulo,3550308,True,,33837,,,-23.559827,-46.5104625,,,,2,2023-06-20T11:57:21+00:00
SAO_3791-10,São Paulo,3550308,True,,33837,,,-23.5641745,-46.505159,,,,2,2023-06-20T11:57:30+00:00
SAO_3791-10,São Paulo,3550308,True,,33837,,,-23.5520755,-46.511593500000004,,,,2,2023-06-20T11:57:24+00:00
SAO_297A-10,São Paulo,3550308,True,,34901,,,-23.493424500000003,-46.675837,,,,2,2023-06-20T11:57:22+00:00
SAO_297A-10,São Paulo,3550308,True,,34901,,,-23.4956095,-46.677338500000005,,,,2,2023-06-20T11:57:36+00:00
SAO_297A-10,São Paulo,3550308,True,,34901,,,-23.5251275,-46.6660255,,,,2,2023-06-20T11:57:13+00:00
SAO_297A-10,São Paulo,3550308,True,,34901,,,-23.507848,-46.677812,,,,2,2023-06-20T11:57:16+00:00
SAO_N842-11,São Paulo,3550308,True,,35209,,,-23.583206374999996,-46.726247625,,,,2,2023-06-20T11:57:39+00:00
SAO_9015-10,São Paulo,3550308,True,,34037,,,-23.488314000000003,-46.7216245,,,,2,2023-06-20T11:57:19+00:00
SAO_9015-10,São Paulo,3550308,True,,34037,,,-23.4694535,-46.7135935,,,,2,2023-06-20T11:57:28+00:00
SAO_9015-10,São Paulo,3550308,True,,34037,,,-23.4694535,-46.7135935,,,,2,2023-06-20T11:56:58+00:00
SAO_9015-10,São Paulo,3550308,True,,34037,,,-23.4694535,-46.7135935,,,,2,2023-06-20T11:56:55+00:00
SAO_8012-10,São Paulo,3550308,True,,2023,,,-23.56848025,-46.73547825,,,,1,2023-06-20T11:57:15+00:00
SAO_8012-10,São Paulo,3550308,True,,2023,,,-23.562393625,-46.719397,,,,1,2023-06-20T11:57:29+00:00
SAO_775N-10,São Paulo,3550308,True,,474,,,-23.5466355,-46.69045,,,,1,2023-06-20T11:57:18+00:00
SAO_775N-10,São Paulo,3550308,True,,474,,,-23.560122500000002,-46.747219125,,,,1,2023-06-20T11:57:39+00:00
SAO_8078-10,São Paulo,3550308,True,,34848,,,-23.6203365,-46.746072,,,,2,2023-06-20T11:57:28+00:00
SAO_8078-10,São Paulo,3550308,True,,34848,,,-23.625424,-46.748162,,,,2,2023-06-20T11:56:56+00:00
SAO_8078-10,São Paulo,3550308,True,,34848,,,-23.6485525,-46.7557915,,,,2,2023-06-20T11:57:05+00:00
SAO_524L-10,São Paulo,3550308,True,,34483,,,-23.598761,-46.5339095,,,,2,2023-06-20T11:57:24+00:00
SAO_524L-10,São Paulo,3550308,True,,34483,,,-23.562016999999997,-46.558711,,,,2,2023-06-20T11:56:54+00:00
SAO_675R-10,São Paulo,3550308,True,,32877,,,-23.65087625,-46.678118375,,,,2,2023-06-20T11:57:37+00:00
SAO_675R-10,São Paulo,3550308,True,,32877,,,-23.738688000000003,-46.689594,,,,2,2023-06-20T11:57:21+00:00
SAO_675R-10,São Paulo,3550308,True,,32877,,,-23.6467095,-46.639369,,,,2,2023-06-20T11:57:16+00:00
SAO_106A-10,São Paulo,3550308,True,,516,,,-23.517516999999998,-46.630012,,,,1,2023-06-20T11:57:03+00:00
SAO_106A-10,São Paulo,3550308,True,,516,,,-23.581526875,-46.674420375000004,,,,1,2023-06-20T11:57:03+00:00
SAO_106A-10,São Paulo,3550308,True,,516,,,-23.5510215,-46.645524249999994,,,,1,2023-06-20T11:56:54+00:00
SAO_106A-10,São Paulo,3550308,True,,516,,,-23.5589985,-46.6541765,,,,1,2023-06-20T11:57:25+00:00
SAO_106A-10,São Paulo,3550308,True,,516,,,-23.5369434375,-46.6343083125,,,,1,2023-06-20T11:57:29+00:00
SAO_106A-10,São Paulo,3550308,True,,516,,,-23.511491625,-46.628268625000004,,,,1,2023-06-20T11:57:38+00:00
SAO_106A-10,São Paulo,3550308,True,,516,,,-23.52244525,-46.630645,,,,1,2023-06-20T11:57:25+00:00
SAO_106A-10,São Paulo,3550308,True,,516,,,-23.502099,-46.62419250000001,,,,1,2023-06-20T11:57:03+00:00
SAO_2707-10,São Paulo,3550308,True,,33687,,,-23.526104,-46.4052965,,,,2,2023-06-20T11:57:05+00:00
SAO_2707-10,São Paulo,3550308,True,,33687,,,-23.526398,-46.405373499999996,,,,2,2023-06-20T11:57:22+00:00
SAO_2707-10,São Paulo,3550308,True,,33687,,,-23.535514499999998,-46.428148500000006,,,,2,2023-06-20T11:57:06+00:00
SAO_2707-10,São Paulo,3550308,True,,33687,,,-23.542189,-46.418378000000004,,,,2,2023-06-20T11:55:17+00:00
SAO_2707-10,São Paulo,3550308,True,,33687,,,-23.538100375,-46.454151374999995,,,,2,2023-06-20T11:57:22+00:00
SAO_5611-10,São Paulo,3550308,True,EMTU,598,https://moovitapp.com/index/pt-br/transporte_p%C3%BAblico-line-598-Sao_Paulo-242-2038937-36419579-0,7.05,-23.584384,-46.6530075,,,,1,2023-06-20T11:57:37+00:00
SAO_5611-10,São Paulo,3550308,True,EMTU,598,https://moovitapp.com/index/pt-br/transporte_p%C3%BAblico-line-598-Sao_Paulo-242-2038937-36419579-0,7.05,-23.6732055,-46.677583,,,,1,2023-06-20T11:57:38+00:00
SAO_5611-10,São Paulo,3550308,True,EMTU,598,https://moovitapp.com/index/pt-br/transporte_p%C3%BAblico-line-598-Sao_Paulo-242-2038937-36419579-0,7.05,-23.6941195,-46.65682925,,,,1,2023-06-20T11:57:07+00:00
SAO_172R-10,São Paulo,3550308,True,,33627,,,-23.516037,-46.587804999999996,,,,2,2023-06-20T11:57:16+00:00
SAO_172R-10,São Paulo,3550308,True,,33627,,,-23.4930575,-46.57384775,,,,2,2023-06-20T11:57:24+00:00
SAO_172R-10,São Paulo,3550308,True,,33627,,,-23.465826,-46.583746000000005,,,,2,2023-06-20T11:57:25+00:00
SAO_172R-10,São Paulo,3550308,True,,33627,,,-23.46643725,-46.584990250000004,,,,2,2023-06-20T11:57:13+00:00
SAO_172R-10,São Paulo,3550308,True,,33627,,,-23.466220625,-46.583831125,,,,2,2023-06-20T11:57:18+00:00
SAO_172R-10,São Paulo,3550308,True,,33627,,,-23.538408500000003,-46.59583875,,,,2,2023-06-20T11:57:06+00:00
SAO_172R-10,São Paulo,3550308,True,,33627,,,-23.4789715,-46.57275,,,,2,2023-06-20T11:57:07+00:00
SAO_172R-10,São Paulo,3550308,True,,33627,,,-23.465638499999997,-46.583501999999996,,,,2,2023-06-20T11:57:18+00:00
SAO_129F-10,São Paulo,3550308,True,,35072,,,-23.489694999999998,-46.698280499999996,,,,2,2023-06-20T11:57:05+00:00
SAO_129F-10,São Paulo,3550308,True,,35072,,,-23.498175500000002,-46.7061365,,,,2,2023-06-20T11:57:07+00:00
SAO_129F-10,São Paulo,3550308,True,,35072,,,-23.5214275,-46.698573499999995,,,,2,2023-06-20T11:57:33+00:00
SAO_7053-22,São Paulo,3550308,True,,34664,,,-23.6404155,-46.781168,,,,2,2023-06-20T11:57:29+00:00
SAO_7053-22,São Paulo,3550308,True,,34664,,,-23.6430255,-46.786860000000004,,,,2,2023-06-20T11:56:58+00:00
SAO_7055-10,São Paulo,3550308,True,,1888,,,-23.6919635,-46.7907745,,,,1,2023-06-20T11:57:00+00:00
SAO_7055-10,São Paulo,3550308,True,,1888,,,-23.644574,-46.7795375,,,,1,2023-06-20T11:57:08+00:00
SAO_7055-10,São Paulo,3550308,True,,1888,,,-23.6566405,-46.776344,,,,1,2023-06-20T11:57:33+00:00
SAO_7055-10,São Paulo,3550308,True,,1888,,,-23.6733335,-46.773441,,,,1,2023-06-20T11:57:14+00:00
SAO_7055-10,São Paulo,3550308,True,,1888,,,-23.6804,-46.780625,,,,1,2023-06-20T11:57:09+00:00
SAO_7055-10,São Paulo,3550308,True,,1888,,,-23.632000499999997,-46.771926,,,,1,2023-06-20T11:57:04+00:00
SAO_7055-10,São Paulo,3550308,True,,1888,,,-23.683338499999998,-46.789263000000005,,,,1,2023-06-20T11:57:34+00:00
SAO_7055-10,São Paulo,3550308,True,,1888,,,-23.662800500000003,-46.769311,,,,1,2023-06-20T11:53:22+00:00
SAO_7055-10,São Paulo,3550308,True,,1888,,,-23.6919635,-46.7907745,,,,1,2023-06-20T11:57:17+00:00
SAO_7055-10,São Paulo,3550308,True,,1888,,,-23.6919635,-46.7907745,,,,1,2023-06-20T11:57:38+00:00
SAO_7053-10,São Paulo,3550308,True,,1887,,,-23.640779000000002,-46.7825665,,,,1,2023-06-20T11:57:00+00:00
SAO_7053-10,São Paulo,3550308,True,,1887,,,-23.654132500000003,-46.788232,,,,1,2023-06-20T11:57:37+00:00
SAO_7053-10,São Paulo,3550308,True,,1887,,,-23.6364275,-46.7779335,,,,1,2023-06-20T11:57:07+00:00
SAO_7053-10,São Paulo,3550308,True,,1887,,,-23.649970000000003,-46.7916195,,,,1,2023-06-20T11:57:32+00:00
SAO_7053-10,São Paulo,3550308,True,,1887,,,-23.6406795,-46.782295000000005,,,,1,2023-06-20T11:57:12+00:00
SAO_508L-10,São Paulo,3550308,True,,32885,,,-23.5340575,-46.644261,,,,2,2023-06-20T11:57:19+00:00
SAO_508L-10,São Paulo,3550308,True,,32885,,,-23.559490874999998,-46.63285325,,,,2,2023-06-20T11:57:21+00:00
SAO_695H-10,São Paulo,3550308,True,,33964,,,-23.67698875,-46.6970525,,,,2,2023-06-20T11:57:05+00:00
SAO_695H-10,São Paulo,3550308,True,,33964,,,-23.758955999999998,-46.715225000000004,,,,2,2023-06-20T11:57:15+00:00
SAO_695H-10,São Paulo,3550308,True,,33964,,,-23.783488,-46.713493,,,,2,2023-06-20T11:56:57+00:00
SAO_695H-10,São Paulo,3550308,True,,33964,,,-23.7345575,-46.6991105,,,,2,2023-06-20T11:57:21+00:00
SAO_695H-10,São Paulo,3550308,True,,33964,,,-23.7888855,-46.715402499999996,,,,2,2023-06-20T11:56:56+00:00
SAO_4027-41,São Paulo,3550308,True,,35077,,,-23.625453,-46.463347,,,,2,2023-06-20T11:57:34+00:00
SAO_4027-41,São Paulo,3550308,True,,35077,,,-23.638209500000002,-46.437941,,,,2,2023-06-20T11:57:12+00:00
SAO_6L10-41,São Paulo,3550308,True,,2005,,,-23.7675415,-46.716446000000005,,,,1,2023-06-20T11:57:06+00:00
SAO_6L10-41,São Paulo,3550308,True,,2005,,,-23.780637,-46.747151,,,,1,2023-06-20T11:57:23+00:00
SAO_857P-10,São Paulo,3550308,True,,34694,,,-23.5905025,-46.73032499999999,,,,2,2023-06-20T11:57:35+00:00
SAO_857P-10,São Paulo,3550308,True,,34694,,,-23.5604675,-46.67209150000001,,,,2,2023-06-20T11:57:36+00:00
SAO_857P-10,São Paulo,3550308,True,,34694,,,-23.631667,-46.771628500000006,,,,2,2023-06-20T11:57:26+00:00
SAO_857P-10,São Paulo,3550308,True,,34694,,,-23.6316405,-46.772316,,,,2,2023-06-20T11:57:27+00:00
SAO_1764-10,São Paulo,3550308,True,,33393,,,-23.4257975,-46.581669500000004,,,,2,2023-06-20T11:51:41+00:00
SAO_1764-10,São Paulo,3550308,True,,33393,,,-23.485170500000002,-46.622783,,,,2,2023-06-20T11:57:34+00:00
SAO_1764-10,São Paulo,3550308,True,,33393,,,-23.441848999999998,-46.588781499999996,,,,2,2023-06-20T11:56:54+00:00
SAO_8500-10,São Paulo,3550308,True,,34035,,,-23.485965,-46.726443374999995,,,,2,2023-06-20T11:57:34+00:00
SAO_8500-10,São Paulo,3550308,True,,34035,,,-23.515244000000003,-46.69425,,,,2,2023-06-20T11:57:35+00:00
SAO_8500-10,São Paulo,3550308,True,,34035,,,-23.48629,-46.7260085,,,,2,2023-06-20T11:57:26+00:00
SAO_8500-10,São Paulo,3550308,True,,34035,,,-23.494436999999998,-46.708714,,,,2,2023-06-20T11:57:36+00:00
SAO_809R-10,São Paulo,3550308,True,,34835,,,-23.581757500000002,-46.7601035,,,,2,2023-06-20T11:57:13+00:00
SAO_809R-10,São Paulo,3550308,True,,34835,,,-23.570704875,-46.710043375,,,,2,2023-06-20T11:57:28+00:00
SAO_297A-10,São Paulo,3550308,True,,2133,,,-23.525072,-46.66675,,,,1,2023-06-20T11:57:28+00:00
SAO_297A-10,São Paulo,3550308,True,,2133,,,-23.5250975,-46.6664375,,,,1,2023-06-20T11:57:13+00:00
SAO_297A-10,São Paulo,3550308,True,,2133,,,-23.50318,-46.6723615,,,,1,2023-06-20T11:57:15+00:00
SAO_4052-10,São Paulo,3550308,True,,34913,,,-23.542444,-46.416917999999995,,,,2,2023-06-20T11:57:07+00:00
SAO_4052-10,São Paulo,3550308,True,,34913,,,-23.525832,-46.43288025,,,,2,2023-06-20T11:57:02+00:00
SAO_4052-10,São Paulo,3550308,True,,34913,,,-23.542613,-46.4721415,,,,2,2023-06-20T11:57:16+00:00
SAO_509M-10,São Paulo,3550308,True,,1277,,,-23.538726750000002,-46.644177625000005,,,,1,2023-06-20T11:56:58+00:00
SAO_509M-10,São Paulo,3550308,True,,1277,,,-23.5818055,-46.65046125,,,,1,2023-06-20T11:57:35+00:00
SAO_509M-10,São Paulo,3550308,True,,1277,,,-23.662898499999997,-46.66141399999999,,,,1,2023-06-20T11:57:08+00:00
SAO_509M-10,São Paulo,3550308,True,,1277,,,-23.611333000000002,-46.669388,,,,1,2023-06-20T11:57:21+00:00
SAO_4029-10,São Paulo,3550308,True,,1099,,,-23.6110595,-46.48686225,,,,1,2023-06-20T11:57:02+00:00
SAO_4029-10,São Paulo,3550308,True,,1099,,,-23.596805000000003,-46.534255,,,,1,2023-06-20T11:57:22+00:00
SAO_4029-10,São Paulo,3550308,True,,1099,,,-23.608555,-46.477866999999996,,,,1,2023-06-20T11:57:04+00:00
SAO_4029-10,São Paulo,3550308,True,,1099,,,-23.582207,-46.58395,,,,1,2023-06-20T11:57:31+00:00
SAO_4029-10,São Paulo,3550308,True,,1099,,,-23.60913025,-46.505324,,,,1,2023-06-20T11:57:14+00:00
SAO_4029-10,São Paulo,3550308,True,,1099,,,-23.598543,-46.5201735,,,,1,2023-06-20T11:57:13+00:00
SAO_4029-10,São Paulo,3550308,True,,1099,,,-23.58096,-46.561204000000004,,,,1,2023-06-20T11:57:12+00:00
SAO_4029-10,São Paulo,3550308,True,,1099,,,-23.5852485,-46.583256,,,,1,2023-06-20T11:57:29+00:00
SAO_5026-10,São Paulo,3550308,True,,1635,,,-23.607287499999998,-46.501462000000004,,,,1,2023-06-20T11:54:55+00:00
SAO_2203-10,São Paulo,3550308,True,,911,,,-23.523303750000004,-46.496177625,,,,1,2023-06-20T11:57:13+00:00
SAO_2203-10,São Paulo,3550308,True,,911,,,-23.520712000000003,-46.484475,,,,1,2023-06-20T11:57:15+00:00
SAO_2203-10,São Paulo,3550308,True,,911,,,-23.5252735,-46.541793999999996,,,,1,2023-06-20T11:57:29+00:00
SAO_2060-10,São Paulo,3550308,True,,32902,,,-23.52357875,-46.47400075,,,,2,2023-06-20T11:57:29+00:00
SAO_172K-10,São Paulo,3550308,True,,857,,,-23.5397765,-46.5765665,,,,1,2023-06-20T11:56:59+00:00
SAO_172K-10,São Paulo,3550308,True,,857,,,-23.456327,-46.5947025,,,,1,2023-06-20T11:56:58+00:00
SAO_172K-10,São Paulo,3550308,True,,857,,,-23.521937125,-46.592614375,,,,1,2023-06-20T11:57:24+00:00
SAO_172K-10,São Paulo,3550308,True,,857,,,-23.456327,-46.5947025,,,,1,2023-06-20T11:57:21+00:00
SAO_172K-10,São Paulo,3550308,True,,857,,,-23.48142325,-46.603758125,,,,1,2023-06-20T11:57:16+00:00
SAO_172K-10,São Paulo,3550308,True,,857,,,-23.474550999999998,-46.590307499999994,,,,1,2023-06-20T11:57:11+00:00
SAO_172K-10,São Paulo,3550308,True,,857,,,-23.47424175,-46.60817125,,,,1,2023-06-20T11:57:12+00:00
SAO_172K-10,São Paulo,3550308,True,,857,,,-23.456327,-46.5947025,,,,1,2023-06-20T11:57:24+00:00
SAO_6027-10,São Paulo,3550308,True,,90,,,-23.67395575,-46.709228249999995,,,,1,2023-06-20T11:57:16+00:00
SAO_6027-10,São Paulo,3550308,True,,90,,,-23.7066535,-46.7003785,,,,1,2023-06-20T11:57:31+00:00
SAO_6027-10,São Paulo,3550308,True,,90,,,-23.723359000000002,-46.6796825,,,,1,2023-06-20T11:57:33+00:00
SAO_6027-10,São Paulo,3550308,True,,90,,,-23.654246999999998,-46.712731500000004,,,,1,2023-06-20T11:57:02+00:00
SAO_6L01-10,São Paulo,3550308,True,,1171,,,-23.7676985,-46.716468500000005,,,,1,2023-06-20T11:57:05+00:00
SAO_6L01-10,São Paulo,3550308,True,,1171,,,-23.880393,-46.741538500000004,,,,1,2023-06-20T11:57:16+00:00
SAO_6L01-10,São Paulo,3550308,True,,1171,,,-23.8073445,-46.736647000000005,,,,1,2023-06-20T11:57:31+00:00
SAO_209P-10,São Paulo,3550308,True,,34984,,,-23.47277475,-46.6701725,,,,2,2023-06-20T11:57:00+00:00
SAO_209P-10,São Paulo,3550308,True,,34984,,,-23.47277475,-46.6701725,,,,2,2023-06-20T11:57:14+00:00
SAO_209P-10,São Paulo,3550308,True,,34984,,,-23.5666285,-46.7017565,,,,2,2023-06-20T11:57:08+00:00
SAO_209P-10,São Paulo,3550308,True,,34984,,,-23.47103275,-46.670381750000004,,,,2,2023-06-20T11:57:30+00:00
SAO_209P-10,São Paulo,3550308,True,,34984,,,-23.5128725,-46.6904695,,,,2,2023-06-20T11:54:30+00:00
SAO_209P-10,São Paulo,3550308,True,,34984,,,-23.47223525,-46.670243,,,,2,2023-06-20T11:57:31+00:00
SAO_607M-10,São Paulo,3550308,True,,34804,,,-23.716895,-46.699312750000004,,,,2,2023-06-20T11:57:38+00:00
SAO_607M-10,São Paulo,3550308,True,,34804,,,-23.640843,-46.6985765,,,,2,2023-06-20T11:57:35+00:00
SAO_607M-10,São Paulo,3550308,True,,34804,,,-23.735965,-46.696236999999996,,,,2,2023-06-20T11:57:34+00:00
SAO_5034-10,São Paulo,3550308,True,,1663,,,-23.615794,-46.601328249999995,,,,1,2023-06-20T11:56:56+00:00
SAO_5034-10,São Paulo,3550308,True,,1663,,,-23.645056374999996,-46.597188,,,,1,2023-06-20T11:57:20+00:00
SAO_5034-10,São Paulo,3550308,True,,1663,,,-23.647877,-46.5934465,,,,1,2023-06-20T11:57:28+00:00
SAO_5034-10,São Paulo,3550308,True,,1663,,,-23.653462500000003,-46.6025525,,,,1,2023-06-20T11:56:59+00:00
SAO_5034-10,São Paulo,3550308,True,,1663,,,-23.64233375,-46.59523875,,,,1,2023-06-20T11:57:27+00:00
SAO_809U-21,São Paulo,3550308,True,,2307,,,-23.528615875,-46.683902875,,,,1,2023-06-20T11:57:19+00:00
SAO_809U-21,São Paulo,3550308,True,,2307,,,-23.538957,-46.690864,,,,1,2023-06-20T11:57:04+00:00
SAO_1786-10,São Paulo,3550308,True,,649,,,-23.45376775,-46.607023,,,,1,2023-06-20T11:57:25+00:00
SAO_1786-10,São Paulo,3550308,True,,649,,,-23.5024515,-46.62368,,,,1,2023-06-20T11:57:22+00:00
SAO_1786-10,São Paulo,3550308,True,,649,,,-23.48877925,-46.62417,,,,1,2023-06-20T11:54:52+00:00
SAO_1786-10,São Paulo,3550308,True,,649,,,-23.446661,-46.6123605,,,,1,2023-06-20T11:57:08+00:00
SAO_1786-10,São Paulo,3550308,True,,649,,,-23.4682835,-46.616710499999996,,,,1,2023-06-20T11:57:19+00:00
SAO_2028-10,São Paulo,3550308,True,,35031,,,-23.434402499999997,-46.5717385,,,,2,2023-06-20T11:57:25+00:00
SAO_5317-10,São Paulo,3550308,True,,32837,,,-23.721089,-46.676856,,,,2,2023-06-20T11:55:13+00:00
SAO_5317-10,São Paulo,3550308,True,,32837,,,-23.591874,-46.6517115,,,,2,2023-06-20T11:56:56+00:00
SAO_573T-31,São Paulo,3550308,True,,2248,,,-23.565397,-46.512668250000004,,,,1,2023-06-20T11:57:25+00:00
SAO_573T-31,São Paulo,3550308,True,,2248,,,-23.614199499999998,-46.5007885,,,,1,2023-06-20T11:57:32+00:00
SAO_8075-21,São Paulo,3550308,True,,2537,,,-23.608028,-46.751391999999996,,,,1,2023-06-20T11:57:31+00:00
SAO_6115-10,São Paulo,3550308,True,,33953,,,-23.754529499999997,-46.673723499999994,,,,2,2023-06-20T11:57:10+00:00
SAO_6115-10,São Paulo,3550308,True,,33953,,,-23.74273625,-46.65895075,,,,2,2023-06-20T11:57:16+00:00
SAO_6115-10,São Paulo,3550308,True,,33953,,,-23.735566249999998,-46.695197625000006,,,,2,2023-06-20T11:57:36+00:00
SAO_6115-10,São Paulo,3550308,True,,33953,,,-23.742746,-46.6587425,,,,2,2023-06-20T11:57:35+00:00
SAO_6115-10,São Paulo,3550308,True,,33953,,,-23.735566249999998,-46.695197625000006,,,,2,2023-06-20T11:57:31+00:00
SAO_2523-10,São Paulo,3550308,True,Cidade de Caieiras,250,https://moovitapp.com/index/pt-br/transporte_p%C3%BAblico-line-250-Sao_Paulo-242-868761-752902-0,5.0,-23.5182095,-46.475659,,,,1,2023-06-20T11:57:07+00:00
SAO_2523-10,São Paulo,3550308,True,Cidade de Caieiras,250,https://moovitapp.com/index/pt-br/transporte_p%C3%BAblico-line-250-Sao_Paulo-242-868761-752902-0,5.0,-23.516444999999997,-46.4353105,,,,1,2023-06-20T11:57:35+00:00
SAO_2523-10,São Paulo,3550308,True,Cidade de Caieiras,250,https://moovitapp.com/index/pt-br/transporte_p%C3%BAblico-line-250-Sao_Paulo-242-868761-752902-0,5.0,-23.5178825,-46.475722000000005,,,,1,2023-06-20T11:57:25+00:00
SAO_2523-10,São Paulo,3550308,True,Cidade de Caieiras,250,https://moovitapp.com/index/pt-br/transporte_p%C3%BAblico-line-250-Sao_Paulo-242-868761-752902-0,5.0,-23.5182095,-46.475659,,,,1,2023-06-20T11:57:23+00:00
SAO_6000-10,São Paulo,3550308,True,,1140,,,-23.701241625,-46.714988749999996,,,,1,2023-06-20T11:53:24+00:00
SAO_6000-10,São Paulo,3550308,True,,1140,,,-23.8284425,-46.72717900000001,,,,1,2023-06-20T11:57:07+00:00
SAO_6000-10,São Paulo,3550308,True,,1140,,,-23.7058118125,-46.713557125,,,,1,2023-06-20T11:56:59+00:00
SAO_6000-10,São Paulo,3550308,True,,1140,,,-23.729495,-46.69856875,,,,1,2023-06-20T11:57:01+00:00
SAO_6000-10,São Paulo,3550308,True,,1140,,,-23.8284425,-46.72717900000001,,,,1,2023-06-20T11:57:02+00:00
SAO_6000-10,São Paulo,3550308,True,,1140,,,-23.667544999999997,-46.711959,,,,1,2023-06-20T11:57:19+00:00
SAO_6000-10,São Paulo,3550308,True,,1140,,,-23.778554,-46.724277,,,,1,2023-06-20T11:53:34+00:00
SAO_6000-10,São Paulo,3550308,True,,1140,,,-23.654891,-46.706837,,,,1,2023-06-20T11:57:05+00:00
SAO_6000-10,São Paulo,3550308,True,,1140,,,-23.710717000000002,-46.7111765,,,,1,2023-06-20T11:57:15+00:00
SAO_6000-10,São Paulo,3550308,True,,1140,,,-23.781652,-46.725950999999995,,,,1,2023-06-20T11:57:17+00:00
SAO_6000-10,São Paulo,3550308,True,,1140,,,-23.751121,-46.7105075,,,,1,2023-06-20T11:57:21+00:00
SAO_6000-10,São Paulo,3550308,True,,1140,,,-23.765209499999997,-46.71674,,,,1,2023-06-20T11:57:20+00:00
SAO_6000-10,São Paulo,3550308,True,,1140,,,-23.6538355,-46.7110955,,,,1,2023-06-20T11:57:02+00:00
SAO_6000-10,São Paulo,3550308,True,,1140,,,-23.8284425,-46.72717900000001,,,,1,2023-06-20T11:57:34+00:00
SAO_6000-10,São Paulo,3550308,True,,1140,,,-23.826901,-46.727806,,,,1,2023-06-20T11:56:59+00:00
SAO_6000-10,São Paulo,3550308,True,,1140,,,-23.654359,-46.7068095,,,,1,2023-06-20T11:57:18+00:00
SAO_6000-10,São Paulo,3550308,True,,1140,,,-23.8097155,-46.737168499999996,,,,1,2023-06-20T11:57:21+00:00
SAO_675M-10,São Paulo,3550308,True,ETT,108,https://moovitapp.com/index/pt-br/transporte_p%C3%BAblico-line-108-Sao_Paulo-242-876373-496510-0,5.3,-23.719176,-46.6773255,,,,1,2023-06-20T11:57:15+00:00
SAO_675M-10,São Paulo,3550308,True,ETT,108,https://moovitapp.com/index/pt-br/transporte_p%C3%BAblico-line-108-Sao_Paulo-242-876373-496510-0,5.3,-23.69609525,-46.68380125,,,,1,2023-06-20T11:57:24+00:00
SAO_675M-10,São Paulo,3550308,True,ETT,108,https://moovitapp.com/index/pt-br/transporte_p%C3%BAblico-line-108-Sao_Paulo-242-876373-496510-0,5.3,-23.655928,-46.66981525,,,,1,2023-06-20T11:57:11+00:00
SAO_675M-10,São Paulo,3550308,True,ETT,108,https://moovitapp.com/index/pt-br/transporte_p%C3%BAblico-line-108-Sao_Paulo-242-876373-496510-0,5.3,-23.6466305,-46.6450555,,,,1,2023-06-20T11:57:01+00:00
SAO_2011-10,São Paulo,3550308,True,,2136,,,-23.481333749999997,-46.604004375,,,,1,2023-06-20T11:57:21+00:00
SAO_2011-10,São Paulo,3550308,True,,2136,,,-23.489418,-46.5703855,,,,1,2023-06-20T11:57:36+00:00
SAO_2011-10,São Paulo,3550308,True,,2136,,,-23.468979,-46.57748425,,,,1,2023-06-20T11:57:19+00:00
SAO_6016-10,São Paulo,3550308,True,,84,,,-23.7716985,-46.6731285,,,,1,2023-06-20T11:57:23+00:00
SAO_6016-10,São Paulo,3550308,True,,84,,,-23.738225999999997,-46.6922225,,,,1,2023-06-20T11:56:56+00:00
SAO_6016-10,São Paulo,3550308,True,,84,,,-23.737090000000002,-46.697100000000006,,,,1,2023-06-20T11:57:05+00:00
SAO_6016-10,São Paulo,3550308,True,,84,,,-23.757464499999998,-46.684733,,,,1,2023-06-20T11:57:35+00:00
SAO_6016-10,São Paulo,3550308,True,,84,,,-23.769839,-46.680482999999995,,,,1,2023-06-20T11:57:05+00:00
SAO_6016-10,São Paulo,3550308,True,,84,,,-23.7716985,-46.6731285,,,,1,2023-06-20T11:57:20+00:00
SAO_5111-10,São Paulo,3550308,True,,32816,,,-23.564806125,-46.647083,,,,2,2023-06-20T11:57:37+00:00
SAO_5111-10,São Paulo,3550308,True,,32816,,,-23.54805,-46.629795,,,,2,2023-06-20T11:57:13+00:00
SAO_5111-10,São Paulo,3550308,True,,32816,,,-23.580013,-46.663082,,,,2,2023-06-20T11:57:23+00:00
SAO_4027-10,São Paulo,3550308,True,,1097,,,-23.641877,-46.439374,,,,1,2023-06-20T11:57:20+00:00
SAO_4027-10,São Paulo,3550308,True,,1097,,,-23.641896000000003,-46.4389945,,,,1,2023-06-20T11:57:38+00:00
SAO_4027-10,São Paulo,3550308,True,,1097,,,-23.5912988125,-46.489284437500004,,,,1,2023-06-20T11:56:58+00:00
SAO_4027-10,São Paulo,3550308,True,,1097,,,-23.6359035,-46.444512,,,,1,2023-06-20T11:57:11+00:00
SAO_4027-10,São Paulo,3550308,True,,1097,,,-23.6417645,-46.439601,,,,1,2023-06-20T11:57:24+00:00
SAO_4027-10,São Paulo,3550308,True,,1097,,,-23.623793499999998,-46.446847500000004,,,,1,2023-06-20T11:57:36+00:00
SAO_4027-10,São Paulo,3550308,True,,1097,,,-23.619021500000002,-46.468376,,,,1,2023-06-20T11:57:27+00:00
SAO_4027-10,São Paulo,3550308,True,,1097,,,-23.6418875,-46.439175500000005,,,,1,2023-06-20T11:57:26+00:00
SAO_4027-10,São Paulo,3550308,True,,1097,,,-23.608555,-46.477866999999996,,,,1,2023-06-20T11:57:04+00:00
SAO_3002-10,São Paulo,3550308,True,,1808,,,-23.4969865,-46.4375625,,,,1,2023-06-20T11:57:04+00:00
SAO_3002-10,São Paulo,3550308,True,,1808,,,-23.498211,-46.4310865,,,,1,2023-06-20T11:57:26+00:00
SAO_3002-10,São Paulo,3550308,True,,1808,,,-23.494611749999997,-46.414021250000005,,,,1,2023-06-20T11:57:00+00:00
SAO_3002-10,São Paulo,3550308,True,,1808,,,-23.510468,-46.378808,,,,1,2023-06-20T11:57:06+00:00
SAO_3002-10,São Paulo,3550308,True,,1808,,,-23.510468,-46.378808,,,,1,2023-06-20T11:56:57+00:00
SAO_3002-10,São Paulo,3550308,True,,1808,,,-23.513649,-46.380027999999996,,,,1,2023-06-20T11:56:45+00:00
SAO_3002-10,São Paulo,3550308,True,,1808,,,-23.502128499999998,-46.3912135,,,,1,2023-06-20T11:57:37+00:00
SAO_9008-10,São Paulo,3550308,True,,875,,,-23.427475,-46.7146125,,,,1,2023-06-20T11:57:08+00:00
SAO_9008-10,São Paulo,3550308,True,,875,,,-23.4317435,-46.713211,,,,1,2023-06-20T11:57:10+00:00
SAO_9008-10,São Paulo,3550308,True,,875,,,-23.4413925,-46.7078645,,,,1,2023-06-20T11:57:36+00:00
SAO_9008-10,São Paulo,3550308,True,,875,,,-23.4583065,-46.690271749999994,,,,1,2023-06-20T11:56:59+00:00
SAO_9008-10,São Paulo,3550308,True,,875,,,-23.467498,-46.6781805,,,,1,2023-06-20T11:57:30+00:00
SAO_9008-10,São Paulo,3550308,True,,875,,,-23.427475,-46.7146125,,,,1,2023-06-20T11:57:30+00:00
SAO_7049-10,São Paulo,3550308,True,,34680,,,-23.696705,-46.779482,,,,2,2023-06-20T11:56:58+00:00
SAO_7049-10,São Paulo,3550308,True,,34680,,,-23.71138725,-46.77812725,,,,2,2023-06-20T11:57:06+00:00
SAO_7049-10,São Paulo,3550308,True,,34680,,,-23.7116535,-46.777972,,,,2,2023-06-20T11:57:11+00:00
SAO_7049-10,São Paulo,3550308,True,,34680,,,-23.66557675,-46.78298225,,,,2,2023-06-20T11:57:15+00:00
SAO_7049-10,São Paulo,3550308,True,,34680,,,-23.7115665,-46.7780305,,,,2,2023-06-20T11:56:55+00:00
SAO_7049-10,São Paulo,3550308,True,,34680,,,-23.6786875,-46.77878275,,,,2,2023-06-20T11:57:39+00:00
SAO_7049-10,São Paulo,3550308,True,,34680,,,-23.711143749999998,-46.778219750000005,,,,2,2023-06-20T11:56:56+00:00
SAO_253F-10,São Paulo,3550308,True,EMTU,158,https://moovitapp.com/index/pt-br/transporte_p%C3%BAblico-line-158-Sao_Paulo-242-2038937-36419303-0,7.45,-23.537467,-46.455077,,,,1,2023-06-20T11:57:28+00:00
SAO_253F-10,São Paulo,3550308,True,EMTU,158,https://moovitapp.com/index/pt-br/transporte_p%C3%BAblico-line-158-Sao_Paulo-242-2038937-36419303-0,7.45,-23.5185795,-46.475586,,,,1,2023-06-20T11:56:53+00:00
SAO_253F-10,São Paulo,3550308,True,EMTU,158,https://moovitapp.com/index/pt-br/transporte_p%C3%BAblico-line-158-Sao_Paulo-242-2038937-36419303-0,7.45,-23.594038,-46.445815499999995,,,,1,2023-06-20T11:57:03+00:00
SAO_695Y-21,São Paulo,3550308,True,,1622,,,-23.779435499999998,-46.72487,,,,1,2023-06-20T11:52:33+00:00
SAO_2023-41,São Paulo,3550308,True,,2539,,,-23.4804685,-46.6023845,,,,1,2023-06-20T11:57:11+00:00
SAO_2023-41,São Paulo,3550308,True,,2539,,,-23.439293499999998,-46.5914375,,,,1,2023-06-20T11:57:15+00:00
SAO_2023-41,São Paulo,3550308,True,,2539,,,-23.4198525,-46.581624000000005,,,,1,2023-06-20T11:57:03+00:00
SAO_1034-10,São Paulo,3550308,True,,2452,,,-23.485937,-46.710612499999996,,,,1,2023-06-20T11:57:29+00:00
SAO_1034-10,São Paulo,3550308,True,,2452,,,-23.475623499999998,-46.703565499999996,,,,1,2023-06-20T11:57:21+00:00
SAO_1034-10,São Paulo,3550308,True,,2452,,,-23.472147,-46.7087625,,,,1,2023-06-20T11:57:36+00:00
SAO_509M-10,São Paulo,3550308,True,,34045,,,-23.617873,-46.675702,,,,2,2023-06-20T11:56:57+00:00
SAO_509M-10,São Paulo,3550308,True,,34045,,,-23.679968000000002,-46.636858000000004,,,,2,2023-06-20T11:57:03+00:00
SAO_509M-10,São Paulo,3550308,True,,34045,,,-23.679666500000003,-46.6363,,,,2,2023-06-20T11:57:15+00:00
SAO_6816-31,São Paulo,3550308,True,,34516,,,-23.653212,-46.7764515,,,,2,2023-06-20T11:57:32+00:00
SAO_6816-31,São Paulo,3550308,True,,34516,,,-23.6450645,-46.784513000000004,,,,2,2023-06-20T11:57:28+00:00
SAO_2765-10,São Paulo,3550308,True,,32913,,,-23.5120035,-46.545176999999995,,,,2,2023-06-20T11:57:22+00:00
SAO_2765-10,São Paulo,3550308,True,,32913,,,-23.492723249999997,-46.49299925,,,,2,2023-06-20T11:57:32+00:00
SAO_2765-10,São Paulo,3550308,True,,32913,,,-23.5398255,-46.5768585,,,,2,2023-06-20T11:57:14+00:00
SAO_2765-10,São Paulo,3550308,True,,32913,,,-23.533472250000003,-46.565054,,,,2,2023-06-20T11:57:37+00:00
SAO_2765-10,São Paulo,3550308,True,,32913,,,-23.50489825,-46.50822925,,,,2,2023-06-20T11:56:55+00:00
SAO_9005-41,São Paulo,3550308,True,,34208,,,-23.450971,-46.684388999999996,,,,2,2023-06-20T11:57:14+00:00
SAO_6003-10,São Paulo,3550308,True,,34240,,,-23.760631,-46.71527975,,,,2,2023-06-20T11:57:34+00:00
SAO_6003-10,São Paulo,3550308,True,,34240,,,-23.7360415,-46.6963535,,,,2,2023-06-20T11:51:30+00:00
SAO_9166-10,São Paulo,3550308,True,,707,,,-23.473862,-46.6702305,,,,1,2023-06-20T11:57:28+00:00
SAO_701A-10,São Paulo,3550308,True,,33457,,,-23.5540545,-46.67109425,,,,2,2023-06-20T11:57:11+00:00
SAO_701A-10,São Paulo,3550308,True,,33457,,,-23.4737385,-46.565966,,,,2,2023-06-20T11:57:19+00:00
SAO_701A-10,São Paulo,3550308,True,,33457,,,-23.473826,-46.5661475,,,,2,2023-06-20T11:56:53+00:00
SAO_701A-10,São Paulo,3550308,True,,33457,,,-23.539741562499998,-46.600342999999995,,,,2,2023-06-20T11:57:16+00:00
SAO_273D-10,São Paulo,3550308,True,,222,,,-23.51159775,-46.4426105,,,,1,2023-06-20T11:57:36+00:00
SAO_273D-10,São Paulo,3550308,True,,222,,,-23.540062499999998,-46.482594375,,,,1,2023-06-20T11:57:31+00:00
SAO_273D-10,São Paulo,3550308,True,,222,,,-23.520546749999998,-46.40995075000001,,,,1,2023-06-20T11:57:31+00:00
SAO_273D-10,São Paulo,3550308,True,,222,,,-23.4940365,-46.4196,,,,1,2023-06-20T11:57:32+00:00
SAO_273D-10,São Paulo,3550308,True,,222,,,-23.526514125,-46.474658749999996,,,,1,2023-06-20T11:57:05+00:00
SAO_273D-10,São Paulo,3550308,True,,222,,,-23.515296749999997,-46.459947,,,,1,2023-06-20T11:57:25+00:00
SAO_2705-10,São Paulo,3550308,True,,33685,,,-23.546026875000003,-46.393056125,,,,2,2023-06-20T11:57:28+00:00
SAO_2705-10,São Paulo,3550308,True,,33685,,,-23.5429995,-46.470884999999996,,,,2,2023-06-20T11:57:05+00:00
SAO_2705-10,São Paulo,3550308,True,,33685,,,-23.5420225,-46.471230000000006,,,,2,2023-06-20T11:56:49+00:00
SAO_2705-10,São Paulo,3550308,True,,33685,,,-23.546270625000002,-46.393018375000004,,,,2,2023-06-20T11:56:40+00:00
SAO_888P-10,São Paulo,3550308,True,EMTU,454,https://moovitapp.com/index/pt-br/transporte_p%C3%BAblico-line-454-Sao_Paulo-242-2038937-36419497-0,5.25,-23.408456,-46.7408545,,,,1,2023-06-20T11:57:09+00:00
SAO_888P-10,São Paulo,3550308,True,EMTU,454,https://moovitapp.com/index/pt-br/transporte_p%C3%BAblico-line-454-Sao_Paulo-242-2038937-36419497-0,5.25,-23.4087115,-46.744566750000004,,,,1,2023-06-20T11:57:17+00:00
SAO_888P-10,São Paulo,3550308,True,EMTU,454,https://moovitapp.com/index/pt-br/transporte_p%C3%BAblico-line-454-Sao_Paulo-242-2038937-36419497-0,5.25,-23.435700375000003,-46.717766875,,,,1,2023-06-20T11:56:59+00:00
SAO_888P-10,São Paulo,3550308,True,EMTU,454,https://moovitapp.com/index/pt-br/transporte_p%C3%BAblico-line-454-Sao_Paulo-242-2038937-36419497-0,5.25,-23.45468325,-46.74114925,,,,1,2023-06-20T11:57:00+00:00
SAO_888P-10,São Paulo,3550308,True,EMTU,454,https://moovitapp.com/index/pt-br/transporte_p%C3%BAblico-line-454-Sao_Paulo-242-2038937-36419497-0,5.25,-23.4063025,-46.758756749999996,,,,1,2023-06-20T11:57:00+00:00
SAO_374V-10,São Paulo,3550308,True,,34415,,,-23.519360499999998,-46.448714,,,,2,2023-06-20T11:57:10+00:00
SAO_374V-10,São Paulo,3550308,True,,34415,,,-23.5116805,-46.454798749999995,,,,2,2023-06-20T11:56:55+00:00
SAO_374V-10,São Paulo,3550308,True,,34415,,,-23.5399135,-46.461621,,,,2,2023-06-20T11:56:56+00:00
SAO_374V-10,São Paulo,3550308,True,,34415,,,-23.526387125,-46.45522149999999,,,,2,2023-06-20T11:56:59+00:00
SAO_374V-10,São Paulo,3550308,True,,34415,,,-23.5112555,-46.45482425,,,,2,2023-06-20T11:56:56+00:00
SAO_374V-10,São Paulo,3550308,True,,34415,,,-23.513962499999998,-46.4558575,,,,2,2023-06-20T11:57:16+00:00
SAO_2715-10,São Paulo,3550308,True,,33696,,,-23.513454,-46.501042,,,,2,2023-06-20T11:57:07+00:00
SAO_2715-10,São Paulo,3550308,True,,33696,,,-23.497314000000003,-46.502797625,,,,2,2023-06-20T11:57:12+00:00
SAO_2715-10,São Paulo,3550308,True,,33696,,,-23.4981815,-46.502826,,,,2,2023-06-20T11:56:58+00:00
SAO_2715-10,São Paulo,3550308,True,,33696,,,-23.4980505,-46.503099,,,,2,2023-06-20T11:57:13+00:00
SAO_2715-10,São Paulo,3550308,True,,33696,,,-23.497837,-46.503524999999996,,,,2,2023-06-20T11:57:34+00:00
SAO_2715-10,São Paulo,3550308,True,,33696,,,-23.525790125,-46.501927249999994,,,,2,2023-06-20T11:57:20+00:00
SAO_7011-10,São Paulo,3550308,True,,1952,,,-23.683546999999997,-46.7694185,,,,1,2023-06-20T11:57:27+00:00
SAO_7011-10,São Paulo,3550308,True,,1952,,,-23.68714725,-46.77138625,,,,1,2023-06-20T11:57:03+00:00
SAO_7011-10,São Paulo,3550308,True,,1952,,,-23.694121000000003,-46.785257,,,,1,2023-06-20T11:57:19+00:00
SAO_407K-10,São Paulo,3550308,True,,34936,,,-23.5766055,-46.5020475,,,,2,2023-06-20T11:57:18+00:00
SAO_3728-41,São Paulo,3550308,True,,1988,,,-23.5421635,-46.4837615,,,,1,2023-06-20T11:57:30+00:00
SAO_3728-41,São Paulo,3550308,True,,1988,,,-23.551272374999996,-46.490253624999994,,,,1,2023-06-20T11:56:59+00:00
SAO_9162-10,São Paulo,3550308,True,,34133,,,-23.475635500000003,-46.66432425000001,,,,2,2023-06-20T11:57:17+00:00
SAO_9014-10,São Paulo,3550308,True,,1425,,,-23.496911500000003,-46.697875749999994,,,,1,2023-06-20T11:57:25+00:00
SAO_6019-10,São Paulo,3550308,True,,34258,,,-23.6790805,-46.735831000000005,,,,2,2023-06-20T11:56:55+00:00
SAO_809D-10,São Paulo,3550308,True,,34836,,,-23.5939745,-46.784715000000006,,,,2,2023-06-20T11:57:02+00:00
SAO_809D-10,São Paulo,3550308,True,,34836,,,-23.566714,-46.701302,,,,2,2023-06-20T11:57:24+00:00
SAO_675I-10,São Paulo,3550308,True,BR7 Mobilidade,68,https://moovitapp.com/index/pt-br/transporte_p%C3%BAblico-line-68-Sao_Paulo-242-851856-560661-0,5.75,-23.62766125,-46.68821275,,,,1,2023-06-20T11:57:33+00:00
SAO_675I-10,São Paulo,3550308,True,BR7 Mobilidade,68,https://moovitapp.com/index/pt-br/transporte_p%C3%BAblico-line-68-Sao_Paulo-242-851856-560661-0,5.75,-23.614721375000002,-46.659125499999995,,,,1,2023-06-20T11:57:37+00:00
SAO_9789-10,São Paulo,3550308,True,,33597,,,-23.46145575,-46.706664625,,,,2,2023-06-20T11:57:23+00:00
SAO_9789-10,São Paulo,3550308,True,,33597,,,-23.484452,-46.6907395,,,,2,2023-06-20T11:57:23+00:00
SAO_9789-10,São Paulo,3550308,True,,33597,,,-23.461478,-46.7084365,,,,2,2023-06-20T11:57:11+00:00
SAO_9789-10,São Paulo,3550308,True,,33597,,,-23.51726,-46.66699750000001,,,,2,2023-06-20T11:57:15+00:00
SAO_9789-10,São Paulo,3550308,True,,33597,,,-23.50468325,-46.67281975,,,,2,2023-06-20T11:57:30+00:00
SAO_2009-10,São Paulo,3550308,True,,898,,,-23.512578499999996,-46.412861250000006,,,,1,2023-06-20T11:57:19+00:00
SAO_2009-10,São Paulo,3550308,True,,898,,,-23.523166125,-46.414000375,,,,1,2023-06-20T11:57:34+00:00
SAO_2009-10,São Paulo,3550308,True,,898,,,-23.53914325,-46.40952,,,,1,2023-06-20T11:56:37+00:00
SAO_2009-10,São Paulo,3550308,True,,898,,,-23.52377925,-46.417449,,,,1,2023-06-20T11:57:06+00:00
SAO_576C-10,São Paulo,3550308,True,,34058,,,-23.637647,-46.631935,,,,2,2023-06-20T11:57:10+00:00
SAO_576C-10,São Paulo,3550308,True,,34058,,,-23.660634,-46.695184,,,,2,2023-06-20T11:57:34+00:00
SAO_576C-10,São Paulo,3550308,True,,34058,,,-23.6435505,-46.643927500000004,,,,2,2023-06-20T11:57:27+00:00
SAO_576C-10,São Paulo,3550308,True,,34058,,,-23.6739695,-46.677918,,,,2,2023-06-20T11:56:58+00:00
SAO_576C-10,São Paulo,3550308,True,,34058,,,-23.638040500000002,-46.632286,,,,2,2023-06-20T11:57:34+00:00
SAO_576C-10,São Paulo,3550308,True,,34058,,,-23.651473250000002,-46.664956,,,,2,2023-06-20T11:56:56+00:00
SAO_7282-10,São Paulo,3550308,True,,33239,,,-23.5309295,-46.7292135,,,,2,2023-06-20T11:57:03+00:00
SAO_848L-10,São Paulo,3550308,True,EMTU,808,https://moovitapp.com/index/pt-br/transporte_p%C3%BAblico-line-808-Sao_Paulo-242-2038937-36419584-0,4.8,-23.485485500000003,-46.7254255,,,,1,2023-06-20T11:57:12+00:00
SAO_848L-10,São Paulo,3550308,True,EMTU,808,https://moovitapp.com/index/pt-br/transporte_p%C3%BAblico-line-808-Sao_Paulo-242-2038937-36419584-0,4.8,-23.407032,-46.758294,,,,1,2023-06-20T11:57:05+00:00
SAO_848L-10,São Paulo,3550308,True,EMTU,808,https://moovitapp.com/index/pt-br/transporte_p%C3%BAblico-line-808-Sao_Paulo-242-2038937-36419584-0,4.8,-23.4854175,-46.7256575,,,,1,2023-06-20T11:57:18+00:00
SAO_848L-10,São Paulo,3550308,True,EMTU,808,https://moovitapp.com/index/pt-br/transporte_p%C3%BAblico-line-808-Sao_Paulo-242-2038937-36419584-0,4.8,-23.441400625,-46.72146,,,,1,2023-06-20T11:57:33+00:00
SAO_848L-10,São Paulo,3550308,True,EMTU,808,https://moovitapp.com/index/pt-br/transporte_p%C3%BAblico-line-808-Sao_Paulo-242-2038937-36419584-0,4.8,-23.437126499999998,-46.720963499999996,,,,1,2023-06-20T11:57:15+00:00
SAO_848L-10,São Paulo,3550308,True,EMTU,808,https://moovitapp.com/index/pt-br/transporte_p%C3%BAblico-line-808-Sao_Paulo-242-2038937-36419584-0,4.8,-23.4088365,-46.735354,,,,1,2023-06-20T11:57:03+00:00
SAO_172N-10,São Paulo,3550308,True,,664,,,-23.516242,-46.616273,,,,1,2023-06-20T11:57:16+00:00
SAO_172N-10,São Paulo,3550308,True,,664,,,-23.512973000000002,-46.602621,,,,1,2023-06-20T11:57:17+00:00
SAO_172N-10,São Paulo,3550308,True,,664,,,-23.542389999999997,-46.5898445,,,,1,2023-06-20T11:57:28+00:00
SAO_172N-10,São Paulo,3550308,True,,664,,,-23.503788375,-46.624660500000005,,,,1,2023-06-20T11:56:56+00:00
SAO_172N-10,São Paulo,3550308,True,,664,,,-23.506790000000002,-46.5947485,,,,1,2023-06-20T11:57:28+00:00
SAO_172N-10,São Paulo,3550308,True,,664,,,-23.51919025,-46.59044775,,,,1,2023-06-20T11:57:33+00:00
SAO_3026-10,São Paulo,3550308,True,,33730,,,-23.569234,-46.3986,,,,2,2023-06-20T11:56:43+00:00
SAO_3026-10,São Paulo,3550308,True,,33730,,,-23.5823965,-46.3866155,,,,2,2023-06-20T11:55:32+00:00
SAO_3026-10,São Paulo,3550308,True,,33730,,,-23.542815375,-46.415003875,,,,2,2023-06-20T11:49:53+00:00
SAO_3026-10,São Paulo,3550308,True,,33730,,,-23.582628,-46.386314,,,,2,2023-06-20T11:57:16+00:00
SAO_875P-10,São Paulo,3550308,True,,34109,,,-23.54126575,-46.670914249999996,,,,2,2023-06-20T11:57:25+00:00
SAO_875P-10,São Paulo,3550308,True,,34109,,,-23.5820815,-46.6384025,,,,2,2023-06-20T11:57:24+00:00
SAO_3006-10,São Paulo,3550308,True,,34633,,,-23.547792,-46.390069,,,,2,2023-06-20T11:57:14+00:00
SAO_3006-10,São Paulo,3550308,True,,34633,,,-23.5476295,-46.394602,,,,2,2023-06-20T11:57:07+00:00
SAO_607A-21,São Paulo,3550308,True,,2140,,,-23.6861205,-46.690295500000005,,,,1,2023-06-20T11:57:13+00:00
SAO_607A-21,São Paulo,3550308,True,,2140,,,-23.699271000000003,-46.648211,,,,1,2023-06-20T11:57:25+00:00
SAO_5010-10,São Paulo,3550308,True,,1114,,,-23.64616975,-46.644012000000004,,,,1,2023-06-20T11:57:22+00:00
SAO_5010-10,São Paulo,3550308,True,,1114,,,-23.6537065,-46.7041145,,,,1,2023-06-20T11:57:25+00:00
SAO_5010-10,São Paulo,3550308,True,,1114,,,-23.653748999999998,-46.704291999999995,,,,1,2023-06-20T11:57:00+00:00
SAO_5010-10,São Paulo,3550308,True,,1114,,,-23.64868825,-46.67631,,,,1,2023-06-20T11:57:36+00:00
SAO_5010-10,São Paulo,3550308,True,,1114,,,-23.665167875,-46.635273187500005,,,,1,2023-06-20T11:57:34+00:00
SAO_5010-10,São Paulo,3550308,True,,1114,,,-23.662679500000003,-46.6311435,,,,1,2023-06-20T11:57:34+00:00
SAO_6803-10,São Paulo,3550308,True,BR7 Mobilidade,29,https://moovitapp.com/index/pt-br/transporte_p%C3%BAblico-line-29-Sao_Paulo-242-851856-500111-0,5.75,-23.643682,-46.7423945,,,,1,2023-06-20T11:57:11+00:00
SAO_6803-10,São Paulo,3550308,True,BR7 Mobilidade,29,https://moovitapp.com/index/pt-br/transporte_p%C3%BAblico-line-29-Sao_Paulo-242-851856-500111-0,5.75,-23.663281,-46.7399915,,,,1,2023-06-20T11:57:03+00:00
SAO_5791-10,São Paulo,3550308,True,,33375,,,-23.6676795,-46.636367,,,,2,2023-06-20T11:57:06+00:00
SAO_5791-10,São Paulo,3550308,True,,33375,,,-23.648086499999998,-46.6402415,,,,2,2023-06-20T11:57:06+00:00
SAO_5791-10,São Paulo,3550308,True,,33375,,,-23.6981715,-46.6278765,,,,2,2023-06-20T11:56:58+00:00
SAO_6035-10,São Paulo,3550308,True,,33981,,,-23.6728545,-46.74413925,,,,2,2023-06-20T11:57:04+00:00
SAO_6035-10,São Paulo,3550308,True,,33981,,,-23.650700999999998,-46.707818,,,,2,2023-06-20T11:57:35+00:00
SAO_6035-10,São Paulo,3550308,True,,33981,,,-23.703176499999998,-46.7836655,,,,2,2023-06-20T11:57:25+00:00
SAO_6035-10,São Paulo,3550308,True,,33981,,,-23.71986875,-46.76509775,,,,2,2023-06-20T11:57:08+00:00
SAO_6035-10,São Paulo,3550308,True,,33981,,,-23.683030000000002,-46.7687525,,,,2,2023-06-20T11:57:18+00:00
SAO_6035-10,São Paulo,3550308,True,,33981,,,-23.663801499999998,-46.7083605,,,,2,2023-06-20T11:57:01+00:00
SAO_1783-10,São Paulo,3550308,True,,33412,,,-23.464372875000002,-46.603658249999995,,,,2,2023-06-20T11:57:09+00:00
SAO_1783-10,São Paulo,3550308,True,,33412,,,-23.398296000000002,-46.577902,,,,2,2023-06-20T11:57:29+00:00
SAO_1783-10,São Paulo,3550308,True,,33412,,,-23.42123925,-46.589324000000005,,,,2,2023-06-20T11:54:41+00:00
SAO_4020-10,São Paulo,3550308,True,,2530,,,-23.55550125,-46.445823000000004,,,,1,2023-06-20T11:57:07+00:00
SAO_4020-10,São Paulo,3550308,True,,2530,,,-23.595814750000002,-46.43762475,,,,1,2023-06-20T11:57:05+00:00
SAO_4020-10,São Paulo,3550308,True,,2530,,,-23.534623,-46.4529845,,,,1,2023-06-20T11:57:15+00:00
SAO_6836-10,São Paulo,3550308,True,BR7 Mobilidade,13,https://moovitapp.com/index/pt-br/transporte_p%C3%BAblico-line-13-Sao_Paulo-242-851856-705937-0,5.75,-23.643883,-46.7336615,,,,1,2023-06-20T11:57:00+00:00
SAO_6836-10,São Paulo,3550308,True,BR7 Mobilidade,13,https://moovitapp.com/index/pt-br/transporte_p%C3%BAblico-line-13-Sao_Paulo-242-851856-705937-0,5.75,-23.66724525,-46.755129749999995,,,,1,2023-06-20T11:57:33+00:00
SAO_6031-10,São Paulo,3550308,True,,92,,,-23.7399185,-46.698346,,,,1,2023-06-20T11:57:04+00:00
SAO_6031-10,São Paulo,3550308,True,,92,,,-23.75413,-46.708843,,,,1,2023-06-20T11:57:15+00:00
SAO_6031-10,São Paulo,3550308,True,,92,,,-23.755657624999998,-46.708854,,,,1,2023-06-20T11:57:25+00:00
SAO_8073-10,São Paulo,3550308,True,,34849,,,-23.599168,-46.766690999999994,,,,2,2023-06-20T11:56:57+00:00
SAO_8073-10,São Paulo,3550308,True,,34849,,,-23.5914395,-46.7359765,,,,2,2023-06-20T11:57:02+00:00
SAO_8073-10,São Paulo,3550308,True,,34849,,,-23.586464437500002,-46.75255262500001,,,,2,2023-06-20T11:57:25+00:00
SAO_8004-10,São Paulo,3550308,True,,34022,,,-23.47043,-46.752005999999994,,,,2,2023-06-20T11:56:58+00:00
SAO_8004-10,São Paulo,3550308,True,,34022,,,-23.48922,-46.74864,,,,2,2023-06-20T11:57:24+00:00
SAO_8004-10,São Paulo,3550308,True,,34022,,,-23.492973499999998,-46.749127,,,,2,2023-06-20T11:57:34+00:00
SAO_8004-10,São Paulo,3550308,True,,34022,,,-23.517798499999998,-46.704445,,,,2,2023-06-20T11:57:19+00:00
SAO_8004-10,São Paulo,3550308,True,,34022,,,-23.470457,-46.751476499999995,,,,2,2023-06-20T11:57:01+00:00
SAO_8707-10,São Paulo,3550308,True,,2064,,,-23.535300999999997,-46.64457,,,,1,2023-06-20T11:57:35+00:00
SAO_8707-10,São Paulo,3550308,True,,2064,,,-23.5733565,-46.73699725,,,,1,2023-06-20T11:57:03+00:00
SAO_8707-10,São Paulo,3550308,True,,2064,,,-23.56185275,-46.67409675,,,,1,2023-06-20T11:57:09+00:00
SAO_746P-10,São Paulo,3550308,True,,33556,,,-23.61699275,-46.720967,,,,2,2023-06-20T11:57:03+00:00
SAO_746P-10,São Paulo,3550308,True,,33556,,,-23.650370000000002,-46.7069175,,,,2,2023-06-20T11:57:02+00:00
SAO_746P-10,São Paulo,3550308,True,,33556,,,-23.61699275,-46.720967,,,,2,2023-06-20T11:57:08+00:00
SAO_746P-10,São Paulo,3550308,True,,33556,,,-23.617432,-46.7210475,,,,2,2023-06-20T11:57:27+00:00
SAO_746P-10,São Paulo,3550308,True,,33556,,,-23.6120565,-46.7220875,,,,2,2023-06-20T11:57:23+00:00
SAO_746P-10,São Paulo,3550308,True,,33556,,,-23.630833375,-46.736538125,,,,2,2023-06-20T11:57:39+00:00
SAO_746P-10,São Paulo,3550308,True,,33556,,,-23.617432,-46.7210475,,,,2,2023-06-20T11:57:38+00:00
SAO_746P-10,São Paulo,3550308,True,,33556,,,-23.617787,-46.7211975,,,,2,2023-06-20T11:57:17+00:00
SAO_8050-31,São Paulo,3550308,True,,33183,,,-23.4716435,-46.7776735,,,,2,2023-06-20T11:57:14+00:00
SAO_775F-10,São Paulo,3550308,True,,33564,,,-23.61119875,-46.753526,,,,2,2023-06-20T11:57:31+00:00
SAO_775F-10,São Paulo,3550308,True,,33564,,,-23.597123500000002,-46.708605,,,,2,2023-06-20T11:56:57+00:00
SAO_775F-10,São Paulo,3550308,True,,33564,,,-23.5798075,-46.685481499999995,,,,2,2023-06-20T11:57:06+00:00
SAO_775F-10,São Paulo,3550308,True,,33564,,,-23.625425999999997,-46.7482945,,,,2,2023-06-20T11:57:21+00:00
SAO_775F-10,São Paulo,3550308,True,,33564,,,-23.5530785,-46.67411975,,,,2,2023-06-20T11:57:05+00:00
SAO_775F-10,São Paulo,3550308,True,,33564,,,-23.625424,-46.748162,,,,2,2023-06-20T11:57:31+00:00
SAO_7545-10,São Paulo,3550308,True,,33272,,,-23.586468,-46.750264,,,,2,2023-06-20T11:57:19+00:00
SAO_7545-10,São Paulo,3550308,True,,33272,,,-23.5476045,-46.640784,,,,2,2023-06-20T11:57:19+00:00
SAO_7545-10,São Paulo,3550308,True,,33272,,,-23.6016895,-46.791908,,,,2,2023-06-20T11:56:57+00:00
SAO_7545-10,São Paulo,3550308,True,,33272,,,-23.5580585,-46.6678845,,,,2,2023-06-20T11:57:20+00:00
SAO_7023-10,São Paulo,3550308,True,,2152,,,-23.653879,-46.7107595,,,,1,2023-06-20T11:57:06+00:00
SAO_7023-10,São Paulo,3550308,True,,2152,,,-23.682094,-46.735372,,,,1,2023-06-20T11:57:30+00:00
SAO_7023-10,São Paulo,3550308,True,,2152,,,-23.691074,-46.76053,,,,1,2023-06-20T11:56:42+00:00
SAO_7023-10,São Paulo,3550308,True,,2152,,,-23.698786,-46.7627765,,,,1,2023-06-20T11:55:05+00:00
SAO_7023-10,São Paulo,3550308,True,,2152,,,-23.698786,-46.7627765,,,,1,2023-06-20T11:57:00+00:00
SAO_7023-10,São Paulo,3550308,True,,2152,,,-23.686948,-46.7559995,,,,1,2023-06-20T11:55:51+00:00
SAO_2666-10,São Paulo,3550308,True,,33146,,,-23.535095,-46.5766945,,,,2,2023-06-20T11:57:29+00:00
SAO_2666-10,São Paulo,3550308,True,,33146,,,-23.51828025,-46.3879975,,,,2,2023-06-20T11:57:14+00:00
SAO_2666-10,São Paulo,3550308,True,,33146,,,-23.495147000000003,-46.4347765,,,,2,2023-06-20T11:57:22+00:00
SAO_2666-10,São Paulo,3550308,True,,33146,,,-23.546655,-46.630598,,,,2,2023-06-20T11:57:32+00:00
SAO_6014-10,São Paulo,3550308,True,,188,,,-23.714302500000002,-46.7821605,,,,1,2023-06-20T11:57:10+00:00
SAO_6014-10,São Paulo,3550308,True,,188,,,-23.654935000000002,-46.715513625,,,,1,2023-06-20T11:57:05+00:00
SAO_6014-10,São Paulo,3550308,True,,188,,,-23.675867250000003,-46.754087,,,,1,2023-06-20T11:57:32+00:00
SAO_6014-10,São Paulo,3550308,True,,188,,,-23.7420645,-46.8001675,,,,1,2023-06-20T11:57:04+00:00
SAO_6014-10,São Paulo,3550308,True,,188,,,-23.6676655,-46.72998425,,,,1,2023-06-20T11:56:54+00:00
SAO_6014-10,São Paulo,3550308,True,,188,,,-23.7019605,-46.7823185,,,,1,2023-06-20T11:56:55+00:00
SAO_6014-10,São Paulo,3550308,True,,188,,,-23.7339,-46.792988,,,,1,2023-06-20T11:57:11+00:00
SAO_8038-10,São Paulo,3550308,True,,33565,,,-23.5192465,-46.7041905,,,,2,2023-06-20T11:56:56+00:00
SAO_8038-10,São Paulo,3550308,True,,33565,,,-23.538965500000003,-46.730374499999996,,,,2,2023-06-20T11:57:01+00:00
SAO_8038-10,São Paulo,3550308,True,,33565,,,-23.53488225,-46.76081775,,,,2,2023-06-20T11:57:34+00:00
SAO_8038-10,São Paulo,3550308,True,,33565,,,-23.5192465,-46.7041905,,,,2,2023-06-20T11:57:20+00:00
SAO_8038-10,São Paulo,3550308,True,,33565,,,-23.54665075,-46.75031825,,,,2,2023-06-20T11:57:23+00:00
SAO_8038-10,São Paulo,3550308,True,,33565,,,-23.53488225,-46.76081775,,,,2,2023-06-20T11:57:32+00:00
SAO_8038-10,São Paulo,3550308,True,,33565,,,-23.521160249999998,-46.724604,,,,2,2023-06-20T11:57:20+00:00
SAO_8038-10,São Paulo,3550308,True,,33565,,,-23.5192465,-46.7041905,,,,2,2023-06-20T11:56:54+00:00
SAO_3795-10,São Paulo,3550308,True,,33841,,,-23.5443405,-46.4653265,,,,2,2023-06-20T11:57:08+00:00
SAO_1745-10,São Paulo,3550308,True,,33314,,,-23.472811,-46.6658405,,,,2,2023-06-20T11:57:14+00:00
SAO_1745-10,São Paulo,3550308,True,,33314,,,-23.491898,-46.64937475,,,,2,2023-06-20T11:57:17+00:00
SAO_1745-10,São Paulo,3550308,True,,33314,,,-23.473171,-46.665481,,,,2,2023-06-20T11:57:34+00:00
SAO_1745-10,São Paulo,3550308,True,,33314,,,-23.473011999999997,-46.665725,,,,2,2023-06-20T11:57:19+00:00
SAO_875P-10,São Paulo,3550308,True,,1341,,,-23.5265075,-46.666340500000004,,,,1,2023-06-20T11:57:35+00:00
SAO_875P-10,São Paulo,3550308,True,,1341,,,-23.572080999999997,-46.643414750000005,,,,1,2023-06-20T11:57:23+00:00
SAO_1757-10,São Paulo,3550308,True,,548,,,-23.47937675,-46.63257825,,,,1,2023-06-20T11:57:13+00:00
SAO_6050-10,São Paulo,3550308,True,,1225,,,-23.7433635,-46.6916115,,,,1,2023-06-20T11:57:24+00:00
SAO_6050-10,São Paulo,3550308,True,,1225,,,-23.750700000000002,-46.688210999999995,,,,1,2023-06-20T11:57:37+00:00
SAO_6262-10,São Paulo,3550308,True,,34139,,,-23.53212425,-46.729811749999996,,,,2,2023-06-20T11:57:20+00:00
SAO_6262-10,São Paulo,3550308,True,,34139,,,-23.5792755,-46.677097,,,,2,2023-06-20T11:57:32+00:00
SAO_6262-10,São Paulo,3550308,True,,34139,,,-23.5589715,-46.6974695,,,,2,2023-06-20T11:57:26+00:00
SAO_6262-10,São Paulo,3550308,True,,34139,,,-23.530085375,-46.731711000000004,,,,2,2023-06-20T11:57:15+00:00
SAO_5131-10,São Paulo,3550308,True,,34050,,,-23.580224,-46.663450999999995,,,,2,2023-06-20T11:57:31+00:00
SAO_5131-10,São Paulo,3550308,True,,34050,,,-23.662461999999998,-46.669380000000004,,,,2,2023-06-20T11:57:21+00:00
SAO_4721-10,São Paulo,3550308,True,,33105,,,-23.621776,-46.62868,,,,2,2023-06-20T11:57:11+00:00
SAO_106A-10,São Paulo,3550308,True,,33284,,,-23.502871,-46.624226,,,,2,2023-06-20T11:57:09+00:00
SAO_106A-10,São Paulo,3550308,True,,33284,,,-23.526656375,-46.63091825000001,,,,2,2023-06-20T11:57:22+00:00
SAO_106A-10,São Paulo,3550308,True,,33284,,,-23.57027475,-46.66202125,,,,2,2023-06-20T11:57:08+00:00
SAO_106A-10,São Paulo,3550308,True,,33284,,,-23.58784975,-46.68348,,,,2,2023-06-20T11:57:18+00:00
SAO_4717-10,São Paulo,3550308,True,EMTU,335,https://moovitapp.com/index/pt-br/transporte_p%C3%BAblico-line-335-Sao_Paulo-242-2038937-36419420-0,5.35,-23.612776,-46.6192025,,,,1,2023-06-20T11:57:13+00:00
SAO_6L02-10,São Paulo,3550308,True,,1178,,,-23.8490755,-46.7504725,,,,1,2023-06-20T11:56:42+00:00
SAO_577T-10,São Paulo,3550308,True,,34059,,,-23.61487275,-46.6384915,,,,2,2023-06-20T11:57:31+00:00
SAO_577T-10,São Paulo,3550308,True,,34059,,,-23.6855415,-46.637704,,,,2,2023-06-20T11:57:32+00:00
SAO_577T-10,São Paulo,3550308,True,,34059,,,-23.6855415,-46.637704,,,,2,2023-06-20T11:57:26+00:00
SAO_577T-10,São Paulo,3550308,True,,34059,,,-23.6868825,-46.6383355,,,,2,2023-06-20T11:54:52+00:00
SAO_778R-10,São Paulo,3550308,True,,33277,,,-23.58537025,-46.763452,,,,2,2023-06-20T11:57:02+00:00
SAO_778R-10,São Paulo,3550308,True,,33277,,,-23.540424,-46.6484015,,,,2,2023-06-20T11:57:02+00:00
SAO_778R-10,São Paulo,3550308,True,,33277,,,-23.585870999999997,-46.8051445,,,,2,2023-06-20T11:57:23+00:00
SAO_5013-31,São Paulo,3550308,True,,35004,,,-23.66470475,-46.679210749999996,,,,2,2023-06-20T11:57:03+00:00
SAO_6049-10,São Paulo,3550308,True,,34077,,,-23.6532175,-46.74036099999999,,,,2,2023-06-20T11:57:20+00:00
SAO_4013-10,São Paulo,3550308,True,,2186,,,-23.6119185,-46.476276999999996,,,,1,2023-06-20T11:57:36+00:00
SAO_4013-10,São Paulo,3550308,True,,2186,,,-23.612228,-46.4762245,,,,1,2023-06-20T11:57:31+00:00
SAO_4013-10,São Paulo,3550308,True,,2186,,,-23.625749,-46.445825,,,,1,2023-06-20T11:56:54+00:00
SAO_4013-10,São Paulo,3550308,True,,2186,,,-23.6197545,-46.46780875,,,,1,2023-06-20T11:57:21+00:00
SAO_1775-10,São Paulo,3550308,True,,638,,,-23.466426499999997,-46.630364,,,,1,2023-06-20T11:56:42+00:00
SAO_6L11-10,São Paulo,3550308,True,,33935,,,-23.8015015,-46.62784,,,,2,2023-06-20T11:57:35+00:00
SAO_6L11-10,São Paulo,3550308,True,,33935,,,-23.801471499999998,-46.628001,,,,2,2023-06-20T11:57:25+00:00
SAO_6L11-10,São Paulo,3550308,True,,33935,,,-23.7618595,-46.655548499999995,,,,2,2023-06-20T11:56:58+00:00
SAO_675G-10,São Paulo,3550308,True,ETT,106,https://moovitapp.com/index/pt-br/transporte_p%C3%BAblico-line-106-Sao_Paulo-242-876373-496508-0,5.3,-23.698757999999998,-46.7007325,,,,1,2023-06-20T11:57:08+00:00
SAO_675G-10,São Paulo,3550308,True,ETT,106,https://moovitapp.com/index/pt-br/transporte_p%C3%BAblico-line-106-Sao_Paulo-242-876373-496508-0,5.3,-23.646357000000002,-46.639497500000004,,,,1,2023-06-20T11:57:14+00:00
SAO_675G-10,São Paulo,3550308,True,ETT,106,https://moovitapp.com/index/pt-br/transporte_p%C3%BAblico-line-106-Sao_Paulo-242-876373-496508-0,5.3,-23.650499500000002,-46.6627455,,,,1,2023-06-20T11:57:09+00:00
SAO_675G-10,São Paulo,3550308,True,ETT,106,https://moovitapp.com/index/pt-br/transporte_p%C3%BAblico-line-106-Sao_Paulo-242-876373-496508-0,5.3,-23.73749875,-46.693042,,,,1,2023-06-20T11:57:21+00:00
SAO_675G-10,São Paulo,3550308,True,ETT,106,https://moovitapp.com/index/pt-br/transporte_p%C3%BAblico-line-106-Sao_Paulo-242-876373-496508-0,5.3,-23.753022,-46.684457,,,,1,2023-06-20T11:57:30+00:00
SAO_372F-10,São Paulo,3550308,True,,33783,,,-23.552103000000002,-46.598889,,,,2,2023-06-20T11:57:03+00:00
SAO_372F-10,São Paulo,3550308,True,,33783,,,-23.552103000000002,-46.598889,,,,2,2023-06-20T11:57:15+00:00
SAO_372F-10,São Paulo,3550308,True,,33783,,,-23.552103000000002,-46.598889,,,,2,2023-06-20T11:57:27+00:00
SAO_6016-41,São Paulo,3550308,True,,34474,,,-23.7374655,-46.6974125,,,,2,2023-06-20T11:57:05+00:00
SAO_6016-41,São Paulo,3550308,True,,34474,,,-23.7654595,-46.6840055,,,,2,2023-06-20T11:57:00+00:00
SAO_6016-41,São Paulo,3550308,True,,34474,,,-23.774839999999998,-46.675741,,,,2,2023-06-20T11:57:23+00:00
SAO_6016-41,São Paulo,3550308,True,,34474,,,-23.736457,-46.695096500000005,,,,2,2023-06-20T11:57:01+00:00
SAO_8549-10,São Paulo,3550308,True,,33348,,,-23.46526,-46.679560499999994,,,,2,2023-06-20T11:57:21+00:00
SAO_8549-10,São Paulo,3550308,True,,33348,,,-23.527727249999998,-46.671215,,,,2,2023-06-20T11:57:32+00:00
SAO_307C-10,São Paulo,3550308,True,,2114,,,-23.518203,-46.3863025,,,,1,2023-06-20T11:57:09+00:00
SAO_307C-10,São Paulo,3550308,True,,2114,,,-23.529117375,-46.47416925,,,,1,2023-06-20T11:56:00+00:00
SAO_307C-10,São Paulo,3550308,True,,2114,,,-23.51828025,-46.3879975,,,,1,2023-06-20T11:57:10+00:00
SAO_307C-10,São Paulo,3550308,True,,2114,,,-23.513456125,-46.39201975,,,,1,2023-06-20T11:56:50+00:00
SAO_307C-10,São Paulo,3550308,True,,2114,,,-23.494658,-46.426776000000004,,,,1,2023-06-20T11:57:16+00:00
SAO_307C-10,São Paulo,3550308,True,,2114,,,-23.5007605,-46.4701065,,,,1,2023-06-20T11:57:12+00:00
SAO_307C-10,São Paulo,3550308,True,,2114,,,-23.5077195,-46.3759845,,,,1,2023-06-20T11:56:57+00:00
SAO_3024-10,São Paulo,3550308,True,,33045,,,-23.5827395,-46.562126500000005,,,,2,2023-06-20T11:57:36+00:00
SAO_6L01-10,São Paulo,3550308,True,,33939,,,-23.765766,-46.716494499999996,,,,2,2023-06-20T11:57:27+00:00
SAO_6L01-10,São Paulo,3550308,True,,33939,,,-23.90679,-46.708217000000005,,,,2,2023-06-20T11:57:38+00:00
SAO_6L01-10,São Paulo,3550308,True,,33939,,,-23.801012999999998,-46.7339515,,,,2,2023-06-20T11:57:22+00:00
SAO_6L01-10,São Paulo,3550308,True,,33939,,,-23.841408,-46.739768,,,,2,2023-06-20T11:57:19+00:00
SAO_930P-10,São Paulo,3550308,True,,2115,,,-23.555131875,-46.65703212499999,,,,1,2023-06-20T11:56:57+00:00
SAO_930P-10,São Paulo,3550308,True,,2115,,,-23.57996325,-46.6851545,,,,1,2023-06-20T11:57:12+00:00
SAO_930P-10,São Paulo,3550308,True,,2115,,,-23.543237750000003,-46.64136375,,,,1,2023-06-20T11:57:13+00:00
SAO_930P-10,São Paulo,3550308,True,,2115,,,-23.565806000000002,-46.7018425,,,,1,2023-06-20T11:57:33+00:00
SAO_809T-10,São Paulo,3550308,True,,35014,,,-23.5577585,-46.7466595,,,,2,2023-06-20T11:57:37+00:00
SAO_809T-10,São Paulo,3550308,True,,35014,,,-23.585870999999997,-46.8051445,,,,2,2023-06-20T11:57:07+00:00
SAO_273G-21,São Paulo,3550308,True,,34621,,,-23.539783999999997,-46.483161,,,,2,2023-06-20T11:56:56+00:00
SAO_273G-21,São Paulo,3550308,True,,34621,,,-23.5401805,-46.483284,,,,2,2023-06-20T11:56:58+00:00
SAO_271F-10,São Paulo,3550308,True,,33451,,,-23.5422765,-46.6159555,,,,2,2023-06-20T11:57:02+00:00
SAO_271F-10,São Paulo,3550308,True,,33451,,,-23.516399,-46.61629,,,,2,2023-06-20T11:57:30+00:00
SAO_271F-10,São Paulo,3550308,True,,33451,,,-23.5154735,-46.60919075,,,,2,2023-06-20T11:55:09+00:00
SAO_5154-10,São Paulo,3550308,True,EMTU,353,https://moovitapp.com/index/pt-br/transporte_p%C3%BAblico-line-353-Sao_Paulo-242-2038937-36419436-0,5.1,-23.654157,-46.710629,,,,1,2023-06-20T11:57:25+00:00
SAO_5154-10,São Paulo,3550308,True,EMTU,353,https://moovitapp.com/index/pt-br/transporte_p%C3%BAblico-line-353-Sao_Paulo-242-2038937-36419436-0,5.1,-23.589728249999997,-46.6513285,,,,1,2023-06-20T11:57:31+00:00
SAO_5154-10,São Paulo,3550308,True,EMTU,353,https://moovitapp.com/index/pt-br/transporte_p%C3%BAblico-line-353-Sao_Paulo-242-2038937-36419436-0,5.1,-23.540619125,-46.638126375,,,,1,2023-06-20T11:57:37+00:00
SAO_5154-10,São Paulo,3550308,True,EMTU,353,https://moovitapp.com/index/pt-br/transporte_p%C3%BAblico-line-353-Sao_Paulo-242-2038937-36419436-0,5.1,-23.6203225,-46.700261,,,,1,2023-06-20T11:57:30+00:00
SAO_6072-23,São Paulo,3550308,True,,34772,,,-23.767727999999998,-46.7167135,,,,2,2023-06-20T11:57:35+00:00
SAO_6826-10,São Paulo,3550308,True,,32784,,,-23.670197,-46.782209,,,,2,2023-06-20T11:57:39+00:00
SAO_2722-10,São Paulo,3550308,True,,33703,,,-23.4905365,-46.49019025,,,,2,2023-06-20T11:57:09+00:00
SAO_2722-10,São Paulo,3550308,True,,33703,,,-23.518513499999997,-46.509496,,,,2,2023-06-20T11:57:01+00:00
SAO_2722-10,São Paulo,3550308,True,,33703,,,-23.49409,-46.4972095,,,,2,2023-06-20T11:56:50+00:00
SAO_2722-10,São Paulo,3550308,True,,33703,,,-23.4905365,-46.49019025,,,,2,2023-06-20T11:57:10+00:00
SAO_107T-10,São Paulo,3550308,True,,33389,,,-23.567616375,-46.6967335,,,,2,2023-06-20T11:57:36+00:00
SAO_107T-10,São Paulo,3550308,True,,33389,,,-23.4810725,-46.603761500000005,,,,2,2023-06-20T11:56:57+00:00
SAO_107T-10,São Paulo,3550308,True,,33389,,,-23.570189999999997,-46.672809,,,,2,2023-06-20T11:57:26+00:00
SAO_2552-10,São Paulo,3550308,True,,32910,,,-23.534944000000003,-46.5797545,,,,2,2023-06-20T11:57:21+00:00
SAO_2552-10,São Paulo,3550308,True,,32910,,,-23.492287,-46.4407255,,,,2,2023-06-20T11:57:03+00:00
SAO_2552-10,São Paulo,3550308,True,,32910,,,-23.549331000000002,-46.6282525,,,,2,2023-06-20T11:57:30+00:00
SAO_2552-10,São Paulo,3550308,True,,32910,,,-23.488757999999997,-46.420981,,,,2,2023-06-20T11:57:23+00:00
SAO_2552-10,São Paulo,3550308,True,,32910,,,-23.4885445,-46.420998999999995,,,,2,2023-06-20T11:56:54+00:00
SAO_2552-10,São Paulo,3550308,True,,32910,,,-23.4903085,-46.417712,,,,2,2023-06-20T11:57:15+00:00
SAO_2552-10,São Paulo,3550308,True,,32910,,,-23.523859,-46.54684,,,,2,2023-06-20T11:56:11+00:00
SAO_1206-10,São Paulo,3550308,True,EMTU,842,https://moovitapp.com/index/pt-br/transporte_p%C3%BAblico-line-842-Sao_Paulo-242-2038937-36419605-0,7.15,-23.515564249999997,-46.587599999999995,,,,1,2023-06-20T11:57:17+00:00
SAO_1206-10,São Paulo,3550308,True,EMTU,842,https://moovitapp.com/index/pt-br/transporte_p%C3%BAblico-line-842-Sao_Paulo-242-2038937-36419605-0,7.15,-23.525511,-46.582731,,,,1,2023-06-20T11:57:17+00:00
SAO_1206-10,São Paulo,3550308,True,EMTU,842,https://moovitapp.com/index/pt-br/transporte_p%C3%BAblico-line-842-Sao_Paulo-242-2038937-36419605-0,7.15,-23.5179445,-46.5767435,,,,1,2023-06-20T11:57:23+00:00
SAO_1206-10,São Paulo,3550308,True,EMTU,842,https://moovitapp.com/index/pt-br/transporte_p%C3%BAblico-line-842-Sao_Paulo-242-2038937-36419605-0,7.15,-23.544650750000002,-46.624855749999995,,,,1,2023-06-20T11:57:02+00:00
SAO_175T-10,São Paulo,3550308,True,,623,,,-23.5350755,-46.6337355,,,,1,2023-06-20T11:57:13+00:00
SAO_175T-10,São Paulo,3550308,True,,623,,,-23.5104885,-46.62510475,,,,1,2023-06-20T11:57:31+00:00
SAO_175T-10,São Paulo,3550308,True,,623,,,-23.653689999999997,-46.6379405,,,,1,2023-06-20T11:57:01+00:00
SAO_175T-10,São Paulo,3550308,True,,623,,,-23.513296,-46.6251845,,,,1,2023-06-20T11:57:12+00:00
SAO_175T-10,São Paulo,3550308,True,,623,,,-23.518088499999998,-46.630359999999996,,,,1,2023-06-20T11:57:34+00:00
SAO_175T-10,São Paulo,3550308,True,,623,,,-23.5755735,-46.641999999999996,,,,1,2023-06-20T11:57:13+00:00
SAO_175T-10,São Paulo,3550308,True,,623,,,-23.653136,-46.6373365,,,,1,2023-06-20T11:57:28+00:00
SAO_175T-10,São Paulo,3550308,True,,623,,,-23.5358959375,-46.6339898125,,,,1,2023-06-20T11:57:20+00:00
SAO_175T-10,São Paulo,3550308,True,,623,,,-23.518277,-46.628647,,,,1,2023-06-20T11:57:28+00:00
SAO_175T-10,São Paulo,3550308,True,,623,,,-23.5518285,-46.6371295,,,,1,2023-06-20T11:57:34+00:00
SAO_175T-10,São Paulo,3550308,True,,623,,,-23.518008000000002,-46.6306555,,,,1,2023-06-20T11:57:23+00:00
SAO_175T-10,São Paulo,3550308,True,,623,,,-23.653267,-46.637658,,,,1,2023-06-20T11:57:22+00:00
SAO_175T-10,São Paulo,3550308,True,,623,,,-23.63820725,-46.6580105,,,,1,2023-06-20T11:57:32+00:00
SAO_3539-10,São Paulo,3550308,True,,33516,,,-23.6008165,-46.399510500000005,,,,2,2023-06-20T11:56:54+00:00
SAO_3539-10,São Paulo,3550308,True,,33516,,,-23.529242500000002,-46.515905000000004,,,,2,2023-06-20T11:57:35+00:00
SAO_3539-10,São Paulo,3550308,True,,33516,,,-23.6008165,-46.399510500000005,,,,2,2023-06-20T11:57:31+00:00
SAO_3539-10,São Paulo,3550308,True,,33516,,,-23.547940500000003,-46.461574999999996,,,,2,2023-06-20T11:57:33+00:00
SAO_3539-10,São Paulo,3550308,True,,33516,,,-23.591161500000002,-46.443856000000004,,,,2,2023-06-20T11:57:37+00:00
SAO_3539-10,São Paulo,3550308,True,,33516,,,-23.58055825,-46.413486750000004,,,,2,2023-06-20T11:57:36+00:00
SAO_172P-10,São Paulo,3550308,True,,858,,,-23.529487500000002,-46.6028515,,,,1,2023-06-20T11:56:43+00:00
SAO_172P-10,São Paulo,3550308,True,,858,,,-23.4398965,-46.570756,,,,1,2023-06-20T11:55:15+00:00
SAO_172P-10,São Paulo,3550308,True,,858,,,-23.439379000000002,-46.5872065,,,,1,2023-06-20T11:57:04+00:00
SAO_172P-10,São Paulo,3550308,True,,858,,,-23.496477749999997,-46.59743625,,,,1,2023-06-20T11:57:26+00:00
SAO_172P-10,São Paulo,3550308,True,,858,,,-23.436752,-46.5663995,,,,1,2023-06-20T11:57:23+00:00
SAO_172P-10,São Paulo,3550308,True,,858,,,-23.468732125000002,-46.578811875,,,,1,2023-06-20T11:57:35+00:00
SAO_172P-10,São Paulo,3550308,True,,858,,,-23.518577,-46.58996512499999,,,,1,2023-06-20T11:56:40+00:00
SAO_172P-10,São Paulo,3550308,True,,858,,,-23.437303,-46.56643425,,,,1,2023-06-20T11:57:16+00:00
SAO_172P-10,São Paulo,3550308,True,,858,,,-23.5424335,-46.5905835,,,,1,2023-06-20T11:57:37+00:00
SAO_2710-10,São Paulo,3550308,True,,924,,,-23.5178395,-46.4861555,,,,1,2023-06-20T11:57:03+00:00
SAO_2710-10,São Paulo,3550308,True,,924,,,-23.521732375,-46.497972,,,,1,2023-06-20T11:57:27+00:00
SAO_2710-10,São Paulo,3550308,True,,924,,,-23.517935125,-46.48118050000001,,,,1,2023-06-20T11:57:13+00:00
SAO_6816-10,São Paulo,3550308,True,BR7 Mobilidade,26,https://moovitapp.com/index/pt-br/transporte_p%C3%BAblico-line-26-Sao_Paulo-242-851856-577923-0,5.75,-23.654044,-46.7630505,,,,1,2023-06-20T11:57:09+00:00
SAO_6816-10,São Paulo,3550308,True,BR7 Mobilidade,26,https://moovitapp.com/index/pt-br/transporte_p%C3%BAblico-line-26-Sao_Paulo-242-851856-577923-0,5.75,-23.651877499999998,-46.7760615,,,,1,2023-06-20T11:57:20+00:00
SAO_7001-10,São Paulo,3550308,True,,34490,,,-23.715442,-46.7732745,,,,2,2023-06-20T11:57:11+00:00
SAO_7001-10,São Paulo,3550308,True,,34490,,,-23.693067,-46.778766,,,,2,2023-06-20T11:57:15+00:00
SAO_7001-10,São Paulo,3550308,True,,34490,,,-23.724525,-46.754613500000005,,,,2,2023-06-20T11:57:01+00:00
SAO_7001-10,São Paulo,3550308,True,,34490,,,-23.7243085,-46.754826,,,,2,2023-06-20T11:57:20+00:00
SAO_7001-10,São Paulo,3550308,True,,34490,,,-23.6797945,-46.768844,,,,2,2023-06-20T11:56:56+00:00
SAO_7001-10,São Paulo,3550308,True,,34490,,,-23.698557,-46.779469000000006,,,,2,2023-06-20T11:56:58+00:00
SAO_7001-10,São Paulo,3550308,True,,34490,,,-23.7282315,-46.761424500000004,,,,2,2023-06-20T11:56:08+00:00
SAO_2551-10,São Paulo,3550308,True,EMTU,141,https://moovitapp.com/index/pt-br/transporte_p%C3%BAblico-line-141-Sao_Paulo-242-2038937-36419292-0,8.15,-23.509272000000003,-46.549723,,,,1,2023-06-20T11:57:11+00:00
SAO_2551-10,São Paulo,3550308,True,EMTU,141,https://moovitapp.com/index/pt-br/transporte_p%C3%BAblico-line-141-Sao_Paulo-242-2038937-36419292-0,8.15,-23.4960135,-46.478229,,,,1,2023-06-20T11:57:00+00:00
SAO_2551-10,São Paulo,3550308,True,EMTU,141,https://moovitapp.com/index/pt-br/transporte_p%C3%BAblico-line-141-Sao_Paulo-242-2038937-36419292-0,8.15,-23.546217,-46.6305745,,,,1,2023-06-20T11:57:23+00:00
SAO_2552-41,São Paulo,3550308,True,,34485,,,-23.4812205,-46.4122305,,,,2,2023-06-20T11:57:18+00:00
SAO_5106-10,São Paulo,3550308,True,,34048,,,-23.551664000000002,-46.6372965,,,,2,2023-06-20T11:57:32+00:00
SAO_5106-10,São Paulo,3550308,True,,34048,,,-23.618129500000002,-46.6392055,,,,2,2023-06-20T11:57:23+00:00
SAO_709G-10,São Paulo,3550308,True,,34788,,,-23.6301995,-46.690188,,,,2,2023-06-20T11:57:14+00:00
SAO_709G-10,São Paulo,3550308,True,,34788,,,-23.6689235,-46.735557,,,,2,2023-06-20T11:57:14+00:00
SAO_3206-10,São Paulo,3550308,True,,34880,,,-23.52687625,-46.554301375,,,,2,2023-06-20T11:57:37+00:00
SAO_3206-10,São Paulo,3550308,True,,34880,,,-23.5329995,-46.543696,,,,2,2023-06-20T11:57:00+00:00
SAO_6046-10,São Paulo,3550308,True,,33991,,,-23.645920249999996,-46.708395624999994,,,,2,2023-06-20T11:57:24+00:00
SAO_6046-10,São Paulo,3550308,True,,33991,,,-23.6422995,-46.740056,,,,2,2023-06-20T11:57:23+00:00
SAO_6804-10,São Paulo,3550308,True,,32798,,,-23.635654000000002,-46.747935999999996,,,,2,2023-06-20T11:57:35+00:00
SAO_6804-10,São Paulo,3550308,True,,32798,,,-23.640235,-46.748059999999995,,,,2,2023-06-20T11:57:10+00:00
SAO_6804-10,São Paulo,3550308,True,,32798,,,-23.643002250000002,-46.735958,,,,2,2023-06-20T11:57:33+00:00
SAO_1738-10,São Paulo,3550308,True,,672,,,-23.4837895,-46.6007975,,,,1,2023-06-20T11:57:16+00:00
SAO_1738-10,São Paulo,3550308,True,,672,,,-23.4811685,-46.5956015,,,,1,2023-06-20T11:57:30+00:00
SAO_1738-10,São Paulo,3550308,True,,33440,,,-23.4955585625,-46.6094846875,,,,2,2023-06-20T11:54:37+00:00
SAO_1738-10,São Paulo,3550308,True,,33440,,,-23.4817055,-46.5899895,,,,2,2023-06-20T11:56:59+00:00
SAO_1738-10,São Paulo,3550308,True,,33440,,,-23.4736905,-46.58086,,,,2,2023-06-20T11:57:00+00:00
SAO_1738-10,São Paulo,3550308,True,,33440,,,-23.4735475,-46.581099,,,,2,2023-06-20T11:56:56+00:00
SAO_1738-10,São Paulo,3550308,True,,33440,,,-23.505204,-46.6217405,,,,2,2023-06-20T11:57:37+00:00
SAO_118C-10,São Paulo,3550308,True,,33287,,,-23.46381325,-46.66751825,,,,2,2023-06-20T11:56:58+00:00
SAO_118C-10,São Paulo,3550308,True,,33287,,,-23.461539000000002,-46.665962,,,,2,2023-06-20T11:57:12+00:00
SAO_118C-10,São Paulo,3550308,True,,33287,,,-23.499039500000002,-46.624944,,,,2,2023-06-20T11:57:24+00:00
SAO_118C-10,São Paulo,3550308,True,,33287,,,-23.454690499999998,-46.66821,,,,2,2023-06-20T11:57:13+00:00
SAO_118C-10,São Paulo,3550308,True,,33287,,,-23.54033175,-46.646415250000004,,,,2,2023-06-20T11:57:37+00:00
SAO_118C-10,São Paulo,3550308,True,,33287,,,-23.457611,-46.6729625,,,,2,2023-06-20T11:57:23+00:00
SAO_5614-10,São Paulo,3550308,True,,34283,,,-23.616398500000003,-46.66089825,,,,2,2023-06-20T11:57:30+00:00
SAO_5614-10,São Paulo,3550308,True,,34283,,,-23.7161725,-46.6255875,,,,2,2023-06-20T11:57:35+00:00
SAO_5614-10,São Paulo,3550308,True,,34283,,,-23.696801999999998,-46.649527,,,,2,2023-06-20T11:57:23+00:00
SAO_637A-25,São Paulo,3550308,True,,1756,,,-23.661071500000002,-46.725635125,,,,1,2023-06-20T11:57:08+00:00
SAO_637A-25,São Paulo,3550308,True,,1756,,,-23.565214249999997,-46.7010625,,,,1,2023-06-20T11:57:11+00:00
SAO_637A-25,São Paulo,3550308,True,,1756,,,-23.672449,-46.7426715,,,,1,2023-06-20T11:56:55+00:00
SAO_637A-25,São Paulo,3550308,True,,1756,,,-23.588017999999998,-46.6904035,,,,1,2023-06-20T11:57:21+00:00
SAO_2290-21,São Paulo,3550308,True,,1881,,,-23.54807875,-46.53864475,,,,1,2023-06-20T11:57:32+00:00
SAO_2290-21,São Paulo,3550308,True,,1881,,,-23.610051,-46.476871,,,,1,2023-06-20T11:57:11+00:00
SAO_2290-21,São Paulo,3550308,True,,1881,,,-23.547039,-46.540972374999996,,,,1,2023-06-20T11:57:26+00:00
SAO_2290-21,São Paulo,3550308,True,,1881,,,-23.5830805,-46.4960065,,,,1,2023-06-20T11:57:25+00:00
SAO_2290-21,São Paulo,3550308,True,,1881,,,-23.610051,-46.476871,,,,1,2023-06-20T11:57:09+00:00
SAO_2290-21,São Paulo,3550308,True,,1881,,,-23.60364525,-46.4816365,,,,1,2023-06-20T11:56:58+00:00
SAO_271A-51,São Paulo,3550308,True,,33471,,,-23.50225,-46.623670000000004,,,,2,2023-06-20T11:57:22+00:00
SAO_271A-51,São Paulo,3550308,True,,33471,,,-23.497451,-46.574927875,,,,2,2023-06-20T11:54:50+00:00
SAO_707A-10,São Paulo,3550308,True,,34758,,,-23.66677825,-46.7230735,,,,2,2023-06-20T11:57:12+00:00
SAO_707A-10,São Paulo,3550308,True,,34758,,,-23.611459500000002,-46.6358635,,,,2,2023-06-20T11:57:13+00:00
SAO_707A-10,São Paulo,3550308,True,,34758,,,-23.611459500000002,-46.6358635,,,,2,2023-06-20T11:57:18+00:00
SAO_707A-10,São Paulo,3550308,True,,34758,,,-23.6905325,-46.774566500000006,,,,2,2023-06-20T11:57:38+00:00
SAO_707A-10,São Paulo,3550308,True,,34758,,,-23.692809,-46.778341,,,,2,2023-06-20T11:57:34+00:00
SAO_6063-10,São Paulo,3550308,True,,1152,,,-23.768084,-46.716452,,,,1,2023-06-20T11:57:39+00:00
SAO_6063-10,São Paulo,3550308,True,,1152,,,-23.78152975,-46.6902575,,,,1,2023-06-20T11:56:55+00:00
SAO_6063-10,São Paulo,3550308,True,,1152,,,-23.7730165,-46.7025605,,,,1,2023-06-20T11:57:04+00:00
SAO_6063-10,São Paulo,3550308,True,,1152,,,-23.783673,-46.6827105,,,,1,2023-06-20T11:57:22+00:00
SAO_6063-10,São Paulo,3550308,True,,1152,,,-23.788955,-46.6895285,,,,1,2023-06-20T11:57:34+00:00
SAO_263C-10,São Paulo,3550308,True,EMTU,252,https://moovitapp.com/index/pt-br/transporte_p%C3%BAblico-line-252-Sao_Paulo-242-2038937-36419363-0,6.8,-23.4847525,-46.429361875,,,,1,2023-06-20T11:57:14+00:00
SAO_263C-10,São Paulo,3550308,True,EMTU,252,https://moovitapp.com/index/pt-br/transporte_p%C3%BAblico-line-252-Sao_Paulo-242-2038937-36419363-0,6.8,-23.521710125000002,-46.4137655,,,,1,2023-06-20T11:57:31+00:00
SAO_263C-10,São Paulo,3550308,True,EMTU,252,https://moovitapp.com/index/pt-br/transporte_p%C3%BAblico-line-252-Sao_Paulo-242-2038937-36419363-0,6.8,-23.542113,-46.418746,,,,1,2023-06-20T11:57:20+00:00
SAO_701U-10,São Paulo,3550308,True,,33425,,,-23.502498000000003,-46.62359549999999,,,,2,2023-06-20T11:57:14+00:00
SAO_701U-10,São Paulo,3550308,True,,33425,,,-23.56408175,-46.6883795,,,,2,2023-06-20T11:57:05+00:00
SAO_573A-10,São Paulo,3550308,True,,34405,,,-23.59768,-46.561724999999996,,,,2,2023-06-20T11:57:35+00:00
SAO_573A-10,São Paulo,3550308,True,,34405,,,-23.594353,-46.578869499999996,,,,2,2023-06-20T11:56:46+00:00
SAO_573A-10,São Paulo,3550308,True,,34405,,,-23.5469055,-46.6063945,,,,2,2023-06-20T11:57:19+00:00
SAO_809T-10,São Paulo,3550308,True,,2246,,,-23.52371125,-46.69773975,,,,1,2023-06-20T11:57:10+00:00
SAO_809T-10,São Paulo,3550308,True,,2246,,,-23.5845,-46.7545205,,,,1,2023-06-20T11:57:14+00:00
SAO_809T-10,São Paulo,3550308,True,,2246,,,-23.53212425,-46.729811749999996,,,,1,2023-06-20T11:57:34+00:00
SAO_2715-10,São Paulo,3550308,True,,928,,,-23.50689225,-46.500558625,,,,1,2023-06-20T11:57:25+00:00
SAO_2715-10,São Paulo,3550308,True,,928,,,-23.5160665,-46.499255000000005,,,,1,2023-06-20T11:57:01+00:00
SAO_2715-10,São Paulo,3550308,True,,928,,,-23.49561,-46.501599,,,,1,2023-06-20T11:57:19+00:00
SAO_2715-10,São Paulo,3550308,True,,928,,,-23.5305685,-46.501547,,,,1,2023-06-20T11:57:21+00:00
SAO_508L-10,São Paulo,3550308,True,EMTU,117,https://moovitapp.com/index/pt-br/transporte_p%C3%BAblico-line-117-Sao_Paulo-242-2038937-36419277-0,4.8,-23.540916000000003,-46.655556499999996,,,,1,2023-06-20T11:57:37+00:00
SAO_508L-10,São Paulo,3550308,True,EMTU,117,https://moovitapp.com/index/pt-br/transporte_p%C3%BAblico-line-117-Sao_Paulo-242-2038937-36419277-0,4.8,-23.5660375,-46.65107437500001,,,,1,2023-06-20T11:56:58+00:00
SAO_4222-10,São Paulo,3550308,True,EMTU,288,https://moovitapp.com/index/pt-br/transporte_p%C3%BAblico-line-288-Sao_Paulo-242-2038937-36419389-0,5.1,-23.614827,-46.512039,,,,1,2023-06-20T11:56:54+00:00
SAO_4222-10,São Paulo,3550308,True,EMTU,288,https://moovitapp.com/index/pt-br/transporte_p%C3%BAblico-line-288-Sao_Paulo-242-2038937-36419389-0,5.1,-23.5817445,-46.591131000000004,,,,1,2023-06-20T11:57:14+00:00
SAO_4222-10,São Paulo,3550308,True,EMTU,288,https://moovitapp.com/index/pt-br/transporte_p%C3%BAblico-line-288-Sao_Paulo-242-2038937-36419389-0,5.1,-23.593733625,-46.544362625000005,,,,1,2023-06-20T11:57:32+00:00
SAO_1018-10,São Paulo,3550308,True,,33600,,,-23.4468225,-46.627283,,,,2,2023-06-20T11:57:14+00:00
SAO_1018-10,São Paulo,3550308,True,,33600,,,-23.469281000000002,-46.616842500000004,,,,2,2023-06-20T11:56:40+00:00
SAO_7016-10,São Paulo,3550308,True,,34886,,,-23.6540465,-46.7115875,,,,2,2023-06-20T11:57:30+00:00
SAO_7016-10,São Paulo,3550308,True,,34886,,,-23.68768025,-46.757180500000004,,,,2,2023-06-20T11:56:45+00:00
SAO_7016-10,São Paulo,3550308,True,,34886,,,-23.6886205,-46.77281625,,,,2,2023-06-20T11:57:01+00:00
SAO_7016-10,São Paulo,3550308,True,,34886,,,-23.688845375,-46.77301675,,,,2,2023-06-20T11:57:17+00:00
SAO_2725-10,São Paulo,3550308,True,,939,,,-23.540045,-46.483149499999996,,,,1,2023-06-20T11:57:30+00:00
SAO_2725-10,São Paulo,3550308,True,,939,,,-23.539009125,-46.481483999999995,,,,1,2023-06-20T11:56:46+00:00
SAO_2725-10,São Paulo,3550308,True,,939,,,-23.507046000000003,-46.4673575,,,,1,2023-06-20T11:57:24+00:00
SAO_2725-10,São Paulo,3550308,True,,939,,,-23.52296975,-46.4702685,,,,1,2023-06-20T11:57:29+00:00
SAO_2725-10,São Paulo,3550308,True,,939,,,-23.540045,-46.483149499999996,,,,1,2023-06-20T11:57:30+00:00
SAO_6258-10,São Paulo,3550308,True,,34000,,,-23.691446499999998,-46.7465235,,,,2,2023-06-20T11:57:29+00:00
SAO_6258-10,São Paulo,3550308,True,,34000,,,-23.6790255,-46.734448,,,,2,2023-06-20T11:57:04+00:00
SAO_6258-10,São Paulo,3550308,True,,34000,,,-23.691457,-46.747071500000004,,,,2,2023-06-20T11:57:20+00:00
SAO_6258-10,São Paulo,3550308,True,,34000,,,-23.659337999999998,-46.705281,,,,2,2023-06-20T11:56:55+00:00
SAO_9784-10,São Paulo,3550308,True,EMTU,827,https://moovitapp.com/index/pt-br/transporte_p%C3%BAblico-line-827-Sao_Paulo-242-2038937-36419596-0,12.1,-23.488124,-46.652035999999995,,,,1,2023-06-20T11:57:35+00:00
SAO_9784-10,São Paulo,3550308,True,EMTU,827,https://moovitapp.com/index/pt-br/transporte_p%C3%BAblico-line-827-Sao_Paulo-242-2038937-36419596-0,12.1,-23.4503535,-46.683854999999994,,,,1,2023-06-20T11:57:06+00:00
SAO_9784-10,São Paulo,3550308,True,EMTU,827,https://moovitapp.com/index/pt-br/transporte_p%C3%BAblico-line-827-Sao_Paulo-242-2038937-36419596-0,12.1,-23.451341,-46.682001,,,,1,2023-06-20T11:57:02+00:00
SAO_9784-10,São Paulo,3550308,True,EMTU,827,https://moovitapp.com/index/pt-br/transporte_p%C3%BAblico-line-827-Sao_Paulo-242-2038937-36419596-0,12.1,-23.513518249999997,-46.66656775,,,,1,2023-06-20T11:57:39+00:00
SAO_9784-10,São Paulo,3550308,True,EMTU,827,https://moovitapp.com/index/pt-br/transporte_p%C3%BAblico-line-827-Sao_Paulo-242-2038937-36419596-0,12.1,-23.475507999999998,-46.664567500000004,,,,1,2023-06-20T11:57:37+00:00
SAO_9784-10,São Paulo,3550308,True,EMTU,827,https://moovitapp.com/index/pt-br/transporte_p%C3%BAblico-line-827-Sao_Paulo-242-2038937-36419596-0,12.1,-23.5244255,-46.666776999999996,,,,1,2023-06-20T11:56:59+00:00
SAO_9784-10,São Paulo,3550308,True,EMTU,827,https://moovitapp.com/index/pt-br/transporte_p%C3%BAblico-line-827-Sao_Paulo-242-2038937-36419596-0,12.1,-23.46623,-46.668721,,,,1,2023-06-20T11:57:17+00:00
SAO_709G-10,São Paulo,3550308,True,,2020,,,-23.6684445,-46.735211500000005,,,,1,2023-06-20T11:57:20+00:00
SAO_709G-10,São Paulo,3550308,True,,2020,,,-23.662225499999998,-46.706393500000004,,,,1,2023-06-20T11:57:11+00:00
SAO_709G-10,São Paulo,3550308,True,,2020,,,-23.616493749999997,-46.68038525,,,,1,2023-06-20T11:57:32+00:00
SAO_709G-10,São Paulo,3550308,True,,2020,,,-23.58503825,-46.6762775,,,,1,2023-06-20T11:57:28+00:00
SAO_5024-10,São Paulo,3550308,True,,1122,,,-23.6941195,-46.65682925,,,,1,2023-06-20T11:57:27+00:00
SAO_5024-10,São Paulo,3550308,True,,1122,,,-23.682299999999998,-46.66776625,,,,1,2023-06-20T11:57:08+00:00
SAO_5024-10,São Paulo,3550308,True,,1122,,,-23.665187000000003,-46.69069275,,,,1,2023-06-20T11:57:27+00:00
SAO_5024-10,São Paulo,3550308,True,,1122,,,-23.664663500000003,-46.69089700000001,,,,1,2023-06-20T11:56:53+00:00
SAO_5024-10,São Paulo,3550308,True,,1122,,,-23.653818,-46.704584,,,,1,2023-06-20T11:57:06+00:00
SAO_701U-10,São Paulo,3550308,True,,657,,,-23.5453825,-46.6440825,,,,1,2023-06-20T11:57:31+00:00
SAO_701U-10,São Paulo,3550308,True,,657,,,-23.51896675,-46.630165000000005,,,,1,2023-06-20T11:57:00+00:00
SAO_701U-10,São Paulo,3550308,True,,657,,,-23.572382,-46.704781,,,,1,2023-06-20T11:57:34+00:00
SAO_701U-10,São Paulo,3550308,True,,657,,,-23.5521175,-46.7315415,,,,1,2023-06-20T11:56:59+00:00
SAO_8544-10,São Paulo,3550308,True,EMTU,430,https://moovitapp.com/index/pt-br/transporte_p%C3%BAblico-line-430-Sao_Paulo-242-2038937-36584270-0,5.2,-23.454593,-46.7421475,,,,1,2023-06-20T11:56:54+00:00
SAO_8544-10,São Paulo,3550308,True,EMTU,430,https://moovitapp.com/index/pt-br/transporte_p%C3%BAblico-line-430-Sao_Paulo-242-2038937-36584270-0,5.2,-23.542839999999998,-46.6362885,,,,1,2023-06-20T11:57:27+00:00
SAO_8544-10,São Paulo,3550308,True,EMTU,430,https://moovitapp.com/index/pt-br/transporte_p%C3%BAblico-line-430-Sao_Paulo-242-2038937-36584270-0,5.2,-23.51456175,-46.70076,,,,1,2023-06-20T11:57:16+00:00
SAO_2769-10,São Paulo,3550308,True,,397,,,-23.493820499999998,-46.405247,,,,1,2023-06-20T11:57:15+00:00
SAO_2769-10,São Paulo,3550308,True,,397,,,-23.494996,-46.451796,,,,1,2023-06-20T11:56:48+00:00
SAO_2769-10,São Paulo,3550308,True,,397,,,-23.5113895,-46.502336,,,,1,2023-06-20T11:57:19+00:00
SAO_2769-10,São Paulo,3550308,True,,397,,,-23.534029999999998,-46.570758624999996,,,,1,2023-06-20T11:57:07+00:00
SAO_9008-41,São Paulo,3550308,True,,876,,,-23.473095,-46.672063,,,,1,2023-06-20T11:57:07+00:00
SAO_8009-31,São Paulo,3550308,True,,1260,,,-23.4474565,-46.754587,,,,1,2023-06-20T11:57:22+00:00
SAO_8009-31,São Paulo,3550308,True,,1260,,,-23.441400625,-46.72146,,,,1,2023-06-20T11:57:21+00:00
SAO_6063-42,São Paulo,3550308,True,,34770,,,-23.809384,-46.6617685,,,,2,2023-06-20T11:57:21+00:00
SAO_6063-42,São Paulo,3550308,True,,34770,,,-23.79261675,-46.68907525,,,,2,2023-06-20T11:57:26+00:00
SAO_6063-42,São Paulo,3550308,True,,34770,,,-23.809403,-46.6612485,,,,2,2023-06-20T11:57:16+00:00
SAO_6063-42,São Paulo,3550308,True,,34770,,,-23.809403,-46.6612485,,,,2,2023-06-20T11:57:20+00:00
SAO_1744-10,São Paulo,3550308,True,,544,,,-23.50367,-46.6263905,,,,1,2023-06-20T11:57:08+00:00
SAO_1744-10,São Paulo,3550308,True,,544,,,-23.476739000000002,-46.636801500000004,,,,1,2023-06-20T11:57:04+00:00
SAO_675K-23,São Paulo,3550308,True,,2018,,,-23.662343874999998,-46.706628,,,,1,2023-06-20T11:57:10+00:00
SAO_675K-23,São Paulo,3550308,True,,2018,,,-23.6772845,-46.759229000000005,,,,1,2023-06-20T11:57:24+00:00
SAO_675K-23,São Paulo,3550308,True,,2018,,,-23.669815749999998,-46.73685449999999,,,,1,2023-06-20T11:57:20+00:00
SAO_2583-10,São Paulo,3550308,True,EMTU,375,https://moovitapp.com/index/pt-br/transporte_p%C3%BAblico-line-375-Sao_Paulo-242-2038937-36419449-0,11.7,-23.491076,-46.4458105,,,,1,2023-06-20T11:57:24+00:00
SAO_2583-10,São Paulo,3550308,True,EMTU,375,https://moovitapp.com/index/pt-br/transporte_p%C3%BAblico-line-375-Sao_Paulo-242-2038937-36419449-0,11.7,-23.521054,-46.525456500000004,,,,1,2023-06-20T11:57:23+00:00
SAO_271C-10,São Paulo,3550308,True,STT,682,https://moovitapp.com/index/pt-br/transporte_p%C3%BAblico-line-682-Sao_Paulo-242-850661-183336-0,5.3,-23.49646525,-46.5862415,,,,1,2023-06-20T11:57:37+00:00
SAO_271C-10,São Paulo,3550308,True,STT,682,https://moovitapp.com/index/pt-br/transporte_p%C3%BAblico-line-682-Sao_Paulo-242-850661-183336-0,5.3,-23.512245,-46.62514875,,,,1,2023-06-20T11:57:16+00:00
SAO_271C-10,São Paulo,3550308,True,STT,682,https://moovitapp.com/index/pt-br/transporte_p%C3%BAblico-line-682-Sao_Paulo-242-850661-183336-0,5.3,-23.5335615,-46.644628250000004,,,,1,2023-06-20T11:57:33+00:00
SAO_745M-10,São Paulo,3550308,True,,782,,,-23.672110250000003,-46.78085299999999,,,,1,2023-06-20T11:57:18+00:00
SAO_745M-10,São Paulo,3550308,True,,782,,,-23.6616725,-46.768751,,,,1,2023-06-20T11:57:18+00:00
SAO_745M-10,São Paulo,3550308,True,,782,,,-23.630615499999998,-46.768413,,,,1,2023-06-20T11:57:23+00:00
SAO_745M-10,São Paulo,3550308,True,,782,,,-23.630615499999998,-46.768413,,,,1,2023-06-20T11:57:30+00:00
SAO_745M-10,São Paulo,3550308,True,,782,,,-23.6384965,-46.779754499999996,,,,1,2023-06-20T11:57:33+00:00
SAO_745M-10,São Paulo,3550308,True,,782,,,-23.6670765,-46.7837045,,,,1,2023-06-20T11:57:23+00:00
SAO_745M-10,São Paulo,3550308,True,,782,,,-23.669522,-46.735257,,,,1,2023-06-20T11:57:25+00:00
SAO_745M-10,São Paulo,3550308,True,,782,,,-23.669901,-46.7351965,,,,1,2023-06-20T11:57:18+00:00
SAO_745M-10,São Paulo,3550308,True,,782,,,-23.679721375,-46.696028,,,,1,2023-06-20T11:57:03+00:00
SAO_8029-10,São Paulo,3550308,True,,35308,,,-23.615777,-46.7468,,,,2,2023-06-20T11:57:05+00:00
SAO_8029-10,São Paulo,3550308,True,,35308,,,-23.583383499999997,-46.7244175,,,,2,2023-06-20T11:57:38+00:00
SAO_8029-10,São Paulo,3550308,True,,35308,,,-23.585445,-46.724078,,,,2,2023-06-20T11:56:56+00:00
SAO_8029-10,São Paulo,3550308,True,,35308,,,-23.604368,-46.725131,,,,2,2023-06-20T11:56:59+00:00
SAO_8029-10,São Paulo,3550308,True,,35308,,,-23.6156275,-46.746594,,,,2,2023-06-20T11:57:00+00:00
SAO_576M-10,São Paulo,3550308,True,,604,,,-23.631728,-46.6465045,,,,1,2023-06-20T11:57:38+00:00
SAO_576M-10,São Paulo,3550308,True,,604,,,-23.591364499999997,-46.681032,,,,1,2023-06-20T11:57:22+00:00
SAO_576M-10,São Paulo,3550308,True,,604,,,-23.617977875,-46.66834325000001,,,,1,2023-06-20T11:57:29+00:00
SAO_576M-10,São Paulo,3550308,True,,604,,,-23.660913375,-46.637010124999996,,,,1,2023-06-20T11:57:35+00:00
SAO_775P-10,São Paulo,3550308,True,EMTU,507,https://moovitapp.com/index/pt-br/transporte_p%C3%BAblico-line-507-Sao_Paulo-242-2038937-36419529-0,5.65,-23.5871725,-46.7256855,,,,1,2023-06-20T11:57:38+00:00
SAO_775P-10,São Paulo,3550308,True,EMTU,507,https://moovitapp.com/index/pt-br/transporte_p%C3%BAblico-line-507-Sao_Paulo-242-2038937-36419529-0,5.65,-23.576596,-46.641059999999996,,,,1,2023-06-20T11:57:38+00:00
SAO_775P-10,São Paulo,3550308,True,EMTU,507,https://moovitapp.com/index/pt-br/transporte_p%C3%BAblico-line-507-Sao_Paulo-242-2038937-36419529-0,5.65,-23.5966305,-46.7682735,,,,1,2023-06-20T11:57:10+00:00
SAO_8016-10,São Paulo,3550308,True,,1346,,,-23.44866375,-46.71702125,,,,1,2023-06-20T11:57:29+00:00
SAO_8016-10,São Paulo,3550308,True,,1346,,,-23.4721695,-46.7252545,,,,1,2023-06-20T11:57:05+00:00
SAO_8016-10,São Paulo,3550308,True,,1346,,,-23.436406499999997,-46.72841125,,,,1,2023-06-20T11:57:32+00:00
SAO_8016-10,São Paulo,3550308,True,,1346,,,-23.436176,-46.717684625000004,,,,1,2023-06-20T11:57:05+00:00
SAO_8016-10,São Paulo,3550308,True,,1346,,,-23.485447999999998,-46.725504,,,,1,2023-06-20T11:57:33+00:00
SAO_3746-31,São Paulo,3550308,True,,34865,,,-23.594203999999998,-46.502838,,,,2,2023-06-20T11:57:06+00:00
SAO_3712-51,São Paulo,3550308,True,,35273,,,-23.55940725,-46.422336875,,,,2,2023-06-20T11:57:14+00:00
SAO_3712-51,São Paulo,3550308,True,,35273,,,-23.559214750000002,-46.42250812499999,,,,2,2023-06-20T11:57:09+00:00
SAO_3712-51,São Paulo,3550308,True,,35273,,,-23.541853,-46.470214,,,,2,2023-06-20T11:57:37+00:00
SAO_3712-51,São Paulo,3550308,True,,35273,,,-23.5508145,-46.431132500000004,,,,2,2023-06-20T11:57:25+00:00
SAO_7050-10,São Paulo,3550308,True,,1884,,,-23.631701,-46.7721875,,,,1,2023-06-20T11:57:32+00:00
SAO_7050-10,São Paulo,3550308,True,,1884,,,-23.659013,-46.7747345,,,,1,2023-06-20T11:57:29+00:00
SAO_6061-10,São Paulo,3550308,True,,33918,,,-23.737535875,-46.69596824999999,,,,2,2023-06-20T11:57:21+00:00
SAO_6061-10,São Paulo,3550308,True,,33918,,,-23.753557999999998,-46.688295,,,,2,2023-06-20T11:57:10+00:00
SAO_5164-10,São Paulo,3550308,True,,1283,,,-23.651685,-46.654404,,,,1,2023-06-20T11:57:26+00:00
SAO_5164-10,São Paulo,3550308,True,,1283,,,-23.6527965,-46.658182749999995,,,,1,2023-06-20T11:57:24+00:00
SAO_5164-10,São Paulo,3550308,True,,1283,,,-23.597880250000003,-46.649058,,,,1,2023-06-20T11:57:33+00:00
SAO_5164-10,São Paulo,3550308,True,,1283,,,-23.6431975,-46.6622785,,,,1,2023-06-20T11:57:35+00:00
SAO_5164-10,São Paulo,3550308,True,,1283,,,-23.6304745,-46.646755999999996,,,,1,2023-06-20T11:57:02+00:00
SAO_2025-10,São Paulo,3550308,True,,2267,,,-23.4507355,-46.57235675,,,,1,2023-06-20T11:57:31+00:00
SAO_2025-10,São Paulo,3550308,True,,2267,,,-23.46257925,-46.585494249999996,,,,1,2023-06-20T11:57:35+00:00
SAO_2025-10,São Paulo,3550308,True,,2267,,,-23.502817,-46.6238575,,,,1,2023-06-20T11:57:16+00:00
SAO_2025-10,São Paulo,3550308,True,,2267,,,-23.484054,-46.607401499999995,,,,1,2023-06-20T11:57:37+00:00
SAO_5110-41,São Paulo,3550308,True,,34978,,,-23.582402,-46.562472750000005,,,,2,2023-06-20T11:57:26+00:00
SAO_975A-10,São Paulo,3550308,True,,33357,,,-23.468484500000002,-46.696687999999995,,,,2,2023-06-20T11:57:14+00:00
SAO_975A-10,São Paulo,3550308,True,,33357,,,-23.56181025,-46.655956,,,,2,2023-06-20T11:57:10+00:00
SAO_8300-10,São Paulo,3550308,True,,1264,,,-23.490379,-46.710350250000005,,,,1,2023-06-20T11:57:36+00:00
SAO_4221-10,São Paulo,3550308,True,,325,,,-23.5901755,-46.5521255,,,,1,2023-06-20T11:57:14+00:00
SAO_4221-10,São Paulo,3550308,True,,325,,,-23.5845445,-46.584295,,,,1,2023-06-20T11:57:29+00:00
SAO_4221-10,São Paulo,3550308,True,,325,,,-23.5460165,-46.6301705,,,,1,2023-06-20T11:57:14+00:00
SAO_746V-10,São Paulo,3550308,True,,33560,,,-23.639355,-46.7667295,,,,2,2023-06-20T11:57:09+00:00
SAO_746V-10,São Paulo,3550308,True,,33560,,,-23.62296475,-46.753889,,,,2,2023-06-20T11:57:08+00:00
SAO_746V-10,São Paulo,3550308,True,,33560,,,-23.62274625,-46.754206999999994,,,,2,2023-06-20T11:56:59+00:00
SAO_746V-10,São Paulo,3550308,True,,33560,,,-23.6409765,-46.755905999999996,,,,2,2023-06-20T11:57:05+00:00
SAO_746V-10,São Paulo,3550308,True,,33560,,,-23.6440425,-46.764281,,,,2,2023-06-20T11:57:05+00:00
SAO_2088-10,São Paulo,3550308,True,EMTU,372,https://moovitapp.com/index/pt-br/transporte_p%C3%BAblico-line-372-Sao_Paulo-242-2038937-36419447-0,4.9,-23.4851015,-46.3788435,,,,1,2023-06-20T11:57:37+00:00
SAO_2088-10,São Paulo,3550308,True,EMTU,372,https://moovitapp.com/index/pt-br/transporte_p%C3%BAblico-line-372-Sao_Paulo-242-2038937-36419447-0,4.9,-23.49474575,-46.4130995,,,,1,2023-06-20T11:56:55+00:00
SAO_971R-21,São Paulo,3550308,True,,615,,,-23.453288999999998,-46.696926,,,,1,2023-06-20T11:57:12+00:00
SAO_971R-21,São Paulo,3550308,True,,615,,,-23.486525999999998,-46.652877000000004,,,,1,2023-06-20T11:57:25+00:00
SAO_971R-21,São Paulo,3550308,True,,615,,,-23.459438249999998,-46.688077250000006,,,,1,2023-06-20T11:56:53+00:00
SAO_775V-10,São Paulo,3550308,True,,475,,,-23.57052025,-46.740472499999996,,,,1,2023-06-20T11:57:10+00:00
SAO_775V-10,São Paulo,3550308,True,,475,,,-23.5853895,-46.68170825,,,,1,2023-06-20T11:57:13+00:00
SAO_5035-10,São Paulo,3550308,True,,1668,,,-23.631518999999997,-46.58502,,,,1,2023-06-20T11:57:03+00:00
SAO_5035-10,São Paulo,3550308,True,,1668,,,-23.636195999999998,-46.5934805,,,,1,2023-06-20T11:56:57+00:00
SAO_5035-10,São Paulo,3550308,True,,1668,,,-23.6217235,-46.594804999999994,,,,1,2023-06-20T11:56:57+00:00
SAO_5035-10,São Paulo,3550308,True,,1668,,,-23.602926,-46.6020545,,,,1,2023-06-20T11:57:16+00:00
SAO_5290-10,São Paulo,3550308,True,,33365,,,-23.681323,-46.635135000000005,,,,2,2023-06-20T11:57:02+00:00
SAO_5290-10,São Paulo,3550308,True,,33365,,,-23.680852,-46.636013000000005,,,,2,2023-06-20T11:57:05+00:00
SAO_5290-10,São Paulo,3550308,True,,33365,,,-23.5715805,-46.6398705,,,,2,2023-06-20T11:57:25+00:00
SAO_5290-10,São Paulo,3550308,True,,33365,,,-23.5469355,-46.630097,,,,2,2023-06-20T11:57:32+00:00
SAO_5290-10,São Paulo,3550308,True,,33365,,,-23.628309125,-46.644409875,,,,2,2023-06-20T11:57:16+00:00
SAO_407I-10,São Paulo,3550308,True,,34990,,,-23.5431125,-46.48502825,,,,2,2023-06-20T11:57:20+00:00
SAO_407I-10,São Paulo,3550308,True,,34990,,,-23.549634499999996,-46.484168999999994,,,,2,2023-06-20T11:57:31+00:00
SAO_6L05-10,São Paulo,3550308,True,,33941,,,-23.8738265,-46.649797500000005,,,,2,2023-06-20T11:53:13+00:00
SAO_6L05-10,São Paulo,3550308,True,,33941,,,-23.8685295,-46.677899,,,,2,2023-06-20T11:52:18+00:00
SAO_6L05-10,São Paulo,3550308,True,,33941,,,-23.848721,-46.7138245,,,,2,2023-06-20T11:56:53+00:00
SAO_4006-10,São Paulo,3550308,True,,2180,,,-23.596856,-46.436479,,,,1,2023-06-20T11:57:23+00:00
SAO_4006-10,São Paulo,3550308,True,,2180,,,-23.596556999999997,-46.436647,,,,1,2023-06-20T11:57:36+00:00
SAO_4006-10,São Paulo,3550308,True,,2180,,,-23.613892,-46.4322975,,,,1,2023-06-20T11:57:29+00:00
SAO_4006-10,São Paulo,3550308,True,,2180,,,-23.596856,-46.436479,,,,1,2023-06-20T11:57:04+00:00
SAO_477U-10,São Paulo,3550308,True,,306,,,-23.5894045,-46.634211,,,,1,2023-06-20T11:57:32+00:00
SAO_477U-10,São Paulo,3550308,True,,306,,,-23.59636625,-46.602049,,,,1,2023-06-20T11:57:35+00:00
SAO_3735-10,São Paulo,3550308,True,,1035,,,-23.540855999999998,-46.4849405,,,,1,2023-06-20T11:57:05+00:00
SAO_6118-10,São Paulo,3550308,True,,33956,,,-23.752415999999997,-46.70257425,,,,2,2023-06-20T11:57:37+00:00
SAO_6118-10,São Paulo,3550308,True,,33956,,,-23.670868374999998,-46.7129125,,,,2,2023-06-20T11:57:31+00:00
SAO_6118-10,São Paulo,3550308,True,,33956,,,-23.7178275,-46.705374500000005,,,,2,2023-06-20T11:57:32+00:00
SAO_6118-10,São Paulo,3550308,True,,33956,,,-23.7447105,-46.70353525,,,,2,2023-06-20T11:57:14+00:00
SAO_5034-10,São Paulo,3550308,True,,34431,,,-23.644819,-46.5971355,,,,2,2023-06-20T11:57:15+00:00
SAO_5034-10,São Paulo,3550308,True,,34431,,,-23.6530245,-46.602299,,,,2,2023-06-20T11:57:25+00:00
SAO_627J-10,São Paulo,3550308,True,,34824,,,-23.678395000000002,-46.6389765,,,,2,2023-06-20T11:57:27+00:00
SAO_627J-10,São Paulo,3550308,True,,34824,,,-23.6812385,-46.633822499999994,,,,2,2023-06-20T11:56:58+00:00
SAO_627J-10,São Paulo,3550308,True,,34824,,,-23.659473499999997,-46.63652975,,,,2,2023-06-20T11:57:00+00:00
SAO_627J-10,São Paulo,3550308,True,,34824,,,-23.675629999999998,-46.6338195,,,,2,2023-06-20T11:57:04+00:00
SAO_9002-10,São Paulo,3550308,True,,870,,,-23.4579405,-46.6705775,,,,1,2023-06-20T11:57:07+00:00
SAO_9002-10,São Paulo,3550308,True,,870,,,-23.456415,-46.667734499999995,,,,1,2023-06-20T11:57:07+00:00
SAO_9002-10,São Paulo,3550308,True,,870,,,-23.458007000000002,-46.6708255,,,,1,2023-06-20T11:57:30+00:00
SAO_476A-10,São Paulo,3550308,True,,304,,,-23.60221225,-46.609783750000005,,,,1,2023-06-20T11:57:34+00:00
SAO_476A-10,São Paulo,3550308,True,,304,,,-23.618878,-46.662319,,,,1,2023-06-20T11:57:12+00:00
SAO_476A-10,São Paulo,3550308,True,,304,,,-23.577993499999998,-46.6019005,,,,1,2023-06-20T11:56:58+00:00
SAO_476A-10,São Paulo,3550308,True,,304,,,-23.650494000000002,-46.7072335,,,,1,2023-06-20T11:57:11+00:00
SAO_5026-10,São Paulo,3550308,True,,34403,,,-23.620425,-46.50976,,,,2,2023-06-20T11:53:52+00:00
SAO_6358-10,São Paulo,3550308,True,,1294,,,-23.5906755,-46.650822500000004,,,,1,2023-06-20T11:57:32+00:00
SAO_6358-10,São Paulo,3550308,True,,1294,,,-23.6076595,-46.665926999999996,,,,1,2023-06-20T11:57:33+00:00
SAO_6358-10,São Paulo,3550308,True,,1294,,,-23.559336,-46.654204750000005,,,,1,2023-06-20T11:57:18+00:00
SAO_6358-10,São Paulo,3550308,True,,1294,,,-23.667998,-46.651894999999996,,,,1,2023-06-20T11:57:08+00:00
SAO_6358-10,São Paulo,3550308,True,,1294,,,-23.682105999999997,-46.636607,,,,1,2023-06-20T11:57:28+00:00
SAO_6358-10,São Paulo,3550308,True,,1294,,,-23.650395875,-46.669743,,,,1,2023-06-20T11:57:04+00:00
SAO_172K-10,São Paulo,3550308,True,,33625,,,-23.480579,-46.600464,,,,2,2023-06-20T11:56:56+00:00
SAO_172K-10,São Paulo,3550308,True,,33625,,,-23.516265,-46.587981,,,,2,2023-06-20T11:57:33+00:00
SAO_172K-10,São Paulo,3550308,True,,33625,,,-23.456327,-46.5947025,,,,2,2023-06-20T11:56:58+00:00
SAO_172K-10,São Paulo,3550308,True,,33625,,,-23.5398785,-46.577164499999995,,,,2,2023-06-20T11:57:39+00:00
SAO_1156-10,São Paulo,3550308,True,,33427,,,-23.519664,-46.618011499999994,,,,2,2023-06-20T11:57:33+00:00
SAO_1156-10,São Paulo,3550308,True,,33427,,,-23.515634249999998,-46.587492749999996,,,,2,2023-06-20T11:57:26+00:00
SAO_1156-10,São Paulo,3550308,True,,33427,,,-23.487218,-46.568332,,,,2,2023-06-20T11:56:56+00:00
SAO_1156-10,São Paulo,3550308,True,,33427,,,-23.4874285,-46.568459749999995,,,,2,2023-06-20T11:57:33+00:00
SAO_2123-10,São Paulo,3550308,True,,33460,,,-23.529330124999998,-46.614175125,,,,2,2023-06-20T11:57:09+00:00
SAO_2123-10,São Paulo,3550308,True,,33460,,,-23.4886805,-46.582163,,,,2,2023-06-20T11:57:06+00:00
SAO_4724-10,São Paulo,3550308,True,,34828,,,-23.534084,-46.5067395,,,,2,2023-06-20T11:57:38+00:00
SAO_4724-10,São Paulo,3550308,True,,34828,,,-23.530963,-46.502753,,,,2,2023-06-20T11:57:22+00:00
SAO_4021-10,São Paulo,3550308,True,,35316,,,-23.542792499999997,-46.470580999999996,,,,2,2023-06-20T11:57:27+00:00
SAO_4021-10,São Paulo,3550308,True,,35316,,,-23.554508249999998,-46.454671125000004,,,,2,2023-06-20T11:57:30+00:00
SAO_4021-10,São Paulo,3550308,True,,35316,,,-23.542711,-46.470101,,,,2,2023-06-20T11:57:01+00:00
SAO_4021-10,São Paulo,3550308,True,,35316,,,-23.561911125,-46.4491035,,,,2,2023-06-20T11:57:31+00:00
SAO_4021-10,São Paulo,3550308,True,,35316,,,-23.5455855,-46.460912500000006,,,,2,2023-06-20T11:57:13+00:00
SAO_4021-10,São Paulo,3550308,True,,35316,,,-23.5427825,-46.470522,,,,2,2023-06-20T11:57:26+00:00
SAO_4717-10,São Paulo,3550308,True,,33103,,,-23.6371605,-46.595395999999994,,,,2,2023-06-20T11:57:15+00:00
SAO_3756-10,São Paulo,3550308,True,,1050,,,-23.5425595,-46.469581500000004,,,,1,2023-06-20T11:57:31+00:00
SAO_3756-10,São Paulo,3550308,True,,1050,,,-23.591324,-46.389072,,,,1,2023-06-20T11:57:11+00:00
SAO_3756-10,São Paulo,3550308,True,,1050,,,-23.5705685,-46.3973825,,,,1,2023-06-20T11:57:23+00:00
SAO_3756-10,São Paulo,3550308,True,,1050,,,-23.591324,-46.389072,,,,1,2023-06-20T11:57:00+00:00
SAO_3756-10,São Paulo,3550308,True,,1050,,,-23.542243,-46.4699735,,,,1,2023-06-20T11:55:40+00:00
SAO_3756-10,São Paulo,3550308,True,,1050,,,-23.5714175,-46.395554000000004,,,,1,2023-06-20T11:57:36+00:00
SAO_408A-10,São Paulo,3550308,True,,766,,,-23.579777,-46.632999,,,,1,2023-06-20T11:57:17+00:00
SAO_408A-10,São Paulo,3550308,True,,766,,,-23.5440265,-46.67212325,,,,1,2023-06-20T11:57:06+00:00
SAO_408A-10,São Paulo,3550308,True,,766,,,-23.551139999999997,-46.632251499999995,,,,1,2023-06-20T11:56:56+00:00
SAO_3098-10,São Paulo,3550308,True,,33846,,,-23.5991515,-46.485439875,,,,2,2023-06-20T11:57:37+00:00
SAO_3098-10,São Paulo,3550308,True,,33846,,,-23.63781975,-46.463296,,,,2,2023-06-20T11:56:58+00:00
SAO_3098-10,São Paulo,3550308,True,,33846,,,-23.566259000000002,-46.507381,,,,2,2023-06-20T11:57:33+00:00
SAO_3098-10,São Paulo,3550308,True,,33846,,,-23.623746750000002,-46.4647255,,,,2,2023-06-20T11:57:19+00:00
SAO_3098-10,São Paulo,3550308,True,,33846,,,-23.63146325,-46.456264,,,,2,2023-06-20T11:56:55+00:00
SAO_3098-10,São Paulo,3550308,True,,33846,,,-23.6129255,-46.4725275,,,,2,2023-06-20T11:57:08+00:00
SAO_7281-10,São Paulo,3550308,True,,34102,,,-23.543237750000003,-46.64136375,,,,2,2023-06-20T11:57:30+00:00
SAO_272N-10,São Paulo,3550308,True,,33473,,,-23.511872,-46.563117500000004,,,,2,2023-06-20T11:57:03+00:00
SAO_272N-10,São Paulo,3550308,True,,33473,,,-23.547027,-46.630752,,,,2,2023-06-20T11:57:22+00:00
SAO_272N-10,São Paulo,3550308,True,,33473,,,-23.513143,-46.580799999999996,,,,2,2023-06-20T11:55:47+00:00
SAO_3762-10,São Paulo,3550308,True,,33821,,,-23.586439499999997,-46.51765825,,,,2,2023-06-20T11:57:30+00:00
SAO_3762-10,São Paulo,3550308,True,,33821,,,-23.5547865,-46.5534275,,,,2,2023-06-20T11:57:10+00:00
SAO_3762-10,São Paulo,3550308,True,,33821,,,-23.5909755,-46.5166185,,,,2,2023-06-20T11:57:30+00:00
SAO_3762-10,São Paulo,3550308,True,,33821,,,-23.5437345,-46.5620645,,,,2,2023-06-20T11:57:10+00:00
SAO_3762-10,São Paulo,3550308,True,,33821,,,-23.5711865,-46.537881999999996,,,,2,2023-06-20T11:56:39+00:00
SAO_3762-10,São Paulo,3550308,True,,33821,,,-23.5909755,-46.5166185,,,,2,2023-06-20T11:57:38+00:00
SAO_5106-31,São Paulo,3550308,True,,1305,,,-23.61916925,-46.6479185,,,,1,2023-06-20T11:57:36+00:00
SAO_5106-31,São Paulo,3550308,True,,1305,,,-23.6920295,-46.644213500000006,,,,1,2023-06-20T11:57:23+00:00
SAO_5106-31,São Paulo,3550308,True,,1305,,,-23.649404,-46.6404125,,,,1,2023-06-20T11:57:32+00:00
SAO_748A-41,São Paulo,3550308,True,,33267,,,-23.597096,-46.7681435,,,,2,2023-06-20T11:57:29+00:00
SAO_809J-10,São Paulo,3550308,True,,34834,,,-23.5941975,-46.731233,,,,2,2023-06-20T11:57:19+00:00
SAO_6075-10,São Paulo,3550308,True,,1162,,,-23.7934825,-46.729563999999996,,,,1,2023-06-20T11:57:30+00:00
SAO_6075-10,São Paulo,3550308,True,,1162,,,-23.7705305,-46.7172765,,,,1,2023-06-20T11:57:15+00:00
SAO_6022-10,São Paulo,3550308,True,,1207,,,-23.7013485,-46.7818795,,,,1,2023-06-20T11:57:03+00:00
SAO_6022-10,São Paulo,3550308,True,,1207,,,-23.712894499999997,-46.781813,,,,1,2023-06-20T11:57:37+00:00
SAO_702U-10,São Paulo,3550308,True,,1330,,,-23.552386499999997,-46.7320775,,,,1,2023-06-20T11:57:13+00:00
SAO_702U-10,São Paulo,3550308,True,,1330,,,-23.547456,-46.6400205,,,,1,2023-06-20T11:57:25+00:00
SAO_702U-10,São Paulo,3550308,True,,1330,,,-23.569505,-46.68763475,,,,1,2023-06-20T11:57:26+00:00
SAO_702U-10,São Paulo,3550308,True,,1330,,,-23.5662345,-46.738654499999996,,,,1,2023-06-20T11:56:57+00:00
SAO_3901-10,São Paulo,3550308,True,,1469,,,-23.512431,-46.516271,,,,1,2023-06-20T11:56:53+00:00
SAO_3901-10,São Paulo,3550308,True,,1469,,,-23.532959499999997,-46.543440000000004,,,,1,2023-06-20T11:57:15+00:00
SAO_2721-10,São Paulo,3550308,True,,33702,,,-23.511785,-46.443619999999996,,,,2,2023-06-20T11:57:27+00:00
SAO_2721-10,São Paulo,3550308,True,,33702,,,-23.535912500000002,-46.45454,,,,2,2023-06-20T11:57:23+00:00
SAO_2721-10,São Paulo,3550308,True,,33702,,,-23.49476,-46.4274755,,,,2,2023-06-20T11:57:30+00:00
SAO_2721-10,São Paulo,3550308,True,,33702,,,-23.52278225,-46.40797125,,,,2,2023-06-20T11:57:36+00:00
SAO_2721-10,São Paulo,3550308,True,,33702,,,-23.520301,-46.4005855,,,,2,2023-06-20T11:56:57+00:00
SAO_6003-10,São Paulo,3550308,True,,1472,,,-23.7651775,-46.717553,,,,1,2023-06-20T11:57:07+00:00
SAO_6003-10,São Paulo,3550308,True,,1472,,,-23.767516,-46.7165655,,,,1,2023-06-20T11:57:32+00:00
SAO_6003-10,São Paulo,3550308,True,,1472,,,-23.728143000000003,-46.699055,,,,1,2023-06-20T11:57:00+00:00
SAO_4312-10,São Paulo,3550308,True,,2172,,,-23.5673125,-46.4949905,,,,1,2023-06-20T11:57:12+00:00
SAO_4312-10,São Paulo,3550308,True,,2172,,,-23.548488,-46.498050500000005,,,,1,2023-06-20T11:57:13+00:00
SAO_4312-10,São Paulo,3550308,True,,2172,,,-23.559175,-46.495471,,,,1,2023-06-20T11:57:32+00:00
SAO_4312-10,São Paulo,3550308,True,,2172,,,-23.551298250000002,-46.608864499999996,,,,1,2023-06-20T11:57:22+00:00
SAO_4312-10,São Paulo,3550308,True,,2172,,,-23.537846000000002,-46.5169415,,,,1,2023-06-20T11:56:56+00:00
SAO_4312-10,São Paulo,3550308,True,,2172,,,-23.543077,-46.628094000000004,,,,1,2023-06-20T11:57:32+00:00
SAO_4312-10,São Paulo,3550308,True,,2172,,,-23.534845,-46.548697000000004,,,,1,2023-06-20T11:57:15+00:00
SAO_3721-10,São Paulo,3550308,True,,33787,,,-23.55034,-46.487737249999995,,,,2,2023-06-20T11:57:09+00:00
SAO_3721-10,São Paulo,3550308,True,,33787,,,-23.565257,-46.4923745,,,,2,2023-06-20T11:57:20+00:00
SAO_3721-10,São Paulo,3550308,True,,33787,,,-23.564287,-46.50465749999999,,,,2,2023-06-20T11:57:10+00:00
SAO_8026-10,São Paulo,3550308,True,,34851,,,-23.6222535,-46.75493,,,,2,2023-06-20T11:57:02+00:00
SAO_8026-10,São Paulo,3550308,True,,34851,,,-23.6040485,-46.749007500000005,,,,2,2023-06-20T11:57:21+00:00
SAO_8026-10,São Paulo,3550308,True,,34851,,,-23.632875,-46.7479035,,,,2,2023-06-20T11:57:31+00:00
SAO_8073-10,São Paulo,3550308,True,,2081,,,-23.5915995,-46.735897,,,,1,2023-06-20T11:57:17+00:00
SAO_8073-10,São Paulo,3550308,True,,2081,,,-23.586557875000004,-46.755941125,,,,1,2023-06-20T11:56:55+00:00
SAO_8073-10,São Paulo,3550308,True,,2081,,,-23.59203575,-46.735672,,,,1,2023-06-20T11:57:24+00:00
SAO_8073-10,São Paulo,3550308,True,,2081,,,-23.5911315,-46.7659905,,,,1,2023-06-20T11:57:22+00:00
SAO_6052-31,São Paulo,3550308,True,,1832,,,-23.775509999999997,-46.691679,,,,1,2023-06-20T11:57:01+00:00
SAO_4031-10,São Paulo,3550308,True,,33869,,,-23.603009,-46.52841,,,,2,2023-06-20T11:57:28+00:00
SAO_4031-10,São Paulo,3550308,True,,33869,,,-23.5850205,-46.569185,,,,2,2023-06-20T11:57:11+00:00
SAO_4031-10,São Paulo,3550308,True,,33869,,,-23.584287,-46.584342,,,,2,2023-06-20T11:57:11+00:00
SAO_7052-10,São Paulo,3550308,True,,34654,,,-23.647724,-46.772833,,,,2,2023-06-20T11:57:18+00:00
SAO_476G-41,São Paulo,3550308,True,,1112,,,-23.581832499999997,-46.6380255,,,,1,2023-06-20T11:57:17+00:00
SAO_476G-41,São Paulo,3550308,True,,1112,,,-23.6102795,-46.5296235,,,,1,2023-06-20T11:57:07+00:00
SAO_476G-41,São Paulo,3550308,True,,1112,,,-23.6102795,-46.5296235,,,,1,2023-06-20T11:57:00+00:00
SAO_476G-41,São Paulo,3550308,True,,1112,,,-23.577184000000003,-46.608911500000005,,,,1,2023-06-20T11:56:57+00:00
SAO_476G-41,São Paulo,3550308,True,,1112,,,-23.604096499999997,-46.536525999999995,,,,1,2023-06-20T11:51:57+00:00
SAO_5290-10,São Paulo,3550308,True,,597,,,-23.602031500000002,-46.63662875,,,,1,2023-06-20T11:52:39+00:00
SAO_5290-10,São Paulo,3550308,True,,597,,,-23.62720175,-46.64218175,,,,1,2023-06-20T11:57:30+00:00
SAO_5290-10,São Paulo,3550308,True,,597,,,-23.660702125,-46.636904375,,,,1,2023-06-20T11:57:30+00:00
SAO_5290-10,São Paulo,3550308,True,,597,,,-23.677231,-46.628089,,,,1,2023-06-20T11:57:00+00:00
SAO_5290-10,São Paulo,3550308,True,,597,,,-23.546217,-46.6305745,,,,1,2023-06-20T11:57:25+00:00
SAO_177Y-10,São Paulo,3550308,True,,867,,,-23.537225,-46.6744465,,,,1,2023-06-20T11:57:04+00:00
SAO_177Y-10,São Paulo,3550308,True,,867,,,-23.5273505,-46.6667755,,,,1,2023-06-20T11:57:07+00:00
SAO_177Y-10,São Paulo,3550308,True,,867,,,-23.5657815,-46.7010925,,,,1,2023-06-20T11:56:55+00:00
SAO_2363-10,São Paulo,3550308,True,,32903,,,-23.533209999999997,-46.56429575,,,,2,2023-06-20T11:56:54+00:00
SAO_2363-10,São Paulo,3550308,True,,32903,,,-23.4987395,-46.50209475,,,,2,2023-06-20T11:57:08+00:00
SAO_8025-10,São Paulo,3550308,True,,34844,,,-23.590518,-46.76971475,,,,2,2023-06-20T11:57:18+00:00
SAO_8025-10,São Paulo,3550308,True,,34844,,,-23.590864500000002,-46.7653355,,,,2,2023-06-20T11:57:10+00:00
SAO_702U-10,São Paulo,3550308,True,,34098,,,-23.5468745,-46.630641499999996,,,,2,2023-06-20T11:57:20+00:00
SAO_702U-10,São Paulo,3550308,True,,34098,,,-23.5453825,-46.6440825,,,,2,2023-06-20T11:57:05+00:00
SAO_702U-10,São Paulo,3550308,True,,34098,,,-23.564039,-46.722422,,,,2,2023-06-20T11:57:06+00:00
SAO_702U-10,São Paulo,3550308,True,,34098,,,-23.572399,-46.704213,,,,2,2023-06-20T11:57:35+00:00
SAO_5119-10,São Paulo,3550308,True,,32769,,,-23.6546255,-46.761425,,,,2,2023-06-20T11:57:29+00:00
SAO_5119-10,São Paulo,3550308,True,,32769,,,-23.601644999999998,-46.724325,,,,2,2023-06-20T11:57:01+00:00
SAO_5119-10,São Paulo,3550308,True,,32769,,,-23.654617,-46.762697,,,,2,2023-06-20T11:57:38+00:00
SAO_5119-10,São Paulo,3550308,True,,32769,,,-23.654714,-46.760605,,,,2,2023-06-20T11:57:34+00:00
SAO_5119-10,São Paulo,3550308,True,,32769,,,-23.5839715,-46.6701505,,,,2,2023-06-20T11:57:23+00:00
SAO_4011-10,São Paulo,3550308,True,,2184,,,-23.6115555,-46.4253555,,,,1,2023-06-20T11:57:19+00:00
SAO_4011-10,São Paulo,3550308,True,,2184,,,-23.601032500000002,-46.432117500000004,,,,1,2023-06-20T11:57:08+00:00
SAO_4011-10,São Paulo,3550308,True,,2184,,,-23.612609,-46.476212000000004,,,,1,2023-06-20T11:56:51+00:00
SAO_4011-10,São Paulo,3550308,True,,2184,,,-23.622243,-46.4138515,,,,1,2023-06-20T11:55:21+00:00
SAO_4011-10,São Paulo,3550308,True,,2184,,,-23.598681749999997,-46.46435325,,,,1,2023-06-20T11:57:05+00:00
SAO_4011-10,São Paulo,3550308,True,,2184,,,-23.594568000000002,-46.442451,,,,1,2023-06-20T11:57:28+00:00
SAO_4011-10,São Paulo,3550308,True,,2184,,,-23.596577,-46.456318499999995,,,,1,2023-06-20T11:57:19+00:00
SAO_3134-10,São Paulo,3550308,True,,33761,,,-23.584287,-46.584342,,,,2,2023-06-20T11:57:20+00:00
SAO_3134-10,São Paulo,3550308,True,,33761,,,-23.573919749999998,-46.513066124999995,,,,2,2023-06-20T11:56:58+00:00
SAO_3134-10,São Paulo,3550308,True,,33761,,,-23.5741765,-46.556861,,,,2,2023-06-20T11:57:08+00:00
SAO_5632-21,São Paulo,3550308,True,,82,,,-23.7231885,-46.702659249999996,,,,1,2023-06-20T11:57:03+00:00
SAO_5632-21,São Paulo,3550308,True,,82,,,-23.7024275,-46.71494250000001,,,,1,2023-06-20T11:52:54+00:00
SAO_4017-10,São Paulo,3550308,True,,34958,,,-23.5828655,-46.4087975,,,,2,2023-06-20T11:57:38+00:00
SAO_4017-10,São Paulo,3550308,True,,34958,,,-23.5905825,-46.3823535,,,,2,2023-06-20T11:56:56+00:00
SAO_4017-10,São Paulo,3550308,True,,34958,,,-23.5803485,-46.383485,,,,2,2023-06-20T11:57:37+00:00
SAO_4017-10,São Paulo,3550308,True,,34958,,,-23.6006425,-46.3996595,,,,2,2023-06-20T11:57:06+00:00
SAO_4017-10,São Paulo,3550308,True,,34958,,,-23.591748,-46.407287374999996,,,,2,2023-06-20T11:54:54+00:00
SAO_2709-10,São Paulo,3550308,True,,33690,,,-23.5217895,-46.482643499999995,,,,2,2023-06-20T11:57:24+00:00
SAO_2709-10,São Paulo,3550308,True,,33690,,,-23.533782,-46.488301750000005,,,,2,2023-06-20T11:57:02+00:00
SAO_5109-10,São Paulo,3550308,True,,1851,,,-23.585085499999998,-46.582558500000005,,,,1,2023-06-20T11:56:56+00:00
SAO_5109-10,São Paulo,3550308,True,,1851,,,-23.585085499999998,-46.582558500000005,,,,1,2023-06-20T11:57:06+00:00
SAO_N137-11,São Paulo,3550308,True,,35061,,,-23.485637500000003,-46.7260535,,,,2,2023-06-20T11:57:15+00:00
SAO_3006-10,São Paulo,3550308,True,,1865,,,-23.548099999999998,-46.389815,,,,1,2023-06-20T11:57:19+00:00
SAO_3006-10,São Paulo,3550308,True,,1865,,,-23.542219000000003,-46.414599,,,,1,2023-06-20T11:57:25+00:00
SAO_3006-10,São Paulo,3550308,True,,1865,,,-23.54564175,-46.401308,,,,1,2023-06-20T11:57:08+00:00
SAO_3006-10,São Paulo,3550308,True,,1865,,,-23.54735025,-46.39171775,,,,1,2023-06-20T11:57:26+00:00
SAO_3006-10,São Paulo,3550308,True,,1865,,,-23.546758125000004,-46.392942875,,,,1,2023-06-20T11:55:36+00:00
SAO_3006-10,São Paulo,3550308,True,,1865,,,-23.541988,-46.4152385,,,,1,2023-06-20T11:57:29+00:00
SAO_675X-10,São Paulo,3550308,True,EMTU,111,https://moovitapp.com/index/pt-br/transporte_p%C3%BAblico-line-111-Sao_Paulo-242-2038937-36419271-0,5.1,-23.597861062499998,-46.6567281875,,,,1,2023-06-20T11:57:07+00:00
SAO_675X-10,São Paulo,3550308,True,EMTU,111,https://moovitapp.com/index/pt-br/transporte_p%C3%BAblico-line-111-Sao_Paulo-242-2038937-36419271-0,5.1,-23.732933,-46.696845499999995,,,,1,2023-06-20T11:57:37+00:00
SAO_675X-10,São Paulo,3550308,True,EMTU,111,https://moovitapp.com/index/pt-br/transporte_p%C3%BAblico-line-111-Sao_Paulo-242-2038937-36419271-0,5.1,-23.68240875,-46.70439925,,,,1,2023-06-20T11:56:46+00:00
SAO_675X-10,São Paulo,3550308,True,EMTU,111,https://moovitapp.com/index/pt-br/transporte_p%C3%BAblico-line-111-Sao_Paulo-242-2038937-36419271-0,5.1,-23.630059375000002,-46.68707825,,,,1,2023-06-20T11:57:32+00:00
SAO_675X-10,São Paulo,3550308,True,EMTU,111,https://moovitapp.com/index/pt-br/transporte_p%C3%BAblico-line-111-Sao_Paulo-242-2038937-36419271-0,5.1,-23.737689500000002,-46.697986,,,,1,2023-06-20T11:56:59+00:00
SAO_675X-10,São Paulo,3550308,True,EMTU,111,https://moovitapp.com/index/pt-br/transporte_p%C3%BAblico-line-111-Sao_Paulo-242-2038937-36419271-0,5.1,-23.701860125000003,-46.701362125,,,,1,2023-06-20T11:57:26+00:00
SAO_8021-10,São Paulo,3550308,True,,34841,,,-23.576906,-46.7658355,,,,2,2023-06-20T11:57:28+00:00
SAO_5143-10,São Paulo,3550308,True,,1628,,,-23.589549,-46.5440295,,,,1,2023-06-20T11:57:17+00:00
SAO_5143-10,São Paulo,3550308,True,,1628,,,-23.563717500000003,-46.611171999999996,,,,1,2023-06-20T11:56:54+00:00
SAO_8050-31,São Paulo,3550308,True,EMTU,415,https://moovitapp.com/index/pt-br/transporte_p%C3%BAblico-line-415-Sao_Paulo-242-2038937-36419472-0,5.0,-23.5078535625,-46.7451046875,,,,1,2023-06-20T11:57:13+00:00
SAO_8050-31,São Paulo,3550308,True,EMTU,415,https://moovitapp.com/index/pt-br/transporte_p%C3%BAblico-line-415-Sao_Paulo-242-2038937-36419472-0,5.0,-23.519489,-46.702676,,,,1,2023-06-20T11:57:05+00:00
SAO_7903-10,São Paulo,3550308,True,,512,,,-23.603091999999997,-46.79156075,,,,1,2023-06-20T11:57:30+00:00
SAO_7903-10,São Paulo,3550308,True,,512,,,-23.571626000000002,-46.695611,,,,1,2023-06-20T11:57:35+00:00
SAO_7903-10,São Paulo,3550308,True,,512,,,-23.585599000000002,-46.762619,,,,1,2023-06-20T11:57:34+00:00
SAO_4027-10,São Paulo,3550308,True,,33865,,,-23.613114,-46.4722015,,,,2,2023-06-20T11:57:01+00:00
SAO_4027-10,São Paulo,3550308,True,,33865,,,-23.622551,-46.447694999999996,,,,2,2023-06-20T11:57:02+00:00
SAO_4027-10,São Paulo,3550308,True,,33865,,,-23.641898,-46.438882500000005,,,,2,2023-06-20T11:57:30+00:00
SAO_4027-10,São Paulo,3550308,True,,33865,,,-23.60136275,-46.483574250000004,,,,2,2023-06-20T11:56:56+00:00
SAO_4027-10,São Paulo,3550308,True,,33865,,,-23.5932235,-46.489228999999995,,,,2,2023-06-20T11:57:11+00:00
SAO_4027-10,São Paulo,3550308,True,,33865,,,-23.593264,-46.489357999999996,,,,2,2023-06-20T11:57:08+00:00
SAO_4027-10,São Paulo,3550308,True,,33865,,,-23.6124765,-46.472958,,,,2,2023-06-20T11:57:17+00:00
SAO_4027-10,São Paulo,3550308,True,,33865,,,-23.639882,-46.4420675,,,,2,2023-06-20T11:57:39+00:00
SAO_4027-10,São Paulo,3550308,True,,33865,,,-23.636711,-46.444810000000004,,,,2,2023-06-20T11:57:30+00:00
SAO_4027-10,São Paulo,3550308,True,,33865,,,-23.625261000000002,-46.446093000000005,,,,2,2023-06-20T11:57:00+00:00
SAO_4027-10,São Paulo,3550308,True,,33865,,,-23.593152,-46.4890015,,,,2,2023-06-20T11:57:15+00:00
SAO_2713-10,São Paulo,3550308,True,Cidade de Caieiras,220,https://moovitapp.com/index/pt-br/transporte_p%C3%BAblico-line-220-Sao_Paulo-242-868761-496409-0,5.0,-23.524059,-46.5575085,,,,1,2023-06-20T11:57:04+00:00
SAO_8548-10,São Paulo,3550308,True,EMTU,578,https://moovitapp.com/index/pt-br/transporte_p%C3%BAblico-line-578-Sao_Paulo-242-2038937-36419568-0,5.4,-23.5049575,-46.6904515,,,,1,2023-06-20T11:57:15+00:00
SAO_8548-10,São Paulo,3550308,True,EMTU,578,https://moovitapp.com/index/pt-br/transporte_p%C3%BAblico-line-578-Sao_Paulo-242-2038937-36419568-0,5.4,-23.4538725,-46.696835500000006,,,,1,2023-06-20T11:57:27+00:00
SAO_8548-10,São Paulo,3550308,True,EMTU,578,https://moovitapp.com/index/pt-br/transporte_p%C3%BAblico-line-578-Sao_Paulo-242-2038937-36419568-0,5.4,-23.444650375000002,-46.717189625,,,,1,2023-06-20T11:57:01+00:00
SAO_209P-1,São Paulo,3550308,True,,2301,,,-23.5245605,-46.6712485,,,,1,2023-06-20T11:57:16+00:00
SAO_209P-1,São Paulo,3550308,True,,2301,,,-23.470886,-46.670557,,,,1,2023-06-20T11:57:21+00:00
SAO_7057-10,São Paulo,3550308,True,,1897,,,-23.6371005,-46.779114500000006,,,,1,2023-06-20T11:57:24+00:00
SAO_7057-10,São Paulo,3550308,True,,1897,,,-23.649582000000002,-46.784457,,,,1,2023-06-20T11:57:33+00:00
SAO_5129-10,São Paulo,3550308,True,,1281,,,-23.668024000000003,-46.735501,,,,1,2023-06-20T11:57:19+00:00
SAO_5129-10,São Paulo,3550308,True,,1281,,,-23.677566499999998,-46.682621,,,,1,2023-06-20T11:57:00+00:00
SAO_5129-10,São Paulo,3550308,True,,1281,,,-23.666269874999998,-46.718269250000006,,,,1,2023-06-20T11:57:25+00:00
SAO_5129-10,São Paulo,3550308,True,,1281,,,-23.65231,-46.669118499999996,,,,1,2023-06-20T11:57:14+00:00
SAO_5129-10,São Paulo,3550308,True,,1281,,,-23.680904499999997,-46.6375445,,,,1,2023-06-20T11:57:08+00:00
SAO_5129-10,São Paulo,3550308,True,,1281,,,-23.668594499999998,-46.7355085,,,,1,2023-06-20T11:57:24+00:00
SAO_7001-10,São Paulo,3550308,True,,1722,,,-23.705963,-46.784294,,,,1,2023-06-20T11:56:58+00:00
SAO_7001-10,São Paulo,3550308,True,,1722,,,-23.694651,-46.779804999999996,,,,1,2023-06-20T11:57:12+00:00
SAO_7001-10,São Paulo,3550308,True,,1722,,,-23.721363750000002,-46.756198,,,,1,2023-06-20T11:57:26+00:00
SAO_7001-10,São Paulo,3550308,True,,1722,,,-23.7119505,-46.7801695,,,,1,2023-06-20T11:57:18+00:00
SAO_7001-10,São Paulo,3550308,True,,1722,,,-23.728503,-46.7620935,,,,1,2023-06-20T11:55:07+00:00
SAO_7001-10,São Paulo,3550308,True,,1722,,,-23.6857005,-46.7702335,,,,1,2023-06-20T11:57:09+00:00
SAO_4286-10,São Paulo,3550308,True,,33094,,,-23.5889285,-46.585804499999995,,,,2,2023-06-20T11:57:16+00:00
SAO_4286-10,São Paulo,3550308,True,,33094,,,-23.609526,-46.529048,,,,2,2023-06-20T11:57:03+00:00
SAO_707K-10,São Paulo,3550308,True,,35271,,,-23.667917,-46.7355005,,,,2,2023-06-20T11:57:35+00:00
SAO_707K-10,São Paulo,3550308,True,,35271,,,-23.6463915,-46.6633355,,,,2,2023-06-20T11:57:25+00:00
SAO_707K-10,São Paulo,3550308,True,,35271,,,-23.667807,-46.7355005,,,,2,2023-06-20T11:57:21+00:00
SAO_707K-10,São Paulo,3550308,True,,35271,,,-23.66549,-46.711397,,,,2,2023-06-20T11:57:04+00:00
SAO_707K-10,São Paulo,3550308,True,,35271,,,-23.667625,-46.7351955,,,,2,2023-06-20T11:57:38+00:00
SAO_707K-10,São Paulo,3550308,True,,35271,,,-23.667917,-46.7355005,,,,2,2023-06-20T11:56:57+00:00
SAO_1772-10,São Paulo,3550308,True,,33403,,,-23.445761,-46.579910999999996,,,,2,2023-06-20T11:55:48+00:00
SAO_1772-10,São Paulo,3550308,True,,33403,,,-23.4352895,-46.5818785,,,,2,2023-06-20T11:57:27+00:00
SAO_1772-10,São Paulo,3550308,True,,33403,,,-23.435150999999998,-46.581629,,,,2,2023-06-20T11:57:32+00:00
SAO_1772-10,São Paulo,3550308,True,,33403,,,-23.4350765,-46.581492999999995,,,,2,2023-06-20T11:57:11+00:00
SAO_575C-10,São Paulo,3550308,True,,34454,,,-23.581951,-46.5902595,,,,2,2023-06-20T11:57:25+00:00
SAO_575C-10,São Paulo,3550308,True,,34454,,,-23.580758250000002,-46.5259895,,,,2,2023-06-20T11:57:01+00:00
SAO_2734-10,São Paulo,3550308,True,,34528,,,-23.50509075,-46.426663500000004,,,,2,2023-06-20T11:57:23+00:00
SAO_2734-10,São Paulo,3550308,True,,34528,,,-23.542613,-46.4721415,,,,2,2023-06-20T11:57:31+00:00
SAO_2734-10,São Paulo,3550308,True,,34528,,,-23.539076,-46.4574315,,,,2,2023-06-20T11:57:14+00:00
SAO_2734-10,São Paulo,3550308,True,,34528,,,-23.512508250000003,-46.40890675,,,,2,2023-06-20T11:57:31+00:00
SAO_2734-10,São Paulo,3550308,True,,34528,,,-23.52739625,-46.445774,,,,2,2023-06-20T11:57:01+00:00
SAO_2734-10,São Paulo,3550308,True,,34528,,,-23.5110655,-46.409795,,,,2,2023-06-20T11:56:31+00:00
SAO_1703-10,São Paulo,3550308,True,,33615,,,-23.430699500000003,-46.573944499999996,,,,2,2023-06-20T11:57:18+00:00
SAO_1703-10,São Paulo,3550308,True,,33615,,,-23.430699500000003,-46.573944499999996,,,,2,2023-06-20T11:57:07+00:00
SAO_1703-10,São Paulo,3550308,True,,33615,,,-23.478503500000002,-46.5985795,,,,2,2023-06-20T11:57:30+00:00
SAO_6058-10,São Paulo,3550308,True,,33917,,,-23.769380499999997,-46.67707625,,,,2,2023-06-20T11:57:05+00:00
SAO_6058-10,São Paulo,3550308,True,,33917,,,-23.772855749999998,-46.7019205,,,,2,2023-06-20T11:57:38+00:00
SAO_5318-10,São Paulo,3550308,True,,32813,,,-23.6447425,-46.72333775,,,,2,2023-06-20T11:57:39+00:00
SAO_5318-10,São Paulo,3550308,True,,32813,,,-23.665154625,-46.753176499999995,,,,2,2023-06-20T11:57:31+00:00
SAO_5318-10,São Paulo,3550308,True,,32813,,,-23.5504935,-46.635271,,,,2,2023-06-20T11:57:19+00:00
SAO_5318-10,São Paulo,3550308,True,,32813,,,-23.606495375,-46.665043250000004,,,,2,2023-06-20T11:57:09+00:00
SAO_5318-10,São Paulo,3550308,True,,32813,,,-23.6646575,-46.753386,,,,2,2023-06-20T11:57:13+00:00
SAO_407A-10,São Paulo,3550308,True,,2194,,,-23.538131999999997,-46.599534750000004,,,,1,2023-06-20T11:56:57+00:00
SAO_407A-10,São Paulo,3550308,True,,2194,,,-23.57464975,-46.5138855,,,,1,2023-06-20T11:57:03+00:00
SAO_407A-10,São Paulo,3550308,True,,2194,,,-23.5623905,-46.550664499999996,,,,1,2023-06-20T11:57:14+00:00
SAO_407A-10,São Paulo,3550308,True,,2194,,,-23.544991,-46.588886,,,,1,2023-06-20T11:56:54+00:00
SAO_4010-10,São Paulo,3550308,True,,2183,,,-23.5621195,-46.516965,,,,1,2023-06-20T11:57:30+00:00
SAO_9008-41,São Paulo,3550308,True,,33644,,,-23.473908,-46.670291,,,,2,2023-06-20T11:57:26+00:00
SAO_546L-10,São Paulo,3550308,True,,34053,,,-23.68516875,-46.6458195,,,,2,2023-06-20T11:54:47+00:00
SAO_546L-10,São Paulo,3550308,True,,34053,,,-23.679245125,-46.6935300625,,,,2,2023-06-20T11:57:16+00:00
SAO_546L-10,São Paulo,3550308,True,,34053,,,-23.689283749999998,-46.63762525,,,,2,2023-06-20T11:56:55+00:00
SAO_546L-10,São Paulo,3550308,True,,34053,,,-23.689251,-46.637806,,,,2,2023-06-20T11:57:25+00:00
SAO_546L-10,São Paulo,3550308,True,,34053,,,-23.68928725,-46.63729575,,,,2,2023-06-20T11:51:37+00:00
SAO_6L04-41,São Paulo,3550308,True,,1566,,,-23.8279045,-46.727655,,,,1,2023-06-20T11:56:57+00:00
SAO_8700-1,São Paulo,3550308,True,,35276,,,-23.5707165,-46.690237499999995,,,,2,2023-06-20T11:57:34+00:00
SAO_5018-10,São Paulo,3550308,True,,1492,,,-23.648597,-46.6415825,,,,1,2023-06-20T11:57:23+00:00
SAO_5018-10,São Paulo,3550308,True,,1492,,,-23.691065000000002,-46.660733500000006,,,,1,2023-06-20T11:57:27+00:00
SAO_5018-10,São Paulo,3550308,True,,1492,,,-23.693528,-46.653060499999995,,,,1,2023-06-20T11:57:26+00:00
SAO_5018-10,São Paulo,3550308,True,,1492,,,-23.687322,-46.6705515,,,,1,2023-06-20T11:57:06+00:00
SAO_2030-10,São Paulo,3550308,True,,35032,,,-23.47214175,-46.642127375,,,,2,2023-06-20T11:57:20+00:00
SAO_4716-10,São Paulo,3550308,True,,33874,,,-23.603154500000002,-46.603531000000004,,,,2,2023-06-20T11:57:35+00:00
SAO_4716-10,São Paulo,3550308,True,,33874,,,-23.6086495,-46.620554,,,,2,2023-06-20T11:57:07+00:00
SAO_4716-10,São Paulo,3550308,True,,33874,,,-23.605666499999998,-46.6386005,,,,2,2023-06-20T11:57:23+00:00
SAO_2730-10,São Paulo,3550308,True,,33713,,,-23.51198675,-46.462543249999996,,,,2,2023-06-20T11:57:35+00:00
SAO_2730-10,São Paulo,3550308,True,,33713,,,-23.510495499999998,-46.4462745,,,,2,2023-06-20T11:57:01+00:00
SAO_2730-10,São Paulo,3550308,True,,33713,,,-23.526402625000003,-46.474567375,,,,2,2023-06-20T11:57:19+00:00
SAO_677V-10,São Paulo,3550308,True,EMTU,112,https://moovitapp.com/index/pt-br/transporte_p%C3%BAblico-line-112-Sao_Paulo-242-2038937-36419272-0,5.7,-23.733050499999997,-46.70608,,,,1,2023-06-20T11:57:36+00:00
SAO_677V-10,São Paulo,3550308,True,EMTU,112,https://moovitapp.com/index/pt-br/transporte_p%C3%BAblico-line-112-Sao_Paulo-242-2038937-36419272-0,5.7,-23.718679,-46.699015,,,,1,2023-06-20T11:56:59+00:00
SAO_677V-10,São Paulo,3550308,True,EMTU,112,https://moovitapp.com/index/pt-br/transporte_p%C3%BAblico-line-112-Sao_Paulo-242-2038937-36419272-0,5.7,-23.740730499999998,-46.707061499999995,,,,1,2023-06-20T11:57:39+00:00
SAO_5105-10,São Paulo,3550308,True,,1651,,,-23.59158125,-46.597811750000005,,,,1,2023-06-20T11:57:23+00:00
SAO_5105-10,São Paulo,3550308,True,,1651,,,-23.603084250000002,-46.60265125,,,,1,2023-06-20T11:57:21+00:00
SAO_5105-10,São Paulo,3550308,True,,1651,,,-23.602988000000003,-46.6028575,,,,1,2023-06-20T11:57:32+00:00
SAO_5105-10,São Paulo,3550308,True,,1651,,,-23.559573,-46.6140015,,,,1,2023-06-20T11:57:14+00:00
SAO_6913-21,São Paulo,3550308,True,,34317,,,-23.6459614375,-46.70260275,,,,2,2023-06-20T11:57:24+00:00
SAO_6913-21,São Paulo,3550308,True,,34317,,,-23.6453730625,-46.70219924999999,,,,2,2023-06-20T11:57:26+00:00
SAO_775A-10,São Paulo,3550308,True,,33241,,,-23.5738925,-46.736498499999996,,,,2,2023-06-20T11:57:28+00:00
SAO_775A-10,São Paulo,3550308,True,,33241,,,-23.5798075,-46.685481499999995,,,,2,2023-06-20T11:57:09+00:00
SAO_129F-10,São Paulo,3550308,True,,2304,,,-23.489015000000002,-46.6980575,,,,1,2023-06-20T11:57:35+00:00
SAO_129F-10,São Paulo,3550308,True,,2304,,,-23.524961,-46.695076875,,,,1,2023-06-20T11:57:17+00:00
SAO_129F-10,São Paulo,3550308,True,,2304,,,-23.52577625,-46.67950425,,,,1,2023-06-20T11:56:54+00:00
SAO_129F-10,São Paulo,3550308,True,,2304,,,-23.5262155,-46.669086,,,,1,2023-06-20T11:57:22+00:00
SAO_129F-10,São Paulo,3550308,True,,2304,,,-23.51358125,-46.703233,,,,1,2023-06-20T11:57:25+00:00
SAO_129F-10,São Paulo,3550308,True,,2304,,,-23.49735125,-46.70467925,,,,1,2023-06-20T11:57:37+00:00
SAO_407P-10,São Paulo,3550308,True,,34968,,,-23.5520405,-46.413284000000004,,,,2,2023-06-20T11:57:20+00:00
SAO_407P-10,São Paulo,3550308,True,,34968,,,-23.583113,-46.4080205,,,,2,2023-06-20T11:57:17+00:00
SAO_407P-10,São Paulo,3550308,True,,34968,,,-23.527836999999998,-46.510602750000004,,,,2,2023-06-20T11:57:20+00:00
SAO_407P-10,São Paulo,3550308,True,,34968,,,-23.541269,-46.5768465,,,,2,2023-06-20T11:56:54+00:00
SAO_2007-10,São Paulo,3550308,True,,33664,,,-23.49913875,-46.384788,,,,2,2023-06-20T11:57:15+00:00
SAO_2007-10,São Paulo,3550308,True,,33664,,,-23.4986795,-46.3953075,,,,2,2023-06-20T11:57:10+00:00
SAO_2007-10,São Paulo,3550308,True,,33664,,,-23.510008749999997,-46.3703235,,,,2,2023-06-20T11:57:32+00:00
SAO_2007-10,São Paulo,3550308,True,,33664,,,-23.5115175,-46.375333,,,,2,2023-06-20T11:56:22+00:00
SAO_971R-42,São Paulo,3550308,True,,33384,,,-23.436899500000003,-46.739963,,,,2,2023-06-20T11:56:57+00:00
SAO_971R-42,São Paulo,3550308,True,,33384,,,-23.453456,-46.699169,,,,2,2023-06-20T11:57:30+00:00
SAO_971R-42,São Paulo,3550308,True,,33384,,,-23.4485825,-46.702377999999996,,,,2,2023-06-20T11:57:05+00:00
SAO_971R-42,São Paulo,3550308,True,,33384,,,-23.472690999999998,-46.672483,,,,2,2023-06-20T11:57:17+00:00
SAO_N535-11,São Paulo,3550308,True,,2387,,,-23.650326,-46.614008999999996,,,,1,2023-06-20T11:57:19+00:00
SAO_6414-10,São Paulo,3550308,True,EMTU,360,https://moovitapp.com/index/pt-br/transporte_p%C3%BAblico-line-360-Sao_Paulo-242-2038937-36419441-0,5.2,-23.585545000000003,-46.670801999999995,,,,1,2023-06-20T11:57:39+00:00
SAO_6414-10,São Paulo,3550308,True,EMTU,360,https://moovitapp.com/index/pt-br/transporte_p%C3%BAblico-line-360-Sao_Paulo-242-2038937-36419441-0,5.2,-23.612959500000002,-46.6955875,,,,1,2023-06-20T11:57:39+00:00
SAO_6414-10,São Paulo,3550308,True,EMTU,360,https://moovitapp.com/index/pt-br/transporte_p%C3%BAblico-line-360-Sao_Paulo-242-2038937-36419441-0,5.2,-23.654648,-46.706824999999995,,,,1,2023-06-20T11:57:30+00:00
SAO_8017-10,São Paulo,3550308,True,,34029,,,-23.43846075,-46.7467815,,,,2,2023-06-20T11:57:17+00:00
SAO_8017-10,São Paulo,3550308,True,,34029,,,-23.4821255,-46.718467000000004,,,,2,2023-06-20T11:57:33+00:00
SAO_8017-10,São Paulo,3550308,True,,34029,,,-23.4358335,-46.740672,,,,2,2023-06-20T11:57:30+00:00
SAO_8017-10,São Paulo,3550308,True,,34029,,,-23.452653499999997,-46.7187165,,,,2,2023-06-20T11:57:04+00:00
SAO_4021-10,São Paulo,3550308,True,,2548,,,-23.556459625000002,-46.448355,,,,1,2023-06-20T11:57:28+00:00
SAO_4021-10,São Paulo,3550308,True,,2548,,,-23.542802000000002,-46.470636,,,,1,2023-06-20T11:57:17+00:00
SAO_4021-10,São Paulo,3550308,True,,2548,,,-23.541530125,-46.460551624999994,,,,1,2023-06-20T11:57:23+00:00
SAO_4053-10,São Paulo,3550308,True,,2146,,,-23.554286,-46.393989000000005,,,,1,2023-06-20T11:56:13+00:00
SAO_4053-10,São Paulo,3550308,True,,2146,,,-23.542768,-46.41466525,,,,1,2023-06-20T11:57:20+00:00
SAO_4053-10,São Paulo,3550308,True,,2146,,,-23.5590895,-46.399975,,,,1,2023-06-20T11:57:32+00:00
SAO_121G-10,São Paulo,3550308,True,,691,,,-23.48302175,-46.58653275,,,,1,2023-06-20T11:57:33+00:00
SAO_121G-10,São Paulo,3550308,True,,691,,,-23.505875,-46.572165999999996,,,,1,2023-06-20T11:56:51+00:00
SAO_121G-10,São Paulo,3550308,True,,691,,,-23.490609499999998,-46.5744425,,,,1,2023-06-20T11:57:14+00:00
SAO_2009-10,São Paulo,3550308,True,,33666,,,-23.512084875,-46.413064875,,,,2,2023-06-20T11:57:24+00:00
SAO_2009-10,São Paulo,3550308,True,,33666,,,-23.51941,-46.412808,,,,2,2023-06-20T11:57:05+00:00
SAO_2009-10,São Paulo,3550308,True,,33666,,,-23.542068,-46.415377500000005,,,,2,2023-06-20T11:57:06+00:00
SAO_2009-10,São Paulo,3550308,True,,33666,,,-23.541789,-46.4160215,,,,2,2023-06-20T11:57:20+00:00
SAO_407F-10,São Paulo,3550308,True,,2167,,,-23.60958175,-46.477186,,,,1,2023-06-20T11:57:18+00:00
SAO_407F-10,São Paulo,3550308,True,,2167,,,-23.5801175,-46.509409500000004,,,,1,2023-06-20T11:57:03+00:00
SAO_407F-10,São Paulo,3550308,True,,2167,,,-23.574067499999998,-46.531307,,,,1,2023-06-20T11:57:12+00:00
SAO_407F-10,São Paulo,3550308,True,,2167,,,-23.5576005,-46.5719725,,,,1,2023-06-20T11:56:58+00:00
SAO_5100-10,São Paulo,3550308,True,,1370,,,-23.546689999999998,-46.6307695,,,,1,2023-06-20T11:57:19+00:00
SAO_5100-10,São Paulo,3550308,True,,1370,,,-23.567543,-46.693689500000005,,,,1,2023-06-20T11:57:21+00:00
SAO_3746-10,São Paulo,3550308,True,,33051,,,-23.594828,-46.503370000000004,,,,2,2023-06-20T11:57:33+00:00
SAO_3746-10,São Paulo,3550308,True,,33051,,,-23.542912,-46.588283000000004,,,,2,2023-06-20T11:57:28+00:00
SAO_3746-10,São Paulo,3550308,True,,33051,,,-23.594412499999997,-46.5029525,,,,2,2023-06-20T11:57:02+00:00
SAO_3746-10,São Paulo,3550308,True,,33051,,,-23.544272,-46.592614999999995,,,,2,2023-06-20T11:57:36+00:00
SAO_3746-10,São Paulo,3550308,True,,33051,,,-23.542912,-46.588283000000004,,,,2,2023-06-20T11:57:27+00:00
SAO_3746-10,São Paulo,3550308,True,,33051,,,-23.542912,-46.588283000000004,,,,2,2023-06-20T11:57:30+00:00
SAO_3746-10,São Paulo,3550308,True,,33051,,,-23.542912,-46.588283000000004,,,,2,2023-06-20T11:56:59+00:00
SAO_3746-10,São Paulo,3550308,True,,33051,,,-23.542912,-46.588283000000004,,,,2,2023-06-20T11:57:01+00:00
SAO_3004-10,São Paulo,3550308,True,,1798,,,-23.475540000000002,-46.425176,,,,1,2023-06-20T11:57:35+00:00
SAO_271F-10,São Paulo,3550308,True,,683,,,-23.5420145,-46.589681,,,,1,2023-06-20T11:56:59+00:00
SAO_271F-10,São Paulo,3550308,True,,683,,,-23.538731,-46.6048935,,,,1,2023-06-20T11:57:15+00:00
SAO_271F-10,São Paulo,3550308,True,,683,,,-23.51205925,-46.61582812500001,,,,1,2023-06-20T11:57:23+00:00
SAO_4724-10,São Paulo,3550308,True,,2060,,,-23.538845000000002,-46.497418,,,,1,2023-06-20T11:57:16+00:00
SAO_8001-10,São Paulo,3550308,True,,34019,,,-23.520201,-46.710451,,,,2,2023-06-20T11:57:10+00:00
SAO_8001-10,São Paulo,3550308,True,,34019,,,-23.502658,-46.760932499999996,,,,2,2023-06-20T11:57:26+00:00
SAO_4742-10,São Paulo,3550308,True,EMTU,342,https://moovitapp.com/index/pt-br/transporte_p%C3%BAblico-line-342-Sao_Paulo-242-2038937-36419426-0,7.55,-23.6576015,-46.6170665,,,,1,2023-06-20T11:56:12+00:00
SAO_4706-10,São Paulo,3550308,True,,299,,,-23.6537855,-46.602738,,,,1,2023-06-20T11:57:22+00:00
SAO_4706-10,São Paulo,3550308,True,,299,,,-23.626716000000002,-46.606491250000005,,,,1,2023-06-20T11:57:31+00:00
SAO_4706-10,São Paulo,3550308,True,,299,,,-23.5902095,-46.6349445,,,,1,2023-06-20T11:57:34+00:00
SAO_3686-10,São Paulo,3550308,True,,32934,,,-23.533719124999998,-46.44977075,,,,2,2023-06-20T11:57:05+00:00
SAO_3686-10,São Paulo,3550308,True,,32934,,,-23.55986625,-46.40348975,,,,2,2023-06-20T11:57:32+00:00
SAO_3686-10,São Paulo,3550308,True,,32934,,,-23.5311655,-46.503547,,,,2,2023-06-20T11:57:23+00:00
SAO_3686-10,São Paulo,3550308,True,,32934,,,-23.549784000000002,-46.628215,,,,2,2023-06-20T11:57:24+00:00
SAO_8021-10,São Paulo,3550308,True,,2073,,,-23.570591375,-46.7108125,,,,1,2023-06-20T11:57:24+00:00
SAO_5131-10,São Paulo,3550308,True,,1282,,,-23.66453,-46.660317500000005,,,,1,2023-06-20T11:57:34+00:00
SAO_5131-10,São Paulo,3550308,True,,1282,,,-23.5988755,-46.6738285,,,,1,2023-06-20T11:57:33+00:00
SAO_5131-10,São Paulo,3550308,True,,1282,,,-23.548018,-46.6316285,,,,1,2023-06-20T11:57:29+00:00
SAO_4056-10,São Paulo,3550308,True,,35005,,,-23.614053,-46.4713255,,,,2,2023-06-20T11:57:26+00:00
SAO_4056-10,São Paulo,3550308,True,,35005,,,-23.60765225,-46.46410775,,,,2,2023-06-20T11:57:08+00:00
SAO_513C-10,São Paulo,3550308,True,,35303,,,-23.606419000000002,-46.5629485,,,,2,2023-06-20T11:57:11+00:00
SAO_513C-10,São Paulo,3550308,True,,35303,,,-23.6026125,-46.5105675,,,,2,2023-06-20T11:57:22+00:00
SAO_2716-10,São Paulo,3550308,True,,33697,,,-23.508288,-46.53148349999999,,,,2,2023-06-20T11:57:13+00:00
SAO_2716-10,São Paulo,3550308,True,,33697,,,-23.514287000000003,-46.5359955,,,,2,2023-06-20T11:57:06+00:00
SAO_2716-10,São Paulo,3550308,True,,33697,,,-23.533121,-46.544351500000005,,,,2,2023-06-20T11:57:22+00:00
SAO_2716-10,São Paulo,3550308,True,,33697,,,-23.533121,-46.544351500000005,,,,2,2023-06-20T11:57:06+00:00
SAO_2716-10,São Paulo,3550308,True,,33697,,,-23.533121,-46.544351500000005,,,,2,2023-06-20T11:57:19+00:00
SAO_2363-10,São Paulo,3550308,True,,135,,,-23.54620025,-46.63007,,,,1,2023-06-20T11:57:14+00:00
SAO_2363-10,São Paulo,3550308,True,,135,,,-23.5314755,-46.5591195,,,,1,2023-06-20T11:56:35+00:00
SAO_2363-10,São Paulo,3550308,True,,135,,,-23.504686,-46.514089999999996,,,,1,2023-06-20T11:57:24+00:00
SAO_2756-10,São Paulo,3550308,True,,33006,,,-23.5444265,-46.390927,,,,2,2023-06-20T11:57:09+00:00
SAO_2756-10,São Paulo,3550308,True,,33006,,,-23.5155075,-46.4635385,,,,2,2023-06-20T11:57:38+00:00
SAO_2756-10,São Paulo,3550308,True,,33006,,,-23.542133,-46.4148525,,,,2,2023-06-20T11:57:17+00:00
SAO_5757-10,São Paulo,3550308,True,,34056,,,-23.68201175,-46.637052749999995,,,,2,2023-06-20T11:57:16+00:00
SAO_5757-10,São Paulo,3550308,True,,34056,,,-23.6915195,-46.6393985,,,,2,2023-06-20T11:57:22+00:00
SAO_5757-10,São Paulo,3550308,True,,34056,,,-23.691199500000003,-46.639219499999996,,,,2,2023-06-20T11:57:20+00:00
SAO_5757-10,São Paulo,3550308,True,,34056,,,-23.6913305,-46.639309999999995,,,,2,2023-06-20T11:57:35+00:00
SAO_5757-10,São Paulo,3550308,True,,34056,,,-23.655859,-46.6448545,,,,2,2023-06-20T11:57:20+00:00
SAO_5757-10,São Paulo,3550308,True,,34056,,,-23.6935585,-46.640921500000005,,,,2,2023-06-20T11:57:23+00:00
SAO_5757-10,São Paulo,3550308,True,,34056,,,-23.667341,-46.65312025,,,,2,2023-06-20T11:57:11+00:00
SAO_5757-10,São Paulo,3550308,True,,34056,,,-23.6913305,-46.639309999999995,,,,2,2023-06-20T11:57:33+00:00
SAO_211V-10,São Paulo,3550308,True,EMTU,154,https://moovitapp.com/index/pt-br/transporte_p%C3%BAblico-line-154-Sao_Paulo-242-2038937-36419300-0,6.8,-23.50428,-46.515389,,,,1,2023-06-20T11:57:20+00:00
SAO_8000-1,São Paulo,3550308,True,,35274,,,-23.520992749999998,-46.699836,,,,2,2023-06-20T11:57:18+00:00
SAO_5630-10,São Paulo,3550308,True,,32846,,,-23.546747,-46.6164905,,,,2,2023-06-20T11:57:17+00:00
SAO_5630-10,São Paulo,3550308,True,,32846,,,-23.546747,-46.6164905,,,,2,2023-06-20T11:56:54+00:00
SAO_5630-10,São Paulo,3550308,True,,32846,,,-23.65030175,-46.677640624999995,,,,2,2023-06-20T11:57:13+00:00
SAO_5630-10,São Paulo,3550308,True,,32846,,,-23.62172475,-46.661924,,,,2,2023-06-20T11:57:16+00:00
SAO_5630-10,São Paulo,3550308,True,,32846,,,-23.546747,-46.6164905,,,,2,2023-06-20T11:57:25+00:00
SAO_5630-10,São Paulo,3550308,True,,32846,,,-23.737271,-46.697250999999994,,,,2,2023-06-20T11:57:23+00:00
SAO_5630-10,São Paulo,3550308,True,,32846,,,-23.539707000000003,-46.631569375,,,,2,2023-06-20T11:57:00+00:00
SAO_5630-10,São Paulo,3550308,True,,32846,,,-23.546747,-46.6164905,,,,2,2023-06-20T11:56:56+00:00
SAO_5630-10,São Paulo,3550308,True,,32846,,,-23.5423425,-46.627260500000006,,,,2,2023-06-20T11:57:09+00:00
SAO_2018-10,São Paulo,3550308,True,,33672,,,-23.510322000000002,-46.40719,,,,2,2023-06-20T11:57:10+00:00
SAO_675G-10,São Paulo,3550308,True,,32874,,,-23.743762,-46.670264,,,,2,2023-06-20T11:57:34+00:00
SAO_675G-10,São Paulo,3550308,True,,32874,,,-23.736480999999998,-46.69416675,,,,2,2023-06-20T11:56:55+00:00
SAO_675G-10,São Paulo,3550308,True,,32874,,,-23.676465999999998,-46.679821000000004,,,,2,2023-06-20T11:57:03+00:00
SAO_2678-41,São Paulo,3550308,True,STT,387,https://moovitapp.com/index/pt-br/transporte_p%C3%BAblico-line-387-Sao_Paulo-242-850661-183297-0,5.3,-23.5217465,-46.5299695,,,,1,2023-06-20T11:57:23+00:00
SAO_2678-41,São Paulo,3550308,True,STT,387,https://moovitapp.com/index/pt-br/transporte_p%C3%BAblico-line-387-Sao_Paulo-242-850661-183297-0,5.3,-23.49474575,-46.4130995,,,,1,2023-06-20T11:57:03+00:00
SAO_2678-41,São Paulo,3550308,True,STT,387,https://moovitapp.com/index/pt-br/transporte_p%C3%BAblico-line-387-Sao_Paulo-242-850661-183297-0,5.3,-23.49206775,-46.447616249999996,,,,1,2023-06-20T11:57:28+00:00
SAO_425E-10,São Paulo,3550308,True,,1636,,,-23.614269,-46.47110875,,,,1,2023-06-20T11:57:13+00:00
SAO_809V-10,São Paulo,3550308,True,,2243,,,-23.571223,-46.691788,,,,1,2023-06-20T11:57:28+00:00
SAO_6815-10,São Paulo,3550308,True,,32793,,,-23.658591,-46.765417,,,,2,2023-06-20T11:57:32+00:00
SAO_6815-10,São Paulo,3550308,True,,32793,,,-23.6758025,-46.783198,,,,2,2023-06-20T11:57:06+00:00
SAO_7272-10,São Paulo,3550308,True,,34101,,,-23.526047249999998,-46.692444875,,,,2,2023-06-20T11:57:21+00:00
SAO_3032-10,São Paulo,3550308,True,,33488,,,-23.567657250000003,-46.4849725,,,,2,2023-06-20T11:57:01+00:00
SAO_374M-10,São Paulo,3550308,True,,34733,,,-23.5213235,-46.4955765,,,,2,2023-06-20T11:57:04+00:00
SAO_374M-10,São Paulo,3550308,True,,34733,,,-23.486022,-46.5025395,,,,2,2023-06-20T11:57:13+00:00
SAO_909T-1,São Paulo,3550308,True,,2512,,,-23.566103499999997,-46.7018865,,,,1,2023-06-20T11:57:07+00:00
SAO_909T-1,São Paulo,3550308,True,,2512,,,-23.566103499999997,-46.7018865,,,,1,2023-06-20T11:56:59+00:00
SAO_6835-31,São Paulo,3550308,True,,34175,,,-23.658731000000003,-46.765608,,,,2,2023-06-20T11:57:20+00:00
SAO_6835-31,São Paulo,3550308,True,,34175,,,-23.6884105,-46.800267500000004,,,,2,2023-06-20T11:57:38+00:00
SAO_6835-31,São Paulo,3550308,True,,34175,,,-23.688822000000002,-46.799983499999996,,,,2,2023-06-20T11:57:29+00:00
SAO_5759-10,São Paulo,3550308,True,,33906,,,-23.670932999999998,-46.6609945,,,,2,2023-06-20T11:57:10+00:00
SAO_5759-10,São Paulo,3550308,True,,33906,,,-23.6790695,-46.656284,,,,2,2023-06-20T11:53:28+00:00
SAO_5759-10,São Paulo,3550308,True,,33906,,,-23.648281,-46.6459215,,,,2,2023-06-20T11:57:11+00:00
SAO_5759-10,São Paulo,3550308,True,,33906,,,-23.6948495,-46.64830975,,,,2,2023-06-20T11:57:12+00:00
SAO_273J-10,São Paulo,3550308,True,,33157,,,-23.5192045,-46.4733155,,,,2,2023-06-20T11:57:10+00:00
SAO_273J-10,São Paulo,3550308,True,,33157,,,-23.4802495,-46.3845705,,,,2,2023-06-20T11:57:19+00:00
SAO_273J-10,São Paulo,3550308,True,,33157,,,-23.493716374999998,-46.40350375,,,,2,2023-06-20T11:57:07+00:00
SAO_8055-10,São Paulo,3550308,True,,33182,,,-23.40702325,-46.7597555,,,,2,2023-06-20T11:56:55+00:00
SAO_8055-10,São Paulo,3550308,True,,33182,,,-23.405151500000002,-46.751794000000004,,,,2,2023-06-20T11:57:29+00:00
SAO_8055-10,São Paulo,3550308,True,,33182,,,-23.507483999999998,-46.742230750000004,,,,2,2023-06-20T11:57:10+00:00
SAO_8055-10,São Paulo,3550308,True,,33182,,,-23.408502,-46.740801000000005,,,,2,2023-06-20T11:57:06+00:00
SAO_6L08-10,São Paulo,3550308,True,,1182,,,-23.827219,-46.71281125,,,,1,2023-06-20T11:57:11+00:00
SAO_6L08-10,São Paulo,3550308,True,,1182,,,-23.827404,-46.697334,,,,1,2023-06-20T11:57:19+00:00
SAO_6031-10,São Paulo,3550308,True,,32860,,,-23.753878,-46.708732499999996,,,,2,2023-06-20T11:57:12+00:00
SAO_6031-10,São Paulo,3550308,True,,32860,,,-23.757181,-46.7086005,,,,2,2023-06-20T11:57:35+00:00
SAO_6031-10,São Paulo,3550308,True,,32860,,,-23.7504535,-46.698138,,,,2,2023-06-20T11:57:29+00:00
SAO_6031-10,São Paulo,3550308,True,,32860,,,-23.741431499999997,-46.6983105,,,,2,2023-06-20T11:57:14+00:00
SAO_6031-10,São Paulo,3550308,True,,32860,,,-23.753878,-46.708732499999996,,,,2,2023-06-20T11:57:18+00:00
SAO_6031-10,São Paulo,3550308,True,,32860,,,-23.753878,-46.708732499999996,,,,2,2023-06-20T11:57:21+00:00
SAO_2666-21,São Paulo,3550308,True,,33147,,,-23.51828025,-46.3879975,,,,2,2023-06-20T11:57:30+00:00
SAO_2666-21,São Paulo,3550308,True,,33147,,,-23.51828025,-46.3879975,,,,2,2023-06-20T11:56:47+00:00
SAO_524L-10,São Paulo,3550308,True,,1715,,,-23.5512105,-46.564979,,,,1,2023-06-20T11:57:00+00:00
SAO_524L-10,São Paulo,3550308,True,,1715,,,-23.583176,-46.563309000000004,,,,1,2023-06-20T11:57:07+00:00
SAO_2031-10,São Paulo,3550308,True,,33135,,,-23.5128555,-46.4437095,,,,2,2023-06-20T11:57:05+00:00
SAO_2026-10,São Paulo,3550308,True,,35037,,,-23.461329499999998,-46.582954,,,,2,2023-06-20T11:57:21+00:00
SAO_2026-10,São Paulo,3550308,True,,35037,,,-23.5141115,-46.571008500000005,,,,2,2023-06-20T11:57:28+00:00
SAO_647A-10,São Paulo,3550308,True,,1315,,,-23.60352975,-46.712735249999994,,,,1,2023-06-20T11:57:11+00:00
SAO_647A-10,São Paulo,3550308,True,,1315,,,-23.5655345,-46.6934935,,,,1,2023-06-20T11:57:23+00:00
SAO_647A-10,São Paulo,3550308,True,,1315,,,-23.575620999999998,-46.6877935,,,,1,2023-06-20T11:57:03+00:00
SAO_647A-10,São Paulo,3550308,True,,1315,,,-23.693233499999998,-46.7976735,,,,1,2023-06-20T11:57:29+00:00
SAO_647A-10,São Paulo,3550308,True,,1315,,,-23.65376125,-46.76335925,,,,1,2023-06-20T11:57:09+00:00
SAO_647A-10,São Paulo,3550308,True,,1315,,,-23.680079499999998,-46.7829825,,,,1,2023-06-20T11:57:35+00:00
SAO_647A-10,São Paulo,3550308,True,,1315,,,-23.634669000000002,-46.737008,,,,1,2023-06-20T11:57:27+00:00
SAO_647A-10,São Paulo,3550308,True,,1315,,,-23.671027000000002,-46.778129,,,,1,2023-06-20T11:57:39+00:00
SAO_647A-10,São Paulo,3550308,True,,1315,,,-23.643586,-46.747794,,,,1,2023-06-20T11:56:57+00:00
SAO_4016-10,São Paulo,3550308,True,,34957,,,-23.6325615,-46.462689,,,,2,2023-06-20T11:57:13+00:00
SAO_4016-10,São Paulo,3550308,True,,34957,,,-23.620045125,-46.47759575,,,,2,2023-06-20T11:57:37+00:00
SAO_4016-10,São Paulo,3550308,True,,34957,,,-23.6127705,-46.4764035,,,,2,2023-06-20T11:57:07+00:00
SAO_8199-10,São Paulo,3550308,True,,33575,,,-23.49568725,-46.70941525,,,,2,2023-06-20T11:57:29+00:00
SAO_8199-10,São Paulo,3550308,True,,33575,,,-23.474411,-46.670858499999994,,,,2,2023-06-20T11:57:12+00:00
SAO_8199-10,São Paulo,3550308,True,,33575,,,-23.484306,-46.741941,,,,2,2023-06-20T11:57:17+00:00
SAO_8199-10,São Paulo,3550308,True,,33575,,,-23.468757,-46.7514565,,,,2,2023-06-20T11:57:33+00:00
SAO_8199-10,São Paulo,3550308,True,,33575,,,-23.484452,-46.6907395,,,,2,2023-06-20T11:57:35+00:00
SAO_8199-10,São Paulo,3550308,True,,33575,,,-23.468867000000003,-46.7510885,,,,2,2023-06-20T11:57:26+00:00
SAO_5091-10,São Paulo,3550308,True,,1523,,,-23.694331,-46.6774895,,,,1,2023-06-20T11:57:31+00:00
SAO_5091-10,São Paulo,3550308,True,,1523,,,-23.6368035,-46.641181,,,,1,2023-06-20T11:56:56+00:00
SAO_5091-10,São Paulo,3550308,True,,1523,,,-23.679189,-46.6308415,,,,1,2023-06-20T11:57:37+00:00
SAO_5091-10,São Paulo,3550308,True,,1523,,,-23.692825499999998,-46.660027,,,,1,2023-06-20T11:54:27+00:00
SAO_3009-10,São Paulo,3550308,True,,2526,,,-23.511451,-46.397050500000006,,,,1,2023-06-20T11:57:30+00:00
SAO_875C-10,São Paulo,3550308,True,,33246,,,-23.52685,-46.708924999999994,,,,2,2023-06-20T11:57:23+00:00
SAO_875C-10,São Paulo,3550308,True,,33246,,,-23.531084,-46.715227999999996,,,,2,2023-06-20T11:57:06+00:00
SAO_875C-10,São Paulo,3550308,True,,33246,,,-23.599600000000002,-46.6372275,,,,2,2023-06-20T11:57:22+00:00
SAO_875C-10,São Paulo,3550308,True,,33246,,,-23.520992749999998,-46.699836,,,,2,2023-06-20T11:57:11+00:00
SAO_1015-10,São Paulo,3550308,True,,34998,,,-23.412717999999998,-46.812503,,,,2,2023-06-20T11:57:15+00:00
SAO_8077-10,São Paulo,3550308,True,,2050,,,-23.594591,-46.777379499999995,,,,1,2023-06-20T11:57:14+00:00
SAO_8077-10,São Paulo,3550308,True,,2050,,,-23.59203575,-46.735672,,,,1,2023-06-20T11:56:58+00:00
SAO_817C-10,São Paulo,3550308,True,,34105,,,-23.5439475,-46.6941375,,,,2,2023-06-20T11:57:33+00:00
SAO_817C-10,São Paulo,3550308,True,,34105,,,-23.5216915,-46.7010605,,,,2,2023-06-20T11:57:05+00:00
SAO_817C-10,São Paulo,3550308,True,,34105,,,-23.5216755,-46.701507,,,,2,2023-06-20T11:57:21+00:00
SAO_475M-10,São Paulo,3550308,True,EMTU,343,https://moovitapp.com/index/pt-br/transporte_p%C3%BAblico-line-343-Sao_Paulo-242-2038937-36419427-0,5.15,-23.5851185,-46.62779225,,,,1,2023-06-20T11:57:22+00:00
SAO_475M-10,São Paulo,3550308,True,EMTU,343,https://moovitapp.com/index/pt-br/transporte_p%C3%BAblico-line-343-Sao_Paulo-242-2038937-36419427-0,5.15,-23.538205124999998,-46.654721374999994,,,,1,2023-06-20T11:57:26+00:00
SAO_3462-41,São Paulo,3550308,True,,33016,,,-23.540724437500003,-46.5764383125,,,,2,2023-06-20T11:56:58+00:00
SAO_5362-23,São Paulo,3550308,True,,1860,,,-23.7431225,-46.6917315,,,,1,2023-06-20T11:57:17+00:00
SAO_5362-23,São Paulo,3550308,True,,1860,,,-23.662343874999998,-46.706628,,,,1,2023-06-20T11:57:29+00:00
SAO_5362-23,São Paulo,3550308,True,,1860,,,-23.715574500000002,-46.706303000000005,,,,1,2023-06-20T11:57:25+00:00
SAO_5362-23,São Paulo,3550308,True,,1860,,,-23.756387,-46.668057000000005,,,,1,2023-06-20T11:57:21+00:00
SAO_5362-23,São Paulo,3550308,True,,1860,,,-23.70449775,-46.714203749999996,,,,1,2023-06-20T11:56:59+00:00
SAO_7051-10,São Paulo,3550308,True,,34653,,,-23.6504255,-46.783142,,,,2,2023-06-20T11:57:26+00:00
SAO_7051-10,São Paulo,3550308,True,,34653,,,-23.654968500000003,-46.784118,,,,2,2023-06-20T11:57:28+00:00
SAO_6056-10,São Paulo,3550308,True,,33915,,,-23.7426585,-46.7068335,,,,2,2023-06-20T11:57:21+00:00
SAO_6056-10,São Paulo,3550308,True,,33915,,,-23.763256499999997,-46.697663,,,,2,2023-06-20T11:57:32+00:00
SAO_6056-10,São Paulo,3550308,True,,33915,,,-23.75932225,-46.710009,,,,2,2023-06-20T11:57:38+00:00
SAO_6056-10,São Paulo,3550308,True,,33915,,,-23.7632185,-46.697809,,,,2,2023-06-20T11:57:14+00:00
SAO_3725-10,São Paulo,3550308,True,,33790,,,-23.53335,-46.530578500000004,,,,2,2023-06-20T11:57:09+00:00
SAO_3725-10,São Paulo,3550308,True,,33790,,,-23.5332225,-46.530609,,,,2,2023-06-20T11:57:10+00:00
SAO_3725-10,São Paulo,3550308,True,,33790,,,-23.533086,-46.530659,,,,2,2023-06-20T11:57:20+00:00
SAO_3725-10,São Paulo,3550308,True,,33790,,,-23.545417875000002,-46.516895625000004,,,,2,2023-06-20T11:57:05+00:00
SAO_7725-10,São Paulo,3550308,True,EMTU,472,https://moovitapp.com/index/pt-br/transporte_p%C3%BAblico-line-472-Sao_Paulo-242-2038937-36419508-0,35.0,-23.525619125,-46.697804625,,,,1,2023-06-20T11:57:35+00:00
SAO_7725-10,São Paulo,3550308,True,EMTU,472,https://moovitapp.com/index/pt-br/transporte_p%C3%BAblico-line-472-Sao_Paulo-242-2038937-36419508-0,35.0,-23.5667485,-46.754223499999995,,,,1,2023-06-20T11:57:07+00:00
SAO_1177-31,São Paulo,3550308,True,,1831,,,-23.531814500000003,-46.5027615,,,,1,2023-06-20T11:57:13+00:00
SAO_1177-31,São Paulo,3550308,True,,1831,,,-23.543402,-46.589890499999996,,,,1,2023-06-20T11:57:09+00:00
SAO_2005-10,São Paulo,3550308,True,,33661,,,-23.490944499999998,-46.445358,,,,2,2023-06-20T11:57:28+00:00
SAO_2005-10,São Paulo,3550308,True,,33661,,,-23.4952525,-46.43242,,,,2,2023-06-20T11:57:02+00:00
SAO_2005-10,São Paulo,3550308,True,,33661,,,-23.490944499999998,-46.445358,,,,2,2023-06-20T11:57:11+00:00
SAO_2005-10,São Paulo,3550308,True,,33661,,,-23.491378,-46.39496199999999,,,,2,2023-06-20T11:57:26+00:00
SAO_271A-51,São Paulo,3550308,True,,703,,,-23.4985585,-46.514556999999996,,,,1,2023-06-20T11:57:19+00:00
SAO_271A-51,São Paulo,3550308,True,,703,,,-23.527203999999998,-46.554904,,,,1,2023-06-20T11:57:23+00:00
SAO_271A-51,São Paulo,3550308,True,,703,,,-23.487984,-46.5831465,,,,1,2023-06-20T11:57:15+00:00
SAO_271A-51,São Paulo,3550308,True,,703,,,-23.4985585,-46.514556999999996,,,,1,2023-06-20T11:57:14+00:00
SAO_119C-10,São Paulo,3550308,True,,661,,,-23.5124955,-46.585425,,,,1,2023-06-20T11:56:36+00:00
SAO_119C-10,São Paulo,3550308,True,,661,,,-23.478573500000003,-46.569734499999996,,,,1,2023-06-20T11:57:21+00:00
SAO_119C-10,São Paulo,3550308,True,,661,,,-23.534820250000003,-46.61894025,,,,1,2023-06-20T11:57:12+00:00
SAO_119C-10,São Paulo,3550308,True,,661,,,-23.5321635,-46.633992,,,,1,2023-06-20T11:57:29+00:00
SAO_9301-10,São Paulo,3550308,True,,33226,,,-23.530237125,-46.64692375,,,,2,2023-06-20T11:57:31+00:00
SAO_9301-10,São Paulo,3550308,True,,33226,,,-23.495945,-46.662106,,,,2,2023-06-20T11:57:02+00:00
SAO_3903-10,São Paulo,3550308,True,,34239,,,-23.529563875,-46.46615625,,,,2,2023-06-20T11:57:07+00:00
SAO_3903-10,São Paulo,3550308,True,,34239,,,-23.514322999999997,-46.540797749999996,,,,2,2023-06-20T11:57:24+00:00
SAO_4491-10,São Paulo,3550308,True,EMTU,327,https://moovitapp.com/index/pt-br/transporte_p%C3%BAblico-line-327-Sao_Paulo-242-2038937-36419415-0,5.35,-23.582410250000002,-46.614446,,,,1,2023-06-20T11:57:22+00:00
SAO_4491-10,São Paulo,3550308,True,EMTU,327,https://moovitapp.com/index/pt-br/transporte_p%C3%BAblico-line-327-Sao_Paulo-242-2038937-36419415-0,5.35,-23.64867175,-46.6232775,,,,1,2023-06-20T11:56:51+00:00
SAO_637P-10,São Paulo,3550308,True,,47,,,-23.61188275,-46.677678,,,,1,2023-06-20T11:57:27+00:00
SAO_637P-10,São Paulo,3550308,True,,47,,,-23.566439,-46.7018475,,,,1,2023-06-20T11:57:07+00:00
SAO_637P-10,São Paulo,3550308,True,,47,,,-23.5885945,-46.67185075,,,,1,2023-06-20T11:57:03+00:00
SAO_637P-10,São Paulo,3550308,True,,47,,,-23.5832175,-46.683071999999996,,,,1,2023-06-20T11:56:59+00:00
SAO_637P-10,São Paulo,3550308,True,,47,,,-23.6239385,-46.68555175,,,,1,2023-06-20T11:57:37+00:00
SAO_637P-10,São Paulo,3550308,True,,47,,,-23.5728655,-46.689481625,,,,1,2023-06-20T11:57:14+00:00
SAO_637P-10,São Paulo,3550308,True,,47,,,-23.648898000000003,-46.703265,,,,1,2023-06-20T11:57:16+00:00
SAO_5705-10,São Paulo,3550308,True,,1657,,,-23.5874125,-46.607364,,,,1,2023-06-20T11:57:21+00:00
SAO_5705-10,São Paulo,3550308,True,,1657,,,-23.577326,-46.6407295,,,,1,2023-06-20T11:56:54+00:00
SAO_N105-11,São Paulo,3550308,True,,2286,,,-23.475738,-46.6707215,,,,1,2023-06-20T11:57:19+00:00
SAO_7017-10,São Paulo,3550308,True,,35270,,,-23.693227,-46.790786999999995,,,,2,2023-06-20T11:57:22+00:00
SAO_7017-10,São Paulo,3550308,True,,35270,,,-23.675430499999997,-46.773945,,,,2,2023-06-20T11:57:33+00:00
SAO_7017-10,São Paulo,3550308,True,,35270,,,-23.6753815,-46.748957,,,,2,2023-06-20T11:57:07+00:00
SAO_7017-10,São Paulo,3550308,True,,35270,,,-23.693277000000002,-46.7911,,,,2,2023-06-20T11:57:05+00:00
SAO_6820-31,São Paulo,3550308,True,,34174,,,-23.658609,-46.78921425,,,,2,2023-06-20T11:57:25+00:00
SAO_6820-31,São Paulo,3550308,True,,34174,,,-23.6602495,-46.7684605,,,,2,2023-06-20T11:57:09+00:00
SAO_5010-10,São Paulo,3550308,True,,33882,,,-23.659211,-46.699676,,,,2,2023-06-20T11:57:29+00:00
SAO_5010-10,São Paulo,3550308,True,,33882,,,-23.666612,-46.638132999999996,,,,2,2023-06-20T11:56:57+00:00
SAO_5010-10,São Paulo,3550308,True,,33882,,,-23.650298250000002,-46.66260925,,,,2,2023-06-20T11:56:55+00:00
SAO_6051-31,São Paulo,3550308,True,,1606,,,-23.7632355,-46.689578,,,,1,2023-06-20T11:57:21+00:00
SAO_1732-10,São Paulo,3550308,True,,33439,,,-23.4873935,-46.5741675,,,,2,2023-06-20T11:57:15+00:00
SAO_1732-10,São Paulo,3550308,True,,33439,,,-23.487271,-46.5741175,,,,2,2023-06-20T11:57:36+00:00
SAO_1732-10,São Paulo,3550308,True,,33439,,,-23.487143500000002,-46.57385,,,,2,2023-06-20T11:57:10+00:00
SAO_7059-10,São Paulo,3550308,True,,1924,,,-23.6638505,-46.793641,,,,1,2023-06-20T11:57:03+00:00
SAO_7059-10,São Paulo,3550308,True,,1924,,,-23.631153500000003,-46.7733425,,,,1,2023-06-20T11:57:08+00:00
SAO_1782-10,São Paulo,3550308,True,,643,,,-23.48986625,-46.6243685,,,,1,2023-06-20T11:57:04+00:00
SAO_1782-10,São Paulo,3550308,True,,643,,,-23.4568955,-46.597817000000006,,,,1,2023-06-20T11:57:23+00:00
SAO_4725-10,São Paulo,3550308,True,,33106,,,-23.6151055,-46.617372,,,,2,2023-06-20T11:57:22+00:00
SAO_4725-10,São Paulo,3550308,True,,33106,,,-23.6335525,-46.6141865,,,,2,2023-06-20T11:57:35+00:00
SAO_6063-43,São Paulo,3550308,True,,2480,,,-23.811123000000002,-46.6955845,,,,1,2023-06-20T11:56:59+00:00
SAO_6042-10,São Paulo,3550308,True,,33987,,,-23.65,-46.708154500000006,,,,2,2023-06-20T11:57:09+00:00
SAO_6042-10,São Paulo,3550308,True,,33987,,,-23.6423055,-46.740426,,,,2,2023-06-20T11:57:27+00:00
SAO_2716-10,São Paulo,3550308,True,,929,,,-23.524382000000003,-46.543786,,,,1,2023-06-20T11:56:58+00:00
SAO_2716-10,São Paulo,3550308,True,,929,,,-23.514178,-46.536006,,,,1,2023-06-20T11:56:59+00:00
SAO_877T-10,São Paulo,3550308,True,,1381,,,-23.534251,-46.655251,,,,1,2023-06-20T11:56:55+00:00
SAO_877T-10,São Paulo,3550308,True,,1381,,,-23.516197499999997,-46.7254385,,,,1,2023-06-20T11:57:20+00:00
SAO_2732-10,São Paulo,3550308,True,,947,,,-23.538655500000004,-46.480022000000005,,,,1,2023-06-20T11:57:17+00:00
SAO_2732-10,São Paulo,3550308,True,,947,,,-23.540282,-46.482984,,,,1,2023-06-20T11:56:48+00:00
SAO_271M-10,São Paulo,3550308,True,,33452,,,-23.504286999999998,-46.612843749999996,,,,2,2023-06-20T11:57:03+00:00
SAO_271M-10,São Paulo,3550308,True,,33452,,,-23.511543500000002,-46.563012,,,,2,2023-06-20T11:57:09+00:00
SAO_271M-10,São Paulo,3550308,True,,33452,,,-23.50401,-46.593555499999994,,,,2,2023-06-20T11:57:20+00:00
SAO_271M-10,São Paulo,3550308,True,,33452,,,-23.502086499999997,-46.623816500000004,,,,2,2023-06-20T11:56:29+00:00
SAO_607A-10,São Paulo,3550308,True,,34907,,,-23.7099995,-46.652274500000004,,,,2,2023-06-20T11:44:37+00:00
SAO_607A-10,São Paulo,3550308,True,,34907,,,-23.708579999999998,-46.65611925,,,,2,2023-06-20T11:56:20+00:00
SAO_607A-10,São Paulo,3550308,True,,34907,,,-23.681717499999998,-46.6943205,,,,2,2023-06-20T11:57:32+00:00
SAO_6258-31,São Paulo,3550308,True,,34551,,,-23.68131475,-46.75504375,,,,2,2023-06-20T11:57:31+00:00
SAO_5632-10,São Paulo,3550308,True,,32849,,,-23.609273375,-46.667640875,,,,2,2023-06-20T11:57:14+00:00
SAO_6817-10,São Paulo,3550308,True,,27,,,-23.6851545,-46.782897500000004,,,,1,2023-06-20T11:57:19+00:00
SAO_6817-10,São Paulo,3550308,True,,27,,,-23.656632000000002,-46.7632865,,,,1,2023-06-20T11:57:19+00:00
SAO_5164-21,São Paulo,3550308,True,,1616,,,-23.6466305,-46.6450555,,,,1,2023-06-20T11:57:03+00:00
SAO_5164-21,São Paulo,3550308,True,,1616,,,-23.642232749999998,-46.655570499999996,,,,1,2023-06-20T11:57:25+00:00
SAO_5164-21,São Paulo,3550308,True,,1616,,,-23.59803725,-46.647161374999996,,,,1,2023-06-20T11:57:00+00:00
SAO_5164-21,São Paulo,3550308,True,,1616,,,-23.600730499999997,-46.63492,,,,1,2023-06-20T11:56:55+00:00
SAO_5164-21,São Paulo,3550308,True,,1616,,,-23.6464495,-46.646234750000005,,,,1,2023-06-20T11:57:21+00:00
SAO_5164-21,São Paulo,3550308,True,,1616,,,-23.646406,-46.644999,,,,1,2023-06-20T11:57:34+00:00
SAO_3141-10,São Paulo,3550308,True,,33502,,,-23.6129285,-46.488800999999995,,,,2,2023-06-20T11:57:30+00:00
SAO_3141-10,São Paulo,3550308,True,,33502,,,-23.54641,-46.630284,,,,2,2023-06-20T11:57:11+00:00
SAO_3141-10,São Paulo,3550308,True,,33502,,,-23.551973500000003,-46.579509,,,,2,2023-06-20T11:57:28+00:00
SAO_373L-10,São Paulo,3550308,True,,33795,,,-23.547940500000003,-46.461574999999996,,,,2,2023-06-20T11:57:28+00:00
SAO_373L-10,São Paulo,3550308,True,,33795,,,-23.5429995,-46.470884999999996,,,,2,2023-06-20T11:56:58+00:00
SAO_373L-10,São Paulo,3550308,True,,33795,,,-23.614715500000003,-46.423099,,,,2,2023-06-20T11:57:09+00:00
SAO_373L-10,São Paulo,3550308,True,,33795,,,-23.571281499999998,-46.4501735,,,,2,2023-06-20T11:57:07+00:00
SAO_978A-10,São Paulo,3550308,True,,34137,,,-23.475628999999998,-46.670974,,,,2,2023-06-20T11:57:10+00:00
SAO_978A-10,São Paulo,3550308,True,,34137,,,-23.4921285,-46.68518,,,,2,2023-06-20T11:57:34+00:00
SAO_978A-10,São Paulo,3550308,True,,34137,,,-23.4780115,-46.672883,,,,2,2023-06-20T11:57:33+00:00
SAO_978A-10,São Paulo,3550308,True,,34137,,,-23.5175305,-46.68095825,,,,2,2023-06-20T11:57:38+00:00
SAO_7063-10,São Paulo,3550308,True,,1899,,,-23.651991000000002,-46.789846499999996,,,,1,2023-06-20T11:57:12+00:00
SAO_7063-10,São Paulo,3550308,True,,1899,,,-23.6475215,-46.790608000000006,,,,1,2023-06-20T11:57:36+00:00
SAO_7063-10,São Paulo,3550308,True,,1899,,,-23.651991000000002,-46.789846499999996,,,,1,2023-06-20T11:56:55+00:00
SAO_7063-10,São Paulo,3550308,True,,1899,,,-23.6316405,-46.772316,,,,1,2023-06-20T11:57:20+00:00
SAO_7063-10,São Paulo,3550308,True,,1899,,,-23.651991000000002,-46.789846499999996,,,,1,2023-06-20T11:57:39+00:00
SAO_7063-10,São Paulo,3550308,True,,1899,,,-23.64483,-46.779506500000004,,,,1,2023-06-20T11:57:01+00:00
SAO_5119-22,São Paulo,3550308,True,,2124,,,-23.551242000000002,-46.637025,,,,1,2023-06-20T11:57:25+00:00
SAO_5119-22,São Paulo,3550308,True,,2124,,,-23.600044,-46.70889925,,,,1,2023-06-20T11:57:13+00:00
SAO_4017-10,São Paulo,3550308,True,,2190,,,-23.5902125,-46.3823955,,,,1,2023-06-20T11:57:04+00:00
SAO_4017-10,São Paulo,3550308,True,,2190,,,-23.604289,-46.403181,,,,1,2023-06-20T11:57:05+00:00
SAO_4017-10,São Paulo,3550308,True,,2190,,,-23.576810000000002,-46.391447,,,,1,2023-06-20T11:57:09+00:00
SAO_2031-10,São Paulo,3550308,True,EMTU,367,https://moovitapp.com/index/pt-br/transporte_p%C3%BAblico-line-367-Sao_Paulo-242-2038937-36419446-0,4.9,-23.509138,-46.37533775,,,,1,2023-06-20T11:55:44+00:00
SAO_2031-10,São Paulo,3550308,True,EMTU,367,https://moovitapp.com/index/pt-br/transporte_p%C3%BAblico-line-367-Sao_Paulo-242-2038937-36419446-0,4.9,-23.495839500000002,-46.403145499999994,,,,1,2023-06-20T11:57:15+00:00
SAO_2031-10,São Paulo,3550308,True,EMTU,367,https://moovitapp.com/index/pt-br/transporte_p%C3%BAblico-line-367-Sao_Paulo-242-2038937-36419446-0,4.9,-23.517615499999998,-46.468911000000006,,,,1,2023-06-20T11:57:29+00:00
SAO_2031-10,São Paulo,3550308,True,EMTU,367,https://moovitapp.com/index/pt-br/transporte_p%C3%BAblico-line-367-Sao_Paulo-242-2038937-36419446-0,4.9,-23.494543999999998,-46.438418999999996,,,,1,2023-06-20T11:54:41+00:00
SAO_2031-10,São Paulo,3550308,True,EMTU,367,https://moovitapp.com/index/pt-br/transporte_p%C3%BAblico-line-367-Sao_Paulo-242-2038937-36419446-0,4.9,-23.518321,-46.475637,,,,1,2023-06-20T11:56:58+00:00
SAO_8023-10,São Paulo,3550308,True,,2074,,,-23.5869715,-46.737019875,,,,1,2023-06-20T11:57:28+00:00
SAO_1021-10,São Paulo,3550308,True,,33601,,,-23.4443355,-46.712196000000006,,,,2,2023-06-20T11:57:01+00:00
SAO_1021-10,São Paulo,3550308,True,,33601,,,-23.486604,-46.726802000000006,,,,2,2023-06-20T11:57:24+00:00
SAO_5110-24,São Paulo,3550308,True,,2459,,,-23.61259,-46.479862999999995,,,,1,2023-06-20T11:57:32+00:00
SAO_8006-10,São Paulo,3550308,True,,1256,,,-23.4325535,-46.72980325,,,,1,2023-06-20T11:57:33+00:00
SAO_8006-10,São Paulo,3550308,True,,1256,,,-23.468055,-46.7248625,,,,1,2023-06-20T11:57:13+00:00
SAO_8006-10,São Paulo,3550308,True,,1256,,,-23.439035500000003,-46.734533,,,,1,2023-06-20T11:56:55+00:00
SAO_8006-10,São Paulo,3550308,True,,1256,,,-23.4325535,-46.72980325,,,,1,2023-06-20T11:56:53+00:00
SAO_4288-10,São Paulo,3550308,True,Cidade de Caieiras,290,https://moovitapp.com/index/pt-br/transporte_p%C3%BAblico-line-290-Sao_Paulo-242-868761-496416-0,5.0,-23.595524500000003,-46.5551765,,,,1,2023-06-20T11:57:23+00:00
SAO_4288-10,São Paulo,3550308,True,Cidade de Caieiras,290,https://moovitapp.com/index/pt-br/transporte_p%C3%BAblico-line-290-Sao_Paulo-242-868761-496416-0,5.0,-23.566148124999998,-46.60140200000001,,,,1,2023-06-20T11:57:04+00:00
SAO_1785-10,São Paulo,3550308,True,,1816,,,-23.492195000000002,-46.6251195,,,,1,2023-06-20T11:57:22+00:00
SAO_3010-10,São Paulo,3550308,True,,35311,,,-23.515059,-46.454141,,,,2,2023-06-20T11:57:23+00:00
SAO_1786-10,São Paulo,3550308,True,,33417,,,-23.4505645,-46.6075825,,,,2,2023-06-20T11:57:34+00:00
SAO_1786-10,São Paulo,3550308,True,,33417,,,-23.45376775,-46.607023,,,,2,2023-06-20T11:56:58+00:00
SAO_1786-10,São Paulo,3550308,True,,33417,,,-23.45368525,-46.607387,,,,2,2023-06-20T11:57:11+00:00
SAO_272N-10,São Paulo,3550308,True,,705,,,-23.51295525,-46.58451375,,,,1,2023-06-20T11:57:27+00:00
SAO_2006-10,São Paulo,3550308,True,,33663,,,-23.496740374999998,-46.40107975,,,,2,2023-06-20T11:57:05+00:00
SAO_2006-10,São Paulo,3550308,True,,33663,,,-23.510422374999997,-46.36670225,,,,2,2023-06-20T11:57:06+00:00
SAO_2006-10,São Paulo,3550308,True,,33663,,,-23.4898155,-46.376974000000004,,,,2,2023-06-20T11:56:12+00:00
SAO_2006-10,São Paulo,3550308,True,,33663,,,-23.491242,-46.386751000000004,,,,2,2023-06-20T11:56:53+00:00
SAO_1705-10,São Paulo,3550308,True,,33617,,,-23.434097,-46.583839749999996,,,,2,2023-06-20T11:57:34+00:00
SAO_1705-10,São Paulo,3550308,True,,33617,,,-23.476375500000003,-46.6039095,,,,2,2023-06-20T11:57:25+00:00
SAO_1705-10,São Paulo,3550308,True,,33617,,,-23.4338605,-46.584293,,,,2,2023-06-20T11:57:26+00:00
SAO_1705-10,São Paulo,3550308,True,,33617,,,-23.434625,-46.5839955,,,,2,2023-06-20T11:55:44+00:00
SAO_1705-10,São Paulo,3550308,True,,33617,,,-23.4344995,-46.5839375,,,,2,2023-06-20T11:57:01+00:00
SAO_1705-10,São Paulo,3550308,True,,33617,,,-23.4479325,-46.588702,,,,2,2023-06-20T11:57:05+00:00
SAO_1705-10,São Paulo,3550308,True,,33617,,,-23.434339,-46.58389525,,,,2,2023-06-20T11:57:21+00:00
SAO_1705-10,São Paulo,3550308,True,,33617,,,-23.433689,-46.5840695,,,,2,2023-06-20T11:57:16+00:00
SAO_6418-10,São Paulo,3550308,True,,771,,,-23.616243750000002,-46.690278375000005,,,,1,2023-06-20T11:57:04+00:00
SAO_211L-10,São Paulo,3550308,True,,2265,,,-23.5036595,-46.67783675,,,,1,2023-06-20T11:57:25+00:00
SAO_211L-10,São Paulo,3550308,True,,2265,,,-23.5199865,-46.701155,,,,1,2023-06-20T11:57:36+00:00
SAO_211L-10,São Paulo,3550308,True,,2265,,,-23.4710665,-46.650921999999994,,,,1,2023-06-20T11:57:31+00:00
SAO_6083-10,São Paulo,3550308,True,,34501,,,-23.736846,-46.697306499999996,,,,2,2023-06-20T11:57:31+00:00
SAO_6083-10,São Paulo,3550308,True,,34501,,,-23.753360999999998,-46.6700625,,,,2,2023-06-20T11:57:23+00:00
SAO_6083-10,São Paulo,3550308,True,,34501,,,-23.75324375,-46.685306,,,,2,2023-06-20T11:57:28+00:00
SAO_3459-23,São Paulo,3550308,True,,33172,,,-23.494310499999997,-46.402223,,,,2,2023-06-20T11:57:13+00:00
SAO_2711-10,São Paulo,3550308,True,,925,,,-23.514005,-46.4949445,,,,1,2023-06-20T11:57:37+00:00
SAO_2711-10,São Paulo,3550308,True,,925,,,-23.5281795,-46.500829499999995,,,,1,2023-06-20T11:57:05+00:00
SAO_2711-10,São Paulo,3550308,True,,925,,,-23.511877,-46.487694000000005,,,,1,2023-06-20T11:56:58+00:00
SAO_2582-21,São Paulo,3550308,True,,1770,,,-23.499812750000004,-46.528364374999995,,,,1,2023-06-20T11:57:17+00:00
SAO_1709-10,São Paulo,3550308,True,,33619,,,-23.447626,-46.594040500000006,,,,2,2023-06-20T11:57:09+00:00
SAO_1709-10,São Paulo,3550308,True,,33619,,,-23.44365725,-46.592670749999996,,,,2,2023-06-20T11:56:59+00:00
SAO_1709-10,São Paulo,3550308,True,,33619,,,-23.479985,-46.603936000000004,,,,2,2023-06-20T11:57:27+00:00
SAO_1709-10,São Paulo,3550308,True,,33619,,,-23.469061,-46.5974275,,,,2,2023-06-20T11:57:32+00:00
SAO_6400-10,São Paulo,3550308,True,,57,,,-23.5885945,-46.67185075,,,,1,2023-06-20T11:57:08+00:00
SAO_3063-10,São Paulo,3550308,True,EMTU,253,https://moovitapp.com/index/pt-br/transporte_p%C3%BAblico-line-253-Sao_Paulo-242-2038937-36419364-0,5.4,-23.543864499999998,-46.413244500000005,,,,1,2023-06-20T11:57:25+00:00
SAO_3063-10,São Paulo,3550308,True,EMTU,253,https://moovitapp.com/index/pt-br/transporte_p%C3%BAblico-line-253-Sao_Paulo-242-2038937-36419364-0,5.4,-23.5960245,-46.4362195,,,,1,2023-06-20T11:56:59+00:00
SAO_3063-10,São Paulo,3550308,True,EMTU,253,https://moovitapp.com/index/pt-br/transporte_p%C3%BAblico-line-253-Sao_Paulo-242-2038937-36419364-0,5.4,-23.613115999999998,-46.476499,,,,1,2023-06-20T11:57:03+00:00
SAO_1177-31,São Paulo,3550308,True,,34599,,,-23.518619375,-46.475986625,,,,2,2023-06-20T11:57:37+00:00
SAO_1177-31,São Paulo,3550308,True,,34599,,,-23.5361185,-46.632417000000004,,,,2,2023-06-20T11:57:35+00:00
SAO_3063-10,São Paulo,3550308,True,,33021,,,-23.5942005,-46.419721,,,,2,2023-06-20T11:57:27+00:00
SAO_3063-10,São Paulo,3550308,True,,33021,,,-23.542667,-46.415261,,,,2,2023-06-20T11:56:54+00:00
SAO_3063-10,São Paulo,3550308,True,,33021,,,-23.558356,-46.3995355,,,,2,2023-06-20T11:57:07+00:00
SAO_5038-10,São Paulo,3550308,True,,1661,,,-23.614300749999998,-46.600943,,,,1,2023-06-20T11:57:25+00:00
SAO_5038-10,São Paulo,3550308,True,,1661,,,-23.6102925,-46.599926374999995,,,,1,2023-06-20T11:56:53+00:00
SAO_5038-10,São Paulo,3550308,True,,1661,,,-23.646933500000003,-46.6117685,,,,1,2023-06-20T11:57:10+00:00
SAO_5038-10,São Paulo,3550308,True,,1661,,,-23.639317499999997,-46.607468,,,,1,2023-06-20T11:57:05+00:00
SAO_4036-10,São Paulo,3550308,False,,35329,,,-23.542672000000003,-46.470274,,,,2,2023-06-20T11:54:58+00:00
SAO_4036-10,São Paulo,3550308,True,,35329,,,-23.55397575,-46.48917475,,,,2,2023-06-20T11:57:11+00:00
SAO_4036-10,São Paulo,3550308,True,,35329,,,-23.54517825,-46.4688915,,,,2,2023-06-20T11:54:42+00:00
SAO_3902-10,São Paulo,3550308,True,,1470,,,-23.542576,-46.413695000000004,,,,1,2023-06-20T11:57:12+00:00
SAO_3902-10,São Paulo,3550308,True,,1470,,,-23.4849345,-46.3847545,,,,1,2023-06-20T11:57:23+00:00
SAO_3902-10,São Paulo,3550308,True,,1470,,,-23.4859655,-46.382026249999996,,,,1,2023-06-20T11:54:47+00:00
SAO_3902-10,São Paulo,3550308,True,,1470,,,-23.510724000000003,-46.39402,,,,1,2023-06-20T11:57:17+00:00
SAO_714C-10,São Paulo,3550308,True,,33255,,,-23.557444,-46.6813585,,,,2,2023-06-20T11:57:16+00:00
SAO_714C-10,São Paulo,3550308,True,,33255,,,-23.596317,-46.7825845,,,,2,2023-06-20T11:57:01+00:00
SAO_714C-10,São Paulo,3550308,True,,33255,,,-23.585174,-46.762555,,,,2,2023-06-20T11:57:09+00:00
SAO_263C-10,São Paulo,3550308,True,,33020,,,-23.47940875,-46.420387,,,,2,2023-06-20T11:57:14+00:00
SAO_263C-10,São Paulo,3550308,True,,33020,,,-23.5431315,-46.420833,,,,2,2023-06-20T11:57:17+00:00
SAO_263C-10,São Paulo,3550308,True,,33020,,,-23.539279,-46.440163999999996,,,,2,2023-06-20T11:57:11+00:00
SAO_263C-10,São Paulo,3550308,True,,33020,,,-23.4940365,-46.4196,,,,2,2023-06-20T11:57:14+00:00
SAO_263C-10,São Paulo,3550308,True,,33020,,,-23.53877775,-46.43743550000001,,,,2,2023-06-20T11:57:15+00:00
SAO_971A-10,São Paulo,3550308,True,,658,,,-23.502560000000003,-46.6515895,,,,1,2023-06-20T11:57:25+00:00
SAO_971A-10,São Paulo,3550308,True,,658,,,-23.5025645,-46.671980500000004,,,,1,2023-06-20T11:57:09+00:00
SAO_971A-10,São Paulo,3550308,True,,658,,,-23.486776499999998,-46.6808985,,,,1,2023-06-20T11:57:23+00:00
SAO_4114-10,São Paulo,3550308,True,EMTU,321,https://moovitapp.com/index/pt-br/transporte_p%C3%BAblico-line-321-Sao_Paulo-242-2038937-36419411-0,5.4,-23.5699688125,-46.6274693125,,,,1,2023-06-20T11:57:23+00:00
SAO_407W-10,São Paulo,3550308,True,,2204,,,-23.590736500000002,-46.50146925,,,,1,2023-06-20T11:57:15+00:00
SAO_407W-10,São Paulo,3550308,True,,2204,,,-23.540929,-46.550073499999996,,,,1,2023-06-20T11:57:32+00:00
SAO_9018-10,São Paulo,3550308,True,,34039,,,-23.470406500000003,-46.721548999999996,,,,2,2023-06-20T11:57:35+00:00
SAO_9018-10,São Paulo,3550308,True,,34039,,,-23.470133500000003,-46.7216755,,,,2,2023-06-20T11:57:09+00:00
SAO_9018-10,São Paulo,3550308,True,,34039,,,-23.4821325,-46.718720000000005,,,,2,2023-06-20T11:57:16+00:00
SAO_7272-10,São Paulo,3550308,True,,1333,,,-23.549421375,-46.652867625,,,,1,2023-06-20T11:57:27+00:00
SAO_7272-10,São Paulo,3550308,True,,1333,,,-23.525157999999998,-46.689764999999994,,,,1,2023-06-20T11:57:32+00:00
SAO_6043-10,São Paulo,3550308,True,,33988,,,-23.645328,-46.729937,,,,2,2023-06-20T11:56:55+00:00
SAO_6043-10,São Paulo,3550308,True,,33988,,,-23.6590305,-46.74605,,,,2,2023-06-20T11:57:00+00:00
SAO_6043-10,São Paulo,3550308,True,,33988,,,-23.65985575,-46.754189,,,,2,2023-06-20T11:56:59+00:00
SAO_3139-10,São Paulo,3550308,True,,995,,,-23.559399999999997,-46.588271750000004,,,,1,2023-06-20T11:57:21+00:00
SAO_637A-26,São Paulo,3550308,True,,1757,,,-23.5872485,-46.6893825,,,,1,2023-06-20T11:57:32+00:00
SAO_637A-26,São Paulo,3550308,True,,1757,,,-23.668476,-46.735507,,,,1,2023-06-20T11:57:20+00:00
SAO_4086-10,São Paulo,3550308,True,,35018,,,-23.599101500000003,-46.39064525,,,,2,2023-06-20T11:57:15+00:00
SAO_4086-10,São Paulo,3550308,True,,35018,,,-23.5829765,-46.40796,,,,2,2023-06-20T11:57:37+00:00
SAO_4086-10,São Paulo,3550308,True,,35018,,,-23.582943,-46.408454,,,,2,2023-06-20T11:57:24+00:00
SAO_311C-10,São Paulo,3550308,True,,33077,,,-23.594777,-46.5478045,,,,2,2023-06-20T11:57:27+00:00
SAO_311C-10,São Paulo,3550308,True,,33077,,,-23.5948265,-46.5475585,,,,2,2023-06-20T11:57:35+00:00
SAO_311C-10,São Paulo,3550308,True,,33077,,,-23.540165374999997,-46.607773,,,,2,2023-06-20T11:56:58+00:00
SAO_1721-10,São Paulo,3550308,True,,666,,,-23.4894945,-46.5710555,,,,1,2023-06-20T11:56:56+00:00
SAO_1721-10,São Paulo,3550308,True,,666,,,-23.5012705,-46.6134415,,,,1,2023-06-20T11:57:05+00:00
SAO_1721-10,São Paulo,3550308,True,,666,,,-23.491441000000002,-46.5881845,,,,1,2023-06-20T11:57:07+00:00
SAO_1785-10,São Paulo,3550308,True,,34584,,,-23.478056000000002,-46.6228885,,,,2,2023-06-20T11:57:09+00:00
SAO_1785-10,São Paulo,3550308,True,,34584,,,-23.497363,-46.62208,,,,2,2023-06-20T11:57:00+00:00
SAO_5119-23,São Paulo,3550308,True,,2125,,,-23.6293565,-46.7362355,,,,1,2023-06-20T11:57:26+00:00
SAO_2711-10,São Paulo,3550308,True,,33693,,,-23.5089365,-46.493163,,,,2,2023-06-20T11:57:33+00:00
SAO_2711-10,São Paulo,3550308,True,,33693,,,-23.514456000000003,-46.48103125,,,,2,2023-06-20T11:57:16+00:00
SAO_2711-10,São Paulo,3550308,True,,33693,,,-23.514061499999997,-46.480635500000005,,,,2,2023-06-20T11:57:18+00:00
SAO_2711-10,São Paulo,3550308,True,,33693,,,-23.5146415,-46.4970595,,,,2,2023-06-20T11:57:27+00:00
SAO_2060-10,São Paulo,3550308,True,EMTU,134,https://moovitapp.com/index/pt-br/transporte_p%C3%BAblico-line-134-Sao_Paulo-242-2038937-36419287-0,5.2,-23.539782000000002,-46.482977500000004,,,,1,2023-06-20T11:57:06+00:00
SAO_2060-10,São Paulo,3550308,True,EMTU,134,https://moovitapp.com/index/pt-br/transporte_p%C3%BAblico-line-134-Sao_Paulo-242-2038937-36419287-0,5.2,-23.524526875,-46.468310125,,,,1,2023-06-20T11:57:32+00:00
SAO_4706-10,São Paulo,3550308,True,,33067,,,-23.6386705,-46.6051505,,,,2,2023-06-20T11:57:30+00:00
SAO_8010-21,São Paulo,3550308,True,,34505,,,-23.4045075,-46.753349,,,,2,2023-06-20T11:56:54+00:00
SAO_778R-10,São Paulo,3550308,True,EMTU,509,https://moovitapp.com/index/pt-br/transporte_p%C3%BAblico-line-509-Sao_Paulo-242-2038937-36419531-0,4.95,-23.57771175,-46.72483199999999,,,,1,2023-06-20T11:57:36+00:00
SAO_778R-10,São Paulo,3550308,True,EMTU,509,https://moovitapp.com/index/pt-br/transporte_p%C3%BAblico-line-509-Sao_Paulo-242-2038937-36419531-0,4.95,-23.590211500000002,-46.7966535,,,,1,2023-06-20T11:57:12+00:00
SAO_778R-10,São Paulo,3550308,True,EMTU,509,https://moovitapp.com/index/pt-br/transporte_p%C3%BAblico-line-509-Sao_Paulo-242-2038937-36419531-0,4.95,-23.585289000000003,-46.740832499999996,,,,1,2023-06-20T11:57:22+00:00
SAO_778R-10,São Paulo,3550308,True,EMTU,509,https://moovitapp.com/index/pt-br/transporte_p%C3%BAblico-line-509-Sao_Paulo-242-2038937-36419531-0,4.95,-23.562667,-46.675276,,,,1,2023-06-20T11:56:56+00:00
SAO_778R-10,São Paulo,3550308,True,EMTU,509,https://moovitapp.com/index/pt-br/transporte_p%C3%BAblico-line-509-Sao_Paulo-242-2038937-36419531-0,4.95,-23.586847,-46.8002355,,,,1,2023-06-20T11:57:19+00:00
SAO_778R-10,São Paulo,3550308,True,EMTU,509,https://moovitapp.com/index/pt-br/transporte_p%C3%BAblico-line-509-Sao_Paulo-242-2038937-36419531-0,4.95,-23.585718,-46.805552500000005,,,,1,2023-06-20T11:57:11+00:00
SAO_778R-10,São Paulo,3550308,True,EMTU,509,https://moovitapp.com/index/pt-br/transporte_p%C3%BAblico-line-509-Sao_Paulo-242-2038937-36419531-0,4.95,-23.542655500000002,-46.64764925,,,,1,2023-06-20T11:57:05+00:00
SAO_2014-10,São Paulo,3550308,True,,33668,,,-23.528373000000002,-46.675531,,,,2,2023-06-20T11:57:17+00:00
SAO_2014-10,São Paulo,3550308,True,,33668,,,-23.5248565,-46.670845,,,,2,2023-06-20T11:57:09+00:00
SAO_2014-10,São Paulo,3550308,True,,33668,,,-23.495732250000003,-46.660722625000005,,,,2,2023-06-20T11:57:31+00:00
SAO_2014-10,São Paulo,3550308,True,,33668,,,-23.482215500000002,-46.672433999999996,,,,2,2023-06-20T11:57:03+00:00
SAO_2014-10,São Paulo,3550308,True,,33668,,,-23.457342,-46.669977,,,,2,2023-06-20T11:57:29+00:00
SAO_2014-10,São Paulo,3550308,True,,33668,,,-23.457518,-46.670135,,,,2,2023-06-20T11:57:15+00:00
SAO_4051-10,São Paulo,3550308,True,,34912,,,-23.55352275,-46.40449225,,,,2,2023-06-20T11:57:37+00:00
SAO_6L01-22,São Paulo,3550308,True,,1827,,,-23.843916,-46.73679,,,,1,2023-06-20T11:57:36+00:00
SAO_6L01-22,São Paulo,3550308,True,,1827,,,-23.768844,-46.7164875,,,,1,2023-06-20T11:57:35+00:00
SAO_1016-10,São Paulo,3550308,True,EMTU,831,https://moovitapp.com/index/pt-br/transporte_p%C3%BAblico-line-831-Sao_Paulo-242-2038937-36419598-0,5.7,-23.513510625000002,-46.616156249999996,,,,1,2023-06-20T11:57:36+00:00
SAO_1016-10,São Paulo,3550308,True,EMTU,831,https://moovitapp.com/index/pt-br/transporte_p%C3%BAblico-line-831-Sao_Paulo-242-2038937-36419598-0,5.7,-23.5008435,-46.615061999999995,,,,1,2023-06-20T11:57:00+00:00
SAO_1016-10,São Paulo,3550308,True,EMTU,831,https://moovitapp.com/index/pt-br/transporte_p%C3%BAblico-line-831-Sao_Paulo-242-2038937-36419598-0,5.7,-23.450160500000003,-46.608044,,,,1,2023-06-20T11:54:56+00:00
SAO_1016-10,São Paulo,3550308,True,EMTU,831,https://moovitapp.com/index/pt-br/transporte_p%C3%BAblico-line-831-Sao_Paulo-242-2038937-36419598-0,5.7,-23.472679375,-46.613395,,,,1,2023-06-20T11:56:54+00:00
SAO_1016-10,São Paulo,3550308,True,EMTU,831,https://moovitapp.com/index/pt-br/transporte_p%C3%BAblico-line-831-Sao_Paulo-242-2038937-36419598-0,5.7,-23.446601,-46.613535999999996,,,,1,2023-06-20T11:57:02+00:00
SAO_6012-31,São Paulo,3550308,True,,34544,,,-23.686719500000002,-46.7881045,,,,2,2023-06-20T11:57:34+00:00
SAO_6012-31,São Paulo,3550308,True,,34544,,,-23.6903555,-46.7743995,,,,2,2023-06-20T11:57:13+00:00
SAO_5119-22,São Paulo,3550308,True,,34892,,,-23.644154,-46.733861000000005,,,,2,2023-06-20T11:57:20+00:00
SAO_4012-10,São Paulo,3550308,True,,34953,,,-23.598488,-46.44115775,,,,2,2023-06-20T11:57:27+00:00
SAO_4012-10,São Paulo,3550308,True,,34953,,,-23.613001,-46.4764665,,,,2,2023-06-20T11:57:01+00:00
SAO_4012-10,São Paulo,3550308,True,,34953,,,-23.619361499999997,-46.4604315,,,,2,2023-06-20T11:57:32+00:00
SAO_273L-10,São Paulo,3550308,True,,224,,,-23.536656999999998,-46.473169,,,,1,2023-06-20T11:56:57+00:00
SAO_273L-10,São Paulo,3550308,True,,224,,,-23.5137355,-46.4437965,,,,1,2023-06-20T11:57:34+00:00
SAO_273L-10,São Paulo,3550308,True,,224,,,-23.528588,-46.417485,,,,1,2023-06-20T11:57:19+00:00
SAO_9032-21,São Paulo,3550308,True,,1815,,,-23.4680295,-46.6775685,,,,1,2023-06-20T11:56:51+00:00
SAO_178T-10,São Paulo,3550308,True,,33333,,,-23.53098,-46.734971,,,,2,2023-06-20T11:57:05+00:00
SAO_178T-10,São Paulo,3550308,True,,33333,,,-23.503125,-46.6245765,,,,2,2023-06-20T11:57:05+00:00
SAO_178T-10,São Paulo,3550308,True,,33333,,,-23.526353,-46.73913425,,,,2,2023-06-20T11:56:59+00:00
SAO_178T-10,São Paulo,3550308,True,,33333,,,-23.501972000000002,-46.66989650000001,,,,2,2023-06-20T11:57:25+00:00
SAO_178T-10,São Paulo,3550308,True,,33333,,,-23.5196895,-46.702430500000006,,,,2,2023-06-20T11:57:26+00:00
SAO_2021-10,São Paulo,3550308,True,,906,,,-23.5443145,-46.389241999999996,,,,1,2023-06-20T11:57:18+00:00
SAO_2021-10,São Paulo,3550308,True,,906,,,-23.540091,-46.394296499999996,,,,1,2023-06-20T11:56:55+00:00
SAO_2021-10,São Paulo,3550308,True,,906,,,-23.540057,-46.399933,,,,1,2023-06-20T11:56:35+00:00
SAO_2021-10,São Paulo,3550308,True,,906,,,-23.5443145,-46.389241999999996,,,,1,2023-06-20T11:56:34+00:00
SAO_637V-10,São Paulo,3550308,True,,32872,,,-23.674924437499996,-46.713903,,,,2,2023-06-20T11:57:30+00:00
SAO_637V-10,São Paulo,3550308,True,,32872,,,-23.738392,-46.688331000000005,,,,2,2023-06-20T11:57:14+00:00
SAO_637V-10,São Paulo,3550308,True,,32872,,,-23.7382055,-46.6893095,,,,2,2023-06-20T11:57:21+00:00
SAO_637V-10,São Paulo,3550308,True,,32872,,,-23.7329825,-46.6832255,,,,2,2023-06-20T11:57:27+00:00
SAO_857A-10,São Paulo,3550308,True,,1925,,,-23.610121,-46.752266,,,,1,2023-06-20T11:57:04+00:00
SAO_857A-10,São Paulo,3550308,True,,1925,,,-23.58495,-46.719408,,,,1,2023-06-20T11:57:39+00:00
SAO_857A-10,São Paulo,3550308,True,,1925,,,-23.584108,-46.679387750000004,,,,1,2023-06-20T11:57:02+00:00
SAO_8075-10,São Paulo,3550308,True,,34812,,,-23.631173750000002,-46.77117525,,,,2,2023-06-20T11:57:35+00:00
SAO_8075-10,São Paulo,3550308,True,,34812,,,-23.592548374999996,-46.73287125,,,,2,2023-06-20T11:57:26+00:00
SAO_8026-10,São Paulo,3550308,True,,2083,,,-23.59181125,-46.73579,,,,1,2023-06-20T11:57:34+00:00
SAO_8026-10,São Paulo,3550308,True,,2083,,,-23.6254305,-46.7498475,,,,1,2023-06-20T11:56:53+00:00
SAO_8026-10,São Paulo,3550308,True,,2083,,,-23.5915995,-46.735897,,,,1,2023-06-20T11:57:16+00:00
SAO_8026-10,São Paulo,3550308,True,,2083,,,-23.618180375,-46.744591125,,,,1,2023-06-20T11:57:33+00:00
SAO_5029-10,São Paulo,3550308,True,,1672,,,-23.6213325,-46.5856705,,,,1,2023-06-20T11:57:10+00:00
SAO_5029-10,São Paulo,3550308,True,,1672,,,-23.620751,-46.5927355,,,,1,2023-06-20T11:57:09+00:00
SAO_5029-10,São Paulo,3550308,True,,1672,,,-23.60347625,-46.6025595,,,,1,2023-06-20T11:56:58+00:00
SAO_7062-10,São Paulo,3550308,True,,34666,,,-23.6425005,-46.766622,,,,2,2023-06-20T11:57:38+00:00
SAO_7062-10,São Paulo,3550308,True,,34666,,,-23.638224,-46.767461999999995,,,,2,2023-06-20T11:57:36+00:00
SAO_403A-10,São Paulo,3550308,True,,34960,,,-23.540297,-46.431876,,,,2,2023-06-20T11:57:04+00:00
SAO_403A-10,São Paulo,3550308,True,,34960,,,-23.557599500000002,-46.445420750000004,,,,2,2023-06-20T11:57:24+00:00
SAO_403A-10,São Paulo,3550308,True,,34960,,,-23.545222,-46.5145955,,,,2,2023-06-20T11:57:20+00:00
SAO_314V-10,São Paulo,3550308,True,,33079,,,-23.581717374999997,-46.594501125,,,,2,2023-06-20T11:57:23+00:00
SAO_917M-10,São Paulo,3550308,True,,34134,,,-23.546039999999998,-46.669340000000005,,,,2,2023-06-20T11:57:30+00:00
SAO_9006-10,São Paulo,3550308,True,,33642,,,-23.474243,-46.66870275000001,,,,2,2023-06-20T11:57:32+00:00
SAO_9006-10,São Paulo,3550308,True,,33642,,,-23.468827,-46.6854205,,,,2,2023-06-20T11:57:22+00:00
SAO_9006-10,São Paulo,3550308,True,,33642,,,-23.464864,-46.6906185,,,,2,2023-06-20T11:57:00+00:00
SAO_9006-10,São Paulo,3550308,True,,33642,,,-23.4653195,-46.6903695,,,,2,2023-06-20T11:57:06+00:00
SAO_314J-10,São Paulo,3550308,True,,33078,,,-23.597714500000002,-46.5606205,,,,2,2023-06-20T11:57:06+00:00
SAO_314J-10,São Paulo,3550308,True,,33078,,,-23.561635000000003,-46.6274685,,,,2,2023-06-20T11:57:27+00:00
SAO_4027-41,São Paulo,3550308,True,,2309,,,-23.629154,-46.44169325,,,,1,2023-06-20T11:57:35+00:00
SAO_4027-41,São Paulo,3550308,True,,2309,,,-23.611991500000002,-46.476893000000004,,,,1,2023-06-20T11:57:38+00:00
SAO_9188-42,São Paulo,3550308,True,,1711,,,-23.501889,-46.7086285,,,,1,2023-06-20T11:57:31+00:00
SAO_4028-10,São Paulo,3550308,True,,1098,,,-23.644064,-46.4464555,,,,1,2023-06-20T11:57:39+00:00
SAO_4028-10,São Paulo,3550308,True,,1098,,,-23.610221000000003,-46.476755125,,,,1,2023-06-20T11:57:12+00:00
SAO_3031-10,São Paulo,3550308,True,,33735,,,-23.6125095,-46.4445395,,,,2,2023-06-20T11:57:10+00:00
SAO_3031-10,São Paulo,3550308,True,,33735,,,-23.553980000000003,-46.4638355,,,,2,2023-06-20T11:57:12+00:00
SAO_3031-10,São Paulo,3550308,True,,33735,,,-23.570432750000002,-46.4492195,,,,2,2023-06-20T11:56:54+00:00
SAO_3031-10,São Paulo,3550308,True,,33735,,,-23.595407124999998,-46.439041125,,,,2,2023-06-20T11:57:03+00:00
SAO_637A-21,São Paulo,3550308,True,EMTU,181,https://moovitapp.com/index/pt-br/transporte_p%C3%BAblico-line-181-Sao_Paulo-242-2038937-36419316-0,6.2,-23.624938125,-46.707062125,,,,1,2023-06-20T11:57:12+00:00
SAO_637A-21,São Paulo,3550308,True,EMTU,181,https://moovitapp.com/index/pt-br/transporte_p%C3%BAblico-line-181-Sao_Paulo-242-2038937-36419316-0,6.2,-23.5730925,-46.689340875,,,,1,2023-06-20T11:57:02+00:00
SAO_637A-21,São Paulo,3550308,True,EMTU,181,https://moovitapp.com/index/pt-br/transporte_p%C3%BAblico-line-181-Sao_Paulo-242-2038937-36419316-0,6.2,-23.6668105,-46.733965999999995,,,,1,2023-06-20T11:57:37+00:00
SAO_756A-10,São Paulo,3550308,True,,793,,,-23.6019505,-46.7921015,,,,1,2023-06-20T11:56:55+00:00
SAO_756A-10,São Paulo,3550308,True,,793,,,-23.604422,-46.7492505,,,,1,2023-06-20T11:57:09+00:00
SAO_756A-10,São Paulo,3550308,True,,793,,,-23.5903255,-46.767745500000004,,,,1,2023-06-20T11:57:05+00:00
SAO_756A-10,São Paulo,3550308,True,,793,,,-23.6135745,-46.697574,,,,1,2023-06-20T11:57:29+00:00
SAO_756A-10,São Paulo,3550308,True,,793,,,-23.60011425,-46.718878875,,,,1,2023-06-20T11:57:03+00:00
SAO_5030-10,São Paulo,3550308,True,,1669,,,-23.613719000000003,-46.60432874999999,,,,1,2023-06-20T11:57:29+00:00
SAO_2021-10,São Paulo,3550308,True,,33674,,,-23.5417215,-46.416351500000005,,,,2,2023-06-20T11:57:34+00:00
SAO_213E-10,São Paulo,3550308,True,,35266,,,-23.542281000000003,-46.589968999999996,,,,2,2023-06-20T11:57:17+00:00
SAO_213E-10,São Paulo,3550308,True,,35266,,,-23.477224999999997,-46.5641905,,,,2,2023-06-20T11:57:08+00:00
SAO_213E-10,São Paulo,3550308,True,,35266,,,-23.5246825,-46.586485999999994,,,,2,2023-06-20T11:57:25+00:00
SAO_6815-10,São Paulo,3550308,True,BR7 Mobilidade,25,https://moovitapp.com/index/pt-br/transporte_p%C3%BAblico-line-25-Sao_Paulo-242-851856-758720-0,5.75,-23.6616725,-46.768751,,,,1,2023-06-20T11:57:24+00:00
SAO_7002-10,São Paulo,3550308,True,,33540,,,-23.568511,-46.6993345,,,,2,2023-06-20T11:57:14+00:00
SAO_7002-10,São Paulo,3550308,True,,33540,,,-23.590518,-46.76971475,,,,2,2023-06-20T11:57:27+00:00
SAO_7002-10,São Paulo,3550308,True,,33540,,,-23.59162275,-46.76552074999999,,,,2,2023-06-20T11:56:55+00:00
SAO_7002-10,São Paulo,3550308,True,,33540,,,-23.586439749999997,-46.756564,,,,2,2023-06-20T11:56:54+00:00
SAO_7002-10,São Paulo,3550308,True,,33540,,,-23.590518,-46.76971475,,,,2,2023-06-20T11:57:12+00:00
SAO_7002-10,São Paulo,3550308,True,,33540,,,-23.5900465,-46.769759500000006,,,,2,2023-06-20T11:57:19+00:00
SAO_7002-10,São Paulo,3550308,True,,33540,,,-23.5553855,-46.673866000000004,,,,2,2023-06-20T11:57:25+00:00
SAO_8300-1,São Paulo,3550308,True,,2507,,,-23.5195885,-46.700672,,,,1,2023-06-20T11:57:15+00:00
SAO_8009-10,São Paulo,3550308,True,,1259,,,-23.4634905,-46.746012500000006,,,,1,2023-06-20T11:57:02+00:00
SAO_5178-10,São Paulo,3550308,True,,595,,,-23.56853625,-46.649782,,,,1,2023-06-20T11:57:20+00:00
SAO_5178-10,São Paulo,3550308,True,,595,,,-23.631880250000002,-46.66903225,,,,1,2023-06-20T11:57:29+00:00
SAO_5178-10,São Paulo,3550308,True,,595,,,-23.6683435,-46.651041,,,,1,2023-06-20T11:56:53+00:00
SAO_5178-10,São Paulo,3550308,True,,595,,,-23.68391825,-46.637806499999996,,,,1,2023-06-20T11:55:34+00:00
SAO_5178-10,São Paulo,3550308,True,,595,,,-23.592672999999998,-46.65035225,,,,1,2023-06-20T11:57:36+00:00
SAO_3734-10,São Paulo,3550308,True,,1034,,,-23.550708,-46.46359375,,,,1,2023-06-20T11:56:53+00:00
SAO_3734-10,São Paulo,3550308,True,,1034,,,-23.540855999999998,-46.4849405,,,,1,2023-06-20T11:57:28+00:00
SAO_3734-10,São Paulo,3550308,True,,1034,,,-23.545069374999997,-46.4813085,,,,1,2023-06-20T11:57:11+00:00
SAO_546A-31,São Paulo,3550308,True,,33900,,,-23.713665,-46.65656725,,,,2,2023-06-20T11:54:04+00:00
SAO_546A-31,São Paulo,3550308,True,,33900,,,-23.704973,-46.6511425,,,,2,2023-06-20T11:55:59+00:00
SAO_546A-31,São Paulo,3550308,True,,33900,,,-23.6987815,-46.647917,,,,2,2023-06-20T11:57:14+00:00
SAO_546A-31,São Paulo,3550308,True,,33900,,,-23.692508750000002,-46.660829750000005,,,,2,2023-06-20T11:57:27+00:00
SAO_8300-1,São Paulo,3550308,True,,35275,,,-23.511091,-46.705378749999994,,,,2,2023-06-20T11:57:12+00:00
SAO_6076-41,São Paulo,3550308,True,,1986,,,-23.718534,-46.697025,,,,1,2023-06-20T11:57:20+00:00
SAO_6076-41,São Paulo,3550308,True,,1986,,,-23.66985675,-46.711535999999995,,,,1,2023-06-20T11:56:58+00:00
SAO_877T-10,São Paulo,3550308,True,,34149,,,-23.5148065,-46.717022,,,,2,2023-06-20T11:57:07+00:00
SAO_1732-10,São Paulo,3550308,True,,671,,,-23.5390125,-46.648478749999995,,,,1,2023-06-20T11:57:36+00:00
SAO_1732-10,São Paulo,3550308,True,,671,,,-23.532875625000003,-46.6451405,,,,1,2023-06-20T11:57:19+00:00
SAO_1732-10,São Paulo,3550308,True,,671,,,-23.499875499999998,-46.62425675,,,,1,2023-06-20T11:57:10+00:00
SAO_1732-10,São Paulo,3550308,True,,671,,,-23.482022,-46.602115,,,,1,2023-06-20T11:57:26+00:00
SAO_1732-10,São Paulo,3550308,True,,671,,,-23.47582775,-46.569711125,,,,1,2023-06-20T11:57:33+00:00
SAO_3301-10,São Paulo,3550308,True,,1618,,,-23.5206125,-46.549035625,,,,1,2023-06-20T11:57:21+00:00
SAO_3301-10,São Paulo,3550308,True,,1618,,,-23.507372125000003,-46.488834374999996,,,,1,2023-06-20T11:57:06+00:00
SAO_3301-10,São Paulo,3550308,True,,1618,,,-23.5369325,-46.591382,,,,1,2023-06-20T11:57:35+00:00
SAO_178A-10,São Paulo,3550308,True,,33326,,,-23.50162425,-46.62357300000001,,,,2,2023-06-20T11:56:59+00:00
SAO_178A-10,São Paulo,3550308,True,,33326,,,-23.52433825,-46.6871015,,,,2,2023-06-20T11:57:25+00:00
SAO_748A-41,São Paulo,3550308,True,EMTU,499,https://moovitapp.com/index/pt-br/transporte_p%C3%BAblico-line-499-Sao_Paulo-242-2038937-36419524-0,5.4,-23.525281375000002,-46.71072175,,,,1,2023-06-20T11:56:57+00:00
SAO_748A-41,São Paulo,3550308,True,EMTU,499,https://moovitapp.com/index/pt-br/transporte_p%C3%BAblico-line-499-Sao_Paulo-242-2038937-36419524-0,5.4,-23.574545,-46.741674,,,,1,2023-06-20T11:57:39+00:00
SAO_4014-10,São Paulo,3550308,True,,34955,,,-23.612562999999998,-46.45627825,,,,2,2023-06-20T11:57:10+00:00
SAO_4014-10,São Paulo,3550308,True,,34955,,,-23.5945835,-46.48145925,,,,2,2023-06-20T11:57:30+00:00
SAO_971M-10,São Paulo,3550308,True,,612,,,-23.4998425,-46.62548925,,,,1,2023-06-20T11:57:35+00:00
SAO_971M-10,São Paulo,3550308,True,,612,,,-23.4800945,-46.657217,,,,1,2023-06-20T11:57:37+00:00
SAO_971M-10,São Paulo,3550308,True,,612,,,-23.47578325,-46.639432875,,,,1,2023-06-20T11:57:37+00:00
SAO_5036-10,São Paulo,3550308,True,,1666,,,-23.60226325,-46.610352750000004,,,,1,2023-06-20T11:57:12+00:00
SAO_5036-10,São Paulo,3550308,True,,1666,,,-23.627129,-46.6013555,,,,1,2023-06-20T11:57:21+00:00
SAO_3712-10,São Paulo,3550308,True,,33777,,,-23.552117,-46.444058,,,,2,2023-06-20T11:57:38+00:00
SAO_3712-10,São Paulo,3550308,True,,33777,,,-23.55296125,-46.42555625,,,,2,2023-06-20T11:57:34+00:00
SAO_6115-41,São Paulo,3550308,True,,2241,,,-23.745433,-46.6650005,,,,1,2023-06-20T11:57:22+00:00
SAO_6115-41,São Paulo,3550308,True,,2241,,,-23.7379235,-46.6925615,,,,1,2023-06-20T11:57:09+00:00
SAO_2714-10,São Paulo,3550308,True,,927,,,-23.5221795,-46.53074975,,,,1,2023-06-20T11:56:58+00:00
SAO_2714-10,São Paulo,3550308,True,,927,,,-23.512558,-46.530508,,,,1,2023-06-20T11:57:15+00:00
SAO_2714-10,São Paulo,3550308,True,,927,,,-23.531136500000002,-46.5309355,,,,1,2023-06-20T11:56:57+00:00
SAO_3722-10,São Paulo,3550308,True,,1020,,,-23.5461955,-46.436366,,,,1,2023-06-20T11:57:38+00:00
SAO_3722-10,São Paulo,3550308,True,,1020,,,-23.53427725,-46.544287,,,,1,2023-06-20T11:57:39+00:00
SAO_3722-10,São Paulo,3550308,True,,1020,,,-23.55245625,-46.446428,,,,1,2023-06-20T11:57:12+00:00
SAO_5022-10,São Paulo,3550308,True,,33888,,,-23.6721505,-46.638467,,,,2,2023-06-20T11:57:38+00:00
SAO_5022-10,São Paulo,3550308,True,,33888,,,-23.6721505,-46.638467,,,,2,2023-06-20T11:57:26+00:00
SAO_5022-10,São Paulo,3550308,True,,33888,,,-23.6720685,-46.638756,,,,2,2023-06-20T11:57:32+00:00
SAO_5022-10,São Paulo,3550308,True,,33888,,,-23.6598515,-46.6432085,,,,2,2023-06-20T11:57:35+00:00
SAO_701H-10,São Paulo,3550308,True,,35326,,,-23.7045775,-46.74272775,,,,2,2023-06-20T11:57:38+00:00
SAO_8538-10,São Paulo,3550308,True,,1359,,,-23.542703,-46.636098,,,,1,2023-06-20T11:57:36+00:00
SAO_3742-10,São Paulo,3550308,True,,33810,,,-23.60121075,-46.43777675,,,,2,2023-06-20T11:57:39+00:00
SAO_3742-10,São Paulo,3550308,True,,33810,,,-23.5423835,-46.470721999999995,,,,2,2023-06-20T11:56:56+00:00
SAO_3742-10,São Paulo,3550308,True,,33810,,,-23.6044225,-46.434561,,,,2,2023-06-20T11:57:35+00:00
SAO_3742-10,São Paulo,3550308,True,,33810,,,-23.5597675,-46.4458145,,,,2,2023-06-20T11:57:30+00:00
SAO_3742-10,São Paulo,3550308,True,,33810,,,-23.54081625,-46.45086875,,,,2,2023-06-20T11:57:10+00:00
SAO_6062-10,São Paulo,3550308,True,,1151,,,-23.7270975,-46.691096,,,,1,2023-06-20T11:56:29+00:00
SAO_6062-10,São Paulo,3550308,True,,1151,,,-23.741829,-46.681028,,,,1,2023-06-20T11:57:20+00:00
SAO_6250-10,São Paulo,3550308,True,EMTU,468,https://moovitapp.com/index/pt-br/transporte_p%C3%BAblico-line-468-Sao_Paulo-242-2038937-36419506-0,6.65,-23.593974,-46.752213999999995,,,,1,2023-06-20T11:57:38+00:00
SAO_6250-10,São Paulo,3550308,True,EMTU,468,https://moovitapp.com/index/pt-br/transporte_p%C3%BAblico-line-468-Sao_Paulo-242-2038937-36419506-0,6.65,-23.558100500000002,-46.653222,,,,1,2023-06-20T11:57:28+00:00
SAO_6019-10,São Paulo,3550308,True,,1490,,,-23.667917,-46.7355005,,,,1,2023-06-20T11:57:25+00:00
SAO_6019-10,São Paulo,3550308,True,,1490,,,-23.667917,-46.7355005,,,,1,2023-06-20T11:57:23+00:00
SAO_6048-10,São Paulo,3550308,True,,32824,,,-23.64481825,-46.71861725,,,,2,2023-06-20T11:57:13+00:00
SAO_6048-10,São Paulo,3550308,True,,32824,,,-23.67780625,-46.77315425,,,,2,2023-06-20T11:57:33+00:00
SAO_771P-10,São Paulo,3550308,True,,33274,,,-23.58343625,-46.778476500000004,,,,2,2023-06-20T11:57:17+00:00
SAO_2582-21,São Paulo,3550308,True,,34538,,,-23.5173865,-46.47583825,,,,2,2023-06-20T11:57:21+00:00
SAO_6012-10,São Paulo,3550308,True,,33972,,,-23.6657155,-46.712301499999995,,,,2,2023-06-20T11:57:15+00:00
SAO_5110-24,São Paulo,3550308,True,,35227,,,-23.612666,-46.480691,,,,2,2023-06-20T11:56:59+00:00
SAO_4115-10,São Paulo,3550308,True,,33090,,,-23.56084,-46.629335,,,,2,2023-06-20T11:57:14+00:00
SAO_4115-10,São Paulo,3550308,True,,33090,,,-23.621776,-46.62868,,,,2,2023-06-20T11:57:01+00:00
SAO_271A-10,São Paulo,3550308,True,,33470,,,-23.519315499999998,-46.5471005,,,,2,2023-06-20T11:57:33+00:00
SAO_271A-10,São Paulo,3550308,True,,33470,,,-23.500075000000002,-46.606103000000004,,,,2,2023-06-20T11:56:53+00:00
SAO_271A-10,São Paulo,3550308,True,,33470,,,-23.519537999999997,-46.546806000000004,,,,2,2023-06-20T11:55:39+00:00
SAO_271A-10,São Paulo,3550308,True,,33470,,,-23.52655075,-46.55464775,,,,2,2023-06-20T11:56:58+00:00
SAO_271A-10,São Paulo,3550308,True,,33470,,,-23.505964,-46.5722995,,,,2,2023-06-20T11:57:38+00:00
SAO_271A-10,São Paulo,3550308,True,,33470,,,-23.5020995,-46.623662499999995,,,,2,2023-06-20T11:57:27+00:00
SAO_6805-31,São Paulo,3550308,True,,34556,,,-23.654369000000003,-46.762426500000004,,,,2,2023-06-20T11:57:11+00:00
SAO_847J-10,São Paulo,3550308,True,,34110,,,-23.543708625,-46.732338125,,,,2,2023-06-20T11:57:27+00:00
SAO_847J-10,São Paulo,3550308,True,,34110,,,-23.453826499999998,-46.7194135,,,,2,2023-06-20T11:57:30+00:00
SAO_4001-10,São Paulo,3550308,True,,34944,,,-23.554088999999998,-46.488022,,,,2,2023-06-20T11:56:56+00:00
SAO_4001-10,São Paulo,3550308,True,,34944,,,-23.532731,-46.4409,,,,2,2023-06-20T11:54:01+00:00
SAO_4001-10,São Paulo,3550308,True,,34944,,,-23.5321685,-46.4413195,,,,2,2023-06-20T11:55:50+00:00
SAO_9012-10,São Paulo,3550308,True,,1268,,,-23.492735,-46.694435999999996,,,,1,2023-06-20T11:57:23+00:00
SAO_5107-10,São Paulo,3550308,True,,34427,,,-23.560342,-46.6293905,,,,2,2023-06-20T11:57:06+00:00
SAO_6820-31,São Paulo,3550308,True,,1406,,,-23.659734999999998,-46.7756655,,,,1,2023-06-20T11:57:19+00:00
SAO_6820-31,São Paulo,3550308,True,,1406,,,-23.654061499999997,-46.763393,,,,1,2023-06-20T11:57:36+00:00
SAO_6820-31,São Paulo,3550308,True,,1406,,,-23.653725,-46.762792000000005,,,,1,2023-06-20T11:57:23+00:00
SAO_6820-31,São Paulo,3550308,True,,1406,,,-23.661323,-46.7885625,,,,1,2023-06-20T11:57:00+00:00
SAO_6L07-10,São Paulo,3550308,True,,1545,,,-23.773636,-46.720771,,,,1,2023-06-20T11:57:30+00:00
SAO_407T-10,São Paulo,3550308,True,,34970,,,-23.5405395,-46.44862125,,,,2,2023-06-20T11:57:25+00:00
SAO_2182-10,São Paulo,3550308,True,STT,700,https://moovitapp.com/index/pt-br/transporte_p%C3%BAblico-line-700-Sao_Paulo-242-850661-183337-0,5.3,-23.533794999999998,-46.602639874999994,,,,1,2023-06-20T11:57:25+00:00
SAO_2182-10,São Paulo,3550308,True,STT,700,https://moovitapp.com/index/pt-br/transporte_p%C3%BAblico-line-700-Sao_Paulo-242-850661-183337-0,5.3,-23.54167475,-46.6280045,,,,1,2023-06-20T11:57:13+00:00
SAO_2182-10,São Paulo,3550308,True,STT,700,https://moovitapp.com/index/pt-br/transporte_p%C3%BAblico-line-700-Sao_Paulo-242-850661-183337-0,5.3,-23.489226000000002,-46.571241,,,,1,2023-06-20T11:56:56+00:00
SAO_2182-10,São Paulo,3550308,True,STT,700,https://moovitapp.com/index/pt-br/transporte_p%C3%BAblico-line-700-Sao_Paulo-242-850661-183337-0,5.3,-23.5425665,-46.635465999999994,,,,1,2023-06-20T11:57:04+00:00
SAO_2182-10,São Paulo,3550308,True,STT,700,https://moovitapp.com/index/pt-br/transporte_p%C3%BAblico-line-700-Sao_Paulo-242-850661-183337-0,5.3,-23.51919025,-46.59044775,,,,1,2023-06-20T11:55:38+00:00
SAO_2182-10,São Paulo,3550308,True,STT,700,https://moovitapp.com/index/pt-br/transporte_p%C3%BAblico-line-700-Sao_Paulo-242-850661-183337-0,5.3,-23.497451,-46.574927875,,,,1,2023-06-20T11:55:32+00:00
SAO_1772-10,São Paulo,3550308,True,,635,,,-23.468961,-46.5962745,,,,1,2023-06-20T11:57:20+00:00
SAO_1772-10,São Paulo,3550308,True,,635,,,-23.4349075,-46.581235,,,,1,2023-06-20T11:57:12+00:00
SAO_1772-10,São Paulo,3550308,True,,635,,,-23.478602,-46.6012845,,,,1,2023-06-20T11:56:59+00:00
SAO_1772-10,São Paulo,3550308,True,,635,,,-23.455914999999997,-46.590154749999996,,,,1,2023-06-20T11:57:24+00:00
SAO_1772-10,São Paulo,3550308,True,,635,,,-23.449841,-46.584575,,,,1,2023-06-20T11:57:03+00:00
SAO_6001-10,São Paulo,3550308,True,,52,,,-23.644859875,-46.722269874999995,,,,1,2023-06-20T11:57:20+00:00
SAO_6063-42,São Paulo,3550308,True,,2002,,,-23.7856615,-46.688739,,,,1,2023-06-20T11:57:25+00:00
SAO_7004-21,São Paulo,3550308,True,,35351,,,-23.7456495,-46.796606499999996,,,,2,2023-06-20T11:57:21+00:00
SAO_1778-10,São Paulo,3550308,True,,1789,,,-23.479396,-46.611479,,,,1,2023-06-20T11:57:30+00:00
SAO_8019-10,São Paulo,3550308,True,,2071,,,-23.570968999999998,-46.709624625,,,,1,2023-06-20T11:57:38+00:00
SAO_8019-10,São Paulo,3550308,True,,2071,,,-23.563243,-46.746315499999994,,,,1,2023-06-20T11:57:20+00:00
SAO_607A-21,São Paulo,3550308,True,,34908,,,-23.67698475,-46.701097749999995,,,,2,2023-06-20T11:57:26+00:00
SAO_809U-10,São Paulo,3550308,True,,2254,,,-23.5454465,-46.692173999999994,,,,1,2023-06-20T11:57:00+00:00
SAO_6403-10,São Paulo,3550308,True,,32826,,,-23.6434815,-46.733768999999995,,,,2,2023-06-20T11:57:03+00:00
SAO_6403-10,São Paulo,3550308,True,,32826,,,-23.558258000000002,-46.653583999999995,,,,2,2023-06-20T11:57:38+00:00
SAO_9090-10,São Paulo,3550308,True,,884,,,-23.481148,-46.673638,,,,1,2023-06-20T11:56:53+00:00
SAO_6L10-10,São Paulo,3550308,True,,33927,,,-23.808721499999997,-46.765324,,,,2,2023-06-20T11:52:01+00:00
SAO_2004-10,São Paulo,3550308,True,,33660,,,-23.534992,-46.401114500000006,,,,2,2023-06-20T11:57:12+00:00
SAO_2004-10,São Paulo,3550308,True,,33660,,,-23.519621,-46.383444499999996,,,,2,2023-06-20T11:55:32+00:00
SAO_2004-10,São Paulo,3550308,True,,33660,,,-23.51971675,-46.38517075,,,,2,2023-06-20T11:57:03+00:00
SAO_2004-10,São Paulo,3550308,True,,33660,,,-23.51998075,-46.384243,,,,2,2023-06-20T11:57:37+00:00
SAO_2004-10,São Paulo,3550308,True,,33660,,,-23.51998075,-46.384243,,,,2,2023-06-20T11:57:37+00:00
SAO_2004-10,São Paulo,3550308,True,,33660,,,-23.5199755,-46.384038000000004,,,,2,2023-06-20T11:56:42+00:00
SAO_174M-10,São Paulo,3550308,True,,33441,,,-23.543049125,-46.61677125,,,,2,2023-06-20T11:57:14+00:00
SAO_4055-10,São Paulo,3550308,True,,2447,,,-23.54758275,-46.414733375,,,,1,2023-06-20T11:57:13+00:00
SAO_8200-10,São Paulo,3550308,True,,34031,,,-23.511425,-46.70535825,,,,2,2023-06-20T11:57:35+00:00
SAO_N336-11,São Paulo,3550308,True,,35116,,,-23.491775,-46.434236999999996,,,,2,2023-06-20T11:57:11+00:00
SAO_6823-10,São Paulo,3550308,True,,32802,,,-23.692131,-46.78990950000001,,,,2,2023-06-20T11:57:21+00:00
SAO_4032-10,São Paulo,3550308,True,,33870,,,-23.61655275,-46.63886600000001,,,,2,2023-06-20T11:57:30+00:00
SAO_476G-10,São Paulo,3550308,True,,33879,,,-23.58265375,-46.640446000000004,,,,2,2023-06-20T11:56:02+00:00
SAO_8545-10,São Paulo,3550308,True,,1364,,,-23.488203,-46.6932925,,,,1,2023-06-20T11:56:59+00:00
SAO_8545-10,São Paulo,3550308,True,,1364,,,-23.5266425,-46.66785350000001,,,,1,2023-06-20T11:57:26+00:00
SAO_3725-10,São Paulo,3550308,True,,1022,,,-23.5439845,-46.5184995,,,,1,2023-06-20T11:56:44+00:00
SAO_3725-10,São Paulo,3550308,True,,1022,,,-23.54853175,-46.52251925,,,,1,2023-06-20T11:57:24+00:00
SAO_4008-21,São Paulo,3550308,True,,2527,,,-23.579354000000002,-46.4323725,,,,1,2023-06-20T11:57:29+00:00
SAO_3903-10,São Paulo,3550308,True,,1471,,,-23.520384999999997,-46.4982515,,,,1,2023-06-20T11:57:36+00:00
SAO_5370-21,São Paulo,3550308,True,,1551,,,-23.7358415,-46.699111,,,,1,2023-06-20T11:57:16+00:00
SAO_5370-21,São Paulo,3550308,True,,1551,,,-23.603764,-46.66226399999999,,,,1,2023-06-20T11:57:20+00:00
SAO_1759-10,São Paulo,3550308,True,,33321,,,-23.462308999999998,-46.659564,,,,2,2023-06-20T11:57:35+00:00
SAO_1759-10,São Paulo,3550308,True,,33321,,,-23.494509,-46.6272795,,,,2,2023-06-20T11:57:35+00:00
SAO_1759-10,São Paulo,3550308,True,,33321,,,-23.462308999999998,-46.659564,,,,2,2023-06-20T11:57:05+00:00
SAO_8003-10,São Paulo,3550308,True,,34021,,,-23.5120405,-46.756833,,,,2,2023-06-20T11:57:06+00:00
SAO_8003-10,São Paulo,3550308,True,,34021,,,-23.5169275,-46.744069499999995,,,,2,2023-06-20T11:57:22+00:00
SAO_374M-10,São Paulo,3550308,True,,1965,,,-23.5430225,-46.4719685,,,,1,2023-06-20T11:57:11+00:00
SAO_374M-10,São Paulo,3550308,True,,1965,,,-23.4903915,-46.49826575,,,,1,2023-06-20T11:57:18+00:00
SAO_374M-10,São Paulo,3550308,True,,1965,,,-23.518715999999998,-46.512034,,,,1,2023-06-20T11:57:26+00:00
SAO_2703-21,São Paulo,3550308,True,,34295,,,-23.542657499999997,-46.4698,,,,2,2023-06-20T11:57:23+00:00
SAO_8018-10,São Paulo,3550308,True,,34838,,,-23.5984475,-46.73722,,,,2,2023-06-20T11:57:30+00:00
SAO_8018-10,São Paulo,3550308,True,,34838,,,-23.588607500000002,-46.728136000000006,,,,2,2023-06-20T11:57:10+00:00
SAO_1767-10,São Paulo,3550308,True,,628,,,-23.468732125000002,-46.578811875,,,,1,2023-06-20T11:57:06+00:00
SAO_1026-10,São Paulo,3550308,True,,35074,,,-23.4704835,-46.7104185,,,,2,2023-06-20T11:57:11+00:00
SAO_1026-10,São Paulo,3550308,True,,35074,,,-23.469867,-46.710125,,,,2,2023-06-20T11:57:06+00:00
SAO_1026-10,São Paulo,3550308,True,,35074,,,-23.47114175,-46.71015375,,,,2,2023-06-20T11:57:32+00:00
SAO_2033-10,São Paulo,3550308,True,,35267,,,-23.499835,-46.5761395,,,,2,2023-06-20T11:57:30+00:00
SAO_2033-10,São Paulo,3550308,True,,35267,,,-23.5143995,-46.607453,,,,2,2023-06-20T11:57:24+00:00
SAO_978L-10,São Paulo,3550308,True,,33234,,,-23.49597,-46.6772155,,,,2,2023-06-20T11:57:35+00:00
SAO_208M-10,São Paulo,3550308,True,,35246,,,-23.567124,-46.693495,,,,2,2023-06-20T11:57:22+00:00
SAO_208M-10,São Paulo,3550308,True,,35246,,,-23.530348124999996,-46.660929625,,,,2,2023-06-20T11:57:30+00:00
SAO_208M-10,São Paulo,3550308,True,,35246,,,-23.50162425,-46.62357300000001,,,,2,2023-06-20T11:57:02+00:00
SAO_8009-10,São Paulo,3550308,True,,34027,,,-23.447665999999998,-46.743303999999995,,,,2,2023-06-20T11:57:21+00:00
SAO_5145-10,São Paulo,3550308,True,,34409,,,-23.574405249999998,-46.556079249999996,,,,2,2023-06-20T11:57:21+00:00
SAO_5145-10,São Paulo,3550308,True,,34409,,,-23.5845445,-46.584295,,,,2,2023-06-20T11:57:24+00:00
SAO_6002-10,São Paulo,3550308,True,,34747,,,-23.70916425,-46.69858725,,,,2,2023-06-20T11:57:17+00:00
SAO_2029-10,São Paulo,3550308,True,,35038,,,-23.4308,-46.5751545,,,,2,2023-06-20T11:57:12+00:00
SAO_2029-10,São Paulo,3550308,True,,35038,,,-23.4807045,-46.60357325,,,,2,2023-06-20T11:57:09+00:00
SAO_4006-10,São Paulo,3550308,True,,34948,,,-23.605480999999997,-46.4342665,,,,2,2023-06-20T11:56:33+00:00
SAO_2704-10,São Paulo,3550308,True,,916,,,-23.5118895,-46.4278865,,,,1,2023-06-20T11:57:16+00:00
SAO_2704-10,São Paulo,3550308,True,,916,,,-23.524331250000003,-46.4104785,,,,1,2023-06-20T11:57:28+00:00
SAO_2704-10,São Paulo,3550308,True,,916,,,-23.5198535,-46.41966,,,,1,2023-06-20T11:57:07+00:00
SAO_2704-10,São Paulo,3550308,True,,916,,,-23.517286,-46.4388115,,,,1,2023-06-20T11:57:05+00:00
SAO_2704-10,São Paulo,3550308,True,,916,,,-23.526659000000002,-46.409887999999995,,,,1,2023-06-20T11:55:59+00:00
SAO_2704-10,São Paulo,3550308,True,,916,,,-23.5422585,-46.469769,,,,1,2023-06-20T11:57:10+00:00
SAO_2704-10,São Paulo,3550308,True,,916,,,-23.532956,-46.454313,,,,1,2023-06-20T11:55:36+00:00
SAO_2704-10,São Paulo,3550308,True,,916,,,-23.523834625000003,-46.414113875,,,,1,2023-06-20T11:57:34+00:00
SAO_637A-25,São Paulo,3550308,True,,34524,,,-23.56614425,-46.70165525,,,,2,2023-06-20T11:57:10+00:00
SAO_6338-10,São Paulo,3550308,True,,1293,,,-23.612851999999997,-46.637928375,,,,1,2023-06-20T11:57:12+00:00
SAO_6338-10,São Paulo,3550308,True,,1293,,,-23.655224,-46.64815175,,,,1,2023-06-20T11:57:30+00:00
SAO_414P-10,São Paulo,3550308,True,,33873,,,-23.585713499999997,-46.533454500000005,,,,2,2023-06-20T11:56:57+00:00
SAO_414P-10,São Paulo,3550308,True,,33873,,,-23.539933875,-46.57129825,,,,2,2023-06-20T11:57:10+00:00
SAO_4718-10,São Paulo,3550308,True,EMTU,336,https://moovitapp.com/index/pt-br/transporte_p%C3%BAblico-line-336-Sao_Paulo-242-2038937-36419421-0,4.8,-23.61276975,-46.617670000000004,,,,1,2023-06-20T11:57:20+00:00
SAO_2766-41,São Paulo,3550308,True,EMTU,396,https://moovitapp.com/index/pt-br/transporte_p%C3%BAblico-line-396-Sao_Paulo-242-2038937-36419462-0,6.7,-23.4939505,-46.416582,,,,1,2023-06-20T11:54:43+00:00
SAO_9188-42,São Paulo,3550308,True,,34479,,,-23.5019345,-46.708532500000004,,,,2,2023-06-20T11:57:00+00:00
SAO_775F-31,São Paulo,3550308,True,,35256,,,-23.585728500000002,-46.688661,,,,2,2023-06-20T11:57:30+00:00
SAO_775F-31,São Paulo,3550308,True,,35256,,,-23.60453,-46.7251305,,,,2,2023-06-20T11:57:18+00:00
SAO_775F-31,São Paulo,3550308,True,,35256,,,-23.586783,-46.6905855,,,,2,2023-06-20T11:57:36+00:00
SAO_6115-41,São Paulo,3550308,True,,35009,,,-23.753734,-46.680966,,,,2,2023-06-20T11:57:29+00:00
SAO_6818-10,São Paulo,3550308,True,,32796,,,-23.643383500000002,-46.766779125,,,,2,2023-06-20T11:57:36+00:00
SAO_1178-32,São Paulo,3550308,True,,2009,,,-23.499781249999998,-46.529206625,,,,1,2023-06-20T11:57:24+00:00
SAO_1178-32,São Paulo,3550308,True,,2009,,,-23.51832975,-46.6277295,,,,1,2023-06-20T11:57:15+00:00
SAO_314V-10,São Paulo,3550308,True,EMTU,311,https://moovitapp.com/index/pt-br/transporte_p%C3%BAblico-line-311-Sao_Paulo-242-2038937-36419403-0,7.9,-23.558266125,-46.633342875,,,,1,2023-06-20T11:57:11+00:00
SAO_4004-10,São Paulo,3550308,True,,2178,,,-23.588383,-46.3959845,,,,1,2023-06-20T11:57:14+00:00
SAO_4004-10,São Paulo,3550308,True,,2178,,,-23.5871455,-46.4065265,,,,1,2023-06-20T11:56:42+00:00
SAO_8043-10,São Paulo,3550308,True,,407,,,-23.475299,-46.7486145,,,,1,2023-06-20T11:57:35+00:00
SAO_7012-10,São Paulo,3550308,True,,34811,,,-23.6997535,-46.7785865,,,,2,2023-06-20T11:56:59+00:00
SAO_7012-10,São Paulo,3550308,True,,34811,,,-23.7101355,-46.77553675,,,,2,2023-06-20T11:56:57+00:00
SAO_7012-10,São Paulo,3550308,True,,34811,,,-23.7101355,-46.77553675,,,,2,2023-06-20T11:57:23+00:00
SAO_3013-10,São Paulo,3550308,True,,33722,,,-23.582943,-46.408454,,,,2,2023-06-20T11:57:18+00:00
SAO_3013-10,São Paulo,3550308,True,,33722,,,-23.592865250000003,-46.40673075000001,,,,2,2023-06-20T11:57:32+00:00
SAO_6058-10,São Paulo,3550308,True,,1149,,,-23.769851000000003,-46.676743,,,,1,2023-06-20T11:57:13+00:00
SAO_6058-10,São Paulo,3550308,True,,1149,,,-23.767736,-46.716332,,,,1,2023-06-20T11:57:00+00:00
SAO_6058-10,São Paulo,3550308,True,,1149,,,-23.774065999999998,-46.706472000000005,,,,1,2023-06-20T11:57:08+00:00
SAO_8019-31,São Paulo,3550308,True,,35342,,,-23.584564,-46.738485499999996,,,,2,2023-06-20T11:57:33+00:00
SAO_8019-31,São Paulo,3550308,True,,35342,,,-23.5435145,-46.7492515,,,,2,2023-06-20T11:57:20+00:00
SAO_6092-10,São Paulo,3550308,True,,33945,,,-23.768814250000002,-46.689640499999996,,,,2,2023-06-20T11:57:30+00:00
SAO_6092-10,São Paulo,3550308,True,,33945,,,-23.748095499999998,-46.68762275,,,,2,2023-06-20T11:57:11+00:00
SAO_6092-10,São Paulo,3550308,True,,33945,,,-23.778464,-46.68450625,,,,2,2023-06-20T11:57:07+00:00
SAO_6816-31,São Paulo,3550308,True,,1748,,,-23.6572805,-46.7687425,,,,1,2023-06-20T11:56:55+00:00
SAO_4735-10,São Paulo,3550308,True,,1110,,,-23.611874999999998,-46.474662,,,,1,2023-06-20T11:57:29+00:00
SAO_4735-10,São Paulo,3550308,True,,1110,,,-23.6178325,-46.468587,,,,1,2023-06-20T11:57:18+00:00
SAO_6L03-10,São Paulo,3550308,True,,34333,,,-23.83896,-46.737320499999996,,,,2,2023-06-20T11:57:21+00:00
SAO_6L04-42,São Paulo,3550308,True,,34335,,,-23.853762,-46.7556535,,,,2,2023-06-20T11:56:39+00:00
SAO_6L04-42,São Paulo,3550308,True,,34335,,,-23.8281815,-46.7272275,,,,2,2023-06-20T11:56:58+00:00
SAO_8542-21,São Paulo,3550308,True,,34129,,,-23.506805625,-46.689097125,,,,2,2023-06-20T11:56:59+00:00
SAO_8542-21,São Paulo,3550308,True,,34129,,,-23.4726875,-46.7023155,,,,2,2023-06-20T11:56:54+00:00
SAO_1701-22,São Paulo,3550308,True,,2477,,,-23.4587815,-46.585789,,,,1,2023-06-20T11:55:44+00:00
SAO_1701-22,São Paulo,3550308,True,,2477,,,-23.4461755,-46.574935499999995,,,,1,2023-06-20T11:57:15+00:00
SAO_2079-10,São Paulo,3550308,True,,33138,,,-23.494310499999997,-46.402223,,,,2,2023-06-20T11:57:12+00:00
SAO_2079-10,São Paulo,3550308,True,,33138,,,-23.496948875,-46.400600749999995,,,,2,2023-06-20T11:57:12+00:00
SAO_1025-10,São Paulo,3550308,True,,2303,,,-23.472212125,-46.69816862500001,,,,1,2023-06-20T11:57:26+00:00
SAO_5630-21,São Paulo,3550308,True,,34215,,,-23.70916425,-46.69858725,,,,2,2023-06-20T11:57:23+00:00
SAO_4036-10,São Paulo,3550308,True,,2561,,,-23.554643499999997,-46.480227,,,,1,2023-06-20T11:57:21+00:00
SAO_4036-10,São Paulo,3550308,True,,2561,,,-23.5580635,-46.522337500000006,,,,1,2023-06-20T11:57:33+00:00
SAO_775P-10,São Paulo,3550308,True,,33275,,,-23.58272925,-46.713883249999995,,,,2,2023-06-20T11:57:29+00:00
SAO_745M-21,São Paulo,3550308,True,,34752,,,-23.630817,-46.767892,,,,2,2023-06-20T11:55:15+00:00
SAO_745M-21,São Paulo,3550308,True,,34752,,,-23.63194,-46.7658135,,,,2,2023-06-20T11:57:34+00:00
SAO_4725-10,São Paulo,3550308,True,,338,,,-23.611822875,-46.650960749999996,,,,1,2023-06-20T11:57:17+00:00
SAO_5028-10,São Paulo,3550308,True,,1634,,,-23.58650075,-46.600473125,,,,1,2023-06-20T11:57:04+00:00
SAO_8043-10,São Paulo,3550308,True,,33175,,,-23.5148065,-46.717022,,,,2,2023-06-20T11:57:19+00:00
SAO_4002-10,São Paulo,3550308,True,,2177,,,-23.549073999999997,-46.398296,,,,1,2023-06-20T11:55:55+00:00
SAO_4002-10,São Paulo,3550308,True,,2177,,,-23.5670195,-46.5109545,,,,1,2023-06-20T11:57:28+00:00
SAO_4002-10,São Paulo,3550308,True,,2177,,,-23.553980000000003,-46.4638355,,,,1,2023-06-20T11:57:10+00:00
SAO_4002-10,São Paulo,3550308,True,,2177,,,-23.533158999999998,-46.4488585,,,,1,2023-06-20T11:57:34+00:00
SAO_6042-21,São Paulo,3550308,True,,1775,,,-23.654173,-46.762701500000006,,,,1,2023-06-20T11:57:02+00:00
SAO_6042-21,São Paulo,3550308,True,,1775,,,-23.6756975,-46.7687435,,,,1,2023-06-20T11:57:09+00:00
SAO_675P-10,São Paulo,3550308,True,,33043,,,-23.65056375,-46.64732375,,,,2,2023-06-20T11:56:57+00:00
SAO_675P-10,São Paulo,3550308,True,,33043,,,-23.64676125,-46.64523025,,,,2,2023-06-20T11:57:26+00:00
SAO_8030-10,São Paulo,3550308,True,,2562,,,-23.59203575,-46.735672,,,,1,2023-06-20T11:49:31+00:00
SAO_8030-10,São Paulo,3550308,True,,2562,,,-23.610991,-46.734415,,,,1,2023-06-20T11:57:26+00:00
SAO_4015-10,São Paulo,3550308,True,,34956,,,-23.611989,-46.473779,,,,2,2023-06-20T11:57:16+00:00
SAO_5033-10,São Paulo,3550308,True,,34433,,,-23.6327595,-46.614414,,,,2,2023-06-20T11:57:03+00:00
SAO_5033-10,São Paulo,3550308,True,,34433,,,-23.60328075,-46.602380499999995,,,,2,2023-06-20T11:57:23+00:00
SAO_476G-41,São Paulo,3550308,True,,33880,,,-23.582194875,-46.59092,,,,2,2023-06-20T11:55:48+00:00
SAO_6L08-10,São Paulo,3550308,True,,33950,,,-23.829931000000002,-46.720402,,,,2,2023-06-20T11:57:03+00:00
SAO_809N-10,São Paulo,3550308,True,,2244,,,-23.538038875,-46.7263945,,,,1,2023-06-20T11:57:11+00:00
SAO_8548-10,São Paulo,3550308,True,,33346,,,-23.515397999999998,-46.694567375000005,,,,2,2023-06-20T11:57:35+00:00
SAO_675G-41,São Paulo,3550308,True,,34562,,,-23.6461035,-46.6444255,,,,2,2023-06-20T11:57:26+00:00
SAO_7013-10,São Paulo,3550308,True,,33543,,,-23.6396455,-46.74996425,,,,2,2023-06-20T11:57:32+00:00
SAO_7013-10,São Paulo,3550308,True,,33543,,,-23.623449,-46.76386,,,,2,2023-06-20T11:57:38+00:00
SAO_7054-10,São Paulo,3550308,True,,32809,,,-23.641661,-46.781197500000005,,,,2,2023-06-20T11:57:19+00:00
SAO_2590-10,São Paulo,3550308,True,,33680,,,-23.54806525,-46.6258855,,,,2,2023-06-20T11:57:29+00:00
SAO_2590-10,São Paulo,3550308,True,,33680,,,-23.537501,-46.5958795,,,,2,2023-06-20T11:57:19+00:00
SAO_2590-10,São Paulo,3550308,True,,33680,,,-23.5050845,-46.5392715,,,,2,2023-06-20T11:57:01+00:00
SAO_5705-10,São Paulo,3550308,True,,34425,,,-23.589295999999997,-46.63421325,,,,2,2023-06-20T11:57:23+00:00
SAO_5705-10,São Paulo,3550308,True,,34425,,,-23.58899125,-46.610606375,,,,2,2023-06-20T11:57:35+00:00
SAO_1019-10,São Paulo,3550308,True,,35263,,,-23.44202875,-46.75877125,,,,2,2023-06-20T11:57:33+00:00
SAO_2105-10,São Paulo,3550308,True,,35015,,,-23.434998,-46.5813665,,,,2,2023-06-20T11:56:56+00:00
SAO_4734-10,São Paulo,3550308,True,,1109,,,-23.618497249999997,-46.6383035,,,,1,2023-06-20T11:57:17+00:00
SAO_4734-10,São Paulo,3550308,True,,1109,,,-23.618497249999997,-46.6383035,,,,1,2023-06-20T11:57:35+00:00
SAO_8700-21,São Paulo,3550308,True,,1982,,,-23.581098,-46.7115405,,,,1,2023-06-20T11:57:20+00:00
SAO_425E-10,São Paulo,3550308,True,,34404,,,-23.6122405,-46.477997,,,,2,2023-06-20T11:57:01+00:00
SAO_8023-10,São Paulo,3550308,True,,34842,,,-23.590617124999998,-46.802220125,,,,2,2023-06-20T11:57:04+00:00
SAO_8023-10,São Paulo,3550308,True,,34842,,,-23.590947,-46.7362225,,,,2,2023-06-20T11:57:03+00:00
SAO_6422-10,São Paulo,3550308,True,,33129,,,-23.641471,-46.716970625,,,,2,2023-06-20T11:56:57+00:00
SAO_6422-10,São Paulo,3550308,True,,33129,,,-23.63212025,-46.691869249999996,,,,2,2023-06-20T11:57:39+00:00
SAO_6806-10,São Paulo,3550308,True,BR7 Mobilidade,32,https://moovitapp.com/index/pt-br/transporte_p%C3%BAblico-line-32-Sao_Paulo-242-851856-586488-0,5.75,-23.6418215,-46.742343500000004,,,,1,2023-06-20T11:57:25+00:00
SAO_2435-10,São Paulo,3550308,True,,32978,,,-23.53044125,-46.495771500000004,,,,2,2023-06-20T11:57:02+00:00
SAO_4010-10,São Paulo,3550308,True,,34951,,,-23.5523945,-46.464682,,,,2,2023-06-20T11:56:58+00:00
SAO_6250-10,São Paulo,3550308,True,,33236,,,-23.5501655,-46.6397405,,,,2,2023-06-20T11:57:38+00:00
SAO_6250-10,São Paulo,3550308,True,,33236,,,-23.558744375000003,-46.683483124999995,,,,2,2023-06-20T11:57:31+00:00
SAO_6020-51,São Paulo,3550308,True,,2456,,,-23.825651,-46.744211,,,,1,2023-06-20T11:57:08+00:00
SAO_6052-31,São Paulo,3550308,True,,34600,,,-23.775509999999997,-46.691679,,,,2,2023-06-20T11:57:16+00:00
SAO_6052-31,São Paulo,3550308,True,,34600,,,-23.775509999999997,-46.691679,,,,2,2023-06-20T11:57:23+00:00
SAO_675L-10,São Paulo,3550308,True,,1478,,,-23.596363625,-46.651486375000005,,,,1,2023-06-20T11:57:33+00:00
SAO_675L-10,São Paulo,3550308,True,,1478,,,-23.633721,-46.69058475,,,,1,2023-06-20T11:57:31+00:00
SAO_675L-10,São Paulo,3550308,True,,1478,,,-23.653993,-46.710736499999996,,,,1,2023-06-20T11:57:13+00:00
SAO_5652-10,São Paulo,3550308,True,,33042,,,-23.617533,-46.6618735,,,,2,2023-06-20T11:57:06+00:00
SAO_637G-51,São Paulo,3550308,True,EMTU,102,https://moovitapp.com/index/pt-br/transporte_p%C3%BAblico-line-102-Sao_Paulo-242-2038937-36419265-0,4.8,-23.630904,-46.690561,,,,1,2023-06-20T11:57:38+00:00
SAO_637G-51,São Paulo,3550308,True,EMTU,102,https://moovitapp.com/index/pt-br/transporte_p%C3%BAblico-line-102-Sao_Paulo-242-2038937-36419265-0,4.8,-23.75487275,-46.66714025,,,,1,2023-06-20T11:53:31+00:00
SAO_2767-10,São Paulo,3550308,True,EMTU,241,https://moovitapp.com/index/pt-br/transporte_p%C3%BAblico-line-241-Sao_Paulo-242-2038937-36419354-0,5.15,-23.539696499999998,-46.575877500000004,,,,1,2023-06-20T11:57:30+00:00
SAO_2767-10,São Paulo,3550308,True,EMTU,241,https://moovitapp.com/index/pt-br/transporte_p%C3%BAblico-line-241-Sao_Paulo-242-2038937-36419354-0,5.15,-23.4957785,-46.468222,,,,1,2023-06-20T11:57:22+00:00
SAO_6258-31,São Paulo,3550308,True,,1783,,,-23.672157,-46.7411755,,,,1,2023-06-20T11:57:07+00:00
SAO_6L01-23,São Paulo,3550308,True,,34609,,,-23.767440999999998,-46.716431,,,,2,2023-06-20T11:57:24+00:00
SAO_5100-10,São Paulo,3550308,True,,34138,,,-23.56677975,-46.64852225,,,,2,2023-06-20T11:57:32+00:00
SAO_5024-10,São Paulo,3550308,True,,33890,,,-23.689080750000002,-46.64931275,,,,2,2023-06-20T11:57:09+00:00
SAO_5024-10,São Paulo,3550308,True,,33890,,,-23.692935,-46.660601,,,,2,2023-06-20T11:57:09+00:00
SAO_5024-10,São Paulo,3550308,True,,33890,,,-23.6886935,-46.649224000000004,,,,2,2023-06-20T11:57:14+00:00
SAO_2030-10,São Paulo,3550308,True,,2264,,,-23.493405000000003,-46.6333195,,,,1,2023-06-20T11:57:02+00:00
SAO_6L07-10,São Paulo,3550308,True,,34313,,,-23.831447124999997,-46.712339625,,,,2,2023-06-20T11:57:08+00:00
SAO_6L07-10,São Paulo,3550308,True,,34313,,,-23.805836,-46.713612,,,,2,2023-06-20T11:57:12+00:00
SAO_9300-10,São Paulo,3550308,True,,32884,,,-23.523054000000002,-46.654007,,,,2,2023-06-20T11:56:56+00:00
SAO_9300-10,São Paulo,3550308,True,,32884,,,-23.5414355,-46.628296,,,,2,2023-06-20T11:57:33+00:00
SAO_6002-10,São Paulo,3550308,True,,1979,,,-23.68354675,-46.677449499999994,,,,1,2023-06-20T11:57:11+00:00
SAO_502J-21,São Paulo,3550308,True,Viação Bela Sintra,2106,https://moovitapp.com/index/pt-br/transporte_p%C3%BAblico-line-2106-Sao_Paulo-242-1302890-55141642-0,4.5,-23.671593,-46.6642875,,,,1,2023-06-20T11:57:14+00:00
SAO_2101-10,São Paulo,3550308,True,,714,,,-23.553398,-46.591057,,,,1,2023-06-20T11:57:24+00:00
SAO_4007-10,São Paulo,3550308,True,,34949,,,-23.565385499999998,-46.3962625,,,,2,2023-06-20T11:57:03+00:00
SAO_4007-10,São Paulo,3550308,True,,34949,,,-23.5572845,-46.44540225,,,,2,2023-06-20T11:57:34+00:00
SAO_273G-21,São Paulo,3550308,True,,1853,,,-23.50760375,-46.47799125,,,,1,2023-06-20T11:56:55+00:00
SAO_273G-21,São Paulo,3550308,True,,1853,,,-23.4912225,-46.4433025,,,,1,2023-06-20T11:57:37+00:00
SAO_2010-10,São Paulo,3550308,True,,34872,,,-23.477516625,-46.564321375,,,,2,2023-06-20T11:57:22+00:00
SAO_2010-10,São Paulo,3550308,True,,34872,,,-23.477338,-46.564298,,,,2,2023-06-20T11:57:10+00:00
SAO_2010-10,São Paulo,3550308,True,,34872,,,-23.501627499999998,-46.6245885,,,,2,2023-06-20T11:57:27+00:00
SAO_8707-10,São Paulo,3550308,True,,34832,,,-23.582619875,-46.759946125,,,,2,2023-06-20T11:57:22+00:00
SAO_2702-21,São Paulo,3550308,True,,34294,,,-23.539782000000002,-46.482977500000004,,,,2,2023-06-20T11:57:06+00:00
SAO_2702-21,São Paulo,3550308,True,,34294,,,-23.539782000000002,-46.482977500000004,,,,2,2023-06-20T11:56:53+00:00
SAO_271A-10,São Paulo,3550308,True,STT,702,https://moovitapp.com/index/pt-br/transporte_p%C3%BAblico-line-702-Sao_Paulo-242-850661-641780-0,5.3,-23.4990225,-46.598451499999996,,,,1,2023-06-20T11:57:10+00:00
SAO_271A-10,São Paulo,3550308,True,STT,702,https://moovitapp.com/index/pt-br/transporte_p%C3%BAblico-line-702-Sao_Paulo-242-850661-641780-0,5.3,-23.521726,-46.568146625,,,,1,2023-06-20T11:57:39+00:00
SAO_4024-10,São Paulo,3550308,True,,34926,,,-23.567175499999998,-46.423607000000004,,,,2,2023-06-20T11:57:00+00:00
SAO_4284-10,São Paulo,3550308,True,,33057,,,-23.608772000000002,-46.555296,,,,2,2023-06-20T11:57:31+00:00
SAO_5194-10,São Paulo,3550308,True,,33037,,,-23.6441285,-46.672854,,,,2,2023-06-20T11:56:11+00:00
SAO_5194-10,São Paulo,3550308,True,,33037,,,-23.707637,-46.6553065,,,,2,2023-06-20T11:54:32+00:00
SAO_2017-10,São Paulo,3550308,True,,33671,,,-23.4910945,-46.441233999999994,,,,2,2023-06-20T11:57:10+00:00
SAO_N302-11,São Paulo,3550308,True,,2336,,,-23.518318999999998,-46.4758545,,,,1,2023-06-20T11:57:14+00:00
SAO_N302-11,São Paulo,3550308,True,,2336,,,-23.518318999999998,-46.4758545,,,,1,2023-06-20T11:57:18+00:00
SAO_2735-21,São Paulo,3550308,True,,514,,,-23.533376500000003,-46.545646000000005,,,,1,2023-06-20T11:57:21+00:00
SAO_8065-10,São Paulo,3550308,True,,33189,,,-23.4957165,-46.72078,,,,2,2023-06-20T11:57:03+00:00
SAO_4735-10,São Paulo,3550308,True,,33878,,,-23.61858625,-46.47226175,,,,2,2023-06-20T11:56:55+00:00
SAO_6232-10,São Paulo,3550308,True,STT,483,https://moovitapp.com/index/pt-br/transporte_p%C3%BAblico-line-483-Sao_Paulo-242-850661-183322-0,5.3,-23.5292185,-46.6607515,,,,1,2023-06-20T11:57:39+00:00
SAO_8047-41,São Paulo,3550308,True,STT,410,https://moovitapp.com/index/pt-br/transporte_p%C3%BAblico-line-410-Sao_Paulo-242-850661-183302-0,5.3,-23.51760125,-46.75017175,,,,1,2023-06-20T11:57:30+00:00
SAO_8047-41,São Paulo,3550308,True,STT,410,https://moovitapp.com/index/pt-br/transporte_p%C3%BAblico-line-410-Sao_Paulo-242-850661-183302-0,5.3,-23.5466355,-46.69045,,,,1,2023-06-20T11:56:56+00:00
SAO_6L04-42,São Paulo,3550308,True,,1567,,,-23.835237499999998,-46.730591000000004,,,,1,2023-06-20T11:57:15+00:00
SAO_3020-10,São Paulo,3550308,True,,33726,,,-23.55268875,-46.431169499999996,,,,2,2023-06-20T11:57:06+00:00
SAO_2101-41,São Paulo,3550308,True,STT,715,https://moovitapp.com/index/pt-br/transporte_p%C3%BAblico-line-715-Sao_Paulo-242-850661-183343-0,5.3,-23.545409499999998,-46.572683999999995,,,,1,2023-06-20T11:57:21+00:00
SAO_9166-10,São Paulo,3550308,True,,33475,,,-23.461335,-46.6658715,,,,2,2023-06-20T11:57:32+00:00
SAO_8030-10,São Paulo,3550308,True,,35330,,,-23.621713,-46.726639,,,,2,2023-06-20T11:57:13+00:00
SAO_8030-10,São Paulo,3550308,True,,35330,,,-23.610991,-46.734415,,,,2,2023-06-20T11:57:14+00:00
SAO_6821-10,São Paulo,3550308,True,BR7 Mobilidade,21,https://moovitapp.com/index/pt-br/transporte_p%C3%BAblico-line-21-Sao_Paulo-242-851856-707765-0,5.75,-23.6540735,-46.7628415,,,,1,2023-06-20T11:57:22+00:00
SAO_6821-10,São Paulo,3550308,True,BR7 Mobilidade,21,https://moovitapp.com/index/pt-br/transporte_p%C3%BAblico-line-21-Sao_Paulo-242-851856-707765-0,5.75,-23.676005500000002,-46.7745545,,,,1,2023-06-20T11:57:21+00:00
SAO_7054-10,São Paulo,3550308,True,,41,,,-23.6517055,-46.7906215,,,,1,2023-06-20T11:57:35+00:00
SAO_7054-10,São Paulo,3550308,True,,41,,,-23.644126999999997,-46.783966,,,,1,2023-06-20T11:57:37+00:00
SAO_1023-10,São Paulo,3550308,True,,35327,,,-23.486845000000002,-46.7270285,,,,2,2023-06-20T11:57:03+00:00
SAO_2127-10,São Paulo,3550308,True,,693,,,-23.49500775,-46.58013925,,,,1,2023-06-20T11:53:18+00:00
SAO_3139-10,São Paulo,3550308,True,,33763,,,-23.567712999999998,-46.523499,,,,2,2023-06-20T11:57:20+00:00
SAO_3139-10,São Paulo,3550308,True,,33763,,,-23.551139999999997,-46.632251499999995,,,,2,2023-06-20T11:57:35+00:00
SAO_N235-11,São Paulo,3550308,True,,2324,,,-23.46556725,-46.65283675,,,,1,2023-06-20T11:57:02+00:00
SAO_2025-10,São Paulo,3550308,True,,35035,,,-23.489671,-46.6099515,,,,2,2023-06-20T11:57:12+00:00
SAO_2025-10,São Paulo,3550308,True,,35035,,,-23.502243999999997,-46.623825,,,,2,2023-06-20T11:56:57+00:00
SAO_2025-10,São Paulo,3550308,True,,35035,,,-23.470723,-46.585755000000006,,,,2,2023-06-20T11:57:10+00:00
SAO_3459-23,São Paulo,3550308,True,EMTU,404,https://moovitapp.com/index/pt-br/transporte_p%C3%BAblico-line-404-Sao_Paulo-242-2038937-36419466-0,5.2,-23.5165205,-46.385602000000006,,,,1,2023-06-20T11:57:33+00:00
SAO_2707-31,São Paulo,3550308,True,,33688,,,-23.542657499999997,-46.4698,,,,2,2023-06-20T11:56:55+00:00
SAO_2175-10,São Paulo,3550308,True,,697,,,-23.487747,-46.574346,,,,1,2023-06-20T11:57:34+00:00
SAO_2175-10,São Paulo,3550308,True,,697,,,-23.5272625,-46.596712249999996,,,,1,2023-06-20T11:57:33+00:00
SAO_2201-10,São Paulo,3550308,True,,909,,,-23.5379315,-46.406484500000005,,,,1,2023-06-20T11:57:07+00:00
SAO_372F-10,São Paulo,3550308,True,,1015,,,-23.546568,-46.605794,,,,1,2023-06-20T11:57:08+00:00
SAO_8047-51,São Paulo,3550308,True,EMTU,411,https://moovitapp.com/index/pt-br/transporte_p%C3%BAblico-line-411-Sao_Paulo-242-2038937-36419470-0,7.3,-23.47013175,-46.754321375,,,,1,2023-06-20T11:57:02+00:00
SAO_8538-10,São Paulo,3550308,True,,34127,,,-23.4782405,-46.7072565,,,,2,2023-06-20T11:57:32+00:00
SAO_1760-10,São Paulo,3550308,True,,33325,,,-23.486455,-46.640005,,,,2,2023-06-20T11:57:31+00:00
SAO_273V-10,São Paulo,3550308,True,EMTU,231,https://moovitapp.com/index/pt-br/transporte_p%C3%BAblico-line-231-Sao_Paulo-242-2038937-36419348-0,6.2,-23.53199,-46.486186,,,,1,2023-06-20T11:57:33+00:00
SAO_4111-10,São Paulo,3550308,True,Cidade de Caieiras,320,https://moovitapp.com/index/pt-br/transporte_p%C3%BAblico-line-320-Sao_Paulo-242-868761-752903-0,5.0,-23.54188225,-46.627759499999996,,,,1,2023-06-20T11:57:15+00:00
SAO_6041-21,São Paulo,3550308,True,,1749,,,-23.647342625,-46.73910025,,,,1,2023-06-20T11:57:29+00:00
SAO_6801-10,São Paulo,3550308,True,,5,,,-23.643846500000002,-46.734212,,,,1,2023-06-20T11:57:11+00:00
SAO_6801-10,São Paulo,3550308,True,,5,,,-23.652333,-46.733948999999996,,,,1,2023-06-20T11:57:34+00:00
SAO_5108-10,São Paulo,3550308,True,,34443,,,-23.6264355,-46.6191595,,,,2,2023-06-20T11:57:06+00:00
SAO_5108-10,São Paulo,3550308,True,,34443,,,-23.662470499999998,-46.619994999999996,,,,2,2023-06-20T11:57:12+00:00
SAO_4035-10,São Paulo,3550308,True,,35328,,,-23.54180925,-46.4578595,,,,2,2023-06-20T11:57:37+00:00
SAO_8594-21,São Paulo,3550308,True,STT,433,https://moovitapp.com/index/pt-br/transporte_p%C3%BAblico-line-433-Sao_Paulo-242-850661-183308-0,5.3,-23.473803,-46.7259975,,,,1,2023-06-20T11:56:54+00:00
SAO_6801-51,São Paulo,3550308,True,,34542,,,-23.666329,-46.73653,,,,2,2023-06-20T11:57:10+00:00
SAO_8001-10,São Paulo,3550308,True,,1251,,,-23.509085250000002,-46.732589250000004,,,,1,2023-06-20T11:57:13+00:00
SAO_407R-10,São Paulo,3550308,True,,2201,,,-23.562294,-46.556946999999994,,,,1,2023-06-20T11:57:18+00:00
SAO_129F-41,São Paulo,3550308,True,,2305,,,-23.543011,-46.637326,,,,1,2023-06-20T11:57:27+00:00
SAO_2012-10,São Paulo,3550308,True,,35049,,,-23.50675675,-46.60452775,,,,2,2023-06-20T11:55:37+00:00
SAO_139A-10,São Paulo,3550308,True,,2451,,,-23.501553,-46.705663,,,,1,2023-06-20T11:57:07+00:00
SAO_1782-10,São Paulo,3550308,True,,33411,,,-23.4509685,-46.57224025,,,,2,2023-06-20T11:57:33+00:00
SAO_1782-10,São Paulo,3550308,True,,33411,,,-23.456825000000002,-46.587077,,,,2,2023-06-20T11:57:09+00:00
SAO_1782-10,São Paulo,3550308,True,,33411,,,-23.4507355,-46.57235675,,,,2,2023-06-20T11:57:34+00:00
SAO_177H-10,São Paulo,3550308,True,,33398,,,-23.534668500000002,-46.6537985,,,,2,2023-06-20T11:57:23+00:00
SAO_177H-10,São Paulo,3550308,True,,33398,,,-23.56775975,-46.69600174999999,,,,2,2023-06-20T11:57:36+00:00
SAO_2766-41,São Paulo,3550308,True,,33164,,,-23.542657499999997,-46.4698,,,,2,2023-06-20T11:57:29+00:00
SAO_6L04-41,São Paulo,3550308,True,,34334,,,-23.868378,-46.7520575,,,,2,2023-06-20T11:57:22+00:00
SAO_8002-10,São Paulo,3550308,True,,34020,,,-23.492734499999997,-46.7420705,,,,2,2023-06-20T11:57:20+00:00
SAO_407W-10,São Paulo,3550308,True,,34972,,,-23.559687874999998,-46.541199999999996,,,,2,2023-06-20T11:57:05+00:00
SAO_5129-41,São Paulo,3550308,True,,1974,,,-23.653678499999998,-46.7039965,,,,1,2023-06-20T11:57:02+00:00
SAO_7057-10,São Paulo,3550308,True,,34665,,,-23.631475000000002,-46.77217,,,,2,2023-06-20T11:57:35+00:00
SAO_7057-10,São Paulo,3550308,True,,34665,,,-23.64922775,-46.78505225,,,,2,2023-06-20T11:57:05+00:00
SAO_1788-51,São Paulo,3550308,True,,33422,,,-23.465622,-46.6035715,,,,2,2023-06-20T11:57:36+00:00
SAO_271M-10,São Paulo,3550308,True,,684,,,-23.52078075,-46.5650405,,,,1,2023-06-20T11:57:13+00:00
SAO_271M-10,São Paulo,3550308,True,,684,,,-23.500397,-46.5858825,,,,1,2023-06-20T11:57:01+00:00
SAO_211L-10,São Paulo,3550308,True,,35033,,,-23.4826065,-46.6307425,,,,2,2023-06-20T11:56:57+00:00
SAO_2024-10,São Paulo,3550308,True,,2261,,,-23.374416500000002,-46.575433000000004,,,,1,2023-06-20T10:59:10+00:00
SAO_3009-10,São Paulo,3550308,True,,35294,,,-23.5145305,-46.3958775,,,,2,2023-06-20T11:57:30+00:00
SAO_2032-10,São Paulo,3550308,True,,2266,,,-23.498510000000003,-46.599754,,,,1,2023-06-20T11:56:56+00:00
SAO_2032-10,São Paulo,3550308,True,,2266,,,-23.4842545,-46.573038499999996,,,,1,2023-06-20T11:57:37+00:00
SAO_6045-21,São Paulo,3550308,True,,34932,,,-23.654980000000002,-46.762824,,,,2,2023-06-20T11:57:39+00:00
SAO_6L01-23,São Paulo,3550308,True,,1841,,,-23.891372,-46.730624,,,,1,2023-06-20T11:57:19+00:00
SAO_2451-10,São Paulo,3550308,True,EMTU,213,https://moovitapp.com/index/pt-br/transporte_p%C3%BAblico-line-213-Sao_Paulo-242-2038937-36419335-0,6.7,-23.5292135,-46.497814500000004,,,,1,2023-06-20T11:56:20+00:00
SAO_2203-10,São Paulo,3550308,True,,33679,,,-23.52985925,-46.54004275,,,,2,2023-06-20T11:57:29+00:00
SAO_6042-21,São Paulo,3550308,True,,34543,,,-23.654173,-46.762701500000006,,,,2,2023-06-20T11:57:22+00:00
SAO_3722-10,São Paulo,3550308,True,,33788,,,-23.5545615,-46.482027,,,,2,2023-06-20T11:57:18+00:00
SAO_6091-51,São Paulo,3550308,True,,34459,,,-23.6540995,-46.7107505,,,,2,2023-06-20T11:57:24+00:00
SAO_4721-10,São Paulo,3550308,True,EMTU,337,https://moovitapp.com/index/pt-br/transporte_p%C3%BAblico-line-337-Sao_Paulo-242-2038937-36419422-0,6.35,-23.646357000000002,-46.639497500000004,,,,1,2023-06-20T11:57:14+00:00
SAO_6L05-21,São Paulo,3550308,True,,1174,,,-23.828203,-46.726499000000004,,,,1,2023-06-20T11:57:23+00:00
SAO_7063-10,São Paulo,3550308,True,,34667,,,-23.651636500000002,-46.779235,,,,2,2023-06-20T11:57:20+00:00
SAO_2020-10,São Paulo,3550308,True,,2262,,,-23.458008,-46.603969500000005,,,,1,2023-06-20T11:57:17+00:00
