bus_id,city,city_code,adapted,agency,line_code,line_url,line_fare,latitude,longitude,bus_speed,is_eletric,bus_type,bus_direction,updated_at
SAO_1156-10,São Paulo,3550308,True,,33427,,,-23.512628999999997,-46.5851695,,,,2,2023-06-18T12:21:52+00:00
SAO_1156-10,São Paulo,3550308,True,,33427,,,-23.4874285,-46.568459749999995,,,,2,2023-06-18T12:24:40+00:00
SAO_6058-10,São Paulo,3550308,True,,33917,,,-23.769851000000003,-46.676743,,,,2,2023-06-18T12:24:39+00:00
SAO_6058-10,São Paulo,3550308,True,,33917,,,-23.769750000000002,-46.714714,,,,2,2023-06-18T12:24:33+00:00
SAO_6058-10,São Paulo,3550308,True,,33917,,,-23.77025525,-46.6810555,,,,2,2023-06-18T12:25:10+00:00
SAO_6058-10,São Paulo,3550308,True,,33917,,,-23.769396,-46.7150415,,,,2,2023-06-18T12:24:59+00:00
SAO_3745-10,São Paulo,3550308,True,,33812,,,-23.55198775,-46.529923249999996,,,,2,2023-06-18T12:24:27+00:00
SAO_3745-10,São Paulo,3550308,True,,33812,,,-23.589163499999998,-46.500732,,,,2,2023-06-18T12:24:41+00:00
SAO_6414-10,São Paulo,3550308,True,EMTU,360,https://moovitapp.com/index/pt-br/transporte_p%C3%BAblico-line-360-Sao_Paulo-242-2038937-36419441-0,5.2,-23.647878499999997,-46.70258025,,,,1,2023-06-18T12:24:43+00:00
SAO_6414-10,São Paulo,3550308,True,EMTU,360,https://moovitapp.com/index/pt-br/transporte_p%C3%BAblico-line-360-Sao_Paulo-242-2038937-36419441-0,5.2,-23.570102249999998,-46.66185775,,,,1,2023-06-18T12:24:51+00:00
SAO_5011-10,São Paulo,3550308,True,,33883,,,-23.7103285,-46.62034,,,,2,2023-06-18T12:24:29+00:00
SAO_5011-10,São Paulo,3550308,True,,33883,,,-23.696273499999997,-46.668535,,,,2,2023-06-18T12:24:43+00:00
SAO_5011-10,São Paulo,3550308,True,,33883,,,-23.7103285,-46.62034,,,,2,2023-06-18T12:24:29+00:00
SAO_4113-10,São Paulo,3550308,True,,768,,,-23.55779175,-46.63296075,,,,1,2023-06-18T12:24:34+00:00
SAO_4113-10,São Paulo,3550308,True,,768,,,-23.584576,-46.612165000000005,,,,1,2023-06-18T12:24:28+00:00
SAO_4113-10,São Paulo,3550308,True,,768,,,-23.60155975,-46.612840250000005,,,,1,2023-06-18T12:24:28+00:00
SAO_4113-10,São Paulo,3550308,True,,768,,,-23.58919625,-46.61045225,,,,1,2023-06-18T12:25:00+00:00
SAO_2728-10,São Paulo,3550308,True,,33711,,,-23.5060225,-46.528212499999995,,,,2,2023-06-18T12:25:00+00:00
SAO_2728-10,São Paulo,3550308,True,,33711,,,-23.5015605,-46.512554,,,,2,2023-06-18T12:24:38+00:00
SAO_2728-10,São Paulo,3550308,True,,33711,,,-23.533566,-46.545125999999996,,,,2,2023-06-18T12:24:58+00:00
SAO_978L-10,São Paulo,3550308,True,EMTU,466,https://moovitapp.com/index/pt-br/transporte_p%C3%BAblico-line-466-Sao_Paulo-242-2038937-72712754-0,5.4,-23.474603000000002,-46.669678000000005,,,,1,2023-06-18T12:24:41+00:00
SAO_978L-10,São Paulo,3550308,True,EMTU,466,https://moovitapp.com/index/pt-br/transporte_p%C3%BAblico-line-466-Sao_Paulo-242-2038937-72712754-0,5.4,-23.5248585,-46.669369,,,,1,2023-06-18T12:24:38+00:00
SAO_573H-10,São Paulo,3550308,True,,34398,,,-23.5468175,-46.6081985,,,,2,2023-06-18T12:24:38+00:00
SAO_573H-10,São Paulo,3550308,True,,34398,,,-23.5752635,-46.570952,,,,2,2023-06-18T12:24:51+00:00
SAO_573H-10,São Paulo,3550308,True,,34398,,,-23.563212999999998,-46.591074,,,,2,2023-06-18T12:24:28+00:00
SAO_573H-10,São Paulo,3550308,True,,34398,,,-23.6120265,-46.493421,,,,2,2023-06-18T12:24:47+00:00
SAO_2755-10,São Paulo,3550308,True,STT,233,https://moovitapp.com/index/pt-br/transporte_p%C3%BAblico-line-233-Sao_Paulo-242-850661-183266-0,5.3,-23.534992,-46.401114500000006,,,,1,2023-06-18T12:24:42+00:00
SAO_2755-10,São Paulo,3550308,True,STT,233,https://moovitapp.com/index/pt-br/transporte_p%C3%BAblico-line-233-Sao_Paulo-242-850661-183266-0,5.3,-23.51850825,-46.511503250000004,,,,1,2023-06-18T12:24:30+00:00
SAO_2755-10,São Paulo,3550308,True,STT,233,https://moovitapp.com/index/pt-br/transporte_p%C3%BAblico-line-233-Sao_Paulo-242-850661-183266-0,5.3,-23.51150825,-46.4283315,,,,1,2023-06-18T12:24:25+00:00
SAO_2755-10,São Paulo,3550308,True,STT,233,https://moovitapp.com/index/pt-br/transporte_p%C3%BAblico-line-233-Sao_Paulo-242-850661-183266-0,5.3,-23.5397325,-46.3947625,,,,1,2023-06-18T12:24:58+00:00
SAO_1722-10,São Paulo,3550308,True,,33632,,,-23.473482750000002,-46.596992,,,,2,2023-06-18T12:24:45+00:00
SAO_1722-10,São Paulo,3550308,True,,33632,,,-23.47481775,-46.66588125,,,,2,2023-06-18T12:24:24+00:00
SAO_1722-10,São Paulo,3550308,True,,33632,,,-23.482091500000003,-46.671369,,,,2,2023-06-18T12:24:51+00:00
SAO_1722-10,São Paulo,3550308,True,,33632,,,-23.482122250000003,-46.671637000000004,,,,2,2023-06-18T12:24:50+00:00
SAO_1722-10,São Paulo,3550308,True,,33632,,,-23.458248625000003,-46.61426900000001,,,,2,2023-06-18T12:24:30+00:00
SAO_1722-10,São Paulo,3550308,True,,33632,,,-23.482122250000003,-46.671637000000004,,,,2,2023-06-18T12:24:47+00:00
SAO_3023-10,São Paulo,3550308,True,,33728,,,-23.61378525,-46.474972875000006,,,,2,2023-06-18T12:25:05+00:00
SAO_3023-10,São Paulo,3550308,True,,33728,,,-23.563912000000002,-46.5052585,,,,2,2023-06-18T12:24:26+00:00
SAO_3023-10,São Paulo,3550308,True,,33728,,,-23.5778305,-46.50332375,,,,2,2023-06-18T12:24:32+00:00
SAO_5123-10,São Paulo,3550308,True,,33893,,,-23.635889,-46.6414665,,,,2,2023-06-18T12:24:38+00:00
SAO_5123-10,São Paulo,3550308,True,,33893,,,-23.681586,-46.637748,,,,2,2023-06-18T12:24:54+00:00
SAO_273N-10,São Paulo,3550308,True,,33158,,,-23.531391999999997,-46.529958,,,,2,2023-06-18T12:24:45+00:00
SAO_273N-10,São Paulo,3550308,True,,33158,,,-23.517118,-46.475767000000005,,,,2,2023-06-18T12:24:51+00:00
SAO_273N-10,São Paulo,3550308,True,,33158,,,-23.5131725,-46.5166255,,,,2,2023-06-18T12:25:04+00:00
SAO_9004-10,São Paulo,3550308,True,,871,,,-23.472319999999996,-46.6704065,,,,1,2023-06-18T12:25:04+00:00
SAO_6091-10,São Paulo,3550308,True,,1175,,,-23.837304,-46.72053925,,,,1,2023-06-18T12:24:54+00:00
SAO_6091-10,São Paulo,3550308,True,,1175,,,-23.7582485,-46.7147595,,,,1,2023-06-18T12:25:06+00:00
SAO_6091-10,São Paulo,3550308,True,,1175,,,-23.82240775,-46.735719687499994,,,,1,2023-06-18T12:24:59+00:00
SAO_6091-10,São Paulo,3550308,True,,1175,,,-23.8264645,-46.731171,,,,1,2023-06-18T12:24:39+00:00
SAO_6091-10,São Paulo,3550308,True,,1175,,,-23.674248,-46.700070749999995,,,,1,2023-06-18T12:24:24+00:00
SAO_6035-10,São Paulo,3550308,True,,1213,,,-23.662343874999998,-46.706628,,,,1,2023-06-18T12:24:28+00:00
SAO_6035-10,São Paulo,3550308,True,,1213,,,-23.72062,-46.7558005,,,,1,2023-06-18T12:24:57+00:00
SAO_6035-10,São Paulo,3550308,True,,1213,,,-23.698998,-46.7798875,,,,1,2023-06-18T12:24:32+00:00
SAO_4056-10,São Paulo,3550308,True,,2237,,,-23.611331999999997,-46.4759295,,,,1,2023-06-18T12:24:40+00:00
SAO_4056-10,São Paulo,3550308,True,,2237,,,-23.599459500000002,-46.4523525,,,,1,2023-06-18T12:24:55+00:00
SAO_4016-10,São Paulo,3550308,True,,34957,,,-23.62902125,-46.461916,,,,2,2023-06-18T12:24:37+00:00
SAO_4016-10,São Paulo,3550308,True,,34957,,,-23.612665,-46.476373499999994,,,,2,2023-06-18T12:24:51+00:00
SAO_407G-10,São Paulo,3550308,True,,2196,,,-23.610959,-46.476257875,,,,1,2023-06-18T12:25:07+00:00
SAO_407G-10,São Paulo,3550308,True,,2196,,,-23.537675999999998,-46.562360562500004,,,,1,2023-06-18T12:24:57+00:00
SAO_407G-10,São Paulo,3550308,True,,2196,,,-23.61233075,-46.454850875000005,,,,1,2023-06-18T12:25:04+00:00
SAO_407G-10,São Paulo,3550308,True,,2196,,,-23.6016495,-46.438372,,,,1,2023-06-18T12:24:58+00:00
SAO_407G-10,São Paulo,3550308,True,,2196,,,-23.5752715,-46.502601,,,,1,2023-06-18T12:24:39+00:00
SAO_971V-10,São Paulo,3550308,True,,33387,,,-23.492043000000002,-46.669475000000006,,,,2,2023-06-18T12:25:05+00:00
SAO_971V-10,São Paulo,3550308,True,,33387,,,-23.451152999999998,-46.690967,,,,2,2023-06-18T12:24:42+00:00
SAO_971V-10,São Paulo,3550308,True,,33387,,,-23.4500925,-46.684834499999994,,,,2,2023-06-18T12:23:19+00:00
SAO_4051-10,São Paulo,3550308,True,,2144,,,-23.559117,-46.399842,,,,1,2023-06-18T12:22:57+00:00
SAO_4051-10,São Paulo,3550308,True,,2144,,,-23.561616,-46.401831,,,,1,2023-06-18T12:24:48+00:00
SAO_4051-10,São Paulo,3550308,True,,2144,,,-23.542614,-46.4155005,,,,1,2023-06-18T12:23:46+00:00
SAO_4051-10,São Paulo,3550308,True,,2144,,,-23.561616,-46.401831,,,,1,2023-06-18T12:24:27+00:00
SAO_7016-10,São Paulo,3550308,True,,34886,,,-23.67024,-46.7343505,,,,2,2023-06-18T12:24:25+00:00
SAO_7016-10,São Paulo,3550308,True,,34886,,,-23.666391750000003,-46.719602374999994,,,,2,2023-06-18T12:25:06+00:00
SAO_7016-10,São Paulo,3550308,True,,34886,,,-23.6540465,-46.7115875,,,,2,2023-06-18T12:24:36+00:00
SAO_7016-10,São Paulo,3550308,True,,34886,,,-23.689074125,-46.77322225,,,,2,2023-06-18T12:24:57+00:00
SAO_6045-10,São Paulo,3550308,True,,33990,,,-23.69435,-46.794564,,,,2,2023-06-18T12:25:01+00:00
SAO_6045-10,São Paulo,3550308,True,,33990,,,-23.696402,-46.7925305,,,,2,2023-06-18T12:25:04+00:00
SAO_6045-10,São Paulo,3550308,True,,33990,,,-23.69435,-46.794564,,,,2,2023-06-18T12:24:57+00:00
SAO_6045-10,São Paulo,3550308,True,,33990,,,-23.648122,-46.748729499999996,,,,2,2023-06-18T12:25:05+00:00
SAO_6045-10,São Paulo,3550308,True,,33990,,,-23.650330500000003,-46.708101,,,,2,2023-06-18T12:25:04+00:00
SAO_118C-10,São Paulo,3550308,True,,519,,,-23.475215,-46.638718,,,,1,2023-06-18T12:24:28+00:00
SAO_118C-10,São Paulo,3550308,True,,519,,,-23.459633,-46.66623,,,,1,2023-06-18T12:24:15+00:00
SAO_118C-10,São Paulo,3550308,True,,519,,,-23.515230125,-46.6252415,,,,1,2023-06-18T12:25:09+00:00
SAO_118C-10,São Paulo,3550308,True,,519,,,-23.4767405,-46.63429875,,,,1,2023-06-18T12:24:39+00:00
SAO_7059-10,São Paulo,3550308,True,,1924,,,-23.653073499999998,-46.7778225,,,,1,2023-06-18T12:25:00+00:00
SAO_7059-10,São Paulo,3550308,True,,1924,,,-23.662233,-46.7937055,,,,1,2023-06-18T12:24:36+00:00
SAO_9050-10,São Paulo,3550308,True,,34856,,,-23.5408075,-46.701162249999996,,,,2,2023-06-18T12:25:07+00:00
SAO_7017-10,São Paulo,3550308,True,,35270,,,-23.693227,-46.790786999999995,,,,2,2023-06-18T12:25:00+00:00
SAO_7017-10,São Paulo,3550308,True,,35270,,,-23.6731425,-46.7734105,,,,2,2023-06-18T12:25:03+00:00
SAO_5757-10,São Paulo,3550308,True,,34056,,,-23.6384045,-46.641318,,,,2,2023-06-18T12:24:51+00:00
SAO_5757-10,São Paulo,3550308,True,,34056,,,-23.666853,-46.6528565,,,,2,2023-06-18T12:24:41+00:00
SAO_5757-10,São Paulo,3550308,True,,34056,,,-23.6915195,-46.6393985,,,,2,2023-06-18T12:24:23+00:00
SAO_4708-10,São Paulo,3550308,True,EMTU,332,https://moovitapp.com/index/pt-br/transporte_p%C3%BAblico-line-332-Sao_Paulo-242-2038937-36419418-0,4.5,-23.591072,-46.631863,,,,1,2023-06-18T12:25:00+00:00
SAO_6L11-10,São Paulo,3550308,True,,33935,,,-23.741635000000002,-46.6917615,,,,2,2023-06-18T12:25:06+00:00
SAO_6L11-10,São Paulo,3550308,True,,33935,,,-23.8015015,-46.62784,,,,2,2023-06-18T12:25:04+00:00
SAO_208V-10,São Paulo,3550308,True,,32975,,,-23.5476865,-46.6292585,,,,2,2023-06-18T12:24:32+00:00
SAO_208V-10,São Paulo,3550308,True,,32975,,,-23.518699499999997,-46.4755635,,,,2,2023-06-18T12:24:36+00:00
SAO_208V-10,São Paulo,3550308,True,,32975,,,-23.5476865,-46.6292585,,,,2,2023-06-18T12:24:45+00:00
SAO_208V-10,São Paulo,3550308,True,,32975,,,-23.518699499999997,-46.4755635,,,,2,2023-06-18T12:24:24+00:00
SAO_208V-10,São Paulo,3550308,True,,32975,,,-23.5476865,-46.6292585,,,,2,2023-06-18T12:24:53+00:00
SAO_208V-10,São Paulo,3550308,True,,32975,,,-23.5476865,-46.6292585,,,,2,2023-06-18T06:46:21+00:00
SAO_208V-10,São Paulo,3550308,True,,32975,,,-23.517815499999998,-46.475735,,,,2,2023-06-18T12:24:41+00:00
SAO_208V-10,São Paulo,3550308,True,,32975,,,-23.5476865,-46.6292585,,,,2,2023-06-18T12:24:29+00:00
SAO_208V-10,São Paulo,3550308,True,,32975,,,-23.5476865,-46.6292585,,,,2,2023-06-18T12:25:00+00:00
SAO_208V-10,São Paulo,3550308,True,,32975,,,-23.5164355,-46.5211235,,,,2,2023-06-18T12:24:21+00:00
SAO_208V-10,São Paulo,3550308,True,,32975,,,-23.518814499999998,-46.475541,,,,2,2023-06-18T12:24:56+00:00
SAO_208V-10,São Paulo,3550308,True,,32975,,,-23.51775,-46.4757475,,,,2,2023-06-18T12:24:46+00:00
SAO_208V-10,São Paulo,3550308,True,,32975,,,-23.5476865,-46.6292585,,,,2,2023-06-18T12:24:30+00:00
SAO_208V-10,São Paulo,3550308,True,,32975,,,-23.5185185,-46.475598,,,,2,2023-06-18T12:24:37+00:00
SAO_208V-10,São Paulo,3550308,True,,32975,,,-23.5476865,-46.6292585,,,,2,2023-06-18T12:24:37+00:00
SAO_208V-10,São Paulo,3550308,True,,32975,,,-23.518861,-46.475532,,,,2,2023-06-18T12:24:39+00:00
SAO_342M-10,São Paulo,3550308,True,,33515,,,-23.527149,-46.554786,,,,2,2023-06-18T12:24:44+00:00
SAO_342M-10,São Paulo,3550308,True,,33515,,,-23.552506,-46.5288275,,,,2,2023-06-18T12:24:31+00:00
SAO_342M-10,São Paulo,3550308,True,,33515,,,-23.570831,-46.506951875,,,,2,2023-06-18T12:25:06+00:00
SAO_342M-10,São Paulo,3550308,True,,33515,,,-23.518709,-46.546899499999995,,,,2,2023-06-18T12:25:04+00:00
SAO_342M-10,São Paulo,3550308,True,,33515,,,-23.6130335,-46.4763365,,,,2,2023-06-18T12:24:41+00:00
SAO_5391-10,São Paulo,3550308,True,,32939,,,-23.6658115,-46.713567,,,,2,2023-06-18T12:24:39+00:00
SAO_5391-10,São Paulo,3550308,True,,32939,,,-23.686505,-46.770951,,,,2,2023-06-18T12:24:54+00:00
SAO_5391-10,São Paulo,3550308,True,,32939,,,-23.609273375,-46.667640875,,,,2,2023-06-18T12:24:47+00:00
SAO_5391-10,São Paulo,3550308,True,,32939,,,-23.58185,-46.656118250000006,,,,2,2023-06-18T12:24:46+00:00
SAO_407M-10,São Paulo,3550308,True,,33086,,,-23.575937,-46.61345,,,,2,2023-06-18T12:24:30+00:00
SAO_407M-10,São Paulo,3550308,True,,33086,,,-23.575941,-46.619213875,,,,2,2023-06-18T12:25:02+00:00
SAO_3754-10,São Paulo,3550308,True,,1049,,,-23.5592395,-46.403409499999995,,,,1,2023-06-18T12:24:38+00:00
SAO_3754-10,São Paulo,3550308,True,,1049,,,-23.5738885,-46.3986,,,,1,2023-06-18T12:24:45+00:00
SAO_3754-10,São Paulo,3550308,True,,1049,,,-23.558992874999998,-46.401013500000005,,,,1,2023-06-18T12:24:02+00:00
SAO_174M-10,São Paulo,3550308,True,,673,,,-23.487883500000002,-46.574864500000004,,,,1,2023-06-18T12:24:50+00:00
SAO_174M-10,São Paulo,3550308,True,,673,,,-23.493678000000003,-46.61693325,,,,1,2023-06-18T12:24:55+00:00
SAO_174M-10,São Paulo,3550308,True,,673,,,-23.567042,-46.611682,,,,1,2023-06-18T12:24:58+00:00
SAO_6003-10,São Paulo,3550308,True,,34240,,,-23.766613,-46.71643,,,,2,2023-06-18T12:25:02+00:00
SAO_6003-10,São Paulo,3550308,True,,34240,,,-23.7364975,-46.69661000000001,,,,2,2023-06-18T12:24:38+00:00
SAO_6003-10,São Paulo,3550308,True,,34240,,,-23.7377555,-46.6976535,,,,2,2023-06-18T12:24:06+00:00
SAO_6007-10,São Paulo,3550308,True,,32944,,,-23.653982499999998,-46.7110365,,,,2,2023-06-18T12:24:25+00:00
SAO_6007-10,São Paulo,3550308,True,,32944,,,-23.6620725,-46.736636000000004,,,,2,2023-06-18T12:24:43+00:00
SAO_6007-10,São Paulo,3550308,True,,32944,,,-23.6721505,-46.749772,,,,2,2023-06-18T12:24:35+00:00
SAO_6835-10,São Paulo,3550308,True,BR7 Mobilidade,12,https://moovitapp.com/index/pt-br/transporte_p%C3%BAblico-line-12-Sao_Paulo-242-851856-542340-0,5.75,-23.6544925,-46.7622535,,,,1,2023-06-18T12:24:52+00:00
SAO_6835-10,São Paulo,3550308,True,BR7 Mobilidade,12,https://moovitapp.com/index/pt-br/transporte_p%C3%BAblico-line-12-Sao_Paulo-242-851856-542340-0,5.75,-23.683338499999998,-46.789263000000005,,,,1,2023-06-18T12:25:07+00:00
SAO_5154-10,São Paulo,3550308,True,EMTU,353,https://moovitapp.com/index/pt-br/transporte_p%C3%BAblico-line-353-Sao_Paulo-242-2038937-36419436-0,5.1,-23.550881875,-46.63613575,,,,1,2023-06-18T12:24:41+00:00
SAO_5154-10,São Paulo,3550308,True,EMTU,353,https://moovitapp.com/index/pt-br/transporte_p%C3%BAblico-line-353-Sao_Paulo-242-2038937-36419436-0,5.1,-23.6100275,-46.686949999999996,,,,1,2023-06-18T12:25:05+00:00
SAO_5154-10,São Paulo,3550308,True,EMTU,353,https://moovitapp.com/index/pt-br/transporte_p%C3%BAblico-line-353-Sao_Paulo-242-2038937-36419436-0,5.1,-23.654157,-46.710629,,,,1,2023-06-18T12:24:52+00:00
SAO_5154-10,São Paulo,3550308,True,EMTU,353,https://moovitapp.com/index/pt-br/transporte_p%C3%BAblico-line-353-Sao_Paulo-242-2038937-36419436-0,5.1,-23.647313687500002,-46.7021901875,,,,1,2023-06-18T12:24:57+00:00
SAO_5154-10,São Paulo,3550308,True,EMTU,353,https://moovitapp.com/index/pt-br/transporte_p%C3%BAblico-line-353-Sao_Paulo-242-2038937-36419436-0,5.1,-23.654157,-46.710629,,,,1,2023-06-18T12:24:47+00:00
SAO_957T-10,São Paulo,3550308,True,,464,,,-23.59600375,-46.691593,,,,1,2023-06-18T12:24:44+00:00
SAO_957T-10,São Paulo,3550308,True,,464,,,-23.445055125000003,-46.717170875,,,,1,2023-06-18T12:24:54+00:00
SAO_957T-10,São Paulo,3550308,True,,464,,,-23.488203,-46.6932925,,,,1,2023-06-18T12:24:32+00:00
SAO_957T-10,São Paulo,3550308,True,,464,,,-23.5257755,-46.73846125,,,,1,2023-06-18T12:24:50+00:00
SAO_8040-10,São Paulo,3550308,True,,33174,,,-23.520801,-46.713073,,,,2,2023-06-18T12:24:24+00:00
SAO_8040-10,São Paulo,3550308,True,,33174,,,-23.494032750000002,-46.757225,,,,2,2023-06-18T12:24:41+00:00
SAO_8040-10,São Paulo,3550308,True,,33174,,,-23.435156,-46.7828905,,,,2,2023-06-18T12:24:46+00:00
SAO_707A-10,São Paulo,3550308,True,,1990,,,-23.6759545,-46.7530775,,,,1,2023-06-18T12:24:35+00:00
SAO_707A-10,São Paulo,3550308,True,,1990,,,-23.663378,-46.707454999999996,,,,1,2023-06-18T12:22:01+00:00
SAO_8610-10,São Paulo,3550308,True,,2063,,,-23.5495285,-46.6402545,,,,1,2023-06-18T12:24:54+00:00
SAO_8610-10,São Paulo,3550308,True,,2063,,,-23.56725,-46.6591068125,,,,1,2023-06-18T12:24:58+00:00
SAO_8610-10,São Paulo,3550308,True,,2063,,,-23.6013195,-46.792058499999996,,,,1,2023-06-18T12:24:55+00:00
SAO_8610-10,São Paulo,3550308,True,,2063,,,-23.577773,-46.725069,,,,1,2023-06-18T12:24:41+00:00
SAO_8016-10,São Paulo,3550308,True,,34114,,,-23.434883,-46.7183045,,,,2,2023-06-18T12:24:48+00:00
SAO_8016-10,São Paulo,3550308,True,,34114,,,-23.471604,-46.725013000000004,,,,2,2023-06-18T12:24:43+00:00
SAO_6837-10,São Paulo,3550308,True,,32774,,,-23.62217,-46.7594775,,,,2,2023-06-18T12:23:31+00:00
SAO_6837-10,São Paulo,3550308,True,,32774,,,-23.6161065,-46.739967,,,,2,2023-06-18T12:24:25+00:00
SAO_6055-10,São Paulo,3550308,True,,1146,,,-23.713739750000002,-46.69859025,,,,1,2023-06-18T12:25:07+00:00
SAO_6055-10,São Paulo,3550308,True,,1146,,,-23.75413,-46.708843,,,,1,2023-06-18T12:25:02+00:00
SAO_2290-10,São Paulo,3550308,True,,33486,,,-23.539212,-46.608181,,,,2,2023-06-18T12:24:30+00:00
SAO_2290-10,São Paulo,3550308,True,,33486,,,-23.535637,-46.573576,,,,2,2023-06-18T12:25:09+00:00
SAO_2290-10,São Paulo,3550308,True,,33486,,,-23.559302000000002,-46.5206565,,,,2,2023-06-18T12:24:46+00:00
SAO_2290-10,São Paulo,3550308,True,,33486,,,-23.596332500000003,-46.487379625,,,,2,2023-06-18T12:25:05+00:00
SAO_5129-41,São Paulo,3550308,True,,34742,,,-23.664761,-46.659377,,,,2,2023-06-18T12:24:24+00:00
SAO_5129-41,São Paulo,3550308,True,,34742,,,-23.6535095,-46.703309000000004,,,,2,2023-06-18T12:24:23+00:00
SAO_6062-51,São Paulo,3550308,True,,1739,,,-23.68967675,-46.69756825,,,,1,2023-06-18T12:25:06+00:00
SAO_6062-51,São Paulo,3550308,True,,1739,,,-23.653906999999997,-46.710535500000006,,,,1,2023-06-18T12:24:49+00:00
SAO_2722-10,São Paulo,3550308,True,Urubupungá,935,https://moovitapp.com/index/pt-br/transporte_p%C3%BAblico-line-935-Sao_Paulo-242-873835-76437456-0,4.6,-23.51850725,-46.5098555,,,,1,2023-06-18T12:24:28+00:00
SAO_2722-10,São Paulo,3550308,True,Urubupungá,935,https://moovitapp.com/index/pt-br/transporte_p%C3%BAblico-line-935-Sao_Paulo-242-873835-76437456-0,4.6,-23.4918725,-46.4926625,,,,1,2023-06-18T12:21:34+00:00
SAO_2722-10,São Paulo,3550308,True,Urubupungá,935,https://moovitapp.com/index/pt-br/transporte_p%C3%BAblico-line-935-Sao_Paulo-242-873835-76437456-0,4.6,-23.490014000000002,-46.490151,,,,1,2023-06-18T12:24:54+00:00
SAO_4032-10,São Paulo,3550308,True,,1102,,,-23.628401,-46.6002985,,,,1,2023-06-18T12:24:41+00:00
SAO_4032-10,São Paulo,3550308,True,,1102,,,-23.6143755,-46.63770125,,,,1,2023-06-18T12:24:32+00:00
SAO_3712-51,São Paulo,3550308,True,,35273,,,-23.55940725,-46.422336875,,,,2,2023-06-18T12:25:06+00:00
SAO_3712-51,São Paulo,3550308,True,,35273,,,-23.5508745,-46.4378125,,,,2,2023-06-18T12:24:30+00:00
SAO_2014-10,São Paulo,3550308,True,Urubupungá,900,https://moovitapp.com/index/pt-br/transporte_p%C3%BAblico-line-900-Sao_Paulo-242-873835-496470-0,4.6,-23.457081000000002,-46.669748,,,,1,2023-06-18T12:24:28+00:00
SAO_2014-10,São Paulo,3550308,True,Urubupungá,900,https://moovitapp.com/index/pt-br/transporte_p%C3%BAblico-line-900-Sao_Paulo-242-873835-496470-0,4.6,-23.457081000000002,-46.669748,,,,1,2023-06-18T12:24:56+00:00
SAO_2014-10,São Paulo,3550308,True,Urubupungá,900,https://moovitapp.com/index/pt-br/transporte_p%C3%BAblico-line-900-Sao_Paulo-242-873835-496470-0,4.6,-23.457081000000002,-46.669748,,,,1,2023-06-18T12:24:34+00:00
SAO_2014-10,São Paulo,3550308,True,Urubupungá,900,https://moovitapp.com/index/pt-br/transporte_p%C3%BAblico-line-900-Sao_Paulo-242-873835-496470-0,4.6,-23.457081000000002,-46.669748,,,,1,2023-06-18T12:24:34+00:00
SAO_2014-10,São Paulo,3550308,True,Urubupungá,900,https://moovitapp.com/index/pt-br/transporte_p%C3%BAblico-line-900-Sao_Paulo-242-873835-496470-0,4.6,-23.457081000000002,-46.669748,,,,1,2023-06-18T12:24:29+00:00
SAO_2014-10,São Paulo,3550308,True,Urubupungá,900,https://moovitapp.com/index/pt-br/transporte_p%C3%BAblico-line-900-Sao_Paulo-242-873835-496470-0,4.6,-23.5266615,-46.6675825,,,,1,2023-06-18T12:24:31+00:00
SAO_2014-10,São Paulo,3550308,True,Urubupungá,900,https://moovitapp.com/index/pt-br/transporte_p%C3%BAblico-line-900-Sao_Paulo-242-873835-496470-0,4.6,-23.457081000000002,-46.669748,,,,1,2023-06-18T12:24:03+00:00
SAO_2014-10,São Paulo,3550308,True,Urubupungá,900,https://moovitapp.com/index/pt-br/transporte_p%C3%BAblico-line-900-Sao_Paulo-242-873835-496470-0,4.6,-23.457081000000002,-46.669748,,,,1,2023-06-18T12:25:06+00:00
SAO_2014-10,São Paulo,3550308,True,Urubupungá,900,https://moovitapp.com/index/pt-br/transporte_p%C3%BAblico-line-900-Sao_Paulo-242-873835-496470-0,4.6,-23.457081000000002,-46.669748,,,,1,2023-06-18T12:24:40+00:00
SAO_2014-10,São Paulo,3550308,True,Urubupungá,900,https://moovitapp.com/index/pt-br/transporte_p%C3%BAblico-line-900-Sao_Paulo-242-873835-496470-0,4.6,-23.457081000000002,-46.669748,,,,1,2023-06-18T12:24:25+00:00
SAO_2014-10,São Paulo,3550308,True,Urubupungá,900,https://moovitapp.com/index/pt-br/transporte_p%C3%BAblico-line-900-Sao_Paulo-242-873835-496470-0,4.6,-23.457081000000002,-46.669748,,,,1,2023-06-18T12:25:00+00:00
SAO_2014-10,São Paulo,3550308,True,Urubupungá,900,https://moovitapp.com/index/pt-br/transporte_p%C3%BAblico-line-900-Sao_Paulo-242-873835-496470-0,4.6,-23.457081000000002,-46.669748,,,,1,2023-06-18T12:24:27+00:00
SAO_2014-10,São Paulo,3550308,True,Urubupungá,900,https://moovitapp.com/index/pt-br/transporte_p%C3%BAblico-line-900-Sao_Paulo-242-873835-496470-0,4.6,-23.457081000000002,-46.669748,,,,1,2023-06-18T12:24:41+00:00
SAO_2014-10,São Paulo,3550308,True,Urubupungá,900,https://moovitapp.com/index/pt-br/transporte_p%C3%BAblico-line-900-Sao_Paulo-242-873835-496470-0,4.6,-23.4954665,-46.661544,,,,1,2023-06-18T12:24:54+00:00
SAO_2014-10,São Paulo,3550308,True,Urubupungá,900,https://moovitapp.com/index/pt-br/transporte_p%C3%BAblico-line-900-Sao_Paulo-242-873835-496470-0,4.6,-23.457081000000002,-46.669748,,,,1,2023-06-18T12:24:30+00:00
SAO_2014-10,São Paulo,3550308,True,Urubupungá,900,https://moovitapp.com/index/pt-br/transporte_p%C3%BAblico-line-900-Sao_Paulo-242-873835-496470-0,4.6,-23.457081000000002,-46.669748,,,,1,2023-06-18T12:24:49+00:00
SAO_2014-10,São Paulo,3550308,True,Urubupungá,900,https://moovitapp.com/index/pt-br/transporte_p%C3%BAblico-line-900-Sao_Paulo-242-873835-496470-0,4.6,-23.457081000000002,-46.669748,,,,1,2023-06-18T12:24:59+00:00
SAO_2014-10,São Paulo,3550308,True,Urubupungá,900,https://moovitapp.com/index/pt-br/transporte_p%C3%BAblico-line-900-Sao_Paulo-242-873835-496470-0,4.6,-23.457081000000002,-46.669748,,,,1,2023-06-18T12:25:00+00:00
SAO_2014-10,São Paulo,3550308,True,Urubupungá,900,https://moovitapp.com/index/pt-br/transporte_p%C3%BAblico-line-900-Sao_Paulo-242-873835-496470-0,4.6,-23.453662,-46.66986275,,,,1,2023-06-18T12:24:12+00:00
SAO_4027-10,São Paulo,3550308,True,,33865,,,-23.611883,-46.4744805,,,,2,2023-06-18T12:25:02+00:00
SAO_4027-10,São Paulo,3550308,True,,33865,,,-23.593264,-46.489357999999996,,,,2,2023-06-18T12:25:08+00:00
SAO_4027-10,São Paulo,3550308,True,,33865,,,-23.620243000000002,-46.45497425000001,,,,2,2023-06-18T12:24:56+00:00
SAO_3539-10,São Paulo,3550308,True,,33516,,,-23.574852,-46.455546999999996,,,,2,2023-06-18T12:25:07+00:00
SAO_3539-10,São Paulo,3550308,True,,33516,,,-23.601313750000003,-46.399062,,,,2,2023-06-18T12:24:38+00:00
SAO_3539-10,São Paulo,3550308,True,,33516,,,-23.60109525,-46.39926,,,,2,2023-06-18T12:24:36+00:00
SAO_637A-10,São Paulo,3550308,True,,32953,,,-23.6905325,-46.774566500000006,,,,2,2023-06-18T12:24:35+00:00
SAO_637A-10,São Paulo,3550308,True,,32953,,,-23.689302875,-46.773427749999996,,,,2,2023-06-18T12:24:59+00:00
SAO_637A-10,São Paulo,3550308,True,,32953,,,-23.6716965,-46.741363,,,,2,2023-06-18T12:24:35+00:00
SAO_637A-10,São Paulo,3550308,True,,32953,,,-23.577223,-46.687030500000006,,,,2,2023-06-18T12:24:40+00:00
SAO_647A-10,São Paulo,3550308,True,,1315,,,-23.6879515,-46.800591,,,,1,2023-06-18T12:24:34+00:00
SAO_647A-10,São Paulo,3550308,True,,1315,,,-23.6296775,-46.7363045,,,,1,2023-06-18T12:25:08+00:00
SAO_647A-10,São Paulo,3550308,True,,1315,,,-23.6574455,-46.764188000000004,,,,1,2023-06-18T12:24:36+00:00
SAO_647A-10,São Paulo,3550308,True,,1315,,,-23.604743,-46.7251465,,,,1,2023-06-18T12:24:50+00:00
SAO_6450-10,São Paulo,3550308,True,,59,,,-23.5514205,-46.646359000000004,,,,1,2023-06-18T12:24:48+00:00
SAO_6450-10,São Paulo,3550308,True,,59,,,-23.616938,-46.6807395,,,,1,2023-06-18T12:24:58+00:00
SAO_6450-10,São Paulo,3550308,True,,59,,,-23.64464325,-46.727139,,,,1,2023-06-18T12:25:08+00:00
SAO_6450-10,São Paulo,3550308,True,,59,,,-23.549107,-46.6391215,,,,1,2023-06-18T12:24:44+00:00
SAO_3160-10,São Paulo,3550308,True,EMTU,125,https://moovitapp.com/index/pt-br/transporte_p%C3%BAblico-line-125-Sao_Paulo-242-2038937-36419283-0,5.15,-23.567289000000002,-46.5913495,,,,1,2023-06-18T12:25:00+00:00
SAO_6039-10,São Paulo,3550308,True,,33985,,,-23.651591000000003,-46.712589,,,,2,2023-06-18T12:24:36+00:00
SAO_6039-10,São Paulo,3550308,True,,33985,,,-23.685482999999998,-46.800789249999994,,,,2,2023-06-18T12:24:52+00:00
SAO_6039-10,São Paulo,3550308,True,,33985,,,-23.675129249999998,-46.78836575,,,,2,2023-06-18T12:24:48+00:00
SAO_5362-10,São Paulo,3550308,True,BR7 Mobilidade,70,https://moovitapp.com/index/pt-br/transporte_p%C3%BAblico-line-70-Sao_Paulo-242-851856-2250296-0,5.75,-23.754685625,-46.674394125,,,,1,2023-06-18T12:24:44+00:00
SAO_5362-10,São Paulo,3550308,True,BR7 Mobilidade,70,https://moovitapp.com/index/pt-br/transporte_p%C3%BAblico-line-70-Sao_Paulo-242-851856-2250296-0,5.75,-23.621646749999996,-46.679124,,,,1,2023-06-18T12:24:26+00:00
SAO_5362-10,São Paulo,3550308,True,BR7 Mobilidade,70,https://moovitapp.com/index/pt-br/transporte_p%C3%BAblico-line-70-Sao_Paulo-242-851856-2250296-0,5.75,-23.644316125000003,-46.700134500000004,,,,1,2023-06-18T12:24:41+00:00
SAO_5362-10,São Paulo,3550308,True,BR7 Mobilidade,70,https://moovitapp.com/index/pt-br/transporte_p%C3%BAblico-line-70-Sao_Paulo-242-851856-2250296-0,5.75,-23.7445215,-46.670979,,,,1,2023-06-18T12:24:38+00:00
SAO_5362-10,São Paulo,3550308,True,BR7 Mobilidade,70,https://moovitapp.com/index/pt-br/transporte_p%C3%BAblico-line-70-Sao_Paulo-242-851856-2250296-0,5.75,-23.737678250000002,-46.692834,,,,1,2023-06-18T12:24:42+00:00
SAO_3756-10,São Paulo,3550308,True,,33818,,,-23.5904125,-46.389418125,,,,2,2023-06-18T12:25:01+00:00
SAO_3756-10,São Paulo,3550308,True,,33818,,,-23.5655915,-46.4159225,,,,2,2023-06-18T12:24:29+00:00
SAO_3756-10,São Paulo,3550308,True,,33818,,,-23.590653500000002,-46.389331375,,,,2,2023-06-18T12:24:35+00:00
SAO_3756-10,São Paulo,3550308,True,,33818,,,-23.563367999999997,-46.431732999999994,,,,2,2023-06-18T12:24:57+00:00
SAO_7016-10,São Paulo,3550308,True,,2118,,,-23.688173499999998,-46.773318,,,,1,2023-06-18T12:24:57+00:00
SAO_7016-10,São Paulo,3550308,True,,2118,,,-23.676066499999997,-46.73429175,,,,1,2023-06-18T12:24:42+00:00
SAO_5164-21,São Paulo,3550308,True,,34384,,,-23.623426125,-46.640373375,,,,2,2023-06-18T12:25:05+00:00
SAO_5164-21,São Paulo,3550308,True,,34384,,,-23.646229499999997,-46.646701500000006,,,,2,2023-06-18T12:25:07+00:00
SAO_5164-21,São Paulo,3550308,True,,34384,,,-23.6464495,-46.646234750000005,,,,2,2023-06-18T12:25:03+00:00
SAO_647A-10,São Paulo,3550308,True,,34083,,,-23.6945445,-46.794182,,,,2,2023-06-18T12:24:26+00:00
SAO_647A-10,São Paulo,3550308,True,,34083,,,-23.6525085,-46.762429,,,,2,2023-06-18T12:25:05+00:00
SAO_647A-10,São Paulo,3550308,True,,34083,,,-23.5652765,-46.692343,,,,2,2023-06-18T12:24:56+00:00
SAO_647A-10,São Paulo,3550308,True,,34083,,,-23.600934625,-46.723374750000005,,,,2,2023-06-18T12:24:34+00:00
SAO_7053-10,São Paulo,3550308,True,,34655,,,-23.654055,-46.78842275,,,,2,2023-06-18T12:24:28+00:00
SAO_7053-10,São Paulo,3550308,True,,34655,,,-23.653941000000003,-46.78870825,,,,2,2023-06-18T12:20:49+00:00
SAO_7053-10,São Paulo,3550308,True,,34655,,,-23.653941000000003,-46.78870825,,,,2,2023-06-18T12:24:40+00:00
SAO_7053-10,São Paulo,3550308,True,,34655,,,-23.653941000000003,-46.78870825,,,,2,2023-06-18T12:25:09+00:00
SAO_7053-10,São Paulo,3550308,True,,34655,,,-23.653941000000003,-46.78870825,,,,2,2023-06-18T12:24:41+00:00
SAO_7053-10,São Paulo,3550308,True,,34655,,,-23.653941000000003,-46.78870825,,,,2,2023-06-18T12:24:51+00:00
SAO_971R-10,São Paulo,3550308,True,,33382,,,-23.479673,-46.6596,,,,2,2023-06-18T12:25:06+00:00
SAO_971R-10,São Paulo,3550308,True,,33382,,,-23.4488355,-46.7019665,,,,2,2023-06-18T12:24:48+00:00
SAO_971R-10,São Paulo,3550308,True,,33382,,,-23.4537555,-46.737453,,,,2,2023-06-18T12:24:34+00:00
SAO_7005-51,São Paulo,3550308,True,,1999,,,-23.690734,-46.774626,,,,1,2023-06-18T12:25:06+00:00
SAO_7005-51,São Paulo,3550308,True,,1999,,,-23.734791,-46.7816675,,,,1,2023-06-18T12:24:29+00:00
SAO_7005-51,São Paulo,3550308,True,,1999,,,-23.718654,-46.7846245,,,,1,2023-06-18T12:24:32+00:00
SAO_574R-10,São Paulo,3550308,True,,34391,,,-23.5463825,-46.591800500000005,,,,2,2023-06-18T12:25:01+00:00
SAO_574R-10,São Paulo,3550308,True,,34391,,,-23.542323000000003,-46.5901025,,,,2,2023-06-18T12:25:01+00:00
SAO_574R-10,São Paulo,3550308,True,,34391,,,-23.572698000000003,-46.5615535,,,,2,2023-06-18T12:24:42+00:00
SAO_574R-10,São Paulo,3550308,True,,34391,,,-23.614496,-46.500415000000004,,,,2,2023-06-18T12:24:49+00:00
SAO_8009-31,São Paulo,3550308,True,,34028,,,-23.45494025,-46.743398,,,,2,2023-06-18T12:24:44+00:00
SAO_875C-10,São Paulo,3550308,True,,33246,,,-23.52543325,-46.7021685,,,,2,2023-06-18T12:24:54+00:00
SAO_875C-10,São Paulo,3550308,True,,33246,,,-23.59815025,-46.645907750000006,,,,2,2023-06-18T12:24:34+00:00
SAO_6047-10,São Paulo,3550308,True,,33992,,,-23.668284,-46.763536,,,,2,2023-06-18T12:24:58+00:00
SAO_6047-10,São Paulo,3550308,True,,33992,,,-23.668539000000003,-46.7638225,,,,2,2023-06-18T12:25:06+00:00
SAO_6047-10,São Paulo,3550308,True,,33992,,,-23.6686135,-46.763913,,,,2,2023-06-18T12:24:28+00:00
SAO_6047-10,São Paulo,3550308,True,,33992,,,-23.6532175,-46.74036099999999,,,,2,2023-06-18T12:25:03+00:00
SAO_8549-10,São Paulo,3550308,True,,33348,,,-23.436301125,-46.716888125,,,,2,2023-06-18T12:24:58+00:00
SAO_8549-10,São Paulo,3550308,True,,33348,,,-23.467692999999997,-46.677919,,,,2,2023-06-18T12:24:48+00:00
SAO_8549-10,São Paulo,3550308,True,,33348,,,-23.5366935,-46.650225750000004,,,,2,2023-06-18T12:24:55+00:00
SAO_372F-10,São Paulo,3550308,True,,33783,,,-23.552103000000002,-46.598889,,,,2,2023-06-18T12:24:47+00:00
SAO_372F-10,São Paulo,3550308,True,,33783,,,-23.552103000000002,-46.598889,,,,2,2023-06-18T12:24:55+00:00
SAO_573A-10,São Paulo,3550308,True,,34405,,,-23.547653,-46.603191499999994,,,,2,2023-06-18T12:25:03+00:00
SAO_573A-10,São Paulo,3550308,True,,34405,,,-23.594103,-46.5789875,,,,2,2023-06-18T12:19:45+00:00
SAO_573A-10,São Paulo,3550308,True,,34405,,,-23.5470055,-46.606573499999996,,,,2,2023-06-18T12:24:36+00:00
SAO_573A-10,São Paulo,3550308,True,,34405,,,-23.597517,-46.5599095,,,,2,2023-06-18T12:24:29+00:00
SAO_971X-10,São Paulo,3550308,True,,34463,,,-23.4752765,-46.6688805,,,,2,2023-06-18T12:24:40+00:00
SAO_971X-10,São Paulo,3550308,True,,34463,,,-23.497042,-46.637935999999996,,,,2,2023-06-18T12:24:58+00:00
SAO_971X-10,São Paulo,3550308,True,,34463,,,-23.474981,-46.67017,,,,2,2023-06-18T12:24:46+00:00
SAO_6913-10,São Paulo,3550308,True,,34233,,,-23.641431374999996,-46.698932375,,,,2,2023-06-18T12:24:56+00:00
SAO_6913-10,São Paulo,3550308,True,,34233,,,-23.662143,-46.7065235,,,,2,2023-06-18T12:24:55+00:00
SAO_6913-10,São Paulo,3550308,True,,34233,,,-23.7645835,-46.716998000000004,,,,2,2023-06-18T12:24:59+00:00
SAO_6913-10,São Paulo,3550308,True,,34233,,,-23.767454999999998,-46.716910999999996,,,,2,2023-06-18T12:24:34+00:00
SAO_6913-10,São Paulo,3550308,True,,34233,,,-23.5600355,-46.654938,,,,2,2023-06-18T12:24:37+00:00
SAO_271C-10,São Paulo,3550308,True,,33450,,,-23.4966375,-46.586422,,,,2,2023-06-18T12:24:42+00:00
SAO_6116-10,São Paulo,3550308,True,,1186,,,-23.755865999999997,-46.6652595,,,,1,2023-06-18T12:24:38+00:00
SAO_6116-10,São Paulo,3550308,True,,1186,,,-23.7367375,-46.696807,,,,1,2023-06-18T12:25:07+00:00
SAO_4029-10,São Paulo,3550308,True,,33867,,,-23.585109,-46.583715,,,,2,2023-06-18T12:24:36+00:00
SAO_4029-10,São Paulo,3550308,True,,33867,,,-23.6105855,-46.4805655,,,,2,2023-06-18T12:24:55+00:00
SAO_4029-10,São Paulo,3550308,True,,33867,,,-23.581327,-46.562794,,,,2,2023-06-18T12:25:05+00:00
SAO_2731-10,São Paulo,3550308,True,,946,,,-23.5163255,-46.4359195,,,,1,2023-06-18T12:24:06+00:00
SAO_2731-10,São Paulo,3550308,True,,946,,,-23.540737999999997,-46.4587285,,,,1,2023-06-18T12:24:26+00:00
SAO_5791-21,São Paulo,3550308,True,,35231,,,-23.71619,-46.62593,,,,2,2023-06-18T12:24:36+00:00
SAO_5791-21,São Paulo,3550308,True,,35231,,,-23.71611,-46.6251865,,,,2,2023-06-18T12:24:59+00:00
SAO_5791-21,São Paulo,3550308,True,,35231,,,-23.71619,-46.62593,,,,2,2023-06-18T12:24:47+00:00
SAO_5791-21,São Paulo,3550308,True,,35231,,,-23.68298175,-46.6332575,,,,2,2023-06-18T12:24:27+00:00
SAO_5791-21,São Paulo,3550308,True,,35231,,,-23.71619,-46.62593,,,,2,2023-06-18T12:24:54+00:00
SAO_5791-21,São Paulo,3550308,True,,35231,,,-23.71619,-46.62593,,,,2,2023-06-18T12:24:32+00:00
SAO_5791-21,São Paulo,3550308,True,,35231,,,-23.71619,-46.62593,,,,2,2023-06-18T12:24:32+00:00
SAO_5791-21,São Paulo,3550308,True,,35231,,,-23.71619,-46.62593,,,,2,2023-06-18T12:24:33+00:00
SAO_5791-21,São Paulo,3550308,True,,35231,,,-23.71619,-46.62593,,,,2,2023-06-18T12:24:38+00:00
SAO_2703-10,São Paulo,3550308,True,,33683,,,-23.529075,-46.42023275,,,,2,2023-06-18T12:24:40+00:00
SAO_2703-10,São Paulo,3550308,True,,33683,,,-23.540539,-46.4642605,,,,2,2023-06-18T12:24:33+00:00
SAO_2703-10,São Paulo,3550308,True,,33683,,,-23.5292015,-46.420719500000004,,,,2,2023-06-18T12:25:05+00:00
SAO_2703-10,São Paulo,3550308,True,,33683,,,-23.523272499999997,-46.428149000000005,,,,2,2023-06-18T12:24:42+00:00
SAO_3768-10,São Paulo,3550308,True,,33824,,,-23.586175500000003,-46.3863525,,,,2,2023-06-18T12:24:46+00:00
SAO_3768-10,São Paulo,3550308,True,,33824,,,-23.564211,-46.410570500000006,,,,2,2023-06-18T12:25:02+00:00
SAO_3768-10,São Paulo,3550308,True,,33824,,,-23.54126375,-46.432734499999995,,,,2,2023-06-18T12:24:50+00:00
SAO_5032-10,São Paulo,3550308,True,,34430,,,-23.63559925,-46.5928035,,,,2,2023-06-18T12:24:38+00:00
SAO_5032-10,São Paulo,3550308,True,,34430,,,-23.634327,-46.5909355,,,,2,2023-06-18T12:24:42+00:00
SAO_5032-10,São Paulo,3550308,True,,34430,,,-23.6368005,-46.593399500000004,,,,2,2023-06-18T12:24:46+00:00
SAO_253F-10,São Paulo,3550308,True,,32926,,,-23.580209,-46.46023275,,,,2,2023-06-18T12:24:34+00:00
SAO_253F-10,São Paulo,3550308,True,,32926,,,-23.517572,-46.475783,,,,2,2023-06-18T12:24:54+00:00
SAO_253F-10,São Paulo,3550308,True,,32926,,,-23.613302,-46.4764105,,,,2,2023-06-18T12:24:40+00:00
SAO_253F-10,São Paulo,3550308,True,,32926,,,-23.613302,-46.4764105,,,,2,2023-06-18T12:24:27+00:00
SAO_253F-10,São Paulo,3550308,True,,32926,,,-23.613302,-46.4764105,,,,2,2023-06-18T12:24:40+00:00
SAO_6037-10,São Paulo,3550308,True,,33983,,,-23.64835625,-46.78649075,,,,2,2023-06-18T12:24:33+00:00
SAO_6037-10,São Paulo,3550308,True,,33983,,,-23.648520750000003,-46.78621425,,,,2,2023-06-18T12:24:31+00:00
SAO_6037-10,São Paulo,3550308,True,,33983,,,-23.64835625,-46.78649075,,,,2,2023-06-18T12:24:39+00:00
SAO_6037-10,São Paulo,3550308,True,,33983,,,-23.64904925,-46.78534475,,,,2,2023-06-18T12:16:48+00:00
SAO_6037-10,São Paulo,3550308,True,,33983,,,-23.64887075,-46.78563725,,,,2,2023-06-18T12:24:34+00:00
SAO_6037-10,São Paulo,3550308,True,,33983,,,-23.63983175,-46.72096675,,,,2,2023-06-18T12:24:30+00:00
SAO_778R-10,São Paulo,3550308,True,,33277,,,-23.5480775,-46.649773624999995,,,,2,2023-06-18T12:25:04+00:00
SAO_746H-10,São Paulo,3550308,True,STT,785,https://moovitapp.com/index/pt-br/transporte_p%C3%BAblico-line-785-Sao_Paulo-242-850661-183353-0,5.3,-23.607883,-46.725613,,,,1,2023-06-18T12:24:29+00:00
SAO_746H-10,São Paulo,3550308,True,STT,785,https://moovitapp.com/index/pt-br/transporte_p%C3%BAblico-line-785-Sao_Paulo-242-850661-183353-0,5.3,-23.6405235,-46.7234515,,,,1,2023-06-18T12:24:52+00:00
SAO_746H-10,São Paulo,3550308,True,STT,785,https://moovitapp.com/index/pt-br/transporte_p%C3%BAblico-line-785-Sao_Paulo-242-850661-183353-0,5.3,-23.6493255,-46.7064985,,,,1,2023-06-18T12:24:49+00:00
SAO_746H-10,São Paulo,3550308,True,STT,785,https://moovitapp.com/index/pt-br/transporte_p%C3%BAblico-line-785-Sao_Paulo-242-850661-183353-0,5.3,-23.5907725,-46.737387999999996,,,,1,2023-06-18T12:24:36+00:00
SAO_746H-10,São Paulo,3550308,True,STT,785,https://moovitapp.com/index/pt-br/transporte_p%C3%BAblico-line-785-Sao_Paulo-242-850661-183353-0,5.3,-23.6492675,-46.7064685,,,,1,2023-06-18T12:24:54+00:00
SAO_978T-10,São Paulo,3550308,True,,33657,,,-23.4808705,-46.6918365,,,,2,2023-06-18T12:24:55+00:00
SAO_978T-10,São Paulo,3550308,True,,33657,,,-23.461289,-46.6872475,,,,2,2023-06-18T12:24:48+00:00
SAO_978T-10,São Paulo,3550308,True,,33657,,,-23.4621605,-46.7010785,,,,2,2023-06-18T12:24:59+00:00
SAO_978T-10,São Paulo,3550308,True,,33657,,,-23.461351,-46.6872735,,,,2,2023-06-18T12:24:56+00:00
SAO_978T-10,São Paulo,3550308,True,,33657,,,-23.525567000000002,-46.671713999999994,,,,2,2023-06-18T12:24:47+00:00
SAO_978T-10,São Paulo,3550308,True,,33657,,,-23.505319,-46.6886865,,,,2,2023-06-18T12:24:23+00:00
SAO_746V-10,São Paulo,3550308,True,,33560,,,-23.6484371875,-46.756462375,,,,2,2023-06-18T12:24:50+00:00
SAO_746V-10,São Paulo,3550308,True,,33560,,,-23.6273525,-46.748815,,,,2,2023-06-18T12:24:30+00:00
SAO_746V-10,São Paulo,3550308,True,,33560,,,-23.62274625,-46.754206999999994,,,,2,2023-06-18T12:24:45+00:00
SAO_746V-10,São Paulo,3550308,True,,33560,,,-23.62274625,-46.754206999999994,,,,2,2023-06-18T12:24:25+00:00
SAO_7011-10,São Paulo,3550308,True,,1952,,,-23.690631,-46.774444,,,,1,2023-06-18T12:25:03+00:00
SAO_7011-10,São Paulo,3550308,True,,1952,,,-23.7085225,-46.792032500000005,,,,1,2023-06-18T12:24:32+00:00
SAO_8600-10,São Paulo,3550308,True,,1432,,,-23.51961675,-46.673972000000006,,,,1,2023-06-18T12:25:08+00:00
SAO_8600-10,São Paulo,3550308,True,,1432,,,-23.5429375,-46.6376305,,,,1,2023-06-18T12:24:33+00:00
SAO_8600-10,São Paulo,3550308,True,,1432,,,-23.4829055,-46.7173425,,,,1,2023-06-18T12:25:01+00:00
SAO_8600-10,São Paulo,3550308,True,,1432,,,-23.486732,-46.726426000000004,,,,1,2023-06-18T12:25:04+00:00
SAO_5021-10,São Paulo,3550308,True,,34435,,,-23.6302405,-46.62586,,,,2,2023-06-18T12:24:51+00:00
SAO_737A-10,São Paulo,3550308,True,,34498,,,-23.66598725,-46.7154595,,,,2,2023-06-18T12:24:22+00:00
SAO_737A-10,São Paulo,3550308,True,,34498,,,-23.6901525,-46.774198999999996,,,,2,2023-06-18T12:24:36+00:00
SAO_737A-10,São Paulo,3550308,True,,34498,,,-23.689302875,-46.773427749999996,,,,2,2023-06-18T12:25:08+00:00
SAO_737A-10,São Paulo,3550308,True,,34498,,,-23.656717625,-46.7073455,,,,2,2023-06-18T12:24:47+00:00
SAO_737A-10,São Paulo,3550308,True,,34498,,,-23.675822500000002,-46.752639,,,,2,2023-06-18T12:25:00+00:00
SAO_4025-10,São Paulo,3550308,True,,33863,,,-23.5753055,-46.579370499999996,,,,2,2023-06-18T12:24:53+00:00
SAO_4025-10,São Paulo,3550308,True,,33863,,,-23.594629750000003,-46.55584,,,,2,2023-06-18T12:24:39+00:00
SAO_208V-10,São Paulo,3550308,True,Rápido Campinas,207,https://moovitapp.com/index/pt-br/transporte_p%C3%BAblico-line-207-Sao_Paulo-242-858660-638984-0,5.3,-23.52112475,-46.547025000000005,,,,1,2023-06-18T12:25:07+00:00
SAO_208V-10,São Paulo,3550308,True,Rápido Campinas,207,https://moovitapp.com/index/pt-br/transporte_p%C3%BAblico-line-207-Sao_Paulo-242-858660-638984-0,5.3,-23.517753,-46.475941500000005,,,,1,2023-06-18T12:24:42+00:00
SAO_208V-10,São Paulo,3550308,True,Rápido Campinas,207,https://moovitapp.com/index/pt-br/transporte_p%C3%BAblico-line-207-Sao_Paulo-242-858660-638984-0,5.3,-23.517753,-46.475941500000005,,,,1,2023-06-18T12:24:50+00:00
SAO_208V-10,São Paulo,3550308,True,Rápido Campinas,207,https://moovitapp.com/index/pt-br/transporte_p%C3%BAblico-line-207-Sao_Paulo-242-858660-638984-0,5.3,-23.517753,-46.475941500000005,,,,1,2023-06-18T12:24:59+00:00
SAO_208V-10,São Paulo,3550308,True,Rápido Campinas,207,https://moovitapp.com/index/pt-br/transporte_p%C3%BAblico-line-207-Sao_Paulo-242-858660-638984-0,5.3,-23.547219,-46.6295935,,,,1,2023-06-18T12:25:01+00:00
SAO_208V-10,São Paulo,3550308,True,Rápido Campinas,207,https://moovitapp.com/index/pt-br/transporte_p%C3%BAblico-line-207-Sao_Paulo-242-858660-638984-0,5.3,-23.517753,-46.475941500000005,,,,1,2023-06-18T12:25:03+00:00
SAO_208V-10,São Paulo,3550308,True,Rápido Campinas,207,https://moovitapp.com/index/pt-br/transporte_p%C3%BAblico-line-207-Sao_Paulo-242-858660-638984-0,5.3,-23.54116475,-46.61372874999999,,,,1,2023-06-18T12:25:02+00:00
SAO_208V-10,São Paulo,3550308,True,Rápido Campinas,207,https://moovitapp.com/index/pt-br/transporte_p%C3%BAblico-line-207-Sao_Paulo-242-858660-638984-0,5.3,-23.517753,-46.475941500000005,,,,1,2023-06-18T12:24:35+00:00
SAO_7002-10,São Paulo,3550308,True,,33540,,,-23.590518,-46.76971475,,,,2,2023-06-18T12:24:49+00:00
SAO_7002-10,São Paulo,3550308,True,,33540,,,-23.56389625,-46.692101,,,,2,2023-06-18T12:24:02+00:00
SAO_372U-10,São Paulo,3550308,True,,33784,,,-23.558691,-46.560616499999995,,,,2,2023-06-18T12:24:59+00:00
SAO_372U-10,São Paulo,3550308,True,,33784,,,-23.5570765,-46.53751749999999,,,,2,2023-06-18T12:24:43+00:00
SAO_372U-10,São Paulo,3550308,True,,33784,,,-23.540944,-46.57538875,,,,2,2023-06-18T12:24:26+00:00
SAO_372U-10,São Paulo,3550308,True,,33784,,,-23.5568485,-46.537368,,,,2,2023-06-18T12:24:48+00:00
SAO_748R-10,São Paulo,3550308,True,EMTU,501,https://moovitapp.com/index/pt-br/transporte_p%C3%BAblico-line-501-Sao_Paulo-242-2038937-36419526-0,7.55,-23.550664437500004,-46.739648312499995,,,,1,2023-06-18T12:24:50+00:00
SAO_748R-10,São Paulo,3550308,True,EMTU,501,https://moovitapp.com/index/pt-br/transporte_p%C3%BAblico-line-501-Sao_Paulo-242-2038937-36419526-0,7.55,-23.576147000000002,-46.76415575,,,,1,2023-06-18T12:24:49+00:00
SAO_748R-10,São Paulo,3550308,True,EMTU,501,https://moovitapp.com/index/pt-br/transporte_p%C3%BAblico-line-501-Sao_Paulo-242-2038937-36419526-0,7.55,-23.5502831875,-46.7392525625,,,,1,2023-06-18T12:24:32+00:00
SAO_748R-10,São Paulo,3550308,True,EMTU,501,https://moovitapp.com/index/pt-br/transporte_p%C3%BAblico-line-501-Sao_Paulo-242-2038937-36419526-0,7.55,-23.5504738125,-46.7394504375,,,,1,2023-06-18T12:24:40+00:00
SAO_748R-10,São Paulo,3550308,True,EMTU,501,https://moovitapp.com/index/pt-br/transporte_p%C3%BAblico-line-501-Sao_Paulo-242-2038937-36419526-0,7.55,-23.5335035,-46.712818999999996,,,,1,2023-06-18T12:24:38+00:00
SAO_948A-10,São Paulo,3550308,True,,34191,,,-23.4694535,-46.7135935,,,,2,2023-06-18T12:25:08+00:00
SAO_948A-10,São Paulo,3550308,True,,34191,,,-23.526021999999998,-46.6689175,,,,2,2023-06-18T12:24:46+00:00
SAO_476G-10,São Paulo,3550308,True,,1111,,,-23.6143955,-46.504852,,,,1,2023-06-18T12:24:58+00:00
SAO_476G-10,São Paulo,3550308,True,,1111,,,-23.5844595,-46.582978499999996,,,,1,2023-06-18T12:25:05+00:00
SAO_476G-10,São Paulo,3550308,True,,1111,,,-23.6143955,-46.504852,,,,1,2023-06-18T12:24:28+00:00
SAO_476G-10,São Paulo,3550308,True,,1111,,,-23.6143955,-46.504852,,,,1,2023-06-18T12:25:03+00:00
SAO_9785-10,São Paulo,3550308,True,,828,,,-23.521013125,-46.6729135625,,,,1,2023-06-18T12:24:41+00:00
SAO_9785-10,São Paulo,3550308,True,,828,,,-23.489911,-46.6884235,,,,1,2023-06-18T12:25:00+00:00
SAO_9032-10,São Paulo,3550308,True,,33648,,,-23.472221375,-46.6733435,,,,2,2023-06-18T12:24:46+00:00
SAO_233C-10,São Paulo,3550308,True,,155,,,-23.539413125000003,-46.490773125,,,,1,2023-06-18T12:24:54+00:00
SAO_233C-10,São Paulo,3550308,True,,155,,,-23.5671095,-46.540324999999996,,,,1,2023-06-18T12:25:07+00:00
SAO_6006-10,São Paulo,3550308,True,,32943,,,-23.6630835,-46.707423000000006,,,,2,2023-06-18T12:24:34+00:00
SAO_6084-10,São Paulo,3550308,True,,33937,,,-23.7812805,-46.67209375,,,,2,2023-06-18T12:24:32+00:00
SAO_6084-10,São Paulo,3550308,True,,33937,,,-23.7812805,-46.67209375,,,,2,2023-06-18T12:24:36+00:00
SAO_6084-10,São Paulo,3550308,True,,33937,,,-23.7812805,-46.67209375,,,,2,2023-06-18T12:24:47+00:00
SAO_6084-10,São Paulo,3550308,True,,33937,,,-23.7804005,-46.6732885,,,,2,2023-06-18T12:25:08+00:00
SAO_6084-10,São Paulo,3550308,True,,33937,,,-23.7812805,-46.67209375,,,,2,2023-06-18T12:24:40+00:00
SAO_6084-10,São Paulo,3550308,True,,33937,,,-23.7812805,-46.67209375,,,,2,2023-06-18T12:24:31+00:00
SAO_6084-10,São Paulo,3550308,True,,33937,,,-23.766564250000002,-46.69761425,,,,2,2023-06-18T12:25:03+00:00
SAO_6084-10,São Paulo,3550308,True,,33937,,,-23.7812805,-46.67209375,,,,2,2023-06-18T12:24:41+00:00
SAO_6084-10,São Paulo,3550308,True,,33937,,,-23.7812805,-46.67209375,,,,2,2023-06-18T12:25:09+00:00
SAO_6084-10,São Paulo,3550308,True,,33937,,,-23.7812805,-46.67209375,,,,2,2023-06-18T12:24:49+00:00
SAO_6084-10,São Paulo,3550308,True,,33937,,,-23.7812805,-46.67209375,,,,2,2023-06-18T12:24:28+00:00
SAO_576M-10,São Paulo,3550308,True,,604,,,-23.5804635,-46.6848605,,,,1,2023-06-18T12:24:44+00:00
SAO_576M-10,São Paulo,3550308,True,,604,,,-23.637755,-46.6527765,,,,1,2023-06-18T12:25:05+00:00
SAO_576M-10,São Paulo,3550308,True,,604,,,-23.6748165,-46.633188000000004,,,,1,2023-06-18T12:25:05+00:00
SAO_128Y-10,São Paulo,3550308,True,EMTU,843,https://moovitapp.com/index/pt-br/transporte_p%C3%BAblico-line-843-Sao_Paulo-242-2038937-36419606-0,4.1,-23.5191975,-46.701296,,,,1,2023-06-18T12:25:06+00:00
SAO_128Y-10,São Paulo,3550308,True,EMTU,843,https://moovitapp.com/index/pt-br/transporte_p%C3%BAblico-line-843-Sao_Paulo-242-2038937-36419606-0,4.1,-23.4577015,-46.6729265,,,,1,2023-06-18T12:24:37+00:00
SAO_128Y-10,São Paulo,3550308,True,EMTU,843,https://moovitapp.com/index/pt-br/transporte_p%C3%BAblico-line-843-Sao_Paulo-242-2038937-36419606-0,4.1,-23.459633,-46.66623,,,,1,2023-06-18T12:24:46+00:00
SAO_5105-10,São Paulo,3550308,True,,34419,,,-23.602994000000002,-46.602816000000004,,,,2,2023-06-18T12:24:57+00:00
SAO_5105-10,São Paulo,3550308,True,,34419,,,-23.563843375,-46.611501000000004,,,,2,2023-06-18T12:24:47+00:00
SAO_5105-10,São Paulo,3550308,True,,34419,,,-23.5472265,-46.6288135,,,,2,2023-06-18T12:24:56+00:00
SAO_5105-10,São Paulo,3550308,True,,34419,,,-23.6034215,-46.602013,,,,2,2023-06-18T12:25:03+00:00
SAO_5105-10,São Paulo,3550308,True,,34419,,,-23.603537,-46.601268000000005,,,,2,2023-06-18T12:24:37+00:00
SAO_5105-10,São Paulo,3550308,True,,34419,,,-23.6034985,-46.601729000000006,,,,2,2023-06-18T12:25:04+00:00
SAO_5105-10,São Paulo,3550308,True,,34419,,,-23.6033405,-46.6022085,,,,2,2023-06-18T12:24:48+00:00
SAO_5105-10,São Paulo,3550308,True,,34419,,,-23.5670425,-46.60970025,,,,2,2023-06-18T12:24:27+00:00
SAO_5105-10,São Paulo,3550308,True,,34419,,,-23.5472265,-46.6288135,,,,2,2023-06-18T12:24:51+00:00
SAO_6505-10,São Paulo,3550308,True,,34218,,,-23.549304,-46.6390795,,,,2,2023-06-18T12:25:02+00:00
SAO_6505-10,São Paulo,3550308,True,,34218,,,-23.573234875,-46.666225875,,,,2,2023-06-18T12:24:56+00:00
SAO_6505-10,São Paulo,3550308,True,,34218,,,-23.641431374999996,-46.698932375,,,,2,2023-06-18T12:25:00+00:00
SAO_5030-10,São Paulo,3550308,True,,34437,,,-23.621902,-46.601959,,,,2,2023-06-18T12:24:32+00:00
SAO_5030-10,São Paulo,3550308,True,,34437,,,-23.637222,-46.595223000000004,,,,2,2023-06-18T12:24:37+00:00
SAO_2590-10,São Paulo,3550308,True,,912,,,-23.5382745,-46.601580999999996,,,,1,2023-06-18T12:23:42+00:00
SAO_2590-10,São Paulo,3550308,True,,912,,,-23.48529225,-46.480830999999995,,,,1,2023-06-18T12:24:55+00:00
SAO_2590-10,São Paulo,3550308,True,,912,,,-23.4829785,-46.467121,,,,1,2023-06-18T12:24:47+00:00
SAO_2590-10,São Paulo,3550308,True,,912,,,-23.519504375,-46.549013375,,,,1,2023-06-18T12:24:53+00:00
SAO_2590-10,São Paulo,3550308,True,,912,,,-23.4829785,-46.467121,,,,1,2023-06-18T12:25:01+00:00
SAO_5129-10,São Paulo,3550308,True,,34049,,,-23.679443999999997,-46.6358895,,,,2,2023-06-18T12:25:08+00:00
SAO_5129-10,São Paulo,3550308,True,,34049,,,-23.6725995,-46.6775145,,,,2,2023-06-18T12:24:39+00:00
SAO_5129-10,São Paulo,3550308,True,,34049,,,-23.6672725,-46.7269555,,,,2,2023-06-18T12:24:58+00:00
SAO_3064-10,São Paulo,3550308,True,,33748,,,-23.601957499999997,-46.3986365,,,,2,2023-06-18T12:25:05+00:00
SAO_3064-10,São Paulo,3550308,True,,33748,,,-23.602252999999997,-46.3983735,,,,2,2023-06-18T12:24:53+00:00
SAO_3064-10,São Paulo,3550308,True,,33748,,,-23.5430265,-46.4157135,,,,2,2023-06-18T12:24:55+00:00
SAO_3064-10,São Paulo,3550308,True,,33748,,,-23.6041935,-46.3987725,,,,2,2023-06-18T12:24:58+00:00
SAO_8622-10,São Paulo,3550308,True,EMTU,438,https://moovitapp.com/index/pt-br/transporte_p%C3%BAblico-line-438-Sao_Paulo-242-2038937-36419488-0,7.65,-23.473159000000003,-46.774748,,,,1,2023-06-18T12:24:52+00:00
SAO_8622-10,São Paulo,3550308,True,EMTU,438,https://moovitapp.com/index/pt-br/transporte_p%C3%BAblico-line-438-Sao_Paulo-242-2038937-36419488-0,7.65,-23.527603499999998,-46.6716715,,,,1,2023-06-18T12:24:44+00:00
SAO_8622-10,São Paulo,3550308,True,EMTU,438,https://moovitapp.com/index/pt-br/transporte_p%C3%BAblico-line-438-Sao_Paulo-242-2038937-36419488-0,7.65,-23.5222575,-46.718311,,,,1,2023-06-18T12:25:00+00:00
SAO_4726-10,São Paulo,3550308,True,,34448,,,-23.563243,-46.592068499999996,,,,2,2023-06-18T12:24:56+00:00
SAO_4726-10,São Paulo,3550308,True,,34448,,,-23.543094500000002,-46.580329000000006,,,,2,2023-06-18T12:25:00+00:00
SAO_4726-10,São Paulo,3550308,True,,34448,,,-23.5633635,-46.591837500000004,,,,2,2023-06-18T12:24:30+00:00
SAO_209P-10,São Paulo,3550308,True,,2216,,,-23.506587875,-46.68920250000001,,,,1,2023-06-18T12:24:44+00:00
SAO_1016-10,São Paulo,3550308,True,,33599,,,-23.513872,-46.6160225,,,,2,2023-06-18T12:24:40+00:00
SAO_1016-10,São Paulo,3550308,True,,33599,,,-23.476146999999997,-46.611630500000004,,,,2,2023-06-18T12:22:07+00:00
SAO_2765-10,São Paulo,3550308,True,EMTU,145,https://moovitapp.com/index/pt-br/transporte_p%C3%BAblico-line-145-Sao_Paulo-242-2038937-36419293-0,5.35,-23.506594,-46.524681,,,,1,2023-06-18T12:23:31+00:00
SAO_2765-10,São Paulo,3550308,True,EMTU,145,https://moovitapp.com/index/pt-br/transporte_p%C3%BAblico-line-145-Sao_Paulo-242-2038937-36419293-0,5.35,-23.5397765,-46.5765665,,,,1,2023-06-18T12:24:35+00:00
SAO_2765-10,São Paulo,3550308,True,EMTU,145,https://moovitapp.com/index/pt-br/transporte_p%C3%BAblico-line-145-Sao_Paulo-242-2038937-36419293-0,5.35,-23.529107500000002,-46.553049,,,,1,2023-06-18T12:24:45+00:00
SAO_2765-10,São Paulo,3550308,True,EMTU,145,https://moovitapp.com/index/pt-br/transporte_p%C3%BAblico-line-145-Sao_Paulo-242-2038937-36419293-0,5.35,-23.4950245,-46.4971145,,,,1,2023-06-18T12:23:48+00:00
SAO_8007-10,São Paulo,3550308,True,,1257,,,-23.4730655,-46.754881,,,,1,2023-06-18T12:24:54+00:00
SAO_2730-10,São Paulo,3550308,True,Urubupungá,945,https://moovitapp.com/index/pt-br/transporte_p%C3%BAblico-line-945-Sao_Paulo-242-873835-75841138-0,4.6,-23.519005999999997,-46.4699795,,,,1,2023-06-18T12:24:52+00:00
SAO_2730-10,São Paulo,3550308,True,Urubupungá,945,https://moovitapp.com/index/pt-br/transporte_p%C3%BAblico-line-945-Sao_Paulo-242-873835-75841138-0,4.6,-23.510564000000002,-46.447309000000004,,,,1,2023-06-18T12:24:52+00:00
SAO_2730-10,São Paulo,3550308,True,Urubupungá,945,https://moovitapp.com/index/pt-br/transporte_p%C3%BAblico-line-945-Sao_Paulo-242-873835-75841138-0,4.6,-23.540062499999998,-46.482594375,,,,1,2023-06-18T12:24:41+00:00
SAO_1709-10,São Paulo,3550308,True,,851,,,-23.4412375,-46.5814765,,,,1,2023-06-18T12:25:03+00:00
SAO_1709-10,São Paulo,3550308,True,,851,,,-23.4412375,-46.5814765,,,,1,2023-06-18T12:24:37+00:00
SAO_1709-10,São Paulo,3550308,True,,851,,,-23.4412375,-46.5814765,,,,1,2023-06-18T12:24:41+00:00
SAO_1709-10,São Paulo,3550308,True,,851,,,-23.4412375,-46.5814765,,,,1,2023-06-18T12:24:41+00:00
SAO_1709-10,São Paulo,3550308,True,,851,,,-23.4412375,-46.5814765,,,,1,2023-06-18T12:24:44+00:00
SAO_1709-10,São Paulo,3550308,True,,851,,,-23.4412375,-46.5814765,,,,1,2023-06-18T12:24:46+00:00
SAO_1709-10,São Paulo,3550308,True,,851,,,-23.4412375,-46.5814765,,,,1,2023-06-18T12:24:34+00:00
SAO_1709-10,São Paulo,3550308,True,,851,,,-23.476375500000003,-46.6039095,,,,1,2023-06-18T12:24:43+00:00
SAO_1709-10,São Paulo,3550308,True,,851,,,-23.4412375,-46.5814765,,,,1,2023-06-18T12:24:52+00:00
SAO_1709-10,São Paulo,3550308,True,,851,,,-23.448763999999997,-46.595909,,,,1,2023-06-18T12:25:03+00:00
SAO_1709-10,São Paulo,3550308,True,,851,,,-23.4412375,-46.5814765,,,,1,2023-06-18T12:24:42+00:00
SAO_1709-10,São Paulo,3550308,True,,851,,,-23.4412375,-46.5814765,,,,1,2023-06-18T12:25:02+00:00
SAO_1709-10,São Paulo,3550308,True,,851,,,-23.4412375,-46.5814765,,,,1,2023-06-18T12:24:52+00:00
SAO_8400-10,São Paulo,3550308,True,,1265,,,-23.486878500000003,-46.7265645,,,,1,2023-06-18T12:24:31+00:00
SAO_8400-10,São Paulo,3550308,True,,1265,,,-23.52490925,-46.6994055,,,,1,2023-06-18T12:24:56+00:00
SAO_8400-10,São Paulo,3550308,True,,1265,,,-23.4979585,-46.7069405,,,,1,2023-06-18T12:24:47+00:00
SAO_8400-10,São Paulo,3550308,True,,1265,,,-23.534374125000003,-46.654653249999996,,,,1,2023-06-18T12:24:57+00:00
SAO_8400-10,São Paulo,3550308,True,,1265,,,-23.540161750000003,-46.64419375,,,,1,2023-06-18T12:24:41+00:00
SAO_8400-10,São Paulo,3550308,True,,1265,,,-23.486878500000003,-46.7265645,,,,1,2023-06-18T12:24:43+00:00
SAO_6052-10,São Paulo,3550308,True,,33912,,,-23.76764575,-46.717001249999996,,,,2,2023-06-18T12:24:56+00:00
SAO_6052-10,São Paulo,3550308,True,,33912,,,-23.776043,-46.690748,,,,2,2023-06-18T12:25:06+00:00
SAO_6052-10,São Paulo,3550308,True,,33912,,,-23.775509999999997,-46.691679,,,,2,2023-06-18T12:25:07+00:00
SAO_6052-10,São Paulo,3550308,True,,33912,,,-23.775509999999997,-46.691679,,,,2,2023-06-18T12:24:37+00:00
SAO_6052-10,São Paulo,3550308,True,,33912,,,-23.775509999999997,-46.691679,,,,2,2023-06-18T12:19:48+00:00
SAO_6052-10,São Paulo,3550308,True,,33912,,,-23.775509999999997,-46.691679,,,,2,2023-06-18T12:24:28+00:00
SAO_6052-10,São Paulo,3550308,True,,33912,,,-23.775509999999997,-46.691679,,,,2,2023-06-18T12:24:42+00:00
SAO_5759-10,São Paulo,3550308,True,,1138,,,-23.692509,-46.6450495,,,,1,2023-06-18T12:24:44+00:00
SAO_5012-10,São Paulo,3550308,True,,33884,,,-23.710001,-46.6357225,,,,2,2023-06-18T12:25:08+00:00
SAO_5012-10,São Paulo,3550308,True,,33884,,,-23.6459105,-46.6397875,,,,2,2023-06-18T12:23:43+00:00
SAO_5012-10,São Paulo,3550308,True,,33884,,,-23.7100595,-46.636144,,,,2,2023-06-18T12:25:07+00:00
SAO_5012-10,São Paulo,3550308,True,,33884,,,-23.692882,-46.6316185,,,,2,2023-06-18T12:24:48+00:00
SAO_5012-10,São Paulo,3550308,True,,33884,,,-23.6459105,-46.6397875,,,,2,2023-06-18T12:24:59+00:00
SAO_5012-10,São Paulo,3550308,True,,33884,,,-23.7097725,-46.635498999999996,,,,2,2023-06-18T12:22:46+00:00
SAO_5012-10,São Paulo,3550308,True,,33884,,,-23.6459105,-46.6397875,,,,2,2023-06-18T12:23:25+00:00
SAO_5012-10,São Paulo,3550308,True,,33884,,,-23.6459105,-46.6397875,,,,2,2023-06-18T12:24:32+00:00
SAO_5012-10,São Paulo,3550308,True,,33884,,,-23.6459105,-46.6397875,,,,2,2023-06-18T12:23:52+00:00
SAO_5012-10,São Paulo,3550308,True,,33884,,,-23.6459105,-46.6397875,,,,2,2023-06-18T12:24:57+00:00
SAO_5012-10,São Paulo,3550308,True,,33884,,,-23.6459105,-46.6397875,,,,2,2023-06-18T12:24:20+00:00
SAO_5012-10,São Paulo,3550308,True,,33884,,,-23.6459105,-46.6397875,,,,2,2023-06-18T12:23:31+00:00
SAO_5012-10,São Paulo,3550308,True,,33884,,,-23.6459105,-46.6397875,,,,2,2023-06-18T12:23:50+00:00
SAO_5012-10,São Paulo,3550308,True,,33884,,,-23.699313500000002,-46.64062475,,,,2,2023-06-18T12:24:30+00:00
SAO_2735-10,São Paulo,3550308,True,,1921,,,-23.483280999999998,-46.504102,,,,1,2023-06-18T12:25:05+00:00
SAO_6L01-10,São Paulo,3550308,True,,33939,,,-23.90679,-46.708217000000005,,,,2,2023-06-18T12:24:42+00:00
SAO_6L01-10,São Paulo,3550308,True,,33939,,,-23.90679,-46.708217000000005,,,,2,2023-06-18T12:24:44+00:00
SAO_6L01-10,São Paulo,3550308,True,,33939,,,-23.90679,-46.708217000000005,,,,2,2023-06-18T12:24:52+00:00
SAO_6L01-10,São Paulo,3550308,True,,33939,,,-23.90679,-46.708217000000005,,,,2,2023-06-18T12:24:48+00:00
SAO_6L01-10,São Paulo,3550308,True,,33939,,,-23.90679,-46.708217000000005,,,,2,2023-06-18T12:24:30+00:00
SAO_6L01-10,São Paulo,3550308,True,,33939,,,-23.906712249999998,-46.708453250000005,,,,2,2023-06-18T12:22:29+00:00
SAO_6L01-10,São Paulo,3550308,True,,33939,,,-23.90679,-46.708217000000005,,,,2,2023-06-18T12:24:51+00:00
SAO_6L01-10,São Paulo,3550308,True,,33939,,,-23.90679,-46.708217000000005,,,,2,2023-06-18T12:24:42+00:00
SAO_6L01-10,São Paulo,3550308,True,,33939,,,-23.90679,-46.708217000000005,,,,2,2023-06-18T12:24:59+00:00
SAO_6L01-10,São Paulo,3550308,True,,33939,,,-23.839111000000003,-46.7380855,,,,2,2023-06-18T12:24:43+00:00
SAO_6L01-10,São Paulo,3550308,True,,33939,,,-23.90679,-46.708217000000005,,,,2,2023-06-18T12:25:00+00:00
SAO_4314-21,São Paulo,3550308,True,,35260,,,-23.573843,-46.398298,,,,2,2023-06-18T12:24:43+00:00
SAO_4314-21,São Paulo,3550308,True,,35260,,,-23.55775775,-46.4462135,,,,2,2023-06-18T12:24:50+00:00
SAO_1767-10,São Paulo,3550308,True,,628,,,-23.471573,-46.57208875,,,,1,2023-06-18T12:24:40+00:00
SAO_172R-10,São Paulo,3550308,True,,859,,,-23.504848000000003,-46.576648500000005,,,,1,2023-06-18T12:25:04+00:00
SAO_172R-10,São Paulo,3550308,True,,859,,,-23.54136175,-46.59413275,,,,1,2023-06-18T12:24:47+00:00
SAO_172R-10,São Paulo,3550308,True,,859,,,-23.465965,-46.584261999999995,,,,1,2023-06-18T12:24:07+00:00
SAO_172R-10,São Paulo,3550308,True,,859,,,-23.517362375,-46.58901399999999,,,,1,2023-06-18T12:23:53+00:00
SAO_1756-10,São Paulo,3550308,True,,547,,,-23.488707499999997,-46.632703750000005,,,,1,2023-06-18T12:25:03+00:00
SAO_1756-10,São Paulo,3550308,True,,547,,,-23.455984,-46.6435035,,,,1,2023-06-18T12:24:29+00:00
SAO_4002-10,São Paulo,3550308,True,,34945,,,-23.5591695,-46.3996545,,,,2,2023-06-18T12:25:04+00:00
SAO_4002-10,São Paulo,3550308,True,,34945,,,-23.5584245,-46.522448499999996,,,,2,2023-06-18T12:24:46+00:00
SAO_4002-10,São Paulo,3550308,True,,34945,,,-23.540879,-46.456956,,,,2,2023-06-18T12:24:48+00:00
SAO_573T-10,São Paulo,3550308,True,,1632,,,-23.60836225,-46.491543,,,,1,2023-06-18T12:24:46+00:00
SAO_573T-10,São Paulo,3550308,True,,1632,,,-23.538545499999998,-46.564205,,,,1,2023-06-18T12:22:19+00:00
SAO_573T-10,São Paulo,3550308,True,,1632,,,-23.557280499999997,-46.524401499999996,,,,1,2023-06-18T12:24:59+00:00
SAO_573T-10,São Paulo,3550308,True,,1632,,,-23.614589000000002,-46.501826,,,,1,2023-06-18T12:24:42+00:00
SAO_573T-10,São Paulo,3550308,True,,1632,,,-23.58802425,-46.4905275,,,,1,2023-06-18T12:24:50+00:00
SAO_9784-10,São Paulo,3550308,True,,33595,,,-23.4619845,-46.670265,,,,2,2023-06-18T12:24:54+00:00
SAO_9784-10,São Paulo,3550308,True,,33595,,,-23.4503535,-46.683854999999994,,,,2,2023-06-18T12:24:43+00:00
SAO_9784-10,São Paulo,3550308,True,,33595,,,-23.506068749999997,-46.668161500000004,,,,2,2023-06-18T12:25:05+00:00
SAO_748A-10,São Paulo,3550308,True,,33266,,,-23.532172000000003,-46.719300000000004,,,,2,2023-06-18T12:24:48+00:00
SAO_748A-10,São Paulo,3550308,True,,33266,,,-23.5748425,-46.775465499999996,,,,2,2023-06-18T12:25:09+00:00
SAO_2727-10,São Paulo,3550308,True,,33710,,,-23.521929,-46.4574135,,,,2,2023-06-18T12:25:03+00:00
SAO_2727-10,São Paulo,3550308,True,,33710,,,-23.539938499999998,-46.482815,,,,2,2023-06-18T12:24:39+00:00
SAO_2727-10,São Paulo,3550308,True,,33710,,,-23.540062499999998,-46.482594375,,,,2,2023-06-18T12:24:45+00:00
SAO_971D-10,São Paulo,3550308,True,,709,,,-23.463132,-46.678608,,,,1,2023-06-18T12:25:06+00:00
SAO_971D-10,São Paulo,3550308,True,,709,,,-23.451487,-46.6976175,,,,1,2023-06-18T12:23:47+00:00
SAO_971D-10,São Paulo,3550308,True,,709,,,-23.511228,-46.625122250000004,,,,1,2023-06-18T12:24:38+00:00
SAO_6043-10,São Paulo,3550308,True,,33988,,,-23.6493085,-46.721907875,,,,2,2023-06-18T12:25:00+00:00
SAO_5034-31,São Paulo,3550308,True,,1664,,,-23.6029265,-46.603229,,,,1,2023-06-18T12:24:27+00:00
SAO_5034-31,São Paulo,3550308,True,,1664,,,-23.612244,-46.600545499999996,,,,1,2023-06-18T12:24:44+00:00
SAO_2735-10,São Paulo,3550308,True,,34689,,,-23.48980875,-46.50883375,,,,2,2023-06-18T12:24:42+00:00
SAO_2735-10,São Paulo,3550308,True,,34689,,,-23.515058,-46.55002,,,,2,2023-06-18T12:24:46+00:00
SAO_2735-10,São Paulo,3550308,True,,34689,,,-23.48897575,-46.508173625,,,,2,2023-06-18T12:24:27+00:00
SAO_2735-10,São Paulo,3550308,True,,34689,,,-23.5295,-46.5470615,,,,2,2023-06-18T12:24:32+00:00
SAO_5105-10,São Paulo,3550308,True,,1651,,,-23.602994000000002,-46.602816000000004,,,,1,2023-06-18T12:25:00+00:00
SAO_5105-10,São Paulo,3550308,True,,1651,,,-23.580423250000003,-46.599678,,,,1,2023-06-18T12:24:56+00:00
SAO_5105-10,São Paulo,3550308,True,,1651,,,-23.60158425,-46.599048749999994,,,,1,2023-06-18T12:25:05+00:00
SAO_5105-10,São Paulo,3550308,True,,1651,,,-23.603084250000002,-46.60265125,,,,1,2023-06-18T12:24:57+00:00
SAO_5105-10,São Paulo,3550308,True,,1651,,,-23.603226749999997,-46.60239175,,,,1,2023-06-18T12:24:42+00:00
SAO_7053-10,São Paulo,3550308,True,,1887,,,-23.6516065,-46.790730999999994,,,,1,2023-06-18T12:24:55+00:00
SAO_7053-10,São Paulo,3550308,True,,1887,,,-23.65385975,-46.79008575,,,,1,2023-06-18T12:24:27+00:00
SAO_7053-10,São Paulo,3550308,True,,1887,,,-23.640894,-46.782884,,,,1,2023-06-18T12:25:00+00:00
SAO_7053-10,São Paulo,3550308,True,,1887,,,-23.65385975,-46.79008575,,,,1,2023-06-18T12:25:02+00:00
SAO_7053-10,São Paulo,3550308,True,,1887,,,-23.631218,-46.773197499999995,,,,1,2023-06-18T12:24:50+00:00
SAO_172N-10,São Paulo,3550308,True,,33432,,,-23.510935500000002,-46.586839499999996,,,,2,2023-06-18T12:22:17+00:00
SAO_172N-10,São Paulo,3550308,True,,33432,,,-23.515946749999998,-46.61641775,,,,2,2023-06-18T12:24:23+00:00
SAO_6358-10,São Paulo,3550308,True,,34062,,,-23.64849625,-46.670482250000006,,,,2,2023-06-18T12:24:37+00:00
SAO_6358-10,São Paulo,3550308,True,,34062,,,-23.688341,-46.63870525,,,,2,2023-06-18T12:24:51+00:00
SAO_6358-10,São Paulo,3550308,True,,34062,,,-23.612731000000004,-46.67087775,,,,2,2023-06-18T12:24:57+00:00
SAO_6358-10,São Paulo,3550308,True,,34062,,,-23.5591505,-46.654286,,,,2,2023-06-18T12:24:52+00:00
SAO_6358-10,São Paulo,3550308,True,,34062,,,-23.688144,-46.6339545,,,,2,2023-06-18T12:24:41+00:00
SAO_3789-10,São Paulo,3550308,True,,1067,,,-23.611982,-46.3961475,,,,1,2023-06-18T12:24:35+00:00
SAO_3789-10,São Paulo,3550308,True,,1067,,,-23.5669525,-46.464194,,,,1,2023-06-18T12:20:07+00:00
SAO_3789-10,São Paulo,3550308,True,,1067,,,-23.606418500000004,-46.401433,,,,1,2023-06-18T12:24:48+00:00
SAO_3789-10,São Paulo,3550308,True,,1067,,,-23.581527,-46.4149995,,,,1,2023-06-18T12:24:44+00:00
SAO_4311-10,São Paulo,3550308,True,,34939,,,-23.612947,-46.476177500000006,,,,2,2023-06-18T12:24:54+00:00
SAO_4311-10,São Paulo,3550308,True,,34939,,,-23.5450905,-46.5958935,,,,2,2023-06-18T12:24:51+00:00
SAO_4311-10,São Paulo,3550308,True,,34939,,,-23.5724375,-46.5044755,,,,2,2023-06-18T12:24:28+00:00
SAO_314J-10,São Paulo,3550308,True,Cidade de Caieiras,310,https://moovitapp.com/index/pt-br/transporte_p%C3%BAblico-line-310-Sao_Paulo-242-868761-496418-0,5.0,-23.597351250000003,-46.563367,,,,1,2023-06-18T12:24:51+00:00
SAO_314J-10,São Paulo,3550308,True,Cidade de Caieiras,310,https://moovitapp.com/index/pt-br/transporte_p%C3%BAblico-line-310-Sao_Paulo-242-868761-496418-0,5.0,-23.568442,-46.611302249999994,,,,1,2023-06-18T12:24:39+00:00
SAO_314J-10,São Paulo,3550308,True,Cidade de Caieiras,310,https://moovitapp.com/index/pt-br/transporte_p%C3%BAblico-line-310-Sao_Paulo-242-868761-496418-0,5.0,-23.557059,-46.633474,,,,1,2023-06-18T12:24:26+00:00
SAO_314J-10,São Paulo,3550308,True,Cidade de Caieiras,310,https://moovitapp.com/index/pt-br/transporte_p%C3%BAblico-line-310-Sao_Paulo-242-868761-496418-0,5.0,-23.6141705,-46.51755300000001,,,,1,2023-06-18T12:24:50+00:00
SAO_2722-31,São Paulo,3550308,True,,936,,,-23.525701,-46.513262,,,,1,2023-06-18T12:24:39+00:00
SAO_2722-31,São Paulo,3550308,True,,936,,,-23.501731499999998,-46.493843,,,,1,2023-06-18T12:24:46+00:00
SAO_N235-11,São Paulo,3550308,True,,2324,,,-23.466084000000002,-46.6524335,,,,1,2023-06-18T12:24:49+00:00
SAO_342M-10,São Paulo,3550308,True,,747,,,-23.611293500000002,-46.475823,,,,1,2023-06-18T12:24:58+00:00
SAO_342M-10,São Paulo,3550308,True,,747,,,-23.524729,-46.551604499999996,,,,1,2023-06-18T12:24:55+00:00
SAO_342M-10,São Paulo,3550308,True,,747,,,-23.552861999999998,-46.528143,,,,1,2023-06-18T12:24:32+00:00
SAO_342M-10,São Paulo,3550308,True,,747,,,-23.613857,-46.476304,,,,1,2023-06-18T12:24:32+00:00
SAO_342M-10,São Paulo,3550308,True,,747,,,-23.5188135,-46.5469595,,,,1,2023-06-18T12:24:56+00:00
SAO_342M-10,São Paulo,3550308,True,,747,,,-23.5722175,-46.50602175,,,,1,2023-06-18T12:25:05+00:00
SAO_9032-10,São Paulo,3550308,True,STT,880,https://moovitapp.com/index/pt-br/transporte_p%C3%BAblico-line-880-Sao_Paulo-242-850661-183362-0,5.3,-23.44625,-46.69209549999999,,,,1,2023-06-18T12:24:36+00:00
SAO_9032-10,São Paulo,3550308,True,STT,880,https://moovitapp.com/index/pt-br/transporte_p%C3%BAblico-line-880-Sao_Paulo-242-850661-183362-0,5.3,-23.451375499999997,-46.695895,,,,1,2023-06-18T12:24:58+00:00
SAO_938C-21,São Paulo,3550308,True,EMTU,587,https://moovitapp.com/index/pt-br/transporte_p%C3%BAblico-line-587-Sao_Paulo-242-2038937-36419574-0,5.15,-23.452354999999997,-46.7161835,,,,1,2023-06-18T12:25:07+00:00
SAO_938C-21,São Paulo,3550308,True,EMTU,587,https://moovitapp.com/index/pt-br/transporte_p%C3%BAblico-line-587-Sao_Paulo-242-2038937-36419574-0,5.15,-23.510699,-46.705584,,,,1,2023-06-18T12:24:28+00:00
SAO_407R-10,São Paulo,3550308,True,,34969,,,-23.549926,-46.580749,,,,2,2023-06-18T12:24:32+00:00
SAO_407R-10,São Paulo,3550308,True,,34969,,,-23.5577635,-46.522865499999995,,,,2,2023-06-18T12:24:55+00:00
SAO_5110-10,São Paulo,3550308,True,,34977,,,-23.6033495,-46.5135845,,,,2,2023-06-18T12:24:53+00:00
SAO_5110-10,São Paulo,3550308,True,,34977,,,-23.6141145,-46.476496999999995,,,,2,2023-06-18T12:25:00+00:00
SAO_5110-10,São Paulo,3550308,True,,34977,,,-23.5883245,-46.594421,,,,2,2023-06-18T12:25:00+00:00
SAO_5110-10,São Paulo,3550308,True,,34977,,,-23.6141145,-46.476496999999995,,,,2,2023-06-18T12:24:28+00:00
SAO_2740-10,São Paulo,3550308,True,,34560,,,-23.4580645,-46.6433105,,,,2,2023-06-18T12:24:58+00:00
SAO_2740-10,São Paulo,3550308,True,,34560,,,-23.4866205,-46.619042750000006,,,,2,2023-06-18T12:25:03+00:00
SAO_2740-10,São Paulo,3550308,True,,34560,,,-23.461810999999997,-46.629177,,,,2,2023-06-18T12:24:59+00:00
SAO_2740-10,São Paulo,3550308,True,,34560,,,-23.4584475,-46.6067065,,,,2,2023-06-18T12:24:41+00:00
SAO_2666-10,São Paulo,3550308,True,EMTU,378,https://moovitapp.com/index/pt-br/transporte_p%C3%BAblico-line-378-Sao_Paulo-242-2038937-36419452-0,12.1,-23.51828025,-46.3879975,,,,1,2023-06-18T12:24:33+00:00
SAO_2666-10,São Paulo,3550308,True,EMTU,378,https://moovitapp.com/index/pt-br/transporte_p%C3%BAblico-line-378-Sao_Paulo-242-2038937-36419452-0,12.1,-23.51828025,-46.3879975,,,,1,2023-06-18T12:24:36+00:00
SAO_2666-10,São Paulo,3550308,True,EMTU,378,https://moovitapp.com/index/pt-br/transporte_p%C3%BAblico-line-378-Sao_Paulo-242-2038937-36419452-0,12.1,-23.512839,-46.5160465,,,,1,2023-06-18T12:25:06+00:00
SAO_2666-10,São Paulo,3550308,True,EMTU,378,https://moovitapp.com/index/pt-br/transporte_p%C3%BAblico-line-378-Sao_Paulo-242-2038937-36419452-0,12.1,-23.51798475,-46.3882325,,,,1,2023-06-18T12:25:00+00:00
SAO_2666-10,São Paulo,3550308,True,EMTU,378,https://moovitapp.com/index/pt-br/transporte_p%C3%BAblico-line-378-Sao_Paulo-242-2038937-36419452-0,12.1,-23.5149225,-46.389913500000006,,,,1,2023-06-18T12:23:21+00:00
SAO_2666-10,São Paulo,3550308,True,EMTU,378,https://moovitapp.com/index/pt-br/transporte_p%C3%BAblico-line-378-Sao_Paulo-242-2038937-36419452-0,12.1,-23.5371895,-46.594041375,,,,1,2023-06-18T12:24:44+00:00
SAO_2666-10,São Paulo,3550308,True,EMTU,378,https://moovitapp.com/index/pt-br/transporte_p%C3%BAblico-line-378-Sao_Paulo-242-2038937-36419452-0,12.1,-23.52294,-46.535619999999994,,,,1,2023-06-18T12:24:38+00:00
SAO_2727-10,São Paulo,3550308,True,,942,,,-23.522771,-46.461785500000005,,,,1,2023-06-18T12:24:59+00:00
SAO_2727-10,São Paulo,3550308,True,,942,,,-23.540153,-46.483096,,,,1,2023-06-18T12:24:36+00:00
SAO_2727-10,São Paulo,3550308,True,,942,,,-23.540153,-46.483096,,,,1,2023-06-18T12:24:53+00:00
SAO_2727-10,São Paulo,3550308,True,,942,,,-23.540153,-46.483096,,,,1,2023-06-18T12:24:27+00:00
SAO_2727-10,São Paulo,3550308,True,,942,,,-23.540153,-46.483096,,,,1,2023-06-18T12:24:40+00:00
SAO_2727-10,São Paulo,3550308,True,,942,,,-23.540153,-46.483096,,,,1,2023-06-18T12:24:50+00:00
SAO_2727-10,São Paulo,3550308,True,,942,,,-23.540153,-46.483096,,,,1,2023-06-18T12:24:44+00:00
SAO_2727-10,São Paulo,3550308,True,,942,,,-23.540153,-46.483096,,,,1,2023-06-18T12:24:51+00:00
SAO_2727-10,São Paulo,3550308,True,,942,,,-23.540153,-46.483096,,,,1,2023-06-18T12:24:26+00:00
SAO_2727-10,São Paulo,3550308,True,,942,,,-23.540153,-46.483096,,,,1,2023-06-18T12:24:52+00:00
SAO_675R-10,São Paulo,3550308,True,,109,,,-23.686941500000003,-46.694518,,,,1,2023-06-18T12:24:51+00:00
SAO_675R-10,São Paulo,3550308,True,,109,,,-23.7536545,-46.687657,,,,1,2023-06-18T12:24:22+00:00
SAO_509M-10,São Paulo,3550308,True,,1277,,,-23.53824375,-46.644573125,,,,1,2023-06-18T12:25:03+00:00
SAO_509M-10,São Paulo,3550308,True,,1277,,,-23.6795715,-46.636117,,,,1,2023-06-18T12:25:00+00:00
SAO_509M-10,São Paulo,3550308,True,,1277,,,-23.643302,-46.673232,,,,1,2023-06-18T12:24:48+00:00
SAO_5362-10,São Paulo,3550308,True,,32838,,,-23.65979825,-46.7043375,,,,2,2023-06-18T12:24:37+00:00
SAO_5362-10,São Paulo,3550308,True,,32838,,,-23.616243125,-46.674191125,,,,2,2023-06-18T12:24:25+00:00
SAO_9191-10,São Paulo,3550308,True,EMTU,810,https://moovitapp.com/index/pt-br/transporte_p%C3%BAblico-line-810-Sao_Paulo-242-2038937-36419585-0,5.4,-23.45839075,-46.680952500000004,,,,1,2023-06-18T12:24:45+00:00
SAO_9191-10,São Paulo,3550308,True,EMTU,810,https://moovitapp.com/index/pt-br/transporte_p%C3%BAblico-line-810-Sao_Paulo-242-2038937-36419585-0,5.4,-23.501992,-46.68436749999999,,,,1,2023-06-18T12:24:29+00:00
SAO_9191-10,São Paulo,3550308,True,EMTU,810,https://moovitapp.com/index/pt-br/transporte_p%C3%BAblico-line-810-Sao_Paulo-242-2038937-36419585-0,5.4,-23.477825875,-46.671520125,,,,1,2023-06-18T12:24:53+00:00
SAO_3763-10,São Paulo,3550308,True,,1054,,,-23.567273,-46.5438645,,,,1,2023-06-18T12:25:10+00:00
SAO_3763-10,São Paulo,3550308,True,,1054,,,-23.551301000000002,-46.5542805,,,,1,2023-06-18T12:24:28+00:00
SAO_3763-10,São Paulo,3550308,True,,1054,,,-23.558262,-46.522529000000006,,,,1,2023-06-18T12:25:09+00:00
SAO_2769-10,São Paulo,3550308,True,,33165,,,-23.5131725,-46.5166255,,,,2,2023-06-18T12:25:02+00:00
SAO_2769-10,São Paulo,3550308,True,,33165,,,-23.481961499999997,-46.379926,,,,2,2023-06-18T12:25:06+00:00
SAO_1015-10,São Paulo,3550308,True,,34998,,,-23.41224925,-46.8131885,,,,2,2023-06-18T12:24:42+00:00
SAO_8027-10,São Paulo,3550308,True,,34930,,,-23.568452999999998,-46.765302,,,,2,2023-06-18T12:25:03+00:00
SAO_8027-10,São Paulo,3550308,True,,34930,,,-23.57297825,-46.737753749999996,,,,2,2023-06-18T12:24:47+00:00
SAO_677Y-10,São Paulo,3550308,True,,34008,,,-23.693805,-46.7944445,,,,2,2023-06-18T12:25:02+00:00
SAO_677Y-10,São Paulo,3550308,True,,34008,,,-23.6591095,-46.766191,,,,2,2023-06-18T12:24:44+00:00
SAO_677Y-10,São Paulo,3550308,True,,34008,,,-23.68357,-46.7894015,,,,2,2023-06-18T12:24:35+00:00
SAO_3738-10,São Paulo,3550308,True,,1038,,,-23.55217425,-46.43152,,,,1,2023-06-18T12:25:03+00:00
SAO_3738-10,São Paulo,3550308,True,,1038,,,-23.542397,-46.469636,,,,1,2023-06-18T12:24:34+00:00
SAO_3738-10,São Paulo,3550308,True,,1038,,,-23.564006250000002,-46.397754750000004,,,,1,2023-06-18T12:24:53+00:00
SAO_573H-10,São Paulo,3550308,True,,1630,,,-23.579302499999997,-46.540389000000005,,,,1,2023-06-18T12:24:33+00:00
SAO_573H-10,São Paulo,3550308,True,,1630,,,-23.60225475,-46.50354575,,,,1,2023-06-18T12:24:35+00:00
SAO_573H-10,São Paulo,3550308,True,,1630,,,-23.54886,-46.6088435,,,,1,2023-06-18T12:25:08+00:00
SAO_573H-10,São Paulo,3550308,True,,1630,,,-23.5733015,-46.563201,,,,1,2023-06-18T12:24:40+00:00
SAO_573H-10,São Paulo,3550308,True,,1630,,,-23.56183525,-46.592273,,,,1,2023-06-18T12:25:03+00:00
SAO_4312-21,São Paulo,3550308,True,,2491,,,-23.538305,-46.565473499999996,,,,1,2023-06-18T12:25:03+00:00
SAO_4312-21,São Paulo,3550308,True,,2491,,,-23.557613,-46.4956995,,,,1,2023-06-18T12:25:06+00:00
SAO_5119-10,São Paulo,3550308,True,,1,,,-23.644154,-46.733861000000005,,,,1,2023-06-18T12:24:34+00:00
SAO_5119-10,São Paulo,3550308,True,,1,,,-23.582347249999998,-46.67043650000001,,,,1,2023-06-18T12:24:51+00:00
SAO_5119-10,São Paulo,3550308,True,,1,,,-23.56853625,-46.649782,,,,1,2023-06-18T12:24:32+00:00
SAO_5119-10,São Paulo,3550308,True,,1,,,-23.604743,-46.7251465,,,,1,2023-06-18T12:24:54+00:00
SAO_514T-10,São Paulo,3550308,True,,1671,,,-23.590939249999998,-46.610294249999995,,,,1,2023-06-18T12:25:05+00:00
SAO_514T-10,São Paulo,3550308,True,,1671,,,-23.593101500000003,-46.498408749999996,,,,1,2023-06-18T12:24:44+00:00
SAO_514T-10,São Paulo,3550308,True,,1671,,,-23.581327,-46.562794,,,,1,2023-06-18T12:24:27+00:00
SAO_273R-10,São Paulo,3550308,True,,32994,,,-23.51545025,-46.4608195,,,,2,2023-06-18T12:25:07+00:00
SAO_273R-10,São Paulo,3550308,True,,32994,,,-23.5103705,-46.434796500000004,,,,2,2023-06-18T12:24:43+00:00
SAO_273R-10,São Paulo,3550308,True,,32994,,,-23.540395,-46.4831425,,,,2,2023-06-18T12:24:45+00:00
SAO_273R-10,São Paulo,3550308,True,,32994,,,-23.5128555,-46.4437095,,,,2,2023-06-18T12:25:03+00:00
SAO_273R-10,São Paulo,3550308,True,,32994,,,-23.523044,-46.418287,,,,2,2023-06-18T12:25:01+00:00
SAO_273R-10,São Paulo,3550308,True,,32994,,,-23.540395,-46.4831425,,,,2,2023-06-18T12:24:26+00:00
SAO_273R-10,São Paulo,3550308,True,,32994,,,-23.540395,-46.4831425,,,,2,2023-06-18T12:24:27+00:00
SAO_2678-10,São Paulo,3550308,True,STT,383,https://moovitapp.com/index/pt-br/transporte_p%C3%BAblico-line-383-Sao_Paulo-242-850661-183294-0,5.3,-23.53906475,-46.6071805,,,,1,2023-06-18T12:25:02+00:00
SAO_2678-10,São Paulo,3550308,True,STT,383,https://moovitapp.com/index/pt-br/transporte_p%C3%BAblico-line-383-Sao_Paulo-242-850661-183294-0,5.3,-23.498865000000002,-46.467036,,,,1,2023-06-18T12:24:55+00:00
SAO_2678-10,São Paulo,3550308,True,STT,383,https://moovitapp.com/index/pt-br/transporte_p%C3%BAblico-line-383-Sao_Paulo-242-850661-183294-0,5.3,-23.5366255,-46.589150000000004,,,,1,2023-06-18T12:24:29+00:00
SAO_2678-10,São Paulo,3550308,True,STT,383,https://moovitapp.com/index/pt-br/transporte_p%C3%BAblico-line-383-Sao_Paulo-242-850661-183294-0,5.3,-23.506593,-46.3882265,,,,1,2023-06-18T12:24:28+00:00
SAO_2678-10,São Paulo,3550308,True,STT,383,https://moovitapp.com/index/pt-br/transporte_p%C3%BAblico-line-383-Sao_Paulo-242-850661-183294-0,5.3,-23.5380105,-46.598118625,,,,1,2023-06-18T12:24:40+00:00
SAO_1765-10,São Paulo,3550308,True,,1782,,,-23.47071325,-46.5784265,,,,1,2023-06-18T12:24:26+00:00
SAO_6970-10,São Paulo,3550308,True,,1505,,,-23.737581499999997,-46.697899500000005,,,,1,2023-06-18T12:24:45+00:00
SAO_6970-10,São Paulo,3550308,True,,1505,,,-23.737581499999997,-46.697899500000005,,,,1,2023-06-18T12:24:37+00:00
SAO_6970-10,São Paulo,3550308,True,,1505,,,-23.654252,-46.711555000000004,,,,1,2023-06-18T12:24:57+00:00
SAO_6970-10,São Paulo,3550308,True,,1505,,,-23.737581499999997,-46.697899500000005,,,,1,2023-06-18T12:24:28+00:00
SAO_6970-10,São Paulo,3550308,True,,1505,,,-23.737581499999997,-46.697899500000005,,,,1,2023-06-18T12:24:24+00:00
SAO_6970-10,São Paulo,3550308,True,,1505,,,-23.700621124999998,-46.71499775,,,,1,2023-06-18T12:24:50+00:00
SAO_6970-10,São Paulo,3550308,True,,1505,,,-23.737581499999997,-46.697899500000005,,,,1,2023-06-18T12:25:02+00:00
SAO_7545-10,São Paulo,3550308,True,,33272,,,-23.5480775,-46.649773624999995,,,,2,2023-06-18T12:25:07+00:00
SAO_7545-10,São Paulo,3550308,True,,33272,,,-23.601537,-46.791821999999996,,,,2,2023-06-18T12:24:44+00:00
SAO_7545-10,São Paulo,3550308,True,,33272,,,-23.5698595,-46.688706374999995,,,,2,2023-06-18T12:25:04+00:00
SAO_3004-10,São Paulo,3550308,True,,34566,,,-23.492837249999997,-46.406667250000005,,,,2,2023-06-18T12:24:59+00:00
SAO_3004-10,São Paulo,3550308,True,,34566,,,-23.479422,-46.4206095,,,,2,2023-06-18T12:25:02+00:00
SAO_2005-10,São Paulo,3550308,True,,33661,,,-23.490944499999998,-46.445358,,,,2,2023-06-18T12:24:24+00:00
SAO_2005-10,São Paulo,3550308,True,,33661,,,-23.492691,-46.3958795,,,,2,2023-06-18T12:24:48+00:00
SAO_2005-10,São Paulo,3550308,True,,33661,,,-23.490944499999998,-46.445358,,,,2,2023-06-18T12:24:45+00:00
SAO_6960-10,São Paulo,3550308,True,,1443,,,-23.701241625,-46.714988749999996,,,,1,2023-06-18T12:24:46+00:00
SAO_6960-10,São Paulo,3550308,True,,1443,,,-23.719488,-46.698268999999996,,,,1,2023-06-18T12:25:06+00:00
SAO_6960-10,São Paulo,3550308,True,,1443,,,-23.767560000000003,-46.7161905,,,,1,2023-06-18T12:25:07+00:00
SAO_6960-10,São Paulo,3550308,True,,1443,,,-23.66088375,-46.71217925,,,,1,2023-06-18T12:24:25+00:00
SAO_6960-10,São Paulo,3550308,True,,1443,,,-23.654345999999997,-46.712644,,,,1,2023-06-18T12:24:56+00:00
SAO_695Y-10,São Paulo,3550308,True,,1198,,,-23.609559062499997,-46.667714375,,,,1,2023-06-18T12:24:55+00:00
SAO_695Y-10,São Paulo,3550308,True,,1198,,,-23.642777125,-46.699068999999994,,,,1,2023-06-18T12:24:28+00:00
SAO_695Y-10,São Paulo,3550308,True,,1198,,,-23.82240775,-46.735719687499994,,,,1,2023-06-18T12:24:23+00:00
SAO_695Y-10,São Paulo,3550308,True,,1198,,,-23.7770115,-46.723006,,,,1,2023-06-18T12:23:26+00:00
SAO_695Y-10,São Paulo,3550308,True,,1198,,,-23.5894045,-46.634211,,,,1,2023-06-18T12:24:32+00:00
SAO_695Y-10,São Paulo,3550308,True,,1198,,,-23.68100125,-46.69433925,,,,1,2023-06-18T12:24:59+00:00
SAO_4284-10,São Paulo,3550308,True,EMTU,289,https://moovitapp.com/index/pt-br/transporte_p%C3%BAblico-line-289-Sao_Paulo-242-2038937-36419390-0,5.1,-23.5968745,-46.5589925,,,,1,2023-06-18T12:24:36+00:00
SAO_637A-10,São Paulo,3550308,True,,185,,,-23.620049,-46.7001445,,,,1,2023-06-18T12:25:04+00:00
SAO_637A-10,São Paulo,3550308,True,,185,,,-23.62399925,-46.704225,,,,1,2023-06-18T12:24:49+00:00
SAO_637A-10,São Paulo,3550308,True,,185,,,-23.6700745,-46.7376435,,,,1,2023-06-18T12:25:03+00:00
SAO_637A-10,São Paulo,3550308,True,,185,,,-23.571013999999998,-46.690649,,,,1,2023-06-18T12:24:31+00:00
SAO_637A-10,São Paulo,3550308,True,,185,,,-23.642786,-46.724813,,,,1,2023-06-18T12:24:16+00:00
SAO_637A-10,São Paulo,3550308,True,,185,,,-23.685542499999997,-46.770193500000005,,,,1,2023-06-18T12:24:53+00:00
SAO_2202-10,São Paulo,3550308,True,Urubupungá,910,https://moovitapp.com/index/pt-br/transporte_p%C3%BAblico-line-910-Sao_Paulo-242-873835-496471-0,4.6,-23.534992,-46.401114500000006,,,,1,2023-06-18T12:24:53+00:00
SAO_2202-10,São Paulo,3550308,True,Urubupungá,910,https://moovitapp.com/index/pt-br/transporte_p%C3%BAblico-line-910-Sao_Paulo-242-873835-496471-0,4.6,-23.504141500000003,-46.4043085,,,,1,2023-06-18T12:24:31+00:00
SAO_2202-10,São Paulo,3550308,True,Urubupungá,910,https://moovitapp.com/index/pt-br/transporte_p%C3%BAblico-line-910-Sao_Paulo-242-873835-496471-0,4.6,-23.5332815,-46.399273,,,,1,2023-06-18T12:24:34+00:00
SAO_2202-10,São Paulo,3550308,True,Urubupungá,910,https://moovitapp.com/index/pt-br/transporte_p%C3%BAblico-line-910-Sao_Paulo-242-873835-496471-0,4.6,-23.488201,-46.382996500000004,,,,1,2023-06-18T12:24:42+00:00
SAO_2202-10,São Paulo,3550308,True,Urubupungá,910,https://moovitapp.com/index/pt-br/transporte_p%C3%BAblico-line-910-Sao_Paulo-242-873835-496471-0,4.6,-23.542177000000002,-46.41304,,,,1,2023-06-18T12:22:42+00:00
SAO_2202-10,São Paulo,3550308,True,Urubupungá,910,https://moovitapp.com/index/pt-br/transporte_p%C3%BAblico-line-910-Sao_Paulo-242-873835-496471-0,4.6,-23.497555,-46.395596,,,,1,2023-06-18T12:24:33+00:00
SAO_2202-10,São Paulo,3550308,True,Urubupungá,910,https://moovitapp.com/index/pt-br/transporte_p%C3%BAblico-line-910-Sao_Paulo-242-873835-496471-0,4.6,-23.538750999999998,-46.407706,,,,1,2023-06-18T12:24:18+00:00
SAO_6078-10,São Paulo,3550308,True,,1166,,,-23.719488,-46.698268999999996,,,,1,2023-06-18T12:25:04+00:00
SAO_6078-10,São Paulo,3550308,True,,1166,,,-23.668908875,-46.67792575,,,,1,2023-06-18T12:24:29+00:00
SAO_6078-10,São Paulo,3550308,True,,1166,,,-23.742629,-46.665431625,,,,1,2023-06-18T12:24:46+00:00
SAO_8700-10,São Paulo,3550308,True,,34645,,,-23.547899,-46.6492035,,,,2,2023-06-18T12:25:04+00:00
SAO_8700-10,São Paulo,3550308,True,,34645,,,-23.55165475,-46.657360749999995,,,,2,2023-06-18T12:25:02+00:00
SAO_8700-10,São Paulo,3550308,True,,34645,,,-23.6310935,-46.773485,,,,2,2023-06-18T12:24:51+00:00
SAO_8700-10,São Paulo,3550308,True,,34645,,,-23.563919,-46.6774145,,,,2,2023-06-18T12:24:45+00:00
SAO_8700-10,São Paulo,3550308,True,,34645,,,-23.631026499999997,-46.773642,,,,2,2023-06-18T12:24:28+00:00
SAO_5391-10,São Paulo,3550308,True,EMTU,171,https://moovitapp.com/index/pt-br/transporte_p%C3%BAblico-line-171-Sao_Paulo-242-2038937-36419310-0,4.8,-23.648898000000003,-46.703265,,,,1,2023-06-18T12:24:26+00:00
SAO_5391-10,São Paulo,3550308,True,EMTU,171,https://moovitapp.com/index/pt-br/transporte_p%C3%BAblico-line-171-Sao_Paulo-242-2038937-36419310-0,4.8,-23.692511000000003,-46.7778525,,,,1,2023-06-18T12:24:25+00:00
SAO_5391-10,São Paulo,3550308,True,EMTU,171,https://moovitapp.com/index/pt-br/transporte_p%C3%BAblico-line-171-Sao_Paulo-242-2038937-36419310-0,4.8,-23.613077625,-46.671047125,,,,1,2023-06-18T12:25:00+00:00
SAO_5391-10,São Paulo,3550308,True,EMTU,171,https://moovitapp.com/index/pt-br/transporte_p%C3%BAblico-line-171-Sao_Paulo-242-2038937-36419310-0,4.8,-23.551742,-46.6370405,,,,1,2023-06-18T12:24:30+00:00
SAO_5391-10,São Paulo,3550308,True,EMTU,171,https://moovitapp.com/index/pt-br/transporte_p%C3%BAblico-line-171-Sao_Paulo-242-2038937-36419310-0,4.8,-23.5906755,-46.650822500000004,,,,1,2023-06-18T12:24:48+00:00
SAO_5391-10,São Paulo,3550308,True,EMTU,171,https://moovitapp.com/index/pt-br/transporte_p%C3%BAblico-line-171-Sao_Paulo-242-2038937-36419310-0,4.8,-23.672914499999997,-46.743935,,,,1,2023-06-18T12:25:01+00:00
SAO_7017-10,São Paulo,3550308,True,,2502,,,-23.668242,-46.7355055,,,,1,2023-06-18T12:24:25+00:00
SAO_7017-10,São Paulo,3550308,True,,2502,,,-23.6782085,-46.776639,,,,1,2023-06-18T12:25:00+00:00
SAO_857A-10,São Paulo,3550308,True,,34693,,,-23.631579000000002,-46.772447,,,,2,2023-06-18T12:18:45+00:00
SAO_857A-10,São Paulo,3550308,True,,34693,,,-23.631258,-46.773112999999995,,,,2,2023-06-18T12:24:48+00:00
SAO_857A-10,São Paulo,3550308,True,,34693,,,-23.5804635,-46.6848605,,,,2,2023-06-18T12:24:51+00:00
SAO_736G-10,São Paulo,3550308,True,,780,,,-23.62399925,-46.704225,,,,1,2023-06-18T12:24:30+00:00
SAO_736G-10,São Paulo,3550308,True,,780,,,-23.632856500000003,-46.747603999999995,,,,1,2023-06-18T12:24:55+00:00
SAO_736G-10,São Paulo,3550308,True,,780,,,-23.618531,-46.699355,,,,1,2023-06-18T12:24:39+00:00
SAO_4004-10,São Paulo,3550308,True,,2178,,,-23.5909475,-46.4039135,,,,1,2023-06-18T12:24:53+00:00
SAO_9014-10,São Paulo,3550308,True,,34193,,,-23.520236,-46.6997165,,,,2,2023-06-18T12:24:27+00:00
SAO_9014-10,São Paulo,3550308,True,,34193,,,-23.4739335,-46.7078185,,,,2,2023-06-18T12:24:56+00:00
SAO_9014-10,São Paulo,3550308,True,,34193,,,-23.50484,-46.6869295,,,,2,2023-06-18T12:25:01+00:00
SAO_3741-10,São Paulo,3550308,True,,33809,,,-23.5455945,-46.447912,,,,2,2023-06-18T12:24:54+00:00
SAO_3741-10,São Paulo,3550308,True,,33809,,,-23.542065,-46.449332,,,,2,2023-06-18T12:24:41+00:00
SAO_172R-10,São Paulo,3550308,True,,33627,,,-23.47644375,-46.5741525,,,,2,2023-06-18T12:24:29+00:00
SAO_172R-10,São Paulo,3550308,True,,33627,,,-23.540139,-46.594167,,,,2,2023-06-18T12:24:41+00:00
SAO_172R-10,São Paulo,3550308,True,,33627,,,-23.5060735,-46.5773,,,,2,2023-06-18T12:24:24+00:00
SAO_5119-10,São Paulo,3550308,True,,32769,,,-23.565608875,-46.647713249999995,,,,2,2023-06-18T12:25:09+00:00
SAO_5119-10,São Paulo,3550308,True,,32769,,,-23.654714,-46.760605,,,,2,2023-06-18T12:24:27+00:00
SAO_5119-10,São Paulo,3550308,True,,32769,,,-23.6546255,-46.761425,,,,2,2023-06-18T12:24:51+00:00
SAO_5119-10,São Paulo,3550308,True,,32769,,,-23.56853625,-46.649782,,,,2,2023-06-18T12:24:31+00:00
SAO_2711-10,São Paulo,3550308,True,,33693,,,-23.529975,-46.500915500000005,,,,2,2023-06-18T12:24:52+00:00
SAO_2711-10,São Paulo,3550308,True,,33693,,,-23.514456000000003,-46.48103125,,,,2,2023-06-18T12:24:49+00:00
SAO_3002-10,São Paulo,3550308,True,,1808,,,-23.510468,-46.378808,,,,1,2023-06-18T12:24:52+00:00
SAO_3002-10,São Paulo,3550308,True,,1808,,,-23.51173,-46.379023000000004,,,,1,2023-06-18T12:24:32+00:00
SAO_3002-10,São Paulo,3550308,True,,1808,,,-23.4943755,-46.4039005,,,,1,2023-06-18T12:24:44+00:00
SAO_3002-10,São Paulo,3550308,True,,1808,,,-23.5081725,-46.377658,,,,1,2023-06-18T12:24:55+00:00
SAO_3002-10,São Paulo,3550308,True,,1808,,,-23.506004,-46.377844499999995,,,,1,2023-06-18T12:25:05+00:00
SAO_2704-10,São Paulo,3550308,True,,33684,,,-23.517951250000003,-46.42169325,,,,2,2023-06-18T12:24:47+00:00
SAO_2704-10,São Paulo,3550308,True,,33684,,,-23.526847500000002,-46.446185,,,,2,2023-06-18T12:25:05+00:00
SAO_271F-10,São Paulo,3550308,True,,33451,,,-23.515762625,-46.61184575,,,,2,2023-06-18T12:24:44+00:00
SAO_271F-10,São Paulo,3550308,True,,33451,,,-23.542358,-46.589724000000004,,,,2,2023-06-18T12:24:38+00:00
SAO_2721-10,São Paulo,3550308,True,,934,,,-23.508602500000002,-46.4433135,,,,1,2023-06-18T12:24:55+00:00
SAO_2721-10,São Paulo,3550308,True,,934,,,-23.508173499999998,-46.407759,,,,1,2023-06-18T12:25:03+00:00
SAO_8215-10,São Paulo,3550308,True,,33342,,,-23.4675385,-46.6980035,,,,2,2023-06-18T12:24:53+00:00
SAO_8215-10,São Paulo,3550308,True,,33342,,,-23.5421285,-46.636072,,,,2,2023-06-18T12:24:45+00:00
SAO_8215-10,São Paulo,3550308,True,,33342,,,-23.501610749999998,-46.68844875,,,,2,2023-06-18T12:24:29+00:00
SAO_6030-10,São Paulo,3550308,True,,33910,,,-23.6669345,-46.706439,,,,2,2023-06-18T12:24:37+00:00
SAO_6030-10,São Paulo,3550308,True,,33910,,,-23.653945999999998,-46.711372,,,,2,2023-06-18T12:24:54+00:00
SAO_6030-10,São Paulo,3550308,True,,33910,,,-23.740834,-46.707463000000004,,,,2,2023-06-18T12:24:47+00:00
SAO_6030-10,São Paulo,3550308,True,,33910,,,-23.7299035,-46.708973,,,,2,2023-06-18T12:24:39+00:00
SAO_4053-10,São Paulo,3550308,True,,2146,,,-23.5529695,-46.3943265,,,,1,2023-06-18T12:24:40+00:00
SAO_4053-10,São Paulo,3550308,True,,2146,,,-23.544839,-46.408721,,,,1,2023-06-18T12:25:01+00:00
SAO_574C-10,São Paulo,3550308,True,,1639,,,-23.6018625,-46.5700175,,,,1,2023-06-18T12:23:36+00:00
SAO_574C-10,São Paulo,3550308,True,,1639,,,-23.592700999999998,-46.5462325,,,,1,2023-06-18T12:24:45+00:00
SAO_819A-10,São Paulo,3550308,True,Rápido Campinas,803,https://moovitapp.com/index/pt-br/transporte_p%C3%BAblico-line-803-Sao_Paulo-242-858660-544941-0,5.3,-23.450284,-46.7425585,,,,1,2023-06-18T12:24:56+00:00
SAO_819A-10,São Paulo,3550308,True,Rápido Campinas,803,https://moovitapp.com/index/pt-br/transporte_p%C3%BAblico-line-803-Sao_Paulo-242-858660-544941-0,5.3,-23.434290750000002,-46.727937999999995,,,,1,2023-06-18T12:25:01+00:00
SAO_819A-10,São Paulo,3550308,True,Rápido Campinas,803,https://moovitapp.com/index/pt-br/transporte_p%C3%BAblico-line-803-Sao_Paulo-242-858660-544941-0,5.3,-23.4557005,-46.6930005,,,,1,2023-06-18T12:24:45+00:00
SAO_819A-10,São Paulo,3550308,True,Rápido Campinas,803,https://moovitapp.com/index/pt-br/transporte_p%C3%BAblico-line-803-Sao_Paulo-242-858660-544941-0,5.3,-23.488368,-46.675892000000005,,,,1,2023-06-18T12:24:40+00:00
SAO_6821-10,São Paulo,3550308,True,,32789,,,-23.68575775,-46.77979525000001,,,,2,2023-06-18T12:24:55+00:00
SAO_6821-10,São Paulo,3550308,True,,32789,,,-23.686469000000002,-46.780176,,,,2,2023-06-18T12:24:53+00:00
SAO_6821-10,São Paulo,3550308,True,,32789,,,-23.6540735,-46.7628415,,,,2,2023-06-18T12:24:31+00:00
SAO_3459-10,São Paulo,3550308,True,,33170,,,-23.547625500000002,-46.629791499999996,,,,2,2023-06-18T12:25:04+00:00
SAO_3459-10,São Paulo,3550308,True,,33170,,,-23.547625500000002,-46.629791499999996,,,,2,2023-06-18T12:24:39+00:00
SAO_3459-10,São Paulo,3550308,True,,33170,,,-23.547625500000002,-46.629791499999996,,,,2,2023-06-18T12:24:43+00:00
SAO_3459-10,São Paulo,3550308,True,,33170,,,-23.547625500000002,-46.629791499999996,,,,2,2023-06-18T12:25:00+00:00
SAO_3459-10,São Paulo,3550308,True,,33170,,,-23.547625500000002,-46.629791499999996,,,,2,2023-06-18T12:24:53+00:00
SAO_3459-10,São Paulo,3550308,True,,33170,,,-23.516686749999998,-46.38517525,,,,2,2023-06-18T12:24:53+00:00
SAO_3459-10,São Paulo,3550308,True,,33170,,,-23.547625500000002,-46.629791499999996,,,,2,2023-06-18T12:24:52+00:00
SAO_3459-10,São Paulo,3550308,True,,33170,,,-23.547625500000002,-46.629791499999996,,,,2,2023-06-18T12:24:56+00:00
SAO_3459-10,São Paulo,3550308,True,,33170,,,-23.547625500000002,-46.629791499999996,,,,2,2023-06-18T12:25:02+00:00
SAO_3459-10,São Paulo,3550308,True,,33170,,,-23.547625500000002,-46.629791499999996,,,,2,2023-06-18T12:24:45+00:00
SAO_3459-10,São Paulo,3550308,True,,33170,,,-23.547625500000002,-46.629791499999996,,,,2,2023-06-18T12:24:29+00:00
SAO_3459-10,São Paulo,3550308,True,,33170,,,-23.547625500000002,-46.629791499999996,,,,2,2023-06-18T12:24:50+00:00
SAO_3459-10,São Paulo,3550308,True,,33170,,,-23.516762,-46.384977500000005,,,,2,2023-06-18T12:22:21+00:00
SAO_3459-10,São Paulo,3550308,True,,33170,,,-23.547625500000002,-46.629791499999996,,,,2,2023-06-18T12:25:04+00:00
SAO_3459-10,São Paulo,3550308,True,,33170,,,-23.516762,-46.384977500000005,,,,2,2023-06-18T12:25:05+00:00
SAO_3459-10,São Paulo,3550308,True,,33170,,,-23.547625500000002,-46.629791499999996,,,,2,2023-06-18T12:23:45+00:00
SAO_3459-10,São Paulo,3550308,True,,33170,,,-23.547625500000002,-46.629791499999996,,,,2,2023-06-18T12:25:02+00:00
SAO_3459-10,São Paulo,3550308,True,,33170,,,-23.553131999999998,-46.614165,,,,2,2023-06-18T12:24:36+00:00
SAO_3459-10,São Paulo,3550308,True,,33170,,,-23.547625500000002,-46.629791499999996,,,,2,2023-06-18T12:25:03+00:00
SAO_3459-10,São Paulo,3550308,True,,33170,,,-23.51543675,-46.456217499999994,,,,2,2023-06-18T12:24:36+00:00
SAO_307C-10,São Paulo,3550308,True,,2114,,,-23.517810500000003,-46.385742,,,,1,2023-06-18T12:22:58+00:00
SAO_307C-10,São Paulo,3550308,True,,2114,,,-23.496196499999996,-46.4023325,,,,1,2023-06-18T12:24:44+00:00
SAO_971M-10,São Paulo,3550308,True,,33380,,,-23.482084,-46.655021000000005,,,,2,2023-06-18T12:25:03+00:00
SAO_971M-10,São Paulo,3550308,True,,33380,,,-23.490531,-46.688970499999996,,,,2,2023-06-18T12:24:50+00:00
SAO_971M-10,São Paulo,3550308,True,,33380,,,-23.499039500000002,-46.624944,,,,2,2023-06-18T12:24:54+00:00
SAO_6824-10,São Paulo,3550308,True,BR7 Mobilidade,23,https://moovitapp.com/index/pt-br/transporte_p%C3%BAblico-line-23-Sao_Paulo-242-851856-518590-0,5.75,-23.6539115,-46.762288,,,,1,2023-06-18T12:25:08+00:00
SAO_6824-10,São Paulo,3550308,True,BR7 Mobilidade,23,https://moovitapp.com/index/pt-br/transporte_p%C3%BAblico-line-23-Sao_Paulo-242-851856-518590-0,5.75,-23.671398,-46.793951,,,,1,2023-06-18T12:24:49+00:00
SAO_271C-10,São Paulo,3550308,True,STT,682,https://moovitapp.com/index/pt-br/transporte_p%C3%BAblico-line-682-Sao_Paulo-242-850661-183336-0,5.3,-23.53180675,-46.632666875,,,,1,2023-06-18T12:24:41+00:00
SAO_271C-10,São Paulo,3550308,True,STT,682,https://moovitapp.com/index/pt-br/transporte_p%C3%BAblico-line-682-Sao_Paulo-242-850661-183336-0,5.3,-23.497226249999997,-46.5749995,,,,1,2023-06-18T12:24:40+00:00
SAO_3768-10,São Paulo,3550308,True,,1056,,,-23.550209,-46.4257055,,,,1,2023-06-18T12:24:49+00:00
SAO_3768-10,São Paulo,3550308,True,,1056,,,-23.589112999999998,-46.382908,,,,1,2023-06-18T12:24:39+00:00
SAO_107T-10,São Paulo,3550308,True,,33389,,,-23.4810725,-46.603761500000005,,,,2,2023-06-18T12:25:00+00:00
SAO_107T-10,São Paulo,3550308,True,,33389,,,-23.560659625,-46.662874,,,,2,2023-06-18T12:24:38+00:00
SAO_576M-10,São Paulo,3550308,True,,33372,,,-23.6774965,-46.6406015,,,,2,2023-06-18T12:25:05+00:00
SAO_576M-10,São Paulo,3550308,True,,33372,,,-23.607060625000003,-46.660877125,,,,2,2023-06-18T12:24:44+00:00
SAO_847P-10,São Paulo,3550308,True,,33191,,,-23.485637500000003,-46.7260535,,,,2,2023-06-18T12:24:47+00:00
SAO_847P-10,São Paulo,3550308,True,,33191,,,-23.540153500000002,-46.7044175,,,,2,2023-06-18T12:25:05+00:00
SAO_847P-10,São Paulo,3550308,True,,33191,,,-23.56768875,-46.692916,,,,2,2023-06-18T12:24:48+00:00
SAO_2583-10,São Paulo,3550308,True,EMTU,375,https://moovitapp.com/index/pt-br/transporte_p%C3%BAblico-line-375-Sao_Paulo-242-2038937-36419449-0,11.7,-23.529243,-46.5540865,,,,1,2023-06-18T12:24:51+00:00
SAO_2583-10,São Paulo,3550308,True,EMTU,375,https://moovitapp.com/index/pt-br/transporte_p%C3%BAblico-line-375-Sao_Paulo-242-2038937-36419449-0,11.7,-23.510990500000002,-46.42110675,,,,1,2023-06-18T12:25:04+00:00
SAO_2583-10,São Paulo,3550308,True,EMTU,375,https://moovitapp.com/index/pt-br/transporte_p%C3%BAblico-line-375-Sao_Paulo-242-2038937-36419449-0,11.7,-23.507390375,-46.489095125000006,,,,1,2023-06-18T12:24:41+00:00
SAO_8026-10,São Paulo,3550308,True,,2083,,,-23.607749875000003,-46.744912625,,,,1,2023-06-18T12:25:04+00:00
SAO_4028-10,São Paulo,3550308,True,,1098,,,-23.610467,-46.476589375,,,,1,2023-06-18T12:24:26+00:00
SAO_4028-10,São Paulo,3550308,True,,1098,,,-23.641896000000003,-46.4389945,,,,1,2023-06-18T12:24:25+00:00
SAO_4028-10,São Paulo,3550308,True,,1098,,,-23.641877,-46.439374,,,,1,2023-06-18T12:25:04+00:00
SAO_609J-10,São Paulo,3550308,True,,35010,,,-23.617780500000002,-46.660668,,,,2,2023-06-18T12:24:59+00:00
SAO_675K-10,São Paulo,3550308,True,EMTU,198,https://moovitapp.com/index/pt-br/transporte_p%C3%BAblico-line-198-Sao_Paulo-242-2038937-59811937-0,6.35,-23.6497811875,-46.70390193750001,,,,1,2023-06-18T12:25:04+00:00
SAO_675K-10,São Paulo,3550308,True,EMTU,198,https://moovitapp.com/index/pt-br/transporte_p%C3%BAblico-line-198-Sao_Paulo-242-2038937-59811937-0,6.35,-23.596066375,-46.65354425,,,,1,2023-06-18T12:24:46+00:00
SAO_675K-10,São Paulo,3550308,True,EMTU,198,https://moovitapp.com/index/pt-br/transporte_p%C3%BAblico-line-198-Sao_Paulo-242-2038937-59811937-0,6.35,-23.667810000000003,-46.731027499999996,,,,1,2023-06-18T12:24:56+00:00
SAO_675K-10,São Paulo,3550308,True,EMTU,198,https://moovitapp.com/index/pt-br/transporte_p%C3%BAblico-line-198-Sao_Paulo-242-2038937-59811937-0,6.35,-23.679529374999998,-46.764053375,,,,1,2023-06-18T12:25:02+00:00
SAO_675K-10,São Paulo,3550308,True,EMTU,198,https://moovitapp.com/index/pt-br/transporte_p%C3%BAblico-line-198-Sao_Paulo-242-2038937-59811937-0,6.35,-23.627943062499998,-46.6851315,,,,1,2023-06-18T12:24:51+00:00
SAO_675K-10,São Paulo,3550308,True,EMTU,198,https://moovitapp.com/index/pt-br/transporte_p%C3%BAblico-line-198-Sao_Paulo-242-2038937-59811937-0,6.35,-23.672098,-46.741896,,,,1,2023-06-18T12:24:56+00:00
SAO_675K-10,São Paulo,3550308,True,EMTU,198,https://moovitapp.com/index/pt-br/transporte_p%C3%BAblico-line-198-Sao_Paulo-242-2038937-59811937-0,6.35,-23.596426,-46.650729999999996,,,,1,2023-06-18T12:24:42+00:00
SAO_675X-10,São Paulo,3550308,True,EMTU,111,https://moovitapp.com/index/pt-br/transporte_p%C3%BAblico-line-111-Sao_Paulo-242-2038937-36419271-0,5.1,-23.630059375000002,-46.68707825,,,,1,2023-06-18T12:25:04+00:00
SAO_675X-10,São Paulo,3550308,True,EMTU,111,https://moovitapp.com/index/pt-br/transporte_p%C3%BAblico-line-111-Sao_Paulo-242-2038937-36419271-0,5.1,-23.6631295,-46.7072855,,,,1,2023-06-18T12:24:39+00:00
SAO_675X-10,São Paulo,3550308,True,EMTU,111,https://moovitapp.com/index/pt-br/transporte_p%C3%BAblico-line-111-Sao_Paulo-242-2038937-36419271-0,5.1,-23.7068195,-46.700339,,,,1,2023-06-18T12:25:02+00:00
SAO_675X-10,São Paulo,3550308,True,EMTU,111,https://moovitapp.com/index/pt-br/transporte_p%C3%BAblico-line-111-Sao_Paulo-242-2038937-36419271-0,5.1,-23.737689500000002,-46.697986,,,,1,2023-06-18T12:25:04+00:00
SAO_857R-10,São Paulo,3550308,True,,1892,,,-23.581724375,-46.642871375,,,,1,2023-06-18T12:24:43+00:00
SAO_857R-10,São Paulo,3550308,True,,1892,,,-23.607091,-46.750694,,,,1,2023-06-18T12:22:45+00:00
SAO_857R-10,São Paulo,3550308,True,,1892,,,-23.570254625,-46.689059625,,,,1,2023-06-18T12:25:07+00:00
SAO_978J-10,São Paulo,3550308,True,EMTU,591,https://moovitapp.com/index/pt-br/transporte_p%C3%BAblico-line-591-Sao_Paulo-242-2038937-36419577-0,5.4,-23.45166125,-46.719660000000005,,,,1,2023-06-18T12:24:34+00:00
SAO_978J-10,São Paulo,3550308,True,EMTU,591,https://moovitapp.com/index/pt-br/transporte_p%C3%BAblico-line-591-Sao_Paulo-242-2038937-36419577-0,5.4,-23.523728625000004,-46.703523875,,,,1,2023-06-18T12:24:59+00:00
SAO_978J-10,São Paulo,3550308,True,EMTU,591,https://moovitapp.com/index/pt-br/transporte_p%C3%BAblico-line-591-Sao_Paulo-242-2038937-36419577-0,5.4,-23.5342175,-46.64499075,,,,1,2023-06-18T12:24:43+00:00
SAO_1778-10,São Paulo,3550308,True,,1789,,,-23.4809585,-46.6115475,,,,1,2023-06-18T12:24:09+00:00
SAO_2733-10,São Paulo,3550308,True,,948,,,-23.542407,-46.469709,,,,1,2023-06-18T12:24:58+00:00
SAO_2733-10,São Paulo,3550308,True,,948,,,-23.52138625,-46.463767000000004,,,,1,2023-06-18T12:25:00+00:00
SAO_8000-1,São Paulo,3550308,True,,2506,,,-23.540161750000003,-46.64419375,,,,1,2023-06-18T12:24:49+00:00
SAO_8000-1,São Paulo,3550308,True,,2506,,,-23.5306065,-46.6662365,,,,1,2023-06-18T12:24:38+00:00
SAO_8000-1,São Paulo,3550308,True,,2506,,,-23.520611,-46.699345,,,,1,2023-06-18T12:24:38+00:00
SAO_8000-1,São Paulo,3550308,True,,2506,,,-23.525014749999997,-46.6859635,,,,1,2023-06-18T12:24:39+00:00
SAO_2702-10,São Paulo,3550308,True,,914,,,-23.495477,-46.4449435,,,,1,2023-06-18T12:24:53+00:00
SAO_2702-10,São Paulo,3550308,True,,914,,,-23.495735500000002,-46.4447775,,,,1,2023-06-18T12:24:42+00:00
SAO_2702-10,São Paulo,3550308,True,,914,,,-23.534727,-46.473905,,,,1,2023-06-18T12:24:39+00:00
SAO_2702-10,São Paulo,3550308,True,,914,,,-23.495477,-46.4449435,,,,1,2023-06-18T12:23:22+00:00
SAO_807M-10,São Paulo,3550308,True,,34684,,,-23.6169105,-46.7357875,,,,2,2023-06-18T12:24:34+00:00
SAO_807M-10,São Paulo,3550308,True,,34684,,,-23.631797499999998,-46.7719915,,,,2,2023-06-18T12:24:32+00:00
SAO_807M-10,São Paulo,3550308,True,,34684,,,-23.631797499999998,-46.7719915,,,,2,2023-06-18T12:24:35+00:00
SAO_807M-10,São Paulo,3550308,True,,34684,,,-23.61313425,-46.70357725,,,,2,2023-06-18T12:25:08+00:00
SAO_807M-10,São Paulo,3550308,True,,34684,,,-23.616933500000002,-46.753187,,,,2,2023-06-18T12:24:48+00:00
SAO_2721-10,São Paulo,3550308,True,,33702,,,-23.5074105,-46.4399115,,,,2,2023-06-18T12:24:51+00:00
SAO_2721-10,São Paulo,3550308,True,,33702,,,-23.507366249999997,-46.4085085,,,,2,2023-06-18T12:24:36+00:00
SAO_2721-10,São Paulo,3550308,True,,33702,,,-23.539183,-46.471909499999995,,,,2,2023-06-18T12:25:00+00:00
SAO_2721-10,São Paulo,3550308,True,,33702,,,-23.519723499999998,-46.4094305,,,,2,2023-06-18T12:24:51+00:00
SAO_7049-10,São Paulo,3550308,True,,1912,,,-23.678566749999998,-46.77804375,,,,1,2023-06-18T12:25:06+00:00
SAO_7049-10,São Paulo,3550308,True,,1912,,,-23.7116535,-46.777972,,,,1,2023-06-18T12:24:36+00:00
SAO_7049-10,São Paulo,3550308,True,,1912,,,-23.71189,-46.777949500000005,,,,1,2023-06-18T12:25:04+00:00
SAO_7049-10,São Paulo,3550308,True,,1912,,,-23.7116535,-46.777972,,,,1,2023-06-18T12:25:02+00:00
SAO_7049-10,São Paulo,3550308,True,,1912,,,-23.631797499999998,-46.7719915,,,,1,2023-06-18T12:24:51+00:00
SAO_7049-10,São Paulo,3550308,True,,1912,,,-23.71189,-46.777949500000005,,,,1,2023-06-18T12:24:48+00:00
SAO_7049-10,São Paulo,3550308,True,,1912,,,-23.7116535,-46.777972,,,,1,2023-06-18T12:24:56+00:00
SAO_7049-10,São Paulo,3550308,True,,1912,,,-23.7116535,-46.777972,,,,1,2023-06-18T12:24:34+00:00
SAO_6726-10,São Paulo,3550308,True,,33961,,,-23.7539315,-46.6804505,,,,2,2023-06-18T12:25:09+00:00
SAO_6726-10,São Paulo,3550308,True,,33961,,,-23.744994499999997,-46.667494500000004,,,,2,2023-06-18T12:24:52+00:00
SAO_6726-10,São Paulo,3550308,True,,33961,,,-23.736856875,-46.69666475,,,,2,2023-06-18T12:24:44+00:00
SAO_6726-10,São Paulo,3550308,True,,33961,,,-23.73749875,-46.693042,,,,2,2023-06-18T12:24:55+00:00
SAO_514T-10,São Paulo,3550308,True,,34439,,,-23.59947925,-46.60959925,,,,2,2023-06-18T12:25:02+00:00
SAO_514T-10,São Paulo,3550308,True,,34439,,,-23.595541,-46.5058845,,,,2,2023-06-18T12:25:07+00:00
SAO_514T-10,São Paulo,3550308,True,,34439,,,-23.593684500000002,-46.4983335,,,,2,2023-06-18T12:23:53+00:00
SAO_514T-10,São Paulo,3550308,True,,34439,,,-23.595809,-46.60995175,,,,2,2023-06-18T12:24:30+00:00
SAO_514T-10,São Paulo,3550308,True,,34439,,,-23.581855249999997,-46.5914535,,,,2,2023-06-18T12:24:28+00:00
SAO_514T-10,São Paulo,3550308,True,,34439,,,-23.5870875,-46.543103,,,,2,2023-06-18T12:24:50+00:00
SAO_756A-10,São Paulo,3550308,True,,793,,,-23.620524,-46.699798,,,,1,2023-06-18T12:25:03+00:00
SAO_756A-10,São Paulo,3550308,True,,793,,,-23.602618,-46.7863555,,,,1,2023-06-18T12:24:31+00:00
SAO_756A-10,São Paulo,3550308,True,,793,,,-23.5978395,-46.7957555,,,,1,2023-06-18T12:24:45+00:00
SAO_1177-10,São Paulo,3550308,True,,32897,,,-23.533191875,-46.632661625,,,,2,2023-06-18T12:24:22+00:00
SAO_1177-10,São Paulo,3550308,True,,32897,,,-23.517815499999998,-46.475735,,,,2,2023-06-18T12:24:28+00:00
SAO_1177-10,São Paulo,3550308,True,,32897,,,-23.5361185,-46.632417000000004,,,,2,2023-06-18T12:24:44+00:00
SAO_1177-10,São Paulo,3550308,True,,32897,,,-23.5361185,-46.632417000000004,,,,2,2023-06-18T12:24:45+00:00
SAO_1177-10,São Paulo,3550308,True,,32897,,,-23.516927375,-46.522096,,,,2,2023-06-18T12:24:35+00:00
SAO_1177-10,São Paulo,3550308,True,,32897,,,-23.517572,-46.475783,,,,2,2023-06-18T12:24:43+00:00
SAO_847P-10,São Paulo,3550308,True,,423,,,-23.4861505,-46.7258785,,,,1,2023-06-18T12:24:57+00:00
SAO_847P-10,São Paulo,3550308,True,,423,,,-23.558548000000002,-46.689728,,,,1,2023-06-18T12:24:51+00:00
SAO_847P-10,São Paulo,3550308,True,,423,,,-23.516236999999997,-46.698377,,,,1,2023-06-18T12:24:33+00:00
SAO_847P-10,São Paulo,3550308,True,,423,,,-23.596214500000002,-46.6909225,,,,1,2023-06-18T12:24:29+00:00
SAO_3099-10,São Paulo,3550308,True,,33847,,,-23.6112635,-46.4540455,,,,2,2023-06-18T12:24:36+00:00
SAO_3099-10,São Paulo,3550308,True,,33847,,,-23.6113915,-46.475266500000004,,,,2,2023-06-18T12:24:25+00:00
SAO_3099-10,São Paulo,3550308,True,,33847,,,-23.614425249999996,-46.457595749999996,,,,2,2023-06-18T12:24:57+00:00
SAO_3099-10,São Paulo,3550308,True,,33847,,,-23.613286000000002,-46.4441805,,,,2,2023-06-18T12:24:27+00:00
SAO_3099-10,São Paulo,3550308,True,,33847,,,-23.614929,-46.4703365,,,,2,2023-06-18T12:24:28+00:00
SAO_3761-10,São Paulo,3550308,True,,1051,,,-23.611284500000004,-46.425484499999996,,,,1,2023-06-18T12:24:53+00:00
SAO_3761-10,São Paulo,3550308,True,,1051,,,-23.54987,-46.5238655,,,,1,2023-06-18T12:24:41+00:00
SAO_3761-10,São Paulo,3550308,True,,1051,,,-23.618599,-46.4234555,,,,1,2023-06-18T12:25:01+00:00
SAO_3761-10,São Paulo,3550308,True,,1051,,,-23.59456,-46.4427155,,,,1,2023-06-18T12:21:49+00:00
SAO_3761-10,São Paulo,3550308,True,,1051,,,-23.616551,-46.42312750000001,,,,1,2023-06-18T12:24:37+00:00
SAO_3761-10,São Paulo,3550308,True,,1051,,,-23.616551,-46.42312750000001,,,,1,2023-06-18T12:24:41+00:00
SAO_5110-10,São Paulo,3550308,True,,2209,,,-23.583877,-46.5503845,,,,1,2023-06-18T12:24:53+00:00
SAO_5110-10,São Paulo,3550308,True,,2209,,,-23.6146885,-46.5015595,,,,1,2023-06-18T12:24:30+00:00
SAO_5110-10,São Paulo,3550308,True,,2209,,,-23.6141145,-46.476496999999995,,,,1,2023-06-18T12:25:07+00:00
SAO_3729-10,São Paulo,3550308,True,,33794,,,-23.564311500000002,-46.5047835,,,,2,2023-06-18T12:24:24+00:00
SAO_3729-10,São Paulo,3550308,True,,33794,,,-23.5424694375,-46.563855937499994,,,,2,2023-06-18T12:24:30+00:00
SAO_3729-10,São Paulo,3550308,True,,33794,,,-23.57421175,-46.541283750000005,,,,2,2023-06-18T12:24:55+00:00
SAO_5757-51,São Paulo,3550308,True,,34744,,,-23.635112499999998,-46.640995000000004,,,,2,2023-06-18T12:24:34+00:00
SAO_5757-51,São Paulo,3550308,True,,34744,,,-23.635112499999998,-46.640995000000004,,,,2,2023-06-18T12:24:43+00:00
SAO_5757-51,São Paulo,3550308,True,,34744,,,-23.635112499999998,-46.640995000000004,,,,2,2023-06-18T12:24:15+00:00
SAO_5757-51,São Paulo,3550308,True,,34744,,,-23.635112499999998,-46.640995000000004,,,,2,2023-06-18T12:24:40+00:00
SAO_5757-51,São Paulo,3550308,True,,34744,,,-23.7074865,-46.641363999999996,,,,2,2023-06-18T12:24:32+00:00
SAO_5757-51,São Paulo,3550308,True,,34744,,,-23.6876055,-46.640014,,,,2,2023-06-18T12:24:42+00:00
SAO_5757-51,São Paulo,3550308,True,,34744,,,-23.635112499999998,-46.640995000000004,,,,2,2023-06-18T12:22:31+00:00
SAO_5757-51,São Paulo,3550308,True,,34744,,,-23.635112499999998,-46.640995000000004,,,,2,2023-06-18T12:24:47+00:00
SAO_5757-51,São Paulo,3550308,True,,34744,,,-23.635112499999998,-46.640995000000004,,,,2,2023-06-18T12:24:14+00:00
SAO_5757-51,São Paulo,3550308,True,,34744,,,-23.664119,-46.65525649999999,,,,2,2023-06-18T12:24:27+00:00
SAO_5757-51,São Paulo,3550308,True,,34744,,,-23.635112499999998,-46.640995000000004,,,,2,2023-06-18T12:22:30+00:00
SAO_3069-10,São Paulo,3550308,True,,33752,,,-23.614269,-46.47110875,,,,2,2023-06-18T12:24:42+00:00
SAO_3069-10,São Paulo,3550308,True,,33752,,,-23.60662525,-46.41692075,,,,2,2023-06-18T12:25:06+00:00
SAO_3069-10,São Paulo,3550308,True,,33752,,,-23.606299749999998,-46.41697025,,,,2,2023-06-18T12:24:59+00:00
SAO_3069-10,São Paulo,3550308,True,,33752,,,-23.614269,-46.4194315,,,,2,2023-06-18T12:25:06+00:00
SAO_3069-10,São Paulo,3550308,True,,33752,,,-23.60662525,-46.41692075,,,,2,2023-06-18T12:25:00+00:00
SAO_4017-10,São Paulo,3550308,True,,2190,,,-23.5902125,-46.3823955,,,,1,2023-06-18T12:24:46+00:00
SAO_4017-10,São Paulo,3550308,True,,2190,,,-23.579552,-46.38978,,,,1,2023-06-18T12:22:01+00:00
SAO_1756-10,São Paulo,3550308,True,,33315,,,-23.4580645,-46.6433105,,,,2,2023-06-18T12:24:52+00:00
SAO_1756-10,São Paulo,3550308,True,,33315,,,-23.471080625,-46.642373500000005,,,,2,2023-06-18T12:24:52+00:00
SAO_576C-10,São Paulo,3550308,True,,34058,,,-23.6377915,-46.6319965,,,,2,2023-06-18T12:24:25+00:00
SAO_576C-10,São Paulo,3550308,True,,34058,,,-23.6468385,-46.645112,,,,2,2023-06-18T12:24:42+00:00
SAO_576C-10,São Paulo,3550308,True,,34058,,,-23.64850075,-46.662625250000005,,,,2,2023-06-18T12:24:27+00:00
SAO_576C-10,São Paulo,3550308,True,,34058,,,-23.6466305,-46.6450555,,,,2,2023-06-18T12:24:49+00:00
SAO_576C-10,São Paulo,3550308,True,,34058,,,-23.637947,-46.632115999999996,,,,2,2023-06-18T12:24:31+00:00
SAO_6L10-10,São Paulo,3550308,True,,1159,,,-23.767373499999998,-46.716421499999996,,,,1,2023-06-18T12:25:06+00:00
SAO_6L10-10,São Paulo,3550308,True,,1159,,,-23.767440999999998,-46.716431,,,,1,2023-06-18T12:25:05+00:00
SAO_6L10-10,São Paulo,3550308,True,,1159,,,-23.767440999999998,-46.716431,,,,1,2023-06-18T12:24:53+00:00
SAO_6L10-10,São Paulo,3550308,True,,1159,,,-23.767440999999998,-46.716431,,,,1,2023-06-18T12:24:41+00:00
SAO_6L10-10,São Paulo,3550308,True,,1159,,,-23.767440999999998,-46.716431,,,,1,2023-06-18T12:25:03+00:00
SAO_6813-10,São Paulo,3550308,True,BR7 Mobilidade,33,https://moovitapp.com/index/pt-br/transporte_p%C3%BAblico-line-33-Sao_Paulo-242-851856-529134-0,5.75,-23.6601165,-46.76611175000001,,,,1,2023-06-18T12:24:56+00:00
SAO_675X-10,São Paulo,3550308,True,,32879,,,-23.60177525,-46.660615750000005,,,,2,2023-06-18T12:24:59+00:00
SAO_675X-10,São Paulo,3550308,True,,32879,,,-23.713037999999997,-46.698539999999994,,,,2,2023-06-18T12:24:24+00:00
SAO_475R-10,São Paulo,3550308,True,,33112,,,-23.649907,-46.621632500000004,,,,2,2023-06-18T12:25:05+00:00
SAO_475R-10,São Paulo,3550308,True,,33112,,,-23.5470345,-46.6298525,,,,2,2023-06-18T12:25:36+00:00
SAO_475R-10,São Paulo,3550308,True,,33112,,,-23.5470345,-46.6298525,,,,2,2023-06-18T12:24:47+00:00
SAO_475R-10,São Paulo,3550308,True,,33112,,,-23.5470345,-46.6298525,,,,2,2023-06-18T12:24:32+00:00
SAO_475R-10,São Paulo,3550308,True,,33112,,,-23.5470345,-46.6298525,,,,2,2023-06-18T12:24:44+00:00
SAO_475R-10,São Paulo,3550308,True,,33112,,,-23.5470345,-46.6298525,,,,2,2023-06-18T12:24:48+00:00
SAO_475R-10,São Paulo,3550308,True,,33112,,,-23.5470345,-46.6298525,,,,2,2023-06-18T12:24:49+00:00
SAO_475R-10,São Paulo,3550308,True,,33112,,,-23.5470345,-46.6298525,,,,2,2023-06-18T12:24:48+00:00
SAO_475R-10,São Paulo,3550308,True,,33112,,,-23.5470345,-46.6298525,,,,2,2023-06-18T12:24:52+00:00
SAO_475R-10,São Paulo,3550308,True,,33112,,,-23.5470345,-46.6298525,,,,2,2023-06-18T12:24:49+00:00
SAO_475R-10,São Paulo,3550308,True,,33112,,,-23.576698,-46.6570825,,,,2,2023-06-18T12:24:42+00:00
SAO_475R-10,São Paulo,3550308,True,,33112,,,-23.5470345,-46.6298525,,,,2,2023-06-18T12:25:02+00:00
SAO_475R-10,São Paulo,3550308,True,,33112,,,-23.5470345,-46.6298525,,,,2,2023-06-18T12:24:49+00:00
SAO_475R-10,São Paulo,3550308,True,,33112,,,-23.5470345,-46.6298525,,,,2,2023-06-18T12:24:39+00:00
SAO_475R-10,São Paulo,3550308,True,,33112,,,-23.5470345,-46.6298525,,,,2,2023-06-18T12:24:27+00:00
SAO_475R-10,São Paulo,3550308,True,,33112,,,-23.5470345,-46.6298525,,,,2,2023-06-18T12:21:24+00:00
SAO_475R-10,São Paulo,3550308,True,,33112,,,-23.653473499999997,-46.608090000000004,,,,2,2023-06-18T12:24:25+00:00
SAO_475R-10,São Paulo,3550308,True,,33112,,,-23.5470345,-46.6298525,,,,2,2023-06-18T12:24:35+00:00
SAO_475R-10,São Paulo,3550308,True,,33112,,,-23.5470345,-46.6298525,,,,2,2023-06-18T12:25:03+00:00
SAO_475R-10,São Paulo,3550308,True,,33112,,,-23.5470345,-46.6298525,,,,2,2023-06-18T12:24:32+00:00
SAO_475R-10,São Paulo,3550308,True,,33112,,,-23.5470345,-46.6298525,,,,2,2023-06-18T12:24:25+00:00
SAO_7053-22,São Paulo,3550308,True,,1896,,,-23.645486499999997,-46.789591,,,,1,2023-06-18T12:24:51+00:00
SAO_7053-22,São Paulo,3550308,True,,1896,,,-23.640779000000002,-46.7825665,,,,1,2023-06-18T12:24:39+00:00
SAO_7053-22,São Paulo,3550308,True,,1896,,,-23.642704000000002,-46.786391249999994,,,,1,2023-06-18T12:24:47+00:00
SAO_7053-22,São Paulo,3550308,True,,1896,,,-23.645486499999997,-46.789591,,,,1,2023-06-18T12:24:59+00:00
SAO_7053-22,São Paulo,3550308,True,,1896,,,-23.6431875,-46.787111,,,,1,2023-06-18T12:25:02+00:00
SAO_576C-10,São Paulo,3550308,True,,1290,,,-23.6569595,-46.6724785,,,,1,2023-06-18T12:25:05+00:00
SAO_576C-10,São Paulo,3550308,True,,1290,,,-23.654094,-46.7101095,,,,1,2023-06-18T12:24:55+00:00
SAO_576C-10,São Paulo,3550308,True,,1290,,,-23.6460055,-46.644996,,,,1,2023-06-18T12:24:30+00:00
SAO_576C-10,São Paulo,3550308,True,,1290,,,-23.6460415,-46.644780499999996,,,,1,2023-06-18T12:24:32+00:00
SAO_476A-10,São Paulo,3550308,True,,33072,,,-23.593183624999998,-46.602351375,,,,2,2023-06-18T12:24:33+00:00
SAO_476A-10,São Paulo,3550308,True,,33072,,,-23.577993499999998,-46.6019005,,,,2,2023-06-18T12:24:42+00:00
SAO_476A-10,São Paulo,3550308,True,,33072,,,-23.628874749999998,-46.67438075,,,,2,2023-06-18T12:25:01+00:00
SAO_4028-10,São Paulo,3550308,True,,33866,,,-23.6228415,-46.45071875,,,,2,2023-06-18T12:24:36+00:00
SAO_3789-10,São Paulo,3550308,True,,33835,,,-23.6041935,-46.3987725,,,,2,2023-06-18T12:24:28+00:00
SAO_3789-10,São Paulo,3550308,True,,33835,,,-23.593997,-46.4211015,,,,2,2023-06-18T12:24:54+00:00
SAO_3789-10,São Paulo,3550308,True,,33835,,,-23.611663,-46.3964115,,,,2,2023-06-18T12:24:37+00:00
SAO_3789-10,São Paulo,3550308,True,,33835,,,-23.542668499999998,-46.471506500000004,,,,2,2023-06-18T12:24:46+00:00
SAO_3789-10,São Paulo,3550308,True,,33835,,,-23.55468175,-46.464259,,,,2,2023-06-18T12:24:49+00:00
SAO_9653-10,São Paulo,3550308,True,,33356,,,-23.491632,-46.67654125,,,,2,2023-06-18T12:24:27+00:00
SAO_9653-10,São Paulo,3550308,True,,33356,,,-23.52196825,-46.663425000000004,,,,2,2023-06-18T12:24:59+00:00
SAO_9653-10,São Paulo,3550308,True,,33356,,,-23.4580645,-46.6433105,,,,2,2023-06-18T12:25:00+00:00
SAO_9301-10,São Paulo,3550308,True,,33226,,,-23.542321,-46.635662999999994,,,,2,2023-06-18T12:24:52+00:00
SAO_9301-10,São Paulo,3550308,True,,33226,,,-23.495991,-46.662211,,,,2,2023-06-18T12:24:54+00:00
SAO_1720-10,São Paulo,3550308,True,,863,,,-23.4808475,-46.60323175,,,,1,2023-06-18T12:24:34+00:00
SAO_1720-10,São Paulo,3550308,True,,863,,,-23.444737,-46.61321,,,,1,2023-06-18T12:24:39+00:00
SAO_1720-10,São Paulo,3550308,True,,863,,,-23.4414175,-46.616426000000004,,,,1,2023-06-18T12:24:58+00:00
SAO_1720-10,São Paulo,3550308,True,,863,,,-23.489457,-46.572984,,,,1,2023-06-18T12:24:52+00:00
SAO_6970-10,São Paulo,3550308,True,,34273,,,-23.737581499999997,-46.697899500000005,,,,2,2023-06-18T12:24:33+00:00
SAO_6970-10,São Paulo,3550308,True,,34273,,,-23.732609,-46.6981145,,,,2,2023-06-18T12:24:47+00:00
SAO_6970-10,São Paulo,3550308,True,,34273,,,-23.710296999999997,-46.7115555,,,,2,2023-06-18T12:24:51+00:00
SAO_2100-21,São Paulo,3550308,True,,35296,,,-23.560023,-46.566704,,,,2,2023-06-18T12:24:50+00:00
SAO_2100-21,São Paulo,3550308,True,,35296,,,-23.566425,-46.5265265,,,,2,2023-06-18T12:24:29+00:00
SAO_2100-21,São Paulo,3550308,True,,35296,,,-23.545680249999997,-46.62105475,,,,2,2023-06-18T12:24:35+00:00
SAO_4030-10,São Paulo,3550308,True,,33868,,,-23.581156,-46.498736,,,,2,2023-06-18T12:24:31+00:00
SAO_4030-10,São Paulo,3550308,True,,33868,,,-23.611922,-46.4765935,,,,2,2023-06-18T12:24:57+00:00
SAO_4030-10,São Paulo,3550308,True,,33868,,,-23.61519175,-46.48790975,,,,2,2023-06-18T12:23:59+00:00
SAO_6120-10,São Paulo,3550308,True,,33957,,,-23.7562055,-46.670068,,,,2,2023-06-18T12:25:01+00:00
SAO_4313-10,São Paulo,3550308,True,,34941,,,-23.5946735,-46.426711125,,,,2,2023-06-18T12:24:23+00:00
SAO_4313-10,São Paulo,3550308,True,,34941,,,-23.548361999999997,-46.525793,,,,2,2023-06-18T12:24:46+00:00
SAO_4313-10,São Paulo,3550308,True,,34941,,,-23.595904250000004,-46.43729625,,,,2,2023-06-18T12:24:35+00:00
SAO_4313-10,São Paulo,3550308,True,,34941,,,-23.5876615,-46.4822215,,,,2,2023-06-18T12:24:55+00:00
SAO_4313-10,São Paulo,3550308,True,,34941,,,-23.5430394375,-46.585545749999994,,,,2,2023-06-18T12:25:06+00:00
SAO_354M-10,São Paulo,3550308,True,,34387,,,-23.5727255,-46.445909,,,,2,2023-06-18T12:24:40+00:00
SAO_354M-10,São Paulo,3550308,True,,34387,,,-23.4918395,-46.4338095,,,,2,2023-06-18T12:24:37+00:00
SAO_354M-10,São Paulo,3550308,True,,34387,,,-23.59481075,-46.449171500000006,,,,2,2023-06-18T12:24:44+00:00
SAO_354M-10,São Paulo,3550308,True,,34387,,,-23.510122,-46.456948,,,,2,2023-06-18T12:24:40+00:00
SAO_172J-10,São Paulo,3550308,True,,33624,,,-23.533312000000002,-46.578057375,,,,2,2023-06-18T12:24:32+00:00
SAO_172J-10,São Paulo,3550308,True,,33624,,,-23.479189750000003,-46.56941425,,,,2,2023-06-18T12:24:31+00:00
SAO_172J-10,São Paulo,3550308,True,,33624,,,-23.479194,-46.5689705,,,,2,2023-06-18T12:24:37+00:00
SAO_172J-10,São Paulo,3550308,True,,33624,,,-23.479367500000002,-46.568922,,,,2,2023-06-18T12:24:28+00:00
SAO_172J-10,São Paulo,3550308,True,,33624,,,-23.501748,-46.5764895,,,,2,2023-06-18T12:24:54+00:00
SAO_2059-10,São Paulo,3550308,True,,33028,,,-23.491044000000002,-46.4416915,,,,2,2023-06-18T12:24:39+00:00
SAO_2059-10,São Paulo,3550308,True,,33028,,,-23.491025999999998,-46.441859,,,,2,2023-06-18T12:24:42+00:00
SAO_2059-10,São Paulo,3550308,True,,33028,,,-23.509916,-46.438281,,,,2,2023-06-18T12:24:26+00:00
SAO_6258-10,São Paulo,3550308,True,,1232,,,-23.691460499999998,-46.746868500000005,,,,1,2023-06-18T12:24:32+00:00
SAO_6258-10,São Paulo,3550308,True,,1232,,,-23.653890625,-46.71154075,,,,1,2023-06-18T12:25:08+00:00
SAO_6258-10,São Paulo,3550308,True,,1232,,,-23.691460499999998,-46.746868500000005,,,,1,2023-06-18T12:24:30+00:00
SAO_7057-10,São Paulo,3550308,True,,34665,,,-23.6493575,-46.7848365,,,,2,2023-06-18T12:20:46+00:00
SAO_7057-10,São Paulo,3550308,True,,34665,,,-23.64922775,-46.78505225,,,,2,2023-06-18T12:24:34+00:00
SAO_7057-10,São Paulo,3550308,True,,34665,,,-23.64922775,-46.78505225,,,,2,2023-06-18T12:25:04+00:00
SAO_5103-10,São Paulo,3550308,True,,34414,,,-23.603656,-46.6035635,,,,2,2023-06-18T12:24:53+00:00
SAO_1036-10,São Paulo,3550308,True,,35221,,,-23.465460999999998,-46.7146105,,,,2,2023-06-18T12:24:30+00:00
SAO_1036-10,São Paulo,3550308,True,,35221,,,-23.447803999999998,-46.708335,,,,2,2023-06-18T12:25:01+00:00
SAO_1036-10,São Paulo,3550308,True,,35221,,,-23.447803999999998,-46.708335,,,,2,2023-06-18T12:24:51+00:00
SAO_775F-31,São Paulo,3550308,True,,2488,,,-23.624285,-46.7432675,,,,1,2023-06-18T12:25:08+00:00
SAO_3795-10,São Paulo,3550308,True,,1073,,,-23.5530325,-46.414119,,,,1,2023-06-18T12:24:49+00:00
SAO_3795-10,São Paulo,3550308,True,,1073,,,-23.5565005,-46.445294,,,,1,2023-06-18T12:24:32+00:00
SAO_118Y-10,São Paulo,3550308,True,EMTU,841,https://moovitapp.com/index/pt-br/transporte_p%C3%BAblico-line-841-Sao_Paulo-242-2038937-36419604-0,5.15,-23.471871999999998,-46.6346485,,,,1,2023-06-18T12:24:49+00:00
SAO_118Y-10,São Paulo,3550308,True,EMTU,841,https://moovitapp.com/index/pt-br/transporte_p%C3%BAblico-line-841-Sao_Paulo-242-2038937-36419604-0,5.15,-23.4818265,-46.648085,,,,1,2023-06-18T12:24:30+00:00
SAO_118Y-10,São Paulo,3550308,True,EMTU,841,https://moovitapp.com/index/pt-br/transporte_p%C3%BAblico-line-841-Sao_Paulo-242-2038937-36419604-0,5.15,-23.512912999999998,-46.690622000000005,,,,1,2023-06-18T12:24:26+00:00
SAO_118Y-10,São Paulo,3550308,True,EMTU,841,https://moovitapp.com/index/pt-br/transporte_p%C3%BAblico-line-841-Sao_Paulo-242-2038937-36419604-0,5.15,-23.4827555,-46.65447675,,,,1,2023-06-18T12:24:47+00:00
SAO_175P-10,São Paulo,3550308,True,,675,,,-23.502966999999998,-46.6260415,,,,1,2023-06-18T12:24:36+00:00
SAO_175P-10,São Paulo,3550308,True,,675,,,-23.537572375,-46.668074125,,,,1,2023-06-18T12:24:40+00:00
SAO_175P-10,São Paulo,3550308,True,,675,,,-23.5079105,-46.657836625,,,,1,2023-06-18T12:25:07+00:00
SAO_175P-10,São Paulo,3550308,True,,675,,,-23.58324825,-46.63735,,,,1,2023-06-18T12:25:06+00:00
SAO_4056-10,São Paulo,3550308,True,,35005,,,-23.6021885,-46.45017,,,,2,2023-06-18T12:24:24+00:00
SAO_4056-10,São Paulo,3550308,True,,35005,,,-23.61323125,-46.46917775,,,,2,2023-06-18T12:24:29+00:00
SAO_8677-10,São Paulo,3550308,True,,33211,,,-23.510827,-46.72779625,,,,2,2023-06-18T12:24:47+00:00
SAO_709A-10,São Paulo,3550308,True,,2092,,,-23.591678,-46.686076,,,,1,2023-06-18T12:24:27+00:00
SAO_709A-10,São Paulo,3550308,True,,2092,,,-23.597261,-46.691034,,,,1,2023-06-18T12:24:51+00:00
SAO_5145-10,São Paulo,3550308,True,,34409,,,-23.6139405,-46.501206499999995,,,,2,2023-06-18T12:24:47+00:00
SAO_2088-10,São Paulo,3550308,True,EMTU,372,https://moovitapp.com/index/pt-br/transporte_p%C3%BAblico-line-372-Sao_Paulo-242-2038937-36419447-0,4.9,-23.503981,-46.371748999999994,,,,1,2023-06-18T12:24:55+00:00
SAO_2088-10,São Paulo,3550308,True,EMTU,372,https://moovitapp.com/index/pt-br/transporte_p%C3%BAblico-line-372-Sao_Paulo-242-2038937-36419447-0,4.9,-23.49215,-46.444004500000005,,,,1,2023-06-18T12:24:35+00:00
SAO_2080-10,São Paulo,3550308,True,,33139,,,-23.514829,-46.547783,,,,2,2023-06-18T12:24:58+00:00
SAO_2080-10,São Paulo,3550308,True,,33139,,,-23.497497000000003,-46.454191249999994,,,,2,2023-06-18T12:24:58+00:00
SAO_2080-10,São Paulo,3550308,True,,33139,,,-23.4942705,-46.390076500000006,,,,2,2023-06-18T12:24:55+00:00
SAO_2080-10,São Paulo,3550308,True,,33139,,,-23.4901975,-46.3759115,,,,2,2023-06-18T12:25:02+00:00
SAO_4315-10,São Paulo,3550308,True,,2175,,,-23.558404,-46.522714500000006,,,,1,2023-06-18T12:24:59+00:00
SAO_4315-10,São Paulo,3550308,True,,2175,,,-23.541490999999997,-46.55610587499999,,,,1,2023-06-18T12:24:54+00:00
SAO_3731-10,São Paulo,3550308,True,,1028,,,-23.531472,-46.5291255,,,,1,2023-06-18T12:24:56+00:00
SAO_3731-10,São Paulo,3550308,True,,1028,,,-23.531472,-46.5291255,,,,1,2023-06-18T12:25:02+00:00
SAO_3731-10,São Paulo,3550308,True,,1028,,,-23.539611999999998,-46.516724999999994,,,,1,2023-06-18T12:24:32+00:00
SAO_3731-10,São Paulo,3550308,True,,1028,,,-23.54011525,-46.51618425,,,,1,2023-06-18T12:25:07+00:00
SAO_3731-10,São Paulo,3550308,True,,1028,,,-23.539874,-46.516463,,,,1,2023-06-18T12:24:44+00:00
SAO_3731-10,São Paulo,3550308,True,,1028,,,-23.539874,-46.516463,,,,1,2023-06-18T12:24:45+00:00
SAO_3731-10,São Paulo,3550308,True,,1028,,,-23.539740000000002,-46.516619,,,,1,2023-06-18T12:25:03+00:00
SAO_3731-10,São Paulo,3550308,True,,1028,,,-23.550033499999998,-46.5137815,,,,1,2023-06-18T12:24:42+00:00
SAO_6084-10,São Paulo,3550308,True,,1169,,,-23.76465825,-46.696582750000005,,,,1,2023-06-18T12:24:58+00:00
SAO_7052-10,São Paulo,3550308,True,,1886,,,-23.6313825,-46.77286,,,,1,2023-06-18T12:24:43+00:00
SAO_5022-10,São Paulo,3550308,True,,33888,,,-23.668487,-46.646861,,,,2,2023-06-18T12:24:46+00:00
SAO_5022-10,São Paulo,3550308,True,,33888,,,-23.6720685,-46.638756,,,,2,2023-06-18T12:24:53+00:00
SAO_2719-10,São Paulo,3550308,True,,33700,,,-23.494784000000003,-46.4691335,,,,2,2023-06-18T12:24:29+00:00
SAO_2719-10,São Paulo,3550308,True,,33700,,,-23.49380575,-46.47298225,,,,2,2023-06-18T12:25:05+00:00
SAO_2719-10,São Paulo,3550308,True,,33700,,,-23.510626000000002,-46.499108500000006,,,,2,2023-06-18T12:24:33+00:00
SAO_2719-10,São Paulo,3550308,True,,33700,,,-23.495169,-46.468832,,,,2,2023-06-18T12:24:49+00:00
SAO_1741-10,São Paulo,3550308,True,,33307,,,-23.5025625,-46.624213,,,,2,2023-06-18T12:24:45+00:00
SAO_1741-10,São Paulo,3550308,True,,33307,,,-23.4647525,-46.6632075,,,,2,2023-06-18T12:24:44+00:00
SAO_701A-10,São Paulo,3550308,True,,689,,,-23.5450955,-46.6437275,,,,1,2023-06-18T12:24:55+00:00
SAO_701A-10,São Paulo,3550308,True,,689,,,-23.4924635,-46.584970999999996,,,,1,2023-06-18T12:25:00+00:00
SAO_701A-10,São Paulo,3550308,True,,689,,,-23.473947,-46.5664555,,,,1,2023-06-18T12:24:38+00:00
SAO_425E-10,São Paulo,3550308,True,,34404,,,-23.6139405,-46.501206499999995,,,,2,2023-06-18T12:24:30+00:00
SAO_4727-10,São Paulo,3550308,True,,33108,,,-23.613070999999998,-46.621282,,,,2,2023-06-18T12:24:38+00:00
SAO_7051-10,São Paulo,3550308,True,,34653,,,-23.654795999999997,-46.7843735,,,,2,2023-06-18T12:24:45+00:00
SAO_7051-10,São Paulo,3550308,True,,34653,,,-23.639387,-46.779813,,,,2,2023-06-18T12:25:08+00:00
SAO_5107-10,São Paulo,3550308,True,,34427,,,-23.541404999999997,-46.634397500000006,,,,2,2023-06-18T12:24:45+00:00
SAO_5107-10,São Paulo,3550308,True,,34427,,,-23.5679245,-46.611785499999996,,,,2,2023-06-18T12:24:56+00:00
SAO_2730-10,São Paulo,3550308,True,,33713,,,-23.524883375,-46.474853625,,,,2,2023-06-18T12:24:56+00:00
SAO_2730-10,São Paulo,3550308,True,,33713,,,-23.510537499999998,-46.4468945,,,,2,2023-06-18T12:24:32+00:00
SAO_2730-10,São Paulo,3550308,True,,33713,,,-23.502299125,-46.451343124999994,,,,2,2023-06-18T12:24:28+00:00
SAO_3026-10,São Paulo,3550308,True,,962,,,-23.589670499999997,-46.3811555,,,,1,2023-06-18T12:24:10+00:00
SAO_3026-10,São Paulo,3550308,True,,962,,,-23.57389625,-46.393416,,,,1,2023-06-18T12:25:02+00:00
SAO_3026-10,São Paulo,3550308,True,,962,,,-23.5760845,-46.391988,,,,1,2023-06-18T12:24:43+00:00
SAO_3026-10,São Paulo,3550308,True,,962,,,-23.5827675,-46.386084,,,,1,2023-06-18T12:24:26+00:00
SAO_263C-10,São Paulo,3550308,True,,33020,,,-23.527441500000002,-46.417909,,,,2,2023-06-18T12:24:50+00:00
SAO_263C-10,São Paulo,3550308,True,,33020,,,-23.481316749999998,-46.416017,,,,2,2023-06-18T12:24:56+00:00
SAO_3766-51,São Paulo,3550308,True,,35343,,,-23.55134275,-46.42555625,,,,2,2023-06-18T12:24:25+00:00
SAO_3766-51,São Paulo,3550308,True,,35343,,,-23.53211975,-46.44718925,,,,2,2023-06-18T12:24:26+00:00
SAO_3766-51,São Paulo,3550308,True,,35343,,,-23.54929825,-46.4282355,,,,2,2023-06-18T12:24:46+00:00
SAO_3766-51,São Paulo,3550308,True,,35343,,,-23.549396625,-46.4279,,,,2,2023-06-18T12:24:24+00:00
SAO_4313-10,São Paulo,3550308,True,,2173,,,-23.5832455,-46.407549,,,,1,2023-06-18T12:24:47+00:00
SAO_4313-10,São Paulo,3550308,True,,2173,,,-23.536211,-46.547247,,,,1,2023-06-18T12:24:54+00:00
SAO_4313-10,São Paulo,3550308,True,,2173,,,-23.54544125,-46.626481,,,,1,2023-06-18T12:25:04+00:00
SAO_4313-10,São Paulo,3550308,True,,2173,,,-23.593721,-46.4657235,,,,1,2023-06-18T12:24:47+00:00
SAO_4313-10,São Paulo,3550308,True,,2173,,,-23.538305,-46.565473499999996,,,,1,2023-06-18T12:24:41+00:00
SAO_4313-10,São Paulo,3550308,True,,2173,,,-23.5737855,-46.503556,,,,1,2023-06-18T12:24:59+00:00
SAO_4313-10,São Paulo,3550308,True,,2173,,,-23.5952665,-46.4305515,,,,1,2023-06-18T12:24:26+00:00
SAO_775V-10,São Paulo,3550308,True,,475,,,-23.575789,-46.7652635,,,,1,2023-06-18T12:24:57+00:00
SAO_775V-10,São Paulo,3550308,True,,475,,,-23.567588,-46.6934995,,,,1,2023-06-18T12:24:51+00:00
SAO_2725-10,São Paulo,3550308,True,,33707,,,-23.512969499999997,-46.4736135,,,,2,2023-06-18T12:24:38+00:00
SAO_2725-10,São Paulo,3550308,True,,33707,,,-23.512969499999997,-46.4736135,,,,2,2023-06-18T12:25:03+00:00
SAO_5127-10,São Paulo,3550308,True,,33895,,,-23.677825,-46.701614500000005,,,,2,2023-06-18T12:24:54+00:00
SAO_5127-10,São Paulo,3550308,True,,33895,,,-23.677825,-46.701614500000005,,,,2,2023-06-18T12:24:48+00:00
SAO_5127-10,São Paulo,3550308,True,,33895,,,-23.677825,-46.701614500000005,,,,2,2023-06-18T12:24:59+00:00
SAO_5127-10,São Paulo,3550308,True,,33895,,,-23.677825,-46.701614500000005,,,,2,2023-06-18T12:24:46+00:00
SAO_5127-10,São Paulo,3550308,True,,33895,,,-23.677825,-46.701614500000005,,,,2,2023-06-18T12:24:56+00:00
SAO_5127-10,São Paulo,3550308,True,,33895,,,-23.677825,-46.701614500000005,,,,2,2023-06-18T12:24:40+00:00
SAO_5127-10,São Paulo,3550308,True,,33895,,,-23.6839975,-46.677623999999994,,,,2,2023-06-18T12:24:49+00:00
SAO_5127-10,São Paulo,3550308,True,,33895,,,-23.677825,-46.701614500000005,,,,2,2023-06-18T12:24:54+00:00
SAO_5127-10,São Paulo,3550308,True,,33895,,,-23.676409,-46.69882775000001,,,,2,2023-06-18T12:24:27+00:00
SAO_5127-10,São Paulo,3550308,True,,33895,,,-23.677825,-46.701614500000005,,,,2,2023-06-18T12:24:50+00:00
SAO_5127-10,São Paulo,3550308,True,,33895,,,-23.677825,-46.701614500000005,,,,2,2023-06-18T12:24:59+00:00
SAO_5127-10,São Paulo,3550308,True,,33895,,,-23.70211425,-46.640169,,,,2,2023-06-18T12:25:01+00:00
SAO_5127-10,São Paulo,3550308,True,,33895,,,-23.677825,-46.701614500000005,,,,2,2023-06-18T12:24:24+00:00
SAO_9500-10,São Paulo,3550308,True,EMTU,461,https://moovitapp.com/index/pt-br/transporte_p%C3%BAblico-line-461-Sao_Paulo-242-2038937-36419501-0,5.1,-23.5428845,-46.636273,,,,1,2023-06-18T12:24:32+00:00
SAO_9500-10,São Paulo,3550308,True,EMTU,461,https://moovitapp.com/index/pt-br/transporte_p%C3%BAblico-line-461-Sao_Paulo-242-2038937-36419501-0,5.1,-23.509268,-46.666127,,,,1,2023-06-18T12:24:41+00:00
SAO_9500-10,São Paulo,3550308,True,EMTU,461,https://moovitapp.com/index/pt-br/transporte_p%C3%BAblico-line-461-Sao_Paulo-242-2038937-36419501-0,5.1,-23.475762125,-46.66957275,,,,1,2023-06-18T12:24:51+00:00
SAO_407N-10,São Paulo,3550308,True,,34937,,,-23.55814725,-46.51502725,,,,2,2023-06-18T12:24:50+00:00
SAO_407N-10,São Paulo,3550308,True,,34937,,,-23.5952665,-46.4305515,,,,2,2023-06-18T12:24:54+00:00
SAO_407N-10,São Paulo,3550308,True,,34937,,,-23.594952874999997,-46.428407,,,,2,2023-06-18T12:24:51+00:00
SAO_6026-10,São Paulo,3550308,True,,87,,,-23.6540945,-46.710025,,,,1,2023-06-18T12:24:57+00:00
SAO_6026-10,São Paulo,3550308,True,,87,,,-23.722440499999998,-46.7076445,,,,1,2023-06-18T12:24:58+00:00
SAO_6026-10,São Paulo,3550308,True,,87,,,-23.748356,-46.703650999999994,,,,1,2023-06-18T12:24:27+00:00
SAO_4024-10,São Paulo,3550308,True,,2158,,,-23.53496625,-46.451767000000004,,,,1,2023-06-18T12:25:04+00:00
SAO_6825-10,São Paulo,3550308,True,,32782,,,-23.685214000000002,-46.800338999999994,,,,2,2023-06-18T12:24:47+00:00
SAO_6825-10,São Paulo,3550308,True,,32782,,,-23.65474,-46.761515,,,,2,2023-06-18T12:25:05+00:00
SAO_6291-10,São Paulo,3550308,True,,33126,,,-23.600318,-46.709047749999996,,,,2,2023-06-18T12:24:41+00:00
SAO_6291-10,São Paulo,3550308,True,,33126,,,-23.648612749999998,-46.76114525,,,,2,2023-06-18T12:25:01+00:00
SAO_6008-10,São Paulo,3550308,True,,33968,,,-23.68727,-46.7629345,,,,2,2023-06-18T12:24:53+00:00
SAO_6008-10,São Paulo,3550308,True,,33968,,,-23.68727,-46.7629345,,,,2,2023-06-18T12:25:04+00:00
SAO_6008-10,São Paulo,3550308,True,,33968,,,-23.6873755,-46.763414499999996,,,,2,2023-06-18T12:24:50+00:00
SAO_6008-10,São Paulo,3550308,True,,33968,,,-23.681127249999996,-46.735015,,,,2,2023-06-18T12:24:42+00:00
SAO_627J-10,São Paulo,3550308,True,,34824,,,-23.62553725,-46.6404665,,,,2,2023-06-18T12:24:48+00:00
SAO_627J-10,São Paulo,3550308,True,,34824,,,-23.62553725,-46.6404665,,,,2,2023-06-18T12:24:49+00:00
SAO_627J-10,São Paulo,3550308,True,,34824,,,-23.6815315,-46.6338755,,,,2,2023-06-18T12:20:39+00:00
SAO_4210-10,São Paulo,3550308,True,,34938,,,-23.5892445,-46.4807335,,,,2,2023-06-18T12:24:59+00:00
SAO_4210-10,São Paulo,3550308,True,,34938,,,-23.583026,-46.408417,,,,2,2023-06-18T12:24:35+00:00
SAO_4210-10,São Paulo,3550308,True,,34938,,,-23.5831765,-46.407794499999994,,,,2,2023-06-18T12:25:04+00:00
SAO_4210-10,São Paulo,3550308,True,,34938,,,-23.538157499999997,-46.599945500000004,,,,2,2023-06-18T12:25:05+00:00
SAO_4210-10,São Paulo,3550308,True,,34938,,,-23.5366235,-46.557567750000004,,,,2,2023-06-18T12:24:29+00:00
SAO_5020-10,São Paulo,3550308,True,,1670,,,-23.601851,-46.602715,,,,1,2023-06-18T12:24:38+00:00
SAO_5020-10,São Paulo,3550308,True,,1670,,,-23.602594,-46.602782000000005,,,,1,2023-06-18T12:24:30+00:00
SAO_5034-10,São Paulo,3550308,True,,34431,,,-23.629247,-46.60199475,,,,2,2023-06-18T12:24:55+00:00
SAO_975A-10,São Paulo,3550308,True,EMTU,589,https://moovitapp.com/index/pt-br/transporte_p%C3%BAblico-line-589-Sao_Paulo-242-2038937-36419576-0,5.35,-23.54004475,-46.66994724999999,,,,1,2023-06-18T12:24:50+00:00
SAO_975A-10,São Paulo,3550308,True,EMTU,589,https://moovitapp.com/index/pt-br/transporte_p%C3%BAblico-line-589-Sao_Paulo-242-2038937-36419576-0,5.35,-23.485274750000002,-46.687469,,,,1,2023-06-18T12:25:01+00:00
SAO_975A-10,São Paulo,3550308,True,EMTU,589,https://moovitapp.com/index/pt-br/transporte_p%C3%BAblico-line-589-Sao_Paulo-242-2038937-36419576-0,5.35,-23.57124375,-46.644467250000005,,,,1,2023-06-18T12:24:38+00:00
SAO_4729-10,São Paulo,3550308,True,,1108,,,-23.5732335,-46.5674865,,,,1,2023-06-18T12:25:07+00:00
SAO_4729-10,São Paulo,3550308,True,,1108,,,-23.590935,-46.5069575,,,,1,2023-06-18T12:24:41+00:00
SAO_807A-10,São Paulo,3550308,True,,34668,,,-23.6460668125,-46.709140375000004,,,,2,2023-06-18T12:25:10+00:00
SAO_807A-10,São Paulo,3550308,True,,34668,,,-23.6363035,-46.76975,,,,2,2023-06-18T12:25:03+00:00
SAO_938V-10,São Paulo,3550308,True,,33581,,,-23.4527645,-46.6849925,,,,2,2023-06-18T12:24:54+00:00
SAO_938V-10,São Paulo,3550308,True,,33581,,,-23.522478,-46.69588125,,,,2,2023-06-18T12:25:08+00:00
SAO_938V-10,São Paulo,3550308,True,,33581,,,-23.4717185,-46.677999,,,,2,2023-06-18T12:24:54+00:00
SAO_938V-10,São Paulo,3550308,True,,33581,,,-23.452824999999997,-46.6848085,,,,2,2023-06-18T12:24:55+00:00
SAO_6038-10,São Paulo,3550308,True,,1216,,,-23.665846000000002,-46.788559,,,,1,2023-06-18T12:24:34+00:00
SAO_6038-10,São Paulo,3550308,True,,1216,,,-23.661773,-46.7904515,,,,1,2023-06-18T12:24:29+00:00
SAO_6038-10,São Paulo,3550308,True,,1216,,,-23.665846000000002,-46.788559,,,,1,2023-06-18T12:21:48+00:00
SAO_6038-10,São Paulo,3550308,True,,1216,,,-23.658084,-46.76473575,,,,1,2023-06-18T12:24:32+00:00
SAO_6038-10,São Paulo,3550308,True,,1216,,,-23.645425250000002,-46.708923625000004,,,,1,2023-06-18T12:24:35+00:00
SAO_6038-10,São Paulo,3550308,True,,1216,,,-23.6578735,-46.7897725,,,,1,2023-06-18T12:25:02+00:00
SAO_6038-10,São Paulo,3550308,True,,1216,,,-23.6578735,-46.7897725,,,,1,2023-06-18T12:24:39+00:00
SAO_8075-21,São Paulo,3550308,True,,35305,,,-23.6291355,-46.769034500000004,,,,2,2023-06-18T12:25:03+00:00
SAO_8075-21,São Paulo,3550308,True,,35305,,,-23.631508,-46.7726,,,,2,2023-06-18T12:25:01+00:00
SAO_8075-21,São Paulo,3550308,True,,35305,,,-23.591,-46.7362035,,,,2,2023-06-18T12:24:46+00:00
SAO_2724-10,São Paulo,3550308,True,,938,,,-23.5396445,-46.483602,,,,1,2023-06-18T12:24:27+00:00
SAO_2724-10,São Paulo,3550308,True,,938,,,-23.5396445,-46.483602,,,,1,2023-06-18T12:24:33+00:00
SAO_2724-10,São Paulo,3550308,True,,938,,,-23.5396445,-46.483602,,,,1,2023-06-18T12:24:44+00:00
SAO_2724-10,São Paulo,3550308,True,,938,,,-23.5396445,-46.483602,,,,1,2023-06-18T12:25:08+00:00
SAO_2724-10,São Paulo,3550308,True,,938,,,-23.52673125,-46.46953625,,,,1,2023-06-18T12:22:38+00:00
SAO_2724-10,São Paulo,3550308,True,,938,,,-23.5396445,-46.483602,,,,1,2023-06-18T12:25:08+00:00
SAO_2724-10,São Paulo,3550308,True,,938,,,-23.5396445,-46.483602,,,,1,2023-06-18T12:24:24+00:00
SAO_2724-10,São Paulo,3550308,True,,938,,,-23.5396445,-46.483602,,,,1,2023-06-18T12:24:53+00:00
SAO_2583-10,São Paulo,3550308,True,,33143,,,-23.497141499999998,-46.453717,,,,2,2023-06-18T12:24:34+00:00
SAO_4310-10,São Paulo,3550308,True,,2160,,,-23.5513675,-46.624814,,,,1,2023-06-18T12:24:39+00:00
SAO_4310-10,São Paulo,3550308,True,,2160,,,-23.540139500000002,-46.463879500000004,,,,1,2023-06-18T12:24:52+00:00
SAO_4310-10,São Paulo,3550308,True,,2160,,,-23.5346725,-46.453050000000005,,,,1,2023-06-18T12:25:06+00:00
SAO_4310-10,São Paulo,3550308,True,,2160,,,-23.5525065,-46.616690500000004,,,,1,2023-06-18T12:24:43+00:00
SAO_4310-10,São Paulo,3550308,True,,2160,,,-23.530376,-46.518435,,,,1,2023-06-18T12:24:53+00:00
SAO_4310-10,São Paulo,3550308,True,,2160,,,-23.538235,-46.565107499999996,,,,1,2023-06-18T12:24:49+00:00
SAO_4310-10,São Paulo,3550308,True,,2160,,,-23.534413,-46.4526755,,,,1,2023-06-18T12:24:53+00:00
SAO_8622-10,São Paulo,3550308,True,,33206,,,-23.446475,-46.79840900000001,,,,2,2023-06-18T12:24:29+00:00
SAO_8622-10,São Paulo,3550308,True,,33206,,,-23.440961,-46.795829499999996,,,,2,2023-06-18T12:18:30+00:00
SAO_8622-10,São Paulo,3550308,True,,33206,,,-23.48476125,-46.76920375,,,,2,2023-06-18T12:25:02+00:00
SAO_8622-10,São Paulo,3550308,True,,33206,,,-23.543206,-46.6386375,,,,2,2023-06-18T12:24:47+00:00
SAO_8622-10,São Paulo,3550308,True,,33206,,,-23.522756625,-46.692119812499996,,,,2,2023-06-18T12:24:54+00:00
SAO_3751-10,São Paulo,3550308,True,,33815,,,-23.5520675,-46.445359999999994,,,,2,2023-06-18T12:24:43+00:00
SAO_3751-10,São Paulo,3550308,True,,33815,,,-23.5644505,-46.416008,,,,2,2023-06-18T12:24:57+00:00
SAO_3751-10,São Paulo,3550308,True,,33815,,,-23.569694,-46.4092205,,,,2,2023-06-18T12:24:59+00:00
SAO_3751-10,São Paulo,3550308,True,,33815,,,-23.551229,-46.436808,,,,2,2023-06-18T12:24:46+00:00
SAO_3751-10,São Paulo,3550308,True,,33815,,,-23.5431735,-46.470553499999994,,,,2,2023-06-18T12:24:58+00:00
SAO_5127-10,São Paulo,3550308,True,,1127,,,-23.701839749999998,-46.635155000000005,,,,1,2023-06-18T12:24:37+00:00
SAO_5127-10,São Paulo,3550308,True,,1127,,,-23.7015515,-46.640887,,,,1,2023-06-18T12:23:44+00:00
SAO_5127-10,São Paulo,3550308,True,,1127,,,-23.6847845,-46.675277,,,,1,2023-06-18T12:24:33+00:00
SAO_856R-10,São Paulo,3550308,True,,1428,,,-23.5514965,-46.6769905,,,,1,2023-06-18T12:24:42+00:00
SAO_856R-10,São Paulo,3550308,True,,1428,,,-23.669865,-46.719399249999995,,,,1,2023-06-18T12:25:05+00:00
SAO_856R-10,São Paulo,3550308,True,,1428,,,-23.61159275,-46.6777375,,,,1,2023-06-18T12:25:04+00:00
SAO_856R-10,São Paulo,3550308,True,,1428,,,-23.535281875,-46.688033375,,,,1,2023-06-18T12:25:00+00:00
SAO_2707-10,São Paulo,3550308,True,,33687,,,-23.530247000000003,-46.444227,,,,2,2023-06-18T12:24:51+00:00
SAO_2707-10,São Paulo,3550308,True,,33687,,,-23.5440605,-46.4104915,,,,2,2023-06-18T12:24:08+00:00
SAO_6007-10,São Paulo,3550308,True,,176,,,-23.661381499999997,-46.754678999999996,,,,1,2023-06-18T12:24:55+00:00
SAO_6007-10,São Paulo,3550308,True,,176,,,-23.6617025,-46.73625,,,,1,2023-06-18T12:24:10+00:00
SAO_233A-10,São Paulo,3550308,True,EMTU,249,https://moovitapp.com/index/pt-br/transporte_p%C3%BAblico-line-249-Sao_Paulo-242-2038937-58093193-0,5.4,-23.5349345,-46.49256475,,,,1,2023-06-18T12:24:42+00:00
SAO_233A-10,São Paulo,3550308,True,EMTU,249,https://moovitapp.com/index/pt-br/transporte_p%C3%BAblico-line-249-Sao_Paulo-242-2038937-58093193-0,5.4,-23.49152025,-46.443892500000004,,,,1,2023-06-18T12:24:51+00:00
SAO_5142-10,São Paulo,3550308,True,,34394,,,-23.614552,-46.500257000000005,,,,2,2023-06-18T12:24:40+00:00
SAO_5142-10,São Paulo,3550308,True,,34394,,,-23.562605,-46.621318,,,,2,2023-06-18T12:25:05+00:00
SAO_5142-10,São Paulo,3550308,True,,34394,,,-23.60163,-46.5313855,,,,2,2023-06-18T12:24:57+00:00
SAO_6338-10,São Paulo,3550308,True,,34061,,,-23.680498999999998,-46.6375295,,,,2,2023-06-18T12:24:39+00:00
SAO_4729-10,São Paulo,3550308,True,,33876,,,-23.591147,-46.507459999999995,,,,2,2023-06-18T12:24:44+00:00
SAO_4729-10,São Paulo,3550308,True,,33876,,,-23.5425015,-46.5902345,,,,2,2023-06-18T12:24:46+00:00
SAO_4729-10,São Paulo,3550308,True,,33876,,,-23.552689,-46.579106624999994,,,,2,2023-06-18T12:25:08+00:00
SAO_3098-10,São Paulo,3550308,True,,33846,,,-23.632951499999997,-46.4620685,,,,2,2023-06-18T12:24:39+00:00
SAO_3098-10,São Paulo,3550308,True,,33846,,,-23.637787125000003,-46.464243624999995,,,,2,2023-06-18T12:24:45+00:00
SAO_4025-10,São Paulo,3550308,True,,1095,,,-23.6075546875,-46.55787918749999,,,,1,2023-06-18T12:24:32+00:00
SAO_4025-10,São Paulo,3550308,True,,1095,,,-23.581561,-46.585435000000004,,,,1,2023-06-18T12:25:07+00:00
SAO_7063-10,São Paulo,3550308,True,,1899,,,-23.651991000000002,-46.789846499999996,,,,1,2023-06-18T12:24:51+00:00
SAO_7063-10,São Paulo,3550308,True,,1899,,,-23.651991000000002,-46.789846499999996,,,,1,2023-06-18T12:24:47+00:00
SAO_7063-10,São Paulo,3550308,True,,1899,,,-23.650275,-46.784733,,,,1,2023-06-18T12:24:54+00:00
SAO_7063-10,São Paulo,3550308,True,,1899,,,-23.651991000000002,-46.789846499999996,,,,1,2023-06-18T12:25:05+00:00
SAO_7063-10,São Paulo,3550308,True,,1899,,,-23.651991000000002,-46.789846499999996,,,,1,2023-06-18T12:24:58+00:00
SAO_7063-10,São Paulo,3550308,True,,1899,,,-23.651991000000002,-46.789846499999996,,,,1,2023-06-18T12:24:35+00:00
SAO_7281-10,São Paulo,3550308,True,,34102,,,-23.551526000000003,-46.676627749999994,,,,2,2023-06-18T12:25:00+00:00
SAO_263J-10,São Paulo,3550308,True,,32987,,,-23.5218475,-46.530193999999995,,,,2,2023-06-18T12:24:39+00:00
SAO_263J-10,São Paulo,3550308,True,,32987,,,-23.521725375,-46.4754291875,,,,2,2023-06-18T12:25:01+00:00
SAO_263J-10,São Paulo,3550308,True,,32987,,,-23.5490105,-46.431477,,,,2,2023-06-18T12:25:07+00:00
SAO_178Y-10,São Paulo,3550308,True,,868,,,-23.491586750000003,-46.617523250000005,,,,1,2023-06-18T12:24:50+00:00
SAO_178Y-10,São Paulo,3550308,True,,868,,,-23.4643425,-46.6371775,,,,1,2023-06-18T12:24:08+00:00
SAO_6726-10,São Paulo,3550308,True,,1193,,,-23.739721000000003,-46.666903500000004,,,,1,2023-06-18T12:25:09+00:00
SAO_4210-10,São Paulo,3550308,True,,2170,,,-23.535447124999997,-46.551343,,,,1,2023-06-18T12:24:41+00:00
SAO_4210-10,São Paulo,3550308,True,,2170,,,-23.595138125,-46.429589,,,,1,2023-06-18T12:25:04+00:00
SAO_4210-10,São Paulo,3550308,True,,2170,,,-23.5786115,-46.494958499999996,,,,1,2023-06-18T12:24:33+00:00
SAO_4210-10,São Paulo,3550308,True,,2170,,,-23.53805475,-46.598439,,,,1,2023-06-18T12:24:47+00:00
SAO_4210-10,São Paulo,3550308,True,,2170,,,-23.546727,-46.629723999999996,,,,1,2023-06-18T12:24:39+00:00
SAO_1709-10,São Paulo,3550308,True,,33619,,,-23.479985,-46.603936000000004,,,,2,2023-06-18T12:24:40+00:00
SAO_1709-10,São Paulo,3550308,True,,33619,,,-23.440907,-46.5816925,,,,2,2023-06-18T12:24:43+00:00
SAO_1709-10,São Paulo,3550308,True,,33619,,,-23.449460000000002,-46.594094,,,,2,2023-06-18T12:24:34+00:00
SAO_1709-10,São Paulo,3550308,True,,33619,,,-23.44072075,-46.581562000000005,,,,2,2023-06-18T12:21:21+00:00
SAO_1709-10,São Paulo,3550308,True,,33619,,,-23.479985,-46.603936000000004,,,,2,2023-06-18T12:24:48+00:00
SAO_888P-10,São Paulo,3550308,True,EMTU,454,https://moovitapp.com/index/pt-br/transporte_p%C3%BAblico-line-454-Sao_Paulo-242-2038937-36419497-0,5.25,-23.4111245,-46.757588,,,,1,2023-06-18T12:24:43+00:00
SAO_888P-10,São Paulo,3550308,True,EMTU,454,https://moovitapp.com/index/pt-br/transporte_p%C3%BAblico-line-454-Sao_Paulo-242-2038937-36419497-0,5.25,-23.443512499999997,-46.717243749999994,,,,1,2023-06-18T12:24:39+00:00
SAO_637P-10,São Paulo,3550308,True,,32815,,,-23.650700999999998,-46.707818,,,,2,2023-06-18T12:25:09+00:00
SAO_637P-10,São Paulo,3550308,True,,32815,,,-23.58769125,-46.67168025,,,,2,2023-06-18T12:24:28+00:00
SAO_4093-10,São Paulo,3550308,True,,35216,,,-23.5833075,-46.407056,,,,2,2023-06-18T12:25:04+00:00
SAO_4093-10,São Paulo,3550308,True,,35216,,,-23.590121,-46.404954000000004,,,,2,2023-06-18T12:20:16+00:00
SAO_5012-10,São Paulo,3550308,True,,1116,,,-23.7097155,-46.6354455,,,,1,2023-06-18T12:24:40+00:00
SAO_5012-10,São Paulo,3550308,True,,1116,,,-23.7097155,-46.6354455,,,,1,2023-06-18T12:23:47+00:00
SAO_5012-10,São Paulo,3550308,True,,1116,,,-23.7030235,-46.6250145,,,,1,2023-06-18T12:24:22+00:00
SAO_5012-10,São Paulo,3550308,True,,1116,,,-23.700035,-46.6416945,,,,1,2023-06-18T12:24:26+00:00
SAO_5012-10,São Paulo,3550308,True,,1116,,,-23.669349,-46.635788500000004,,,,1,2023-06-18T12:25:05+00:00
SAO_5012-10,São Paulo,3550308,True,,1116,,,-23.7097155,-46.6354455,,,,1,2023-06-18T12:24:33+00:00
SAO_5012-10,São Paulo,3550308,True,,1116,,,-23.709882999999998,-46.6356035,,,,1,2023-06-18T12:24:32+00:00
SAO_7023-10,São Paulo,3550308,True,,2152,,,-23.686282,-46.7533255,,,,1,2023-06-18T12:24:57+00:00
SAO_7023-10,São Paulo,3550308,True,,2152,,,-23.698786,-46.7627765,,,,1,2023-06-18T12:24:41+00:00
SAO_7023-10,São Paulo,3550308,True,,2152,,,-23.6722825,-46.734466,,,,1,2023-06-18T12:24:50+00:00
SAO_4033-10,São Paulo,3550308,True,,33871,,,-23.609438125000004,-46.50119649999999,,,,2,2023-06-18T12:24:47+00:00
SAO_4033-10,São Paulo,3550308,True,,33871,,,-23.604264,-46.538593500000005,,,,2,2023-06-18T12:24:29+00:00
SAO_4033-10,São Paulo,3550308,True,,33871,,,-23.603224,-46.542550750000004,,,,2,2023-06-18T12:24:42+00:00
SAO_4033-10,São Paulo,3550308,True,,33871,,,-23.612403999999998,-46.4786965,,,,2,2023-06-18T12:24:26+00:00
SAO_4033-10,São Paulo,3550308,True,,33871,,,-23.609686375000003,-46.501195499999994,,,,2,2023-06-18T12:24:49+00:00
SAO_4033-10,São Paulo,3550308,True,,33871,,,-23.61354,-46.452607,,,,2,2023-06-18T12:24:53+00:00
SAO_9653-10,São Paulo,3550308,True,EMTU,588,https://moovitapp.com/index/pt-br/transporte_p%C3%BAblico-line-588-Sao_Paulo-242-2038937-36419575-0,7.55,-23.507158750000002,-46.67135625,,,,1,2023-06-18T12:24:59+00:00
SAO_9653-10,São Paulo,3550308,True,EMTU,588,https://moovitapp.com/index/pt-br/transporte_p%C3%BAblico-line-588-Sao_Paulo-242-2038937-36419575-0,7.55,-23.5428845,-46.636273,,,,1,2023-06-18T12:24:58+00:00
SAO_9653-10,São Paulo,3550308,True,EMTU,588,https://moovitapp.com/index/pt-br/transporte_p%C3%BAblico-line-588-Sao_Paulo-242-2038937-36419575-0,7.55,-23.462778,-46.652122,,,,1,2023-06-18T12:24:24+00:00
SAO_637R-10,São Paulo,3550308,True,EMTU,196,https://moovitapp.com/index/pt-br/transporte_p%C3%BAblico-line-196-Sao_Paulo-242-2038937-36419323-0,4.85,-23.678145,-46.762447,,,,1,2023-06-18T12:24:47+00:00
SAO_637R-10,São Paulo,3550308,True,EMTU,196,https://moovitapp.com/index/pt-br/transporte_p%C3%BAblico-line-196-Sao_Paulo-242-2038937-36419323-0,4.85,-23.716862,-46.767694,,,,1,2023-06-18T12:24:59+00:00
SAO_5106-10,São Paulo,3550308,True,,34048,,,-23.6848065,-46.653604,,,,2,2023-06-18T12:24:51+00:00
SAO_6037-10,São Paulo,3550308,True,,1215,,,-23.6493575,-46.7848365,,,,1,2023-06-18T12:25:01+00:00
SAO_6037-10,São Paulo,3550308,True,,1215,,,-23.6493575,-46.7848365,,,,1,2023-06-18T12:24:42+00:00
SAO_6037-10,São Paulo,3550308,True,,1215,,,-23.638129375000002,-46.720301125000006,,,,1,2023-06-18T12:25:07+00:00
SAO_6037-10,São Paulo,3550308,True,,1215,,,-23.6493575,-46.7848365,,,,1,2023-06-18T12:24:27+00:00
SAO_6037-10,São Paulo,3550308,True,,1215,,,-23.6493575,-46.7848365,,,,1,2023-06-18T12:24:57+00:00
SAO_6036-10,São Paulo,3550308,True,,1214,,,-23.640761375,-46.71703425,,,,1,2023-06-18T12:25:07+00:00
SAO_6036-10,São Paulo,3550308,True,,1214,,,-23.644126999999997,-46.783966,,,,1,2023-06-18T12:24:27+00:00
SAO_6036-10,São Paulo,3550308,True,,1214,,,-23.6538115,-46.789655499999995,,,,1,2023-06-18T12:24:30+00:00
SAO_5630-10,São Paulo,3550308,True,,32846,,,-23.60859575,-46.653769999999994,,,,2,2023-06-18T12:24:47+00:00
SAO_5630-10,São Paulo,3550308,True,,32846,,,-23.546747,-46.6164905,,,,2,2023-06-18T12:24:28+00:00
SAO_5630-10,São Paulo,3550308,True,,32846,,,-23.546747,-46.6164905,,,,2,2023-06-18T12:24:50+00:00
SAO_5630-10,São Paulo,3550308,True,,32846,,,-23.6062665,-46.6519685,,,,2,2023-06-18T12:24:39+00:00
SAO_5630-10,São Paulo,3550308,True,,32846,,,-23.7352495,-46.695594,,,,2,2023-06-18T12:24:53+00:00
SAO_8038-10,São Paulo,3550308,True,,797,,,-23.539855125,-46.757581125,,,,1,2023-06-18T12:24:58+00:00
SAO_8038-10,São Paulo,3550308,True,,797,,,-23.5351485,-46.760891,,,,1,2023-06-18T12:20:30+00:00
SAO_8038-10,São Paulo,3550308,True,,797,,,-23.550904625,-46.7404143125,,,,1,2023-06-18T12:24:59+00:00
SAO_8038-10,São Paulo,3550308,True,,797,,,-23.521107999999998,-46.7277915,,,,1,2023-06-18T12:24:38+00:00
SAO_172P-10,São Paulo,3550308,True,,33626,,,-23.541785625,-46.591997375000005,,,,2,2023-06-18T12:24:59+00:00
SAO_172P-10,São Paulo,3550308,True,,33626,,,-23.438668,-46.5865085,,,,2,2023-06-18T12:24:57+00:00
SAO_172P-10,São Paulo,3550308,True,,33626,,,-23.4905245,-46.595864,,,,2,2023-06-18T12:24:29+00:00
SAO_172P-10,São Paulo,3550308,True,,33626,,,-23.4378765,-46.5662585,,,,2,2023-06-18T12:24:45+00:00
SAO_172P-10,São Paulo,3550308,True,,33626,,,-23.4378765,-46.5662585,,,,2,2023-06-18T12:24:23+00:00
SAO_509J-10,São Paulo,3550308,True,EMTU,264,https://moovitapp.com/index/pt-br/transporte_p%C3%BAblico-line-264-Sao_Paulo-242-2038937-36419374-0,6.2,-23.62412425,-46.6615415,,,,1,2023-06-18T12:24:54+00:00
SAO_2772-10,São Paulo,3550308,True,,33166,,,-23.504746250000004,-46.4129875,,,,2,2023-06-18T12:25:05+00:00
SAO_2772-10,São Paulo,3550308,True,,33166,,,-23.5265305,-46.526341875,,,,2,2023-06-18T12:24:41+00:00
SAO_6118-10,São Paulo,3550308,True,,33956,,,-23.752415999999997,-46.70257425,,,,2,2023-06-18T12:24:41+00:00
SAO_6118-10,São Paulo,3550308,True,,33956,,,-23.7261455,-46.7125575,,,,2,2023-06-18T12:24:38+00:00
SAO_6118-10,São Paulo,3550308,True,,33956,,,-23.686683,-46.70219675,,,,2,2023-06-18T12:25:09+00:00
SAO_5036-10,São Paulo,3550308,True,,1666,,,-23.603656,-46.6035635,,,,1,2023-06-18T12:25:00+00:00
SAO_5036-10,São Paulo,3550308,True,,1666,,,-23.637042,-46.607043000000004,,,,1,2023-06-18T12:24:23+00:00
SAO_6000-10,São Paulo,3550308,True,,33908,,,-23.8284605,-46.7271145,,,,2,2023-06-18T12:24:23+00:00
SAO_6000-10,São Paulo,3550308,True,,33908,,,-23.7934825,-46.729563999999996,,,,2,2023-06-18T12:24:31+00:00
SAO_6000-10,São Paulo,3550308,True,,33908,,,-23.827945999999997,-46.727483500000005,,,,2,2023-06-18T12:24:45+00:00
SAO_6000-10,São Paulo,3550308,True,,33908,,,-23.7647345,-46.7167295,,,,2,2023-06-18T12:24:42+00:00
SAO_6000-10,São Paulo,3550308,True,,33908,,,-23.70069875,-46.715156750000006,,,,2,2023-06-18T12:24:42+00:00
SAO_9011-10,São Paulo,3550308,True,,878,,,-23.45467,-46.738116000000005,,,,1,2023-06-18T12:25:02+00:00
SAO_9011-10,São Paulo,3550308,True,,878,,,-23.435324,-46.716320499999995,,,,1,2023-06-18T12:24:22+00:00
SAO_9011-10,São Paulo,3550308,True,,878,,,-23.45467,-46.738116000000005,,,,1,2023-06-18T12:24:28+00:00
SAO_9011-10,São Paulo,3550308,True,,878,,,-23.45467,-46.738116000000005,,,,1,2023-06-18T12:24:56+00:00
SAO_9011-10,São Paulo,3550308,True,,878,,,-23.45467,-46.738116000000005,,,,1,2023-06-18T12:24:47+00:00
SAO_9011-10,São Paulo,3550308,True,,878,,,-23.45467,-46.738116000000005,,,,1,2023-06-18T12:24:18+00:00
SAO_9011-10,São Paulo,3550308,True,,878,,,-23.45467,-46.738116000000005,,,,1,2023-06-18T12:24:51+00:00
SAO_9011-10,São Paulo,3550308,True,,878,,,-23.45467,-46.738116000000005,,,,1,2023-06-18T12:24:54+00:00
SAO_9011-10,São Paulo,3550308,True,,878,,,-23.45467,-46.738116000000005,,,,1,2023-06-18T12:24:47+00:00
SAO_9011-10,São Paulo,3550308,True,,878,,,-23.45467,-46.738116000000005,,,,1,2023-06-18T12:24:36+00:00
SAO_2718-10,São Paulo,3550308,True,,33699,,,-23.51598125,-46.549963500000004,,,,2,2023-06-18T12:25:05+00:00
SAO_2718-10,São Paulo,3550308,True,,33699,,,-23.4930925,-46.49988925,,,,2,2023-06-18T12:24:45+00:00
SAO_2626-10,São Paulo,3550308,True,,33144,,,-23.49155975,-46.44657925,,,,2,2023-06-18T12:24:25+00:00
SAO_2626-10,São Paulo,3550308,True,,33144,,,-23.523301,-46.4105365,,,,2,2023-06-18T12:24:29+00:00
SAO_2626-10,São Paulo,3550308,True,,33144,,,-23.533472250000003,-46.565054,,,,2,2023-06-18T12:22:46+00:00
SAO_2626-10,São Paulo,3550308,True,,33144,,,-23.5103505,-46.406786,,,,2,2023-06-18T12:24:55+00:00
SAO_3051-10,São Paulo,3550308,True,,35214,,,-23.48653925,-46.48247525,,,,2,2023-06-18T12:24:45+00:00
SAO_3051-10,São Paulo,3550308,True,,35214,,,-23.517118,-46.475767000000005,,,,2,2023-06-18T12:24:26+00:00
SAO_3051-10,São Paulo,3550308,True,,35214,,,-23.48653925,-46.48247525,,,,2,2023-06-18T12:24:46+00:00
SAO_407H-10,São Paulo,3550308,True,,2197,,,-23.597319,-46.444479,,,,1,2023-06-18T12:24:34+00:00
SAO_407H-10,São Paulo,3550308,True,,2197,,,-23.6018265,-46.452011,,,,1,2023-06-18T12:24:46+00:00
SAO_407H-10,São Paulo,3550308,True,,2197,,,-23.542397,-46.469636,,,,1,2023-06-18T12:24:55+00:00
SAO_407H-10,São Paulo,3550308,True,,2197,,,-23.6348375,-46.44672975,,,,1,2023-06-18T12:24:56+00:00
SAO_745M-10,São Paulo,3550308,True,,33550,,,-23.6824585,-46.6907875,,,,2,2023-06-18T12:24:37+00:00
SAO_745M-10,São Paulo,3550308,True,,33550,,,-23.631424,-46.76591,,,,2,2023-06-18T12:24:53+00:00
SAO_745M-10,São Paulo,3550308,True,,33550,,,-23.631259999999997,-46.766026499999995,,,,2,2023-06-18T12:24:27+00:00
SAO_745M-10,São Paulo,3550308,True,,33550,,,-23.669123750000004,-46.7350165,,,,2,2023-06-18T12:25:01+00:00
SAO_745M-10,São Paulo,3550308,True,,33550,,,-23.661214,-46.7683785,,,,2,2023-06-18T12:25:03+00:00
SAO_745M-10,São Paulo,3550308,True,,33550,,,-23.666840999999998,-46.783510500000006,,,,2,2023-06-18T12:24:56+00:00
SAO_745M-10,São Paulo,3550308,True,,33550,,,-23.6824585,-46.6907875,,,,2,2023-06-18T12:24:36+00:00
SAO_745M-10,São Paulo,3550308,True,,33550,,,-23.6687515,-46.735510000000005,,,,2,2023-06-18T12:25:05+00:00
SAO_407H-10,São Paulo,3550308,True,,34965,,,-23.607734,-46.452319,,,,2,2023-06-18T12:25:06+00:00
SAO_8605-10,São Paulo,3550308,True,,1917,,,-23.5491125,-46.640139500000004,,,,1,2023-06-18T12:25:05+00:00
SAO_8605-10,São Paulo,3550308,True,,1917,,,-23.586847,-46.6921145,,,,1,2023-06-18T12:25:00+00:00
SAO_8605-10,São Paulo,3550308,True,,1917,,,-23.625173500000002,-46.765011,,,,1,2023-06-18T12:24:49+00:00
SAO_7062-31,São Paulo,3550308,True,,34682,,,-23.645491,-46.774141,,,,2,2023-06-18T12:24:28+00:00
SAO_6072-23,São Paulo,3550308,True,,2004,,,-23.767591,-46.7163045,,,,1,2023-06-18T12:24:30+00:00
SAO_6072-23,São Paulo,3550308,True,,2004,,,-23.767591,-46.7163045,,,,1,2023-06-18T12:25:09+00:00
SAO_6072-23,São Paulo,3550308,True,,2004,,,-23.767591,-46.7163045,,,,1,2023-06-18T12:24:49+00:00
SAO_6072-23,São Paulo,3550308,True,,2004,,,-23.767591,-46.7163045,,,,1,2023-06-18T12:25:01+00:00
SAO_6072-23,São Paulo,3550308,True,,2004,,,-23.767591,-46.7163045,,,,1,2023-06-18T12:25:06+00:00
SAO_6072-23,São Paulo,3550308,True,,2004,,,-23.767591,-46.7163045,,,,1,2023-06-18T12:24:31+00:00
SAO_6072-23,São Paulo,3550308,True,,2004,,,-23.767591,-46.7163045,,,,1,2023-06-18T12:25:08+00:00
SAO_6072-23,São Paulo,3550308,True,,2004,,,-23.767591,-46.7163045,,,,1,2023-06-18T12:24:55+00:00
SAO_6072-23,São Paulo,3550308,True,,2004,,,-23.767591,-46.7163045,,,,1,2023-06-18T12:25:02+00:00
SAO_6072-23,São Paulo,3550308,True,,2004,,,-23.767376,-46.716275499999995,,,,1,2023-06-18T12:24:37+00:00
SAO_6072-23,São Paulo,3550308,True,,2004,,,-23.767591,-46.7163045,,,,1,2023-06-18T12:24:45+00:00
SAO_6072-23,São Paulo,3550308,True,,2004,,,-23.767591,-46.7163045,,,,1,2023-06-18T12:24:48+00:00
SAO_6072-23,São Paulo,3550308,True,,2004,,,-23.766963,-46.71622,,,,1,2023-06-18T12:24:55+00:00
SAO_6072-23,São Paulo,3550308,True,,2004,,,-23.767591,-46.7163045,,,,1,2023-06-18T12:24:36+00:00
SAO_6072-23,São Paulo,3550308,True,,2004,,,-23.767591,-46.7163045,,,,1,2023-06-18T12:25:03+00:00
SAO_6072-23,São Paulo,3550308,True,,2004,,,-23.767591,-46.7163045,,,,1,2023-06-18T12:24:33+00:00
SAO_6072-23,São Paulo,3550308,True,,2004,,,-23.767591,-46.7163045,,,,1,2023-06-18T12:24:49+00:00
SAO_6072-23,São Paulo,3550308,True,,2004,,,-23.77103975,-46.723756,,,,1,2023-06-18T12:24:33+00:00
SAO_6072-23,São Paulo,3550308,True,,2004,,,-23.767591,-46.7163045,,,,1,2023-06-18T12:25:04+00:00
SAO_6072-23,São Paulo,3550308,True,,2004,,,-23.767591,-46.7163045,,,,1,2023-06-18T12:24:52+00:00
SAO_6072-23,São Paulo,3550308,True,,2004,,,-23.767591,-46.7163045,,,,1,2023-06-18T12:24:42+00:00
SAO_6072-23,São Paulo,3550308,True,,2004,,,-23.767299,-46.716265,,,,1,2023-06-18T12:24:45+00:00
SAO_6072-23,São Paulo,3550308,True,,2004,,,-23.767194,-46.716251,,,,1,2023-06-18T12:24:42+00:00
SAO_6072-23,São Paulo,3550308,True,,2004,,,-23.767591,-46.7163045,,,,1,2023-06-18T12:24:46+00:00
SAO_6072-23,São Paulo,3550308,True,,2004,,,-23.767194,-46.716251,,,,1,2023-06-18T12:24:33+00:00
SAO_6072-23,São Paulo,3550308,True,,2004,,,-23.767591,-46.7163045,,,,1,2023-06-18T12:24:51+00:00
SAO_6072-23,São Paulo,3550308,True,,2004,,,-23.767591,-46.7163045,,,,1,2023-06-18T12:24:34+00:00
SAO_4085-10,São Paulo,3550308,True,,2156,,,-23.542668499999998,-46.471506500000004,,,,1,2023-06-18T12:25:04+00:00
SAO_4085-10,São Paulo,3550308,True,,2156,,,-23.575199,-46.4280725,,,,1,2023-06-18T12:24:35+00:00
SAO_6840-10,São Paulo,3550308,True,,32969,,,-23.7317975,-46.7861475,,,,2,2023-06-18T12:24:42+00:00
SAO_6840-10,São Paulo,3550308,True,,32969,,,-23.7309495,-46.785837,,,,2,2023-06-18T12:24:26+00:00
SAO_6840-10,São Paulo,3550308,True,,32969,,,-23.715745499999997,-46.7830165,,,,2,2023-06-18T12:24:39+00:00
SAO_6840-10,São Paulo,3550308,True,,32969,,,-23.7317975,-46.7861475,,,,2,2023-06-18T12:25:00+00:00
SAO_6840-10,São Paulo,3550308,True,,32969,,,-23.7309495,-46.785837,,,,2,2023-06-18T12:24:25+00:00
SAO_6840-10,São Paulo,3550308,True,,32969,,,-23.744965,-46.7995655,,,,2,2023-06-18T12:24:55+00:00
SAO_6840-10,São Paulo,3550308,True,,32969,,,-23.7317975,-46.7861475,,,,2,2023-06-18T12:25:06+00:00
SAO_6840-10,São Paulo,3550308,True,,32969,,,-23.7317975,-46.7861475,,,,2,2023-06-18T12:24:49+00:00
SAO_6840-10,São Paulo,3550308,True,,32969,,,-23.7312905,-46.7859135,,,,2,2023-06-18T12:24:43+00:00
SAO_6840-10,São Paulo,3550308,True,,32969,,,-23.682834,-46.76948325,,,,2,2023-06-18T12:24:45+00:00
SAO_6840-10,São Paulo,3550308,True,,32969,,,-23.7464715,-46.7936485,,,,2,2023-06-18T12:24:52+00:00
SAO_6840-10,São Paulo,3550308,True,,32969,,,-23.7317975,-46.7861475,,,,2,2023-06-18T12:24:55+00:00
SAO_6840-10,São Paulo,3550308,True,,32969,,,-23.7317975,-46.7861475,,,,2,2023-06-18T12:24:46+00:00
SAO_6840-10,São Paulo,3550308,True,,32969,,,-23.6604945,-46.767814,,,,2,2023-06-18T12:24:36+00:00
SAO_6840-10,São Paulo,3550308,True,,32969,,,-23.7317975,-46.7861475,,,,2,2023-06-18T12:24:26+00:00
SAO_5024-10,São Paulo,3550308,True,,1122,,,-23.6893395,-46.662277,,,,1,2023-06-18T12:24:32+00:00
SAO_5024-10,São Paulo,3550308,True,,1122,,,-23.683161374999997,-46.678906874999996,,,,1,2023-06-18T12:24:56+00:00
SAO_5024-10,São Paulo,3550308,True,,1122,,,-23.6887665,-46.6485045,,,,1,2023-06-18T12:24:02+00:00
SAO_3778-10,São Paulo,3550308,True,,1062,,,-23.5431195,-46.564417,,,,1,2023-06-18T12:24:47+00:00
SAO_3778-10,São Paulo,3550308,True,,1062,,,-23.572360500000002,-46.501636,,,,1,2023-06-18T12:24:41+00:00
SAO_3778-10,São Paulo,3550308,True,,1062,,,-23.5580635,-46.522337500000006,,,,1,2023-06-18T12:25:02+00:00
SAO_3778-10,São Paulo,3550308,True,,1062,,,-23.5769545,-46.492369,,,,1,2023-06-18T12:24:57+00:00
SAO_172Y-10,São Paulo,3550308,True,,862,,,-23.5296095,-46.603042,,,,1,2023-06-18T12:25:07+00:00
SAO_172Y-10,São Paulo,3550308,True,,862,,,-23.4830975,-46.58391,,,,1,2023-06-18T12:24:38+00:00
SAO_7004-10,São Paulo,3550308,True,,1992,,,-23.671273499999998,-46.734524,,,,1,2023-06-18T12:24:49+00:00
SAO_7004-10,São Paulo,3550308,True,,1992,,,-23.741766,-46.8007565,,,,1,2023-06-18T12:25:06+00:00
SAO_7004-10,São Paulo,3550308,True,,1992,,,-23.69138175,-46.77535775,,,,1,2023-06-18T12:24:56+00:00
SAO_7004-10,São Paulo,3550308,True,,1992,,,-23.731476999999998,-46.7859925,,,,1,2023-06-18T12:24:43+00:00
SAO_7004-10,São Paulo,3550308,True,,1992,,,-23.7317975,-46.7861475,,,,1,2023-06-18T12:24:22+00:00
SAO_7004-10,São Paulo,3550308,True,,1992,,,-23.746864,-46.796102000000005,,,,1,2023-06-18T12:24:47+00:00
SAO_7004-10,São Paulo,3550308,True,,1992,,,-23.7317975,-46.7861475,,,,1,2023-06-18T12:24:29+00:00
SAO_2021-10,São Paulo,3550308,True,,906,,,-23.5443145,-46.389241999999996,,,,1,2023-06-18T12:25:07+00:00
SAO_2021-10,São Paulo,3550308,True,,906,,,-23.544384,-46.389341,,,,1,2023-06-18T12:24:52+00:00
SAO_2021-10,São Paulo,3550308,True,,906,,,-23.5443145,-46.389241999999996,,,,1,2023-06-18T12:23:45+00:00
SAO_2021-10,São Paulo,3550308,True,,906,,,-23.5443145,-46.389241999999996,,,,1,2023-06-18T12:24:30+00:00
SAO_2021-10,São Paulo,3550308,True,,906,,,-23.5361205,-46.39729,,,,1,2023-06-18T12:24:30+00:00
SAO_2021-10,São Paulo,3550308,True,,906,,,-23.5443145,-46.389241999999996,,,,1,2023-06-18T12:24:04+00:00
SAO_407A-21,São Paulo,3550308,True,,2501,,,-23.542912,-46.588283000000004,,,,1,2023-06-18T12:25:01+00:00
SAO_407A-21,São Paulo,3550308,True,,2501,,,-23.5728275,-46.51184375,,,,1,2023-06-18T12:24:33+00:00
SAO_8542-21,São Paulo,3550308,True,,1361,,,-23.515133,-46.6971045,,,,1,2023-06-18T12:24:28+00:00
SAO_8542-21,São Paulo,3550308,True,,1361,,,-23.4695215,-46.697924,,,,1,2023-06-18T12:25:04+00:00
SAO_3112-10,São Paulo,3550308,True,,1080,,,-23.5842345,-46.583538250000004,,,,1,2023-06-18T12:24:53+00:00
SAO_3112-10,São Paulo,3550308,True,,1080,,,-23.54521725,-46.58771825,,,,1,2023-06-18T12:24:35+00:00
SAO_3112-10,São Paulo,3550308,True,,1080,,,-23.546732499999997,-46.592943000000005,,,,1,2023-06-18T12:24:51+00:00
SAO_3112-10,São Paulo,3550308,True,,1080,,,-23.595245499999997,-46.543268,,,,1,2023-06-18T12:25:00+00:00
SAO_1701-10,São Paulo,3550308,True,EMTU,845,https://moovitapp.com/index/pt-br/transporte_p%C3%BAblico-line-845-Sao_Paulo-242-2038937-36419607-0,5.15,-23.4612935,-46.5857565,,,,1,2023-06-18T12:24:45+00:00
SAO_1701-10,São Paulo,3550308,True,EMTU,845,https://moovitapp.com/index/pt-br/transporte_p%C3%BAblico-line-845-Sao_Paulo-242-2038937-36419607-0,5.15,-23.497912874999997,-46.61289587500001,,,,1,2023-06-18T12:24:53+00:00
SAO_1701-10,São Paulo,3550308,True,EMTU,845,https://moovitapp.com/index/pt-br/transporte_p%C3%BAblico-line-845-Sao_Paulo-242-2038937-36419607-0,5.15,-23.455318,-46.5815255,,,,1,2023-06-18T12:24:54+00:00
SAO_2702-10,São Paulo,3550308,True,,33682,,,-23.493937000000003,-46.4504985,,,,2,2023-06-18T12:24:35+00:00
SAO_2702-10,São Paulo,3550308,True,,33682,,,-23.539938499999998,-46.482815,,,,2,2023-06-18T12:24:45+00:00
SAO_2702-10,São Paulo,3550308,True,,33682,,,-23.495196,-46.444438000000005,,,,2,2023-06-18T12:25:07+00:00
SAO_3013-10,São Paulo,3550308,True,,33722,,,-23.593643250000003,-46.407294875000005,,,,2,2023-06-18T12:24:36+00:00
SAO_3139-10,São Paulo,3550308,True,,33763,,,-23.567994,-46.523497,,,,2,2023-06-18T12:23:43+00:00
SAO_2009-10,São Paulo,3550308,True,,33666,,,-23.513022499999998,-46.412672,,,,2,2023-06-18T12:24:31+00:00
SAO_2009-10,São Paulo,3550308,True,,33666,,,-23.5420945,-46.4152325,,,,2,2023-06-18T12:24:54+00:00
SAO_3731-10,São Paulo,3550308,True,,33796,,,-23.539611999999998,-46.516724999999994,,,,2,2023-06-18T12:24:43+00:00
SAO_3731-10,São Paulo,3550308,True,,33796,,,-23.538997000000002,-46.5171695,,,,2,2023-06-18T12:24:31+00:00
SAO_3731-10,São Paulo,3550308,True,,33796,,,-23.551226625,-46.515077125,,,,2,2023-06-18T12:24:48+00:00
SAO_3731-10,São Paulo,3550308,True,,33796,,,-23.538657999999998,-46.517447,,,,2,2023-06-18T12:24:29+00:00
SAO_3731-10,São Paulo,3550308,True,,33796,,,-23.5633835,-46.501695,,,,2,2023-06-18T12:24:26+00:00
SAO_546A-31,São Paulo,3550308,True,,1132,,,-23.664137750000002,-46.691106500000004,,,,1,2023-06-18T12:24:30+00:00
SAO_546A-31,São Paulo,3550308,True,,1132,,,-23.6927705,-46.660159,,,,1,2023-06-18T12:24:38+00:00
SAO_4027-10,São Paulo,3550308,True,,1097,,,-23.641647,-46.439793,,,,1,2023-06-18T12:24:28+00:00
SAO_4027-10,São Paulo,3550308,True,,1097,,,-23.6418875,-46.439175500000005,,,,1,2023-06-18T12:24:53+00:00
SAO_4027-10,São Paulo,3550308,True,,1097,,,-23.5918655,-46.490320999999994,,,,1,2023-06-18T12:24:56+00:00
SAO_4027-10,São Paulo,3550308,True,,1097,,,-23.6197685,-46.456766,,,,1,2023-06-18T12:24:50+00:00
SAO_4027-10,São Paulo,3550308,True,,1097,,,-23.6324525,-46.442734,,,,1,2023-06-18T12:24:33+00:00
SAO_6836-10,São Paulo,3550308,True,BR7 Mobilidade,13,https://moovitapp.com/index/pt-br/transporte_p%C3%BAblico-line-13-Sao_Paulo-242-851856-705937-0,5.75,-23.684404999999998,-46.7817855,,,,1,2023-06-18T12:24:50+00:00
SAO_6836-10,São Paulo,3550308,True,BR7 Mobilidade,13,https://moovitapp.com/index/pt-br/transporte_p%C3%BAblico-line-13-Sao_Paulo-242-851856-705937-0,5.75,-23.6656035,-46.75419875,,,,1,2023-06-18T12:25:09+00:00
SAO_1780-10,São Paulo,3550308,True,,869,,,-23.48666325,-46.6088145,,,,1,2023-06-18T12:24:58+00:00
SAO_1780-10,São Paulo,3550308,True,,869,,,-23.456277999999998,-46.584887,,,,1,2023-06-18T12:24:30+00:00
SAO_6063-10,São Paulo,3550308,True,,33920,,,-23.783673,-46.6827105,,,,2,2023-06-18T12:24:31+00:00
SAO_6063-10,São Paulo,3550308,True,,33920,,,-23.783673,-46.6827105,,,,2,2023-06-18T12:25:04+00:00
SAO_6063-10,São Paulo,3550308,True,,33920,,,-23.783673,-46.6827105,,,,2,2023-06-18T12:24:55+00:00
SAO_6063-10,São Paulo,3550308,True,,33920,,,-23.783673,-46.6827105,,,,2,2023-06-18T12:24:35+00:00
SAO_6063-10,São Paulo,3550308,True,,33920,,,-23.783673,-46.6827105,,,,2,2023-06-18T12:24:53+00:00
SAO_6063-10,São Paulo,3550308,True,,33920,,,-23.783673,-46.6827105,,,,2,2023-06-18T12:24:54+00:00
SAO_6063-10,São Paulo,3550308,True,,33920,,,-23.783673,-46.6827105,,,,2,2023-06-18T12:24:27+00:00
SAO_6063-10,São Paulo,3550308,True,,33920,,,-23.783673,-46.6827105,,,,2,2023-06-18T12:24:59+00:00
SAO_6063-10,São Paulo,3550308,True,,33920,,,-23.783673,-46.6827105,,,,2,2023-06-18T12:24:44+00:00
SAO_6063-10,São Paulo,3550308,True,,33920,,,-23.783673,-46.6827105,,,,2,2023-06-18T12:24:25+00:00
SAO_6063-10,São Paulo,3550308,True,,33920,,,-23.78403325,-46.68289,,,,2,2023-06-18T12:24:49+00:00
SAO_3737-31,São Paulo,3550308,True,,34122,,,-23.5302815,-46.5166185,,,,2,2023-06-18T12:24:30+00:00
SAO_5757-51,São Paulo,3550308,True,,1976,,,-23.681742,-46.6372135,,,,1,2023-06-18T12:24:45+00:00
SAO_5757-51,São Paulo,3550308,True,,1976,,,-23.7079895,-46.641386499999996,,,,1,2023-06-18T12:24:42+00:00
SAO_5757-51,São Paulo,3550308,True,,1976,,,-23.7067605,-46.6414085,,,,1,2023-06-18T12:24:35+00:00
SAO_5757-51,São Paulo,3550308,True,,1976,,,-23.7079895,-46.641386499999996,,,,1,2023-06-18T12:24:21+00:00
SAO_5757-51,São Paulo,3550308,True,,1976,,,-23.700217000000002,-46.6463325,,,,1,2023-06-18T12:24:38+00:00
SAO_6075-10,São Paulo,3550308,True,,33930,,,-23.77306925,-46.720437,,,,2,2023-06-18T12:24:51+00:00
SAO_6075-10,São Paulo,3550308,True,,33930,,,-23.7971525,-46.7376385,,,,2,2023-06-18T12:24:27+00:00
SAO_6075-10,São Paulo,3550308,True,,33930,,,-23.797689499999997,-46.7382825,,,,2,2023-06-18T12:25:02+00:00
SAO_6075-10,São Paulo,3550308,True,,33930,,,-23.797689499999997,-46.7382825,,,,2,2023-06-18T12:25:04+00:00
SAO_6075-10,São Paulo,3550308,True,,33930,,,-23.797689499999997,-46.7382825,,,,2,2023-06-18T12:25:08+00:00
SAO_233A-10,São Paulo,3550308,True,,33017,,,-23.5457475,-46.501018,,,,2,2023-06-18T12:24:27+00:00
SAO_233A-10,São Paulo,3550308,True,,33017,,,-23.528411625,-46.449355125000004,,,,2,2023-06-18T12:24:42+00:00
SAO_5108-10,São Paulo,3550308,True,,1675,,,-23.662623125000003,-46.619043625,,,,1,2023-06-18T12:24:58+00:00
SAO_5108-10,São Paulo,3550308,True,,1675,,,-23.660891,-46.6208585,,,,1,2023-06-18T12:24:46+00:00
SAO_5108-10,São Paulo,3550308,True,,1675,,,-23.566375,-46.61430425,,,,1,2023-06-18T12:24:41+00:00
SAO_374V-10,São Paulo,3550308,True,,34415,,,-23.523803,-46.453123500000004,,,,2,2023-06-18T12:24:30+00:00
SAO_374V-10,São Paulo,3550308,True,,34415,,,-23.526107250000003,-46.4522605,,,,2,2023-06-18T12:24:30+00:00
SAO_6L07-10,São Paulo,3550308,True,,34313,,,-23.8313465,-46.711774500000004,,,,2,2023-06-18T12:24:35+00:00
SAO_6L07-10,São Paulo,3550308,True,,34313,,,-23.8313465,-46.711774500000004,,,,2,2023-06-18T12:25:04+00:00
SAO_4007-10,São Paulo,3550308,True,,34949,,,-23.548766,-46.430766500000004,,,,2,2023-06-18T12:24:24+00:00
SAO_4007-10,São Paulo,3550308,True,,34949,,,-23.557227,-46.519644,,,,2,2023-06-18T12:25:03+00:00
SAO_4007-10,São Paulo,3550308,True,,34949,,,-23.565321500000003,-46.396381,,,,2,2023-06-18T12:24:56+00:00
SAO_6051-10,São Paulo,3550308,True,,33911,,,-23.7621455,-46.689133,,,,2,2023-06-18T12:24:57+00:00
SAO_6051-10,São Paulo,3550308,True,,33911,,,-23.76764575,-46.717001249999996,,,,2,2023-06-18T12:24:47+00:00
SAO_6051-10,São Paulo,3550308,True,,33911,,,-23.7628215,-46.688933500000005,,,,2,2023-06-18T12:24:39+00:00
SAO_6051-10,São Paulo,3550308,True,,33911,,,-23.7621455,-46.689133,,,,2,2023-06-18T12:25:10+00:00
SAO_6051-10,São Paulo,3550308,True,,33911,,,-23.7692035,-46.715246500000006,,,,2,2023-06-18T12:24:26+00:00
SAO_1738-10,São Paulo,3550308,True,,672,,,-23.4812835,-46.5966835,,,,1,2023-06-18T12:24:49+00:00
SAO_1738-10,São Paulo,3550308,True,,672,,,-23.474033,-46.581053499999996,,,,1,2023-06-18T12:24:39+00:00
SAO_524M-10,São Paulo,3550308,True,,34399,,,-23.6191095,-46.4937015,,,,2,2023-06-18T12:24:47+00:00
SAO_524M-10,São Paulo,3550308,True,,34399,,,-23.566621499999997,-46.51023225,,,,2,2023-06-18T12:22:42+00:00
SAO_524M-10,São Paulo,3550308,True,,34399,,,-23.619495,-46.495613,,,,2,2023-06-18T12:24:39+00:00
SAO_1025-10,São Paulo,3550308,True,,35071,,,-23.457143875,-46.702913249999995,,,,2,2023-06-18T12:25:05+00:00
SAO_1025-10,São Paulo,3550308,True,,35071,,,-23.453629,-46.706905500000005,,,,2,2023-06-18T12:25:00+00:00
SAO_971D-10,São Paulo,3550308,True,,33477,,,-23.44795,-46.697022000000004,,,,2,2023-06-18T12:24:46+00:00
SAO_971D-10,São Paulo,3550308,True,,33477,,,-23.502884,-46.6246055,,,,2,2023-06-18T12:24:41+00:00
SAO_5185-10,São Paulo,3550308,True,,1308,,,-23.667333499999998,-46.7278095,,,,1,2023-06-18T12:24:50+00:00
SAO_5185-10,São Paulo,3550308,True,,1308,,,-23.5496935,-46.630829,,,,1,2023-06-18T12:17:16+00:00
SAO_5185-10,São Paulo,3550308,True,,1308,,,-23.57191325,-46.65340125,,,,1,2023-06-18T12:24:26+00:00
SAO_5185-10,São Paulo,3550308,True,,1308,,,-23.628462749999997,-46.66296,,,,1,2023-06-18T12:24:29+00:00
SAO_3459-10,São Paulo,3550308,True,EMTU,402,https://moovitapp.com/index/pt-br/transporte_p%C3%BAblico-line-402-Sao_Paulo-242-2038937-36419464-0,3.7,-23.531738500000003,-46.5354885,,,,1,2023-06-18T12:24:45+00:00
SAO_3459-10,São Paulo,3550308,True,EMTU,402,https://moovitapp.com/index/pt-br/transporte_p%C3%BAblico-line-402-Sao_Paulo-242-2038937-36419464-0,3.7,-23.52253625,-46.5288805,,,,1,2023-06-18T12:24:46+00:00
SAO_3459-10,São Paulo,3550308,True,EMTU,402,https://moovitapp.com/index/pt-br/transporte_p%C3%BAblico-line-402-Sao_Paulo-242-2038937-36419464-0,3.7,-23.5122785,-46.443659999999994,,,,1,2023-06-18T12:24:33+00:00
SAO_3459-10,São Paulo,3550308,True,EMTU,402,https://moovitapp.com/index/pt-br/transporte_p%C3%BAblico-line-402-Sao_Paulo-242-2038937-36419464-0,3.7,-23.5165205,-46.385602000000006,,,,1,2023-06-18T12:25:01+00:00
SAO_3459-10,São Paulo,3550308,True,EMTU,402,https://moovitapp.com/index/pt-br/transporte_p%C3%BAblico-line-402-Sao_Paulo-242-2038937-36419464-0,3.7,-23.549015500000003,-46.6046465,,,,1,2023-06-18T12:25:08+00:00
SAO_3459-10,São Paulo,3550308,True,EMTU,402,https://moovitapp.com/index/pt-br/transporte_p%C3%BAblico-line-402-Sao_Paulo-242-2038937-36419464-0,3.7,-23.5165205,-46.385602000000006,,,,1,2023-06-18T12:24:37+00:00
SAO_3459-10,São Paulo,3550308,True,EMTU,402,https://moovitapp.com/index/pt-br/transporte_p%C3%BAblico-line-402-Sao_Paulo-242-2038937-36419464-0,3.7,-23.5165205,-46.385602000000006,,,,1,2023-06-18T12:25:00+00:00
SAO_3459-10,São Paulo,3550308,True,EMTU,402,https://moovitapp.com/index/pt-br/transporte_p%C3%BAblico-line-402-Sao_Paulo-242-2038937-36419464-0,3.7,-23.5165205,-46.385602000000006,,,,1,2023-06-18T12:25:08+00:00
SAO_3459-10,São Paulo,3550308,True,EMTU,402,https://moovitapp.com/index/pt-br/transporte_p%C3%BAblico-line-402-Sao_Paulo-242-2038937-36419464-0,3.7,-23.5165205,-46.385602000000006,,,,1,2023-06-18T12:24:31+00:00
SAO_6091-10,São Paulo,3550308,True,,33943,,,-23.8425995,-46.717545,,,,2,2023-06-18T12:22:19+00:00
SAO_6091-10,São Paulo,3550308,True,,33943,,,-23.862347500000002,-46.712974,,,,2,2023-06-18T12:24:34+00:00
SAO_6091-10,São Paulo,3550308,True,,33943,,,-23.8006785,-46.733937499999996,,,,2,2023-06-18T12:25:07+00:00
SAO_6091-10,São Paulo,3550308,True,,33943,,,-23.82642525,-46.732391,,,,2,2023-06-18T12:24:46+00:00
SAO_6091-10,São Paulo,3550308,True,,33943,,,-23.6792555,-46.69642575,,,,2,2023-06-18T12:24:38+00:00
SAO_6451-10,São Paulo,3550308,True,,32829,,,-23.654660999999997,-46.7609705,,,,2,2023-06-18T12:24:43+00:00
SAO_6451-10,São Paulo,3550308,True,,32829,,,-23.577004000000002,-46.6724405,,,,2,2023-06-18T12:24:46+00:00
SAO_6451-10,São Paulo,3550308,True,,32829,,,-23.6282555,-46.71495075,,,,2,2023-06-18T12:24:36+00:00
SAO_8003-21,São Paulo,3550308,True,,2582,,,-23.520236,-46.6997165,,,,1,2023-06-18T12:25:05+00:00
SAO_8003-21,São Paulo,3550308,True,,2582,,,-23.5200685,-46.700133,,,,1,2023-06-18T12:24:50+00:00
SAO_6028-10,São Paulo,3550308,True,,1211,,,-23.6705185,-46.734418000000005,,,,1,2023-06-18T12:24:54+00:00
SAO_6028-10,São Paulo,3550308,True,,1211,,,-23.653927,-46.710094,,,,1,2023-06-18T12:24:48+00:00
SAO_3686-21,São Paulo,3550308,True,,2504,,,-23.559966,-46.404123,,,,1,2023-06-18T12:25:00+00:00
SAO_3686-21,São Paulo,3550308,True,,2504,,,-23.5298525,-46.526855499999996,,,,1,2023-06-18T12:25:00+00:00
SAO_3736-10,São Paulo,3550308,True,,1036,,,-23.542085,-46.483832,,,,1,2023-06-18T12:24:27+00:00
SAO_3736-10,São Paulo,3550308,True,,1036,,,-23.5750145,-46.481623,,,,1,2023-06-18T12:25:02+00:00
SAO_3736-10,São Paulo,3550308,True,,1036,,,-23.575533,-46.4834125,,,,1,2023-06-18T12:24:44+00:00
SAO_3736-10,São Paulo,3550308,True,,1036,,,-23.575533,-46.4834125,,,,1,2023-06-18T12:24:52+00:00
SAO_3736-10,São Paulo,3550308,True,,1036,,,-23.575533,-46.4834125,,,,1,2023-06-18T12:24:30+00:00
SAO_3736-10,São Paulo,3550308,True,,1036,,,-23.575533,-46.4834125,,,,1,2023-06-18T12:24:29+00:00
SAO_7545-10,São Paulo,3550308,True,,504,,,-23.5853465,-46.738911,,,,1,2023-06-18T12:24:34+00:00
SAO_7545-10,São Paulo,3550308,True,,504,,,-23.5478925,-46.642341,,,,1,2023-06-18T12:24:48+00:00
SAO_5015-10,São Paulo,3550308,True,,1119,,,-23.689674,-46.661702000000005,,,,1,2023-06-18T12:25:00+00:00
SAO_5015-10,São Paulo,3550308,True,,1119,,,-23.6808725,-46.642128,,,,1,2023-06-18T12:24:37+00:00
SAO_3751-10,São Paulo,3550308,True,,1047,,,-23.569356,-46.4108985,,,,1,2023-06-18T12:25:02+00:00
SAO_3751-10,São Paulo,3550308,True,,1047,,,-23.570307999999997,-46.410236499999996,,,,1,2023-06-18T12:24:30+00:00
SAO_3751-10,São Paulo,3550308,True,,1047,,,-23.542569999999998,-46.46953499999999,,,,1,2023-06-18T12:24:58+00:00
SAO_6069-10,São Paulo,3550308,True,,1154,,,-23.757225124999998,-46.702340125,,,,1,2023-06-18T12:24:40+00:00
SAO_6069-10,São Paulo,3550308,True,,1154,,,-23.653890625,-46.71154075,,,,1,2023-06-18T12:24:46+00:00
SAO_6069-10,São Paulo,3550308,True,,1154,,,-23.747792,-46.708254499999995,,,,1,2023-06-18T12:24:29+00:00
SAO_8008-10,São Paulo,3550308,True,,1258,,,-23.486492,-46.725708499999996,,,,1,2023-06-18T12:24:40+00:00
SAO_4706-10,São Paulo,3550308,True,,299,,,-23.592945,-46.621697999999995,,,,1,2023-06-18T12:24:28+00:00
SAO_4706-10,São Paulo,3550308,True,,299,,,-23.631802999999998,-46.604600500000004,,,,1,2023-06-18T12:24:43+00:00
SAO_4093-10,São Paulo,3550308,True,,2448,,,-23.58308,-46.408871000000005,,,,1,2023-06-18T12:24:47+00:00
SAO_4093-10,São Paulo,3550308,True,,2448,,,-23.588952,-46.395677,,,,1,2023-06-18T12:24:49+00:00
SAO_4093-10,São Paulo,3550308,True,,2448,,,-23.588952,-46.395677,,,,1,2023-06-18T12:24:59+00:00
SAO_4093-10,São Paulo,3550308,True,,2448,,,-23.593455187500002,-46.3974160625,,,,1,2023-06-18T12:24:49+00:00
SAO_2522-10,São Paulo,3550308,True,,32908,,,-23.516617500000002,-46.4262835,,,,2,2023-06-18T12:24:58+00:00
SAO_2720-10,São Paulo,3550308,True,,33701,,,-23.4982895,-46.47767375,,,,2,2023-06-18T12:25:05+00:00
SAO_2720-10,São Paulo,3550308,True,,33701,,,-23.493021,-46.470974,,,,2,2023-06-18T12:24:28+00:00
SAO_2720-10,São Paulo,3550308,True,,33701,,,-23.5003575,-46.4783185,,,,2,2023-06-18T12:24:45+00:00
SAO_2720-10,São Paulo,3550308,True,,33701,,,-23.5288095,-46.517675499999996,,,,2,2023-06-18T12:25:00+00:00
SAO_3069-10,São Paulo,3550308,True,,984,,,-23.605977,-46.417018999999996,,,,1,2023-06-18T12:24:53+00:00
SAO_3069-10,São Paulo,3550308,True,,984,,,-23.622627,-46.4464865,,,,1,2023-06-18T12:24:31+00:00
SAO_3069-10,São Paulo,3550308,True,,984,,,-23.6194855,-46.410685,,,,1,2023-06-18T12:24:49+00:00
SAO_3069-10,São Paulo,3550308,True,,984,,,-23.605977,-46.417018999999996,,,,1,2023-06-18T12:24:31+00:00
SAO_3069-10,São Paulo,3550308,True,,984,,,-23.605977,-46.417018999999996,,,,1,2023-06-18T12:24:26+00:00
SAO_2708-10,São Paulo,3550308,True,,33689,,,-23.5210395,-46.428237499999994,,,,2,2023-06-18T12:24:57+00:00
SAO_2708-10,São Paulo,3550308,True,,33689,,,-23.533179124999997,-46.40071425,,,,2,2023-06-18T12:24:59+00:00
SAO_2708-10,São Paulo,3550308,True,,33689,,,-23.542091999999997,-46.471656499999995,,,,2,2023-06-18T12:24:00+00:00
SAO_2009-10,São Paulo,3550308,True,,898,,,-23.5099475,-46.413949,,,,1,2023-06-18T12:25:03+00:00
SAO_2009-10,São Paulo,3550308,True,,898,,,-23.52812875,-46.41775825,,,,1,2023-06-18T12:24:42+00:00
SAO_736I-10,São Paulo,3550308,True,STT,781,https://moovitapp.com/index/pt-br/transporte_p%C3%BAblico-line-781-Sao_Paulo-242-850661-183349-0,5.3,-23.6422125,-46.711051,,,,1,2023-06-18T12:24:21+00:00
SAO_736I-10,São Paulo,3550308,True,STT,781,https://moovitapp.com/index/pt-br/transporte_p%C3%BAblico-line-781-Sao_Paulo-242-850661-183349-0,5.3,-23.64951875,-46.70788325,,,,1,2023-06-18T12:24:50+00:00
SAO_736I-10,São Paulo,3550308,True,STT,781,https://moovitapp.com/index/pt-br/transporte_p%C3%BAblico-line-781-Sao_Paulo-242-850661-183349-0,5.3,-23.634624,-46.752494999999996,,,,1,2023-06-18T12:24:23+00:00
SAO_6505-10,São Paulo,3550308,True,,1450,,,-23.666776125,-46.7219245,,,,1,2023-06-18T12:24:45+00:00
SAO_6505-10,São Paulo,3550308,True,,1450,,,-23.6156105,-46.679770000000005,,,,1,2023-06-18T12:25:09+00:00
SAO_7006-51,São Paulo,3550308,True,,1997,,,-23.741728000000002,-46.782376,,,,1,2023-06-18T12:24:49+00:00
SAO_7006-51,São Paulo,3550308,True,,1997,,,-23.718654,-46.7846245,,,,1,2023-06-18T12:24:25+00:00
SAO_7006-51,São Paulo,3550308,True,,1997,,,-23.6951705,-46.779768,,,,1,2023-06-18T12:25:07+00:00
SAO_7006-51,São Paulo,3550308,True,,1997,,,-23.661485499999998,-46.769889000000006,,,,1,2023-06-18T12:25:01+00:00
SAO_7006-51,São Paulo,3550308,True,,1997,,,-23.718654,-46.7846245,,,,1,2023-06-18T12:24:37+00:00
SAO_695D-10,São Paulo,3550308,True,EMTU,114,https://moovitapp.com/index/pt-br/transporte_p%C3%BAblico-line-114-Sao_Paulo-242-2038937-36419274-0,6.4,-23.64949675,-46.65648725,,,,1,2023-06-18T12:24:37+00:00
SAO_695D-10,São Paulo,3550308,True,EMTU,114,https://moovitapp.com/index/pt-br/transporte_p%C3%BAblico-line-114-Sao_Paulo-242-2038937-36419274-0,6.4,-23.7144975,-46.688649500000004,,,,1,2023-06-18T12:24:38+00:00
SAO_3787-10,São Paulo,3550308,True,,1612,,,-23.5423965,-46.469851,,,,1,2023-06-18T12:24:35+00:00
SAO_3787-10,São Paulo,3550308,True,,1612,,,-23.5952665,-46.4305515,,,,1,2023-06-18T12:24:47+00:00
SAO_3787-10,São Paulo,3550308,True,,1612,,,-23.5629695,-46.44609975,,,,1,2023-06-18T12:24:48+00:00
SAO_3787-10,São Paulo,3550308,True,,1612,,,-23.5629695,-46.44609975,,,,1,2023-06-18T12:24:25+00:00
SAO_3787-10,São Paulo,3550308,True,,1612,,,-23.563545,-46.446155,,,,1,2023-06-18T12:24:49+00:00
SAO_5129-41,São Paulo,3550308,True,,1974,,,-23.653242,-46.688984000000005,,,,1,2023-06-18T12:24:31+00:00
SAO_5129-41,São Paulo,3550308,True,,1974,,,-23.680734,-46.635801,,,,1,2023-06-18T12:24:45+00:00
SAO_675M-10,São Paulo,3550308,True,,32876,,,-23.723328000000002,-46.679848500000006,,,,2,2023-06-18T12:24:56+00:00
SAO_675M-10,São Paulo,3550308,True,,32876,,,-23.646105499999997,-46.6450805,,,,2,2023-06-18T12:24:56+00:00
SAO_8013-10,São Paulo,3550308,True,,33568,,,-23.4315405,-46.7867875,,,,2,2023-06-18T12:24:44+00:00
SAO_8013-10,São Paulo,3550308,True,,33568,,,-23.423811999999998,-46.788628,,,,2,2023-06-18T12:25:00+00:00
SAO_8013-10,São Paulo,3550308,True,,33568,,,-23.511011500000002,-46.7276125,,,,2,2023-06-18T12:24:23+00:00
SAO_8013-10,São Paulo,3550308,True,,33568,,,-23.423811999999998,-46.788628,,,,2,2023-06-18T12:24:50+00:00
SAO_3746-10,São Paulo,3550308,True,,33051,,,-23.542912,-46.588283000000004,,,,2,2023-06-18T12:24:30+00:00
SAO_3746-10,São Paulo,3550308,True,,33051,,,-23.542912,-46.588283000000004,,,,2,2023-06-18T12:24:39+00:00
SAO_3746-10,São Paulo,3550308,True,,33051,,,-23.542912,-46.588283000000004,,,,2,2023-06-18T12:24:24+00:00
SAO_3746-10,São Paulo,3550308,True,,33051,,,-23.594412499999997,-46.5029525,,,,2,2023-06-18T12:25:05+00:00
SAO_3746-10,São Paulo,3550308,True,,33051,,,-23.545913,-46.585528,,,,2,2023-06-18T12:25:00+00:00
SAO_3746-10,São Paulo,3550308,True,,33051,,,-23.542912,-46.588283000000004,,,,2,2023-06-18T12:24:28+00:00
SAO_3746-10,São Paulo,3550308,True,,33051,,,-23.542912,-46.588283000000004,,,,2,2023-06-18T12:24:33+00:00
SAO_3746-10,São Paulo,3550308,True,,33051,,,-23.542912,-46.588283000000004,,,,2,2023-06-18T12:24:26+00:00
SAO_3746-10,São Paulo,3550308,True,,33051,,,-23.542912,-46.588283000000004,,,,2,2023-06-18T12:24:41+00:00
SAO_3746-10,São Paulo,3550308,True,,33051,,,-23.542912,-46.588283000000004,,,,2,2023-06-18T12:25:02+00:00
SAO_3746-10,São Paulo,3550308,True,,33051,,,-23.542912,-46.588283000000004,,,,2,2023-06-18T12:24:24+00:00
SAO_3746-10,São Paulo,3550308,True,,33051,,,-23.542912,-46.588283000000004,,,,2,2023-06-18T12:25:02+00:00
SAO_3746-10,São Paulo,3550308,True,,33051,,,-23.542912,-46.588283000000004,,,,2,2023-06-18T12:24:41+00:00
SAO_745M-10,São Paulo,3550308,True,,782,,,-23.637383,-46.779483,,,,1,2023-06-18T12:24:43+00:00
SAO_745M-10,São Paulo,3550308,True,,782,,,-23.637383,-46.779483,,,,1,2023-06-18T12:24:34+00:00
SAO_407J-10,São Paulo,3550308,True,,34966,,,-23.543118999999997,-46.459731000000005,,,,2,2023-06-18T12:24:55+00:00
SAO_407J-10,São Paulo,3550308,True,,34966,,,-23.553976,-46.403709,,,,2,2023-06-18T12:24:26+00:00
SAO_407J-10,São Paulo,3550308,True,,34966,,,-23.540174999999998,-46.55162,,,,2,2023-06-18T12:24:51+00:00
SAO_107T-10,São Paulo,3550308,True,,621,,,-23.5659135,-46.702248499999996,,,,1,2023-06-18T12:24:31+00:00
SAO_107T-10,São Paulo,3550308,True,,621,,,-23.53534275,-46.63381575,,,,1,2023-06-18T12:24:46+00:00
SAO_3721-41,São Paulo,3550308,True,,1693,,,-23.549576000000002,-46.4854665,,,,1,2023-06-18T12:24:51+00:00
SAO_3721-41,São Paulo,3550308,True,,1693,,,-23.5636785,-46.5006755,,,,1,2023-06-18T12:25:06+00:00
SAO_3721-41,São Paulo,3550308,True,,1693,,,-23.5609155,-46.491575999999995,,,,1,2023-06-18T12:24:54+00:00
SAO_2008-10,São Paulo,3550308,True,,33665,,,-23.52118775,-46.38765975,,,,2,2023-06-18T12:25:02+00:00
SAO_2008-10,São Paulo,3550308,True,,33665,,,-23.5002655,-46.398849999999996,,,,2,2023-06-18T12:24:34+00:00
SAO_2008-10,São Paulo,3550308,True,,33665,,,-23.52114525,-46.38738525,,,,2,2023-06-18T12:24:36+00:00
SAO_407L-10,São Paulo,3550308,True,,34967,,,-23.564279,-46.4161295,,,,2,2023-06-18T12:24:36+00:00
SAO_407L-10,São Paulo,3550308,True,,34967,,,-23.5330665,-46.4816405,,,,2,2023-06-18T12:24:41+00:00
SAO_407L-10,São Paulo,3550308,True,,34967,,,-23.577301,-46.4161555,,,,2,2023-06-18T12:25:00+00:00
SAO_3736-10,São Paulo,3550308,True,,33804,,,-23.5758665,-46.4834185,,,,2,2023-06-18T12:25:03+00:00
SAO_3736-10,São Paulo,3550308,True,,33804,,,-23.5758665,-46.4834185,,,,2,2023-06-18T12:24:40+00:00
SAO_3736-10,São Paulo,3550308,True,,33804,,,-23.5761605,-46.48341425,,,,2,2023-06-18T12:24:40+00:00
SAO_3736-10,São Paulo,3550308,True,,33804,,,-23.556784,-46.4768775,,,,2,2023-06-18T12:24:29+00:00
SAO_702C-10,São Paulo,3550308,True,STT,485,https://moovitapp.com/index/pt-br/transporte_p%C3%BAblico-line-485-Sao_Paulo-242-850661-183324-0,5.3,-23.5508755,-46.632118500000004,,,,1,2023-06-18T12:25:02+00:00
SAO_702C-10,São Paulo,3550308,True,STT,485,https://moovitapp.com/index/pt-br/transporte_p%C3%BAblico-line-485-Sao_Paulo-242-850661-183324-0,5.3,-23.571778000000002,-46.7484685,,,,1,2023-06-18T12:24:48+00:00
SAO_702C-10,São Paulo,3550308,True,STT,485,https://moovitapp.com/index/pt-br/transporte_p%C3%BAblico-line-485-Sao_Paulo-242-850661-183324-0,5.3,-23.541931624999997,-46.595318125,,,,1,2023-06-18T12:24:39+00:00
SAO_702C-10,São Paulo,3550308,True,STT,485,https://moovitapp.com/index/pt-br/transporte_p%C3%BAblico-line-485-Sao_Paulo-242-850661-183324-0,5.3,-23.565954499999997,-46.750507999999996,,,,1,2023-06-18T12:24:56+00:00
SAO_857P-10,São Paulo,3550308,True,,1926,,,-23.5884455,-46.72766775,,,,1,2023-06-18T12:24:54+00:00
SAO_857P-10,São Paulo,3550308,True,,1926,,,-23.563342874999996,-46.654325625,,,,1,2023-06-18T12:25:04+00:00
SAO_857P-10,São Paulo,3550308,True,,1926,,,-23.6312955,-46.773033999999996,,,,1,2023-06-18T12:24:50+00:00
SAO_9047-10,São Paulo,3550308,True,,33651,,,-23.516917,-46.7029155,,,,2,2023-06-18T12:24:49+00:00
SAO_9047-10,São Paulo,3550308,True,,33651,,,-23.46455375,-46.70048225,,,,2,2023-06-18T12:25:04+00:00
SAO_9047-10,São Paulo,3550308,True,,33651,,,-23.4613235,-46.713106499999995,,,,2,2023-06-18T12:24:42+00:00
SAO_857C-10,São Paulo,3550308,True,,1901,,,-23.634392,-46.660537000000005,,,,1,2023-06-18T12:24:33+00:00
SAO_857C-10,São Paulo,3550308,True,,1901,,,-23.644928,-46.7187175,,,,1,2023-06-18T12:24:39+00:00
SAO_3033-10,São Paulo,3550308,True,,33736,,,-23.5664515,-46.4168935,,,,2,2023-06-18T12:24:47+00:00
SAO_3033-10,São Paulo,3550308,True,,33736,,,-23.554381499999998,-46.401443,,,,2,2023-06-18T12:24:31+00:00
SAO_3033-10,São Paulo,3550308,True,,33736,,,-23.554381,-46.4016475,,,,2,2023-06-18T12:24:55+00:00
SAO_3033-10,São Paulo,3550308,True,,33736,,,-23.5909925,-46.416906499999996,,,,2,2023-06-18T12:24:59+00:00
SAO_3033-10,São Paulo,3550308,True,,33736,,,-23.6002855,-46.469928499999995,,,,2,2023-06-18T12:24:29+00:00
SAO_2732-10,São Paulo,3550308,True,,947,,,-23.5361665,-46.474188,,,,1,2023-06-18T12:24:36+00:00
SAO_2732-10,São Paulo,3550308,True,,947,,,-23.540146,-46.4828645,,,,1,2023-06-18T12:25:01+00:00
SAO_2732-10,São Paulo,3550308,True,,947,,,-23.5402155,-46.483134,,,,1,2023-06-18T12:23:27+00:00
SAO_775F-31,São Paulo,3550308,True,,35256,,,-23.600318,-46.709047749999996,,,,2,2023-06-18T12:24:47+00:00
SAO_1178-10,São Paulo,3550308,True,,132,,,-23.49727,-46.4540775,,,,1,2023-06-18T12:24:54+00:00
SAO_1178-10,São Paulo,3550308,True,,132,,,-23.485153500000003,-46.48716925,,,,1,2023-06-18T12:24:33+00:00
SAO_1178-10,São Paulo,3550308,True,,132,,,-23.506871500000003,-46.5327905,,,,1,2023-06-18T12:24:45+00:00
SAO_1178-10,São Paulo,3550308,True,,132,,,-23.53562425,-46.63390525,,,,1,2023-06-18T12:24:39+00:00
SAO_5759-31,São Paulo,3550308,True,,33907,,,-23.6949545,-46.64853925,,,,2,2023-06-18T12:24:29+00:00
SAO_5759-31,São Paulo,3550308,True,,33907,,,-23.665928625,-46.657025125000004,,,,2,2023-06-18T12:24:58+00:00
SAO_2666-10,São Paulo,3550308,True,,33146,,,-23.518412250000004,-46.391846125,,,,2,2023-06-18T12:24:44+00:00
SAO_2666-10,São Paulo,3550308,True,,33146,,,-23.51828025,-46.3879975,,,,2,2023-06-18T12:25:01+00:00
SAO_2666-10,São Paulo,3550308,True,,33146,,,-23.546655,-46.630598,,,,2,2023-06-18T12:24:39+00:00
SAO_2666-10,São Paulo,3550308,True,,33146,,,-23.546655,-46.630598,,,,2,2023-06-18T12:24:56+00:00
SAO_2666-10,São Paulo,3550308,True,,33146,,,-23.546655,-46.630598,,,,2,2023-06-18T12:24:53+00:00
SAO_2666-10,São Paulo,3550308,True,,33146,,,-23.546655,-46.630598,,,,2,2023-06-18T12:24:34+00:00
SAO_2666-10,São Paulo,3550308,True,,33146,,,-23.546655,-46.630598,,,,2,2023-06-18T12:24:33+00:00
SAO_775N-10,São Paulo,3550308,True,,474,,,-23.55123175,-46.740238250000004,,,,1,2023-06-18T12:24:36+00:00
SAO_775N-10,São Paulo,3550308,True,,474,,,-23.549901937500003,-46.7388568125,,,,1,2023-06-18T12:24:57+00:00
SAO_775N-10,São Paulo,3550308,True,,474,,,-23.5540045,-46.7431435,,,,1,2023-06-18T12:24:53+00:00
SAO_775N-10,São Paulo,3550308,True,,474,,,-23.5502831875,-46.7392525625,,,,1,2023-06-18T12:25:01+00:00
SAO_775N-10,São Paulo,3550308,True,,474,,,-23.5776215,-46.765493000000006,,,,1,2023-06-18T12:25:08+00:00
SAO_775N-10,São Paulo,3550308,True,,474,,,-23.55123175,-46.740238250000004,,,,1,2023-06-18T12:24:30+00:00
SAO_775N-10,São Paulo,3550308,True,,474,,,-23.5508550625,-46.73984618750001,,,,1,2023-06-18T12:24:28+00:00
SAO_2718-10,São Paulo,3550308,True,,931,,,-23.495659,-46.507798,,,,1,2023-06-18T12:24:47+00:00
SAO_2718-10,São Paulo,3550308,True,,931,,,-23.502579750000002,-46.535161,,,,1,2023-06-18T12:25:09+00:00
SAO_938L-10,São Paulo,3550308,True,,1368,,,-23.51523,-46.696540999999996,,,,1,2023-06-18T12:24:34+00:00
SAO_938L-10,São Paulo,3550308,True,,1368,,,-23.475696,-46.670624000000004,,,,1,2023-06-18T12:24:51+00:00
SAO_6062-51,São Paulo,3550308,True,,34507,,,-23.741882,-46.6813055,,,,2,2023-06-18T12:25:07+00:00
SAO_6062-51,São Paulo,3550308,True,,34507,,,-23.7449645,-46.682214,,,,2,2023-06-18T12:25:06+00:00
SAO_3712-51,São Paulo,3550308,True,,2505,,,-23.542697,-46.4700195,,,,1,2023-06-18T12:24:42+00:00
SAO_2724-10,São Paulo,3550308,True,,33706,,,-23.539782000000002,-46.482977500000004,,,,2,2023-06-18T12:24:46+00:00
SAO_2724-10,São Paulo,3550308,True,,33706,,,-23.5399795,-46.4833685,,,,2,2023-06-18T12:24:52+00:00
SAO_775N-10,São Paulo,3550308,True,,33242,,,-23.54762425,-46.6902825,,,,2,2023-06-18T12:24:54+00:00
SAO_775N-10,São Paulo,3550308,True,,33242,,,-23.576906,-46.7658355,,,,2,2023-06-18T12:24:55+00:00
SAO_8610-10,São Paulo,3550308,True,,34831,,,-23.5728655,-46.689481625,,,,2,2023-06-18T12:25:06+00:00
SAO_8610-10,São Paulo,3550308,True,,34831,,,-23.5829375,-46.7722435,,,,2,2023-06-18T12:25:03+00:00
SAO_6046-10,São Paulo,3550308,True,,33991,,,-23.6843195,-46.781726500000005,,,,2,2023-06-18T12:24:39+00:00
SAO_6046-10,São Paulo,3550308,True,,33991,,,-23.645217000000002,-46.746117999999996,,,,2,2023-06-18T12:24:56+00:00
SAO_5178-10,São Paulo,3550308,True,,33363,,,-23.6769795,-46.641791,,,,2,2023-06-18T12:25:04+00:00
SAO_5178-10,São Paulo,3550308,True,,33363,,,-23.6822745,-46.6427635,,,,2,2023-06-18T12:18:41+00:00
SAO_5178-10,São Paulo,3550308,True,,33363,,,-23.603195999999997,-46.65162975,,,,2,2023-06-18T12:24:48+00:00
SAO_5178-10,São Paulo,3550308,True,,33363,,,-23.5634755,-46.6459355,,,,2,2023-06-18T12:24:59+00:00
SAO_5759-31,São Paulo,3550308,True,,1139,,,-23.642644,-46.6444975,,,,1,2023-06-18T12:24:39+00:00
SAO_5759-31,São Paulo,3550308,True,,1139,,,-23.6947445,-46.64808025,,,,1,2023-06-18T12:24:33+00:00
SAO_5759-31,São Paulo,3550308,True,,1139,,,-23.6950395,-46.6487305,,,,1,2023-06-18T12:24:54+00:00
SAO_6110-10,São Paulo,3550308,True,,33952,,,-23.7496505,-46.7097925,,,,2,2023-06-18T12:24:35+00:00
SAO_6110-10,São Paulo,3550308,True,,33952,,,-23.713037999999997,-46.698539999999994,,,,2,2023-06-18T12:24:58+00:00
SAO_6110-10,São Paulo,3550308,True,,33952,,,-23.75446125,-46.7099905,,,,2,2023-06-18T12:24:52+00:00
SAO_6012-10,São Paulo,3550308,True,,1204,,,-23.677541,-46.7615305,,,,1,2023-06-18T12:18:56+00:00
SAO_6012-10,São Paulo,3550308,True,,1204,,,-23.686436999999998,-46.7873475,,,,1,2023-06-18T12:24:33+00:00
SAO_6012-10,São Paulo,3550308,True,,1204,,,-23.686561,-46.7870745,,,,1,2023-06-18T12:24:44+00:00
SAO_5013-10,São Paulo,3550308,True,,33885,,,-23.685967499999997,-46.6334375,,,,2,2023-06-18T12:24:30+00:00
SAO_5013-10,São Paulo,3550308,True,,33885,,,-23.6742275,-46.663416999999995,,,,2,2023-06-18T12:24:45+00:00
SAO_5013-10,São Paulo,3550308,True,,33885,,,-23.688713999999997,-46.634859000000006,,,,2,2023-06-18T12:24:57+00:00
SAO_7060-10,São Paulo,3550308,True,,1889,,,-23.6854875,-46.801269500000004,,,,1,2023-06-18T12:24:34+00:00
SAO_775A-10,São Paulo,3550308,True,EMTU,473,https://moovitapp.com/index/pt-br/transporte_p%C3%BAblico-line-473-Sao_Paulo-242-2038937-36419509-0,7.55,-23.5626215,-46.764761,,,,1,2023-06-18T12:25:09+00:00
SAO_775A-10,São Paulo,3550308,True,EMTU,473,https://moovitapp.com/index/pt-br/transporte_p%C3%BAblico-line-473-Sao_Paulo-242-2038937-36419509-0,7.55,-23.572109,-46.706032750000006,,,,1,2023-06-18T12:24:32+00:00
SAO_6041-10,São Paulo,3550308,True,,33986,,,-23.684610749999997,-46.779183,,,,2,2023-06-18T12:24:29+00:00
SAO_6041-10,São Paulo,3550308,True,,33986,,,-23.650654000000003,-46.708045,,,,2,2023-06-18T12:24:59+00:00
SAO_6041-10,São Paulo,3550308,True,,33986,,,-23.6899145,-46.7808755,,,,2,2023-06-18T12:24:33+00:00
SAO_709A-10,São Paulo,3550308,True,,34860,,,-23.587387125,-46.635610125,,,,2,2023-06-18T12:23:04+00:00
SAO_709A-10,São Paulo,3550308,True,,34860,,,-23.597251,-46.691514999999995,,,,2,2023-06-18T12:24:40+00:00
SAO_5035-10,São Paulo,3550308,True,,34436,,,-23.629560249999997,-46.59009400000001,,,,2,2023-06-18T12:24:34+00:00
SAO_2725-10,São Paulo,3550308,True,,939,,,-23.5233365,-46.4725205,,,,1,2023-06-18T12:25:04+00:00
SAO_2725-10,São Paulo,3550308,True,,939,,,-23.50659,-46.4681085,,,,1,2023-06-18T12:24:35+00:00
SAO_2725-10,São Paulo,3550308,True,,939,,,-23.540045,-46.483149499999996,,,,1,2023-06-18T12:24:29+00:00
SAO_2725-10,São Paulo,3550308,True,,939,,,-23.540045,-46.483149499999996,,,,1,2023-06-18T12:25:07+00:00
SAO_2725-10,São Paulo,3550308,True,,939,,,-23.540045,-46.483149499999996,,,,1,2023-06-18T12:24:28+00:00
SAO_2725-10,São Paulo,3550308,True,,939,,,-23.540045,-46.483149499999996,,,,1,2023-06-18T12:24:51+00:00
SAO_2725-10,São Paulo,3550308,True,,939,,,-23.540045,-46.483149499999996,,,,1,2023-06-18T12:25:00+00:00
SAO_2725-10,São Paulo,3550308,True,,939,,,-23.540045,-46.483149499999996,,,,1,2023-06-18T12:24:23+00:00
SAO_8009-10,São Paulo,3550308,True,,1259,,,-23.4429185,-46.743376,,,,1,2023-06-18T12:24:51+00:00
SAO_6061-10,São Paulo,3550308,True,,33918,,,-23.7822775,-46.681824,,,,2,2023-06-18T12:25:03+00:00
SAO_6061-10,São Paulo,3550308,True,,33918,,,-23.762247000000002,-46.685666,,,,2,2023-06-18T12:24:54+00:00
SAO_702U-22,São Paulo,3550308,True,,2581,,,-23.572594000000002,-46.704263499999996,,,,1,2023-06-18T12:24:24+00:00
SAO_702U-22,São Paulo,3550308,True,,2581,,,-23.54766925,-46.643515,,,,1,2023-06-18T12:24:37+00:00
SAO_702U-22,São Paulo,3550308,True,,2581,,,-23.5468745,-46.630641499999996,,,,1,2023-06-18T12:24:59+00:00
SAO_172X-10,São Paulo,3550308,True,,33629,,,-23.504231249999997,-46.56582875,,,,2,2023-06-18T12:24:27+00:00
SAO_172X-10,São Paulo,3550308,True,,33629,,,-23.528109,-46.566323249999996,,,,2,2023-06-18T12:24:34+00:00
SAO_172X-10,São Paulo,3550308,True,,33629,,,-23.504231249999997,-46.56582875,,,,2,2023-06-18T12:24:41+00:00
SAO_172X-10,São Paulo,3550308,True,,33629,,,-23.5043195,-46.56510075,,,,2,2023-06-18T12:24:53+00:00
SAO_4732-10,São Paulo,3550308,True,Rápido Campinas,302,https://moovitapp.com/index/pt-br/transporte_p%C3%BAblico-line-302-Sao_Paulo-242-858660-23262913-0,5.3,-23.635531,-46.6062715,,,,1,2023-06-18T12:24:40+00:00
SAO_695X-10,São Paulo,3550308,True,,1441,,,-23.74805575,-46.70845224999999,,,,1,2023-06-18T12:24:58+00:00
SAO_695X-10,São Paulo,3550308,True,,1441,,,-23.6502655,-46.6774645,,,,1,2023-06-18T12:24:55+00:00
SAO_695X-10,São Paulo,3550308,True,,1441,,,-23.6456905,-46.65914775,,,,1,2023-06-18T12:24:58+00:00
SAO_695X-10,São Paulo,3550308,True,,1441,,,-23.706224875000004,-46.700448625,,,,1,2023-06-18T12:25:06+00:00
SAO_695X-10,São Paulo,3550308,True,,1441,,,-23.641551687499998,-46.65349306249999,,,,1,2023-06-18T12:25:01+00:00
SAO_695X-10,São Paulo,3550308,True,,1441,,,-23.738475,-46.700461000000004,,,,1,2023-06-18T12:25:05+00:00
SAO_695X-10,São Paulo,3550308,True,,1441,,,-23.647795000000002,-46.67543625,,,,1,2023-06-18T12:25:02+00:00
SAO_2731-10,São Paulo,3550308,True,,33714,,,-23.5282755,-46.4487675,,,,2,2023-06-18T12:24:55+00:00
SAO_2731-10,São Paulo,3550308,True,,33714,,,-23.518088249999998,-46.439505,,,,2,2023-06-18T12:21:57+00:00
SAO_5010-10,São Paulo,3550308,True,,1114,,,-23.63811975,-46.670555750000005,,,,1,2023-06-18T12:24:51+00:00
SAO_5010-10,São Paulo,3550308,True,,1114,,,-23.662217,-46.631516500000004,,,,1,2023-06-18T12:24:55+00:00
SAO_5010-10,São Paulo,3550308,True,,1114,,,-23.654705749999998,-46.70295675,,,,1,2023-06-18T12:24:31+00:00
SAO_875H-10,São Paulo,3550308,True,,1340,,,-23.5894045,-46.634211,,,,1,2023-06-18T12:24:48+00:00
SAO_875H-10,São Paulo,3550308,True,,1340,,,-23.531152,-46.6772245,,,,1,2023-06-18T12:25:06+00:00
SAO_7049-10,São Paulo,3550308,True,,34680,,,-23.711143749999998,-46.778219750000005,,,,2,2023-06-18T12:24:35+00:00
SAO_7049-10,São Paulo,3550308,True,,34680,,,-23.71138725,-46.77812725,,,,2,2023-06-18T12:24:59+00:00
SAO_7049-10,São Paulo,3550308,True,,34680,,,-23.676158,-46.773947500000006,,,,2,2023-06-18T12:24:35+00:00
SAO_7049-10,São Paulo,3550308,True,,34680,,,-23.71138725,-46.77812725,,,,2,2023-06-18T12:25:08+00:00
SAO_7049-10,São Paulo,3550308,True,,34680,,,-23.7115665,-46.7780305,,,,2,2023-06-18T12:24:27+00:00
SAO_7049-10,São Paulo,3550308,True,,34680,,,-23.7115665,-46.7780305,,,,2,2023-06-18T12:24:56+00:00
SAO_6L07-10,São Paulo,3550308,True,,1545,,,-23.7667025,-46.7163285,,,,1,2023-06-18T12:24:48+00:00
SAO_2201-10,São Paulo,3550308,True,,33677,,,-23.534090499999998,-46.398919500000005,,,,2,2023-06-18T12:24:05+00:00
SAO_2552-10,São Paulo,3550308,True,,32910,,,-23.48408225,-46.419157999999996,,,,2,2023-06-18T12:24:55+00:00
SAO_2552-10,São Paulo,3550308,True,,32910,,,-23.5465065,-46.6305435,,,,2,2023-06-18T12:24:35+00:00
SAO_2552-10,São Paulo,3550308,True,,32910,,,-23.535035,-46.581171999999995,,,,2,2023-06-18T12:24:45+00:00
SAO_2552-10,São Paulo,3550308,True,,32910,,,-23.523241,-46.534898,,,,2,2023-06-18T12:24:24+00:00
SAO_2552-10,São Paulo,3550308,True,,32910,,,-23.506295625,-46.47659375,,,,2,2023-06-18T12:25:05+00:00
SAO_2552-10,São Paulo,3550308,True,,32910,,,-23.53682375,-46.59018575,,,,2,2023-06-18T12:24:47+00:00
SAO_8700-10,São Paulo,3550308,True,,1877,,,-23.571202,-46.691386,,,,1,2023-06-18T12:25:09+00:00
SAO_8700-10,São Paulo,3550308,True,,1877,,,-23.6233355,-46.763734,,,,1,2023-06-18T12:24:56+00:00
SAO_8700-10,São Paulo,3550308,True,,1877,,,-23.6304685,-46.773606,,,,1,2023-06-18T12:24:46+00:00
SAO_8700-10,São Paulo,3550308,True,,1877,,,-23.547548,-46.647615,,,,1,2023-06-18T12:24:49+00:00
SAO_8700-10,São Paulo,3550308,True,,1877,,,-23.6304685,-46.773606,,,,1,2023-06-18T12:25:03+00:00
SAO_517J-10,São Paulo,3550308,True,,1129,,,-23.62399,-46.695368,,,,1,2023-06-18T12:24:54+00:00
SAO_517J-10,São Paulo,3550308,True,,1129,,,-23.6869285,-46.6593415,,,,1,2023-06-18T12:24:28+00:00
SAO_5178-10,São Paulo,3550308,True,,595,,,-23.647320999999998,-46.6706515,,,,1,2023-06-18T12:25:00+00:00
SAO_5178-10,São Paulo,3550308,True,,595,,,-23.566334125,-46.64822475,,,,1,2023-06-18T12:24:52+00:00
SAO_3739-10,São Paulo,3550308,True,,33807,,,-23.6177875,-46.416375,,,,2,2023-06-18T12:24:49+00:00
SAO_3739-10,São Paulo,3550308,True,,33807,,,-23.542668499999998,-46.471506500000004,,,,2,2023-06-18T12:24:54+00:00
SAO_3739-10,São Paulo,3550308,True,,33807,,,-23.577679500000002,-46.44357625000001,,,,2,2023-06-18T12:24:42+00:00
SAO_2704-10,São Paulo,3550308,True,,916,,,-23.5198535,-46.41966,,,,1,2023-06-18T12:24:25+00:00
SAO_2704-10,São Paulo,3550308,True,,916,,,-23.542569,-46.471864499999995,,,,1,2023-06-18T12:24:54+00:00
SAO_2704-10,São Paulo,3550308,True,,916,,,-23.526659000000002,-46.409887999999995,,,,1,2023-06-18T12:24:20+00:00
SAO_2704-10,São Paulo,3550308,True,,916,,,-23.512560999999998,-46.427344,,,,1,2023-06-18T12:25:03+00:00
SAO_2704-10,São Paulo,3550308,True,,916,,,-23.520766000000002,-46.4116485,,,,1,2023-06-18T12:24:52+00:00
SAO_6820-31,São Paulo,3550308,True,,34174,,,-23.6602495,-46.7684605,,,,2,2023-06-18T12:24:53+00:00
SAO_6118-10,São Paulo,3550308,True,,1188,,,-23.693003500000003,-46.701562249999995,,,,1,2023-06-18T12:24:57+00:00
SAO_746H-10,São Paulo,3550308,True,,33553,,,-23.593679,-46.7525775,,,,2,2023-06-18T12:25:01+00:00
SAO_746H-10,São Paulo,3550308,True,,33553,,,-23.593532,-46.7529005,,,,2,2023-06-18T12:24:36+00:00
SAO_746H-10,São Paulo,3550308,True,,33553,,,-23.5967445,-46.749624499999996,,,,2,2023-06-18T12:24:41+00:00
SAO_746H-10,São Paulo,3550308,True,,33553,,,-23.6438595,-46.731730999999996,,,,2,2023-06-18T12:25:05+00:00
SAO_746H-10,São Paulo,3550308,True,,33553,,,-23.605904000000002,-46.7252615,,,,2,2023-06-18T12:24:30+00:00
SAO_637P-10,São Paulo,3550308,True,,47,,,-23.566439,-46.7018475,,,,1,2023-06-18T12:24:38+00:00
SAO_637P-10,São Paulo,3550308,True,,47,,,-23.6475675,-46.70236475,,,,1,2023-06-18T12:24:49+00:00
SAO_637P-10,São Paulo,3550308,True,,47,,,-23.585621000000003,-46.670804000000004,,,,1,2023-06-18T12:25:09+00:00
SAO_1764-10,São Paulo,3550308,True,,33393,,,-23.4259,-46.581689,,,,2,2023-06-18T12:23:07+00:00
SAO_1764-10,São Paulo,3550308,True,,33393,,,-23.5028845,-46.6240365,,,,2,2023-06-18T12:24:52+00:00
SAO_1764-10,São Paulo,3550308,True,,33393,,,-23.477404999999997,-46.610292,,,,2,2023-06-18T12:24:14+00:00
SAO_4033-10,São Paulo,3550308,True,,1103,,,-23.5970655,-46.507269,,,,1,2023-06-18T12:25:03+00:00
SAO_4033-10,São Paulo,3550308,True,,1103,,,-23.6032955,-46.5422345,,,,1,2023-06-18T12:24:34+00:00
SAO_4727-10,São Paulo,3550308,True,Cidade de Caieiras,340,https://moovitapp.com/index/pt-br/transporte_p%C3%BAblico-line-340-Sao_Paulo-242-868761-101563062-0,5.0,-23.647874,-46.613088,,,,1,2023-06-18T12:24:31+00:00
SAO_5300-10,São Paulo,3550308,True,,33122,,,-23.60336625,-46.6620935,,,,2,2023-06-18T12:24:26+00:00
SAO_5300-10,São Paulo,3550308,True,,33122,,,-23.653841,-46.710967,,,,2,2023-06-18T12:24:28+00:00
SAO_5300-10,São Paulo,3550308,True,,33122,,,-23.5499225,-46.633976000000004,,,,2,2023-06-18T12:25:08+00:00
SAO_5300-10,São Paulo,3550308,True,,33122,,,-23.547731,-46.6300275,,,,2,2023-06-18T12:24:39+00:00
SAO_8686-21,São Paulo,3550308,True,,2485,,,-23.51843975,-46.708361499999995,,,,1,2023-06-18T12:24:52+00:00
SAO_8686-21,São Paulo,3550308,True,,2485,,,-23.5112205,-46.7274315,,,,1,2023-06-18T12:25:04+00:00
SAO_106A-10,São Paulo,3550308,True,,33284,,,-23.584215999999998,-46.67978325,,,,2,2023-06-18T12:24:34+00:00
SAO_106A-10,São Paulo,3550308,True,,33284,,,-23.5026995,-46.624219,,,,2,2023-06-18T12:24:45+00:00
SAO_675I-10,São Paulo,3550308,True,BR7 Mobilidade,68,https://moovitapp.com/index/pt-br/transporte_p%C3%BAblico-line-68-Sao_Paulo-242-851856-560661-0,5.75,-23.62733725,-46.64241725,,,,1,2023-06-18T12:24:55+00:00
SAO_675I-10,São Paulo,3550308,True,BR7 Mobilidade,68,https://moovitapp.com/index/pt-br/transporte_p%C3%BAblico-line-68-Sao_Paulo-242-851856-560661-0,5.75,-23.63189,-46.669307,,,,1,2023-06-18T12:24:56+00:00
SAO_675I-10,São Paulo,3550308,True,BR7 Mobilidade,68,https://moovitapp.com/index/pt-br/transporte_p%C3%BAblico-line-68-Sao_Paulo-242-851856-560661-0,5.75,-23.646128,-46.70930075,,,,1,2023-06-18T12:25:00+00:00
SAO_354M-10,São Paulo,3550308,True,,1619,,,-23.4917525,-46.4349545,,,,1,2023-06-18T12:25:06+00:00
SAO_354M-10,São Paulo,3550308,True,,1619,,,-23.530289500000002,-46.457,,,,1,2023-06-18T12:24:50+00:00
SAO_354M-10,São Paulo,3550308,True,,1619,,,-23.613302,-46.4764105,,,,1,2023-06-18T12:24:32+00:00
SAO_2732-10,São Paulo,3550308,True,,33715,,,-23.536119,-46.467433,,,,2,2023-06-18T12:24:56+00:00
SAO_2732-10,São Paulo,3550308,True,,33715,,,-23.529743,-46.45955,,,,2,2023-06-18T12:24:34+00:00
SAO_2732-10,São Paulo,3550308,True,,33715,,,-23.539995499999996,-46.482319125,,,,2,2023-06-18T12:24:23+00:00
SAO_2766-10,São Paulo,3550308,True,EMTU,405,https://moovitapp.com/index/pt-br/transporte_p%C3%BAblico-line-405-Sao_Paulo-242-2038937-36419467-0,5.35,-23.5143645,-46.3904365,,,,1,2023-06-18T12:24:54+00:00
SAO_2766-10,São Paulo,3550308,True,EMTU,405,https://moovitapp.com/index/pt-br/transporte_p%C3%BAblico-line-405-Sao_Paulo-242-2038937-36419467-0,5.35,-23.495133,-46.44280775,,,,1,2023-06-18T12:24:38+00:00
SAO_2766-10,São Paulo,3550308,True,EMTU,405,https://moovitapp.com/index/pt-br/transporte_p%C3%BAblico-line-405-Sao_Paulo-242-2038937-36419467-0,5.35,-23.5425775,-46.4719335,,,,1,2023-06-18T12:24:41+00:00
SAO_3725-41,São Paulo,3550308,True,,34299,,,-23.5327405,-46.530938500000005,,,,2,2023-06-18T12:21:05+00:00
SAO_3725-41,São Paulo,3550308,True,,34299,,,-23.540849,-46.52766,,,,2,2023-06-18T12:24:34+00:00
SAO_574J-10,São Paulo,3550308,True,,34453,,,-23.636083499999998,-46.641462,,,,2,2023-06-18T12:25:04+00:00
SAO_574J-10,São Paulo,3550308,True,,34453,,,-23.616961,-46.601735500000004,,,,2,2023-06-18T12:25:01+00:00
SAO_574J-10,São Paulo,3550308,True,,34453,,,-23.57049025,-46.52893075,,,,2,2023-06-18T12:24:26+00:00
SAO_574J-10,São Paulo,3550308,True,,34453,,,-23.636083499999998,-46.641462,,,,2,2023-06-18T12:24:46+00:00
SAO_574J-10,São Paulo,3550308,True,,34453,,,-23.5814345,-46.586363500000004,,,,2,2023-06-18T12:25:03+00:00
SAO_7004-10,São Paulo,3550308,True,,34760,,,-23.729601000000002,-46.7859905,,,,2,2023-06-18T12:24:55+00:00
SAO_7004-10,São Paulo,3550308,True,,34760,,,-23.686505,-46.770951,,,,2,2023-06-18T12:25:01+00:00
SAO_7004-10,São Paulo,3550308,True,,34760,,,-23.7317975,-46.7861475,,,,2,2023-06-18T12:24:50+00:00
SAO_7004-10,São Paulo,3550308,True,,34760,,,-23.742814499999998,-46.80108325,,,,2,2023-06-18T12:24:45+00:00
SAO_7004-10,São Paulo,3550308,True,,34760,,,-23.7305335,-46.7858295,,,,2,2023-06-18T12:24:58+00:00
SAO_7004-10,São Paulo,3550308,True,,34760,,,-23.731476999999998,-46.7859925,,,,2,2023-06-18T12:24:37+00:00
SAO_7004-10,São Paulo,3550308,True,,34760,,,-23.6853285,-46.7484295,,,,2,2023-06-18T12:24:55+00:00
SAO_7004-10,São Paulo,3550308,True,,34760,,,-23.7304065,-46.785836,,,,2,2023-06-18T12:24:36+00:00
SAO_7004-10,São Paulo,3550308,True,,34760,,,-23.731476999999998,-46.7859925,,,,2,2023-06-18T12:24:39+00:00
SAO_8300-10,São Paulo,3550308,True,,34032,,,-23.5168675,-46.6987555,,,,2,2023-06-18T12:24:56+00:00
SAO_8300-10,São Paulo,3550308,True,,34032,,,-23.485637500000003,-46.7260535,,,,2,2023-06-18T12:24:30+00:00
SAO_1759-10,São Paulo,3550308,True,,33321,,,-23.462498500000002,-46.659318999999996,,,,2,2023-06-18T12:24:33+00:00
SAO_1759-10,São Paulo,3550308,True,,33321,,,-23.494509,-46.6272795,,,,2,2023-06-18T12:24:47+00:00
SAO_7040-10,São Paulo,3550308,True,,776,,,-23.565663,-46.693863500000006,,,,1,2023-06-18T12:24:38+00:00
SAO_7040-10,São Paulo,3550308,True,,776,,,-23.614493,-46.7212955,,,,1,2023-06-18T12:24:33+00:00
SAO_7040-10,São Paulo,3550308,True,,776,,,-23.5862645,-46.6976215,,,,1,2023-06-18T12:24:38+00:00
SAO_407F-10,São Paulo,3550308,True,,2167,,,-23.60136275,-46.483574250000004,,,,1,2023-06-18T12:25:01+00:00
SAO_407F-10,São Paulo,3550308,True,,2167,,,-23.545283749999996,-46.590345625,,,,1,2023-06-18T12:25:04+00:00
SAO_407F-10,São Paulo,3550308,True,,2167,,,-23.54278,-46.591201999999996,,,,1,2023-06-18T12:24:45+00:00
SAO_407F-10,São Paulo,3550308,True,,2167,,,-23.56305875,-46.549729,,,,1,2023-06-18T12:24:28+00:00
SAO_8545-10,São Paulo,3550308,True,,1364,,,-23.464636499999997,-46.6953265,,,,1,2023-06-18T12:23:17+00:00
SAO_8545-10,São Paulo,3550308,True,,1364,,,-23.523787875,-46.701026125,,,,1,2023-06-18T12:24:56+00:00
SAO_3743-10,São Paulo,3550308,True,,33811,,,-23.580129,-46.4872175,,,,2,2023-06-18T12:25:01+00:00
SAO_3743-10,São Paulo,3550308,True,,33811,,,-23.609576250000003,-46.4755425,,,,2,2023-06-18T12:24:36+00:00
SAO_3743-10,São Paulo,3550308,True,,33811,,,-23.5431735,-46.470553499999994,,,,2,2023-06-18T12:24:28+00:00
SAO_5111-10,São Paulo,3550308,True,,48,,,-23.5523655,-46.637201000000005,,,,1,2023-06-18T12:24:57+00:00
SAO_5111-10,São Paulo,3550308,True,,48,,,-23.6542935,-46.7114185,,,,1,2023-06-18T12:24:34+00:00
SAO_5111-10,São Paulo,3550308,True,,48,,,-23.59324375,-46.672788,,,,1,2023-06-18T12:24:49+00:00
SAO_5111-10,São Paulo,3550308,True,,48,,,-23.625344,-46.68655375,,,,1,2023-06-18T12:25:02+00:00
SAO_6083-10,São Paulo,3550308,True,,34501,,,-23.749999000000003,-46.6879225,,,,2,2023-06-18T12:25:08+00:00
SAO_2031-10,São Paulo,3550308,True,EMTU,367,https://moovitapp.com/index/pt-br/transporte_p%C3%BAblico-line-367-Sao_Paulo-242-2038937-36419446-0,4.9,-23.518956000000003,-46.474101000000005,,,,1,2023-06-18T12:25:08+00:00
SAO_1773-10,São Paulo,3550308,True,,33405,,,-23.436823500000003,-46.566249,,,,2,2023-06-18T12:25:02+00:00
SAO_6451-10,São Paulo,3550308,True,,61,,,-23.56725,-46.6591068125,,,,1,2023-06-18T12:25:04+00:00
SAO_6451-10,São Paulo,3550308,True,,61,,,-23.6260415,-46.7095495,,,,1,2023-06-18T12:24:40+00:00
SAO_6451-10,São Paulo,3550308,True,,61,,,-23.643456999999998,-46.7356385,,,,1,2023-06-18T12:24:44+00:00
SAO_6451-10,São Paulo,3550308,True,,61,,,-23.580623499999998,-46.6803575,,,,1,2023-06-18T12:25:06+00:00
SAO_5026-10,São Paulo,3550308,True,,34403,,,-23.609738999999998,-46.4993615,,,,2,2023-06-18T12:24:51+00:00
SAO_3046-10,São Paulo,3550308,True,,33739,,,-23.5795625,-46.525234999999995,,,,2,2023-06-18T12:24:55+00:00
SAO_3046-10,São Paulo,3550308,True,,33739,,,-23.5795625,-46.525234999999995,,,,2,2023-06-18T12:24:35+00:00
SAO_3046-10,São Paulo,3550308,True,,33739,,,-23.574405249999998,-46.556079249999996,,,,2,2023-06-18T12:24:40+00:00
SAO_3046-10,São Paulo,3550308,True,,33739,,,-23.554804750000002,-46.57485925,,,,2,2023-06-18T12:24:52+00:00
SAO_9191-10,São Paulo,3550308,True,,33578,,,-23.527587500000003,-46.633492125000004,,,,2,2023-06-18T12:24:48+00:00
SAO_9191-10,São Paulo,3550308,True,,33578,,,-23.50524975,-46.67300725,,,,2,2023-06-18T12:25:06+00:00
SAO_9191-10,São Paulo,3550308,True,,33578,,,-23.50397675,-46.6840085,,,,2,2023-06-18T12:25:06+00:00
SAO_9191-10,São Paulo,3550308,True,,33578,,,-23.456177500000003,-46.678882,,,,2,2023-06-18T12:24:44+00:00
SAO_8013-10,São Paulo,3550308,True,,800,,,-23.431413,-46.7872125,,,,1,2023-06-18T12:24:49+00:00
SAO_8013-10,São Paulo,3550308,True,,800,,,-23.431413,-46.7872125,,,,1,2023-06-18T12:24:57+00:00
SAO_8013-10,São Paulo,3550308,True,,800,,,-23.525233125,-46.71046925,,,,1,2023-06-18T12:24:15+00:00
SAO_8013-10,São Paulo,3550308,True,,800,,,-23.47255,-46.7763635,,,,1,2023-06-18T12:24:30+00:00
SAO_3763-10,São Paulo,3550308,True,,33822,,,-23.540888000000002,-46.576099,,,,2,2023-06-18T12:24:40+00:00
SAO_3763-10,São Paulo,3550308,True,,33822,,,-23.5484025,-46.5639475,,,,2,2023-06-18T12:22:37+00:00
SAO_3763-10,São Paulo,3550308,True,,33822,,,-23.561636749999998,-46.532497,,,,2,2023-06-18T12:24:36+00:00
SAO_273D-10,São Paulo,3550308,True,,32990,,,-23.521214999999998,-46.41099,,,,2,2023-06-18T12:24:53+00:00
SAO_273D-10,São Paulo,3550308,True,,32990,,,-23.5396435,-46.483474,,,,2,2023-06-18T12:25:01+00:00
SAO_273D-10,São Paulo,3550308,True,,32990,,,-23.494093,-46.420404250000004,,,,2,2023-06-18T12:24:50+00:00
SAO_3462-10,São Paulo,3550308,True,EMTU,247,https://moovitapp.com/index/pt-br/transporte_p%C3%BAblico-line-247-Sao_Paulo-242-2038937-36419359-0,6.55,-23.533686875,-46.490927125,,,,1,2023-06-18T12:25:05+00:00
SAO_771P-10,São Paulo,3550308,True,EMTU,506,https://moovitapp.com/index/pt-br/transporte_p%C3%BAblico-line-506-Sao_Paulo-242-2038937-36419528-0,5.65,-23.5857325,-46.7615905,,,,1,2023-06-18T12:24:59+00:00
SAO_2007-10,São Paulo,3550308,True,,33664,,,-23.51040125,-46.3759175,,,,2,2023-06-18T12:24:27+00:00
SAO_2007-10,São Paulo,3550308,True,,33664,,,-23.5095785,-46.37041775,,,,2,2023-06-18T12:24:18+00:00
SAO_2007-10,São Paulo,3550308,True,,33664,,,-23.5083085,-46.372563,,,,2,2023-06-18T12:24:20+00:00
SAO_2007-10,São Paulo,3550308,True,,33664,,,-23.510008749999997,-46.3703235,,,,2,2023-06-18T12:21:14+00:00
SAO_938C-21,São Paulo,3550308,True,,33355,,,-23.481085,-46.724149,,,,2,2023-06-18T12:24:57+00:00
SAO_3902-10,São Paulo,3550308,True,,34238,,,-23.536042625,-46.403811125000004,,,,2,2023-06-18T12:24:42+00:00
SAO_172J-10,São Paulo,3550308,True,,856,,,-23.515564249999997,-46.587599999999995,,,,1,2023-06-18T12:24:30+00:00
SAO_1177-10,São Paulo,3550308,True,,129,,,-23.53148125,-46.632570125,,,,1,2023-06-18T12:24:31+00:00
SAO_1177-10,São Paulo,3550308,True,,129,,,-23.5202115,-46.548142625,,,,1,2023-06-18T12:24:35+00:00
SAO_4027-41,São Paulo,3550308,True,,2309,,,-23.6135425,-46.471743000000004,,,,1,2023-06-18T12:24:43+00:00
SAO_211V-10,São Paulo,3550308,True,EMTU,154,https://moovitapp.com/index/pt-br/transporte_p%C3%BAblico-line-154-Sao_Paulo-242-2038937-36419300-0,6.8,-23.491113,-46.479926,,,,1,2023-06-18T12:25:08+00:00
SAO_211V-10,São Paulo,3550308,True,EMTU,154,https://moovitapp.com/index/pt-br/transporte_p%C3%BAblico-line-154-Sao_Paulo-242-2038937-36419300-0,6.8,-23.4948955,-46.4699295,,,,1,2023-06-18T12:24:56+00:00
SAO_6010-10,São Paulo,3550308,True,,1202,,,-23.6656295,-46.747755,,,,1,2023-06-18T12:24:56+00:00
SAO_6010-10,São Paulo,3550308,False,,1202,,,-23.693805,-46.7944445,,,,1,2023-06-18T12:24:43+00:00
SAO_6010-10,São Paulo,3550308,True,,1202,,,-23.6677575,-46.7351975,,,,1,2023-06-18T12:25:08+00:00
SAO_6010-10,São Paulo,3550308,True,,1202,,,-23.664255500000003,-46.78220875,,,,1,2023-06-18T12:24:54+00:00
SAO_675K-10,São Paulo,3550308,True,,32966,,,-23.6901525,-46.774198999999996,,,,2,2023-06-18T12:24:36+00:00
SAO_675K-10,São Paulo,3550308,True,,32966,,,-23.598320875,-46.643897249999995,,,,2,2023-06-18T12:25:03+00:00
SAO_675K-10,São Paulo,3550308,True,,32966,,,-23.6657155,-46.712301499999995,,,,2,2023-06-18T12:24:42+00:00
SAO_675K-10,São Paulo,3550308,True,,32966,,,-23.688845375,-46.77301675,,,,2,2023-06-18T12:24:29+00:00
SAO_675K-10,São Paulo,3550308,True,,32966,,,-23.669655,-46.7366765,,,,2,2023-06-18T12:25:09+00:00
SAO_675K-10,São Paulo,3550308,True,,32966,,,-23.609473125,-46.667825625,,,,2,2023-06-18T12:24:42+00:00
SAO_675K-10,São Paulo,3550308,True,,32966,,,-23.689751,-46.773829500000005,,,,2,2023-06-18T12:24:47+00:00
SAO_675K-10,São Paulo,3550308,True,,32966,,,-23.600362625000002,-46.659273,,,,2,2023-06-18T12:24:47+00:00
SAO_4732-31,São Paulo,3550308,True,,2127,,,-23.6323925,-46.61118075,,,,1,2023-06-18T12:24:43+00:00
SAO_4732-31,São Paulo,3550308,True,,2127,,,-23.6476485,-46.600239,,,,1,2023-06-18T12:24:54+00:00
SAO_3739-10,São Paulo,3550308,True,,1039,,,-23.5632265,-46.44612325,,,,1,2023-06-18T12:24:25+00:00
SAO_3739-10,São Paulo,3550308,True,,1039,,,-23.611822,-46.416231499999995,,,,1,2023-06-18T12:24:48+00:00
SAO_3739-10,São Paulo,3550308,True,,1039,,,-23.617002,-46.417094000000006,,,,1,2023-06-18T12:24:31+00:00
SAO_3739-10,São Paulo,3550308,True,,1039,,,-23.578357500000003,-46.4430785,,,,1,2023-06-18T12:24:53+00:00
SAO_119C-10,São Paulo,3550308,True,,661,,,-23.51425575,-46.607444375,,,,1,2023-06-18T12:24:24+00:00
SAO_971T-10,São Paulo,3550308,True,,618,,,-23.4861335,-46.662163,,,,1,2023-06-18T12:25:06+00:00
SAO_524L-10,São Paulo,3550308,True,,1715,,,-23.553709124999997,-46.563193125000005,,,,1,2023-06-18T12:24:45+00:00
SAO_524L-10,São Paulo,3550308,True,,1715,,,-23.54147175,-46.573660249999996,,,,1,2023-06-18T12:24:48+00:00
SAO_3023-10,São Paulo,3550308,True,Urubupungá,960,https://moovitapp.com/index/pt-br/transporte_p%C3%BAblico-line-960-Sao_Paulo-242-873835-31663702-0,4.6,-23.629782499999997,-46.470341000000005,,,,1,2023-06-18T12:24:50+00:00
SAO_3023-10,São Paulo,3550308,True,Urubupungá,960,https://moovitapp.com/index/pt-br/transporte_p%C3%BAblico-line-960-Sao_Paulo-242-873835-31663702-0,4.6,-23.587206,-46.49083125,,,,1,2023-06-18T12:24:25+00:00
SAO_8009-31,São Paulo,3550308,True,,1260,,,-23.485884499999997,-46.728099,,,,1,2023-06-18T12:25:00+00:00
SAO_8009-31,São Paulo,3550308,True,,1260,,,-23.445770375000002,-46.747998749999994,,,,1,2023-06-18T12:24:43+00:00
SAO_2028-10,São Paulo,3550308,True,,2263,,,-23.4339305,-46.5714275,,,,1,2023-06-18T12:25:02+00:00
SAO_5028-10,São Paulo,3550308,True,,34402,,,-23.6108005,-46.580852500000006,,,,2,2023-06-18T12:24:32+00:00
SAO_5028-10,São Paulo,3550308,True,,34402,,,-23.5989325,-46.5991605,,,,2,2023-06-18T12:24:57+00:00
SAO_5175-10,São Paulo,3550308,True,,593,,,-23.580157999999997,-46.660097,,,,1,2023-06-18T12:24:33+00:00
SAO_5175-10,São Paulo,3550308,True,,593,,,-23.68346525,-46.64500700000001,,,,1,2023-06-18T12:23:31+00:00
SAO_5175-10,São Paulo,3550308,True,,593,,,-23.632234750000002,-46.66906075,,,,1,2023-06-18T12:24:52+00:00
SAO_546J-10,São Paulo,3550308,True,,1133,,,-23.662496,-46.692569500000005,,,,1,2023-06-18T12:25:05+00:00
SAO_6913-10,São Paulo,3550308,True,,1465,,,-23.676349000000002,-46.712336750000006,,,,1,2023-06-18T12:25:01+00:00
SAO_6913-10,São Paulo,3550308,True,,1465,,,-23.71390975,-46.70830825,,,,1,2023-06-18T12:24:49+00:00
SAO_6913-10,São Paulo,3550308,True,,1465,,,-23.739612,-46.701891,,,,1,2023-06-18T12:24:53+00:00
SAO_6913-10,São Paulo,3550308,True,,1465,,,-23.603063,-46.6745145,,,,1,2023-06-18T12:24:51+00:00
SAO_971C-10,São Paulo,3550308,True,,571,,,-23.44821525,-46.71046025,,,,1,2023-06-18T12:24:49+00:00
SAO_971C-10,São Paulo,3550308,True,,571,,,-23.459084,-46.687360999999996,,,,1,2023-06-18T12:24:29+00:00
SAO_971C-10,São Paulo,3550308,True,,571,,,-23.498261499999998,-46.6397045,,,,1,2023-06-18T12:24:35+00:00
SAO_971C-10,São Paulo,3550308,True,,571,,,-23.439640500000003,-46.708388,,,,1,2023-06-18T12:24:43+00:00
SAO_477P-10,São Paulo,3550308,True,,33116,,,-23.571889499999997,-46.7018485,,,,2,2023-06-18T12:24:46+00:00
SAO_477P-10,São Paulo,3550308,True,,33116,,,-23.576428,-46.68752175,,,,2,2023-06-18T12:24:44+00:00
SAO_2719-10,São Paulo,3550308,True,,932,,,-23.531444999999998,-46.5293925,,,,1,2023-06-18T12:24:28+00:00
SAO_2719-10,São Paulo,3550308,True,,932,,,-23.4929675,-46.4808005,,,,1,2023-06-18T12:24:58+00:00
SAO_2719-10,São Paulo,3550308,True,,932,,,-23.515363,-46.52040099999999,,,,1,2023-06-18T12:25:06+00:00
SAO_6057-10,São Paulo,3550308,True,,1148,,,-23.755853375,-46.708646,,,,1,2023-06-18T12:24:54+00:00
SAO_6057-10,São Paulo,3550308,True,,1148,,,-23.737344,-46.697708500000005,,,,1,2023-06-18T12:24:57+00:00
SAO_6057-10,São Paulo,3550308,True,,1148,,,-23.766551999999997,-46.7091615,,,,1,2023-06-18T12:25:10+00:00
SAO_342N-10,São Paulo,3550308,True,,33771,,,-23.543305375,-46.423442625,,,,2,2023-06-18T12:24:54+00:00
SAO_342N-10,São Paulo,3550308,True,,33771,,,-23.5629515,-46.3946025,,,,2,2023-06-18T12:24:55+00:00
SAO_2002-10,São Paulo,3550308,True,STT,711,https://moovitapp.com/index/pt-br/transporte_p%C3%BAblico-line-711-Sao_Paulo-242-850661-183340-0,5.3,-23.54997325,-46.640829,,,,1,2023-06-18T12:25:06+00:00
SAO_2002-10,São Paulo,3550308,True,STT,711,https://moovitapp.com/index/pt-br/transporte_p%C3%BAblico-line-711-Sao_Paulo-242-850661-183340-0,5.3,-23.546547124999996,-46.637947499999996,,,,1,2023-06-18T12:24:36+00:00
SAO_312N-10,São Paulo,3550308,True,,33758,,,-23.496401499999997,-46.4112075,,,,2,2023-06-18T12:24:57+00:00
SAO_312N-10,São Paulo,3550308,True,,33758,,,-23.5605125,-46.408397,,,,2,2023-06-18T12:24:30+00:00
SAO_312N-10,São Paulo,3550308,True,,33758,,,-23.491016,-46.441969,,,,2,2023-06-18T12:24:26+00:00
SAO_1767-10,São Paulo,3550308,True,,33396,,,-23.468732125000002,-46.578811875,,,,2,2023-06-18T12:22:45+00:00
SAO_2201-10,São Paulo,3550308,True,,909,,,-23.5324795,-46.3946915,,,,1,2023-06-18T12:24:57+00:00
SAO_2201-10,São Paulo,3550308,True,,909,,,-23.5344805,-46.4000855,,,,1,2023-06-18T12:24:20+00:00
SAO_5752-10,São Paulo,3550308,True,,1287,,,-23.676828,-46.65915525,,,,1,2023-06-18T12:25:07+00:00
SAO_5752-10,São Paulo,3550308,True,,1287,,,-23.6488865,-46.646154499999994,,,,1,2023-06-18T12:25:02+00:00
SAO_5752-10,São Paulo,3550308,True,,34055,,,-23.690883999999997,-46.6502995,,,,2,2023-06-18T12:24:47+00:00
SAO_5752-10,São Paulo,3550308,True,,34055,,,-23.658933,-46.65658225,,,,2,2023-06-18T12:24:51+00:00
SAO_5752-10,São Paulo,3550308,True,,34055,,,-23.690883999999997,-46.6502995,,,,2,2023-06-18T12:25:08+00:00
SAO_6063-41,São Paulo,3550308,True,,34541,,,-23.787596999999998,-46.679432,,,,2,2023-06-18T12:24:37+00:00
SAO_6063-41,São Paulo,3550308,True,,34541,,,-23.787551999999998,-46.679802,,,,2,2023-06-18T12:24:35+00:00
SAO_6063-41,São Paulo,3550308,True,,34541,,,-23.787596999999998,-46.679432,,,,2,2023-06-18T12:24:58+00:00
SAO_6063-41,São Paulo,3550308,True,,34541,,,-23.787596999999998,-46.679432,,,,2,2023-06-18T12:25:03+00:00
SAO_6063-41,São Paulo,3550308,True,,34541,,,-23.787596999999998,-46.679432,,,,2,2023-06-18T12:24:47+00:00
SAO_6063-41,São Paulo,3550308,True,,34541,,,-23.787596999999998,-46.679432,,,,2,2023-06-18T12:24:51+00:00
SAO_6063-41,São Paulo,3550308,True,,34541,,,-23.766788,-46.716197,,,,2,2023-06-18T12:25:04+00:00
SAO_373L-10,São Paulo,3550308,True,,33795,,,-23.542361,-46.4705955,,,,2,2023-06-18T12:25:00+00:00
SAO_373L-10,São Paulo,3550308,True,,33795,,,-23.609823249999998,-46.4260955,,,,2,2023-06-18T12:24:59+00:00
SAO_807A-10,São Paulo,3550308,True,,1900,,,-23.630661,-46.773396000000005,,,,1,2023-06-18T12:24:51+00:00
SAO_807A-10,São Paulo,3550308,True,,1900,,,-23.643682,-46.7423945,,,,1,2023-06-18T12:25:10+00:00
SAO_647P-10,São Paulo,3550308,True,,34084,,,-23.674748,-46.78398249999999,,,,2,2023-06-18T12:24:49+00:00
SAO_647P-10,São Paulo,3550308,True,,34084,,,-23.567515,-46.69430799999999,,,,2,2023-06-18T12:24:34+00:00
SAO_647P-10,São Paulo,3550308,True,,34084,,,-23.598654500000002,-46.72051999999999,,,,2,2023-06-18T12:24:57+00:00
SAO_647P-10,São Paulo,3550308,True,,34084,,,-23.6612605,-46.748577,,,,2,2023-06-18T12:24:57+00:00
SAO_6000-10,São Paulo,3550308,True,,1140,,,-23.786246499999997,-46.726106,,,,1,2023-06-18T12:25:00+00:00
SAO_6000-10,São Paulo,3550308,True,,1140,,,-23.653879,-46.7107595,,,,1,2023-06-18T12:24:51+00:00
SAO_6000-10,São Paulo,3550308,True,,1140,,,-23.654213,-46.710369,,,,1,2023-06-18T12:25:07+00:00
SAO_6000-10,São Paulo,3550308,True,,1140,,,-23.8274105,-46.7273075,,,,1,2023-06-18T12:25:02+00:00
SAO_6000-10,São Paulo,3550308,True,,1140,,,-23.74073,-46.70446725,,,,1,2023-06-18T12:24:56+00:00
SAO_6000-10,São Paulo,3550308,True,,1140,,,-23.7018405,-46.7149765,,,,1,2023-06-18T12:24:54+00:00
SAO_975A-10,São Paulo,3550308,True,,33357,,,-23.53528825,-46.6663375,,,,2,2023-06-18T12:25:02+00:00
SAO_975A-10,São Paulo,3550308,True,,33357,,,-23.468571,-46.6963775,,,,2,2023-06-18T12:24:30+00:00
SAO_6801-10,São Paulo,3550308,True,,32773,,,-23.660584,-46.7336095,,,,2,2023-06-18T12:25:02+00:00
SAO_9011-21,São Paulo,3550308,True,,1768,,,-23.4383895,-46.737642,,,,1,2023-06-18T12:24:23+00:00
SAO_9011-21,São Paulo,3550308,True,,1768,,,-23.4547945,-46.738510500000004,,,,1,2023-06-18T12:24:47+00:00
SAO_9011-21,São Paulo,3550308,True,,1768,,,-23.4547945,-46.738510500000004,,,,1,2023-06-18T12:24:33+00:00
SAO_9011-21,São Paulo,3550308,True,,1768,,,-23.4547945,-46.738510500000004,,,,1,2023-06-18T12:24:45+00:00
SAO_9011-21,São Paulo,3550308,True,,1768,,,-23.4547945,-46.738510500000004,,,,1,2023-06-18T12:24:39+00:00
SAO_9011-21,São Paulo,3550308,True,,1768,,,-23.4547945,-46.738510500000004,,,,1,2023-06-18T12:24:57+00:00
SAO_407P-10,São Paulo,3550308,True,,34968,,,-23.5430565,-46.410168999999996,,,,2,2023-06-18T12:24:55+00:00
SAO_407P-10,São Paulo,3550308,True,,34968,,,-23.535881500000002,-46.489933,,,,2,2023-06-18T12:25:05+00:00
SAO_407P-10,São Paulo,3550308,True,,34968,,,-23.583091000000003,-46.4080965,,,,2,2023-06-18T12:24:24+00:00
SAO_179X-10,São Paulo,3550308,True,,33448,,,-23.432761749999997,-46.57149675,,,,2,2023-06-18T12:24:30+00:00
SAO_179X-10,São Paulo,3550308,True,,33448,,,-23.463746999999998,-46.584537499999996,,,,2,2023-06-18T12:24:30+00:00
SAO_179X-10,São Paulo,3550308,True,,33448,,,-23.526135,-46.668659500000004,,,,2,2023-06-18T12:24:46+00:00
SAO_509J-10,São Paulo,3550308,True,,33032,,,-23.6875885,-46.654850499999995,,,,2,2023-06-18T12:24:38+00:00
SAO_509J-10,São Paulo,3550308,True,,33032,,,-23.65542925,-46.679842750000006,,,,2,2023-06-18T12:24:35+00:00
SAO_509J-10,São Paulo,3550308,True,,33032,,,-23.580849999999998,-46.656758999999994,,,,2,2023-06-18T12:24:34+00:00
SAO_1026-10,São Paulo,3550308,True,,2306,,,-23.488557999999998,-46.697984500000004,,,,1,2023-06-18T12:25:06+00:00
SAO_675M-10,São Paulo,3550308,True,ETT,108,https://moovitapp.com/index/pt-br/transporte_p%C3%BAblico-line-108-Sao_Paulo-242-876373-496510-0,5.3,-23.6463425,-46.64646425,,,,1,2023-06-18T12:24:47+00:00
SAO_675M-10,São Paulo,3550308,True,ETT,108,https://moovitapp.com/index/pt-br/transporte_p%C3%BAblico-line-108-Sao_Paulo-242-876373-496510-0,5.3,-23.7233805,-46.679587999999995,,,,1,2023-06-18T12:25:02+00:00
SAO_675M-10,São Paulo,3550308,True,ETT,108,https://moovitapp.com/index/pt-br/transporte_p%C3%BAblico-line-108-Sao_Paulo-242-876373-496510-0,5.3,-23.64675425,-46.645568,,,,1,2023-06-18T12:24:55+00:00
SAO_6012-10,São Paulo,3550308,True,,33972,,,-23.686754,-46.7876415,,,,2,2023-06-18T12:24:25+00:00
SAO_6012-10,São Paulo,3550308,True,,33972,,,-23.6869815,-46.7875065,,,,2,2023-06-18T12:24:39+00:00
SAO_6012-10,São Paulo,3550308,True,,33972,,,-23.686754,-46.7876415,,,,2,2023-06-18T12:24:54+00:00
SAO_6012-10,São Paulo,3550308,True,,33972,,,-23.65084425,-46.7014805,,,,2,2023-06-18T12:25:04+00:00
SAO_3301-10,São Paulo,3550308,True,,34386,,,-23.535637,-46.573576,,,,2,2023-06-18T12:24:30+00:00
SAO_4031-10,São Paulo,3550308,True,,1101,,,-23.61408,-46.517419000000004,,,,1,2023-06-18T12:24:53+00:00
SAO_4031-10,São Paulo,3550308,True,,1101,,,-23.589896500000002,-46.5676,,,,1,2023-06-18T12:25:02+00:00
SAO_4031-10,São Paulo,3550308,True,,1101,,,-23.59086825,-46.588631500000005,,,,1,2023-06-18T12:25:01+00:00
SAO_6001-10,São Paulo,3550308,True,,52,,,-23.648463,-46.7491555,,,,1,2023-06-18T12:24:54+00:00
SAO_809U-21,São Paulo,3550308,True,,2307,,,-23.529152,-46.676625,,,,1,2023-06-18T12:24:24+00:00
SAO_809U-21,São Paulo,3550308,True,,2307,,,-23.5468295,-46.6903115,,,,1,2023-06-18T12:24:24+00:00
SAO_3008-10,São Paulo,3550308,True,,35283,,,-23.52384875,-46.39582775,,,,2,2023-06-18T12:24:41+00:00
SAO_3008-10,São Paulo,3550308,True,,35283,,,-23.52351625,-46.39590125,,,,2,2023-06-18T12:24:09+00:00
SAO_3008-10,São Paulo,3550308,True,,35283,,,-23.4963505,-46.405026,,,,2,2023-06-18T12:23:44+00:00
SAO_4008-10,São Paulo,3550308,True,,34950,,,-23.56633125,-46.4662235,,,,2,2023-06-18T12:24:35+00:00
SAO_4008-10,São Paulo,3550308,True,,34950,,,-23.576923999999998,-46.437244,,,,2,2023-06-18T12:24:53+00:00
SAO_5024-31,São Paulo,3550308,True,,33891,,,-23.6857635,-46.6808705,,,,2,2023-06-18T12:24:50+00:00
SAO_5024-31,São Paulo,3550308,True,,33891,,,-23.690883999999997,-46.6502995,,,,2,2023-06-18T12:24:51+00:00
SAO_736G-10,São Paulo,3550308,True,,33548,,,-23.640276749999998,-46.7117225,,,,2,2023-06-18T12:24:57+00:00
SAO_736G-10,São Paulo,3550308,True,,33548,,,-23.632452999999998,-46.7480465,,,,2,2023-06-18T12:24:52+00:00
SAO_3029-10,São Paulo,3550308,True,,33734,,,-23.547039,-46.540972374999996,,,,2,2023-06-18T12:24:40+00:00
SAO_3029-10,São Paulo,3550308,True,,33734,,,-23.57396,-46.53333025,,,,2,2023-06-18T12:24:38+00:00
SAO_2076-10,São Paulo,3550308,True,,368,,,-23.50694,-46.387258,,,,1,2023-06-18T12:21:11+00:00
SAO_2076-10,São Paulo,3550308,True,,368,,,-23.496121,-46.488361499999996,,,,1,2023-06-18T12:24:39+00:00
SAO_407N-10,São Paulo,3550308,True,,2169,,,-23.585396499999998,-46.414854500000004,,,,1,2023-06-18T12:24:36+00:00
SAO_407N-10,São Paulo,3550308,True,,2169,,,-23.534121,-46.543020999999996,,,,1,2023-06-18T12:24:45+00:00
SAO_407N-10,São Paulo,3550308,True,,2169,,,-23.574930000000002,-46.5028455,,,,1,2023-06-18T12:24:39+00:00
SAO_407N-10,São Paulo,3550308,True,,2169,,,-23.596217,-46.454994875,,,,1,2023-06-18T12:24:50+00:00
SAO_2004-10,São Paulo,3550308,True,,892,,,-23.5416465,-46.416104000000004,,,,1,2023-06-18T12:25:02+00:00
SAO_2004-10,São Paulo,3550308,True,,892,,,-23.528018000000003,-46.3926,,,,1,2023-06-18T12:24:58+00:00
SAO_2004-10,São Paulo,3550308,True,,892,,,-23.519621,-46.383444499999996,,,,1,2023-06-18T12:22:34+00:00
SAO_2004-10,São Paulo,3550308,True,,892,,,-23.519621,-46.383444499999996,,,,1,2023-06-18T12:24:28+00:00
SAO_9008-10,São Paulo,3550308,True,,875,,,-23.427475,-46.7146125,,,,1,2023-06-18T12:24:58+00:00
SAO_9008-10,São Paulo,3550308,True,,875,,,-23.43821325,-46.709458999999995,,,,1,2023-06-18T12:24:39+00:00
SAO_9008-10,São Paulo,3550308,True,,875,,,-23.473402749999998,-46.67138274999999,,,,1,2023-06-18T12:25:02+00:00
SAO_8073-10,São Paulo,3550308,True,,34849,,,-23.5914395,-46.7359765,,,,2,2023-06-18T12:24:53+00:00
SAO_8073-10,São Paulo,3550308,True,,34849,,,-23.599168,-46.766690999999994,,,,2,2023-06-18T12:24:27+00:00
SAO_4029-10,São Paulo,3550308,True,,1099,,,-23.584996500000003,-46.546189999999996,,,,1,2023-06-18T12:24:48+00:00
SAO_4029-10,São Paulo,3550308,True,,1099,,,-23.6101915,-46.480281500000004,,,,1,2023-06-18T12:24:40+00:00
SAO_4029-10,São Paulo,3550308,True,,1099,,,-23.61438175,-46.49979675,,,,1,2023-06-18T12:24:29+00:00
SAO_677A-10,São Paulo,3550308,True,,1239,,,-23.63581,-46.719123499999995,,,,1,2023-06-18T12:24:50+00:00
SAO_677A-10,São Paulo,3550308,True,,1239,,,-23.690492499999998,-46.774092,,,,1,2023-06-18T12:25:08+00:00
SAO_677A-10,São Paulo,3550308,True,,1239,,,-23.6710235,-46.7414525,,,,1,2023-06-18T12:24:50+00:00
SAO_677A-10,São Paulo,3550308,True,,1239,,,-23.593379,-46.68921,,,,1,2023-06-18T12:24:55+00:00
SAO_6120-10,São Paulo,3550308,True,,1189,,,-23.737678250000002,-46.692834,,,,1,2023-06-18T12:24:31+00:00
SAO_6017-10,São Paulo,3550308,True,,33974,,,-23.677212500000003,-46.760749000000004,,,,2,2023-06-18T12:25:09+00:00
SAO_6017-10,São Paulo,3550308,True,,33974,,,-23.696996,-46.7609965,,,,2,2023-06-18T12:24:49+00:00
SAO_3728-10,São Paulo,3550308,True,,1025,,,-23.573595,-46.490476,,,,1,2023-06-18T12:24:39+00:00
SAO_3728-10,São Paulo,3550308,True,,1025,,,-23.554616,-46.492309500000005,,,,1,2023-06-18T12:24:44+00:00
SAO_9300-10,São Paulo,3550308,True,EMTU,116,https://moovitapp.com/index/pt-br/transporte_p%C3%BAblico-line-116-Sao_Paulo-242-2038937-36419276-0,12.1,-23.4959565,-46.6621375,,,,1,2023-06-18T12:24:40+00:00
SAO_9300-10,São Paulo,3550308,True,EMTU,116,https://moovitapp.com/index/pt-br/transporte_p%C3%BAblico-line-116-Sao_Paulo-242-2038937-36419276-0,12.1,-23.546565,-46.630926,,,,1,2023-06-18T12:24:50+00:00
SAO_121G-10,São Paulo,3550308,True,,33459,,,-23.481374000000002,-46.59976925,,,,2,2023-06-18T12:24:28+00:00
SAO_121G-10,São Paulo,3550308,True,,33459,,,-23.5182255,-46.567927,,,,2,2023-06-18T12:24:26+00:00
SAO_121G-10,São Paulo,3550308,True,,33459,,,-23.5216375,-46.56288625,,,,2,2023-06-18T12:24:36+00:00
SAO_1732-10,São Paulo,3550308,True,,671,,,-23.487852,-46.5743735,,,,1,2023-06-18T12:25:02+00:00
SAO_1732-10,São Paulo,3550308,True,,671,,,-23.4912215,-46.608736,,,,1,2023-06-18T12:25:03+00:00
SAO_476G-10,São Paulo,3550308,True,,33879,,,-23.58367425,-46.637706625,,,,2,2023-06-18T12:24:54+00:00
SAO_476G-10,São Paulo,3550308,True,,33879,,,-23.5815385,-46.597032,,,,2,2023-06-18T12:23:01+00:00
SAO_5702-10,São Paulo,3550308,True,,1137,,,-23.698729999999998,-46.6457525,,,,1,2023-06-18T12:24:49+00:00
SAO_5702-10,São Paulo,3550308,True,,1137,,,-23.683703,-46.6339125,,,,1,2023-06-18T12:24:42+00:00
SAO_5164-10,São Paulo,3550308,True,,34051,,,-23.646105499999997,-46.6450805,,,,2,2023-06-18T12:24:44+00:00
SAO_5164-10,São Paulo,3550308,True,,34051,,,-23.624087625,-46.640517875,,,,2,2023-06-18T12:24:28+00:00
SAO_5164-10,São Paulo,3550308,True,,34051,,,-23.5809745,-46.6566785,,,,2,2023-06-18T12:24:41+00:00
SAO_5164-10,São Paulo,3550308,True,,34051,,,-23.6462925,-46.6451105,,,,2,2023-06-18T12:24:45+00:00
SAO_3033-10,São Paulo,3550308,True,,968,,,-23.598574,-46.4668465,,,,1,2023-06-18T12:25:05+00:00
SAO_3033-10,São Paulo,3550308,True,,968,,,-23.579571,-46.415281,,,,1,2023-06-18T12:25:01+00:00
SAO_3033-10,São Paulo,3550308,True,,968,,,-23.5475305,-46.40872625,,,,1,2023-06-18T12:25:06+00:00
SAO_3033-10,São Paulo,3550308,True,,968,,,-23.5588795,-46.410903000000005,,,,1,2023-06-18T12:24:54+00:00
SAO_857R-10,São Paulo,3550308,True,,34660,,,-23.626298249999998,-46.76596275,,,,2,2023-06-18T12:25:10+00:00
SAO_513C-10,São Paulo,3550308,True,,2535,,,-23.6144385,-46.499078375,,,,1,2023-06-18T12:24:01+00:00
SAO_513C-10,São Paulo,3550308,True,,2535,,,-23.6111205,-46.4731355,,,,1,2023-06-18T12:24:28+00:00
SAO_524M-10,São Paulo,3550308,True,,1631,,,-23.614544,-46.500679,,,,1,2023-06-18T12:24:32+00:00
SAO_524M-10,São Paulo,3550308,True,,1631,,,-23.568826375,-46.509066250000004,,,,1,2023-06-18T12:20:50+00:00
SAO_524M-10,São Paulo,3550308,True,,1631,,,-23.564069,-46.5051995,,,,1,2023-06-18T12:25:03+00:00
SAO_2756-10,São Paulo,3550308,True,EMTU,238,https://moovitapp.com/index/pt-br/transporte_p%C3%BAblico-line-238-Sao_Paulo-242-2038937-36419351-0,4.85,-23.540823250000003,-46.39271825,,,,1,2023-06-18T12:25:04+00:00
SAO_2756-10,São Paulo,3550308,True,EMTU,238,https://moovitapp.com/index/pt-br/transporte_p%C3%BAblico-line-238-Sao_Paulo-242-2038937-36419351-0,4.85,-23.529382,-46.50029325,,,,1,2023-06-18T12:24:52+00:00
SAO_2756-10,São Paulo,3550308,True,EMTU,238,https://moovitapp.com/index/pt-br/transporte_p%C3%BAblico-line-238-Sao_Paulo-242-2038937-36419351-0,4.85,-23.543295999999998,-46.410864000000004,,,,1,2023-06-18T12:24:59+00:00
SAO_4742-10,São Paulo,3550308,True,,33110,,,-23.6300635,-46.6277805,,,,2,2023-06-18T12:24:24+00:00
SAO_809J-10,São Paulo,3550308,True,,2066,,,-23.585697250000003,-46.721805,,,,1,2023-06-18T12:24:49+00:00
SAO_5026-10,São Paulo,3550308,True,,1635,,,-23.613501499999998,-46.5016065,,,,1,2023-06-18T12:24:53+00:00
SAO_3712-10,São Paulo,3550308,True,,1009,,,-23.5525595,-46.4257145,,,,1,2023-06-18T12:25:06+00:00
SAO_3712-10,São Paulo,3550308,True,,1009,,,-23.5525595,-46.4257145,,,,1,2023-06-18T12:25:02+00:00
SAO_3712-10,São Paulo,3550308,True,,1009,,,-23.541897,-46.470466,,,,1,2023-06-18T12:24:57+00:00
SAO_3712-10,São Paulo,3550308,True,,1009,,,-23.5525595,-46.4257145,,,,1,2023-06-18T12:24:59+00:00
SAO_3712-10,São Paulo,3550308,True,,1009,,,-23.5525595,-46.4257145,,,,1,2023-06-18T12:25:02+00:00
SAO_3712-10,São Paulo,3550308,True,,1009,,,-23.5525595,-46.4257145,,,,1,2023-06-18T12:24:29+00:00
SAO_3712-10,São Paulo,3550308,True,,1009,,,-23.5525595,-46.4257145,,,,1,2023-06-18T12:25:01+00:00
SAO_5108-10,São Paulo,3550308,True,,34443,,,-23.620297,-46.6207475,,,,2,2023-06-18T12:25:08+00:00
SAO_5108-10,São Paulo,3550308,True,,34443,,,-23.55935575,-46.62957300000001,,,,2,2023-06-18T12:24:40+00:00
SAO_971R-10,São Paulo,3550308,True,,614,,,-23.451846500000002,-46.7350495,,,,1,2023-06-18T12:24:29+00:00
SAO_971R-10,São Paulo,3550308,True,,614,,,-23.454421500000002,-46.7374495,,,,1,2023-06-18T12:24:38+00:00
SAO_971R-10,São Paulo,3550308,True,,614,,,-23.4680295,-46.6775685,,,,1,2023-06-18T12:24:54+00:00
SAO_971R-10,São Paulo,3550308,True,,614,,,-23.434023500000002,-46.727810500000004,,,,1,2023-06-18T12:24:50+00:00
SAO_971R-10,São Paulo,3550308,True,,614,,,-23.50034475,-46.626573750000006,,,,1,2023-06-18T12:24:54+00:00
SAO_6057-10,São Paulo,3550308,True,,33916,,,-23.762780499999998,-46.7033795,,,,2,2023-06-18T12:24:43+00:00
SAO_3053-10,São Paulo,3550308,True,,973,,,-23.58365675,-46.53261675,,,,1,2023-06-18T12:25:01+00:00
SAO_3053-10,São Paulo,3550308,True,,973,,,-23.585147999999997,-46.494602,,,,1,2023-06-18T12:24:48+00:00
SAO_3053-10,São Paulo,3550308,True,,973,,,-23.5638785,-46.561247,,,,1,2023-06-18T12:25:04+00:00
SAO_5144-10,São Paulo,3550308,True,,1627,,,-23.531511,-46.636298,,,,1,2023-06-18T12:24:31+00:00
SAO_5144-10,São Paulo,3550308,True,,1627,,,-23.59880075,-46.517998000000006,,,,1,2023-06-18T12:24:46+00:00
SAO_129F-10,São Paulo,3550308,True,,2304,,,-23.52490925,-46.6994055,,,,1,2023-06-18T12:24:56+00:00
SAO_129F-10,São Paulo,3550308,True,,2304,,,-23.4979345,-46.705717500000006,,,,1,2023-06-18T12:24:53+00:00
SAO_2013-10,São Paulo,3550308,True,,33667,,,-23.470962,-46.6522075,,,,2,2023-06-18T12:25:08+00:00
SAO_2013-10,São Paulo,3550308,True,,33667,,,-23.454283,-46.658618,,,,2,2023-06-18T12:24:34+00:00
SAO_5175-10,São Paulo,3550308,True,,33361,,,-23.5505945,-46.635301,,,,2,2023-06-18T12:24:46+00:00
SAO_5175-10,São Paulo,3550308,True,,33361,,,-23.5505945,-46.635301,,,,2,2023-06-18T12:23:51+00:00
SAO_5175-10,São Paulo,3550308,True,,33361,,,-23.5505945,-46.635301,,,,2,2023-06-18T12:25:01+00:00
SAO_5175-10,São Paulo,3550308,True,,33361,,,-23.5505945,-46.635301,,,,2,2023-06-18T12:24:18+00:00
SAO_5175-10,São Paulo,3550308,True,,33361,,,-23.5505945,-46.635301,,,,2,2023-06-18T12:24:53+00:00
SAO_5175-10,São Paulo,3550308,True,,33361,,,-23.5505945,-46.635301,,,,2,2023-06-18T12:24:48+00:00
SAO_5175-10,São Paulo,3550308,True,,33361,,,-23.5505945,-46.635301,,,,2,2023-06-18T12:24:28+00:00
SAO_5175-10,São Paulo,3550308,True,,33361,,,-23.5505945,-46.635301,,,,2,2023-06-18T12:24:44+00:00
SAO_5175-10,São Paulo,3550308,True,,33361,,,-23.5505945,-46.635301,,,,2,2023-06-18T12:24:16+00:00
SAO_5175-10,São Paulo,3550308,True,,33361,,,-23.5505945,-46.635301,,,,2,2023-06-18T12:24:58+00:00
SAO_5175-10,São Paulo,3550308,True,,33361,,,-23.5505945,-46.635301,,,,2,2023-06-18T12:24:59+00:00
SAO_5175-10,São Paulo,3550308,True,,33361,,,-23.5505945,-46.635301,,,,2,2023-06-18T12:24:22+00:00
SAO_5175-10,São Paulo,3550308,True,,33361,,,-23.59529375,-46.650884,,,,2,2023-06-18T12:24:40+00:00
SAO_6822-10,São Paulo,3550308,True,Del Rey,22,https://moovitapp.com/index/pt-br/transporte_p%C3%BAblico-line-22-Sao_Paulo-242-868760-496394-0,4.5,-23.649970000000003,-46.7916195,,,,1,2023-06-18T12:24:40+00:00
SAO_6822-10,São Paulo,3550308,True,Del Rey,22,https://moovitapp.com/index/pt-br/transporte_p%C3%BAblico-line-22-Sao_Paulo-242-868760-496394-0,4.5,-23.654044,-46.7630505,,,,1,2023-06-18T12:24:37+00:00
SAO_737A-10,São Paulo,3550308,True,,1730,,,-23.678915250000003,-46.7633535,,,,1,2023-06-18T12:24:42+00:00
SAO_737A-10,São Paulo,3550308,True,,1730,,,-23.654359,-46.7068095,,,,1,2023-06-18T12:24:57+00:00
SAO_737A-10,São Paulo,3550308,True,,1730,,,-23.667816000000002,-46.7312965,,,,1,2023-06-18T12:25:00+00:00
SAO_775F-10,São Paulo,3550308,True,,33564,,,-23.597123500000002,-46.708605,,,,2,2023-06-18T12:24:27+00:00
SAO_775F-10,São Paulo,3550308,True,,33564,,,-23.554447500000002,-46.67636987499999,,,,2,2023-06-18T12:25:07+00:00
SAO_775F-10,São Paulo,3550308,True,,33564,,,-23.625424,-46.748162,,,,2,2023-06-18T12:24:52+00:00
SAO_775F-10,São Paulo,3550308,True,,33564,,,-23.6236485,-46.748863,,,,2,2023-06-18T12:24:33+00:00
SAO_172Y-10,São Paulo,3550308,True,,33630,,,-23.4781315,-46.58260475,,,,2,2023-06-18T12:23:50+00:00
SAO_172Y-10,São Paulo,3550308,True,,33630,,,-23.47473425,-46.58000975,,,,2,2023-06-18T12:24:56+00:00
SAO_172Y-10,São Paulo,3550308,True,,33630,,,-23.512845,-46.585291,,,,2,2023-06-18T12:23:51+00:00
SAO_407R-10,São Paulo,3550308,True,,2201,,,-23.56305875,-46.549729,,,,1,2023-06-18T12:24:37+00:00
SAO_7013-10,São Paulo,3550308,True,,775,,,-23.605860999999997,-46.7470555,,,,1,2023-06-18T12:24:29+00:00
SAO_7013-10,São Paulo,3550308,True,,775,,,-23.636150999999998,-46.7578135,,,,1,2023-06-18T12:24:33+00:00
SAO_7013-10,São Paulo,3550308,True,,775,,,-23.593892625,-46.736401875,,,,1,2023-06-18T12:24:43+00:00
SAO_707A-10,São Paulo,3550308,True,,34758,,,-23.67634725,-46.75765575,,,,2,2023-06-18T12:24:35+00:00
SAO_707A-10,São Paulo,3550308,True,,34758,,,-23.692594,-46.777992,,,,2,2023-06-18T12:24:31+00:00
SAO_6110-10,São Paulo,3550308,True,,1184,,,-23.62491625,-46.661489,,,,1,2023-06-18T12:21:02+00:00
SAO_6110-10,São Paulo,3550308,True,,1184,,,-23.701860125000003,-46.701362125,,,,1,2023-06-18T12:25:02+00:00
SAO_9011-10,São Paulo,3550308,True,,33646,,,-23.4490265,-46.73479525,,,,2,2023-06-18T12:25:00+00:00
SAO_9011-10,São Paulo,3550308,True,,33646,,,-23.47494,-46.67014399999999,,,,2,2023-06-18T12:24:22+00:00
SAO_9011-10,São Paulo,3550308,True,,33646,,,-23.435192999999998,-46.71718,,,,2,2023-06-18T12:24:46+00:00
SAO_9011-10,São Paulo,3550308,True,,33646,,,-23.47494,-46.67014399999999,,,,2,2023-06-18T12:24:48+00:00
SAO_9011-10,São Paulo,3550308,True,,33646,,,-23.474243,-46.66870275000001,,,,2,2023-06-18T12:25:00+00:00
SAO_8038-10,São Paulo,3550308,True,,33565,,,-23.5250945,-46.7134585,,,,2,2023-06-18T12:24:38+00:00
SAO_8038-10,São Paulo,3550308,True,,33565,,,-23.548802125,-46.73792374999999,,,,2,2023-06-18T12:24:47+00:00
SAO_8038-10,São Paulo,3550308,True,,33565,,,-23.5192465,-46.7041905,,,,2,2023-06-18T12:24:40+00:00
SAO_8038-10,São Paulo,3550308,True,,33565,,,-23.53488225,-46.76081775,,,,2,2023-06-18T12:24:46+00:00
SAO_7062-10,São Paulo,3550308,True,,1898,,,-23.638002,-46.7677385,,,,1,2023-06-18T12:24:26+00:00
SAO_7062-10,São Paulo,3550308,True,,1898,,,-23.645661,-46.771009,,,,1,2023-06-18T12:24:45+00:00
SAO_7062-10,São Paulo,3550308,True,,1898,,,-23.645773,-46.771611500000006,,,,1,2023-06-18T12:24:33+00:00
SAO_477A-10,São Paulo,3550308,True,EMTU,346,https://moovitapp.com/index/pt-br/transporte_p%C3%BAblico-line-346-Sao_Paulo-242-2038937-36419429-0,6.3,-23.60271375,-46.60810225,,,,1,2023-06-18T12:24:26+00:00
SAO_477A-10,São Paulo,3550308,True,EMTU,346,https://moovitapp.com/index/pt-br/transporte_p%C3%BAblico-line-346-Sao_Paulo-242-2038937-36419429-0,6.3,-23.5758315,-46.687664999999996,,,,1,2023-06-18T12:24:47+00:00
SAO_477A-10,São Paulo,3550308,True,EMTU,346,https://moovitapp.com/index/pt-br/transporte_p%C3%BAblico-line-346-Sao_Paulo-242-2038937-36419429-0,6.3,-23.56939475,-46.646313250000006,,,,1,2023-06-18T12:24:41+00:00
SAO_477A-10,São Paulo,3550308,True,EMTU,346,https://moovitapp.com/index/pt-br/transporte_p%C3%BAblico-line-346-Sao_Paulo-242-2038937-36419429-0,6.3,-23.569008,-46.611245,,,,1,2023-06-18T12:24:41+00:00
SAO_9500-10,São Paulo,3550308,True,,33229,,,-23.522986875,-46.651661625,,,,2,2023-06-18T12:25:03+00:00
SAO_9500-10,São Paulo,3550308,True,,33229,,,-23.4742495,-46.669781,,,,2,2023-06-18T12:24:37+00:00
SAO_189L-10,São Paulo,3550308,True,,2450,,,-23.486610499999998,-46.710868000000005,,,,1,2023-06-18T12:25:01+00:00
SAO_189L-10,São Paulo,3550308,True,,2450,,,-23.517861,-46.702819,,,,1,2023-06-18T12:25:07+00:00
SAO_3099-10,São Paulo,3550308,True,,1079,,,-23.615871499999997,-46.46024775,,,,1,2023-06-18T12:24:49+00:00
SAO_175T-10,São Paulo,3550308,True,,33391,,,-23.505131125,-46.624702875,,,,2,2023-06-18T12:25:05+00:00
SAO_175T-10,São Paulo,3550308,True,,33391,,,-23.615115,-46.659499249999996,,,,2,2023-06-18T12:25:08+00:00
SAO_6016-41,São Paulo,3550308,True,,1706,,,-23.736994000000003,-46.69702,,,,1,2023-06-18T12:25:03+00:00
SAO_5318-10,São Paulo,3550308,True,,32813,,,-23.670007875000003,-46.74652775,,,,2,2023-06-18T12:24:46+00:00
SAO_5318-10,São Paulo,3550308,True,,32813,,,-23.62020275,-46.67793424999999,,,,2,2023-06-18T12:24:57+00:00
SAO_5630-10,São Paulo,3550308,True,,78,,,-23.660805,-46.67940575,,,,1,2023-06-18T12:25:06+00:00
SAO_5630-10,São Paulo,3550308,True,,78,,,-23.7374635,-46.697805,,,,1,2023-06-18T12:25:00+00:00
SAO_5630-10,São Paulo,3550308,True,,78,,,-23.613534,-46.658007,,,,1,2023-06-18T12:25:04+00:00
SAO_5630-10,São Paulo,3550308,True,,78,,,-23.7374635,-46.697805,,,,1,2023-06-18T12:25:04+00:00
SAO_5630-10,São Paulo,3550308,True,,78,,,-23.7374635,-46.697805,,,,1,2023-06-18T12:23:33+00:00
SAO_5630-10,São Paulo,3550308,True,,78,,,-23.73404675,-46.696197,,,,1,2023-06-18T12:24:49+00:00
SAO_5630-10,São Paulo,3550308,True,,78,,,-23.58749675,-46.65236775,,,,1,2023-06-18T12:24:42+00:00
SAO_5630-10,São Paulo,3550308,True,,78,,,-23.7374635,-46.697805,,,,1,2023-06-18T12:25:00+00:00
SAO_775V-10,São Paulo,3550308,True,,33243,,,-23.565437000000003,-46.694477,,,,2,2023-06-18T12:24:43+00:00
SAO_775V-10,São Paulo,3550308,True,,33243,,,-23.5794145,-46.769382500000006,,,,2,2023-06-18T12:24:44+00:00
SAO_278A-10,São Paulo,3550308,True,,33474,,,-23.5202965,-46.6138305,,,,2,2023-06-18T12:24:52+00:00
SAO_278A-10,São Paulo,3550308,True,,33474,,,-23.53567325,-46.5733845,,,,2,2023-06-18T12:24:57+00:00
SAO_1206-10,São Paulo,3550308,True,,33610,,,-23.52606925,-46.58249925,,,,2,2023-06-18T12:25:00+00:00
SAO_1206-10,São Paulo,3550308,True,,33610,,,-23.544959,-46.6198355,,,,2,2023-06-18T12:24:51+00:00
SAO_7050-10,São Paulo,3550308,True,,34652,,,-23.655358999999997,-46.7765715,,,,2,2023-06-18T12:24:41+00:00
SAO_7050-10,São Paulo,3550308,True,,34652,,,-23.638101499999998,-46.779722500000005,,,,2,2023-06-18T12:24:50+00:00
SAO_7050-10,São Paulo,3550308,True,,34652,,,-23.658609,-46.78921425,,,,2,2023-06-18T12:24:38+00:00
SAO_148L-10,São Paulo,3550308,True,,33299,,,-23.46481,-46.65197525,,,,2,2023-06-18T12:24:34+00:00
SAO_148L-10,São Paulo,3550308,True,,33299,,,-23.4653245,-46.6517335,,,,2,2023-06-18T12:24:49+00:00
SAO_148L-10,São Paulo,3550308,True,,33299,,,-23.465025999999998,-46.65187775,,,,2,2023-06-18T12:25:02+00:00
SAO_148L-10,São Paulo,3550308,True,,33299,,,-23.4653245,-46.6517335,,,,2,2023-06-18T12:24:52+00:00
SAO_148L-10,São Paulo,3550308,True,,33299,,,-23.464495499999998,-46.65211625,,,,2,2023-06-18T12:24:21+00:00
SAO_148L-10,São Paulo,3550308,True,,33299,,,-23.4547195,-46.6523255,,,,2,2023-06-18T12:24:26+00:00
SAO_7055-10,São Paulo,3550308,True,,34656,,,-23.680825499999997,-46.782198,,,,2,2023-06-18T12:24:26+00:00
SAO_7055-10,São Paulo,3550308,True,,34656,,,-23.6921555,-46.7909265,,,,2,2023-06-18T12:24:27+00:00
SAO_6L11-10,São Paulo,3550308,True,,1167,,,-23.7665875,-46.651020875,,,,1,2023-06-18T12:24:54+00:00
SAO_6L11-10,São Paulo,3550308,True,,1167,,,-23.7627505,-46.6546525,,,,1,2023-06-18T12:24:56+00:00
SAO_4012-10,São Paulo,3550308,True,,2185,,,-23.612699499999998,-46.472691499999996,,,,1,2023-06-18T12:24:41+00:00
SAO_4012-10,São Paulo,3550308,True,,2185,,,-23.597875000000002,-46.443081500000005,,,,1,2023-06-18T12:25:04+00:00
SAO_374V-10,São Paulo,3550308,True,,1647,,,-23.526107250000003,-46.4522605,,,,1,2023-06-18T12:24:47+00:00
SAO_374V-10,São Paulo,3550308,True,,1647,,,-23.511004999999997,-46.4543005,,,,1,2023-06-18T12:24:28+00:00
SAO_374V-10,São Paulo,3550308,True,,1647,,,-23.5425595,-46.469581500000004,,,,1,2023-06-18T12:25:06+00:00
SAO_374V-10,São Paulo,3550308,True,,1647,,,-23.526107250000003,-46.4522605,,,,1,2023-06-18T12:25:00+00:00
SAO_209P-10,São Paulo,3550308,True,,34984,,,-23.5532955,-46.679069,,,,2,2023-06-18T12:24:52+00:00
SAO_209P-10,São Paulo,3550308,True,,34984,,,-23.47277475,-46.6701725,,,,2,2023-06-18T12:24:38+00:00
SAO_209P-10,São Paulo,3550308,True,,34984,,,-23.52171225,-46.66507275,,,,2,2023-06-18T12:19:55+00:00
SAO_209P-10,São Paulo,3550308,True,,34984,,,-23.473322250000002,-46.67010775,,,,2,2023-06-18T12:24:50+00:00
SAO_4013-10,São Paulo,3550308,True,,34954,,,-23.6349765,-46.443518499999996,,,,2,2023-06-18T12:24:47+00:00
SAO_4013-10,São Paulo,3550308,True,,34954,,,-23.6150615,-46.470304999999996,,,,2,2023-06-18T12:24:33+00:00
SAO_4017-10,São Paulo,3550308,True,,34958,,,-23.6008165,-46.399510500000005,,,,2,2023-06-18T12:24:44+00:00
SAO_4017-10,São Paulo,3550308,True,,34958,,,-23.579984,-46.4029705,,,,2,2023-06-18T12:25:05+00:00
SAO_2523-10,São Paulo,3550308,True,,33018,,,-23.5216,-46.4253885,,,,2,2023-06-18T12:24:47+00:00
SAO_2523-10,São Paulo,3550308,True,,33018,,,-23.5216,-46.4253885,,,,2,2023-06-18T12:21:00+00:00
SAO_2523-10,São Paulo,3550308,True,,33018,,,-23.5216,-46.4253885,,,,2,2023-06-18T12:25:06+00:00
SAO_2523-10,São Paulo,3550308,True,,33018,,,-23.5216,-46.4253885,,,,2,2023-06-18T12:24:25+00:00
SAO_2523-10,São Paulo,3550308,True,,33018,,,-23.517013,-46.4437475,,,,2,2023-06-18T12:24:54+00:00
SAO_2523-10,São Paulo,3550308,True,,33018,,,-23.5216,-46.4253885,,,,2,2023-06-18T12:24:31+00:00
SAO_8015-10,São Paulo,3550308,True,,1345,,,-23.4855685,-46.725273,,,,1,2023-06-18T12:24:34+00:00
SAO_8015-10,São Paulo,3550308,True,,1345,,,-23.428569500000002,-46.72331,,,,1,2023-06-18T12:24:37+00:00
SAO_8004-10,São Paulo,3550308,True,,34022,,,-23.47043,-46.752005999999994,,,,2,2023-06-18T12:24:48+00:00
SAO_8004-10,São Paulo,3550308,True,,34022,,,-23.508729250000002,-46.731270499999994,,,,2,2023-06-18T12:24:37+00:00
SAO_6072-10,São Paulo,3550308,True,,1588,,,-23.773351875,-46.720543375000005,,,,1,2023-06-18T12:25:01+00:00
SAO_6072-10,São Paulo,3550308,True,,1588,,,-23.817320000000002,-46.705675,,,,1,2023-06-18T12:24:42+00:00
SAO_771P-10,São Paulo,3550308,True,,33274,,,-23.572155000000002,-46.70553525,,,,2,2023-06-18T12:25:02+00:00
SAO_3796-10,São Paulo,3550308,True,,1074,,,-23.589194,-46.446603999999994,,,,1,2023-06-18T12:24:44+00:00
SAO_3796-10,São Paulo,3550308,True,,1074,,,-23.552771999999997,-46.4631605,,,,1,2023-06-18T12:24:27+00:00
SAO_6038-10,São Paulo,3550308,True,,33984,,,-23.66711,-46.7840675,,,,2,2023-06-18T12:24:45+00:00
SAO_6038-10,São Paulo,3550308,True,,33984,,,-23.662014499999998,-46.7892645,,,,2,2023-06-18T12:25:04+00:00
SAO_6038-10,São Paulo,3550308,True,,33984,,,-23.6582,-46.7894615,,,,2,2023-06-18T12:24:42+00:00
SAO_6045-10,São Paulo,3550308,True,,1222,,,-23.6958515,-46.793494499999994,,,,1,2023-06-18T12:24:29+00:00
SAO_6045-10,São Paulo,3550308,True,,1222,,,-23.641039625,-46.71706575,,,,1,2023-06-18T12:24:35+00:00
SAO_6045-10,São Paulo,3550308,True,,1222,,,-23.6945995,-46.794075500000005,,,,1,2023-06-18T12:24:54+00:00
SAO_6045-10,São Paulo,3550308,True,,1222,,,-23.694674999999997,-46.793941000000004,,,,1,2023-06-18T12:24:26+00:00
SAO_6045-10,São Paulo,3550308,True,,1222,,,-23.68005675,-46.781242625000004,,,,1,2023-06-18T12:25:09+00:00
SAO_6045-10,São Paulo,3550308,True,,1222,,,-23.6945445,-46.794182,,,,1,2023-06-18T12:24:56+00:00
SAO_6045-10,São Paulo,3550308,True,,1222,,,-23.6958925,-46.7935535,,,,1,2023-06-18T12:24:27+00:00
SAO_8215-10,São Paulo,3550308,True,,574,,,-23.488203,-46.6932925,,,,1,2023-06-18T12:24:23+00:00
SAO_8215-10,São Paulo,3550308,True,,574,,,-23.531478,-46.6591815,,,,1,2023-06-18T12:25:04+00:00
SAO_5141-10,São Paulo,3550308,True,,1625,,,-23.5733995,-46.5637585,,,,1,2023-06-18T12:24:40+00:00
SAO_5141-10,São Paulo,3550308,True,,1625,,,-23.606033250000003,-46.507858999999996,,,,1,2023-06-18T12:24:29+00:00
SAO_5141-10,São Paulo,3550308,True,,1625,,,-23.541089999999997,-46.635396,,,,1,2023-06-18T12:24:24+00:00
SAO_189L-10,São Paulo,3550308,True,,35218,,,-23.51316375,-46.70378325,,,,2,2023-06-18T12:24:31+00:00
SAO_189L-10,São Paulo,3550308,True,,35218,,,-23.486798999999998,-46.7106505,,,,2,2023-06-18T12:24:34+00:00
SAO_9015-10,São Paulo,3550308,True,,1269,,,-23.4776485,-46.714215,,,,1,2023-06-18T12:24:34+00:00
SAO_273J-10,São Paulo,3550308,True,STT,389,https://moovitapp.com/index/pt-br/transporte_p%C3%BAblico-line-389-Sao_Paulo-242-850661-183299-0,5.3,-23.5190505,-46.473233,,,,1,2023-06-18T12:24:48+00:00
SAO_273J-10,São Paulo,3550308,True,STT,389,https://moovitapp.com/index/pt-br/transporte_p%C3%BAblico-line-389-Sao_Paulo-242-850661-183299-0,5.3,-23.49278125,-46.39807225,,,,1,2023-06-18T12:25:05+00:00
SAO_273J-10,São Paulo,3550308,True,STT,389,https://moovitapp.com/index/pt-br/transporte_p%C3%BAblico-line-389-Sao_Paulo-242-850661-183299-0,5.3,-23.492140624999998,-46.444689125,,,,1,2023-06-18T12:25:02+00:00
SAO_273J-10,São Paulo,3550308,True,STT,389,https://moovitapp.com/index/pt-br/transporte_p%C3%BAblico-line-389-Sao_Paulo-242-850661-183299-0,5.3,-23.5311665,-46.534742,,,,1,2023-06-18T12:24:29+00:00
SAO_8615-10,São Paulo,3550308,True,,1339,,,-23.546077500000003,-46.631047,,,,1,2023-06-18T12:24:28+00:00
SAO_8615-10,São Paulo,3550308,True,,1339,,,-23.526391,-46.673964,,,,1,2023-06-18T12:25:06+00:00
SAO_1780-10,São Paulo,3550308,True,,33637,,,-23.4521675,-46.58175,,,,2,2023-06-18T12:24:54+00:00
SAO_1780-10,São Paulo,3550308,True,,33637,,,-23.448106,-46.5790305,,,,2,2023-06-18T12:24:24+00:00
SAO_574R-10,São Paulo,3550308,True,,1623,,,-23.589683,-46.5319725,,,,1,2023-06-18T12:25:04+00:00
SAO_574R-10,São Paulo,3550308,True,,1623,,,-23.571740625,-46.564066999999994,,,,1,2023-06-18T12:24:34+00:00
SAO_574R-10,São Paulo,3550308,True,,1623,,,-23.61408,-46.5008325,,,,1,2023-06-18T12:24:49+00:00
SAO_1721-10,São Paulo,3550308,True,,666,,,-23.4894945,-46.5710555,,,,1,2023-06-18T12:25:06+00:00
SAO_1721-10,São Paulo,3550308,True,,666,,,-23.4880315,-46.5828975,,,,1,2023-06-18T12:24:38+00:00
SAO_8615-10,São Paulo,3550308,True,,34107,,,-23.5302285,-46.66669375,,,,2,2023-06-18T12:24:50+00:00
SAO_8615-10,São Paulo,3550308,True,,34107,,,-23.5361915,-46.725013000000004,,,,2,2023-06-18T12:24:36+00:00
SAO_8615-10,São Paulo,3550308,True,,34107,,,-23.53728725,-46.649178,,,,2,2023-06-18T12:22:55+00:00
SAO_775A-10,São Paulo,3550308,True,,33241,,,-23.57271975,-46.723725375,,,,2,2023-06-18T12:25:03+00:00
SAO_208M-10,São Paulo,3550308,True,,35246,,,-23.544892500000003,-46.666203499999995,,,,2,2023-06-18T12:24:41+00:00
SAO_208M-10,São Paulo,3550308,True,,35246,,,-23.5037401875,-46.634916375,,,,2,2023-06-18T12:24:27+00:00
SAO_2715-10,São Paulo,3550308,True,,928,,,-23.503183,-46.502305,,,,1,2023-06-18T12:24:34+00:00
SAO_2715-10,São Paulo,3550308,True,,928,,,-23.503006499999998,-46.501627,,,,1,2023-06-18T12:24:39+00:00
SAO_6500-10,São Paulo,3550308,True,,32814,,,-23.65012325,-46.706284249999996,,,,2,2023-06-18T12:25:08+00:00
SAO_6500-10,São Paulo,3550308,True,,32814,,,-23.602531374999998,-46.674416750000006,,,,2,2023-06-18T12:25:07+00:00
SAO_6500-10,São Paulo,3550308,True,,32814,,,-23.567678875000002,-46.659757,,,,2,2023-06-18T12:24:47+00:00
SAO_917H-10,São Paulo,3550308,True,,33224,,,-23.516543249999998,-46.753614,,,,2,2023-06-18T12:24:37+00:00
SAO_917H-10,São Paulo,3550308,True,,33224,,,-23.5684684375,-46.647833937499996,,,,2,2023-06-18T12:24:42+00:00
SAO_917H-10,São Paulo,3550308,True,,33224,,,-23.4881355,-46.731741,,,,2,2023-06-18T12:24:07+00:00
SAO_917H-10,São Paulo,3550308,True,,33224,,,-23.537451500000003,-46.709134500000005,,,,2,2023-06-18T12:24:48+00:00
SAO_273L-10,São Paulo,3550308,True,,32992,,,-23.528471375,-46.449597875,,,,2,2023-06-18T12:24:29+00:00
SAO_273L-10,São Paulo,3550308,True,,32992,,,-23.5125455,-46.43401,,,,2,2023-06-18T12:25:04+00:00
SAO_4055-10,São Paulo,3550308,True,,2447,,,-23.5523405,-46.416957,,,,1,2023-06-18T12:25:07+00:00
SAO_809H-10,São Paulo,3550308,True,,2245,,,-23.580671000000002,-46.794031000000004,,,,1,2023-06-18T12:24:27+00:00
SAO_809H-10,São Paulo,3550308,True,,2245,,,-23.523029,-46.717975499999994,,,,1,2023-06-18T12:24:34+00:00
SAO_4717-10,São Paulo,3550308,True,,33103,,,-23.637105499999997,-46.595567,,,,2,2023-06-18T12:24:35+00:00
SAO_3787-10,São Paulo,3550308,True,,34380,,,-23.602904,-46.404198,,,,2,2023-06-18T12:24:52+00:00
SAO_3787-10,São Paulo,3550308,True,,34380,,,-23.6008165,-46.399510500000005,,,,2,2023-06-18T12:24:27+00:00
SAO_3787-10,São Paulo,3550308,True,,34380,,,-23.60156875,-46.398831,,,,2,2023-06-18T12:25:08+00:00
SAO_3787-10,São Paulo,3550308,True,,34380,,,-23.573963,-46.445578,,,,2,2023-06-18T12:24:33+00:00
SAO_5145-10,São Paulo,3550308,True,,1641,,,-23.5570435,-46.633199000000005,,,,1,2023-06-18T12:24:57+00:00
SAO_5145-10,São Paulo,3550308,True,,1641,,,-23.57389375,-46.557759250000004,,,,1,2023-06-18T12:24:52+00:00
SAO_2709-31,São Paulo,3550308,True,,33691,,,-23.52906,-46.500085750000004,,,,2,2023-06-18T12:25:06+00:00
SAO_778R-10,São Paulo,3550308,True,EMTU,509,https://moovitapp.com/index/pt-br/transporte_p%C3%BAblico-line-509-Sao_Paulo-242-2038937-36419531-0,4.95,-23.538932,-46.646022,,,,1,2023-06-18T12:25:07+00:00
SAO_778R-10,São Paulo,3550308,True,EMTU,509,https://moovitapp.com/index/pt-br/transporte_p%C3%BAblico-line-509-Sao_Paulo-242-2038937-36419531-0,4.95,-23.5853555,-46.8066125,,,,1,2023-06-18T12:24:43+00:00
SAO_778R-10,São Paulo,3550308,True,EMTU,509,https://moovitapp.com/index/pt-br/transporte_p%C3%BAblico-line-509-Sao_Paulo-242-2038937-36419531-0,4.95,-23.580862250000003,-46.7293155,,,,1,2023-06-18T12:25:10+00:00
SAO_778R-10,São Paulo,3550308,True,EMTU,509,https://moovitapp.com/index/pt-br/transporte_p%C3%BAblico-line-509-Sao_Paulo-242-2038937-36419531-0,4.95,-23.5476795,-46.6480115,,,,1,2023-06-18T12:25:00+00:00
SAO_778R-10,São Paulo,3550308,True,EMTU,509,https://moovitapp.com/index/pt-br/transporte_p%C3%BAblico-line-509-Sao_Paulo-242-2038937-36419531-0,4.95,-23.584046,-46.810069999999996,,,,1,2023-06-18T12:24:41+00:00
SAO_2451-10,São Paulo,3550308,True,EMTU,213,https://moovitapp.com/index/pt-br/transporte_p%C3%BAblico-line-213-Sao_Paulo-242-2038937-36419335-0,6.7,-23.5285825,-46.5544955,,,,1,2023-06-18T12:24:47+00:00
SAO_9023-10,São Paulo,3550308,True,,34205,,,-23.419657,-46.716916499999996,,,,2,2023-06-18T12:24:54+00:00
SAO_9023-10,São Paulo,3550308,True,,34205,,,-23.454539,-46.71625,,,,2,2023-06-18T12:24:31+00:00
SAO_9023-10,São Paulo,3550308,True,,34205,,,-23.486517,-46.7267185,,,,2,2023-06-18T12:25:06+00:00
SAO_695D-10,São Paulo,3550308,True,,32882,,,-23.732850999999997,-46.6761405,,,,2,2023-06-18T12:24:53+00:00
SAO_695D-10,São Paulo,3550308,True,,32882,,,-23.6673325,-46.677828000000005,,,,2,2023-06-18T12:24:54+00:00
SAO_6010-10,São Paulo,3550308,True,,33970,,,-23.6625175,-46.74836,,,,2,2023-06-18T12:24:38+00:00
SAO_6010-10,São Paulo,3550308,True,,33970,,,-23.6933645,-46.794154,,,,2,2023-06-18T12:25:06+00:00
SAO_6010-10,São Paulo,3550308,True,,33970,,,-23.693685000000002,-46.794277,,,,2,2023-06-18T12:24:30+00:00
SAO_6010-10,São Paulo,3550308,True,,33970,,,-23.693569500000002,-46.794188,,,,2,2023-06-18T12:24:48+00:00
SAO_6010-10,São Paulo,3550308,True,,33970,,,-23.6938785,-46.7945825,,,,2,2023-06-18T12:24:27+00:00
SAO_6010-10,São Paulo,3550308,True,,33970,,,-23.6934315,-46.794145,,,,2,2023-06-18T12:24:45+00:00
SAO_6010-10,São Paulo,3550308,True,,33970,,,-23.6938785,-46.7945825,,,,2,2023-06-18T12:25:05+00:00
SAO_6010-10,São Paulo,3550308,True,,33970,,,-23.690888,-46.795587999999995,,,,2,2023-06-18T12:24:33+00:00
SAO_199D-10,São Paulo,3550308,True,,2135,,,-23.548339,-46.685454,,,,1,2023-06-18T12:24:30+00:00
SAO_199D-10,São Paulo,3550308,True,,2135,,,-23.516236999999997,-46.698377,,,,1,2023-06-18T12:24:57+00:00
SAO_607C-10,São Paulo,3550308,True,,1977,,,-23.6896565,-46.635254,,,,1,2023-06-18T12:24:45+00:00
SAO_607C-10,São Paulo,3550308,True,,1977,,,-23.612699499999998,-46.695493,,,,1,2023-06-18T12:24:32+00:00
SAO_607C-10,São Paulo,3550308,True,,1977,,,-23.6695585,-46.6485505,,,,1,2023-06-18T12:24:32+00:00
SAO_607C-10,São Paulo,3550308,True,,1977,,,-23.6276505,-46.685390999999996,,,,1,2023-06-18T12:25:05+00:00
SAO_9717-10,São Paulo,3550308,True,,33585,,,-23.463628,-46.6811755,,,,2,2023-06-18T12:24:54+00:00
SAO_9717-10,São Paulo,3550308,True,,33585,,,-23.47683,-46.679985,,,,2,2023-06-18T12:25:05+00:00
SAO_9717-10,São Paulo,3550308,True,,33585,,,-23.511483375,-46.626892375,,,,2,2023-06-18T12:25:07+00:00
SAO_6093-10,São Paulo,3550308,True,,34353,,,-23.742859,-46.701942,,,,2,2023-06-18T12:24:29+00:00
SAO_6093-10,São Paulo,3550308,True,,34353,,,-23.841333,-46.719069000000005,,,,2,2023-06-18T12:25:01+00:00
SAO_7012-10,São Paulo,3550308,True,,34811,,,-23.6991705,-46.7784215,,,,2,2023-06-18T12:25:08+00:00
SAO_7012-10,São Paulo,3550308,True,,34811,,,-23.7103945,-46.77583224999999,,,,2,2023-06-18T12:25:03+00:00
SAO_8017-10,São Paulo,3550308,True,,34029,,,-23.482231,-46.7177375,,,,2,2023-06-18T12:25:02+00:00
SAO_8017-10,São Paulo,3550308,True,,34029,,,-23.43882425,-46.7467245,,,,2,2023-06-18T12:24:53+00:00
SAO_8017-10,São Paulo,3550308,True,,34029,,,-23.435727749999998,-46.741827,,,,2,2023-06-18T12:24:50+00:00
SAO_8010-10,São Paulo,3550308,True,,798,,,-23.482183,-46.726935499999996,,,,1,2023-06-18T12:24:58+00:00
SAO_8010-10,São Paulo,3550308,True,,798,,,-23.407032,-46.758294,,,,1,2023-06-18T12:24:31+00:00
SAO_5038-10,São Paulo,3550308,True,,34429,,,-23.610777,-46.60018325,,,,2,2023-06-18T12:24:45+00:00
SAO_5038-10,São Paulo,3550308,True,,34429,,,-23.6548455,-46.609356000000005,,,,2,2023-06-18T12:24:44+00:00
SAO_7011-10,São Paulo,3550308,True,,34720,,,-23.707812,-46.7918005,,,,2,2023-06-18T12:24:52+00:00
SAO_7011-10,São Paulo,3550308,True,,34720,,,-23.707335,-46.791682,,,,2,2023-06-18T12:24:52+00:00
SAO_2722-10,São Paulo,3550308,True,,33703,,,-23.512731,-46.503159999999994,,,,2,2023-06-18T12:24:51+00:00
SAO_4019-10,São Paulo,3550308,True,,35292,,,-23.542802000000002,-46.470636,,,,2,2023-06-18T12:25:08+00:00
SAO_7267-10,São Paulo,3550308,True,,1427,,,-23.5539135,-46.67143675,,,,1,2023-06-18T12:24:51+00:00
SAO_7267-10,São Paulo,3550308,True,,1427,,,-23.548194625,-46.649595375000004,,,,1,2023-06-18T12:25:05+00:00
SAO_6115-10,São Paulo,3550308,True,,33953,,,-23.75637075,-46.6682945,,,,2,2023-06-18T12:25:10+00:00
SAO_6115-10,São Paulo,3550308,True,,33953,,,-23.7428035,-46.658500000000004,,,,2,2023-06-18T12:25:00+00:00
SAO_6115-10,São Paulo,3550308,True,,33953,,,-23.735712499999998,-46.69611125,,,,2,2023-06-18T12:24:54+00:00
SAO_6115-10,São Paulo,3550308,True,,33953,,,-23.742746,-46.6587425,,,,2,2023-06-18T12:25:06+00:00
SAO_297A-10,São Paulo,3550308,True,,34901,,,-23.507303625,-46.67744375,,,,2,2023-06-18T12:24:40+00:00
SAO_2006-10,São Paulo,3550308,True,,895,,,-23.506570625000002,-46.366393375,,,,1,2023-06-18T12:24:30+00:00
SAO_2006-10,São Paulo,3550308,True,,895,,,-23.510832999999998,-46.366727,,,,1,2023-06-18T12:24:31+00:00
SAO_2006-10,São Paulo,3550308,True,,895,,,-23.510832999999998,-46.366727,,,,1,2023-06-18T12:24:42+00:00
SAO_2006-10,São Paulo,3550308,True,,895,,,-23.510832999999998,-46.366727,,,,1,2023-06-18T12:24:30+00:00
SAO_2006-10,São Paulo,3550308,True,,895,,,-23.510832999999998,-46.366727,,,,1,2023-06-18T12:24:23+00:00
SAO_2006-10,São Paulo,3550308,True,,895,,,-23.5053745,-46.36656475,,,,1,2023-06-18T12:24:58+00:00
SAO_809D-10,São Paulo,3550308,True,,34836,,,-23.6031905,-46.781071999999995,,,,2,2023-06-18T12:24:26+00:00
SAO_809D-10,São Paulo,3550308,True,,34836,,,-23.588421375000003,-46.76599625,,,,2,2023-06-18T12:24:46+00:00
SAO_917H-10,São Paulo,3550308,True,STT,456,https://moovitapp.com/index/pt-br/transporte_p%C3%BAblico-line-456-Sao_Paulo-242-850661-10416524-0,5.3,-23.589214499999997,-46.634663,,,,1,2023-06-18T12:24:43+00:00
SAO_917H-10,São Paulo,3550308,True,STT,456,https://moovitapp.com/index/pt-br/transporte_p%C3%BAblico-line-456-Sao_Paulo-242-850661-10416524-0,5.3,-23.5539135,-46.67143675,,,,1,2023-06-18T12:24:36+00:00
SAO_917H-10,São Paulo,3550308,True,STT,456,https://moovitapp.com/index/pt-br/transporte_p%C3%BAblico-line-456-Sao_Paulo-242-850661-10416524-0,5.3,-23.565738500000002,-46.651435125000006,,,,1,2023-06-18T12:24:56+00:00
SAO_917H-10,São Paulo,3550308,True,STT,456,https://moovitapp.com/index/pt-br/transporte_p%C3%BAblico-line-456-Sao_Paulo-242-850661-10416524-0,5.3,-23.53537,-46.712353,,,,1,2023-06-18T12:24:59+00:00
SAO_917H-10,São Paulo,3550308,True,STT,456,https://moovitapp.com/index/pt-br/transporte_p%C3%BAblico-line-456-Sao_Paulo-242-850661-10416524-0,5.3,-23.508483,-46.753133000000005,,,,1,2023-06-18T12:25:00+00:00
SAO_917H-10,São Paulo,3550308,True,STT,456,https://moovitapp.com/index/pt-br/transporte_p%C3%BAblico-line-456-Sao_Paulo-242-850661-10416524-0,5.3,-23.486826,-46.737035,,,,1,2023-06-18T12:25:05+00:00
SAO_957T-10,São Paulo,3550308,True,,33232,,,-23.436427374999997,-46.716528374999996,,,,2,2023-06-18T12:25:00+00:00
SAO_957T-10,São Paulo,3550308,True,,33232,,,-23.52107175,-46.726905,,,,2,2023-06-18T12:24:26+00:00
SAO_2551-10,São Paulo,3550308,True,EMTU,141,https://moovitapp.com/index/pt-br/transporte_p%C3%BAblico-line-141-Sao_Paulo-242-2038937-36419292-0,8.15,-23.54376275,-46.62067975,,,,1,2023-06-18T12:24:44+00:00
SAO_2551-10,São Paulo,3550308,True,EMTU,141,https://moovitapp.com/index/pt-br/transporte_p%C3%BAblico-line-141-Sao_Paulo-242-2038937-36419292-0,8.15,-23.499353499999998,-46.5221315,,,,1,2023-06-18T12:24:50+00:00
SAO_2551-10,São Paulo,3550308,True,EMTU,141,https://moovitapp.com/index/pt-br/transporte_p%C3%BAblico-line-141-Sao_Paulo-242-2038937-36419292-0,8.15,-23.517939,-46.475913500000004,,,,1,2023-06-18T12:25:06+00:00
SAO_4221-10,São Paulo,3550308,True,,325,,,-23.6047565,-46.515227499999995,,,,1,2023-06-18T12:24:26+00:00
SAO_4221-10,São Paulo,3550308,True,,325,,,-23.5456715,-46.630392,,,,1,2023-06-18T12:24:56+00:00
SAO_4020-10,São Paulo,3550308,True,,2530,,,-23.534623,-46.4529845,,,,1,2023-06-18T12:24:40+00:00
SAO_4020-10,São Paulo,3550308,True,,2530,,,-23.562766250000003,-46.4462375,,,,1,2023-06-18T12:25:08+00:00
SAO_342C-10,São Paulo,3550308,True,,33770,,,-23.535861,-46.5067415,,,,2,2023-06-18T12:24:34+00:00
SAO_1705-10,São Paulo,3550308,True,,849,,,-23.442104999999998,-46.5884335,,,,1,2023-06-18T12:24:47+00:00
SAO_1705-10,São Paulo,3550308,True,,849,,,-23.434117999999998,-46.5843315,,,,1,2023-06-18T12:25:00+00:00
SAO_1705-10,São Paulo,3550308,True,,849,,,-23.443433499999998,-46.589321,,,,1,2023-06-18T12:24:24+00:00
SAO_3029-10,São Paulo,3550308,True,,966,,,-23.585262999999998,-46.506369500000005,,,,1,2023-06-18T12:24:53+00:00
SAO_3029-10,São Paulo,3550308,True,,966,,,-23.54120725,-46.554621999999995,,,,1,2023-06-18T12:23:07+00:00
SAO_3029-10,São Paulo,3550308,True,,966,,,-23.5410925,-46.577089,,,,1,2023-06-18T12:24:41+00:00
SAO_3029-10,São Paulo,3550308,True,,966,,,-23.5631175,-46.542719000000005,,,,1,2023-06-18T12:24:40+00:00
SAO_3029-10,São Paulo,3550308,True,,966,,,-23.5796225,-46.510898499999996,,,,1,2023-06-18T12:24:26+00:00
SAO_8677-10,São Paulo,3550308,True,EMTU,443,https://moovitapp.com/index/pt-br/transporte_p%C3%BAblico-line-443-Sao_Paulo-242-2038937-36419491-0,5.4,-23.54253,-46.6380605,,,,1,2023-06-18T12:25:03+00:00
SAO_8677-10,São Paulo,3550308,True,EMTU,443,https://moovitapp.com/index/pt-br/transporte_p%C3%BAblico-line-443-Sao_Paulo-242-2038937-36419491-0,5.4,-23.4846215,-46.744491499999995,,,,1,2023-06-18T12:25:06+00:00
SAO_8677-10,São Paulo,3550308,True,EMTU,443,https://moovitapp.com/index/pt-br/transporte_p%C3%BAblico-line-443-Sao_Paulo-242-2038937-36419491-0,5.4,-23.507759,-46.747418499999995,,,,1,2023-06-18T12:25:01+00:00
SAO_8677-10,São Paulo,3550308,True,EMTU,443,https://moovitapp.com/index/pt-br/transporte_p%C3%BAblico-line-443-Sao_Paulo-242-2038937-36419491-0,5.4,-23.525012,-46.68665575,,,,1,2023-06-18T12:24:37+00:00
SAO_7055-10,São Paulo,3550308,True,,1888,,,-23.6313825,-46.77286,,,,1,2023-06-18T12:24:59+00:00
SAO_7055-10,São Paulo,3550308,True,,1888,,,-23.6624305,-46.769189,,,,1,2023-06-18T12:24:41+00:00
SAO_7055-10,São Paulo,3550308,True,,1888,,,-23.67882,-46.7791165,,,,1,2023-06-18T12:24:48+00:00
SAO_4015-10,São Paulo,3550308,True,,2188,,,-23.63282425,-46.47135875,,,,1,2023-06-18T12:25:07+00:00
SAO_4015-10,São Paulo,3550308,True,,2188,,,-23.622403499999997,-46.472824,,,,1,2023-06-18T12:24:44+00:00
SAO_178T-10,São Paulo,3550308,True,EMTU,565,https://moovitapp.com/index/pt-br/transporte_p%C3%BAblico-line-565-Sao_Paulo-242-2038937-36419563-0,8.1,-23.518145500000003,-46.7036745,,,,1,2023-06-18T12:24:52+00:00
SAO_178T-10,São Paulo,3550308,True,EMTU,565,https://moovitapp.com/index/pt-br/transporte_p%C3%BAblico-line-565-Sao_Paulo-242-2038937-36419563-0,8.1,-23.5313455,-46.7346275,,,,1,2023-06-18T12:24:36+00:00
SAO_178T-10,São Paulo,3550308,True,EMTU,565,https://moovitapp.com/index/pt-br/transporte_p%C3%BAblico-line-565-Sao_Paulo-242-2038937-36419563-0,8.1,-23.493428750000003,-46.65907875,,,,1,2023-06-18T12:25:00+00:00
SAO_875C-1,São Paulo,3550308,True,,35278,,,-23.60050175,-46.66364525,,,,2,2023-06-18T12:24:37+00:00
SAO_875C-1,São Paulo,3550308,True,,35278,,,-23.519925999999998,-46.699962,,,,2,2023-06-18T12:24:42+00:00
SAO_373L-10,São Paulo,3550308,True,,1027,,,-23.615178999999998,-46.423012,,,,1,2023-06-18T12:24:37+00:00
SAO_373L-10,São Paulo,3550308,True,,1027,,,-23.578554500000003,-46.443013,,,,1,2023-06-18T12:24:54+00:00
SAO_373L-10,São Paulo,3550308,True,,1027,,,-23.6224955,-46.4141075,,,,1,2023-06-18T12:25:07+00:00
SAO_2714-10,São Paulo,3550308,True,,33695,,,-23.5316515,-46.52857349999999,,,,2,2023-06-18T12:24:43+00:00
SAO_2714-10,São Paulo,3550308,True,,33695,,,-23.50791875,-46.521520249999995,,,,2,2023-06-18T12:25:00+00:00
SAO_2714-10,São Paulo,3550308,True,,33695,,,-23.531503,-46.5289355,,,,2,2023-06-18T12:24:35+00:00
SAO_6044-10,São Paulo,3550308,True,,1221,,,-23.65436375,-46.760079499999996,,,,1,2023-06-18T12:24:50+00:00
SAO_6044-10,São Paulo,3550308,True,,1221,,,-23.64164275,-46.715305875,,,,1,2023-06-18T12:24:25+00:00
SAO_6015-10,São Paulo,3550308,True,,1205,,,-23.691907,-46.7760155,,,,1,2023-06-18T12:24:32+00:00
SAO_6015-10,São Paulo,3550308,True,,1205,,,-23.734715,-46.7945555,,,,1,2023-06-18T12:24:49+00:00
SAO_6015-10,São Paulo,3550308,True,,1205,,,-23.648763,-46.703888500000005,,,,1,2023-06-18T12:24:59+00:00
SAO_6015-10,São Paulo,3550308,True,,1205,,,-23.739275,-46.793328,,,,1,2023-06-18T12:24:44+00:00
SAO_6015-10,São Paulo,3550308,True,,1205,,,-23.734715,-46.7945555,,,,1,2023-06-18T12:25:07+00:00
SAO_8055-10,São Paulo,3550308,True,,33182,,,-23.408318,-46.7415825,,,,2,2023-06-18T12:24:54+00:00
SAO_8055-10,São Paulo,3550308,True,,33182,,,-23.408456,-46.7408545,,,,2,2023-06-18T12:25:02+00:00
SAO_8055-10,São Paulo,3550308,True,,33182,,,-23.470105500000003,-46.7789865,,,,2,2023-06-18T12:24:46+00:00
SAO_8199-10,São Paulo,3550308,True,EMTU,807,https://moovitapp.com/index/pt-br/transporte_p%C3%BAblico-line-807-Sao_Paulo-242-2038937-36419583-0,7.8,-23.477257,-46.678207,,,,1,2023-06-18T12:24:22+00:00
SAO_8199-10,São Paulo,3550308,True,EMTU,807,https://moovitapp.com/index/pt-br/transporte_p%C3%BAblico-line-807-Sao_Paulo-242-2038937-36419583-0,7.8,-23.486086,-46.7251615,,,,1,2023-06-18T12:24:20+00:00
SAO_573T-10,São Paulo,3550308,True,,34400,,,-23.575205999999998,-46.50457175,,,,2,2023-06-18T12:24:27+00:00
SAO_573T-10,São Paulo,3550308,True,,34400,,,-23.612773,-46.4946395,,,,2,2023-06-18T12:23:48+00:00
SAO_971C-10,São Paulo,3550308,True,,33339,,,-23.47933075,-46.66212675,,,,2,2023-06-18T12:24:57+00:00
SAO_971C-10,São Paulo,3550308,True,,33339,,,-23.4490045,-46.7102105,,,,2,2023-06-18T12:24:28+00:00
SAO_5290-10,São Paulo,3550308,True,,597,,,-23.604216,-46.636689000000004,,,,1,2023-06-18T12:25:05+00:00
SAO_5290-10,São Paulo,3550308,True,,597,,,-23.546433999999998,-46.630430000000004,,,,1,2023-06-18T12:24:43+00:00
SAO_5290-10,São Paulo,3550308,True,,597,,,-23.676017,-46.62894625,,,,1,2023-06-18T12:25:06+00:00
SAO_271A-10,São Paulo,3550308,True,STT,702,https://moovitapp.com/index/pt-br/transporte_p%C3%BAblico-line-702-Sao_Paulo-242-850661-641780-0,5.3,-23.527203999999998,-46.554904,,,,1,2023-06-18T12:24:39+00:00
SAO_6093-10,São Paulo,3550308,True,,1585,,,-23.747792,-46.708254499999995,,,,1,2023-06-18T12:24:37+00:00
SAO_6093-10,São Paulo,3550308,True,,1585,,,-23.8181975,-46.7340855,,,,1,2023-06-18T12:24:41+00:00
SAO_6093-10,São Paulo,3550308,True,,1585,,,-23.799505,-46.7316945,,,,1,2023-06-18T12:24:57+00:00
SAO_1765-10,São Paulo,3550308,True,,34550,,,-23.467172,-46.56877125,,,,2,2023-06-18T12:24:35+00:00
SAO_1765-10,São Paulo,3550308,True,,34550,,,-23.4708685,-46.580084,,,,2,2023-06-18T12:24:50+00:00
SAO_273L-10,São Paulo,3550308,True,,224,,,-23.539371,-46.431256,,,,1,2023-06-18T12:24:44+00:00
SAO_273L-10,São Paulo,3550308,True,,224,,,-23.5308895,-46.4154145,,,,1,2023-06-18T12:24:58+00:00
SAO_273L-10,São Paulo,3550308,True,,224,,,-23.538683,-46.480537749999996,,,,1,2023-06-18T12:25:03+00:00
SAO_1775-10,São Paulo,3550308,True,,638,,,-23.473375,-46.630275499999996,,,,1,2023-06-18T12:24:48+00:00
SAO_809V-10,São Paulo,3550308,True,,2243,,,-23.5587165,-46.659662874999995,,,,1,2023-06-18T12:24:56+00:00
SAO_3390-10,São Paulo,3550308,True,,738,,,-23.6101665,-46.485129,,,,1,2023-06-18T12:24:26+00:00
SAO_3390-10,São Paulo,3550308,True,,738,,,-23.58114175,-46.58452675,,,,1,2023-06-18T12:25:00+00:00
SAO_3390-10,São Paulo,3550308,True,,738,,,-23.55385,-46.6261865,,,,1,2023-06-18T12:25:06+00:00
SAO_6071-10,São Paulo,3550308,True,,33924,,,-23.65397,-46.711581499999994,,,,2,2023-06-18T12:24:43+00:00
SAO_6071-10,São Paulo,3550308,True,,33924,,,-23.7188765,-46.678427,,,,2,2023-06-18T12:24:40+00:00
SAO_6071-10,São Paulo,3550308,True,,33924,,,-23.708702000000002,-46.688891,,,,2,2023-06-18T12:25:08+00:00
SAO_2523-10,São Paulo,3550308,True,Cidade de Caieiras,250,https://moovitapp.com/index/pt-br/transporte_p%C3%BAblico-line-250-Sao_Paulo-242-868761-752902-0,5.0,-23.5182095,-46.475659,,,,1,2023-06-18T12:24:49+00:00
SAO_2523-10,São Paulo,3550308,True,Cidade de Caieiras,250,https://moovitapp.com/index/pt-br/transporte_p%C3%BAblico-line-250-Sao_Paulo-242-868761-752902-0,5.0,-23.5182095,-46.475659,,,,1,2023-06-18T12:25:04+00:00
SAO_2523-10,São Paulo,3550308,True,Cidade de Caieiras,250,https://moovitapp.com/index/pt-br/transporte_p%C3%BAblico-line-250-Sao_Paulo-242-868761-752902-0,5.0,-23.5182095,-46.475659,,,,1,2023-06-18T12:24:39+00:00
SAO_1722-10,São Paulo,3550308,True,,864,,,-23.478602,-46.6012845,,,,1,2023-06-18T12:24:50+00:00
SAO_1722-10,São Paulo,3550308,True,,864,,,-23.458184000000003,-46.61256975,,,,1,2023-06-18T12:24:33+00:00
SAO_1722-10,São Paulo,3550308,True,,864,,,-23.468042,-46.593669500000004,,,,1,2023-06-18T12:24:32+00:00
SAO_1722-10,São Paulo,3550308,True,,864,,,-23.474802500000003,-46.66820249999999,,,,1,2023-06-18T12:25:01+00:00
SAO_809L-10,São Paulo,3550308,True,,34717,,,-23.631868500000003,-46.772482,,,,2,2023-06-18T12:25:02+00:00
SAO_809L-10,São Paulo,3550308,True,,34717,,,-23.577265500000003,-46.714676,,,,2,2023-06-18T12:24:49+00:00
SAO_809L-10,São Paulo,3550308,True,,34717,,,-23.527760999999998,-46.704662,,,,2,2023-06-18T12:24:51+00:00
SAO_2766-10,São Paulo,3550308,True,,33173,,,-23.5425775,-46.4719335,,,,2,2023-06-18T12:24:27+00:00
SAO_2766-10,São Paulo,3550308,True,,33173,,,-23.5425775,-46.4719335,,,,2,2023-06-18T12:24:52+00:00
SAO_2766-10,São Paulo,3550308,True,,33173,,,-23.511593,-46.394174,,,,2,2023-06-18T12:24:37+00:00
SAO_2766-10,São Paulo,3550308,True,,33173,,,-23.5282755,-46.4487675,,,,2,2023-06-18T12:24:58+00:00
SAO_2766-10,São Paulo,3550308,True,,33173,,,-23.5425775,-46.4719335,,,,2,2023-06-18T12:24:48+00:00
SAO_6804-10,São Paulo,3550308,True,BR7 Mobilidade,30,https://moovitapp.com/index/pt-br/transporte_p%C3%BAblico-line-30-Sao_Paulo-242-851856-500112-0,5.75,-23.633142999999997,-46.751173249999994,,,,1,2023-06-18T12:24:50+00:00
SAO_3063-10,São Paulo,3550308,True,,33021,,,-23.558082,-46.3995945,,,,2,2023-06-18T12:24:46+00:00
SAO_3063-10,São Paulo,3550308,True,,33021,,,-23.613538,-46.476616,,,,2,2023-06-18T12:24:26+00:00
SAO_675G-10,São Paulo,3550308,True,ETT,106,https://moovitapp.com/index/pt-br/transporte_p%C3%BAblico-line-106-Sao_Paulo-242-876373-496508-0,5.3,-23.74464175,-46.66963762500001,,,,1,2023-06-18T12:24:55+00:00
SAO_675G-10,São Paulo,3550308,True,ETT,106,https://moovitapp.com/index/pt-br/transporte_p%C3%BAblico-line-106-Sao_Paulo-242-876373-496508-0,5.3,-23.647410999999998,-46.662507,,,,1,2023-06-18T12:25:01+00:00
SAO_675G-10,São Paulo,3550308,True,ETT,106,https://moovitapp.com/index/pt-br/transporte_p%C3%BAblico-line-106-Sao_Paulo-242-876373-496508-0,5.3,-23.722867,-46.698121,,,,1,2023-06-18T12:24:30+00:00
SAO_1705-10,São Paulo,3550308,True,,33617,,,-23.440603,-46.587718,,,,2,2023-06-18T12:24:04+00:00
SAO_1705-10,São Paulo,3550308,True,,33617,,,-23.480383,-46.602609,,,,2,2023-06-18T12:25:07+00:00
SAO_178L-10,São Paulo,3550308,True,,33328,,,-23.4746205,-46.643643999999995,,,,2,2023-06-18T12:25:06+00:00
SAO_178L-10,São Paulo,3550308,True,,33328,,,-23.547548,-46.647615,,,,2,2023-06-18T12:24:51+00:00
SAO_746C-10,São Paulo,3550308,True,,33551,,,-23.609017,-46.750698,,,,2,2023-06-18T12:24:57+00:00
SAO_746C-10,São Paulo,3550308,True,,33551,,,-23.608664,-46.7471565,,,,2,2023-06-18T12:25:05+00:00
SAO_746C-10,São Paulo,3550308,True,,33551,,,-23.639170999999997,-46.7366265,,,,2,2023-06-18T12:25:00+00:00
SAO_746C-10,São Paulo,3550308,True,,33551,,,-23.649793,-46.708727499999995,,,,2,2023-06-18T12:25:04+00:00
SAO_978L-10,São Paulo,3550308,True,,33234,,,-23.4805725,-46.6731805,,,,2,2023-06-18T12:24:51+00:00
SAO_978L-10,São Paulo,3550308,True,,33234,,,-23.534007000000003,-46.652626999999995,,,,2,2023-06-18T12:25:05+00:00
SAO_7009-10,São Paulo,3550308,True,,34719,,,-23.689302875,-46.773427749999996,,,,2,2023-06-18T12:24:57+00:00
SAO_707K-10,São Paulo,3550308,True,,2503,,,-23.64208275,-46.67265275,,,,1,2023-06-18T12:24:41+00:00
SAO_7006-51,São Paulo,3550308,True,,34765,,,-23.7491515,-46.783023,,,,2,2023-06-18T12:24:31+00:00
SAO_7006-51,São Paulo,3550308,True,,34765,,,-23.713711500000002,-46.7818075,,,,2,2023-06-18T12:24:53+00:00
SAO_7006-51,São Paulo,3550308,True,,34765,,,-23.7488905,-46.7831885,,,,2,2023-06-18T12:24:39+00:00
SAO_8194-10,São Paulo,3550308,True,,33573,,,-23.4140175,-46.750341500000005,,,,2,2023-06-18T12:25:03+00:00
SAO_8194-10,São Paulo,3550308,True,,33573,,,-23.459349,-46.686189999999996,,,,2,2023-06-18T12:25:07+00:00
SAO_8194-10,São Paulo,3550308,True,,33573,,,-23.4013115,-46.753187499999996,,,,2,2023-06-18T12:24:53+00:00
SAO_577T-10,São Paulo,3550308,True,,34059,,,-23.634312,-46.642042,,,,2,2023-06-18T12:24:29+00:00
SAO_577T-10,São Paulo,3550308,True,,34059,,,-23.654385249999997,-46.65670325,,,,2,2023-06-18T12:24:30+00:00
SAO_577T-10,São Paulo,3550308,True,,34059,,,-23.581736499999998,-46.638384,,,,2,2023-06-18T12:24:58+00:00
SAO_577T-10,São Paulo,3550308,True,,34059,,,-23.684678499999997,-46.633152,,,,2,2023-06-18T12:24:56+00:00
SAO_577T-10,São Paulo,3550308,True,,34059,,,-23.59716,-46.64210875,,,,2,2023-06-18T12:24:28+00:00
SAO_577T-10,São Paulo,3550308,True,,34059,,,-23.581736499999998,-46.638384,,,,2,2023-06-18T12:24:38+00:00
SAO_8500-10,São Paulo,3550308,True,,1267,,,-23.519187375,-46.67556075,,,,1,2023-06-18T12:25:02+00:00
SAO_8500-10,São Paulo,3550308,True,,1267,,,-23.488878,-46.710856,,,,1,2023-06-18T12:24:26+00:00
SAO_2756-10,São Paulo,3550308,True,,33006,,,-23.530049499999997,-46.415566,,,,2,2023-06-18T12:24:36+00:00
SAO_2756-10,São Paulo,3550308,True,,33006,,,-23.5297945,-46.500789,,,,2,2023-06-18T12:24:54+00:00
SAO_177Y-10,São Paulo,3550308,True,,33635,,,-23.558247,-46.681833499999996,,,,2,2023-06-18T12:23:26+00:00
SAO_177Y-10,São Paulo,3550308,True,,33635,,,-23.527178499999998,-46.66675275,,,,2,2023-06-18T12:24:50+00:00
SAO_4086-10,São Paulo,3550308,True,,35018,,,-23.5830095,-46.4078305,,,,2,2023-06-18T12:24:54+00:00
SAO_8047-10,São Paulo,3550308,True,,33176,,,-23.520303499999997,-46.7110705,,,,2,2023-06-18T12:25:07+00:00
SAO_8047-10,São Paulo,3550308,True,,33176,,,-23.4365905,-46.7530045,,,,2,2023-06-18T12:24:28+00:00
SAO_8047-10,São Paulo,3550308,True,,33176,,,-23.4637905,-46.753795499999995,,,,2,2023-06-18T12:24:03+00:00
SAO_9789-10,São Paulo,3550308,True,,33597,,,-23.4867355,-46.687672500000005,,,,2,2023-06-18T12:25:01+00:00
SAO_9789-10,São Paulo,3550308,True,,33597,,,-23.524542750000002,-46.66534625,,,,2,2023-06-18T12:25:03+00:00
SAO_746P-10,São Paulo,3550308,True,,788,,,-23.64571675,-46.708861375000005,,,,1,2023-06-18T12:24:26+00:00
SAO_746P-10,São Paulo,3550308,True,,788,,,-23.61987,-46.733194,,,,1,2023-06-18T12:25:06+00:00
SAO_746P-10,São Paulo,3550308,True,,788,,,-23.6180545,-46.7321715,,,,1,2023-06-18T12:24:50+00:00
SAO_7060-10,São Paulo,3550308,True,,34657,,,-23.630855500000003,-46.774021,,,,2,2023-06-18T12:25:08+00:00
SAO_3301-10,São Paulo,3550308,True,,1618,,,-23.546727,-46.629723999999996,,,,1,2023-06-18T12:24:48+00:00
SAO_3301-10,São Paulo,3550308,True,,1618,,,-23.494310249999998,-46.43849349999999,,,,1,2023-06-18T12:24:54+00:00
SAO_3301-10,São Paulo,3550308,True,,1618,,,-23.53574375,-46.5730255,,,,1,2023-06-18T12:25:01+00:00
SAO_3301-10,São Paulo,3550308,True,,1618,,,-23.513617,-46.542885999999996,,,,1,2023-06-18T12:24:45+00:00
SAO_5129-10,São Paulo,3550308,True,,1281,,,-23.680194,-46.63726,,,,1,2023-06-18T12:25:06+00:00
SAO_5129-10,São Paulo,3550308,True,,1281,,,-23.6438675,-46.672344,,,,1,2023-06-18T12:24:56+00:00
SAO_5129-10,São Paulo,3550308,True,,1281,,,-23.6681105,-46.705111,,,,1,2023-06-18T12:24:33+00:00
SAO_607A-10,São Paulo,3550308,True,,2139,,,-23.666517499999998,-46.705885,,,,1,2023-06-18T12:24:37+00:00
SAO_607A-10,São Paulo,3550308,True,,2139,,,-23.6952,-46.655016,,,,1,2023-06-18T12:24:25+00:00
SAO_648P-10,São Paulo,3550308,True,,32834,,,-23.6438595,-46.731730999999996,,,,2,2023-06-18T12:24:41+00:00
SAO_648P-10,São Paulo,3550308,True,,32834,,,-23.566234,-46.7020095,,,,2,2023-06-18T12:24:42+00:00
SAO_6021-10,São Paulo,3550308,True,EMTU,177,https://moovitapp.com/index/pt-br/transporte_p%C3%BAblico-line-177-Sao_Paulo-242-2038937-36419313-0,5.2,-23.7668205,-46.716344500000005,,,,1,2023-06-18T12:24:30+00:00
SAO_6021-10,São Paulo,3550308,True,EMTU,177,https://moovitapp.com/index/pt-br/transporte_p%C3%BAblico-line-177-Sao_Paulo-242-2038937-36419313-0,5.2,-23.793052000000003,-46.728751,,,,1,2023-06-18T12:25:07+00:00
SAO_6021-10,São Paulo,3550308,True,EMTU,177,https://moovitapp.com/index/pt-br/transporte_p%C3%BAblico-line-177-Sao_Paulo-242-2038937-36419313-0,5.2,-23.7668205,-46.716344500000005,,,,1,2023-06-18T12:24:51+00:00
SAO_6021-10,São Paulo,3550308,True,EMTU,177,https://moovitapp.com/index/pt-br/transporte_p%C3%BAblico-line-177-Sao_Paulo-242-2038937-36419313-0,5.2,-23.77216,-46.719817,,,,1,2023-06-18T12:25:09+00:00
SAO_6021-10,São Paulo,3550308,True,EMTU,177,https://moovitapp.com/index/pt-br/transporte_p%C3%BAblico-line-177-Sao_Paulo-242-2038937-36419313-0,5.2,-23.7668205,-46.716344500000005,,,,1,2023-06-18T12:24:37+00:00
SAO_6960-10,São Paulo,3550308,True,,34211,,,-23.6961995,-46.715037374999994,,,,2,2023-06-18T12:24:56+00:00
SAO_6960-10,São Paulo,3550308,True,,34211,,,-23.734043375,-46.698876874999996,,,,2,2023-06-18T12:25:08+00:00
SAO_6960-10,São Paulo,3550308,True,,34211,,,-23.766346,-46.716555,,,,2,2023-06-18T12:24:33+00:00
SAO_627J-10,São Paulo,3550308,True,,2056,,,-23.6274845,-46.642675,,,,1,2023-06-18T12:24:59+00:00
SAO_627J-10,São Paulo,3550308,True,,2056,,,-23.682060999999997,-46.633000499999994,,,,1,2023-06-18T12:24:48+00:00
SAO_6L05-10,São Paulo,3550308,True,,33941,,,-23.855311,-46.694753500000004,,,,2,2023-06-18T12:24:25+00:00
SAO_6L05-10,São Paulo,3550308,True,,33941,,,-23.8418845,-46.717929,,,,2,2023-06-18T12:24:39+00:00
SAO_5013-10,São Paulo,3550308,True,,1117,,,-23.654237000000002,-46.704584499999996,,,,1,2023-06-18T12:24:57+00:00
SAO_5013-10,São Paulo,3550308,True,,1117,,,-23.6543235,-46.7042885,,,,1,2023-06-18T12:25:08+00:00
SAO_5013-10,São Paulo,3550308,True,,1117,,,-23.677267999999998,-46.628326,,,,1,2023-06-18T12:24:35+00:00
SAO_5013-10,São Paulo,3550308,True,,1117,,,-23.67531375,-46.661088500000005,,,,1,2023-06-18T12:24:23+00:00
SAO_5013-10,São Paulo,3550308,True,,1117,,,-23.6829915,-46.644611,,,,1,2023-06-18T12:24:29+00:00
SAO_709M-10,São Paulo,3550308,True,,35230,,,-23.566688,-46.701549,,,,2,2023-06-18T12:24:43+00:00
SAO_709M-10,São Paulo,3550308,True,,35230,,,-23.59454625,-46.69019025,,,,2,2023-06-18T12:24:44+00:00
SAO_118C-10,São Paulo,3550308,True,,33287,,,-23.535300999999997,-46.64457,,,,2,2023-06-18T12:24:58+00:00
SAO_118C-10,São Paulo,3550308,True,,33287,,,-23.469895,-46.648627000000005,,,,2,2023-06-18T12:25:01+00:00
SAO_118C-10,São Paulo,3550308,True,,33287,,,-23.45342375,-46.67121625,,,,2,2023-06-18T12:24:27+00:00
SAO_199D-10,São Paulo,3550308,True,,34903,,,-23.567231,-46.6936625,,,,2,2023-06-18T12:25:01+00:00
SAO_199D-10,São Paulo,3550308,True,,34903,,,-23.485733,-46.711057999999994,,,,2,2023-06-18T12:24:58+00:00
SAO_199D-10,São Paulo,3550308,True,,34903,,,-23.5214275,-46.698573499999995,,,,2,2023-06-18T12:25:01+00:00
SAO_648P-10,São Paulo,3550308,True,,66,,,-23.645789999999998,-46.7465015,,,,1,2023-06-18T12:24:55+00:00
SAO_648P-10,São Paulo,3550308,True,,66,,,-23.60925175,-46.694238,,,,1,2023-06-18T12:24:31+00:00
SAO_7002-10,São Paulo,3550308,True,,772,,,-23.594811,-46.7683595,,,,1,2023-06-18T12:25:01+00:00
SAO_6099-10,São Paulo,3550308,True,,34355,,,-23.8097155,-46.737168499999996,,,,2,2023-06-18T12:25:10+00:00
SAO_6840-10,São Paulo,3550308,True,EMTU,201,https://moovitapp.com/index/pt-br/transporte_p%C3%BAblico-line-201-Sao_Paulo-242-2038937-58093160-0,20.4,-23.7420195,-46.800329000000005,,,,1,2023-06-18T12:25:00+00:00
SAO_6840-10,São Paulo,3550308,True,EMTU,201,https://moovitapp.com/index/pt-br/transporte_p%C3%BAblico-line-201-Sao_Paulo-242-2038937-58093160-0,20.4,-23.718654,-46.7846245,,,,1,2023-06-18T12:24:40+00:00
SAO_6840-10,São Paulo,3550308,True,EMTU,201,https://moovitapp.com/index/pt-br/transporte_p%C3%BAblico-line-201-Sao_Paulo-242-2038937-58093160-0,20.4,-23.6541265,-46.7631545,,,,1,2023-06-18T12:24:39+00:00
SAO_6840-10,São Paulo,3550308,True,EMTU,201,https://moovitapp.com/index/pt-br/transporte_p%C3%BAblico-line-201-Sao_Paulo-242-2038937-58093160-0,20.4,-23.66394475,-46.7699425,,,,1,2023-06-18T12:24:57+00:00
SAO_6840-10,São Paulo,3550308,True,EMTU,201,https://moovitapp.com/index/pt-br/transporte_p%C3%BAblico-line-201-Sao_Paulo-242-2038937-58093160-0,20.4,-23.694482,-46.7798025,,,,1,2023-06-18T12:25:05+00:00
SAO_6840-10,São Paulo,3550308,True,EMTU,201,https://moovitapp.com/index/pt-br/transporte_p%C3%BAblico-line-201-Sao_Paulo-242-2038937-58093160-0,20.4,-23.7317975,-46.7861475,,,,1,2023-06-18T12:24:39+00:00
SAO_8060-10,São Paulo,3550308,True,EMTU,418,https://moovitapp.com/index/pt-br/transporte_p%C3%BAblico-line-418-Sao_Paulo-242-2038937-36419475-0,6.55,-23.502665999999998,-46.759745249999995,,,,1,2023-06-18T12:24:49+00:00
SAO_8060-10,São Paulo,3550308,True,EMTU,418,https://moovitapp.com/index/pt-br/transporte_p%C3%BAblico-line-418-Sao_Paulo-242-2038937-36419475-0,6.55,-23.5222575,-46.718311,,,,1,2023-06-18T12:24:27+00:00
SAO_2182-10,São Paulo,3550308,True,,33468,,,-23.53897225,-46.60653325,,,,2,2023-06-18T12:24:58+00:00
SAO_2182-10,São Paulo,3550308,True,,33468,,,-23.4819775,-46.571059500000004,,,,2,2023-06-18T12:25:04+00:00
SAO_4310-10,São Paulo,3550308,True,,34928,,,-23.534565999999998,-46.4530625,,,,2,2023-06-18T12:24:59+00:00
SAO_4310-10,São Paulo,3550308,True,,34928,,,-23.541219499999997,-46.577991499999996,,,,2,2023-06-18T12:24:41+00:00
SAO_4310-10,São Paulo,3550308,True,,34928,,,-23.553165999999997,-46.612566,,,,2,2023-06-18T12:24:59+00:00
SAO_4310-10,São Paulo,3550308,True,,34928,,,-23.543553875,-46.58819525,,,,2,2023-06-18T12:24:45+00:00
SAO_4310-10,São Paulo,3550308,True,,34928,,,-23.543436,-46.4701685,,,,2,2023-06-18T12:24:57+00:00
SAO_7062-10,São Paulo,3550308,True,,34666,,,-23.646132,-46.7723025,,,,2,2023-06-18T12:24:43+00:00
SAO_7062-10,São Paulo,3550308,True,,34666,,,-23.6457135,-46.770793499999996,,,,2,2023-06-18T12:24:56+00:00
SAO_513L-10,São Paulo,3550308,True,,34423,,,-23.555578437499996,-46.599552875,,,,2,2023-06-18T12:24:58+00:00
SAO_3766-51,São Paulo,3550308,True,,2575,,,-23.54940475,-46.4286065,,,,1,2023-06-18T12:23:44+00:00
SAO_3766-51,São Paulo,3550308,True,,2575,,,-23.54940475,-46.4286065,,,,1,2023-06-18T12:24:26+00:00
SAO_3766-51,São Paulo,3550308,True,,2575,,,-23.54100375,-46.439520875,,,,1,2023-06-18T12:24:47+00:00
SAO_3766-51,São Paulo,3550308,True,,2575,,,-23.54940475,-46.4286065,,,,1,2023-06-18T12:24:31+00:00
SAO_5611-10,São Paulo,3550308,True,EMTU,598,https://moovitapp.com/index/pt-br/transporte_p%C3%BAblico-line-598-Sao_Paulo-242-2038937-36419579-0,7.05,-23.715806999999998,-46.626348500000006,,,,1,2023-06-18T12:24:48+00:00
SAO_5611-10,São Paulo,3550308,True,EMTU,598,https://moovitapp.com/index/pt-br/transporte_p%C3%BAblico-line-598-Sao_Paulo-242-2038937-36419579-0,7.05,-23.640195499999997,-46.6736925,,,,1,2023-06-18T12:25:08+00:00
SAO_5611-10,São Paulo,3550308,True,EMTU,598,https://moovitapp.com/index/pt-br/transporte_p%C3%BAblico-line-598-Sao_Paulo-242-2038937-36419579-0,7.05,-23.6920815,-46.67773,,,,1,2023-06-18T12:24:25+00:00
SAO_6051-31,São Paulo,3550308,True,,34374,,,-23.7621455,-46.689133,,,,2,2023-06-18T12:24:47+00:00
SAO_6051-31,São Paulo,3550308,True,,34374,,,-23.7621455,-46.689133,,,,2,2023-06-18T12:24:40+00:00
SAO_253F-10,São Paulo,3550308,True,EMTU,158,https://moovitapp.com/index/pt-br/transporte_p%C3%BAblico-line-158-Sao_Paulo-242-2038937-36419303-0,7.45,-23.5185025,-46.4758275,,,,1,2023-06-18T12:24:47+00:00
SAO_253F-10,São Paulo,3550308,True,EMTU,158,https://moovitapp.com/index/pt-br/transporte_p%C3%BAblico-line-158-Sao_Paulo-242-2038937-36419303-0,7.45,-23.567684999999997,-46.446942,,,,1,2023-06-18T12:24:38+00:00
SAO_253F-10,São Paulo,3550308,True,EMTU,158,https://moovitapp.com/index/pt-br/transporte_p%C3%BAblico-line-158-Sao_Paulo-242-2038937-36419303-0,7.45,-23.6130335,-46.4763365,,,,1,2023-06-18T12:24:35+00:00
SAO_5031-10,São Paulo,3550308,True,,34514,,,-23.637159500000003,-46.592059,,,,2,2023-06-18T12:25:08+00:00
SAO_5031-10,São Paulo,3550308,True,,34514,,,-23.63465,-46.590301499999995,,,,2,2023-06-18T12:25:08+00:00
SAO_5031-10,São Paulo,3550308,True,,34514,,,-23.63630825,-46.590938249999994,,,,2,2023-06-18T12:24:47+00:00
SAO_5031-10,São Paulo,3550308,True,,34514,,,-23.6097225,-46.596173500000006,,,,2,2023-06-18T12:24:42+00:00
SAO_5031-10,São Paulo,3550308,True,,34514,,,-23.603051999999998,-46.602856,,,,2,2023-06-18T12:24:47+00:00
SAO_5031-10,São Paulo,3550308,True,,34514,,,-23.6369775,-46.591483000000004,,,,2,2023-06-18T12:24:52+00:00
SAO_5031-10,São Paulo,3550308,True,,34514,,,-23.636886500000003,-46.591195,,,,2,2023-06-18T12:24:26+00:00
SAO_2127-10,São Paulo,3550308,True,,33461,,,-23.496827500000002,-46.586622500000004,,,,2,2023-06-18T12:24:43+00:00
SAO_476G-41,São Paulo,3550308,True,,1112,,,-23.5912635,-46.567347999999996,,,,1,2023-06-18T12:25:03+00:00
SAO_476G-41,São Paulo,3550308,True,,1112,,,-23.582403,-46.637654,,,,1,2023-06-18T12:24:39+00:00
SAO_938V-10,São Paulo,3550308,True,STT,813,https://moovitapp.com/index/pt-br/transporte_p%C3%BAblico-line-813-Sao_Paulo-242-850661-183360-0,5.3,-23.524322125,-46.689743625,,,,1,2023-06-18T12:25:02+00:00
SAO_938V-10,São Paulo,3550308,True,STT,813,https://moovitapp.com/index/pt-br/transporte_p%C3%BAblico-line-813-Sao_Paulo-242-850661-183360-0,5.3,-23.459359999999997,-46.674609000000004,,,,1,2023-06-18T12:24:55+00:00
SAO_938V-10,São Paulo,3550308,True,STT,813,https://moovitapp.com/index/pt-br/transporte_p%C3%BAblico-line-813-Sao_Paulo-242-850661-183360-0,5.3,-23.49746425,-46.697986,,,,1,2023-06-18T12:25:05+00:00
SAO_6013-10,São Paulo,3550308,True,,32954,,,-23.699185,-46.7630965,,,,2,2023-06-18T12:25:02+00:00
SAO_6013-10,São Paulo,3550308,True,,32954,,,-23.659848500000003,-46.73657425,,,,2,2023-06-18T12:25:06+00:00
SAO_6013-10,São Paulo,3550308,True,,32954,,,-23.686505,-46.770951,,,,2,2023-06-18T12:24:53+00:00
SAO_4036-10,São Paulo,3550308,True,,35329,,,-23.542672000000003,-46.470274,,,,2,2023-06-18T12:23:58+00:00
SAO_2100-21,São Paulo,3550308,True,,2528,,,-23.5627565,-46.554634500000006,,,,1,2023-06-18T12:24:54+00:00
SAO_2100-21,São Paulo,3550308,True,,2528,,,-23.5612885,-46.522088499999995,,,,1,2023-06-18T12:24:35+00:00
SAO_2100-21,São Paulo,3550308,True,,2528,,,-23.555310499999997,-46.602161625,,,,1,2023-06-18T12:25:07+00:00
SAO_2100-21,São Paulo,3550308,True,,2528,,,-23.5546345,-46.593145,,,,1,2023-06-18T12:25:06+00:00
SAO_1701-21,São Paulo,3550308,True,,2476,,,-23.447538,-46.576252999999994,,,,1,2023-06-18T12:24:32+00:00
SAO_1701-21,São Paulo,3550308,True,,2476,,,-23.4503715,-46.5743625,,,,1,2023-06-18T12:22:45+00:00
SAO_172P-10,São Paulo,3550308,True,,858,,,-23.47664375,-46.57304525,,,,1,2023-06-18T12:25:07+00:00
SAO_172P-10,São Paulo,3550308,True,,858,,,-23.441891,-46.589701250000005,,,,1,2023-06-18T12:24:30+00:00
SAO_172P-10,São Paulo,3550308,True,,858,,,-23.437303,-46.56643425,,,,1,2023-06-18T12:24:59+00:00
SAO_172P-10,São Paulo,3550308,True,,858,,,-23.441848999999998,-46.588781499999996,,,,1,2023-06-18T12:24:34+00:00
SAO_172P-10,São Paulo,3550308,True,,858,,,-23.441848999999998,-46.588781499999996,,,,1,2023-06-18T12:24:38+00:00
SAO_172P-10,São Paulo,3550308,True,,858,,,-23.5064285,-46.5902995,,,,1,2023-06-18T12:23:57+00:00
SAO_172P-10,São Paulo,3550308,True,,858,,,-23.441766,-46.588329,,,,1,2023-06-18T12:25:01+00:00
SAO_172P-10,São Paulo,3550308,True,,858,,,-23.441766,-46.588329,,,,1,2023-06-18T12:25:02+00:00
SAO_6044-10,São Paulo,3550308,True,,33989,,,-23.642645124999998,-46.7095925,,,,2,2023-06-18T12:25:03+00:00
SAO_6044-10,São Paulo,3550308,True,,33989,,,-23.6620085,-46.779559,,,,2,2023-06-18T12:25:04+00:00
SAO_6044-10,São Paulo,3550308,True,,33989,,,-23.676567,-46.798396,,,,2,2023-06-18T12:24:28+00:00
SAO_736I-10,São Paulo,3550308,True,,33549,,,-23.631501,-46.749394,,,,2,2023-06-18T12:25:03+00:00
SAO_736I-10,São Paulo,3550308,True,,33549,,,-23.6324355,-46.748238,,,,2,2023-06-18T12:24:50+00:00
SAO_736I-10,São Paulo,3550308,True,,33549,,,-23.64256425,-46.738202,,,,2,2023-06-18T12:24:59+00:00
SAO_736I-10,São Paulo,3550308,True,,33549,,,-23.650086,-46.7077355,,,,2,2023-06-18T12:25:01+00:00
SAO_1012-10,São Paulo,3550308,True,,35254,,,-23.4333445,-46.7870665,,,,2,2023-06-18T12:25:04+00:00
SAO_1012-10,São Paulo,3550308,True,,35254,,,-23.435747499999998,-46.802311,,,,2,2023-06-18T12:24:26+00:00
SAO_856R-10,São Paulo,3550308,True,,34196,,,-23.637909125,-46.695680249999995,,,,2,2023-06-18T12:24:48+00:00
SAO_856R-10,São Paulo,3550308,True,,34196,,,-23.551526000000003,-46.676627749999994,,,,2,2023-06-18T12:24:43+00:00
SAO_856R-10,São Paulo,3550308,True,,34196,,,-23.56966175,-46.69150875,,,,2,2023-06-18T12:25:01+00:00
SAO_856R-10,São Paulo,3550308,True,,34196,,,-23.522726,-46.6977065,,,,2,2023-06-18T12:25:06+00:00
SAO_4115-10,São Paulo,3550308,True,,33090,,,-23.621776,-46.62868,,,,2,2023-06-18T12:25:01+00:00
SAO_4115-10,São Paulo,3550308,True,,33090,,,-23.5593525,-46.633675499999995,,,,2,2023-06-18T12:24:45+00:00
SAO_2767-10,São Paulo,3550308,True,EMTU,241,https://moovitapp.com/index/pt-br/transporte_p%C3%BAblico-line-241-Sao_Paulo-242-2038937-36419354-0,5.15,-23.539696499999998,-46.575877500000004,,,,1,2023-06-18T12:24:26+00:00
SAO_2767-10,São Paulo,3550308,True,EMTU,241,https://moovitapp.com/index/pt-br/transporte_p%C3%BAblico-line-241-Sao_Paulo-242-2038937-36419354-0,5.15,-23.494462499999997,-46.469719999999995,,,,1,2023-06-18T12:25:02+00:00
SAO_4008-10,São Paulo,3550308,True,,2182,,,-23.5748715,-46.450795875,,,,1,2023-06-18T12:23:52+00:00
SAO_4008-10,São Paulo,3550308,True,,2182,,,-23.576673,-46.4371055,,,,1,2023-06-18T12:24:56+00:00
SAO_4008-10,São Paulo,3550308,True,,2182,,,-23.5692205,-46.508645,,,,1,2023-06-18T12:24:51+00:00
SAO_1012-10,São Paulo,3550308,True,,2486,,,-23.4346525,-46.7921915,,,,1,2023-06-18T12:24:26+00:00
SAO_695H-10,São Paulo,3550308,True,,33964,,,-23.78837,-46.715108,,,,2,2023-06-18T12:21:27+00:00
SAO_695H-10,São Paulo,3550308,True,,33964,,,-23.67597575,-46.695347375,,,,2,2023-06-18T12:24:48+00:00
SAO_695H-10,São Paulo,3550308,True,,33964,,,-23.654237000000002,-46.710930000000005,,,,2,2023-06-18T12:24:45+00:00
SAO_2010-10,São Paulo,3550308,True,,34872,,,-23.50591975,-46.624733250000006,,,,2,2023-06-18T12:25:04+00:00
SAO_9047-10,São Paulo,3550308,True,STT,883,https://moovitapp.com/index/pt-br/transporte_p%C3%BAblico-line-883-Sao_Paulo-242-850661-183365-0,5.3,-23.4682045,-46.6974915,,,,1,2023-06-18T12:24:23+00:00
SAO_6822-10,São Paulo,3550308,True,,32790,,,-23.645695500000002,-46.784811000000005,,,,2,2023-06-18T12:24:52+00:00
SAO_6014-10,São Paulo,3550308,True,,188,,,-23.6687665,-46.733592,,,,1,2023-06-18T12:25:00+00:00
SAO_6014-10,São Paulo,3550308,True,,188,,,-23.734674,-46.7943815,,,,1,2023-06-18T12:24:42+00:00
SAO_6014-10,São Paulo,3550308,True,,188,,,-23.741947500000002,-46.801043,,,,1,2023-06-18T12:25:04+00:00
SAO_6014-10,São Paulo,3550308,True,,188,,,-23.741947500000002,-46.801043,,,,1,2023-06-18T12:24:46+00:00
SAO_3686-21,São Paulo,3550308,True,,35272,,,-23.536605,-46.473316,,,,2,2023-06-18T12:25:01+00:00
SAO_3686-21,São Paulo,3550308,True,,35272,,,-23.55986625,-46.40348975,,,,2,2023-06-18T12:24:52+00:00
SAO_819A-10,São Paulo,3550308,True,,33571,,,-23.4319225,-46.725139,,,,2,2023-06-18T12:24:13+00:00
SAO_819A-10,São Paulo,3550308,True,,33571,,,-23.4386675,-46.748738,,,,2,2023-06-18T12:24:27+00:00
SAO_819A-10,São Paulo,3550308,True,,33571,,,-23.463238750000002,-46.682105750000005,,,,2,2023-06-18T12:24:32+00:00
SAO_948A-10,São Paulo,3550308,True,,1423,,,-23.507175500000002,-46.7117955,,,,1,2023-06-18T12:24:53+00:00
SAO_6812-10,São Paulo,3550308,True,,34010,,,-23.65084425,-46.7014805,,,,2,2023-06-18T12:24:47+00:00
SAO_6812-10,São Paulo,3550308,True,,34010,,,-23.73195075,-46.790341,,,,2,2023-06-18T12:24:34+00:00
SAO_6812-10,São Paulo,3550308,True,,34010,,,-23.672006000000003,-46.742043,,,,2,2023-06-18T12:25:03+00:00
SAO_271P-10,São Paulo,3550308,True,,704,,,-23.532641249999998,-46.63189175000001,,,,1,2023-06-18T12:24:46+00:00
SAO_2060-10,São Paulo,3550308,True,,32902,,,-23.535884000000003,-46.467718000000005,,,,2,2023-06-18T12:24:24+00:00
SAO_2060-10,São Paulo,3550308,True,,32902,,,-23.5236935,-46.474661,,,,2,2023-06-18T12:25:05+00:00
SAO_2060-10,São Paulo,3550308,True,,32902,,,-23.519024125,-46.475913874999996,,,,2,2023-06-18T12:24:40+00:00
SAO_1896-10,São Paulo,3550308,True,,35288,,,-23.540844,-46.6430345,,,,2,2023-06-18T12:24:45+00:00
SAO_607C-10,São Paulo,3550308,True,,34745,,,-23.6893455,-46.635084,,,,2,2023-06-18T12:24:34+00:00
SAO_607C-10,São Paulo,3550308,True,,34745,,,-23.60138775,-46.6915525,,,,2,2023-06-18T12:24:29+00:00
SAO_607C-10,São Paulo,3550308,True,,34745,,,-23.6442995,-46.672597499999995,,,,2,2023-06-18T12:24:56+00:00
SAO_364A-10,São Paulo,3550308,True,,1246,,,-23.581095750000003,-46.55580325,,,,1,2023-06-18T12:24:46+00:00
SAO_177H-21,São Paulo,3550308,True,,33399,,,-23.5204065,-46.65739,,,,2,2023-06-18T12:24:26+00:00
SAO_177H-21,São Paulo,3550308,True,,33399,,,-23.503036,-46.624043,,,,2,2023-06-18T12:24:37+00:00
SAO_6L03-10,São Paulo,3550308,True,,1565,,,-23.875420749999996,-46.773058,,,,1,2023-06-18T12:24:32+00:00
SAO_2016-10,São Paulo,3550308,True,,902,,,-23.49718625,-46.39991175,,,,1,2023-06-18T12:25:03+00:00
SAO_2016-10,São Paulo,3550308,True,,902,,,-23.494236,-46.4016385,,,,1,2023-06-18T12:24:24+00:00
SAO_2016-10,São Paulo,3550308,True,,902,,,-23.492041999999998,-46.384631,,,,1,2023-06-18T12:24:46+00:00
SAO_2016-10,São Paulo,3550308,True,,902,,,-23.496955,-46.437329,,,,1,2023-06-18T12:25:06+00:00
SAO_6L10-41,São Paulo,3550308,True,,34773,,,-23.77382575,-46.740357249999995,,,,2,2023-06-18T12:24:36+00:00
SAO_6L10-41,São Paulo,3550308,True,,34773,,,-23.7880685,-46.765596,,,,2,2023-06-18T12:24:30+00:00
SAO_6L10-41,São Paulo,3550308,True,,34773,,,-23.7880685,-46.765596,,,,2,2023-06-18T12:24:52+00:00
SAO_3737-10,São Paulo,3550308,True,,33805,,,-23.564532999999997,-46.5048475,,,,2,2023-06-18T12:25:06+00:00
SAO_3737-10,São Paulo,3550308,True,,33805,,,-23.5408825,-46.5134365,,,,2,2023-06-18T12:24:40+00:00
SAO_1703-10,São Paulo,3550308,True,,33615,,,-23.432761749999997,-46.57149675,,,,2,2023-06-18T12:25:06+00:00
SAO_1703-10,São Paulo,3550308,True,,33615,,,-23.4966195,-46.61202850000001,,,,2,2023-06-18T12:24:52+00:00
SAO_4315-10,São Paulo,3550308,True,,34943,,,-23.551944,-46.624623,,,,2,2023-06-18T12:24:58+00:00
SAO_4315-10,São Paulo,3550308,True,,34943,,,-23.5473415,-46.629296499999995,,,,2,2023-06-18T12:24:58+00:00
SAO_4315-10,São Paulo,3550308,True,,34943,,,-23.5381725,-46.563,,,,2,2023-06-18T12:23:21+00:00
SAO_4052-10,São Paulo,3550308,True,,2145,,,-23.542498000000002,-46.471391499999996,,,,1,2023-06-18T12:24:26+00:00
SAO_4052-10,São Paulo,3550308,True,,2145,,,-23.5436175,-46.422716,,,,1,2023-06-18T12:24:34+00:00
SAO_9009-10,São Paulo,3550308,True,,33645,,,-23.447998,-46.708507,,,,2,2023-06-18T12:24:53+00:00
SAO_9009-10,São Paulo,3550308,True,,33645,,,-23.44336525,-46.713192250000006,,,,2,2023-06-18T12:25:04+00:00
SAO_9009-10,São Paulo,3550308,True,,33645,,,-23.474776,-46.6700495,,,,2,2023-06-18T12:24:38+00:00
SAO_6027-10,São Paulo,3550308,True,,90,,,-23.6886315,-46.701716,,,,1,2023-06-18T12:25:09+00:00
SAO_6049-10,São Paulo,3550308,True,,34077,,,-23.647256999999996,-46.73100425,,,,2,2023-06-18T12:25:08+00:00
SAO_3462-10,São Paulo,3550308,True,,33015,,,-23.532520750000003,-46.53608475,,,,2,2023-06-18T12:25:05+00:00
SAO_3462-10,São Paulo,3550308,True,,33015,,,-23.527654749999996,-46.4550565,,,,2,2023-06-18T12:24:28+00:00
SAO_3462-10,São Paulo,3550308,True,,33015,,,-23.527414,-46.4551295,,,,2,2023-06-18T12:24:38+00:00
SAO_3462-10,São Paulo,3550308,True,,33015,,,-23.527654749999996,-46.4550565,,,,2,2023-06-18T12:24:24+00:00
SAO_9300-10,São Paulo,3550308,True,,32884,,,-23.4966235,-46.66229725,,,,2,2023-06-18T12:24:41+00:00
SAO_3762-10,São Paulo,3550308,True,,33821,,,-23.5909755,-46.5166185,,,,2,2023-06-18T12:25:00+00:00
SAO_3762-10,São Paulo,3550308,True,,33821,,,-23.574265999999998,-46.53352675,,,,2,2023-06-18T12:24:28+00:00
SAO_3762-10,São Paulo,3550308,True,,33821,,,-23.54476725,-46.56734525,,,,2,2023-06-18T12:24:26+00:00
SAO_9006-10,São Paulo,3550308,True,,33642,,,-23.464864,-46.6906185,,,,2,2023-06-18T12:24:24+00:00
SAO_9006-10,São Paulo,3550308,True,,33642,,,-23.465027,-46.690908,,,,2,2023-06-18T12:24:45+00:00
SAO_2290-10,São Paulo,3550308,True,,718,,,-23.550302000000002,-46.6316285,,,,1,2023-06-18T12:24:49+00:00
SAO_2290-10,São Paulo,3550308,True,,718,,,-23.6131955,-46.476123,,,,1,2023-06-18T12:24:31+00:00
SAO_2290-10,São Paulo,3550308,True,,718,,,-23.5380105,-46.598118625,,,,1,2023-06-18T12:24:45+00:00
SAO_2290-10,São Paulo,3550308,True,,718,,,-23.603975,-46.4813555,,,,1,2023-06-18T12:24:38+00:00
SAO_2290-10,São Paulo,3550308,True,,718,,,-23.5467405,-46.6322205,,,,1,2023-06-18T12:25:06+00:00
SAO_2290-10,São Paulo,3550308,True,,718,,,-23.5378095,-46.597246375,,,,1,2023-06-18T12:24:53+00:00
SAO_2290-10,São Paulo,3550308,True,,718,,,-23.5358395,-46.572618,,,,1,2023-06-18T12:24:40+00:00
SAO_2290-10,São Paulo,3550308,True,,718,,,-23.562264499999998,-46.516679,,,,1,2023-06-18T12:24:39+00:00
SAO_2290-10,São Paulo,3550308,True,,718,,,-23.563111,-46.515100000000004,,,,1,2023-06-18T12:24:42+00:00
SAO_7022-10,São Paulo,3550308,True,,34852,,,-23.672192000000003,-46.773357000000004,,,,2,2023-06-18T12:24:46+00:00
SAO_7022-10,São Paulo,3550308,True,,34852,,,-23.667147,-46.726717,,,,2,2023-06-18T12:24:56+00:00
SAO_719R-10,São Paulo,3550308,True,,33237,,,-23.5684855,-46.757078,,,,2,2023-06-18T12:24:32+00:00
SAO_719R-10,São Paulo,3550308,True,,33237,,,-23.562170000000002,-46.764854125,,,,2,2023-06-18T12:24:55+00:00
SAO_5757-10,São Paulo,3550308,True,,1288,,,-23.662698,-46.64764,,,,1,2023-06-18T12:25:08+00:00
SAO_5757-10,São Paulo,3550308,True,,1288,,,-23.690149249999997,-46.64364725,,,,1,2023-06-18T12:24:56+00:00
SAO_6063-42,São Paulo,3550308,True,,34770,,,-23.809403,-46.6612485,,,,2,2023-06-18T12:24:45+00:00
SAO_6063-42,São Paulo,3550308,True,,34770,,,-23.767094999999998,-46.716237500000005,,,,2,2023-06-18T12:24:44+00:00
SAO_6063-42,São Paulo,3550308,True,,34770,,,-23.767094999999998,-46.716237500000005,,,,2,2023-06-18T12:24:28+00:00
SAO_6063-42,São Paulo,3550308,True,,34770,,,-23.809469,-46.6621795,,,,2,2023-06-18T12:24:49+00:00
SAO_6063-42,São Paulo,3550308,True,,34770,,,-23.809384,-46.6617685,,,,2,2023-06-18T12:24:45+00:00
SAO_857C-10,São Paulo,3550308,True,,34669,,,-23.637877,-46.7678985,,,,2,2023-06-18T12:24:39+00:00
SAO_857C-10,São Paulo,3550308,True,,34669,,,-23.624958499999998,-46.676636625,,,,2,2023-06-18T12:24:43+00:00
SAO_5106-10,São Paulo,3550308,True,,1280,,,-23.678149,-46.629804500000006,,,,1,2023-06-18T12:24:48+00:00
SAO_5106-10,São Paulo,3550308,True,,1280,,,-23.596978999999997,-46.635510000000004,,,,1,2023-06-18T12:24:35+00:00
SAO_1017-10,São Paulo,3550308,True,,34909,,,-23.4071995,-46.758607,,,,2,2023-06-18T12:24:59+00:00
SAO_1017-10,São Paulo,3550308,True,,34909,,,-23.456190499999998,-46.713716500000004,,,,2,2023-06-18T12:24:52+00:00
SAO_6052-31,São Paulo,3550308,True,,34600,,,-23.775509999999997,-46.691679,,,,2,2023-06-18T12:24:29+00:00
SAO_7001-10,São Paulo,3550308,True,,34490,,,-23.7243085,-46.754826,,,,2,2023-06-18T12:24:25+00:00
SAO_7001-10,São Paulo,3550308,True,,34490,,,-23.72347475,-46.75562600000001,,,,2,2023-06-18T12:24:50+00:00
SAO_7001-10,São Paulo,3550308,True,,34490,,,-23.7069005,-46.784399500000006,,,,2,2023-06-18T12:24:24+00:00
SAO_4709-10,São Paulo,3550308,True,,333,,,-23.589371,-46.634416,,,,1,2023-06-18T12:25:06+00:00
SAO_4709-10,São Paulo,3550308,True,,333,,,-23.601817750000002,-46.6210835,,,,1,2023-06-18T12:24:38+00:00
SAO_775F-10,São Paulo,3550308,True,,796,,,-23.586530000000003,-46.695387999999994,,,,1,2023-06-18T12:25:09+00:00
SAO_775F-10,São Paulo,3550308,True,,796,,,-23.615288,-46.7420985,,,,1,2023-06-18T12:25:04+00:00
SAO_2780-10,São Paulo,3550308,True,EMTU,399,https://moovitapp.com/index/pt-br/transporte_p%C3%BAblico-line-399-Sao_Paulo-242-2038937-36419463-0,6.45,-23.507662500000002,-46.3716095,,,,1,2023-06-18T12:24:52+00:00
SAO_2780-10,São Paulo,3550308,True,EMTU,399,https://moovitapp.com/index/pt-br/transporte_p%C3%BAblico-line-399-Sao_Paulo-242-2038937-36419463-0,6.45,-23.542727,-46.470595,,,,1,2023-06-18T12:25:05+00:00
SAO_748R-10,São Paulo,3550308,True,,33269,,,-23.60130625,-46.794271124999995,,,,2,2023-06-18T12:24:46+00:00
SAO_748R-10,São Paulo,3550308,True,,33269,,,-23.5501798125,-46.739363125,,,,2,2023-06-18T12:24:54+00:00
SAO_748R-10,São Paulo,3550308,True,,33269,,,-23.5705265,-46.759085999999996,,,,2,2023-06-18T12:24:29+00:00
SAO_748R-10,São Paulo,3550308,True,,33269,,,-23.525108,-46.68243,,,,2,2023-06-18T12:24:57+00:00
SAO_373T-10,São Paulo,3550308,True,,1091,,,-23.588002250000002,-46.54352625,,,,1,2023-06-18T12:25:04+00:00
SAO_373T-10,São Paulo,3550308,True,,1091,,,-23.5488625,-46.60194,,,,1,2023-06-18T12:24:32+00:00
SAO_373T-10,São Paulo,3550308,True,,1091,,,-23.594828,-46.503370000000004,,,,1,2023-06-18T12:24:49+00:00
SAO_9020-10,São Paulo,3550308,True,,1434,,,-23.482294000000003,-46.7261435,,,,1,2023-06-18T12:24:48+00:00
SAO_2765-10,São Paulo,3550308,True,,32913,,,-23.503653,-46.5008835,,,,2,2023-06-18T12:25:07+00:00
SAO_2765-10,São Paulo,3550308,True,,32913,,,-23.5246445,-46.549759375,,,,2,2023-06-18T12:24:22+00:00
SAO_6073-10,São Paulo,3550308,True,,33928,,,-23.824735500000003,-46.7343515,,,,2,2023-06-18T12:25:07+00:00
SAO_6073-10,São Paulo,3550308,True,,33928,,,-23.853313,-46.6956225,,,,2,2023-06-18T12:24:47+00:00
SAO_6073-10,São Paulo,3550308,True,,33928,,,-23.853313,-46.6956225,,,,2,2023-06-18T12:24:51+00:00
SAO_6073-10,São Paulo,3550308,True,,33928,,,-23.853313,-46.6956225,,,,2,2023-06-18T12:24:43+00:00
SAO_6073-10,São Paulo,3550308,True,,33928,,,-23.853313,-46.6956225,,,,2,2023-06-18T12:24:43+00:00
SAO_6073-10,São Paulo,3550308,True,,33928,,,-23.853313,-46.6956225,,,,2,2023-06-18T12:25:05+00:00
SAO_6073-10,São Paulo,3550308,True,,33928,,,-23.853313,-46.6956225,,,,2,2023-06-18T12:24:41+00:00
SAO_4742-10,São Paulo,3550308,True,EMTU,342,https://moovitapp.com/index/pt-br/transporte_p%C3%BAblico-line-342-Sao_Paulo-242-2038937-36419426-0,7.55,-23.6404175,-46.607510500000004,,,,1,2023-06-18T12:24:42+00:00
SAO_3902-10,São Paulo,3550308,True,,1470,,,-23.505657749999997,-46.407627000000005,,,,1,2023-06-18T12:24:39+00:00
SAO_3902-10,São Paulo,3550308,True,,1470,,,-23.541795,-46.415766,,,,1,2023-06-18T12:24:39+00:00
SAO_605A-10,São Paulo,3550308,True,,35290,,,-23.64563575,-46.63479975,,,,2,2023-06-18T12:25:04+00:00
SAO_605A-10,São Paulo,3550308,True,,35290,,,-23.6494365,-46.6320625,,,,2,2023-06-18T12:24:45+00:00
SAO_8600-10,São Paulo,3550308,True,,34200,,,-23.518386999999997,-46.677789,,,,2,2023-06-18T12:24:27+00:00
SAO_507T-10,São Paulo,3550308,True,,34976,,,-23.542583,-46.54966025,,,,2,2023-06-18T12:24:59+00:00
SAO_6072-10,São Paulo,3550308,True,,34356,,,-23.8274015,-46.69739250000001,,,,2,2023-06-18T12:24:28+00:00
SAO_6072-10,São Paulo,3550308,True,,34356,,,-23.827348,-46.69764012499999,,,,2,2023-06-18T12:24:47+00:00
SAO_6072-10,São Paulo,3550308,True,,34356,,,-23.8274015,-46.69739250000001,,,,2,2023-06-18T12:24:37+00:00
SAO_6072-10,São Paulo,3550308,True,,34356,,,-23.8274015,-46.69739250000001,,,,2,2023-06-18T12:24:47+00:00
SAO_6072-10,São Paulo,3550308,True,,34356,,,-23.797394,-46.7095305,,,,2,2023-06-18T12:24:51+00:00
SAO_6072-10,São Paulo,3550308,True,,34356,,,-23.8274015,-46.69739250000001,,,,2,2023-06-18T12:24:42+00:00
SAO_6072-10,São Paulo,3550308,True,,34356,,,-23.76811025,-46.717556,,,,2,2023-06-18T12:25:00+00:00
SAO_6072-10,São Paulo,3550308,True,,34356,,,-23.8274015,-46.69739250000001,,,,2,2023-06-18T12:24:38+00:00
SAO_6072-10,São Paulo,3550308,True,,34356,,,-23.8274015,-46.69739250000001,,,,2,2023-06-18T12:24:32+00:00
SAO_6072-10,São Paulo,3550308,True,,34356,,,-23.827348,-46.69764012499999,,,,2,2023-06-18T12:24:33+00:00
SAO_6072-10,São Paulo,3550308,True,,34356,,,-23.8274015,-46.69739250000001,,,,2,2023-06-18T12:24:31+00:00
SAO_3054-10,São Paulo,3550308,True,,975,,,-23.609925,-46.407969,,,,1,2023-06-18T12:24:53+00:00
SAO_3054-10,São Paulo,3550308,True,,975,,,-23.596768500000003,-46.4565665,,,,1,2023-06-18T12:25:04+00:00
SAO_3054-10,São Paulo,3550308,True,,975,,,-23.609925,-46.407969,,,,1,2023-06-18T12:24:59+00:00
SAO_5702-10,São Paulo,3550308,True,,33905,,,-23.6876025,-46.639643,,,,2,2023-06-18T12:24:33+00:00
SAO_5702-10,São Paulo,3550308,True,,33905,,,-23.646939,-46.640949,,,,2,2023-06-18T12:24:29+00:00
SAO_857P-10,São Paulo,3550308,True,,34694,,,-23.563745562500003,-46.653633375,,,,2,2023-06-18T12:25:04+00:00
SAO_857P-10,São Paulo,3550308,True,,34694,,,-23.5725185,-46.70434625,,,,2,2023-06-18T12:24:48+00:00
SAO_857P-10,São Paulo,3550308,True,,34694,,,-23.631797499999998,-46.7719915,,,,2,2023-06-18T12:24:25+00:00
SAO_7458-10,São Paulo,3550308,True,EMTU,496,https://moovitapp.com/index/pt-br/transporte_p%C3%BAblico-line-496-Sao_Paulo-242-2038937-36419521-0,5.4,-23.5915995,-46.735897,,,,1,2023-06-18T12:24:43+00:00
SAO_4115-10,São Paulo,3550308,True,EMTU,322,https://moovitapp.com/index/pt-br/transporte_p%C3%BAblico-line-322-Sao_Paulo-242-2038937-36419412-0,6.2,-23.58603025,-46.618601500000004,,,,1,2023-06-18T12:24:40+00:00
SAO_546T-10,São Paulo,3550308,True,,272,,,-23.6971935,-46.649187,,,,1,2023-06-18T12:24:58+00:00
SAO_546T-10,São Paulo,3550308,True,,272,,,-23.6923805,-46.677769,,,,1,2023-06-18T12:24:51+00:00
SAO_546T-10,São Paulo,3550308,True,,272,,,-23.7036385,-46.627480000000006,,,,1,2023-06-18T12:24:44+00:00
SAO_546T-10,São Paulo,3550308,True,,272,,,-23.65433125,-46.70752475,,,,1,2023-06-18T12:24:51+00:00
SAO_6034-10,São Paulo,3550308,True,,32863,,,-23.735741749999995,-46.695003375,,,,2,2023-06-18T12:25:04+00:00
SAO_8700-1,São Paulo,3550308,True,,35276,,,-23.5739135,-46.706532499999994,,,,2,2023-06-18T12:24:51+00:00
SAO_8700-1,São Paulo,3550308,True,,35276,,,-23.6222055,-46.760129500000005,,,,2,2023-06-18T12:24:28+00:00
SAO_2014-10,São Paulo,3550308,True,,33668,,,-23.458011,-46.670864,,,,2,2023-06-18T12:24:55+00:00
SAO_2014-10,São Paulo,3550308,True,,33668,,,-23.4775785,-46.671356249999995,,,,2,2023-06-18T12:24:36+00:00
SAO_2014-10,São Paulo,3550308,True,,33668,,,-23.5130595,-46.666396,,,,2,2023-06-18T12:24:41+00:00
SAO_6092-10,São Paulo,3550308,True,,33945,,,-23.778464,-46.68450625,,,,2,2023-06-18T12:24:53+00:00
SAO_6092-10,São Paulo,3550308,True,,33945,,,-23.775968,-46.682099,,,,2,2023-06-18T12:24:57+00:00
SAO_9181-10,São Paulo,3550308,True,,885,,,-23.457559,-46.6963325,,,,1,2023-06-18T12:24:34+00:00
SAO_9181-10,São Paulo,3550308,True,,885,,,-23.457559,-46.6963325,,,,1,2023-06-18T12:24:32+00:00
SAO_9181-10,São Paulo,3550308,True,,885,,,-23.48208,-46.686963500000005,,,,1,2023-06-18T12:25:04+00:00
SAO_9181-10,São Paulo,3550308,True,,885,,,-23.457559,-46.6963325,,,,1,2023-06-18T12:24:59+00:00
SAO_809P-10,São Paulo,3550308,True,,1891,,,-23.5663285,-46.696501749999996,,,,1,2023-06-18T12:24:37+00:00
SAO_809P-10,São Paulo,3550308,True,,1891,,,-23.599408250000003,-46.74150425,,,,1,2023-06-18T12:24:52+00:00
SAO_8605-10,São Paulo,3550308,True,,34685,,,-23.592548374999996,-46.73287125,,,,2,2023-06-18T12:25:09+00:00
SAO_8605-10,São Paulo,3550308,True,,34685,,,-23.574599125,-46.6680825,,,,2,2023-06-18T12:24:48+00:00
SAO_8605-10,São Paulo,3550308,True,,34685,,,-23.6313825,-46.77286,,,,2,2023-06-18T12:24:51+00:00
SAO_311C-10,São Paulo,3550308,True,EMTU,309,https://moovitapp.com/index/pt-br/transporte_p%C3%BAblico-line-309-Sao_Paulo-242-2038937-36419401-0,7.5,-23.5637555,-46.5968445,,,,1,2023-06-18T12:24:39+00:00
SAO_311C-10,São Paulo,3550308,True,EMTU,309,https://moovitapp.com/index/pt-br/transporte_p%C3%BAblico-line-309-Sao_Paulo-242-2038937-36419401-0,7.5,-23.5186695,-46.6481295,,,,1,2023-06-18T12:24:47+00:00
SAO_978A-10,São Paulo,3550308,True,,1369,,,-23.514636,-46.691038,,,,1,2023-06-18T12:25:04+00:00
SAO_978A-10,São Paulo,3550308,True,,1369,,,-23.480991,-46.674654000000004,,,,1,2023-06-18T12:24:40+00:00
SAO_6028-10,São Paulo,3550308,True,,33979,,,-23.702140999999997,-46.744587499999994,,,,2,2023-06-18T12:24:49+00:00
SAO_6028-10,São Paulo,3550308,True,,33979,,,-23.702140999999997,-46.744587499999994,,,,2,2023-06-18T12:24:32+00:00
SAO_6028-10,São Paulo,3550308,True,,33979,,,-23.702140999999997,-46.744587499999994,,,,2,2023-06-18T12:24:58+00:00
SAO_6028-10,São Paulo,3550308,True,,33979,,,-23.688343500000002,-46.757964,,,,2,2023-06-18T12:25:03+00:00
SAO_6028-10,São Paulo,3550308,True,,33979,,,-23.702151,-46.7444065,,,,2,2023-06-18T12:24:58+00:00
SAO_6028-10,São Paulo,3550308,True,,33979,,,-23.701923,-46.7448215,,,,2,2023-06-18T12:24:42+00:00
SAO_848L-10,São Paulo,3550308,True,EMTU,808,https://moovitapp.com/index/pt-br/transporte_p%C3%BAblico-line-808-Sao_Paulo-242-2038937-36419584-0,4.8,-23.461865000000003,-46.7207345,,,,1,2023-06-18T12:24:30+00:00
SAO_848L-10,São Paulo,3550308,True,EMTU,808,https://moovitapp.com/index/pt-br/transporte_p%C3%BAblico-line-808-Sao_Paulo-242-2038937-36419584-0,4.8,-23.413425,-46.75687425,,,,1,2023-06-18T12:24:49+00:00
SAO_7059-10,São Paulo,3550308,True,,34692,,,-23.6309525,-46.773810499999996,,,,2,2023-06-18T12:24:34+00:00
SAO_7059-10,São Paulo,3550308,True,,34692,,,-23.6579765,-46.78181,,,,2,2023-06-18T12:25:02+00:00
SAO_6016-10,São Paulo,3550308,True,,84,,,-23.737090000000002,-46.697100000000006,,,,1,2023-06-18T12:24:27+00:00
SAO_2582-10,São Paulo,3550308,True,EMTU,374,https://moovitapp.com/index/pt-br/transporte_p%C3%BAblico-line-374-Sao_Paulo-242-2038937-36419448-0,3.7,-23.48536275,-46.481235,,,,1,2023-06-18T12:24:14+00:00
SAO_2582-10,São Paulo,3550308,True,EMTU,374,https://moovitapp.com/index/pt-br/transporte_p%C3%BAblico-line-374-Sao_Paulo-242-2038937-36419448-0,3.7,-23.494294,-46.4433315,,,,1,2023-06-18T12:24:31+00:00
SAO_2582-10,São Paulo,3550308,True,EMTU,374,https://moovitapp.com/index/pt-br/transporte_p%C3%BAblico-line-374-Sao_Paulo-242-2038937-36419448-0,3.7,-23.545886,-46.6302635,,,,1,2023-06-18T12:24:23+00:00
SAO_2582-10,São Paulo,3550308,True,EMTU,374,https://moovitapp.com/index/pt-br/transporte_p%C3%BAblico-line-374-Sao_Paulo-242-2038937-36419448-0,3.7,-23.516738,-46.549769999999995,,,,1,2023-06-18T12:25:08+00:00
SAO_175P-10,São Paulo,3550308,True,,33443,,,-23.55223,-46.675166125,,,,2,2023-06-18T12:24:39+00:00
SAO_2734-10,São Paulo,3550308,True,,34528,,,-23.504206500000002,-46.43311799999999,,,,2,2023-06-18T12:24:43+00:00
SAO_2734-10,São Paulo,3550308,True,,34528,,,-23.541961999999998,-46.470873,,,,2,2023-06-18T12:25:01+00:00
SAO_2734-10,São Paulo,3550308,True,,34528,,,-23.534283,-46.4528295,,,,2,2023-06-18T12:25:00+00:00
SAO_574J-10,São Paulo,3550308,True,,1685,,,-23.612614,-46.600522749999996,,,,1,2023-06-18T12:24:39+00:00
SAO_574J-10,São Paulo,3550308,True,,1685,,,-23.577731999999997,-46.576389500000005,,,,1,2023-06-18T12:25:06+00:00
SAO_5015-10,São Paulo,3550308,True,,33887,,,-23.666058,-46.6380325,,,,2,2023-06-18T12:24:42+00:00
SAO_5015-10,São Paulo,3550308,True,,33887,,,-23.691779,-46.65973,,,,2,2023-06-18T12:24:24+00:00
SAO_5015-10,São Paulo,3550308,True,,33887,,,-23.691779,-46.65973,,,,2,2023-06-18T12:24:40+00:00
SAO_513L-10,São Paulo,3550308,True,,1655,,,-23.547447000000002,-46.591704750000005,,,,1,2023-06-18T12:24:49+00:00
SAO_513L-10,São Paulo,3550308,True,,1655,,,-23.603196500000003,-46.602447999999995,,,,1,2023-06-18T12:25:05+00:00
SAO_6835-10,São Paulo,3550308,True,,32780,,,-23.680405,-46.782430000000005,,,,2,2023-06-18T12:25:01+00:00
SAO_746K-10,São Paulo,3550308,True,,33555,,,-23.625848,-46.7191125,,,,2,2023-06-18T12:24:36+00:00
SAO_3721-41,São Paulo,3550308,True,,34461,,,-23.548918,-46.484399999999994,,,,2,2023-06-18T12:24:26+00:00
SAO_3721-41,São Paulo,3550308,True,,34461,,,-23.5636785,-46.5006755,,,,2,2023-06-18T12:25:02+00:00
SAO_3721-41,São Paulo,3550308,True,,34461,,,-23.5632565,-46.500804,,,,2,2023-06-18T12:24:57+00:00
SAO_179X-10,São Paulo,3550308,True,STT,680,https://moovitapp.com/index/pt-br/transporte_p%C3%BAblico-line-680-Sao_Paulo-242-850661-183334-0,5.3,-23.528259374999998,-46.635965,,,,1,2023-06-18T12:25:09+00:00
SAO_179X-10,São Paulo,3550308,True,STT,680,https://moovitapp.com/index/pt-br/transporte_p%C3%BAblico-line-680-Sao_Paulo-242-850661-183334-0,5.3,-23.4751065,-46.592967,,,,1,2023-06-18T12:24:37+00:00
SAO_6L08-10,São Paulo,3550308,True,,33950,,,-23.830294,-46.71863625,,,,2,2023-06-18T12:24:42+00:00
SAO_N633-11,São Paulo,3550308,True,,2398,,,-23.646586749999997,-46.645936000000006,,,,1,2023-06-18T12:24:39+00:00
SAO_N633-11,São Paulo,3550308,True,,2398,,,-23.6460055,-46.644996,,,,1,2023-06-18T12:24:43+00:00
SAO_8078-10,São Paulo,3550308,True,,2080,,,-23.6254505,-46.7479555,,,,1,2023-06-18T12:25:06+00:00
SAO_8078-10,São Paulo,3550308,True,,2080,,,-23.6441565,-46.763883,,,,1,2023-06-18T12:24:41+00:00
SAO_2017-10,São Paulo,3550308,True,,903,,,-23.5195765,-46.412676000000005,,,,1,2023-06-18T12:21:10+00:00
SAO_2017-10,São Paulo,3550308,True,,903,,,-23.5195115,-46.4125905,,,,1,2023-06-18T12:24:34+00:00
SAO_875A-10,São Paulo,3550308,True,,33377,,,-23.61356,-46.6577585,,,,2,2023-06-18T12:25:04+00:00
SAO_875A-10,São Paulo,3550308,True,,33377,,,-23.6431185,-46.662103,,,,2,2023-06-18T12:25:00+00:00
SAO_875A-10,São Paulo,3550308,True,,33377,,,-23.58379,-46.637003750000005,,,,2,2023-06-18T12:24:23+00:00
SAO_875A-10,São Paulo,3550308,True,,33377,,,-23.535831,-46.6731015,,,,2,2023-06-18T12:24:59+00:00
SAO_6099-10,São Paulo,3550308,True,,1587,,,-23.769605,-46.7179785,,,,1,2023-06-18T12:25:09+00:00
SAO_3010-10,São Paulo,3550308,True,,2543,,,-23.51760775,-46.44440525,,,,1,2023-06-18T12:25:02+00:00
SAO_3010-10,São Paulo,3550308,True,,2543,,,-23.518385000000002,-46.475624499999995,,,,1,2023-06-18T12:24:26+00:00
SAO_3010-10,São Paulo,3550308,True,,2543,,,-23.510495499999998,-46.4462745,,,,1,2023-06-18T12:24:40+00:00
SAO_8018-10,São Paulo,3550308,True,,34838,,,-23.5984475,-46.73722,,,,2,2023-06-18T12:25:02+00:00
SAO_8018-10,São Paulo,3550308,True,,34838,,,-23.5987205,-46.7366745,,,,2,2023-06-18T12:24:43+00:00
SAO_5011-10,São Paulo,3550308,True,,1115,,,-23.6569605,-46.69962475,,,,1,2023-06-18T12:24:50+00:00
SAO_5011-10,São Paulo,3550308,True,,1115,,,-23.716632500000003,-46.629242500000004,,,,1,2023-06-18T12:23:19+00:00
SAO_5011-10,São Paulo,3550308,True,,1115,,,-23.687589250000002,-46.68061575,,,,1,2023-06-18T12:24:38+00:00
SAO_407G-10,São Paulo,3550308,True,,34964,,,-23.603800999999997,-46.438002499999996,,,,2,2023-06-18T12:24:52+00:00
SAO_407G-10,São Paulo,3550308,True,,34964,,,-23.540989250000003,-46.5403125,,,,2,2023-06-18T12:24:29+00:00
SAO_407G-10,São Paulo,3550308,True,,34964,,,-23.625453,-46.463347,,,,2,2023-06-18T12:25:05+00:00
SAO_407G-10,São Paulo,3550308,True,,34964,,,-23.588321750000002,-46.4904145,,,,2,2023-06-18T12:25:08+00:00
SAO_407G-10,São Paulo,3550308,True,,34964,,,-23.61114025,-46.43407825,,,,2,2023-06-18T12:24:56+00:00
SAO_172U-10,São Paulo,3550308,True,,860,,,-23.4385185,-46.581874,,,,1,2023-06-18T12:24:48+00:00
SAO_172U-10,São Paulo,3550308,True,,860,,,-23.4481425,-46.5884705,,,,1,2023-06-18T12:24:50+00:00
SAO_172U-10,São Paulo,3550308,True,,860,,,-23.531499500000002,-46.6257605,,,,1,2023-06-18T12:24:32+00:00
SAO_3003-10,São Paulo,3550308,True,,34565,,,-23.490559875,-46.421535625000004,,,,2,2023-06-18T12:24:27+00:00
SAO_3003-10,São Paulo,3550308,True,,34565,,,-23.479100875,-46.421538125,,,,2,2023-06-18T12:24:33+00:00
SAO_5614-21,São Paulo,3550308,True,,2464,,,-23.673924937500004,-46.67684456250001,,,,1,2023-06-18T12:24:51+00:00
SAO_5614-21,São Paulo,3550308,True,,2464,,,-23.693175500000002,-46.6592355,,,,1,2023-06-18T12:24:52+00:00
SAO_5614-21,São Paulo,3550308,True,,2464,,,-23.6068835,-46.651709,,,,1,2023-06-18T12:24:44+00:00
SAO_4114-10,São Paulo,3550308,True,,33089,,,-23.6113455,-46.622181499999996,,,,2,2023-06-18T12:24:29+00:00
SAO_874T-10,São Paulo,3550308,True,EMTU,307,https://moovitapp.com/index/pt-br/transporte_p%C3%BAblico-line-307-Sao_Paulo-242-2038937-36419399-0,5.2,-23.546357,-46.65802025,,,,1,2023-06-18T12:25:07+00:00
SAO_874T-10,São Paulo,3550308,True,EMTU,307,https://moovitapp.com/index/pt-br/transporte_p%C3%BAblico-line-307-Sao_Paulo-242-2038937-36419399-0,5.2,-23.5734135,-46.642413875,,,,1,2023-06-18T12:24:59+00:00
SAO_874T-10,São Paulo,3550308,True,EMTU,307,https://moovitapp.com/index/pt-br/transporte_p%C3%BAblico-line-307-Sao_Paulo-242-2038937-36419399-0,5.2,-23.577184000000003,-46.608911500000005,,,,1,2023-06-18T12:24:53+00:00
SAO_930P-10,São Paulo,3550308,True,,2115,,,-23.5699795,-46.67258825,,,,1,2023-06-18T12:24:37+00:00
SAO_930P-10,São Paulo,3550308,True,,2115,,,-23.542782250000002,-46.640742375,,,,1,2023-06-18T12:25:06+00:00
SAO_930P-10,São Paulo,3550308,True,,2115,,,-23.565794,-46.701994,,,,1,2023-06-18T12:24:50+00:00
SAO_2716-10,São Paulo,3550308,True,,929,,,-23.5252735,-46.541793999999996,,,,1,2023-06-18T12:24:33+00:00
SAO_5106-21,São Paulo,3550308,True,,34740,,,-23.695118,-46.648917999999995,,,,2,2023-06-18T12:24:32+00:00
SAO_5106-21,São Paulo,3550308,True,,34740,,,-23.686476,-46.655497499999996,,,,2,2023-06-18T12:24:48+00:00
SAO_5106-21,São Paulo,3550308,True,,34740,,,-23.59712175,-46.686764249999996,,,,2,2023-06-18T12:24:50+00:00
SAO_971V-10,São Paulo,3550308,True,,619,,,-23.469859,-46.676959,,,,1,2023-06-18T12:24:52+00:00
SAO_971V-10,São Paulo,3550308,True,,619,,,-23.513889875,-46.61619675,,,,1,2023-06-18T12:25:01+00:00
SAO_6262-10,São Paulo,3550308,True,,34139,,,-23.5803555,-46.682563,,,,2,2023-06-18T12:25:09+00:00
SAO_6262-10,São Paulo,3550308,True,,34139,,,-23.532646999999997,-46.735911,,,,2,2023-06-18T12:24:55+00:00
SAO_817C-10,São Paulo,3550308,True,,34105,,,-23.5216915,-46.7010605,,,,2,2023-06-18T12:24:58+00:00
SAO_857A-10,São Paulo,3550308,True,,1925,,,-23.597021999999996,-46.643793125,,,,1,2023-06-18T12:24:40+00:00
SAO_857A-10,São Paulo,3550308,True,,1925,,,-23.5884455,-46.72766775,,,,1,2023-06-18T12:25:03+00:00
SAO_7458-10,São Paulo,3550308,True,,33264,,,-23.584907,-46.766465999999994,,,,2,2023-06-18T12:25:00+00:00
SAO_5185-10,São Paulo,3550308,True,,34076,,,-23.607012500000003,-46.6523385,,,,2,2023-06-18T12:24:55+00:00
SAO_5185-10,São Paulo,3550308,True,,34076,,,-23.667056000000002,-46.725614500000006,,,,2,2023-06-18T12:24:28+00:00
SAO_509M-10,São Paulo,3550308,True,,34045,,,-23.599464875000002,-46.658394187499994,,,,2,2023-06-18T12:24:32+00:00
SAO_208M-10,São Paulo,3550308,True,,2478,,,-23.502214000000002,-46.6235875,,,,1,2023-06-18T12:24:47+00:00
SAO_208M-10,São Paulo,3550308,True,,2478,,,-23.519465,-46.65671975000001,,,,1,2023-06-18T12:24:23+00:00
SAO_2678-10,São Paulo,3550308,True,,33151,,,-23.4948075,-46.405891,,,,2,2023-06-18T12:24:35+00:00
SAO_2678-10,São Paulo,3550308,True,,33151,,,-23.4938845,-46.37678150000001,,,,2,2023-06-18T12:24:55+00:00
SAO_2678-10,São Paulo,3550308,True,,33151,,,-23.523137249999998,-46.5333235,,,,2,2023-06-18T12:24:27+00:00
SAO_2734-10,São Paulo,3550308,True,,1760,,,-23.512009,-46.40866,,,,1,2023-06-18T12:24:49+00:00
SAO_2734-10,São Paulo,3550308,True,,1760,,,-23.504699,-46.427608500000005,,,,1,2023-06-18T12:24:43+00:00
SAO_2734-10,São Paulo,3550308,True,,1760,,,-23.527281000000002,-46.446440499999994,,,,1,2023-06-18T12:25:03+00:00
SAO_2734-10,São Paulo,3550308,True,,1760,,,-23.510827749999997,-46.41021025,,,,1,2023-06-18T12:25:03+00:00
SAO_6017-10,São Paulo,3550308,True,,1206,,,-23.696863,-46.760326500000005,,,,1,2023-06-18T12:24:49+00:00
SAO_6017-10,São Paulo,3550308,True,,1206,,,-23.662343874999998,-46.706628,,,,1,2023-06-18T12:25:09+00:00
SAO_609F-10,São Paulo,3550308,True,BR7 Mobilidade,37,https://moovitapp.com/index/pt-br/transporte_p%C3%BAblico-line-37-Sao_Paulo-242-851856-596010-0,5.75,-23.575190624999998,-46.668663,,,,1,2023-06-18T12:25:02+00:00
SAO_609F-10,São Paulo,3550308,True,BR7 Mobilidade,37,https://moovitapp.com/index/pt-br/transporte_p%C3%BAblico-line-37-Sao_Paulo-242-851856-596010-0,5.75,-23.660276500000002,-46.746493,,,,1,2023-06-18T12:24:56+00:00
SAO_609F-10,São Paulo,3550308,True,BR7 Mobilidade,37,https://moovitapp.com/index/pt-br/transporte_p%C3%BAblico-line-37-Sao_Paulo-242-851856-596010-0,5.75,-23.6680755,-46.748797,,,,1,2023-06-18T12:24:40+00:00
SAO_609F-10,São Paulo,3550308,True,BR7 Mobilidade,37,https://moovitapp.com/index/pt-br/transporte_p%C3%BAblico-line-37-Sao_Paulo-242-851856-596010-0,5.75,-23.6277825,-46.71157,,,,1,2023-06-18T12:24:28+00:00
SAO_609F-10,São Paulo,3550308,True,BR7 Mobilidade,37,https://moovitapp.com/index/pt-br/transporte_p%C3%BAblico-line-37-Sao_Paulo-242-851856-596010-0,5.75,-23.535300999999997,-46.64457,,,,1,2023-06-18T12:24:44+00:00
SAO_311C-10,São Paulo,3550308,True,,33077,,,-23.594777,-46.5478045,,,,2,2023-06-18T12:25:07+00:00
SAO_311C-10,São Paulo,3550308,True,,33077,,,-23.562445,-46.597978499999996,,,,2,2023-06-18T12:25:03+00:00
SAO_475R-10,São Paulo,3550308,True,,344,,,-23.656042749999997,-46.614568750000004,,,,1,2023-06-18T12:24:50+00:00
SAO_475R-10,São Paulo,3550308,True,,344,,,-23.576157,-46.65074425,,,,1,2023-06-18T12:25:01+00:00
SAO_475R-10,São Paulo,3550308,True,,344,,,-23.616885,-46.638790625,,,,1,2023-06-18T12:24:00+00:00
SAO_5370-10,São Paulo,3550308,True,,1442,,,-23.6811635,-46.7054845,,,,1,2023-06-18T12:24:50+00:00
SAO_5370-10,São Paulo,3550308,True,,1442,,,-23.557806375,-46.638081125,,,,1,2023-06-18T12:24:54+00:00
SAO_5370-10,São Paulo,3550308,True,,1442,,,-23.7673145,-46.7161625,,,,1,2023-06-18T12:24:47+00:00
SAO_5370-10,São Paulo,3550308,True,,1442,,,-23.750916500000002,-46.710391,,,,1,2023-06-18T12:24:45+00:00
SAO_5370-10,São Paulo,3550308,True,,1442,,,-23.606001,-46.664376250000004,,,,1,2023-06-18T12:24:30+00:00
SAO_546L-10,São Paulo,3550308,True,,34053,,,-23.677811749999996,-46.683129625,,,,2,2023-06-18T12:24:31+00:00
SAO_546L-10,São Paulo,3550308,True,,34053,,,-23.673091,-46.665679499999996,,,,2,2023-06-18T12:24:47+00:00
SAO_546L-10,São Paulo,3550308,True,,34053,,,-23.6542245,-46.710728,,,,2,2023-06-18T12:24:35+00:00
SAO_4709-10,São Paulo,3550308,True,,33101,,,-23.5894755,-46.633868,,,,2,2023-06-18T12:24:57+00:00
SAO_4709-10,São Paulo,3550308,True,,33101,,,-23.5894755,-46.633868,,,,2,2023-06-18T12:25:04+00:00
SAO_4709-10,São Paulo,3550308,True,,33101,,,-23.5894755,-46.633868,,,,2,2023-06-18T12:24:52+00:00
SAO_4709-10,São Paulo,3550308,True,,33101,,,-23.653319500000002,-46.607946999999996,,,,2,2023-06-18T12:24:24+00:00
SAO_4709-10,São Paulo,3550308,True,,33101,,,-23.5894755,-46.633868,,,,2,2023-06-18T12:24:56+00:00
SAO_4709-10,São Paulo,3550308,True,,33101,,,-23.5894755,-46.633868,,,,2,2023-06-18T12:24:47+00:00
SAO_4709-10,São Paulo,3550308,True,,33101,,,-23.5894755,-46.633868,,,,2,2023-06-18T12:24:32+00:00
SAO_4709-10,São Paulo,3550308,True,,33101,,,-23.5894755,-46.633868,,,,2,2023-06-18T12:24:46+00:00
SAO_4709-10,São Paulo,3550308,True,,33101,,,-23.612432,-46.607203999999996,,,,2,2023-06-18T12:24:39+00:00
SAO_4709-10,São Paulo,3550308,True,,33101,,,-23.5894755,-46.633868,,,,2,2023-06-18T12:24:51+00:00
SAO_6059-10,São Paulo,3550308,True,,33994,,,-23.636726,-46.715168000000006,,,,2,2023-06-18T12:24:33+00:00
SAO_8047-10,São Paulo,3550308,True,EMTU,408,https://moovitapp.com/index/pt-br/transporte_p%C3%BAblico-line-408-Sao_Paulo-242-2038937-36419468-0,7.55,-23.515351000000003,-46.7263175,,,,1,2023-06-18T12:25:06+00:00
SAO_8047-10,São Paulo,3550308,True,EMTU,408,https://moovitapp.com/index/pt-br/transporte_p%C3%BAblico-line-408-Sao_Paulo-242-2038937-36419468-0,7.55,-23.482446,-46.755742,,,,1,2023-06-18T12:24:59+00:00
SAO_2017-10,São Paulo,3550308,True,,33671,,,-23.519009500000003,-46.412976,,,,2,2023-06-18T12:25:08+00:00
SAO_2762-10,São Paulo,3550308,True,,32912,,,-23.486237625,-46.476904125000004,,,,2,2023-06-18T12:24:38+00:00
SAO_2762-10,São Paulo,3550308,True,,32912,,,-23.534668,-46.568568,,,,2,2023-06-18T12:24:54+00:00
SAO_2762-10,São Paulo,3550308,True,,32912,,,-23.501266,-46.497907,,,,2,2023-06-18T12:24:35+00:00
SAO_3791-10,São Paulo,3550308,True,,1069,,,-23.5419325,-46.484893125,,,,1,2023-06-18T12:24:45+00:00
SAO_3791-10,São Paulo,3550308,True,,1069,,,-23.549167500000003,-46.5038675,,,,1,2023-06-18T12:24:53+00:00
SAO_2626-10,São Paulo,3550308,True,EMTU,376,https://moovitapp.com/index/pt-br/transporte_p%C3%BAblico-line-376-Sao_Paulo-242-2038937-114744732-0,5.1,-23.5113895,-46.502336,,,,1,2023-06-18T12:24:59+00:00
SAO_2626-10,São Paulo,3550308,True,EMTU,376,https://moovitapp.com/index/pt-br/transporte_p%C3%BAblico-line-376-Sao_Paulo-242-2038937-114744732-0,5.1,-23.543087,-46.62823950000001,,,,1,2023-06-18T12:23:37+00:00
SAO_2626-10,São Paulo,3550308,True,EMTU,376,https://moovitapp.com/index/pt-br/transporte_p%C3%BAblico-line-376-Sao_Paulo-242-2038937-114744732-0,5.1,-23.493909000000002,-46.4396455,,,,1,2023-06-18T12:24:44+00:00
SAO_2626-10,São Paulo,3550308,True,EMTU,376,https://moovitapp.com/index/pt-br/transporte_p%C3%BAblico-line-376-Sao_Paulo-242-2038937-114744732-0,5.1,-23.535033,-46.578162000000006,,,,1,2023-06-18T12:24:59+00:00
SAO_2626-10,São Paulo,3550308,True,EMTU,376,https://moovitapp.com/index/pt-br/transporte_p%C3%BAblico-line-376-Sao_Paulo-242-2038937-114744732-0,5.1,-23.5192465,-46.400273999999996,,,,1,2023-06-18T12:24:55+00:00
SAO_8016-10,São Paulo,3550308,True,,1346,,,-23.436176,-46.717684625000004,,,,1,2023-06-18T12:24:53+00:00
SAO_3754-10,São Paulo,3550308,True,,33817,,,-23.53314125,-46.430143625,,,,2,2023-06-18T12:24:58+00:00
SAO_3754-10,São Paulo,3550308,True,,33817,,,-23.559111,-46.402637,,,,2,2023-06-18T12:24:24+00:00
SAO_3754-10,São Paulo,3550308,True,,33817,,,-23.573897000000002,-46.398213999999996,,,,2,2023-06-18T12:24:38+00:00
SAO_3754-10,São Paulo,3550308,True,,33817,,,-23.569904,-46.398712,,,,2,2023-06-18T12:25:05+00:00
SAO_4716-10,São Paulo,3550308,True,,33874,,,-23.61218875,-46.62194675,,,,2,2023-06-18T12:24:35+00:00
SAO_4716-10,São Paulo,3550308,True,,33874,,,-23.599436,-46.6383915,,,,2,2023-06-18T12:25:06+00:00
SAO_4716-10,São Paulo,3550308,True,,33874,,,-23.601309,-46.602029875,,,,2,2023-06-18T12:24:59+00:00
SAO_5031-10,São Paulo,3550308,True,,1746,,,-23.637415,-46.592847500000005,,,,1,2023-06-18T12:24:58+00:00
SAO_5031-10,São Paulo,3550308,True,,1746,,,-23.628173,-46.59075325,,,,1,2023-06-18T12:24:41+00:00
SAO_5031-10,São Paulo,3550308,True,,1746,,,-23.620193999999998,-46.592152,,,,1,2023-06-18T12:24:36+00:00
SAO_5031-10,São Paulo,3550308,True,,1746,,,-23.631518999999997,-46.58502,,,,1,2023-06-18T12:24:40+00:00
SAO_3738-10,São Paulo,3550308,True,,33806,,,-23.5629515,-46.3946025,,,,2,2023-06-18T12:24:26+00:00
SAO_3738-10,São Paulo,3550308,True,,33806,,,-23.552227000000002,-46.4457435,,,,2,2023-06-18T12:25:04+00:00
SAO_677Y-10,São Paulo,3550308,True,,1240,,,-23.693685000000002,-46.794277,,,,1,2023-06-18T12:24:50+00:00
SAO_677Y-10,São Paulo,3550308,True,,1240,,,-23.6836685,-46.7890555,,,,1,2023-06-18T12:25:09+00:00
SAO_677Y-10,São Paulo,3550308,True,,1240,,,-23.6135745,-46.697574,,,,1,2023-06-18T12:24:28+00:00
SAO_1788-10,São Paulo,3550308,True,,33421,,,-23.4308,-46.5751545,,,,2,2023-06-18T12:24:30+00:00
SAO_1788-10,São Paulo,3550308,True,,33421,,,-23.4893015,-46.6190225,,,,2,2023-06-18T12:24:28+00:00
SAO_888P-10,São Paulo,3550308,True,,33222,,,-23.4332835,-46.722787999999994,,,,2,2023-06-18T12:24:55+00:00
SAO_888P-10,São Paulo,3550308,True,,33222,,,-23.442003,-46.708443,,,,2,2023-06-18T12:25:06+00:00
SAO_888P-10,São Paulo,3550308,True,,33222,,,-23.442003,-46.708443,,,,2,2023-06-18T12:24:34+00:00
SAO_9009-10,São Paulo,3550308,True,,877,,,-23.4413925,-46.7078645,,,,1,2023-06-18T12:24:22+00:00
SAO_2582-10,São Paulo,3550308,True,,33142,,,-23.492154,-46.445614500000005,,,,2,2023-06-18T12:25:00+00:00
SAO_2582-10,São Paulo,3550308,True,,33142,,,-23.51908225,-46.42337275,,,,2,2023-06-18T12:24:46+00:00
SAO_2582-10,São Paulo,3550308,True,,33142,,,-23.531755500000003,-46.55994225,,,,2,2023-06-18T12:24:59+00:00
SAO_8500-10,São Paulo,3550308,True,,34035,,,-23.487410500000003,-46.7142185,,,,2,2023-06-18T12:24:56+00:00
SAO_8500-10,São Paulo,3550308,True,,34035,,,-23.51679225,-46.68362,,,,2,2023-06-18T12:25:03+00:00
SAO_809T-10,São Paulo,3550308,True,,35014,,,-23.585785,-46.8053525,,,,2,2023-06-18T12:24:30+00:00
SAO_809T-10,São Paulo,3550308,True,,35014,,,-23.5501798125,-46.739363125,,,,2,2023-06-18T12:24:54+00:00
SAO_373T-10,São Paulo,3550308,True,,33859,,,-23.5469055,-46.6063945,,,,2,2023-06-18T12:25:04+00:00
SAO_373T-10,São Paulo,3550308,True,,33859,,,-23.58096,-46.561204000000004,,,,2,2023-06-18T12:24:47+00:00
SAO_373T-10,São Paulo,3550308,True,,33859,,,-23.5941885,-46.498267,,,,2,2023-06-18T12:24:32+00:00
SAO_4491-10,São Paulo,3550308,True,EMTU,327,https://moovitapp.com/index/pt-br/transporte_p%C3%BAblico-line-327-Sao_Paulo-242-2038937-36419415-0,5.35,-23.6055835,-46.626304000000005,,,,1,2023-06-18T12:24:55+00:00
SAO_4491-10,São Paulo,3550308,True,EMTU,327,https://moovitapp.com/index/pt-br/transporte_p%C3%BAblico-line-327-Sao_Paulo-242-2038937-36419415-0,5.35,-23.648156999999998,-46.600237,,,,1,2023-06-18T12:25:04+00:00
SAO_4491-10,São Paulo,3550308,True,EMTU,327,https://moovitapp.com/index/pt-br/transporte_p%C3%BAblico-line-327-Sao_Paulo-242-2038937-36419415-0,5.35,-23.5689485,-46.611140999999996,,,,1,2023-06-18T12:24:19+00:00
SAO_6034-10,São Paulo,3550308,True,,95,,,-23.73484475,-46.695252249999996,,,,1,2023-06-18T12:24:58+00:00
SAO_6003-10,São Paulo,3550308,True,,1472,,,-23.7276615,-46.699051,,,,1,2023-06-18T12:25:06+00:00
SAO_6003-10,São Paulo,3550308,True,,1472,,,-23.767454999999998,-46.716910999999996,,,,1,2023-06-18T12:24:43+00:00
SAO_2703-10,São Paulo,3550308,True,Urubupungá,915,https://moovitapp.com/index/pt-br/transporte_p%C3%BAblico-line-915-Sao_Paulo-242-873835-75841134-0,4.6,-23.5261385,-46.44501875,,,,1,2023-06-18T12:24:26+00:00
SAO_2703-10,São Paulo,3550308,True,Urubupungá,915,https://moovitapp.com/index/pt-br/transporte_p%C3%BAblico-line-915-Sao_Paulo-242-873835-75841134-0,4.6,-23.529542499999998,-46.420608,,,,1,2023-06-18T12:24:57+00:00
SAO_2703-10,São Paulo,3550308,True,Urubupungá,915,https://moovitapp.com/index/pt-br/transporte_p%C3%BAblico-line-915-Sao_Paulo-242-873835-75841134-0,4.6,-23.542814,-46.470709,,,,1,2023-06-18T12:24:33+00:00
SAO_2703-10,São Paulo,3550308,True,Urubupungá,915,https://moovitapp.com/index/pt-br/transporte_p%C3%BAblico-line-915-Sao_Paulo-242-873835-75841134-0,4.6,-23.525816,-46.419928,,,,1,2023-06-18T12:24:31+00:00
SAO_2703-10,São Paulo,3550308,True,Urubupungá,915,https://moovitapp.com/index/pt-br/transporte_p%C3%BAblico-line-915-Sao_Paulo-242-873835-75841134-0,4.6,-23.529542499999998,-46.420608,,,,1,2023-06-18T12:22:22+00:00
SAO_2703-10,São Paulo,3550308,True,Urubupungá,915,https://moovitapp.com/index/pt-br/transporte_p%C3%BAblico-line-915-Sao_Paulo-242-873835-75841134-0,4.6,-23.529542499999998,-46.420608,,,,1,2023-06-18T12:24:56+00:00
SAO_2703-10,São Paulo,3550308,True,Urubupungá,915,https://moovitapp.com/index/pt-br/transporte_p%C3%BAblico-line-915-Sao_Paulo-242-873835-75841134-0,4.6,-23.525544250000003,-46.41958675,,,,1,2023-06-18T12:23:25+00:00
SAO_2703-10,São Paulo,3550308,True,Urubupungá,915,https://moovitapp.com/index/pt-br/transporte_p%C3%BAblico-line-915-Sao_Paulo-242-873835-75841134-0,4.6,-23.542001,-46.471106000000006,,,,1,2023-06-18T12:24:42+00:00
SAO_2703-10,São Paulo,3550308,True,Urubupungá,915,https://moovitapp.com/index/pt-br/transporte_p%C3%BAblico-line-915-Sao_Paulo-242-873835-75841134-0,4.6,-23.529542499999998,-46.420608,,,,1,2023-06-18T12:23:57+00:00
SAO_9004-10,São Paulo,3550308,True,,33639,,,-23.4567555,-46.6849275,,,,2,2023-06-18T12:24:23+00:00
SAO_9004-10,São Paulo,3550308,True,,33639,,,-23.466532,-46.670395,,,,2,2023-06-18T12:25:01+00:00
SAO_1018-10,São Paulo,3550308,True,,33600,,,-23.477162,-46.6104815,,,,2,2023-06-18T12:21:52+00:00
SAO_1018-10,São Paulo,3550308,True,,33600,,,-23.489323499999998,-46.62424,,,,2,2023-06-18T12:23:43+00:00
SAO_6078-10,São Paulo,3550308,True,,33934,,,-23.702261874999998,-46.701778125000004,,,,2,2023-06-18T12:24:55+00:00
SAO_6078-10,São Paulo,3550308,True,,33934,,,-23.741339,-46.6604465,,,,2,2023-06-18T12:24:42+00:00
SAO_175T-10,São Paulo,3550308,True,,623,,,-23.653973,-46.6379265,,,,1,2023-06-18T12:24:58+00:00
SAO_175T-10,São Paulo,3550308,True,,623,,,-23.5874185,-46.653158,,,,1,2023-06-18T12:24:44+00:00
SAO_9011-21,São Paulo,3550308,True,,34536,,,-23.4543985,-46.7377585,,,,2,2023-06-18T12:24:36+00:00
SAO_9011-21,São Paulo,3550308,True,,34536,,,-23.446984,-46.7225025,,,,2,2023-06-18T12:24:07+00:00
SAO_3098-10,São Paulo,3550308,True,,1078,,,-23.5813125,-46.491349,,,,1,2023-06-18T12:24:54+00:00
SAO_3098-10,São Paulo,3550308,True,,1078,,,-23.5645445,-46.508259,,,,1,2023-06-18T12:24:54+00:00
SAO_1782-10,São Paulo,3550308,True,,33411,,,-23.456484500000002,-46.584685,,,,2,2023-06-18T12:24:57+00:00
SAO_575C-10,São Paulo,3550308,True,,34454,,,-23.580758250000002,-46.5259895,,,,2,2023-06-18T12:24:42+00:00
SAO_575C-10,São Paulo,3550308,True,,34454,,,-23.5849245,-46.582055999999994,,,,2,2023-06-18T12:24:38+00:00
SAO_7040-10,São Paulo,3550308,True,,33544,,,-23.623783500000002,-46.727943999999994,,,,2,2023-06-18T12:24:43+00:00
SAO_7040-10,São Paulo,3550308,True,,33544,,,-23.623910000000002,-46.727845,,,,2,2023-06-18T12:24:34+00:00
SAO_7040-10,São Paulo,3550308,True,,33544,,,-23.569049,-46.6921575,,,,2,2023-06-18T12:24:44+00:00
SAO_7040-10,São Paulo,3550308,True,,33544,,,-23.6236665,-46.7280325,,,,2,2023-06-18T12:24:38+00:00
SAO_7040-10,São Paulo,3550308,True,,33544,,,-23.60358225,-46.7122065,,,,2,2023-06-18T12:24:35+00:00
SAO_8030-10,São Paulo,3550308,True,,2562,,,-23.620706,-46.7294135,,,,1,2023-06-18T12:24:47+00:00
SAO_8194-10,São Paulo,3550308,True,,805,,,-23.4146815,-46.753325187499996,,,,1,2023-06-18T12:24:25+00:00
SAO_8194-10,São Paulo,3550308,True,,805,,,-23.438336,-46.7091475,,,,1,2023-06-18T12:24:38+00:00
SAO_273N-10,São Paulo,3550308,True,EMTU,390,https://moovitapp.com/index/pt-br/transporte_p%C3%BAblico-line-390-Sao_Paulo-242-2038937-36419459-0,5.45,-23.4940365,-46.4196,,,,1,2023-06-18T12:25:00+00:00
SAO_273N-10,São Paulo,3550308,True,EMTU,390,https://moovitapp.com/index/pt-br/transporte_p%C3%BAblico-line-390-Sao_Paulo-242-2038937-36419459-0,5.45,-23.512839,-46.5160465,,,,1,2023-06-18T12:24:37+00:00
SAO_938P-10,São Paulo,3550308,True,,33656,,,-23.462844,-46.6814335,,,,2,2023-06-18T12:24:32+00:00
SAO_938P-10,São Paulo,3550308,True,,33656,,,-23.523056500000003,-46.68789162499999,,,,2,2023-06-18T12:24:58+00:00
SAO_938P-10,São Paulo,3550308,True,,33656,,,-23.463069,-46.6814145,,,,2,2023-06-18T12:24:26+00:00
SAO_938P-10,São Paulo,3550308,True,,33656,,,-23.463069,-46.6814145,,,,2,2023-06-18T12:24:26+00:00
SAO_809P-10,São Paulo,3550308,True,,34659,,,-23.631258,-46.773112999999995,,,,2,2023-06-18T12:24:30+00:00
SAO_809P-10,São Paulo,3550308,True,,34659,,,-23.584733,-46.718515999999994,,,,2,2023-06-18T12:24:37+00:00
SAO_809P-10,São Paulo,3550308,True,,34659,,,-23.631508,-46.7726,,,,2,2023-06-18T12:24:43+00:00
SAO_809P-10,São Paulo,3550308,True,,34659,,,-23.567645875,-46.6976115,,,,2,2023-06-18T12:24:50+00:00
SAO_809P-10,São Paulo,3550308,True,,34659,,,-23.594966,-46.7383765,,,,2,2023-06-18T12:24:56+00:00
SAO_3737-10,São Paulo,3550308,True,,1037,,,-23.56178175,-46.510352999999995,,,,1,2023-06-18T12:24:28+00:00
SAO_3737-10,São Paulo,3550308,True,,1037,,,-23.5309265,-46.516566250000004,,,,1,2023-06-18T12:24:49+00:00
SAO_3031-10,São Paulo,3550308,True,,33735,,,-23.6126845,-46.4445915,,,,2,2023-06-18T12:24:34+00:00
SAO_3031-10,São Paulo,3550308,True,,33735,,,-23.5459,-46.460999,,,,2,2023-06-18T12:24:32+00:00
SAO_7050-10,São Paulo,3550308,True,,1884,,,-23.6313825,-46.77286,,,,1,2023-06-18T12:25:00+00:00
SAO_7050-10,São Paulo,3550308,True,,1884,,,-23.665869999999998,-46.7831115,,,,1,2023-06-18T12:24:40+00:00
SAO_1772-10,São Paulo,3550308,True,,33403,,,-23.4404995,-46.576930000000004,,,,2,2023-06-18T12:22:17+00:00
SAO_1772-10,São Paulo,3550308,True,,33403,,,-23.449732500000003,-46.5850245,,,,2,2023-06-18T12:24:55+00:00
SAO_1178-10,São Paulo,3550308,True,,32900,,,-23.504024,-46.4331685,,,,2,2023-06-18T12:24:32+00:00
SAO_1178-10,São Paulo,3550308,True,,32900,,,-23.504152499999996,-46.432775,,,,2,2023-06-18T12:25:04+00:00
SAO_1178-10,São Paulo,3550308,True,,32900,,,-23.504152499999996,-46.432775,,,,2,2023-06-18T12:25:01+00:00
SAO_1178-10,São Paulo,3550308,True,,32900,,,-23.53758725,-46.633639,,,,2,2023-06-18T12:24:31+00:00
SAO_1178-10,São Paulo,3550308,True,,32900,,,-23.527959125000002,-46.58082125,,,,2,2023-06-18T12:24:54+00:00
SAO_2705-10,São Paulo,3550308,True,,33685,,,-23.5424725,-46.458507,,,,2,2023-06-18T12:25:06+00:00
SAO_3064-10,São Paulo,3550308,True,Urubupungá,980,https://moovitapp.com/index/pt-br/transporte_p%C3%BAblico-line-980-Sao_Paulo-242-873835-76224585-0,4.6,-23.54310675,-46.41319675,,,,1,2023-06-18T12:24:35+00:00
SAO_3064-10,São Paulo,3550308,True,Urubupungá,980,https://moovitapp.com/index/pt-br/transporte_p%C3%BAblico-line-980-Sao_Paulo-242-873835-76224585-0,4.6,-23.581097,-46.414367500000004,,,,1,2023-06-18T12:24:46+00:00
SAO_4053-10,São Paulo,3550308,True,,34914,,,-23.55280925,-46.3944755,,,,2,2023-06-18T12:24:24+00:00
SAO_4053-10,São Paulo,3550308,True,,34914,,,-23.5592195,-46.399505500000004,,,,2,2023-06-18T12:24:37+00:00
SAO_746K-10,São Paulo,3550308,True,STT,787,https://moovitapp.com/index/pt-br/transporte_p%C3%BAblico-line-787-Sao_Paulo-242-850661-183355-0,5.3,-23.618325625,-46.687684250000004,,,,1,2023-06-18T12:25:00+00:00
SAO_746K-10,São Paulo,3550308,True,STT,787,https://moovitapp.com/index/pt-br/transporte_p%C3%BAblico-line-787-Sao_Paulo-242-850661-183355-0,5.3,-23.618883500000003,-46.722800500000005,,,,1,2023-06-18T12:25:05+00:00
SAO_2710-10,São Paulo,3550308,True,,33692,,,-23.5299515,-46.501272,,,,2,2023-06-18T12:25:07+00:00
SAO_2203-10,São Paulo,3550308,True,,911,,,-23.52859075,-46.49894449999999,,,,1,2023-06-18T12:22:28+00:00
SAO_2203-10,São Paulo,3550308,True,,911,,,-23.520712000000003,-46.484475,,,,1,2023-06-18T12:25:03+00:00
SAO_2104-10,São Paulo,3550308,True,,35023,,,-23.53786025,-46.626465374999995,,,,2,2023-06-18T12:24:40+00:00
SAO_2755-10,São Paulo,3550308,True,,33001,,,-23.522708,-46.518773,,,,2,2023-06-18T12:24:41+00:00
SAO_2755-10,São Paulo,3550308,True,,33001,,,-23.514146,-46.4514825,,,,2,2023-06-18T12:24:45+00:00
SAO_2755-10,São Paulo,3550308,True,,33001,,,-23.52388725,-46.41830675,,,,2,2023-06-18T12:24:25+00:00
SAO_3773-10,São Paulo,3550308,True,,33827,,,-23.575232749999998,-46.503189250000005,,,,2,2023-06-18T12:24:49+00:00
SAO_677V-10,São Paulo,3550308,True,,32880,,,-23.7260725,-46.7134615,,,,2,2023-06-18T12:24:52+00:00
SAO_677V-10,São Paulo,3550308,True,,32880,,,-23.744177999999998,-46.709981,,,,2,2023-06-18T12:24:37+00:00
SAO_5142-10,São Paulo,3550308,True,,1626,,,-23.602759499999998,-46.529866,,,,1,2023-06-18T12:25:00+00:00
SAO_5142-10,São Paulo,3550308,True,,1626,,,-23.569008,-46.611245,,,,1,2023-06-18T12:25:02+00:00
SAO_2551-10,São Paulo,3550308,True,,32909,,,-23.546832000000002,-46.6301665,,,,2,2023-06-18T12:24:58+00:00
SAO_2551-10,São Paulo,3550308,True,,32909,,,-23.546832000000002,-46.6301665,,,,2,2023-06-18T12:24:30+00:00
SAO_2551-10,São Paulo,3550308,True,,32909,,,-23.546832000000002,-46.6301665,,,,2,2023-06-18T12:25:00+00:00
SAO_2551-10,São Paulo,3550308,True,,32909,,,-23.546832000000002,-46.6301665,,,,2,2023-06-18T12:25:00+00:00
SAO_2551-10,São Paulo,3550308,True,,32909,,,-23.5388835,-46.605918,,,,2,2023-06-18T12:24:24+00:00
SAO_352A-10,São Paulo,3550308,True,,164,,,-23.596551500000004,-46.487297874999996,,,,1,2023-06-18T12:24:54+00:00
SAO_352A-10,São Paulo,3550308,True,,164,,,-23.56306625,-46.466267,,,,1,2023-06-18T12:24:53+00:00
SAO_352A-10,São Paulo,3550308,True,,164,,,-23.612406,-46.476185,,,,1,2023-06-18T12:25:03+00:00
SAO_3741-10,São Paulo,3550308,True,,1041,,,-23.542065,-46.449332,,,,1,2023-06-18T12:24:41+00:00
SAO_3741-10,São Paulo,3550308,True,,1041,,,-23.551051875,-46.450498125,,,,1,2023-06-18T12:25:01+00:00
SAO_3741-10,São Paulo,3550308,True,,1041,,,-23.551487375,-46.450802625,,,,1,2023-06-18T12:24:54+00:00
SAO_3741-10,São Paulo,3550308,True,,1041,,,-23.555610625,-46.463496500000005,,,,1,2023-06-18T12:24:35+00:00
SAO_8548-10,São Paulo,3550308,True,,33346,,,-23.435192999999998,-46.71718,,,,2,2023-06-18T12:25:01+00:00
SAO_8548-10,São Paulo,3550308,True,,33346,,,-23.515340000000002,-46.696865,,,,2,2023-06-18T12:25:03+00:00
SAO_4721-10,São Paulo,3550308,True,,33105,,,-23.621776,-46.62868,,,,2,2023-06-18T12:24:45+00:00
SAO_805L-10,São Paulo,3550308,True,EMTU,124,https://moovitapp.com/index/pt-br/transporte_p%C3%BAblico-line-124-Sao_Paulo-242-2038937-36419282-0,5.15,-23.558809125,-46.63289675,,,,1,2023-06-18T12:24:29+00:00
SAO_513C-10,São Paulo,3550308,True,,35303,,,-23.606419000000002,-46.5629485,,,,2,2023-06-18T12:24:57+00:00
SAO_4734-10,São Paulo,3550308,True,,1109,,,-23.637493499999998,-46.6082675,,,,1,2023-06-18T12:25:09+00:00
SAO_4734-10,São Paulo,3550308,True,,1109,,,-23.635216,-46.615286499999996,,,,1,2023-06-18T12:24:25+00:00
SAO_4734-10,São Paulo,3550308,True,,1109,,,-23.6414715,-46.610838,,,,1,2023-06-18T12:24:38+00:00
SAO_4734-10,São Paulo,3550308,True,,1109,,,-23.622584500000002,-46.6292555,,,,1,2023-06-18T12:24:52+00:00
SAO_1896-10,São Paulo,3550308,True,,2520,,,-23.489128,-46.731847,,,,1,2023-06-18T12:24:50+00:00
SAO_1896-10,São Paulo,3550308,True,,2520,,,-23.534230875000002,-46.654912749999994,,,,1,2023-06-18T12:24:54+00:00
SAO_1896-10,São Paulo,3550308,True,,2520,,,-23.4444145,-46.7533035,,,,1,2023-06-18T12:24:46+00:00
SAO_527R-10,São Paulo,3550308,True,,33039,,,-23.666031874999998,-46.65678737500001,,,,2,2023-06-18T12:24:40+00:00
SAO_527R-10,São Paulo,3550308,True,,33039,,,-23.65648875,-46.7011785,,,,2,2023-06-18T12:24:27+00:00
SAO_7281-10,São Paulo,3550308,True,,1334,,,-23.547548,-46.647615,,,,1,2023-06-18T12:24:57+00:00
SAO_7281-10,São Paulo,3550308,True,,1334,,,-23.5327,-46.70435875,,,,1,2023-06-18T12:24:54+00:00
SAO_403A-10,São Paulo,3550308,True,,2192,,,-23.5491345,-46.5069445,,,,1,2023-06-18T12:24:43+00:00
SAO_403A-10,São Paulo,3550308,True,,2192,,,-23.54330475,-46.43472250000001,,,,1,2023-06-18T12:24:44+00:00
SAO_6412-10,São Paulo,3550308,True,,33538,,,-23.590801,-46.672607,,,,2,2023-06-18T12:24:29+00:00
SAO_6412-10,São Paulo,3550308,True,,33538,,,-23.5641185,-46.646494499999996,,,,2,2023-06-18T12:25:07+00:00
SAO_6412-10,São Paulo,3550308,True,,33538,,,-23.61699275,-46.720967,,,,2,2023-06-18T12:24:27+00:00
SAO_2772-10,São Paulo,3550308,True,,398,,,-23.510545,-46.405769500000005,,,,1,2023-06-18T12:24:53+00:00
SAO_2772-10,São Paulo,3550308,True,,398,,,-23.498266,-46.4572045,,,,1,2023-06-18T12:24:44+00:00
SAO_2772-10,São Paulo,3550308,True,,398,,,-23.523372625,-46.40622975,,,,1,2023-06-18T12:24:30+00:00
SAO_978T-10,São Paulo,3550308,True,,889,,,-23.484278,-46.691393500000004,,,,1,2023-06-18T12:24:38+00:00
SAO_978T-10,São Paulo,3550308,True,,889,,,-23.515133,-46.6971045,,,,1,2023-06-18T12:24:51+00:00
SAO_978T-10,São Paulo,3550308,True,,889,,,-23.523926,-46.695916499999996,,,,1,2023-06-18T12:25:04+00:00
SAO_6L01-10,São Paulo,3550308,True,,1171,,,-23.8844585,-46.733907,,,,1,2023-06-18T12:24:50+00:00
SAO_6338-10,São Paulo,3550308,True,,1293,,,-23.628226125,-46.643981375,,,,1,2023-06-18T12:24:40+00:00
SAO_6338-10,São Paulo,3550308,True,,1293,,,-23.676915,-46.641678999999996,,,,1,2023-06-18T12:24:59+00:00
SAO_3785-10,São Paulo,3550308,True,,1063,,,-23.5629695,-46.44609975,,,,1,2023-06-18T12:24:57+00:00
SAO_3785-10,São Paulo,3550308,True,,1063,,,-23.591207,-46.394471,,,,1,2023-06-18T12:24:49+00:00
SAO_3785-10,São Paulo,3550308,True,,1063,,,-23.58055825,-46.413486750000004,,,,1,2023-06-18T12:25:09+00:00
SAO_3785-10,São Paulo,3550308,True,,1063,,,-23.591207,-46.394471,,,,1,2023-06-18T12:24:58+00:00
SAO_3785-10,São Paulo,3550308,True,,1063,,,-23.5632265,-46.44612325,,,,1,2023-06-18T12:24:30+00:00
SAO_3785-10,São Paulo,3550308,True,,1063,,,-23.58055825,-46.413486750000004,,,,1,2023-06-18T12:24:26+00:00
SAO_3785-10,São Paulo,3550308,True,,1063,,,-23.591207,-46.394471,,,,1,2023-06-18T12:24:36+00:00
SAO_6042-10,São Paulo,3550308,True,,1219,,,-23.672669,-46.7646945,,,,1,2023-06-18T12:21:51+00:00
SAO_8072-10,São Paulo,3550308,True,,34847,,,-23.59172,-46.739363999999995,,,,2,2023-06-18T12:24:25+00:00
SAO_8072-10,São Paulo,3550308,True,,34847,,,-23.6423545,-46.7659975,,,,2,2023-06-18T12:25:05+00:00
SAO_8000-10,São Paulo,3550308,True,,34041,,,-23.520256,-46.7000975,,,,2,2023-06-18T12:25:07+00:00
SAO_8000-10,São Paulo,3550308,True,,34041,,,-23.541608500000002,-46.641667749999996,,,,2,2023-06-18T12:25:03+00:00
SAO_1702-10,São Paulo,3550308,True,,846,,,-23.4449105,-46.5776595,,,,1,2023-06-18T12:24:38+00:00
SAO_1702-10,São Paulo,3550308,True,,846,,,-23.4802815,-46.6000715,,,,1,2023-06-18T12:21:50+00:00
SAO_1702-10,São Paulo,3550308,True,,846,,,-23.527362500000002,-46.6269225,,,,1,2023-06-18T12:24:49+00:00
SAO_715M-10,São Paulo,3550308,True,EMTU,490,https://moovitapp.com/index/pt-br/transporte_p%C3%BAblico-line-490-Sao_Paulo-242-2038937-36419517-0,5.15,-23.5562275,-46.6341875,,,,1,2023-06-18T12:24:30+00:00
SAO_715M-10,São Paulo,3550308,True,EMTU,490,https://moovitapp.com/index/pt-br/transporte_p%C3%BAblico-line-490-Sao_Paulo-242-2038937-36419517-0,5.15,-23.5587165,-46.659662874999995,,,,1,2023-06-18T12:25:01+00:00
SAO_715M-10,São Paulo,3550308,True,EMTU,490,https://moovitapp.com/index/pt-br/transporte_p%C3%BAblico-line-490-Sao_Paulo-242-2038937-36419517-0,5.15,-23.570878999999998,-46.709908375,,,,1,2023-06-18T12:25:06+00:00
SAO_172N-10,São Paulo,3550308,True,,664,,,-23.505463499999998,-46.59437,,,,1,2023-06-18T12:25:08+00:00
SAO_8686-21,São Paulo,3550308,True,,35253,,,-23.4969125,-46.7460375,,,,2,2023-06-18T12:24:59+00:00
SAO_9018-10,São Paulo,3550308,True,,34039,,,-23.473774,-46.7198505,,,,2,2023-06-18T12:24:27+00:00
SAO_527R-10,São Paulo,3550308,True,,271,,,-23.660086,-46.67857075,,,,1,2023-06-18T12:24:25+00:00
SAO_527R-10,São Paulo,3550308,True,,271,,,-23.675337,-46.6533395,,,,1,2023-06-18T12:24:56+00:00
SAO_8200-10,São Paulo,3550308,True,,34031,,,-23.51377175,-46.7025705,,,,2,2023-06-18T12:24:57+00:00
SAO_9090-10,São Paulo,3550308,True,,33652,,,-23.462758625,-46.676424874999995,,,,2,2023-06-18T12:24:30+00:00
SAO_9090-10,São Paulo,3550308,True,,33652,,,-23.491785,-46.66805425,,,,2,2023-06-18T12:24:40+00:00
SAO_1017-10,São Paulo,3550308,True,,2141,,,-23.4146625,-46.754577999999995,,,,1,2023-06-18T12:24:53+00:00
SAO_1017-10,São Paulo,3550308,True,,2141,,,-23.441166,-46.716872499999994,,,,1,2023-06-18T12:24:53+00:00
SAO_1017-10,São Paulo,3550308,True,,2141,,,-23.4850255,-46.709775,,,,1,2023-06-18T12:24:50+00:00
SAO_3734-10,São Paulo,3550308,True,,1034,,,-23.5503055,-46.481733500000004,,,,1,2023-06-18T12:24:48+00:00
SAO_5164-21,São Paulo,3550308,True,,1616,,,-23.646406,-46.644999,,,,1,2023-06-18T12:24:59+00:00
SAO_5164-21,São Paulo,3550308,True,,1616,,,-23.636491,-46.6411605,,,,1,2023-06-18T12:24:29+00:00
SAO_5164-21,São Paulo,3550308,True,,1616,,,-23.646406,-46.644999,,,,1,2023-06-18T12:24:33+00:00
SAO_5164-21,São Paulo,3550308,True,,1616,,,-23.6461105,-46.6469465,,,,1,2023-06-18T12:24:45+00:00
SAO_3735-10,São Paulo,3550308,True,,1035,,,-23.540855999999998,-46.4849405,,,,1,2023-06-18T12:24:28+00:00
SAO_3735-10,São Paulo,3550308,True,,1035,,,-23.545997749999998,-46.5014535,,,,1,2023-06-18T12:24:42+00:00
SAO_3735-10,São Paulo,3550308,True,,1035,,,-23.54143525,-46.48684725,,,,1,2023-06-18T12:24:41+00:00
SAO_263C-10,São Paulo,3550308,True,EMTU,252,https://moovitapp.com/index/pt-br/transporte_p%C3%BAblico-line-252-Sao_Paulo-242-2038937-36419363-0,6.8,-23.53939075,-46.4398695,,,,1,2023-06-18T12:24:42+00:00
SAO_263C-10,São Paulo,3550308,True,EMTU,252,https://moovitapp.com/index/pt-br/transporte_p%C3%BAblico-line-252-Sao_Paulo-242-2038937-36419363-0,6.8,-23.48432425,-46.4228755,,,,1,2023-06-18T12:24:58+00:00
SAO_874C-10,São Paulo,3550308,True,,477,,,-23.5504738125,-46.7394504375,,,,1,2023-06-18T12:24:00+00:00
SAO_7903-10,São Paulo,3550308,True,,512,,,-23.600499,-46.784119000000004,,,,1,2023-06-18T12:24:38+00:00
SAO_7903-10,São Paulo,3550308,True,,512,,,-23.585029499999997,-46.7386015,,,,1,2023-06-18T12:24:31+00:00
SAO_8050-10,São Paulo,3550308,True,,33180,,,-23.511011500000002,-46.7276125,,,,2,2023-06-18T12:24:51+00:00
SAO_8050-10,São Paulo,3550308,True,,33180,,,-23.437302000000003,-46.792786,,,,2,2023-06-18T12:24:51+00:00
SAO_2010-10,São Paulo,3550308,True,,2104,,,-23.4826245,-46.569855000000004,,,,1,2023-06-18T12:24:59+00:00
SAO_4001-10,São Paulo,3550308,True,,2176,,,-23.558199000000002,-46.522121,,,,1,2023-06-18T12:25:05+00:00
SAO_4001-10,São Paulo,3550308,True,,2176,,,-23.55114075,-46.457085500000005,,,,1,2023-06-18T12:25:04+00:00
SAO_4001-10,São Paulo,3550308,True,,2176,,,-23.538167375,-46.44602462499999,,,,1,2023-06-18T12:24:55+00:00
SAO_1760-10,São Paulo,3550308,True,EMTU,557,https://moovitapp.com/index/pt-br/transporte_p%C3%BAblico-line-557-Sao_Paulo-242-2038937-36419558-0,6.2,-23.4856815,-46.64071,,,,1,2023-06-18T12:24:50+00:00
SAO_875C-1,São Paulo,3550308,True,,2510,,,-23.60118775,-46.6514405,,,,1,2023-06-18T12:25:02+00:00
SAO_875C-1,São Paulo,3550308,True,,2510,,,-23.5402555,-46.7181975,,,,1,2023-06-18T12:24:58+00:00
SAO_5318-10,São Paulo,3550308,True,,45,,,-23.670631,-46.744989000000004,,,,1,2023-06-18T12:24:32+00:00
SAO_5318-10,São Paulo,3550308,True,,45,,,-23.59990275,-46.658639,,,,1,2023-06-18T12:24:37+00:00
SAO_5318-10,São Paulo,3550308,True,,45,,,-23.592699500000002,-46.651919,,,,1,2023-06-18T12:25:05+00:00
SAO_5318-10,São Paulo,3550308,True,,45,,,-23.636813,-46.7149645,,,,1,2023-06-18T12:25:02+00:00
SAO_546J-10,São Paulo,3550308,True,,33901,,,-23.68778,-46.65928825,,,,2,2023-06-18T12:25:09+00:00
SAO_546J-10,São Paulo,3550308,True,,33901,,,-23.672126125,-46.66713075,,,,2,2023-06-18T12:24:49+00:00
SAO_4002-10,São Paulo,3550308,True,,2177,,,-23.5736935,-46.50531049999999,,,,1,2023-06-18T12:24:59+00:00
SAO_4002-10,São Paulo,3550308,True,,2177,,,-23.540408,-46.4567435,,,,1,2023-06-18T12:24:44+00:00
SAO_4002-10,São Paulo,3550308,True,,2177,,,-23.545655500000002,-46.4043215,,,,1,2023-06-18T12:24:48+00:00
SAO_7062-41,São Paulo,3550308,True,,2271,,,-23.6499715,-46.758806,,,,1,2023-06-18T12:25:07+00:00
SAO_7062-41,São Paulo,3550308,True,,2271,,,-23.650418000000002,-46.7700365,,,,1,2023-06-18T12:25:00+00:00
SAO_5091-10,São Paulo,3550308,True,,34291,,,-23.695090999999998,-46.666537000000005,,,,2,2023-06-18T12:24:36+00:00
SAO_5091-10,São Paulo,3550308,True,,34291,,,-23.68224575,-46.6769735,,,,2,2023-06-18T12:24:30+00:00
SAO_5091-10,São Paulo,3550308,True,,34291,,,-23.630688499999998,-46.646902,,,,2,2023-06-18T12:24:29+00:00
SAO_407P-10,São Paulo,3550308,True,,2200,,,-23.540786562500003,-46.5767406875,,,,1,2023-06-18T12:24:52+00:00
SAO_407P-10,São Paulo,3550308,True,,2200,,,-23.542082999999998,-46.41141950000001,,,,1,2023-06-18T12:24:25+00:00
SAO_407P-10,São Paulo,3550308,True,,2200,,,-23.53952725,-46.485592999999994,,,,1,2023-06-18T12:24:40+00:00
SAO_546T-10,São Paulo,3550308,True,,33040,,,-23.7040005,-46.634984,,,,2,2023-06-18T12:24:43+00:00
SAO_546T-10,São Paulo,3550308,True,,33040,,,-23.678036,-46.685228,,,,2,2023-06-18T12:24:29+00:00
SAO_546T-10,São Paulo,3550308,True,,33040,,,-23.654134499999998,-46.708625,,,,2,2023-06-18T12:24:47+00:00
SAO_746P-10,São Paulo,3550308,True,,33556,,,-23.6268095,-46.73536275,,,,2,2023-06-18T12:24:34+00:00
SAO_513C-31,São Paulo,3550308,True,,35304,,,-23.606243,-46.562926,,,,2,2023-06-18T12:24:34+00:00
SAO_719P-10,São Paulo,3550308,True,,1372,,,-23.546076999999997,-46.657880750000004,,,,1,2023-06-18T12:24:37+00:00
SAO_8528-10,São Paulo,3550308,True,,33343,,,-23.504883999999997,-46.687025,,,,2,2023-06-18T12:24:39+00:00
SAO_8528-10,São Paulo,3550308,True,,33343,,,-23.541526499999996,-46.63584525,,,,2,2023-06-18T12:24:34+00:00
SAO_5164-10,São Paulo,3550308,True,,1283,,,-23.6461565,-46.644951,,,,1,2023-06-18T12:25:01+00:00
SAO_5164-10,São Paulo,3550308,True,,1283,,,-23.6274845,-46.642675,,,,1,2023-06-18T12:24:45+00:00
SAO_5032-10,São Paulo,3550308,True,,1662,,,-23.5954945,-46.59656475,,,,1,2023-06-18T12:24:28+00:00
SAO_6063-43,São Paulo,3550308,True,,2480,,,-23.8175015,-46.699355499999996,,,,1,2023-06-18T12:24:43+00:00
SAO_6291-10,São Paulo,3550308,True,EMTU,358,https://moovitapp.com/index/pt-br/transporte_p%C3%BAblico-line-358-Sao_Paulo-242-2038937-36419439-0,4.8,-23.643303500000002,-46.7766185,,,,1,2023-06-18T12:24:46+00:00
SAO_6291-10,São Paulo,3550308,True,EMTU,358,https://moovitapp.com/index/pt-br/transporte_p%C3%BAblico-line-358-Sao_Paulo-242-2038937-36419439-0,4.8,-23.6290185,-46.7238215,,,,1,2023-06-18T12:24:38+00:00
SAO_6291-10,São Paulo,3550308,True,EMTU,358,https://moovitapp.com/index/pt-br/transporte_p%C3%BAblico-line-358-Sao_Paulo-242-2038937-36419439-0,4.8,-23.555836,-46.6499815,,,,1,2023-06-18T12:24:54+00:00
SAO_2202-10,São Paulo,3550308,True,,33678,,,-23.512635500000002,-46.402305,,,,2,2023-06-18T12:24:03+00:00
SAO_2202-10,São Paulo,3550308,True,,33678,,,-23.48792525,-46.382452,,,,2,2023-06-18T12:24:13+00:00
SAO_2202-10,São Paulo,3550308,True,,33678,,,-23.535989999999998,-46.402924999999996,,,,2,2023-06-18T12:24:39+00:00
SAO_2202-10,São Paulo,3550308,True,,33678,,,-23.541795,-46.415766,,,,2,2023-06-18T12:24:32+00:00
SAO_6059-10,São Paulo,3550308,True,,1226,,,-23.6478875,-46.73155625,,,,1,2023-06-18T12:24:33+00:00
SAO_2021-10,São Paulo,3550308,True,,33674,,,-23.5417215,-46.416351500000005,,,,2,2023-06-18T12:25:08+00:00
SAO_2021-10,São Paulo,3550308,True,,33674,,,-23.541711,-46.416456499999995,,,,2,2023-06-18T12:24:33+00:00
SAO_8010-10,São Paulo,3550308,True,,33566,,,-23.4944105,-46.7144635,,,,2,2023-06-18T12:24:31+00:00
SAO_8010-10,São Paulo,3550308,True,,33566,,,-23.419567999999998,-46.749461499999995,,,,2,2023-06-18T12:24:37+00:00
SAO_8010-10,São Paulo,3550308,True,,33566,,,-23.410450499999996,-46.757214250000004,,,,2,2023-06-18T12:24:55+00:00
SAO_516N-10,São Paulo,3550308,True,EMTU,266,https://moovitapp.com/index/pt-br/transporte_p%C3%BAblico-line-266-Sao_Paulo-242-2038937-36419376-0,6.8,-23.690365999999997,-46.649558999999996,,,,1,2023-06-18T12:25:03+00:00
SAO_516N-10,São Paulo,3550308,True,EMTU,266,https://moovitapp.com/index/pt-br/transporte_p%C3%BAblico-line-266-Sao_Paulo-242-2038937-36419376-0,6.8,-23.6693765,-46.648829500000005,,,,1,2023-06-18T12:24:42+00:00
SAO_516N-10,São Paulo,3550308,True,EMTU,266,https://moovitapp.com/index/pt-br/transporte_p%C3%BAblico-line-266-Sao_Paulo-242-2038937-36419376-0,6.8,-23.59324375,-46.672788,,,,1,2023-06-18T12:24:56+00:00
SAO_2031-10,São Paulo,3550308,True,,33135,,,-23.50175,-46.391381499999994,,,,2,2023-06-18T12:25:05+00:00
SAO_2031-10,São Paulo,3550308,True,,33135,,,-23.4960775,-46.4026035,,,,2,2023-06-18T12:25:05+00:00
SAO_695T-51,São Paulo,3550308,True,,1859,,,-23.603474,-46.661992,,,,1,2023-06-18T12:25:04+00:00
SAO_695T-51,São Paulo,3550308,True,,1859,,,-23.645422375000003,-46.712979250000004,,,,1,2023-06-18T12:24:51+00:00
SAO_695T-51,São Paulo,3550308,True,,1859,,,-23.583372625,-46.637018,,,,1,2023-06-18T12:24:47+00:00
SAO_5759-10,São Paulo,3550308,True,,33906,,,-23.634628499999998,-46.641063,,,,2,2023-06-18T12:25:06+00:00
SAO_5759-10,São Paulo,3550308,True,,33906,,,-23.65056375,-46.64732375,,,,2,2023-06-18T12:24:52+00:00
SAO_3725-10,São Paulo,3550308,True,,33790,,,-23.5332225,-46.530609,,,,2,2023-06-18T12:24:28+00:00
SAO_3725-10,São Paulo,3550308,True,,33790,,,-23.533086,-46.530659,,,,2,2023-06-18T12:24:42+00:00
SAO_3051-10,São Paulo,3550308,True,,2446,,,-23.487693,-46.4794465,,,,1,2023-06-18T12:24:27+00:00
SAO_756A-10,São Paulo,3550308,True,,33561,,,-23.5990835,-46.7473365,,,,2,2023-06-18T12:25:00+00:00
SAO_546A-31,São Paulo,3550308,True,,33900,,,-23.695607,-46.667365000000004,,,,2,2023-06-18T12:24:48+00:00
SAO_2705-10,São Paulo,3550308,True,,917,,,-23.54688425,-46.398619999999994,,,,1,2023-06-18T12:24:53+00:00
SAO_2705-10,São Paulo,3550308,True,,917,,,-23.5303865,-46.444354000000004,,,,1,2023-06-18T12:24:52+00:00
SAO_2705-10,São Paulo,3550308,True,,917,,,-23.545523,-46.393711499999995,,,,1,2023-06-18T12:24:56+00:00
SAO_2705-10,São Paulo,3550308,True,,917,,,-23.545738,-46.393099500000005,,,,1,2023-06-18T12:24:54+00:00
SAO_5652-22,São Paulo,3550308,True,,2516,,,-23.6602855,-46.679439,,,,1,2023-06-18T12:25:04+00:00
SAO_5652-22,São Paulo,3550308,True,,2516,,,-23.722015,-46.693437,,,,1,2023-06-18T12:24:58+00:00
SAO_6804-10,São Paulo,3550308,True,,32798,,,-23.63712975,-46.750643499999995,,,,2,2023-06-18T12:24:57+00:00
SAO_408A-10,São Paulo,3550308,True,,766,,,-23.54262575,-46.640550625,,,,1,2023-06-18T12:24:54+00:00
SAO_364A-10,São Paulo,3550308,True,,34014,,,-23.606033250000003,-46.507858999999996,,,,2,2023-06-18T12:24:56+00:00
SAO_364A-10,São Paulo,3550308,True,,34014,,,-23.564895,-46.506786000000005,,,,2,2023-06-18T12:24:59+00:00
SAO_364A-10,São Paulo,3550308,True,,34014,,,-23.581855249999997,-46.5914535,,,,2,2023-06-18T12:24:32+00:00
SAO_6013-10,São Paulo,3550308,True,,186,,,-23.699707,-46.769392999999994,,,,1,2023-06-18T12:25:05+00:00
SAO_6013-10,São Paulo,3550308,True,,186,,,-23.6502735,-46.7333375,,,,1,2023-06-18T12:23:48+00:00
SAO_7051-10,São Paulo,3550308,True,,1885,,,-23.652745,-46.785092,,,,1,2023-06-18T12:24:32+00:00
SAO_7051-10,São Paulo,3550308,True,,1885,,,-23.655096,-46.7838845,,,,1,2023-06-18T12:24:45+00:00
SAO_4011-10,São Paulo,3550308,True,,34952,,,-23.6224175,-46.414038500000004,,,,2,2023-06-18T12:24:49+00:00
SAO_4011-10,São Paulo,3550308,True,,34952,,,-23.5987115,-46.4681525,,,,2,2023-06-18T12:24:29+00:00
SAO_4011-10,São Paulo,3550308,True,,34952,,,-23.613367249999996,-46.42385975,,,,2,2023-06-18T12:24:49+00:00
SAO_573A-10,São Paulo,3550308,True,,1637,,,-23.590500499999997,-46.5817555,,,,1,2023-06-18T12:25:05+00:00
SAO_7054-10,São Paulo,3550308,True,,32809,,,-23.651257,-46.7909195,,,,2,2023-06-18T12:24:41+00:00
SAO_139A-10,São Paulo,3550308,True,,2451,,,-23.48372475,-46.70378087499999,,,,1,2023-06-18T12:24:34+00:00
SAO_3112-10,São Paulo,3550308,True,,33848,,,-23.593453374999996,-46.544578375,,,,2,2023-06-18T12:25:01+00:00
SAO_3112-10,São Paulo,3550308,True,,33848,,,-23.610093499999998,-46.5294835,,,,2,2023-06-18T12:24:46+00:00
SAO_3112-10,São Paulo,3550308,True,,33848,,,-23.54641075,-46.594326249999995,,,,2,2023-06-18T12:24:47+00:00
SAO_2723-10,São Paulo,3550308,True,,33705,,,-23.4873525,-46.463664,,,,2,2023-06-18T12:24:53+00:00
SAO_2723-10,São Paulo,3550308,True,,33705,,,-23.542138,-46.471932499999994,,,,2,2023-06-18T12:24:29+00:00
SAO_2723-10,São Paulo,3550308,True,,33705,,,-23.514104500000002,-46.443832,,,,2,2023-06-18T12:24:56+00:00
SAO_2723-10,São Paulo,3550308,True,,33705,,,-23.487226,-46.4637175,,,,2,2023-06-18T12:24:27+00:00
SAO_273G-10,São Paulo,3550308,True,,32991,,,-23.497313,-46.45394175,,,,2,2023-06-18T12:24:28+00:00
SAO_273G-10,São Paulo,3550308,True,,32991,,,-23.4815445,-46.41688925,,,,2,2023-06-18T12:24:37+00:00
SAO_2016-10,São Paulo,3550308,True,,33670,,,-23.491332,-46.386855,,,,2,2023-06-18T12:24:42+00:00
SAO_3025-10,São Paulo,3550308,True,,961,,,-23.542544,-46.4158275,,,,1,2023-06-18T12:24:54+00:00
SAO_3025-10,São Paulo,3550308,True,,961,,,-23.571168999999998,-46.403522,,,,1,2023-06-18T12:24:40+00:00
SAO_407L-10,São Paulo,3550308,True,,2199,,,-23.5809085,-46.414079,,,,1,2023-06-18T12:25:03+00:00
SAO_407L-10,São Paulo,3550308,True,,2199,,,-23.5318965,-46.483627,,,,1,2023-06-18T12:24:35+00:00
SAO_407L-10,São Paulo,3550308,True,,2199,,,-23.587617,-46.390991,,,,1,2023-06-18T12:24:40+00:00
SAO_407L-10,São Paulo,3550308,True,,2199,,,-23.528529,-46.5160515,,,,1,2023-06-18T12:24:59+00:00
SAO_407L-10,São Paulo,3550308,True,,2199,,,-23.536036,-46.455020000000005,,,,1,2023-06-18T12:25:03+00:00
SAO_971M-10,São Paulo,3550308,True,,612,,,-23.474944999999998,-46.684275,,,,1,2023-06-18T12:25:03+00:00
SAO_971M-10,São Paulo,3550308,True,,612,,,-23.48377275,-46.649833,,,,1,2023-06-18T12:24:43+00:00
SAO_971M-10,São Paulo,3550308,True,,612,,,-23.498883499999998,-46.626147,,,,1,2023-06-18T12:24:59+00:00
SAO_3718-10,São Paulo,3550308,True,,33781,,,-23.541107,-46.4847105,,,,2,2023-06-18T12:24:48+00:00
SAO_3718-10,São Paulo,3550308,True,,33781,,,-23.546521499999997,-46.481083999999996,,,,2,2023-06-18T12:25:00+00:00
SAO_4085-10,São Paulo,3550308,True,,34924,,,-23.5580285,-46.445443499999996,,,,2,2023-06-18T12:22:14+00:00
SAO_4085-10,São Paulo,3550308,True,,34924,,,-23.574345,-46.4306115,,,,2,2023-06-18T12:15:10+00:00
SAO_3001-10,São Paulo,3550308,True,,1650,,,-23.491656,-46.434244,,,,1,2023-06-18T12:24:34+00:00
SAO_3001-10,São Paulo,3550308,True,,1650,,,-23.49718625,-46.39991175,,,,1,2023-06-18T12:24:37+00:00
SAO_372F-10,São Paulo,3550308,True,,1015,,,-23.546568,-46.605794,,,,1,2023-06-18T12:24:40+00:00
SAO_407A-21,São Paulo,3550308,True,,35269,,,-23.573217749999998,-46.54101425,,,,2,2023-06-18T12:24:40+00:00
SAO_178A-10,São Paulo,3550308,True,EMTU,558,https://moovitapp.com/index/pt-br/transporte_p%C3%BAblico-line-558-Sao_Paulo-242-2038937-36419559-0,4.4,-23.526094875000002,-46.650738625,,,,1,2023-06-18T12:25:06+00:00
SAO_637R-10,São Paulo,3550308,True,,32964,,,-23.712809,-46.7793645,,,,2,2023-06-18T12:24:59+00:00
SAO_637R-10,São Paulo,3550308,True,,32964,,,-23.66629725,-46.718577499999995,,,,2,2023-06-18T12:24:27+00:00
SAO_637R-10,São Paulo,3550308,True,,32964,,,-23.6848575,-46.7702205,,,,2,2023-06-18T12:25:00+00:00
SAO_129F-10,São Paulo,3550308,True,,35072,,,-23.5263225,-46.668319999999994,,,,2,2023-06-18T12:25:08+00:00
SAO_129F-10,São Paulo,3550308,True,,35072,,,-23.5168675,-46.6987555,,,,2,2023-06-18T12:25:01+00:00
SAO_129F-10,São Paulo,3550308,True,,35072,,,-23.4900875,-46.6986255,,,,2,2023-06-18T12:24:21+00:00
SAO_875A-10,São Paulo,3550308,True,,609,,,-23.61856425,-46.651517875,,,,1,2023-06-18T12:24:51+00:00
SAO_875A-10,São Paulo,3550308,True,,609,,,-23.561223,-46.6566225,,,,1,2023-06-18T12:24:41+00:00
SAO_7022-10,São Paulo,3550308,True,,2084,,,-23.6805775,-46.774742,,,,1,2023-06-18T12:24:59+00:00
SAO_7022-10,São Paulo,3550308,True,,2084,,,-23.6687665,-46.733592,,,,1,2023-06-18T12:24:54+00:00
SAO_1742-10,São Paulo,3550308,True,,33310,,,-23.502429499999998,-46.624207,,,,2,2023-06-18T12:24:36+00:00
SAO_1742-10,São Paulo,3550308,True,,33310,,,-23.467366499999997,-46.639104,,,,2,2023-06-18T12:24:54+00:00
SAO_1742-10,São Paulo,3550308,True,,33310,,,-23.502429499999998,-46.624207,,,,2,2023-06-18T12:24:25+00:00
SAO_3901-10,São Paulo,3550308,True,,1469,,,-23.531874000000002,-46.547077,,,,1,2023-06-18T12:24:34+00:00
SAO_8594-10,São Paulo,3550308,True,,33200,,,-23.449132,-46.72155025000001,,,,2,2023-06-18T12:25:02+00:00
SAO_8594-10,São Paulo,3550308,True,,33200,,,-23.523056500000003,-46.68789162499999,,,,2,2023-06-18T12:24:31+00:00
SAO_6074-10,São Paulo,3550308,True,,1161,,,-23.734544,-46.664035999999996,,,,1,2023-06-18T12:24:58+00:00
SAO_6074-10,São Paulo,3550308,True,,1161,,,-23.748272749999998,-46.6660865,,,,1,2023-06-18T12:24:39+00:00
SAO_6074-10,São Paulo,3550308,True,,1161,,,-23.734544,-46.664035999999996,,,,1,2023-06-18T12:24:58+00:00
SAO_6074-10,São Paulo,3550308,True,,1161,,,-23.740009,-46.6914985,,,,1,2023-06-18T12:24:43+00:00
SAO_6074-10,São Paulo,3550308,True,,1161,,,-23.734544,-46.664035999999996,,,,1,2023-06-18T12:24:32+00:00
SAO_1745-10,São Paulo,3550308,True,,546,,,-23.4957675,-46.64384200000001,,,,1,2023-06-18T12:24:53+00:00
SAO_930P-10,São Paulo,3550308,True,,34883,,,-23.5711875,-46.690834499999994,,,,2,2023-06-18T12:24:44+00:00
SAO_930P-10,São Paulo,3550308,True,,34883,,,-23.546062,-46.630887,,,,2,2023-06-18T12:24:29+00:00
SAO_930P-10,São Paulo,3550308,True,,34883,,,-23.560879875,-46.66310575,,,,2,2023-06-18T12:24:41+00:00
SAO_930P-10,São Paulo,3550308,True,,34883,,,-23.548659,-46.642435,,,,2,2023-06-18T12:17:54+00:00
SAO_6820-10,São Paulo,3550308,True,BR7 Mobilidade,19,https://moovitapp.com/index/pt-br/transporte_p%C3%BAblico-line-19-Sao_Paulo-242-851856-516833-0,5.75,-23.666168,-46.788377999999994,,,,1,2023-06-18T12:24:56+00:00
SAO_6820-10,São Paulo,3550308,True,BR7 Mobilidade,19,https://moovitapp.com/index/pt-br/transporte_p%C3%BAblico-line-19-Sao_Paulo-242-851856-516833-0,5.75,-23.653807,-46.762438,,,,1,2023-06-18T12:24:32+00:00
SAO_3773-10,São Paulo,3550308,True,,1059,,,-23.534827999999997,-46.5482775,,,,1,2023-06-18T12:25:09+00:00
SAO_3773-10,São Paulo,3550308,True,,1059,,,-23.615941999999997,-46.464735000000005,,,,1,2023-06-18T12:24:34+00:00
SAO_3773-10,São Paulo,3550308,True,,1059,,,-23.614949250000002,-46.464150000000004,,,,1,2023-06-18T12:24:54+00:00
SAO_3773-10,São Paulo,3550308,True,,1059,,,-23.600213,-46.470144000000005,,,,1,2023-06-18T12:24:34+00:00
SAO_4035-10,São Paulo,3550308,True,,35328,,,-23.56354575,-46.42289875,,,,2,2023-06-18T12:24:59+00:00
SAO_4035-10,São Paulo,3550308,True,,35328,,,-23.558008,-46.3996015,,,,2,2023-06-18T12:24:53+00:00
SAO_273J-10,São Paulo,3550308,True,,33157,,,-23.50503,-46.456571,,,,2,2023-06-18T12:24:38+00:00
SAO_273J-10,São Paulo,3550308,True,,33157,,,-23.5223365,-46.5178795,,,,2,2023-06-18T12:24:30+00:00
SAO_273J-10,São Paulo,3550308,True,,33157,,,-23.479107999999997,-46.385157,,,,2,2023-06-18T12:24:46+00:00
SAO_148P-10,São Paulo,3550308,True,,33302,,,-23.457892,-46.642534,,,,2,2023-06-18T12:24:42+00:00
SAO_148P-10,São Paulo,3550308,True,,33302,,,-23.483815,-46.663436000000004,,,,2,2023-06-18T12:24:46+00:00
SAO_148P-10,São Paulo,3550308,True,,33302,,,-23.458094,-46.642975500000006,,,,2,2023-06-18T12:24:45+00:00
SAO_5123-10,São Paulo,3550308,True,,1125,,,-23.678448500000002,-46.630771499999994,,,,1,2023-06-18T12:24:40+00:00
SAO_5123-10,São Paulo,3550308,True,,1125,,,-23.679215,-46.640164,,,,1,2023-06-18T12:24:54+00:00
SAO_5123-10,São Paulo,3550308,True,,1125,,,-23.6368035,-46.641181,,,,1,2023-06-18T12:24:42+00:00
SAO_5123-10,São Paulo,3550308,True,,1125,,,-23.619836999999997,-46.63943725,,,,1,2023-06-18T12:24:52+00:00
SAO_607A-10,São Paulo,3550308,True,,34907,,,-23.66762775,-46.70542275,,,,2,2023-06-18T12:25:05+00:00
SAO_607A-10,São Paulo,3550308,True,,34907,,,-23.682181999999997,-46.6895995,,,,2,2023-06-18T12:24:53+00:00
SAO_5164-41,São Paulo,3550308,True,,34385,,,-23.6345995,-46.6411415,,,,2,2023-06-18T12:24:32+00:00
SAO_5164-41,São Paulo,3550308,True,,34385,,,-23.64649975,-46.64515875,,,,2,2023-06-18T12:24:50+00:00
SAO_5164-41,São Paulo,3550308,True,,34385,,,-23.634282499999998,-46.641062000000005,,,,2,2023-06-18T12:25:01+00:00
SAO_3390-10,São Paulo,3550308,True,,33506,,,-23.561380999999997,-46.612911999999994,,,,2,2023-06-18T12:24:54+00:00
SAO_3390-10,São Paulo,3550308,True,,33506,,,-23.614340499999997,-46.498550875,,,,2,2023-06-18T12:24:46+00:00
SAO_9188-10,São Paulo,3550308,True,,33577,,,-23.449445500000003,-46.7343025,,,,2,2023-06-18T12:24:59+00:00
SAO_874T-10,São Paulo,3550308,True,,33075,,,-23.5202615,-46.704994375,,,,2,2023-06-18T12:24:50+00:00
SAO_874T-10,São Paulo,3550308,True,,33075,,,-23.518703000000002,-46.707107500000006,,,,2,2023-06-18T12:24:36+00:00
SAO_971T-10,São Paulo,3550308,True,,33386,,,-23.493459,-46.6760655,,,,2,2023-06-18T12:24:38+00:00
SAO_971T-10,São Paulo,3550308,True,,33386,,,-23.490539,-46.6424085,,,,2,2023-06-18T12:24:30+00:00
SAO_2004-10,São Paulo,3550308,True,,33660,,,-23.519818,-46.383840000000006,,,,2,2023-06-18T12:23:19+00:00
SAO_2004-10,São Paulo,3550308,True,,33660,,,-23.534838,-46.400812,,,,2,2023-06-18T12:24:23+00:00
SAO_2004-10,São Paulo,3550308,True,,33660,,,-23.51998075,-46.384243,,,,2,2023-06-18T12:25:02+00:00
SAO_3712-10,São Paulo,3550308,True,,33777,,,-23.55296125,-46.42555625,,,,2,2023-06-18T12:25:02+00:00
SAO_3712-10,São Paulo,3550308,True,,33777,,,-23.551291999999997,-46.4451045,,,,2,2023-06-18T12:24:42+00:00
SAO_7006-10,São Paulo,3550308,True,,1995,,,-23.741728000000002,-46.782376,,,,1,2023-06-18T12:24:55+00:00
SAO_7006-10,São Paulo,3550308,True,,1995,,,-23.694651,-46.779804999999996,,,,1,2023-06-18T12:24:36+00:00
SAO_574W-10,São Paulo,3550308,True,,1629,,,-23.59575975,-46.5179315,,,,1,2023-06-18T12:25:09+00:00
SAO_574W-10,São Paulo,3550308,True,,1629,,,-23.619152,-46.486464999999995,,,,1,2023-06-18T12:24:33+00:00
SAO_574W-10,São Paulo,3550308,True,,1629,,,-23.5430055,-46.588738500000005,,,,1,2023-06-18T12:24:27+00:00
SAO_574W-10,São Paulo,3550308,True,,1629,,,-23.5678465,-46.54033325,,,,1,2023-06-18T12:24:42+00:00
SAO_5300-10,São Paulo,3550308,True,EMTU,354,https://moovitapp.com/index/pt-br/transporte_p%C3%BAblico-line-354-Sao_Paulo-242-2038937-36419437-0,7.55,-23.627943062499998,-46.6851315,,,,1,2023-06-18T12:24:51+00:00
SAO_5300-10,São Paulo,3550308,True,EMTU,354,https://moovitapp.com/index/pt-br/transporte_p%C3%BAblico-line-354-Sao_Paulo-242-2038937-36419437-0,7.55,-23.647313687500002,-46.7021901875,,,,1,2023-06-18T12:24:52+00:00
SAO_5300-10,São Paulo,3550308,True,EMTU,354,https://moovitapp.com/index/pt-br/transporte_p%C3%BAblico-line-354-Sao_Paulo-242-2038937-36419437-0,7.55,-23.6032305,-46.661763875,,,,1,2023-06-18T12:25:00+00:00
SAO_5300-10,São Paulo,3550308,True,EMTU,354,https://moovitapp.com/index/pt-br/transporte_p%C3%BAblico-line-354-Sao_Paulo-242-2038937-36419437-0,7.55,-23.6032305,-46.661763875,,,,1,2023-06-18T12:24:54+00:00
SAO_5091-10,São Paulo,3550308,True,,1523,,,-23.6892415,-46.6358475,,,,1,2023-06-18T12:24:57+00:00
SAO_8055-51,São Paulo,3550308,True,EMTU,417,https://moovitapp.com/index/pt-br/transporte_p%C3%BAblico-line-417-Sao_Paulo-242-2038937-36419474-0,5.2,-23.5257625,-46.7135805,,,,1,2023-06-18T12:25:01+00:00
SAO_8055-51,São Paulo,3550308,True,EMTU,417,https://moovitapp.com/index/pt-br/transporte_p%C3%BAblico-line-417-Sao_Paulo-242-2038937-36419474-0,5.2,-23.4128425,-46.742387,,,,1,2023-06-18T12:25:06+00:00
SAO_3742-10,São Paulo,3550308,True,,1042,,,-23.603329249999998,-46.4336725,,,,1,2023-06-18T12:24:36+00:00
SAO_3742-10,São Paulo,3550308,True,,1042,,,-23.542457374999998,-46.4498265,,,,1,2023-06-18T12:24:53+00:00
SAO_3032-10,São Paulo,3550308,True,,33488,,,-23.554171250000003,-46.49133725,,,,2,2023-06-18T12:24:47+00:00
SAO_5614-21,São Paulo,3550308,True,,35232,,,-23.7160135,-46.624853,,,,2,2023-06-18T12:24:41+00:00
SAO_1024-10,São Paulo,3550308,True,,35070,,,-23.455711,-46.702775,,,,2,2023-06-18T12:24:35+00:00
SAO_1024-10,São Paulo,3550308,True,,35070,,,-23.4855825,-46.696236999999996,,,,2,2023-06-18T12:24:46+00:00
SAO_1024-10,São Paulo,3550308,True,,35070,,,-23.460870999999997,-46.708670999999995,,,,2,2023-06-18T12:25:06+00:00
SAO_478P-10,São Paulo,3550308,True,EMTU,349,https://moovitapp.com/index/pt-br/transporte_p%C3%BAblico-line-349-Sao_Paulo-242-2038937-36419432-0,5.1,-23.52867525,-46.695529750000006,,,,1,2023-06-18T12:24:48+00:00
SAO_478P-10,São Paulo,3550308,True,EMTU,349,https://moovitapp.com/index/pt-br/transporte_p%C3%BAblico-line-349-Sao_Paulo-242-2038937-36419432-0,5.1,-23.595538750000003,-46.609845250000006,,,,1,2023-06-18T12:24:40+00:00
SAO_478P-10,São Paulo,3550308,True,EMTU,349,https://moovitapp.com/index/pt-br/transporte_p%C3%BAblico-line-349-Sao_Paulo-242-2038937-36419432-0,5.1,-23.56777075,-46.623321125000004,,,,1,2023-06-18T12:24:46+00:00
SAO_6805-10,São Paulo,3550308,True,,32799,,,-23.6611755,-46.74822399999999,,,,2,2023-06-18T12:25:06+00:00
SAO_6805-10,São Paulo,3550308,True,,32799,,,-23.654061499999997,-46.763393,,,,2,2023-06-18T12:24:37+00:00
SAO_6805-10,São Paulo,3550308,True,,32799,,,-23.656809000000003,-46.761884,,,,2,2023-06-18T12:25:02+00:00
SAO_414P-10,São Paulo,3550308,True,,1105,,,-23.536963,-46.563204,,,,1,2023-06-18T12:22:09+00:00
SAO_414P-10,São Paulo,3550308,True,,1105,,,-23.567289000000002,-46.543085500000004,,,,1,2023-06-18T12:24:27+00:00
SAO_5701-10,São Paulo,3550308,True,,1136,,,-23.646987000000003,-46.6452945,,,,1,2023-06-18T12:24:30+00:00
SAO_5701-10,São Paulo,3550308,True,,1136,,,-23.621894,-46.684082000000004,,,,1,2023-06-18T12:25:00+00:00
SAO_2726-10,São Paulo,3550308,True,Urubupungá,940,https://moovitapp.com/index/pt-br/transporte_p%C3%BAblico-line-940-Sao_Paulo-242-873835-496474-0,4.6,-23.507967,-46.468248,,,,1,2023-06-18T12:24:23+00:00
SAO_2726-10,São Paulo,3550308,True,Urubupungá,940,https://moovitapp.com/index/pt-br/transporte_p%C3%BAblico-line-940-Sao_Paulo-242-873835-496474-0,4.6,-23.509303000000003,-46.496525000000005,,,,1,2023-06-18T12:24:33+00:00
SAO_2726-10,São Paulo,3550308,True,Urubupungá,940,https://moovitapp.com/index/pt-br/transporte_p%C3%BAblico-line-940-Sao_Paulo-242-873835-496474-0,4.6,-23.507967,-46.468248,,,,1,2023-06-18T12:24:33+00:00
SAO_2076-10,São Paulo,3550308,True,,33136,,,-23.5039315,-46.3796915,,,,2,2023-06-18T12:24:29+00:00
SAO_2076-10,São Paulo,3550308,True,,33136,,,-23.5131725,-46.5166255,,,,2,2023-06-18T12:24:57+00:00
SAO_2076-10,São Paulo,3550308,True,,33136,,,-23.518811,-46.546674499999995,,,,2,2023-06-18T12:24:55+00:00
SAO_3743-10,São Paulo,3550308,True,,1043,,,-23.583696500000002,-46.492101,,,,1,2023-06-18T12:24:50+00:00
SAO_2023-10,São Paulo,3550308,True,,35028,,,-23.480355,-46.602589,,,,2,2023-06-18T12:24:26+00:00
SAO_2023-10,São Paulo,3550308,True,,35028,,,-23.479859500000003,-46.6022495,,,,2,2023-06-18T12:24:25+00:00
SAO_2023-10,São Paulo,3550308,True,,35028,,,-23.406170000000003,-46.5806565,,,,2,2023-06-18T12:24:30+00:00
SAO_574W-10,São Paulo,3550308,True,,34397,,,-23.577506,-46.525164000000004,,,,2,2023-06-18T12:24:38+00:00
SAO_574W-10,São Paulo,3550308,True,,34397,,,-23.611138999999998,-46.48667775,,,,2,2023-06-18T12:25:07+00:00
SAO_574W-10,São Paulo,3550308,True,,34397,,,-23.61519175,-46.48790975,,,,2,2023-06-18T12:24:36+00:00
SAO_273G-10,São Paulo,3550308,True,EMTU,223,https://moovitapp.com/index/pt-br/transporte_p%C3%BAblico-line-223-Sao_Paulo-242-2038937-36419342-0,5.2,-23.532939,-46.4736105,,,,1,2023-06-18T12:24:32+00:00
SAO_273G-10,São Paulo,3550308,True,EMTU,223,https://moovitapp.com/index/pt-br/transporte_p%C3%BAblico-line-223-Sao_Paulo-242-2038937-36419342-0,5.2,-23.48283125,-46.4321875,,,,1,2023-06-18T12:24:31+00:00
SAO_2712-10,São Paulo,3550308,True,,926,,,-23.5407195,-46.482772499999996,,,,1,2023-06-18T12:24:26+00:00
SAO_2712-10,São Paulo,3550308,True,,926,,,-23.5407195,-46.482772499999996,,,,1,2023-06-18T12:24:01+00:00
SAO_6053-10,São Paulo,3550308,True,,1145,,,-23.7431225,-46.6917315,,,,1,2023-06-18T12:25:02+00:00
SAO_6036-10,São Paulo,3550308,True,,33982,,,-23.65385975,-46.79008575,,,,2,2023-06-18T12:24:36+00:00
SAO_6036-10,São Paulo,3550308,True,,33982,,,-23.65385975,-46.79008575,,,,2,2023-06-18T12:25:06+00:00
SAO_6036-10,São Paulo,3550308,True,,33982,,,-23.642863249999998,-46.73661775000001,,,,2,2023-06-18T12:25:00+00:00
SAO_6036-10,São Paulo,3550308,True,,33982,,,-23.6497485,-46.7062485,,,,2,2023-06-18T12:24:55+00:00
SAO_6036-10,São Paulo,3550308,True,,33982,,,-23.65385975,-46.79008575,,,,2,2023-06-18T12:25:05+00:00
SAO_6036-10,São Paulo,3550308,True,,33982,,,-23.6539115,-46.789851999999996,,,,2,2023-06-18T12:25:01+00:00
SAO_6036-10,São Paulo,3550308,True,,33982,,,-23.65385975,-46.79008575,,,,2,2023-06-18T12:24:55+00:00
SAO_6031-10,São Paulo,3550308,True,,92,,,-23.7544845,-46.708985999999996,,,,1,2023-06-18T12:24:33+00:00
SAO_6031-10,São Paulo,3550308,True,,92,,,-23.7379375,-46.697804500000004,,,,1,2023-06-18T12:24:48+00:00
SAO_695X-10,São Paulo,3550308,True,,34209,,,-23.647266000000002,-46.640177,,,,2,2023-06-18T12:25:01+00:00
SAO_695X-10,São Paulo,3550308,True,,34209,,,-23.64929075,-46.676802374999994,,,,2,2023-06-18T12:25:04+00:00
SAO_695X-10,São Paulo,3550308,True,,34209,,,-23.74047675,-46.70428525,,,,2,2023-06-18T12:25:04+00:00
SAO_695X-10,São Paulo,3550308,True,,34209,,,-23.767516,-46.7165655,,,,2,2023-06-18T12:25:01+00:00
SAO_3031-10,São Paulo,3550308,True,,967,,,-23.565564000000002,-46.458077,,,,1,2023-06-18T12:25:07+00:00
SAO_3031-10,São Paulo,3550308,True,,967,,,-23.6022675,-46.4431745,,,,1,2023-06-18T12:25:01+00:00
SAO_3031-10,São Paulo,3550308,True,,967,,,-23.6129015,-46.444473,,,,1,2023-06-18T12:24:42+00:00
SAO_3027-10,São Paulo,3550308,True,,33731,,,-23.540708,-46.4387135,,,,2,2023-06-18T12:24:52+00:00
SAO_3019-10,São Paulo,3550308,True,,957,,,-23.583009500000003,-46.4076625,,,,1,2023-06-18T12:21:17+00:00
SAO_8000-1,São Paulo,3550308,True,,35274,,,-23.547560500000003,-46.640557,,,,2,2023-06-18T12:24:41+00:00
SAO_8000-1,São Paulo,3550308,True,,35274,,,-23.522999499999997,-46.688287875,,,,2,2023-06-18T12:24:38+00:00
SAO_8000-1,São Paulo,3550308,True,,35274,,,-23.530353499999997,-46.66647525,,,,2,2023-06-18T12:24:39+00:00
SAO_5033-10,São Paulo,3550308,True,,34433,,,-23.60347625,-46.6025595,,,,2,2023-06-18T12:24:23+00:00
SAO_1786-10,São Paulo,3550308,True,,33417,,,-23.45368525,-46.607387,,,,2,2023-06-18T12:24:49+00:00
SAO_1786-10,São Paulo,3550308,True,,33417,,,-23.45028,-46.61104025,,,,2,2023-06-18T12:24:36+00:00
SAO_407I-21,São Paulo,3550308,True,,2519,,,-23.542726000000002,-46.485018999999994,,,,1,2023-06-18T12:23:58+00:00
SAO_407I-21,São Paulo,3550308,True,,2519,,,-23.540874000000002,-46.53722,,,,1,2023-06-18T12:25:06+00:00
SAO_2182-10,São Paulo,3550308,True,STT,700,https://moovitapp.com/index/pt-br/transporte_p%C3%BAblico-line-700-Sao_Paulo-242-850661-183337-0,5.3,-23.538731,-46.6048935,,,,1,2023-06-18T12:25:05+00:00
SAO_2182-10,São Paulo,3550308,True,STT,700,https://moovitapp.com/index/pt-br/transporte_p%C3%BAblico-line-700-Sao_Paulo-242-850661-183337-0,5.3,-23.48931,-46.5738365,,,,1,2023-06-18T12:25:07+00:00
SAO_1738-10,São Paulo,3550308,True,,33440,,,-23.488263,-46.5993675,,,,2,2023-06-18T12:24:43+00:00
SAO_1738-10,São Paulo,3550308,True,,33440,,,-23.4735475,-46.581099,,,,2,2023-06-18T12:25:01+00:00
SAO_475M-10,São Paulo,3550308,True,,33111,,,-23.61684275,-46.61788850000001,,,,2,2023-06-18T12:24:59+00:00
SAO_475M-10,São Paulo,3550308,True,,33111,,,-23.6181325,-46.6182345,,,,2,2023-06-18T12:24:40+00:00
SAO_2029-10,São Paulo,3550308,True,,2270,,,-23.438373,-46.5868515,,,,1,2023-06-18T12:24:52+00:00
SAO_2029-10,São Paulo,3550308,True,,2270,,,-23.4796385,-46.6036165,,,,1,2023-06-18T12:24:53+00:00
SAO_5028-10,São Paulo,3550308,True,,1634,,,-23.588739500000003,-46.6002705,,,,1,2023-06-18T12:25:00+00:00
SAO_8015-10,São Paulo,3550308,True,,34113,,,-23.398698250000002,-46.75214875,,,,2,2023-06-18T12:24:34+00:00
SAO_8015-10,São Paulo,3550308,True,,34113,,,-23.4345435,-46.7188635,,,,2,2023-06-18T12:25:05+00:00
SAO_4718-10,São Paulo,3550308,True,,33104,,,-23.657285,-46.6139885,,,,2,2023-06-18T12:25:08+00:00
SAO_847J-21,São Paulo,3550308,True,,35255,,,-23.435667000000002,-46.734828,,,,2,2023-06-18T12:24:34+00:00
SAO_312N-10,São Paulo,3550308,True,,990,,,-23.552851124999997,-46.4056195,,,,1,2023-06-18T12:24:29+00:00
SAO_312N-10,São Paulo,3550308,True,,990,,,-23.5832455,-46.407549,,,,1,2023-06-18T12:24:57+00:00
SAO_312N-10,São Paulo,3550308,True,,990,,,-23.575288999999998,-46.411761,,,,1,2023-06-18T12:25:08+00:00
SAO_312N-10,São Paulo,3550308,True,,990,,,-23.51336,-46.415297499999994,,,,1,2023-06-18T12:24:54+00:00
SAO_8199-10,São Paulo,3550308,True,,33575,,,-23.480701,-46.74527474999999,,,,2,2023-06-18T12:24:51+00:00
SAO_8199-10,São Paulo,3550308,True,,33575,,,-23.49568725,-46.70941525,,,,2,2023-06-18T12:25:01+00:00
SAO_8199-10,São Paulo,3550308,True,,33575,,,-23.468643,-46.7512295,,,,2,2023-06-18T12:24:45+00:00
SAO_709P-10,São Paulo,3550308,True,,1993,,,-23.58772725,-46.683027499999994,,,,1,2023-06-18T12:25:02+00:00
SAO_709P-10,São Paulo,3550308,True,,1993,,,-23.63605425,-46.719348749999995,,,,1,2023-06-18T12:24:50+00:00
SAO_6836-10,São Paulo,3550308,True,,32781,,,-23.6437895,-46.732434,,,,2,2023-06-18T12:24:54+00:00
SAO_6836-10,São Paulo,3550308,True,,32781,,,-23.6707895,-46.77035725,,,,2,2023-06-18T12:25:00+00:00
SAO_2363-10,São Paulo,3550308,True,,135,,,-23.5034425,-46.5034285,,,,1,2023-06-18T12:24:33+00:00
SAO_2363-10,São Paulo,3550308,True,,135,,,-23.523282875,-46.548980125,,,,1,2023-06-18T12:24:53+00:00
SAO_2363-10,São Paulo,3550308,True,,135,,,-23.54620025,-46.63007,,,,1,2023-06-18T12:24:41+00:00
SAO_211L-10,São Paulo,3550308,True,,2265,,,-23.467225499999998,-46.639269999999996,,,,1,2023-06-18T12:24:51+00:00
SAO_5106-21,São Paulo,3550308,True,,1972,,,-23.60633125,-46.671968250000006,,,,1,2023-06-18T12:24:34+00:00
SAO_5106-21,São Paulo,3550308,True,,1972,,,-23.640931000000002,-46.6413955,,,,1,2023-06-18T12:24:41+00:00
SAO_9020-10,São Paulo,3550308,True,,34202,,,-23.4685845,-46.721347,,,,2,2023-06-18T12:24:35+00:00
SAO_4732-10,São Paulo,3550308,True,,33070,,,-23.6184455,-46.638504499999996,,,,2,2023-06-18T12:24:51+00:00
SAO_4732-10,São Paulo,3550308,True,,33070,,,-23.6475985,-46.601049,,,,2,2023-06-18T12:24:23+00:00
SAO_211V-10,São Paulo,3550308,True,,32922,,,-23.504879,-46.507585500000005,,,,2,2023-06-18T12:25:08+00:00
SAO_8594-10,São Paulo,3550308,True,EMTU,432,https://moovitapp.com/index/pt-br/transporte_p%C3%BAblico-line-432-Sao_Paulo-242-2038937-36419486-0,4.8,-23.539754000000002,-46.6449885,,,,1,2023-06-18T12:24:35+00:00
SAO_8594-10,São Paulo,3550308,True,EMTU,432,https://moovitapp.com/index/pt-br/transporte_p%C3%BAblico-line-432-Sao_Paulo-242-2038937-36419486-0,4.8,-23.5249775,-46.69016524999999,,,,1,2023-06-18T12:25:08+00:00
SAO_8594-10,São Paulo,3550308,True,EMTU,432,https://moovitapp.com/index/pt-br/transporte_p%C3%BAblico-line-432-Sao_Paulo-242-2038937-36419486-0,4.8,-23.4640085,-46.720922,,,,1,2023-06-18T12:24:51+00:00
SAO_8594-10,São Paulo,3550308,True,EMTU,432,https://moovitapp.com/index/pt-br/transporte_p%C3%BAblico-line-432-Sao_Paulo-242-2038937-36419486-0,4.8,-23.451745000000003,-46.746084499999995,,,,1,2023-06-18T12:25:03+00:00
SAO_6262-10,São Paulo,3550308,True,,1371,,,-23.555376250000002,-46.705760999999995,,,,1,2023-06-18T12:25:02+00:00
SAO_5103-10,São Paulo,3550308,True,,1646,,,-23.6025555,-46.6141385,,,,1,2023-06-18T12:24:38+00:00
SAO_5103-10,São Paulo,3550308,True,,1646,,,-23.602105,-46.602912,,,,1,2023-06-18T12:24:51+00:00
SAO_5103-10,São Paulo,3550308,True,,1646,,,-23.611801749999998,-46.665354625,,,,1,2023-06-18T12:24:52+00:00
SAO_5144-10,São Paulo,3550308,True,,34395,,,-23.53916175,-46.6078665,,,,2,2023-06-18T12:24:26+00:00
SAO_5144-10,São Paulo,3550308,True,,34395,,,-23.602894999999997,-46.510341499999996,,,,2,2023-06-18T12:24:50+00:00
SAO_6006-10,São Paulo,3550308,True,EMTU,175,https://moovitapp.com/index/pt-br/transporte_p%C3%BAblico-line-175-Sao_Paulo-242-2038937-36419312-0,6.25,-23.666128,-46.677873,,,,1,2023-06-18T12:25:05+00:00
SAO_6006-10,São Paulo,3550308,True,EMTU,175,https://moovitapp.com/index/pt-br/transporte_p%C3%BAblico-line-175-Sao_Paulo-242-2038937-36419312-0,6.25,-23.666710000000002,-46.7212555,,,,1,2023-06-18T12:24:37+00:00
SAO_6076-10,São Paulo,3550308,True,,1165,,,-23.670666500000003,-46.7109215,,,,1,2023-06-18T12:25:07+00:00
SAO_8400-10,São Paulo,3550308,True,,34033,,,-23.531816499999998,-46.659807,,,,2,2023-06-18T12:24:45+00:00
SAO_8400-10,São Paulo,3550308,True,,34033,,,-23.483233499999997,-46.717200500000004,,,,2,2023-06-18T12:24:47+00:00
SAO_8400-10,São Paulo,3550308,True,,34033,,,-23.5214275,-46.698573499999995,,,,2,2023-06-18T12:24:33+00:00
SAO_8400-10,São Paulo,3550308,True,,34033,,,-23.547456,-46.6400205,,,,2,2023-06-18T12:24:47+00:00
SAO_3795-10,São Paulo,3550308,True,,33841,,,-23.5651245,-46.426587999999995,,,,2,2023-06-18T12:24:29+00:00
SAO_3795-10,São Paulo,3550308,True,,33841,,,-23.5600345,-46.4156875,,,,2,2023-06-18T12:24:26+00:00
SAO_3795-10,São Paulo,3550308,True,,33841,,,-23.542476999999998,-46.4712795,,,,2,2023-06-18T12:24:29+00:00
SAO_1760-10,São Paulo,3550308,True,,33325,,,-23.4695055,-46.65652,,,,2,2023-06-18T12:24:58+00:00
SAO_1760-10,São Paulo,3550308,True,,33325,,,-23.514395,-46.616076,,,,2,2023-06-18T12:24:53+00:00
SAO_373M-10,São Paulo,3550308,True,,33049,,,-23.593640999999998,-46.55279025,,,,2,2023-06-18T12:24:59+00:00
SAO_373M-10,São Paulo,3550308,True,,33049,,,-23.601270999999997,-46.538996,,,,2,2023-06-18T12:24:58+00:00
SAO_3732-10,São Paulo,3550308,True,,33797,,,-23.540044,-46.4317305,,,,2,2023-06-18T12:24:37+00:00
SAO_3732-10,São Paulo,3550308,True,,33797,,,-23.554649,-46.444942,,,,2,2023-06-18T12:24:27+00:00
SAO_546A-10,São Paulo,3550308,True,,33899,,,-23.7136645,-46.656892,,,,2,2023-06-18T12:24:31+00:00
SAO_5705-10,São Paulo,3550308,True,,1657,,,-23.59118725,-46.60699475,,,,1,2023-06-18T12:24:57+00:00
SAO_3141-10,São Paulo,3550308,True,,734,,,-23.545886,-46.6302635,,,,1,2023-06-18T12:24:25+00:00
SAO_3141-10,São Paulo,3550308,True,,734,,,-23.582534,-46.535691,,,,1,2023-06-18T12:24:59+00:00
SAO_3141-10,São Paulo,3550308,True,,734,,,-23.612576,-46.480059499999996,,,,1,2023-06-18T12:24:46+00:00
SAO_719R-10,São Paulo,3550308,True,EMTU,469,https://moovitapp.com/index/pt-br/transporte_p%C3%BAblico-line-469-Sao_Paulo-242-2038937-36419507-0,5.4,-23.5662845,-46.692065750000005,,,,1,2023-06-18T12:24:26+00:00
SAO_719R-10,São Paulo,3550308,True,EMTU,469,https://moovitapp.com/index/pt-br/transporte_p%C3%BAblico-line-469-Sao_Paulo-242-2038937-36419507-0,5.4,-23.53151625,-46.6561955,,,,1,2023-06-18T12:24:36+00:00
SAO_3785-10,São Paulo,3550308,True,,33831,,,-23.573963,-46.445578,,,,2,2023-06-18T12:24:37+00:00
SAO_3785-10,São Paulo,3550308,True,,33831,,,-23.5425685,-46.470890999999995,,,,2,2023-06-18T12:24:55+00:00
SAO_3785-10,São Paulo,3550308,True,,33831,,,-23.591703000000003,-46.3941935,,,,2,2023-06-18T12:24:33+00:00
SAO_809V-10,São Paulo,3550308,True,,35011,,,-23.576383,-46.733109,,,,2,2023-06-18T12:24:55+00:00
SAO_2709-10,São Paulo,3550308,True,,33690,,,-23.533322624999997,-46.48996525,,,,2,2023-06-18T12:24:41+00:00
SAO_2709-10,São Paulo,3550308,True,,33690,,,-23.523304500000002,-46.482403500000004,,,,2,2023-06-18T12:24:36+00:00
SAO_6837-10,São Paulo,3550308,True,,6,,,-23.630505,-46.755665,,,,1,2023-06-18T12:24:34+00:00
SAO_6837-10,São Paulo,3550308,True,,6,,,-23.654101,-46.763310000000004,,,,1,2023-06-18T12:25:03+00:00
SAO_6837-10,São Paulo,3550308,True,,6,,,-23.6191295,-46.746074,,,,1,2023-06-18T12:24:44+00:00
SAO_4725-10,São Paulo,3550308,True,,338,,,-23.6073645,-46.64010825,,,,1,2023-06-18T12:24:25+00:00
SAO_4725-10,São Paulo,3550308,True,,338,,,-23.6334435,-46.6137485,,,,1,2023-06-18T12:24:32+00:00
SAO_5791-21,São Paulo,3550308,True,,2463,,,-23.688489500000003,-46.6347475,,,,1,2023-06-18T12:24:51+00:00
SAO_5791-21,São Paulo,3550308,True,,2463,,,-23.71619,-46.62593,,,,1,2023-06-18T12:24:34+00:00
SAO_5791-21,São Paulo,3550308,True,,2463,,,-23.646283500000003,-46.640574,,,,1,2023-06-18T12:24:55+00:00
SAO_3735-10,São Paulo,3550308,True,,33803,,,-23.541323,-46.4845135,,,,2,2023-06-18T12:24:35+00:00
SAO_3735-10,São Paulo,3550308,True,,33803,,,-23.5460205,-46.501273499999996,,,,2,2023-06-18T12:25:07+00:00
SAO_5024-31,São Paulo,3550308,True,,1123,,,-23.691399500000003,-46.677207499999994,,,,1,2023-06-18T12:25:06+00:00
SAO_6L04-10,São Paulo,3550308,True,,1180,,,-23.8540025,-46.755803,,,,1,2023-06-18T12:24:56+00:00
SAO_6L04-10,São Paulo,3550308,True,,1180,,,-23.8715785,-46.7696215,,,,1,2023-06-18T12:24:37+00:00
SAO_3027-10,São Paulo,3550308,True,,963,,,-23.553832625,-46.455839875,,,,1,2023-06-18T12:24:49+00:00
SAO_3027-10,São Paulo,3550308,True,,963,,,-23.5431935,-46.4152505,,,,1,2023-06-18T12:24:59+00:00
SAO_3027-10,São Paulo,3550308,True,,963,,,-23.5431935,-46.4152505,,,,1,2023-06-18T12:24:49+00:00
SAO_3027-10,São Paulo,3550308,True,,963,,,-23.563912000000002,-46.5052585,,,,1,2023-06-18T12:25:04+00:00
SAO_4005-10,São Paulo,3550308,True,,2179,,,-23.5833585,-46.4077735,,,,1,2023-06-18T12:24:57+00:00
SAO_4005-10,São Paulo,3550308,True,,2179,,,-23.582594,-46.3928595,,,,1,2023-06-18T12:25:03+00:00
SAO_8002-10,São Paulo,3550308,True,,1252,,,-23.48865,-46.729586999999995,,,,1,2023-06-18T12:24:32+00:00
SAO_1720-21,São Paulo,3550308,True,,1937,,,-23.4873335,-46.574318500000004,,,,1,2023-06-18T12:24:59+00:00
SAO_1720-21,São Paulo,3550308,True,,1937,,,-23.4815035,-46.574816,,,,1,2023-06-18T12:24:10+00:00
SAO_3026-10,São Paulo,3550308,True,,33730,,,-23.560428,-46.4089675,,,,2,2023-06-18T12:24:44+00:00
SAO_3026-10,São Paulo,3550308,True,,33730,,,-23.5823965,-46.3866155,,,,2,2023-06-18T12:24:20+00:00
SAO_2026-10,São Paulo,3550308,True,,35037,,,-23.461197499999997,-46.582989999999995,,,,2,2023-06-18T12:24:25+00:00
SAO_8705-51,São Paulo,3550308,True,,34858,,,-23.547974500000002,-46.649455875,,,,2,2023-06-18T12:25:07+00:00
SAO_8705-51,São Paulo,3550308,True,,34858,,,-23.544992,-46.7471585,,,,2,2023-06-18T12:25:08+00:00
SAO_8705-51,São Paulo,3550308,True,,34858,,,-23.571602375,-46.696492875000004,,,,2,2023-06-18T12:24:49+00:00
SAO_8705-51,São Paulo,3550308,True,,34858,,,-23.5621635,-46.674863,,,,2,2023-06-18T12:24:49+00:00
SAO_1783-10,São Paulo,3550308,True,,33412,,,-23.398522,-46.578048,,,,2,2023-06-18T12:24:53+00:00
SAO_1783-10,São Paulo,3550308,True,,33412,,,-23.4583385,-46.6024095,,,,2,2023-06-18T12:24:58+00:00
SAO_575C-10,São Paulo,3550308,True,,1686,,,-23.584275,-46.57673775,,,,1,2023-06-18T12:24:46+00:00
SAO_874C-10,São Paulo,3550308,True,,33245,,,-23.539938499999998,-46.7051145,,,,2,2023-06-18T12:25:05+00:00
SAO_3901-10,São Paulo,3550308,True,,34237,,,-23.4987395,-46.50209475,,,,2,2023-06-18T12:25:03+00:00
SAO_6026-10,São Paulo,3550308,True,,32855,,,-23.691650125000002,-46.685683875,,,,2,2023-06-18T12:24:41+00:00
SAO_817C-10,São Paulo,3550308,True,,1337,,,-23.5559545,-46.675117,,,,1,2023-06-18T12:25:06+00:00
SAO_1743-10,São Paulo,3550308,True,EMTU,543,https://moovitapp.com/index/pt-br/transporte_p%C3%BAblico-line-543-Sao_Paulo-242-2038937-36419552-0,5.15,-23.4998425,-46.62548925,,,,1,2023-06-18T12:25:03+00:00
SAO_3020-10,São Paulo,3550308,True,,958,,,-23.5531335,-46.43136,,,,1,2023-06-18T12:24:35+00:00
SAO_3020-10,São Paulo,3550308,True,,958,,,-23.533865874999996,-46.450005250000004,,,,1,2023-06-18T12:24:30+00:00
SAO_3020-10,São Paulo,3550308,True,,958,,,-23.570709,-46.5039315,,,,1,2023-06-18T12:24:29+00:00
SAO_6035-10,São Paulo,3550308,True,,33981,,,-23.6657155,-46.712301499999995,,,,2,2023-06-18T12:24:26+00:00
SAO_6035-10,São Paulo,3550308,True,,33981,,,-23.720727000000004,-46.75911875,,,,2,2023-06-18T12:24:38+00:00
SAO_6035-10,São Paulo,3550308,True,,33981,,,-23.677212500000003,-46.760749000000004,,,,2,2023-06-18T12:24:57+00:00
SAO_3721-10,São Paulo,3550308,True,,1019,,,-23.563125499999998,-46.500617000000005,,,,1,2023-06-18T12:24:30+00:00
SAO_3721-10,São Paulo,3550308,True,,1019,,,-23.540229250000003,-46.486224750000005,,,,1,2023-06-18T12:25:02+00:00
SAO_3721-10,São Paulo,3550308,True,,1019,,,-23.5622725,-46.493492,,,,1,2023-06-18T12:24:55+00:00
SAO_2590-10,São Paulo,3550308,True,,33680,,,-23.48327475,-46.466404999999995,,,,2,2023-06-18T12:24:45+00:00
SAO_2590-10,São Paulo,3550308,True,,33680,,,-23.517070750000002,-46.54967575,,,,2,2023-06-18T12:24:39+00:00
SAO_695H-10,São Paulo,3550308,True,,1196,,,-23.719488,-46.698268999999996,,,,1,2023-06-18T12:24:55+00:00
SAO_695H-10,São Paulo,3550308,True,,1196,,,-23.7888855,-46.715402499999996,,,,1,2023-06-18T12:24:51+00:00
SAO_6200-10,São Paulo,3550308,True,,355,,,-23.621837499999998,-46.701257,,,,1,2023-06-18T12:24:54+00:00
SAO_6200-10,São Paulo,3550308,True,,355,,,-23.633270625,-46.716722937499995,,,,1,2023-06-18T12:24:28+00:00
SAO_6200-10,São Paulo,3550308,True,,355,,,-23.5533975,-46.64797,,,,1,2023-06-18T12:24:52+00:00
SAO_6200-10,São Paulo,3550308,True,,355,,,-23.57470325,-46.66798862500001,,,,1,2023-06-18T12:25:08+00:00
SAO_6200-10,São Paulo,3550308,True,,355,,,-23.654415,-46.714738,,,,1,2023-06-18T12:24:32+00:00
SAO_6200-10,São Paulo,3550308,True,,355,,,-23.58251925,-46.685676,,,,1,2023-06-18T12:24:36+00:00
SAO_6200-10,São Paulo,3550308,True,,355,,,-23.6543415,-46.714342,,,,1,2023-06-18T12:24:47+00:00
SAO_6200-10,São Paulo,3550308,True,,355,,,-23.654634,-46.7157435,,,,1,2023-06-18T12:24:43+00:00
SAO_3729-10,São Paulo,3550308,True,,1026,,,-23.583382,-46.531384,,,,1,2023-06-18T12:24:39+00:00
SAO_3729-10,São Paulo,3550308,True,,1026,,,-23.552515749999998,-46.564679749999996,,,,1,2023-06-18T12:24:44+00:00
SAO_3729-10,São Paulo,3550308,True,,1026,,,-23.562116500000002,-46.509861,,,,1,2023-06-18T12:24:43+00:00
SAO_407E-10,São Paulo,3550308,True,,34983,,,-23.6335585,-46.4430015,,,,2,2023-06-18T12:24:58+00:00
SAO_407E-10,São Paulo,3550308,True,,34983,,,-23.601873,-46.46768425,,,,2,2023-06-18T12:24:28+00:00
SAO_6803-10,São Paulo,3550308,True,,32797,,,-23.642863249999998,-46.73661775000001,,,,2,2023-06-18T12:25:02+00:00
SAO_6803-10,São Paulo,3550308,True,,32797,,,-23.654984499999998,-46.7528935,,,,2,2023-06-18T12:24:55+00:00
SAO_6019-10,São Paulo,3550308,True,,34258,,,-23.6689235,-46.735557,,,,2,2023-06-18T12:24:58+00:00
SAO_6019-10,São Paulo,3550308,True,,34258,,,-23.678635999999997,-46.735214,,,,2,2023-06-18T12:24:29+00:00
SAO_6824-10,São Paulo,3550308,True,,32791,,,-23.673679999999997,-46.791369,,,,2,2023-06-18T12:24:55+00:00
SAO_4288-10,São Paulo,3550308,True,Cidade de Caieiras,290,https://moovitapp.com/index/pt-br/transporte_p%C3%BAblico-line-290-Sao_Paulo-242-868761-496416-0,5.0,-23.56064665625,-46.608344656250004,,,,1,2023-06-18T12:24:33+00:00
SAO_390E-10,São Paulo,3550308,True,,1882,,,-23.535543750000002,-46.57404325,,,,1,2023-06-18T12:24:52+00:00
SAO_390E-10,São Paulo,3550308,True,,1882,,,-23.539786,-46.610667,,,,1,2023-06-18T12:24:47+00:00
SAO_390E-10,São Paulo,3550308,True,,1882,,,-23.545488,-46.631078,,,,1,2023-06-18T12:25:02+00:00
SAO_695T-51,São Paulo,3550308,True,,34627,,,-23.6493095,-46.7519875,,,,2,2023-06-18T12:24:34+00:00
SAO_695T-51,São Paulo,3550308,True,,34627,,,-23.59772075,-46.65096225,,,,2,2023-06-18T12:24:51+00:00
SAO_695T-51,São Paulo,3550308,True,,34627,,,-23.6546575,-46.761719,,,,2,2023-06-18T12:24:35+00:00
SAO_5024-10,São Paulo,3550308,True,,33890,,,-23.680418500000002,-46.6672185,,,,2,2023-06-18T12:24:57+00:00
SAO_7013-10,São Paulo,3550308,True,,33543,,,-23.62682075,-46.76171425,,,,2,2023-06-18T12:25:08+00:00
SAO_7013-10,São Paulo,3550308,True,,33543,,,-23.6080045,-46.751687000000004,,,,2,2023-06-18T12:25:05+00:00
SAO_669A-10,São Paulo,3550308,True,,32772,,,-23.654157,-46.7105825,,,,2,2023-06-18T12:25:07+00:00
SAO_669A-10,São Paulo,3550308,True,,32772,,,-23.5341755,-46.6447165,,,,2,2023-06-18T12:24:34+00:00
SAO_669A-10,São Paulo,3550308,True,,32772,,,-23.582893,-46.668045,,,,2,2023-06-18T12:24:38+00:00
SAO_6116-10,São Paulo,3550308,True,,33954,,,-23.747397499999998,-46.687747,,,,2,2023-06-18T12:25:10+00:00
SAO_6116-10,São Paulo,3550308,True,,33954,,,-23.735741749999995,-46.695003375,,,,2,2023-06-18T12:25:01+00:00
SAO_2740-10,São Paulo,3550308,True,,1792,,,-23.46098,-46.6280955,,,,1,2023-06-18T12:24:37+00:00
SAO_2006-10,São Paulo,3550308,True,,33663,,,-23.494194,-46.400918,,,,2,2023-06-18T12:24:46+00:00
SAO_2006-10,São Paulo,3550308,True,,33663,,,-23.489597500000002,-46.377613,,,,2,2023-06-18T12:25:09+00:00
SAO_2006-10,São Paulo,3550308,True,,33663,,,-23.494194,-46.400918,,,,2,2023-06-18T12:24:51+00:00
SAO_2006-10,São Paulo,3550308,True,,33663,,,-23.497806500000003,-46.3697715,,,,2,2023-06-18T12:23:43+00:00
SAO_8004-10,São Paulo,3550308,True,,1254,,,-23.508667,-46.73751,,,,1,2023-06-18T12:25:02+00:00
SAO_1745-10,São Paulo,3550308,True,,33314,,,-23.5101485,-46.619015,,,,2,2023-06-18T12:24:51+00:00
SAO_1745-10,São Paulo,3550308,True,,33314,,,-23.473171,-46.665481,,,,2,2023-06-18T12:24:44+00:00
SAO_4092-10,São Paulo,3550308,True,,1876,,,-23.5829165,-46.408026,,,,1,2023-06-18T12:25:08+00:00
SAO_4092-10,São Paulo,3550308,True,,1876,,,-23.5813545,-46.4203325,,,,1,2023-06-18T12:24:49+00:00
SAO_508L-10,São Paulo,3550308,True,,32885,,,-23.54079,-46.642476,,,,2,2023-06-18T12:24:38+00:00
SAO_8549-10,São Paulo,3550308,True,EMTU,580,https://moovitapp.com/index/pt-br/transporte_p%C3%BAblico-line-580-Sao_Paulo-242-2038937-36419570-0,7.55,-23.436998,-46.717544375,,,,1,2023-06-18T12:24:56+00:00
SAO_8549-10,São Paulo,3550308,True,EMTU,580,https://moovitapp.com/index/pt-br/transporte_p%C3%BAblico-line-580-Sao_Paulo-242-2038937-36419570-0,7.55,-23.4819015,-46.6851615,,,,1,2023-06-18T12:24:58+00:00
SAO_8549-10,São Paulo,3550308,True,EMTU,580,https://moovitapp.com/index/pt-br/transporte_p%C3%BAblico-line-580-Sao_Paulo-242-2038937-36419570-0,7.55,-23.5256135,-46.681508,,,,1,2023-06-18T12:25:05+00:00
SAO_1020-10,São Paulo,3550308,True,,35265,,,-23.45707,-46.719574,,,,2,2023-06-18T12:24:47+00:00
SAO_1020-10,São Paulo,3550308,True,,35265,,,-23.4106675,-46.763892,,,,2,2023-06-18T12:24:42+00:00
SAO_1020-10,São Paulo,3550308,True,,35265,,,-23.4106675,-46.763892,,,,2,2023-06-18T12:24:26+00:00
SAO_6043-10,São Paulo,3550308,True,,1220,,,-23.646588,-46.7304135,,,,1,2023-06-18T12:24:33+00:00
SAO_8009-10,São Paulo,3550308,True,,34027,,,-23.4880585,-46.733228499999996,,,,2,2023-06-18T12:24:25+00:00
SAO_3734-10,São Paulo,3550308,True,,33802,,,-23.5562685,-46.4780305,,,,2,2023-06-18T12:24:35+00:00
SAO_3734-10,São Paulo,3550308,True,,33802,,,-23.552827,-46.472971,,,,2,2023-06-18T12:24:45+00:00
SAO_8026-10,São Paulo,3550308,True,,34851,,,-23.590403000000002,-46.736939500000005,,,,2,2023-06-18T12:24:44+00:00
SAO_8026-10,São Paulo,3550308,True,,34851,,,-23.6328835,-46.748059,,,,2,2023-06-18T12:25:05+00:00
SAO_9002-10,São Paulo,3550308,True,,870,,,-23.4579405,-46.6705775,,,,1,2023-06-18T12:24:25+00:00
SAO_9002-10,São Paulo,3550308,True,,870,,,-23.45342375,-46.67121625,,,,1,2023-06-18T12:24:37+00:00
SAO_9002-10,São Paulo,3550308,True,,870,,,-23.4579405,-46.6705775,,,,1,2023-06-18T12:24:28+00:00
SAO_2029-10,São Paulo,3550308,True,,35038,,,-23.4563355,-46.592075,,,,2,2023-06-18T12:24:54+00:00
SAO_2029-10,São Paulo,3550308,True,,35038,,,-23.4378375,-46.586511,,,,2,2023-06-18T12:24:46+00:00
SAO_2011-10,São Paulo,3550308,True,,2136,,,-23.495295499999997,-46.62423925,,,,1,2023-06-18T12:23:26+00:00
SAO_1726-10,São Paulo,3550308,True,,34171,,,-23.4488315,-46.592106,,,,2,2023-06-18T12:24:28+00:00
SAO_1726-10,São Paulo,3550308,True,,34171,,,-23.4385445,-46.581574,,,,2,2023-06-18T12:24:01+00:00
SAO_2002-10,São Paulo,3550308,True,,33479,,,-23.546634500000003,-46.6300045,,,,2,2023-06-18T12:24:36+00:00
SAO_3756-10,São Paulo,3550308,True,,1050,,,-23.542298,-46.4702415,,,,1,2023-06-18T12:24:56+00:00
SAO_3756-10,São Paulo,3550308,True,,1050,,,-23.56795,-46.402546,,,,1,2023-06-18T12:25:07+00:00
SAO_3756-10,São Paulo,3550308,True,,1050,,,-23.55833075,-46.44061075,,,,1,2023-06-18T12:24:21+00:00
SAO_3756-10,São Paulo,3550308,True,,1050,,,-23.591324,-46.389072,,,,1,2023-06-18T12:24:16+00:00
SAO_6820-31,São Paulo,3550308,True,,1406,,,-23.661323,-46.7885625,,,,1,2023-06-18T12:24:28+00:00
SAO_3006-10,São Paulo,3550308,True,,1865,,,-23.542018,-46.415611,,,,1,2023-06-18T12:24:59+00:00
SAO_3006-10,São Paulo,3550308,True,,1865,,,-23.548099999999998,-46.389815,,,,1,2023-06-18T12:24:55+00:00
SAO_3006-10,São Paulo,3550308,True,,1865,,,-23.548099999999998,-46.389815,,,,1,2023-06-18T12:24:41+00:00
SAO_3006-10,São Paulo,3550308,True,,1865,,,-23.548099999999998,-46.389815,,,,1,2023-06-18T12:24:41+00:00
SAO_414P-10,São Paulo,3550308,True,,33873,,,-23.569288,-46.5403325,,,,2,2023-06-18T12:24:33+00:00
SAO_414P-10,São Paulo,3550308,True,,33873,,,-23.6098365,-46.529281,,,,2,2023-06-18T12:24:48+00:00
SAO_7245-21,São Paulo,3550308,True,,35306,,,-23.6542795,-46.711304,,,,2,2023-06-18T12:24:27+00:00
SAO_4717-10,São Paulo,3550308,True,EMTU,335,https://moovitapp.com/index/pt-br/transporte_p%C3%BAblico-line-335-Sao_Paulo-242-2038937-36419420-0,5.35,-23.613037,-46.617622499999996,,,,1,2023-06-18T12:24:50+00:00
SAO_847J-21,São Paulo,3550308,True,,2487,,,-23.51377175,-46.7025705,,,,1,2023-06-18T12:24:52+00:00
SAO_847J-21,São Paulo,3550308,True,,2487,,,-23.45491075,-46.72027125,,,,1,2023-06-18T12:24:48+00:00
SAO_677A-10,São Paulo,3550308,True,,34007,,,-23.663187,-46.727529,,,,2,2023-06-18T12:25:06+00:00
SAO_677A-10,São Paulo,3550308,True,,34007,,,-23.5957515,-46.690772499999994,,,,2,2023-06-18T12:24:47+00:00
SAO_677A-10,São Paulo,3550308,True,,34007,,,-23.684307500000003,-46.770112749999996,,,,2,2023-06-18T12:25:03+00:00
SAO_5194-21,São Paulo,3550308,True,,34863,,,-23.6291045,-46.666058,,,,2,2023-06-18T12:24:51+00:00
SAO_8008-10,São Paulo,3550308,True,,34026,,,-23.470457,-46.751476499999995,,,,2,2023-06-18T12:25:03+00:00
SAO_2767-10,São Paulo,3550308,True,,33009,,,-23.50264,-46.466884,,,,2,2023-06-18T12:24:28+00:00
SAO_263J-10,São Paulo,3550308,True,EMTU,219,https://moovitapp.com/index/pt-br/transporte_p%C3%BAblico-line-219-Sao_Paulo-242-2038937-36419341-0,8.55,-23.5325455,-46.4610755,,,,1,2023-06-18T12:24:47+00:00
SAO_263J-10,São Paulo,3550308,True,EMTU,219,https://moovitapp.com/index/pt-br/transporte_p%C3%BAblico-line-219-Sao_Paulo-242-2038937-36419341-0,8.55,-23.521504,-46.527947499999996,,,,1,2023-06-18T12:24:44+00:00
SAO_6014-10,São Paulo,3550308,True,,32956,,,-23.6905325,-46.774566500000006,,,,2,2023-06-18T12:24:23+00:00
SAO_6014-10,São Paulo,3550308,True,,32956,,,-23.741925000000002,-46.800694,,,,2,2023-06-18T12:24:42+00:00
SAO_6014-10,São Paulo,3550308,True,,32956,,,-23.727213,-46.7863825,,,,2,2023-06-18T12:24:34+00:00
SAO_6014-10,São Paulo,3550308,True,,32956,,,-23.6675375,-46.730432,,,,2,2023-06-18T12:19:32+00:00
SAO_9014-10,São Paulo,3550308,True,,1425,,,-23.4788265,-46.7032945,,,,1,2023-06-18T12:20:21+00:00
SAO_675R-10,São Paulo,3550308,True,,32877,,,-23.7403345,-46.691452999999996,,,,2,2023-06-18T12:24:42+00:00
SAO_669A-10,São Paulo,3550308,True,,4,,,-23.647313687500002,-46.7021901875,,,,1,2023-06-18T12:25:00+00:00
SAO_669A-10,São Paulo,3550308,True,,4,,,-23.552126125,-46.657847875,,,,1,2023-06-18T12:24:56+00:00
SAO_669A-10,São Paulo,3550308,True,,4,,,-23.58138925,-46.665473,,,,1,2023-06-18T12:25:07+00:00
SAO_9005-10,São Paulo,3550308,True,,872,,,-23.454378499999997,-46.693401,,,,1,2023-06-18T12:24:49+00:00
SAO_9005-10,São Paulo,3550308,True,,872,,,-23.451341,-46.682001,,,,1,2023-06-18T12:24:30+00:00
SAO_6813-10,São Paulo,3550308,True,,32801,,,-23.668012249999997,-46.764174,,,,2,2023-06-18T12:24:31+00:00
SAO_9785-10,São Paulo,3550308,True,,33596,,,-23.519893875,-46.67245737499999,,,,2,2023-06-18T12:24:54+00:00
SAO_9785-10,São Paulo,3550308,True,,33596,,,-23.456477,-46.699,,,,2,2023-06-18T12:24:38+00:00
SAO_8707-21,São Paulo,3550308,True,,34833,,,-23.575194,-46.76196775,,,,2,2023-06-18T12:24:33+00:00
SAO_8707-21,São Paulo,3550308,True,,34833,,,-23.574617,-46.730098,,,,2,2023-06-18T12:24:33+00:00
SAO_8707-21,São Paulo,3550308,True,,34833,,,-23.5826535,-46.7614745,,,,2,2023-06-18T12:24:56+00:00
SAO_2007-10,São Paulo,3550308,True,,896,,,-23.4984495,-46.3958055,,,,1,2023-06-18T12:24:32+00:00
SAO_2007-10,São Paulo,3550308,True,,896,,,-23.507016,-46.371445249999994,,,,1,2023-06-18T12:24:34+00:00
SAO_2007-10,São Paulo,3550308,True,,896,,,-23.494778625000002,-46.4035085,,,,1,2023-06-18T12:24:31+00:00
SAO_172X-10,São Paulo,3550308,True,,861,,,-23.539696499999998,-46.575877500000004,,,,1,2023-06-18T12:24:42+00:00
SAO_172X-10,São Paulo,3550308,True,,861,,,-23.505216,-46.567730999999995,,,,1,2023-06-18T12:25:05+00:00
SAO_172X-10,São Paulo,3550308,True,,861,,,-23.52575,-46.578098,,,,1,2023-06-18T12:24:48+00:00
SAO_6500-10,São Paulo,3550308,True,,46,,,-23.616493749999997,-46.68038525,,,,1,2023-06-18T12:25:09+00:00
SAO_6500-10,São Paulo,3550308,True,,46,,,-23.5496165,-46.639465,,,,1,2023-06-18T12:24:37+00:00
SAO_6500-10,São Paulo,3550308,True,,46,,,-23.58042075,-46.67058475,,,,1,2023-06-18T12:25:03+00:00
SAO_805L-10,São Paulo,3550308,True,,32892,,,-23.5590385,-46.659078,,,,2,2023-06-18T12:24:40+00:00
SAO_805L-10,São Paulo,3550308,True,,32892,,,-23.5341425,-46.6442885,,,,2,2023-06-18T12:24:29+00:00
SAO_3761-10,São Paulo,3550308,True,,33819,,,-23.6107425,-46.4257245,,,,2,2023-06-18T12:24:32+00:00
SAO_3761-10,São Paulo,3550308,True,,33819,,,-23.552371,-46.520503000000005,,,,2,2023-06-18T12:24:39+00:00
SAO_6072-23,São Paulo,3550308,True,,34772,,,-23.767454999999998,-46.716910999999996,,,,2,2023-06-18T12:25:03+00:00
SAO_9050-10,São Paulo,3550308,True,,2088,,,-23.5668635,-46.694165,,,,1,2023-06-18T12:24:57+00:00
SAO_9050-10,São Paulo,3550308,True,,2088,,,-23.5200915,-46.699243,,,,1,2023-06-18T12:24:56+00:00
SAO_9015-10,São Paulo,3550308,True,,34037,,,-23.4694535,-46.7135935,,,,2,2023-06-18T12:24:37+00:00
SAO_9015-10,São Paulo,3550308,True,,34037,,,-23.481006999999998,-46.71297,,,,2,2023-06-18T12:24:33+00:00
SAO_6016-10,São Paulo,3550308,True,,32852,,,-23.771321,-46.6737205,,,,2,2023-06-18T12:24:38+00:00
SAO_6016-10,São Paulo,3550308,True,,32852,,,-23.77125375,-46.67404325,,,,2,2023-06-18T12:24:31+00:00
SAO_637V-10,São Paulo,3550308,True,,32872,,,-23.704718,-46.702425000000005,,,,2,2023-06-18T12:25:08+00:00
SAO_748A-10,São Paulo,3550308,True,EMTU,498,https://moovitapp.com/index/pt-br/transporte_p%C3%BAblico-line-498-Sao_Paulo-242-2038937-36419523-0,5.4,-23.5597935,-46.747290375000006,,,,1,2023-06-18T12:24:35+00:00
SAO_6048-10,São Paulo,3550308,True,,32824,,,-23.6591095,-46.766191,,,,2,2023-06-18T12:25:00+00:00
SAO_5128-10,São Paulo,3550308,True,,33896,,,-23.666684,-46.652631,,,,2,2023-06-18T12:24:25+00:00
SAO_5128-10,São Paulo,3550308,True,,33896,,,-23.701613000000002,-46.6393085,,,,2,2023-06-18T12:22:42+00:00
SAO_5128-10,São Paulo,3550308,True,,33896,,,-23.707397,-46.6551535,,,,2,2023-06-18T12:25:04+00:00
SAO_7063-10,São Paulo,3550308,True,,34667,,,-23.651561,-46.790330499999996,,,,2,2023-06-18T12:24:30+00:00
SAO_7063-10,São Paulo,3550308,True,,34667,,,-23.64878,-46.791437,,,,2,2023-06-18T12:24:50+00:00
SAO_373M-10,São Paulo,3550308,True,EMTU,281,https://moovitapp.com/index/pt-br/transporte_p%C3%BAblico-line-281-Sao_Paulo-242-2038937-36419383-0,6.25,-23.567221500000002,-46.5915295,,,,1,2023-06-18T12:24:53+00:00
SAO_8025-10,São Paulo,3550308,True,,2076,,,-23.5914875,-46.735569999999996,,,,1,2023-06-18T12:24:54+00:00
SAO_8025-10,São Paulo,3550308,True,,2076,,,-23.588403999999997,-46.770567,,,,1,2023-06-18T12:23:12+00:00
SAO_271M-10,São Paulo,3550308,True,,684,,,-23.50821325,-46.59716175,,,,1,2023-06-18T12:24:55+00:00
SAO_1720-10,São Paulo,3550308,True,,33631,,,-23.482129999999998,-46.6038695,,,,2,2023-06-18T12:24:25+00:00
SAO_1720-10,São Paulo,3550308,True,,33631,,,-23.494107,-46.568782999999996,,,,2,2023-06-18T12:24:30+00:00
SAO_1720-10,São Paulo,3550308,True,,33631,,,-23.494107,-46.568782999999996,,,,2,2023-06-18T12:24:46+00:00
SAO_1720-10,São Paulo,3550308,True,,33631,,,-23.446623,-46.612751,,,,2,2023-06-18T12:24:56+00:00
SAO_746R-10,São Paulo,3550308,True,,790,,,-23.621050500000003,-46.70347,,,,1,2023-06-18T12:24:42+00:00
SAO_3742-10,São Paulo,3550308,True,,33810,,,-23.55584375,-46.445741,,,,2,2023-06-18T12:24:26+00:00
SAO_3742-10,São Paulo,3550308,True,,33810,,,-23.5947165,-46.442795000000004,,,,2,2023-06-18T12:24:15+00:00
SAO_3742-10,São Paulo,3550308,True,,33810,,,-23.604736000000003,-46.4346285,,,,2,2023-06-18T12:24:45+00:00
SAO_307C-10,São Paulo,3550308,True,,34882,,,-23.4975295,-46.399614,,,,2,2023-06-18T12:24:29+00:00
SAO_307C-10,São Paulo,3550308,True,,34882,,,-23.521957125,-46.475387749999996,,,,2,2023-06-18T12:24:56+00:00
SAO_8040-10,São Paulo,3550308,True,,406,,,-23.481018,-46.754856000000004,,,,1,2023-06-18T12:24:33+00:00
SAO_8040-10,São Paulo,3550308,True,,406,,,-23.5247175,-46.707841125,,,,1,2023-06-18T12:25:01+00:00
SAO_7053-22,São Paulo,3550308,True,,34664,,,-23.6365825,-46.7782305,,,,2,2023-06-18T12:24:50+00:00
SAO_2105-10,São Paulo,3550308,True,,2247,,,-23.4703805,-46.6054525,,,,1,2023-06-18T12:24:54+00:00
SAO_5018-10,São Paulo,3550308,True,,1492,,,-23.684901,-46.6749755,,,,1,2023-06-18T12:24:48+00:00
SAO_5018-10,São Paulo,3550308,True,,1492,,,-23.684965,-46.6746925,,,,1,2023-06-18T12:25:03+00:00
SAO_5018-10,São Paulo,3550308,True,,1492,,,-23.648213,-46.6413555,,,,1,2023-06-18T12:24:54+00:00
SAO_3053-10,São Paulo,3550308,True,,33741,,,-23.585588,-46.4950305,,,,2,2023-06-18T12:24:36+00:00
SAO_3053-10,São Paulo,3550308,True,,33741,,,-23.584741,-46.495041,,,,2,2023-06-18T12:24:55+00:00
SAO_3053-10,São Paulo,3550308,True,,33741,,,-23.5429775,-46.588603500000005,,,,2,2023-06-18T12:24:30+00:00
SAO_3053-10,São Paulo,3550308,True,,33741,,,-23.5591285,-46.5674245,,,,2,2023-06-18T12:24:08+00:00
SAO_3053-10,São Paulo,3550308,True,,33741,,,-23.584505,-46.494721,,,,2,2023-06-18T12:24:38+00:00
SAO_6080-10,São Paulo,3550308,True,,1168,,,-23.682207,-46.6758235,,,,1,2023-06-18T12:24:44+00:00
SAO_6080-10,São Paulo,3550308,True,,1168,,,-23.759982,-46.6777045,,,,1,2023-06-18T12:25:04+00:00
SAO_6080-10,São Paulo,3550308,True,,1168,,,-23.722478000000002,-46.697953,,,,1,2023-06-18T12:24:42+00:00
SAO_6818-10,São Paulo,3550308,True,,32796,,,-23.655419000000002,-46.7722955,,,,2,2023-06-18T12:24:36+00:00
SAO_4011-10,São Paulo,3550308,True,,2184,,,-23.59983225,-46.433022625,,,,1,2023-06-18T12:24:24+00:00
SAO_4011-10,São Paulo,3550308,True,,2184,,,-23.596577,-46.456318499999995,,,,1,2023-06-18T12:24:49+00:00
SAO_273X-10,São Paulo,3550308,True,,33160,,,-23.535751750000003,-46.4742085,,,,2,2023-06-18T12:21:11+00:00
SAO_273X-10,São Paulo,3550308,True,,33160,,,-23.540174,-46.483585500000004,,,,2,2023-06-18T12:25:06+00:00
SAO_273X-10,São Paulo,3550308,True,,33160,,,-23.506049,-46.388675000000006,,,,2,2023-06-18T12:24:27+00:00
SAO_273X-10,São Paulo,3550308,True,,33160,,,-23.538405500000003,-46.47895475,,,,2,2023-06-18T12:24:54+00:00
SAO_8006-10,São Paulo,3550308,True,,34024,,,-23.448806124999997,-46.72165625000001,,,,2,2023-06-18T12:25:02+00:00
SAO_5018-10,São Paulo,3550308,True,,34260,,,-23.675586,-46.67307475,,,,2,2023-06-18T12:25:01+00:00
SAO_6062-10,São Paulo,3550308,True,,1151,,,-23.737047,-46.697469,,,,1,2023-06-18T12:24:36+00:00
SAO_8029-10,São Paulo,3550308,True,,2540,,,-23.615317500000003,-46.73419225,,,,1,2023-06-18T12:24:29+00:00
SAO_8028-10,São Paulo,3550308,True,,35300,,,-23.61299475,-46.7213885,,,,2,2023-06-18T12:24:54+00:00
SAO_1206-10,São Paulo,3550308,True,EMTU,842,https://moovitapp.com/index/pt-br/transporte_p%C3%BAblico-line-842-Sao_Paulo-242-2038937-36419605-0,7.15,-23.51949775,-46.59069025,,,,1,2023-06-18T12:24:47+00:00
SAO_848L-10,São Paulo,3550308,True,,33576,,,-23.442389499999997,-46.721536,,,,2,2023-06-18T12:24:42+00:00
SAO_848L-10,São Paulo,3550308,True,,33576,,,-23.414156,-46.75083600000001,,,,2,2023-06-18T12:24:39+00:00
SAO_2717-10,São Paulo,3550308,True,Urubupungá,930,https://moovitapp.com/index/pt-br/transporte_p%C3%BAblico-line-930-Sao_Paulo-242-873835-496473-0,4.6,-23.498476500000002,-46.510661999999996,,,,1,2023-06-18T12:24:23+00:00
SAO_2717-10,São Paulo,3550308,True,Urubupungá,930,https://moovitapp.com/index/pt-br/transporte_p%C3%BAblico-line-930-Sao_Paulo-242-873835-496473-0,4.6,-23.519533875,-46.52029937499999,,,,1,2023-06-18T12:24:43+00:00
SAO_177Y-10,São Paulo,3550308,True,,867,,,-23.56368475,-46.691759000000005,,,,1,2023-06-18T12:25:02+00:00
SAO_4726-10,São Paulo,3550308,True,,1680,,,-23.562864249999997,-46.590308875000005,,,,1,2023-06-18T12:24:44+00:00
SAO_4726-10,São Paulo,3550308,True,,1680,,,-23.541038999999998,-46.576837,,,,1,2023-06-18T12:24:36+00:00
SAO_3134-10,São Paulo,3550308,True,,33761,,,-23.563912000000002,-46.5052585,,,,2,2023-06-18T12:25:07+00:00
SAO_3134-10,São Paulo,3550308,True,,33761,,,-23.595972749999998,-46.58384662500001,,,,2,2023-06-18T12:24:58+00:00
SAO_3134-10,São Paulo,3550308,True,,33761,,,-23.5774845,-46.54856975,,,,2,2023-06-18T12:24:58+00:00
SAO_6080-10,São Paulo,3550308,True,,33936,,,-23.727548499999997,-46.6993775,,,,2,2023-06-18T12:24:37+00:00
SAO_3745-10,São Paulo,3550308,True,,1044,,,-23.547890250000002,-46.53908025,,,,1,2023-06-18T12:24:50+00:00
SAO_3745-10,São Paulo,3550308,True,,1044,,,-23.578606,-46.521919,,,,1,2023-06-18T12:24:44+00:00
SAO_9019-10,São Paulo,3550308,True,,34201,,,-23.4736145,-46.714135999999996,,,,2,2023-06-18T12:24:55+00:00
SAO_7023-10,São Paulo,3550308,True,,34920,,,-23.667147,-46.726717,,,,2,2023-06-18T12:25:04+00:00
SAO_2033-10,São Paulo,3550308,True,,35267,,,-23.52260625,-46.6238185,,,,2,2023-06-18T12:24:44+00:00
SAO_2033-10,São Paulo,3550308,True,,35267,,,-23.506831,-46.5892275,,,,2,2023-06-18T12:24:34+00:00
SAO_719P-10,São Paulo,3550308,True,,34140,,,-23.538205124999998,-46.654721374999994,,,,2,2023-06-18T12:24:37+00:00
SAO_719P-10,São Paulo,3550308,True,,34140,,,-23.565872,-46.702011999999996,,,,2,2023-06-18T12:24:45+00:00
SAO_8024-10,São Paulo,3550308,True,,34843,,,-23.584773749999997,-46.7187885,,,,2,2023-06-18T12:24:40+00:00
SAO_6200-10,São Paulo,3550308,True,,33123,,,-23.6426085,-46.72707475,,,,2,2023-06-18T12:24:47+00:00
SAO_6200-10,São Paulo,3550308,True,,33123,,,-23.574599125,-46.6680825,,,,2,2023-06-18T12:24:43+00:00
SAO_6200-10,São Paulo,3550308,True,,33123,,,-23.588479,-46.692719499999995,,,,2,2023-06-18T12:25:04+00:00
SAO_6200-10,São Paulo,3550308,True,,33123,,,-23.549384500000002,-46.6394535,,,,2,2023-06-18T12:24:59+00:00
SAO_5290-10,São Paulo,3550308,True,,33365,,,-23.654470625,-46.636961,,,,2,2023-06-18T12:24:44+00:00
SAO_5290-10,São Paulo,3550308,True,,33365,,,-23.587923,-46.6347095,,,,2,2023-06-18T12:24:58+00:00
SAO_4114-10,São Paulo,3550308,True,EMTU,321,https://moovitapp.com/index/pt-br/transporte_p%C3%BAblico-line-321-Sao_Paulo-242-2038937-36419411-0,5.4,-23.563397000000002,-46.631743,,,,1,2023-06-18T12:25:07+00:00
SAO_6L03-10,São Paulo,3550308,True,,34333,,,-23.830088500000002,-46.731080500000004,,,,2,2023-06-18T12:24:41+00:00
SAO_1742-10,São Paulo,3550308,True,EMTU,542,https://moovitapp.com/index/pt-br/transporte_p%C3%BAblico-line-542-Sao_Paulo-242-2038937-59914572-0,5.4,-23.488036,-46.626349000000005,,,,1,2023-06-18T12:25:04+00:00
SAO_4021-10,São Paulo,3550308,True,,35316,,,-23.542711,-46.470101,,,,2,2023-06-18T12:24:51+00:00
SAO_4021-10,São Paulo,3550308,True,,35316,,,-23.542792499999997,-46.470580999999996,,,,2,2023-06-18T12:24:40+00:00
SAO_4021-10,São Paulo,3550308,True,,35316,,,-23.542792499999997,-46.470580999999996,,,,2,2023-06-18T12:24:58+00:00
SAO_4021-10,São Paulo,3550308,True,,35316,,,-23.542792499999997,-46.470580999999996,,,,2,2023-06-18T12:25:04+00:00
SAO_4021-10,São Paulo,3550308,True,,35316,,,-23.542792499999997,-46.470580999999996,,,,2,2023-06-18T12:24:57+00:00
SAO_4021-10,São Paulo,3550308,True,,35316,,,-23.542792499999997,-46.470580999999996,,,,2,2023-06-18T12:24:41+00:00
SAO_4021-10,São Paulo,3550308,True,,35316,,,-23.542792499999997,-46.470580999999996,,,,2,2023-06-18T12:25:00+00:00
SAO_4021-10,São Paulo,3550308,True,,35316,,,-23.542792499999997,-46.470580999999996,,,,2,2023-06-18T12:25:02+00:00
SAO_6455-10,São Paulo,3550308,True,,63,,,-23.559082,-46.638616999999996,,,,1,2023-06-18T12:24:58+00:00
SAO_6455-10,São Paulo,3550308,True,,63,,,-23.6326475,-46.68952175,,,,1,2023-06-18T12:25:05+00:00
SAO_6455-10,São Paulo,3550308,True,,63,,,-23.645789999999998,-46.7465015,,,,1,2023-06-18T12:24:39+00:00
SAO_5030-10,São Paulo,3550308,True,,1669,,,-23.6183735,-46.609487,,,,1,2023-06-18T12:24:52+00:00
SAO_3001-10,São Paulo,3550308,True,,34418,,,-23.5112375,-46.38432,,,,2,2023-06-18T12:25:05+00:00
SAO_3006-10,São Paulo,3550308,True,,34633,,,-23.5469025,-46.396651000000006,,,,2,2023-06-18T12:24:40+00:00
SAO_3006-10,São Paulo,3550308,True,,34633,,,-23.5476935,-46.390091,,,,2,2023-06-18T12:24:04+00:00
SAO_3006-10,São Paulo,3550308,True,,34633,,,-23.5476935,-46.390091,,,,2,2023-06-18T12:23:36+00:00
SAO_3006-10,São Paulo,3550308,True,,34633,,,-23.548274,-46.3900315,,,,2,2023-06-18T12:25:03+00:00
SAO_809A-10,São Paulo,3550308,True,,34837,,,-23.584966,-46.766254,,,,2,2023-06-18T12:24:45+00:00
SAO_209P-1,São Paulo,3550308,True,,2301,,,-23.559673375000003,-46.685034875,,,,1,2023-06-18T12:22:53+00:00
SAO_209P-1,São Paulo,3550308,True,,2301,,,-23.5301325,-46.6775555,,,,1,2023-06-18T12:24:55+00:00
SAO_6030-10,São Paulo,3550308,True,,1142,,,-23.671468750000003,-46.70246374999999,,,,1,2023-06-18T12:24:33+00:00
SAO_6030-10,São Paulo,3550308,True,,1142,,,-23.7183235,-46.698864,,,,1,2023-06-18T12:24:28+00:00
SAO_6071-10,São Paulo,3550308,True,,1156,,,-23.707179,-46.694628,,,,1,2023-06-18T12:24:44+00:00
SAO_5021-10,São Paulo,3550308,True,,1667,,,-23.6027405,-46.602585000000005,,,,1,2023-06-18T12:24:57+00:00
SAO_507T-10,São Paulo,3550308,True,,2208,,,-23.57044525,-46.50919375000001,,,,1,2023-06-18T12:24:53+00:00
SAO_507T-10,São Paulo,3550308,True,,2208,,,-23.6141215,-46.501234,,,,1,2023-06-18T12:24:57+00:00
SAO_407T-10,São Paulo,3550308,True,,34970,,,-23.5425775,-46.4719335,,,,2,2023-06-18T12:24:31+00:00
SAO_574A-21,São Paulo,3550308,True,,34458,,,-23.630564,-46.6469045,,,,2,2023-06-18T12:24:33+00:00
SAO_574A-21,São Paulo,3550308,True,,34458,,,-23.629167000000002,-46.6459095,,,,2,2023-06-18T12:24:52+00:00
SAO_1773-10,São Paulo,3550308,True,,637,,,-23.46898675,-46.60943412500001,,,,1,2023-06-18T12:24:46+00:00
SAO_702U-22,São Paulo,3550308,True,,35349,,,-23.5697105,-46.688424125,,,,2,2023-06-18T12:24:37+00:00
SAO_702U-22,São Paulo,3550308,True,,35349,,,-23.55165475,-46.657360749999995,,,,2,2023-06-18T12:25:04+00:00
SAO_6039-21,São Paulo,3550308,True,,2493,,,-23.654980000000002,-46.762824,,,,1,2023-06-18T12:24:26+00:00
SAO_502J-23,São Paulo,3550308,True,,2518,,,-23.7039155,-46.686456500000006,,,,1,2023-06-18T12:24:29+00:00
SAO_502J-23,São Paulo,3550308,True,,2518,,,-23.641979499999998,-46.660469000000006,,,,1,2023-06-18T12:24:55+00:00
SAO_4311-10,São Paulo,3550308,True,,2171,,,-23.589191,-46.480019,,,,1,2023-06-18T12:24:50+00:00
SAO_4311-10,São Paulo,3550308,True,,2171,,,-23.547011,-46.62953,,,,1,2023-06-18T12:21:22+00:00
SAO_4311-10,São Paulo,3550308,True,,2171,,,-23.5399025,-46.5415365,,,,1,2023-06-18T12:25:05+00:00
SAO_4311-10,São Paulo,3550308,True,,2171,,,-23.54475,-46.59541125,,,,1,2023-06-18T12:24:58+00:00
SAO_5034-31,São Paulo,3550308,True,,34432,,,-23.63599,-46.606455,,,,2,2023-06-18T12:24:38+00:00
SAO_8300-10,São Paulo,3550308,True,,1264,,,-23.490379,-46.710350250000005,,,,1,2023-06-18T12:25:08+00:00
SAO_6812-10,São Paulo,3550308,True,,1242,,,-23.71889675,-46.78474375,,,,1,2023-06-18T12:24:50+00:00
SAO_6812-10,São Paulo,3550308,True,,1242,,,-23.677487,-46.761376,,,,1,2023-06-18T12:24:30+00:00
SAO_6812-10,São Paulo,3550308,True,,1242,,,-23.7317165,-46.789798000000005,,,,1,2023-06-18T12:25:05+00:00
SAO_1016-10,São Paulo,3550308,True,EMTU,831,https://moovitapp.com/index/pt-br/transporte_p%C3%BAblico-line-831-Sao_Paulo-242-2038937-36419598-0,5.7,-23.4505645,-46.6075825,,,,1,2023-06-18T12:18:58+00:00
SAO_1016-10,São Paulo,3550308,True,EMTU,831,https://moovitapp.com/index/pt-br/transporte_p%C3%BAblico-line-831-Sao_Paulo-242-2038937-36419598-0,5.7,-23.513510625000002,-46.616156249999996,,,,1,2023-06-18T12:24:55+00:00
SAO_374M-10,São Paulo,3550308,True,,34733,,,-23.537397499999997,-46.4843015,,,,2,2023-06-18T12:24:41+00:00
SAO_1720-21,São Paulo,3550308,True,,34705,,,-23.48203325,-46.591033374999995,,,,2,2023-06-18T12:24:34+00:00
SAO_709P-10,São Paulo,3550308,True,,34761,,,-23.567660625000002,-46.6980505,,,,2,2023-06-18T12:25:00+00:00
SAO_709P-10,São Paulo,3550308,True,,34761,,,-23.656104499999998,-46.722781499999996,,,,2,2023-06-18T12:25:06+00:00
SAO_709P-10,São Paulo,3550308,True,,34761,,,-23.617715500000003,-46.697503624999996,,,,2,2023-06-18T12:25:01+00:00
SAO_8013-41,São Paulo,3550308,True,,2011,,,-23.437939,-46.807826000000006,,,,1,2023-06-18T12:24:25+00:00
SAO_5029-10,São Paulo,3550308,True,,34440,,,-23.628492,-46.5859155,,,,2,2023-06-18T12:25:04+00:00
SAO_5029-10,São Paulo,3550308,True,,34440,,,-23.603702,-46.6032105,,,,2,2023-06-18T12:24:55+00:00
SAO_4706-10,São Paulo,3550308,True,,33067,,,-23.636978499999998,-46.59730425,,,,2,2023-06-18T12:25:05+00:00
SAO_4491-10,São Paulo,3550308,True,,33095,,,-23.5737851875,-46.6109835625,,,,2,2023-06-18T12:24:48+00:00
SAO_2104-10,São Paulo,3550308,True,,2255,,,-23.510856,-46.625114749999995,,,,1,2023-06-18T12:24:55+00:00
SAO_6826-10,São Paulo,3550308,True,BR7 Mobilidade,16,https://moovitapp.com/index/pt-br/transporte_p%C3%BAblico-line-16-Sao_Paulo-242-851856-513215-0,5.75,-23.673604,-46.7972985,,,,1,2023-06-18T12:24:33+00:00
SAO_6826-10,São Paulo,3550308,True,BR7 Mobilidade,16,https://moovitapp.com/index/pt-br/transporte_p%C3%BAblico-line-16-Sao_Paulo-242-851856-513215-0,5.75,-23.654274,-46.7625595,,,,1,2023-06-18T12:24:33+00:00
SAO_403A-10,São Paulo,3550308,True,,34960,,,-23.558173250000003,-46.4462325,,,,2,2023-06-18T12:24:57+00:00
SAO_403A-10,São Paulo,3550308,True,,34960,,,-23.518947,-46.547036000000006,,,,2,2023-06-18T12:24:30+00:00
SAO_2060-10,São Paulo,3550308,True,EMTU,134,https://moovitapp.com/index/pt-br/transporte_p%C3%BAblico-line-134-Sao_Paulo-242-2038937-36419287-0,5.2,-23.535098750000003,-46.471239499999996,,,,1,2023-06-18T12:25:01+00:00
SAO_2060-10,São Paulo,3550308,True,EMTU,134,https://moovitapp.com/index/pt-br/transporte_p%C3%BAblico-line-134-Sao_Paulo-242-2038937-36419287-0,5.2,-23.5236935,-46.474661,,,,1,2023-06-18T12:25:07+00:00
SAO_3725-10,São Paulo,3550308,True,,1022,,,-23.548237,-46.518246000000005,,,,1,2023-06-18T12:25:02+00:00
SAO_6050-10,São Paulo,3550308,True,,1225,,,-23.736796499999997,-46.696856,,,,1,2023-06-18T12:24:37+00:00
SAO_6050-10,São Paulo,3550308,True,,1225,,,-23.7505945,-46.677605,,,,1,2023-06-18T12:24:35+00:00
SAO_546A-10,São Paulo,3550308,True,,1131,,,-23.692717000000002,-46.6602795,,,,1,2023-06-18T12:24:43+00:00
SAO_6027-10,São Paulo,3550308,True,,32858,,,-23.723868,-46.670744,,,,2,2023-06-18T12:25:09+00:00
SAO_6027-10,São Paulo,3550308,True,,32858,,,-23.72348275,-46.670784999999995,,,,2,2023-06-18T12:24:48+00:00
SAO_3721-10,São Paulo,3550308,True,,33787,,,-23.55552075,-46.49208899999999,,,,2,2023-06-18T12:24:45+00:00
SAO_3721-10,São Paulo,3550308,True,,33787,,,-23.563608000000002,-46.5053735,,,,2,2023-06-18T12:21:44+00:00
SAO_1701-21,São Paulo,3550308,True,,35244,,,-23.4717015,-46.5975295,,,,2,2023-06-18T12:24:36+00:00
SAO_575A-10,São Paulo,3550308,True,,34406,,,-23.570054,-46.577243499999994,,,,2,2023-06-18T12:24:55+00:00
SAO_575A-10,São Paulo,3550308,True,,34406,,,-23.601844999999997,-46.5706005,,,,2,2023-06-18T12:25:01+00:00
SAO_8528-10,São Paulo,3550308,True,,575,,,-23.4744605,-46.690138000000005,,,,1,2023-06-18T12:24:48+00:00
SAO_8528-10,São Paulo,3550308,True,,575,,,-23.514636,-46.691038,,,,1,2023-06-18T12:24:30+00:00
SAO_8528-10,São Paulo,3550308,True,,575,,,-23.461451,-46.689819,,,,1,2023-06-18T12:24:47+00:00
SAO_4221-10,São Paulo,3550308,True,,33093,,,-23.604267,-46.5177525,,,,2,2023-06-18T12:25:03+00:00
SAO_3746-10,São Paulo,3550308,True,EMTU,283,https://moovitapp.com/index/pt-br/transporte_p%C3%BAblico-line-283-Sao_Paulo-242-2038937-36419384-0,5.2,-23.562344000000003,-46.5515325,,,,1,2023-06-18T12:24:46+00:00
SAO_273X-10,São Paulo,3550308,True,EMTU,392,https://moovitapp.com/index/pt-br/transporte_p%C3%BAblico-line-392-Sao_Paulo-242-2038937-36419460-0,5.8,-23.530277750000003,-46.473954000000006,,,,1,2023-06-18T12:24:25+00:00
SAO_273X-10,São Paulo,3550308,True,EMTU,392,https://moovitapp.com/index/pt-br/transporte_p%C3%BAblico-line-392-Sao_Paulo-242-2038937-36419460-0,5.8,-23.49788425,-46.46130275,,,,1,2023-06-18T12:24:38+00:00
SAO_273X-10,São Paulo,3550308,True,EMTU,392,https://moovitapp.com/index/pt-br/transporte_p%C3%BAblico-line-392-Sao_Paulo-242-2038937-36419460-0,5.8,-23.4940365,-46.4196,,,,1,2023-06-18T12:24:36+00:00
SAO_273X-10,São Paulo,3550308,True,EMTU,392,https://moovitapp.com/index/pt-br/transporte_p%C3%BAblico-line-392-Sao_Paulo-242-2038937-36419460-0,5.8,-23.49951075,-46.394054999999994,,,,1,2023-06-18T12:24:42+00:00
SAO_148L-10,São Paulo,3550308,True,EMTU,531,https://moovitapp.com/index/pt-br/transporte_p%C3%BAblico-line-531-Sao_Paulo-242-2038937-36419543-0,4.4,-23.454537,-46.6522975,,,,1,2023-06-18T12:24:42+00:00
SAO_148L-10,São Paulo,3550308,True,EMTU,531,https://moovitapp.com/index/pt-br/transporte_p%C3%BAblico-line-531-Sao_Paulo-242-2038937-36419543-0,4.4,-23.4775785,-46.671356249999995,,,,1,2023-06-18T12:24:31+00:00
SAO_4718-10,São Paulo,3550308,True,EMTU,336,https://moovitapp.com/index/pt-br/transporte_p%C3%BAblico-line-336-Sao_Paulo-242-2038937-36419421-0,4.8,-23.599868,-46.6348735,,,,1,2023-06-18T12:25:00+00:00
SAO_809J-10,São Paulo,3550308,True,,34834,,,-23.5941975,-46.731233,,,,2,2023-06-18T12:25:00+00:00
SAO_6816-10,São Paulo,3550308,True,,32794,,,-23.6476135,-46.78443175,,,,2,2023-06-18T12:24:40+00:00
SAO_6816-10,São Paulo,3550308,True,,32794,,,-23.6458595,-46.785002000000006,,,,2,2023-06-18T12:24:43+00:00
SAO_1702-10,São Paulo,3550308,True,,33614,,,-23.443305000000002,-46.5771705,,,,2,2023-06-18T12:24:57+00:00
SAO_1702-10,São Paulo,3550308,True,,33614,,,-23.502539,-46.624581,,,,2,2023-06-18T12:24:53+00:00
SAO_3064-41,São Paulo,3550308,True,,1933,,,-23.5830695,-46.408172,,,,1,2023-06-18T12:25:03+00:00
SAO_3002-10,São Paulo,3550308,True,,34576,,,-23.495576,-46.441975125000006,,,,2,2023-06-18T12:24:41+00:00
SAO_3008-10,São Paulo,3550308,True,,2515,,,-23.50457,-46.397923500000005,,,,1,2023-06-18T12:24:58+00:00
SAO_3008-10,São Paulo,3550308,True,,2515,,,-23.522628,-46.396638,,,,1,2023-06-18T12:24:40+00:00
SAO_351F-10,São Paulo,3550308,True,,687,,,-23.489542,-46.5746905,,,,1,2023-06-18T12:23:33+00:00
SAO_351F-10,São Paulo,3550308,True,,687,,,-23.555583,-46.5540915,,,,1,2023-06-18T12:24:45+00:00
SAO_3762-10,São Paulo,3550308,True,,1053,,,-23.567232,-46.5405605,,,,1,2023-06-18T12:24:52+00:00
SAO_3762-10,São Paulo,3550308,True,,1053,,,-23.543304374999998,-46.568129625,,,,1,2023-06-18T12:24:27+00:00
SAO_6820-10,São Paulo,3550308,True,,32787,,,-23.658400999999998,-46.78931475,,,,2,2023-06-18T12:24:49+00:00
SAO_6042-22,São Paulo,3550308,True,,35258,,,-23.680605,-46.7698795,,,,2,2023-06-18T12:24:51+00:00
SAO_6042-22,São Paulo,3550308,True,,35258,,,-23.671030000000002,-46.758897,,,,2,2023-06-18T12:24:40+00:00
SAO_8002-10,São Paulo,3550308,True,,34020,,,-23.5201815,-46.699853000000004,,,,2,2023-06-18T12:24:54+00:00
SAO_958P-10,São Paulo,3550308,True,,33233,,,-23.480489,-46.758402000000004,,,,2,2023-06-18T12:24:45+00:00
SAO_407J-10,São Paulo,3550308,True,,2198,,,-23.548773,-46.4011775,,,,1,2023-06-18T12:24:24+00:00
SAO_407J-10,São Paulo,3550308,True,,2198,,,-23.54373,-46.460348499999995,,,,1,2023-06-18T12:25:05+00:00
SAO_407J-10,São Paulo,3550308,True,,2198,,,-23.55036275,-46.533575,,,,1,2023-06-18T12:24:40+00:00
SAO_6022-10,São Paulo,3550308,True,,33975,,,-23.725058,-46.7848065,,,,2,2023-06-18T12:25:01+00:00
SAO_6022-10,São Paulo,3550308,True,,33975,,,-23.6922445,-46.7772405,,,,2,2023-06-18T12:25:00+00:00
SAO_637V-10,São Paulo,3550308,True,EMTU,104,https://moovitapp.com/index/pt-br/transporte_p%C3%BAblico-line-104-Sao_Paulo-242-2038937-36419267-0,5.1,-23.653890625,-46.71154075,,,,1,2023-06-18T12:24:53+00:00
SAO_637V-10,São Paulo,3550308,True,EMTU,104,https://moovitapp.com/index/pt-br/transporte_p%C3%BAblico-line-104-Sao_Paulo-242-2038937-36419267-0,5.1,-23.735000999999997,-46.6832435,,,,1,2023-06-18T12:24:33+00:00
SAO_5128-10,São Paulo,3550308,True,,1128,,,-23.69389425,-46.64531675,,,,1,2023-06-18T12:24:56+00:00
SAO_5128-10,São Paulo,3550308,True,,1128,,,-23.637156,-46.641192000000004,,,,1,2023-06-18T12:24:49+00:00
SAO_3139-10,São Paulo,3550308,True,,995,,,-23.556247,-46.59529775,,,,1,2023-06-18T12:24:52+00:00
SAO_2088-10,São Paulo,3550308,True,,33140,,,-23.4948075,-46.405891,,,,2,2023-06-18T12:25:00+00:00
SAO_2713-10,São Paulo,3550308,True,Cidade de Caieiras,220,https://moovitapp.com/index/pt-br/transporte_p%C3%BAblico-line-220-Sao_Paulo-242-868761-496409-0,5.0,-23.5223485,-46.558676999999996,,,,1,2023-06-18T12:25:03+00:00
SAO_6805-10,São Paulo,3550308,True,,31,,,-23.643877,-46.733764,,,,1,2023-06-18T12:24:34+00:00
SAO_746R-10,São Paulo,3550308,True,,33558,,,-23.646860000000004,-46.725254250000006,,,,2,2023-06-18T12:24:00+00:00
SAO_746R-10,São Paulo,3550308,True,,33558,,,-23.6099065,-46.7053325,,,,2,2023-06-18T12:24:59+00:00
SAO_8030-10,São Paulo,3550308,True,,35330,,,-23.6067375,-46.725729875,,,,2,2023-06-18T12:25:05+00:00
SAO_476A-10,São Paulo,3550308,True,,304,,,-23.6025305,-46.6137935,,,,1,2023-06-18T12:24:32+00:00
SAO_516N-10,São Paulo,3550308,True,,33034,,,-23.584148,-46.670124,,,,2,2023-06-18T12:24:49+00:00
SAO_516N-10,São Paulo,3550308,True,,33034,,,-23.6444445,-46.672484,,,,2,2023-06-18T12:25:01+00:00
SAO_8072-10,São Paulo,3550308,True,,2079,,,-23.642163,-46.766020499999996,,,,1,2023-06-18T12:24:40+00:00
SAO_8072-10,São Paulo,3550308,True,,2079,,,-23.595822,-46.74582650000001,,,,1,2023-06-18T12:24:34+00:00
SAO_675P-10,São Paulo,3550308,True,,33043,,,-23.637156,-46.641192000000004,,,,2,2023-06-18T12:24:44+00:00
SAO_677V-10,São Paulo,3550308,True,EMTU,112,https://moovitapp.com/index/pt-br/transporte_p%C3%BAblico-line-112-Sao_Paulo-242-2038937-36419272-0,5.7,-23.74114,-46.70809,,,,1,2023-06-18T12:24:31+00:00
SAO_677V-10,São Paulo,3550308,True,EMTU,112,https://moovitapp.com/index/pt-br/transporte_p%C3%BAblico-line-112-Sao_Paulo-242-2038937-36419272-0,5.7,-23.720578,-46.697304,,,,1,2023-06-18T12:24:46+00:00
SAO_695Y-10,São Paulo,3550308,True,,33966,,,-23.828100999999997,-46.7311485,,,,2,2023-06-18T12:24:50+00:00
SAO_695Y-10,São Paulo,3550308,True,,33966,,,-23.74047675,-46.70428525,,,,2,2023-06-18T12:24:53+00:00
SAO_8050-10,São Paulo,3550308,True,,412,,,-23.474330000000002,-46.77194875,,,,1,2023-06-18T12:24:47+00:00
SAO_3728-10,São Paulo,3550308,True,,33793,,,-23.5698995,-46.488318500000005,,,,2,2023-06-18T12:25:04+00:00
SAO_3728-10,São Paulo,3550308,True,,33793,,,-23.542244,-46.483686,,,,2,2023-06-18T12:24:42+00:00
SAO_3025-10,São Paulo,3550308,True,,33729,,,-23.5770275,-46.397946000000005,,,,2,2023-06-18T12:24:37+00:00
SAO_5010-10,São Paulo,3550308,True,,33882,,,-23.6477415,-46.66246375,,,,2,2023-06-18T12:24:57+00:00
SAO_5010-10,São Paulo,3550308,True,,33882,,,-23.66295975,-46.637917,,,,2,2023-06-18T12:24:39+00:00
SAO_5018-31,São Paulo,3550308,True,,34629,,,-23.6453925,-46.6428455,,,,2,2023-06-18T12:25:00+00:00
SAO_702C-10,São Paulo,3550308,True,,33253,,,-23.571233,-46.74876825,,,,2,2023-06-18T12:25:06+00:00
SAO_702C-10,São Paulo,3550308,True,,33253,,,-23.577501499999997,-46.72064175,,,,2,2023-06-18T12:25:09+00:00
SAO_6L08-10,São Paulo,3550308,True,,1182,,,-23.827404,-46.697334,,,,1,2023-06-18T12:24:28+00:00
SAO_7903-10,São Paulo,3550308,True,,33280,,,-23.5448285,-46.6433995,,,,2,2023-06-18T12:24:48+00:00
SAO_7245-21,São Paulo,3550308,True,,2538,,,-23.654266,-46.711191,,,,1,2023-06-18T12:25:03+00:00
SAO_7245-21,São Paulo,3550308,True,,2538,,,-23.647412125000002,-46.706176375,,,,1,2023-06-18T12:24:54+00:00
SAO_3063-10,São Paulo,3550308,True,EMTU,253,https://moovitapp.com/index/pt-br/transporte_p%C3%BAblico-line-253-Sao_Paulo-242-2038937-36419364-0,5.4,-23.59843775,-46.46304325,,,,1,2023-06-18T12:25:04+00:00
SAO_3063-10,São Paulo,3550308,True,EMTU,253,https://moovitapp.com/index/pt-br/transporte_p%C3%BAblico-line-253-Sao_Paulo-242-2038937-36419364-0,5.4,-23.5597105,-46.4129335,,,,1,2023-06-18T12:24:25+00:00
SAO_3063-10,São Paulo,3550308,True,EMTU,253,https://moovitapp.com/index/pt-br/transporte_p%C3%BAblico-line-253-Sao_Paulo-242-2038937-36419364-0,5.4,-23.544190999999998,-46.4117045,,,,1,2023-06-18T12:24:59+00:00
SAO_2435-10,São Paulo,3550308,True,Cidade de Caieiras,210,https://moovitapp.com/index/pt-br/transporte_p%C3%BAblico-line-210-Sao_Paulo-242-868761-496408-0,5.0,-23.5293535,-46.479913499999995,,,,1,2023-06-18T12:24:47+00:00
SAO_475M-10,São Paulo,3550308,True,EMTU,343,https://moovitapp.com/index/pt-br/transporte_p%C3%BAblico-line-343-Sao_Paulo-242-2038937-36419427-0,5.15,-23.5858785,-46.61748375,,,,1,2023-06-18T12:24:46+00:00
SAO_475M-10,São Paulo,3550308,True,EMTU,343,https://moovitapp.com/index/pt-br/transporte_p%C3%BAblico-line-343-Sao_Paulo-242-2038937-36419427-0,5.15,-23.536105499999998,-46.65406,,,,1,2023-06-18T12:24:40+00:00
SAO_2707-10,São Paulo,3550308,True,,919,,,-23.535213,-46.4545445,,,,1,2023-06-18T12:23:31+00:00
SAO_2707-10,São Paulo,3550308,True,,919,,,-23.525353,-46.4059125,,,,1,2023-06-18T12:24:44+00:00
SAO_2707-10,São Paulo,3550308,True,,919,,,-23.525353,-46.4059125,,,,1,2023-06-18T12:24:28+00:00
SAO_2707-10,São Paulo,3550308,True,,919,,,-23.5379315,-46.406484500000005,,,,1,2023-06-18T12:24:26+00:00
SAO_1034-10,São Paulo,3550308,True,,35220,,,-23.47083525,-46.71026325,,,,2,2023-06-18T12:25:00+00:00
SAO_1034-10,São Paulo,3550308,True,,35220,,,-23.47114175,-46.71015375,,,,2,2023-06-18T12:24:29+00:00
SAO_5035-10,São Paulo,3550308,True,,1668,,,-23.616605,-46.596674,,,,1,2023-06-18T12:24:37+00:00
SAO_5035-10,São Paulo,3550308,True,,1668,,,-23.6361275,-46.5934485,,,,1,2023-06-18T12:24:52+00:00
SAO_2105-10,São Paulo,3550308,True,,35015,,,-23.435150999999998,-46.581629,,,,2,2023-06-18T12:24:30+00:00
SAO_407E-10,São Paulo,3550308,True,,2215,,,-23.59214,-46.474373,,,,1,2023-06-18T12:24:26+00:00
SAO_407E-10,São Paulo,3550308,True,,2215,,,-23.6335585,-46.4430015,,,,1,2023-06-18T12:24:48+00:00
SAO_5611-10,São Paulo,3550308,True,,33366,,,-23.692314,-46.6613565,,,,2,2023-06-18T12:25:05+00:00
SAO_5611-10,São Paulo,3550308,True,,33366,,,-23.606552,-46.652087,,,,2,2023-06-18T12:24:42+00:00
SAO_675I-10,São Paulo,3550308,True,,32836,,,-23.64450025,-46.7264155,,,,2,2023-06-18T12:24:49+00:00
SAO_675I-10,São Paulo,3550308,True,,32836,,,-23.608091,-46.65331225,,,,2,2023-06-18T12:24:32+00:00
SAO_701H-10,São Paulo,3550308,True,,35326,,,-23.705015250000002,-46.742442,,,,2,2023-06-18T12:24:28+00:00
SAO_6803-10,São Paulo,3550308,True,BR7 Mobilidade,29,https://moovitapp.com/index/pt-br/transporte_p%C3%BAblico-line-29-Sao_Paulo-242-851856-500111-0,5.75,-23.6610005,-46.7486895,,,,1,2023-06-18T12:25:02+00:00
SAO_574C-10,São Paulo,3550308,True,,34407,,,-23.614656500000002,-46.502839,,,,2,2023-06-18T12:25:05+00:00
SAO_574C-10,São Paulo,3550308,True,,34407,,,-23.611402,-46.473266,,,,2,2023-06-18T12:24:46+00:00
SAO_3160-10,São Paulo,3550308,True,,32893,,,-23.5527145,-46.606154000000004,,,,2,2023-06-18T12:24:46+00:00
SAO_3160-10,São Paulo,3550308,True,,32893,,,-23.556687500000002,-46.600246999999996,,,,2,2023-06-18T12:19:39+00:00
SAO_807P-10,São Paulo,3550308,True,,34867,,,-23.652657750000003,-46.70861875,,,,2,2023-06-18T12:24:44+00:00
SAO_807P-10,São Paulo,3550308,True,,34867,,,-23.616477500000002,-46.7208605,,,,2,2023-06-18T12:24:37+00:00
SAO_271A-51,São Paulo,3550308,True,,703,,,-23.499526,-46.522624,,,,1,2023-06-18T12:25:07+00:00
SAO_6058-10,São Paulo,3550308,True,,1149,,,-23.767408,-46.6825255,,,,1,2023-06-18T12:25:00+00:00
SAO_8022-10,São Paulo,3550308,True,,2085,,,-23.563847000000003,-46.740929,,,,1,2023-06-18T12:24:31+00:00
SAO_8022-10,São Paulo,3550308,True,,2085,,,-23.5719,-46.7088055,,,,1,2023-06-18T12:25:01+00:00
SAO_6049-10,São Paulo,3550308,True,,1309,,,-23.6612065,-46.7544775,,,,1,2023-06-18T12:24:54+00:00
SAO_6049-10,São Paulo,3550308,True,,1309,,,-23.6875135,-46.800892000000005,,,,1,2023-06-18T12:24:57+00:00
SAO_6049-10,São Paulo,3550308,True,,1309,,,-23.694253,-46.793887,,,,1,2023-06-18T12:24:41+00:00
SAO_5020-10,São Paulo,3550308,True,,34438,,,-23.6102245,-46.59347325,,,,2,2023-06-18T12:24:55+00:00
SAO_1023-10,São Paulo,3550308,True,,35327,,,-23.476845,-46.7428625,,,,2,2023-06-18T12:24:26+00:00
SAO_9005-10,São Paulo,3550308,True,,33640,,,-23.4543195,-46.6936435,,,,2,2023-06-18T12:24:44+00:00
SAO_9005-10,São Paulo,3550308,True,,33640,,,-23.4748455,-46.669852500000005,,,,2,2023-06-18T12:25:06+00:00
SAO_9005-10,São Paulo,3550308,True,,33640,,,-23.45381,-46.694912,,,,2,2023-06-18T12:24:57+00:00
SAO_4314-21,São Paulo,3550308,True,,2492,,,-23.5580635,-46.522337500000006,,,,1,2023-06-18T12:24:31+00:00
SAO_4314-21,São Paulo,3550308,True,,2492,,,-23.564385,-46.415116999999995,,,,1,2023-06-18T12:24:42+00:00
SAO_746C-10,São Paulo,3550308,True,STT,783,https://moovitapp.com/index/pt-br/transporte_p%C3%BAblico-line-783-Sao_Paulo-242-850661-183351-0,5.3,-23.6091595,-46.7512945,,,,1,2023-06-18T12:24:58+00:00
SAO_746C-10,São Paulo,3550308,True,STT,783,https://moovitapp.com/index/pt-br/transporte_p%C3%BAblico-line-783-Sao_Paulo-242-850661-183351-0,5.3,-23.64166925,-46.71504912499999,,,,1,2023-06-18T12:24:28+00:00
SAO_746C-10,São Paulo,3550308,True,STT,783,https://moovitapp.com/index/pt-br/transporte_p%C3%BAblico-line-783-Sao_Paulo-242-850661-183351-0,5.3,-23.62219025,-46.7396845,,,,1,2023-06-18T12:25:05+00:00
SAO_746C-10,São Paulo,3550308,True,STT,783,https://moovitapp.com/index/pt-br/transporte_p%C3%BAblico-line-783-Sao_Paulo-242-850661-183351-0,5.3,-23.6498405,-46.707801,,,,1,2023-06-18T12:24:39+00:00
SAO_2708-10,São Paulo,3550308,True,,921,,,-23.523727,-46.417736500000004,,,,1,2023-06-18T12:24:05+00:00
SAO_2708-10,São Paulo,3550308,True,,921,,,-23.523727,-46.417736500000004,,,,1,2023-06-18T12:24:31+00:00
SAO_2708-10,São Paulo,3550308,True,,921,,,-23.53482375,-46.452111,,,,1,2023-06-18T12:24:27+00:00
SAO_4725-10,São Paulo,3550308,True,,33106,,,-23.625973125,-46.620004875,,,,2,2023-06-18T12:24:40+00:00
SAO_9019-10,São Paulo,3550308,True,,1433,,,-23.4545785,-46.7102915,,,,1,2023-06-18T12:24:40+00:00
SAO_9019-10,São Paulo,3550308,True,,1433,,,-23.481636,-46.718026,,,,1,2023-06-18T12:24:59+00:00
SAO_407T-10,São Paulo,3550308,True,,2202,,,-23.534614,-46.43925575,,,,1,2023-06-18T12:22:30+00:00
SAO_407T-10,São Paulo,3550308,True,,2202,,,-23.53934225,-46.456838499999996,,,,1,2023-06-18T12:20:08+00:00
SAO_4030-10,São Paulo,3550308,True,,1100,,,-23.5631475,-46.501079000000004,,,,1,2023-06-18T12:24:27+00:00
SAO_4030-10,São Paulo,3550308,True,,1100,,,-23.610959,-46.476257875,,,,1,2023-06-18T12:25:05+00:00
SAO_8025-10,São Paulo,3550308,True,,34844,,,-23.585702374999997,-46.73748875,,,,2,2023-06-18T12:24:39+00:00
SAO_8014-10,São Paulo,3550308,True,,801,,,-23.423522499999997,-46.7898035,,,,1,2023-06-18T12:24:56+00:00
SAO_6823-10,São Paulo,3550308,True,,32802,,,-23.6921555,-46.7909265,,,,2,2023-06-18T12:25:02+00:00
SAO_273D-10,São Paulo,3550308,True,,222,,,-23.531156000000003,-46.473783,,,,1,2023-06-18T12:24:37+00:00
SAO_273D-10,São Paulo,3550308,True,,222,,,-23.494939,-46.411469,,,,1,2023-06-18T12:24:54+00:00
SAO_8006-10,São Paulo,3550308,True,,1256,,,-23.484253000000002,-46.72270949999999,,,,1,2023-06-18T12:24:48+00:00
SAO_8006-10,São Paulo,3550308,True,,1256,,,-23.434023500000002,-46.727810500000004,,,,1,2023-06-18T12:24:47+00:00
SAO_8029-10,São Paulo,3550308,True,,35308,,,-23.6156275,-46.746594,,,,2,2023-06-18T12:24:42+00:00
SAO_8029-10,São Paulo,3550308,True,,35308,,,-23.593262,-46.721382,,,,2,2023-06-18T12:24:29+00:00
SAO_5018-31,São Paulo,3550308,True,,1861,,,-23.6887665,-46.6485045,,,,1,2023-06-18T12:24:25+00:00
SAO_9090-10,São Paulo,3550308,True,,884,,,-23.4651775,-46.67145475,,,,1,2023-06-18T12:25:01+00:00
SAO_4012-10,São Paulo,3550308,True,,34953,,,-23.598281999999998,-46.440941249999995,,,,2,2023-06-18T12:24:50+00:00
SAO_7012-10,São Paulo,3550308,True,,2043,,,-23.704611999999997,-46.772419,,,,1,2023-06-18T12:24:29+00:00
SAO_7012-10,São Paulo,3550308,True,,2043,,,-23.66813,-46.735502499999996,,,,1,2023-06-18T12:24:27+00:00
SAO_6816-10,São Paulo,3550308,True,BR7 Mobilidade,26,https://moovitapp.com/index/pt-br/transporte_p%C3%BAblico-line-26-Sao_Paulo-242-851856-577923-0,5.75,-23.658258500000002,-46.767047500000004,,,,1,2023-06-18T12:24:32+00:00
SAO_6816-10,São Paulo,3550308,True,BR7 Mobilidade,26,https://moovitapp.com/index/pt-br/transporte_p%C3%BAblico-line-26-Sao_Paulo-242-851856-577923-0,5.75,-23.653454,-46.776790500000004,,,,1,2023-06-18T12:24:37+00:00
SAO_4732-31,São Paulo,3550308,True,,34895,,,-23.621782500000002,-46.634561250000004,,,,2,2023-06-18T12:24:42+00:00
SAO_4732-31,São Paulo,3550308,True,,34895,,,-23.647517999999998,-46.6006515,,,,2,2023-06-18T12:24:30+00:00
SAO_8055-10,São Paulo,3550308,True,,414,,,-23.41440875,-46.778526125,,,,1,2023-06-18T12:23:53+00:00
SAO_8055-10,São Paulo,3550308,True,,414,,,-23.521501999999998,-46.7192165,,,,1,2023-06-18T12:24:24+00:00
SAO_9188-10,São Paulo,3550308,True,EMTU,809,https://moovitapp.com/index/pt-br/transporte_p%C3%BAblico-line-809-Sao_Paulo-242-2038937-119858519-0,5.2,-23.5183395,-46.701709,,,,1,2023-06-18T12:24:40+00:00
SAO_9188-10,São Paulo,3550308,True,EMTU,809,https://moovitapp.com/index/pt-br/transporte_p%C3%BAblico-line-809-Sao_Paulo-242-2038937-119858519-0,5.2,-23.454766,-46.728925,,,,1,2023-06-18T12:24:38+00:00
SAO_9188-10,São Paulo,3550308,True,EMTU,809,https://moovitapp.com/index/pt-br/transporte_p%C3%BAblico-line-809-Sao_Paulo-242-2038937-119858519-0,5.2,-23.450181625000003,-46.72119775,,,,1,2023-06-18T12:24:54+00:00
SAO_4284-10,São Paulo,3550308,True,,33057,,,-23.5969105,-46.567376499999995,,,,2,2023-06-18T12:24:40+00:00
SAO_715M-10,São Paulo,3550308,True,,33258,,,-23.571137125,-46.70870975,,,,2,2023-06-18T12:25:00+00:00
SAO_174M-10,São Paulo,3550308,True,,33441,,,-23.524798750000002,-46.62529075,,,,2,2023-06-18T12:24:45+00:00
SAO_6041-10,São Paulo,3550308,True,,1218,,,-23.65068025,-46.756725375,,,,1,2023-06-18T12:25:08+00:00
SAO_6041-10,São Paulo,3550308,True,,1218,,,-23.6807655,-46.777076,,,,1,2023-06-18T12:25:08+00:00
SAO_6823-10,São Paulo,3550308,True,,34,,,-23.654274,-46.7625595,,,,1,2023-06-18T12:24:58+00:00
SAO_707K-10,São Paulo,3550308,True,,35271,,,-23.668242,-46.7355055,,,,2,2023-06-18T12:24:38+00:00
SAO_707K-10,São Paulo,3550308,True,,35271,,,-23.6474935,-46.638982999999996,,,,2,2023-06-18T12:24:36+00:00
SAO_707K-10,São Paulo,3550308,True,,35271,,,-23.658186,-46.697758,,,,2,2023-06-18T12:24:56+00:00
SAO_2722-31,São Paulo,3550308,True,,33704,,,-23.528868,-46.5167825,,,,2,2023-06-18T12:24:36+00:00
SAO_2769-10,São Paulo,3550308,True,,397,,,-23.4903665,-46.418855,,,,1,2023-06-18T12:24:45+00:00
SAO_2769-10,São Paulo,3550308,True,,397,,,-23.5055965,-46.475289000000004,,,,1,2023-06-18T12:24:57+00:00
SAO_374M-10,São Paulo,3550308,True,,1965,,,-23.4853065,-46.4811105,,,,1,2023-06-18T12:24:28+00:00
SAO_374M-10,São Paulo,3550308,True,,1965,,,-23.520294999999997,-46.5084125,,,,1,2023-06-18T12:25:01+00:00
SAO_374M-10,São Paulo,3550308,True,,1965,,,-23.484238249999997,-46.489362,,,,1,2023-06-18T12:21:25+00:00
SAO_6042-22,São Paulo,3550308,True,,2490,,,-23.678536,-46.771983750000004,,,,1,2023-06-18T12:24:36+00:00
SAO_2715-10,São Paulo,3550308,True,,33696,,,-23.527567374999997,-46.503067125,,,,2,2023-06-18T12:25:02+00:00
SAO_1759-10,São Paulo,3550308,True,,553,,,-23.4597935,-46.644821500000006,,,,1,2023-06-18T12:21:40+00:00
SAO_8028-10,São Paulo,3550308,True,,2532,,,-23.603258750000002,-46.7121355,,,,1,2023-06-18T12:24:36+00:00
SAO_9789-10,São Paulo,3550308,True,,829,,,-23.496645,-46.683242,,,,1,2023-06-18T12:25:01+00:00
SAO_9789-10,São Paulo,3550308,True,,829,,,-23.460804500000002,-46.7086025,,,,1,2023-06-18T12:24:33+00:00
SAO_6818-10,São Paulo,3550308,True,BR7 Mobilidade,28,https://moovitapp.com/index/pt-br/transporte_p%C3%BAblico-line-28-Sao_Paulo-242-851856-596008-0,5.75,-23.655842999999997,-46.7727765,,,,1,2023-06-18T12:24:28+00:00
SAO_6818-10,São Paulo,3550308,True,BR7 Mobilidade,28,https://moovitapp.com/index/pt-br/transporte_p%C3%BAblico-line-28-Sao_Paulo-242-851856-596008-0,5.75,-23.655842999999997,-46.7727765,,,,1,2023-06-18T12:25:05+00:00
SAO_6818-10,São Paulo,3550308,True,BR7 Mobilidade,28,https://moovitapp.com/index/pt-br/transporte_p%C3%BAblico-line-28-Sao_Paulo-242-851856-596008-0,5.75,-23.655842999999997,-46.7727765,,,,1,2023-06-18T12:24:51+00:00
SAO_6818-10,São Paulo,3550308,True,BR7 Mobilidade,28,https://moovitapp.com/index/pt-br/transporte_p%C3%BAblico-line-28-Sao_Paulo-242-851856-596008-0,5.75,-23.654369000000003,-46.762426500000004,,,,1,2023-06-18T12:24:49+00:00
SAO_178T-10,São Paulo,3550308,True,,33333,,,-23.501921,-46.700193,,,,2,2023-06-18T12:24:41+00:00
SAO_178T-10,São Paulo,3550308,True,,33333,,,-23.503125,-46.6245765,,,,2,2023-06-18T12:24:47+00:00
SAO_6053-10,São Paulo,3550308,True,,33913,,,-23.76750525,-46.668267375,,,,2,2023-06-18T12:24:44+00:00
SAO_139A-10,São Paulo,3550308,True,,35219,,,-23.488474,-46.703285,,,,2,2023-06-18T12:24:35+00:00
SAO_5107-10,São Paulo,3550308,True,,1659,,,-23.603439,-46.602865,,,,1,2023-06-18T12:24:43+00:00
SAO_5107-10,São Paulo,3550308,True,,1659,,,-23.569008,-46.611245,,,,1,2023-06-18T12:24:44+00:00
SAO_4708-10,São Paulo,3550308,True,,33100,,,-23.639317499999997,-46.607468,,,,2,2023-06-18T12:25:03+00:00
SAO_2552-10,São Paulo,3550308,True,,142,,,-23.489387,-46.420932500000006,,,,1,2023-06-18T12:24:45+00:00
SAO_2712-10,São Paulo,3550308,True,,33694,,,-23.527245,-46.477951000000004,,,,2,2023-06-18T12:25:06+00:00
SAO_2712-10,São Paulo,3550308,True,,33694,,,-23.5268035,-46.478916999999996,,,,2,2023-06-18T12:24:45+00:00
SAO_390E-10,São Paulo,3550308,True,,34650,,,-23.540104,-46.611777249999996,,,,2,2023-06-18T12:24:54+00:00
SAO_390E-10,São Paulo,3550308,True,,34650,,,-23.533472250000003,-46.565054,,,,2,2023-06-18T12:22:55+00:00
SAO_8055-51,São Paulo,3550308,True,,33185,,,-23.4259675,-46.7874465,,,,2,2023-06-18T12:24:38+00:00
SAO_3054-10,São Paulo,3550308,True,,33743,,,-23.6112465,-46.493599,,,,2,2023-06-18T12:24:36+00:00
SAO_172K-10,São Paulo,3550308,True,,33625,,,-23.456735000000002,-46.594934499999994,,,,2,2023-06-18T12:24:48+00:00
SAO_172K-10,São Paulo,3550308,True,,33625,,,-23.4565275,-46.5947325,,,,2,2023-06-18T12:24:49+00:00
SAO_172K-10,São Paulo,3550308,True,,33625,,,-23.498768,-46.595072,,,,2,2023-06-18T12:24:49+00:00
SAO_746V-10,São Paulo,3550308,True,,792,,,-23.629326499999998,-46.77036375,,,,1,2023-06-18T12:25:01+00:00
SAO_675G-10,São Paulo,3550308,True,,32874,,,-23.645780000000002,-46.663821,,,,2,2023-06-18T12:24:37+00:00
SAO_8014-10,São Paulo,3550308,True,,33569,,,-23.4044005,-46.752319,,,,2,2023-06-18T12:25:05+00:00
SAO_8014-10,São Paulo,3550308,True,,33569,,,-23.44624,-46.7890905,,,,2,2023-06-18T12:24:54+00:00
SAO_3021-10,São Paulo,3550308,True,STT,276,https://moovitapp.com/index/pt-br/transporte_p%C3%BAblico-line-276-Sao_Paulo-242-850661-183276-0,5.3,-23.584865999999998,-46.582376499999995,,,,1,2023-06-18T12:24:29+00:00
SAO_6048-10,São Paulo,3550308,True,BR7 Mobilidade,56,https://moovitapp.com/index/pt-br/transporte_p%C3%BAblico-line-56-Sao_Paulo-242-851856-518592-0,5.75,-23.667064,-46.772805000000005,,,,1,2023-06-18T12:25:09+00:00
SAO_6048-10,São Paulo,3550308,True,BR7 Mobilidade,56,https://moovitapp.com/index/pt-br/transporte_p%C3%BAblico-line-56-Sao_Paulo-242-851856-518592-0,5.75,-23.64501925,-46.716202249999995,,,,1,2023-06-18T12:25:06+00:00
SAO_3735-41,São Paulo,3550308,True,,34688,,,-23.541107,-46.4847105,,,,2,2023-06-18T12:24:38+00:00
SAO_517J-10,São Paulo,3550308,True,,33897,,,-23.691205,-46.656296499999996,,,,2,2023-06-18T12:24:41+00:00
SAO_517J-10,São Paulo,3550308,True,,33897,,,-23.665536000000003,-46.677709,,,,2,2023-06-18T12:24:45+00:00
SAO_6801-10,São Paulo,3550308,True,,5,,,-23.643877,-46.733764,,,,1,2023-06-18T12:24:34+00:00
SAO_8001-10,São Paulo,3550308,True,,1251,,,-23.502264,-46.76104,,,,1,2023-06-18T12:24:25+00:00
SAO_8001-10,São Paulo,3550308,True,,1251,,,-23.5087495,-46.7378415,,,,1,2023-06-18T12:24:44+00:00
SAO_2025-10,São Paulo,3550308,True,,35035,,,-23.502243999999997,-46.623825,,,,2,2023-06-18T12:24:24+00:00
SAO_2025-10,São Paulo,3550308,True,,35035,,,-23.453701000000002,-46.5739115,,,,2,2023-06-18T12:23:50+00:00
SAO_3046-10,São Paulo,3550308,True,,971,,,-23.569699999999997,-46.5672575,,,,1,2023-06-18T12:24:43+00:00
SAO_3046-10,São Paulo,3550308,True,,971,,,-23.541215,-46.5774215,,,,1,2023-06-18T12:24:28+00:00
SAO_978J-10,São Paulo,3550308,True,,33359,,,-23.437111,-46.7400885,,,,2,2023-06-18T12:25:04+00:00
SAO_978J-10,São Paulo,3550308,True,,33359,,,-23.5193815,-46.7004685,,,,2,2023-06-18T12:24:57+00:00
SAO_1786-10,São Paulo,3550308,True,,649,,,-23.45376775,-46.607023,,,,1,2023-06-18T12:24:32+00:00
SAO_1786-10,São Paulo,3550308,True,,649,,,-23.472184,-46.6180325,,,,1,2023-06-18T12:23:19+00:00
SAO_807M-10,São Paulo,3550308,True,,1916,,,-23.623997,-46.7535155,,,,1,2023-06-18T12:25:00+00:00
SAO_807M-10,São Paulo,3550308,True,,1916,,,-23.6206535,-46.699377,,,,1,2023-06-18T12:24:41+00:00
SAO_807M-10,São Paulo,3550308,True,,1916,,,-23.614024999999998,-46.7424915,,,,1,2023-06-18T12:24:27+00:00
SAO_807M-10,São Paulo,3550308,True,,1916,,,-23.601063,-46.7150175,,,,1,2023-06-18T12:25:00+00:00
SAO_209P-1,São Paulo,3550308,True,,35069,,,-23.472988,-46.670319000000006,,,,2,2023-06-18T12:24:37+00:00
SAO_7001-10,São Paulo,3550308,True,,1722,,,-23.7247405,-46.7552985,,,,1,2023-06-18T12:24:23+00:00
SAO_7001-10,São Paulo,3550308,True,,1722,,,-23.690631,-46.774444,,,,1,2023-06-18T12:24:52+00:00
SAO_128Y-10,São Paulo,3550308,True,,33611,,,-23.4923385,-46.657435,,,,2,2023-06-18T12:24:36+00:00
SAO_128Y-10,São Paulo,3550308,True,,33611,,,-23.457446,-46.673119,,,,2,2023-06-18T12:24:53+00:00
SAO_128Y-10,São Paulo,3550308,True,,33611,,,-23.457234,-46.673289,,,,2,2023-06-18T12:24:28+00:00
SAO_5652-22,São Paulo,3550308,True,,35284,,,-23.7058085,-46.6886045,,,,2,2023-06-18T12:25:07+00:00
SAO_5652-22,São Paulo,3550308,True,,35284,,,-23.6130365,-46.6577245,,,,2,2023-06-18T12:24:54+00:00
SAO_7006-10,São Paulo,3550308,True,,34763,,,-23.750601,-46.777545,,,,2,2023-06-18T12:24:47+00:00
SAO_7006-10,São Paulo,3550308,True,,34763,,,-23.749927,-46.779172,,,,2,2023-06-18T12:24:31+00:00
SAO_778J-10,São Paulo,3550308,True,EMTU,508,https://moovitapp.com/index/pt-br/transporte_p%C3%BAblico-line-508-Sao_Paulo-242-2038937-36419530-0,5.65,-23.5716875,-46.70734949999999,,,,1,2023-06-18T12:25:07+00:00
SAO_778J-10,São Paulo,3550308,True,EMTU,508,https://moovitapp.com/index/pt-br/transporte_p%C3%BAblico-line-508-Sao_Paulo-242-2038937-36419530-0,5.65,-23.526591000000003,-46.668301,,,,1,2023-06-18T12:25:05+00:00
SAO_778J-10,São Paulo,3550308,True,EMTU,508,https://moovitapp.com/index/pt-br/transporte_p%C3%BAblico-line-508-Sao_Paulo-242-2038937-36419530-0,5.65,-23.586651500000002,-46.790127999999996,,,,1,2023-06-18T12:25:05+00:00
SAO_2716-10,São Paulo,3550308,True,,33697,,,-23.533121,-46.544351500000005,,,,2,2023-06-18T12:24:42+00:00
SAO_478P-10,São Paulo,3550308,True,,33117,,,-23.6292935,-46.598532,,,,2,2023-06-18T12:24:33+00:00
SAO_478P-10,São Paulo,3550308,True,,33117,,,-23.539178,-46.6835245,,,,2,2023-06-18T12:24:38+00:00
SAO_8545-10,São Paulo,3550308,True,,34132,,,-23.507703,-46.6885155,,,,2,2023-06-18T12:24:24+00:00
SAO_8100-10,São Paulo,3550308,True,,1262,,,-23.5201505,-46.69993,,,,1,2023-06-18T12:25:08+00:00
SAO_8100-10,São Paulo,3550308,True,,1262,,,-23.485485500000003,-46.7254255,,,,1,2023-06-18T12:24:58+00:00
SAO_106A-10,São Paulo,3550308,True,,516,,,-23.5734265,-46.666454,,,,1,2023-06-18T12:24:57+00:00
SAO_2020-10,São Paulo,3550308,True,,2262,,,-23.466462,-46.60352,,,,1,2023-06-18T12:25:00+00:00
SAO_2020-10,São Paulo,3550308,True,,2262,,,-23.459263,-46.633215,,,,1,2023-06-18T12:24:34+00:00
SAO_2020-10,São Paulo,3550308,True,,2262,,,-23.458434500000003,-46.608059499999996,,,,1,2023-06-18T12:23:41+00:00
SAO_6455-10,São Paulo,3550308,True,,32831,,,-23.5825715,-46.65227725,,,,2,2023-06-18T12:24:57+00:00
SAO_6455-10,São Paulo,3550308,True,,32831,,,-23.640248,-46.6968045,,,,2,2023-06-18T12:24:38+00:00
SAO_1758-10,São Paulo,3550308,True,,33320,,,-23.47937675,-46.63257825,,,,2,2023-06-18T12:24:22+00:00
SAO_1758-10,São Paulo,3550308,True,,33320,,,-23.454044,-46.661868999999996,,,,2,2023-06-18T12:24:33+00:00
SAO_4007-10,São Paulo,3550308,True,,2181,,,-23.553155500000003,-46.4463645,,,,1,2023-06-18T12:24:26+00:00
SAO_4007-10,São Paulo,3550308,True,,2181,,,-23.557861,-46.522673,,,,1,2023-06-18T12:24:56+00:00
SAO_6016-41,São Paulo,3550308,True,,34474,,,-23.774729,-46.675773500000005,,,,2,2023-06-18T12:24:46+00:00
SAO_6016-41,São Paulo,3550308,True,,34474,,,-23.775072,-46.675598,,,,2,2023-06-18T12:24:25+00:00
SAO_6115-10,São Paulo,3550308,True,,1185,,,-23.7557945,-46.6673025,,,,1,2023-06-18T12:25:07+00:00
SAO_6115-10,São Paulo,3550308,True,,1185,,,-23.73484475,-46.695252249999996,,,,1,2023-06-18T12:24:53+00:00
SAO_408A-10,São Paulo,3550308,True,,33534,,,-23.58019875,-46.633423875,,,,2,2023-06-18T12:24:35+00:00
SAO_408A-10,São Paulo,3550308,True,,33534,,,-23.545487,-46.6449525,,,,2,2023-06-18T12:24:37+00:00
SAO_3539-10,São Paulo,3550308,True,,748,,,-23.55107375,-46.4624665,,,,1,2023-06-18T12:25:02+00:00
SAO_3539-10,São Paulo,3550308,True,,748,,,-23.543065062500002,-46.586476062500005,,,,1,2023-06-18T12:24:50+00:00
SAO_3539-10,São Paulo,3550308,True,,748,,,-23.584823999999998,-46.442690999999996,,,,1,2023-06-18T12:24:27+00:00
SAO_3539-10,São Paulo,3550308,True,,748,,,-23.58699975,-46.40925375,,,,1,2023-06-18T12:24:38+00:00
SAO_647P-10,São Paulo,3550308,True,,1316,,,-23.617354499999998,-46.731742499999996,,,,1,2023-06-18T12:24:41+00:00
SAO_647P-10,São Paulo,3550308,True,,1316,,,-23.586478,-46.69579,,,,1,2023-06-18T12:24:45+00:00
SAO_971A-10,São Paulo,3550308,True,,33426,,,-23.486307,-46.680385,,,,2,2023-06-18T12:24:36+00:00
SAO_971A-10,São Paulo,3550308,True,,33426,,,-23.52260625,-46.6238185,,,,2,2023-06-18T12:24:59+00:00
SAO_5154-10,São Paulo,3550308,True,,33121,,,-23.568078999999997,-46.649365,,,,2,2023-06-18T12:24:29+00:00
SAO_5109-10,São Paulo,3550308,True,,34619,,,-23.547036,-46.628932,,,,2,2023-06-18T12:24:32+00:00
SAO_5109-10,São Paulo,3550308,True,,34619,,,-23.547353,-46.6287365,,,,2,2023-06-18T12:24:59+00:00
SAO_809L-10,São Paulo,3550308,True,,1949,,,-23.622894,-46.763113000000004,,,,1,2023-06-18T12:25:01+00:00
SAO_809L-10,São Paulo,3550308,True,,1949,,,-23.5806445,-46.72164025,,,,1,2023-06-18T12:24:44+00:00
SAO_978A-10,São Paulo,3550308,True,,34137,,,-23.518248,-46.6779945,,,,2,2023-06-18T12:25:03+00:00
SAO_5111-10,São Paulo,3550308,True,,32816,,,-23.595443500000002,-46.6732535,,,,2,2023-06-18T12:24:48+00:00
SAO_5111-10,São Paulo,3550308,True,,32816,,,-23.573071,-46.6546745,,,,2,2023-06-18T12:24:56+00:00
SAO_5111-10,São Paulo,3550308,True,,32816,,,-23.54805,-46.629795,,,,2,2023-06-18T12:24:39+00:00
SAO_5164-41,São Paulo,3550308,True,,1617,,,-23.646586749999997,-46.645936000000006,,,,1,2023-06-18T12:24:59+00:00
SAO_5164-41,São Paulo,3550308,True,,1617,,,-23.6464495,-46.646234750000005,,,,1,2023-06-18T12:25:04+00:00
SAO_6806-10,São Paulo,3550308,True,,32800,,,-23.640376,-46.74718825,,,,2,2023-06-18T12:25:07+00:00
SAO_172K-10,São Paulo,3550308,True,,857,,,-23.51919025,-46.59044775,,,,1,2023-06-18T12:24:33+00:00
SAO_172K-10,São Paulo,3550308,True,,857,,,-23.480738000000002,-46.603746,,,,1,2023-06-18T12:25:05+00:00
SAO_4052-10,São Paulo,3550308,True,,34913,,,-23.542444,-46.416917999999995,,,,2,2023-06-18T12:22:51+00:00
SAO_4052-10,São Paulo,3550308,True,,34913,,,-23.533652,-46.429402499999995,,,,2,2023-06-18T12:25:04+00:00
SAO_3141-10,São Paulo,3550308,True,,33502,,,-23.61246875,-46.48808525,,,,2,2023-06-18T12:24:50+00:00
SAO_3141-10,São Paulo,3550308,True,,33502,,,-23.5573215,-46.578194499999995,,,,2,2023-06-18T12:24:25+00:00
SAO_274P-10,São Paulo,3550308,True,,33000,,,-23.5400405,-46.611587,,,,2,2023-06-18T12:24:50+00:00
SAO_2018-10,São Paulo,3550308,True,,904,,,-23.510486999999998,-46.406726500000005,,,,1,2023-06-18T12:24:25+00:00
SAO_675N-10,São Paulo,3550308,True,EMTU,362,https://moovitapp.com/index/pt-br/transporte_p%C3%BAblico-line-362-Sao_Paulo-242-2038937-36419443-0,6.25,-23.654573,-46.7154675,,,,1,2023-06-18T12:24:41+00:00
SAO_233C-10,São Paulo,3550308,True,,32923,,,-23.557227,-46.519644,,,,2,2023-06-18T12:24:49+00:00
SAO_3791-10,São Paulo,3550308,True,,33837,,,-23.550023000000003,-46.508179,,,,2,2023-06-18T12:25:08+00:00
SAO_3791-10,São Paulo,3550308,True,,33837,,,-23.5641745,-46.505159,,,,2,2023-06-18T12:24:46+00:00
SAO_372U-10,São Paulo,3550308,True,,1016,,,-23.567358499999997,-46.541426,,,,1,2023-06-18T12:24:54+00:00
SAO_372U-10,São Paulo,3550308,True,,1016,,,-23.555281,-46.560607000000005,,,,1,2023-06-18T12:24:39+00:00
SAO_372U-10,São Paulo,3550308,True,,1016,,,-23.567368000000002,-46.541278,,,,1,2023-06-18T12:24:48+00:00
SAO_5034-10,São Paulo,3550308,True,,1663,,,-23.653462500000003,-46.6025525,,,,1,2023-06-18T12:24:54+00:00
SAO_5034-10,São Paulo,3550308,True,,1663,,,-23.623986000000002,-46.6018095,,,,1,2023-06-18T12:25:03+00:00
SAO_4001-10,São Paulo,3550308,True,,34944,,,-23.532577,-46.4410275,,,,2,2023-06-18T12:25:02+00:00
SAO_2013-10,São Paulo,3550308,True,,899,,,-23.46731275,-46.6654925,,,,1,2023-06-18T12:24:56+00:00
SAO_342C-10,São Paulo,3550308,True,,1002,,,-23.548675000000003,-46.484409,,,,1,2023-06-18T12:24:38+00:00
SAO_8060-10,São Paulo,3550308,True,,33186,,,-23.502658,-46.760932499999996,,,,2,2023-06-18T12:24:47+00:00
SAO_1785-10,São Paulo,3550308,True,,34584,,,-23.4781935,-46.622949500000004,,,,2,2023-06-18T12:22:38+00:00
SAO_1785-10,São Paulo,3550308,True,,34584,,,-23.489608750000002,-46.624299500000006,,,,2,2023-06-18T12:23:58+00:00
SAO_6039-10,São Paulo,3550308,True,,1217,,,-23.645789999999998,-46.7465015,,,,1,2023-06-18T12:24:56+00:00
SAO_1156-10,São Paulo,3550308,True,,659,,,-23.518346,-46.6268505,,,,1,2023-06-18T12:24:31+00:00
SAO_3746-31,São Paulo,3550308,True,,34865,,,-23.542912,-46.588283000000004,,,,2,2023-06-18T12:24:43+00:00
SAO_6061-10,São Paulo,3550308,True,,1150,,,-23.746142,-46.6884825,,,,1,2023-06-18T12:25:02+00:00
SAO_477A-10,São Paulo,3550308,True,,33114,,,-23.565303875,-46.62124875,,,,2,2023-06-18T12:24:32+00:00
SAO_2762-10,São Paulo,3550308,True,,144,,,-23.486059500000003,-46.476583000000005,,,,1,2023-06-18T12:25:07+00:00
SAO_2762-10,São Paulo,3550308,True,,144,,,-23.50278325,-46.535515,,,,1,2023-06-18T12:25:07+00:00
SAO_2733-10,São Paulo,3550308,True,,33716,,,-23.5214075,-46.454578999999995,,,,2,2023-06-18T12:25:05+00:00
SAO_2728-10,São Paulo,3550308,True,,943,,,-23.505616500000002,-46.5164345,,,,1,2023-06-18T12:24:36+00:00
SAO_709M-10,São Paulo,3550308,True,,2462,,,-23.595534,-46.69053475,,,,1,2023-06-18T12:24:49+00:00
SAO_709M-10,São Paulo,3550308,True,,2462,,,-23.638920249999998,-46.696384,,,,1,2023-06-18T12:24:39+00:00
SAO_709M-10,São Paulo,3550308,True,,2462,,,-23.566360500000002,-46.701766500000005,,,,1,2023-06-18T12:24:55+00:00
SAO_709M-10,São Paulo,3550308,True,,2462,,,-23.654158,-46.710677000000004,,,,1,2023-06-18T12:25:05+00:00
SAO_4051-10,São Paulo,3550308,True,,34912,,,-23.5618325,-46.4012755,,,,2,2023-06-18T12:24:25+00:00
SAO_4021-10,São Paulo,3550308,True,,2548,,,-23.54092,-46.4643715,,,,1,2023-06-18T12:24:57+00:00
SAO_8542-21,São Paulo,3550308,True,,34129,,,-23.472990000000003,-46.702344499999995,,,,2,2023-06-18T12:24:28+00:00
SAO_8542-21,São Paulo,3550308,True,,34129,,,-23.486632,-46.68703,,,,2,2023-06-18T12:24:39+00:00
SAO_351F-10,São Paulo,3550308,True,,33455,,,-23.528083000000002,-46.597326249999995,,,,2,2023-06-18T12:22:36+00:00
SAO_351F-10,São Paulo,3550308,True,,33455,,,-23.4606475,-46.583239,,,,2,2023-06-18T12:24:24+00:00
SAO_351F-10,São Paulo,3550308,True,,33455,,,-23.558504499999998,-46.5223195,,,,2,2023-06-18T12:25:07+00:00
SAO_6074-10,São Paulo,3550308,True,,33929,,,-23.6775605,-46.701477,,,,2,2023-06-18T12:24:36+00:00
SAO_6074-10,São Paulo,3550308,True,,33929,,,-23.7334505,-46.694041,,,,2,2023-06-18T12:25:03+00:00
SAO_5036-10,São Paulo,3550308,True,,34434,,,-23.646933500000003,-46.6117685,,,,2,2023-06-18T12:24:57+00:00
SAO_4018-10,São Paulo,3550308,True,,2191,,,-23.6011475,-46.399366,,,,1,2023-06-18T12:24:46+00:00
SAO_4018-10,São Paulo,3550308,True,,2191,,,-23.6127705,-46.4764035,,,,1,2023-06-18T12:24:56+00:00
SAO_4018-10,São Paulo,3550308,True,,2191,,,-23.582943,-46.408454,,,,1,2023-06-18T12:24:47+00:00
SAO_6414-10,São Paulo,3550308,True,,33128,,,-23.6701735,-46.7122485,,,,2,2023-06-18T12:24:53+00:00
SAO_6414-10,São Paulo,3550308,True,,33128,,,-23.58432275,-46.67035675,,,,2,2023-06-18T12:21:28+00:00
SAO_2709-10,São Paulo,3550308,True,,922,,,-23.528220875000002,-46.483773625,,,,1,2023-06-18T12:24:32+00:00
SAO_121G-10,São Paulo,3550308,True,,691,,,-23.514609749999998,-46.57052675,,,,1,2023-06-18T12:25:05+00:00
SAO_9784-10,São Paulo,3550308,True,EMTU,827,https://moovitapp.com/index/pt-br/transporte_p%C3%BAblico-line-827-Sao_Paulo-242-2038937-36419596-0,12.1,-23.5050525,-46.668549999999996,,,,1,2023-06-18T12:24:43+00:00
SAO_9784-10,São Paulo,3550308,True,EMTU,827,https://moovitapp.com/index/pt-br/transporte_p%C3%BAblico-line-827-Sao_Paulo-242-2038937-36419596-0,12.1,-23.4512495,-46.6761245,,,,1,2023-06-18T12:25:08+00:00
SAO_118Y-10,São Paulo,3550308,True,,33609,,,-23.507340499999998,-46.688979,,,,2,2023-06-18T12:24:37+00:00
SAO_118Y-10,São Paulo,3550308,True,,33609,,,-23.472693,-46.63499025,,,,2,2023-06-18T12:24:30+00:00
SAO_8319-10,São Paulo,3550308,True,,33244,,,-23.550041999999998,-46.748635500000006,,,,2,2023-06-18T12:24:59+00:00
SAO_9501-10,São Paulo,3550308,True,EMTU,462,https://moovitapp.com/index/pt-br/transporte_p%C3%BAblico-line-462-Sao_Paulo-242-2038937-36419502-0,7.4,-23.523186125,-46.653801875000006,,,,1,2023-06-18T12:25:03+00:00
SAO_9501-10,São Paulo,3550308,True,EMTU,462,https://moovitapp.com/index/pt-br/transporte_p%C3%BAblico-line-462-Sao_Paulo-242-2038937-36419502-0,7.4,-23.481923000000002,-46.676269250000004,,,,1,2023-06-18T12:24:44+00:00
SAO_2008-10,São Paulo,3550308,True,,897,,,-23.513238875000003,-46.39240025000001,,,,1,2023-06-18T12:24:53+00:00
SAO_2008-10,São Paulo,3550308,True,,897,,,-23.514522499999998,-46.390223500000005,,,,1,2023-06-18T12:24:58+00:00
SAO_2522-10,São Paulo,3550308,True,Cidade de Caieiras,140,https://moovitapp.com/index/pt-br/transporte_p%C3%BAblico-line-140-Sao_Paulo-242-868761-496401-0,5.0,-23.542745500000002,-46.470704,,,,1,2023-06-18T12:24:35+00:00
SAO_1024-10,São Paulo,3550308,True,,2302,,,-23.459429999999998,-46.69849375,,,,1,2023-06-18T12:24:47+00:00
SAO_1758-10,São Paulo,3550308,True,EMTU,552,https://moovitapp.com/index/pt-br/transporte_p%C3%BAblico-line-552-Sao_Paulo-242-2038937-36419556-0,6.8,-23.461765999999997,-46.653731500000006,,,,1,2023-06-18T12:24:46+00:00
SAO_1758-10,São Paulo,3550308,True,EMTU,552,https://moovitapp.com/index/pt-br/transporte_p%C3%BAblico-line-552-Sao_Paulo-242-2038937-36419556-0,6.8,-23.4904545,-46.6261245,,,,1,2023-06-18T12:25:08+00:00
SAO_575A-10,São Paulo,3550308,True,,1638,,,-23.59300275,-46.57938375,,,,1,2023-06-18T12:25:05+00:00
SAO_6062-10,São Paulo,3550308,True,,33919,,,-23.744396000000002,-46.682672499999995,,,,2,2023-06-18T12:25:07+00:00
SAO_9002-10,São Paulo,3550308,True,,33638,,,-23.4666405,-46.668892,,,,2,2023-06-18T12:24:55+00:00
SAO_6450-10,São Paulo,3550308,True,,32827,,,-23.654408500000002,-46.762060999999996,,,,2,2023-06-18T12:25:08+00:00
SAO_6450-10,São Paulo,3550308,True,,32827,,,-23.578448,-46.6710925,,,,2,2023-06-18T12:24:48+00:00
SAO_6450-10,São Paulo,3550308,True,,32827,,,-23.62997525,-46.69002975,,,,2,2023-06-18T12:24:54+00:00
SAO_8023-10,São Paulo,3550308,True,,2074,,,-23.59181125,-46.73579,,,,1,2023-06-18T12:24:45+00:00
SAO_1701-10,São Paulo,3550308,True,,33613,,,-23.447695250000002,-46.576127125,,,,2,2023-06-18T12:25:02+00:00
SAO_7054-10,São Paulo,3550308,True,,41,,,-23.6517055,-46.7906215,,,,1,2023-06-18T12:24:45+00:00
SAO_7054-10,São Paulo,3550308,True,,41,,,-23.6517055,-46.7906215,,,,1,2023-06-18T12:24:57+00:00
SAO_342N-10,São Paulo,3550308,True,,1003,,,-23.54239425,-46.41653925,,,,1,2023-06-18T12:24:46+00:00
SAO_6001-10,São Paulo,3550308,True,,32820,,,-23.653929499999997,-46.711214999999996,,,,2,2023-06-18T12:24:55+00:00
SAO_6001-10,São Paulo,3550308,True,,32820,,,-23.6493095,-46.7519875,,,,2,2023-06-18T12:24:51+00:00
SAO_4724-10,São Paulo,3550308,True,,2060,,,-23.539357250000002,-46.4920245,,,,1,2023-06-18T12:24:25+00:00
SAO_4716-10,São Paulo,3550308,True,,1106,,,-23.604847,-46.604936,,,,1,2023-06-18T12:24:39+00:00
SAO_4716-10,São Paulo,3550308,True,,1106,,,-23.6086495,-46.620554,,,,1,2023-06-18T12:25:00+00:00
SAO_875H-10,São Paulo,3550308,True,,34108,,,-23.5683118125,-46.6480403125,,,,2,2023-06-18T12:24:35+00:00
SAO_N535-11,São Paulo,3550308,True,,35155,,,-23.603310999999998,-46.6028315,,,,2,2023-06-18T12:24:48+00:00
SAO_476L-10,São Paulo,3550308,True,,33030,,,-23.59850275,-46.63896425,,,,2,2023-06-18T12:24:47+00:00
SAO_4036-10,São Paulo,3550308,True,,2561,,,-23.5580635,-46.522337500000006,,,,1,2023-06-18T12:24:30+00:00
SAO_5194-21,São Paulo,3550308,True,,2095,,,-23.680014125,-46.6631195,,,,1,2023-06-18T12:24:46+00:00
SAO_6003-21,São Paulo,3550308,True,,35344,,,-23.766890250000003,-46.7169705,,,,2,2023-06-18T12:24:29+00:00
SAO_N502-11,São Paulo,3550308,True,,35144,,,-23.603656,-46.6035635,,,,2,2023-06-18T12:24:39+00:00
SAO_5370-10,São Paulo,3550308,True,,34210,,,-23.71349325,-46.69855075,,,,2,2023-06-18T12:24:43+00:00
SAO_5370-10,São Paulo,3550308,True,,34210,,,-23.659588,-46.704194,,,,2,2023-06-18T12:25:04+00:00
SAO_3032-10,São Paulo,3550308,True,STT,720,https://moovitapp.com/index/pt-br/transporte_p%C3%BAblico-line-720-Sao_Paulo-242-850661-183345-0,5.3,-23.56521725,-46.50791875,,,,1,2023-06-18T12:25:04+00:00
SAO_8017-10,São Paulo,3550308,True,,1261,,,-23.442899,-46.7218955,,,,1,2023-06-18T12:24:40+00:00
SAO_8078-10,São Paulo,3550308,True,,34848,,,-23.61848325,-46.74882275,,,,2,2023-06-18T12:25:06+00:00
SAO_314J-10,São Paulo,3550308,True,,33078,,,-23.5930335,-46.573533499999996,,,,2,2023-06-18T12:24:39+00:00
SAO_9354-10,São Paulo,3550308,True,,708,,,-23.513199999999998,-46.658535,,,,1,2023-06-18T12:24:24+00:00
SAO_4035-10,São Paulo,3550308,True,,2560,,,-23.563639000000002,-46.417193,,,,1,2023-06-18T12:24:54+00:00
SAO_8062-10,São Paulo,3550308,True,EMTU,420,https://moovitapp.com/index/pt-br/transporte_p%C3%BAblico-line-420-Sao_Paulo-242-2038937-36419477-0,7.1,-23.5072155,-46.704882999999995,,,,1,2023-06-18T12:24:35+00:00
SAO_6L04-10,São Paulo,3550308,True,,33948,,,-23.853520500000002,-46.755458000000004,,,,2,2023-06-18T12:24:16+00:00
SAO_8548-10,São Paulo,3550308,True,EMTU,578,https://moovitapp.com/index/pt-br/transporte_p%C3%BAblico-line-578-Sao_Paulo-242-2038937-36419568-0,5.4,-23.459132,-46.686786,,,,1,2023-06-18T12:24:22+00:00
SAO_172U-10,São Paulo,3550308,True,,33628,,,-23.5008505,-46.622383,,,,2,2023-06-18T12:24:32+00:00
SAO_172U-10,São Paulo,3550308,True,,33628,,,-23.43716675,-46.56625975,,,,2,2023-06-18T12:24:29+00:00
SAO_4013-10,São Paulo,3550308,True,,2186,,,-23.622617500000004,-46.46532175,,,,1,2023-06-18T12:24:55+00:00
SAO_1019-10,São Paulo,3550308,True,,2495,,,-23.4831525,-46.741439,,,,1,2023-06-18T12:24:40+00:00
SAO_6047-10,São Paulo,3550308,True,,1224,,,-23.656847499999998,-46.741558625,,,,1,2023-06-18T12:21:02+00:00
SAO_8023-10,São Paulo,3550308,True,,34842,,,-23.590517875,-46.802538874999996,,,,2,2023-06-18T12:25:03+00:00
SAO_3134-10,São Paulo,3550308,True,,993,,,-23.57824575,-46.54481725,,,,1,2023-06-18T12:24:50+00:00
SAO_3718-10,São Paulo,3550308,True,,1013,,,-23.557025,-46.4865765,,,,1,2023-06-18T12:24:28+00:00
SAO_8705-51,São Paulo,3550308,True,,2090,,,-23.557941,-46.7483375,,,,1,2023-06-18T12:25:10+00:00
SAO_8705-51,São Paulo,3550308,True,,2090,,,-23.571223,-46.691788,,,,1,2023-06-18T12:25:07+00:00
SAO_778J-10,São Paulo,3550308,True,,33276,,,-23.571717875,-46.706899500000006,,,,2,2023-06-18T12:25:09+00:00
SAO_1020-10,São Paulo,3550308,True,,2497,,,-23.4479275,-46.721939500000005,,,,1,2023-06-18T12:24:33+00:00
SAO_809A-10,São Paulo,3550308,True,,2069,,,-23.58387075,-46.779576875000004,,,,1,2023-06-18T12:25:05+00:00
SAO_809A-10,São Paulo,3550308,True,,2069,,,-23.565941000000002,-46.70197,,,,1,2023-06-18T12:24:48+00:00
SAO_6063-41,São Paulo,3550308,True,,1773,,,-23.789142,-46.6890195,,,,1,2023-06-18T12:24:33+00:00
SAO_271A-51,São Paulo,3550308,True,,33471,,,-23.506116,-46.528861,,,,2,2023-06-18T12:24:41+00:00
SAO_524L-10,São Paulo,3550308,True,,34483,,,-23.598761,-46.5339095,,,,2,2023-06-18T12:24:41+00:00
SAO_701A-10,São Paulo,3550308,True,,33457,,,-23.5551405,-46.673454,,,,2,2023-06-18T12:25:01+00:00
SAO_148P-10,São Paulo,3550308,True,EMTU,534,https://moovitapp.com/index/pt-br/transporte_p%C3%BAblico-line-534-Sao_Paulo-242-2038937-36419546-0,6.3,-23.526382499999997,-46.6660375,,,,1,2023-06-18T12:24:59+00:00
SAO_148P-10,São Paulo,3550308,True,EMTU,534,https://moovitapp.com/index/pt-br/transporte_p%C3%BAblico-line-534-Sao_Paulo-242-2038937-36419546-0,6.3,-23.4540335,-46.6437735,,,,1,2023-06-18T12:24:57+00:00
SAO_148P-10,São Paulo,3550308,True,EMTU,534,https://moovitapp.com/index/pt-br/transporte_p%C3%BAblico-line-534-Sao_Paulo-242-2038937-36419546-0,6.3,-23.47803925,-46.66385875,,,,1,2023-06-18T12:24:45+00:00
SAO_6022-10,São Paulo,3550308,True,,1207,,,-23.729324,-46.782303,,,,1,2023-06-18T12:24:26+00:00
SAO_971X-10,São Paulo,3550308,True,,1695,,,-23.488124,-46.652035999999995,,,,1,2023-06-18T12:24:37+00:00
SAO_809N-10,São Paulo,3550308,True,,2244,,,-23.549901937500003,-46.7388568125,,,,1,2023-06-18T12:25:00+00:00
SAO_6063-10,São Paulo,3550308,True,,1152,,,-23.767032,-46.7162295,,,,1,2023-06-18T12:25:04+00:00
SAO_8024-10,São Paulo,3550308,True,,2075,,,-23.592011749999998,-46.760010750000006,,,,1,2023-06-18T12:24:57+00:00
SAO_513C-31,São Paulo,3550308,True,,2536,,,-23.611652,-46.5044565,,,,1,2023-06-18T12:24:25+00:00
SAO_513C-31,São Paulo,3550308,True,,2536,,,-23.558902,-46.4658225,,,,1,2023-06-18T12:23:48+00:00
SAO_6076-10,São Paulo,3550308,True,,33933,,,-23.733666,-46.6772885,,,,2,2023-06-18T12:24:35+00:00
SAO_6076-10,São Paulo,3550308,True,,33933,,,-23.697532000000002,-46.7013975,,,,2,2023-06-18T12:25:04+00:00
SAO_6015-10,São Paulo,3550308,True,,33973,,,-23.669655,-46.7366765,,,,2,2023-06-18T12:25:05+00:00
SAO_6015-10,São Paulo,3550308,True,,33973,,,-23.645691,-46.7039915,,,,2,2023-06-18T12:24:59+00:00
SAO_9181-10,São Paulo,3550308,True,,33653,,,-23.472165,-46.682765,,,,2,2023-06-18T12:24:42+00:00
SAO_9181-10,São Paulo,3550308,True,,33653,,,-23.5154145,-46.696365,,,,2,2023-06-18T12:24:43+00:00
SAO_5141-10,São Paulo,3550308,True,,34393,,,-23.539001,-46.62890125,,,,2,2023-06-18T12:24:42+00:00
SAO_5141-10,São Paulo,3550308,True,,34393,,,-23.60958175,-46.504955499999994,,,,2,2023-06-18T12:24:32+00:00
SAO_2709-31,São Paulo,3550308,True,,923,,,-23.53197825,-46.48834075,,,,1,2023-06-18T12:24:57+00:00
SAO_2023-10,São Paulo,3550308,True,,2260,,,-23.468948249999997,-46.604072125,,,,1,2023-06-18T12:24:34+00:00
SAO_1703-10,São Paulo,3550308,True,,847,,,-23.467895,-46.584211499999995,,,,1,2023-06-18T12:24:56+00:00
SAO_4721-10,São Paulo,3550308,True,EMTU,337,https://moovitapp.com/index/pt-br/transporte_p%C3%BAblico-line-337-Sao_Paulo-242-2038937-36419422-0,6.35,-23.6371155,-46.64132375,,,,1,2023-06-18T12:24:48+00:00
SAO_6003-21,São Paulo,3550308,True,,2576,,,-23.7553165,-46.7098375,,,,1,2023-06-18T12:24:51+00:00
SAO_1778-10,São Paulo,3550308,True,,34557,,,-23.4637375,-46.5825725,,,,2,2023-06-18T12:24:18+00:00
SAO_9023-10,São Paulo,3550308,True,,1437,,,-23.4403875,-46.711541499999996,,,,1,2023-06-18T12:24:43+00:00
SAO_1787-10,São Paulo,3550308,True,,650,,,-23.473949500000003,-46.618700000000004,,,,1,2023-06-18T12:25:05+00:00
SAO_8007-10,São Paulo,3550308,True,,34025,,,-23.4884955,-46.729997499999996,,,,2,2023-06-18T12:24:37+00:00
SAO_4312-21,São Paulo,3550308,True,,35259,,,-23.570552125,-46.489686875,,,,2,2023-06-18T12:24:49+00:00
SAO_4312-21,São Paulo,3550308,True,,35259,,,-23.556618,-46.4960345,,,,2,2023-06-18T12:24:27+00:00
SAO_5038-10,São Paulo,3550308,True,,1661,,,-23.62279425,-46.602509,,,,1,2023-06-18T12:25:06+00:00
SAO_5038-10,São Paulo,3550308,True,,1661,,,-23.6536285,-46.60265,,,,1,2023-06-18T12:24:23+00:00
SAO_7005-51,São Paulo,3550308,True,,34767,,,-23.73646075,-46.776863250000005,,,,2,2023-06-18T12:24:35+00:00
SAO_7005-51,São Paulo,3550308,True,,34767,,,-23.660327000000002,-46.769156,,,,2,2023-06-18T12:25:01+00:00
SAO_2059-10,São Paulo,3550308,True,Cidade de Caieiras,260,https://moovitapp.com/index/pt-br/transporte_p%C3%BAblico-line-260-Sao_Paulo-242-868761-496413-0,5.0,-23.5392185,-46.40893525,,,,1,2023-06-18T12:24:48+00:00
SAO_4734-10,São Paulo,3550308,True,,33877,,,-23.63219925,-46.617036999999996,,,,2,2023-06-18T12:24:34+00:00
SAO_2451-10,São Paulo,3550308,True,,32981,,,-23.516843,-46.489267999999996,,,,2,2023-06-18T12:24:50+00:00
SAO_3796-10,São Paulo,3550308,True,,33842,,,-23.58877925,-46.446368875,,,,2,2023-06-18T12:24:30+00:00
SAO_3796-10,São Paulo,3550308,True,,33842,,,-23.579961,-46.46005825,,,,2,2023-06-18T12:24:40+00:00
SAO_2025-10,São Paulo,3550308,True,,2267,,,-23.502733499999998,-46.623853,,,,1,2023-06-18T12:24:30+00:00
SAO_2025-10,São Paulo,3550308,True,,2267,,,-23.476974499999997,-46.596123500000004,,,,1,2023-06-18T12:24:03+00:00
SAO_178L-10,São Paulo,3550308,True,EMTU,560,https://moovitapp.com/index/pt-br/transporte_p%C3%BAblico-line-560-Sao_Paulo-242-2038937-36419561-0,6.2,-23.517316625,-46.6541004375,,,,1,2023-06-18T12:24:50+00:00
SAO_178L-10,São Paulo,3550308,True,EMTU,560,https://moovitapp.com/index/pt-br/transporte_p%C3%BAblico-line-560-Sao_Paulo-242-2038937-36419561-0,6.2,-23.555418,-46.662732500000004,,,,1,2023-06-18T12:25:07+00:00
SAO_178L-10,São Paulo,3550308,True,EMTU,560,https://moovitapp.com/index/pt-br/transporte_p%C3%BAblico-line-560-Sao_Paulo-242-2038937-36419561-0,6.2,-23.4794985,-46.643840999999995,,,,1,2023-06-18T12:24:50+00:00
SAO_6055-10,São Paulo,3550308,True,,33914,,,-23.754704,-46.709073000000004,,,,2,2023-06-18T12:24:43+00:00
SAO_8700-1,São Paulo,3550308,True,,2508,,,-23.59603825,-46.73931725,,,,1,2023-06-18T12:24:58+00:00
SAO_3021-10,São Paulo,3550308,True,,33044,,,-23.5921015,-46.5122655,,,,2,2023-06-18T12:25:03+00:00
SAO_9354-10,São Paulo,3550308,True,,33476,,,-23.51324925,-46.65818225,,,,2,2023-06-18T12:24:55+00:00
SAO_352A-10,São Paulo,3550308,True,,32932,,,-23.5533165,-46.4634515,,,,2,2023-06-18T12:24:30+00:00
SAO_609F-10,São Paulo,3550308,True,,32805,,,-23.542946,-46.6354345,,,,2,2023-06-18T12:20:20+00:00
SAO_6069-10,São Paulo,3550308,True,,33922,,,-23.757786000000003,-46.7079365,,,,2,2023-06-18T12:24:58+00:00
SAO_1783-10,São Paulo,3550308,True,,644,,,-23.468632749999998,-46.604006375,,,,1,2023-06-18T12:24:36+00:00
SAO_1783-10,São Paulo,3550308,True,,644,,,-23.501943500000003,-46.6235805,,,,1,2023-06-18T12:24:54+00:00
SAO_2723-10,São Paulo,3550308,True,,937,,,-23.496888499999997,-46.4534145,,,,1,2023-06-18T12:25:03+00:00
SAO_2710-10,São Paulo,3550308,True,,924,,,-23.518543625,-46.4806665,,,,1,2023-06-18T12:24:30+00:00
SAO_7062-31,São Paulo,3550308,True,,1914,,,-23.646552,-46.7725675,,,,1,2023-06-18T12:24:57+00:00
SAO_809D-10,São Paulo,3550308,True,,2068,,,-23.5665955,-46.69650125,,,,1,2023-06-18T12:24:41+00:00
SAO_809D-10,São Paulo,3550308,True,,2068,,,-23.5962225,-46.7803695,,,,1,2023-06-18T12:24:37+00:00
SAO_3778-10,São Paulo,3550308,True,,33830,,,-23.572761,-46.505643000000006,,,,2,2023-06-18T12:24:52+00:00
SAO_3778-10,São Paulo,3550308,True,,33830,,,-23.569862999999998,-46.486264500000004,,,,2,2023-06-18T12:24:48+00:00
SAO_3778-10,São Paulo,3550308,True,,33830,,,-23.542583,-46.54966025,,,,2,2023-06-18T12:24:49+00:00
SAO_425E-10,São Paulo,3550308,True,,1636,,,-23.612275,-46.4763455,,,,1,2023-06-18T12:24:32+00:00
SAO_6008-10,São Paulo,3550308,True,,1200,,,-23.6855765,-46.7497675,,,,1,2023-06-18T12:25:09+00:00
SAO_6008-10,São Paulo,3550308,True,,1200,,,-23.667369,-46.728165,,,,1,2023-06-18T12:25:06+00:00
SAO_2005-10,São Paulo,3550308,True,,893,,,-23.493003,-46.442882499999996,,,,1,2023-06-18T12:24:47+00:00
SAO_4113-10,São Paulo,3550308,True,,33536,,,-23.5658475,-46.632071499999995,,,,2,2023-06-18T12:24:54+00:00
SAO_4113-10,São Paulo,3550308,True,,33536,,,-23.582884,-46.61183175,,,,2,2023-06-18T12:22:53+00:00
SAO_875C-10,São Paulo,3550308,True,EMTU,478,https://moovitapp.com/index/pt-br/transporte_p%C3%BAblico-line-478-Sao_Paulo-242-2038937-36419510-0,6.25,-23.56198,-46.6947,,,,1,2023-06-18T12:24:51+00:00
SAO_809T-10,São Paulo,3550308,True,,2246,,,-23.5630215,-46.7474445,,,,1,2023-06-18T12:24:55+00:00
SAO_502J-23,São Paulo,3550308,True,,35286,,,-23.653739875,-46.66676925,,,,2,2023-06-18T12:24:50+00:00
SAO_2127-10,São Paulo,3550308,True,,693,,,-23.480239,-46.569384,,,,1,2023-06-18T12:24:44+00:00
SAO_2127-10,São Paulo,3550308,True,,693,,,-23.553140499999998,-46.634750499999996,,,,1,2023-06-18T12:24:55+00:00
SAO_6806-10,São Paulo,3550308,True,BR7 Mobilidade,32,https://moovitapp.com/index/pt-br/transporte_p%C3%BAblico-line-32-Sao_Paulo-242-851856-586488-0,5.75,-23.643138999999998,-46.751382,,,,1,2023-06-18T12:25:10+00:00
SAO_2780-10,São Paulo,3550308,True,,33167,,,-23.508906500000002,-46.431779,,,,2,2023-06-18T12:24:30+00:00
SAO_938L-10,São Paulo,3550308,True,,34136,,,-23.512514000000003,-46.690383499999996,,,,2,2023-06-18T12:24:54+00:00
SAO_2024-10,São Paulo,3550308,True,,2261,,,-23.394177,-46.573327500000005,,,,1,2023-06-18T12:25:02+00:00
SAO_6063-42,São Paulo,3550308,True,,2002,,,-23.767480499999998,-46.7162895,,,,1,2023-06-18T12:24:30+00:00
SAO_508L-10,São Paulo,3550308,True,EMTU,117,https://moovitapp.com/index/pt-br/transporte_p%C3%BAblico-line-117-Sao_Paulo-242-2038937-36419277-0,4.8,-23.556589000000002,-46.665531,,,,1,2023-06-18T12:25:03+00:00
SAO_4031-10,São Paulo,3550308,True,,33869,,,-23.57928275,-46.57270175,,,,2,2023-06-18T12:25:03+00:00
SAO_675P-10,São Paulo,3550308,True,STT,275,https://moovitapp.com/index/pt-br/transporte_p%C3%BAblico-line-275-Sao_Paulo-242-850661-183275-0,5.3,-23.670398249999998,-46.701071625000004,,,,1,2023-06-18T12:24:27+00:00
SAO_3732-10,São Paulo,3550308,True,,1029,,,-23.5405375,-46.452045,,,,1,2023-06-18T12:24:41+00:00
SAO_2363-10,São Paulo,3550308,True,,32903,,,-23.538131999999997,-46.599534750000004,,,,2,2023-06-18T12:25:01+00:00
SAO_2363-10,São Paulo,3550308,True,,32903,,,-23.5034835,-46.5011415,,,,2,2023-06-18T12:24:58+00:00
SAO_5705-10,São Paulo,3550308,True,,34425,,,-23.572957875,-46.6401495,,,,2,2023-06-18T12:24:50+00:00
SAO_5025-10,São Paulo,3550308,True,,34332,,,-23.609267,-46.5418475,,,,2,2023-06-18T12:25:08+00:00
SAO_2161-10,São Paulo,3550308,True,,33462,,,-23.5427365,-46.6348005,,,,2,2023-06-18T12:25:04+00:00
SAO_2161-10,São Paulo,3550308,True,,33462,,,-23.474255499999998,-46.56712,,,,2,2023-06-18T12:25:02+00:00
SAO_7057-10,São Paulo,3550308,True,,1897,,,-23.632000499999997,-46.771926,,,,1,2023-06-18T12:25:02+00:00
SAO_407I-21,São Paulo,3550308,True,,35287,,,-23.553622999999998,-46.491856,,,,2,2023-06-18T12:24:40+00:00
SAO_6046-10,São Paulo,3550308,True,,1223,,,-23.643098000000002,-46.7420535,,,,1,2023-06-18T12:24:44+00:00
SAO_4004-10,São Paulo,3550308,True,,34946,,,-23.582850999999998,-46.4066525,,,,2,2023-06-18T12:24:35+00:00
SAO_938P-10,São Paulo,3550308,True,,888,,,-23.521072750000002,-46.702569624999995,,,,1,2023-06-18T12:24:24+00:00
SAO_4288-10,São Paulo,3550308,True,,33058,,,-23.596563,-46.5587515,,,,2,2023-06-18T12:25:06+00:00
SAO_8319-10,São Paulo,3550308,True,,476,,,-23.547398,-46.736195249999994,,,,1,2023-06-18T12:25:01+00:00
SAO_958P-10,São Paulo,3550308,True,,465,,,-23.5029685,-46.739358625,,,,1,2023-06-18T12:24:37+00:00
SAO_297A-10,São Paulo,3550308,True,,2133,,,-23.4929135,-46.674135500000006,,,,1,2023-06-18T12:24:36+00:00
SAO_1764-10,São Paulo,3550308,True,,625,,,-23.4811525,-46.612036,,,,1,2023-06-18T12:24:45+00:00
SAO_6816-31,São Paulo,3550308,True,,1748,,,-23.653212,-46.7764515,,,,1,2023-06-18T12:24:38+00:00
SAO_271P-10,São Paulo,3550308,True,,33472,,,-23.519182999999998,-46.546476999999996,,,,2,2023-06-18T12:24:39+00:00
SAO_178A-10,São Paulo,3550308,True,,33326,,,-23.502626,-46.6235995,,,,2,2023-06-18T12:24:55+00:00
SAO_178A-10,São Paulo,3550308,True,,33326,,,-23.504861374999997,-46.624694625000004,,,,2,2023-06-18T12:24:54+00:00
SAO_271M-10,São Paulo,3550308,True,,33452,,,-23.508596,-46.565160500000005,,,,2,2023-06-18T12:24:38+00:00
SAO_1772-10,São Paulo,3550308,True,,635,,,-23.478491499999997,-46.6011915,,,,1,2023-06-18T12:24:46+00:00
SAO_1772-10,São Paulo,3550308,True,,635,,,-23.4383015,-46.5801135,,,,1,2023-06-18T12:24:42+00:00
SAO_4055-10,São Paulo,3550308,True,,35215,,,-23.5430125,-46.41679,,,,2,2023-06-18T12:24:27+00:00
SAO_6258-31,São Paulo,3550308,True,,1783,,,-23.6676995,-46.7355,,,,1,2023-06-18T12:21:03+00:00
SAO_119C-10,São Paulo,3550308,True,,33429,,,-23.4788315,-46.5691755,,,,2,2023-06-18T12:24:33+00:00
SAO_119C-10,São Paulo,3550308,True,,33429,,,-23.485973,-46.5713545,,,,2,2023-06-18T12:22:12+00:00
SAO_1741-10,São Paulo,3550308,True,,539,,,-23.478336499999997,-46.6507915,,,,1,2023-06-18T12:25:01+00:00
SAO_2717-10,São Paulo,3550308,True,,33698,,,-23.528868,-46.5167825,,,,2,2023-06-18T12:25:00+00:00
SAO_1726-10,São Paulo,3550308,True,,1403,,,-23.450856,-46.597374,,,,1,2023-06-18T12:23:30+00:00
SAO_1726-10,São Paulo,3550308,True,,1403,,,-23.482309875,-46.613127625000004,,,,1,2023-06-18T12:22:31+00:00
SAO_1732-10,São Paulo,3550308,True,,33439,,,-23.48185475,-46.591803625,,,,2,2023-06-18T12:24:27+00:00
SAO_1732-10,São Paulo,3550308,True,,33439,,,-23.4879515,-46.574379500000006,,,,2,2023-06-18T12:24:43+00:00
SAO_407F-10,São Paulo,3550308,True,,34935,,,-23.578812499999998,-46.513214000000005,,,,2,2023-06-18T12:25:01+00:00
SAO_1036-10,São Paulo,3550308,True,,2453,,,-23.485255000000002,-46.709973000000005,,,,1,2023-06-18T12:24:58+00:00
SAO_2026-10,São Paulo,3550308,True,,2269,,,-23.512560999999998,-46.563621499999996,,,,1,2023-06-18T12:24:49+00:00
SAO_177H-21,São Paulo,3550308,True,,631,,,-23.498748499999998,-46.65733924999999,,,,1,2023-06-18T12:24:46+00:00
SAO_177H-21,São Paulo,3550308,True,,631,,,-23.565374249999998,-46.698355,,,,1,2023-06-18T12:24:47+00:00
SAO_5022-10,São Paulo,3550308,True,,1120,,,-23.6488115,-46.641737500000005,,,,1,2023-06-18T12:24:58+00:00
SAO_7062-41,São Paulo,3550308,True,,35039,,,-23.650688625,-46.770039874999995,,,,2,2023-06-18T12:22:59+00:00
SAO_1787-10,São Paulo,3550308,True,,33418,,,-23.459689500000003,-46.623691750000006,,,,2,2023-06-18T12:25:05+00:00
SAO_2161-10,São Paulo,3550308,True,,694,,,-23.502429499999998,-46.5908735,,,,1,2023-06-18T12:24:55+00:00
SAO_1744-10,São Paulo,3550308,True,,544,,,-23.4988015,-46.6265425,,,,1,2023-06-18T12:25:05+00:00
SAO_1788-10,São Paulo,3550308,True,,653,,,-23.476782,-46.6098505,,,,1,2023-06-18T12:24:58+00:00
SAO_4024-10,São Paulo,3550308,True,,34926,,,-23.554261,-46.4354445,,,,2,2023-06-18T12:22:34+00:00
SAO_6073-10,São Paulo,3550308,True,,1160,,,-23.787612375,-46.726357875000005,,,,1,2023-06-18T12:25:02+00:00
SAO_1782-10,São Paulo,3550308,True,,643,,,-23.4568955,-46.597817000000006,,,,1,2023-06-18T12:25:00+00:00
SAO_6L05-10,São Paulo,3550308,True,,1173,,,-23.8597295,-46.6926885,,,,1,2023-06-18T12:24:59+00:00
SAO_7052-10,São Paulo,3550308,True,,34654,,,-23.6525575,-46.773193,,,,2,2023-06-18T12:24:55+00:00
SAO_6092-10,São Paulo,3550308,True,,1177,,,-23.73484475,-46.695252249999996,,,,1,2023-06-18T12:25:02+00:00
SAO_5701-10,São Paulo,3550308,True,,33904,,,-23.618764499999997,-46.698312,,,,2,2023-06-18T12:24:26+00:00
SAO_271A-10,São Paulo,3550308,True,,33470,,,-23.499997,-46.599303,,,,2,2023-06-18T12:24:30+00:00
