bus_id,city,city_code,adapted,agency,line_code,line_url,line_fare,latitude,longitude,bus_speed,is_eletric,bus_type,bus_direction,updated_at
SAO_172R-10,São Paulo,3550308,True,,33627,,,-23.465638499999997,-46.583501999999996,,,,2,2023-06-20T05:26:58+00:00
SAO_172R-10,São Paulo,3550308,True,,33627,,,-23.529571,-46.5984615,,,,2,2023-06-20T05:24:32+00:00
SAO_172R-10,São Paulo,3550308,True,,33627,,,-23.465599374999996,-46.582502,,,,2,2023-06-20T05:27:00+00:00
SAO_172R-10,São Paulo,3550308,True,,33627,,,-23.541961124999997,-46.589186749999996,,,,2,2023-06-20T05:27:28+00:00
SAO_8700-1,São Paulo,3550308,True,,2508,,,-23.547560500000003,-46.640557,,,,1,2023-06-20T05:26:45+00:00
SAO_6110-10,São Paulo,3550308,True,,1184,,,-23.7575345,-46.706884,,,,1,2023-06-20T05:27:25+00:00
SAO_6110-10,São Paulo,3550308,True,,1184,,,-23.757465,-46.7053555,,,,1,2023-06-20T05:27:14+00:00
SAO_6110-10,São Paulo,3550308,True,,1184,,,-23.698259999999998,-46.700607500000004,,,,1,2023-06-20T05:26:54+00:00
SAO_5154-10,São Paulo,3550308,True,EMTU,353,https://moovitapp.com/index/pt-br/transporte_p%C3%BAblico-line-353-Sao_Paulo-242-2038937-36419436-0,5.1,-23.654157,-46.710629,,,,1,2023-06-20T05:27:07+00:00
SAO_5154-10,São Paulo,3550308,True,EMTU,353,https://moovitapp.com/index/pt-br/transporte_p%C3%BAblico-line-353-Sao_Paulo-242-2038937-36419436-0,5.1,-23.56045,-46.643369375,,,,1,2023-06-20T05:27:10+00:00
SAO_5154-10,São Paulo,3550308,True,EMTU,353,https://moovitapp.com/index/pt-br/transporte_p%C3%BAblico-line-353-Sao_Paulo-242-2038937-36419436-0,5.1,-23.654157,-46.710629,,,,1,2023-06-20T05:26:48+00:00
SAO_875P-10,São Paulo,3550308,True,,34109,,,-23.555629500000002,-46.6668715,,,,2,2023-06-20T05:26:48+00:00
SAO_607M-10,São Paulo,3550308,True,,2036,,,-23.625403,-46.6966825,,,,1,2023-06-20T05:27:12+00:00
SAO_607M-10,São Paulo,3550308,True,,2036,,,-23.6135905,-46.695667,,,,1,2023-06-20T05:27:08+00:00
SAO_607M-10,São Paulo,3550308,True,,2036,,,-23.7374655,-46.6974125,,,,1,2023-06-20T05:26:52+00:00
SAO_607M-10,São Paulo,3550308,True,,2036,,,-23.735712499999998,-46.69611125,,,,1,2023-06-20T05:27:17+00:00
SAO_607M-10,São Paulo,3550308,True,,2036,,,-23.7379835,-46.6979615,,,,1,2023-06-20T05:26:53+00:00
SAO_5705-10,São Paulo,3550308,True,,1657,,,-23.565553,-46.6395585625,,,,1,2023-06-20T05:27:18+00:00
SAO_5012-10,São Paulo,3550308,True,,33884,,,-23.651669374999997,-46.638441375,,,,2,2023-06-20T05:26:53+00:00
SAO_5012-10,São Paulo,3550308,True,,33884,,,-23.713089250000003,-46.63510925,,,,2,2023-06-20T05:25:10+00:00
SAO_5012-10,São Paulo,3550308,True,,33884,,,-23.6459105,-46.6397875,,,,2,2023-06-20T05:26:27+00:00
SAO_5012-10,São Paulo,3550308,True,,33884,,,-23.700035,-46.6416945,,,,2,2023-06-20T05:27:04+00:00
SAO_5012-10,São Paulo,3550308,True,,33884,,,-23.6459105,-46.6397875,,,,2,2023-06-20T05:26:37+00:00
SAO_5012-10,São Paulo,3550308,True,,33884,,,-23.681212000000002,-46.638399500000006,,,,2,2023-06-20T05:27:21+00:00
SAO_5012-10,São Paulo,3550308,True,,33884,,,-23.6459105,-46.6397875,,,,2,2023-06-20T05:27:23+00:00
SAO_5012-10,São Paulo,3550308,True,,33884,,,-23.6459105,-46.6397875,,,,2,2023-06-20T05:26:34+00:00
SAO_5012-10,São Paulo,3550308,True,,33884,,,-23.6459105,-46.6397875,,,,2,2023-06-20T05:26:41+00:00
SAO_9002-10,São Paulo,3550308,True,,870,,,-23.45342375,-46.67121625,,,,1,2023-06-20T05:26:58+00:00
SAO_9002-10,São Paulo,3550308,True,,870,,,-23.473594,-46.67025425,,,,1,2023-06-20T05:27:28+00:00
SAO_6038-10,São Paulo,3550308,True,,33984,,,-23.6582,-46.7894615,,,,2,2023-06-20T05:27:23+00:00
SAO_6038-10,São Paulo,3550308,True,,33984,,,-23.658400999999998,-46.78931475,,,,2,2023-06-20T05:27:29+00:00
SAO_6038-10,São Paulo,3550308,True,,33984,,,-23.657987499999997,-46.7896665,,,,2,2023-06-20T05:27:24+00:00
SAO_6038-10,São Paulo,3550308,True,,33984,,,-23.64450025,-46.7264155,,,,2,2023-06-20T05:26:54+00:00
SAO_6038-10,São Paulo,3550308,True,,33984,,,-23.6582,-46.7894615,,,,2,2023-06-20T05:27:25+00:00
SAO_6038-10,São Paulo,3550308,True,,33984,,,-23.658400999999998,-46.78931475,,,,2,2023-06-20T05:27:29+00:00
SAO_175P-10,São Paulo,3550308,True,,675,,,-23.517755,-46.654183,,,,1,2023-06-20T05:27:06+00:00
SAO_175P-10,São Paulo,3550308,True,,675,,,-23.529989375,-46.661036875,,,,1,2023-06-20T05:27:24+00:00
SAO_175P-10,São Paulo,3550308,True,,675,,,-23.567637750000003,-46.649134000000004,,,,1,2023-06-20T05:27:27+00:00
SAO_175P-10,São Paulo,3550308,True,,675,,,-23.5859291875,-46.6364181875,,,,1,2023-06-20T05:26:54+00:00
SAO_271A-51,São Paulo,3550308,True,,33471,,,-23.497799999999998,-46.51775,,,,2,2023-06-20T05:27:12+00:00
SAO_271A-51,São Paulo,3550308,True,,33471,,,-23.4979085,-46.514503000000005,,,,2,2023-06-20T05:27:20+00:00
SAO_271A-51,São Paulo,3550308,True,,33471,,,-23.4970645,-46.586873499999996,,,,2,2023-06-20T05:27:26+00:00
SAO_271A-51,São Paulo,3550308,True,,33471,,,-23.520473875,-46.547541375,,,,2,2023-06-20T05:27:29+00:00
SAO_373T-10,São Paulo,3550308,True,,1091,,,-23.59660325,-46.516042,,,,1,2023-06-20T05:27:12+00:00
SAO_373T-10,São Paulo,3550308,True,,1091,,,-23.582884,-46.57376375,,,,1,2023-06-20T05:27:03+00:00
SAO_373T-10,São Paulo,3550308,True,,1091,,,-23.549843000000003,-46.601223,,,,1,2023-06-20T05:27:19+00:00
SAO_3736-10,São Paulo,3550308,True,,1036,,,-23.575533,-46.4834125,,,,1,2023-06-20T05:27:19+00:00
SAO_3736-10,São Paulo,3550308,True,,1036,,,-23.575533,-46.4834125,,,,1,2023-06-20T05:27:14+00:00
SAO_3736-10,São Paulo,3550308,True,,1036,,,-23.575533,-46.4834125,,,,1,2023-06-20T05:23:30+00:00
SAO_3736-10,São Paulo,3550308,True,,1036,,,-23.575533,-46.4834125,,,,1,2023-06-20T05:27:27+00:00
SAO_3736-10,São Paulo,3550308,True,,1036,,,-23.575533,-46.4834125,,,,1,2023-06-20T05:27:00+00:00
SAO_3736-10,São Paulo,3550308,True,,1036,,,-23.554534,-46.4810545,,,,1,2023-06-20T05:27:13+00:00
SAO_3736-10,São Paulo,3550308,True,,1036,,,-23.575533,-46.4834125,,,,1,2023-06-20T05:27:14+00:00
SAO_4115-10,São Paulo,3550308,True,EMTU,322,https://moovitapp.com/index/pt-br/transporte_p%C3%BAblico-line-322-Sao_Paulo-242-2038937-36419412-0,6.2,-23.583468500000002,-46.62693575,,,,1,2023-06-20T05:27:12+00:00
SAO_2583-10,São Paulo,3550308,True,EMTU,375,https://moovitapp.com/index/pt-br/transporte_p%C3%BAblico-line-375-Sao_Paulo-242-2038937-36419449-0,11.7,-23.52313325,-46.543812,,,,1,2023-06-20T05:27:24+00:00
SAO_8028-10,São Paulo,3550308,True,,35300,,,-23.6117625,-46.7205105,,,,2,2023-06-20T05:27:28+00:00
SAO_8028-10,São Paulo,3550308,True,,35300,,,-23.583936,-46.7240285,,,,2,2023-06-20T05:26:46+00:00
SAO_5105-10,São Paulo,3550308,True,,1651,,,-23.603084250000002,-46.60265125,,,,1,2023-06-20T05:27:19+00:00
SAO_5105-10,São Paulo,3550308,True,,1651,,,-23.60178075,-46.599199,,,,1,2023-06-20T05:26:44+00:00
SAO_5105-10,São Paulo,3550308,True,,1651,,,-23.602994000000002,-46.602816000000004,,,,1,2023-06-20T05:27:03+00:00
SAO_5105-10,São Paulo,3550308,True,,1651,,,-23.59720725,-46.597308749999996,,,,1,2023-06-20T05:27:26+00:00
SAO_637J-10,São Paulo,3550308,True,EMTU,103,https://moovitapp.com/index/pt-br/transporte_p%C3%BAblico-line-103-Sao_Paulo-242-2038937-36419266-0,5.1,-23.7144895,-46.69877675,,,,1,2023-06-20T05:27:28+00:00
SAO_9023-10,São Paulo,3550308,True,,1437,,,-23.427988,-46.71467975,,,,1,2023-06-20T05:26:59+00:00
SAO_9023-10,São Paulo,3550308,True,,1437,,,-23.41964,-46.717011,,,,1,2023-06-20T05:24:43+00:00
SAO_888P-10,São Paulo,3550308,True,,33222,,,-23.442003,-46.708443,,,,2,2023-06-20T05:27:28+00:00
SAO_888P-10,São Paulo,3550308,True,,33222,,,-23.4317675,-46.755854,,,,2,2023-06-20T05:27:22+00:00
SAO_888P-10,São Paulo,3550308,True,,33222,,,-23.452284,-46.735481,,,,2,2023-06-20T05:27:03+00:00
SAO_888P-10,São Paulo,3550308,True,,33222,,,-23.408163000000002,-46.7414175,,,,2,2023-06-20T05:27:01+00:00
SAO_6059-10,São Paulo,3550308,True,,33994,,,-23.6459005,-46.730048,,,,2,2023-06-20T05:27:06+00:00
SAO_695V-10,São Paulo,3550308,True,,32776,,,-23.65474,-46.761515,,,,2,2023-06-20T05:27:19+00:00
SAO_695V-10,São Paulo,3550308,True,,32776,,,-23.582805,-46.6376355,,,,2,2023-06-20T05:27:25+00:00
SAO_695V-10,São Paulo,3550308,True,,32776,,,-23.64543925,-46.70422875,,,,2,2023-06-20T05:27:20+00:00
SAO_8300-10,São Paulo,3550308,True,,34032,,,-23.50943975,-46.705569,,,,2,2023-06-20T05:27:07+00:00
SAO_8300-10,São Paulo,3550308,True,,34032,,,-23.520215999999998,-46.700196000000005,,,,2,2023-06-20T05:27:19+00:00
SAO_8300-10,São Paulo,3550308,True,,34032,,,-23.485809000000003,-46.726257125,,,,2,2023-06-20T05:27:11+00:00
SAO_8300-10,São Paulo,3550308,True,,34032,,,-23.482787000000002,-46.717287999999996,,,,2,2023-06-20T05:27:22+00:00
SAO_5362-10,São Paulo,3550308,True,,32838,,,-23.641780124999997,-46.699149125000005,,,,2,2023-06-20T05:27:12+00:00
SAO_5362-10,São Paulo,3550308,True,,32838,,,-23.752941999999997,-46.684159,,,,2,2023-06-20T05:26:58+00:00
SAO_5362-10,São Paulo,3550308,True,,32838,,,-23.701024250000003,-46.71515425,,,,2,2023-06-20T05:27:28+00:00
SAO_5362-10,São Paulo,3550308,True,,32838,,,-23.5848715,-46.655949500000006,,,,2,2023-06-20T05:27:04+00:00
SAO_6027-10,São Paulo,3550308,True,,90,,,-23.664639375,-46.708090125,,,,1,2023-06-20T05:27:11+00:00
SAO_1709-10,São Paulo,3550308,True,,851,,,-23.4412375,-46.5814765,,,,1,2023-06-20T05:26:47+00:00
SAO_1709-10,São Paulo,3550308,True,,851,,,-23.4412375,-46.5814765,,,,1,2023-06-20T05:26:56+00:00
SAO_1709-10,São Paulo,3550308,True,,851,,,-23.4412375,-46.5814765,,,,1,2023-06-20T05:26:52+00:00
SAO_1709-10,São Paulo,3550308,True,,851,,,-23.4412375,-46.5814765,,,,1,2023-06-20T05:26:57+00:00
SAO_1709-10,São Paulo,3550308,True,,851,,,-23.4412375,-46.5814765,,,,1,2023-06-20T05:27:00+00:00
SAO_1709-10,São Paulo,3550308,True,,851,,,-23.4796385,-46.6036165,,,,1,2023-06-20T05:27:01+00:00
SAO_1709-10,São Paulo,3550308,True,,851,,,-23.447626,-46.594040500000006,,,,1,2023-06-20T05:27:02+00:00
SAO_1709-10,São Paulo,3550308,True,,851,,,-23.4412375,-46.5814765,,,,1,2023-06-20T05:26:41+00:00
SAO_1709-10,São Paulo,3550308,True,,851,,,-23.4412375,-46.5814765,,,,1,2023-06-20T05:27:18+00:00
SAO_1709-10,São Paulo,3550308,True,,851,,,-23.4412375,-46.5814765,,,,1,2023-06-20T05:26:50+00:00
SAO_1709-10,São Paulo,3550308,True,,851,,,-23.4412375,-46.5814765,,,,1,2023-06-20T05:27:01+00:00
SAO_1709-10,São Paulo,3550308,True,,851,,,-23.4412375,-46.5814765,,,,1,2023-06-20T05:26:54+00:00
SAO_1709-10,São Paulo,3550308,True,,851,,,-23.4412375,-46.5814765,,,,1,2023-06-20T05:27:25+00:00
SAO_1709-10,São Paulo,3550308,True,,851,,,-23.4412375,-46.5814765,,,,1,2023-06-20T05:27:13+00:00
SAO_2733-10,São Paulo,3550308,True,,948,,,-23.53934225,-46.456838499999996,,,,1,2023-06-20T05:27:13+00:00
SAO_6035-10,São Paulo,3550308,True,,33981,,,-23.7011665,-46.781822500000004,,,,2,2023-06-20T05:27:02+00:00
SAO_6035-10,São Paulo,3550308,True,,33981,,,-23.705192,-46.784183,,,,2,2023-06-20T05:27:19+00:00
SAO_6035-10,São Paulo,3550308,True,,33981,,,-23.7202065,-46.757731,,,,2,2023-06-20T05:27:12+00:00
SAO_675A-10,São Paulo,3550308,True,,34086,,,-23.607848500000003,-46.653092,,,,2,2023-06-20T05:27:03+00:00
SAO_675A-10,São Paulo,3550308,True,,34086,,,-23.641778125000002,-46.716,,,,2,2023-06-20T05:27:03+00:00
SAO_675A-10,São Paulo,3550308,True,,34086,,,-23.66312875,-46.75596275,,,,2,2023-06-20T05:26:57+00:00
SAO_857A-10,São Paulo,3550308,True,,34693,,,-23.6297705,-46.7698795,,,,2,2023-06-20T05:27:22+00:00
SAO_857A-10,São Paulo,3550308,True,,34693,,,-23.572976750000002,-46.705288499999995,,,,2,2023-06-20T05:27:27+00:00
SAO_857A-10,São Paulo,3550308,True,,34693,,,-23.631218,-46.773197499999995,,,,2,2023-06-20T05:27:28+00:00
SAO_407T-10,São Paulo,3550308,True,,2202,,,-23.538669499999997,-46.4415705,,,,1,2023-06-20T05:25:16+00:00
SAO_407T-10,São Paulo,3550308,True,,2202,,,-23.542544499999998,-46.4716805,,,,1,2023-06-20T05:27:05+00:00
SAO_407T-10,São Paulo,3550308,True,,2202,,,-23.537722,-46.43825875,,,,1,2023-06-20T05:24:49+00:00
SAO_575A-10,São Paulo,3550308,True,,34406,,,-23.583164000000004,-46.5864885,,,,2,2023-06-20T05:25:46+00:00
SAO_575A-10,São Paulo,3550308,True,,34406,,,-23.601844999999997,-46.5706005,,,,2,2023-06-20T05:27:24+00:00
SAO_7013-10,São Paulo,3550308,True,,33543,,,-23.6397885,-46.7496145,,,,2,2023-06-20T05:27:05+00:00
SAO_7013-10,São Paulo,3550308,True,,33543,,,-23.6396455,-46.74996425,,,,2,2023-06-20T05:27:27+00:00
SAO_7013-10,São Paulo,3550308,True,,33543,,,-23.591274499999997,-46.736056500000004,,,,2,2023-06-20T05:26:51+00:00
SAO_3787-10,São Paulo,3550308,True,,1612,,,-23.601638,-46.3989395,,,,1,2023-06-20T05:27:15+00:00
SAO_3787-10,São Paulo,3550308,True,,1612,,,-23.5967065,-46.404669,,,,1,2023-06-20T05:27:12+00:00
SAO_3787-10,São Paulo,3550308,True,,1612,,,-23.5937795,-46.418852,,,,1,2023-06-20T05:27:10+00:00
SAO_3787-10,São Paulo,3550308,True,,1612,,,-23.5457575,-46.468123500000004,,,,1,2023-06-20T05:27:21+00:00
SAO_3787-10,São Paulo,3550308,True,,1612,,,-23.5425095,-46.470524,,,,1,2023-06-20T05:26:52+00:00
SAO_6052-31,São Paulo,3550308,True,,34600,,,-23.775509999999997,-46.691679,,,,2,2023-06-20T05:27:28+00:00
SAO_6052-31,São Paulo,3550308,True,,34600,,,-23.775509999999997,-46.691679,,,,2,2023-06-20T05:26:59+00:00
SAO_478P-10,São Paulo,3550308,True,EMTU,349,https://moovitapp.com/index/pt-br/transporte_p%C3%BAblico-line-349-Sao_Paulo-242-2038937-36419432-0,5.1,-23.563035,-46.62055975,,,,1,2023-06-20T05:27:01+00:00
SAO_8007-10,São Paulo,3550308,True,,34025,,,-23.486233,-46.726208,,,,2,2023-06-20T05:27:11+00:00
SAO_8007-10,São Paulo,3550308,True,,34025,,,-23.4713725,-46.754458375,,,,2,2023-06-20T05:26:56+00:00
SAO_414P-10,São Paulo,3550308,True,,33873,,,-23.599896,-46.528908,,,,2,2023-06-20T05:26:55+00:00
SAO_414P-10,São Paulo,3550308,True,,33873,,,-23.540388375,-46.57119725,,,,2,2023-06-20T05:27:06+00:00
SAO_7062-41,São Paulo,3550308,True,,2271,,,-23.6499715,-46.758806,,,,1,2023-06-20T05:27:12+00:00
SAO_675G-10,São Paulo,3550308,True,ETT,106,https://moovitapp.com/index/pt-br/transporte_p%C3%BAblico-line-106-Sao_Paulo-242-876373-496508-0,5.3,-23.7427985,-46.6697255,,,,1,2023-06-20T05:27:23+00:00
SAO_675G-10,São Paulo,3550308,True,ETT,106,https://moovitapp.com/index/pt-br/transporte_p%C3%BAblico-line-106-Sao_Paulo-242-876373-496508-0,5.3,-23.6461045,-46.640032,,,,1,2023-06-20T05:26:58+00:00
SAO_675G-10,São Paulo,3550308,True,ETT,106,https://moovitapp.com/index/pt-br/transporte_p%C3%BAblico-line-106-Sao_Paulo-242-876373-496508-0,5.3,-23.684109499999998,-46.691508999999996,,,,1,2023-06-20T05:27:08+00:00
SAO_2582-10,São Paulo,3550308,True,EMTU,374,https://moovitapp.com/index/pt-br/transporte_p%C3%BAblico-line-374-Sao_Paulo-242-2038937-36419448-0,3.7,-23.505724,-46.5405675,,,,1,2023-06-20T05:27:23+00:00
SAO_2582-10,São Paulo,3550308,True,EMTU,374,https://moovitapp.com/index/pt-br/transporte_p%C3%BAblico-line-374-Sao_Paulo-242-2038937-36419448-0,3.7,-23.516012,-46.423219,,,,1,2023-06-20T05:27:04+00:00
SAO_2582-10,São Paulo,3550308,True,EMTU,374,https://moovitapp.com/index/pt-br/transporte_p%C3%BAblico-line-374-Sao_Paulo-242-2038937-36419448-0,3.7,-23.543483000000002,-46.629188,,,,1,2023-06-20T05:27:06+00:00
SAO_2582-10,São Paulo,3550308,True,EMTU,374,https://moovitapp.com/index/pt-br/transporte_p%C3%BAblico-line-374-Sao_Paulo-242-2038937-36419448-0,3.7,-23.533329000000002,-46.564655,,,,1,2023-06-20T05:27:13+00:00
SAO_2582-10,São Paulo,3550308,True,EMTU,374,https://moovitapp.com/index/pt-br/transporte_p%C3%BAblico-line-374-Sao_Paulo-242-2038937-36419448-0,3.7,-23.491422999999998,-46.478532,,,,1,2023-06-20T05:27:24+00:00
SAO_6412-10,São Paulo,3550308,True,,33538,,,-23.6166805,-46.712177,,,,2,2023-06-20T05:26:52+00:00
SAO_6412-10,São Paulo,3550308,True,,33538,,,-23.61699275,-46.720967,,,,2,2023-06-20T05:27:18+00:00
SAO_6412-10,São Paulo,3550308,True,,33538,,,-23.6119,-46.72074,,,,2,2023-06-20T05:27:02+00:00
SAO_6412-10,São Paulo,3550308,True,,33538,,,-23.585508500000003,-46.672000499999996,,,,2,2023-06-20T05:26:51+00:00
SAO_5106-10,São Paulo,3550308,True,,1280,,,-23.6957765,-46.650763,,,,1,2023-06-20T05:27:00+00:00
SAO_5106-10,São Paulo,3550308,True,,1280,,,-23.603584875000003,-46.636663250000005,,,,1,2023-06-20T05:27:25+00:00
SAO_847P-42,São Paulo,3550308,True,,34192,,,-23.475637,-46.690592249999995,,,,2,2023-06-20T05:26:46+00:00
SAO_847P-42,São Paulo,3550308,True,,34192,,,-23.5408075,-46.701162249999996,,,,2,2023-06-20T05:26:50+00:00
SAO_7051-10,São Paulo,3550308,True,,1885,,,-23.631508,-46.7726,,,,1,2023-06-20T05:27:29+00:00
SAO_7051-10,São Paulo,3550308,True,,1885,,,-23.655096,-46.7838845,,,,1,2023-06-20T05:27:02+00:00
SAO_7051-10,São Paulo,3550308,True,,1885,,,-23.655096,-46.7838845,,,,1,2023-06-20T05:27:13+00:00
SAO_7051-10,São Paulo,3550308,True,,1885,,,-23.655096,-46.7838845,,,,1,2023-06-20T05:27:15+00:00
SAO_4024-10,São Paulo,3550308,True,,34926,,,-23.551931500000002,-46.4251575,,,,2,2023-06-20T05:26:12+00:00
SAO_4024-10,São Paulo,3550308,True,,34926,,,-23.534564500000002,-46.4529065,,,,2,2023-06-20T05:27:11+00:00
SAO_6074-10,São Paulo,3550308,True,,1161,,,-23.753013,-46.681681,,,,1,2023-06-20T05:26:56+00:00
SAO_6074-10,São Paulo,3550308,True,,1161,,,-23.687493500000002,-46.695510999999996,,,,1,2023-06-20T05:27:08+00:00
SAO_7005-51,São Paulo,3550308,True,,34767,,,-23.693933,-46.7796675,,,,2,2023-06-20T05:26:54+00:00
SAO_7005-51,São Paulo,3550308,True,,34767,,,-23.6845765,-46.77016825,,,,2,2023-06-20T05:27:30+00:00
SAO_7005-51,São Paulo,3550308,True,,34767,,,-23.731465,-46.78581,,,,2,2023-06-20T05:26:47+00:00
SAO_476G-41,São Paulo,3550308,True,,33880,,,-23.607442,-46.536333,,,,2,2023-06-20T05:27:20+00:00
SAO_476G-41,São Paulo,3550308,True,,33880,,,-23.6102795,-46.5296235,,,,2,2023-06-20T05:27:00+00:00
SAO_476G-41,São Paulo,3550308,True,,33880,,,-23.60993,-46.529356,,,,2,2023-06-20T05:26:55+00:00
SAO_6050-10,São Paulo,3550308,True,,33993,,,-23.737971,-46.6978485,,,,2,2023-06-20T05:27:25+00:00
SAO_756A-10,São Paulo,3550308,True,,793,,,-23.58941,-46.7341005,,,,1,2023-06-20T05:27:22+00:00
SAO_756A-10,São Paulo,3550308,True,,793,,,-23.584531499999997,-46.724258500000005,,,,1,2023-06-20T05:27:08+00:00
SAO_756A-10,São Paulo,3550308,True,,793,,,-23.611250499999997,-46.712872749999995,,,,1,2023-06-20T05:26:53+00:00
SAO_756A-10,São Paulo,3550308,True,,793,,,-23.603215499999997,-46.786888000000005,,,,1,2023-06-20T05:27:16+00:00
SAO_8194-10,São Paulo,3550308,True,,33573,,,-23.399769,-46.7559505,,,,2,2023-06-20T05:27:07+00:00
SAO_8194-10,São Paulo,3550308,True,,33573,,,-23.4547725,-46.695882499999996,,,,2,2023-06-20T05:27:28+00:00
SAO_8194-10,São Paulo,3550308,True,,33573,,,-23.4140175,-46.750341500000005,,,,2,2023-06-20T05:27:28+00:00
SAO_8194-10,São Paulo,3550308,True,,33573,,,-23.4107055,-46.7497805,,,,2,2023-06-20T05:27:00+00:00
SAO_1742-10,São Paulo,3550308,True,EMTU,542,https://moovitapp.com/index/pt-br/transporte_p%C3%BAblico-line-542-Sao_Paulo-242-2038937-59914572-0,5.4,-23.502871,-46.624226,,,,1,2023-06-20T05:27:16+00:00
SAO_1742-10,São Paulo,3550308,True,EMTU,542,https://moovitapp.com/index/pt-br/transporte_p%C3%BAblico-line-542-Sao_Paulo-242-2038937-59914572-0,5.4,-23.4647505,-46.655262,,,,1,2023-06-20T05:27:20+00:00
SAO_4036-10,São Paulo,3550308,True,,35329,,,-23.549879,-46.501146500000004,,,,2,2023-06-20T05:26:36+00:00
SAO_4036-10,São Paulo,3550308,True,,35329,,,-23.542603999999997,-46.469476,,,,2,2023-06-20T05:27:17+00:00
SAO_9011-21,São Paulo,3550308,True,,1768,,,-23.4547945,-46.738510500000004,,,,1,2023-06-20T05:26:38+00:00
SAO_9011-21,São Paulo,3550308,True,,1768,,,-23.4547945,-46.738510500000004,,,,1,2023-06-20T05:27:29+00:00
SAO_9011-21,São Paulo,3550308,True,,1768,,,-23.4547945,-46.738510500000004,,,,1,2023-06-20T05:25:09+00:00
SAO_9011-21,São Paulo,3550308,True,,1768,,,-23.4547945,-46.738510500000004,,,,1,2023-06-20T05:27:06+00:00
SAO_9011-21,São Paulo,3550308,True,,1768,,,-23.4547945,-46.738510500000004,,,,1,2023-06-20T05:27:04+00:00
SAO_9011-21,São Paulo,3550308,True,,1768,,,-23.4547945,-46.738510500000004,,,,1,2023-06-20T05:27:27+00:00
SAO_6836-10,São Paulo,3550308,True,BR7 Mobilidade,13,https://moovitapp.com/index/pt-br/transporte_p%C3%BAblico-line-13-Sao_Paulo-242-851856-705937-0,5.75,-23.676096,-46.7749285,,,,1,2023-06-20T05:27:17+00:00
SAO_6836-10,São Paulo,3550308,True,BR7 Mobilidade,13,https://moovitapp.com/index/pt-br/transporte_p%C3%BAblico-line-13-Sao_Paulo-242-851856-705937-0,5.75,-23.643928,-46.7321515,,,,1,2023-06-20T05:26:49+00:00
SAO_1702-10,São Paulo,3550308,True,,846,,,-23.527362500000002,-46.6269225,,,,1,2023-06-20T05:26:56+00:00
SAO_1702-10,São Paulo,3550308,True,,846,,,-23.4919345,-46.608854,,,,1,2023-06-20T05:27:08+00:00
SAO_575A-10,São Paulo,3550308,True,,1638,,,-23.5409805,-46.576847,,,,1,2023-06-20T05:27:22+00:00
SAO_172R-10,São Paulo,3550308,True,,859,,,-23.5272625,-46.596712249999996,,,,1,2023-06-20T05:26:30+00:00
SAO_172R-10,São Paulo,3550308,True,,859,,,-23.465965,-46.584261999999995,,,,1,2023-06-20T05:26:19+00:00
SAO_172R-10,São Paulo,3550308,True,,859,,,-23.518273,-46.589727374999995,,,,1,2023-06-20T05:24:41+00:00
SAO_172R-10,São Paulo,3550308,True,,859,,,-23.4874285,-46.568459749999995,,,,1,2023-06-20T05:27:10+00:00
SAO_719R-10,São Paulo,3550308,True,EMTU,469,https://moovitapp.com/index/pt-br/transporte_p%C3%BAblico-line-469-Sao_Paulo-242-2038937-36419507-0,5.4,-23.548770500000003,-46.659213875000006,,,,1,2023-06-20T05:27:14+00:00
SAO_719R-10,São Paulo,3550308,True,EMTU,469,https://moovitapp.com/index/pt-br/transporte_p%C3%BAblico-line-469-Sao_Paulo-242-2038937-36419507-0,5.4,-23.5263675,-46.666242999999994,,,,1,2023-06-20T05:27:24+00:00
SAO_8594-10,São Paulo,3550308,True,,33200,,,-23.450701000000002,-46.728078499999995,,,,2,2023-06-20T05:27:13+00:00
SAO_8594-10,São Paulo,3550308,True,,33200,,,-23.467176000000002,-46.7243235,,,,2,2023-06-20T05:27:21+00:00
SAO_8594-10,São Paulo,3550308,True,,33200,,,-23.5011145,-46.7063615,,,,2,2023-06-20T05:27:02+00:00
SAO_8594-10,São Paulo,3550308,True,,33200,,,-23.5241095,-46.6842925,,,,2,2023-06-20T05:27:02+00:00
SAO_8594-10,São Paulo,3550308,True,,33200,,,-23.545286249999997,-46.63817075,,,,2,2023-06-20T05:26:54+00:00
SAO_5154-10,São Paulo,3550308,True,,33121,,,-23.540117375,-46.635299,,,,2,2023-06-20T05:27:22+00:00
SAO_5154-10,São Paulo,3550308,True,,33121,,,-23.654646999999997,-46.714907499999995,,,,2,2023-06-20T05:27:28+00:00
SAO_5154-10,São Paulo,3550308,True,,33121,,,-23.600950875000002,-46.6598455,,,,2,2023-06-20T05:27:24+00:00
SAO_5154-10,São Paulo,3550308,True,,33121,,,-23.635072,-46.701584499999996,,,,2,2023-06-20T05:26:48+00:00
SAO_875A-10,São Paulo,3550308,True,,609,,,-23.5344955,-46.6541065,,,,1,2023-06-20T05:27:07+00:00
SAO_875A-10,São Paulo,3550308,True,,609,,,-23.6434085,-46.6627935,,,,1,2023-06-20T05:27:12+00:00
SAO_875A-10,São Paulo,3550308,True,,609,,,-23.6434085,-46.6627935,,,,1,2023-06-20T05:27:14+00:00
SAO_875A-10,São Paulo,3550308,True,,609,,,-23.535070875000002,-46.671479125000005,,,,1,2023-06-20T05:27:17+00:00
SAO_875A-10,São Paulo,3550308,True,,609,,,-23.56325125,-46.654227000000006,,,,1,2023-06-20T05:27:17+00:00
SAO_875A-10,São Paulo,3550308,True,,609,,,-23.6234655,-46.64870875,,,,1,2023-06-20T05:27:01+00:00
SAO_1178-10,São Paulo,3550308,True,,32900,,,-23.49155975,-46.44657925,,,,2,2023-06-20T05:27:16+00:00
SAO_1178-10,São Paulo,3550308,True,,32900,,,-23.520473875,-46.547541375,,,,2,2023-06-20T05:27:00+00:00
SAO_1178-10,São Paulo,3550308,True,,32900,,,-23.504152499999996,-46.432775,,,,2,2023-06-20T05:26:59+00:00
SAO_1178-10,São Paulo,3550308,True,,32900,,,-23.502387499999998,-46.477864499999995,,,,2,2023-06-20T05:27:12+00:00
SAO_1178-10,São Paulo,3550308,True,,32900,,,-23.5238575,-46.558719499999995,,,,2,2023-06-20T05:24:01+00:00
SAO_967A-10,São Paulo,3550308,True,EMTU,568,https://moovitapp.com/index/pt-br/transporte_p%C3%BAblico-line-568-Sao_Paulo-242-2038937-36419565-0,7.8,-23.568078999999997,-46.649365,,,,1,2023-06-20T05:27:05+00:00
SAO_967A-10,São Paulo,3550308,True,EMTU,568,https://moovitapp.com/index/pt-br/transporte_p%C3%BAblico-line-568-Sao_Paulo-242-2038937-36419565-0,7.8,-23.49335475,-46.656036,,,,1,2023-06-20T05:26:56+00:00
SAO_6072-10,São Paulo,3550308,True,,34356,,,-23.805996999999998,-46.713722000000004,,,,2,2023-06-20T05:26:04+00:00
SAO_6072-10,São Paulo,3550308,True,,34356,,,-23.8274015,-46.69739250000001,,,,2,2023-06-20T05:26:54+00:00
SAO_6072-10,São Paulo,3550308,True,,34356,,,-23.8274015,-46.69739250000001,,,,2,2023-06-20T05:27:29+00:00
SAO_6072-10,São Paulo,3550308,True,,34356,,,-23.8274015,-46.69739250000001,,,,2,2023-06-20T05:27:23+00:00
SAO_6072-10,São Paulo,3550308,True,,34356,,,-23.8274015,-46.69739250000001,,,,2,2023-06-20T05:27:17+00:00
SAO_6072-10,São Paulo,3550308,True,,34356,,,-23.827348,-46.69764012499999,,,,2,2023-06-20T05:26:55+00:00
SAO_6072-10,São Paulo,3550308,True,,34356,,,-23.827348,-46.69764012499999,,,,2,2023-06-20T05:27:28+00:00
SAO_6072-10,São Paulo,3550308,True,,34356,,,-23.821299500000002,-46.7040525,,,,2,2023-06-20T05:26:52+00:00
SAO_6072-10,São Paulo,3550308,True,,34356,,,-23.774646500000003,-46.72047125,,,,2,2023-06-20T05:27:19+00:00
SAO_6824-10,São Paulo,3550308,True,BR7 Mobilidade,23,https://moovitapp.com/index/pt-br/transporte_p%C3%BAblico-line-23-Sao_Paulo-242-851856-518590-0,5.75,-23.6685545,-46.79377,,,,1,2023-06-20T05:27:27+00:00
SAO_6817-10,São Paulo,3550308,True,,32795,,,-23.684784,-46.782332499999995,,,,2,2023-06-20T05:27:16+00:00
SAO_6817-10,São Paulo,3550308,True,,32795,,,-23.6572335,-46.7642095,,,,2,2023-06-20T05:26:48+00:00
SAO_9050-10,São Paulo,3550308,True,,34856,,,-23.536806,-46.7059725,,,,2,2023-06-20T05:26:50+00:00
SAO_3721-41,São Paulo,3550308,True,,34461,,,-23.5568495,-46.491764,,,,2,2023-06-20T05:27:15+00:00
SAO_3721-41,São Paulo,3550308,True,,34461,,,-23.563325499999998,-46.5007915,,,,2,2023-06-20T05:27:13+00:00
SAO_3721-41,São Paulo,3550308,True,,34461,,,-23.543062,-46.487488,,,,2,2023-06-20T05:27:16+00:00
SAO_342M-10,São Paulo,3550308,True,,33515,,,-23.5419685,-46.549824,,,,2,2023-06-20T05:27:20+00:00
SAO_342M-10,São Paulo,3550308,True,,33515,,,-23.580305250000002,-46.501073749999996,,,,2,2023-06-20T05:26:48+00:00
SAO_342M-10,São Paulo,3550308,True,,33515,,,-23.5822165,-46.497344,,,,2,2023-06-20T05:27:13+00:00
SAO_342M-10,São Paulo,3550308,True,,33515,,,-23.520250500000003,-46.548690125,,,,2,2023-06-20T05:26:57+00:00
SAO_342M-10,São Paulo,3550308,True,,33515,,,-23.591530437499998,-46.489197312499996,,,,2,2023-06-20T05:26:47+00:00
SAO_263J-10,São Paulo,3550308,True,EMTU,219,https://moovitapp.com/index/pt-br/transporte_p%C3%BAblico-line-219-Sao_Paulo-242-2038937-36419341-0,8.55,-23.54970875,-46.43107325,,,,1,2023-06-20T05:26:52+00:00
SAO_263J-10,São Paulo,3550308,True,EMTU,219,https://moovitapp.com/index/pt-br/transporte_p%C3%BAblico-line-219-Sao_Paulo-242-2038937-36419341-0,8.55,-23.549966249999997,-46.43092575,,,,1,2023-06-20T05:26:59+00:00
SAO_263J-10,São Paulo,3550308,True,EMTU,219,https://moovitapp.com/index/pt-br/transporte_p%C3%BAblico-line-219-Sao_Paulo-242-2038937-36419341-0,8.55,-23.5355445,-46.474216,,,,1,2023-06-20T05:24:38+00:00
SAO_263J-10,São Paulo,3550308,True,EMTU,219,https://moovitapp.com/index/pt-br/transporte_p%C3%BAblico-line-219-Sao_Paulo-242-2038937-36419341-0,8.55,-23.532935000000002,-46.4407205,,,,1,2023-06-20T05:26:47+00:00
SAO_263J-10,São Paulo,3550308,True,EMTU,219,https://moovitapp.com/index/pt-br/transporte_p%C3%BAblico-line-219-Sao_Paulo-242-2038937-36419341-0,8.55,-23.5107225,-46.503327,,,,1,2023-06-20T05:26:49+00:00
SAO_263J-10,São Paulo,3550308,True,EMTU,219,https://moovitapp.com/index/pt-br/transporte_p%C3%BAblico-line-219-Sao_Paulo-242-2038937-36419341-0,8.55,-23.518732999999997,-46.4760785,,,,1,2023-06-20T05:27:26+00:00
SAO_6076-10,São Paulo,3550308,True,,1165,,,-23.653924375,-46.71180125000001,,,,1,2023-06-20T05:27:07+00:00
SAO_6076-10,São Paulo,3550308,True,,1165,,,-23.6669665,-46.7119285,,,,1,2023-06-20T05:27:17+00:00
SAO_6076-10,São Paulo,3550308,True,,1165,,,-23.735521,-46.676398000000006,,,,1,2023-06-20T05:27:13+00:00
SAO_8199-10,São Paulo,3550308,True,EMTU,807,https://moovitapp.com/index/pt-br/transporte_p%C3%BAblico-line-807-Sao_Paulo-242-2038937-36419583-0,7.8,-23.476006875,-46.66992125,,,,1,2023-06-20T05:27:21+00:00
SAO_8199-10,São Paulo,3550308,True,EMTU,807,https://moovitapp.com/index/pt-br/transporte_p%C3%BAblico-line-807-Sao_Paulo-242-2038937-36419583-0,7.8,-23.497657,-46.706176,,,,1,2023-06-20T05:26:56+00:00
SAO_8199-10,São Paulo,3550308,True,EMTU,807,https://moovitapp.com/index/pt-br/transporte_p%C3%BAblico-line-807-Sao_Paulo-242-2038937-36419583-0,7.8,-23.476384000000003,-46.667850375,,,,1,2023-06-20T05:27:15+00:00
SAO_N337-11,São Paulo,3550308,True,,35117,,,-23.491765,-46.4345455,,,,2,2023-06-20T05:26:59+00:00
SAO_N337-11,São Paulo,3550308,True,,35117,,,-23.491765,-46.4345455,,,,2,2023-06-20T05:27:17+00:00
SAO_342C-10,São Paulo,3550308,True,,1002,,,-23.555048499999998,-46.49283,,,,1,2023-06-20T05:26:55+00:00
SAO_342C-10,São Paulo,3550308,True,,1002,,,-23.5253,-46.52586225,,,,1,2023-06-20T05:27:17+00:00
SAO_5129-10,São Paulo,3550308,True,,34049,,,-23.67648175,-46.6419775,,,,2,2023-06-20T05:27:26+00:00
SAO_5129-10,São Paulo,3550308,True,,34049,,,-23.682181999999997,-46.6895995,,,,2,2023-06-20T05:27:11+00:00
SAO_5129-10,São Paulo,3550308,True,,34049,,,-23.668323,-46.735209499999996,,,,2,2023-06-20T05:27:01+00:00
SAO_2123-10,São Paulo,3550308,True,,33460,,,-23.5583765,-46.635605999999996,,,,2,2023-06-20T05:27:11+00:00
SAO_2123-10,São Paulo,3550308,True,,33460,,,-23.50631625,-46.59672425,,,,2,2023-06-20T05:25:10+00:00
SAO_148P-10,São Paulo,3550308,True,EMTU,534,https://moovitapp.com/index/pt-br/transporte_p%C3%BAblico-line-534-Sao_Paulo-242-2038937-36419546-0,6.3,-23.4947995,-46.66153425,,,,1,2023-06-20T05:27:09+00:00
SAO_148P-10,São Paulo,3550308,True,EMTU,534,https://moovitapp.com/index/pt-br/transporte_p%C3%BAblico-line-534-Sao_Paulo-242-2038937-36419546-0,6.3,-23.502414,-46.6571815,,,,1,2023-06-20T05:26:46+00:00
SAO_148P-10,São Paulo,3550308,True,EMTU,534,https://moovitapp.com/index/pt-br/transporte_p%C3%BAblico-line-534-Sao_Paulo-242-2038937-36419546-0,6.3,-23.4570525,-46.643114,,,,1,2023-06-20T05:27:27+00:00
SAO_6450-10,São Paulo,3550308,True,,32827,,,-23.6111035,-46.6775485,,,,2,2023-06-20T05:27:29+00:00
SAO_6450-10,São Paulo,3550308,True,,32827,,,-23.648122,-46.748729499999996,,,,2,2023-06-20T05:27:28+00:00
SAO_6450-10,São Paulo,3550308,True,,32827,,,-23.644823000000002,-46.71825025,,,,2,2023-06-20T05:27:30+00:00
SAO_6450-10,São Paulo,3550308,True,,32827,,,-23.549066000000003,-46.6409855,,,,2,2023-06-20T05:27:29+00:00
SAO_6450-10,São Paulo,3550308,True,,32827,,,-23.577875999999996,-46.6711985,,,,2,2023-06-20T05:27:09+00:00
SAO_178T-10,São Paulo,3550308,True,,33333,,,-23.53098,-46.734971,,,,2,2023-06-20T05:27:08+00:00
SAO_178T-10,São Paulo,3550308,True,,33333,,,-23.50216075,-46.626225000000005,,,,2,2023-06-20T05:27:07+00:00
SAO_178T-10,São Paulo,3550308,True,,33333,,,-23.52542775,-46.7114895,,,,2,2023-06-20T05:27:18+00:00
SAO_178T-10,São Paulo,3550308,True,,33333,,,-23.503125,-46.6245765,,,,2,2023-06-20T05:26:45+00:00
SAO_178T-10,São Paulo,3550308,True,,33333,,,-23.500853499999998,-46.6955235,,,,2,2023-06-20T05:26:53+00:00
SAO_7060-10,São Paulo,3550308,True,,34657,,,-23.630855500000003,-46.774021,,,,2,2023-06-20T05:27:21+00:00
SAO_6913-10,São Paulo,3550308,True,,34233,,,-23.7640405,-46.716577,,,,2,2023-06-20T05:27:14+00:00
SAO_6913-10,São Paulo,3550308,True,,34233,,,-23.7441385,-46.7069855,,,,2,2023-06-20T05:27:15+00:00
SAO_6913-10,São Paulo,3550308,True,,34233,,,-23.6453730625,-46.70219924999999,,,,2,2023-06-20T05:27:27+00:00
SAO_6913-10,São Paulo,3550308,True,,34233,,,-23.597112000000003,-46.673897,,,,2,2023-06-20T05:27:28+00:00
SAO_6007-10,São Paulo,3550308,True,,176,,,-23.654448000000002,-46.763219500000005,,,,1,2023-06-20T05:27:13+00:00
SAO_6007-10,São Paulo,3550308,True,,176,,,-23.6539795,-46.7109895,,,,1,2023-06-20T05:27:11+00:00
SAO_6007-10,São Paulo,3550308,True,,176,,,-23.6721505,-46.749772,,,,1,2023-06-20T05:26:45+00:00
SAO_2020-10,São Paulo,3550308,True,,2262,,,-23.458359,-46.606503000000004,,,,1,2023-06-20T05:26:58+00:00
SAO_2020-10,São Paulo,3550308,True,,2262,,,-23.458257625,-46.611082624999995,,,,1,2023-06-20T05:27:06+00:00
SAO_675R-10,São Paulo,3550308,True,,109,,,-23.64504775,-46.65867075,,,,1,2023-06-20T05:27:19+00:00
SAO_675R-10,São Paulo,3550308,True,,109,,,-23.753140000000002,-46.68495,,,,1,2023-06-20T05:27:11+00:00
SAO_5318-10,São Paulo,3550308,True,,32813,,,-23.617021125,-46.67492475,,,,2,2023-06-20T05:26:55+00:00
SAO_5318-10,São Paulo,3550308,True,,32813,,,-23.668552,-46.7395475,,,,2,2023-06-20T05:26:51+00:00
SAO_5318-10,São Paulo,3550308,True,,32813,,,-23.667127999999998,-46.751767,,,,2,2023-06-20T05:27:27+00:00
SAO_5318-10,São Paulo,3550308,True,,32813,,,-23.580900500000002,-46.64951775,,,,2,2023-06-20T05:27:10+00:00
SAO_5318-10,São Paulo,3550308,True,,32813,,,-23.644767125,-46.721720375,,,,2,2023-06-20T05:27:31+00:00
SAO_4002-10,São Paulo,3550308,True,,2177,,,-23.558199000000002,-46.522121,,,,1,2023-06-20T05:27:12+00:00
SAO_4002-10,São Paulo,3550308,True,,2177,,,-23.5440185,-46.4604525,,,,1,2023-06-20T05:27:25+00:00
SAO_809A-10,São Paulo,3550308,True,,2069,,,-23.575936499999997,-46.775704000000005,,,,1,2023-06-20T05:27:22+00:00
SAO_809A-10,São Paulo,3550308,True,,2069,,,-23.579556,-46.77927,,,,1,2023-06-20T05:27:29+00:00
SAO_809A-10,São Paulo,3550308,True,,2069,,,-23.565859,-46.7013775,,,,1,2023-06-20T05:27:24+00:00
SAO_475R-10,São Paulo,3550308,True,,33112,,,-23.5470345,-46.6298525,,,,2,2023-06-20T05:27:03+00:00
SAO_475R-10,São Paulo,3550308,True,,33112,,,-23.5470345,-46.6298525,,,,2,2023-06-20T05:26:57+00:00
SAO_475R-10,São Paulo,3550308,True,,33112,,,-23.5470345,-46.6298525,,,,2,2023-06-20T05:27:06+00:00
SAO_475R-10,São Paulo,3550308,True,,33112,,,-23.6193991875,-46.6394950625,,,,2,2023-06-20T05:27:10+00:00
SAO_475R-10,São Paulo,3550308,True,,33112,,,-23.5470345,-46.6298525,,,,2,2023-06-20T05:27:13+00:00
SAO_475R-10,São Paulo,3550308,True,,33112,,,-23.5470345,-46.6298525,,,,2,2023-06-20T05:27:05+00:00
SAO_475R-10,São Paulo,3550308,True,,33112,,,-23.5470345,-46.6298525,,,,2,2023-06-20T05:26:47+00:00
SAO_475R-10,São Paulo,3550308,True,,33112,,,-23.57788025,-46.65173375,,,,2,2023-06-20T05:26:47+00:00
SAO_475R-10,São Paulo,3550308,True,,33112,,,-23.6497535,-46.6217935,,,,2,2023-06-20T05:26:25+00:00
SAO_6118-10,São Paulo,3550308,True,,1188,,,-23.69827325,-46.70106925,,,,1,2023-06-20T05:27:27+00:00
SAO_695X-22,São Paulo,3550308,True,,1621,,,-23.7667585,-46.71704,,,,1,2023-06-20T05:27:23+00:00
SAO_695X-22,São Paulo,3550308,True,,1621,,,-23.7667585,-46.71704,,,,1,2023-06-20T05:26:45+00:00
SAO_807A-10,São Paulo,3550308,True,,34668,,,-23.642476000000002,-46.738743,,,,2,2023-06-20T05:27:13+00:00
SAO_807A-10,São Paulo,3550308,True,,34668,,,-23.654322,-46.711614,,,,2,2023-06-20T05:27:29+00:00
SAO_807A-10,São Paulo,3550308,True,,34668,,,-23.6447075,-46.724218,,,,2,2023-06-20T05:27:28+00:00
SAO_807A-10,São Paulo,3550308,True,,34668,,,-23.631218,-46.773197499999995,,,,2,2023-06-20T05:26:47+00:00
SAO_807A-10,São Paulo,3550308,True,,34668,,,-23.642476000000002,-46.738743,,,,2,2023-06-20T05:27:00+00:00
SAO_4709-10,São Paulo,3550308,True,,333,,,-23.653377,-46.6069295,,,,1,2023-06-20T05:26:51+00:00
SAO_4709-10,São Paulo,3550308,True,,333,,,-23.648052,-46.613411,,,,1,2023-06-20T05:26:47+00:00
SAO_4709-10,São Paulo,3550308,True,,333,,,-23.650326,-46.614008999999996,,,,1,2023-06-20T05:26:59+00:00
SAO_4709-10,São Paulo,3550308,True,,333,,,-23.653377,-46.6069295,,,,1,2023-06-20T05:27:08+00:00
SAO_4709-10,São Paulo,3550308,True,,333,,,-23.653377,-46.6069295,,,,1,2023-06-20T05:26:59+00:00
SAO_7181-10,São Paulo,3550308,True,,34100,,,-23.557653375,-46.65971675,,,,2,2023-06-20T05:27:26+00:00
SAO_9789-10,São Paulo,3550308,True,,829,,,-23.511584,-46.666284499999996,,,,1,2023-06-20T05:27:22+00:00
SAO_9789-10,São Paulo,3550308,True,,829,,,-23.4732615,-46.6902875,,,,1,2023-06-20T05:27:16+00:00
SAO_3746-10,São Paulo,3550308,True,EMTU,283,https://moovitapp.com/index/pt-br/transporte_p%C3%BAblico-line-283-Sao_Paulo-242-2038937-36419384-0,5.2,-23.594817,-46.5027665,,,,1,2023-06-20T05:27:27+00:00
SAO_3746-10,São Paulo,3550308,True,EMTU,283,https://moovitapp.com/index/pt-br/transporte_p%C3%BAblico-line-283-Sao_Paulo-242-2038937-36419384-0,5.2,-23.55117375,-46.57995925,,,,1,2023-06-20T05:27:14+00:00
SAO_3746-10,São Paulo,3550308,True,EMTU,283,https://moovitapp.com/index/pt-br/transporte_p%C3%BAblico-line-283-Sao_Paulo-242-2038937-36419384-0,5.2,-23.594817,-46.5027665,,,,1,2023-06-20T05:27:25+00:00
SAO_3746-10,São Paulo,3550308,True,EMTU,283,https://moovitapp.com/index/pt-br/transporte_p%C3%BAblico-line-283-Sao_Paulo-242-2038937-36419384-0,5.2,-23.594817,-46.5027665,,,,1,2023-06-20T05:27:15+00:00
SAO_3746-10,São Paulo,3550308,True,EMTU,283,https://moovitapp.com/index/pt-br/transporte_p%C3%BAblico-line-283-Sao_Paulo-242-2038937-36419384-0,5.2,-23.588525,-46.510872,,,,1,2023-06-20T05:26:57+00:00
SAO_3746-10,São Paulo,3550308,True,EMTU,283,https://moovitapp.com/index/pt-br/transporte_p%C3%BAblico-line-283-Sao_Paulo-242-2038937-36419384-0,5.2,-23.594817,-46.5027665,,,,1,2023-06-20T05:26:46+00:00
SAO_4314-10,São Paulo,3550308,True,,34942,,,-23.558173250000003,-46.4462325,,,,2,2023-06-20T05:26:46+00:00
SAO_4314-10,São Paulo,3550308,True,,34942,,,-23.549845500000004,-46.5077,,,,2,2023-06-20T05:26:42+00:00
SAO_4314-10,São Paulo,3550308,True,,34942,,,-23.5736485,-46.3986825,,,,2,2023-06-20T05:27:15+00:00
SAO_4314-10,São Paulo,3550308,True,,34942,,,-23.5736485,-46.3986825,,,,2,2023-06-20T05:27:17+00:00
SAO_4314-10,São Paulo,3550308,True,,34942,,,-23.5465295,-46.630686,,,,2,2023-06-20T05:24:46+00:00
SAO_4314-10,São Paulo,3550308,True,,34942,,,-23.544799250000004,-46.59444487499999,,,,2,2023-06-20T05:27:22+00:00
SAO_4314-10,São Paulo,3550308,True,,34942,,,-23.564029,-46.408480499999996,,,,2,2023-06-20T05:27:10+00:00
SAO_7012-10,São Paulo,3550308,True,,34811,,,-23.710795499999996,-46.776306999999996,,,,2,2023-06-20T05:27:05+00:00
SAO_7012-10,São Paulo,3550308,True,,34811,,,-23.69639275,-46.779560000000004,,,,2,2023-06-20T05:27:09+00:00
SAO_675R-10,São Paulo,3550308,True,,32877,,,-23.6995285,-46.7010475,,,,2,2023-06-20T05:27:13+00:00
SAO_675R-10,São Paulo,3550308,True,,32877,,,-23.7543765,-46.6802115,,,,2,2023-06-20T05:26:52+00:00
SAO_517J-10,São Paulo,3550308,True,,1129,,,-23.665792,-46.677240499999996,,,,1,2023-06-20T05:27:08+00:00
SAO_517J-10,São Paulo,3550308,True,,1129,,,-23.690922,-46.657512499999996,,,,1,2023-06-20T05:26:46+00:00
SAO_517J-10,São Paulo,3550308,True,,1129,,,-23.6192645,-46.697835999999995,,,,1,2023-06-20T05:27:12+00:00
SAO_2551-10,São Paulo,3550308,True,EMTU,141,https://moovitapp.com/index/pt-br/transporte_p%C3%BAblico-line-141-Sao_Paulo-242-2038937-36419292-0,8.15,-23.517939,-46.475913500000004,,,,1,2023-06-20T05:27:01+00:00
SAO_2551-10,São Paulo,3550308,True,EMTU,141,https://moovitapp.com/index/pt-br/transporte_p%C3%BAblico-line-141-Sao_Paulo-242-2038937-36419292-0,8.15,-23.546217,-46.6305745,,,,1,2023-06-20T05:26:45+00:00
SAO_2551-10,São Paulo,3550308,True,EMTU,141,https://moovitapp.com/index/pt-br/transporte_p%C3%BAblico-line-141-Sao_Paulo-242-2038937-36419292-0,8.15,-23.517939,-46.475913500000004,,,,1,2023-06-20T05:26:50+00:00
SAO_373T-10,São Paulo,3550308,True,,33859,,,-23.5699275,-46.587671,,,,2,2023-06-20T05:27:14+00:00
SAO_373T-10,São Paulo,3550308,True,,33859,,,-23.5941885,-46.498267,,,,2,2023-06-20T05:27:10+00:00
SAO_373T-10,São Paulo,3550308,True,,33859,,,-23.5808215,-46.55850975,,,,2,2023-06-20T05:27:07+00:00
SAO_373T-10,São Paulo,3550308,True,,33859,,,-23.5941885,-46.498267,,,,2,2023-06-20T05:27:19+00:00
SAO_373T-10,São Paulo,3550308,True,,33859,,,-23.584983,-46.524282,,,,2,2023-06-20T05:26:52+00:00
SAO_407K-10,São Paulo,3550308,True,,34936,,,-23.613538,-46.476616,,,,2,2023-06-20T05:26:49+00:00
SAO_407K-10,São Paulo,3550308,True,,34936,,,-23.594932500000002,-46.487908999999995,,,,2,2023-06-20T05:27:03+00:00
SAO_407K-10,São Paulo,3550308,True,,34936,,,-23.5387,-46.5644465,,,,2,2023-06-20T05:26:56+00:00
SAO_1709-10,São Paulo,3550308,True,,33619,,,-23.460226874999996,-46.60259225,,,,2,2023-06-20T05:27:26+00:00
SAO_1709-10,São Paulo,3550308,True,,33619,,,-23.44072075,-46.581562000000005,,,,2,2023-06-20T05:27:01+00:00
SAO_1709-10,São Paulo,3550308,True,,33619,,,-23.479985,-46.603936000000004,,,,2,2023-06-20T05:27:25+00:00
SAO_1709-10,São Paulo,3550308,True,,33619,,,-23.479985,-46.603936000000004,,,,2,2023-06-20T05:26:49+00:00
SAO_1709-10,São Paulo,3550308,True,,33619,,,-23.445357,-46.593290999999994,,,,2,2023-06-20T05:27:09+00:00
SAO_271C-10,São Paulo,3550308,True,STT,682,https://moovitapp.com/index/pt-br/transporte_p%C3%BAblico-line-682-Sao_Paulo-242-850661-183336-0,5.3,-23.524142625,-46.628291875,,,,1,2023-06-20T05:27:20+00:00
SAO_271C-10,São Paulo,3550308,True,STT,682,https://moovitapp.com/index/pt-br/transporte_p%C3%BAblico-line-682-Sao_Paulo-242-850661-183336-0,5.3,-23.513483375,-46.571120875,,,,1,2023-06-20T05:27:24+00:00
SAO_8000-10,São Paulo,3550308,True,,34041,,,-23.5310105,-46.665240999999995,,,,2,2023-06-20T05:27:28+00:00
SAO_6036-10,São Paulo,3550308,True,,33982,,,-23.65385975,-46.79008575,,,,2,2023-06-20T05:27:21+00:00
SAO_6036-10,São Paulo,3550308,True,,33982,,,-23.65385975,-46.79008575,,,,2,2023-06-20T05:26:52+00:00
SAO_6036-10,São Paulo,3550308,True,,33982,,,-23.6432905,-46.742360000000005,,,,2,2023-06-20T05:26:52+00:00
SAO_6036-10,São Paulo,3550308,True,,33982,,,-23.659761125,-46.773871,,,,2,2023-06-20T05:27:25+00:00
SAO_6036-10,São Paulo,3550308,True,,33982,,,-23.642927,-46.7826565,,,,2,2023-06-20T05:26:50+00:00
SAO_957T-10,São Paulo,3550308,True,,464,,,-23.59600375,-46.691593,,,,1,2023-06-20T05:27:27+00:00
SAO_5175-10,São Paulo,3550308,True,,33361,,,-23.5505945,-46.635301,,,,2,2023-06-20T05:26:42+00:00
SAO_5175-10,São Paulo,3550308,True,,33361,,,-23.556297,-46.6398495,,,,2,2023-06-20T05:27:12+00:00
SAO_5175-10,São Paulo,3550308,True,,33361,,,-23.5505945,-46.635301,,,,2,2023-06-20T05:24:04+00:00
SAO_5175-10,São Paulo,3550308,True,,33361,,,-23.616957749999997,-46.66142575000001,,,,2,2023-06-20T05:27:21+00:00
SAO_5175-10,São Paulo,3550308,True,,33361,,,-23.5505945,-46.635301,,,,2,2023-06-20T05:26:06+00:00
SAO_5175-10,São Paulo,3550308,True,,33361,,,-23.5505945,-46.635301,,,,2,2023-06-20T05:27:05+00:00
SAO_5175-10,São Paulo,3550308,True,,33361,,,-23.5505945,-46.635301,,,,2,2023-06-20T05:27:12+00:00
SAO_5175-10,São Paulo,3550308,True,,33361,,,-23.5505945,-46.635301,,,,2,2023-06-20T05:26:10+00:00
SAO_5175-10,São Paulo,3550308,True,,33361,,,-23.5505945,-46.635301,,,,2,2023-06-20T05:26:49+00:00
SAO_5175-10,São Paulo,3550308,True,,33361,,,-23.5505945,-46.635301,,,,2,2023-06-20T05:27:15+00:00
SAO_5175-10,São Paulo,3550308,True,,33361,,,-23.665792,-46.677240499999996,,,,2,2023-06-20T05:26:47+00:00
SAO_5175-10,São Paulo,3550308,True,,33361,,,-23.5505945,-46.635301,,,,2,2023-06-20T05:19:02+00:00
SAO_5175-10,São Paulo,3550308,True,,33361,,,-23.5505945,-46.635301,,,,2,2023-06-20T05:27:16+00:00
SAO_5175-10,São Paulo,3550308,True,,33361,,,-23.5505945,-46.635301,,,,2,2023-06-20T05:27:01+00:00
SAO_5175-10,São Paulo,3550308,True,,33361,,,-23.5505945,-46.635301,,,,2,2023-06-20T05:24:15+00:00
SAO_5175-10,São Paulo,3550308,True,,33361,,,-23.684261,-46.637682,,,,2,2023-06-20T05:27:09+00:00
SAO_5175-10,São Paulo,3550308,True,,33361,,,-23.5505945,-46.635301,,,,2,2023-06-20T05:26:55+00:00
SAO_5175-10,São Paulo,3550308,True,,33361,,,-23.5505945,-46.635301,,,,2,2023-06-20T05:26:08+00:00
SAO_5175-10,São Paulo,3550308,True,,33361,,,-23.5505945,-46.635301,,,,2,2023-06-20T05:26:44+00:00
SAO_5175-10,São Paulo,3550308,True,,33361,,,-23.5505945,-46.635301,,,,2,2023-06-20T05:23:40+00:00
SAO_5175-10,São Paulo,3550308,True,,33361,,,-23.5505945,-46.635301,,,,2,2023-06-20T05:26:59+00:00
SAO_7040-10,São Paulo,3550308,True,,776,,,-23.598195,-46.70864,,,,1,2023-06-20T05:27:16+00:00
SAO_7040-10,São Paulo,3550308,True,,776,,,-23.565663,-46.693863500000006,,,,1,2023-06-20T05:27:05+00:00
SAO_771P-10,São Paulo,3550308,True,EMTU,506,https://moovitapp.com/index/pt-br/transporte_p%C3%BAblico-line-506-Sao_Paulo-242-2038937-36419528-0,5.65,-23.602749,-46.795367,,,,1,2023-06-20T05:26:47+00:00
SAO_N201-11,São Paulo,3550308,True,,2311,,,-23.480196,-46.602474,,,,1,2023-06-20T05:27:19+00:00
SAO_8022-10,São Paulo,3550308,True,,2085,,,-23.56423175,-46.740198,,,,1,2023-06-20T05:27:11+00:00
SAO_8022-10,São Paulo,3550308,True,,2085,,,-23.571047999999998,-46.709179,,,,1,2023-06-20T05:25:49+00:00
SAO_8022-10,São Paulo,3550308,True,,2085,,,-23.568568,-46.73495775,,,,1,2023-06-20T05:27:18+00:00
SAO_6960-10,São Paulo,3550308,True,,34211,,,-23.710296999999997,-46.7115555,,,,2,2023-06-20T05:27:22+00:00
SAO_6960-10,São Paulo,3550308,True,,34211,,,-23.7666735,-46.7160755,,,,2,2023-06-20T05:26:47+00:00
SAO_8015-10,São Paulo,3550308,True,,34113,,,-23.404953,-46.744240250000004,,,,2,2023-06-20T05:27:20+00:00
SAO_8015-10,São Paulo,3550308,True,,34113,,,-23.482098,-46.718140000000005,,,,2,2023-06-20T05:27:23+00:00
SAO_8015-10,São Paulo,3550308,True,,34113,,,-23.398622250000003,-46.7519295,,,,2,2023-06-20T05:27:17+00:00
SAO_5131-10,São Paulo,3550308,True,,34050,,,-23.628147,-46.68554525,,,,2,2023-06-20T05:27:14+00:00
SAO_5131-10,São Paulo,3550308,True,,34050,,,-23.662461999999998,-46.669380000000004,,,,2,2023-06-20T05:27:25+00:00
SAO_5131-10,São Paulo,3550308,True,,34050,,,-23.5494865,-46.6330325,,,,2,2023-06-20T05:27:29+00:00
SAO_917M-10,São Paulo,3550308,True,,34134,,,-23.5541215,-46.670616249999995,,,,2,2023-06-20T05:27:29+00:00
SAO_917M-10,São Paulo,3550308,True,,34134,,,-23.50524975,-46.67300725,,,,2,2023-06-20T05:26:52+00:00
SAO_351F-10,São Paulo,3550308,True,,33455,,,-23.574764000000002,-46.529976000000005,,,,2,2023-06-20T05:27:24+00:00
SAO_351F-10,São Paulo,3550308,True,,33455,,,-23.539569,-46.598470500000005,,,,2,2023-06-20T05:27:14+00:00
SAO_351F-10,São Paulo,3550308,True,,33455,,,-23.4618045,-46.5828915,,,,2,2023-06-20T05:26:51+00:00
SAO_695H-10,São Paulo,3550308,True,,33964,,,-23.732609,-46.6981145,,,,2,2023-06-20T05:27:18+00:00
SAO_695H-10,São Paulo,3550308,True,,33964,,,-23.6636515,-46.691511,,,,2,2023-06-20T05:27:10+00:00
SAO_273N-10,São Paulo,3550308,True,EMTU,390,https://moovitapp.com/index/pt-br/transporte_p%C3%BAblico-line-390-Sao_Paulo-242-2038937-36419459-0,5.45,-23.5143955,-46.519346999999996,,,,1,2023-06-20T05:27:05+00:00
SAO_273N-10,São Paulo,3550308,True,EMTU,390,https://moovitapp.com/index/pt-br/transporte_p%C3%BAblico-line-390-Sao_Paulo-242-2038937-36419459-0,5.45,-23.509673499999998,-46.3742765,,,,1,2023-06-20T05:26:42+00:00
SAO_273N-10,São Paulo,3550308,True,EMTU,390,https://moovitapp.com/index/pt-br/transporte_p%C3%BAblico-line-390-Sao_Paulo-242-2038937-36419459-0,5.45,-23.51159775,-46.4426105,,,,1,2023-06-20T05:27:18+00:00
SAO_4310-10,São Paulo,3550308,True,,2160,,,-23.5454235,-46.598113999999995,,,,1,2023-06-20T05:27:28+00:00
SAO_4310-10,São Paulo,3550308,True,,2160,,,-23.5314975,-46.52150949999999,,,,1,2023-06-20T05:27:28+00:00
SAO_4310-10,São Paulo,3550308,True,,2160,,,-23.534623,-46.4529845,,,,1,2023-06-20T05:27:07+00:00
SAO_4310-10,São Paulo,3550308,True,,2160,,,-23.5397845,-46.4622915,,,,1,2023-06-20T05:26:50+00:00
SAO_4310-10,São Paulo,3550308,True,,2160,,,-23.547369,-46.630520000000004,,,,1,2023-06-20T05:27:25+00:00
SAO_4310-10,São Paulo,3550308,True,,2160,,,-23.5431395,-46.6285085,,,,1,2023-06-20T05:27:23+00:00
SAO_4310-10,São Paulo,3550308,True,,2160,,,-23.535216,-46.4541105,,,,1,2023-06-20T05:27:22+00:00
SAO_4310-10,São Paulo,3550308,True,,2160,,,-23.542805187499997,-46.5851181875,,,,1,2023-06-20T05:27:18+00:00
SAO_189L-10,São Paulo,3550308,True,,35218,,,-23.486798999999998,-46.7106505,,,,2,2023-06-20T05:26:53+00:00
SAO_189L-10,São Paulo,3550308,True,,35218,,,-23.51377175,-46.7025705,,,,2,2023-06-20T05:27:15+00:00
SAO_2708-10,São Paulo,3550308,True,,33689,,,-23.538100375,-46.454151374999995,,,,2,2023-06-20T05:26:44+00:00
SAO_2708-10,São Paulo,3550308,True,,33689,,,-23.533179124999997,-46.40071425,,,,2,2023-06-20T05:27:24+00:00
SAO_2708-10,São Paulo,3550308,True,,33689,,,-23.542091999999997,-46.471656499999995,,,,2,2023-06-20T05:27:07+00:00
SAO_2708-10,São Paulo,3550308,True,,33689,,,-23.53124375,-46.445772375000004,,,,2,2023-06-20T05:27:16+00:00
SAO_7052-10,São Paulo,3550308,True,,1886,,,-23.6434025,-46.771781000000004,,,,1,2023-06-20T05:27:27+00:00
SAO_7052-10,São Paulo,3550308,True,,1886,,,-23.6529745,-46.773157999999995,,,,1,2023-06-20T05:26:52+00:00
SAO_7052-10,São Paulo,3550308,True,,1886,,,-23.6313825,-46.77286,,,,1,2023-06-20T05:27:19+00:00
SAO_7052-10,São Paulo,3550308,True,,1886,,,-23.6529745,-46.773157999999995,,,,1,2023-06-20T05:26:56+00:00
SAO_846M-10,São Paulo,3550308,True,EMTU,422,https://moovitapp.com/index/pt-br/transporte_p%C3%BAblico-line-422-Sao_Paulo-242-2038937-36419479-0,7.15,-23.5649765,-46.6953845,,,,1,2023-06-20T05:26:44+00:00
SAO_2666-10,São Paulo,3550308,True,EMTU,378,https://moovitapp.com/index/pt-br/transporte_p%C3%BAblico-line-378-Sao_Paulo-242-2038937-36419452-0,12.1,-23.539693375,-46.61031925,,,,1,2023-06-20T05:27:21+00:00
SAO_2666-10,São Paulo,3550308,True,EMTU,378,https://moovitapp.com/index/pt-br/transporte_p%C3%BAblico-line-378-Sao_Paulo-242-2038937-36419452-0,12.1,-23.50780975,-46.49202225,,,,1,2023-06-20T05:27:18+00:00
SAO_2666-10,São Paulo,3550308,True,EMTU,378,https://moovitapp.com/index/pt-br/transporte_p%C3%BAblico-line-378-Sao_Paulo-242-2038937-36419452-0,12.1,-23.520250500000003,-46.548690125,,,,1,2023-06-20T05:27:17+00:00
SAO_2666-10,São Paulo,3550308,True,EMTU,378,https://moovitapp.com/index/pt-br/transporte_p%C3%BAblico-line-378-Sao_Paulo-242-2038937-36419452-0,12.1,-23.50355625,-46.4722235,,,,1,2023-06-20T05:27:26+00:00
SAO_2666-10,São Paulo,3550308,True,EMTU,378,https://moovitapp.com/index/pt-br/transporte_p%C3%BAblico-line-378-Sao_Paulo-242-2038937-36419452-0,12.1,-23.51828025,-46.3879975,,,,1,2023-06-20T05:27:26+00:00
SAO_2666-10,São Paulo,3550308,True,EMTU,378,https://moovitapp.com/index/pt-br/transporte_p%C3%BAblico-line-378-Sao_Paulo-242-2038937-36419452-0,12.1,-23.5183915,-46.39161300000001,,,,1,2023-06-20T05:27:17+00:00
SAO_2666-10,São Paulo,3550308,True,EMTU,378,https://moovitapp.com/index/pt-br/transporte_p%C3%BAblico-line-378-Sao_Paulo-242-2038937-36419452-0,12.1,-23.546727,-46.629723999999996,,,,1,2023-06-20T05:26:58+00:00
SAO_8686-10,São Paulo,3550308,True,,33214,,,-23.522753375,-46.691829187500005,,,,2,2023-06-20T05:26:52+00:00
SAO_8686-10,São Paulo,3550308,True,,33214,,,-23.543104999999997,-46.638889500000005,,,,2,2023-06-20T05:27:18+00:00
SAO_7054-10,São Paulo,3550308,True,,32809,,,-23.651257,-46.7909195,,,,2,2023-06-20T05:27:21+00:00
SAO_3020-10,São Paulo,3550308,True,,33726,,,-23.5447925,-46.46067575000001,,,,2,2023-06-20T05:27:30+00:00
SAO_3020-10,São Paulo,3550308,True,,33726,,,-23.561714000000002,-46.482866,,,,2,2023-06-20T05:27:29+00:00
SAO_5028-10,São Paulo,3550308,True,,1634,,,-23.6108005,-46.580852500000006,,,,1,2023-06-20T05:26:50+00:00
SAO_5028-10,São Paulo,3550308,True,,1634,,,-23.57267675,-46.606695,,,,1,2023-06-20T05:26:26+00:00
SAO_273G-10,São Paulo,3550308,True,,32991,,,-23.48150775,-46.41633925,,,,2,2023-06-20T05:27:13+00:00
SAO_273G-10,São Paulo,3550308,True,,32991,,,-23.493356,-46.4419245,,,,2,2023-06-20T05:26:59+00:00
SAO_273G-10,São Paulo,3550308,True,,32991,,,-23.517210374999998,-46.476245250000005,,,,2,2023-06-20T05:26:50+00:00
SAO_273G-10,São Paulo,3550308,True,,32991,,,-23.481565500000002,-46.41721375,,,,2,2023-06-20T05:27:24+00:00
SAO_273G-10,São Paulo,3550308,True,,32991,,,-23.481565500000002,-46.41721375,,,,2,2023-06-20T05:27:19+00:00
SAO_273G-10,São Paulo,3550308,True,,32991,,,-23.540487,-46.483374,,,,2,2023-06-20T05:27:28+00:00
SAO_778J-10,São Paulo,3550308,True,EMTU,508,https://moovitapp.com/index/pt-br/transporte_p%C3%BAblico-line-508-Sao_Paulo-242-2038937-36419530-0,5.65,-23.5888075,-46.780874999999995,,,,1,2023-06-20T05:26:57+00:00
SAO_778J-10,São Paulo,3550308,True,EMTU,508,https://moovitapp.com/index/pt-br/transporte_p%C3%BAblico-line-508-Sao_Paulo-242-2038937-36419530-0,5.65,-23.526571,-46.668458,,,,1,2023-06-20T05:27:12+00:00
SAO_778J-10,São Paulo,3550308,True,EMTU,508,https://moovitapp.com/index/pt-br/transporte_p%C3%BAblico-line-508-Sao_Paulo-242-2038937-36419530-0,5.65,-23.572545749999996,-46.72301950000001,,,,1,2023-06-20T05:27:10+00:00
SAO_6042-10,São Paulo,3550308,True,,33987,,,-23.650700999999998,-46.707818,,,,2,2023-06-20T05:27:21+00:00
SAO_6042-10,São Paulo,3550308,True,,33987,,,-23.6697275,-46.773159,,,,2,2023-06-20T05:27:29+00:00
SAO_6836-10,São Paulo,3550308,True,,32781,,,-23.6617355,-46.752981500000004,,,,2,2023-06-20T05:26:49+00:00
SAO_6836-10,São Paulo,3550308,True,,32781,,,-23.680872,-46.781188,,,,2,2023-06-20T05:26:47+00:00
SAO_407P-10,São Paulo,3550308,True,,34968,,,-23.533299,-46.42951925,,,,2,2023-06-20T05:25:32+00:00
SAO_407P-10,São Paulo,3550308,True,,34968,,,-23.5412835,-46.5769345,,,,2,2023-06-20T05:27:00+00:00
SAO_407P-10,São Paulo,3550308,True,,34968,,,-23.531082249999997,-46.5022635,,,,2,2023-06-20T05:27:28+00:00
SAO_407P-10,São Paulo,3550308,True,,34968,,,-23.570022,-46.415741499999996,,,,2,2023-06-20T05:27:17+00:00
SAO_407J-10,São Paulo,3550308,True,,34966,,,-23.558632375000002,-46.475099125,,,,2,2023-06-20T05:27:23+00:00
SAO_407J-10,São Paulo,3550308,True,,34966,,,-23.539764750000003,-46.55244999999999,,,,2,2023-06-20T05:27:19+00:00
SAO_407J-10,São Paulo,3550308,True,,34966,,,-23.58074,-46.49959075,,,,2,2023-06-20T05:27:27+00:00
SAO_407J-10,São Paulo,3550308,True,,34966,,,-23.546751999999998,-46.401148,,,,2,2023-06-20T05:25:54+00:00
SAO_5611-10,São Paulo,3550308,True,EMTU,598,https://moovitapp.com/index/pt-br/transporte_p%C3%BAblico-line-598-Sao_Paulo-242-2038937-36419579-0,7.05,-23.634524,-46.669036500000004,,,,1,2023-06-20T05:27:20+00:00
SAO_5611-10,São Paulo,3550308,True,EMTU,598,https://moovitapp.com/index/pt-br/transporte_p%C3%BAblico-line-598-Sao_Paulo-242-2038937-36419579-0,7.05,-23.715806999999998,-46.626348500000006,,,,1,2023-06-20T05:26:45+00:00
SAO_5611-10,São Paulo,3550308,True,EMTU,598,https://moovitapp.com/index/pt-br/transporte_p%C3%BAblico-line-598-Sao_Paulo-242-2038937-36419579-0,7.05,-23.7029555,-46.644625500000004,,,,1,2023-06-20T05:27:02+00:00
SAO_5611-10,São Paulo,3550308,True,EMTU,598,https://moovitapp.com/index/pt-br/transporte_p%C3%BAblico-line-598-Sao_Paulo-242-2038937-36419579-0,7.05,-23.5520775,-46.6349725,,,,1,2023-06-20T05:27:02+00:00
SAO_5611-10,São Paulo,3550308,True,EMTU,598,https://moovitapp.com/index/pt-br/transporte_p%C3%BAblico-line-598-Sao_Paulo-242-2038937-36419579-0,7.05,-23.6997785,-46.646700499999994,,,,1,2023-06-20T05:27:27+00:00
SAO_5038-10,São Paulo,3550308,True,,1661,,,-23.6028795,-46.601814000000005,,,,1,2023-06-20T05:27:03+00:00
SAO_5038-10,São Paulo,3550308,True,,1661,,,-23.649030500000002,-46.61092375,,,,1,2023-06-20T05:27:09+00:00
SAO_172P-10,São Paulo,3550308,True,,33626,,,-23.4424695,-46.589804,,,,2,2023-06-20T05:27:29+00:00
SAO_172P-10,São Paulo,3550308,True,,33626,,,-23.440029000000003,-46.5875025,,,,2,2023-06-20T05:27:05+00:00
SAO_172P-10,São Paulo,3550308,True,,33626,,,-23.441767,-46.589588000000006,,,,2,2023-06-20T05:27:17+00:00
SAO_172P-10,São Paulo,3550308,True,,33626,,,-23.479214,-46.584122,,,,2,2023-06-20T05:27:05+00:00
SAO_172P-10,São Paulo,3550308,True,,33626,,,-23.5380555,-46.5989585,,,,2,2023-06-20T05:25:21+00:00
SAO_172P-10,São Paulo,3550308,True,,33626,,,-23.4424695,-46.589804,,,,2,2023-06-20T05:27:22+00:00
SAO_978A-10,São Paulo,3550308,True,,1369,,,-23.512507999999997,-46.690535,,,,1,2023-06-20T05:27:26+00:00
SAO_978A-10,São Paulo,3550308,True,,1369,,,-23.475717,-46.6706725,,,,1,2023-06-20T05:26:55+00:00
SAO_475R-10,São Paulo,3550308,True,,344,,,-23.65282,-46.607729000000006,,,,1,2023-06-20T05:27:07+00:00
SAO_475R-10,São Paulo,3550308,True,,344,,,-23.65282,-46.607729000000006,,,,1,2023-06-20T05:27:04+00:00
SAO_475R-10,São Paulo,3550308,True,,344,,,-23.65282,-46.607729000000006,,,,1,2023-06-20T05:26:37+00:00
SAO_475R-10,São Paulo,3550308,True,,344,,,-23.65282,-46.607729000000006,,,,1,2023-06-20T05:26:35+00:00
SAO_475R-10,São Paulo,3550308,True,,344,,,-23.65282,-46.607729000000006,,,,1,2023-06-20T05:27:20+00:00
SAO_475R-10,São Paulo,3550308,True,,344,,,-23.65282,-46.607729000000006,,,,1,2023-06-20T05:27:27+00:00
SAO_475R-10,São Paulo,3550308,True,,344,,,-23.65282,-46.607729000000006,,,,1,2023-06-20T05:27:11+00:00
SAO_475R-10,São Paulo,3550308,True,,344,,,-23.5733805,-46.651902500000006,,,,1,2023-06-20T05:27:15+00:00
SAO_475R-10,São Paulo,3550308,True,,344,,,-23.633125999999997,-46.627493,,,,1,2023-06-20T05:27:10+00:00
SAO_475R-10,São Paulo,3550308,True,,344,,,-23.65282,-46.607729000000006,,,,1,2023-06-20T05:27:25+00:00
SAO_1017-10,São Paulo,3550308,True,,2141,,,-23.408027500000003,-46.7584705,,,,1,2023-06-20T05:27:00+00:00
SAO_1017-10,São Paulo,3550308,True,,2141,,,-23.436176,-46.717684625000004,,,,1,2023-06-20T05:26:57+00:00
SAO_3728-10,São Paulo,3550308,True,,1025,,,-23.557325,-46.491631,,,,1,2023-06-20T05:26:49+00:00
SAO_3728-10,São Paulo,3550308,True,,1025,,,-23.573595,-46.490476,,,,1,2023-06-20T05:27:15+00:00
SAO_3728-10,São Paulo,3550308,True,,1025,,,-23.5420065,-46.483900500000004,,,,1,2023-06-20T05:26:51+00:00
SAO_3728-10,São Paulo,3550308,True,,1025,,,-23.5525755,-46.4921935,,,,1,2023-06-20T05:26:55+00:00
SAO_8003-10,São Paulo,3550308,True,,1253,,,-23.51211,-46.757220000000004,,,,1,2023-06-20T05:27:05+00:00
SAO_8003-10,São Paulo,3550308,True,,1253,,,-23.5196005,-46.700601,,,,1,2023-06-20T05:27:21+00:00
SAO_211L-10,São Paulo,3550308,True,,35033,,,-23.4825085,-46.630541,,,,2,2023-06-20T05:26:55+00:00
SAO_211L-10,São Paulo,3550308,True,,35033,,,-23.475955874999997,-46.634215250000004,,,,2,2023-06-20T05:27:26+00:00
SAO_211L-10,São Paulo,3550308,True,,35033,,,-23.4990555,-46.6751865,,,,2,2023-06-20T05:27:22+00:00
SAO_7002-10,São Paulo,3550308,True,,33540,,,-23.57169525,-46.7078775,,,,2,2023-06-20T05:26:57+00:00
SAO_7002-10,São Paulo,3550308,True,,33540,,,-23.5900465,-46.769759500000006,,,,2,2023-06-20T05:27:09+00:00
SAO_9162-10,São Paulo,3550308,True,,34133,,,-23.496061249999997,-46.660341125,,,,2,2023-06-20T05:27:05+00:00
SAO_2080-10,São Paulo,3550308,True,,371,,,-23.498873500000002,-46.467158999999995,,,,1,2023-06-20T05:26:55+00:00
SAO_2080-10,São Paulo,3550308,True,,371,,,-23.5148795,-46.549588,,,,1,2023-06-20T05:27:11+00:00
SAO_2080-10,São Paulo,3550308,True,,371,,,-23.48916475,-46.378097999999994,,,,1,2023-06-20T05:27:13+00:00
SAO_5011-10,São Paulo,3550308,True,,33883,,,-23.663834,-46.6913885,,,,2,2023-06-20T05:27:14+00:00
SAO_5011-10,São Paulo,3550308,True,,33883,,,-23.7103285,-46.62034,,,,2,2023-06-20T05:27:02+00:00
SAO_5011-10,São Paulo,3550308,True,,33883,,,-23.6941255,-46.665872500000006,,,,2,2023-06-20T05:21:32+00:00
SAO_5011-10,São Paulo,3550308,True,,33883,,,-23.706204,-46.641568,,,,2,2023-06-20T05:27:07+00:00
SAO_1024-10,São Paulo,3550308,True,,35070,,,-23.474776,-46.6982135,,,,2,2023-06-20T05:26:50+00:00
SAO_1024-10,São Paulo,3550308,True,,35070,,,-23.4611935,-46.70918,,,,2,2023-06-20T05:27:13+00:00
SAO_1024-10,São Paulo,3550308,True,,35070,,,-23.461024000000002,-46.708865,,,,2,2023-06-20T05:27:12+00:00
SAO_407Y-10,São Paulo,3550308,True,,34974,,,-23.570582,-46.490271500000006,,,,2,2023-06-20T05:26:55+00:00
SAO_407Y-10,São Paulo,3550308,True,,34974,,,-23.570582,-46.490271500000006,,,,2,2023-06-20T05:27:15+00:00
SAO_971R-10,São Paulo,3550308,True,,614,,,-23.473095,-46.672063,,,,1,2023-06-20T05:27:12+00:00
SAO_971R-10,São Paulo,3550308,True,,614,,,-23.5019995,-46.6255535,,,,1,2023-06-20T05:27:23+00:00
SAO_971R-10,São Paulo,3550308,True,,614,,,-23.454162,-46.73734,,,,1,2023-06-20T05:27:10+00:00
SAO_971R-10,São Paulo,3550308,True,,614,,,-23.454421500000002,-46.7374495,,,,1,2023-06-20T05:27:30+00:00
SAO_971R-10,São Paulo,3550308,True,,614,,,-23.449883,-46.70058950000001,,,,1,2023-06-20T05:27:24+00:00
SAO_971R-10,São Paulo,3550308,True,,614,,,-23.454421500000002,-46.7374495,,,,1,2023-06-20T05:27:00+00:00
SAO_2735-10,São Paulo,3550308,True,,34689,,,-23.498759999999997,-46.5247895,,,,2,2023-06-20T05:27:20+00:00
SAO_2772-10,São Paulo,3550308,True,,33166,,,-23.498019999999997,-46.461729875,,,,2,2023-06-20T05:27:10+00:00
SAO_2772-10,São Paulo,3550308,True,,33166,,,-23.523301,-46.4105365,,,,2,2023-06-20T05:27:13+00:00
SAO_2772-10,São Paulo,3550308,True,,33166,,,-23.519189,-46.404845,,,,2,2023-06-20T05:27:10+00:00
SAO_2772-10,São Paulo,3550308,True,,33166,,,-23.523301,-46.4105365,,,,2,2023-06-20T05:27:25+00:00
SAO_524L-10,São Paulo,3550308,True,,34483,,,-23.591385,-46.550085499999994,,,,2,2023-06-20T05:27:17+00:00
SAO_2079-10,São Paulo,3550308,True,,33138,,,-23.516762,-46.384977500000005,,,,2,2023-06-20T05:27:20+00:00
SAO_2079-10,São Paulo,3550308,True,,33138,,,-23.494310499999997,-46.402223,,,,2,2023-06-20T05:27:11+00:00
SAO_2079-10,São Paulo,3550308,True,,33138,,,-23.514367,-46.380974374999994,,,,2,2023-06-20T05:27:17+00:00
SAO_2079-10,São Paulo,3550308,True,,33138,,,-23.494310499999997,-46.402223,,,,2,2023-06-20T05:26:55+00:00
SAO_342M-10,São Paulo,3550308,True,,747,,,-23.519194499999998,-46.5471035,,,,1,2023-06-20T05:27:14+00:00
SAO_342M-10,São Paulo,3550308,True,,747,,,-23.5491005,-46.536370500000004,,,,1,2023-06-20T05:26:49+00:00
SAO_342M-10,São Paulo,3550308,True,,747,,,-23.538098124999998,-46.555502624999995,,,,1,2023-06-20T05:26:57+00:00
SAO_342M-10,São Paulo,3550308,True,,747,,,-23.598483125,-46.486008,,,,1,2023-06-20T05:27:26+00:00
SAO_573T-10,São Paulo,3550308,True,,34400,,,-23.592456937500003,-46.488848812499995,,,,2,2023-06-20T05:27:03+00:00
SAO_573T-10,São Paulo,3550308,True,,34400,,,-23.557849,-46.522975,,,,2,2023-06-20T05:26:47+00:00
SAO_573T-10,São Paulo,3550308,True,,34400,,,-23.6140865,-46.496467499999994,,,,2,2023-06-20T05:27:25+00:00
SAO_573T-10,São Paulo,3550308,True,,34400,,,-23.614441499999998,-46.500118,,,,2,2023-06-20T05:27:31+00:00
SAO_573T-10,São Paulo,3550308,True,,34400,,,-23.53902,-46.554071375,,,,2,2023-06-20T05:26:49+00:00
SAO_8400-10,São Paulo,3550308,True,,1265,,,-23.52483125,-46.7018815,,,,1,2023-06-20T05:27:04+00:00
SAO_8400-10,São Paulo,3550308,True,,1265,,,-23.547649,-46.641011500000005,,,,1,2023-06-20T05:27:10+00:00
SAO_8073-10,São Paulo,3550308,True,,2081,,,-23.598914999999998,-46.7661705,,,,1,2023-06-20T05:26:48+00:00
SAO_8073-10,São Paulo,3550308,True,,2081,,,-23.588149,-46.736462125,,,,1,2023-06-20T05:27:02+00:00
SAO_6071-10,São Paulo,3550308,True,,33924,,,-23.654109,-46.709678,,,,2,2023-06-20T05:27:14+00:00
SAO_6071-10,São Paulo,3550308,True,,33924,,,-23.707908,-46.692578999999995,,,,2,2023-06-20T05:27:19+00:00
SAO_1757-10,São Paulo,3550308,True,,33316,,,-23.471118,-46.636767,,,,2,2023-06-20T05:27:14+00:00
SAO_2059-10,São Paulo,3550308,True,Cidade de Caieiras,260,https://moovitapp.com/index/pt-br/transporte_p%C3%BAblico-line-260-Sao_Paulo-242-868761-496413-0,5.0,-23.4909655,-46.442477499999995,,,,1,2023-06-20T05:27:16+00:00
SAO_2059-10,São Paulo,3550308,True,Cidade de Caieiras,260,https://moovitapp.com/index/pt-br/transporte_p%C3%BAblico-line-260-Sao_Paulo-242-868761-496413-0,5.0,-23.517454,-46.422073999999995,,,,1,2023-06-20T05:26:44+00:00
SAO_2059-10,São Paulo,3550308,True,Cidade de Caieiras,260,https://moovitapp.com/index/pt-br/transporte_p%C3%BAblico-line-260-Sao_Paulo-242-868761-496413-0,5.0,-23.4909655,-46.442477499999995,,,,1,2023-06-20T05:26:50+00:00
SAO_2059-10,São Paulo,3550308,True,Cidade de Caieiras,260,https://moovitapp.com/index/pt-br/transporte_p%C3%BAblico-line-260-Sao_Paulo-242-868761-496413-0,5.0,-23.5341155,-46.4167245,,,,1,2023-06-20T05:26:50+00:00
SAO_5141-10,São Paulo,3550308,True,,34393,,,-23.614544,-46.500679,,,,2,2023-06-20T05:27:04+00:00
SAO_5141-10,São Paulo,3550308,True,,34393,,,-23.55284975,-46.617076999999995,,,,2,2023-06-20T05:27:19+00:00
SAO_5141-10,São Paulo,3550308,True,,34393,,,-23.5831795,-46.535168999999996,,,,2,2023-06-20T05:26:45+00:00
SAO_3736-10,São Paulo,3550308,True,,33804,,,-23.5417095,-46.484257,,,,2,2023-06-20T05:27:03+00:00
SAO_3736-10,São Paulo,3550308,True,,33804,,,-23.5610385,-46.47443675,,,,2,2023-06-20T05:26:48+00:00
SAO_3736-10,São Paulo,3550308,True,,33804,,,-23.5761605,-46.48341425,,,,2,2023-06-20T05:27:25+00:00
SAO_178A-10,São Paulo,3550308,True,EMTU,558,https://moovitapp.com/index/pt-br/transporte_p%C3%BAblico-line-558-Sao_Paulo-242-2038937-36419559-0,4.4,-23.517166500000002,-46.6254815,,,,1,2023-06-20T05:26:53+00:00
SAO_178A-10,São Paulo,3550308,True,EMTU,558,https://moovitapp.com/index/pt-br/transporte_p%C3%BAblico-line-558-Sao_Paulo-242-2038937-36419559-0,4.4,-23.518814999999996,-46.702155000000005,,,,1,2023-06-20T05:27:22+00:00
SAO_8544-10,São Paulo,3550308,True,,33198,,,-23.4506985,-46.750797500000004,,,,2,2023-06-20T05:27:17+00:00
SAO_8544-10,São Paulo,3550308,True,,33198,,,-23.517438499999997,-46.6812945,,,,2,2023-06-20T05:27:26+00:00
SAO_8004-10,São Paulo,3550308,True,,34022,,,-23.483418999999998,-46.7540345,,,,2,2023-06-20T05:26:46+00:00
SAO_8004-10,São Paulo,3550308,True,,34022,,,-23.5197905,-46.6999755,,,,2,2023-06-20T05:27:27+00:00
SAO_8004-10,São Paulo,3550308,True,,34022,,,-23.47043,-46.752005999999994,,,,2,2023-06-20T05:26:50+00:00
SAO_8004-10,São Paulo,3550308,True,,34022,,,-23.521767375,-46.716278625,,,,2,2023-06-20T05:27:10+00:00
SAO_3746-10,São Paulo,3550308,True,,33051,,,-23.542912,-46.588283000000004,,,,2,2023-06-20T05:26:55+00:00
SAO_3746-10,São Paulo,3550308,True,,33051,,,-23.542912,-46.588283000000004,,,,2,2023-06-20T05:27:00+00:00
SAO_3746-10,São Paulo,3550308,True,,33051,,,-23.548086125,-46.58242875,,,,2,2023-06-20T05:27:22+00:00
SAO_3746-10,São Paulo,3550308,True,,33051,,,-23.5821945,-46.5361005,,,,2,2023-06-20T05:27:02+00:00
SAO_3746-10,São Paulo,3550308,True,,33051,,,-23.542912,-46.588283000000004,,,,2,2023-06-20T05:27:03+00:00
SAO_917H-10,São Paulo,3550308,True,,33224,,,-23.530827,-46.737106499999996,,,,2,2023-06-20T05:27:19+00:00
SAO_917H-10,São Paulo,3550308,True,,33224,,,-23.520248,-46.7524175,,,,2,2023-06-20T05:27:27+00:00
SAO_917H-10,São Paulo,3550308,True,,33224,,,-23.5002035,-46.746573999999995,,,,2,2023-06-20T05:27:18+00:00
SAO_917H-10,São Paulo,3550308,True,,33224,,,-23.564511187500003,-46.652707125,,,,2,2023-06-20T05:27:22+00:00
SAO_917H-10,São Paulo,3550308,True,,33224,,,-23.540385,-46.70330975,,,,2,2023-06-20T05:27:07+00:00
SAO_917H-10,São Paulo,3550308,True,,33224,,,-23.544463999999998,-46.693616000000006,,,,2,2023-06-20T05:26:43+00:00
SAO_917H-10,São Paulo,3550308,True,,33224,,,-23.486492,-46.725708499999996,,,,2,2023-06-20T05:27:11+00:00
SAO_5142-10,São Paulo,3550308,True,,34394,,,-23.6170555,-46.501194,,,,2,2023-06-20T05:27:15+00:00
SAO_5142-10,São Paulo,3550308,True,,34394,,,-23.60728925,-46.5109765,,,,2,2023-06-20T05:27:23+00:00
SAO_5142-10,São Paulo,3550308,True,,34394,,,-23.5723473125,-46.6110091875,,,,2,2023-06-20T05:27:14+00:00
SAO_5142-10,São Paulo,3550308,True,,34394,,,-23.573724875,-46.61088225,,,,2,2023-06-20T05:26:47+00:00
SAO_702U-10,São Paulo,3550308,True,,1330,,,-23.5650385,-46.723903,,,,1,2023-06-20T05:27:04+00:00
SAO_702U-10,São Paulo,3550308,True,,1330,,,-23.546547124999996,-46.637947499999996,,,,1,2023-06-20T05:26:44+00:00
SAO_702U-10,São Paulo,3550308,True,,1330,,,-23.55289975,-46.72857725,,,,1,2023-06-20T05:26:45+00:00
SAO_6062-10,São Paulo,3550308,True,,1151,,,-23.7379535,-46.697821,,,,1,2023-06-20T05:26:49+00:00
SAO_6062-10,São Paulo,3550308,True,,1151,,,-23.745519,-46.68301725,,,,1,2023-06-20T05:27:28+00:00
SAO_3459-10,São Paulo,3550308,True,,33170,,,-23.547625500000002,-46.629791499999996,,,,2,2023-06-20T05:27:00+00:00
SAO_3459-10,São Paulo,3550308,True,,33170,,,-23.5381725,-46.563,,,,2,2023-06-20T05:25:08+00:00
SAO_3459-10,São Paulo,3550308,True,,33170,,,-23.547625500000002,-46.629791499999996,,,,2,2023-06-20T05:27:30+00:00
SAO_3459-10,São Paulo,3550308,True,,33170,,,-23.495266,-46.432126,,,,2,2023-06-20T05:27:27+00:00
SAO_3459-10,São Paulo,3550308,True,,33170,,,-23.547625500000002,-46.629791499999996,,,,2,2023-06-20T05:27:20+00:00
SAO_3459-10,São Paulo,3550308,True,,33170,,,-23.547625500000002,-46.629791499999996,,,,2,2023-06-20T05:26:44+00:00
SAO_3459-10,São Paulo,3550308,True,,33170,,,-23.547625500000002,-46.629791499999996,,,,2,2023-06-20T05:22:52+00:00
SAO_3459-10,São Paulo,3550308,True,,33170,,,-23.547625500000002,-46.629791499999996,,,,2,2023-06-20T05:27:24+00:00
SAO_3459-10,São Paulo,3550308,True,,33170,,,-23.547625500000002,-46.629791499999996,,,,2,2023-06-20T05:27:08+00:00
SAO_3459-10,São Paulo,3550308,True,,33170,,,-23.5137505,-46.446309375,,,,2,2023-06-20T05:27:17+00:00
SAO_3459-10,São Paulo,3550308,True,,33170,,,-23.547625500000002,-46.629791499999996,,,,2,2023-06-20T05:26:57+00:00
SAO_3459-10,São Paulo,3550308,True,,33170,,,-23.547625500000002,-46.629791499999996,,,,2,2023-06-20T05:26:51+00:00
SAO_3459-10,São Paulo,3550308,True,,33170,,,-23.51529375,-46.45478475,,,,2,2023-06-20T05:26:49+00:00
SAO_3459-10,São Paulo,3550308,True,,33170,,,-23.547625500000002,-46.629791499999996,,,,2,2023-06-20T05:27:25+00:00
SAO_3459-10,São Paulo,3550308,True,,33170,,,-23.547625500000002,-46.629791499999996,,,,2,2023-06-20T05:27:04+00:00
SAO_3459-10,São Paulo,3550308,True,,33170,,,-23.522957249999997,-46.524947874999995,,,,2,2023-06-20T05:27:18+00:00
SAO_3459-10,São Paulo,3550308,True,,33170,,,-23.516762,-46.384977500000005,,,,2,2023-06-20T05:27:24+00:00
SAO_3459-10,São Paulo,3550308,True,,33170,,,-23.547625500000002,-46.629791499999996,,,,2,2023-06-20T05:27:01+00:00
SAO_3459-10,São Paulo,3550308,True,,33170,,,-23.516849999999998,-46.3847265,,,,2,2023-06-20T05:26:46+00:00
SAO_3459-10,São Paulo,3550308,True,,33170,,,-23.544168875,-46.59126675,,,,2,2023-06-20T05:27:00+00:00
SAO_3459-10,São Paulo,3550308,True,,33170,,,-23.55254725,-46.619829625,,,,2,2023-06-20T05:27:17+00:00
SAO_3459-10,São Paulo,3550308,True,,33170,,,-23.547625500000002,-46.629791499999996,,,,2,2023-06-20T05:27:01+00:00
SAO_3459-10,São Paulo,3550308,True,,33170,,,-23.547625500000002,-46.629791499999996,,,,2,2023-06-20T05:27:07+00:00
SAO_3459-10,São Paulo,3550308,True,,33170,,,-23.5381725,-46.563,,,,2,2023-06-20T05:23:47+00:00
SAO_3459-10,São Paulo,3550308,True,,33170,,,-23.547625500000002,-46.629791499999996,,,,2,2023-06-20T05:26:51+00:00
SAO_3459-10,São Paulo,3550308,True,,33170,,,-23.495112250000002,-46.40487675,,,,2,2023-06-20T05:27:21+00:00
SAO_3459-10,São Paulo,3550308,True,,33170,,,-23.516686749999998,-46.38517525,,,,2,2023-06-20T05:27:21+00:00
SAO_3459-10,São Paulo,3550308,True,,33170,,,-23.547625500000002,-46.629791499999996,,,,2,2023-06-20T05:27:09+00:00
SAO_3459-10,São Paulo,3550308,True,,33170,,,-23.547625500000002,-46.629791499999996,,,,2,2023-06-20T05:27:30+00:00
SAO_3459-10,São Paulo,3550308,True,,33170,,,-23.51526125,-46.498729,,,,2,2023-06-20T05:27:28+00:00
SAO_3459-10,São Paulo,3550308,True,,33170,,,-23.494785,-46.406074,,,,2,2023-06-20T05:27:19+00:00
SAO_6818-10,São Paulo,3550308,True,BR7 Mobilidade,28,https://moovitapp.com/index/pt-br/transporte_p%C3%BAblico-line-28-Sao_Paulo-242-851856-596008-0,5.75,-23.655842999999997,-46.7727765,,,,1,2023-06-20T05:27:04+00:00
SAO_6818-10,São Paulo,3550308,True,BR7 Mobilidade,28,https://moovitapp.com/index/pt-br/transporte_p%C3%BAblico-line-28-Sao_Paulo-242-851856-596008-0,5.75,-23.655842999999997,-46.7727765,,,,1,2023-06-20T05:26:57+00:00
SAO_6818-10,São Paulo,3550308,True,BR7 Mobilidade,28,https://moovitapp.com/index/pt-br/transporte_p%C3%BAblico-line-28-Sao_Paulo-242-851856-596008-0,5.75,-23.655842999999997,-46.7727765,,,,1,2023-06-20T05:26:52+00:00
SAO_546T-10,São Paulo,3550308,True,,33040,,,-23.7041255,-46.6268,,,,2,2023-06-20T05:27:27+00:00
SAO_546T-10,São Paulo,3550308,True,,33040,,,-23.658919,-46.699098,,,,2,2023-06-20T05:27:24+00:00
SAO_4017-10,São Paulo,3550308,True,,2190,,,-23.5833695,-46.407107499999995,,,,1,2023-06-20T05:25:44+00:00
SAO_4017-10,São Paulo,3550308,True,,2190,,,-23.5831715,-46.380305500000006,,,,1,2023-06-20T05:22:29+00:00
SAO_4017-10,São Paulo,3550308,True,,2190,,,-23.581245,-46.3816185,,,,1,2023-06-20T05:26:27+00:00
SAO_847P-10,São Paulo,3550308,True,,33191,,,-23.59347325,-46.680462750000004,,,,2,2023-06-20T05:27:28+00:00
SAO_847P-10,São Paulo,3550308,True,,33191,,,-23.554198375000002,-46.691444687499995,,,,2,2023-06-20T05:27:15+00:00
SAO_847P-10,São Paulo,3550308,True,,33191,,,-23.490441,-46.7138575,,,,2,2023-06-20T05:27:11+00:00
SAO_847P-10,São Paulo,3550308,True,,33191,,,-23.526429750000002,-46.7021045,,,,2,2023-06-20T05:27:06+00:00
SAO_6030-10,São Paulo,3550308,True,,1142,,,-23.7183235,-46.698864,,,,1,2023-06-20T05:26:56+00:00
SAO_6030-10,São Paulo,3550308,True,,1142,,,-23.6980885,-46.700568000000004,,,,1,2023-06-20T05:26:52+00:00
SAO_6030-10,São Paulo,3550308,True,,1142,,,-23.740707,-46.707214,,,,1,2023-06-20T05:27:15+00:00
SAO_6030-10,São Paulo,3550308,True,,1142,,,-23.741073,-46.707885000000005,,,,1,2023-06-20T05:27:10+00:00
SAO_175P-10,São Paulo,3550308,True,,33443,,,-23.502320499999996,-46.656497625,,,,2,2023-06-20T05:27:03+00:00
SAO_175P-10,São Paulo,3550308,True,,33443,,,-23.5121095,-46.653323,,,,2,2023-06-20T05:27:18+00:00
SAO_175P-10,São Paulo,3550308,True,,33443,,,-23.557028625,-46.661263500000004,,,,2,2023-06-20T05:27:09+00:00
SAO_175P-10,São Paulo,3550308,True,,33443,,,-23.502966999999998,-46.6260415,,,,2,2023-06-20T05:27:01+00:00
SAO_574J-10,São Paulo,3550308,True,,1685,,,-23.56804425,-46.523388,,,,1,2023-06-20T05:27:12+00:00
SAO_574J-10,São Paulo,3550308,True,,1685,,,-23.636225500000002,-46.6414645,,,,1,2023-06-20T05:27:15+00:00
SAO_574J-10,São Paulo,3550308,True,,1685,,,-23.58483075,-46.58689775,,,,1,2023-06-20T05:26:45+00:00
SAO_7245-10,São Paulo,3550308,True,,33131,,,-23.592089875,-46.6810441875,,,,2,2023-06-20T05:27:06+00:00
SAO_7245-10,São Paulo,3550308,True,,33131,,,-23.6200105,-46.69833199999999,,,,2,2023-06-20T05:27:17+00:00
SAO_809T-10,São Paulo,3550308,True,,2246,,,-23.55123175,-46.740238250000004,,,,1,2023-06-20T05:27:29+00:00
SAO_809T-10,São Paulo,3550308,True,,2246,,,-23.5895565,-46.796865,,,,1,2023-06-20T05:27:18+00:00
SAO_5013-10,São Paulo,3550308,True,,1117,,,-23.6826945,-46.638189,,,,1,2023-06-20T05:27:21+00:00
SAO_5013-10,São Paulo,3550308,True,,1117,,,-23.673755,-46.6862615,,,,1,2023-06-20T05:27:00+00:00
SAO_5013-10,São Paulo,3550308,True,,1117,,,-23.682060999999997,-46.633000499999994,,,,1,2023-06-20T05:27:28+00:00
SAO_4025-10,São Paulo,3550308,True,,33863,,,-23.607989375000002,-46.553975375,,,,2,2023-06-20T05:27:19+00:00
SAO_4025-10,São Paulo,3550308,True,,33863,,,-23.5760115,-46.579173,,,,2,2023-06-20T05:27:05+00:00
SAO_4025-10,São Paulo,3550308,True,,33863,,,-23.5947955,-46.555702,,,,2,2023-06-20T05:26:59+00:00
SAO_4025-10,São Paulo,3550308,True,,33863,,,-23.561125499999996,-46.576721,,,,2,2023-06-20T05:26:58+00:00
SAO_3004-10,São Paulo,3550308,True,,1798,,,-23.491464,-46.419757000000004,,,,1,2023-06-20T05:27:29+00:00
SAO_707A-10,São Paulo,3550308,True,,1990,,,-23.611536,-46.6362865,,,,1,2023-06-20T05:27:21+00:00
SAO_707A-10,São Paulo,3550308,True,,1990,,,-23.633721,-46.69058475,,,,1,2023-06-20T05:27:26+00:00
SAO_707A-10,São Paulo,3550308,True,,1990,,,-23.6677405,-46.73030275,,,,1,2023-06-20T05:27:14+00:00
SAO_707A-10,São Paulo,3550308,True,,1990,,,-23.69138175,-46.77535775,,,,1,2023-06-20T05:27:05+00:00
SAO_778R-10,São Paulo,3550308,True,,33277,,,-23.586267499999998,-46.804058,,,,2,2023-06-20T05:27:05+00:00
SAO_778R-10,São Paulo,3550308,True,,33277,,,-23.571585875,-46.706313124999994,,,,2,2023-06-20T05:27:28+00:00
SAO_778R-10,São Paulo,3550308,True,,33277,,,-23.5754325,-46.7176135,,,,2,2023-06-20T05:27:01+00:00
SAO_778R-10,São Paulo,3550308,True,,33277,,,-23.554876,-46.662072499999994,,,,2,2023-06-20T05:27:18+00:00
SAO_1177-10,São Paulo,3550308,True,,129,,,-23.50790725,-46.49244475,,,,1,2023-06-20T05:26:54+00:00
SAO_1177-10,São Paulo,3550308,True,,129,,,-23.518318999999998,-46.4758545,,,,1,2023-06-20T05:27:12+00:00
SAO_1177-10,São Paulo,3550308,True,,129,,,-23.5182155,-46.617661,,,,1,2023-06-20T05:27:20+00:00
SAO_1177-10,São Paulo,3550308,True,,129,,,-23.518318999999998,-46.4758545,,,,1,2023-06-20T05:27:05+00:00
SAO_1743-10,São Paulo,3550308,True,EMTU,543,https://moovitapp.com/index/pt-br/transporte_p%C3%BAblico-line-543-Sao_Paulo-242-2038937-36419552-0,5.15,-23.506689124999998,-46.624998625,,,,1,2023-06-20T05:26:47+00:00
SAO_2552-10,São Paulo,3550308,True,,142,,,-23.532635749999997,-46.56256275,,,,1,2023-06-20T05:24:10+00:00
SAO_2552-10,São Paulo,3550308,True,,142,,,-23.485087937499998,-46.4345186875,,,,1,2023-06-20T05:26:54+00:00
SAO_2552-10,São Paulo,3550308,True,,142,,,-23.5143955,-46.519346999999996,,,,1,2023-06-20T05:26:51+00:00
SAO_2552-10,São Paulo,3550308,True,,142,,,-23.546727,-46.629723999999996,,,,1,2023-06-20T05:26:37+00:00
SAO_2552-10,São Paulo,3550308,True,,142,,,-23.4989695,-46.467532,,,,1,2023-06-20T05:27:11+00:00
SAO_637R-10,São Paulo,3550308,True,,32964,,,-23.671547,-46.7411115,,,,2,2023-06-20T05:27:19+00:00
SAO_637R-10,São Paulo,3550308,True,,32964,,,-23.714239499999998,-46.7770455,,,,2,2023-06-20T05:26:57+00:00
SAO_637R-10,São Paulo,3550308,True,,32964,,,-23.720212500000002,-46.769873624999995,,,,2,2023-06-20T05:27:26+00:00
SAO_637R-10,São Paulo,3550308,True,,32964,,,-23.6540115,-46.7103915,,,,2,2023-06-20T05:27:26+00:00
SAO_637R-10,São Paulo,3550308,True,,32964,,,-23.713494,-46.778659000000005,,,,2,2023-06-20T05:27:17+00:00
SAO_253F-10,São Paulo,3550308,True,EMTU,158,https://moovitapp.com/index/pt-br/transporte_p%C3%BAblico-line-158-Sao_Paulo-242-2038937-36419303-0,7.45,-23.5185795,-46.475586,,,,1,2023-06-20T05:27:15+00:00
SAO_253F-10,São Paulo,3550308,True,EMTU,158,https://moovitapp.com/index/pt-br/transporte_p%C3%BAblico-line-158-Sao_Paulo-242-2038937-36419303-0,7.45,-23.549228499999998,-46.447436499999995,,,,1,2023-06-20T05:27:28+00:00
SAO_253F-10,São Paulo,3550308,True,EMTU,158,https://moovitapp.com/index/pt-br/transporte_p%C3%BAblico-line-158-Sao_Paulo-242-2038937-36419303-0,7.45,-23.59877975,-46.465431249999995,,,,1,2023-06-20T05:27:16+00:00
SAO_4312-10,São Paulo,3550308,True,,2172,,,-23.543107,-46.628366,,,,1,2023-06-20T05:27:19+00:00
SAO_4312-10,São Paulo,3550308,True,,2172,,,-23.5323125,-46.535538,,,,1,2023-06-20T05:27:09+00:00
SAO_4312-10,São Paulo,3550308,True,,2172,,,-23.566869750000002,-46.495429,,,,1,2023-06-20T05:24:00+00:00
SAO_4312-10,São Paulo,3550308,True,,2172,,,-23.542463750000003,-46.51073275,,,,1,2023-06-20T05:27:23+00:00
SAO_874C-10,São Paulo,3550308,True,,477,,,-23.5540545,-46.67109425,,,,1,2023-06-20T05:27:09+00:00
SAO_874C-10,São Paulo,3550308,True,,477,,,-23.5539965,-46.754574,,,,1,2023-06-20T05:27:19+00:00
SAO_3025-10,São Paulo,3550308,True,,961,,,-23.542544,-46.4158275,,,,1,2023-06-20T05:26:46+00:00
SAO_3025-10,São Paulo,3550308,True,,961,,,-23.5600345,-46.4156875,,,,1,2023-06-20T05:26:54+00:00
SAO_3025-10,São Paulo,3550308,True,,961,,,-23.57246475,-46.3943525,,,,1,2023-06-20T05:27:27+00:00
SAO_714C-10,São Paulo,3550308,True,,33255,,,-23.576978,-46.722523499999994,,,,2,2023-06-20T05:27:29+00:00
SAO_714C-10,São Paulo,3550308,True,,33255,,,-23.595788,-46.7893465,,,,2,2023-06-20T05:27:26+00:00
SAO_573A-10,São Paulo,3550308,True,,34405,,,-23.5469055,-46.6063945,,,,2,2023-06-20T05:27:06+00:00
SAO_573A-10,São Paulo,3550308,True,,34405,,,-23.5469055,-46.6063945,,,,2,2023-06-20T05:27:06+00:00
SAO_573A-10,São Paulo,3550308,True,,34405,,,-23.59300275,-46.57938375,,,,2,2023-06-20T05:27:01+00:00
SAO_172K-10,São Paulo,3550308,True,,857,,,-23.4748405,-46.590761,,,,1,2023-06-20T05:27:09+00:00
SAO_172K-10,São Paulo,3550308,True,,857,,,-23.5074685,-46.5949805,,,,1,2023-06-20T05:27:14+00:00
SAO_172K-10,São Paulo,3550308,True,,857,,,-23.527914000000003,-46.597224,,,,1,2023-06-20T05:27:12+00:00
SAO_4030-10,São Paulo,3550308,True,,33868,,,-23.6142945,-46.48500475,,,,2,2023-06-20T05:27:20+00:00
SAO_4030-10,São Paulo,3550308,True,,33868,,,-23.56465375,-46.505956,,,,2,2023-06-20T05:26:56+00:00
SAO_4030-10,São Paulo,3550308,True,,33868,,,-23.6101665,-46.485129,,,,2,2023-06-20T05:27:20+00:00
SAO_1783-10,São Paulo,3550308,True,,644,,,-23.42013,-46.588570000000004,,,,1,2023-06-20T05:27:12+00:00
SAO_1783-10,São Paulo,3550308,True,,644,,,-23.3987925,-46.5782825,,,,1,2023-06-20T05:27:26+00:00
SAO_1783-10,São Paulo,3550308,True,,644,,,-23.501943500000003,-46.6235805,,,,1,2023-06-20T05:26:52+00:00
SAO_1783-10,São Paulo,3550308,True,,644,,,-23.470223,-46.605329499999996,,,,1,2023-06-20T05:27:21+00:00
SAO_607C-10,São Paulo,3550308,True,,34745,,,-23.640461000000002,-46.6764835,,,,2,2023-06-20T05:25:12+00:00
SAO_607C-10,São Paulo,3550308,True,,34745,,,-23.5897885,-46.6880525,,,,2,2023-06-20T05:27:04+00:00
SAO_607C-10,São Paulo,3550308,True,,34745,,,-23.61237275,-46.6955505,,,,2,2023-06-20T05:27:23+00:00
SAO_607C-10,São Paulo,3550308,True,,34745,,,-23.6787895,-46.6407645,,,,2,2023-06-20T05:26:50+00:00
SAO_6078-10,São Paulo,3550308,True,,1166,,,-23.7531775,-46.681760499999996,,,,1,2023-06-20T05:27:09+00:00
SAO_6078-10,São Paulo,3550308,True,,1166,,,-23.674795500000002,-46.678436500000004,,,,1,2023-06-20T05:27:23+00:00
SAO_6078-10,São Paulo,3550308,True,,1166,,,-23.705854625,-46.700533875,,,,1,2023-06-20T05:27:12+00:00
SAO_6039-10,São Paulo,3550308,True,,1217,,,-23.660220000000002,-46.776787,,,,1,2023-06-20T05:26:49+00:00
SAO_6039-10,São Paulo,3550308,True,,1217,,,-23.644886,-46.71169475,,,,1,2023-06-20T05:27:05+00:00
SAO_5757-51,São Paulo,3550308,True,,34744,,,-23.635112499999998,-46.640995000000004,,,,2,2023-06-20T05:25:43+00:00
SAO_5757-51,São Paulo,3550308,True,,34744,,,-23.70771575,-46.6411915,,,,2,2023-06-20T05:22:44+00:00
SAO_5757-51,São Paulo,3550308,True,,34744,,,-23.70771575,-46.6411915,,,,2,2023-06-20T05:26:20+00:00
SAO_5757-51,São Paulo,3550308,True,,34744,,,-23.6721485,-46.645281999999995,,,,2,2023-06-20T05:26:49+00:00
SAO_5757-51,São Paulo,3550308,True,,34744,,,-23.635112499999998,-46.640995000000004,,,,2,2023-06-20T05:27:08+00:00
SAO_5757-51,São Paulo,3550308,True,,34744,,,-23.706456000000003,-46.64145,,,,2,2023-06-20T05:27:02+00:00
SAO_5757-51,São Paulo,3550308,True,,34744,,,-23.707351,-46.641422000000006,,,,2,2023-06-20T05:26:54+00:00
SAO_5757-51,São Paulo,3550308,True,,34744,,,-23.635112499999998,-46.640995000000004,,,,2,2023-06-20T05:27:19+00:00
SAO_5757-51,São Paulo,3550308,True,,34744,,,-23.708666,-46.6409,,,,2,2023-06-20T05:24:09+00:00
SAO_5757-51,São Paulo,3550308,True,,34744,,,-23.635112499999998,-46.640995000000004,,,,2,2023-06-20T05:26:51+00:00
SAO_5757-51,São Paulo,3550308,True,,34744,,,-23.635112499999998,-46.640995000000004,,,,2,2023-06-20T05:26:54+00:00
SAO_5119-10,São Paulo,3550308,True,,32769,,,-23.64505,-46.7459375,,,,2,2023-06-20T05:27:27+00:00
SAO_5119-10,São Paulo,3550308,True,,32769,,,-23.654559499999998,-46.761131500000005,,,,2,2023-06-20T05:27:06+00:00
SAO_5119-10,São Paulo,3550308,True,,32769,,,-23.62777075,-46.73582825,,,,2,2023-06-20T05:27:09+00:00
SAO_5119-10,São Paulo,3550308,True,,32769,,,-23.5834435,-46.682930999999996,,,,2,2023-06-20T05:26:48+00:00
SAO_5119-10,São Paulo,3550308,True,,32769,,,-23.551664000000002,-46.6372965,,,,2,2023-06-20T05:26:51+00:00
SAO_5119-10,São Paulo,3550308,True,,32769,,,-23.637571,-46.73689575,,,,2,2023-06-20T05:27:17+00:00
SAO_5119-10,São Paulo,3550308,True,,32769,,,-23.5637695,-46.6461975,,,,2,2023-06-20T05:27:13+00:00
SAO_5119-10,São Paulo,3550308,True,,32769,,,-23.5957915,-46.708076500000004,,,,2,2023-06-20T05:26:57+00:00
SAO_407E-10,São Paulo,3550308,True,,2215,,,-23.593103,-46.4663755,,,,1,2023-06-20T05:26:47+00:00
SAO_407E-10,São Paulo,3550308,True,,2215,,,-23.55382675,-46.517827249999996,,,,1,2023-06-20T05:27:00+00:00
SAO_407E-10,São Paulo,3550308,True,,2215,,,-23.5386495,-46.5641825,,,,1,2023-06-20T05:25:48+00:00
SAO_407E-10,São Paulo,3550308,True,,2215,,,-23.624915,-46.4616325,,,,1,2023-06-20T05:26:37+00:00
SAO_407E-10,São Paulo,3550308,True,,2215,,,-23.62907175,-46.444954249999995,,,,1,2023-06-20T05:27:06+00:00
SAO_3054-10,São Paulo,3550308,True,,33743,,,-23.594739,-46.4462135,,,,2,2023-06-20T05:26:48+00:00
SAO_3054-10,São Paulo,3550308,True,,33743,,,-23.609925,-46.407969,,,,2,2023-06-20T05:27:00+00:00
SAO_3054-10,São Paulo,3550308,True,,33743,,,-23.596132124999997,-46.453888500000005,,,,2,2023-06-20T05:26:49+00:00
SAO_3054-10,São Paulo,3550308,True,,33743,,,-23.6117105,-46.476273000000006,,,,2,2023-06-20T05:27:21+00:00
SAO_5038-10,São Paulo,3550308,True,,34429,,,-23.637031999999998,-46.606917499999994,,,,2,2023-06-20T05:27:13+00:00
SAO_5038-10,São Paulo,3550308,True,,34429,,,-23.650012,-46.6139055,,,,2,2023-06-20T05:27:06+00:00
SAO_5038-10,São Paulo,3550308,True,,34429,,,-23.652755499999998,-46.602143,,,,2,2023-06-20T05:27:09+00:00
SAO_7023-10,São Paulo,3550308,True,,34920,,,-23.688672000000004,-46.75831825,,,,2,2023-06-20T05:26:59+00:00
SAO_7023-10,São Paulo,3550308,True,,34920,,,-23.699816,-46.763608,,,,2,2023-06-20T05:27:19+00:00
SAO_7023-10,São Paulo,3550308,True,,34920,,,-23.6540225,-46.711386000000005,,,,2,2023-06-20T05:27:13+00:00
SAO_1178-10,São Paulo,3550308,True,,132,,,-23.527805999999998,-46.5856915,,,,1,2023-06-20T05:26:59+00:00
SAO_1178-10,São Paulo,3550308,True,,132,,,-23.496131,-46.511404999999996,,,,1,2023-06-20T05:27:07+00:00
SAO_1178-10,São Paulo,3550308,True,,132,,,-23.513538750000002,-46.545883125,,,,1,2023-06-20T05:27:17+00:00
SAO_1178-10,São Paulo,3550308,True,,132,,,-23.504322000000002,-46.433214,,,,1,2023-06-20T05:27:12+00:00
SAO_1178-10,São Paulo,3550308,True,,132,,,-23.49854975,-46.46491025,,,,1,2023-06-20T05:27:05+00:00
SAO_1178-10,São Paulo,3550308,True,,132,,,-23.49349925,-46.44091225,,,,1,2023-06-20T05:27:21+00:00
SAO_1178-10,São Paulo,3550308,True,,132,,,-23.534784625,-46.63364337499999,,,,1,2023-06-20T05:27:02+00:00
SAO_1178-10,São Paulo,3550308,True,,132,,,-23.495825500000002,-46.509727,,,,1,2023-06-20T05:26:53+00:00
SAO_4310-10,São Paulo,3550308,True,,34928,,,-23.5493125,-46.629169000000005,,,,2,2023-06-20T05:27:19+00:00
SAO_4310-10,São Paulo,3550308,True,,34928,,,-23.535165125,-46.5492345,,,,2,2023-06-20T05:26:38+00:00
SAO_4310-10,São Paulo,3550308,True,,34928,,,-23.530545875,-46.5186255,,,,2,2023-06-20T05:27:05+00:00
SAO_4310-10,São Paulo,3550308,True,,34928,,,-23.539942,-46.461380500000004,,,,2,2023-06-20T05:26:54+00:00
SAO_4310-10,São Paulo,3550308,True,,34928,,,-23.550840625,-46.607437499999996,,,,2,2023-06-20T05:27:13+00:00
SAO_4310-10,São Paulo,3550308,True,,34928,,,-23.538682,-46.565627500000005,,,,2,2023-06-20T05:27:13+00:00
SAO_4310-10,São Paulo,3550308,True,,34928,,,-23.535671999999998,-46.4544545,,,,2,2023-06-20T05:27:24+00:00
SAO_4310-10,São Paulo,3550308,True,,34928,,,-23.536887,-46.487095499999995,,,,2,2023-06-20T05:26:54+00:00
SAO_8548-10,São Paulo,3550308,True,,33346,,,-23.509054999999996,-46.689615374999995,,,,2,2023-06-20T05:27:16+00:00
SAO_8548-10,São Paulo,3550308,True,,33346,,,-23.454129,-46.6966465,,,,2,2023-06-20T05:27:00+00:00
SAO_6051-10,São Paulo,3550308,True,,33911,,,-23.7621455,-46.689133,,,,2,2023-06-20T05:27:25+00:00
SAO_6051-10,São Paulo,3550308,True,,33911,,,-23.7621455,-46.689133,,,,2,2023-06-20T05:26:49+00:00
SAO_809P-10,São Paulo,3550308,True,,34659,,,-23.609004,-46.751954250000004,,,,2,2023-06-20T05:27:18+00:00
SAO_809P-10,São Paulo,3550308,True,,34659,,,-23.571602375,-46.696492875000004,,,,2,2023-06-20T05:27:21+00:00
SAO_809P-10,São Paulo,3550308,True,,34659,,,-23.6313825,-46.77286,,,,2,2023-06-20T05:27:01+00:00
SAO_809P-10,São Paulo,3550308,True,,34659,,,-23.631258,-46.773112999999995,,,,2,2023-06-20T05:26:59+00:00
SAO_574R-10,São Paulo,3550308,True,,34391,,,-23.581949,-46.5368435,,,,2,2023-06-20T05:26:23+00:00
SAO_574R-10,São Paulo,3550308,True,,34391,,,-23.557589,-46.578146000000004,,,,2,2023-06-20T05:27:28+00:00
SAO_574R-10,São Paulo,3550308,True,,34391,,,-23.614496,-46.500415000000004,,,,2,2023-06-20T05:27:21+00:00
SAO_8707-10,São Paulo,3550308,True,,2064,,,-23.5355075,-46.644417000000004,,,,1,2023-06-20T05:27:30+00:00
SAO_8707-10,São Paulo,3550308,True,,2064,,,-23.571023,-46.740059,,,,1,2023-06-20T05:27:28+00:00
SAO_8707-10,São Paulo,3550308,True,,2064,,,-23.56103375,-46.67276375,,,,1,2023-06-20T05:27:31+00:00
SAO_8707-10,São Paulo,3550308,True,,2064,,,-23.5630215,-46.7474445,,,,1,2023-06-20T05:26:46+00:00
SAO_2727-10,São Paulo,3550308,True,,942,,,-23.5224775,-46.4622415,,,,1,2023-06-20T05:26:53+00:00
SAO_2727-10,São Paulo,3550308,True,,942,,,-23.540153,-46.483096,,,,1,2023-06-20T05:26:55+00:00
SAO_2727-10,São Paulo,3550308,True,,942,,,-23.540153,-46.483096,,,,1,2023-06-20T05:27:00+00:00
SAO_2727-10,São Paulo,3550308,True,,942,,,-23.540153,-46.483096,,,,1,2023-06-20T05:27:13+00:00
SAO_2727-10,São Paulo,3550308,True,,942,,,-23.540153,-46.483096,,,,1,2023-06-20T05:27:06+00:00
SAO_2727-10,São Paulo,3550308,True,,942,,,-23.540153,-46.483096,,,,1,2023-06-20T05:27:24+00:00
SAO_2727-10,São Paulo,3550308,True,,942,,,-23.530327749999998,-46.466577,,,,1,2023-06-20T05:26:53+00:00
SAO_6074-10,São Paulo,3550308,True,,33929,,,-23.7345775,-46.694962000000004,,,,2,2023-06-20T05:26:51+00:00
SAO_6074-10,São Paulo,3550308,True,,33929,,,-23.687095499999998,-46.6950015,,,,2,2023-06-20T05:27:27+00:00
SAO_6074-10,São Paulo,3550308,True,,33929,,,-23.734608,-46.6640375,,,,2,2023-06-20T05:27:14+00:00
SAO_6074-10,São Paulo,3550308,True,,33929,,,-23.755194,-46.6776735,,,,2,2023-06-20T05:26:50+00:00
SAO_6074-10,São Paulo,3550308,True,,33929,,,-23.67681325,-46.700844249999996,,,,2,2023-06-20T05:27:11+00:00
SAO_3686-10,São Paulo,3550308,True,,32934,,,-23.559947,-46.4038685,,,,2,2023-06-20T05:26:43+00:00
SAO_3686-10,São Paulo,3550308,True,,32934,,,-23.536217,-46.4669085,,,,2,2023-06-20T05:27:02+00:00
SAO_3686-10,São Paulo,3550308,True,,32934,,,-23.55986625,-46.40348975,,,,2,2023-06-20T05:27:28+00:00
SAO_3686-10,São Paulo,3550308,True,,32934,,,-23.531703,-46.5218645,,,,2,2023-06-20T05:26:58+00:00
SAO_5791-10,São Paulo,3550308,True,,607,,,-23.577326,-46.6407295,,,,1,2023-06-20T05:27:10+00:00
SAO_5791-10,São Paulo,3550308,True,,607,,,-23.634219,-46.641591000000005,,,,1,2023-06-20T05:27:16+00:00
SAO_5791-10,São Paulo,3550308,True,,607,,,-23.64773,-46.639996,,,,1,2023-06-20T05:27:20+00:00
SAO_5791-10,São Paulo,3550308,True,,607,,,-23.5661045,-46.639675249999996,,,,1,2023-06-20T05:27:16+00:00
SAO_5791-10,São Paulo,3550308,True,,607,,,-23.710179,-46.627857500000005,,,,1,2023-06-20T05:26:49+00:00
SAO_6016-10,São Paulo,3550308,True,,84,,,-23.737090000000002,-46.697100000000006,,,,1,2023-06-20T05:26:59+00:00
SAO_6016-10,São Paulo,3550308,True,,84,,,-23.7661435,-46.683991500000005,,,,1,2023-06-20T05:27:29+00:00
SAO_4006-10,São Paulo,3550308,True,,34948,,,-23.617048,-46.430669,,,,2,2023-06-20T05:25:59+00:00
SAO_4006-10,São Paulo,3550308,True,,34948,,,-23.597508125,-46.43578525,,,,2,2023-06-20T05:27:08+00:00
SAO_574A-10,São Paulo,3550308,True,Rápido Campinas,602,https://moovitapp.com/index/pt-br/transporte_p%C3%BAblico-line-602-Sao_Paulo-242-858660-638986-0,5.3,-23.6363215,-46.641154,,,,1,2023-06-20T05:26:52+00:00
SAO_574A-10,São Paulo,3550308,True,Rápido Campinas,602,https://moovitapp.com/index/pt-br/transporte_p%C3%BAblico-line-602-Sao_Paulo-242-858660-638986-0,5.3,-23.5654535,-46.61330425,,,,1,2023-06-20T05:27:24+00:00
SAO_4313-10,São Paulo,3550308,True,,2173,,,-23.5471805,-46.629935,,,,1,2023-06-20T05:27:27+00:00
SAO_4313-10,São Paulo,3550308,True,,2173,,,-23.546832000000002,-46.6301665,,,,1,2023-06-20T05:22:16+00:00
SAO_4313-10,São Paulo,3550308,True,,2173,,,-23.5790835,-46.4936885,,,,1,2023-06-20T05:27:12+00:00
SAO_4313-10,São Paulo,3550308,True,,2173,,,-23.536997874999997,-46.558906625,,,,1,2023-06-20T05:27:23+00:00
SAO_4313-10,São Paulo,3550308,True,,2173,,,-23.559278499999998,-46.512997999999996,,,,1,2023-06-20T05:26:50+00:00
SAO_4313-10,São Paulo,3550308,True,,2173,,,-23.547401999999998,-46.629791999999995,,,,1,2023-06-20T05:27:24+00:00
SAO_4313-10,São Paulo,3550308,True,,2173,,,-23.5399025,-46.5415365,,,,1,2023-06-20T05:27:19+00:00
SAO_4313-10,São Paulo,3550308,True,,2173,,,-23.594988,-46.450514999999996,,,,1,2023-06-20T05:26:59+00:00
SAO_2766-10,São Paulo,3550308,True,,33173,,,-23.5205485,-46.3895395,,,,2,2023-06-20T05:26:43+00:00
SAO_2766-10,São Paulo,3550308,True,,33173,,,-23.539081875,-46.4548245,,,,2,2023-06-20T05:27:29+00:00
SAO_2766-10,São Paulo,3550308,True,,33173,,,-23.494884624999997,-46.41193787499999,,,,2,2023-06-20T05:27:09+00:00
SAO_2766-10,São Paulo,3550308,True,,33173,,,-23.5425775,-46.4719335,,,,2,2023-06-20T05:27:27+00:00
SAO_2766-10,São Paulo,3550308,True,,33173,,,-23.514619500000002,-46.4438655,,,,2,2023-06-20T05:26:59+00:00
SAO_2766-10,São Paulo,3550308,True,,33173,,,-23.5425775,-46.4719335,,,,2,2023-06-20T05:26:58+00:00
SAO_2766-10,São Paulo,3550308,True,,33173,,,-23.520533,-46.3894665,,,,2,2023-06-20T04:55:12+00:00
SAO_2766-10,São Paulo,3550308,True,,33173,,,-23.520543500000002,-46.389382499999996,,,,2,2023-06-20T05:21:23+00:00
SAO_576M-10,São Paulo,3550308,True,,33372,,,-23.6216085,-46.670081249999996,,,,2,2023-06-20T05:26:50+00:00
SAO_576M-10,São Paulo,3550308,True,,33372,,,-23.5982835,-46.670568,,,,2,2023-06-20T05:27:14+00:00
SAO_576M-10,São Paulo,3550308,True,,33372,,,-23.565585,-46.693946499999996,,,,2,2023-06-20T05:27:05+00:00
SAO_576M-10,São Paulo,3550308,True,,33372,,,-23.635889,-46.6414665,,,,2,2023-06-20T05:26:50+00:00
SAO_807M-10,São Paulo,3550308,True,,34684,,,-23.62450775,-46.764540999999994,,,,2,2023-06-20T05:26:55+00:00
SAO_807M-10,São Paulo,3550308,True,,34684,,,-23.609908500000003,-46.7054035,,,,2,2023-06-20T05:26:48+00:00
SAO_807M-10,São Paulo,3550308,True,,34684,,,-23.608437000000002,-46.750609499999996,,,,2,2023-06-20T05:26:53+00:00
SAO_807M-10,São Paulo,3550308,True,,34684,,,-23.6316405,-46.772316,,,,2,2023-06-20T05:27:01+00:00
SAO_2755-10,São Paulo,3550308,True,STT,233,https://moovitapp.com/index/pt-br/transporte_p%C3%BAblico-line-233-Sao_Paulo-242-850661-183266-0,5.3,-23.5126215,-46.432906,,,,1,2023-06-20T05:26:16+00:00
SAO_2755-10,São Paulo,3550308,True,STT,233,https://moovitapp.com/index/pt-br/transporte_p%C3%BAblico-line-233-Sao_Paulo-242-850661-183266-0,5.3,-23.535988500000002,-46.397650999999996,,,,1,2023-06-20T05:26:53+00:00
SAO_2755-10,São Paulo,3550308,True,STT,233,https://moovitapp.com/index/pt-br/transporte_p%C3%BAblico-line-233-Sao_Paulo-242-850661-183266-0,5.3,-23.5342475,-46.4167485,,,,1,2023-06-20T05:25:02+00:00
SAO_2755-10,São Paulo,3550308,True,STT,233,https://moovitapp.com/index/pt-br/transporte_p%C3%BAblico-line-233-Sao_Paulo-242-850661-183266-0,5.3,-23.5428845,-46.410059000000004,,,,1,2023-06-20T05:27:02+00:00
SAO_N703-11,São Paulo,3550308,True,,35176,,,-23.6902125,-46.773815,,,,2,2023-06-20T05:27:21+00:00
SAO_N703-11,São Paulo,3550308,True,,35176,,,-23.6901525,-46.774198999999996,,,,2,2023-06-20T05:26:48+00:00
SAO_3737-31,São Paulo,3550308,True,,1354,,,-23.540448499999997,-46.5118765,,,,1,2023-06-20T05:27:06+00:00
SAO_3737-10,São Paulo,3550308,True,,33805,,,-23.55643425,-46.5044985,,,,2,2023-06-20T05:26:45+00:00
SAO_3737-10,São Paulo,3550308,True,,33805,,,-23.5632475,-46.505516,,,,2,2023-06-20T05:27:27+00:00
SAO_938V-10,São Paulo,3550308,True,,33581,,,-23.52277625,-46.69973975,,,,2,2023-06-20T05:27:09+00:00
SAO_938V-10,São Paulo,3550308,True,,33581,,,-23.452824999999997,-46.6848085,,,,2,2023-06-20T05:27:18+00:00
SAO_938V-10,São Paulo,3550308,True,,33581,,,-23.522478,-46.69588125,,,,2,2023-06-20T05:27:29+00:00
SAO_938V-10,São Paulo,3550308,True,,33581,,,-23.4680295,-46.6775685,,,,2,2023-06-20T05:26:53+00:00
SAO_374V-10,São Paulo,3550308,True,,1647,,,-23.5337065,-46.4548425,,,,1,2023-06-20T05:27:00+00:00
SAO_374V-10,São Paulo,3550308,True,,1647,,,-23.5423985,-46.469741,,,,1,2023-06-20T05:27:07+00:00
SAO_374V-10,São Paulo,3550308,True,,1647,,,-23.513074625,-46.454111999999995,,,,1,2023-06-20T05:27:02+00:00
SAO_6L08-10,São Paulo,3550308,True,,1182,,,-23.827348,-46.69764012499999,,,,1,2023-06-20T05:26:15+00:00
SAO_5035-10,São Paulo,3550308,True,,34436,,,-23.637159500000003,-46.592059,,,,2,2023-06-20T05:27:23+00:00
SAO_5035-10,São Paulo,3550308,True,,34436,,,-23.633423,-46.59101525,,,,2,2023-06-20T05:27:17+00:00
SAO_5035-10,São Paulo,3550308,True,,34436,,,-23.6026455,-46.603128999999996,,,,2,2023-06-20T05:27:27+00:00
SAO_4002-10,São Paulo,3550308,True,,34945,,,-23.5592195,-46.399505500000004,,,,2,2023-06-20T05:27:10+00:00
SAO_4002-10,São Paulo,3550308,True,,34945,,,-23.5577225,-46.399697,,,,2,2023-06-20T05:27:03+00:00
SAO_4002-10,São Paulo,3550308,True,,34945,,,-23.542409499999998,-46.417221,,,,2,2023-06-20T05:27:15+00:00
SAO_4002-10,São Paulo,3550308,True,,34945,,,-23.569913999999997,-46.4689225,,,,2,2023-06-20T05:25:15+00:00
SAO_2730-10,São Paulo,3550308,True,Urubupungá,945,https://moovitapp.com/index/pt-br/transporte_p%C3%BAblico-line-945-Sao_Paulo-242-873835-75841138-0,4.6,-23.5153095,-46.462634,,,,1,2023-06-20T05:27:25+00:00
SAO_2730-10,São Paulo,3550308,True,Urubupungá,945,https://moovitapp.com/index/pt-br/transporte_p%C3%BAblico-line-945-Sao_Paulo-242-873835-75841138-0,4.6,-23.540062499999998,-46.482594375,,,,1,2023-06-20T05:27:04+00:00
SAO_2730-10,São Paulo,3550308,True,Urubupungá,945,https://moovitapp.com/index/pt-br/transporte_p%C3%BAblico-line-945-Sao_Paulo-242-873835-75841138-0,4.6,-23.510564000000002,-46.447309000000004,,,,1,2023-06-20T05:27:02+00:00
SAO_2730-10,São Paulo,3550308,True,Urubupungá,945,https://moovitapp.com/index/pt-br/transporte_p%C3%BAblico-line-945-Sao_Paulo-242-873835-75841138-0,4.6,-23.539782000000002,-46.482977500000004,,,,1,2023-06-20T05:27:09+00:00
SAO_2730-10,São Paulo,3550308,True,Urubupungá,945,https://moovitapp.com/index/pt-br/transporte_p%C3%BAblico-line-945-Sao_Paulo-242-873835-75841138-0,4.6,-23.510564000000002,-46.447309000000004,,,,1,2023-06-20T05:27:24+00:00
SAO_4033-10,São Paulo,3550308,True,,1103,,,-23.618067,-46.457679,,,,1,2023-06-20T05:27:10+00:00
SAO_4033-10,São Paulo,3550308,True,,1103,,,-23.6138275,-46.501732000000004,,,,1,2023-06-20T05:27:18+00:00
SAO_4033-10,São Paulo,3550308,True,,1103,,,-23.6032955,-46.5422345,,,,1,2023-06-20T05:27:13+00:00
SAO_4033-10,São Paulo,3550308,True,,1103,,,-23.598816375,-46.524547125,,,,1,2023-06-20T05:27:19+00:00
SAO_4033-10,São Paulo,3550308,True,,1103,,,-23.6138875,-46.4714925,,,,1,2023-06-20T05:26:58+00:00
SAO_3732-10,São Paulo,3550308,True,,33797,,,-23.543956,-46.43481799999999,,,,2,2023-06-20T05:27:15+00:00
SAO_3732-10,São Paulo,3550308,True,,33797,,,-23.537938999999998,-46.45276375,,,,2,2023-06-20T05:27:06+00:00
SAO_3732-10,São Paulo,3550308,True,,33797,,,-23.540414875,-46.455729875,,,,2,2023-06-20T05:26:54+00:00
SAO_N704-11,São Paulo,3550308,True,,2409,,,-23.6541295,-46.712835999999996,,,,1,2023-06-20T05:27:21+00:00
SAO_971A-10,São Paulo,3550308,True,,33426,,,-23.500509,-46.649713000000006,,,,2,2023-06-20T05:27:12+00:00
SAO_971A-10,São Paulo,3550308,True,,33426,,,-23.4942625,-46.67763675,,,,2,2023-06-20T05:27:20+00:00
SAO_971A-10,São Paulo,3550308,True,,33426,,,-23.486301,-46.680533,,,,2,2023-06-20T05:26:53+00:00
SAO_6035-10,São Paulo,3550308,True,,1213,,,-23.72062,-46.7558005,,,,1,2023-06-20T05:26:54+00:00
SAO_6035-10,São Paulo,3550308,True,,1213,,,-23.669815749999998,-46.73685449999999,,,,1,2023-06-20T05:27:13+00:00
SAO_6035-10,São Paulo,3550308,True,,1213,,,-23.692511000000003,-46.7778525,,,,1,2023-06-20T05:27:19+00:00
SAO_6035-10,São Paulo,3550308,True,,1213,,,-23.6848355,-46.7700415,,,,1,2023-06-20T05:26:48+00:00
SAO_6035-10,São Paulo,3550308,True,,1213,,,-23.651206124999998,-46.704931125,,,,1,2023-06-20T05:26:47+00:00
SAO_403A-10,São Paulo,3550308,True,,34960,,,-23.556477375,-46.447955,,,,2,2023-06-20T05:26:57+00:00
SAO_403A-10,São Paulo,3550308,True,,34960,,,-23.5214985,-46.5498885,,,,2,2023-06-20T05:27:12+00:00
SAO_403A-10,São Paulo,3550308,True,,34960,,,-23.5492525,-46.5034025,,,,2,2023-06-20T05:26:44+00:00
SAO_403A-10,São Paulo,3550308,True,,34960,,,-23.540979,-46.4322935,,,,2,2023-06-20T05:26:46+00:00
SAO_6058-10,São Paulo,3550308,True,,1149,,,-23.7677755,-46.716359499999996,,,,1,2023-06-20T05:27:09+00:00
SAO_6058-10,São Paulo,3550308,True,,1149,,,-23.769851000000003,-46.676743,,,,1,2023-06-20T05:27:07+00:00
SAO_6034-10,São Paulo,3550308,True,,95,,,-23.755035499999998,-46.678661,,,,1,2023-06-20T05:27:29+00:00
SAO_6034-10,São Paulo,3550308,True,,95,,,-23.7531775,-46.681760499999996,,,,1,2023-06-20T05:27:04+00:00
SAO_408A-10,São Paulo,3550308,True,,33534,,,-23.570285249999998,-46.631818125,,,,2,2023-06-20T05:26:51+00:00
SAO_408A-10,São Paulo,3550308,True,,33534,,,-23.543692999999998,-46.672401,,,,2,2023-06-20T05:27:02+00:00
SAO_408A-10,São Paulo,3550308,True,,33534,,,-23.545004749999997,-46.658477250000004,,,,2,2023-06-20T05:26:52+00:00
SAO_2704-10,São Paulo,3550308,True,,916,,,-23.5139715,-46.425287,,,,1,2023-06-20T05:26:51+00:00
SAO_2704-10,São Paulo,3550308,True,,916,,,-23.5198535,-46.41966,,,,1,2023-06-20T05:27:21+00:00
SAO_2704-10,São Paulo,3550308,True,,916,,,-23.542716,-46.469168499999995,,,,1,2023-06-20T05:26:43+00:00
SAO_2704-10,São Paulo,3550308,True,,916,,,-23.526659000000002,-46.409887999999995,,,,1,2023-06-20T05:27:25+00:00
SAO_2704-10,São Paulo,3550308,True,,916,,,-23.5198535,-46.41966,,,,1,2023-06-20T05:27:06+00:00
SAO_6061-10,São Paulo,3550308,True,,33918,,,-23.7822775,-46.681824,,,,2,2023-06-20T05:27:08+00:00
SAO_6061-10,São Paulo,3550308,True,,33918,,,-23.757948,-46.68446575,,,,2,2023-06-20T05:27:02+00:00
SAO_5106-31,São Paulo,3550308,True,,34073,,,-23.59335,-46.642191249999996,,,,2,2023-06-20T05:27:22+00:00
SAO_5106-31,São Paulo,3550308,True,,34073,,,-23.688164999999998,-46.642827,,,,2,2023-06-20T05:21:06+00:00
SAO_5106-31,São Paulo,3550308,True,,34073,,,-23.6128635,-46.644442,,,,2,2023-06-20T05:25:21+00:00
SAO_5106-31,São Paulo,3550308,True,,34073,,,-23.687800000000003,-46.6546095,,,,2,2023-06-20T05:26:56+00:00
SAO_3112-10,São Paulo,3550308,True,,1080,,,-23.589235000000002,-46.5440805,,,,1,2023-06-20T05:27:20+00:00
SAO_3112-10,São Paulo,3550308,True,,1080,,,-23.545469875000002,-46.58761725000001,,,,1,2023-06-20T05:27:15+00:00
SAO_2123-10,São Paulo,3550308,True,,692,,,-23.498455,-46.595376,,,,1,2023-06-20T05:27:27+00:00
SAO_2123-10,São Paulo,3550308,True,,692,,,-23.4880315,-46.5828975,,,,1,2023-06-20T05:26:47+00:00
SAO_5127-10,São Paulo,3550308,True,,33895,,,-23.692935,-46.660601,,,,2,2023-06-20T05:27:11+00:00
SAO_5127-10,São Paulo,3550308,True,,33895,,,-23.677825,-46.701614500000005,,,,2,2023-06-20T05:26:19+00:00
SAO_5127-10,São Paulo,3550308,True,,33895,,,-23.6811425,-46.6818665,,,,2,2023-06-20T05:26:48+00:00
SAO_5127-10,São Paulo,3550308,True,,33895,,,-23.677825,-46.701614500000005,,,,2,2023-06-20T05:27:21+00:00
SAO_5127-10,São Paulo,3550308,True,,33895,,,-23.677825,-46.701614500000005,,,,2,2023-06-20T05:26:49+00:00
SAO_5127-10,São Paulo,3550308,True,,33895,,,-23.702263000000002,-46.639984,,,,2,2023-06-20T05:27:03+00:00
SAO_5127-10,São Paulo,3550308,True,,33895,,,-23.677825,-46.701614500000005,,,,2,2023-06-20T05:23:04+00:00
SAO_5127-10,São Paulo,3550308,True,,33895,,,-23.677825,-46.701614500000005,,,,2,2023-06-20T05:27:27+00:00
SAO_9784-10,São Paulo,3550308,True,EMTU,827,https://moovitapp.com/index/pt-br/transporte_p%C3%BAblico-line-827-Sao_Paulo-242-2038937-36419596-0,12.1,-23.4503535,-46.683854999999994,,,,1,2023-06-20T05:26:49+00:00
SAO_9784-10,São Paulo,3550308,True,EMTU,827,https://moovitapp.com/index/pt-br/transporte_p%C3%BAblico-line-827-Sao_Paulo-242-2038937-36419596-0,12.1,-23.487518,-46.65256,,,,1,2023-06-20T05:26:58+00:00
SAO_9784-10,São Paulo,3550308,True,EMTU,827,https://moovitapp.com/index/pt-br/transporte_p%C3%BAblico-line-827-Sao_Paulo-242-2038937-36419596-0,12.1,-23.5185155,-46.667335375,,,,1,2023-06-20T05:27:19+00:00
SAO_N603-11,São Paulo,3550308,True,,35162,,,-23.5665885,-46.701569500000005,,,,2,2023-06-20T05:26:45+00:00
SAO_128Y-10,São Paulo,3550308,True,EMTU,843,https://moovitapp.com/index/pt-br/transporte_p%C3%BAblico-line-843-Sao_Paulo-242-2038937-36419606-0,4.1,-23.467089,-46.668965,,,,1,2023-06-20T05:27:24+00:00
SAO_128Y-10,São Paulo,3550308,True,EMTU,843,https://moovitapp.com/index/pt-br/transporte_p%C3%BAblico-line-843-Sao_Paulo-242-2038937-36419606-0,4.1,-23.519586,-46.701313999999996,,,,1,2023-06-20T05:27:27+00:00
SAO_128Y-10,São Paulo,3550308,True,EMTU,843,https://moovitapp.com/index/pt-br/transporte_p%C3%BAblico-line-843-Sao_Paulo-242-2038937-36419606-0,4.1,-23.4577015,-46.6729265,,,,1,2023-06-20T05:27:04+00:00
SAO_707K-10,São Paulo,3550308,True,,2503,,,-23.6477145,-46.6385,,,,1,2023-06-20T05:27:13+00:00
SAO_707K-10,São Paulo,3550308,True,,2503,,,-23.649073,-46.6630605,,,,1,2023-06-20T05:26:51+00:00
SAO_6063-41,São Paulo,3550308,True,,34541,,,-23.787596999999998,-46.679432,,,,2,2023-06-20T05:26:47+00:00
SAO_6063-41,São Paulo,3550308,True,,34541,,,-23.776175000000002,-46.69686,,,,2,2023-06-20T05:27:22+00:00
SAO_6063-41,São Paulo,3550308,True,,34541,,,-23.787911,-46.680079,,,,2,2023-06-20T05:27:16+00:00
SAO_6063-41,São Paulo,3550308,True,,34541,,,-23.774012,-46.705122,,,,2,2023-06-20T05:27:16+00:00
SAO_6063-41,São Paulo,3550308,True,,34541,,,-23.787551999999998,-46.679802,,,,2,2023-06-20T05:27:13+00:00
SAO_9784-10,São Paulo,3550308,True,,33595,,,-23.490522499999997,-46.655308250000004,,,,2,2023-06-20T05:27:17+00:00
SAO_9784-10,São Paulo,3550308,True,,33595,,,-23.4507675,-46.683319374999996,,,,2,2023-06-20T05:27:02+00:00
SAO_9784-10,São Paulo,3550308,True,,33595,,,-23.4644545,-46.6678605,,,,2,2023-06-20T05:26:54+00:00
SAO_9784-10,São Paulo,3550308,True,,33595,,,-23.462386000000002,-46.6699585,,,,2,2023-06-20T05:27:13+00:00
SAO_4053-10,São Paulo,3550308,True,,2146,,,-23.5529695,-46.3943265,,,,1,2023-06-20T05:26:54+00:00
SAO_4053-10,São Paulo,3550308,True,,2146,,,-23.553117999999998,-46.394191,,,,1,2023-06-20T05:26:57+00:00
SAO_7059-10,São Paulo,3550308,True,,1924,,,-23.648337499999997,-46.779033,,,,1,2023-06-20T05:26:46+00:00
SAO_6036-10,São Paulo,3550308,True,,1214,,,-23.6538115,-46.789655499999995,,,,1,2023-06-20T05:27:18+00:00
SAO_6036-10,São Paulo,3550308,True,,1214,,,-23.65376725,-46.79044725,,,,1,2023-06-20T05:27:01+00:00
SAO_6036-10,São Paulo,3550308,True,,1214,,,-23.6538115,-46.789655499999995,,,,1,2023-06-20T05:27:01+00:00
SAO_6036-10,São Paulo,3550308,True,,1214,,,-23.64209925,-46.710427499999994,,,,1,2023-06-20T05:26:59+00:00
SAO_6036-10,São Paulo,3550308,True,,1214,,,-23.653551,-46.777357,,,,1,2023-06-20T05:26:55+00:00
SAO_273G-10,São Paulo,3550308,True,EMTU,223,https://moovitapp.com/index/pt-br/transporte_p%C3%BAblico-line-223-Sao_Paulo-242-2038937-36419342-0,5.2,-23.481482999999997,-46.415986000000004,,,,1,2023-06-20T05:27:28+00:00
SAO_273G-10,São Paulo,3550308,True,EMTU,223,https://moovitapp.com/index/pt-br/transporte_p%C3%BAblico-line-223-Sao_Paulo-242-2038937-36419342-0,5.2,-23.523279625,-46.475253249999994,,,,1,2023-06-20T05:27:02+00:00
SAO_273G-10,São Paulo,3550308,True,EMTU,223,https://moovitapp.com/index/pt-br/transporte_p%C3%BAblico-line-223-Sao_Paulo-242-2038937-36419342-0,5.2,-23.481482999999997,-46.415986000000004,,,,1,2023-06-20T05:27:26+00:00
SAO_273G-10,São Paulo,3550308,True,EMTU,223,https://moovitapp.com/index/pt-br/transporte_p%C3%BAblico-line-223-Sao_Paulo-242-2038937-36419342-0,5.2,-23.481482999999997,-46.415986000000004,,,,1,2023-06-20T05:25:37+00:00
SAO_273G-10,São Paulo,3550308,True,EMTU,223,https://moovitapp.com/index/pt-br/transporte_p%C3%BAblico-line-223-Sao_Paulo-242-2038937-36419342-0,5.2,-23.5033495,-46.471968000000004,,,,1,2023-06-20T05:26:49+00:00
SAO_273G-10,São Paulo,3550308,True,EMTU,223,https://moovitapp.com/index/pt-br/transporte_p%C3%BAblico-line-223-Sao_Paulo-242-2038937-36419342-0,5.2,-23.4814825,-46.415851,,,,1,2023-06-20T05:27:05+00:00
SAO_273G-10,São Paulo,3550308,True,EMTU,223,https://moovitapp.com/index/pt-br/transporte_p%C3%BAblico-line-223-Sao_Paulo-242-2038937-36419342-0,5.2,-23.482613,-46.431856249999996,,,,1,2023-06-20T05:27:03+00:00
SAO_971V-10,São Paulo,3550308,True,,33387,,,-23.4501345,-46.6846185,,,,2,2023-06-20T05:27:11+00:00
SAO_971V-10,São Paulo,3550308,True,,33387,,,-23.451152999999998,-46.690967,,,,2,2023-06-20T05:27:25+00:00
SAO_971V-10,São Paulo,3550308,True,,33387,,,-23.4813695,-46.673145500000004,,,,2,2023-06-20T05:27:14+00:00
SAO_971V-10,São Paulo,3550308,True,,33387,,,-23.50020225,-46.63184675,,,,2,2023-06-20T05:27:02+00:00
SAO_971V-10,São Paulo,3550308,True,,33387,,,-23.511432499999998,-46.6242005,,,,2,2023-06-20T05:27:11+00:00
SAO_209P-10,São Paulo,3550308,True,,2216,,,-23.470273249999998,-46.67058300000001,,,,1,2023-06-20T05:26:56+00:00
SAO_209P-10,São Paulo,3550308,True,,2216,,,-23.565806000000002,-46.7018425,,,,1,2023-06-20T05:26:57+00:00
SAO_209P-10,São Paulo,3550308,True,,2216,,,-23.566276000000002,-46.702037000000004,,,,1,2023-06-20T05:27:22+00:00
SAO_209P-10,São Paulo,3550308,True,,2216,,,-23.531152,-46.6772245,,,,1,2023-06-20T05:26:50+00:00
SAO_6816-31,São Paulo,3550308,True,,1748,,,-23.653212,-46.7764515,,,,1,2023-06-20T05:27:21+00:00
SAO_6816-31,São Paulo,3550308,True,,1748,,,-23.652935499999998,-46.776088,,,,1,2023-06-20T05:27:07+00:00
SAO_342N-10,São Paulo,3550308,True,,33771,,,-23.5663695,-46.39482699999999,,,,2,2023-06-20T05:26:57+00:00
SAO_342N-10,São Paulo,3550308,True,,33771,,,-23.542409499999998,-46.417221,,,,2,2023-06-20T05:27:25+00:00
SAO_637V-10,São Paulo,3550308,True,EMTU,104,https://moovitapp.com/index/pt-br/transporte_p%C3%BAblico-line-104-Sao_Paulo-242-2038937-36419267-0,5.1,-23.723402,-46.688264000000004,,,,1,2023-06-20T05:27:24+00:00
SAO_637V-10,São Paulo,3550308,True,EMTU,104,https://moovitapp.com/index/pt-br/transporte_p%C3%BAblico-line-104-Sao_Paulo-242-2038937-36419267-0,5.1,-23.65552175,-46.7066925,,,,1,2023-06-20T05:27:20+00:00
SAO_4724-10,São Paulo,3550308,True,,34828,,,-23.541626,-46.50235,,,,2,2023-06-20T05:27:28+00:00
SAO_1178-33,São Paulo,3550308,True,,34778,,,-23.5041765,-46.433013,,,,2,2023-06-20T05:27:00+00:00
SAO_677Y-10,São Paulo,3550308,True,,34008,,,-23.6935165,-46.797576500000005,,,,2,2023-06-20T05:27:19+00:00
SAO_677Y-10,São Paulo,3550308,True,,34008,,,-23.68357,-46.7894015,,,,2,2023-06-20T05:27:23+00:00
SAO_677Y-10,São Paulo,3550308,True,,34008,,,-23.6657535,-46.775886,,,,2,2023-06-20T05:26:55+00:00
SAO_677Y-10,São Paulo,3550308,True,,34008,,,-23.667303,-46.7838965,,,,2,2023-06-20T05:23:46+00:00
SAO_677Y-10,São Paulo,3550308,True,,34008,,,-23.68357,-46.7894015,,,,2,2023-06-20T05:27:18+00:00
SAO_352A-10,São Paulo,3550308,True,,164,,,-23.479454,-46.421091000000004,,,,1,2023-06-20T05:27:18+00:00
SAO_352A-10,São Paulo,3550308,True,,164,,,-23.565182,-46.4677285,,,,1,2023-06-20T05:27:16+00:00
SAO_352A-10,São Paulo,3550308,True,,164,,,-23.524932999999997,-46.4452785,,,,1,2023-06-20T05:27:00+00:00
SAO_675K-10,São Paulo,3550308,True,EMTU,198,https://moovitapp.com/index/pt-br/transporte_p%C3%BAblico-line-198-Sao_Paulo-242-2038937-59811937-0,6.35,-23.669619500000003,-46.736161499999994,,,,1,2023-06-20T05:27:22+00:00
SAO_675K-10,São Paulo,3550308,True,EMTU,198,https://moovitapp.com/index/pt-br/transporte_p%C3%BAblico-line-198-Sao_Paulo-242-2038937-59811937-0,6.35,-23.6024045,-46.6609895,,,,1,2023-06-20T05:26:48+00:00
SAO_675K-10,São Paulo,3550308,True,EMTU,198,https://moovitapp.com/index/pt-br/transporte_p%C3%BAblico-line-198-Sao_Paulo-242-2038937-59811937-0,6.35,-23.666610749999997,-46.720212499999995,,,,1,2023-06-20T05:27:20+00:00
SAO_675K-10,São Paulo,3550308,True,EMTU,198,https://moovitapp.com/index/pt-br/transporte_p%C3%BAblico-line-198-Sao_Paulo-242-2038937-59811937-0,6.35,-23.598525000000002,-46.63763,,,,1,2023-06-20T05:27:01+00:00
SAO_675K-10,São Paulo,3550308,True,EMTU,198,https://moovitapp.com/index/pt-br/transporte_p%C3%BAblico-line-198-Sao_Paulo-242-2038937-59811937-0,6.35,-23.672098,-46.741896,,,,1,2023-06-20T05:27:24+00:00
SAO_675K-10,São Paulo,3550308,True,EMTU,198,https://moovitapp.com/index/pt-br/transporte_p%C3%BAblico-line-198-Sao_Paulo-242-2038937-59811937-0,6.35,-23.637729999999998,-46.69437225,,,,1,2023-06-20T05:27:24+00:00
SAO_675K-10,São Paulo,3550308,True,EMTU,198,https://moovitapp.com/index/pt-br/transporte_p%C3%BAblico-line-198-Sao_Paulo-242-2038937-59811937-0,6.35,-23.6755165,-46.748774,,,,1,2023-06-20T05:27:10+00:00
SAO_677Y-10,São Paulo,3550308,True,,1240,,,-23.639575875,-46.72260675,,,,1,2023-06-20T05:27:22+00:00
SAO_677Y-10,São Paulo,3550308,True,,1240,,,-23.6792745,-46.7956675,,,,1,2023-06-20T05:27:19+00:00
SAO_677Y-10,São Paulo,3550308,True,,1240,,,-23.6836685,-46.7890555,,,,1,2023-06-20T05:27:10+00:00
SAO_1767-10,São Paulo,3550308,True,,33396,,,-23.4736435,-46.565765999999996,,,,2,2023-06-20T05:27:10+00:00
SAO_1767-10,São Paulo,3550308,True,,33396,,,-23.4819885,-46.566306999999995,,,,2,2023-06-20T05:25:33+00:00
SAO_4718-10,São Paulo,3550308,True,EMTU,336,https://moovitapp.com/index/pt-br/transporte_p%C3%BAblico-line-336-Sao_Paulo-242-2038937-36419421-0,4.8,-23.607315,-46.6326115,,,,1,2023-06-20T05:27:11+00:00
SAO_9011-10,São Paulo,3550308,True,,33646,,,-23.4543985,-46.7377585,,,,2,2023-06-20T05:26:55+00:00
SAO_9011-10,São Paulo,3550308,True,,33646,,,-23.454522500000003,-46.737875,,,,2,2023-06-20T05:26:50+00:00
SAO_9011-10,São Paulo,3550308,True,,33646,,,-23.443800000000003,-46.7053845,,,,2,2023-06-20T05:26:43+00:00
SAO_9011-10,São Paulo,3550308,True,,33646,,,-23.448223,-46.7313545,,,,2,2023-06-20T05:27:07+00:00
SAO_9011-10,São Paulo,3550308,True,,33646,,,-23.47494,-46.67014399999999,,,,2,2023-06-20T05:27:08+00:00
SAO_6084-10,São Paulo,3550308,True,,33937,,,-23.7812805,-46.67209375,,,,2,2023-06-20T05:27:05+00:00
SAO_6084-10,São Paulo,3550308,True,,33937,,,-23.7804115,-46.6731975,,,,2,2023-06-20T05:27:29+00:00
SAO_6084-10,São Paulo,3550308,True,,33937,,,-23.7812805,-46.67209375,,,,2,2023-06-20T05:26:49+00:00
SAO_6084-10,São Paulo,3550308,True,,33937,,,-23.7812805,-46.67209375,,,,2,2023-06-20T05:26:57+00:00
SAO_6084-10,São Paulo,3550308,True,,33937,,,-23.7812805,-46.67209375,,,,2,2023-06-20T05:27:02+00:00
SAO_6084-10,São Paulo,3550308,True,,33937,,,-23.7692035,-46.715246500000006,,,,2,2023-06-20T05:27:12+00:00
SAO_6084-10,São Paulo,3550308,True,,33937,,,-23.7804165,-46.673092999999994,,,,2,2023-06-20T05:27:17+00:00
SAO_6826-10,São Paulo,3550308,True,BR7 Mobilidade,16,https://moovitapp.com/index/pt-br/transporte_p%C3%BAblico-line-16-Sao_Paulo-242-851856-513215-0,5.75,-23.666980000000002,-46.773514250000005,,,,1,2023-06-20T05:27:27+00:00
SAO_4021-10,São Paulo,3550308,True,,35316,,,-23.55135125,-46.457230499999994,,,,2,2023-06-20T05:26:54+00:00
SAO_4021-10,São Paulo,3550308,True,,35316,,,-23.542792499999997,-46.470580999999996,,,,2,2023-06-20T05:27:23+00:00
SAO_4021-10,São Paulo,3550308,True,,35316,,,-23.542792499999997,-46.470580999999996,,,,2,2023-06-20T05:27:30+00:00
SAO_4021-10,São Paulo,3550308,True,,35316,,,-23.542792499999997,-46.470580999999996,,,,2,2023-06-20T05:26:52+00:00
SAO_4021-10,São Paulo,3550308,True,,35316,,,-23.56172575,-46.446333249999995,,,,2,2023-06-20T05:27:02+00:00
SAO_4021-10,São Paulo,3550308,True,,35316,,,-23.542792499999997,-46.470580999999996,,,,2,2023-06-20T05:27:18+00:00
SAO_271A-51,São Paulo,3550308,True,,703,,,-23.504943,-46.52323525,,,,1,2023-06-20T05:26:57+00:00
SAO_271A-51,São Paulo,3550308,True,,703,,,-23.504911625,-46.622507625,,,,1,2023-06-20T05:27:24+00:00
SAO_271A-51,São Paulo,3550308,True,,703,,,-23.4924635,-46.584970999999996,,,,1,2023-06-20T05:27:18+00:00
SAO_748R-10,São Paulo,3550308,True,EMTU,501,https://moovitapp.com/index/pt-br/transporte_p%C3%BAblico-line-501-Sao_Paulo-242-2038937-36419526-0,7.55,-23.52543325,-46.7021685,,,,1,2023-06-20T05:27:02+00:00
SAO_748R-10,São Paulo,3550308,True,EMTU,501,https://moovitapp.com/index/pt-br/transporte_p%C3%BAblico-line-501-Sao_Paulo-242-2038937-36419526-0,7.55,-23.5267345,-46.6664105,,,,1,2023-06-20T05:26:52+00:00
SAO_748R-10,São Paulo,3550308,True,EMTU,501,https://moovitapp.com/index/pt-br/transporte_p%C3%BAblico-line-501-Sao_Paulo-242-2038937-36419526-0,7.55,-23.55525325,-46.743603750000005,,,,1,2023-06-20T05:27:28+00:00
SAO_748R-10,São Paulo,3550308,True,EMTU,501,https://moovitapp.com/index/pt-br/transporte_p%C3%BAblico-line-501-Sao_Paulo-242-2038937-36419526-0,7.55,-23.6008565,-46.783931499999994,,,,1,2023-06-20T05:26:50+00:00
SAO_7903-10,São Paulo,3550308,True,,33280,,,-23.5477705,-46.641587,,,,2,2023-06-20T05:26:51+00:00
SAO_7903-10,São Paulo,3550308,True,,33280,,,-23.58485725,-46.743282125,,,,2,2023-06-20T05:27:00+00:00
SAO_8027-10,São Paulo,3550308,True,,34930,,,-23.565,-46.761604500000004,,,,2,2023-06-20T05:27:01+00:00
SAO_6015-10,São Paulo,3550308,True,,1205,,,-23.718400000000003,-46.784493499999996,,,,1,2023-06-20T05:26:49+00:00
SAO_6015-10,São Paulo,3550308,True,,1205,,,-23.715745499999997,-46.7830165,,,,1,2023-06-20T05:27:20+00:00
SAO_6015-10,São Paulo,3550308,True,,1205,,,-23.666610749999997,-46.720212499999995,,,,1,2023-06-20T05:27:24+00:00
SAO_1896-10,São Paulo,3550308,True,,35288,,,-23.448653,-46.742232,,,,2,2023-06-20T05:27:16+00:00
SAO_1896-10,São Paulo,3550308,True,,35288,,,-23.522844875,-46.689305125000004,,,,2,2023-06-20T05:27:11+00:00
SAO_1896-10,São Paulo,3550308,True,,35288,,,-23.5477705,-46.641587,,,,2,2023-06-20T05:27:23+00:00
SAO_1896-10,São Paulo,3550308,True,,35288,,,-23.497387500000002,-46.725680999999994,,,,2,2023-06-20T05:27:28+00:00
SAO_3728-10,São Paulo,3550308,True,,33793,,,-23.542378,-46.48379425,,,,2,2023-06-20T05:27:23+00:00
SAO_3728-10,São Paulo,3550308,True,,33793,,,-23.553251500000002,-46.491372999999996,,,,2,2023-06-20T05:27:23+00:00
SAO_3728-10,São Paulo,3550308,True,,33793,,,-23.542378,-46.48379425,,,,2,2023-06-20T05:27:02+00:00
SAO_9500-10,São Paulo,3550308,True,,33229,,,-23.522973625,-46.65117587500001,,,,2,2023-06-20T05:27:28+00:00
SAO_9500-10,São Paulo,3550308,True,,33229,,,-23.49671325,-46.67643925,,,,2,2023-06-20T05:25:26+00:00
SAO_577T-10,São Paulo,3550308,True,,34059,,,-23.6080775,-46.637881,,,,2,2023-06-20T05:27:28+00:00
SAO_577T-10,São Paulo,3550308,True,,34059,,,-23.6693775,-46.649161500000005,,,,2,2023-06-20T05:26:47+00:00
SAO_577T-10,São Paulo,3550308,True,,34059,,,-23.6837865,-46.634032,,,,2,2023-06-20T05:26:51+00:00
SAO_107T-10,São Paulo,3550308,True,,621,,,-23.56862075,-46.69213975,,,,1,2023-06-20T05:26:49+00:00
SAO_107T-10,São Paulo,3550308,True,,621,,,-23.4808435,-46.604151,,,,1,2023-06-20T05:26:32+00:00
SAO_107T-10,São Paulo,3550308,True,,621,,,-23.5739455,-46.67672325,,,,1,2023-06-20T05:27:23+00:00
SAO_107T-10,São Paulo,3550308,True,,621,,,-23.50882225,-46.62505362500001,,,,1,2023-06-20T05:27:28+00:00
SAO_107T-10,São Paulo,3550308,True,,621,,,-23.554617,-46.656510499999996,,,,1,2023-06-20T05:26:57+00:00
SAO_N302-11,São Paulo,3550308,True,,35104,,,-23.546701,-46.6302515,,,,2,2023-06-20T05:26:56+00:00
SAO_N302-11,São Paulo,3550308,True,,35104,,,-23.546701,-46.6302515,,,,2,2023-06-20T05:27:12+00:00
SAO_1024-10,São Paulo,3550308,True,,2302,,,-23.458638999999998,-46.699169499999996,,,,1,2023-06-20T05:26:49+00:00
SAO_1024-10,São Paulo,3550308,True,,2302,,,-23.4615145,-46.709816,,,,1,2023-06-20T05:26:49+00:00
SAO_4210-10,São Paulo,3550308,True,,34938,,,-23.58308,-46.408871000000005,,,,2,2023-06-20T05:26:26+00:00
SAO_4210-10,São Paulo,3550308,True,,34938,,,-23.538731,-46.6048935,,,,2,2023-06-20T05:27:16+00:00
SAO_4210-10,São Paulo,3550308,True,,34938,,,-23.59122525,-46.4766785,,,,2,2023-06-20T05:26:51+00:00
SAO_4210-10,São Paulo,3550308,True,,34938,,,-23.59608325,-46.43663925,,,,2,2023-06-20T05:27:11+00:00
SAO_4210-10,São Paulo,3550308,True,,34938,,,-23.5830695,-46.408172,,,,2,2023-06-20T05:27:27+00:00
SAO_4210-10,São Paulo,3550308,True,,34938,,,-23.590066,-46.479445999999996,,,,2,2023-06-20T05:26:32+00:00
SAO_6013-10,São Paulo,3550308,True,,32954,,,-23.7006245,-46.7662835,,,,2,2023-06-20T05:26:28+00:00
SAO_6013-10,São Paulo,3550308,True,,32954,,,-23.6819565,-46.767112499999996,,,,2,2023-06-20T05:27:15+00:00
SAO_6013-10,São Paulo,3550308,True,,32954,,,-23.6995785,-46.763411500000004,,,,2,2023-06-20T05:26:07+00:00
SAO_6013-10,São Paulo,3550308,True,,32954,,,-23.654,-46.7111995,,,,2,2023-06-20T05:27:19+00:00
SAO_6013-10,São Paulo,3550308,True,,32954,,,-23.699185,-46.7630965,,,,2,2023-06-20T05:27:27+00:00
SAO_6013-10,São Paulo,3550308,True,,32954,,,-23.645799250000003,-46.72271675,,,,2,2023-06-20T05:26:59+00:00
SAO_857R-10,São Paulo,3550308,True,,1892,,,-23.607356000000003,-46.751155499999996,,,,1,2023-06-20T05:27:21+00:00
SAO_857R-10,São Paulo,3550308,True,,1892,,,-23.630915,-46.772762,,,,1,2023-06-20T05:26:52+00:00
SAO_857R-10,São Paulo,3550308,True,,1892,,,-23.625173500000002,-46.765011,,,,1,2023-06-20T05:27:25+00:00
SAO_857R-10,São Paulo,3550308,True,,1892,,,-23.5992485,-46.7413895,,,,1,2023-06-20T05:27:12+00:00
SAO_857R-10,São Paulo,3550308,True,,1892,,,-23.6308255,-46.772924,,,,1,2023-06-20T05:27:18+00:00
SAO_857R-10,São Paulo,3550308,True,,1892,,,-23.57124375,-46.644467250000005,,,,1,2023-06-20T05:27:27+00:00
SAO_701U-10,São Paulo,3550308,True,,657,,,-23.5521175,-46.7315415,,,,1,2023-06-20T05:27:27+00:00
SAO_701U-10,São Paulo,3550308,True,,657,,,-23.5607235,-46.719932,,,,1,2023-06-20T05:27:04+00:00
SAO_701U-10,São Paulo,3550308,True,,657,,,-23.5181865,-46.6300865,,,,1,2023-06-20T05:27:23+00:00
SAO_701U-10,São Paulo,3550308,True,,657,,,-23.54262575,-46.640550625,,,,1,2023-06-20T05:27:20+00:00
SAO_7017-10,São Paulo,3550308,True,,2502,,,-23.693067,-46.7912135,,,,1,2023-06-20T05:27:04+00:00
SAO_7017-10,São Paulo,3550308,True,,2502,,,-23.671774,-46.7412225,,,,1,2023-06-20T05:27:27+00:00
SAO_7017-10,São Paulo,3550308,True,,2502,,,-23.6931665,-46.791157,,,,1,2023-06-20T05:26:47+00:00
SAO_502J-10,São Paulo,3550308,True,,34043,,,-23.7058085,-46.6886045,,,,2,2023-06-20T05:27:07+00:00
SAO_502J-10,São Paulo,3550308,True,,34043,,,-23.705,-46.688339,,,,2,2023-06-20T05:26:48+00:00
SAO_502J-10,São Paulo,3550308,True,,34043,,,-23.7034695,-46.6859635,,,,2,2023-06-20T05:27:26+00:00
SAO_502J-10,São Paulo,3550308,True,,34043,,,-23.6278265,-46.643551,,,,2,2023-06-20T05:27:06+00:00
SAO_502J-10,São Paulo,3550308,True,,34043,,,-23.676822,-46.662923,,,,2,2023-06-20T05:27:13+00:00
SAO_502J-10,São Paulo,3550308,True,,34043,,,-23.705745,-46.687827999999996,,,,2,2023-06-20T05:26:46+00:00
SAO_2088-10,São Paulo,3550308,True,EMTU,372,https://moovitapp.com/index/pt-br/transporte_p%C3%BAblico-line-372-Sao_Paulo-242-2038937-36419447-0,4.9,-23.49167825,-46.37474875,,,,1,2023-06-20T05:26:54+00:00
SAO_2088-10,São Paulo,3550308,True,EMTU,372,https://moovitapp.com/index/pt-br/transporte_p%C3%BAblico-line-372-Sao_Paulo-242-2038937-36419447-0,4.9,-23.495239249999997,-46.43271375,,,,1,2023-06-20T05:27:09+00:00
SAO_2088-10,São Paulo,3550308,True,EMTU,372,https://moovitapp.com/index/pt-br/transporte_p%C3%BAblico-line-372-Sao_Paulo-242-2038937-36419447-0,4.9,-23.514959750000003,-46.454404249999996,,,,1,2023-06-20T05:27:17+00:00
SAO_6006-10,São Paulo,3550308,True,,32943,,,-23.6630375,-46.6919805,,,,2,2023-06-20T05:27:24+00:00
SAO_6006-10,São Paulo,3550308,True,,32943,,,-23.66945775,-46.736089750000005,,,,2,2023-06-20T05:27:01+00:00
SAO_6006-10,São Paulo,3550308,True,,32943,,,-23.6812525,-46.7492095,,,,2,2023-06-20T05:25:24+00:00
SAO_6006-10,São Paulo,3550308,True,,32943,,,-23.6915435,-46.76016175,,,,2,2023-06-20T05:27:25+00:00
SAO_6091-10,São Paulo,3550308,True,,33943,,,-23.801012999999998,-46.7339515,,,,2,2023-06-20T05:27:27+00:00
SAO_6091-10,São Paulo,3550308,True,,33943,,,-23.862347500000002,-46.712974,,,,2,2023-06-20T05:25:25+00:00
SAO_6091-10,São Paulo,3550308,True,,33943,,,-23.702033125,-46.701718875,,,,2,2023-06-20T05:27:26+00:00
SAO_737A-10,São Paulo,3550308,True,,34498,,,-23.671547,-46.7411115,,,,2,2023-06-20T05:27:29+00:00
SAO_737A-10,São Paulo,3550308,True,,34498,,,-23.689531625,-46.77363325,,,,2,2023-06-20T05:27:25+00:00
SAO_745M-10,São Paulo,3550308,True,,33550,,,-23.67409025,-46.746935500000006,,,,2,2023-06-20T05:26:52+00:00
SAO_745M-10,São Paulo,3550308,True,,33550,,,-23.679494124999998,-46.6956185,,,,2,2023-06-20T05:27:05+00:00
SAO_745M-10,São Paulo,3550308,True,,33550,,,-23.630817,-46.767892,,,,2,2023-06-20T05:27:00+00:00
SAO_745M-10,São Paulo,3550308,True,,33550,,,-23.6670765,-46.7837045,,,,2,2023-06-20T05:27:12+00:00
SAO_745M-10,São Paulo,3550308,True,,33550,,,-23.67379,-46.786891499999996,,,,2,2023-06-20T05:27:07+00:00
SAO_2202-10,São Paulo,3550308,True,,33678,,,-23.5344805,-46.4000855,,,,2,2023-06-20T05:27:05+00:00
SAO_2202-10,São Paulo,3550308,True,,33678,,,-23.506936625,-46.403164000000004,,,,2,2023-06-20T05:26:55+00:00
SAO_2202-10,São Paulo,3550308,True,,33678,,,-23.5420445,-46.415096500000004,,,,2,2023-06-20T05:26:37+00:00
SAO_2202-10,São Paulo,3550308,True,,33678,,,-23.497270999999998,-46.39964,,,,2,2023-06-20T05:27:10+00:00
SAO_2202-10,São Paulo,3550308,True,,33678,,,-23.48707225,-46.38273125,,,,2,2023-06-20T05:27:23+00:00
SAO_N836-11,São Paulo,3550308,True,,2435,,,-23.566504000000002,-46.701674,,,,1,2023-06-20T05:26:54+00:00
SAO_1732-10,São Paulo,3550308,True,,33439,,,-23.481246249999998,-46.58206275,,,,2,2023-06-20T05:27:25+00:00
SAO_1732-10,São Paulo,3550308,True,,33439,,,-23.481364,-46.597455249999996,,,,2,2023-06-20T05:26:56+00:00
SAO_1732-10,São Paulo,3550308,True,,33439,,,-23.487555999999998,-46.5742625,,,,2,2023-06-20T05:27:02+00:00
SAO_2028-10,São Paulo,3550308,True,,35031,,,-23.4339345,-46.5715405,,,,2,2023-06-20T05:27:14+00:00
SAO_2028-10,São Paulo,3550308,True,,35031,,,-23.4341645,-46.5716975,,,,2,2023-06-20T05:27:09+00:00
SAO_2028-10,São Paulo,3550308,True,,35031,,,-23.456812499999998,-46.58806,,,,2,2023-06-20T05:27:16+00:00
SAO_2028-10,São Paulo,3550308,True,,35031,,,-23.434402499999997,-46.5717385,,,,2,2023-06-20T05:27:17+00:00
SAO_2728-10,São Paulo,3550308,True,,33711,,,-23.5028325,-46.5150825,,,,2,2023-06-20T05:27:12+00:00
SAO_2728-10,São Paulo,3550308,True,,33711,,,-23.514964,-46.5458845,,,,2,2023-06-20T05:26:56+00:00
SAO_775F-10,São Paulo,3550308,True,,33564,,,-23.6151415,-46.734656,,,,2,2023-06-20T05:27:02+00:00
SAO_775F-10,São Paulo,3550308,True,,33564,,,-23.57431775,-46.688819124999995,,,,2,2023-06-20T05:27:18+00:00
SAO_5011-10,São Paulo,3550308,True,,1115,,,-23.697118625,-46.671195625,,,,1,2023-06-20T05:27:22+00:00
SAO_5011-10,São Paulo,3550308,True,,1115,,,-23.654705749999998,-46.70295675,,,,1,2023-06-20T05:27:22+00:00
SAO_5194-10,São Paulo,3550308,True,,33037,,,-23.700808249999998,-46.6458765,,,,2,2023-06-20T05:26:47+00:00
SAO_5194-10,São Paulo,3550308,True,,33037,,,-23.58435475,-46.6562165,,,,2,2023-06-20T05:27:05+00:00
SAO_5194-10,São Paulo,3550308,True,,33037,,,-23.6758615,-46.6846465,,,,2,2023-06-20T05:27:15+00:00
SAO_177H-10,São Paulo,3550308,True,,630,,,-23.5181155,-46.654405,,,,1,2023-06-20T05:27:02+00:00
SAO_177H-10,São Paulo,3550308,True,,630,,,-23.564463,-46.6930125,,,,1,2023-06-20T05:26:58+00:00
SAO_819A-10,São Paulo,3550308,True,Rápido Campinas,803,https://moovitapp.com/index/pt-br/transporte_p%C3%BAblico-line-803-Sao_Paulo-242-858660-544941-0,5.3,-23.4547725,-46.695882499999996,,,,1,2023-06-20T05:26:44+00:00
SAO_819A-10,São Paulo,3550308,True,Rápido Campinas,803,https://moovitapp.com/index/pt-br/transporte_p%C3%BAblico-line-803-Sao_Paulo-242-858660-544941-0,5.3,-23.484166000000002,-46.6740445,,,,1,2023-06-20T05:26:44+00:00
SAO_819A-10,São Paulo,3550308,True,Rápido Campinas,803,https://moovitapp.com/index/pt-br/transporte_p%C3%BAblico-line-803-Sao_Paulo-242-858660-544941-0,5.3,-23.449469999999998,-46.734831,,,,1,2023-06-20T05:27:09+00:00
SAO_957T-10,São Paulo,3550308,True,,33232,,,-23.5298375,-46.738009625,,,,2,2023-06-20T05:26:45+00:00
SAO_957T-10,São Paulo,3550308,True,,33232,,,-23.5537075,-46.7086735,,,,2,2023-06-20T05:27:03+00:00
SAO_957T-10,São Paulo,3550308,True,,33232,,,-23.59655,-46.6918595,,,,2,2023-06-20T05:27:08+00:00
SAO_957T-10,São Paulo,3550308,True,,33232,,,-23.4798905,-46.6862115,,,,2,2023-06-20T05:26:56+00:00
SAO_957T-10,São Paulo,3550308,True,,33232,,,-23.459056500000003,-46.687256500000004,,,,2,2023-06-20T05:26:59+00:00
SAO_957T-10,São Paulo,3550308,True,,33232,,,-23.515331500000002,-46.6904845,,,,2,2023-06-20T05:27:21+00:00
SAO_3766-10,São Paulo,3550308,True,,1055,,,-23.553675499999997,-46.427672,,,,1,2023-06-20T05:27:22+00:00
SAO_3766-10,São Paulo,3550308,True,,1055,,,-23.5532365,-46.431661500000004,,,,1,2023-06-20T05:27:31+00:00
SAO_3766-10,São Paulo,3550308,True,,1055,,,-23.542716,-46.469168499999995,,,,1,2023-06-20T05:27:13+00:00
SAO_3766-10,São Paulo,3550308,True,,1055,,,-23.53338,-46.449224,,,,1,2023-06-20T05:27:02+00:00
SAO_3766-10,São Paulo,3550308,True,,1055,,,-23.5532365,-46.431661500000004,,,,1,2023-06-20T05:27:27+00:00
SAO_3766-10,São Paulo,3550308,True,,1055,,,-23.553675499999997,-46.427672,,,,1,2023-06-20T05:27:18+00:00
SAO_3766-10,São Paulo,3550308,True,,1055,,,-23.553675499999997,-46.427672,,,,1,2023-06-20T05:27:05+00:00
SAO_3766-10,São Paulo,3550308,True,,1055,,,-23.553675499999997,-46.427672,,,,1,2023-06-20T05:27:14+00:00
SAO_2702-10,São Paulo,3550308,True,,914,,,-23.540101,-46.483252,,,,1,2023-06-20T05:26:29+00:00
SAO_2702-10,São Paulo,3550308,True,,914,,,-23.495477,-46.4449435,,,,1,2023-06-20T05:27:28+00:00
SAO_2702-10,São Paulo,3550308,True,,914,,,-23.495477,-46.4449435,,,,1,2023-06-20T05:25:40+00:00
SAO_856R-10,São Paulo,3550308,True,,1428,,,-23.669865,-46.719399249999995,,,,1,2023-06-20T05:27:07+00:00
SAO_856R-10,São Paulo,3550308,True,,1428,,,-23.5844995,-46.6734765,,,,1,2023-06-20T05:26:45+00:00
SAO_856R-10,São Paulo,3550308,True,,1428,,,-23.631538,-46.691294,,,,1,2023-06-20T05:27:25+00:00
SAO_6062-51,São Paulo,3550308,True,,34507,,,-23.68360025,-46.69271275,,,,2,2023-06-20T05:27:27+00:00
SAO_6062-51,São Paulo,3550308,True,,34507,,,-23.726048,-46.6910505,,,,2,2023-06-20T05:27:27+00:00
SAO_6052-10,São Paulo,3550308,True,,33912,,,-23.7760525,-46.691014499999994,,,,2,2023-06-20T05:27:20+00:00
SAO_6052-10,São Paulo,3550308,True,,33912,,,-23.775509999999997,-46.691679,,,,2,2023-06-20T05:26:53+00:00
SAO_6052-10,São Paulo,3550308,True,,33912,,,-23.775509999999997,-46.691679,,,,2,2023-06-20T05:27:28+00:00
SAO_6052-10,São Paulo,3550308,True,,33912,,,-23.774023375,-46.705367,,,,2,2023-06-20T05:27:09+00:00
SAO_6052-10,São Paulo,3550308,True,,33912,,,-23.775509999999997,-46.691679,,,,2,2023-06-20T05:27:07+00:00
SAO_6052-10,São Paulo,3550308,True,,33912,,,-23.775509999999997,-46.691679,,,,2,2023-06-20T05:26:50+00:00
SAO_8528-10,São Paulo,3550308,True,,33343,,,-23.5128725,-46.6904695,,,,2,2023-06-20T05:26:53+00:00
SAO_8528-10,São Paulo,3550308,True,,33343,,,-23.469106500000002,-46.695824,,,,2,2023-06-20T05:27:16+00:00
SAO_8528-10,São Paulo,3550308,True,,33343,,,-23.540366499999998,-46.636369,,,,2,2023-06-20T05:26:52+00:00
SAO_8528-10,São Paulo,3550308,True,,33343,,,-23.473453,-46.6902375,,,,2,2023-06-20T05:27:18+00:00
SAO_2735-10,São Paulo,3550308,True,,1921,,,-23.533113999999998,-46.544561,,,,1,2023-06-20T05:27:17+00:00
SAO_2735-10,São Paulo,3550308,True,,1921,,,-23.487627625000002,-46.507211874999996,,,,1,2023-06-20T05:26:51+00:00
SAO_2735-10,São Paulo,3550308,True,,1921,,,-23.4818015,-46.494043500000004,,,,1,2023-06-20T05:26:54+00:00
SAO_2735-10,São Paulo,3550308,True,,1921,,,-23.5300355,-46.546846,,,,1,2023-06-20T05:27:09+00:00
SAO_746P-10,São Paulo,3550308,True,,33556,,,-23.6172295,-46.720997,,,,2,2023-06-20T05:26:50+00:00
SAO_746P-10,São Paulo,3550308,True,,33556,,,-23.6146165,-46.721431,,,,2,2023-06-20T05:27:11+00:00
SAO_746P-10,São Paulo,3550308,True,,33556,,,-23.645799250000003,-46.72271675,,,,2,2023-06-20T05:26:53+00:00
SAO_746P-10,São Paulo,3550308,True,,33556,,,-23.617601,-46.7211065,,,,2,2023-06-20T05:26:56+00:00
SAO_8319-21,São Paulo,3550308,True,,34475,,,-23.545756,-46.761807000000005,,,,2,2023-06-20T05:27:15+00:00
SAO_2770-10,São Paulo,3550308,True,,243,,,-23.50377875,-46.472496500000005,,,,1,2023-06-20T05:27:05+00:00
SAO_2770-10,São Paulo,3550308,True,,243,,,-23.500363999999998,-46.4696985,,,,1,2023-06-20T05:27:08+00:00
SAO_2770-10,São Paulo,3550308,True,,243,,,-23.506568,-46.41882875,,,,1,2023-06-20T05:27:11+00:00
SAO_6000-10,São Paulo,3550308,True,,1140,,,-23.7793215,-46.724839,,,,1,2023-06-20T05:27:11+00:00
SAO_6000-10,São Paulo,3550308,True,,1140,,,-23.67981125,-46.712841624999996,,,,1,2023-06-20T05:26:55+00:00
SAO_6000-10,São Paulo,3550308,True,,1140,,,-23.7361265,-46.6991285,,,,1,2023-06-20T05:27:20+00:00
SAO_6000-10,São Paulo,3550308,True,,1140,,,-23.718542,-46.698778,,,,1,2023-06-20T05:27:02+00:00
SAO_874T-10,São Paulo,3550308,True,,33075,,,-23.5587165,-46.659662874999995,,,,2,2023-06-20T05:27:08+00:00
SAO_874T-10,São Paulo,3550308,True,,33075,,,-23.53448925,-46.66323250000001,,,,2,2023-06-20T05:27:02+00:00
SAO_874T-10,São Paulo,3550308,True,,33075,,,-23.57545125,-46.60322875,,,,2,2023-06-20T05:27:23+00:00
SAO_3756-10,São Paulo,3550308,True,,1050,,,-23.591324,-46.389072,,,,1,2023-06-20T05:26:56+00:00
SAO_3756-10,São Paulo,3550308,True,,1050,,,-23.5571465,-46.4449105,,,,1,2023-06-20T05:27:13+00:00
SAO_3756-10,São Paulo,3550308,True,,1050,,,-23.582489,-46.391573,,,,1,2023-06-20T05:26:25+00:00
SAO_3756-10,São Paulo,3550308,True,,1050,,,-23.550526625000003,-46.457384125000004,,,,1,2023-06-20T05:26:18+00:00
SAO_5021-10,São Paulo,3550308,True,,34435,,,-23.6302405,-46.62586,,,,2,2023-06-20T05:27:15+00:00
SAO_5021-10,São Paulo,3550308,True,,34435,,,-23.62543325,-46.619444,,,,2,2023-06-20T05:26:47+00:00
SAO_2004-10,São Paulo,3550308,True,,892,,,-23.534838,-46.400812,,,,1,2023-06-20T04:29:41+00:00
SAO_2004-10,São Paulo,3550308,True,,892,,,-23.524805999999998,-46.389389,,,,1,2023-06-20T05:26:37+00:00
SAO_2004-10,São Paulo,3550308,True,,892,,,-23.5271605,-46.3916225,,,,1,2023-06-20T05:26:57+00:00
SAO_8038-10,São Paulo,3550308,True,,797,,,-23.5422015,-46.730783,,,,1,2023-06-20T05:26:44+00:00
SAO_6414-10,São Paulo,3550308,True,,33128,,,-23.62997525,-46.69002975,,,,2,2023-06-20T05:27:30+00:00
SAO_6414-10,São Paulo,3550308,True,,33128,,,-23.58769125,-46.67168025,,,,2,2023-06-20T05:26:57+00:00
SAO_5119-10,São Paulo,3550308,True,,1,,,-23.600934625,-46.723374750000005,,,,1,2023-06-20T05:27:21+00:00
SAO_5119-10,São Paulo,3550308,True,,1,,,-23.551026,-46.63692275,,,,1,2023-06-20T05:27:05+00:00
SAO_5119-10,São Paulo,3550308,True,,1,,,-23.586823000000003,-46.69147724999999,,,,1,2023-06-20T05:27:15+00:00
SAO_5119-10,São Paulo,3550308,True,,1,,,-23.6317895,-46.7367685,,,,1,2023-06-20T05:27:06+00:00
SAO_5119-10,São Paulo,3550308,True,,1,,,-23.5514455,-46.6371405,,,,1,2023-06-20T05:26:54+00:00
SAO_5128-10,São Paulo,3550308,True,,1128,,,-23.6360805,-46.641146000000006,,,,1,2023-06-20T05:27:28+00:00
SAO_5128-10,São Paulo,3550308,True,,1128,,,-23.7039095,-46.6440425,,,,1,2023-06-20T05:27:14+00:00
SAO_5128-10,São Paulo,3550308,True,,1128,,,-23.6997765,-46.645726499999995,,,,1,2023-06-20T05:27:14+00:00
SAO_5128-10,São Paulo,3550308,True,,1128,,,-23.6459645,-46.640748,,,,1,2023-06-20T05:27:28+00:00
SAO_4024-10,São Paulo,3550308,True,,2158,,,-23.5572315,-46.4352765,,,,1,2023-06-20T05:26:50+00:00
SAO_3735-10,São Paulo,3550308,True,,1035,,,-23.540855999999998,-46.4849405,,,,1,2023-06-20T05:27:15+00:00
SAO_3735-10,São Paulo,3550308,True,,1035,,,-23.540855999999998,-46.4849405,,,,1,2023-06-20T05:27:20+00:00
SAO_3735-10,São Paulo,3550308,True,,1035,,,-23.548154500000003,-46.493838249999996,,,,1,2023-06-20T05:27:24+00:00
SAO_3721-10,São Paulo,3550308,True,,33787,,,-23.566962,-46.493964250000005,,,,2,2023-06-20T05:26:56+00:00
SAO_3721-10,São Paulo,3550308,True,,33787,,,-23.542741,-46.482468,,,,2,2023-06-20T05:27:09+00:00
SAO_3721-10,São Paulo,3550308,True,,33787,,,-23.5496955,-46.483436,,,,2,2023-06-20T05:26:51+00:00
SAO_6403-10,São Paulo,3550308,True,,32826,,,-23.542074,-46.627536,,,,2,2023-06-20T05:27:27+00:00
SAO_6403-10,São Paulo,3550308,True,,32826,,,-23.581296000000002,-46.6845395,,,,2,2023-06-20T05:27:04+00:00
SAO_6403-10,São Paulo,3550308,True,,32826,,,-23.64353475,-46.73348675,,,,2,2023-06-20T05:27:03+00:00
SAO_3739-10,São Paulo,3550308,True,,1039,,,-23.5423965,-46.469851,,,,1,2023-06-20T05:27:23+00:00
SAO_3739-10,São Paulo,3550308,True,,1039,,,-23.6133685,-46.415519,,,,1,2023-06-20T05:27:27+00:00
SAO_3739-10,São Paulo,3550308,True,,1039,,,-23.611822,-46.416231499999995,,,,1,2023-06-20T05:27:14+00:00
SAO_3739-10,São Paulo,3550308,True,,1039,,,-23.6115555,-46.4253555,,,,1,2023-06-20T05:26:47+00:00
SAO_3739-10,São Paulo,3550308,True,,1039,,,-23.5572845,-46.44540225,,,,1,2023-06-20T05:27:16+00:00
SAO_5103-10,São Paulo,3550308,True,,1646,,,-23.6032445,-46.602611499999995,,,,1,2023-06-20T05:27:13+00:00
SAO_5103-10,São Paulo,3550308,True,,1646,,,-23.6025555,-46.6141385,,,,1,2023-06-20T05:27:26+00:00
SAO_8030-10,São Paulo,3550308,True,,2562,,,-23.59203575,-46.735672,,,,1,2023-06-20T05:27:15+00:00
SAO_8030-10,São Paulo,3550308,True,,2562,,,-23.6186035,-46.731608,,,,1,2023-06-20T05:27:06+00:00
SAO_8030-10,São Paulo,3550308,True,,2562,,,-23.6228935,-46.7287175,,,,1,2023-06-20T05:27:18+00:00
SAO_709M-10,São Paulo,3550308,True,,35230,,,-23.59418675,-46.68991275,,,,2,2023-06-20T05:27:28+00:00
SAO_2014-10,São Paulo,3550308,True,Urubupungá,900,https://moovitapp.com/index/pt-br/transporte_p%C3%BAblico-line-900-Sao_Paulo-242-873835-496470-0,4.6,-23.457081000000002,-46.669748,,,,1,2023-06-20T05:27:04+00:00
SAO_2014-10,São Paulo,3550308,True,Urubupungá,900,https://moovitapp.com/index/pt-br/transporte_p%C3%BAblico-line-900-Sao_Paulo-242-873835-496470-0,4.6,-23.457081000000002,-46.669748,,,,1,2023-06-20T05:26:45+00:00
SAO_2014-10,São Paulo,3550308,True,Urubupungá,900,https://moovitapp.com/index/pt-br/transporte_p%C3%BAblico-line-900-Sao_Paulo-242-873835-496470-0,4.6,-23.511584,-46.666284499999996,,,,1,2023-06-20T05:27:05+00:00
SAO_2014-10,São Paulo,3550308,True,Urubupungá,900,https://moovitapp.com/index/pt-br/transporte_p%C3%BAblico-line-900-Sao_Paulo-242-873835-496470-0,4.6,-23.457081000000002,-46.669748,,,,1,2023-06-20T05:26:51+00:00
SAO_2014-10,São Paulo,3550308,True,Urubupungá,900,https://moovitapp.com/index/pt-br/transporte_p%C3%BAblico-line-900-Sao_Paulo-242-873835-496470-0,4.6,-23.457081000000002,-46.669748,,,,1,2023-06-20T05:27:21+00:00
SAO_2014-10,São Paulo,3550308,True,Urubupungá,900,https://moovitapp.com/index/pt-br/transporte_p%C3%BAblico-line-900-Sao_Paulo-242-873835-496470-0,4.6,-23.457081000000002,-46.669748,,,,1,2023-06-20T05:26:52+00:00
SAO_2014-10,São Paulo,3550308,True,Urubupungá,900,https://moovitapp.com/index/pt-br/transporte_p%C3%BAblico-line-900-Sao_Paulo-242-873835-496470-0,4.6,-23.457081000000002,-46.669748,,,,1,2023-06-20T05:26:49+00:00
SAO_2014-10,São Paulo,3550308,True,Urubupungá,900,https://moovitapp.com/index/pt-br/transporte_p%C3%BAblico-line-900-Sao_Paulo-242-873835-496470-0,4.6,-23.457081000000002,-46.669748,,,,1,2023-06-20T05:27:00+00:00
SAO_2014-10,São Paulo,3550308,True,Urubupungá,900,https://moovitapp.com/index/pt-br/transporte_p%C3%BAblico-line-900-Sao_Paulo-242-873835-496470-0,4.6,-23.457081000000002,-46.669748,,,,1,2023-06-20T05:27:00+00:00
SAO_2014-10,São Paulo,3550308,True,Urubupungá,900,https://moovitapp.com/index/pt-br/transporte_p%C3%BAblico-line-900-Sao_Paulo-242-873835-496470-0,4.6,-23.457081000000002,-46.669748,,,,1,2023-06-20T05:27:11+00:00
SAO_2014-10,São Paulo,3550308,True,Urubupungá,900,https://moovitapp.com/index/pt-br/transporte_p%C3%BAblico-line-900-Sao_Paulo-242-873835-496470-0,4.6,-23.457081000000002,-46.669748,,,,1,2023-06-20T05:27:07+00:00
SAO_2014-10,São Paulo,3550308,True,Urubupungá,900,https://moovitapp.com/index/pt-br/transporte_p%C3%BAblico-line-900-Sao_Paulo-242-873835-496470-0,4.6,-23.457081000000002,-46.669748,,,,1,2023-06-20T05:26:54+00:00
SAO_2014-10,São Paulo,3550308,True,Urubupungá,900,https://moovitapp.com/index/pt-br/transporte_p%C3%BAblico-line-900-Sao_Paulo-242-873835-496470-0,4.6,-23.457081000000002,-46.669748,,,,1,2023-06-20T05:26:50+00:00
SAO_2014-10,São Paulo,3550308,True,Urubupungá,900,https://moovitapp.com/index/pt-br/transporte_p%C3%BAblico-line-900-Sao_Paulo-242-873835-496470-0,4.6,-23.4796945,-46.6728645,,,,1,2023-06-20T05:27:07+00:00
SAO_2014-10,São Paulo,3550308,True,Urubupungá,900,https://moovitapp.com/index/pt-br/transporte_p%C3%BAblico-line-900-Sao_Paulo-242-873835-496470-0,4.6,-23.457081000000002,-46.669748,,,,1,2023-06-20T05:27:27+00:00
SAO_2014-10,São Paulo,3550308,True,Urubupungá,900,https://moovitapp.com/index/pt-br/transporte_p%C3%BAblico-line-900-Sao_Paulo-242-873835-496470-0,4.6,-23.457081000000002,-46.669748,,,,1,2023-06-20T05:27:28+00:00
SAO_2014-10,São Paulo,3550308,True,Urubupungá,900,https://moovitapp.com/index/pt-br/transporte_p%C3%BAblico-line-900-Sao_Paulo-242-873835-496470-0,4.6,-23.457081000000002,-46.669748,,,,1,2023-06-20T05:27:01+00:00
SAO_2014-10,São Paulo,3550308,True,Urubupungá,900,https://moovitapp.com/index/pt-br/transporte_p%C3%BAblico-line-900-Sao_Paulo-242-873835-496470-0,4.6,-23.457081000000002,-46.669748,,,,1,2023-06-20T05:26:58+00:00
SAO_637P-10,São Paulo,3550308,True,,32815,,,-23.59568,-46.6732835,,,,2,2023-06-20T05:27:26+00:00
SAO_637P-10,São Paulo,3550308,True,,32815,,,-23.567620499999997,-46.6955405,,,,2,2023-06-20T05:26:49+00:00
SAO_3032-10,São Paulo,3550308,True,,33488,,,-23.558291,-46.521981,,,,2,2023-06-20T05:27:15+00:00
SAO_3032-10,São Paulo,3550308,True,,33488,,,-23.564895,-46.506786000000005,,,,2,2023-06-20T05:27:17+00:00
SAO_N336-11,São Paulo,3550308,True,,35116,,,-23.491775,-46.434236999999996,,,,2,2023-06-20T05:27:24+00:00
SAO_978A-10,São Paulo,3550308,True,,34137,,,-23.518670375,-46.676867875000006,,,,2,2023-06-20T05:27:22+00:00
SAO_978A-10,São Paulo,3550308,True,,34137,,,-23.498760500000003,-46.685218500000005,,,,2,2023-06-20T05:27:24+00:00
SAO_7049-10,São Paulo,3550308,True,,1912,,,-23.7116535,-46.777972,,,,1,2023-06-20T05:27:02+00:00
SAO_7049-10,São Paulo,3550308,True,,1912,,,-23.71189,-46.777949500000005,,,,1,2023-06-20T05:26:58+00:00
SAO_7049-10,São Paulo,3550308,True,,1912,,,-23.7116535,-46.777972,,,,1,2023-06-20T05:27:26+00:00
SAO_7049-10,São Paulo,3550308,True,,1912,,,-23.660220000000002,-46.776787,,,,1,2023-06-20T05:24:53+00:00
SAO_7049-10,São Paulo,3550308,True,,1912,,,-23.631797499999998,-46.7719915,,,,1,2023-06-20T05:27:24+00:00
SAO_7049-10,São Paulo,3550308,True,,1912,,,-23.7116535,-46.777972,,,,1,2023-06-20T05:27:25+00:00
SAO_7049-10,São Paulo,3550308,True,,1912,,,-23.692511000000003,-46.7778525,,,,1,2023-06-20T05:27:27+00:00
SAO_407G-10,São Paulo,3550308,True,,34964,,,-23.611635,-46.433651,,,,2,2023-06-20T05:26:21+00:00
SAO_407G-10,São Paulo,3550308,True,,34964,,,-23.61138675,-46.43386674999999,,,,2,2023-06-20T05:27:05+00:00
SAO_407G-10,São Paulo,3550308,True,,34964,,,-23.609292875,-46.453439875,,,,2,2023-06-20T05:26:57+00:00
SAO_407G-10,São Paulo,3550308,True,,34964,,,-23.5838525,-46.49248,,,,2,2023-06-20T05:27:12+00:00
SAO_407G-10,São Paulo,3550308,True,,34964,,,-23.538373,-46.5628095,,,,2,2023-06-20T05:26:22+00:00
SAO_407G-10,São Paulo,3550308,True,,34964,,,-23.623079750000002,-46.46513125,,,,2,2023-06-20T05:27:19+00:00
SAO_307C-10,São Paulo,3550308,True,,2114,,,-23.518417,-46.386925,,,,1,2023-06-20T05:27:16+00:00
SAO_307C-10,São Paulo,3550308,True,,2114,,,-23.521121,-46.4756413125,,,,1,2023-06-20T05:27:16+00:00
SAO_307C-10,São Paulo,3550308,True,,2114,,,-23.5182735,-46.386465,,,,1,2023-06-20T05:27:19+00:00
SAO_307C-10,São Paulo,3550308,True,,2114,,,-23.49448,-46.414542499999996,,,,1,2023-06-20T05:27:14+00:00
SAO_307C-10,São Paulo,3550308,True,,2114,,,-23.517810500000003,-46.385742,,,,1,2023-06-20T05:27:02+00:00
SAO_148L-10,São Paulo,3550308,True,EMTU,531,https://moovitapp.com/index/pt-br/transporte_p%C3%BAblico-line-531-Sao_Paulo-242-2038937-36419543-0,4.4,-23.504373,-46.688586,,,,1,2023-06-20T05:27:09+00:00
SAO_148L-10,São Paulo,3550308,True,EMTU,531,https://moovitapp.com/index/pt-br/transporte_p%C3%BAblico-line-531-Sao_Paulo-242-2038937-36419543-0,4.4,-23.46435,-46.650186,,,,1,2023-06-20T05:26:55+00:00
SAO_3902-10,São Paulo,3550308,True,,34238,,,-23.484951000000002,-46.38398325,,,,2,2023-06-20T05:26:58+00:00
SAO_3902-10,São Paulo,3550308,True,,34238,,,-23.485104,-46.384288999999995,,,,2,2023-06-20T05:27:24+00:00
SAO_9501-10,São Paulo,3550308,True,,33230,,,-23.4964955,-46.684327,,,,2,2023-06-20T05:27:29+00:00
SAO_9501-10,São Paulo,3550308,True,,33230,,,-23.54253,-46.6380605,,,,2,2023-06-20T05:27:19+00:00
SAO_9501-10,São Paulo,3550308,True,,33230,,,-23.52171225,-46.66507275,,,,2,2023-06-20T05:22:51+00:00
SAO_3787-10,São Paulo,3550308,True,,34380,,,-23.603050000000003,-46.402255,,,,2,2023-06-20T05:27:11+00:00
SAO_3787-10,São Paulo,3550308,True,,34380,,,-23.55072,-46.461853125,,,,2,2023-06-20T05:26:53+00:00
SAO_3787-10,São Paulo,3550308,True,,34380,,,-23.591462,-46.4171255,,,,2,2023-06-20T05:27:22+00:00
SAO_3787-10,São Paulo,3550308,True,,34380,,,-23.56241275,-46.4461925,,,,2,2023-06-20T05:27:27+00:00
SAO_3787-10,São Paulo,3550308,True,,34380,,,-23.60156875,-46.398831,,,,2,2023-06-20T05:27:30+00:00
SAO_2008-10,São Paulo,3550308,True,,897,,,-23.521084000000002,-46.3870275,,,,1,2023-06-20T04:20:23+00:00
SAO_2008-10,São Paulo,3550308,True,,897,,,-23.513673375,-46.39163925,,,,1,2023-06-20T05:27:25+00:00
SAO_6091-10,São Paulo,3550308,True,,1175,,,-23.813211125,-46.73558875,,,,1,2023-06-20T05:27:22+00:00
SAO_6091-10,São Paulo,3550308,True,,1175,,,-23.862353499999998,-46.712526,,,,1,2023-06-20T05:27:22+00:00
SAO_6091-10,São Paulo,3550308,True,,1175,,,-23.7908575,-46.7269395,,,,1,2023-06-20T05:26:50+00:00
SAO_6091-10,São Paulo,3550308,True,,1175,,,-23.654212,-46.711248999999995,,,,1,2023-06-20T05:27:04+00:00
SAO_695Y-10,São Paulo,3550308,True,,33966,,,-23.798971,-46.731263,,,,2,2023-06-20T05:27:10+00:00
SAO_695Y-10,São Paulo,3550308,True,,33966,,,-23.702261874999998,-46.701778125000004,,,,2,2023-06-20T05:27:05+00:00
SAO_695Y-10,São Paulo,3550308,True,,33966,,,-23.7444815,-46.707066499999996,,,,2,2023-06-20T05:27:10+00:00
SAO_695Y-10,São Paulo,3550308,True,,33966,,,-23.828025500000003,-46.7271865,,,,2,2023-06-20T05:27:08+00:00
SAO_695Y-10,São Paulo,3550308,True,,33966,,,-23.592955,-46.636668,,,,2,2023-06-20T05:27:14+00:00
SAO_695Y-10,São Paulo,3550308,True,,33966,,,-23.599385,-46.64632400000001,,,,2,2023-06-20T05:27:11+00:00
SAO_695Y-10,São Paulo,3550308,True,,33966,,,-23.68360025,-46.69271275,,,,2,2023-06-20T05:26:52+00:00
SAO_576M-10,São Paulo,3550308,True,,604,,,-23.678067499999997,-46.640125499999996,,,,1,2023-06-20T05:27:27+00:00
SAO_576M-10,São Paulo,3550308,True,,604,,,-23.66678125,-46.636874750000004,,,,1,2023-06-20T05:27:19+00:00
SAO_576M-10,São Paulo,3550308,True,,604,,,-23.616483875,-46.6682585,,,,1,2023-06-20T05:27:07+00:00
SAO_273D-10,São Paulo,3550308,True,,32990,,,-23.4940365,-46.4196,,,,2,2023-06-20T05:27:07+00:00
SAO_273D-10,São Paulo,3550308,True,,32990,,,-23.525151625,-46.474803375,,,,2,2023-06-20T05:27:21+00:00
SAO_273D-10,São Paulo,3550308,True,,32990,,,-23.5212985,-46.410903,,,,2,2023-06-20T05:27:13+00:00
SAO_273D-10,São Paulo,3550308,True,,32990,,,-23.516146,-46.467611000000005,,,,2,2023-06-20T05:27:16+00:00
SAO_677A-10,São Paulo,3550308,True,,34007,,,-23.590987,-46.6876305,,,,2,2023-06-20T05:27:01+00:00
SAO_677A-10,São Paulo,3550308,True,,34007,,,-23.6550985,-46.72430575,,,,2,2023-06-20T05:27:20+00:00
SAO_7550-10,São Paulo,3550308,True,,2093,,,-23.654166500000002,-46.711513,,,,1,2023-06-20T05:26:51+00:00
SAO_7550-10,São Paulo,3550308,True,,2093,,,-23.654134499999998,-46.708625,,,,1,2023-06-20T05:26:49+00:00
SAO_7550-10,São Paulo,3550308,True,,2093,,,-23.540064,-46.6477535,,,,1,2023-06-20T05:26:55+00:00
SAO_364A-10,São Paulo,3550308,True,,1246,,,-23.5632085,-46.5012665,,,,1,2023-06-20T05:27:13+00:00
SAO_364A-10,São Paulo,3550308,True,,1246,,,-23.595695499999998,-46.5249735,,,,1,2023-06-20T05:27:11+00:00
SAO_364A-10,São Paulo,3550308,True,,1246,,,-23.58297475,-46.5681515,,,,1,2023-06-20T05:27:11+00:00
SAO_364A-10,São Paulo,3550308,True,,1246,,,-23.61493,-46.5022205,,,,1,2023-06-20T05:27:13+00:00
SAO_364A-10,São Paulo,3550308,True,,1246,,,-23.5631475,-46.501079000000004,,,,1,2023-06-20T05:27:17+00:00
SAO_364A-10,São Paulo,3550308,True,,1246,,,-23.58839,-46.6105175,,,,1,2023-06-20T05:27:29+00:00
SAO_364A-10,São Paulo,3550308,True,,1246,,,-23.582449500000003,-46.4980185,,,,1,2023-06-20T05:26:57+00:00
SAO_364A-10,São Paulo,3550308,True,,1246,,,-23.6011665,-46.5073535,,,,1,2023-06-20T05:27:08+00:00
SAO_364A-10,São Paulo,3550308,True,,1246,,,-23.5631475,-46.501079000000004,,,,1,2023-06-20T05:26:50+00:00
SAO_607M-10,São Paulo,3550308,True,,34804,,,-23.613464999999998,-46.695501,,,,2,2023-06-20T05:26:43+00:00
SAO_107T-10,São Paulo,3550308,True,,33389,,,-23.482073999999997,-46.603697,,,,2,2023-06-20T05:27:16+00:00
SAO_107T-10,São Paulo,3550308,True,,33389,,,-23.481503500000002,-46.60353,,,,2,2023-06-20T05:27:11+00:00
SAO_107T-10,São Paulo,3550308,True,,33389,,,-23.51405075,-46.62495075,,,,2,2023-06-20T05:27:05+00:00
SAO_5145-10,São Paulo,3550308,True,,34409,,,-23.6060545,-46.503138,,,,2,2023-06-20T05:27:11+00:00
SAO_5145-10,São Paulo,3550308,True,,34409,,,-23.6139405,-46.501206499999995,,,,2,2023-06-20T05:27:18+00:00
SAO_5145-10,São Paulo,3550308,True,,34409,,,-23.58090275,-46.58398725,,,,2,2023-06-20T05:27:14+00:00
SAO_6038-10,São Paulo,3550308,True,,1216,,,-23.6578735,-46.7897725,,,,1,2023-06-20T05:27:30+00:00
SAO_6038-10,São Paulo,3550308,True,,1216,,,-23.66147575,-46.790868625,,,,1,2023-06-20T05:26:51+00:00
SAO_6038-10,São Paulo,3550308,True,,1216,,,-23.665846000000002,-46.788559,,,,1,2023-06-20T05:27:19+00:00
SAO_6038-10,São Paulo,3550308,True,,1216,,,-23.66189,-46.790254000000004,,,,1,2023-06-20T05:26:52+00:00
SAO_6038-10,São Paulo,3550308,True,,1216,,,-23.660049,-46.7764445,,,,1,2023-06-20T05:26:46+00:00
SAO_6038-10,São Paulo,3550308,True,,1216,,,-23.639094625,-46.717463124999995,,,,1,2023-06-20T05:27:09+00:00
SAO_3796-10,São Paulo,3550308,True,,33842,,,-23.5430055,-46.47176,,,,2,2023-06-20T05:27:08+00:00
SAO_3796-10,São Paulo,3550308,True,,33842,,,-23.58877925,-46.446368875,,,,2,2023-06-20T05:27:16+00:00
SAO_3796-10,São Paulo,3550308,True,,33842,,,-23.58877925,-46.446368875,,,,2,2023-06-20T05:27:13+00:00
SAO_407L-10,São Paulo,3550308,True,,34967,,,-23.588742125000003,-46.396207625,,,,2,2023-06-20T05:27:13+00:00
SAO_407L-10,São Paulo,3550308,True,,34967,,,-23.5305755,-46.4447395,,,,2,2023-06-20T05:27:23+00:00
SAO_407L-10,São Paulo,3550308,True,,34967,,,-23.527137624999998,-46.50197575,,,,2,2023-06-20T05:25:44+00:00
SAO_7245-10,São Paulo,3550308,True,EMTU,363,https://moovitapp.com/index/pt-br/transporte_p%C3%BAblico-line-363-Sao_Paulo-242-2038937-36419444-0,5.1,-23.5507215,-46.659347499999996,,,,1,2023-06-20T05:27:10+00:00
SAO_7245-10,São Paulo,3550308,True,EMTU,363,https://moovitapp.com/index/pt-br/transporte_p%C3%BAblico-line-363-Sao_Paulo-242-2038937-36419444-0,5.1,-23.6005715,-46.691086,,,,1,2023-06-20T05:27:21+00:00
SAO_4011-10,São Paulo,3550308,True,,34952,,,-23.6038505,-46.4297615,,,,2,2023-06-20T05:27:24+00:00
SAO_4011-10,São Paulo,3550308,True,,34952,,,-23.6224175,-46.414038500000004,,,,2,2023-06-20T05:26:50+00:00
SAO_4011-10,São Paulo,3550308,True,,34952,,,-23.613228499999998,-46.476530999999994,,,,2,2023-06-20T05:27:14+00:00
SAO_7057-10,São Paulo,3550308,True,,34665,,,-23.64922775,-46.78505225,,,,2,2023-06-20T05:27:04+00:00
SAO_7057-10,São Paulo,3550308,True,,34665,,,-23.64904925,-46.78534475,,,,2,2023-06-20T05:27:04+00:00
SAO_7057-10,São Paulo,3550308,True,,34665,,,-23.64922775,-46.78505225,,,,2,2023-06-20T05:27:13+00:00
SAO_6200-10,São Paulo,3550308,True,,33123,,,-23.654646999999997,-46.714907499999995,,,,2,2023-06-20T05:27:22+00:00
SAO_6200-10,São Paulo,3550308,True,,33123,,,-23.654273500000002,-46.712367,,,,2,2023-06-20T05:27:29+00:00
SAO_6200-10,São Paulo,3550308,True,,33123,,,-23.572814375,-46.665649375,,,,2,2023-06-20T05:27:31+00:00
SAO_6200-10,São Paulo,3550308,True,,33123,,,-23.61711,-46.701702,,,,2,2023-06-20T05:27:24+00:00
SAO_1788-10,São Paulo,3550308,True,,33421,,,-23.430656,-46.575369499999994,,,,2,2023-06-20T05:27:13+00:00
SAO_1788-10,São Paulo,3550308,True,,33421,,,-23.502733499999998,-46.623853,,,,2,2023-06-20T05:27:10+00:00
SAO_1788-10,São Paulo,3550308,True,,33421,,,-23.4579565,-46.602463,,,,2,2023-06-20T05:25:24+00:00
SAO_846M-10,São Paulo,3550308,True,,33190,,,-23.532271375,-46.71855562500001,,,,2,2023-06-20T05:26:53+00:00
SAO_846M-10,São Paulo,3550308,True,,33190,,,-23.520323749999996,-46.747128000000004,,,,2,2023-06-20T05:26:51+00:00
SAO_6015-10,São Paulo,3550308,True,,33973,,,-23.677212500000003,-46.760749000000004,,,,2,2023-06-20T05:27:26+00:00
SAO_6015-10,São Paulo,3550308,True,,33973,,,-23.6553375,-46.7077755,,,,2,2023-06-20T05:26:50+00:00
SAO_6015-10,São Paulo,3550308,True,,33973,,,-23.729259,-46.786048750000006,,,,2,2023-06-20T05:27:31+00:00
SAO_6015-10,São Paulo,3550308,True,,33973,,,-23.677212500000003,-46.760749000000004,,,,2,2023-06-20T05:26:54+00:00
SAO_5164-41,São Paulo,3550308,True,,1617,,,-23.646586749999997,-46.645936000000006,,,,1,2023-06-20T05:27:23+00:00
SAO_5164-41,São Paulo,3550308,True,,1617,,,-23.647018000000003,-46.637904750000004,,,,1,2023-06-20T05:27:31+00:00
SAO_5164-41,São Paulo,3550308,True,,1617,,,-23.652524,-46.6463865,,,,1,2023-06-20T05:27:27+00:00
SAO_5164-41,São Paulo,3550308,True,,1617,,,-23.646229499999997,-46.646701500000006,,,,1,2023-06-20T05:27:21+00:00
SAO_407R-10,São Paulo,3550308,True,,2201,,,-23.5428375,-46.587731000000005,,,,1,2023-06-20T05:27:13+00:00
SAO_407R-10,São Paulo,3550308,True,,2201,,,-23.558462,-46.5226175,,,,1,2023-06-20T05:26:55+00:00
SAO_407R-10,São Paulo,3550308,True,,2201,,,-23.564648,-46.5464445,,,,1,2023-06-20T05:24:21+00:00
SAO_8017-10,São Paulo,3550308,True,,34029,,,-23.4862075,-46.726428,,,,2,2023-06-20T05:27:26+00:00
SAO_695V-10,São Paulo,3550308,True,,8,,,-23.609362187499997,-46.667527125,,,,1,2023-06-20T05:26:46+00:00
SAO_695V-10,São Paulo,3550308,True,,8,,,-23.582666,-46.6377195,,,,1,2023-06-20T05:27:24+00:00
SAO_407H-10,São Paulo,3550308,True,,2197,,,-23.593604,-46.4446205,,,,1,2023-06-20T05:26:57+00:00
SAO_407H-10,São Paulo,3550308,True,,2197,,,-23.574071,-46.4534805,,,,1,2023-06-20T05:25:36+00:00
SAO_407H-10,São Paulo,3550308,True,,2197,,,-23.608716,-46.452736,,,,1,2023-06-20T05:27:22+00:00
SAO_7017-10,São Paulo,3550308,True,,35270,,,-23.6817385,-46.7841475,,,,2,2023-06-20T05:27:17+00:00
SAO_7017-10,São Paulo,3550308,True,,35270,,,-23.69319,-46.790735,,,,2,2023-06-20T05:27:08+00:00
SAO_7017-10,São Paulo,3550308,True,,35270,,,-23.6728545,-46.74413925,,,,2,2023-06-20T05:26:59+00:00
SAO_8018-10,São Paulo,3550308,True,,34838,,,-23.5984475,-46.73722,,,,2,2023-06-20T05:27:14+00:00
SAO_8500-10,São Paulo,3550308,True,,1267,,,-23.525046875,-46.667098374999995,,,,1,2023-06-20T05:27:08+00:00
SAO_8500-10,São Paulo,3550308,True,,1267,,,-23.484783,-46.723133,,,,1,2023-06-20T05:27:26+00:00
SAO_8500-10,São Paulo,3550308,True,,1267,,,-23.487215,-46.726875,,,,1,2023-06-20T05:26:44+00:00
SAO_374M-10,São Paulo,3550308,True,,34733,,,-23.485612,-46.481991750000006,,,,2,2023-06-20T05:23:42+00:00
SAO_374M-10,São Paulo,3550308,True,,34733,,,-23.48555,-46.48161125,,,,2,2023-06-20T05:27:29+00:00
SAO_374M-10,São Paulo,3550308,True,,34733,,,-23.512731,-46.503159999999994,,,,2,2023-06-20T05:26:47+00:00
SAO_978J-10,São Paulo,3550308,True,,33359,,,-23.442631875,-46.740267125,,,,2,2023-06-20T05:26:59+00:00
SAO_978J-10,São Paulo,3550308,True,,33359,,,-23.525497875,-46.68077425,,,,2,2023-06-20T05:27:14+00:00
SAO_978J-10,São Paulo,3550308,True,,33359,,,-23.498233,-46.706727,,,,2,2023-06-20T05:27:25+00:00
SAO_978J-10,São Paulo,3550308,True,,33359,,,-23.436899500000003,-46.739963,,,,2,2023-06-20T05:27:00+00:00
SAO_6358-10,São Paulo,3550308,True,,1294,,,-23.6032305,-46.661763875,,,,1,2023-06-20T05:27:18+00:00
SAO_6358-10,São Paulo,3550308,True,,1294,,,-23.548989,-46.6395165,,,,1,2023-06-20T05:26:59+00:00
SAO_2004-10,São Paulo,3550308,True,,33660,,,-23.519818,-46.383840000000006,,,,2,2023-06-20T05:27:11+00:00
SAO_2004-10,São Paulo,3550308,True,,33660,,,-23.528236,-46.39378575,,,,2,2023-06-20T05:27:08+00:00
SAO_2004-10,São Paulo,3550308,True,,33660,,,-23.542969499999998,-46.4127405,,,,2,2023-06-20T05:26:48+00:00
SAO_2202-10,São Paulo,3550308,True,Urubupungá,910,https://moovitapp.com/index/pt-br/transporte_p%C3%BAblico-line-910-Sao_Paulo-242-873835-496471-0,4.6,-23.488201,-46.382996500000004,,,,1,2023-06-20T05:26:47+00:00
SAO_2202-10,São Paulo,3550308,True,Urubupungá,910,https://moovitapp.com/index/pt-br/transporte_p%C3%BAblico-line-910-Sao_Paulo-242-873835-496471-0,4.6,-23.5332815,-46.399273,,,,1,2023-06-20T05:25:53+00:00
SAO_2202-10,São Paulo,3550308,True,Urubupungá,910,https://moovitapp.com/index/pt-br/transporte_p%C3%BAblico-line-910-Sao_Paulo-242-873835-496471-0,4.6,-23.4875525,-46.3821995,,,,1,2023-06-20T05:26:38+00:00
SAO_2202-10,São Paulo,3550308,True,Urubupungá,910,https://moovitapp.com/index/pt-br/transporte_p%C3%BAblico-line-910-Sao_Paulo-242-873835-496471-0,4.6,-23.5331095,-46.399125999999995,,,,1,2023-06-20T05:27:18+00:00
SAO_2202-10,São Paulo,3550308,True,Urubupungá,910,https://moovitapp.com/index/pt-br/transporte_p%C3%BAblico-line-910-Sao_Paulo-242-873835-496471-0,4.6,-23.4943755,-46.4039005,,,,1,2023-06-20T05:26:55+00:00
SAO_3728-41,São Paulo,3550308,True,,34756,,,-23.554099750000002,-46.491521000000006,,,,2,2023-06-20T05:27:17+00:00
SAO_3728-41,São Paulo,3550308,True,,34756,,,-23.542378,-46.48379425,,,,2,2023-06-20T05:27:23+00:00
SAO_351F-10,São Paulo,3550308,True,,687,,,-23.463877500000002,-46.5833025,,,,1,2023-06-20T05:24:16+00:00
SAO_351F-10,São Paulo,3550308,True,,687,,,-23.5760345,-46.529959000000005,,,,1,2023-06-20T05:27:18+00:00
SAO_351F-10,São Paulo,3550308,True,,687,,,-23.539679999999997,-46.596076124999996,,,,1,2023-06-20T05:26:58+00:00
SAO_351F-10,São Paulo,3550308,True,,687,,,-23.4926825,-46.5746785,,,,1,2023-06-20T05:27:16+00:00
SAO_475M-10,São Paulo,3550308,True,,33111,,,-23.5556465,-46.6456735,,,,2,2023-06-20T05:26:49+00:00
SAO_475M-10,São Paulo,3550308,True,,33111,,,-23.611229,-46.6177605,,,,2,2023-06-20T05:27:01+00:00
SAO_2079-10,São Paulo,3550308,True,,370,,,-23.516762,-46.384977500000005,,,,1,2023-06-20T05:26:46+00:00
SAO_2079-10,São Paulo,3550308,True,,370,,,-23.5150875,-46.383185,,,,1,2023-06-20T05:26:54+00:00
SAO_2079-10,São Paulo,3550308,True,,370,,,-23.516762,-46.384977500000005,,,,1,2023-06-20T05:27:07+00:00
SAO_3773-10,São Paulo,3550308,True,,33827,,,-23.615998,-46.4650945,,,,2,2023-06-20T05:27:26+00:00
SAO_3773-10,São Paulo,3550308,True,,33827,,,-23.541407,-46.5362695,,,,2,2023-06-20T05:27:07+00:00
SAO_3773-10,São Paulo,3550308,True,,33827,,,-23.60364525,-46.4816365,,,,2,2023-06-20T05:27:17+00:00
SAO_6014-10,São Paulo,3550308,True,,188,,,-23.6677405,-46.73030275,,,,1,2023-06-20T05:27:20+00:00
SAO_6014-10,São Paulo,3550308,True,,188,,,-23.723392625,-46.78544775,,,,1,2023-06-20T05:27:21+00:00
SAO_6014-10,São Paulo,3550308,True,,188,,,-23.654553,-46.71299,,,,1,2023-06-20T05:27:19+00:00
SAO_4093-10,São Paulo,3550308,True,,2448,,,-23.587657749999998,-46.40627375,,,,1,2023-06-20T05:27:18+00:00
SAO_4093-10,São Paulo,3550308,True,,2448,,,-23.596563,-46.3979435,,,,1,2023-06-20T05:24:30+00:00
SAO_4093-10,São Paulo,3550308,True,,2448,,,-23.588952,-46.395677,,,,1,2023-06-20T05:26:50+00:00
SAO_5391-10,São Paulo,3550308,True,,32939,,,-23.692995500000002,-46.7785065,,,,2,2023-06-20T05:27:20+00:00
SAO_5391-10,São Paulo,3550308,True,,32939,,,-23.692511000000003,-46.7778525,,,,2,2023-06-20T05:27:15+00:00
SAO_5391-10,São Paulo,3550308,True,,32939,,,-23.63947625,-46.696091,,,,2,2023-06-20T05:27:05+00:00
SAO_5391-10,São Paulo,3550308,True,,32939,,,-23.669655,-46.7366765,,,,2,2023-06-20T05:26:53+00:00
SAO_5391-10,São Paulo,3550308,True,,32939,,,-23.692353500000003,-46.7775755,,,,2,2023-06-20T05:27:16+00:00
SAO_648P-10,São Paulo,3550308,True,,66,,,-23.60611575,-46.693101999999996,,,,1,2023-06-20T05:27:11+00:00
SAO_5111-10,São Paulo,3550308,True,,48,,,-23.6542935,-46.7114185,,,,1,2023-06-20T05:27:14+00:00
SAO_5111-10,São Paulo,3550308,True,,48,,,-23.5637695,-46.6461975,,,,1,2023-06-20T05:27:14+00:00
SAO_5111-10,São Paulo,3550308,True,,48,,,-23.547648,-46.630084999999994,,,,1,2023-06-20T05:27:20+00:00
SAO_736G-10,São Paulo,3550308,True,,780,,,-23.62853475,-46.71229375,,,,1,2023-06-20T05:27:02+00:00
SAO_736G-10,São Paulo,3550308,True,,780,,,-23.632856500000003,-46.747603999999995,,,,1,2023-06-20T05:27:22+00:00
SAO_172P-10,São Paulo,3550308,True,,858,,,-23.485349499999998,-46.592062,,,,1,2023-06-20T05:27:03+00:00
SAO_172P-10,São Paulo,3550308,True,,858,,,-23.54278,-46.591201999999996,,,,1,2023-06-20T05:27:27+00:00
SAO_172P-10,São Paulo,3550308,True,,858,,,-23.509189,-46.587495000000004,,,,1,2023-06-20T05:23:55+00:00
SAO_172P-10,São Paulo,3550308,True,,858,,,-23.437303,-46.56643425,,,,1,2023-06-20T05:27:20+00:00
SAO_172P-10,São Paulo,3550308,True,,858,,,-23.441891,-46.589701250000005,,,,1,2023-06-20T05:27:11+00:00
SAO_8050-10,São Paulo,3550308,True,,412,,,-23.519528,-46.7027475,,,,1,2023-06-20T05:27:22+00:00
SAO_8050-10,São Paulo,3550308,True,,412,,,-23.430594,-46.787584,,,,1,2023-06-20T05:26:57+00:00
SAO_8050-10,São Paulo,3550308,True,,412,,,-23.47157575,-46.7781035,,,,1,2023-06-20T05:26:51+00:00
SAO_2582-10,São Paulo,3550308,True,,33142,,,-23.510334,-46.5507585,,,,2,2023-06-20T05:27:19+00:00
SAO_2582-10,São Paulo,3550308,True,,33142,,,-23.532059,-46.56079275,,,,2,2023-06-20T05:27:21+00:00
SAO_2582-10,São Paulo,3550308,True,,33142,,,-23.4974225,-46.51672,,,,2,2023-06-20T05:27:25+00:00
SAO_9301-10,São Paulo,3550308,True,,458,,,-23.4962345,-46.662550499999995,,,,1,2023-06-20T05:27:20+00:00
SAO_9301-10,São Paulo,3550308,True,,458,,,-23.542839999999998,-46.6362885,,,,1,2023-06-20T05:27:23+00:00
SAO_3033-10,São Paulo,3550308,True,,33736,,,-23.5949145,-46.4410185,,,,2,2023-06-20T05:26:53+00:00
SAO_3033-10,São Paulo,3550308,True,,33736,,,-23.5685115,-46.417391,,,,2,2023-06-20T05:26:48+00:00
SAO_4114-10,São Paulo,3550308,True,,33089,,,-23.611375000000002,-46.62250025,,,,2,2023-06-20T05:27:23+00:00
SAO_6000-10,São Paulo,3550308,True,,33908,,,-23.79863,-46.730983,,,,2,2023-06-20T05:26:56+00:00
SAO_6000-10,São Paulo,3550308,True,,33908,,,-23.668936,-46.712108,,,,2,2023-06-20T05:27:25+00:00
SAO_6000-10,São Paulo,3550308,True,,33908,,,-23.828025500000003,-46.7271865,,,,2,2023-06-20T05:27:26+00:00
SAO_6000-10,São Paulo,3550308,True,,33908,,,-23.74012275,-46.703446,,,,2,2023-06-20T05:26:47+00:00
SAO_6000-10,São Paulo,3550308,True,,33908,,,-23.769367000000003,-46.71789149999999,,,,2,2023-06-20T05:27:20+00:00
SAO_6000-10,São Paulo,3550308,True,,33908,,,-23.828025500000003,-46.7271865,,,,2,2023-06-20T05:26:52+00:00
SAO_6000-10,São Paulo,3550308,True,,33908,,,-23.7187535,-46.698841,,,,2,2023-06-20T05:27:06+00:00
SAO_7004-10,São Paulo,3550308,True,,1992,,,-23.731146000000003,-46.785866999999996,,,,1,2023-06-20T05:27:11+00:00
SAO_7004-10,São Paulo,3550308,True,,1992,,,-23.7320815,-46.786311,,,,1,2023-06-20T05:27:28+00:00
SAO_7004-10,São Paulo,3550308,True,,1992,,,-23.7320815,-46.786311,,,,1,2023-06-20T05:26:53+00:00
SAO_7004-10,São Paulo,3550308,True,,1992,,,-23.6555345,-46.722061499999995,,,,1,2023-06-20T05:27:09+00:00
SAO_7004-10,São Paulo,3550308,True,,1992,,,-23.7005065,-46.781556,,,,1,2023-06-20T05:27:17+00:00
SAO_7004-10,São Paulo,3550308,True,,1992,,,-23.664486000000004,-46.726466,,,,1,2023-06-20T05:27:02+00:00
SAO_546L-10,São Paulo,3550308,True,,34053,,,-23.6727925,-46.666112999999996,,,,2,2023-06-20T05:27:17+00:00
SAO_546L-10,São Paulo,3550308,True,,34053,,,-23.681904,-46.638852,,,,2,2023-06-20T05:27:25+00:00
SAO_546L-10,São Paulo,3550308,True,,34053,,,-23.689011999999998,-46.6349485,,,,2,2023-06-20T05:27:00+00:00
SAO_546L-10,São Paulo,3550308,True,,34053,,,-23.674021,-46.698019,,,,2,2023-06-20T05:27:01+00:00
SAO_6072-23,São Paulo,3550308,True,,2004,,,-23.771853,-46.719546,,,,1,2023-06-20T05:27:23+00:00
SAO_6072-23,São Paulo,3550308,True,,2004,,,-23.767591,-46.7163045,,,,1,2023-06-20T05:26:46+00:00
SAO_6072-23,São Paulo,3550308,True,,2004,,,-23.767591,-46.7163045,,,,1,2023-06-20T05:27:10+00:00
SAO_6072-23,São Paulo,3550308,True,,2004,,,-23.767591,-46.7163045,,,,1,2023-06-20T05:26:54+00:00
SAO_6072-23,São Paulo,3550308,True,,2004,,,-23.767591,-46.7163045,,,,1,2023-06-20T05:26:57+00:00
SAO_6072-23,São Paulo,3550308,True,,2004,,,-23.767591,-46.7163045,,,,1,2023-06-20T05:26:52+00:00
SAO_6072-23,São Paulo,3550308,True,,2004,,,-23.767591,-46.7163045,,,,1,2023-06-20T05:26:47+00:00
SAO_2033-10,São Paulo,3550308,True,,2499,,,-23.520755375,-46.62540800000001,,,,1,2023-06-20T05:27:03+00:00
SAO_2033-10,São Paulo,3550308,True,,2499,,,-23.4973545,-46.572866000000005,,,,1,2023-06-20T05:25:37+00:00
SAO_971C-10,São Paulo,3550308,True,,571,,,-23.501060000000003,-46.62484499999999,,,,1,2023-06-20T05:27:02+00:00
SAO_971C-10,São Paulo,3550308,True,,571,,,-23.440492,-46.7082695,,,,1,2023-06-20T05:26:50+00:00
SAO_971C-10,São Paulo,3550308,True,,571,,,-23.479895499999998,-46.661610499999995,,,,1,2023-06-20T05:26:46+00:00
SAO_971C-10,São Paulo,3550308,True,,571,,,-23.4557005,-46.6930005,,,,1,2023-06-20T05:26:47+00:00
SAO_407K-10,São Paulo,3550308,True,,2168,,,-23.5785145,-46.495988499999996,,,,1,2023-06-20T05:27:18+00:00
SAO_407K-10,São Paulo,3550308,True,,2168,,,-23.5387,-46.5644465,,,,1,2023-06-20T05:27:10+00:00
SAO_3112-10,São Paulo,3550308,True,,33848,,,-23.542462999999998,-46.5901045,,,,2,2023-06-20T05:27:05+00:00
SAO_3112-10,São Paulo,3550308,True,,33848,,,-23.60343825,-46.5269075,,,,2,2023-06-20T05:26:55+00:00
SAO_3112-10,São Paulo,3550308,True,,33848,,,-23.5783375,-46.57453325,,,,2,2023-06-20T05:27:27+00:00
SAO_6L01-10,São Paulo,3550308,True,,33939,,,-23.90679,-46.708217000000005,,,,2,2023-06-20T05:27:07+00:00
SAO_6L01-10,São Paulo,3550308,True,,33939,,,-23.90679,-46.708217000000005,,,,2,2023-06-20T05:27:26+00:00
SAO_6L01-10,São Paulo,3550308,True,,33939,,,-23.90679,-46.708217000000005,,,,2,2023-06-20T05:26:58+00:00
SAO_6L01-10,São Paulo,3550308,True,,33939,,,-23.90679,-46.708217000000005,,,,2,2023-06-20T05:27:27+00:00
SAO_6L01-10,São Paulo,3550308,True,,33939,,,-23.897793,-46.725355,,,,2,2023-06-20T05:27:07+00:00
SAO_6L01-10,São Paulo,3550308,True,,33939,,,-23.843864,-46.7435405,,,,2,2023-06-20T05:26:50+00:00
SAO_6L01-10,São Paulo,3550308,True,,33939,,,-23.90679,-46.708217000000005,,,,2,2023-06-20T05:26:55+00:00
SAO_6L01-10,São Paulo,3550308,True,,33939,,,-23.765957,-46.716463,,,,2,2023-06-20T05:26:48+00:00
SAO_6L01-10,São Paulo,3550308,True,,33939,,,-23.90679,-46.708217000000005,,,,2,2023-06-20T05:27:00+00:00
SAO_119C-10,São Paulo,3550308,True,,33429,,,-23.52957,-46.617486,,,,2,2023-06-20T05:27:10+00:00
SAO_119C-10,São Paulo,3550308,True,,33429,,,-23.534060500000002,-46.6449245,,,,2,2023-06-20T05:27:22+00:00
SAO_119C-10,São Paulo,3550308,True,,33429,,,-23.4788315,-46.5691755,,,,2,2023-06-20T05:26:51+00:00
SAO_775A-10,São Paulo,3550308,True,,33241,,,-23.576487999999998,-46.7556755,,,,2,2023-06-20T05:27:08+00:00
SAO_775A-10,São Paulo,3550308,True,,33241,,,-23.5623195,-46.7647105,,,,2,2023-06-20T05:27:17+00:00
SAO_5010-10,São Paulo,3550308,True,,33882,,,-23.63814,-46.6719285,,,,2,2023-06-20T05:27:03+00:00
SAO_5010-10,São Paulo,3550308,True,,33882,,,-23.66333075,-46.635095750000005,,,,2,2023-06-20T05:27:18+00:00
SAO_5010-10,São Paulo,3550308,True,,33882,,,-23.6535685,-46.703556,,,,2,2023-06-20T05:26:54+00:00
SAO_177Y-10,São Paulo,3550308,True,,33635,,,-23.55070475,-46.67728725,,,,2,2023-06-20T05:27:15+00:00
SAO_177Y-10,São Paulo,3550308,True,,33635,,,-23.5269075,-46.66671425,,,,2,2023-06-20T05:27:01+00:00
SAO_6021-10,São Paulo,3550308,True,EMTU,177,https://moovitapp.com/index/pt-br/transporte_p%C3%BAblico-line-177-Sao_Paulo-242-2038937-36419313-0,5.2,-23.769605,-46.7179785,,,,1,2023-06-20T05:27:26+00:00
SAO_6021-10,São Paulo,3550308,True,EMTU,177,https://moovitapp.com/index/pt-br/transporte_p%C3%BAblico-line-177-Sao_Paulo-242-2038937-36419313-0,5.2,-23.7668205,-46.716344500000005,,,,1,2023-06-20T05:27:24+00:00
SAO_6021-10,São Paulo,3550308,True,EMTU,177,https://moovitapp.com/index/pt-br/transporte_p%C3%BAblico-line-177-Sao_Paulo-242-2038937-36419313-0,5.2,-23.7668205,-46.716344500000005,,,,1,2023-06-20T05:26:57+00:00
SAO_6021-10,São Paulo,3550308,True,EMTU,177,https://moovitapp.com/index/pt-br/transporte_p%C3%BAblico-line-177-Sao_Paulo-242-2038937-36419313-0,5.2,-23.785728,-46.72602575,,,,1,2023-06-20T05:27:26+00:00
SAO_6021-10,São Paulo,3550308,True,EMTU,177,https://moovitapp.com/index/pt-br/transporte_p%C3%BAblico-line-177-Sao_Paulo-242-2038937-36419313-0,5.2,-23.7668205,-46.716344500000005,,,,1,2023-06-20T05:27:15+00:00
SAO_6021-10,São Paulo,3550308,True,EMTU,177,https://moovitapp.com/index/pt-br/transporte_p%C3%BAblico-line-177-Sao_Paulo-242-2038937-36419313-0,5.2,-23.7668205,-46.716344500000005,,,,1,2023-06-20T05:27:11+00:00
SAO_507T-10,São Paulo,3550308,True,,34976,,,-23.5801255,-46.5180675,,,,2,2023-06-20T05:26:47+00:00
SAO_507T-10,São Paulo,3550308,True,,34976,,,-23.595560499999998,-46.502678,,,,2,2023-06-20T05:27:01+00:00
SAO_5111-10,São Paulo,3550308,True,,32816,,,-23.5986945,-46.673962,,,,2,2023-06-20T05:27:04+00:00
SAO_5111-10,São Paulo,3550308,True,,32816,,,-23.6301995,-46.690188,,,,2,2023-06-20T05:27:15+00:00
SAO_5111-10,São Paulo,3550308,True,,32816,,,-23.56706775,-46.648686999999995,,,,2,2023-06-20T05:27:08+00:00
SAO_8100-10,São Paulo,3550308,True,,34030,,,-23.4863135,-46.725455,,,,2,2023-06-20T05:27:15+00:00
SAO_8100-10,São Paulo,3550308,True,,34030,,,-23.494353,-46.730832,,,,2,2023-06-20T05:27:17+00:00
SAO_263C-10,São Paulo,3550308,True,,33020,,,-23.5097635,-46.416448,,,,2,2023-06-20T05:27:07+00:00
SAO_263C-10,São Paulo,3550308,True,,33020,,,-23.543399,-46.425323500000005,,,,2,2023-06-20T05:27:23+00:00
SAO_3390-10,São Paulo,3550308,True,,33506,,,-23.5473415,-46.629296499999995,,,,2,2023-06-20T05:27:06+00:00
SAO_3390-10,São Paulo,3550308,True,,33506,,,-23.597552,-46.5317445,,,,2,2023-06-20T05:27:28+00:00
SAO_3390-10,São Paulo,3550308,True,,33506,,,-23.583275999999998,-46.590390750000005,,,,2,2023-06-20T05:27:15+00:00
SAO_675M-10,São Paulo,3550308,True,ETT,108,https://moovitapp.com/index/pt-br/transporte_p%C3%BAblico-line-108-Sao_Paulo-242-876373-496510-0,5.3,-23.720964000000002,-46.676227,,,,1,2023-06-20T05:27:09+00:00
SAO_675M-10,São Paulo,3550308,True,ETT,108,https://moovitapp.com/index/pt-br/transporte_p%C3%BAblico-line-108-Sao_Paulo-242-876373-496510-0,5.3,-23.646469,-46.6393615,,,,1,2023-06-20T05:27:22+00:00
SAO_675M-10,São Paulo,3550308,True,ETT,108,https://moovitapp.com/index/pt-br/transporte_p%C3%BAblico-line-108-Sao_Paulo-242-876373-496510-0,5.3,-23.7221975,-46.688697250000004,,,,1,2023-06-20T05:27:19+00:00
SAO_675M-10,São Paulo,3550308,True,ETT,108,https://moovitapp.com/index/pt-br/transporte_p%C3%BAblico-line-108-Sao_Paulo-242-876373-496510-0,5.3,-23.6441805,-46.658026500000005,,,,1,2023-06-20T05:27:02+00:00
SAO_7545-10,São Paulo,3550308,True,,504,,,-23.553493000000003,-46.66007975,,,,1,2023-06-20T05:27:21+00:00
SAO_7545-10,São Paulo,3550308,True,,504,,,-23.592719000000002,-46.776168999999996,,,,1,2023-06-20T05:26:55+00:00
SAO_7545-10,São Paulo,3550308,True,,504,,,-23.57231325,-46.701117499999995,,,,1,2023-06-20T05:27:15+00:00
SAO_7545-10,São Paulo,3550308,True,,504,,,-23.547722,-46.641317,,,,1,2023-06-20T05:26:52+00:00
SAO_3063-10,São Paulo,3550308,True,,33021,,,-23.558238,-46.399558999999996,,,,2,2023-06-20T05:27:04+00:00
SAO_3063-10,São Paulo,3550308,True,,33021,,,-23.598715,-46.464171,,,,2,2023-06-20T05:26:57+00:00
SAO_3063-10,São Paulo,3550308,True,,33021,,,-23.563206,-46.416537999999996,,,,2,2023-06-20T05:27:06+00:00
SAO_3063-10,São Paulo,3550308,True,,33021,,,-23.543691000000003,-46.410817,,,,2,2023-06-20T05:27:08+00:00
SAO_3063-10,São Paulo,3550308,True,,33021,,,-23.558008,-46.3996015,,,,2,2023-06-20T05:26:55+00:00
SAO_2435-10,São Paulo,3550308,True,Cidade de Caieiras,210,https://moovitapp.com/index/pt-br/transporte_p%C3%BAblico-line-210-Sao_Paulo-242-868761-496408-0,5.0,-23.52397925,-46.50950375,,,,1,2023-06-20T05:27:28+00:00
SAO_2435-10,São Paulo,3550308,True,Cidade de Caieiras,210,https://moovitapp.com/index/pt-br/transporte_p%C3%BAblico-line-210-Sao_Paulo-242-868761-496408-0,5.0,-23.532457,-46.477875,,,,1,2023-06-20T05:26:53+00:00
SAO_2435-10,São Paulo,3550308,True,Cidade de Caieiras,210,https://moovitapp.com/index/pt-br/transporte_p%C3%BAblico-line-210-Sao_Paulo-242-868761-496408-0,5.0,-23.5293535,-46.479913499999995,,,,1,2023-06-20T05:26:57+00:00
SAO_2755-10,São Paulo,3550308,True,,33001,,,-23.533088,-46.544171500000004,,,,2,2023-06-20T05:27:22+00:00
SAO_2755-10,São Paulo,3550308,True,,33001,,,-23.542133,-46.4148525,,,,2,2023-06-20T05:26:48+00:00
SAO_2755-10,São Paulo,3550308,True,,33001,,,-23.5118895,-46.4278865,,,,2,2023-06-20T05:27:14+00:00
SAO_2755-10,São Paulo,3550308,True,,33001,,,-23.5298375,-46.551388,,,,2,2023-06-20T05:27:00+00:00
SAO_2755-10,São Paulo,3550308,True,,33001,,,-23.540091,-46.394296499999996,,,,2,2023-06-20T05:27:27+00:00
SAO_2755-10,São Paulo,3550308,True,,33001,,,-23.540091,-46.394296499999996,,,,2,2023-06-20T05:27:25+00:00
SAO_2755-10,São Paulo,3550308,True,,33001,,,-23.532943500000002,-46.5433115,,,,2,2023-06-20T05:27:14+00:00
SAO_2755-10,São Paulo,3550308,True,,33001,,,-23.5211225,-46.4439945,,,,2,2023-06-20T05:26:48+00:00
SAO_2755-10,São Paulo,3550308,True,,33001,,,-23.539911,-46.394,,,,2,2023-06-20T05:26:52+00:00
SAO_2755-10,São Paulo,3550308,True,,33001,,,-23.523042,-46.519755,,,,2,2023-06-20T05:27:23+00:00
SAO_2363-10,São Paulo,3550308,True,,32903,,,-23.50919125,-46.53906925,,,,2,2023-06-20T05:26:50+00:00
SAO_2363-10,São Paulo,3550308,True,,32903,,,-23.4987395,-46.50209475,,,,2,2023-06-20T05:27:27+00:00
SAO_3741-10,São Paulo,3550308,True,,33809,,,-23.542377000000002,-46.449023749999995,,,,2,2023-06-20T05:27:22+00:00
SAO_3741-10,São Paulo,3550308,True,,33809,,,-23.551487375,-46.450802625,,,,2,2023-06-20T05:26:49+00:00
SAO_3741-10,São Paulo,3550308,True,,33809,,,-23.564722,-46.456851,,,,2,2023-06-20T05:27:02+00:00
SAO_3741-10,São Paulo,3550308,True,,33809,,,-23.543005,-46.4715575,,,,2,2023-06-20T05:27:08+00:00
SAO_6116-10,São Paulo,3550308,True,,1186,,,-23.736701500000002,-46.696777499999996,,,,1,2023-06-20T05:27:17+00:00
SAO_6116-10,São Paulo,3550308,True,,1186,,,-23.755079,-46.659037,,,,1,2023-06-20T05:27:05+00:00
SAO_6116-10,São Paulo,3550308,True,,1186,,,-23.7553025,-46.659088,,,,1,2023-06-20T05:27:11+00:00
SAO_675P-10,São Paulo,3550308,True,,33043,,,-23.645426,-46.645011499999995,,,,2,2023-06-20T05:26:50+00:00
SAO_675P-10,São Paulo,3550308,True,,33043,,,-23.6549835,-46.652183875,,,,2,2023-06-20T05:27:09+00:00
SAO_675P-10,São Paulo,3550308,True,,33043,,,-23.644296500000003,-46.6729175,,,,2,2023-06-20T05:26:44+00:00
SAO_6200-10,São Paulo,3550308,True,,355,,,-23.654400000000003,-46.7146665,,,,1,2023-06-20T05:27:24+00:00
SAO_6200-10,São Paulo,3550308,True,,355,,,-23.654262,-46.713696,,,,1,2023-06-20T05:27:29+00:00
SAO_6200-10,São Paulo,3550308,True,,355,,,-23.6544435,-46.714867,,,,1,2023-06-20T05:27:28+00:00
SAO_6200-10,São Paulo,3550308,True,,355,,,-23.549083,-46.6398165,,,,1,2023-06-20T05:26:46+00:00
SAO_6200-10,São Paulo,3550308,True,,355,,,-23.578649375000005,-46.675489625000004,,,,1,2023-06-20T05:27:20+00:00
SAO_6200-10,São Paulo,3550308,True,,355,,,-23.6544435,-46.714867,,,,1,2023-06-20T05:27:15+00:00
SAO_6200-10,São Paulo,3550308,True,,355,,,-23.6544435,-46.714867,,,,1,2023-06-20T05:27:11+00:00
SAO_6200-10,São Paulo,3550308,True,,355,,,-23.654486499999997,-46.7150675,,,,1,2023-06-20T05:27:04+00:00
SAO_6200-10,São Paulo,3550308,True,,355,,,-23.654531499999997,-46.715275500000004,,,,1,2023-06-20T05:27:28+00:00
SAO_6200-10,São Paulo,3550308,True,,355,,,-23.65423,-46.7120225,,,,1,2023-06-20T05:26:54+00:00
SAO_6200-10,São Paulo,3550308,True,,355,,,-23.6543085,-46.714079999999996,,,,1,2023-06-20T05:27:05+00:00
SAO_6030-10,São Paulo,3550308,True,,33910,,,-23.686821000000002,-46.6945105,,,,2,2023-06-20T05:26:47+00:00
SAO_6913-10,São Paulo,3550308,True,,1465,,,-23.570102249999998,-46.66185775,,,,1,2023-06-20T05:27:04+00:00
SAO_6913-10,São Paulo,3550308,True,,1465,,,-23.76784525,-46.71674175,,,,1,2023-06-20T05:27:03+00:00
SAO_6913-10,São Paulo,3550308,True,,1465,,,-23.680556,-46.713172,,,,1,2023-06-20T05:26:13+00:00
SAO_8072-10,São Paulo,3550308,True,,34847,,,-23.582431,-46.725393,,,,2,2023-06-20T05:26:52+00:00
SAO_8072-10,São Paulo,3550308,True,,34847,,,-23.6423545,-46.7659975,,,,2,2023-06-20T05:27:05+00:00
SAO_8072-10,São Paulo,3550308,True,,34847,,,-23.623948,-46.764527,,,,2,2023-06-20T05:27:26+00:00
SAO_8622-10,São Paulo,3550308,True,EMTU,438,https://moovitapp.com/index/pt-br/transporte_p%C3%BAblico-line-438-Sao_Paulo-242-2038937-36419488-0,7.65,-23.48802125,-46.768007499999996,,,,1,2023-06-20T05:27:17+00:00
SAO_8622-10,São Paulo,3550308,True,EMTU,438,https://moovitapp.com/index/pt-br/transporte_p%C3%BAblico-line-438-Sao_Paulo-242-2038937-36419488-0,7.65,-23.531344500000003,-46.6649995,,,,1,2023-06-20T05:26:24+00:00
SAO_8622-10,São Paulo,3550308,True,EMTU,438,https://moovitapp.com/index/pt-br/transporte_p%C3%BAblico-line-438-Sao_Paulo-242-2038937-36419488-0,7.65,-23.4332985,-46.792895,,,,1,2023-06-20T05:27:09+00:00
SAO_2714-10,São Paulo,3550308,True,,33695,,,-23.514475750000003,-46.5316675,,,,2,2023-06-20T05:27:26+00:00
SAO_2714-10,São Paulo,3550308,True,,33695,,,-23.508399,-46.521429499999996,,,,2,2023-06-20T05:26:59+00:00
SAO_6041-10,São Paulo,3550308,True,,1218,,,-23.649005000000002,-46.7539805,,,,1,2023-06-20T05:27:24+00:00
SAO_6041-10,São Paulo,3550308,True,,1218,,,-23.681513000000002,-46.77748700000001,,,,1,2023-06-20T05:27:21+00:00
SAO_6041-10,São Paulo,3550308,True,,1218,,,-23.690493500000002,-46.780443,,,,1,2023-06-20T05:27:27+00:00
SAO_6041-10,São Paulo,3550308,True,,1218,,,-23.690493500000002,-46.780443,,,,1,2023-06-20T05:27:27+00:00
SAO_6041-10,São Paulo,3550308,True,,1218,,,-23.690493500000002,-46.780443,,,,1,2023-06-20T05:26:53+00:00
SAO_273N-10,São Paulo,3550308,True,,33158,,,-23.5046015,-46.367096,,,,2,2023-06-20T05:27:26+00:00
SAO_273N-10,São Paulo,3550308,True,,33158,,,-23.503814,-46.428571500000004,,,,2,2023-06-20T05:27:24+00:00
SAO_273N-10,São Paulo,3550308,True,,33158,,,-23.5071405,-46.376321000000004,,,,2,2023-06-20T05:25:54+00:00
SAO_273N-10,São Paulo,3550308,True,,33158,,,-23.513843375,-46.44753349999999,,,,2,2023-06-20T05:27:16+00:00
SAO_273N-10,São Paulo,3550308,True,,33158,,,-23.504652,-46.3669675,,,,2,2023-06-20T05:27:15+00:00
SAO_1787-10,São Paulo,3550308,True,,33418,,,-23.501668875,-46.62240787500001,,,,2,2023-06-20T05:27:11+00:00
SAO_1787-10,São Paulo,3550308,True,,33418,,,-23.451822,-46.622975,,,,2,2023-06-20T05:23:43+00:00
SAO_7055-10,São Paulo,3550308,True,,1888,,,-23.6364275,-46.7779335,,,,1,2023-06-20T05:26:55+00:00
SAO_7055-10,São Paulo,3550308,True,,1888,,,-23.681676000000003,-46.783525999999995,,,,1,2023-06-20T05:27:21+00:00
SAO_7055-10,São Paulo,3550308,True,,1888,,,-23.6919635,-46.7907745,,,,1,2023-06-20T05:27:20+00:00
SAO_7055-10,São Paulo,3550308,True,,1888,,,-23.6919635,-46.7907745,,,,1,2023-06-20T05:26:56+00:00
SAO_7055-10,São Paulo,3550308,True,,1888,,,-23.6310935,-46.773485,,,,1,2023-06-20T05:27:23+00:00
SAO_7055-10,São Paulo,3550308,True,,1888,,,-23.6919635,-46.7907745,,,,1,2023-06-20T05:27:11+00:00
SAO_8677-10,São Paulo,3550308,True,,33211,,,-23.534668500000002,-46.6537985,,,,2,2023-06-20T05:27:15+00:00
SAO_8677-10,São Paulo,3550308,True,,33211,,,-23.486794500000002,-46.733456000000004,,,,2,2023-06-20T05:27:13+00:00
SAO_8677-10,São Paulo,3550308,True,,33211,,,-23.489747,-46.760813,,,,2,2023-06-20T05:27:27+00:00
SAO_8677-10,São Paulo,3550308,True,,33211,,,-23.50818575,-46.734948125,,,,2,2023-06-20T05:27:24+00:00
SAO_8677-10,São Paulo,3550308,True,,33211,,,-23.487239000000002,-46.7323545,,,,2,2023-06-20T05:26:47+00:00
SAO_3731-10,São Paulo,3550308,True,,1028,,,-23.54011525,-46.51618425,,,,1,2023-06-20T05:26:41+00:00
SAO_3731-10,São Paulo,3550308,True,,1028,,,-23.539874,-46.516463,,,,1,2023-06-20T05:26:55+00:00
SAO_3731-10,São Paulo,3550308,True,,1028,,,-23.539874,-46.516463,,,,1,2023-06-20T05:26:45+00:00
SAO_3731-10,São Paulo,3550308,True,,1028,,,-23.531503,-46.5289355,,,,1,2023-06-20T05:26:45+00:00
SAO_3731-10,São Paulo,3550308,True,,1028,,,-23.539874,-46.516463,,,,1,2023-06-20T05:27:01+00:00
SAO_3731-10,São Paulo,3550308,True,,1028,,,-23.54011525,-46.51618425,,,,1,2023-06-20T05:26:45+00:00
SAO_3731-10,São Paulo,3550308,True,,1028,,,-23.539611999999998,-46.516724999999994,,,,1,2023-06-20T05:27:07+00:00
SAO_2734-10,São Paulo,3550308,True,,34528,,,-23.512037499999998,-46.43361975,,,,2,2023-06-20T05:27:23+00:00
SAO_2734-10,São Paulo,3550308,True,,34528,,,-23.539882,-46.458713,,,,2,2023-06-20T05:27:27+00:00
SAO_2734-10,São Paulo,3550308,True,,34528,,,-23.512508250000003,-46.40890675,,,,2,2023-06-20T05:26:54+00:00
SAO_6003-10,São Paulo,3550308,True,,1472,,,-23.7377555,-46.6976535,,,,1,2023-06-20T05:27:14+00:00
SAO_6003-10,São Paulo,3550308,True,,1472,,,-23.7377555,-46.6976535,,,,1,2023-06-20T05:27:15+00:00
SAO_6003-10,São Paulo,3550308,True,,1472,,,-23.74022625,-46.703695999999994,,,,1,2023-06-20T05:27:23+00:00
SAO_6010-10,São Paulo,3550308,True,,33970,,,-23.667592,-46.7354985,,,,2,2023-06-20T05:27:12+00:00
SAO_6010-10,São Paulo,3550308,True,,33970,,,-23.667592,-46.7354985,,,,2,2023-06-20T05:27:02+00:00
SAO_6010-10,São Paulo,3550308,True,,33970,,,-23.667592,-46.7354985,,,,2,2023-06-20T05:27:13+00:00
SAO_6010-10,São Paulo,3550308,True,,33970,,,-23.6938785,-46.7945825,,,,2,2023-06-20T05:26:50+00:00
SAO_6010-10,São Paulo,3550308,True,,33970,,,-23.6933645,-46.794154,,,,2,2023-06-20T05:27:21+00:00
SAO_6010-10,São Paulo,3550308,True,,33970,,,-23.659925625,-46.773087000000004,,,,2,2023-06-20T05:27:24+00:00
SAO_6010-10,São Paulo,3550308,True,,33970,,,-23.6662085,-46.7433875,,,,2,2023-06-20T05:27:18+00:00
SAO_6010-10,São Paulo,3550308,True,,33970,,,-23.693805,-46.7944445,,,,2,2023-06-20T05:27:09+00:00
SAO_6010-10,São Paulo,3550308,True,,33970,,,-23.667592,-46.7354985,,,,2,2023-06-20T05:26:56+00:00
SAO_6010-10,São Paulo,3550308,True,,33970,,,-23.6938785,-46.7945825,,,,2,2023-06-20T05:27:27+00:00
SAO_875C-10,São Paulo,3550308,True,EMTU,478,https://moovitapp.com/index/pt-br/transporte_p%C3%BAblico-line-478-Sao_Paulo-242-2038937-36419510-0,6.25,-23.52012,-46.6994665,,,,1,2023-06-20T05:27:14+00:00
SAO_875C-10,São Paulo,3550308,True,EMTU,478,https://moovitapp.com/index/pt-br/transporte_p%C3%BAblico-line-478-Sao_Paulo-242-2038937-36419510-0,6.25,-23.596855249999997,-46.64572162499999,,,,1,2023-06-20T05:27:23+00:00
SAO_875C-10,São Paulo,3550308,True,EMTU,478,https://moovitapp.com/index/pt-br/transporte_p%C3%BAblico-line-478-Sao_Paulo-242-2038937-36419510-0,6.25,-23.52012,-46.6994665,,,,1,2023-06-20T05:27:05+00:00
SAO_875C-10,São Paulo,3550308,True,EMTU,478,https://moovitapp.com/index/pt-br/transporte_p%C3%BAblico-line-478-Sao_Paulo-242-2038937-36419510-0,6.25,-23.58538,-46.683055499999995,,,,1,2023-06-20T05:26:58+00:00
SAO_875C-10,São Paulo,3550308,True,EMTU,478,https://moovitapp.com/index/pt-br/transporte_p%C3%BAblico-line-478-Sao_Paulo-242-2038937-36419510-0,6.25,-23.52012,-46.6994665,,,,1,2023-06-20T05:27:03+00:00
SAO_2765-10,São Paulo,3550308,True,EMTU,145,https://moovitapp.com/index/pt-br/transporte_p%C3%BAblico-line-145-Sao_Paulo-242-2038937-36419293-0,5.35,-23.504902,-46.5078685,,,,1,2023-06-20T05:27:18+00:00
SAO_2765-10,São Paulo,3550308,True,EMTU,145,https://moovitapp.com/index/pt-br/transporte_p%C3%BAblico-line-145-Sao_Paulo-242-2038937-36419293-0,5.35,-23.495687,-46.49704,,,,1,2023-06-20T05:27:08+00:00
SAO_2765-10,São Paulo,3550308,True,EMTU,145,https://moovitapp.com/index/pt-br/transporte_p%C3%BAblico-line-145-Sao_Paulo-242-2038937-36419293-0,5.35,-23.5162925,-46.5460595,,,,1,2023-06-20T05:27:12+00:00
SAO_2765-10,São Paulo,3550308,True,EMTU,145,https://moovitapp.com/index/pt-br/transporte_p%C3%BAblico-line-145-Sao_Paulo-242-2038937-36419293-0,5.35,-23.533206,-46.572426,,,,1,2023-06-20T05:27:07+00:00
SAO_9047-10,São Paulo,3550308,True,,33651,,,-23.469682749999997,-46.693912999999995,,,,2,2023-06-20T05:27:27+00:00
SAO_9047-10,São Paulo,3550308,True,,33651,,,-23.458814,-46.707038999999995,,,,2,2023-06-20T05:27:13+00:00
SAO_9047-10,São Paulo,3550308,True,,33651,,,-23.5092665,-46.69316825,,,,2,2023-06-20T05:26:59+00:00
SAO_N402-11,São Paulo,3550308,True,,35126,,,-23.542766999999998,-46.470827,,,,2,2023-06-20T05:27:14+00:00
SAO_3731-10,São Paulo,3550308,True,,33796,,,-23.539874,-46.516463,,,,2,2023-06-20T05:26:47+00:00
SAO_3731-10,São Paulo,3550308,True,,33796,,,-23.563913499999998,-46.502575500000006,,,,2,2023-06-20T05:27:12+00:00
SAO_3731-10,São Paulo,3550308,True,,33796,,,-23.550242,-46.517579250000004,,,,2,2023-06-20T05:27:06+00:00
SAO_3731-10,São Paulo,3550308,True,,33796,,,-23.539611999999998,-46.516724999999994,,,,2,2023-06-20T05:25:11+00:00
SAO_3731-10,São Paulo,3550308,True,,33796,,,-23.539182500000003,-46.51704,,,,2,2023-06-20T05:27:00+00:00
SAO_3731-10,São Paulo,3550308,True,,33796,,,-23.539874,-46.516463,,,,2,2023-06-20T05:27:15+00:00
SAO_3731-10,São Paulo,3550308,True,,33796,,,-23.538859000000002,-46.517270499999995,,,,2,2023-06-20T05:26:56+00:00
SAO_2707-10,São Paulo,3550308,True,,33687,,,-23.542055,-46.471434,,,,2,2023-06-20T05:26:50+00:00
SAO_2707-10,São Paulo,3550308,True,,33687,,,-23.528306999999998,-46.407233000000005,,,,2,2023-06-20T05:25:00+00:00
SAO_2707-10,São Paulo,3550308,True,,33687,,,-23.542303,-46.425173,,,,2,2023-06-20T05:27:18+00:00
SAO_2060-10,São Paulo,3550308,True,EMTU,134,https://moovitapp.com/index/pt-br/transporte_p%C3%BAblico-line-134-Sao_Paulo-242-2038937-36419287-0,5.2,-23.522900874999998,-46.47532375,,,,1,2023-06-20T05:27:20+00:00
SAO_2060-10,São Paulo,3550308,True,EMTU,134,https://moovitapp.com/index/pt-br/transporte_p%C3%BAblico-line-134-Sao_Paulo-242-2038937-36419287-0,5.2,-23.53679725,-46.47142,,,,1,2023-06-20T05:25:54+00:00
SAO_8016-10,São Paulo,3550308,True,,1346,,,-23.445864625,-46.717133375,,,,1,2023-06-20T05:27:07+00:00
SAO_527R-10,São Paulo,3550308,True,,33039,,,-23.667398,-46.677733,,,,2,2023-06-20T05:27:20+00:00
SAO_527R-10,São Paulo,3550308,True,,33039,,,-23.6541005,-46.710821,,,,2,2023-06-20T05:26:53+00:00
SAO_527R-10,São Paulo,3550308,True,,33039,,,-23.67556725,-46.651849,,,,2,2023-06-20T05:27:30+00:00
SAO_4114-10,São Paulo,3550308,True,EMTU,321,https://moovitapp.com/index/pt-br/transporte_p%C3%BAblico-line-321-Sao_Paulo-242-2038937-36419411-0,5.4,-23.56219825,-46.634741125000005,,,,1,2023-06-20T05:27:15+00:00
SAO_8065-10,São Paulo,3550308,True,,33189,,,-23.499993250000003,-46.724053749999996,,,,2,2023-06-20T05:27:28+00:00
SAO_118Y-10,São Paulo,3550308,True,,33609,,,-23.5198435,-46.701445500000005,,,,2,2023-06-20T05:27:22+00:00
SAO_118Y-10,São Paulo,3550308,True,,33609,,,-23.482779,-46.6482045,,,,2,2023-06-20T05:26:51+00:00
SAO_3785-10,São Paulo,3550308,True,,1063,,,-23.562426875,-46.446031,,,,1,2023-06-20T05:27:18+00:00
SAO_3785-10,São Paulo,3550308,True,,1063,,,-23.591207,-46.394471,,,,1,2023-06-20T05:27:14+00:00
SAO_3785-10,São Paulo,3550308,True,,1063,,,-23.59456,-46.4427155,,,,1,2023-06-20T05:27:29+00:00
SAO_3785-10,São Paulo,3550308,True,,1063,,,-23.5425565,-46.4708155,,,,1,2023-06-20T05:26:49+00:00
SAO_3785-10,São Paulo,3550308,True,,1063,,,-23.591207,-46.394471,,,,1,2023-06-20T05:26:46+00:00
SAO_3785-10,São Paulo,3550308,True,,1063,,,-23.542454999999997,-46.470183000000006,,,,1,2023-06-20T05:26:52+00:00
SAO_3785-10,São Paulo,3550308,True,,1063,,,-23.591207,-46.394471,,,,1,2023-06-20T05:27:11+00:00
SAO_3785-10,São Paulo,3550308,True,,1063,,,-23.5894835,-46.39539,,,,1,2023-06-20T05:27:27+00:00
SAO_3785-10,São Paulo,3550308,True,,1063,,,-23.591207,-46.394471,,,,1,2023-06-20T05:27:14+00:00
SAO_3462-10,São Paulo,3550308,True,EMTU,247,https://moovitapp.com/index/pt-br/transporte_p%C3%BAblico-line-247-Sao_Paulo-242-2038937-36419359-0,6.55,-23.539172750000002,-46.57057475,,,,1,2023-06-20T05:27:05+00:00
SAO_3462-10,São Paulo,3550308,True,EMTU,247,https://moovitapp.com/index/pt-br/transporte_p%C3%BAblico-line-247-Sao_Paulo-242-2038937-36419359-0,6.55,-23.534036125,-46.491291625,,,,1,2023-06-20T05:26:59+00:00
SAO_3462-10,São Paulo,3550308,True,EMTU,247,https://moovitapp.com/index/pt-br/transporte_p%C3%BAblico-line-247-Sao_Paulo-242-2038937-36419359-0,6.55,-23.53141925,-46.454743,,,,1,2023-06-20T05:27:11+00:00
SAO_2026-10,São Paulo,3550308,True,,35037,,,-23.4819775,-46.571059500000004,,,,2,2023-06-20T05:26:37+00:00
SAO_9354-10,São Paulo,3550308,True,,708,,,-23.530326499999997,-46.647040000000004,,,,1,2023-06-20T05:26:45+00:00
SAO_9354-10,São Paulo,3550308,True,,708,,,-23.5428535,-46.6360095,,,,1,2023-06-20T05:27:10+00:00
SAO_9354-10,São Paulo,3550308,True,,708,,,-23.4750175,-46.6697745,,,,1,2023-06-20T05:27:14+00:00
SAO_9354-10,São Paulo,3550308,True,,708,,,-23.47501225,-46.665508,,,,1,2023-06-20T05:27:07+00:00
SAO_514T-10,São Paulo,3550308,True,,1671,,,-23.5808215,-46.55850975,,,,1,2023-06-20T05:27:04+00:00
SAO_514T-10,São Paulo,3550308,True,,1671,,,-23.5912915,-46.519363,,,,1,2023-06-20T05:27:21+00:00
SAO_514T-10,São Paulo,3550308,True,,1671,,,-23.5970655,-46.507269,,,,1,2023-06-20T05:27:08+00:00
SAO_514T-10,São Paulo,3550308,True,,1671,,,-23.589095999999998,-46.607203125,,,,1,2023-06-20T05:27:01+00:00
SAO_2732-10,São Paulo,3550308,True,,947,,,-23.540242499999998,-46.4830985,,,,1,2023-06-20T05:26:32+00:00
SAO_2732-10,São Paulo,3550308,True,,947,,,-23.5402155,-46.483134,,,,1,2023-06-20T05:27:23+00:00
SAO_2732-10,São Paulo,3550308,True,,947,,,-23.5402155,-46.483134,,,,1,2023-06-20T05:27:11+00:00
SAO_2732-10,São Paulo,3550308,True,,947,,,-23.537207,-46.4755325,,,,1,2023-06-20T05:26:46+00:00
SAO_2732-10,São Paulo,3550308,True,,947,,,-23.5383225,-46.478598250000005,,,,1,2023-06-20T05:27:28+00:00
SAO_364A-10,São Paulo,3550308,True,,34014,,,-23.584004937499998,-46.58819443749999,,,,2,2023-06-20T05:27:16+00:00
SAO_364A-10,São Paulo,3550308,True,,34014,,,-23.589957,-46.5422855,,,,2,2023-06-20T05:26:55+00:00
SAO_364A-10,São Paulo,3550308,True,,34014,,,-23.5847285,-46.611627500000004,,,,2,2023-06-20T05:26:54+00:00
SAO_364A-10,São Paulo,3550308,True,,34014,,,-23.5973725,-46.53100499999999,,,,2,2023-06-20T05:27:00+00:00
SAO_364A-10,São Paulo,3550308,True,,34014,,,-23.5847285,-46.611627500000004,,,,2,2023-06-20T05:27:27+00:00
SAO_364A-10,São Paulo,3550308,True,,34014,,,-23.587633,-46.50023,,,,2,2023-06-20T05:27:19+00:00
SAO_7006-51,São Paulo,3550308,True,,34765,,,-23.7491515,-46.783023,,,,2,2023-06-20T05:27:24+00:00
SAO_7006-51,São Paulo,3550308,True,,34765,,,-23.684307500000003,-46.770112749999996,,,,2,2023-06-20T05:27:11+00:00
SAO_7006-51,São Paulo,3550308,True,,34765,,,-23.7488905,-46.7831885,,,,2,2023-06-20T05:27:24+00:00
SAO_2088-10,São Paulo,3550308,True,,33140,,,-23.49414625,-46.415775,,,,2,2023-06-20T05:26:55+00:00
SAO_2088-10,São Paulo,3550308,True,,33140,,,-23.504168999999997,-46.379309,,,,2,2023-06-20T05:26:53+00:00
SAO_2088-10,São Paulo,3550308,True,,33140,,,-23.503725000000003,-46.379984,,,,2,2023-06-20T05:27:10+00:00
SAO_5110-10,São Paulo,3550308,True,,2209,,,-23.581719999999997,-46.558392,,,,1,2023-06-20T05:27:11+00:00
SAO_6338-10,São Paulo,3550308,True,,1293,,,-23.65856325,-46.649964,,,,1,2023-06-20T05:27:09+00:00
SAO_2105-10,São Paulo,3550308,True,,2247,,,-23.538012375,-46.62068775,,,,1,2023-06-20T05:27:18+00:00
SAO_4315-10,São Paulo,3550308,True,,2175,,,-23.541942,-46.580554,,,,1,2023-06-20T05:27:24+00:00
SAO_8545-10,São Paulo,3550308,True,,1364,,,-23.464699000000003,-46.696727499999994,,,,1,2023-06-20T05:26:54+00:00
SAO_8545-10,São Paulo,3550308,True,,1364,,,-23.486784999999998,-46.692744250000004,,,,1,2023-06-20T05:26:41+00:00
SAO_2007-10,São Paulo,3550308,True,,33664,,,-23.506825499999998,-46.376447999999996,,,,2,2023-06-20T05:26:27+00:00
SAO_2007-10,São Paulo,3550308,True,,33664,,,-23.495033499999998,-46.402933000000004,,,,2,2023-06-20T05:27:25+00:00
SAO_2007-10,São Paulo,3550308,True,,33664,,,-23.510008749999997,-46.3703235,,,,2,2023-06-20T05:26:56+00:00
SAO_2007-10,São Paulo,3550308,True,,33664,,,-23.51009825,-46.370076499999996,,,,2,2023-06-20T05:26:46+00:00
SAO_8549-10,São Paulo,3550308,True,,33348,,,-23.4621635,-46.683870999999996,,,,2,2023-06-20T05:27:03+00:00
SAO_8549-10,São Paulo,3550308,True,,33348,,,-23.516305,-46.6982675,,,,2,2023-06-20T05:27:06+00:00
SAO_8549-10,São Paulo,3550308,True,,33348,,,-23.457655000000003,-46.690698,,,,2,2023-06-20T05:27:04+00:00
SAO_8549-10,São Paulo,3550308,True,,33348,,,-23.436427374999997,-46.716528374999996,,,,2,2023-06-20T05:27:24+00:00
SAO_8549-10,São Paulo,3550308,True,,33348,,,-23.5262005,-46.6741125,,,,2,2023-06-20T05:26:56+00:00
SAO_6063-42,São Paulo,3550308,True,,34770,,,-23.809403,-46.6612485,,,,2,2023-06-20T05:27:12+00:00
SAO_6063-42,São Paulo,3550308,True,,34770,,,-23.783077,-46.689949,,,,2,2023-06-20T05:27:09+00:00
SAO_6063-42,São Paulo,3550308,True,,34770,,,-23.809403,-46.6612485,,,,2,2023-06-20T05:27:21+00:00
SAO_746H-10,São Paulo,3550308,True,,33553,,,-23.6293565,-46.7362355,,,,2,2023-06-20T05:27:19+00:00
SAO_746H-10,São Paulo,3550308,True,,33553,,,-23.591234,-46.738499625,,,,2,2023-06-20T05:27:02+00:00
SAO_709G-10,São Paulo,3550308,True,,34788,,,-23.6289175,-46.689211,,,,2,2023-06-20T05:27:29+00:00
SAO_7006-10,São Paulo,3550308,True,,1995,,,-23.748775000000002,-46.77969937500001,,,,1,2023-06-20T05:26:51+00:00
SAO_7006-10,São Paulo,3550308,True,,1995,,,-23.712547999999998,-46.7819985,,,,1,2023-06-20T05:27:31+00:00
SAO_1206-10,São Paulo,3550308,True,,33610,,,-23.520101500000003,-46.577822,,,,2,2023-06-20T05:27:26+00:00
SAO_2721-10,São Paulo,3550308,True,,934,,,-23.542247500000002,-46.47267,,,,1,2023-06-20T05:27:20+00:00
SAO_2721-10,São Paulo,3550308,True,,934,,,-23.5193225,-46.409525,,,,1,2023-06-20T05:27:26+00:00
SAO_2721-10,São Paulo,3550308,True,,934,,,-23.5193225,-46.409525,,,,1,2023-06-20T05:27:02+00:00
SAO_2721-10,São Paulo,3550308,True,,934,,,-23.532956,-46.454313,,,,1,2023-06-20T05:27:25+00:00
SAO_2721-10,São Paulo,3550308,True,,934,,,-23.506321999999997,-46.4113545,,,,1,2023-06-20T05:27:01+00:00
SAO_2721-10,São Paulo,3550308,True,,934,,,-23.5193225,-46.409525,,,,1,2023-06-20T05:27:08+00:00
SAO_2721-10,São Paulo,3550308,True,,934,,,-23.5193225,-46.409525,,,,1,2023-06-20T05:26:54+00:00
SAO_2721-10,São Paulo,3550308,True,,934,,,-23.529028,-46.4509655,,,,1,2023-06-20T05:27:08+00:00
SAO_4001-10,São Paulo,3550308,True,,34944,,,-23.550712,-46.4630175,,,,2,2023-06-20T05:27:00+00:00
SAO_PAEC-10,São Paulo,3550308,True,,34190,,,-23.503025,-46.6242335,,,,2,2023-06-20T05:27:20+00:00
SAO_407F-10,São Paulo,3550308,True,,34935,,,-23.570403499999998,-46.54011325,,,,2,2023-06-20T05:27:08+00:00
SAO_407F-10,São Paulo,3550308,True,,34935,,,-23.584156,-46.4923815,,,,2,2023-06-20T05:27:04+00:00
SAO_407F-10,São Paulo,3550308,True,,34935,,,-23.608555,-46.477866999999996,,,,2,2023-06-20T05:27:15+00:00
SAO_407F-10,São Paulo,3550308,True,,34935,,,-23.561211,-46.563993,,,,2,2023-06-20T05:24:16+00:00
SAO_407F-10,São Paulo,3550308,True,,34935,,,-23.5819555,-46.497679000000005,,,,2,2023-06-20T05:27:04+00:00
SAO_809U-10,São Paulo,3550308,True,,35022,,,-23.55738125,-46.7333225,,,,2,2023-06-20T05:27:14+00:00
SAO_8026-10,São Paulo,3550308,True,,34851,,,-23.624496999999998,-46.749328500000004,,,,2,2023-06-20T05:27:03+00:00
SAO_6048-10,São Paulo,3550308,True,,32824,,,-23.6767875,-46.773955,,,,2,2023-06-20T05:27:15+00:00
SAO_6048-10,São Paulo,3550308,True,,32824,,,-23.6806325,-46.7697675,,,,2,2023-06-20T05:26:53+00:00
SAO_6048-10,São Paulo,3550308,True,,32824,,,-23.6438595,-46.731730999999996,,,,2,2023-06-20T05:27:17+00:00
SAO_5012-10,São Paulo,3550308,True,,1116,,,-23.7097155,-46.6354455,,,,1,2023-06-20T05:26:46+00:00
SAO_5012-10,São Paulo,3550308,True,,1116,,,-23.7097155,-46.6354455,,,,1,2023-06-20T05:27:16+00:00
SAO_5012-10,São Paulo,3550308,True,,1116,,,-23.65546375,-46.636522,,,,1,2023-06-20T05:27:14+00:00
SAO_5012-10,São Paulo,3550308,True,,1116,,,-23.6822825,-46.6363235,,,,1,2023-06-20T05:27:18+00:00
SAO_5012-10,São Paulo,3550308,True,,1116,,,-23.7105085,-46.637449000000004,,,,1,2023-06-20T05:26:15+00:00
SAO_5012-10,São Paulo,3550308,True,,1116,,,-23.7097155,-46.6354455,,,,1,2023-06-20T05:27:12+00:00
SAO_5012-10,São Paulo,3550308,True,,1116,,,-23.7097155,-46.6354455,,,,1,2023-06-20T05:26:34+00:00
SAO_8700-1,São Paulo,3550308,True,,35276,,,-23.601551,-46.7434305,,,,2,2023-06-20T05:27:19+00:00
SAO_8700-1,São Paulo,3550308,True,,35276,,,-23.63028,-46.770364,,,,2,2023-06-20T05:27:09+00:00
SAO_8700-1,São Paulo,3550308,True,,35276,,,-23.631026499999997,-46.773642,,,,2,2023-06-20T05:27:04+00:00
SAO_677A-10,São Paulo,3550308,True,,1239,,,-23.677487,-46.761376,,,,1,2023-06-20T05:27:22+00:00
SAO_677A-10,São Paulo,3550308,True,,1239,,,-23.682178,-46.76720775,,,,1,2023-06-20T05:27:19+00:00
SAO_2678-10,São Paulo,3550308,True,STT,383,https://moovitapp.com/index/pt-br/transporte_p%C3%BAblico-line-383-Sao_Paulo-242-850661-183294-0,5.3,-23.5417405,-46.6146495,,,,1,2023-06-20T05:27:01+00:00
SAO_2678-10,São Paulo,3550308,True,STT,383,https://moovitapp.com/index/pt-br/transporte_p%C3%BAblico-line-383-Sao_Paulo-242-850661-183294-0,5.3,-23.49817025,-46.386758875,,,,1,2023-06-20T05:27:01+00:00
SAO_2678-10,São Paulo,3550308,True,STT,383,https://moovitapp.com/index/pt-br/transporte_p%C3%BAblico-line-383-Sao_Paulo-242-850661-183294-0,5.3,-23.5007605,-46.4701065,,,,1,2023-06-20T05:26:51+00:00
SAO_2678-10,São Paulo,3550308,True,STT,383,https://moovitapp.com/index/pt-br/transporte_p%C3%BAblico-line-383-Sao_Paulo-242-850661-183294-0,5.3,-23.531905000000002,-46.56037025,,,,1,2023-06-20T05:26:53+00:00
SAO_2678-10,São Paulo,3550308,True,STT,383,https://moovitapp.com/index/pt-br/transporte_p%C3%BAblico-line-383-Sao_Paulo-242-850661-183294-0,5.3,-23.546727,-46.629723999999996,,,,1,2023-06-20T05:26:54+00:00
SAO_6041-10,São Paulo,3550308,True,,33986,,,-23.6899145,-46.7808755,,,,2,2023-06-20T05:27:00+00:00
SAO_6041-10,São Paulo,3550308,True,,33986,,,-23.690214,-46.7807575,,,,2,2023-06-20T05:27:07+00:00
SAO_6041-10,São Paulo,3550308,True,,33986,,,-23.689674500000002,-46.78096725,,,,2,2023-06-20T05:27:20+00:00
SAO_6041-10,São Paulo,3550308,True,,33986,,,-23.689674500000002,-46.78096725,,,,2,2023-06-20T05:27:00+00:00
SAO_6041-10,São Paulo,3550308,True,,33986,,,-23.64418975,-46.711704749999996,,,,2,2023-06-20T05:27:04+00:00
SAO_6041-10,São Paulo,3550308,True,,33986,,,-23.6901555,-46.7807875,,,,2,2023-06-20T05:27:23+00:00
SAO_6041-10,São Paulo,3550308,True,,33986,,,-23.6899145,-46.7808755,,,,2,2023-06-20T05:27:17+00:00
SAO_6041-10,São Paulo,3550308,True,,33986,,,-23.668124,-46.773101999999994,,,,2,2023-06-20T05:26:47+00:00
SAO_7053-10,São Paulo,3550308,True,,34655,,,-23.6314365,-46.772255,,,,2,2023-06-20T05:27:12+00:00
SAO_7053-10,São Paulo,3550308,True,,34655,,,-23.653941000000003,-46.78870825,,,,2,2023-06-20T05:27:28+00:00
SAO_7053-10,São Paulo,3550308,True,,34655,,,-23.653941000000003,-46.78870825,,,,2,2023-06-20T05:27:05+00:00
SAO_7053-10,São Paulo,3550308,True,,34655,,,-23.653941000000003,-46.78870825,,,,2,2023-06-20T05:27:28+00:00
SAO_7053-10,São Paulo,3550308,True,,34655,,,-23.653941000000003,-46.78870825,,,,2,2023-06-20T05:27:11+00:00
SAO_7053-10,São Paulo,3550308,True,,34655,,,-23.653941000000003,-46.78870825,,,,2,2023-06-20T05:27:18+00:00
SAO_6035-21,São Paulo,3550308,True,,1795,,,-23.697599,-46.76724,,,,1,2023-06-20T05:27:09+00:00
SAO_6035-21,São Paulo,3550308,True,,1795,,,-23.720715499999997,-46.755851,,,,1,2023-06-20T05:27:16+00:00
SAO_647P-10,São Paulo,3550308,True,,34084,,,-23.672522,-46.781898,,,,2,2023-06-20T05:27:26+00:00
SAO_647P-10,São Paulo,3550308,True,,34084,,,-23.616648,-46.7315265,,,,2,2023-06-20T05:27:19+00:00
SAO_647P-10,São Paulo,3550308,True,,34084,,,-23.567739,-46.700444000000005,,,,2,2023-06-20T05:26:47+00:00
SAO_647P-10,São Paulo,3550308,True,,34084,,,-23.65310575,-46.73930875,,,,2,2023-06-20T05:27:21+00:00
SAO_5164-21,São Paulo,3550308,True,,1616,,,-23.6463425,-46.64646425,,,,1,2023-06-20T05:27:21+00:00
SAO_5164-21,São Paulo,3550308,True,,1616,,,-23.603278500000002,-46.63503725,,,,1,2023-06-20T05:27:24+00:00
SAO_5164-21,São Paulo,3550308,True,,1616,,,-23.646586749999997,-46.645936000000006,,,,1,2023-06-20T05:27:08+00:00
SAO_5164-21,São Paulo,3550308,True,,1616,,,-23.6464495,-46.646234750000005,,,,1,2023-06-20T05:26:46+00:00
SAO_5164-21,São Paulo,3550308,True,,1616,,,-23.651657999999998,-46.6478045,,,,1,2023-06-20T05:27:22+00:00
SAO_6075-10,São Paulo,3550308,True,,33930,,,-23.797689499999997,-46.7382825,,,,2,2023-06-20T05:27:04+00:00
SAO_6075-10,São Paulo,3550308,True,,33930,,,-23.797689499999997,-46.7382825,,,,2,2023-06-20T05:26:47+00:00
SAO_6075-10,São Paulo,3550308,True,,33930,,,-23.797689499999997,-46.7382825,,,,2,2023-06-20T05:26:52+00:00
SAO_6075-10,São Paulo,3550308,True,,33930,,,-23.797689499999997,-46.7382825,,,,2,2023-06-20T05:26:53+00:00
SAO_6075-10,São Paulo,3550308,True,,33930,,,-23.797689499999997,-46.7382825,,,,2,2023-06-20T05:27:20+00:00
SAO_857P-10,São Paulo,3550308,True,,34694,,,-23.6312955,-46.773033999999996,,,,2,2023-06-20T05:26:49+00:00
SAO_857P-10,São Paulo,3550308,True,,34694,,,-23.575689500000003,-46.642773500000004,,,,2,2023-06-20T05:27:10+00:00
SAO_857P-10,São Paulo,3550308,True,,34694,,,-23.6092625,-46.7520905,,,,2,2023-06-20T05:27:14+00:00
SAO_857P-10,São Paulo,3550308,True,,34694,,,-23.567685312499997,-46.648865812500006,,,,2,2023-06-20T05:27:03+00:00
SAO_857P-10,São Paulo,3550308,True,,34694,,,-23.630086,-46.770185999999995,,,,2,2023-06-20T05:27:15+00:00
SAO_857P-10,São Paulo,3550308,True,,34694,,,-23.579169,-46.71026499999999,,,,2,2023-06-20T05:27:28+00:00
SAO_978J-10,São Paulo,3550308,True,EMTU,591,https://moovitapp.com/index/pt-br/transporte_p%C3%BAblico-line-591-Sao_Paulo-242-2038937-36419577-0,5.4,-23.53471425,-46.64500699999999,,,,1,2023-06-20T05:27:21+00:00
SAO_978J-10,São Paulo,3550308,True,EMTU,591,https://moovitapp.com/index/pt-br/transporte_p%C3%BAblico-line-591-Sao_Paulo-242-2038937-36419577-0,5.4,-23.523923250000003,-46.69198875,,,,1,2023-06-20T05:26:51+00:00
SAO_978J-10,São Paulo,3550308,True,EMTU,591,https://moovitapp.com/index/pt-br/transporte_p%C3%BAblico-line-591-Sao_Paulo-242-2038937-36419577-0,5.4,-23.45166125,-46.719660000000005,,,,1,2023-06-20T05:27:14+00:00
SAO_3761-10,São Paulo,3550308,True,,1051,,,-23.574068,-46.5034,,,,1,2023-06-20T05:27:06+00:00
SAO_3761-10,São Paulo,3550308,True,,1051,,,-23.6044985,-46.4292195,,,,1,2023-06-20T05:27:27+00:00
SAO_3761-10,São Paulo,3550308,True,,1051,,,-23.616859249999997,-46.4231815,,,,1,2023-06-20T05:27:18+00:00
SAO_3761-10,São Paulo,3550308,True,,1051,,,-23.618599,-46.4234555,,,,1,2023-06-20T05:26:51+00:00
SAO_748A-41,São Paulo,3550308,True,EMTU,499,https://moovitapp.com/index/pt-br/transporte_p%C3%BAblico-line-499-Sao_Paulo-242-2038937-36419524-0,5.4,-23.5242165,-46.7058745,,,,1,2023-06-20T05:27:21+00:00
SAO_5108-10,São Paulo,3550308,True,,1675,,,-23.650569,-46.614115999999996,,,,1,2023-06-20T05:26:45+00:00
SAO_5108-10,São Paulo,3550308,True,,1675,,,-23.662163624999998,-46.618522125,,,,1,2023-06-20T05:26:26+00:00
SAO_5108-10,São Paulo,3550308,True,,1675,,,-23.565011499999997,-46.6160575,,,,1,2023-06-20T05:27:20+00:00
SAO_3725-41,São Paulo,3550308,True,,34299,,,-23.5327405,-46.530938500000005,,,,2,2023-06-20T05:27:27+00:00
SAO_6026-10,São Paulo,3550308,True,,87,,,-23.737052499999997,-46.710246,,,,1,2023-06-20T05:27:02+00:00
SAO_6026-10,São Paulo,3550308,True,,87,,,-23.67553625,-46.687210750000006,,,,1,2023-06-20T05:27:07+00:00
SAO_3739-10,São Paulo,3550308,True,,33807,,,-23.572203000000002,-46.4463495,,,,2,2023-06-20T05:27:28+00:00
SAO_3739-10,São Paulo,3550308,True,,33807,,,-23.613367249999996,-46.42385975,,,,2,2023-06-20T05:27:28+00:00
SAO_3739-10,São Paulo,3550308,True,,33807,,,-23.5443405,-46.4653265,,,,2,2023-06-20T05:26:55+00:00
SAO_3739-10,São Paulo,3550308,True,,33807,,,-23.612344,-46.416132000000005,,,,2,2023-06-20T05:27:20+00:00
SAO_524L-10,São Paulo,3550308,True,,1715,,,-23.5407625,-46.5757575,,,,1,2023-06-20T05:26:50+00:00
SAO_524L-10,São Paulo,3550308,True,,1715,,,-23.5989365,-46.53344575,,,,1,2023-06-20T05:27:30+00:00
SAO_524L-10,São Paulo,3550308,True,,1715,,,-23.5590215,-46.560680000000005,,,,1,2023-06-20T05:27:12+00:00
SAO_8012-10,São Paulo,3550308,True,,34791,,,-23.5716415,-46.7082335,,,,2,2023-06-20T05:27:12+00:00
SAO_8012-10,São Paulo,3550308,True,,34791,,,-23.568485000000003,-46.73146,,,,2,2023-06-20T05:24:58+00:00
SAO_8012-10,São Paulo,3550308,True,,34791,,,-23.5716415,-46.7082335,,,,2,2023-06-20T05:27:04+00:00
SAO_6084-10,São Paulo,3550308,True,,1169,,,-23.7761615,-46.682,,,,1,2023-06-20T05:26:48+00:00
SAO_6084-10,São Paulo,3550308,True,,1169,,,-23.7688625,-46.7155645,,,,1,2023-06-20T05:27:25+00:00
SAO_6084-10,São Paulo,3550308,True,,1169,,,-23.7708765,-46.6804575,,,,1,2023-06-20T05:27:00+00:00
SAO_2060-10,São Paulo,3550308,True,,32902,,,-23.518244625,-46.47605475,,,,2,2023-06-20T05:27:25+00:00
SAO_2722-31,São Paulo,3550308,True,,33704,,,-23.493767,-46.490607999999995,,,,2,2023-06-20T05:25:45+00:00
SAO_2722-31,São Paulo,3550308,True,,33704,,,-23.528868,-46.5167825,,,,2,2023-06-20T05:27:05+00:00
SAO_2722-31,São Paulo,3550308,True,,33704,,,-23.485084,-46.487924500000005,,,,2,2023-06-20T05:26:57+00:00
SAO_8600-10,São Paulo,3550308,True,,34200,,,-23.522741874999998,-46.658436625,,,,2,2023-06-20T05:27:25+00:00
SAO_8600-10,São Paulo,3550308,True,,34200,,,-23.486517,-46.7267185,,,,2,2023-06-20T05:27:25+00:00
SAO_8600-10,São Paulo,3550308,True,,34200,,,-23.482241,-46.720363500000005,,,,2,2023-06-20T05:27:18+00:00
SAO_9717-10,São Paulo,3550308,True,,817,,,-23.50316325,-46.6230835,,,,1,2023-06-20T05:26:52+00:00
SAO_9717-10,São Paulo,3550308,True,,817,,,-23.504945,-46.6872255,,,,1,2023-06-20T05:27:20+00:00
SAO_9717-10,São Paulo,3550308,True,,817,,,-23.463303,-46.6814685,,,,1,2023-06-20T05:27:10+00:00
SAO_4029-10,São Paulo,3550308,True,,33867,,,-23.6105855,-46.4805655,,,,2,2023-06-20T05:27:07+00:00
SAO_4029-10,São Paulo,3550308,True,,33867,,,-23.6149275,-46.501881,,,,2,2023-06-20T05:27:29+00:00
SAO_4029-10,São Paulo,3550308,True,,33867,,,-23.585109,-46.583715,,,,2,2023-06-20T05:27:13+00:00
SAO_4029-10,São Paulo,3550308,True,,33867,,,-23.594236000000002,-46.5380845,,,,2,2023-06-20T05:26:59+00:00
SAO_4029-10,São Paulo,3550308,True,,33867,,,-23.585109,-46.583715,,,,2,2023-06-20T05:27:30+00:00
SAO_669A-10,São Paulo,3550308,True,,32772,,,-23.65238925,-46.70869825,,,,2,2023-06-20T05:26:57+00:00
SAO_669A-10,São Paulo,3550308,True,,32772,,,-23.583026,-46.668275,,,,2,2023-06-20T05:27:24+00:00
SAO_669A-10,São Paulo,3550308,True,,32772,,,-23.5501595,-46.6545185,,,,2,2023-06-20T05:27:20+00:00
SAO_273V-10,São Paulo,3550308,True,EMTU,231,https://moovitapp.com/index/pt-br/transporte_p%C3%BAblico-line-231-Sao_Paulo-242-2038937-36419348-0,6.2,-23.522799,-46.442887,,,,1,2023-06-20T05:26:48+00:00
SAO_273V-10,São Paulo,3550308,True,EMTU,231,https://moovitapp.com/index/pt-br/transporte_p%C3%BAblico-line-231-Sao_Paulo-242-2038937-36419348-0,6.2,-23.533921999999997,-46.4563515,,,,1,2023-06-20T05:27:22+00:00
SAO_273V-10,São Paulo,3550308,True,EMTU,231,https://moovitapp.com/index/pt-br/transporte_p%C3%BAblico-line-231-Sao_Paulo-242-2038937-36419348-0,6.2,-23.530656,-46.4955115,,,,1,2023-06-20T05:27:16+00:00
SAO_3718-10,São Paulo,3550308,True,,33781,,,-23.540547,-46.485232999999994,,,,2,2023-06-20T05:27:27+00:00
SAO_3718-10,São Paulo,3550308,True,,33781,,,-23.540855999999998,-46.4849405,,,,2,2023-06-20T05:27:09+00:00
SAO_3718-10,São Paulo,3550308,True,,33781,,,-23.554206999999998,-46.49043975,,,,2,2023-06-20T05:27:17+00:00
SAO_3718-10,São Paulo,3550308,True,,33781,,,-23.541107,-46.4847105,,,,2,2023-06-20T05:27:24+00:00
SAO_745M-10,São Paulo,3550308,True,,782,,,-23.681940875000002,-46.69123225,,,,1,2023-06-20T05:27:11+00:00
SAO_745M-10,São Paulo,3550308,True,,782,,,-23.637676499999998,-46.7796345,,,,1,2023-06-20T05:27:30+00:00
SAO_745M-10,São Paulo,3550308,True,,782,,,-23.681756125,-46.69138975,,,,1,2023-06-20T05:26:46+00:00
SAO_745M-10,São Paulo,3550308,True,,782,,,-23.679509125000003,-46.696209999999994,,,,1,2023-06-20T05:27:25+00:00
SAO_745M-10,São Paulo,3550308,True,,782,,,-23.637676499999998,-46.7796345,,,,1,2023-06-20T05:27:27+00:00
SAO_745M-10,São Paulo,3550308,True,,782,,,-23.6374695,-46.7795415,,,,1,2023-06-20T05:27:24+00:00
SAO_745M-10,São Paulo,3550308,True,,782,,,-23.668273,-46.784604,,,,1,2023-06-20T05:24:49+00:00
SAO_5630-10,São Paulo,3550308,True,,32846,,,-23.706274999999998,-46.70078,,,,2,2023-06-20T05:27:22+00:00
SAO_5630-10,São Paulo,3550308,True,,32846,,,-23.737876,-46.697753500000005,,,,2,2023-06-20T05:27:17+00:00
SAO_5630-10,São Paulo,3550308,True,,32846,,,-23.597020999999998,-46.65102775,,,,2,2023-06-20T05:27:24+00:00
SAO_5630-10,São Paulo,3550308,True,,32846,,,-23.67768425,-46.682959,,,,2,2023-06-20T05:27:17+00:00
SAO_857C-10,São Paulo,3550308,True,,34669,,,-23.615479125,-46.676651875000005,,,,2,2023-06-20T05:26:46+00:00
SAO_857C-10,São Paulo,3550308,True,,34669,,,-23.640168,-46.737145999999996,,,,2,2023-06-20T05:27:00+00:00
SAO_857C-10,São Paulo,3550308,True,,34669,,,-23.6313825,-46.77286,,,,2,2023-06-20T05:27:25+00:00
SAO_6017-10,São Paulo,3550308,True,,33974,,,-23.646386,-46.7039875,,,,2,2023-06-20T05:26:51+00:00
SAO_6017-10,São Paulo,3550308,True,,33974,,,-23.69717575,-46.7767415,,,,2,2023-06-20T05:27:08+00:00
SAO_6017-10,São Paulo,3550308,True,,33974,,,-23.667442,-46.729826,,,,2,2023-06-20T05:27:20+00:00
SAO_1772-10,São Paulo,3550308,True,,33403,,,-23.434998,-46.5813665,,,,2,2023-06-20T05:27:15+00:00
SAO_1772-10,São Paulo,3550308,True,,33403,,,-23.434998,-46.5813665,,,,2,2023-06-20T05:27:24+00:00
SAO_1772-10,São Paulo,3550308,True,,33403,,,-23.435150999999998,-46.581629,,,,2,2023-06-20T05:26:33+00:00
SAO_1772-10,São Paulo,3550308,True,,33403,,,-23.446940499999997,-46.581492499999996,,,,2,2023-06-20T05:25:30+00:00
SAO_1772-10,São Paulo,3550308,True,,33403,,,-23.4350765,-46.581492999999995,,,,2,2023-06-20T05:26:46+00:00
SAO_695X-10,São Paulo,3550308,True,,1441,,,-23.6728775,-46.677516499999996,,,,1,2023-06-20T05:27:16+00:00
SAO_695X-10,São Paulo,3550308,True,,1441,,,-23.767062,-46.7161295,,,,1,2023-06-20T05:26:53+00:00
SAO_5652-10,São Paulo,3550308,True,,33042,,,-23.67820125,-46.68439225,,,,2,2023-06-20T05:27:15+00:00
SAO_5652-10,São Paulo,3550308,True,,33042,,,-23.71718,-46.684261,,,,2,2023-06-20T05:27:18+00:00
SAO_5652-10,São Paulo,3550308,True,,33042,,,-23.610217499999997,-46.655286000000004,,,,2,2023-06-20T05:27:14+00:00
SAO_5652-10,São Paulo,3550308,True,,33042,,,-23.5506,-46.63518500000001,,,,2,2023-06-20T05:27:04+00:00
SAO_519M-10,São Paulo,3550308,True,,34979,,,-23.58685825,-46.600443375,,,,2,2023-06-20T05:27:17+00:00
SAO_519M-10,São Paulo,3550308,True,,34979,,,-23.613173500000002,-46.482603499999996,,,,2,2023-06-20T05:26:55+00:00
SAO_9785-10,São Paulo,3550308,True,,828,,,-23.5267005,-46.666815,,,,1,2023-06-20T05:27:03+00:00
SAO_9785-10,São Paulo,3550308,True,,828,,,-23.4561785,-46.698985,,,,1,2023-06-20T05:26:56+00:00
SAO_9785-10,São Paulo,3550308,True,,828,,,-23.502363,-46.6943665,,,,1,2023-06-20T05:26:44+00:00
SAO_707A-10,São Paulo,3550308,True,,34758,,,-23.692594,-46.777992,,,,2,2023-06-20T05:26:49+00:00
SAO_707A-10,São Paulo,3550308,True,,34758,,,-23.633492750000002,-46.690376,,,,2,2023-06-20T05:27:19+00:00
SAO_707A-10,São Paulo,3550308,True,,34758,,,-23.684307500000003,-46.770112749999996,,,,2,2023-06-20T05:27:02+00:00
SAO_707A-10,São Paulo,3550308,True,,34758,,,-23.637729999999998,-46.69437225,,,,2,2023-06-20T05:27:28+00:00
SAO_707A-10,São Paulo,3550308,True,,34758,,,-23.692809,-46.778341,,,,2,2023-06-20T05:26:54+00:00
SAO_6L07-10,São Paulo,3550308,True,,34313,,,-23.8313465,-46.711774500000004,,,,2,2023-06-20T05:27:24+00:00
SAO_6L07-10,São Paulo,3550308,True,,34313,,,-23.8313465,-46.711774500000004,,,,2,2023-06-20T05:27:26+00:00
SAO_6L07-10,São Paulo,3550308,True,,34313,,,-23.8313465,-46.711774500000004,,,,2,2023-06-20T05:27:02+00:00
SAO_4008-10,São Paulo,3550308,True,,2182,,,-23.576673,-46.4371055,,,,1,2023-06-20T05:27:09+00:00
SAO_4008-10,São Paulo,3550308,True,,2182,,,-23.563531749999996,-46.514652,,,,1,2023-06-20T05:26:46+00:00
SAO_4008-10,São Paulo,3550308,True,,2182,,,-23.583199999999998,-46.449437,,,,1,2023-06-20T05:24:12+00:00
SAO_5018-10,São Paulo,3550308,True,,34260,,,-23.675500999999997,-46.6424005,,,,2,2023-06-20T05:27:24+00:00
SAO_5194-10,São Paulo,3550308,True,EMTU,269,https://moovitapp.com/index/pt-br/transporte_p%C3%BAblico-line-269-Sao_Paulo-242-2038937-36419377-0,5.35,-23.661078500000002,-46.6793775,,,,1,2023-06-20T05:26:57+00:00
SAO_5194-10,São Paulo,3550308,True,EMTU,269,https://moovitapp.com/index/pt-br/transporte_p%C3%BAblico-line-269-Sao_Paulo-242-2038937-36419377-0,5.35,-23.702023,-46.645880000000005,,,,1,2023-06-20T05:26:18+00:00
SAO_476G-10,São Paulo,3550308,True,,33879,,,-23.589318,-46.6352135,,,,2,2023-06-20T05:27:19+00:00
SAO_476G-10,São Paulo,3550308,True,,33879,,,-23.58577875,-46.6184485,,,,2,2023-06-20T05:25:43+00:00
SAO_476G-10,São Paulo,3550308,True,,33879,,,-23.61369,-46.505069,,,,2,2023-06-20T05:26:51+00:00
SAO_476G-10,São Paulo,3550308,True,,33879,,,-23.596489,-46.574839499999996,,,,2,2023-06-20T05:27:10+00:00
SAO_1738-10,São Paulo,3550308,True,,33440,,,-23.4731645,-46.5826115,,,,2,2023-06-20T05:25:13+00:00
SAO_1738-10,São Paulo,3550308,True,,33440,,,-23.4736905,-46.58086,,,,2,2023-06-20T05:26:44+00:00
SAO_3006-10,São Paulo,3550308,True,,1865,,,-23.548099999999998,-46.389815,,,,1,2023-06-20T05:27:21+00:00
SAO_3006-10,São Paulo,3550308,True,,1865,,,-23.548099999999998,-46.389815,,,,1,2023-06-20T05:27:09+00:00
SAO_3006-10,São Paulo,3550308,True,,1865,,,-23.548099999999998,-46.389815,,,,1,2023-06-20T05:27:18+00:00
SAO_3006-10,São Paulo,3550308,True,,1865,,,-23.548099999999998,-46.389815,,,,1,2023-06-20T05:26:09+00:00
SAO_3459-10,São Paulo,3550308,True,EMTU,402,https://moovitapp.com/index/pt-br/transporte_p%C3%BAblico-line-402-Sao_Paulo-242-2038937-36419464-0,3.7,-23.5165205,-46.385602000000006,,,,1,2023-06-20T05:26:56+00:00
SAO_3459-10,São Paulo,3550308,True,EMTU,402,https://moovitapp.com/index/pt-br/transporte_p%C3%BAblico-line-402-Sao_Paulo-242-2038937-36419464-0,3.7,-23.5165205,-46.385602000000006,,,,1,2023-06-20T05:27:07+00:00
SAO_3459-10,São Paulo,3550308,True,EMTU,402,https://moovitapp.com/index/pt-br/transporte_p%C3%BAblico-line-402-Sao_Paulo-242-2038937-36419464-0,3.7,-23.5515695,-46.624459,,,,1,2023-06-20T05:26:48+00:00
SAO_3459-10,São Paulo,3550308,True,EMTU,402,https://moovitapp.com/index/pt-br/transporte_p%C3%BAblico-line-402-Sao_Paulo-242-2038937-36419464-0,3.7,-23.514004,-46.4517145,,,,1,2023-06-20T05:26:38+00:00
SAO_3459-10,São Paulo,3550308,True,EMTU,402,https://moovitapp.com/index/pt-br/transporte_p%C3%BAblico-line-402-Sao_Paulo-242-2038937-36419464-0,3.7,-23.543402,-46.589890499999996,,,,1,2023-06-20T05:27:05+00:00
SAO_3459-10,São Paulo,3550308,True,EMTU,402,https://moovitapp.com/index/pt-br/transporte_p%C3%BAblico-line-402-Sao_Paulo-242-2038937-36419464-0,3.7,-23.494635000000002,-46.4265625,,,,1,2023-06-20T05:27:26+00:00
SAO_3459-10,São Paulo,3550308,True,EMTU,402,https://moovitapp.com/index/pt-br/transporte_p%C3%BAblico-line-402-Sao_Paulo-242-2038937-36419464-0,3.7,-23.5165205,-46.385602000000006,,,,1,2023-06-20T05:27:22+00:00
SAO_3459-10,São Paulo,3550308,True,EMTU,402,https://moovitapp.com/index/pt-br/transporte_p%C3%BAblico-line-402-Sao_Paulo-242-2038937-36419464-0,3.7,-23.5165205,-46.385602000000006,,,,1,2023-06-20T05:26:30+00:00
SAO_3459-10,São Paulo,3550308,True,EMTU,402,https://moovitapp.com/index/pt-br/transporte_p%C3%BAblico-line-402-Sao_Paulo-242-2038937-36419464-0,3.7,-23.5165205,-46.385602000000006,,,,1,2023-06-20T05:27:19+00:00
SAO_3459-10,São Paulo,3550308,True,EMTU,402,https://moovitapp.com/index/pt-br/transporte_p%C3%BAblico-line-402-Sao_Paulo-242-2038937-36419464-0,3.7,-23.51345775,-46.44458175,,,,1,2023-06-20T05:27:09+00:00
SAO_209P-10,São Paulo,3550308,True,,34984,,,-23.483127000000003,-46.6780435,,,,2,2023-06-20T05:27:23+00:00
SAO_209P-10,São Paulo,3550308,True,,34984,,,-23.522113874999995,-46.66838525,,,,2,2023-06-20T05:26:46+00:00
SAO_209P-10,São Paulo,3550308,True,,34984,,,-23.562929625,-46.686464125,,,,2,2023-06-20T05:27:22+00:00
SAO_209P-10,São Paulo,3550308,True,,34984,,,-23.518248,-46.6779945,,,,2,2023-06-20T05:27:26+00:00
SAO_209P-10,São Paulo,3550308,True,,34984,,,-23.499229,-46.685550750000004,,,,2,2023-06-20T05:27:17+00:00
SAO_209P-10,São Paulo,3550308,True,,34984,,,-23.512514000000003,-46.690383499999996,,,,2,2023-06-20T05:27:08+00:00
SAO_209P-10,São Paulo,3550308,True,,34984,,,-23.534160999999997,-46.674381,,,,2,2023-06-20T05:27:05+00:00
SAO_2712-10,São Paulo,3550308,True,,33694,,,-23.5268035,-46.478916999999996,,,,2,2023-06-20T05:27:18+00:00
SAO_2023-10,São Paulo,3550308,True,,2260,,,-23.4645955,-46.6037265,,,,1,2023-06-20T05:27:13+00:00
SAO_2023-10,São Paulo,3550308,True,,2260,,,-23.4121465,-46.5819695,,,,1,2023-06-20T05:27:10+00:00
SAO_546J-10,São Paulo,3550308,True,,33901,,,-23.653277875,-46.70234725,,,,2,2023-06-20T05:27:04+00:00
SAO_546J-10,São Paulo,3550308,True,,33901,,,-23.687589250000002,-46.6589635,,,,2,2023-06-20T05:27:12+00:00
SAO_546J-10,São Paulo,3550308,True,,33901,,,-23.686676249999998,-46.6573345,,,,2,2023-06-20T05:27:18+00:00
SAO_6076-41,São Paulo,3550308,True,,1986,,,-23.713355999999997,-46.6981315,,,,1,2023-06-20T05:27:17+00:00
SAO_1705-10,São Paulo,3550308,True,,33617,,,-23.445322,-46.586657,,,,2,2023-06-20T05:26:46+00:00
SAO_1705-10,São Paulo,3550308,True,,33617,,,-23.4347015,-46.584086,,,,2,2023-06-20T05:27:09+00:00
SAO_6016-10,São Paulo,3550308,True,,32852,,,-23.7713715,-46.673497499999996,,,,2,2023-06-20T05:26:47+00:00
SAO_6016-10,São Paulo,3550308,True,,32852,,,-23.760804999999998,-46.684236,,,,2,2023-06-20T05:27:29+00:00
SAO_9011-10,São Paulo,3550308,True,,878,,,-23.45467,-46.738116000000005,,,,1,2023-06-20T05:27:13+00:00
SAO_9011-10,São Paulo,3550308,True,,878,,,-23.45467,-46.738116000000005,,,,1,2023-06-20T05:26:32+00:00
SAO_9011-10,São Paulo,3550308,True,,878,,,-23.45467,-46.738116000000005,,,,1,2023-06-20T05:27:17+00:00
SAO_9011-10,São Paulo,3550308,True,,878,,,-23.45467,-46.738116000000005,,,,1,2023-06-20T05:27:19+00:00
SAO_9011-10,São Paulo,3550308,True,,878,,,-23.45467,-46.738116000000005,,,,1,2023-06-20T05:27:05+00:00
SAO_9011-10,São Paulo,3550308,True,,878,,,-23.4744005,-46.669729000000004,,,,1,2023-06-20T05:26:50+00:00
SAO_9011-10,São Paulo,3550308,True,,878,,,-23.44190725,-46.733870249999995,,,,1,2023-06-20T05:27:26+00:00
SAO_9011-10,São Paulo,3550308,True,,878,,,-23.45467,-46.738116000000005,,,,1,2023-06-20T05:26:17+00:00
SAO_9011-10,São Paulo,3550308,True,,878,,,-23.440492,-46.7082695,,,,1,2023-06-20T05:26:51+00:00
SAO_9011-10,São Paulo,3550308,True,,878,,,-23.45467,-46.738116000000005,,,,1,2023-06-20T05:27:15+00:00
SAO_314J-10,São Paulo,3550308,True,Cidade de Caieiras,310,https://moovitapp.com/index/pt-br/transporte_p%C3%BAblico-line-310-Sao_Paulo-242-868761-496418-0,5.0,-23.565166249999997,-46.61572700000001,,,,1,2023-06-20T05:27:24+00:00
SAO_314J-10,São Paulo,3550308,True,Cidade de Caieiras,310,https://moovitapp.com/index/pt-br/transporte_p%C3%BAblico-line-310-Sao_Paulo-242-868761-496418-0,5.0,-23.6141705,-46.51755300000001,,,,1,2023-06-20T05:25:35+00:00
SAO_314J-10,São Paulo,3550308,True,Cidade de Caieiras,310,https://moovitapp.com/index/pt-br/transporte_p%C3%BAblico-line-310-Sao_Paulo-242-868761-496418-0,5.0,-23.60426,-46.5159945,,,,1,2023-06-20T05:26:56+00:00
SAO_737A-10,São Paulo,3550308,True,,1730,,,-23.662343874999998,-46.706628,,,,1,2023-06-20T05:26:57+00:00
SAO_737A-10,São Paulo,3550308,True,,1730,,,-23.68714725,-46.77138625,,,,1,2023-06-20T05:27:21+00:00
SAO_737A-10,São Paulo,3550308,True,,1730,,,-23.6541015,-46.7120065,,,,1,2023-06-20T05:26:47+00:00
SAO_737A-10,São Paulo,3550308,True,,1730,,,-23.6902125,-46.773815,,,,1,2023-06-20T05:27:11+00:00
SAO_546T-10,São Paulo,3550308,True,,272,,,-23.7036385,-46.627480000000006,,,,1,2023-06-20T05:20:11+00:00
SAO_546T-10,São Paulo,3550308,True,,272,,,-23.6584155,-46.6984925,,,,1,2023-06-20T05:27:01+00:00
SAO_2716-10,São Paulo,3550308,True,,33697,,,-23.518331500000002,-46.5355115,,,,2,2023-06-20T05:27:16+00:00
SAO_2716-10,São Paulo,3550308,True,,33697,,,-23.5328875,-46.545486,,,,2,2023-06-20T05:26:59+00:00
SAO_5362-10,São Paulo,3550308,True,BR7 Mobilidade,70,https://moovitapp.com/index/pt-br/transporte_p%C3%BAblico-line-70-Sao_Paulo-242-851856-2250296-0,5.75,-23.7529675,-46.681786,,,,1,2023-06-20T05:27:02+00:00
SAO_5362-10,São Paulo,3550308,True,BR7 Mobilidade,70,https://moovitapp.com/index/pt-br/transporte_p%C3%BAblico-line-70-Sao_Paulo-242-851856-2250296-0,5.75,-23.620864875000002,-46.678376,,,,1,2023-06-20T05:27:13+00:00
SAO_7458-10,São Paulo,3550308,True,,33264,,,-23.580671000000002,-46.794031000000004,,,,2,2023-06-20T05:27:02+00:00
SAO_7458-10,São Paulo,3550308,True,,33264,,,-23.583439499999997,-46.788809,,,,2,2023-06-20T05:27:09+00:00
SAO_372F-10,São Paulo,3550308,True,,33783,,,-23.552103000000002,-46.598889,,,,2,2023-06-20T05:27:00+00:00
SAO_372F-10,São Paulo,3550308,True,,33783,,,-23.552103000000002,-46.598889,,,,2,2023-06-20T05:27:00+00:00
SAO_372F-10,São Paulo,3550308,True,,33783,,,-23.552103000000002,-46.598889,,,,2,2023-06-20T05:27:15+00:00
SAO_677V-10,São Paulo,3550308,True,,32880,,,-23.7443095,-46.709995500000005,,,,2,2023-06-20T05:27:29+00:00
SAO_677V-10,São Paulo,3550308,True,,32880,,,-23.7240185,-46.705082000000004,,,,2,2023-06-20T05:27:12+00:00
SAO_8055-10,São Paulo,3550308,True,,414,,,-23.491000999999997,-46.767047500000004,,,,1,2023-06-20T05:26:56+00:00
SAO_8055-10,São Paulo,3550308,True,,414,,,-23.481408000000002,-46.770953,,,,1,2023-06-20T05:27:20+00:00
SAO_8055-10,São Paulo,3550308,True,,414,,,-23.473593375,-46.773652500000004,,,,1,2023-06-20T05:26:47+00:00
SAO_573T-10,São Paulo,3550308,True,,1632,,,-23.571445,-46.506398000000004,,,,1,2023-06-20T05:27:04+00:00
SAO_573T-10,São Paulo,3550308,True,,1632,,,-23.538655499999997,-46.564793,,,,1,2023-06-20T05:27:28+00:00
SAO_573T-10,São Paulo,3550308,True,,1632,,,-23.60578975,-46.488188750000006,,,,1,2023-06-20T05:27:22+00:00
SAO_573T-10,São Paulo,3550308,True,,1632,,,-23.5431195,-46.564417,,,,1,2023-06-20T05:26:51+00:00
SAO_573T-10,São Paulo,3550308,True,,1632,,,-23.614199499999998,-46.5007885,,,,1,2023-06-20T05:27:15+00:00
SAO_3712-10,São Paulo,3550308,True,,33777,,,-23.551957,-46.435163,,,,2,2023-06-20T05:27:25+00:00
SAO_3712-10,São Paulo,3550308,True,,33777,,,-23.54182,-46.4700115,,,,2,2023-06-20T05:27:19+00:00
SAO_3712-10,São Paulo,3550308,True,,33777,,,-23.55296125,-46.42555625,,,,2,2023-06-20T05:27:04+00:00
SAO_948A-10,São Paulo,3550308,True,,34191,,,-23.5261985,-46.6684055,,,,2,2023-06-20T05:26:59+00:00
SAO_948A-10,São Paulo,3550308,True,,34191,,,-23.5032875,-46.719518,,,,2,2023-06-20T05:27:23+00:00
SAO_6726-10,São Paulo,3550308,True,,1193,,,-23.736596499999997,-46.6971045,,,,1,2023-06-20T05:27:24+00:00
SAO_6726-10,São Paulo,3550308,True,,1193,,,-23.73467,-46.66268825,,,,1,2023-06-20T05:27:06+00:00
SAO_6726-10,São Paulo,3550308,True,,1193,,,-23.735961500000002,-46.69631975,,,,1,2023-06-20T05:26:58+00:00
SAO_6115-41,São Paulo,3550308,True,,35009,,,-23.736617,-46.696708,,,,2,2023-06-20T05:26:54+00:00
SAO_1036-10,São Paulo,3550308,True,,35221,,,-23.447404,-46.709366,,,,2,2023-06-20T05:27:26+00:00
SAO_1036-10,São Paulo,3550308,True,,35221,,,-23.450254,-46.7126725,,,,2,2023-06-20T05:27:10+00:00
SAO_1036-10,São Paulo,3550308,True,,35221,,,-23.481354250000003,-46.712551749999996,,,,2,2023-06-20T05:27:19+00:00
SAO_1036-10,São Paulo,3550308,True,,35221,,,-23.447865999999998,-46.708386,,,,2,2023-06-20T05:27:25+00:00
SAO_8025-10,São Paulo,3550308,True,,2076,,,-23.59203575,-46.735672,,,,1,2023-06-20T05:26:46+00:00
SAO_8025-10,São Paulo,3550308,True,,2076,,,-23.592765,-46.735299749999996,,,,1,2023-06-20T05:27:03+00:00
SAO_8686-10,São Paulo,3550308,True,EMTU,446,https://moovitapp.com/index/pt-br/transporte_p%C3%BAblico-line-446-Sao_Paulo-242-2038937-36419492-0,4.8,-23.54337975,-46.643962,,,,1,2023-06-20T05:26:48+00:00
SAO_N604-11,São Paulo,3550308,True,,35163,,,-23.547913,-46.6299575,,,,2,2023-06-20T05:26:47+00:00
SAO_N604-11,São Paulo,3550308,True,,35163,,,-23.547913,-46.6299575,,,,2,2023-06-20T05:27:24+00:00
SAO_9354-10,São Paulo,3550308,True,,33476,,,-23.530237125,-46.64692375,,,,2,2023-06-20T05:26:53+00:00
SAO_9354-10,São Paulo,3550308,True,,33476,,,-23.4979745,-46.650121,,,,2,2023-06-20T05:26:59+00:00
SAO_2711-10,São Paulo,3550308,True,,33693,,,-23.5138365,-46.49591600000001,,,,2,2023-06-20T05:27:24+00:00
SAO_2711-10,São Paulo,3550308,True,,33693,,,-23.514456000000003,-46.48103125,,,,2,2023-06-20T05:26:51+00:00
SAO_5362-23,São Paulo,3550308,True,,34628,,,-23.756238500000002,-46.669761,,,,2,2023-06-20T05:26:42+00:00
SAO_5362-23,São Paulo,3550308,True,,34628,,,-23.7108525,-46.711288749999994,,,,2,2023-06-20T05:27:03+00:00
SAO_675G-10,São Paulo,3550308,True,,32874,,,-23.6414295,-46.666721,,,,2,2023-06-20T05:27:23+00:00
SAO_675G-10,São Paulo,3550308,True,,32874,,,-23.75634,-46.66749,,,,2,2023-06-20T05:24:03+00:00
SAO_675G-10,São Paulo,3550308,True,,32874,,,-23.729614,-46.6987325,,,,2,2023-06-20T05:27:15+00:00
SAO_6451-10,São Paulo,3550308,True,,32829,,,-23.647837000000003,-46.7480295,,,,2,2023-06-20T05:27:22+00:00
SAO_6451-10,São Paulo,3550308,True,,32829,,,-23.567493,-46.659565,,,,2,2023-06-20T05:27:29+00:00
SAO_6451-10,São Paulo,3550308,True,,32829,,,-23.6546575,-46.761719,,,,2,2023-06-20T05:26:46+00:00
SAO_6451-10,São Paulo,3550308,True,,32829,,,-23.604275375,-46.69879125,,,,2,2023-06-20T05:27:09+00:00
SAO_6L02-10,São Paulo,3550308,True,,1178,,,-23.8958505,-46.753042,,,,1,2023-06-20T05:27:16+00:00
SAO_2703-10,São Paulo,3550308,True,Urubupungá,915,https://moovitapp.com/index/pt-br/transporte_p%C3%BAblico-line-915-Sao_Paulo-242-873835-75841134-0,4.6,-23.5252655,-46.4436235,,,,1,2023-06-20T05:26:59+00:00
SAO_2703-10,São Paulo,3550308,True,Urubupungá,915,https://moovitapp.com/index/pt-br/transporte_p%C3%BAblico-line-915-Sao_Paulo-242-873835-75841134-0,4.6,-23.5428295,-46.4707985,,,,1,2023-06-20T05:27:27+00:00
SAO_2703-10,São Paulo,3550308,True,Urubupungá,915,https://moovitapp.com/index/pt-br/transporte_p%C3%BAblico-line-915-Sao_Paulo-242-873835-75841134-0,4.6,-23.529542499999998,-46.420608,,,,1,2023-06-20T05:27:01+00:00
SAO_2703-10,São Paulo,3550308,True,Urubupungá,915,https://moovitapp.com/index/pt-br/transporte_p%C3%BAblico-line-915-Sao_Paulo-242-873835-75841134-0,4.6,-23.52533675,-46.41941025,,,,1,2023-06-20T05:27:10+00:00
SAO_2703-10,São Paulo,3550308,True,Urubupungá,915,https://moovitapp.com/index/pt-br/transporte_p%C3%BAblico-line-915-Sao_Paulo-242-873835-75841134-0,4.6,-23.52533675,-46.41941025,,,,1,2023-06-20T05:25:50+00:00
SAO_971V-10,São Paulo,3550308,True,,619,,,-23.45337275,-46.6884785,,,,1,2023-06-20T05:26:55+00:00
SAO_971V-10,São Paulo,3550308,True,,619,,,-23.493979375000002,-46.65457625,,,,1,2023-06-20T05:27:20+00:00
SAO_971V-10,São Paulo,3550308,True,,619,,,-23.478996000000002,-46.676252,,,,1,2023-06-20T05:26:45+00:00
SAO_971V-10,São Paulo,3550308,True,,619,,,-23.514648375,-46.61627775,,,,1,2023-06-20T05:27:24+00:00
SAO_1756-10,São Paulo,3550308,True,,33315,,,-23.5022335,-46.624007,,,,2,2023-06-20T05:26:46+00:00
SAO_1756-10,São Paulo,3550308,True,,33315,,,-23.4728505,-46.640059,,,,2,2023-06-20T05:26:46+00:00
SAO_1756-10,São Paulo,3550308,True,,33315,,,-23.458094,-46.642975500000006,,,,2,2023-06-20T05:26:52+00:00
SAO_1782-10,São Paulo,3550308,True,,33411,,,-23.502214000000002,-46.6235875,,,,2,2023-06-20T05:27:06+00:00
SAO_1782-10,São Paulo,3550308,True,,33411,,,-23.470020499999997,-46.6050445,,,,2,2023-06-20T05:27:28+00:00
SAO_407A-10,São Paulo,3550308,True,,2194,,,-23.5756765,-46.54115875,,,,1,2023-06-20T05:27:06+00:00
SAO_407A-10,São Paulo,3550308,True,,2194,,,-23.5455605,-46.5923885,,,,1,2023-06-20T05:27:03+00:00
SAO_407A-10,São Paulo,3550308,True,,2194,,,-23.54209775,-46.61522575,,,,1,2023-06-20T05:26:48+00:00
SAO_271P-10,São Paulo,3550308,True,,33472,,,-23.538355250000002,-46.602380499999995,,,,2,2023-06-20T05:27:13+00:00
SAO_271P-10,São Paulo,3550308,True,,33472,,,-23.541863499999998,-46.635971749999996,,,,2,2023-06-20T05:26:54+00:00
SAO_271P-10,São Paulo,3550308,True,,33472,,,-23.510424625,-46.540035249999995,,,,2,2023-06-20T05:26:53+00:00
SAO_978T-10,São Paulo,3550308,True,,889,,,-23.4608575,-46.687422,,,,1,2023-06-20T05:26:46+00:00
SAO_978T-10,São Paulo,3550308,True,,889,,,-23.4617045,-46.69993,,,,1,2023-06-20T05:27:19+00:00
SAO_978T-10,São Paulo,3550308,True,,889,,,-23.5308065,-46.677728,,,,1,2023-06-20T05:26:40+00:00
SAO_978T-10,São Paulo,3550308,True,,889,,,-23.52390125,-46.697321875,,,,1,2023-06-20T05:27:12+00:00
SAO_847J-10,São Paulo,3550308,True,,1342,,,-23.5547545,-46.742821,,,,1,2023-06-20T05:27:09+00:00
SAO_847J-10,São Paulo,3550308,True,,1342,,,-23.441250250000003,-46.73351325,,,,1,2023-06-20T05:27:11+00:00
SAO_2723-10,São Paulo,3550308,True,,33705,,,-23.487481000000002,-46.463549,,,,2,2023-06-20T05:26:58+00:00
SAO_2723-10,São Paulo,3550308,True,,33705,,,-23.487599000000003,-46.4633835,,,,2,2023-06-20T05:27:04+00:00
SAO_2723-10,São Paulo,3550308,True,,33705,,,-23.4935185,-46.453561,,,,2,2023-06-20T05:26:48+00:00
SAO_2723-10,São Paulo,3550308,True,,33705,,,-23.487599000000003,-46.4633835,,,,2,2023-06-20T05:27:29+00:00
SAO_2723-10,São Paulo,3550308,True,,33705,,,-23.487720250000002,-46.463173499999996,,,,2,2023-06-20T05:26:57+00:00
SAO_2723-10,São Paulo,3550308,True,,33705,,,-23.487481000000002,-46.463549,,,,2,2023-06-20T05:27:13+00:00
SAO_2723-10,São Paulo,3550308,True,,33705,,,-23.487599000000003,-46.4633835,,,,2,2023-06-20T05:27:15+00:00
SAO_2723-10,São Paulo,3550308,True,,33705,,,-23.487599000000003,-46.4633835,,,,2,2023-06-20T05:27:25+00:00
SAO_2723-10,São Paulo,3550308,True,,33705,,,-23.5305795,-46.4481775,,,,2,2023-06-20T05:27:03+00:00
SAO_2723-10,São Paulo,3550308,True,,33705,,,-23.487599000000003,-46.4633835,,,,2,2023-06-20T05:27:06+00:00
SAO_2723-10,São Paulo,3550308,True,,33705,,,-23.487481000000002,-46.463549,,,,2,2023-06-20T05:27:27+00:00
SAO_8705-10,São Paulo,3550308,True,,34840,,,-23.57205725,-46.722148,,,,2,2023-06-20T05:26:49+00:00
SAO_8705-10,São Paulo,3550308,True,,34840,,,-23.554876,-46.662072499999994,,,,2,2023-06-20T05:27:23+00:00
SAO_6801-10,São Paulo,3550308,True,,32773,,,-23.6520225,-46.73388525,,,,2,2023-06-20T05:27:28+00:00
SAO_857C-10,São Paulo,3550308,True,,1901,,,-23.635625,-46.6414725,,,,1,2023-06-20T05:26:54+00:00
SAO_857C-10,São Paulo,3550308,True,,1901,,,-23.645979375000003,-46.709938124999994,,,,1,2023-06-20T05:27:23+00:00
SAO_573H-10,São Paulo,3550308,True,,1630,,,-23.561914375,-46.593670374999995,,,,1,2023-06-20T05:27:15+00:00
SAO_573H-10,São Paulo,3550308,True,,1630,,,-23.5857715,-46.5185735,,,,1,2023-06-20T05:27:27+00:00
SAO_573H-10,São Paulo,3550308,True,,1630,,,-23.546872999999998,-46.608591000000004,,,,1,2023-06-20T05:27:02+00:00
SAO_4085-10,São Paulo,3550308,True,,2156,,,-23.57041325,-46.42864425,,,,1,2023-06-20T05:26:54+00:00
SAO_4085-10,São Paulo,3550308,True,,2156,,,-23.5692925,-46.429227,,,,1,2023-06-20T05:23:21+00:00
SAO_4085-10,São Paulo,3550308,True,,2156,,,-23.545378499999998,-46.467681,,,,1,2023-06-20T05:27:08+00:00
SAO_546A-10,São Paulo,3550308,True,,33899,,,-23.7136645,-46.656892,,,,2,2023-06-20T05:26:06+00:00
SAO_546A-10,São Paulo,3550308,True,,33899,,,-23.6934005,-46.6577415,,,,2,2023-06-20T05:26:49+00:00
SAO_508L-10,São Paulo,3550308,True,,32885,,,-23.533787,-46.6444555,,,,2,2023-06-20T05:27:06+00:00
SAO_508L-10,São Paulo,3550308,True,,32885,,,-23.559263625,-46.63286775,,,,2,2023-06-20T05:27:08+00:00
SAO_508L-10,São Paulo,3550308,True,,32885,,,-23.533831250000002,-46.64481775,,,,2,2023-06-20T05:27:06+00:00
SAO_N344-11,São Paulo,3550308,True,,35124,,,-23.517290000000003,-46.5452885,,,,2,2023-06-20T05:26:52+00:00
SAO_775V-10,São Paulo,3550308,True,,33243,,,-23.5680205,-46.757609,,,,2,2023-06-20T05:26:47+00:00
SAO_775V-10,São Paulo,3550308,True,,33243,,,-23.5850205,-46.68194475,,,,2,2023-06-20T05:27:09+00:00
SAO_775V-10,São Paulo,3550308,True,,33243,,,-23.575860749999997,-46.76582475,,,,2,2023-06-20T05:26:56+00:00
SAO_875P-10,São Paulo,3550308,True,,1341,,,-23.581561999999998,-46.638792,,,,1,2023-06-20T05:26:52+00:00
SAO_875P-10,São Paulo,3550308,True,,1341,,,-23.54004475,-46.66994724999999,,,,1,2023-06-20T05:27:15+00:00
SAO_2719-10,São Paulo,3550308,True,,33700,,,-23.5068595,-46.488539,,,,2,2023-06-20T05:26:53+00:00
SAO_2719-10,São Paulo,3550308,True,,33700,,,-23.494729,-46.4696005,,,,2,2023-06-20T05:27:19+00:00
SAO_2719-10,São Paulo,3550308,True,,33700,,,-23.515611,-46.5204235,,,,2,2023-06-20T05:27:10+00:00
SAO_172K-10,São Paulo,3550308,True,,33625,,,-23.503209,-46.596758375,,,,2,2023-06-20T05:27:17+00:00
SAO_172K-10,São Paulo,3550308,True,,33625,,,-23.480852,-46.6008145,,,,2,2023-06-20T05:27:09+00:00
SAO_172K-10,São Paulo,3550308,True,,33625,,,-23.524763749999998,-46.59464675,,,,2,2023-06-20T05:26:46+00:00
SAO_172K-10,São Paulo,3550308,True,,33625,,,-23.456574500000002,-46.5947105,,,,2,2023-06-20T05:26:48+00:00
SAO_6073-10,São Paulo,3550308,True,,33928,,,-23.853313,-46.6956225,,,,2,2023-06-20T05:26:57+00:00
SAO_6073-10,São Paulo,3550308,True,,33928,,,-23.853313,-46.6956225,,,,2,2023-06-20T05:27:20+00:00
SAO_6073-10,São Paulo,3550308,True,,33928,,,-23.853313,-46.6956225,,,,2,2023-06-20T05:26:56+00:00
SAO_6073-10,São Paulo,3550308,True,,33928,,,-23.849078,-46.713025,,,,2,2023-06-20T05:24:38+00:00
SAO_6073-10,São Paulo,3550308,True,,33928,,,-23.798726000000002,-46.7310455,,,,2,2023-06-20T05:26:58+00:00
SAO_6073-10,São Paulo,3550308,True,,33928,,,-23.853313,-46.6956225,,,,2,2023-06-20T05:26:54+00:00
SAO_6073-10,São Paulo,3550308,True,,33928,,,-23.853313,-46.6956225,,,,2,2023-06-20T05:26:48+00:00
SAO_6073-10,São Paulo,3550308,True,,33928,,,-23.853313,-46.6956225,,,,2,2023-06-20T05:27:24+00:00
SAO_172N-10,São Paulo,3550308,True,,664,,,-23.503802,-46.614819499999996,,,,1,2023-06-20T05:26:47+00:00
SAO_172N-10,São Paulo,3550308,True,,664,,,-23.527593500000002,-46.59697274999999,,,,1,2023-06-20T05:24:41+00:00
SAO_172N-10,São Paulo,3550308,True,,664,,,-23.5151625,-46.58728375,,,,1,2023-06-20T05:27:26+00:00
SAO_675I-10,São Paulo,3550308,True,BR7 Mobilidade,68,https://moovitapp.com/index/pt-br/transporte_p%C3%BAblico-line-68-Sao_Paulo-242-851856-560661-0,5.75,-23.628725,-46.6646925,,,,1,2023-06-20T05:27:23+00:00
SAO_3734-10,São Paulo,3550308,True,,33802,,,-23.554012,-46.480813,,,,2,2023-06-20T05:27:19+00:00
SAO_3734-10,São Paulo,3550308,True,,33802,,,-23.5410875,-46.4842785,,,,2,2023-06-20T05:27:22+00:00
SAO_3734-10,São Paulo,3550308,True,,33802,,,-23.551757000000002,-46.4640355,,,,2,2023-06-20T05:27:16+00:00
SAO_3734-10,São Paulo,3550308,True,,33802,,,-23.552827,-46.472971,,,,2,2023-06-20T05:27:28+00:00
SAO_746C-10,São Paulo,3550308,True,STT,783,https://moovitapp.com/index/pt-br/transporte_p%C3%BAblico-line-783-Sao_Paulo-242-850661-183351-0,5.3,-23.61966925,-46.742619000000005,,,,1,2023-06-20T05:26:48+00:00
SAO_746C-10,São Paulo,3550308,True,STT,783,https://moovitapp.com/index/pt-br/transporte_p%C3%BAblico-line-783-Sao_Paulo-242-850661-183351-0,5.3,-23.64164275,-46.715305875,,,,1,2023-06-20T05:26:53+00:00
SAO_746C-10,São Paulo,3550308,True,STT,783,https://moovitapp.com/index/pt-br/transporte_p%C3%BAblico-line-783-Sao_Paulo-242-850661-183351-0,5.3,-23.6498405,-46.707801,,,,1,2023-06-20T05:27:12+00:00
SAO_746C-10,São Paulo,3550308,True,STT,783,https://moovitapp.com/index/pt-br/transporte_p%C3%BAblico-line-783-Sao_Paulo-242-850661-183351-0,5.3,-23.6498405,-46.707801,,,,1,2023-06-20T05:27:20+00:00
SAO_3735-10,São Paulo,3550308,True,,33803,,,-23.541323,-46.4845135,,,,2,2023-06-20T05:27:16+00:00
SAO_3735-10,São Paulo,3550308,True,,33803,,,-23.545573,-46.500811999999996,,,,2,2023-06-20T05:27:09+00:00
SAO_4056-10,São Paulo,3550308,True,,2237,,,-23.607346749999998,-46.46409125,,,,1,2023-06-20T05:27:05+00:00
SAO_1701-10,São Paulo,3550308,True,,33613,,,-23.447695250000002,-46.576127125,,,,2,2023-06-20T05:27:27+00:00
SAO_1701-10,São Paulo,3550308,True,,33613,,,-23.4769155,-46.5960325,,,,2,2023-06-20T05:27:00+00:00
SAO_1701-10,São Paulo,3550308,True,,33613,,,-23.454218500000003,-46.5794365,,,,2,2023-06-20T05:26:54+00:00
SAO_6823-10,São Paulo,3550308,True,,34,,,-23.677764000000003,-46.789218,,,,1,2023-06-20T05:27:26+00:00
SAO_273V-10,São Paulo,3550308,True,,32999,,,-23.5325535,-46.482392000000004,,,,2,2023-06-20T05:27:20+00:00
SAO_6475-10,São Paulo,3550308,True,,34085,,,-23.62323825,-46.708438,,,,2,2023-06-20T05:26:56+00:00
SAO_6475-10,São Paulo,3550308,True,,34085,,,-23.6395185,-46.744378,,,,2,2023-06-20T05:27:23+00:00
SAO_6475-10,São Paulo,3550308,True,,34085,,,-23.577004000000002,-46.6724405,,,,2,2023-06-20T05:26:50+00:00
SAO_273D-10,São Paulo,3550308,True,,222,,,-23.533288,-46.47363,,,,1,2023-06-20T05:25:30+00:00
SAO_273D-10,São Paulo,3550308,True,,222,,,-23.49393,-46.418022,,,,1,2023-06-20T05:27:23+00:00
SAO_273D-10,São Paulo,3550308,True,,222,,,-23.521121,-46.4756413125,,,,1,2023-06-20T05:27:22+00:00
SAO_9181-10,São Paulo,3550308,True,,885,,,-23.457559,-46.6963325,,,,1,2023-06-20T05:26:58+00:00
SAO_9181-10,São Paulo,3550308,True,,885,,,-23.52363175,-46.70185575,,,,1,2023-06-20T05:27:01+00:00
SAO_1178-31,São Paulo,3550308,True,,34580,,,-23.492154,-46.445614500000005,,,,2,2023-06-20T05:27:18+00:00
SAO_1178-31,São Paulo,3550308,True,,34580,,,-23.514047750000003,-46.545876625000005,,,,2,2023-06-20T05:27:26+00:00
SAO_1178-31,São Paulo,3550308,True,,34580,,,-23.52557925,-46.5628035,,,,2,2023-06-20T05:25:09+00:00
SAO_2725-10,São Paulo,3550308,True,,33707,,,-23.512969499999997,-46.4736135,,,,2,2023-06-20T05:27:10+00:00
SAO_2725-10,São Paulo,3550308,True,,33707,,,-23.539938499999998,-46.482815,,,,2,2023-06-20T05:27:30+00:00
SAO_2725-10,São Paulo,3550308,True,,33707,,,-23.539938499999998,-46.482815,,,,2,2023-06-20T05:26:47+00:00
SAO_2725-10,São Paulo,3550308,True,,33707,,,-23.519386,-46.471001,,,,2,2023-06-20T05:27:16+00:00
SAO_2725-10,São Paulo,3550308,True,,33707,,,-23.512969499999997,-46.4736135,,,,2,2023-06-20T05:26:52+00:00
SAO_175T-10,São Paulo,3550308,True,,33391,,,-23.533191875,-46.632661625,,,,2,2023-06-20T05:27:29+00:00
SAO_175T-10,São Paulo,3550308,True,,33391,,,-23.634219,-46.641591000000005,,,,2,2023-06-20T05:27:22+00:00
SAO_175T-10,São Paulo,3550308,True,,33391,,,-23.632468250000002,-46.645695,,,,2,2023-06-20T05:27:02+00:00
SAO_175T-10,São Paulo,3550308,True,,33391,,,-23.576483500000002,-46.643089,,,,2,2023-06-20T05:27:20+00:00
SAO_175T-10,São Paulo,3550308,True,,33391,,,-23.536562749999998,-46.6335145,,,,2,2023-06-20T05:27:13+00:00
SAO_175T-10,São Paulo,3550308,True,,33391,,,-23.6539315,-46.637958,,,,2,2023-06-20T05:26:57+00:00
SAO_175T-10,São Paulo,3550308,True,,33391,,,-23.638268,-46.657072,,,,2,2023-06-20T05:26:50+00:00
SAO_175T-10,São Paulo,3550308,True,,33391,,,-23.510906499999997,-46.626188,,,,2,2023-06-20T05:27:01+00:00
SAO_1730-10,São Paulo,3550308,True,,33633,,,-23.51559625,-46.61637925,,,,2,2023-06-20T05:26:47+00:00
SAO_1730-10,São Paulo,3550308,True,,33633,,,-23.5143075,-46.625555000000006,,,,2,2023-06-20T05:27:19+00:00
SAO_4222-10,São Paulo,3550308,True,EMTU,288,https://moovitapp.com/index/pt-br/transporte_p%C3%BAblico-line-288-Sao_Paulo-242-2038937-36419389-0,5.1,-23.6104925,-46.508626,,,,1,2023-06-20T05:25:15+00:00
SAO_233A-10,São Paulo,3550308,True,,33017,,,-23.48421475,-46.421170000000004,,,,2,2023-06-20T05:26:24+00:00
SAO_233A-10,São Paulo,3550308,True,,33017,,,-23.47938825,-46.420079,,,,2,2023-06-20T05:26:51+00:00
SAO_233A-10,São Paulo,3550308,True,,33017,,,-23.5429585,-46.4956925,,,,2,2023-06-20T05:27:20+00:00
SAO_233A-10,São Paulo,3550308,True,,33017,,,-23.558573000000003,-46.522692500000005,,,,2,2023-06-20T05:27:06+00:00
SAO_4018-10,São Paulo,3550308,True,,2191,,,-23.612228,-46.4762245,,,,1,2023-06-20T05:27:23+00:00
SAO_4018-10,São Paulo,3550308,True,,2191,,,-23.594569999999997,-46.443041,,,,1,2023-06-20T05:27:04+00:00
SAO_4018-10,São Paulo,3550308,True,,2191,,,-23.596244,-46.4049325,,,,1,2023-06-20T05:27:06+00:00
SAO_N501-11,São Paulo,3550308,True,,2375,,,-23.5481695,-46.6262725,,,,1,2023-06-20T05:27:26+00:00
SAO_8594-10,São Paulo,3550308,True,EMTU,432,https://moovitapp.com/index/pt-br/transporte_p%C3%BAblico-line-432-Sao_Paulo-242-2038937-36419486-0,4.8,-23.457973000000003,-46.719124,,,,1,2023-06-20T05:27:19+00:00
SAO_8594-10,São Paulo,3550308,True,EMTU,432,https://moovitapp.com/index/pt-br/transporte_p%C3%BAblico-line-432-Sao_Paulo-242-2038937-36419486-0,4.8,-23.514217,-46.7020185,,,,1,2023-06-20T05:27:19+00:00
SAO_8594-10,São Paulo,3550308,True,EMTU,432,https://moovitapp.com/index/pt-br/transporte_p%C3%BAblico-line-432-Sao_Paulo-242-2038937-36419486-0,4.8,-23.532291999999998,-46.662218499999994,,,,1,2023-06-20T05:27:16+00:00
SAO_2127-10,São Paulo,3550308,True,,33461,,,-23.5563915,-46.6341745,,,,2,2023-06-20T05:27:28+00:00
SAO_2127-10,São Paulo,3550308,True,,33461,,,-23.478293,-46.56974099999999,,,,2,2023-06-20T05:26:52+00:00
SAO_2127-10,São Paulo,3550308,True,,33461,,,-23.529568875,-46.614399875000004,,,,2,2023-06-20T05:27:26+00:00
SAO_1720-10,São Paulo,3550308,True,,33631,,,-23.494107,-46.568782999999996,,,,2,2023-06-20T05:26:55+00:00
SAO_1720-10,São Paulo,3550308,True,,33631,,,-23.492355,-46.574597,,,,2,2023-06-20T05:26:49+00:00
SAO_1720-10,São Paulo,3550308,True,,33631,,,-23.4486115,-46.6096405,,,,2,2023-06-20T05:27:23+00:00
SAO_1720-10,São Paulo,3550308,True,,33631,,,-23.4806635,-46.604226,,,,2,2023-06-20T05:27:18+00:00
SAO_1701-10,São Paulo,3550308,True,EMTU,845,https://moovitapp.com/index/pt-br/transporte_p%C3%BAblico-line-845-Sao_Paulo-242-2038937-36419607-0,5.15,-23.447538,-46.576252999999994,,,,1,2023-06-20T05:27:13+00:00
SAO_1701-10,São Paulo,3550308,True,EMTU,845,https://moovitapp.com/index/pt-br/transporte_p%C3%BAblico-line-845-Sao_Paulo-242-2038937-36419607-0,5.15,-23.456131499999998,-46.584723499999996,,,,1,2023-06-20T05:26:54+00:00
SAO_6047-10,São Paulo,3550308,True,,33992,,,-23.668284,-46.763536,,,,2,2023-06-20T05:27:17+00:00
SAO_6047-10,São Paulo,3550308,True,,33992,,,-23.6583915,-46.7426605,,,,2,2023-06-20T05:27:19+00:00
SAO_6069-10,São Paulo,3550308,True,,33922,,,-23.756158499999998,-46.709500500000004,,,,2,2023-06-20T05:27:29+00:00
SAO_6069-10,São Paulo,3550308,True,,33922,,,-23.744763,-46.693926000000005,,,,2,2023-06-20T05:27:03+00:00
SAO_6069-10,São Paulo,3550308,True,,33922,,,-23.673647000000003,-46.709386499999994,,,,2,2023-06-20T05:27:12+00:00
SAO_2290-10,São Paulo,3550308,True,,33486,,,-23.558311,-46.522212499999995,,,,2,2023-06-20T05:27:13+00:00
SAO_2290-10,São Paulo,3550308,True,,33486,,,-23.54760875,-46.539715,,,,2,2023-06-20T05:26:49+00:00
SAO_2290-10,São Paulo,3550308,True,,33486,,,-23.535222124999997,-46.58254475,,,,2,2023-06-20T05:27:06+00:00
SAO_2290-10,São Paulo,3550308,True,,33486,,,-23.558028999999998,-46.522641500000006,,,,2,2023-06-20T05:27:24+00:00
SAO_2290-10,São Paulo,3550308,True,,33486,,,-23.543611749999997,-46.546510999999995,,,,2,2023-06-20T05:27:23+00:00
SAO_2290-10,São Paulo,3550308,True,,33486,,,-23.535124,-46.5762615,,,,2,2023-06-20T05:27:25+00:00
SAO_2290-10,São Paulo,3550308,True,,33486,,,-23.55470375,-46.52677224999999,,,,2,2023-06-20T05:27:13+00:00
SAO_2290-10,São Paulo,3550308,True,,33486,,,-23.535222124999997,-46.58254475,,,,2,2023-06-20T05:27:23+00:00
SAO_2290-10,São Paulo,3550308,True,,33486,,,-23.6136555,-46.476372999999995,,,,2,2023-06-20T05:26:48+00:00
SAO_2290-10,São Paulo,3550308,True,,33486,,,-23.587206,-46.49083125,,,,2,2023-06-20T05:26:59+00:00
SAO_2290-10,São Paulo,3550308,True,,33486,,,-23.535066999999998,-46.581428,,,,2,2023-06-20T05:27:22+00:00
SAO_2290-10,São Paulo,3550308,True,,33486,,,-23.54893,-46.62942425,,,,2,2023-06-20T05:27:04+00:00
SAO_2290-10,São Paulo,3550308,True,,33486,,,-23.544653,-46.545749,,,,2,2023-06-20T05:27:20+00:00
SAO_2290-10,São Paulo,3550308,True,,33486,,,-23.547106,-46.629678,,,,2,2023-06-20T05:27:20+00:00
SAO_8016-10,São Paulo,3550308,True,,34114,,,-23.481229,-46.723877,,,,2,2023-06-20T05:26:51+00:00
SAO_8016-10,São Paulo,3550308,True,,34114,,,-23.443286,-46.7353445,,,,2,2023-06-20T05:27:31+00:00
SAO_8016-10,São Paulo,3550308,True,,34114,,,-23.4435615,-46.735414500000005,,,,2,2023-06-20T05:27:17+00:00
SAO_8047-10,São Paulo,3550308,True,EMTU,408,https://moovitapp.com/index/pt-br/transporte_p%C3%BAblico-line-408-Sao_Paulo-242-2038937-36419468-0,7.55,-23.52167875,-46.70490775,,,,1,2023-06-20T05:27:16+00:00
SAO_8047-10,São Paulo,3550308,True,EMTU,408,https://moovitapp.com/index/pt-br/transporte_p%C3%BAblico-line-408-Sao_Paulo-242-2038937-36419468-0,7.55,-23.435200000000002,-46.754103375,,,,1,2023-06-20T05:27:21+00:00
SAO_8047-10,São Paulo,3550308,True,EMTU,408,https://moovitapp.com/index/pt-br/transporte_p%C3%BAblico-line-408-Sao_Paulo-242-2038937-36419468-0,7.55,-23.486551,-46.7614455,,,,1,2023-06-20T05:27:17+00:00
SAO_178L-10,São Paulo,3550308,True,,33328,,,-23.4846455,-46.6417825,,,,2,2023-06-20T05:27:20+00:00
SAO_178L-10,São Paulo,3550308,True,,33328,,,-23.474617000000002,-46.6435345,,,,2,2023-06-20T05:27:16+00:00
SAO_178L-10,São Paulo,3550308,True,,33328,,,-23.51702425,-46.653991875,,,,2,2023-06-20T05:27:02+00:00
SAO_701A-10,São Paulo,3550308,True,,33457,,,-23.539895,-46.61106075,,,,2,2023-06-20T05:27:00+00:00
SAO_701A-10,São Paulo,3550308,True,,33457,,,-23.489511,-46.57539,,,,2,2023-06-20T05:27:19+00:00
SAO_701A-10,São Paulo,3550308,True,,33457,,,-23.54744075,-46.64728625,,,,2,2023-06-20T05:27:25+00:00
SAO_701A-10,São Paulo,3550308,True,,33457,,,-23.4737385,-46.565966,,,,2,2023-06-20T05:27:01+00:00
SAO_1765-10,São Paulo,3550308,True,,34550,,,-23.463209,-46.573530250000005,,,,2,2023-06-20T05:27:28+00:00
SAO_352A-10,São Paulo,3550308,True,,32932,,,-23.539525375,-46.4551265,,,,2,2023-06-20T05:27:11+00:00
SAO_352A-10,São Paulo,3550308,True,,32932,,,-23.479059749999998,-46.42096825,,,,2,2023-06-20T05:27:27+00:00
SAO_352A-10,São Paulo,3550308,True,,32932,,,-23.479201250000003,-46.42118275,,,,2,2023-06-20T05:27:26+00:00
SAO_352A-10,São Paulo,3550308,True,,32932,,,-23.558543999999998,-46.465739500000005,,,,2,2023-06-20T05:27:00+00:00
SAO_5106-21,São Paulo,3550308,True,,34740,,,-23.598069000000002,-46.685604999999995,,,,2,2023-06-20T05:26:59+00:00
SAO_5106-21,São Paulo,3550308,True,,34740,,,-23.6952165,-46.6546855,,,,2,2023-06-20T05:25:05+00:00
SAO_5106-21,São Paulo,3550308,True,,34740,,,-23.6954925,-46.64957,,,,2,2023-06-20T05:27:18+00:00
SAO_5106-21,São Paulo,3550308,True,,34740,,,-23.622875999999998,-46.646512,,,,2,2023-06-20T05:27:24+00:00
SAO_5106-21,São Paulo,3550308,True,,34740,,,-23.6349865,-46.641395,,,,2,2023-06-20T05:27:01+00:00
SAO_5106-21,São Paulo,3550308,True,,34740,,,-23.6134055,-46.695567,,,,2,2023-06-20T05:26:48+00:00
SAO_1019-10,São Paulo,3550308,True,,35263,,,-23.4349705,-46.7826465,,,,2,2023-06-20T05:27:18+00:00
SAO_1019-10,São Paulo,3550308,True,,35263,,,-23.4863635,-46.726336,,,,2,2023-06-20T05:27:06+00:00
SAO_4029-10,São Paulo,3550308,True,,1099,,,-23.612842999999998,-46.493242499999994,,,,1,2023-06-20T05:26:58+00:00
SAO_4029-10,São Paulo,3550308,True,,1099,,,-23.608490500000002,-46.47957825,,,,1,2023-06-20T05:26:54+00:00
SAO_4029-10,São Paulo,3550308,True,,1099,,,-23.593168499999997,-46.5391415,,,,1,2023-06-20T05:27:08+00:00
SAO_4029-10,São Paulo,3550308,True,,1099,,,-23.612842999999998,-46.493242499999994,,,,1,2023-06-20T05:26:47+00:00
SAO_4029-10,São Paulo,3550308,True,,1099,,,-23.583394,-46.582493,,,,1,2023-06-20T05:27:13+00:00
SAO_978L-10,São Paulo,3550308,True,,33234,,,-23.522572250000003,-46.66452174999999,,,,2,2023-06-20T05:27:26+00:00
SAO_978L-10,São Paulo,3550308,True,,33234,,,-23.491877,-46.676823999999996,,,,2,2023-06-20T05:26:56+00:00
SAO_978L-10,São Paulo,3550308,True,,33234,,,-23.474603000000002,-46.669678000000005,,,,2,2023-06-20T05:27:09+00:00
SAO_978L-10,São Paulo,3550308,True,,33234,,,-23.4742495,-46.669781,,,,2,2023-06-20T05:27:17+00:00
SAO_8047-41,São Paulo,3550308,True,STT,410,https://moovitapp.com/index/pt-br/transporte_p%C3%BAblico-line-410-Sao_Paulo-242-850661-183302-0,5.3,-23.5358485,-46.7264675,,,,1,2023-06-20T05:27:06+00:00
SAO_4021-10,São Paulo,3550308,True,,2548,,,-23.548983749999998,-46.45562425,,,,1,2023-06-20T05:26:58+00:00
SAO_4021-10,São Paulo,3550308,True,,2548,,,-23.542802000000002,-46.470636,,,,1,2023-06-20T05:27:01+00:00
SAO_4021-10,São Paulo,3550308,True,,2548,,,-23.561562000000002,-46.446068749999995,,,,1,2023-06-20T05:26:58+00:00
SAO_574W-10,São Paulo,3550308,True,,1629,,,-23.6113405,-46.48717675,,,,1,2023-06-20T05:27:17+00:00
SAO_574W-10,São Paulo,3550308,True,,1629,,,-23.57517675,-46.529329,,,,1,2023-06-20T05:27:03+00:00
SAO_574W-10,São Paulo,3550308,True,,1629,,,-23.54376975,-46.5866635,,,,1,2023-06-20T05:27:01+00:00
SAO_574W-10,São Paulo,3550308,True,,1629,,,-23.5430705,-46.5890545,,,,1,2023-06-20T05:27:06+00:00
SAO_5142-10,São Paulo,3550308,True,,1626,,,-23.613964,-46.500782,,,,1,2023-06-20T05:27:27+00:00
SAO_5142-10,São Paulo,3550308,True,,1626,,,-23.5634245,-46.6197965,,,,1,2023-06-20T05:27:22+00:00
SAO_5142-10,São Paulo,3550308,True,,1626,,,-23.598249,-46.539349,,,,1,2023-06-20T05:26:59+00:00
SAO_675P-10,São Paulo,3550308,True,STT,275,https://moovitapp.com/index/pt-br/transporte_p%C3%BAblico-line-275-Sao_Paulo-242-850661-183275-0,5.3,-23.665716250000003,-46.70622924999999,,,,1,2023-06-20T05:27:14+00:00
SAO_675P-10,São Paulo,3550308,True,STT,275,https://moovitapp.com/index/pt-br/transporte_p%C3%BAblico-line-275-Sao_Paulo-242-850661-183275-0,5.3,-23.64786775,-46.64553125,,,,1,2023-06-20T05:27:05+00:00
SAO_675P-10,São Paulo,3550308,True,STT,275,https://moovitapp.com/index/pt-br/transporte_p%C3%BAblico-line-275-Sao_Paulo-242-850661-183275-0,5.3,-23.6368035,-46.641181,,,,1,2023-06-20T05:27:24+00:00
SAO_675P-10,São Paulo,3550308,True,STT,275,https://moovitapp.com/index/pt-br/transporte_p%C3%BAblico-line-275-Sao_Paulo-242-850661-183275-0,5.3,-23.6472665,-46.6452565,,,,1,2023-06-20T05:26:59+00:00
SAO_675P-10,São Paulo,3550308,True,STT,275,https://moovitapp.com/index/pt-br/transporte_p%C3%BAblico-line-275-Sao_Paulo-242-850661-183275-0,5.3,-23.6387555,-46.632828,,,,1,2023-06-20T05:27:00+00:00
SAO_6110-10,São Paulo,3550308,True,,33952,,,-23.732298749999998,-46.71525325,,,,2,2023-06-20T05:27:10+00:00
SAO_6110-10,São Paulo,3550308,True,,33952,,,-23.67673875,-46.68030275,,,,2,2023-06-20T05:27:03+00:00
SAO_6110-10,São Paulo,3550308,True,,33952,,,-23.6229895,-46.661907,,,,2,2023-06-20T05:27:24+00:00
SAO_3301-10,São Paulo,3550308,True,,1618,,,-23.54620025,-46.63007,,,,1,2023-06-20T05:27:19+00:00
SAO_3301-10,São Paulo,3550308,True,,1618,,,-23.514789999999998,-46.549378,,,,1,2023-06-20T05:27:13+00:00
SAO_4025-10,São Paulo,3550308,True,,1095,,,-23.56801375,-46.57701575,,,,1,2023-06-20T05:27:05+00:00
SAO_4025-10,São Paulo,3550308,True,,1095,,,-23.541552,-46.574095,,,,1,2023-06-20T05:26:53+00:00
SAO_4025-10,São Paulo,3550308,True,,1095,,,-23.542444250000003,-46.5794425,,,,1,2023-06-20T05:27:03+00:00
SAO_4025-10,São Paulo,3550308,True,,1095,,,-23.54147175,-46.573660249999996,,,,1,2023-06-20T05:26:51+00:00
SAO_4025-10,São Paulo,3550308,True,,1095,,,-23.593649125,-46.56111975,,,,1,2023-06-20T05:27:09+00:00
SAO_4025-10,São Paulo,3550308,True,,1095,,,-23.60919925,-46.55669775,,,,1,2023-06-20T05:26:49+00:00
SAO_5110-10,São Paulo,3550308,True,,34977,,,-23.614725749999998,-46.500750749999995,,,,2,2023-06-20T05:26:58+00:00
SAO_5110-10,São Paulo,3550308,True,,34977,,,-23.613456,-46.476318500000005,,,,2,2023-06-20T05:27:08+00:00
SAO_5110-10,São Paulo,3550308,True,,34977,,,-23.6141145,-46.476496999999995,,,,2,2023-06-20T05:27:19+00:00
SAO_5110-10,São Paulo,3550308,True,,34977,,,-23.584152,-46.5502195,,,,2,2023-06-20T05:26:59+00:00
SAO_5110-10,São Paulo,3550308,True,,34977,,,-23.6141145,-46.476496999999995,,,,2,2023-06-20T05:27:11+00:00
SAO_5110-10,São Paulo,3550308,True,,34977,,,-23.6137635,-46.4764045,,,,2,2023-06-20T05:27:00+00:00
SAO_5110-10,São Paulo,3550308,True,,34977,,,-23.6142605,-46.4964065,,,,2,2023-06-20T05:27:26+00:00
SAO_5110-10,São Paulo,3550308,True,,34977,,,-23.547036,-46.628932,,,,2,2023-06-20T05:27:29+00:00
SAO_5110-10,São Paulo,3550308,True,,34977,,,-23.5846995,-46.583796,,,,2,2023-06-20T05:27:06+00:00
SAO_5110-10,São Paulo,3550308,True,,34977,,,-23.5993315,-46.530568,,,,2,2023-06-20T05:26:50+00:00
SAO_5110-10,São Paulo,3550308,True,,34977,,,-23.6141145,-46.476496999999995,,,,2,2023-06-20T05:26:58+00:00
SAO_5110-10,São Paulo,3550308,True,,34977,,,-23.556975562499996,-46.6202010625,,,,2,2023-06-20T05:27:01+00:00
SAO_4222-10,São Paulo,3550308,True,,33056,,,-23.588922500000002,-46.5540165,,,,2,2023-06-20T05:26:50+00:00
SAO_4222-10,São Paulo,3550308,True,,33056,,,-23.566800999999998,-46.6030645,,,,2,2023-06-20T05:27:28+00:00
SAO_4222-10,São Paulo,3550308,True,,33056,,,-23.6143715,-46.512184000000005,,,,2,2023-06-20T05:27:21+00:00
SAO_4725-10,São Paulo,3550308,True,,33106,,,-23.61276975,-46.617670000000004,,,,2,2023-06-20T05:27:18+00:00
SAO_4028-10,São Paulo,3550308,True,,33866,,,-23.593083,-46.4887815,,,,2,2023-06-20T05:27:14+00:00
SAO_4028-10,São Paulo,3550308,True,,33866,,,-23.593083,-46.4887815,,,,2,2023-06-20T05:27:00+00:00
SAO_4028-10,São Paulo,3550308,True,,33866,,,-23.6261985,-46.459625,,,,2,2023-06-20T05:27:07+00:00
SAO_172U-10,São Paulo,3550308,True,,860,,,-23.502481,-46.6248825,,,,1,2023-06-20T05:27:29+00:00
SAO_172U-10,São Paulo,3550308,True,,860,,,-23.438298500000002,-46.573768,,,,1,2023-06-20T05:27:18+00:00
SAO_172U-10,São Paulo,3550308,True,,860,,,-23.537823500000002,-46.61600675,,,,1,2023-06-20T05:27:12+00:00
SAO_2731-10,São Paulo,3550308,True,,33714,,,-23.5212465,-46.4423655,,,,2,2023-06-20T05:24:38+00:00
SAO_2731-10,São Paulo,3550308,True,,33714,,,-23.542544499999998,-46.4716805,,,,2,2023-06-20T05:27:27+00:00
SAO_809H-10,São Paulo,3550308,True,,2245,,,-23.5241835,-46.7171265,,,,1,2023-06-20T05:27:27+00:00
SAO_809H-10,São Paulo,3550308,True,,2245,,,-23.583205,-46.774273,,,,1,2023-06-20T05:26:49+00:00
SAO_675K-10,São Paulo,3550308,True,,32966,,,-23.669655,-46.7366765,,,,2,2023-06-20T05:27:22+00:00
SAO_675K-10,São Paulo,3550308,True,,32966,,,-23.641431374999996,-46.698932375,,,,2,2023-06-20T05:27:15+00:00
SAO_675K-10,São Paulo,3550308,True,,32966,,,-23.689947,-46.7740025,,,,2,2023-06-20T05:27:18+00:00
SAO_675K-10,São Paulo,3550308,True,,32966,,,-23.597426750000004,-46.654300250000006,,,,2,2023-06-20T05:27:22+00:00
SAO_695T-10,São Paulo,3550308,True,,1322,,,-23.5969325,-46.655863,,,,1,2023-06-20T05:27:15+00:00
SAO_695T-10,São Paulo,3550308,True,,1322,,,-23.645789999999998,-46.7465015,,,,1,2023-06-20T05:26:50+00:00
SAO_2765-10,São Paulo,3550308,True,,32913,,,-23.533877,-46.566331500000004,,,,2,2023-06-20T05:27:09+00:00
SAO_2765-10,São Paulo,3550308,True,,32913,,,-23.50489825,-46.50822925,,,,2,2023-06-20T05:27:10+00:00
SAO_2765-10,São Paulo,3550308,True,,32913,,,-23.505899,-46.5276275,,,,2,2023-06-20T05:26:44+00:00
SAO_7411-10,São Paulo,3550308,True,,34144,,,-23.5618645,-46.7190645,,,,2,2023-06-20T05:27:19+00:00
SAO_7411-10,São Paulo,3550308,True,,34144,,,-23.5450025,-46.6337215,,,,2,2023-06-20T05:27:16+00:00
SAO_5759-31,São Paulo,3550308,True,,1139,,,-23.634568,-46.6410685,,,,1,2023-06-20T05:27:22+00:00
SAO_5759-31,São Paulo,3550308,True,,1139,,,-23.656708000000002,-46.665236,,,,1,2023-06-20T05:27:18+00:00
SAO_407J-10,São Paulo,3550308,True,,2198,,,-23.542001499999998,-46.4253025,,,,1,2023-06-20T05:26:52+00:00
SAO_407J-10,São Paulo,3550308,True,,2198,,,-23.541414000000003,-46.57794225,,,,1,2023-06-20T05:27:10+00:00
SAO_407J-10,São Paulo,3550308,True,,2198,,,-23.582402,-46.49710425,,,,1,2023-06-20T05:27:25+00:00
SAO_407J-10,São Paulo,3550308,True,,2198,,,-23.541215,-46.5774215,,,,1,2023-06-20T05:26:54+00:00
SAO_407J-10,São Paulo,3550308,True,,2198,,,-23.5410925,-46.577089,,,,1,2023-06-20T05:27:00+00:00
SAO_407J-10,São Paulo,3550308,True,,2198,,,-23.5614635,-46.47444025,,,,1,2023-06-20T05:26:58+00:00
SAO_6455-10,São Paulo,3550308,True,,32831,,,-23.572406125,-46.641142875,,,,2,2023-06-20T05:27:25+00:00
SAO_6455-10,São Paulo,3550308,True,,32831,,,-23.637729999999998,-46.69437225,,,,2,2023-06-20T05:27:21+00:00
SAO_8006-10,São Paulo,3550308,True,,34024,,,-23.4813775,-46.723682,,,,2,2023-06-20T05:26:50+00:00
SAO_8006-10,São Paulo,3550308,True,,34024,,,-23.432887,-46.7297695,,,,2,2023-06-20T05:27:23+00:00
SAO_8006-10,São Paulo,3550308,True,,34024,,,-23.447750499999998,-46.7349715,,,,2,2023-06-20T05:27:22+00:00
SAO_4012-10,São Paulo,3550308,True,,34953,,,-23.613001,-46.4764665,,,,2,2023-06-20T05:27:28+00:00
SAO_4012-10,São Paulo,3550308,True,,34953,,,-23.613001,-46.4764665,,,,2,2023-06-20T05:27:14+00:00
SAO_4012-10,São Paulo,3550308,True,,34953,,,-23.607872,-46.44837750000001,,,,2,2023-06-20T05:27:23+00:00
SAO_507T-10,São Paulo,3550308,True,,2208,,,-23.6019765,-46.503546,,,,1,2023-06-20T05:26:58+00:00
SAO_507T-10,São Paulo,3550308,True,,2208,,,-23.567560125,-46.510394375000004,,,,1,2023-06-20T05:27:28+00:00
SAO_507T-10,São Paulo,3550308,True,,2208,,,-23.538734499999997,-46.5649235,,,,1,2023-06-20T05:27:20+00:00
SAO_507T-10,São Paulo,3550308,True,,2208,,,-23.538597,-46.5639085,,,,1,2023-06-20T05:24:04+00:00
SAO_5791-10,São Paulo,3550308,True,,33375,,,-23.695413000000002,-46.649462,,,,2,2023-06-20T05:27:14+00:00
SAO_5791-10,São Paulo,3550308,True,,33375,,,-23.598325,-46.63674425,,,,2,2023-06-20T05:27:25+00:00
SAO_5791-10,São Paulo,3550308,True,,33375,,,-23.653044,-46.637222,,,,2,2023-06-20T05:27:13+00:00
SAO_5791-10,São Paulo,3550308,True,,33375,,,-23.688341,-46.63870525,,,,2,2023-06-20T05:27:23+00:00
SAO_5791-10,São Paulo,3550308,True,,33375,,,-23.708465,-46.627275,,,,2,2023-06-20T05:27:00+00:00
SAO_9014-10,São Paulo,3550308,True,,34193,,,-23.4739335,-46.7078185,,,,2,2023-06-20T05:27:02+00:00
SAO_9014-10,São Paulo,3550308,True,,34193,,,-23.501723,-46.68985,,,,2,2023-06-20T05:27:07+00:00
SAO_4726-10,São Paulo,3550308,True,,1680,,,-23.5409625,-46.5764615,,,,1,2023-06-20T05:27:11+00:00
SAO_4726-10,São Paulo,3550308,True,,1680,,,-23.562504,-46.578270625,,,,1,2023-06-20T05:27:09+00:00
SAO_857A-10,São Paulo,3550308,True,,1925,,,-23.6157585,-46.756756499999995,,,,1,2023-06-20T05:26:53+00:00
SAO_857A-10,São Paulo,3550308,True,,1925,,,-23.581824500000003,-46.666218625,,,,1,2023-06-20T05:27:22+00:00
SAO_857A-10,São Paulo,3550308,True,,1925,,,-23.59849425,-46.63818525,,,,1,2023-06-20T05:27:21+00:00
SAO_809A-10,São Paulo,3550308,True,,34837,,,-23.579413000000002,-46.77907275,,,,2,2023-06-20T05:27:10+00:00
SAO_7272-10,São Paulo,3550308,True,,34101,,,-23.547456,-46.6400205,,,,2,2023-06-20T05:27:21+00:00
SAO_7272-10,São Paulo,3550308,True,,34101,,,-23.519011,-46.701709,,,,2,2023-06-20T05:27:20+00:00
SAO_6012-10,São Paulo,3550308,True,,1204,,,-23.6672905,-46.727228,,,,1,2023-06-20T05:27:21+00:00
SAO_6012-10,São Paulo,3550308,True,,1204,,,-23.686436999999998,-46.7873475,,,,1,2023-06-20T05:27:13+00:00
SAO_6012-10,São Paulo,3550308,True,,1204,,,-23.685298500000002,-46.770142500000006,,,,1,2023-06-20T05:26:45+00:00
SAO_6012-10,São Paulo,3550308,True,,1204,,,-23.65192725,-46.702461,,,,1,2023-06-20T05:27:09+00:00
SAO_2435-10,São Paulo,3550308,True,,32978,,,-23.528870750000003,-46.498439,,,,2,2023-06-20T05:26:51+00:00
SAO_8003-10,São Paulo,3550308,True,,34021,,,-23.516675499999998,-46.741971,,,,2,2023-06-20T05:26:49+00:00
SAO_2011-10,São Paulo,3550308,True,,34904,,,-23.4744815,-46.570485500000004,,,,2,2023-06-20T05:27:09+00:00
SAO_2011-10,São Paulo,3550308,True,,34904,,,-23.490397,-46.5710545,,,,2,2023-06-20T05:26:46+00:00
SAO_2011-10,São Paulo,3550308,True,,34904,,,-23.5031455,-46.6236635,,,,2,2023-06-20T05:26:58+00:00
SAO_8040-10,São Paulo,3550308,True,,33174,,,-23.487648375,-46.758557749999994,,,,2,2023-06-20T05:26:46+00:00
SAO_8040-10,São Paulo,3550308,True,,33174,,,-23.436917,-46.761469500000004,,,,2,2023-06-20T05:26:54+00:00
SAO_8040-10,São Paulo,3550308,True,,33174,,,-23.5073425,-46.744002,,,,2,2023-06-20T05:27:12+00:00
SAO_675I-10,São Paulo,3550308,True,,32836,,,-23.643846500000002,-46.734212,,,,2,2023-06-20T05:27:15+00:00
SAO_675I-10,São Paulo,3550308,True,,32836,,,-23.619899,-46.647617,,,,2,2023-06-20T05:26:54+00:00
SAO_675I-10,São Paulo,3550308,True,,32836,,,-23.64531,-46.7130375,,,,2,2023-06-20T05:27:21+00:00
SAO_N132-11,São Paulo,3550308,True,,35056,,,-23.48715,-46.738116500000004,,,,2,2023-06-20T05:26:54+00:00
SAO_807A-10,São Paulo,3550308,True,,1900,,,-23.6450115,-46.763951000000006,,,,1,2023-06-20T05:27:07+00:00
SAO_6063-10,São Paulo,3550308,True,,1152,,,-23.786331,-46.6892655,,,,1,2023-06-20T05:27:17+00:00
SAO_6063-10,São Paulo,3550308,True,,1152,,,-23.783673,-46.6827105,,,,1,2023-06-20T05:27:22+00:00
SAO_6500-10,São Paulo,3550308,True,,46,,,-23.62766125,-46.68821275,,,,1,2023-06-20T05:27:17+00:00
SAO_6500-10,São Paulo,3550308,True,,46,,,-23.5560215,-46.6502465,,,,1,2023-06-20T05:27:20+00:00
SAO_6500-10,São Paulo,3550308,True,,46,,,-23.654395,-46.7121185,,,,1,2023-06-20T05:27:29+00:00
SAO_5127-10,São Paulo,3550308,True,,1127,,,-23.675379999999997,-46.68943325,,,,1,2023-06-20T05:27:23+00:00
SAO_5127-10,São Paulo,3550308,True,,1127,,,-23.7015515,-46.640887,,,,1,2023-06-20T05:26:44+00:00
SAO_5127-10,São Paulo,3550308,True,,1127,,,-23.7015515,-46.640887,,,,1,2023-06-20T05:25:10+00:00
SAO_5127-10,São Paulo,3550308,True,,1127,,,-23.7029915,-46.637594,,,,1,2023-06-20T05:27:06+00:00
SAO_5127-10,São Paulo,3550308,True,,1127,,,-23.7015515,-46.640887,,,,1,2023-06-20T05:27:29+00:00
SAO_5127-10,São Paulo,3550308,True,,1127,,,-23.7015515,-46.640887,,,,1,2023-06-20T05:26:43+00:00
SAO_5127-10,São Paulo,3550308,True,,1127,,,-23.7015515,-46.640887,,,,1,2023-06-20T05:26:50+00:00
SAO_5178-10,São Paulo,3550308,True,,33363,,,-23.579444,-46.6608585,,,,2,2023-06-20T05:27:16+00:00
SAO_5178-10,São Paulo,3550308,True,,33363,,,-23.6444445,-46.672484,,,,2,2023-06-20T05:27:17+00:00
SAO_5178-10,São Paulo,3550308,True,,33363,,,-23.679775749999997,-46.63990175,,,,2,2023-06-20T05:27:21+00:00
SAO_5178-10,São Paulo,3550308,True,,33363,,,-23.5535275,-46.6356375,,,,2,2023-06-20T05:26:50+00:00
SAO_809J-10,São Paulo,3550308,True,,34834,,,-23.601592,-46.713787499999995,,,,2,2023-06-20T05:27:00+00:00
SAO_477A-10,São Paulo,3550308,True,EMTU,346,https://moovitapp.com/index/pt-br/transporte_p%C3%BAblico-line-346-Sao_Paulo-242-2038937-36419429-0,6.3,-23.565437000000003,-46.694477,,,,1,2023-06-20T05:27:18+00:00
SAO_477A-10,São Paulo,3550308,True,EMTU,346,https://moovitapp.com/index/pt-br/transporte_p%C3%BAblico-line-346-Sao_Paulo-242-2038937-36419429-0,6.3,-23.603806499999997,-46.603359499999996,,,,1,2023-06-20T05:27:17+00:00
SAO_477A-10,São Paulo,3550308,True,EMTU,346,https://moovitapp.com/index/pt-br/transporte_p%C3%BAblico-line-346-Sao_Paulo-242-2038937-36419429-0,6.3,-23.57014975,-46.645631,,,,1,2023-06-20T05:27:29+00:00
SAO_477A-10,São Paulo,3550308,True,EMTU,346,https://moovitapp.com/index/pt-br/transporte_p%C3%BAblico-line-346-Sao_Paulo-242-2038937-36419429-0,6.3,-23.603806499999997,-46.603359499999996,,,,1,2023-06-20T05:26:54+00:00
SAO_2707-10,São Paulo,3550308,True,,919,,,-23.537626375000002,-46.455183000000005,,,,1,2023-06-20T05:25:33+00:00
SAO_2707-10,São Paulo,3550308,True,,919,,,-23.542498000000002,-46.471391499999996,,,,1,2023-06-20T05:27:19+00:00
SAO_7049-10,São Paulo,3550308,True,,34680,,,-23.7115665,-46.7780305,,,,2,2023-06-20T05:26:56+00:00
SAO_7049-10,São Paulo,3550308,True,,34680,,,-23.71138725,-46.77812725,,,,2,2023-06-20T05:26:59+00:00
SAO_7049-10,São Paulo,3550308,True,,34680,,,-23.67052675,-46.786294,,,,2,2023-06-20T05:27:19+00:00
SAO_7049-10,São Paulo,3550308,True,,34680,,,-23.710983499999998,-46.7790255,,,,2,2023-06-20T05:27:03+00:00
SAO_7049-10,São Paulo,3550308,True,,34680,,,-23.6315095,-46.772093,,,,2,2023-06-20T05:27:02+00:00
SAO_7049-10,São Paulo,3550308,True,,34680,,,-23.7108825,-46.7787665,,,,2,2023-06-20T05:26:48+00:00
SAO_7049-10,São Paulo,3550308,True,,34680,,,-23.711143749999998,-46.778219750000005,,,,2,2023-06-20T05:26:57+00:00
SAO_7049-10,São Paulo,3550308,True,,34680,,,-23.71138725,-46.77812725,,,,2,2023-06-20T05:27:24+00:00
SAO_8545-10,São Paulo,3550308,True,,34132,,,-23.466758499999997,-46.692336,,,,2,2023-06-20T05:26:45+00:00
SAO_8545-10,São Paulo,3550308,True,,34132,,,-23.52273975,-46.69019025,,,,2,2023-06-20T05:27:15+00:00
SAO_938C-10,São Paulo,3550308,True,,586,,,-23.53506275,-46.644746999999995,,,,1,2023-06-20T05:27:15+00:00
SAO_938C-10,São Paulo,3550308,True,,586,,,-23.525547500000002,-46.682438000000005,,,,1,2023-06-20T05:27:24+00:00
SAO_938C-10,São Paulo,3550308,True,,586,,,-23.481085,-46.724149,,,,1,2023-06-20T05:27:09+00:00
SAO_2522-10,São Paulo,3550308,True,,32908,,,-23.516617500000002,-46.4262835,,,,2,2023-06-20T05:27:16+00:00
SAO_2522-10,São Paulo,3550308,True,,32908,,,-23.537098,-46.4535035,,,,2,2023-06-20T05:26:51+00:00
SAO_208M-10,São Paulo,3550308,True,,2478,,,-23.5105505,-46.653246,,,,1,2023-06-20T05:26:59+00:00
SAO_208M-10,São Paulo,3550308,True,,2478,,,-23.5658305,-46.701625500000006,,,,1,2023-06-20T05:26:49+00:00
SAO_208M-10,São Paulo,3550308,True,,2478,,,-23.566066,-46.701753499999995,,,,1,2023-06-20T05:26:54+00:00
SAO_118C-10,São Paulo,3550308,True,,519,,,-23.4898135,-46.626243,,,,1,2023-06-20T05:27:04+00:00
SAO_118C-10,São Paulo,3550308,True,,519,,,-23.468704250000002,-46.65688325,,,,1,2023-06-20T05:26:53+00:00
SAO_118C-10,São Paulo,3550308,True,,519,,,-23.4566185,-46.673717499999995,,,,1,2023-06-20T05:27:12+00:00
SAO_118C-10,São Paulo,3550308,True,,519,,,-23.538756499999998,-46.6486645,,,,1,2023-06-20T05:27:09+00:00
SAO_118C-10,São Paulo,3550308,True,,519,,,-23.493661000000003,-46.626228999999995,,,,1,2023-06-20T05:24:18+00:00
SAO_3069-10,São Paulo,3550308,True,,33752,,,-23.606299749999998,-46.41697025,,,,2,2023-06-20T05:27:04+00:00
SAO_3069-10,São Paulo,3550308,True,,33752,,,-23.60662525,-46.41692075,,,,2,2023-06-20T05:26:47+00:00
SAO_3069-10,São Paulo,3550308,True,,33752,,,-23.60662525,-46.41692075,,,,2,2023-06-20T05:27:22+00:00
SAO_3069-10,São Paulo,3550308,True,,33752,,,-23.621443999999997,-46.430493,,,,2,2023-06-20T05:26:53+00:00
SAO_3069-10,São Paulo,3550308,True,,33752,,,-23.60662525,-46.41692075,,,,2,2023-06-20T05:27:04+00:00
SAO_3069-10,São Paulo,3550308,True,,33752,,,-23.60662525,-46.41692075,,,,2,2023-06-20T05:27:26+00:00
SAO_2710-31,São Paulo,3550308,True,,1654,,,-23.5163075,-46.485303,,,,1,2023-06-20T05:27:06+00:00
SAO_2290-10,São Paulo,3550308,True,,718,,,-23.531905000000002,-46.56037025,,,,1,2023-06-20T05:27:28+00:00
SAO_2290-10,São Paulo,3550308,True,,718,,,-23.5755835,-46.504388750000004,,,,1,2023-06-20T05:26:59+00:00
SAO_2290-10,São Paulo,3550308,True,,718,,,-23.5518875,-46.635358,,,,1,2023-06-20T05:27:10+00:00
SAO_2290-10,São Paulo,3550308,True,,718,,,-23.539786,-46.610667,,,,1,2023-06-20T05:27:30+00:00
SAO_2290-10,São Paulo,3550308,True,,718,,,-23.551139999999997,-46.632251499999995,,,,1,2023-06-20T05:27:18+00:00
SAO_2290-10,São Paulo,3550308,True,,718,,,-23.548732,-46.6425325,,,,1,2023-06-20T05:26:52+00:00
SAO_2290-10,São Paulo,3550308,True,,718,,,-23.54469125,-46.62556875,,,,1,2023-06-20T05:26:59+00:00
SAO_2290-10,São Paulo,3550308,True,,718,,,-23.537057,-46.5928495,,,,1,2023-06-20T05:27:15+00:00
SAO_2290-10,São Paulo,3550308,True,,718,,,-23.5580635,-46.522337500000006,,,,1,2023-06-20T05:27:17+00:00
SAO_2290-10,São Paulo,3550308,True,,718,,,-23.541055999999998,-46.6388025,,,,1,2023-06-20T05:27:30+00:00
SAO_2290-10,São Paulo,3550308,True,,718,,,-23.570087,-46.50773112499999,,,,1,2023-06-20T05:27:30+00:00
SAO_2290-10,São Paulo,3550308,True,,718,,,-23.5465215,-46.630083,,,,1,2023-06-20T05:27:14+00:00
SAO_2290-10,São Paulo,3550308,True,,718,,,-23.542620499999998,-46.5481845,,,,1,2023-06-20T05:27:03+00:00
SAO_2290-10,São Paulo,3550308,True,,718,,,-23.590457375000003,-46.48960674999999,,,,1,2023-06-20T05:27:19+00:00
SAO_2290-10,São Paulo,3550308,True,,718,,,-23.597877875,-46.486518000000004,,,,1,2023-06-20T05:26:57+00:00
SAO_4035-10,São Paulo,3550308,True,,35328,,,-23.558149,-46.399587499999996,,,,2,2023-06-20T05:27:22+00:00
SAO_4035-10,São Paulo,3550308,True,,35328,,,-23.558706,-46.3995355,,,,2,2023-06-20T05:27:23+00:00
SAO_8012-10,São Paulo,3550308,True,,2023,,,-23.571716,-46.709317999999996,,,,1,2023-06-20T05:27:24+00:00
SAO_8012-10,São Paulo,3550308,True,,2023,,,-23.568141,-46.7400545,,,,1,2023-06-20T05:27:20+00:00
SAO_8012-10,São Paulo,3550308,True,,2023,,,-23.565404,-46.711969499999995,,,,1,2023-06-20T05:27:01+00:00
SAO_8012-10,São Paulo,3550308,True,,2023,,,-23.5683355,-46.7398505,,,,1,2023-06-20T05:27:00+00:00
SAO_8700-10,São Paulo,3550308,True,,34645,,,-23.6309525,-46.773810499999996,,,,2,2023-06-20T05:26:50+00:00
SAO_8700-10,São Paulo,3550308,True,,34645,,,-23.567417749999997,-46.684039,,,,2,2023-06-20T05:27:28+00:00
SAO_8700-10,São Paulo,3550308,True,,34645,,,-23.609004,-46.751954250000004,,,,2,2023-06-20T05:27:31+00:00
SAO_8700-10,São Paulo,3550308,True,,34645,,,-23.5868335,-46.725097500000004,,,,2,2023-06-20T05:27:14+00:00
SAO_4716-10,São Paulo,3550308,True,,33874,,,-23.6083015,-46.619910000000004,,,,2,2023-06-20T05:27:27+00:00
SAO_4716-10,São Paulo,3550308,True,,33874,,,-23.601309,-46.602029875,,,,2,2023-06-20T05:26:56+00:00
SAO_4716-10,São Paulo,3550308,True,,33874,,,-23.599436,-46.6383915,,,,2,2023-06-20T05:27:24+00:00
SAO_354M-10,São Paulo,3550308,True,,34387,,,-23.501222499999997,-46.44985,,,,2,2023-06-20T05:27:02+00:00
SAO_354M-10,São Paulo,3550308,True,,34387,,,-23.495147000000003,-46.4347765,,,,2,2023-06-20T05:27:05+00:00
SAO_354M-10,São Paulo,3550308,True,,34387,,,-23.491775,-46.434236999999996,,,,2,2023-06-20T05:27:05+00:00
SAO_6412-10,São Paulo,3550308,True,,770,,,-23.617671,-46.7210095,,,,1,2023-06-20T05:26:53+00:00
SAO_6412-10,São Paulo,3550308,True,,770,,,-23.59107125,-46.672537500000004,,,,1,2023-06-20T05:27:09+00:00
SAO_5018-10,São Paulo,3550308,True,,1492,,,-23.648597,-46.6415825,,,,1,2023-06-20T05:27:14+00:00
SAO_5018-10,São Paulo,3550308,True,,1492,,,-23.6483995,-46.641465,,,,1,2023-06-20T05:26:47+00:00
SAO_5018-10,São Paulo,3550308,True,,1492,,,-23.6887665,-46.6485045,,,,1,2023-06-20T05:25:22+00:00
SAO_106A-10,São Paulo,3550308,True,,33284,,,-23.589232000000003,-46.688066,,,,2,2023-06-20T05:27:20+00:00
SAO_106A-10,São Paulo,3550308,True,,33284,,,-23.502871,-46.624226,,,,2,2023-06-20T05:26:52+00:00
SAO_106A-10,São Paulo,3550308,True,,33284,,,-23.502099,-46.62419250000001,,,,2,2023-06-20T05:26:56+00:00
SAO_106A-10,São Paulo,3550308,True,,33284,,,-23.57027475,-46.66202125,,,,2,2023-06-20T05:27:30+00:00
SAO_106A-10,São Paulo,3550308,True,,33284,,,-23.580373875,-46.677000625000005,,,,2,2023-06-20T05:26:46+00:00
SAO_106A-10,São Paulo,3550308,True,,33284,,,-23.522062,-46.630351000000005,,,,2,2023-06-20T05:27:20+00:00
SAO_106A-10,São Paulo,3550308,True,,33284,,,-23.5025625,-46.624213,,,,2,2023-06-20T05:27:11+00:00
SAO_6056-10,São Paulo,3550308,True,,33915,,,-23.756410000000002,-46.709344,,,,2,2023-06-20T05:27:12+00:00
SAO_6056-10,São Paulo,3550308,True,,33915,,,-23.7377555,-46.6976535,,,,2,2023-06-20T05:26:53+00:00
SAO_4031-10,São Paulo,3550308,True,,1101,,,-23.5910905,-46.5889385,,,,1,2023-06-20T05:27:02+00:00
SAO_4031-10,São Paulo,3550308,True,,1101,,,-23.584208,-46.5860395,,,,1,2023-06-20T05:27:13+00:00
SAO_5029-10,São Paulo,3550308,True,,34440,,,-23.628492,-46.5859155,,,,2,2023-06-20T05:27:24+00:00
SAO_5029-10,São Paulo,3550308,True,,34440,,,-23.622851375,-46.591449749999995,,,,2,2023-06-20T05:26:54+00:00
SAO_875A-10,São Paulo,3550308,True,,33377,,,-23.5660375,-46.65107437500001,,,,2,2023-06-20T05:27:11+00:00
SAO_875A-10,São Paulo,3550308,True,,33377,,,-23.643264000000002,-46.6624235,,,,2,2023-06-20T05:27:14+00:00
SAO_875A-10,São Paulo,3550308,True,,33377,,,-23.58850975,-46.6346725,,,,2,2023-06-20T05:27:22+00:00
SAO_875A-10,São Paulo,3550308,True,,33377,,,-23.540064,-46.6477535,,,,2,2023-06-20T05:27:24+00:00
SAO_8615-10,São Paulo,3550308,True,,1339,,,-23.54337975,-46.643962,,,,1,2023-06-20T05:27:12+00:00
SAO_8615-10,São Paulo,3550308,True,,1339,,,-23.5249595,-46.7201115,,,,1,2023-06-20T05:27:14+00:00
SAO_8615-10,São Paulo,3550308,True,,1339,,,-23.53212425,-46.729811749999996,,,,1,2023-06-20T05:27:05+00:00
SAO_8615-10,São Paulo,3550308,True,,1339,,,-23.5458935,-46.631106,,,,1,2023-06-20T05:27:04+00:00
SAO_4027-10,São Paulo,3550308,True,,33865,,,-23.6227205,-46.449132500000005,,,,2,2023-06-20T05:27:14+00:00
SAO_4027-10,São Paulo,3550308,True,,33865,,,-23.62320825,-46.446789249999995,,,,2,2023-06-20T05:27:09+00:00
SAO_4221-10,São Paulo,3550308,True,,325,,,-23.596218,-46.571552749999995,,,,1,2023-06-20T05:27:22+00:00
SAO_4221-10,São Paulo,3550308,True,,325,,,-23.5460165,-46.6301705,,,,1,2023-06-20T05:27:12+00:00
SAO_4221-10,São Paulo,3550308,True,,325,,,-23.604201,-46.5248175,,,,1,2023-06-20T05:27:05+00:00
SAO_208V-10,São Paulo,3550308,True,Rápido Campinas,207,https://moovitapp.com/index/pt-br/transporte_p%C3%BAblico-line-207-Sao_Paulo-242-858660-638984-0,5.3,-23.547219,-46.6295935,,,,1,2023-06-20T05:26:53+00:00
SAO_208V-10,São Paulo,3550308,True,Rápido Campinas,207,https://moovitapp.com/index/pt-br/transporte_p%C3%BAblico-line-207-Sao_Paulo-242-858660-638984-0,5.3,-23.513073499999997,-46.501341,,,,1,2023-06-20T05:27:16+00:00
SAO_208V-10,São Paulo,3550308,True,Rápido Campinas,207,https://moovitapp.com/index/pt-br/transporte_p%C3%BAblico-line-207-Sao_Paulo-242-858660-638984-0,5.3,-23.517753,-46.475941500000005,,,,1,2023-06-20T05:26:51+00:00
SAO_208V-10,São Paulo,3550308,True,Rápido Campinas,207,https://moovitapp.com/index/pt-br/transporte_p%C3%BAblico-line-207-Sao_Paulo-242-858660-638984-0,5.3,-23.517753,-46.475941500000005,,,,1,2023-06-20T05:26:55+00:00
SAO_208V-10,São Paulo,3550308,True,Rápido Campinas,207,https://moovitapp.com/index/pt-br/transporte_p%C3%BAblico-line-207-Sao_Paulo-242-858660-638984-0,5.3,-23.5400405,-46.611587,,,,1,2023-06-20T05:27:29+00:00
SAO_208V-10,São Paulo,3550308,True,Rápido Campinas,207,https://moovitapp.com/index/pt-br/transporte_p%C3%BAblico-line-207-Sao_Paulo-242-858660-638984-0,5.3,-23.517753,-46.475941500000005,,,,1,2023-06-20T05:26:54+00:00
SAO_208V-10,São Paulo,3550308,True,Rápido Campinas,207,https://moovitapp.com/index/pt-br/transporte_p%C3%BAblico-line-207-Sao_Paulo-242-858660-638984-0,5.3,-23.5465215,-46.630083,,,,1,2023-06-20T05:27:09+00:00
SAO_208V-10,São Paulo,3550308,True,Rápido Campinas,207,https://moovitapp.com/index/pt-br/transporte_p%C3%BAblico-line-207-Sao_Paulo-242-858660-638984-0,5.3,-23.52175225,-46.547822999999994,,,,1,2023-06-20T05:27:13+00:00
SAO_208V-10,São Paulo,3550308,True,Rápido Campinas,207,https://moovitapp.com/index/pt-br/transporte_p%C3%BAblico-line-207-Sao_Paulo-242-858660-638984-0,5.3,-23.517753,-46.475941500000005,,,,1,2023-06-20T05:27:19+00:00
SAO_208V-10,São Paulo,3550308,True,Rápido Campinas,207,https://moovitapp.com/index/pt-br/transporte_p%C3%BAblico-line-207-Sao_Paulo-242-858660-638984-0,5.3,-23.517753,-46.475941500000005,,,,1,2023-06-20T05:27:15+00:00
SAO_2076-10,São Paulo,3550308,True,,33136,,,-23.52209325,-46.550458000000006,,,,2,2023-06-20T05:27:21+00:00
SAO_2076-10,São Paulo,3550308,True,,33136,,,-23.494272,-46.422543875,,,,2,2023-06-20T05:27:19+00:00
SAO_2076-10,São Paulo,3550308,True,,33136,,,-23.494272,-46.422543875,,,,2,2023-06-20T05:27:07+00:00
SAO_5105-10,São Paulo,3550308,True,,34419,,,-23.602994000000002,-46.602816000000004,,,,2,2023-06-20T05:27:23+00:00
SAO_5105-10,São Paulo,3550308,True,,34419,,,-23.603226749999997,-46.60239175,,,,2,2023-06-20T05:27:10+00:00
SAO_5105-10,São Paulo,3550308,True,,34419,,,-23.567825499999998,-46.60926375,,,,2,2023-06-20T05:27:11+00:00
SAO_975A-10,São Paulo,3550308,True,,33357,,,-23.50375825,-46.675058,,,,2,2023-06-20T05:26:32+00:00
SAO_975A-10,São Paulo,3550308,True,,33357,,,-23.5675121875,-46.649083437499996,,,,2,2023-06-20T05:27:08+00:00
SAO_975A-10,São Paulo,3550308,True,,33357,,,-23.4688585,-46.6960245,,,,2,2023-06-20T05:26:48+00:00
SAO_975A-10,São Paulo,3550308,True,,33357,,,-23.468571,-46.6963775,,,,2,2023-06-20T05:27:09+00:00
SAO_975A-10,São Paulo,3550308,True,,33357,,,-23.536048,-46.6669105,,,,2,2023-06-20T05:26:52+00:00
SAO_3098-10,São Paulo,3550308,True,,33846,,,-23.63146325,-46.456264,,,,2,2023-06-20T05:27:21+00:00
SAO_3098-10,São Paulo,3550308,True,,33846,,,-23.63146325,-46.456264,,,,2,2023-06-20T05:27:24+00:00
SAO_3098-10,São Paulo,3550308,True,,33846,,,-23.624953,-46.463969500000005,,,,2,2023-06-20T05:27:06+00:00
SAO_3098-10,São Paulo,3550308,True,,33846,,,-23.585241375,-46.49161,,,,2,2023-06-20T05:27:30+00:00
SAO_3751-10,São Paulo,3550308,True,,1047,,,-23.550579625,-46.4460823125,,,,1,2023-06-20T05:27:22+00:00
SAO_3751-10,São Paulo,3550308,True,,1047,,,-23.569356,-46.4108985,,,,1,2023-06-20T05:26:48+00:00
SAO_3751-10,São Paulo,3550308,True,,1047,,,-23.5654685,-46.415849,,,,1,2023-06-20T05:27:25+00:00
SAO_3751-10,São Paulo,3550308,True,,1047,,,-23.569356,-46.4108985,,,,1,2023-06-20T05:27:05+00:00
SAO_3751-10,São Paulo,3550308,True,,1047,,,-23.542243,-46.4699735,,,,1,2023-06-20T05:27:06+00:00
SAO_3751-10,São Paulo,3550308,True,,1047,,,-23.569356,-46.4108985,,,,1,2023-06-20T05:27:26+00:00
SAO_5031-10,São Paulo,3550308,True,,34514,,,-23.636886500000003,-46.591195,,,,2,2023-06-20T05:27:12+00:00
SAO_5031-10,São Paulo,3550308,True,,34514,,,-23.6195765,-46.59233975,,,,2,2023-06-20T05:27:12+00:00
SAO_5031-10,São Paulo,3550308,True,,34514,,,-23.6295565,-46.588564000000005,,,,2,2023-06-20T05:26:47+00:00
SAO_5031-10,São Paulo,3550308,True,,34514,,,-23.634535,-46.591443,,,,2,2023-06-20T05:27:24+00:00
SAO_5031-10,São Paulo,3550308,True,,34514,,,-23.602473,-46.603044499999996,,,,2,2023-06-20T05:27:01+00:00
SAO_6835-31,São Paulo,3550308,True,,34175,,,-23.6884105,-46.800267500000004,,,,2,2023-06-20T05:27:06+00:00
SAO_6835-31,São Paulo,3550308,True,,34175,,,-23.689728000000002,-46.795007,,,,2,2023-06-20T05:26:52+00:00
SAO_8215-10,São Paulo,3550308,True,,574,,,-23.503732,-46.675767500000006,,,,1,2023-06-20T05:27:18+00:00
SAO_8215-10,São Paulo,3550308,True,,574,,,-23.461478,-46.7084365,,,,1,2023-06-20T05:26:49+00:00
SAO_8215-10,São Paulo,3550308,True,,574,,,-23.468434000000002,-46.6974085,,,,1,2023-06-20T05:27:16+00:00
SAO_8215-10,São Paulo,3550308,True,,574,,,-23.53897525,-46.645875000000004,,,,1,2023-06-20T05:27:26+00:00
SAO_8013-10,São Paulo,3550308,True,,800,,,-23.431413,-46.7872125,,,,1,2023-06-20T05:27:07+00:00
SAO_8013-10,São Paulo,3550308,True,,800,,,-23.52012975,-46.704125875,,,,1,2023-06-20T05:27:26+00:00
SAO_8013-10,São Paulo,3550308,True,,800,,,-23.494515,-46.763217,,,,1,2023-06-20T05:26:47+00:00
SAO_2551-10,São Paulo,3550308,True,,32909,,,-23.546832000000002,-46.6301665,,,,2,2023-06-20T05:27:12+00:00
SAO_2551-10,São Paulo,3550308,True,,32909,,,-23.4931965,-46.506536,,,,2,2023-06-20T05:27:25+00:00
SAO_2551-10,São Paulo,3550308,True,,32909,,,-23.535222124999997,-46.58254475,,,,2,2023-06-20T05:27:21+00:00
SAO_2551-10,São Paulo,3550308,True,,32909,,,-23.49693225,-46.51535325,,,,2,2023-06-20T05:26:56+00:00
SAO_2551-10,São Paulo,3550308,True,,32909,,,-23.546832000000002,-46.6301665,,,,2,2023-06-20T05:26:54+00:00
SAO_N603-11,São Paulo,3550308,True,,2394,,,-23.5658305,-46.701625500000006,,,,1,2023-06-20T05:27:11+00:00
SAO_N603-11,São Paulo,3550308,True,,2394,,,-23.647087499999998,-46.63931,,,,1,2023-06-20T05:26:50+00:00
SAO_971R-42,São Paulo,3550308,True,,616,,,-23.501332,-46.624855,,,,1,2023-06-20T05:27:19+00:00
SAO_971R-42,São Paulo,3550308,True,,616,,,-23.4604925,-46.68437,,,,1,2023-06-20T05:27:17+00:00
SAO_2718-10,São Paulo,3550308,True,,33699,,,-23.51900775,-46.54769400000001,,,,2,2023-06-20T05:27:12+00:00
SAO_2718-10,São Paulo,3550308,True,,33699,,,-23.49513825,-46.508416,,,,2,2023-06-20T05:27:06+00:00
SAO_2718-10,São Paulo,3550308,True,,33699,,,-23.4930925,-46.49988925,,,,2,2023-06-20T05:27:14+00:00
SAO_1744-10,São Paulo,3550308,True,,33312,,,-23.472376,-46.64149449999999,,,,2,2023-06-20T05:27:24+00:00
SAO_1744-10,São Paulo,3550308,True,,33312,,,-23.471511,-46.64548,,,,2,2023-06-20T05:27:16+00:00
SAO_407P-10,São Paulo,3550308,True,,2200,,,-23.530376,-46.518435,,,,1,2023-06-20T05:27:07+00:00
SAO_407P-10,São Paulo,3550308,True,,2200,,,-23.52767,-46.43170175,,,,1,2023-06-20T05:27:21+00:00
SAO_8549-10,São Paulo,3550308,True,EMTU,580,https://moovitapp.com/index/pt-br/transporte_p%C3%BAblico-line-580-Sao_Paulo-242-2038937-36419570-0,7.55,-23.499759625,-46.694366875,,,,1,2023-06-20T05:27:22+00:00
SAO_8549-10,São Paulo,3550308,True,EMTU,580,https://moovitapp.com/index/pt-br/transporte_p%C3%BAblico-line-580-Sao_Paulo-242-2038937-36419570-0,7.55,-23.436121,-46.7174615,,,,1,2023-06-20T05:27:13+00:00
SAO_8549-10,São Paulo,3550308,True,EMTU,580,https://moovitapp.com/index/pt-br/transporte_p%C3%BAblico-line-580-Sao_Paulo-242-2038937-36419570-0,7.55,-23.5316625,-46.66445225,,,,1,2023-06-20T05:27:23+00:00
SAO_8549-10,São Paulo,3550308,True,EMTU,580,https://moovitapp.com/index/pt-br/transporte_p%C3%BAblico-line-580-Sao_Paulo-242-2038937-36419570-0,7.55,-23.542839999999998,-46.6362885,,,,1,2023-06-20T05:27:00+00:00
SAO_8549-10,São Paulo,3550308,True,EMTU,580,https://moovitapp.com/index/pt-br/transporte_p%C3%BAblico-line-580-Sao_Paulo-242-2038937-36419570-0,7.55,-23.436121,-46.7174615,,,,1,2023-06-20T05:26:50+00:00
SAO_2762-10,São Paulo,3550308,True,,32912,,,-23.53574375,-46.5730255,,,,2,2023-06-20T05:27:06+00:00
SAO_2762-10,São Paulo,3550308,True,,32912,,,-23.49679675,-46.51499975,,,,2,2023-06-20T05:27:07+00:00
SAO_2762-10,São Paulo,3550308,True,,32912,,,-23.486390874999998,-46.477108375,,,,2,2023-06-20T05:27:02+00:00
SAO_477P-10,São Paulo,3550308,True,EMTU,348,https://moovitapp.com/index/pt-br/transporte_p%C3%BAblico-line-348-Sao_Paulo-242-2038937-36419431-0,5.1,-23.5819665,-46.683908,,,,1,2023-06-20T05:27:11+00:00
SAO_477P-10,São Paulo,3550308,True,EMTU,348,https://moovitapp.com/index/pt-br/transporte_p%C3%BAblico-line-348-Sao_Paulo-242-2038937-36419431-0,5.1,-23.62791825,-46.644288,,,,1,2023-06-20T05:27:13+00:00
SAO_8019-10,São Paulo,3550308,True,,34839,,,-23.572149500000002,-46.7223695,,,,2,2023-06-20T05:26:54+00:00
SAO_3539-10,São Paulo,3550308,True,,748,,,-23.54615475,-46.605053749999996,,,,1,2023-06-20T05:27:27+00:00
SAO_3539-10,São Paulo,3550308,True,,748,,,-23.5727255,-46.445909,,,,1,2023-06-20T05:27:09+00:00
SAO_3539-10,São Paulo,3550308,True,,748,,,-23.531129,-46.5200995,,,,1,2023-06-20T05:26:58+00:00
SAO_3539-10,São Paulo,3550308,True,,748,,,-23.599507000000003,-46.4015285,,,,1,2023-06-20T05:26:50+00:00
SAO_702C-10,São Paulo,3550308,True,,33253,,,-23.572222,-46.700846999999996,,,,2,2023-06-20T05:27:11+00:00
SAO_702C-10,São Paulo,3550308,True,,33253,,,-23.542074,-46.627536,,,,2,2023-06-20T05:27:20+00:00
SAO_702C-10,São Paulo,3550308,True,,33253,,,-23.5777805,-46.725455499999995,,,,2,2023-06-20T05:26:58+00:00
SAO_6414-10,São Paulo,3550308,True,EMTU,360,https://moovitapp.com/index/pt-br/transporte_p%C3%BAblico-line-360-Sao_Paulo-242-2038937-36419441-0,5.2,-23.585545000000003,-46.670801999999995,,,,1,2023-06-20T05:27:30+00:00
SAO_6414-10,São Paulo,3550308,True,EMTU,360,https://moovitapp.com/index/pt-br/transporte_p%C3%BAblico-line-360-Sao_Paulo-242-2038937-36419441-0,5.2,-23.628152749999998,-46.685583,,,,1,2023-06-20T05:27:30+00:00
SAO_9785-10,São Paulo,3550308,True,,33596,,,-23.456933,-46.69915625,,,,2,2023-06-20T05:27:27+00:00
SAO_9785-10,São Paulo,3550308,True,,33596,,,-23.521233000000002,-46.667286000000004,,,,2,2023-06-20T05:27:13+00:00
SAO_9785-10,São Paulo,3550308,True,,33596,,,-23.491861999999998,-46.690180999999995,,,,2,2023-06-20T05:27:20+00:00
SAO_273X-10,São Paulo,3550308,True,,33160,,,-23.497997624999996,-46.376735124999996,,,,2,2023-06-20T05:27:18+00:00
SAO_273X-10,São Paulo,3550308,True,,33160,,,-23.498168999999997,-46.376669500000006,,,,2,2023-06-20T05:27:21+00:00
SAO_273X-10,São Paulo,3550308,True,,33160,,,-23.4931555,-46.37898224999999,,,,2,2023-06-20T05:27:19+00:00
SAO_273X-10,São Paulo,3550308,True,,33160,,,-23.494407,-46.4240445,,,,2,2023-06-20T05:27:21+00:00
SAO_273X-10,São Paulo,3550308,True,,33160,,,-23.5396435,-46.483474,,,,2,2023-06-20T05:27:30+00:00
SAO_273X-10,São Paulo,3550308,True,,33160,,,-23.498168999999997,-46.376669500000006,,,,2,2023-06-20T05:27:11+00:00
SAO_273X-10,São Paulo,3550308,True,,33160,,,-23.5004685,-46.3928855,,,,2,2023-06-20T05:27:26+00:00
SAO_9500-10,São Paulo,3550308,True,EMTU,461,https://moovitapp.com/index/pt-br/transporte_p%C3%BAblico-line-461-Sao_Paulo-242-2038937-36419501-0,5.1,-23.49777275,-46.67607575,,,,1,2023-06-20T05:27:26+00:00
SAO_9500-10,São Paulo,3550308,True,EMTU,461,https://moovitapp.com/index/pt-br/transporte_p%C3%BAblico-line-461-Sao_Paulo-242-2038937-36419501-0,5.1,-23.537076999999996,-46.642129749999995,,,,1,2023-06-20T05:27:18+00:00
SAO_9500-10,São Paulo,3550308,True,EMTU,461,https://moovitapp.com/index/pt-br/transporte_p%C3%BAblico-line-461-Sao_Paulo-242-2038937-36419501-0,5.1,-23.5428845,-46.636273,,,,1,2023-06-20T05:27:12+00:00
SAO_9500-10,São Paulo,3550308,True,EMTU,461,https://moovitapp.com/index/pt-br/transporte_p%C3%BAblico-line-461-Sao_Paulo-242-2038937-36419501-0,5.1,-23.474427,-46.669637,,,,1,2023-06-20T05:25:09+00:00
SAO_273R-10,São Paulo,3550308,True,EMTU,226,https://moovitapp.com/index/pt-br/transporte_p%C3%BAblico-line-226-Sao_Paulo-242-2038937-36419343-0,5.05,-23.503292000000002,-46.429359500000004,,,,1,2023-06-20T05:27:01+00:00
SAO_273R-10,São Paulo,3550308,True,EMTU,226,https://moovitapp.com/index/pt-br/transporte_p%C3%BAblico-line-226-Sao_Paulo-242-2038937-36419343-0,5.05,-23.539928500000002,-46.482043874999995,,,,1,2023-06-20T05:27:17+00:00
SAO_273R-10,São Paulo,3550308,True,EMTU,226,https://moovitapp.com/index/pt-br/transporte_p%C3%BAblico-line-226-Sao_Paulo-242-2038937-36419343-0,5.05,-23.52475475,-46.47498425,,,,1,2023-06-20T05:27:02+00:00
SAO_273R-10,São Paulo,3550308,True,EMTU,226,https://moovitapp.com/index/pt-br/transporte_p%C3%BAblico-line-226-Sao_Paulo-242-2038937-36419343-0,5.05,-23.523676000000002,-46.4751765,,,,1,2023-06-20T05:26:58+00:00
SAO_513C-31,São Paulo,3550308,True,,2536,,,-23.572481249999996,-46.45841525,,,,1,2023-06-20T05:26:46+00:00
SAO_513C-31,São Paulo,3550308,True,,2536,,,-23.6068155,-46.563219000000004,,,,1,2023-06-20T05:26:58+00:00
SAO_8700-10,São Paulo,3550308,True,,1877,,,-23.5605665,-46.671968,,,,1,2023-06-20T05:27:29+00:00
SAO_8700-10,São Paulo,3550308,True,,1877,,,-23.6150565,-46.7561945,,,,1,2023-06-20T05:27:01+00:00
SAO_8700-10,São Paulo,3550308,True,,1877,,,-23.630915,-46.772762,,,,1,2023-06-20T05:27:13+00:00
SAO_8700-10,São Paulo,3550308,True,,1877,,,-23.62714275,-46.766670250000004,,,,1,2023-06-20T05:26:54+00:00
SAO_8700-10,São Paulo,3550308,True,,1877,,,-23.6305435,-46.773462499999994,,,,1,2023-06-20T05:26:55+00:00
SAO_8001-10,São Paulo,3550308,True,,34019,,,-23.5071515,-46.755673,,,,2,2023-06-20T05:27:20+00:00
SAO_8215-10,São Paulo,3550308,True,,33342,,,-23.461478,-46.7084365,,,,2,2023-06-20T05:27:14+00:00
SAO_8215-10,São Paulo,3550308,True,,33342,,,-23.5410095,-46.64273875,,,,2,2023-06-20T05:26:58+00:00
SAO_8215-10,São Paulo,3550308,True,,33342,,,-23.511441,-46.673069375,,,,2,2023-06-20T05:26:47+00:00
SAO_8215-10,São Paulo,3550308,True,,33342,,,-23.4705945,-46.692738000000006,,,,2,2023-06-20T05:26:52+00:00
SAO_407I-10,São Paulo,3550308,True,,2222,,,-23.546485,-46.605644,,,,1,2023-06-20T05:27:03+00:00
SAO_407I-10,São Paulo,3550308,True,,2222,,,-23.540302,-46.540602,,,,1,2023-06-20T05:27:28+00:00
SAO_407I-10,São Paulo,3550308,True,,2222,,,-23.542927,-46.4849125,,,,1,2023-06-20T05:26:46+00:00
SAO_407L-10,São Paulo,3550308,True,,2199,,,-23.58659675,-46.39069775,,,,1,2023-06-20T05:26:20+00:00
SAO_407L-10,São Paulo,3550308,True,,2199,,,-23.528501,-46.5159915,,,,1,2023-06-20T05:27:12+00:00
SAO_407L-10,São Paulo,3550308,True,,2199,,,-23.527172999999998,-46.515335,,,,1,2023-06-20T05:27:19+00:00
SAO_407L-10,São Paulo,3550308,True,,2199,,,-23.531321,-46.495141000000004,,,,1,2023-06-20T05:27:03+00:00
SAO_407L-10,São Paulo,3550308,True,,2199,,,-23.545553499999997,-46.411281,,,,1,2023-06-20T05:27:05+00:00
SAO_407L-10,São Paulo,3550308,True,,2199,,,-23.590169500000002,-46.3950145,,,,1,2023-06-20T05:27:27+00:00
SAO_546A-10,São Paulo,3550308,True,,1131,,,-23.654356,-46.704178,,,,1,2023-06-20T05:27:09+00:00
SAO_546A-10,São Paulo,3550308,True,,1131,,,-23.6936705,-46.674537,,,,1,2023-06-20T05:27:29+00:00
SAO_9701-10,São Paulo,3550308,True,,569,,,-23.5246975,-46.669323000000006,,,,1,2023-06-20T05:24:24+00:00
SAO_6014-10,São Paulo,3550308,True,,32956,,,-23.733828,-46.793245,,,,2,2023-06-20T05:27:28+00:00
SAO_6014-10,São Paulo,3550308,True,,32956,,,-23.6659005,-46.71467625,,,,2,2023-06-20T05:27:27+00:00
SAO_4008-10,São Paulo,3550308,True,,34950,,,-23.5676255,-46.462881499999995,,,,2,2023-06-20T05:27:01+00:00
SAO_4008-10,São Paulo,3550308,True,,34950,,,-23.5580685,-46.5228605,,,,2,2023-06-20T05:24:21+00:00
SAO_373L-10,São Paulo,3550308,True,,33795,,,-23.6224955,-46.4141075,,,,2,2023-06-20T05:26:55+00:00
SAO_373L-10,São Paulo,3550308,True,,33795,,,-23.610136750000002,-46.425970500000005,,,,2,2023-06-20T05:27:19+00:00
SAO_373L-10,São Paulo,3550308,True,,33795,,,-23.548450624999997,-46.46171825,,,,2,2023-06-20T05:26:59+00:00
SAO_3778-10,São Paulo,3550308,True,,33830,,,-23.5701655,-46.489796,,,,2,2023-06-20T05:27:18+00:00
SAO_3778-10,São Paulo,3550308,True,,33830,,,-23.538321,-46.563010000000006,,,,2,2023-06-20T05:25:00+00:00
SAO_3778-10,São Paulo,3550308,True,,33830,,,-23.575384,-46.496115,,,,2,2023-06-20T05:27:00+00:00
SAO_3778-10,São Paulo,3550308,True,,33830,,,-23.5722175,-46.50602175,,,,2,2023-06-20T05:27:06+00:00
SAO_N740-11,São Paulo,3550308,True,,35189,,,-23.690812,-46.77459,,,,2,2023-06-20T05:27:17+00:00
SAO_N843-11,São Paulo,3550308,True,,35210,,,-23.65401725,-46.76189925,,,,2,2023-06-20T05:26:54+00:00
SAO_2678-10,São Paulo,3550308,True,,33151,,,-23.54678,-46.6303665,,,,2,2023-06-20T05:27:01+00:00
SAO_2678-10,São Paulo,3550308,True,,33151,,,-23.522122,-46.53909925,,,,2,2023-06-20T05:27:07+00:00
SAO_2678-10,São Paulo,3550308,True,,33151,,,-23.500102,-46.3933295,,,,2,2023-06-20T05:27:05+00:00
SAO_2678-10,São Paulo,3550308,True,,33151,,,-23.4938845,-46.37678150000001,,,,2,2023-06-20T05:27:15+00:00
SAO_2678-10,São Paulo,3550308,True,,33151,,,-23.504894999999998,-46.473764,,,,2,2023-06-20T05:27:23+00:00
SAO_2678-10,São Paulo,3550308,True,,33151,,,-23.4968655,-46.3875005,,,,2,2023-06-20T05:27:02+00:00
SAO_2712-10,São Paulo,3550308,True,,926,,,-23.5407195,-46.482772499999996,,,,1,2023-06-20T05:27:03+00:00
SAO_2712-10,São Paulo,3550308,True,,926,,,-23.527357000000002,-46.479188,,,,1,2023-06-20T05:26:57+00:00
SAO_2712-10,São Paulo,3550308,True,,926,,,-23.5407195,-46.482772499999996,,,,1,2023-06-20T05:26:54+00:00
SAO_2712-10,São Paulo,3550308,True,,926,,,-23.539995499999996,-46.482319125,,,,1,2023-06-20T05:27:09+00:00
SAO_2712-10,São Paulo,3550308,True,,926,,,-23.5403625,-46.482903,,,,1,2023-06-20T05:26:54+00:00
SAO_2712-10,São Paulo,3550308,True,,926,,,-23.5407195,-46.482772499999996,,,,1,2023-06-20T05:26:54+00:00
SAO_1701-21,São Paulo,3550308,True,,35244,,,-23.447903750000002,-46.57596337499999,,,,2,2023-06-20T05:27:15+00:00
SAO_1701-21,São Paulo,3550308,True,,35244,,,-23.45574275,-46.582383750000005,,,,2,2023-06-20T05:27:23+00:00
SAO_3762-10,São Paulo,3550308,True,,33821,,,-23.559487750000002,-46.54761,,,,2,2023-06-20T05:27:00+00:00
SAO_3762-10,São Paulo,3550308,True,,33821,,,-23.5437345,-46.5620645,,,,2,2023-06-20T05:27:19+00:00
SAO_3762-10,São Paulo,3550308,True,,33821,,,-23.55697,-46.55099575,,,,2,2023-06-20T05:27:27+00:00
SAO_3762-10,São Paulo,3550308,True,,33821,,,-23.579872,-46.5179775,,,,2,2023-06-20T05:27:18+00:00
SAO_2021-10,São Paulo,3550308,True,,906,,,-23.541515500000003,-46.4163375,,,,1,2023-06-20T05:25:56+00:00
SAO_2021-10,São Paulo,3550308,True,,906,,,-23.5443145,-46.389241999999996,,,,1,2023-06-20T05:26:55+00:00
SAO_2021-10,São Paulo,3550308,True,,906,,,-23.541898500000002,-46.4154965,,,,1,2023-06-20T05:27:10+00:00
SAO_2021-10,São Paulo,3550308,True,,906,,,-23.5443145,-46.389241999999996,,,,1,2023-06-20T05:26:43+00:00
SAO_637P-10,São Paulo,3550308,True,,47,,,-23.6541465,-46.711351,,,,1,2023-06-20T05:27:13+00:00
SAO_637P-10,São Paulo,3550308,True,,47,,,-23.63470675,-46.693451875,,,,1,2023-06-20T05:27:06+00:00
SAO_637P-10,São Paulo,3550308,True,,47,,,-23.57759275,-46.686578499999996,,,,1,2023-06-20T05:27:24+00:00
SAO_637P-10,São Paulo,3550308,True,,47,,,-23.6541465,-46.711351,,,,1,2023-06-20T05:27:27+00:00
SAO_637P-10,São Paulo,3550308,True,,47,,,-23.6541465,-46.711351,,,,1,2023-06-20T05:27:02+00:00
SAO_637P-10,São Paulo,3550308,True,,47,,,-23.6541465,-46.711351,,,,1,2023-06-20T05:27:20+00:00
SAO_637P-10,São Paulo,3550308,True,,47,,,-23.6541835,-46.7090685,,,,1,2023-06-20T05:26:52+00:00
SAO_675N-10,São Paulo,3550308,True,EMTU,362,https://moovitapp.com/index/pt-br/transporte_p%C3%BAblico-line-362-Sao_Paulo-242-2038937-36419443-0,6.25,-23.645694749999997,-46.714070500000005,,,,1,2023-06-20T05:27:01+00:00
SAO_675N-10,São Paulo,3550308,True,EMTU,362,https://moovitapp.com/index/pt-br/transporte_p%C3%BAblico-line-362-Sao_Paulo-242-2038937-36419443-0,6.25,-23.581556499999998,-46.64112299999999,,,,1,2023-06-20T05:27:02+00:00
SAO_3785-10,São Paulo,3550308,True,,33831,,,-23.56210475,-46.4461535,,,,2,2023-06-20T05:27:06+00:00
SAO_3785-10,São Paulo,3550308,True,,33831,,,-23.583754,-46.4150015,,,,2,2023-06-20T05:26:50+00:00
SAO_5757-51,São Paulo,3550308,True,,1976,,,-23.70693,-46.6414515,,,,1,2023-06-20T05:27:26+00:00
SAO_5757-51,São Paulo,3550308,True,,1976,,,-23.6824265,-46.636086,,,,1,2023-06-20T05:27:22+00:00
SAO_5757-51,São Paulo,3550308,True,,1976,,,-23.7079895,-46.641386499999996,,,,1,2023-06-20T05:26:55+00:00
SAO_5757-51,São Paulo,3550308,True,,1976,,,-23.7079895,-46.641386499999996,,,,1,2023-06-20T05:27:02+00:00
SAO_5757-51,São Paulo,3550308,True,,1976,,,-23.640235625,-46.6432825,,,,1,2023-06-20T05:27:17+00:00
SAO_5759-31,São Paulo,3550308,True,,33907,,,-23.6947445,-46.64808025,,,,2,2023-06-20T05:27:24+00:00
SAO_5759-31,São Paulo,3550308,True,,33907,,,-23.67556725,-46.651849,,,,2,2023-06-20T05:27:21+00:00
SAO_6053-10,São Paulo,3550308,True,,33913,,,-23.768563999999998,-46.661648,,,,2,2023-06-20T05:27:29+00:00
SAO_4716-10,São Paulo,3550308,True,,1106,,,-23.599655375,-46.635678125,,,,1,2023-06-20T05:26:47+00:00
SAO_4716-10,São Paulo,3550308,True,,1106,,,-23.6197985,-46.616107,,,,1,2023-06-20T05:26:55+00:00
SAO_3008-10,São Paulo,3550308,True,,2515,,,-23.522628,-46.396638,,,,1,2023-06-20T05:27:12+00:00
SAO_3008-10,São Paulo,3550308,True,,2515,,,-23.5240525,-46.396012,,,,1,2023-06-20T05:26:36+00:00
SAO_3008-10,São Paulo,3550308,True,,2515,,,-23.517691499999998,-46.3958005,,,,1,2023-06-20T05:27:22+00:00
SAO_517J-10,São Paulo,3550308,True,,33897,,,-23.667184499999998,-46.674644,,,,2,2023-06-20T05:26:48+00:00
SAO_517J-10,São Paulo,3550308,True,,33897,,,-23.694588,-46.654602499999996,,,,2,2023-06-20T05:25:06+00:00
SAO_517J-10,São Paulo,3550308,True,,33897,,,-23.6214105,-46.6982005,,,,2,2023-06-20T05:27:16+00:00
SAO_7004-10,São Paulo,3550308,True,,34760,,,-23.74156775,-46.8004435,,,,2,2023-06-20T05:27:29+00:00
SAO_7004-10,São Paulo,3550308,True,,34760,,,-23.741766,-46.8007565,,,,2,2023-06-20T05:27:15+00:00
SAO_7004-10,São Paulo,3550308,True,,34760,,,-23.735857,-46.78859,,,,2,2023-06-20T05:27:20+00:00
SAO_7004-10,São Paulo,3550308,True,,34760,,,-23.7317975,-46.7861475,,,,2,2023-06-20T05:26:59+00:00
SAO_7004-10,São Paulo,3550308,True,,34760,,,-23.731146000000003,-46.785866999999996,,,,2,2023-06-20T05:26:55+00:00
SAO_7004-10,São Paulo,3550308,True,,34760,,,-23.688845375,-46.77301675,,,,2,2023-06-20T05:27:23+00:00
SAO_7004-10,São Paulo,3550308,True,,34760,,,-23.737433125000003,-46.789553625,,,,2,2023-06-20T05:26:56+00:00
SAO_3762-10,São Paulo,3550308,True,,1053,,,-23.543278,-46.565213,,,,1,2023-06-20T05:27:20+00:00
SAO_3762-10,São Paulo,3550308,True,,1053,,,-23.5792925,-46.5177705,,,,1,2023-06-20T05:27:13+00:00
SAO_3762-10,São Paulo,3550308,True,,1053,,,-23.58799825,-46.5163195,,,,1,2023-06-20T05:27:09+00:00
SAO_2175-10,São Paulo,3550308,True,,33465,,,-23.513438750000002,-46.58576475,,,,2,2023-06-20T05:27:25+00:00
SAO_2100-10,São Paulo,3550308,True,STT,713,https://moovitapp.com/index/pt-br/transporte_p%C3%BAblico-line-713-Sao_Paulo-242-850661-183342-0,5.3,-23.5587215,-46.522659000000004,,,,1,2023-06-20T05:26:56+00:00
SAO_2100-10,São Paulo,3550308,True,STT,713,https://moovitapp.com/index/pt-br/transporte_p%C3%BAblico-line-713-Sao_Paulo-242-850661-183342-0,5.3,-23.55783425,-46.58922675,,,,1,2023-06-20T05:27:14+00:00
SAO_2100-10,São Paulo,3550308,True,STT,713,https://moovitapp.com/index/pt-br/transporte_p%C3%BAblico-line-713-Sao_Paulo-242-850661-183342-0,5.3,-23.5481465,-46.6270665,,,,1,2023-06-20T05:27:21+00:00
SAO_2100-10,São Paulo,3550308,True,STT,713,https://moovitapp.com/index/pt-br/transporte_p%C3%BAblico-line-713-Sao_Paulo-242-850661-183342-0,5.3,-23.5686495,-46.5278115,,,,1,2023-06-20T05:27:26+00:00
SAO_2100-10,São Paulo,3550308,True,STT,713,https://moovitapp.com/index/pt-br/transporte_p%C3%BAblico-line-713-Sao_Paulo-242-850661-183342-0,5.3,-23.5587215,-46.522659000000004,,,,1,2023-06-20T05:27:00+00:00
SAO_7062-10,São Paulo,3550308,True,,1898,,,-23.645670000000003,-46.7712555,,,,1,2023-06-20T05:26:46+00:00
SAO_7062-10,São Paulo,3550308,True,,1898,,,-23.645773,-46.771611500000006,,,,1,2023-06-20T05:27:10+00:00
SAO_7062-10,São Paulo,3550308,True,,1898,,,-23.645670000000003,-46.7712555,,,,1,2023-06-20T05:27:09+00:00
SAO_7062-10,São Paulo,3550308,True,,1898,,,-23.644913,-46.768114,,,,1,2023-06-20T05:27:19+00:00
SAO_7055-10,São Paulo,3550308,True,,34656,,,-23.682132000000003,-46.78762225,,,,2,2023-06-20T05:27:25+00:00
SAO_7055-10,São Paulo,3550308,True,,34656,,,-23.660277999999998,-46.768888000000004,,,,2,2023-06-20T05:27:02+00:00
SAO_7055-10,São Paulo,3550308,True,,34656,,,-23.6925175,-46.7912115,,,,2,2023-06-20T05:27:00+00:00
SAO_3789-10,São Paulo,3550308,True,,33835,,,-23.596156,-46.436382,,,,2,2023-06-20T05:27:18+00:00
SAO_3789-10,São Paulo,3550308,True,,33835,,,-23.57483,-46.4558795,,,,2,2023-06-20T05:27:23+00:00
SAO_3789-10,São Paulo,3550308,True,,33835,,,-23.6061495,-46.40143499999999,,,,2,2023-06-20T05:27:16+00:00
SAO_3789-10,São Paulo,3550308,True,,33835,,,-23.611663,-46.3964115,,,,2,2023-06-20T05:26:58+00:00
SAO_5031-10,São Paulo,3550308,True,,1746,,,-23.6369285,-46.593451,,,,1,2023-06-20T05:27:18+00:00
SAO_5031-10,São Paulo,3550308,True,,1746,,,-23.6047565,-46.5993035,,,,1,2023-06-20T05:26:58+00:00
SAO_5031-10,São Paulo,3550308,True,,1746,,,-23.624238,-46.591031,,,,1,2023-06-20T05:27:02+00:00
SAO_5031-10,São Paulo,3550308,True,,1746,,,-23.60328075,-46.602380499999995,,,,1,2023-06-20T05:27:02+00:00
SAO_5031-10,São Paulo,3550308,True,,1746,,,-23.61049825,-46.59566074999999,,,,1,2023-06-20T05:26:50+00:00
SAO_5031-10,São Paulo,3550308,True,,1746,,,-23.637415,-46.592847500000005,,,,1,2023-06-20T05:27:19+00:00
SAO_6003-21,São Paulo,3550308,True,,35344,,,-23.7673435,-46.7169365,,,,2,2023-06-20T05:27:20+00:00
SAO_6007-10,São Paulo,3550308,True,,32944,,,-23.654101,-46.763310000000004,,,,2,2023-06-20T05:26:44+00:00
SAO_6007-10,São Paulo,3550308,True,,32944,,,-23.653982499999998,-46.7110365,,,,2,2023-06-20T05:27:28+00:00
SAO_6007-10,São Paulo,3550308,True,,32944,,,-23.6660265,-46.7329205,,,,2,2023-06-20T05:27:00+00:00
SAO_6007-10,São Paulo,3550308,True,,32944,,,-23.6721505,-46.749772,,,,2,2023-06-20T05:27:14+00:00
SAO_6007-10,São Paulo,3550308,True,,32944,,,-23.656809000000003,-46.761884,,,,2,2023-06-20T05:26:49+00:00
SAO_6007-10,São Paulo,3550308,True,,32944,,,-23.6541735,-46.763611,,,,2,2023-06-20T05:26:49+00:00
SAO_4288-10,São Paulo,3550308,True,,33058,,,-23.596298,-46.558651499999996,,,,2,2023-06-20T05:27:08+00:00
SAO_4288-10,São Paulo,3550308,True,,33058,,,-23.609947499999997,-46.5181695,,,,2,2023-06-20T05:27:17+00:00
SAO_4288-10,São Paulo,3550308,True,,33058,,,-23.5473685,-46.629486,,,,2,2023-06-20T05:27:13+00:00
SAO_N202-11,São Paulo,3550308,True,,2312,,,-23.565859,-46.7013775,,,,1,2023-06-20T05:26:51+00:00
SAO_N202-11,São Paulo,3550308,True,,2312,,,-23.502099,-46.62419250000001,,,,1,2023-06-20T05:27:19+00:00
SAO_7011-10,São Paulo,3550308,True,,34720,,,-23.707812,-46.7918005,,,,2,2023-06-20T05:26:52+00:00
SAO_7011-10,São Paulo,3550308,True,,34720,,,-23.699828500000002,-46.787856500000004,,,,2,2023-06-20T05:27:01+00:00
SAO_2626-10,São Paulo,3550308,True,EMTU,376,https://moovitapp.com/index/pt-br/transporte_p%C3%BAblico-line-376-Sao_Paulo-242-2038937-114744732-0,5.1,-23.541336,-46.614003499999995,,,,1,2023-06-20T05:27:13+00:00
SAO_2626-10,São Paulo,3550308,True,EMTU,376,https://moovitapp.com/index/pt-br/transporte_p%C3%BAblico-line-376-Sao_Paulo-242-2038937-114744732-0,5.1,-23.546727,-46.629723999999996,,,,1,2023-06-20T05:27:15+00:00
SAO_2626-10,São Paulo,3550308,True,EMTU,376,https://moovitapp.com/index/pt-br/transporte_p%C3%BAblico-line-376-Sao_Paulo-242-2038937-114744732-0,5.1,-23.498266,-46.4572045,,,,1,2023-06-20T05:27:04+00:00
SAO_2626-10,São Paulo,3550308,True,EMTU,376,https://moovitapp.com/index/pt-br/transporte_p%C3%BAblico-line-376-Sao_Paulo-242-2038937-114744732-0,5.1,-23.52188625,-46.405857499999996,,,,1,2023-06-20T05:27:00+00:00
SAO_6291-10,São Paulo,3550308,True,,33126,,,-23.570017,-46.662004,,,,2,2023-06-20T05:27:29+00:00
SAO_6291-10,São Paulo,3550308,True,,33126,,,-23.609701,-46.7130245,,,,2,2023-06-20T05:27:10+00:00
SAO_6291-10,São Paulo,3550308,True,,33126,,,-23.64456,-46.776529999999994,,,,2,2023-06-20T05:27:26+00:00
SAO_6291-10,São Paulo,3550308,True,,33126,,,-23.6470235,-46.7574235,,,,2,2023-06-20T05:27:23+00:00
SAO_6291-10,São Paulo,3550308,True,,33126,,,-23.550085,-46.639191999999994,,,,2,2023-06-20T05:27:00+00:00
SAO_172J-10,São Paulo,3550308,True,,33624,,,-23.5400505,-46.5773875,,,,2,2023-06-20T05:26:56+00:00
SAO_172J-10,São Paulo,3550308,True,,33624,,,-23.52170725,-46.592252625,,,,2,2023-06-20T05:26:55+00:00
SAO_172J-10,São Paulo,3550308,True,,33624,,,-23.479367500000002,-46.568922,,,,2,2023-06-20T05:26:46+00:00
SAO_172J-10,São Paulo,3550308,True,,33624,,,-23.5018965,-46.575438500000004,,,,2,2023-06-20T05:26:02+00:00
SAO_756A-10,São Paulo,3550308,True,,33561,,,-23.587162874999997,-46.7239195,,,,2,2023-06-20T05:27:25+00:00
SAO_756A-10,São Paulo,3550308,True,,33561,,,-23.598115999999997,-46.7961385,,,,2,2023-06-20T05:26:58+00:00
SAO_756A-10,São Paulo,3550308,True,,33561,,,-23.5901865,-46.768211,,,,2,2023-06-20T05:27:29+00:00
SAO_2703-10,São Paulo,3550308,True,,33683,,,-23.5313555,-46.4183815,,,,2,2023-06-20T05:26:53+00:00
SAO_2703-10,São Paulo,3550308,True,,33683,,,-23.5259815,-46.4393545,,,,2,2023-06-20T05:26:58+00:00
SAO_2703-10,São Paulo,3550308,True,,33683,,,-23.529075,-46.42023275,,,,2,2023-06-20T05:26:55+00:00
SAO_2703-10,São Paulo,3550308,True,,33683,,,-23.541828,-46.472804,,,,2,2023-06-20T05:27:30+00:00
SAO_7001-10,São Paulo,3550308,True,,34490,,,-23.7021595,-46.782621,,,,2,2023-06-20T05:26:41+00:00
SAO_7001-10,São Paulo,3550308,True,,34490,,,-23.7274155,-46.763633,,,,2,2023-06-20T05:24:44+00:00
SAO_7001-10,São Paulo,3550308,True,,34490,,,-23.6797945,-46.768844,,,,2,2023-06-20T05:27:13+00:00
SAO_9012-10,São Paulo,3550308,True,,1268,,,-23.4806905,-46.690528,,,,1,2023-06-20T05:26:48+00:00
SAO_6L04-10,São Paulo,3550308,True,,1180,,,-23.8276935,-46.72844725,,,,1,2023-06-20T05:26:59+00:00
SAO_6L04-10,São Paulo,3550308,True,,1180,,,-23.8278345,-46.7279345,,,,1,2023-06-20T05:27:11+00:00
SAO_2717-10,São Paulo,3550308,True,Urubupungá,930,https://moovitapp.com/index/pt-br/transporte_p%C3%BAblico-line-930-Sao_Paulo-242-873835-496473-0,4.6,-23.5029575,-46.510377500000004,,,,1,2023-06-20T05:26:46+00:00
SAO_2717-10,São Paulo,3550308,True,Urubupungá,930,https://moovitapp.com/index/pt-br/transporte_p%C3%BAblico-line-930-Sao_Paulo-242-873835-496473-0,4.6,-23.5131725,-46.5166255,,,,1,2023-06-20T05:26:49+00:00
SAO_6232-10,São Paulo,3550308,True,,33251,,,-23.560952874999998,-46.687199125,,,,2,2023-06-20T05:27:18+00:00
SAO_6820-10,São Paulo,3550308,True,BR7 Mobilidade,19,https://moovitapp.com/index/pt-br/transporte_p%C3%BAblico-line-19-Sao_Paulo-242-851856-516833-0,5.75,-23.66024025,-46.769326250000006,,,,1,2023-06-20T05:27:20+00:00
SAO_6820-10,São Paulo,3550308,True,BR7 Mobilidade,19,https://moovitapp.com/index/pt-br/transporte_p%C3%BAblico-line-19-Sao_Paulo-242-851856-516833-0,5.75,-23.658001499999997,-46.7897635,,,,1,2023-06-20T05:27:13+00:00
SAO_6820-10,São Paulo,3550308,True,BR7 Mobilidade,19,https://moovitapp.com/index/pt-br/transporte_p%C3%BAblico-line-19-Sao_Paulo-242-851856-516833-0,5.75,-23.658001499999997,-46.7897635,,,,1,2023-06-20T05:27:29+00:00
SAO_3763-10,São Paulo,3550308,True,,1054,,,-23.557604249999997,-46.55319575,,,,1,2023-06-20T05:27:21+00:00
SAO_3763-10,São Paulo,3550308,True,,1054,,,-23.562945,-46.53222725,,,,1,2023-06-20T05:27:05+00:00
SAO_3763-10,São Paulo,3550308,True,,1054,,,-23.5409625,-46.5764615,,,,1,2023-06-20T05:27:27+00:00
SAO_3763-10,São Paulo,3550308,True,,1054,,,-23.545575749999998,-46.57256975,,,,1,2023-06-20T05:27:12+00:00
SAO_4313-10,São Paulo,3550308,True,,34941,,,-23.589478,-46.4805125,,,,2,2023-06-20T05:27:22+00:00
SAO_4313-10,São Paulo,3550308,True,,34941,,,-23.58308,-46.408871000000005,,,,2,2023-06-20T05:27:05+00:00
SAO_4313-10,São Paulo,3550308,True,,34941,,,-23.536779250000002,-46.55710725,,,,2,2023-06-20T05:27:29+00:00
SAO_4313-10,São Paulo,3550308,True,,34941,,,-23.548124,-46.6024405,,,,2,2023-06-20T05:27:10+00:00
SAO_4313-10,São Paulo,3550308,True,,34941,,,-23.541446,-46.536075499999995,,,,2,2023-06-20T05:27:06+00:00
SAO_4313-10,São Paulo,3550308,True,,34941,,,-23.5831585,-46.407859,,,,2,2023-06-20T05:27:23+00:00
SAO_4313-10,São Paulo,3550308,True,,34941,,,-23.595014624999997,-46.428801,,,,2,2023-06-20T05:26:52+00:00
SAO_4313-10,São Paulo,3550308,True,,34941,,,-23.5950855,-46.43151725,,,,2,2023-06-20T05:27:14+00:00
SAO_4313-10,São Paulo,3550308,True,,34941,,,-23.583056749999997,-46.415069,,,,2,2023-06-20T05:27:25+00:00
SAO_4313-10,São Paulo,3550308,True,,34941,,,-23.551936,-46.6247625,,,,2,2023-06-20T05:27:27+00:00
SAO_4313-10,São Paulo,3550308,True,,34941,,,-23.5371325,-46.558893999999995,,,,2,2023-06-20T05:26:53+00:00
SAO_6262-10,São Paulo,3550308,True,,34139,,,-23.565437000000003,-46.694477,,,,2,2023-06-20T05:26:53+00:00
SAO_6262-10,São Paulo,3550308,True,,34139,,,-23.530690999999997,-46.73313575,,,,2,2023-06-20T05:27:23+00:00
SAO_6262-10,São Paulo,3550308,True,,34139,,,-23.549145000000003,-46.641251499999996,,,,2,2023-06-20T05:26:55+00:00
SAO_5022-10,São Paulo,3550308,True,,33888,,,-23.6601465,-46.6430635,,,,2,2023-06-20T05:27:18+00:00
SAO_2666-10,São Paulo,3550308,True,,33146,,,-23.523171750000003,-46.544194250000004,,,,2,2023-06-20T05:27:13+00:00
SAO_2666-10,São Paulo,3550308,True,,33146,,,-23.493734,-46.440037000000004,,,,2,2023-06-20T05:27:27+00:00
SAO_2666-10,São Paulo,3550308,True,,33146,,,-23.518412250000004,-46.391846125,,,,2,2023-06-20T05:27:10+00:00
SAO_2666-10,São Paulo,3550308,True,,33146,,,-23.51798475,-46.3882325,,,,2,2023-06-20T05:26:51+00:00
SAO_2666-10,São Paulo,3550308,True,,33146,,,-23.518412250000004,-46.391846125,,,,2,2023-06-20T05:27:27+00:00
SAO_2666-10,São Paulo,3550308,True,,33146,,,-23.51828025,-46.3879975,,,,2,2023-06-20T05:27:00+00:00
SAO_2666-10,São Paulo,3550308,True,,33146,,,-23.5185215,-46.387811,,,,2,2023-06-20T05:27:14+00:00
SAO_148L-10,São Paulo,3550308,True,,33299,,,-23.4646355,-46.6545445,,,,2,2023-06-20T05:27:24+00:00
SAO_148L-10,São Paulo,3550308,True,,33299,,,-23.520004999999998,-46.701718,,,,2,2023-06-20T05:27:09+00:00
SAO_148L-10,São Paulo,3550308,True,,33299,,,-23.482618000000002,-46.67342,,,,2,2023-06-20T05:27:25+00:00
SAO_148L-10,São Paulo,3550308,True,,33299,,,-23.464495499999998,-46.65211625,,,,2,2023-06-20T05:26:58+00:00
SAO_148L-10,São Paulo,3550308,True,,33299,,,-23.4656105,-46.6516035,,,,2,2023-06-20T05:27:11+00:00
SAO_148L-10,São Paulo,3550308,True,,33299,,,-23.454768,-46.6594415,,,,2,2023-06-20T05:27:18+00:00
SAO_148L-10,São Paulo,3550308,True,,33299,,,-23.465025999999998,-46.65187775,,,,2,2023-06-20T05:26:50+00:00
SAO_6045-10,São Paulo,3550308,True,,33990,,,-23.66952,-46.773173,,,,2,2023-06-20T05:26:46+00:00
SAO_6045-10,São Paulo,3550308,True,,33990,,,-23.694238,-46.79535625,,,,2,2023-06-20T05:27:10+00:00
SAO_4727-10,São Paulo,3550308,True,,33108,,,-23.644148,-46.6056985,,,,2,2023-06-20T05:27:25+00:00
SAO_958P-10,São Paulo,3550308,True,,33233,,,-23.534827375,-46.727301749999995,,,,2,2023-06-20T05:27:24+00:00
SAO_958P-10,São Paulo,3550308,True,,33233,,,-23.502943625,-46.74680325,,,,2,2023-06-20T05:26:59+00:00
SAO_958P-10,São Paulo,3550308,True,,33233,,,-23.5852255,-46.682832250000004,,,,2,2023-06-20T05:27:07+00:00
SAO_958P-10,São Paulo,3550308,True,,33233,,,-23.487218499999997,-46.756806499999996,,,,2,2023-06-20T05:27:15+00:00
SAO_4732-31,São Paulo,3550308,True,,34895,,,-23.637269500000002,-46.599164,,,,2,2023-06-20T05:27:28+00:00
SAO_4732-31,São Paulo,3550308,True,,34895,,,-23.619504499999998,-46.62755,,,,2,2023-06-20T05:27:24+00:00
SAO_5036-10,São Paulo,3550308,True,,1666,,,-23.651166500000002,-46.6143845,,,,1,2023-06-20T05:27:23+00:00
SAO_5036-10,São Paulo,3550308,True,,1666,,,-23.648052,-46.613411,,,,1,2023-06-20T05:27:25+00:00
SAO_5036-10,São Paulo,3550308,True,,1666,,,-23.60362825,-46.602778,,,,1,2023-06-20T05:27:23+00:00
SAO_5034-10,São Paulo,3550308,True,,1663,,,-23.6153775,-46.6012175,,,,1,2023-06-20T05:27:22+00:00
SAO_5034-10,São Paulo,3550308,True,,1663,,,-23.648138250000002,-46.593573500000005,,,,1,2023-06-20T05:27:29+00:00
SAO_1020-10,São Paulo,3550308,True,,2497,,,-23.446507500000003,-46.722618,,,,1,2023-06-20T05:27:14+00:00
SAO_1020-10,São Paulo,3550308,True,,2497,,,-23.405629499999996,-46.75294575,,,,1,2023-06-20T05:27:30+00:00
SAO_1020-10,São Paulo,3550308,True,,2497,,,-23.48521,-46.71083,,,,1,2023-06-20T05:27:20+00:00
SAO_7022-10,São Paulo,3550308,True,,34852,,,-23.671501,-46.7599205,,,,2,2023-06-20T05:26:48+00:00
SAO_7022-10,São Paulo,3550308,True,,34852,,,-23.654133,-46.7095305,,,,2,2023-06-20T05:26:55+00:00
SAO_3023-10,São Paulo,3550308,True,Urubupungá,960,https://moovitapp.com/index/pt-br/transporte_p%C3%BAblico-line-960-Sao_Paulo-242-873835-31663702-0,4.6,-23.603975,-46.4813555,,,,1,2023-06-20T05:27:08+00:00
SAO_3023-10,São Paulo,3550308,True,Urubupungá,960,https://moovitapp.com/index/pt-br/transporte_p%C3%BAblico-line-960-Sao_Paulo-242-873835-31663702-0,4.6,-23.564895,-46.506786000000005,,,,1,2023-06-20T05:27:13+00:00
SAO_5030-10,São Paulo,3550308,True,,34437,,,-23.603029999999997,-46.6025805,,,,2,2023-06-20T05:27:00+00:00
SAO_5030-10,São Paulo,3550308,True,,34437,,,-23.637222,-46.595223000000004,,,,2,2023-06-20T05:27:27+00:00
SAO_4314-10,São Paulo,3550308,True,,2174,,,-23.5428918125,-46.58557081250001,,,,1,2023-06-20T05:27:14+00:00
SAO_4314-10,São Paulo,3550308,True,,2174,,,-23.5493455,-46.507338000000004,,,,1,2023-06-20T05:27:18+00:00
SAO_8028-10,São Paulo,3550308,True,,2532,,,-23.6217715,-46.7277275,,,,1,2023-06-20T05:27:26+00:00
SAO_6013-10,São Paulo,3550308,True,,186,,,-23.672914499999997,-46.743935,,,,1,2023-06-20T05:27:21+00:00
SAO_695D-10,São Paulo,3550308,True,EMTU,114,https://moovitapp.com/index/pt-br/transporte_p%C3%BAblico-line-114-Sao_Paulo-242-2038937-36419274-0,6.4,-23.7329935,-46.676147,,,,1,2023-06-20T05:27:12+00:00
SAO_695D-10,São Paulo,3550308,True,EMTU,114,https://moovitapp.com/index/pt-br/transporte_p%C3%BAblico-line-114-Sao_Paulo-242-2038937-36419274-0,6.4,-23.6466115,-46.6388855,,,,1,2023-06-20T05:26:55+00:00
SAO_2719-10,São Paulo,3550308,True,,932,,,-23.531444999999998,-46.5293925,,,,1,2023-06-20T05:27:19+00:00
SAO_2719-10,São Paulo,3550308,True,,932,,,-23.492351999999997,-46.47823125,,,,1,2023-06-20T05:27:29+00:00
SAO_2719-10,São Paulo,3550308,True,,932,,,-23.5124685,-46.5148195,,,,1,2023-06-20T05:27:23+00:00
SAO_2719-10,São Paulo,3550308,True,,932,,,-23.531430999999998,-46.529588000000004,,,,1,2023-06-20T05:27:10+00:00
SAO_2719-10,São Paulo,3550308,True,,932,,,-23.510327500000002,-46.507297,,,,1,2023-06-20T05:27:30+00:00
SAO_6063-10,São Paulo,3550308,True,,33920,,,-23.783673,-46.6827105,,,,2,2023-06-20T05:26:49+00:00
SAO_6063-10,São Paulo,3550308,True,,33920,,,-23.772855749999998,-46.7019205,,,,2,2023-06-20T05:27:12+00:00
SAO_6063-10,São Paulo,3550308,True,,33920,,,-23.783673,-46.6827105,,,,2,2023-06-20T05:27:27+00:00
SAO_2709-10,São Paulo,3550308,True,,33690,,,-23.529587499999998,-46.5004265,,,,2,2023-06-20T05:27:28+00:00
SAO_2709-10,São Paulo,3550308,True,,33690,,,-23.5296745,-46.5008815,,,,2,2023-06-20T05:27:05+00:00
SAO_1017-10,São Paulo,3550308,True,,34909,,,-23.413556,-46.7508775,,,,2,2023-06-20T05:27:27+00:00
SAO_1017-10,São Paulo,3550308,True,,34909,,,-23.4816225,-46.712207,,,,2,2023-06-20T05:26:48+00:00
SAO_1017-10,São Paulo,3550308,True,,34909,,,-23.4392745,-46.7170965,,,,2,2023-06-20T05:27:19+00:00
SAO_1017-10,São Paulo,3550308,True,,34909,,,-23.4063025,-46.758756749999996,,,,2,2023-06-20T05:26:54+00:00
SAO_917M-10,São Paulo,3550308,True,,1366,,,-23.504461999999997,-46.686379,,,,1,2023-06-20T05:27:25+00:00
SAO_917M-10,São Paulo,3550308,True,,1366,,,-23.554392999999997,-46.670265,,,,1,2023-06-20T05:27:21+00:00
SAO_917M-10,São Paulo,3550308,True,,1366,,,-23.5814935,-46.6385605,,,,1,2023-06-20T05:27:16+00:00
SAO_877T-10,São Paulo,3550308,True,,34149,,,-23.5374615,-46.6505485,,,,2,2023-06-20T05:27:14+00:00
SAO_877T-10,São Paulo,3550308,True,,34149,,,-23.522803625,-46.68957437500001,,,,2,2023-06-20T05:27:12+00:00
SAO_6026-10,São Paulo,3550308,True,,32855,,,-23.675262000000004,-46.69923575,,,,2,2023-06-20T05:27:29+00:00
SAO_6026-10,São Paulo,3550308,True,,32855,,,-23.742089,-46.7067665,,,,2,2023-06-20T05:26:56+00:00
SAO_874C-10,São Paulo,3550308,True,,33245,,,-23.55156025,-46.75754275,,,,2,2023-06-20T05:27:19+00:00
SAO_874C-10,São Paulo,3550308,True,,33245,,,-23.5541215,-46.670616249999995,,,,2,2023-06-20T05:27:25+00:00
SAO_874C-10,São Paulo,3550308,True,,33245,,,-23.546825,-46.7609525,,,,2,2023-06-20T05:27:02+00:00
SAO_874C-10,São Paulo,3550308,True,,33245,,,-23.55085125,-46.757824,,,,2,2023-06-20T05:27:21+00:00
SAO_312N-10,São Paulo,3550308,True,,33758,,,-23.53268275,-46.39854750000001,,,,2,2023-06-20T05:27:16+00:00
SAO_312N-10,São Paulo,3550308,True,,33758,,,-23.493734,-46.440037000000004,,,,2,2023-06-20T05:24:42+00:00
SAO_312N-10,São Paulo,3550308,True,,33758,,,-23.564259874999998,-46.412429875,,,,2,2023-06-20T05:27:15+00:00
SAO_278A-10,São Paulo,3550308,True,,706,,,-23.5338145,-46.566121,,,,1,2023-06-20T05:25:28+00:00
SAO_609F-10,São Paulo,3550308,True,,32805,,,-23.617684500000003,-46.7018415,,,,2,2023-06-20T05:27:27+00:00
SAO_609F-10,São Paulo,3550308,True,,32805,,,-23.660197,-46.746239,,,,2,2023-06-20T05:27:20+00:00
SAO_609F-10,São Paulo,3550308,True,,32805,,,-23.607718750000004,-46.69973575,,,,2,2023-06-20T05:26:58+00:00
SAO_609F-10,São Paulo,3550308,True,,32805,,,-23.565118,-46.6573565,,,,2,2023-06-20T05:27:31+00:00
SAO_609F-10,São Paulo,3550308,True,,32805,,,-23.6238535,-46.709932499999994,,,,2,2023-06-20T05:27:02+00:00
SAO_609F-10,São Paulo,3550308,True,,32805,,,-23.5734265,-46.666454,,,,2,2023-06-20T05:27:27+00:00
SAO_274P-10,São Paulo,3550308,True,,33000,,,-23.585693,-46.6278775,,,,2,2023-06-20T05:26:58+00:00
SAO_274P-10,São Paulo,3550308,True,,33000,,,-23.512807000000002,-46.5306475,,,,2,2023-06-20T05:27:20+00:00
SAO_274P-10,São Paulo,3550308,True,,33000,,,-23.529316,-46.553309,,,,2,2023-06-20T05:27:19+00:00
SAO_4726-10,São Paulo,3550308,True,,34448,,,-23.567346,-46.581893,,,,2,2023-06-20T05:26:51+00:00
SAO_8199-10,São Paulo,3550308,True,,33575,,,-23.468643,-46.7512295,,,,2,2023-06-20T05:27:08+00:00
SAO_8199-10,São Paulo,3550308,True,,33575,,,-23.485033,-46.722218999999996,,,,2,2023-06-20T05:27:24+00:00
SAO_8199-10,São Paulo,3550308,True,,33575,,,-23.484436,-46.691058999999996,,,,2,2023-06-20T05:26:55+00:00
SAO_407W-10,São Paulo,3550308,True,,2204,,,-23.567309,-46.5407875,,,,1,2023-06-20T05:27:20+00:00
SAO_4092-10,São Paulo,3550308,True,,1876,,,-23.581291,-46.4146645,,,,1,2023-06-20T05:27:30+00:00
SAO_2363-10,São Paulo,3550308,True,,135,,,-23.54620025,-46.63007,,,,1,2023-06-20T05:26:58+00:00
SAO_2363-10,São Paulo,3550308,True,,135,,,-23.54620025,-46.63007,,,,1,2023-06-20T05:27:18+00:00
SAO_2363-10,São Paulo,3550308,True,,135,,,-23.5080015,-46.5357465,,,,1,2023-06-20T05:26:58+00:00
SAO_2363-10,São Paulo,3550308,True,,135,,,-23.5350455,-46.577882,,,,1,2023-06-20T05:26:58+00:00
SAO_6010-10,São Paulo,3550308,True,,1202,,,-23.6670765,-46.753249999999994,,,,1,2023-06-20T05:27:20+00:00
SAO_6010-10,São Paulo,3550308,True,,1202,,,-23.6938785,-46.7945825,,,,1,2023-06-20T05:27:13+00:00
SAO_6010-10,São Paulo,3550308,False,,1202,,,-23.6938785,-46.7945825,,,,1,2023-06-20T05:26:45+00:00
SAO_6010-10,São Paulo,3550308,True,,1202,,,-23.661206,-46.7440765,,,,1,2023-06-20T05:26:55+00:00
SAO_6010-10,São Paulo,3550308,True,,1202,,,-23.6646005,-46.78243425,,,,1,2023-06-20T05:27:29+00:00
SAO_809J-10,São Paulo,3550308,True,,2066,,,-23.594859,-46.732305999999994,,,,1,2023-06-20T05:27:18+00:00
SAO_2720-10,São Paulo,3550308,True,,33701,,,-23.49167825,-46.473084,,,,2,2023-06-20T05:27:18+00:00
SAO_2720-10,São Paulo,3550308,True,,33701,,,-23.49124025,-46.4715275,,,,2,2023-06-20T05:27:07+00:00
SAO_2720-10,São Paulo,3550308,True,,33701,,,-23.510364000000003,-46.498186000000004,,,,2,2023-06-20T05:27:28+00:00
SAO_2720-10,São Paulo,3550308,True,,33701,,,-23.493471,-46.470558,,,,2,2023-06-20T05:26:55+00:00
SAO_2720-10,São Paulo,3550308,True,,33701,,,-23.523721000000002,-46.52125225,,,,2,2023-06-20T05:27:20+00:00
SAO_669A-10,São Paulo,3550308,True,,4,,,-23.5843835,-46.67018725,,,,1,2023-06-20T05:27:07+00:00
SAO_669A-10,São Paulo,3550308,True,,4,,,-23.544469,-46.64770825,,,,1,2023-06-20T05:26:48+00:00
SAO_669A-10,São Paulo,3550308,True,,4,,,-23.53471425,-46.64500699999999,,,,1,2023-06-20T05:26:54+00:00
SAO_669A-10,São Paulo,3550308,True,,4,,,-23.653861499999998,-46.706998,,,,1,2023-06-20T05:27:25+00:00
SAO_390E-10,São Paulo,3550308,True,,1882,,,-23.535033,-46.578162000000006,,,,1,2023-06-20T05:26:48+00:00
SAO_271C-10,São Paulo,3550308,True,,33450,,,-23.521895999999998,-46.62520425,,,,2,2023-06-20T05:27:25+00:00
SAO_271C-10,São Paulo,3550308,True,,33450,,,-23.497451,-46.574927875,,,,2,2023-06-20T05:25:19+00:00
SAO_407I-10,São Paulo,3550308,True,,34990,,,-23.543809,-46.5318865,,,,2,2023-06-20T05:27:18+00:00
SAO_407I-10,São Paulo,3550308,True,,34990,,,-23.5431125,-46.48502825,,,,2,2023-06-20T05:27:26+00:00
SAO_948A-10,São Paulo,3550308,True,,1423,,,-23.485979999999998,-46.725276,,,,1,2023-06-20T05:27:13+00:00
SAO_637G-10,São Paulo,3550308,True,,32869,,,-23.634339500000003,-46.693918249999996,,,,2,2023-06-20T05:27:09+00:00
SAO_637G-10,São Paulo,3550308,True,,32869,,,-23.753734,-46.680966,,,,2,2023-06-20T05:27:22+00:00
SAO_637G-10,São Paulo,3550308,True,,32869,,,-23.6987745,-46.700859,,,,2,2023-06-20T05:27:21+00:00
SAO_637G-10,São Paulo,3550308,True,,32869,,,-23.7298985,-46.698599,,,,2,2023-06-20T05:27:29+00:00
SAO_908T-10,São Paulo,3550308,True,,34884,,,-23.546433999999998,-46.630430000000004,,,,2,2023-06-20T05:27:11+00:00
SAO_908T-10,São Paulo,3550308,True,,34884,,,-23.5512599375,-46.650140750000006,,,,2,2023-06-20T05:27:03+00:00
SAO_908T-10,São Paulo,3550308,True,,34884,,,-23.566099,-46.710501,,,,2,2023-06-20T05:26:47+00:00
SAO_273R-10,São Paulo,3550308,True,,32994,,,-23.527069124999997,-46.474440875,,,,2,2023-06-20T05:27:10+00:00
SAO_273R-10,São Paulo,3550308,True,,32994,,,-23.5041765,-46.433013,,,,2,2023-06-20T05:27:23+00:00
SAO_273R-10,São Paulo,3550308,True,,32994,,,-23.52228,-46.4125755,,,,2,2023-06-20T05:27:16+00:00
SAO_273R-10,São Paulo,3550308,True,,32994,,,-23.522662999999998,-46.41263875,,,,2,2023-06-20T05:27:07+00:00
SAO_273R-10,São Paulo,3550308,True,,32994,,,-23.513785,-46.41953225,,,,2,2023-06-20T05:26:40+00:00
SAO_273R-10,São Paulo,3550308,True,,32994,,,-23.5257245,-46.474695749999995,,,,2,2023-06-20T05:26:44+00:00
SAO_273R-10,São Paulo,3550308,True,,32994,,,-23.540395,-46.4831425,,,,2,2023-06-20T05:27:14+00:00
SAO_273R-10,São Paulo,3550308,True,,32994,,,-23.517555125,-46.47618175,,,,2,2023-06-20T05:27:06+00:00
SAO_4014-10,São Paulo,3550308,True,,2187,,,-23.583146,-46.495833000000005,,,,1,2023-06-20T05:27:13+00:00
SAO_4014-10,São Paulo,3550308,True,,2187,,,-23.612996,-46.456739999999996,,,,1,2023-06-20T05:27:19+00:00
SAO_2710-10,São Paulo,3550308,True,,924,,,-23.518462999999997,-46.482251000000005,,,,1,2023-06-20T05:27:30+00:00
SAO_3712-10,São Paulo,3550308,True,,1009,,,-23.5525595,-46.4257145,,,,1,2023-06-20T05:27:19+00:00
SAO_3712-10,São Paulo,3550308,True,,1009,,,-23.5525595,-46.4257145,,,,1,2023-06-20T05:27:23+00:00
SAO_3712-10,São Paulo,3550308,True,,1009,,,-23.537851125000003,-46.455333,,,,1,2023-06-20T05:27:21+00:00
SAO_3712-10,São Paulo,3550308,True,,1009,,,-23.5525595,-46.4257145,,,,1,2023-06-20T05:27:06+00:00
SAO_3712-10,São Paulo,3550308,True,,1009,,,-23.5525595,-46.4257145,,,,1,2023-06-20T05:26:53+00:00
SAO_3712-10,São Paulo,3550308,True,,1009,,,-23.5525595,-46.4257145,,,,1,2023-06-20T05:27:17+00:00
SAO_4732-10,São Paulo,3550308,True,Rápido Campinas,302,https://moovitapp.com/index/pt-br/transporte_p%C3%BAblico-line-302-Sao_Paulo-242-858660-23262913-0,5.3,-23.631802999999998,-46.604600500000004,,,,1,2023-06-20T05:27:19+00:00
SAO_4732-10,São Paulo,3550308,True,Rápido Campinas,302,https://moovitapp.com/index/pt-br/transporte_p%C3%BAblico-line-302-Sao_Paulo-242-858660-23262913-0,5.3,-23.618575749999998,-46.637992499999996,,,,1,2023-06-20T05:27:23+00:00
SAO_6028-10,São Paulo,3550308,True,,33979,,,-23.6848755,-46.74554275,,,,2,2023-06-20T05:26:53+00:00
SAO_6028-10,São Paulo,3550308,True,,33979,,,-23.702151,-46.7444065,,,,2,2023-06-20T05:27:20+00:00
SAO_6028-10,São Paulo,3550308,True,,33979,,,-23.702140999999997,-46.744587499999994,,,,2,2023-06-20T05:27:10+00:00
SAO_6028-10,São Paulo,3550308,True,,33979,,,-23.702151,-46.7444065,,,,2,2023-06-20T05:27:29+00:00
SAO_6028-10,São Paulo,3550308,True,,33979,,,-23.657059375,-46.7071945,,,,2,2023-06-20T05:26:57+00:00
SAO_6028-10,São Paulo,3550308,True,,33979,,,-23.70207,-46.744642,,,,2,2023-06-20T05:26:47+00:00
SAO_809D-10,São Paulo,3550308,True,,34836,,,-23.597119,-46.775225,,,,2,2023-06-20T05:27:31+00:00
SAO_809D-10,São Paulo,3550308,True,,34836,,,-23.6032175,-46.780919,,,,2,2023-06-20T05:27:11+00:00
SAO_1722-10,São Paulo,3550308,True,,33632,,,-23.480196,-46.602474,,,,2,2023-06-20T05:27:12+00:00
SAO_1722-10,São Paulo,3550308,True,,33632,,,-23.4580725,-46.615971,,,,2,2023-06-20T05:27:18+00:00
SAO_1722-10,São Paulo,3550308,True,,33632,,,-23.482215500000002,-46.672433999999996,,,,2,2023-06-20T05:26:48+00:00
SAO_1722-10,São Paulo,3550308,True,,33632,,,-23.4816705,-46.6731425,,,,2,2023-06-20T05:27:29+00:00
SAO_1722-10,São Paulo,3550308,True,,33632,,,-23.482450749999998,-46.67278175,,,,2,2023-06-20T05:27:24+00:00
SAO_1722-10,São Paulo,3550308,True,,33632,,,-23.48280425,-46.67273725,,,,2,2023-06-20T05:26:58+00:00
SAO_3029-10,São Paulo,3550308,True,,966,,,-23.541131,-46.577207,,,,1,2023-06-20T05:27:25+00:00
SAO_3029-10,São Paulo,3550308,True,,966,,,-23.585251999999997,-46.506245,,,,1,2023-06-20T05:26:50+00:00
SAO_3029-10,São Paulo,3550308,True,,966,,,-23.548671,-46.54104425,,,,1,2023-06-20T05:27:16+00:00
SAO_3029-10,São Paulo,3550308,True,,966,,,-23.579393500000002,-46.512121,,,,1,2023-06-20T05:27:20+00:00
SAO_2059-10,São Paulo,3550308,True,,33028,,,-23.4909965,-46.442163,,,,2,2023-06-20T05:27:08+00:00
SAO_2059-10,São Paulo,3550308,True,,33028,,,-23.4910335,-46.441784,,,,2,2023-06-20T05:27:07+00:00
SAO_2059-10,São Paulo,3550308,True,,33028,,,-23.5105395,-46.437884499999996,,,,2,2023-06-20T05:27:28+00:00
SAO_2740-10,São Paulo,3550308,True,,34560,,,-23.458073,-46.6051815,,,,2,2023-06-20T05:24:32+00:00
SAO_2740-10,São Paulo,3550308,True,,34560,,,-23.456338000000002,-46.6435455,,,,2,2023-06-20T05:27:15+00:00
SAO_2740-10,São Paulo,3550308,True,,34560,,,-23.4580645,-46.6433105,,,,2,2023-06-20T05:26:55+00:00
SAO_6057-10,São Paulo,3550308,True,,1148,,,-23.7371425,-46.697546,,,,1,2023-06-20T05:27:02+00:00
SAO_6057-10,São Paulo,3550308,True,,1148,,,-23.766551999999997,-46.7091615,,,,1,2023-06-20T05:27:09+00:00
SAO_6057-10,São Paulo,3550308,True,,1148,,,-23.751383500000003,-46.71052,,,,1,2023-06-20T05:27:04+00:00
SAO_748R-10,São Paulo,3550308,True,,33269,,,-23.5241235,-46.70505,,,,2,2023-06-20T05:27:14+00:00
SAO_748R-10,São Paulo,3550308,True,,33269,,,-23.595646000000002,-46.779880500000004,,,,2,2023-06-20T05:27:04+00:00
SAO_748R-10,São Paulo,3550308,True,,33269,,,-23.5854685,-46.757219500000005,,,,2,2023-06-20T05:26:58+00:00
SAO_748R-10,São Paulo,3550308,True,,33269,,,-23.552006499999997,-46.7412735,,,,2,2023-06-20T05:27:24+00:00
SAO_719R-10,São Paulo,3550308,True,,33237,,,-23.5691565,-46.715317999999996,,,,2,2023-06-20T05:27:04+00:00
SAO_719R-10,São Paulo,3550308,True,,33237,,,-23.55339225,-46.672321999999994,,,,2,2023-06-20T05:27:04+00:00
SAO_719R-10,São Paulo,3550308,True,,33237,,,-23.562170000000002,-46.764854125,,,,2,2023-06-20T05:27:18+00:00
SAO_719R-10,São Paulo,3550308,True,,33237,,,-23.534870875000003,-46.654443625,,,,2,2023-06-20T05:27:24+00:00
SAO_719R-10,São Paulo,3550308,True,,33237,,,-23.564466250000002,-46.76143075,,,,2,2023-06-20T05:27:07+00:00
SAO_209P-1,São Paulo,3550308,True,,35069,,,-23.491898499999998,-46.685184,,,,2,2023-06-20T05:27:16+00:00
SAO_1705-10,São Paulo,3550308,True,,849,,,-23.4432885,-46.589848,,,,1,2023-06-20T05:26:19+00:00
SAO_1705-10,São Paulo,3550308,True,,849,,,-23.443365,-46.589582500000006,,,,1,2023-06-20T05:27:21+00:00
SAO_1705-10,São Paulo,3550308,True,,849,,,-23.441766,-46.588329,,,,1,2023-06-20T05:27:20+00:00
SAO_1705-10,São Paulo,3550308,True,,849,,,-23.480535500000002,-46.6024285,,,,1,2023-06-20T05:26:51+00:00
SAO_2451-10,São Paulo,3550308,True,,32981,,,-23.52159825,-46.516639749999996,,,,2,2023-06-20T05:27:26+00:00
SAO_2451-10,São Paulo,3550308,True,,32981,,,-23.516843,-46.489267999999996,,,,2,2023-06-20T05:23:33+00:00
SAO_8029-10,São Paulo,3550308,True,,35308,,,-23.583589,-46.724232,,,,2,2023-06-20T05:27:08+00:00
SAO_8029-10,São Paulo,3550308,True,,35308,,,-23.606152,-46.7252885,,,,2,2023-06-20T05:26:51+00:00
SAO_403A-10,São Paulo,3550308,True,,2192,,,-23.548288624999998,-46.461236,,,,1,2023-06-20T05:27:21+00:00
SAO_403A-10,São Paulo,3550308,True,,2192,,,-23.533932749999998,-46.52120875,,,,1,2023-06-20T05:26:58+00:00
SAO_208V-10,São Paulo,3550308,True,,32975,,,-23.5476865,-46.6292585,,,,2,2023-06-20T05:27:20+00:00
SAO_208V-10,São Paulo,3550308,True,,32975,,,-23.5476865,-46.6292585,,,,2,2023-06-20T05:27:08+00:00
SAO_208V-10,São Paulo,3550308,True,,32975,,,-23.5182095,-46.475659,,,,2,2023-06-20T05:27:00+00:00
SAO_208V-10,São Paulo,3550308,True,,32975,,,-23.51775,-46.4757475,,,,2,2023-06-20T05:27:28+00:00
SAO_208V-10,São Paulo,3550308,True,,32975,,,-23.5476865,-46.6292585,,,,2,2023-06-20T05:26:48+00:00
SAO_208V-10,São Paulo,3550308,True,,32975,,,-23.5173865,-46.47583825,,,,2,2023-06-20T05:27:00+00:00
SAO_208V-10,São Paulo,3550308,True,,32975,,,-23.52422,-46.548732,,,,2,2023-06-20T05:27:07+00:00
SAO_208V-10,São Paulo,3550308,True,,32975,,,-23.5173865,-46.47583825,,,,2,2023-06-20T05:27:21+00:00
SAO_208V-10,São Paulo,3550308,True,,32975,,,-23.536765000000003,-46.589805,,,,2,2023-06-20T05:27:19+00:00
SAO_208V-10,São Paulo,3550308,True,,32975,,,-23.518321,-46.475637,,,,2,2023-06-20T05:27:01+00:00
SAO_4001-10,São Paulo,3550308,True,,2176,,,-23.5545855,-46.4806155,,,,1,2023-06-20T05:26:52+00:00
SAO_4001-10,São Paulo,3550308,True,,2176,,,-23.557861,-46.522673,,,,1,2023-06-20T05:27:10+00:00
SAO_4001-10,São Paulo,3550308,True,,2176,,,-23.537301,-46.443381,,,,1,2023-06-20T05:26:47+00:00
SAO_2626-10,São Paulo,3550308,True,,33144,,,-23.500665,-46.469831,,,,2,2023-06-20T05:27:19+00:00
SAO_2626-10,São Paulo,3550308,True,,33144,,,-23.5252735,-46.551068,,,,2,2023-06-20T05:27:22+00:00
SAO_2626-10,São Paulo,3550308,True,,33144,,,-23.5057435,-46.4113465,,,,2,2023-06-20T05:27:22+00:00
SAO_2626-10,São Paulo,3550308,True,,33144,,,-23.523657,-46.4105555,,,,2,2023-06-20T05:27:07+00:00
SAO_8015-10,São Paulo,3550308,True,,1345,,,-23.4347065,-46.7185945,,,,1,2023-06-20T05:26:55+00:00
SAO_2029-10,São Paulo,3550308,True,,35038,,,-23.4308935,-46.575003499999994,,,,2,2023-06-20T05:26:59+00:00
SAO_2029-10,São Paulo,3550308,True,,35038,,,-23.4308,-46.5751545,,,,2,2023-06-20T05:26:48+00:00
SAO_2029-10,São Paulo,3550308,True,,35038,,,-23.430882500000003,-46.574838,,,,2,2023-06-20T05:26:51+00:00
SAO_6422-10,São Paulo,3550308,True,,33129,,,-23.61628925,-46.680431,,,,2,2023-06-20T05:27:27+00:00
SAO_6422-10,São Paulo,3550308,True,,33129,,,-23.641499,-46.716685874999996,,,,2,2023-06-20T05:27:07+00:00
SAO_8542-21,São Paulo,3550308,True,,34129,,,-23.4728725,-46.702325,,,,2,2023-06-20T05:27:17+00:00
SAO_8542-21,São Paulo,3550308,True,,34129,,,-23.515495,-46.6905195,,,,2,2023-06-20T05:27:24+00:00
SAO_8542-21,São Paulo,3550308,True,,34129,,,-23.4726725,-46.7013925,,,,2,2023-06-20T05:26:59+00:00
SAO_3901-10,São Paulo,3550308,True,,34237,,,-23.505988000000002,-46.518471,,,,2,2023-06-20T05:26:59+00:00
SAO_5024-31,São Paulo,3550308,True,,33891,,,-23.689059,-46.6631615,,,,2,2023-06-20T05:26:55+00:00
SAO_5024-31,São Paulo,3550308,True,,33891,,,-23.689796,-46.649202,,,,2,2023-06-20T05:27:06+00:00
SAO_7016-10,São Paulo,3550308,True,,2118,,,-23.688173499999998,-46.773318,,,,1,2023-06-20T05:26:46+00:00
SAO_7016-10,São Paulo,3550308,True,,2118,,,-23.6672725,-46.7269555,,,,1,2023-06-20T05:27:03+00:00
SAO_6840-10,São Paulo,3550308,True,EMTU,201,https://moovitapp.com/index/pt-br/transporte_p%C3%BAblico-line-201-Sao_Paulo-242-2038937-58093160-0,20.4,-23.7320815,-46.786311,,,,1,2023-06-20T05:27:15+00:00
SAO_6840-10,São Paulo,3550308,True,EMTU,201,https://moovitapp.com/index/pt-br/transporte_p%C3%BAblico-line-201-Sao_Paulo-242-2038937-58093160-0,20.4,-23.729893,-46.785934999999995,,,,1,2023-06-20T05:26:50+00:00
SAO_6840-10,São Paulo,3550308,True,EMTU,201,https://moovitapp.com/index/pt-br/transporte_p%C3%BAblico-line-201-Sao_Paulo-242-2038937-58093160-0,20.4,-23.654044,-46.7630505,,,,1,2023-06-20T05:26:51+00:00
SAO_6840-10,São Paulo,3550308,True,EMTU,201,https://moovitapp.com/index/pt-br/transporte_p%C3%BAblico-line-201-Sao_Paulo-242-2038937-58093160-0,20.4,-23.7320815,-46.786311,,,,1,2023-06-20T05:27:21+00:00
SAO_6840-10,São Paulo,3550308,True,EMTU,201,https://moovitapp.com/index/pt-br/transporte_p%C3%BAblico-line-201-Sao_Paulo-242-2038937-58093160-0,20.4,-23.654101,-46.763310000000004,,,,1,2023-06-20T05:27:14+00:00
SAO_6840-10,São Paulo,3550308,True,EMTU,201,https://moovitapp.com/index/pt-br/transporte_p%C3%BAblico-line-201-Sao_Paulo-242-2038937-58093160-0,20.4,-23.729893,-46.785934999999995,,,,1,2023-06-20T05:27:24+00:00
SAO_6840-10,São Paulo,3550308,True,EMTU,201,https://moovitapp.com/index/pt-br/transporte_p%C3%BAblico-line-201-Sao_Paulo-242-2038937-58093160-0,20.4,-23.7420195,-46.800329000000005,,,,1,2023-06-20T05:26:52+00:00
SAO_6840-10,São Paulo,3550308,True,EMTU,201,https://moovitapp.com/index/pt-br/transporte_p%C3%BAblico-line-201-Sao_Paulo-242-2038937-58093160-0,20.4,-23.738982,-46.796640499999995,,,,1,2023-06-20T05:27:23+00:00
SAO_6840-10,São Paulo,3550308,True,EMTU,201,https://moovitapp.com/index/pt-br/transporte_p%C3%BAblico-line-201-Sao_Paulo-242-2038937-58093160-0,20.4,-23.698998,-46.7798875,,,,1,2023-06-20T05:26:51+00:00
SAO_2076-10,São Paulo,3550308,True,,368,,,-23.504797,-46.37707025,,,,1,2023-06-20T05:27:13+00:00
SAO_2076-10,São Paulo,3550308,True,,368,,,-23.521054,-46.525456500000004,,,,1,2023-06-20T05:27:15+00:00
SAO_2076-10,São Paulo,3550308,True,,368,,,-23.49223275,-46.453713,,,,1,2023-06-20T05:26:49+00:00
SAO_3206-10,São Paulo,3550308,True,,34880,,,-23.525795000000002,-46.553052,,,,2,2023-06-20T05:27:22+00:00
SAO_3206-10,São Paulo,3550308,True,,34880,,,-23.5334505,-46.5457105,,,,2,2023-06-20T05:26:52+00:00
SAO_9023-10,São Paulo,3550308,True,,34205,,,-23.44227,-46.7131615,,,,2,2023-06-20T05:26:57+00:00
SAO_9023-10,São Paulo,3550308,True,,34205,,,-23.485769,-46.7260135,,,,2,2023-06-20T05:26:58+00:00
SAO_9023-10,São Paulo,3550308,True,,34205,,,-23.4197105,-46.7166475,,,,2,2023-06-20T05:27:13+00:00
SAO_809T-10,São Paulo,3550308,True,,35014,,,-23.57866025,-46.75529175,,,,2,2023-06-20T05:27:29+00:00
SAO_809T-10,São Paulo,3550308,True,,35014,,,-23.519713,-46.700866500000004,,,,2,2023-06-20T05:26:54+00:00
SAO_8400-10,São Paulo,3550308,True,,34033,,,-23.51442875,-46.700751499999996,,,,2,2023-06-20T05:27:29+00:00
SAO_8400-10,São Paulo,3550308,True,,34033,,,-23.486277,-46.726815875,,,,2,2023-06-20T05:27:11+00:00
SAO_8400-10,São Paulo,3550308,True,,34033,,,-23.544776249999998,-46.63853225,,,,2,2023-06-20T05:27:25+00:00
SAO_5024-10,São Paulo,3550308,True,,33890,,,-23.689080750000002,-46.64931275,,,,2,2023-06-20T05:24:37+00:00
SAO_5024-10,São Paulo,3550308,True,,33890,,,-23.686982,-46.668565,,,,2,2023-06-20T05:26:53+00:00
SAO_5024-10,São Paulo,3550308,True,,33890,,,-23.658919,-46.699098,,,,2,2023-06-20T05:27:26+00:00
SAO_1780-10,São Paulo,3550308,True,,869,,,-23.458236499999998,-46.5846795,,,,1,2023-06-20T05:24:31+00:00
SAO_1780-10,São Paulo,3550308,True,,869,,,-23.486397,-46.608689749999996,,,,1,2023-06-20T05:27:26+00:00
SAO_2767-10,São Paulo,3550308,True,EMTU,241,https://moovitapp.com/index/pt-br/transporte_p%C3%BAblico-line-241-Sao_Paulo-242-2038937-36419354-0,5.15,-23.511271,-46.502427499999996,,,,1,2023-06-20T05:27:08+00:00
SAO_4027-10,São Paulo,3550308,True,,1097,,,-23.593209,-46.4896265,,,,1,2023-06-20T05:27:22+00:00
SAO_4027-10,São Paulo,3550308,True,,1097,,,-23.639034000000002,-46.442621,,,,1,2023-06-20T05:26:48+00:00
SAO_4027-10,São Paulo,3550308,True,,1097,,,-23.627017000000002,-46.446374500000005,,,,1,2023-06-20T05:27:14+00:00
SAO_4027-10,São Paulo,3550308,True,,1097,,,-23.623079750000002,-46.46513125,,,,1,2023-06-20T05:26:55+00:00
SAO_4027-10,São Paulo,3550308,True,,1097,,,-23.593209,-46.4896265,,,,1,2023-06-20T05:26:56+00:00
SAO_6805-31,São Paulo,3550308,True,,1788,,,-23.6438405,-46.734286999999995,,,,1,2023-06-20T05:27:12+00:00
SAO_208M-10,São Paulo,3550308,True,,35246,,,-23.5124815,-46.6532415,,,,2,2023-06-20T05:27:13+00:00
SAO_208M-10,São Paulo,3550308,True,,35246,,,-23.531789500000002,-46.6609605,,,,2,2023-06-20T05:27:26+00:00
SAO_6L04-10,São Paulo,3550308,True,,33948,,,-23.8682845,-46.768306499999994,,,,2,2023-06-20T05:27:13+00:00
SAO_6L04-10,São Paulo,3550308,True,,33948,,,-23.827535500000003,-46.7273075,,,,2,2023-06-20T05:27:19+00:00
SAO_574C-10,São Paulo,3550308,True,,34407,,,-23.594430000000003,-46.5546215,,,,2,2023-06-20T05:26:56+00:00
SAO_574C-10,São Paulo,3550308,True,,34407,,,-23.6098165,-46.5046555,,,,2,2023-06-20T05:27:09+00:00
SAO_6037-10,São Paulo,3550308,True,,33983,,,-23.64887075,-46.78563725,,,,2,2023-06-20T05:26:57+00:00
SAO_6037-10,São Paulo,3550308,True,,33983,,,-23.650639499999997,-46.782415,,,,2,2023-06-20T05:27:19+00:00
SAO_6037-10,São Paulo,3550308,True,,33983,,,-23.64887075,-46.78563725,,,,2,2023-06-20T05:27:04+00:00
SAO_6037-10,São Paulo,3550308,True,,33983,,,-23.641378000000003,-46.71796825,,,,2,2023-06-20T05:27:03+00:00
SAO_6037-10,São Paulo,3550308,True,,33983,,,-23.648520750000003,-46.78621425,,,,2,2023-06-20T05:27:06+00:00
SAO_6037-10,São Paulo,3550308,True,,33983,,,-23.648692250000003,-46.78592975,,,,2,2023-06-20T05:26:49+00:00
SAO_6037-10,São Paulo,3550308,True,,33983,,,-23.648692250000003,-46.78592975,,,,2,2023-06-20T05:27:20+00:00
SAO_8002-10,São Paulo,3550308,True,,1252,,,-23.505739999999996,-46.734219,,,,1,2023-06-20T05:24:19+00:00
SAO_8002-10,São Paulo,3550308,True,,1252,,,-23.485778,-46.725765,,,,1,2023-06-20T05:27:22+00:00
SAO_1764-10,São Paulo,3550308,True,,33393,,,-23.466462,-46.60352,,,,2,2023-06-20T05:26:46+00:00
SAO_1764-10,São Paulo,3550308,True,,33393,,,-23.4424695,-46.589804,,,,2,2023-06-20T05:27:25+00:00
SAO_1764-10,São Paulo,3550308,True,,33393,,,-23.492759,-46.6236425,,,,2,2023-06-20T05:27:20+00:00
SAO_1764-10,São Paulo,3550308,True,,33393,,,-23.4259,-46.581689,,,,2,2023-06-20T05:27:02+00:00
SAO_3737-31,São Paulo,3550308,True,,34122,,,-23.5302815,-46.5166185,,,,2,2023-06-20T05:27:14+00:00
SAO_407Y-10,São Paulo,3550308,True,,2206,,,-23.5703855,-46.489906500000004,,,,1,2023-06-20T05:27:12+00:00
SAO_407Y-10,São Paulo,3550308,True,,2206,,,-23.5761475,-46.52836575,,,,1,2023-06-20T05:27:18+00:00
SAO_6970-10,São Paulo,3550308,True,,1505,,,-23.737581499999997,-46.697899500000005,,,,1,2023-06-20T05:15:22+00:00
SAO_6970-10,São Paulo,3550308,True,,1505,,,-23.711123,-46.7109855,,,,1,2023-06-20T05:27:23+00:00
SAO_6970-10,São Paulo,3550308,True,,1505,,,-23.737581499999997,-46.697899500000005,,,,1,2023-06-20T05:27:26+00:00
SAO_857R-10,São Paulo,3550308,True,,34660,,,-23.573203499999998,-46.632288,,,,2,2023-06-20T05:26:50+00:00
SAO_857R-10,São Paulo,3550308,True,,34660,,,-23.572222,-46.700846999999996,,,,2,2023-06-20T05:27:07+00:00
SAO_6045-10,São Paulo,3550308,True,,1222,,,-23.694674999999997,-46.793941000000004,,,,1,2023-06-20T05:27:00+00:00
SAO_6045-10,São Paulo,3550308,True,,1222,,,-23.694454,-46.794375,,,,1,2023-06-20T05:26:56+00:00
SAO_6045-10,São Paulo,3550308,True,,1222,,,-23.6945445,-46.794182,,,,1,2023-06-20T05:26:53+00:00
SAO_6045-10,São Paulo,3550308,True,,1222,,,-23.679842999999998,-46.7820035,,,,1,2023-06-20T05:26:47+00:00
SAO_6045-10,São Paulo,3550308,True,,1222,,,-23.694674999999997,-46.793941000000004,,,,1,2023-06-20T05:27:20+00:00
SAO_6045-10,São Paulo,3550308,True,,1222,,,-23.694454,-46.794375,,,,1,2023-06-20T05:26:49+00:00
SAO_6045-10,São Paulo,3550308,True,,1222,,,-23.694674999999997,-46.793941000000004,,,,1,2023-06-20T05:26:58+00:00
SAO_6045-10,São Paulo,3550308,True,,1222,,,-23.694674999999997,-46.793941000000004,,,,1,2023-06-20T05:27:17+00:00
SAO_6045-10,São Paulo,3550308,True,,1222,,,-23.6945445,-46.794182,,,,1,2023-06-20T05:27:08+00:00
SAO_6455-10,São Paulo,3550308,True,,63,,,-23.647451,-46.74730649999999,,,,1,2023-06-20T05:27:27+00:00
SAO_6455-10,São Paulo,3550308,True,,63,,,-23.643682,-46.7423945,,,,1,2023-06-20T05:27:18+00:00
SAO_6455-10,São Paulo,3550308,True,,63,,,-23.5906755,-46.650822500000004,,,,1,2023-06-20T05:27:30+00:00
SAO_2769-10,São Paulo,3550308,True,,397,,,-23.489536,-46.422231999999994,,,,1,2023-06-20T05:27:09+00:00
SAO_2769-10,São Paulo,3550308,True,,397,,,-23.53920575,-46.575556999999996,,,,1,2023-06-20T05:26:46+00:00
SAO_2769-10,São Paulo,3550308,True,,397,,,-23.508155000000002,-46.493489,,,,1,2023-06-20T05:26:46+00:00
SAO_6006-10,São Paulo,3550308,True,EMTU,175,https://moovitapp.com/index/pt-br/transporte_p%C3%BAblico-line-175-Sao_Paulo-242-2038937-36419312-0,6.25,-23.6831365,-46.749621250000004,,,,1,2023-06-20T05:26:57+00:00
SAO_6006-10,São Paulo,3550308,True,EMTU,175,https://moovitapp.com/index/pt-br/transporte_p%C3%BAblico-line-175-Sao_Paulo-242-2038937-36419312-0,6.25,-23.678036,-46.685228,,,,1,2023-06-20T05:27:06+00:00
SAO_6006-10,São Paulo,3550308,True,EMTU,175,https://moovitapp.com/index/pt-br/transporte_p%C3%BAblico-line-175-Sao_Paulo-242-2038937-36419312-0,6.25,-23.667984500000003,-46.6805315,,,,1,2023-06-20T05:26:59+00:00
SAO_6826-10,São Paulo,3550308,True,,32784,,,-23.662800500000003,-46.769311,,,,2,2023-06-20T05:26:55+00:00
SAO_N440-11,São Paulo,3550308,True,,2373,,,-23.558155,-46.523128,,,,1,2023-06-20T05:27:11+00:00
SAO_407N-10,São Paulo,3550308,True,,2169,,,-23.5856815,-46.414841499999994,,,,1,2023-06-20T05:27:19+00:00
SAO_407N-10,São Paulo,3550308,True,,2169,,,-23.595240375000003,-46.439105375,,,,1,2023-06-20T05:27:24+00:00
SAO_407N-10,São Paulo,3550308,True,,2169,,,-23.5550475,-46.5169645,,,,1,2023-06-20T05:26:47+00:00
SAO_5123-10,São Paulo,3550308,True,,1125,,,-23.678448500000002,-46.630771499999994,,,,1,2023-06-20T05:26:47+00:00
SAO_5123-10,São Paulo,3550308,True,,1125,,,-23.59562275,-46.642447000000004,,,,1,2023-06-20T05:26:56+00:00
SAO_5123-10,São Paulo,3550308,True,,1125,,,-23.68298175,-46.6332575,,,,1,2023-06-20T05:24:05+00:00
SAO_5123-10,São Paulo,3550308,True,,1125,,,-23.619163999999998,-46.639288,,,,1,2023-06-20T05:27:13+00:00
SAO_4221-10,São Paulo,3550308,True,,33093,,,-23.604834,-46.523047000000005,,,,2,2023-06-20T05:27:09+00:00
SAO_4221-10,São Paulo,3550308,True,,33093,,,-23.580855125,-46.591547000000006,,,,2,2023-06-20T05:27:07+00:00
SAO_715M-10,São Paulo,3550308,True,,33258,,,-23.5703665,-46.645350875000005,,,,2,2023-06-20T05:26:56+00:00
SAO_715M-10,São Paulo,3550308,True,,33258,,,-23.5566095,-46.634146,,,,2,2023-06-20T05:27:09+00:00
SAO_715M-10,São Paulo,3550308,True,,33258,,,-23.5781675,-46.747704,,,,2,2023-06-20T05:27:18+00:00
SAO_715M-10,São Paulo,3550308,True,,33258,,,-23.572222,-46.700846999999996,,,,2,2023-06-20T05:27:13+00:00
SAO_715M-10,São Paulo,3550308,True,,33258,,,-23.5691565,-46.715317999999996,,,,2,2023-06-20T05:26:59+00:00
SAO_715M-10,São Paulo,3550308,True,,33258,,,-23.5827195,-46.761574499999995,,,,2,2023-06-20T05:27:13+00:00
SAO_407M-10,São Paulo,3550308,True,,33086,,,-23.57607875,-46.613035249999996,,,,2,2023-06-20T05:27:16+00:00
SAO_8050-10,São Paulo,3550308,True,,33180,,,-23.45523075,-46.78557875,,,,2,2023-06-20T05:27:23+00:00
SAO_8050-10,São Paulo,3550308,True,,33180,,,-23.442098,-46.791021,,,,2,2023-06-20T05:27:21+00:00
SAO_2715-10,São Paulo,3550308,True,,33696,,,-23.520716,-46.503175999999996,,,,2,2023-06-20T05:26:53+00:00
SAO_2715-10,São Paulo,3550308,True,,33696,,,-23.4981815,-46.502826,,,,2,2023-06-20T05:27:00+00:00
SAO_2715-10,São Paulo,3550308,True,,33696,,,-23.502933,-46.503072,,,,2,2023-06-20T05:27:20+00:00
SAO_978L-10,São Paulo,3550308,True,EMTU,466,https://moovitapp.com/index/pt-br/transporte_p%C3%BAblico-line-466-Sao_Paulo-242-2038937-72712754-0,5.4,-23.53471425,-46.64500699999999,,,,1,2023-06-20T05:27:08+00:00
SAO_978L-10,São Paulo,3550308,True,EMTU,466,https://moovitapp.com/index/pt-br/transporte_p%C3%BAblico-line-466-Sao_Paulo-242-2038937-72712754-0,5.4,-23.524287,-46.6706405,,,,1,2023-06-20T05:27:22+00:00
SAO_6037-10,São Paulo,3550308,True,,1215,,,-23.648301,-46.7487645,,,,1,2023-06-20T05:27:30+00:00
SAO_6037-10,São Paulo,3550308,True,,1215,,,-23.6493575,-46.7848365,,,,1,2023-06-20T05:27:10+00:00
SAO_6037-10,São Paulo,3550308,True,,1215,,,-23.6493575,-46.7848365,,,,1,2023-06-20T05:27:31+00:00
SAO_6037-10,São Paulo,3550308,True,,1215,,,-23.6493575,-46.7848365,,,,1,2023-06-20T05:27:21+00:00
SAO_5300-10,São Paulo,3550308,True,EMTU,354,https://moovitapp.com/index/pt-br/transporte_p%C3%BAblico-line-354-Sao_Paulo-242-2038937-36419437-0,7.55,-23.637971375,-46.69459475000001,,,,1,2023-06-20T05:27:12+00:00
SAO_5300-10,São Paulo,3550308,True,EMTU,354,https://moovitapp.com/index/pt-br/transporte_p%C3%BAblico-line-354-Sao_Paulo-242-2038937-36419437-0,7.55,-23.654195,-46.711744499999995,,,,1,2023-06-20T05:26:57+00:00
SAO_5300-10,São Paulo,3550308,True,EMTU,354,https://moovitapp.com/index/pt-br/transporte_p%C3%BAblico-line-354-Sao_Paulo-242-2038937-36419437-0,7.55,-23.654195,-46.711744499999995,,,,1,2023-06-20T05:26:49+00:00
SAO_5300-10,São Paulo,3550308,True,EMTU,354,https://moovitapp.com/index/pt-br/transporte_p%C3%BAblico-line-354-Sao_Paulo-242-2038937-36419437-0,7.55,-23.654195,-46.711744499999995,,,,1,2023-06-20T05:27:29+00:00
SAO_5300-10,São Paulo,3550308,True,EMTU,354,https://moovitapp.com/index/pt-br/transporte_p%C3%BAblico-line-354-Sao_Paulo-242-2038937-36419437-0,7.55,-23.56357825,-46.64013575,,,,1,2023-06-20T05:27:02+00:00
SAO_5300-10,São Paulo,3550308,True,EMTU,354,https://moovitapp.com/index/pt-br/transporte_p%C3%BAblico-line-354-Sao_Paulo-242-2038937-36419437-0,7.55,-23.654195,-46.711744499999995,,,,1,2023-06-20T05:26:52+00:00
SAO_6825-10,São Paulo,3550308,True,BR7 Mobilidade,14,https://moovitapp.com/index/pt-br/transporte_p%C3%BAblico-line-14-Sao_Paulo-242-851856-183465-0,5.75,-23.658478000000002,-46.765071,,,,1,2023-06-20T05:27:18+00:00
SAO_7001-10,São Paulo,3550308,True,,1722,,,-23.7247405,-46.7552985,,,,1,2023-06-20T05:26:47+00:00
SAO_7001-10,São Paulo,3550308,True,,1722,,,-23.692511000000003,-46.7778525,,,,1,2023-06-20T05:26:49+00:00
SAO_7001-10,São Paulo,3550308,True,,1722,,,-23.72096925,-46.76488725,,,,1,2023-06-20T05:26:53+00:00
SAO_7001-10,São Paulo,3550308,True,,1722,,,-23.7247405,-46.7552985,,,,1,2023-06-20T05:27:11+00:00
SAO_7458-10,São Paulo,3550308,True,EMTU,496,https://moovitapp.com/index/pt-br/transporte_p%C3%BAblico-line-496-Sao_Paulo-242-2038937-36419521-0,5.4,-23.5915995,-46.735897,,,,1,2023-06-20T05:27:20+00:00
SAO_709G-10,São Paulo,3550308,True,,2020,,,-23.6684445,-46.735211500000005,,,,1,2023-06-20T05:27:30+00:00
SAO_709G-10,São Paulo,3550308,True,,2020,,,-23.592695499999998,-46.6727295,,,,1,2023-06-20T05:27:21+00:00
SAO_3139-10,São Paulo,3550308,True,,995,,,-23.562314999999998,-46.551222499999994,,,,1,2023-06-20T05:27:00+00:00
SAO_3139-10,São Paulo,3550308,True,,995,,,-23.555884999999996,-46.5963335,,,,1,2023-06-20T05:27:00+00:00
SAO_4011-10,São Paulo,3550308,True,,2184,,,-23.620011499999997,-46.420128000000005,,,,1,2023-06-20T05:26:50+00:00
SAO_4011-10,São Paulo,3550308,True,,2184,,,-23.611480999999998,-46.476130999999995,,,,1,2023-06-20T05:27:26+00:00
SAO_6092-10,São Paulo,3550308,True,,1177,,,-23.748095499999998,-46.68762275,,,,1,2023-06-20T05:27:24+00:00
SAO_7009-10,São Paulo,3550308,True,,1951,,,-23.699928,-46.7806655,,,,1,2023-06-20T05:26:57+00:00
SAO_7009-10,São Paulo,3550308,True,,1951,,,-23.7035675,-46.783773499999995,,,,1,2023-06-20T05:27:28+00:00
SAO_9009-10,São Paulo,3550308,True,,33645,,,-23.435192999999998,-46.71718,,,,2,2023-06-20T05:26:52+00:00
SAO_9009-10,São Paulo,3550308,True,,33645,,,-23.447655,-46.7088785,,,,2,2023-06-20T05:27:10+00:00
SAO_9009-10,São Paulo,3550308,True,,33645,,,-23.463863,-46.68068475,,,,2,2023-06-20T05:27:06+00:00
SAO_719P-10,São Paulo,3550308,True,,1372,,,-23.53506275,-46.644746999999995,,,,1,2023-06-20T05:27:27+00:00
SAO_719P-10,São Paulo,3550308,True,,1372,,,-23.562788875,-46.686226375000004,,,,1,2023-06-20T05:27:24+00:00
SAO_5757-10,São Paulo,3550308,True,,34056,,,-23.679321,-46.6402695,,,,2,2023-06-20T05:27:08+00:00
SAO_5757-10,São Paulo,3550308,True,,34056,,,-23.635912,-46.640206500000005,,,,2,2023-06-20T05:27:10+00:00
SAO_5757-10,São Paulo,3550308,True,,34056,,,-23.6835835,-46.634378999999996,,,,2,2023-06-20T05:26:48+00:00
SAO_8605-10,São Paulo,3550308,True,,34685,,,-23.58815525,-46.727400625,,,,2,2023-06-20T05:27:08+00:00
SAO_8605-10,São Paulo,3550308,True,,34685,,,-23.62450775,-46.764540999999994,,,,2,2023-06-20T05:27:28+00:00
SAO_8605-10,São Paulo,3550308,True,,34685,,,-23.567493,-46.659565,,,,2,2023-06-20T05:27:18+00:00
SAO_177H-10,São Paulo,3550308,True,,33398,,,-23.537510750000003,-46.65099825,,,,2,2023-06-20T05:27:23+00:00
SAO_177H-10,São Paulo,3550308,True,,33398,,,-23.571228124999998,-46.708809375,,,,2,2023-06-20T05:26:53+00:00
SAO_177H-10,São Paulo,3550308,True,,33398,,,-23.552421,-46.7320975,,,,2,2023-06-20T05:26:48+00:00
SAO_177H-10,São Paulo,3550308,True,,33398,,,-23.50030225,-46.637009625000005,,,,2,2023-06-20T05:27:15+00:00
SAO_174M-10,São Paulo,3550308,True,,33441,,,-23.487555999999998,-46.5742625,,,,2,2023-06-20T05:27:14+00:00
SAO_174M-10,São Paulo,3550308,True,,33441,,,-23.5387115,-46.617633874999996,,,,2,2023-06-20T05:27:18+00:00
SAO_174M-10,São Paulo,3550308,True,,33441,,,-23.531498,-46.625502,,,,2,2023-06-20T05:27:18+00:00
SAO_174M-10,São Paulo,3550308,True,,33441,,,-23.482003499999998,-46.6035885,,,,2,2023-06-20T05:27:15+00:00
SAO_6075-10,São Paulo,3550308,True,,1162,,,-23.787233125,-46.726287625,,,,1,2023-06-20T05:27:27+00:00
SAO_3766-10,São Paulo,3550308,True,,33823,,,-23.537509999999997,-46.4381305,,,,2,2023-06-20T05:26:50+00:00
SAO_3766-10,São Paulo,3550308,True,,33823,,,-23.5536365,-46.4321555,,,,2,2023-06-20T05:27:11+00:00
SAO_3766-10,São Paulo,3550308,True,,33823,,,-23.553821499999998,-46.428109,,,,2,2023-06-20T05:27:20+00:00
SAO_3766-10,São Paulo,3550308,True,,33823,,,-23.5430545,-46.470682999999994,,,,2,2023-06-20T05:27:19+00:00
SAO_4056-10,São Paulo,3550308,True,,35005,,,-23.60799375,-46.464125249999995,,,,2,2023-06-20T05:27:12+00:00
SAO_4056-10,São Paulo,3550308,True,,35005,,,-23.604212750000002,-46.449340375000006,,,,2,2023-06-20T05:25:00+00:00
SAO_4056-10,São Paulo,3550308,True,,35005,,,-23.612665,-46.476373499999994,,,,2,2023-06-20T05:26:57+00:00
SAO_6031-10,São Paulo,3550308,True,,92,,,-23.757718,-46.706506000000005,,,,1,2023-06-20T05:26:52+00:00
SAO_6031-10,São Paulo,3550308,True,,92,,,-23.74666,-46.6989105,,,,1,2023-06-20T05:27:25+00:00
SAO_3795-10,São Paulo,3550308,True,,33841,,,-23.56548775,-46.423987999999994,,,,2,2023-06-20T05:26:46+00:00
SAO_3795-10,São Paulo,3550308,True,,33841,,,-23.550368374999998,-46.457656875,,,,2,2023-06-20T05:26:49+00:00
SAO_6837-10,São Paulo,3550308,True,,6,,,-23.6161065,-46.739967,,,,1,2023-06-20T05:26:47+00:00
SAO_6837-10,São Paulo,3550308,True,,6,,,-23.642671999999997,-46.762170999999995,,,,1,2023-06-20T05:26:47+00:00
SAO_8078-10,São Paulo,3550308,True,,34848,,,-23.6457865,-46.7638125,,,,2,2023-06-20T05:27:04+00:00
SAO_8078-10,São Paulo,3550308,True,,34848,,,-23.625425999999997,-46.7482945,,,,2,2023-06-20T05:27:19+00:00
SAO_8078-10,São Paulo,3550308,True,,34848,,,-23.625425999999997,-46.7482945,,,,2,2023-06-20T05:27:22+00:00
SAO_778J-10,São Paulo,3550308,True,,33276,,,-23.571717875,-46.706899500000006,,,,2,2023-06-20T05:27:31+00:00
SAO_778J-10,São Paulo,3550308,True,,33276,,,-23.589986500000002,-46.785504,,,,2,2023-06-20T05:27:18+00:00
SAO_3734-10,São Paulo,3550308,True,,1034,,,-23.5546785,-46.483837,,,,1,2023-06-20T05:26:52+00:00
SAO_139A-10,São Paulo,3550308,True,,2451,,,-23.501952,-46.705148,,,,1,2023-06-20T05:26:52+00:00
SAO_6120-10,São Paulo,3550308,True,,1189,,,-23.7363815,-46.696515000000005,,,,1,2023-06-20T05:27:23+00:00
SAO_3141-10,São Paulo,3550308,True,,734,,,-23.612118000000002,-46.488015000000004,,,,1,2023-06-20T05:27:26+00:00
SAO_3141-10,São Paulo,3550308,True,,734,,,-23.612923000000002,-46.492936,,,,1,2023-06-20T05:26:48+00:00
SAO_3141-10,São Paulo,3550308,True,,734,,,-23.544533625,-46.59435487500001,,,,1,2023-06-20T05:27:06+00:00
SAO_9011-21,São Paulo,3550308,True,,34536,,,-23.4547945,-46.738510500000004,,,,2,2023-06-20T05:27:19+00:00
SAO_9011-21,São Paulo,3550308,True,,34536,,,-23.446984,-46.7225025,,,,2,2023-06-20T05:26:49+00:00
SAO_975A-10,São Paulo,3550308,True,EMTU,589,https://moovitapp.com/index/pt-br/transporte_p%C3%BAblico-line-589-Sao_Paulo-242-2038937-36419576-0,5.35,-23.538185875,-46.668538625,,,,1,2023-06-20T05:27:12+00:00
SAO_975A-10,São Paulo,3550308,True,EMTU,589,https://moovitapp.com/index/pt-br/transporte_p%C3%BAblico-line-589-Sao_Paulo-242-2038937-36419576-0,5.35,-23.504825,-46.693425500000004,,,,1,2023-06-20T05:27:27+00:00
SAO_975A-10,São Paulo,3550308,True,EMTU,589,https://moovitapp.com/index/pt-br/transporte_p%C3%BAblico-line-589-Sao_Paulo-242-2038937-36419576-0,5.35,-23.5814585,-46.6389305,,,,1,2023-06-20T05:27:26+00:00
SAO_637A-10,São Paulo,3550308,True,,185,,,-23.673204499999997,-46.744687,,,,1,2023-06-20T05:27:21+00:00
SAO_637A-10,São Paulo,3550308,True,,185,,,-23.565869,-46.701094499999996,,,,1,2023-06-20T05:26:47+00:00
SAO_637A-10,São Paulo,3550308,True,,185,,,-23.67594,-46.753428,,,,1,2023-06-20T05:26:50+00:00
SAO_637A-10,São Paulo,3550308,True,,185,,,-23.5841835,-46.68321875,,,,1,2023-06-20T05:27:16+00:00
SAO_637A-10,São Paulo,3550308,True,,185,,,-23.675841,-46.75692025,,,,1,2023-06-20T05:26:51+00:00
SAO_637A-10,São Paulo,3550308,True,,185,,,-23.67554175,-46.755433,,,,1,2023-06-20T05:27:29+00:00
SAO_8077-10,São Paulo,3550308,True,,34818,,,-23.601537,-46.791821999999996,,,,2,2023-06-20T05:27:29+00:00
SAO_8077-10,São Paulo,3550308,True,,34818,,,-23.593501000000003,-46.7853225,,,,2,2023-06-20T05:27:17+00:00
SAO_407G-10,São Paulo,3550308,True,,2196,,,-23.565915,-46.5070785,,,,1,2023-06-20T05:27:17+00:00
SAO_407G-10,São Paulo,3550308,True,,2196,,,-23.622393000000002,-46.46545475,,,,1,2023-06-20T05:27:23+00:00
SAO_407G-10,São Paulo,3550308,True,,2196,,,-23.538742,-46.564669499999994,,,,1,2023-06-20T05:27:07+00:00
SAO_118C-10,São Paulo,3550308,True,,33287,,,-23.517211125,-46.62507725,,,,2,2023-06-20T05:26:46+00:00
SAO_118C-10,São Paulo,3550308,True,,33287,,,-23.457777,-46.672866,,,,2,2023-06-20T05:26:57+00:00
SAO_118C-10,São Paulo,3550308,True,,33287,,,-23.47392675,-46.639686,,,,2,2023-06-20T05:27:28+00:00
SAO_118C-10,São Paulo,3550308,True,,33287,,,-23.4579625,-46.67248,,,,2,2023-06-20T05:27:15+00:00
SAO_5034-31,São Paulo,3550308,True,,34432,,,-23.60347625,-46.6025595,,,,2,2023-06-20T05:27:22+00:00
SAO_5034-31,São Paulo,3550308,True,,34432,,,-23.6214635,-46.6016555,,,,2,2023-06-20T05:26:56+00:00
SAO_9019-10,São Paulo,3550308,True,,1433,,,-23.47086375,-46.71389925,,,,1,2023-06-20T05:27:23+00:00
SAO_5370-10,São Paulo,3550308,True,,34210,,,-23.766759999999998,-46.717308,,,,2,2023-06-20T05:27:12+00:00
SAO_5370-10,São Paulo,3550308,True,,34210,,,-23.65107175,-46.70392125000001,,,,2,2023-06-20T05:26:45+00:00
SAO_5370-10,São Paulo,3550308,True,,34210,,,-23.7673145,-46.7161625,,,,2,2023-06-20T05:27:04+00:00
SAO_5370-10,São Paulo,3550308,True,,34210,,,-23.7673435,-46.7169365,,,,2,2023-06-20T05:26:50+00:00
SAO_5370-10,São Paulo,3550308,True,,34210,,,-23.5811835,-46.6565455,,,,2,2023-06-20T05:27:06+00:00
SAO_6840-10,São Paulo,3550308,True,,32969,,,-23.741766,-46.8007565,,,,2,2023-06-20T05:26:47+00:00
SAO_6840-10,São Paulo,3550308,True,,32969,,,-23.7317975,-46.7861475,,,,2,2023-06-20T05:27:01+00:00
SAO_6840-10,São Paulo,3550308,True,,32969,,,-23.7312905,-46.7859135,,,,2,2023-06-20T05:26:30+00:00
SAO_6840-10,São Paulo,3550308,True,,32969,,,-23.7317975,-46.7861475,,,,2,2023-06-20T05:26:48+00:00
SAO_6840-10,São Paulo,3550308,True,,32969,,,-23.7317975,-46.7861475,,,,2,2023-06-20T05:27:03+00:00
SAO_6840-10,São Paulo,3550308,True,,32969,,,-23.695859,-46.779673,,,,2,2023-06-20T05:26:45+00:00
SAO_3031-10,São Paulo,3550308,True,,33735,,,-23.5430545,-46.470682999999994,,,,2,2023-06-20T05:27:26+00:00
SAO_3031-10,São Paulo,3550308,True,,33735,,,-23.5650555,-46.458213,,,,2,2023-06-20T05:26:58+00:00
SAO_3031-10,São Paulo,3550308,True,,33735,,,-23.612834499999998,-46.444575,,,,2,2023-06-20T05:27:24+00:00
SAO_3031-10,São Paulo,3550308,True,,33735,,,-23.6105955,-46.451351,,,,2,2023-06-20T05:26:52+00:00
SAO_8610-10,São Paulo,3550308,True,,2063,,,-23.584172000000002,-46.78469,,,,1,2023-06-20T05:26:49+00:00
SAO_8610-10,São Paulo,3550308,True,,2063,,,-23.603227500000003,-46.7805135,,,,1,2023-06-20T05:27:03+00:00
SAO_8610-10,São Paulo,3550308,True,,2063,,,-23.574119250000003,-46.688941375,,,,1,2023-06-20T05:27:08+00:00
SAO_675X-10,São Paulo,3550308,True,,32879,,,-23.697532000000002,-46.7013975,,,,2,2023-06-20T05:26:56+00:00
SAO_675X-10,São Paulo,3550308,True,,32879,,,-23.737362,-46.6973265,,,,2,2023-06-20T05:27:10+00:00
SAO_675X-10,São Paulo,3550308,True,,32879,,,-23.7186405,-46.698867,,,,2,2023-06-20T05:26:59+00:00
SAO_675X-10,São Paulo,3550308,True,,32879,,,-23.608873875,-46.667271375,,,,2,2023-06-20T05:27:27+00:00
SAO_675X-10,São Paulo,3550308,True,,32879,,,-23.596426,-46.650729999999996,,,,2,2023-06-20T05:26:04+00:00
SAO_3099-10,São Paulo,3550308,True,,33847,,,-23.618890999999998,-46.4608595,,,,2,2023-06-20T05:26:48+00:00
SAO_3099-10,São Paulo,3550308,True,,33847,,,-23.6160245,-46.461026000000004,,,,2,2023-06-20T05:26:50+00:00
SAO_709P-10,São Paulo,3550308,True,,34761,,,-23.566234,-46.7020095,,,,2,2023-06-20T05:27:27+00:00
SAO_709P-10,São Paulo,3550308,True,,34761,,,-23.595342375,-46.69060025,,,,2,2023-06-20T05:26:56+00:00
SAO_709P-10,São Paulo,3550308,True,,34761,,,-23.6555345,-46.722061499999995,,,,2,2023-06-20T05:26:48+00:00
SAO_775F-31,São Paulo,3550308,True,,35256,,,-23.629424,-46.737588,,,,2,2023-06-20T05:27:20+00:00
SAO_775F-31,São Paulo,3550308,True,,35256,,,-23.612974875,-46.729773375,,,,2,2023-06-20T05:27:26+00:00
SAO_775F-31,São Paulo,3550308,True,,35256,,,-23.625424,-46.748162,,,,2,2023-06-20T05:27:06+00:00
SAO_715M-10,São Paulo,3550308,True,EMTU,490,https://moovitapp.com/index/pt-br/transporte_p%C3%BAblico-line-490-Sao_Paulo-242-2038937-36419517-0,5.15,-23.568310750000002,-46.649578000000005,,,,1,2023-06-20T05:27:28+00:00
SAO_715M-10,São Paulo,3550308,True,EMTU,490,https://moovitapp.com/index/pt-br/transporte_p%C3%BAblico-line-490-Sao_Paulo-242-2038937-36419517-0,5.15,-23.558677000000003,-46.6395725,,,,1,2023-06-20T05:26:55+00:00
SAO_715M-10,São Paulo,3550308,True,EMTU,490,https://moovitapp.com/index/pt-br/transporte_p%C3%BAblico-line-490-Sao_Paulo-242-2038937-36419517-0,5.15,-23.583236999999997,-46.761977,,,,1,2023-06-20T05:27:11+00:00
SAO_715M-10,São Paulo,3550308,True,EMTU,490,https://moovitapp.com/index/pt-br/transporte_p%C3%BAblico-line-490-Sao_Paulo-242-2038937-36419517-0,5.15,-23.570489625,-46.7111315,,,,1,2023-06-20T05:27:23+00:00
SAO_3134-10,São Paulo,3550308,True,,993,,,-23.56890625,-46.508390500000004,,,,1,2023-06-20T05:26:45+00:00
SAO_3134-10,São Paulo,3550308,True,,993,,,-23.5731335,-46.5682365,,,,1,2023-06-20T05:27:02+00:00
SAO_3134-10,São Paulo,3550308,True,,993,,,-23.58658225,-46.58115075,,,,1,2023-06-20T05:27:02+00:00
SAO_3134-10,São Paulo,3550308,True,,993,,,-23.563912000000002,-46.5052585,,,,1,2023-06-20T05:27:16+00:00
SAO_2006-10,São Paulo,3550308,True,,895,,,-23.4941615,-46.400386,,,,1,2023-06-20T05:27:11+00:00
SAO_2006-10,São Paulo,3550308,True,,895,,,-23.487839,-46.381974,,,,1,2023-06-20T05:27:15+00:00
SAO_2006-10,São Paulo,3550308,True,,895,,,-23.510832999999998,-46.366727,,,,1,2023-06-20T05:26:54+00:00
SAO_2006-10,São Paulo,3550308,True,,895,,,-23.510832999999998,-46.366727,,,,1,2023-06-20T05:27:04+00:00
SAO_2006-10,São Paulo,3550308,True,,895,,,-23.510832999999998,-46.366727,,,,1,2023-06-20T05:27:03+00:00
SAO_2006-10,São Paulo,3550308,True,,895,,,-23.510832999999998,-46.366727,,,,1,2023-06-20T05:26:39+00:00
SAO_6821-10,São Paulo,3550308,True,,32789,,,-23.68647525,-46.78068725,,,,2,2023-06-20T05:27:25+00:00
SAO_129F-10,São Paulo,3550308,True,,35072,,,-23.522756625,-46.692119812499996,,,,2,2023-06-20T05:26:51+00:00
SAO_7013-10,São Paulo,3550308,True,,775,,,-23.621586999999998,-46.7579005,,,,1,2023-06-20T05:26:58+00:00
SAO_857P-10,São Paulo,3550308,True,,1926,,,-23.5816105,-46.7119165,,,,1,2023-06-20T05:27:29+00:00
SAO_857P-10,São Paulo,3550308,True,,1926,,,-23.568305875,-46.648278250000004,,,,1,2023-06-20T05:27:29+00:00
SAO_6099-10,São Paulo,3550308,True,,34355,,,-23.736596499999997,-46.6971045,,,,2,2023-06-20T05:27:06+00:00
SAO_6099-10,São Paulo,3550308,True,,34355,,,-23.826858,-46.7318925,,,,2,2023-06-20T05:27:14+00:00
SAO_6099-10,São Paulo,3550308,True,,34355,,,-23.843864,-46.7435405,,,,2,2023-06-20T05:27:14+00:00
SAO_9188-10,São Paulo,3550308,True,,33577,,,-23.446334999999998,-46.722477,,,,2,2023-06-20T05:27:28+00:00
SAO_573H-10,São Paulo,3550308,True,,34398,,,-23.5984665,-46.5009725,,,,2,2023-06-20T05:27:19+00:00
SAO_573H-10,São Paulo,3550308,True,,34398,,,-23.58734725,-46.51230625,,,,2,2023-06-20T05:27:16+00:00
SAO_573H-10,São Paulo,3550308,True,,34398,,,-23.6120265,-46.493421,,,,2,2023-06-20T05:26:52+00:00
SAO_573H-10,São Paulo,3550308,True,,34398,,,-23.57330725,-46.55962674999999,,,,2,2023-06-20T05:27:23+00:00
SAO_573H-10,São Paulo,3550308,True,,34398,,,-23.558126625,-46.606863125,,,,2,2023-06-20T05:27:00+00:00
SAO_1018-10,São Paulo,3550308,True,,832,,,-23.4464745,-46.6276395,,,,1,2023-06-20T05:26:43+00:00
SAO_1018-10,São Paulo,3550308,True,,832,,,-23.4464745,-46.6276395,,,,1,2023-06-20T04:50:43+00:00
SAO_1018-10,São Paulo,3550308,True,,832,,,-23.481448,-46.612571,,,,1,2023-06-20T05:26:48+00:00
SAO_N534-11,São Paulo,3550308,True,,2386,,,-23.602662000000002,-46.602517500000005,,,,1,2023-06-20T05:27:03+00:00
SAO_6835-10,São Paulo,3550308,True,,32780,,,-23.656924,-46.7639025,,,,2,2023-06-20T05:27:15+00:00
SAO_819A-10,São Paulo,3550308,True,,33571,,,-23.471957875,-46.673949500000006,,,,2,2023-06-20T05:27:09+00:00
SAO_819A-10,São Paulo,3550308,True,,33571,,,-23.439640500000003,-46.708388,,,,2,2023-06-20T05:26:50+00:00
SAO_819A-10,São Paulo,3550308,True,,33571,,,-23.4538425,-46.7373695,,,,2,2023-06-20T05:27:26+00:00
SAO_3539-10,São Paulo,3550308,True,,33516,,,-23.54953775,-46.46202675,,,,2,2023-06-20T05:25:42+00:00
SAO_3539-10,São Paulo,3550308,True,,33516,,,-23.60323025,-46.397706,,,,2,2023-06-20T05:26:47+00:00
SAO_3539-10,São Paulo,3550308,True,,33516,,,-23.543874125,-46.589819250000005,,,,2,2023-06-20T05:27:22+00:00
SAO_2727-10,São Paulo,3550308,True,,33710,,,-23.521929,-46.4574135,,,,2,2023-06-20T05:26:54+00:00
SAO_2727-10,São Paulo,3550308,True,,33710,,,-23.540062499999998,-46.482594375,,,,2,2023-06-20T05:27:01+00:00
SAO_2727-10,São Paulo,3550308,True,,33710,,,-23.539938499999998,-46.482815,,,,2,2023-06-20T05:26:47+00:00
SAO_2727-10,São Paulo,3550308,True,,33710,,,-23.539938499999998,-46.482815,,,,2,2023-06-20T05:26:55+00:00
SAO_6034-10,São Paulo,3550308,True,,32863,,,-23.7401655,-46.691473,,,,2,2023-06-20T05:27:13+00:00
SAO_6034-10,São Paulo,3550308,True,,32863,,,-23.747656499999998,-46.6691325,,,,2,2023-06-20T05:27:17+00:00
SAO_6505-10,São Paulo,3550308,True,,34218,,,-23.549404,-46.639666,,,,2,2023-06-20T05:27:23+00:00
SAO_6505-10,São Paulo,3550308,True,,34218,,,-23.668594499999998,-46.7355085,,,,2,2023-06-20T05:26:54+00:00
SAO_6505-10,São Paulo,3550308,True,,34218,,,-23.610749,-46.677432,,,,2,2023-06-20T05:27:30+00:00
SAO_6505-10,São Paulo,3550308,True,,34218,,,-23.652657750000003,-46.70861875,,,,2,2023-06-20T05:27:04+00:00
SAO_7063-10,São Paulo,3550308,True,,1899,,,-23.651991000000002,-46.789846499999996,,,,1,2023-06-20T05:26:56+00:00
SAO_7063-10,São Paulo,3550308,True,,1899,,,-23.651991000000002,-46.789846499999996,,,,1,2023-06-20T05:27:23+00:00
SAO_7063-10,São Paulo,3550308,True,,1899,,,-23.644125,-46.77959,,,,1,2023-06-20T05:27:23+00:00
SAO_7063-10,São Paulo,3550308,True,,1899,,,-23.651991000000002,-46.789846499999996,,,,1,2023-06-20T05:27:09+00:00
SAO_7063-10,São Paulo,3550308,True,,1899,,,-23.651991000000002,-46.789846499999996,,,,1,2023-06-20T05:27:10+00:00
SAO_7063-10,São Paulo,3550308,True,,1899,,,-23.651991000000002,-46.789846499999996,,,,1,2023-06-20T05:27:04+00:00
SAO_8038-10,São Paulo,3550308,True,,33565,,,-23.5351485,-46.760891,,,,2,2023-06-20T05:26:45+00:00
SAO_8038-10,São Paulo,3550308,True,,33565,,,-23.5474125,-46.7444545,,,,2,2023-06-20T05:27:15+00:00
SAO_1034-10,São Paulo,3550308,True,,2452,,,-23.472990000000003,-46.702344499999995,,,,1,2023-06-20T05:26:54+00:00
SAO_6063-43,São Paulo,3550308,True,,35248,,,-23.766963,-46.71622,,,,2,2023-06-20T05:26:53+00:00
SAO_6063-43,São Paulo,3550308,True,,35248,,,-23.8149625,-46.669669,,,,2,2023-06-20T05:27:07+00:00
SAO_3013-10,São Paulo,3550308,True,,33722,,,-23.582943,-46.408454,,,,2,2023-06-20T05:27:26+00:00
SAO_273F-10,São Paulo,3550308,True,,32927,,,-23.4795065,-46.421839,,,,2,2023-06-20T05:25:06+00:00
SAO_273F-10,São Paulo,3550308,True,,32927,,,-23.53420275,-46.45427425,,,,2,2023-06-20T05:27:02+00:00
SAO_5144-10,São Paulo,3550308,True,,1627,,,-23.535233499999997,-46.620650999999995,,,,1,2023-06-20T05:27:29+00:00
SAO_6071-10,São Paulo,3550308,True,,1156,,,-23.658659,-46.69838,,,,1,2023-06-20T05:27:02+00:00
SAO_6071-10,São Paulo,3550308,True,,1156,,,-23.7091675,-46.6887355,,,,1,2023-06-20T05:27:07+00:00
SAO_9019-10,São Paulo,3550308,True,,34201,,,-23.462889,-46.714138500000004,,,,2,2023-06-20T05:27:19+00:00
SAO_9019-10,São Paulo,3550308,True,,34201,,,-23.482568,-46.727712999999994,,,,2,2023-06-20T05:26:55+00:00
SAO_3459-23,São Paulo,3550308,True,EMTU,404,https://moovitapp.com/index/pt-br/transporte_p%C3%BAblico-line-404-Sao_Paulo-242-2038937-36419466-0,5.2,-23.5165205,-46.385602000000006,,,,1,2023-06-20T05:25:11+00:00
SAO_273J-10,São Paulo,3550308,True,STT,389,https://moovitapp.com/index/pt-br/transporte_p%C3%BAblico-line-389-Sao_Paulo-242-850661-183299-0,5.3,-23.515351000000003,-46.4856135,,,,1,2023-06-20T05:26:18+00:00
SAO_273J-10,São Paulo,3550308,True,STT,389,https://moovitapp.com/index/pt-br/transporte_p%C3%BAblico-line-389-Sao_Paulo-242-850661-183299-0,5.3,-23.491375499999997,-46.443605500000004,,,,1,2023-06-20T05:27:25+00:00
SAO_273J-10,São Paulo,3550308,True,STT,389,https://moovitapp.com/index/pt-br/transporte_p%C3%BAblico-line-389-Sao_Paulo-242-850661-183299-0,5.3,-23.50503,-46.456571,,,,1,2023-06-20T05:24:46+00:00
SAO_273J-10,São Paulo,3550308,True,STT,389,https://moovitapp.com/index/pt-br/transporte_p%C3%BAblico-line-389-Sao_Paulo-242-850661-183299-0,5.3,-23.531382,-46.5305395,,,,1,2023-06-20T05:27:10+00:00
SAO_2031-10,São Paulo,3550308,True,EMTU,367,https://moovitapp.com/index/pt-br/transporte_p%C3%BAblico-line-367-Sao_Paulo-242-2038937-36419446-0,4.9,-23.4923,-46.445477,,,,1,2023-06-20T05:27:17+00:00
SAO_2031-10,São Paulo,3550308,True,EMTU,367,https://moovitapp.com/index/pt-br/transporte_p%C3%BAblico-line-367-Sao_Paulo-242-2038937-36419446-0,4.9,-23.505683625000003,-46.370964,,,,1,2023-06-20T05:26:58+00:00
SAO_4051-10,São Paulo,3550308,True,,2144,,,-23.561616,-46.401831,,,,1,2023-06-20T05:27:29+00:00
SAO_4051-10,São Paulo,3550308,True,,2144,,,-23.5590895,-46.399975,,,,1,2023-06-20T05:25:33+00:00
SAO_4051-10,São Paulo,3550308,True,,2144,,,-23.561616,-46.401831,,,,1,2023-06-20T05:27:09+00:00
SAO_2105-10,São Paulo,3550308,True,,35015,,,-23.4400605,-46.576306,,,,2,2023-06-20T05:27:04+00:00
SAO_2105-10,São Paulo,3550308,True,,35015,,,-23.4352895,-46.5818785,,,,2,2023-06-20T05:27:06+00:00
SAO_2105-10,São Paulo,3550308,True,,35015,,,-23.4352895,-46.5818785,,,,2,2023-06-20T05:26:44+00:00
SAO_8032-10,São Paulo,3550308,True,,2545,,,-23.571887,-46.7083135,,,,1,2023-06-20T05:27:00+00:00
SAO_2523-10,São Paulo,3550308,True,Cidade de Caieiras,250,https://moovitapp.com/index/pt-br/transporte_p%C3%BAblico-line-250-Sao_Paulo-242-868761-752902-0,5.0,-23.5182095,-46.475659,,,,1,2023-06-20T05:27:19+00:00
SAO_2523-10,São Paulo,3550308,True,Cidade de Caieiras,250,https://moovitapp.com/index/pt-br/transporte_p%C3%BAblico-line-250-Sao_Paulo-242-868761-752902-0,5.0,-23.5182095,-46.475659,,,,1,2023-06-20T05:26:59+00:00
SAO_2523-10,São Paulo,3550308,True,Cidade de Caieiras,250,https://moovitapp.com/index/pt-br/transporte_p%C3%BAblico-line-250-Sao_Paulo-242-868761-752902-0,5.0,-23.513405499999998,-46.4439025,,,,1,2023-06-20T05:26:46+00:00
SAO_2523-10,São Paulo,3550308,True,Cidade de Caieiras,250,https://moovitapp.com/index/pt-br/transporte_p%C3%BAblico-line-250-Sao_Paulo-242-868761-752902-0,5.0,-23.5182095,-46.475659,,,,1,2023-06-20T05:27:16+00:00
SAO_2523-10,São Paulo,3550308,True,Cidade de Caieiras,250,https://moovitapp.com/index/pt-br/transporte_p%C3%BAblico-line-250-Sao_Paulo-242-868761-752902-0,5.0,-23.5182095,-46.475659,,,,1,2023-06-20T05:27:02+00:00
SAO_2523-10,São Paulo,3550308,True,Cidade de Caieiras,250,https://moovitapp.com/index/pt-br/transporte_p%C3%BAblico-line-250-Sao_Paulo-242-868761-752902-0,5.0,-23.5182095,-46.475659,,,,1,2023-06-20T05:26:48+00:00
SAO_2523-10,São Paulo,3550308,True,Cidade de Caieiras,250,https://moovitapp.com/index/pt-br/transporte_p%C3%BAblico-line-250-Sao_Paulo-242-868761-752902-0,5.0,-23.5182095,-46.475659,,,,1,2023-06-20T05:27:04+00:00
SAO_2523-10,São Paulo,3550308,True,Cidade de Caieiras,250,https://moovitapp.com/index/pt-br/transporte_p%C3%BAblico-line-250-Sao_Paulo-242-868761-752902-0,5.0,-23.5182095,-46.475659,,,,1,2023-06-20T05:26:47+00:00
SAO_2127-10,São Paulo,3550308,True,,693,,,-23.503834,-46.5978025,,,,1,2023-06-20T05:25:09+00:00
SAO_2127-10,São Paulo,3550308,True,,693,,,-23.55598125,-46.634207,,,,1,2023-06-20T05:27:12+00:00
SAO_2724-10,São Paulo,3550308,True,,938,,,-23.5396445,-46.483602,,,,1,2023-06-20T05:27:03+00:00
SAO_2724-10,São Paulo,3550308,True,,938,,,-23.5396445,-46.483602,,,,1,2023-06-20T05:27:22+00:00
SAO_2724-10,São Paulo,3550308,True,,938,,,-23.5396445,-46.483602,,,,1,2023-06-20T05:27:13+00:00
SAO_2724-10,São Paulo,3550308,True,,938,,,-23.5396445,-46.483602,,,,1,2023-06-20T05:27:14+00:00
SAO_2724-10,São Paulo,3550308,True,,938,,,-23.528216999999998,-46.472147250000006,,,,1,2023-06-20T05:27:23+00:00
SAO_2714-10,São Paulo,3550308,True,,927,,,-23.5261115,-46.52957325,,,,1,2023-06-20T05:27:00+00:00
SAO_2714-10,São Paulo,3550308,True,,927,,,-23.5313415,-46.529821,,,,1,2023-06-20T05:26:54+00:00
SAO_6045-21,São Paulo,3550308,True,,34932,,,-23.6597115,-46.766908,,,,2,2023-06-20T05:26:46+00:00
SAO_6045-21,São Paulo,3550308,True,,34932,,,-23.698768,-46.796265500000004,,,,2,2023-06-20T05:27:17+00:00
SAO_2705-10,São Paulo,3550308,True,,33685,,,-23.542885750000003,-46.42439475,,,,2,2023-06-20T05:25:42+00:00
SAO_2705-10,São Paulo,3550308,True,,33685,,,-23.543388,-46.469908000000004,,,,2,2023-06-20T05:26:52+00:00
SAO_627J-10,São Paulo,3550308,True,,2056,,,-23.682060999999997,-46.633000499999994,,,,1,2023-06-20T05:27:09+00:00
SAO_807M-10,São Paulo,3550308,True,,1916,,,-23.601028499999998,-46.716111,,,,1,2023-06-20T05:27:00+00:00
SAO_807M-10,São Paulo,3550308,True,,1916,,,-23.630086,-46.770185999999995,,,,1,2023-06-20T05:27:13+00:00
SAO_807M-10,São Paulo,3550308,True,,1916,,,-23.6185725,-46.6991085,,,,1,2023-06-20T05:26:47+00:00
SAO_3768-10,São Paulo,3550308,True,,33824,,,-23.588095,-46.380632,,,,2,2023-06-20T05:26:53+00:00
SAO_3768-10,São Paulo,3550308,True,,33824,,,-23.586175500000003,-46.3863525,,,,2,2023-06-20T05:27:00+00:00
SAO_3768-10,São Paulo,3550308,True,,33824,,,-23.56411225,-46.409397500000004,,,,2,2023-06-20T05:27:26+00:00
SAO_3768-10,São Paulo,3550308,True,,33824,,,-23.586175500000003,-46.3863525,,,,2,2023-06-20T05:27:05+00:00
SAO_7063-10,São Paulo,3550308,True,,34667,,,-23.65178525,-46.78974675,,,,2,2023-06-20T05:27:16+00:00
SAO_6043-10,São Paulo,3550308,True,,33988,,,-23.65985575,-46.754189,,,,2,2023-06-20T05:27:23+00:00
SAO_6043-10,São Paulo,3550308,True,,33988,,,-23.65332575,-46.74067475,,,,2,2023-06-20T05:27:12+00:00
SAO_6970-10,São Paulo,3550308,True,,34273,,,-23.666880499999998,-46.712041,,,,2,2023-06-20T05:26:54+00:00
SAO_6970-10,São Paulo,3550308,True,,34273,,,-23.734917,-46.6958665,,,,2,2023-06-20T05:26:49+00:00
SAO_675M-10,São Paulo,3550308,True,,32876,,,-23.678064999999997,-46.6840695,,,,2,2023-06-20T05:27:11+00:00
SAO_675M-10,São Paulo,3550308,True,,32876,,,-23.64675425,-46.645568,,,,2,2023-06-20T05:27:18+00:00
SAO_675M-10,São Paulo,3550308,True,,32876,,,-23.723359000000002,-46.6796825,,,,2,2023-06-20T05:23:39+00:00
SAO_6093-10,São Paulo,3550308,True,,34353,,,-23.769605,-46.7179785,,,,2,2023-06-20T05:27:09+00:00
SAO_6093-10,São Paulo,3550308,True,,34353,,,-23.8288865,-46.7245655,,,,2,2023-06-20T05:26:54+00:00
SAO_8073-10,São Paulo,3550308,True,,34849,,,-23.599168,-46.766690999999994,,,,2,2023-06-20T05:27:16+00:00
SAO_8073-10,São Paulo,3550308,True,,34849,,,-23.586039,-46.74803,,,,2,2023-06-20T05:27:12+00:00
SAO_6805-10,São Paulo,3550308,True,,32799,,,-23.65455275,-46.741048,,,,2,2023-06-20T05:27:13+00:00
SAO_3735-41,São Paulo,3550308,True,,1920,,,-23.5497695,-46.4928965,,,,1,2023-06-20T05:27:04+00:00
SAO_9188-10,São Paulo,3550308,True,EMTU,809,https://moovitapp.com/index/pt-br/transporte_p%C3%BAblico-line-809-Sao_Paulo-242-2038937-119858519-0,5.2,-23.454766,-46.728925,,,,1,2023-06-20T05:27:17+00:00
SAO_9188-10,São Paulo,3550308,True,EMTU,809,https://moovitapp.com/index/pt-br/transporte_p%C3%BAblico-line-809-Sao_Paulo-242-2038937-119858519-0,5.2,-23.5183395,-46.701709,,,,1,2023-06-20T05:27:04+00:00
SAO_9188-10,São Paulo,3550308,True,EMTU,809,https://moovitapp.com/index/pt-br/transporte_p%C3%BAblico-line-809-Sao_Paulo-242-2038937-119858519-0,5.2,-23.45036275,-46.727939,,,,1,2023-06-20T05:27:15+00:00
SAO_2013-10,São Paulo,3550308,True,,899,,,-23.4604085,-46.671524500000004,,,,1,2023-06-20T05:26:58+00:00
SAO_2013-10,São Paulo,3550308,True,,899,,,-23.468255499999998,-46.67029,,,,1,2023-06-20T05:26:54+00:00
SAO_2013-10,São Paulo,3550308,True,,899,,,-23.472319999999996,-46.6704065,,,,1,2023-06-20T05:27:27+00:00
SAO_8538-10,São Paulo,3550308,True,,34127,,,-23.494187,-46.701702,,,,2,2023-06-20T05:27:00+00:00
SAO_4311-10,São Paulo,3550308,True,,2171,,,-23.598292,-46.4679665,,,,1,2023-06-20T05:27:10+00:00
SAO_4311-10,São Paulo,3550308,True,,2171,,,-23.574593999999998,-46.5030645,,,,1,2023-06-20T05:26:52+00:00
SAO_4311-10,São Paulo,3550308,True,,2171,,,-23.535632,-46.54746475,,,,1,2023-06-20T05:25:47+00:00
SAO_172X-10,São Paulo,3550308,True,,33629,,,-23.50426375,-46.565462249999996,,,,2,2023-06-20T05:23:50+00:00
SAO_172X-10,São Paulo,3550308,True,,33629,,,-23.50426375,-46.565462249999996,,,,2,2023-06-20T05:26:29+00:00
SAO_172X-10,São Paulo,3550308,True,,33629,,,-23.52557925,-46.5628035,,,,2,2023-06-20T05:27:09+00:00
SAO_172X-10,São Paulo,3550308,True,,33629,,,-23.5043195,-46.56510075,,,,2,2023-06-20T05:26:53+00:00
SAO_172X-10,São Paulo,3550308,True,,33629,,,-23.50426375,-46.565462249999996,,,,2,2023-06-20T05:25:46+00:00
SAO_7052-10,São Paulo,3550308,True,,34654,,,-23.652754,-46.773064500000004,,,,2,2023-06-20T05:27:23+00:00
SAO_7052-10,São Paulo,3550308,True,,34654,,,-23.64871,-46.773607999999996,,,,2,2023-06-20T05:27:16+00:00
SAO_7011-31,São Paulo,3550308,True,,34722,,,-23.697633,-46.783612500000004,,,,2,2023-06-20T05:26:57+00:00
SAO_7011-31,São Paulo,3550308,True,,34722,,,-23.677212500000003,-46.760749000000004,,,,2,2023-06-20T05:27:28+00:00
SAO_7011-31,São Paulo,3550308,True,,34722,,,-23.707812,-46.7918005,,,,2,2023-06-20T05:27:29+00:00
SAO_3462-10,São Paulo,3550308,True,,33015,,,-23.52347725,-46.512134249999995,,,,2,2023-06-20T05:27:20+00:00
SAO_3462-10,São Paulo,3550308,True,,33015,,,-23.528205749999998,-46.4548745,,,,2,2023-06-20T05:26:52+00:00
SAO_8548-10,São Paulo,3550308,True,EMTU,578,https://moovitapp.com/index/pt-br/transporte_p%C3%BAblico-line-578-Sao_Paulo-242-2038937-36419568-0,5.4,-23.4473105,-46.7155255,,,,1,2023-06-20T05:27:02+00:00
SAO_8548-10,São Paulo,3550308,True,EMTU,578,https://moovitapp.com/index/pt-br/transporte_p%C3%BAblico-line-578-Sao_Paulo-242-2038937-36419568-0,5.4,-23.506334625,-46.68914550000001,,,,1,2023-06-20T05:27:26+00:00
SAO_978T-10,São Paulo,3550308,True,,33657,,,-23.515483,-46.690391,,,,2,2023-06-20T05:27:13+00:00
SAO_978T-10,São Paulo,3550308,True,,33657,,,-23.460771,-46.6948345,,,,2,2023-06-20T05:26:36+00:00
SAO_978T-10,São Paulo,3550308,True,,33657,,,-23.469084000000002,-46.6953355,,,,2,2023-06-20T05:27:13+00:00
SAO_978T-10,São Paulo,3550308,True,,33657,,,-23.4847205,-46.691463,,,,2,2023-06-20T05:27:20+00:00
SAO_978T-10,São Paulo,3550308,True,,33657,,,-23.522840499999997,-46.697004625000005,,,,2,2023-06-20T05:27:12+00:00
SAO_978T-10,São Paulo,3550308,True,,33657,,,-23.526267500000003,-46.667531499999996,,,,2,2023-06-20T05:26:54+00:00
SAO_1778-10,São Paulo,3550308,True,,34557,,,-23.4583385,-46.6024095,,,,2,2023-06-20T05:26:44+00:00
SAO_1778-10,São Paulo,3550308,True,,34557,,,-23.467172,-46.56877125,,,,2,2023-06-20T05:27:08+00:00
SAO_1896-10,São Paulo,3550308,True,,2520,,,-23.525216,-46.683388875,,,,1,2023-06-20T05:26:53+00:00
SAO_1896-10,São Paulo,3550308,True,,2520,,,-23.4968535,-46.727804,,,,1,2023-06-20T05:27:06+00:00
SAO_8009-10,São Paulo,3550308,True,,1259,,,-23.487392,-46.7353445,,,,1,2023-06-20T05:27:01+00:00
SAO_3725-10,São Paulo,3550308,True,,33790,,,-23.5497205,-46.520276749999994,,,,2,2023-06-20T05:27:06+00:00
SAO_3725-10,São Paulo,3550308,True,,33790,,,-23.533086,-46.530659,,,,2,2023-06-20T05:27:24+00:00
SAO_6L05-10,São Paulo,3550308,True,,33941,,,-23.868626,-46.679505500000005,,,,2,2023-06-20T05:23:46+00:00
SAO_6L05-10,São Paulo,3550308,True,,33941,,,-23.828203,-46.726499000000004,,,,2,2023-06-20T05:27:14+00:00
SAO_179X-10,São Paulo,3550308,True,,33448,,,-23.517211125,-46.62507725,,,,2,2023-06-20T05:26:59+00:00
SAO_179X-10,São Paulo,3550308,True,,33448,,,-23.43905,-46.5802925,,,,2,2023-06-20T05:27:09+00:00
SAO_179X-10,São Paulo,3550308,True,,33448,,,-23.527011,-46.665532,,,,2,2023-06-20T05:27:07+00:00
SAO_179X-10,São Paulo,3550308,True,,33448,,,-23.49187675,-46.60020575,,,,2,2023-06-20T05:27:29+00:00
SAO_179X-10,São Paulo,3550308,True,,33448,,,-23.526021999999998,-46.6689175,,,,2,2023-06-20T05:27:21+00:00
SAO_2026-10,São Paulo,3550308,True,,2269,,,-23.512747,-46.5637975,,,,1,2023-06-20T05:27:19+00:00
SAO_2026-10,São Paulo,3550308,True,,2269,,,-23.46812525,-46.581925625,,,,1,2023-06-20T05:24:33+00:00
SAO_211V-10,São Paulo,3550308,True,EMTU,154,https://moovitapp.com/index/pt-br/transporte_p%C3%BAblico-line-154-Sao_Paulo-242-2038937-36419300-0,6.8,-23.491421125000002,-46.485100375,,,,1,2023-06-20T05:24:54+00:00
SAO_2006-10,São Paulo,3550308,True,,33663,,,-23.4918575,-46.3875085,,,,2,2023-06-20T05:27:26+00:00
SAO_6338-10,São Paulo,3550308,True,,34061,,,-23.590584,-46.651704,,,,2,2023-06-20T05:27:03+00:00
SAO_6338-10,São Paulo,3550308,True,,34061,,,-23.6294665,-46.646352,,,,2,2023-06-20T05:27:10+00:00
SAO_6338-10,São Paulo,3550308,True,,34061,,,-23.664089,-46.650504,,,,2,2023-06-20T05:27:18+00:00
SAO_3745-10,São Paulo,3550308,True,,1044,,,-23.553335,-46.5287365,,,,1,2023-06-20T05:27:23+00:00
SAO_3745-10,São Paulo,3550308,True,,1044,,,-23.590174,-46.5065245,,,,1,2023-06-20T05:27:15+00:00
SAO_3745-10,São Paulo,3550308,True,,1044,,,-23.584799,-46.522501,,,,1,2023-06-20T05:26:56+00:00
SAO_3745-10,São Paulo,3550308,True,,1044,,,-23.54132,-46.57769475,,,,1,2023-06-20T05:26:56+00:00
SAO_2734-10,São Paulo,3550308,True,,1760,,,-23.5397395,-46.462922500000005,,,,1,2023-06-20T05:26:58+00:00
SAO_2734-10,São Paulo,3550308,True,,1760,,,-23.512009,-46.40866,,,,1,2023-06-20T05:25:54+00:00
SAO_2734-10,São Paulo,3550308,True,,1760,,,-23.512009,-46.40866,,,,1,2023-06-20T05:27:06+00:00
SAO_2734-10,São Paulo,3550308,True,,1760,,,-23.512009,-46.40866,,,,1,2023-06-20T05:27:07+00:00
SAO_637G-10,São Paulo,3550308,True,EMTU,101,https://moovitapp.com/index/pt-br/transporte_p%C3%BAblico-line-101-Sao_Paulo-242-2038937-36419264-0,4.8,-23.644592125000003,-46.700327,,,,1,2023-06-20T05:27:22+00:00
SAO_637G-10,São Paulo,3550308,True,EMTU,101,https://moovitapp.com/index/pt-br/transporte_p%C3%BAblico-line-101-Sao_Paulo-242-2038937-36419264-0,4.8,-23.7537615,-46.6807515,,,,1,2023-06-20T05:27:29+00:00
SAO_637G-10,São Paulo,3550308,True,EMTU,101,https://moovitapp.com/index/pt-br/transporte_p%C3%BAblico-line-101-Sao_Paulo-242-2038937-36419264-0,4.8,-23.56862075,-46.69213975,,,,1,2023-06-20T05:27:30+00:00
SAO_8026-10,São Paulo,3550308,True,,2083,,,-23.5915995,-46.735897,,,,1,2023-06-20T05:27:17+00:00
SAO_8026-10,São Paulo,3550308,True,,2083,,,-23.61324825,-46.741144500000004,,,,1,2023-06-20T05:27:10+00:00
SAO_8026-10,São Paulo,3550308,True,,2083,,,-23.5937405,-46.741873,,,,1,2023-06-20T05:27:24+00:00
SAO_8026-10,São Paulo,3550308,True,,2083,,,-23.6288495,-46.7448785,,,,1,2023-06-20T05:27:13+00:00
SAO_7050-10,São Paulo,3550308,True,,34652,,,-23.658400999999998,-46.78931475,,,,2,2023-06-20T05:27:19+00:00
SAO_5175-10,São Paulo,3550308,True,,593,,,-23.561073999999998,-46.643897875,,,,1,2023-06-20T05:26:46+00:00
SAO_5175-10,São Paulo,3550308,True,,593,,,-23.698710499999997,-46.647746,,,,1,2023-06-20T05:27:15+00:00
SAO_5175-10,São Paulo,3550308,True,,593,,,-23.702023,-46.645880000000005,,,,1,2023-06-20T05:24:13+00:00
SAO_5175-10,São Paulo,3550308,True,,593,,,-23.656559,-46.679676,,,,1,2023-06-20T05:27:03+00:00
SAO_971C-10,São Paulo,3550308,True,,33339,,,-23.449078,-46.710038,,,,2,2023-06-20T05:27:27+00:00
SAO_971C-10,São Paulo,3550308,True,,33339,,,-23.448803499999997,-46.710332,,,,2,2023-06-20T05:26:59+00:00
SAO_971C-10,São Paulo,3550308,True,,33339,,,-23.4547725,-46.695882499999996,,,,2,2023-06-20T05:26:50+00:00
SAO_971C-10,São Paulo,3550308,True,,33339,,,-23.486776,-46.652815000000004,,,,2,2023-06-20T05:26:46+00:00
SAO_971C-10,São Paulo,3550308,True,,33339,,,-23.448566,-46.710387999999995,,,,2,2023-06-20T05:27:26+00:00
SAO_9004-10,São Paulo,3550308,True,,33639,,,-23.462374875000002,-46.672637249999994,,,,2,2023-06-20T05:26:43+00:00
SAO_9004-10,São Paulo,3550308,True,,33639,,,-23.457427,-46.6851585,,,,2,2023-06-20T05:26:51+00:00
SAO_9004-10,São Paulo,3550308,True,,33639,,,-23.4567555,-46.6849275,,,,2,2023-06-20T05:27:15+00:00
SAO_1178-31,São Paulo,3550308,True,,1812,,,-23.5330695,-46.633063750000005,,,,1,2023-06-20T05:27:27+00:00
SAO_1178-31,São Paulo,3550308,True,,1812,,,-23.508125999999997,-46.534725,,,,1,2023-06-20T05:27:23+00:00
SAO_1178-31,São Paulo,3550308,True,,1812,,,-23.49228025,-46.454025,,,,1,2023-06-20T05:27:16+00:00
SAO_5164-10,São Paulo,3550308,True,,34051,,,-23.64119125,-46.665567249999995,,,,2,2023-06-20T05:27:21+00:00
SAO_5164-10,São Paulo,3550308,True,,34051,,,-23.608994,-46.63794125,,,,2,2023-06-20T05:27:22+00:00
SAO_4032-10,São Paulo,3550308,True,,33870,,,-23.61800125,-46.63223475,,,,2,2023-06-20T05:27:29+00:00
SAO_4032-10,São Paulo,3550308,True,,33870,,,-23.60267725,-46.647532,,,,2,2023-06-20T05:26:51+00:00
SAO_4032-10,São Paulo,3550308,True,,33870,,,-23.62781275,-46.600421,,,,2,2023-06-20T05:27:19+00:00
SAO_848L-10,São Paulo,3550308,True,EMTU,808,https://moovitapp.com/index/pt-br/transporte_p%C3%BAblico-line-808-Sao_Paulo-242-2038937-36419584-0,4.8,-23.4457985,-46.722638,,,,1,2023-06-20T05:26:58+00:00
SAO_695D-10,São Paulo,3550308,True,,32882,,,-23.65505625,-46.668234,,,,2,2023-06-20T05:26:51+00:00
SAO_695D-10,São Paulo,3550308,True,,32882,,,-23.726048,-46.6910505,,,,2,2023-06-20T05:27:10+00:00
SAO_273J-10,São Paulo,3550308,True,,33157,,,-23.479006,-46.384915,,,,2,2023-06-20T05:26:54+00:00
SAO_273J-10,São Paulo,3550308,True,,33157,,,-23.4945855,-46.443143,,,,2,2023-06-20T05:27:17+00:00
SAO_273J-10,São Paulo,3550308,True,,33157,,,-23.5230005,-46.5224595,,,,2,2023-06-20T05:26:56+00:00
SAO_273J-10,São Paulo,3550308,True,,33157,,,-23.489050375,-46.436514125,,,,2,2023-06-20T05:27:05+00:00
SAO_129F-10,São Paulo,3550308,True,,2304,,,-23.493435124999998,-46.7007555,,,,1,2023-06-20T05:27:09+00:00
SAO_129F-10,São Paulo,3550308,True,,2304,,,-23.525753,-46.671915,,,,1,2023-06-20T05:27:30+00:00
SAO_971D-10,São Paulo,3550308,True,,709,,,-23.4804065,-46.65626,,,,1,2023-06-20T05:27:25+00:00
SAO_971D-10,São Paulo,3550308,True,,709,,,-23.463628,-46.6811755,,,,1,2023-06-20T05:27:24+00:00
SAO_971D-10,São Paulo,3550308,True,,709,,,-23.4491145,-46.6981185,,,,1,2023-06-20T05:27:22+00:00
SAO_971D-10,São Paulo,3550308,True,,709,,,-23.4579515,-46.69050525,,,,1,2023-06-20T05:26:57+00:00
SAO_971D-10,São Paulo,3550308,True,,709,,,-23.5092225,-46.6166215,,,,1,2023-06-20T05:27:24+00:00
SAO_9002-10,São Paulo,3550308,True,,33638,,,-23.458088500000002,-46.6717525,,,,2,2023-06-20T05:27:26+00:00
SAO_9002-10,São Paulo,3550308,True,,33638,,,-23.458088500000002,-46.6717525,,,,2,2023-06-20T05:27:23+00:00
SAO_7411-10,São Paulo,3550308,True,,1376,,,-23.565445500000003,-46.71235625,,,,1,2023-06-20T05:27:12+00:00
SAO_N203-11,São Paulo,3550308,True,,2313,,,-23.480144,-46.6024375,,,,1,2023-06-20T05:27:22+00:00
SAO_6092-10,São Paulo,3550308,True,,33945,,,-23.757704,-46.684599250000005,,,,2,2023-06-20T05:26:47+00:00
SAO_6092-10,São Paulo,3550308,True,,33945,,,-23.778222,-46.68462275,,,,2,2023-06-20T05:27:05+00:00
SAO_3020-10,São Paulo,3550308,True,,958,,,-23.5504205,-46.4362705,,,,1,2023-06-20T05:27:29+00:00
SAO_3020-10,São Paulo,3550308,True,,958,,,-23.5581635,-46.47363,,,,1,2023-06-20T05:27:12+00:00
SAO_3020-10,São Paulo,3550308,True,,958,,,-23.563811,-46.5022595,,,,1,2023-06-20T05:27:07+00:00
SAO_6816-10,São Paulo,3550308,True,BR7 Mobilidade,26,https://moovitapp.com/index/pt-br/transporte_p%C3%BAblico-line-26-Sao_Paulo-242-851856-577923-0,5.75,-23.653212,-46.7764515,,,,1,2023-06-20T05:26:56+00:00
SAO_6816-10,São Paulo,3550308,True,BR7 Mobilidade,26,https://moovitapp.com/index/pt-br/transporte_p%C3%BAblico-line-26-Sao_Paulo-242-851856-577923-0,5.75,-23.6488825,-46.784435,,,,1,2023-06-20T05:27:05+00:00
SAO_6816-10,São Paulo,3550308,True,BR7 Mobilidade,26,https://moovitapp.com/index/pt-br/transporte_p%C3%BAblico-line-26-Sao_Paulo-242-851856-577923-0,5.75,-23.653551,-46.777357,,,,1,2023-06-20T05:26:53+00:00
SAO_3778-10,São Paulo,3550308,True,,1062,,,-23.569554,-46.486423,,,,1,2023-06-20T05:26:47+00:00
SAO_3778-10,São Paulo,3550308,True,,1062,,,-23.576254,-46.4927795,,,,1,2023-06-20T05:26:45+00:00
SAO_3778-10,São Paulo,3550308,True,,1062,,,-23.538609,-46.564543,,,,1,2023-06-20T05:26:54+00:00
SAO_3778-10,São Paulo,3550308,True,,1062,,,-23.5586655,-46.5214805,,,,1,2023-06-20T05:27:25+00:00
SAO_3778-10,São Paulo,3550308,True,,1062,,,-23.542620499999998,-46.5481845,,,,1,2023-06-20T05:27:00+00:00
SAO_9301-10,São Paulo,3550308,True,,33226,,,-23.4954665,-46.661544,,,,2,2023-06-20T05:27:06+00:00
SAO_4086-10,São Paulo,3550308,True,,35018,,,-23.582958499999997,-46.408029,,,,2,2023-06-20T05:26:51+00:00
SAO_4086-10,São Paulo,3550308,True,,35018,,,-23.597698,-46.3920605,,,,2,2023-06-20T05:26:58+00:00
SAO_5185-10,São Paulo,3550308,True,,1308,,,-23.559811500000002,-46.642827499999996,,,,1,2023-06-20T05:27:15+00:00
SAO_5185-10,São Paulo,3550308,True,,1308,,,-23.615697,-46.66005875,,,,1,2023-06-20T05:27:05+00:00
SAO_9047-10,São Paulo,3550308,True,STT,883,https://moovitapp.com/index/pt-br/transporte_p%C3%BAblico-line-883-Sao_Paulo-242-850661-183365-0,5.3,-23.512051,-46.705403000000004,,,,1,2023-06-20T05:26:46+00:00
SAO_9047-10,São Paulo,3550308,True,STT,883,https://moovitapp.com/index/pt-br/transporte_p%C3%BAblico-line-883-Sao_Paulo-242-850661-183365-0,5.3,-23.461924,-46.7135085,,,,1,2023-06-20T05:27:03+00:00
SAO_9047-10,São Paulo,3550308,True,STT,883,https://moovitapp.com/index/pt-br/transporte_p%C3%BAblico-line-883-Sao_Paulo-242-850661-183365-0,5.3,-23.461478,-46.7084365,,,,1,2023-06-20T05:27:17+00:00
SAO_263J-10,São Paulo,3550308,True,,32987,,,-23.5395915,-46.439496500000004,,,,2,2023-06-20T05:27:23+00:00
SAO_263J-10,São Paulo,3550308,True,,32987,,,-23.5221795,-46.53074975,,,,2,2023-06-20T05:27:06+00:00
SAO_263J-10,São Paulo,3550308,True,,32987,,,-23.529558625,-46.4739835,,,,2,2023-06-20T05:27:28+00:00
SAO_263J-10,São Paulo,3550308,True,,32987,,,-23.5490805,-46.431439,,,,2,2023-06-20T05:27:30+00:00
SAO_6726-10,São Paulo,3550308,True,,33961,,,-23.734559,-46.663270499999996,,,,2,2023-06-20T05:27:23+00:00
SAO_6726-10,São Paulo,3550308,True,,33961,,,-23.74375,-46.691297,,,,2,2023-06-20T05:26:57+00:00
SAO_9300-10,São Paulo,3550308,True,,32884,,,-23.496948500000002,-46.66255175,,,,2,2023-06-20T05:26:48+00:00
SAO_9300-10,São Paulo,3550308,True,,32884,,,-23.530237125,-46.64692375,,,,2,2023-06-20T05:27:21+00:00
SAO_3001-10,São Paulo,3550308,True,,34418,,,-23.51342975,-46.376079499999996,,,,2,2023-06-20T05:27:29+00:00
SAO_3001-10,São Paulo,3550308,True,,34418,,,-23.510861,-46.3786585,,,,2,2023-06-20T05:26:29+00:00
SAO_7060-10,São Paulo,3550308,True,,1889,,,-23.653551,-46.777357,,,,1,2023-06-20T05:27:03+00:00
SAO_7060-10,São Paulo,3550308,True,,1889,,,-23.652925,-46.777986999999996,,,,1,2023-06-20T05:27:08+00:00
SAO_7060-10,São Paulo,3550308,True,,1889,,,-23.685214000000002,-46.800338999999994,,,,1,2023-06-20T05:27:09+00:00
SAO_273X-10,São Paulo,3550308,True,EMTU,392,https://moovitapp.com/index/pt-br/transporte_p%C3%BAblico-line-392-Sao_Paulo-242-2038937-36419460-0,5.8,-23.500985999999997,-46.470323750000006,,,,1,2023-06-20T05:27:25+00:00
SAO_273X-10,São Paulo,3550308,True,EMTU,392,https://moovitapp.com/index/pt-br/transporte_p%C3%BAblico-line-392-Sao_Paulo-242-2038937-36419460-0,5.8,-23.4957865,-46.45256675,,,,1,2023-06-20T05:27:01+00:00
SAO_273X-10,São Paulo,3550308,True,EMTU,392,https://moovitapp.com/index/pt-br/transporte_p%C3%BAblico-line-392-Sao_Paulo-242-2038937-36419460-0,5.8,-23.491642499999998,-46.387237999999996,,,,1,2023-06-20T05:26:54+00:00
SAO_273X-10,São Paulo,3550308,True,EMTU,392,https://moovitapp.com/index/pt-br/transporte_p%C3%BAblico-line-392-Sao_Paulo-242-2038937-36419460-0,5.8,-23.494584,-46.425981500000006,,,,1,2023-06-20T05:27:26+00:00
SAO_273X-10,São Paulo,3550308,True,EMTU,392,https://moovitapp.com/index/pt-br/transporte_p%C3%BAblico-line-392-Sao_Paulo-242-2038937-36419460-0,5.8,-23.50414875,-46.472988125,,,,1,2023-06-20T05:27:02+00:00
SAO_736I-10,São Paulo,3550308,True,STT,781,https://moovitapp.com/index/pt-br/transporte_p%C3%BAblico-line-781-Sao_Paulo-242-850661-183349-0,5.3,-23.632875,-46.7479035,,,,1,2023-06-20T05:27:12+00:00
SAO_736I-10,São Paulo,3550308,True,STT,781,https://moovitapp.com/index/pt-br/transporte_p%C3%BAblico-line-781-Sao_Paulo-242-850661-183349-0,5.3,-23.6498405,-46.707801,,,,1,2023-06-20T05:26:26+00:00
SAO_736I-10,São Paulo,3550308,True,STT,781,https://moovitapp.com/index/pt-br/transporte_p%C3%BAblico-line-781-Sao_Paulo-242-850661-183349-0,5.3,-23.634751,-46.7527015,,,,1,2023-06-20T05:26:52+00:00
SAO_736I-10,São Paulo,3550308,True,STT,781,https://moovitapp.com/index/pt-br/transporte_p%C3%BAblico-line-781-Sao_Paulo-242-850661-183349-0,5.3,-23.64951875,-46.70788325,,,,1,2023-06-20T05:27:19+00:00
SAO_N737-11,São Paulo,3550308,True,,35186,,,-23.690812,-46.77459,,,,2,2023-06-20T05:27:21+00:00
SAO_8014-10,São Paulo,3550308,True,,33569,,,-23.40465475,-46.73857375,,,,2,2023-06-20T05:27:09+00:00
SAO_8014-10,São Paulo,3550308,True,,33569,,,-23.44348,-46.7916065,,,,2,2023-06-20T05:26:47+00:00
SAO_8014-10,São Paulo,3550308,True,,33569,,,-23.44624,-46.7890905,,,,2,2023-06-20T05:26:47+00:00
SAO_2740-10,São Paulo,3550308,True,,1792,,,-23.486753999999998,-46.6201255,,,,1,2023-06-20T05:27:24+00:00
SAO_8319-10,São Paulo,3550308,True,,476,,,-23.53233375,-46.718114,,,,1,2023-06-20T05:27:27+00:00
SAO_8319-10,São Paulo,3550308,True,,476,,,-23.547003,-46.760853499999996,,,,1,2023-06-20T05:27:24+00:00
SAO_8319-10,São Paulo,3550308,True,,476,,,-23.549557,-46.744671,,,,1,2023-06-20T05:27:04+00:00
SAO_6072-10,São Paulo,3550308,True,,1588,,,-23.7665845,-46.7163125,,,,1,2023-06-20T05:27:30+00:00
SAO_6072-10,São Paulo,3550308,True,,1588,,,-23.822509,-46.706323999999995,,,,1,2023-06-20T05:27:04+00:00
SAO_6072-10,São Paulo,3550308,True,,1588,,,-23.768362,-46.716132,,,,1,2023-06-20T05:27:00+00:00
SAO_607C-10,São Paulo,3550308,True,,1977,,,-23.6896565,-46.635254,,,,1,2023-06-20T05:27:25+00:00
SAO_607C-10,São Paulo,3550308,True,,1977,,,-23.6450525,-46.671887,,,,1,2023-06-20T05:27:27+00:00
SAO_607C-10,São Paulo,3550308,True,,1977,,,-23.60250525,-46.69179025,,,,1,2023-06-20T05:27:05+00:00
SAO_607C-10,São Paulo,3550308,True,,1977,,,-23.6896565,-46.635254,,,,1,2023-06-20T05:26:57+00:00
SAO_3743-10,São Paulo,3550308,True,,33811,,,-23.578461500000003,-46.4808285,,,,2,2023-06-20T05:27:30+00:00
SAO_3743-10,São Paulo,3550308,True,,33811,,,-23.609576250000003,-46.4755425,,,,2,2023-06-20T05:27:07+00:00
SAO_714C-10,São Paulo,3550308,True,,487,,,-23.561224875,-46.683620125000004,,,,1,2023-06-20T05:26:50+00:00
SAO_714C-10,São Paulo,3550308,True,,487,,,-23.600596375,-46.7929245,,,,1,2023-06-20T05:27:12+00:00
SAO_8705-10,São Paulo,3550308,True,,2072,,,-23.5473665,-46.7605345,,,,1,2023-06-20T05:26:50+00:00
SAO_8705-10,São Paulo,3550308,True,,2072,,,-23.547649,-46.641011500000005,,,,1,2023-06-20T05:27:00+00:00
SAO_8705-10,São Paulo,3550308,True,,2072,,,-23.547646999999998,-46.760248000000004,,,,1,2023-06-20T05:27:01+00:00
SAO_8705-10,São Paulo,3550308,True,,2072,,,-23.5478735,-46.760012,,,,1,2023-06-20T05:26:54+00:00
SAO_8705-10,São Paulo,3550308,True,,2072,,,-23.565149,-46.744803625,,,,1,2023-06-20T05:27:23+00:00
SAO_8705-10,São Paulo,3550308,True,,2072,,,-23.5473665,-46.7605345,,,,1,2023-06-20T05:27:15+00:00
SAO_8705-10,São Paulo,3550308,True,,2072,,,-23.5585285,-46.668259,,,,1,2023-06-20T05:27:28+00:00
SAO_6055-10,São Paulo,3550308,True,,1146,,,-23.705854625,-46.700533875,,,,1,2023-06-20T05:27:06+00:00
SAO_6055-10,São Paulo,3550308,True,,1146,,,-23.6770645,-46.6809305,,,,1,2023-06-20T05:26:48+00:00
SAO_2721-10,São Paulo,3550308,True,,33702,,,-23.5187595,-46.4032295,,,,2,2023-06-20T05:27:19+00:00
SAO_2721-10,São Paulo,3550308,True,,33702,,,-23.52613225,-46.445848,,,,2,2023-06-20T05:26:55+00:00
SAO_2721-10,São Paulo,3550308,True,,33702,,,-23.495356,-46.4300755,,,,2,2023-06-20T05:27:31+00:00
SAO_5020-10,São Paulo,3550308,True,,34438,,,-23.608437375,-46.59128375,,,,2,2023-06-20T05:27:20+00:00
SAO_5020-10,São Paulo,3550308,True,,34438,,,-23.6029365,-46.6025015,,,,2,2023-06-20T05:26:59+00:00
SAO_3742-10,São Paulo,3550308,True,,33810,,,-23.58092925,-46.442563500000006,,,,2,2023-06-20T05:27:18+00:00
SAO_3742-10,São Paulo,3550308,True,,33810,,,-23.6044225,-46.434561,,,,2,2023-06-20T05:27:23+00:00
SAO_3742-10,São Paulo,3550308,True,,33810,,,-23.60477375,-46.434162,,,,2,2023-06-20T05:27:10+00:00
SAO_4015-10,São Paulo,3550308,True,,2188,,,-23.622330250000005,-46.475191624999994,,,,1,2023-06-20T05:27:20+00:00
SAO_6047-10,São Paulo,3550308,True,,1224,,,-23.6686645,-46.763990500000006,,,,1,2023-06-20T05:26:57+00:00
SAO_6047-10,São Paulo,3550308,True,,1224,,,-23.6687965,-46.764152499999994,,,,1,2023-06-20T05:26:46+00:00
SAO_6047-10,São Paulo,3550308,True,,1224,,,-23.645425250000002,-46.708923625000004,,,,1,2023-06-20T05:27:08+00:00
SAO_875C-10,São Paulo,3550308,True,,33246,,,-23.5308925,-46.714616500000005,,,,2,2023-06-20T05:27:29+00:00
SAO_875C-10,São Paulo,3550308,True,,33246,,,-23.590533,-46.672435750000005,,,,2,2023-06-20T05:26:59+00:00
SAO_875C-10,São Paulo,3550308,True,,33246,,,-23.578716749999998,-46.685893500000006,,,,2,2023-06-20T05:27:21+00:00
SAO_4017-10,São Paulo,3550308,True,,34958,,,-23.601313750000003,-46.399062,,,,2,2023-06-20T05:26:59+00:00
SAO_4017-10,São Paulo,3550308,True,,34958,,,-23.580644,-46.4041795,,,,2,2023-06-20T05:26:37+00:00
SAO_575C-10,São Paulo,3550308,True,,1686,,,-23.58096675,-46.5261245,,,,1,2023-06-20T05:27:11+00:00
SAO_575C-10,São Paulo,3550308,True,,1686,,,-23.583741500000002,-46.601492,,,,1,2023-06-20T05:26:47+00:00
SAO_5107-10,São Paulo,3550308,True,,34427,,,-23.5536485,-46.62729525,,,,2,2023-06-20T05:26:47+00:00
SAO_2522-10,São Paulo,3550308,True,Cidade de Caieiras,140,https://moovitapp.com/index/pt-br/transporte_p%C3%BAblico-line-140-Sao_Paulo-242-868761-496401-0,5.0,-23.52265825,-46.44285975,,,,1,2023-06-20T05:27:08+00:00
SAO_524M-10,São Paulo,3550308,True,,34399,,,-23.586201000000003,-46.517945,,,,2,2023-06-20T05:27:19+00:00
SAO_524M-10,São Paulo,3550308,True,,34399,,,-23.6044925,-46.499002000000004,,,,2,2023-06-20T05:27:10+00:00
SAO_524M-10,São Paulo,3550308,True,,34399,,,-23.614382,-46.501851,,,,2,2023-06-20T05:26:57+00:00
SAO_6017-10,São Paulo,3550308,True,,1206,,,-23.685542499999997,-46.770193500000005,,,,1,2023-06-20T05:27:29+00:00
SAO_6017-10,São Paulo,3550308,True,,1206,,,-23.646299499999998,-46.704412000000005,,,,1,2023-06-20T05:27:08+00:00
SAO_6017-10,São Paulo,3550308,True,,1206,,,-23.679985875,-46.764589875,,,,1,2023-06-20T05:26:51+00:00
SAO_9006-10,São Paulo,3550308,True,,33642,,,-23.4745815,-46.669976500000004,,,,2,2023-06-20T05:26:43+00:00
SAO_9006-10,São Paulo,3550308,True,,33642,,,-23.4653195,-46.6903695,,,,2,2023-06-20T05:27:23+00:00
SAO_1016-10,São Paulo,3550308,True,,33599,,,-23.486829999999998,-46.608361,,,,2,2023-06-20T05:27:26+00:00
SAO_1016-10,São Paulo,3550308,True,,33599,,,-23.513872,-46.6160225,,,,2,2023-06-20T05:27:12+00:00
SAO_1016-10,São Paulo,3550308,True,,33599,,,-23.452763500000003,-46.607663,,,,2,2023-06-20T05:23:57+00:00
SAO_2732-10,São Paulo,3550308,True,,33715,,,-23.540062499999998,-46.482594375,,,,2,2023-06-20T05:27:03+00:00
SAO_2732-10,São Paulo,3550308,True,,33715,,,-23.531118999999997,-46.4548755,,,,2,2023-06-20T05:27:02+00:00
SAO_2732-10,São Paulo,3550308,True,,33715,,,-23.539928500000002,-46.482043874999995,,,,2,2023-06-20T05:26:55+00:00
SAO_8004-10,São Paulo,3550308,True,,1254,,,-23.489958,-46.7503605,,,,1,2023-06-20T05:26:55+00:00
SAO_1786-10,São Paulo,3550308,True,,649,,,-23.49590225,-46.62386375,,,,1,2023-06-20T05:25:35+00:00
SAO_1786-10,São Paulo,3550308,True,,649,,,-23.446661,-46.6123605,,,,1,2023-06-20T05:27:00+00:00
SAO_1177-10,São Paulo,3550308,True,,32897,,,-23.5361185,-46.632417000000004,,,,2,2023-06-20T05:27:08+00:00
SAO_1177-10,São Paulo,3550308,True,,32897,,,-23.52388275,-46.60712475,,,,2,2023-06-20T05:27:11+00:00
SAO_1177-10,São Paulo,3550308,True,,32897,,,-23.5361185,-46.632417000000004,,,,2,2023-06-20T05:26:50+00:00
SAO_1177-10,São Paulo,3550308,True,,32897,,,-23.5361185,-46.632417000000004,,,,2,2023-06-20T05:27:03+00:00
SAO_1177-10,São Paulo,3550308,True,,32897,,,-23.5173865,-46.47583825,,,,2,2023-06-20T05:27:16+00:00
SAO_609F-10,São Paulo,3550308,True,BR7 Mobilidade,37,https://moovitapp.com/index/pt-br/transporte_p%C3%BAblico-line-37-Sao_Paulo-242-851856-596010-0,5.75,-23.625059,-46.7074195,,,,1,2023-06-20T05:27:21+00:00
SAO_609F-10,São Paulo,3550308,True,BR7 Mobilidade,37,https://moovitapp.com/index/pt-br/transporte_p%C3%BAblico-line-37-Sao_Paulo-242-851856-596010-0,5.75,-23.6620165,-46.7536115,,,,1,2023-06-20T05:27:28+00:00
SAO_609F-10,São Paulo,3550308,True,BR7 Mobilidade,37,https://moovitapp.com/index/pt-br/transporte_p%C3%BAblico-line-37-Sao_Paulo-242-851856-596010-0,5.75,-23.535300999999997,-46.64457,,,,1,2023-06-20T05:27:25+00:00
SAO_609F-10,São Paulo,3550308,True,BR7 Mobilidade,37,https://moovitapp.com/index/pt-br/transporte_p%C3%BAblico-line-37-Sao_Paulo-242-851856-596010-0,5.75,-23.54079,-46.642476,,,,1,2023-06-20T05:27:25+00:00
SAO_609F-10,São Paulo,3550308,True,BR7 Mobilidade,37,https://moovitapp.com/index/pt-br/transporte_p%C3%BAblico-line-37-Sao_Paulo-242-851856-596010-0,5.75,-23.570479,-46.662225500000005,,,,1,2023-06-20T05:27:17+00:00
SAO_3002-10,São Paulo,3550308,True,,34576,,,-23.497676,-46.398334250000005,,,,2,2023-06-20T05:26:11+00:00
SAO_3002-10,São Paulo,3550308,True,,34576,,,-23.5056965,-46.379317625,,,,2,2023-06-20T05:27:13+00:00
SAO_4052-10,São Paulo,3550308,True,,34913,,,-23.524988,-46.4346285,,,,2,2023-06-20T05:27:22+00:00
SAO_4052-10,São Paulo,3550308,True,,34913,,,-23.542564499999997,-46.41676,,,,2,2023-06-20T05:27:20+00:00
SAO_2025-10,São Paulo,3550308,True,,35035,,,-23.47171,-46.587204375,,,,2,2023-06-20T05:26:49+00:00
SAO_2025-10,São Paulo,3550308,True,,35035,,,-23.502243999999997,-46.623825,,,,2,2023-06-20T05:27:18+00:00
SAO_2025-10,São Paulo,3550308,True,,35035,,,-23.4507355,-46.57235675,,,,2,2023-06-20T05:26:46+00:00
SAO_7272-10,São Paulo,3550308,True,,1333,,,-23.5208515,-46.7036495,,,,1,2023-06-20T05:26:58+00:00
SAO_2725-10,São Paulo,3550308,True,,939,,,-23.5200645,-46.468615,,,,1,2023-06-20T05:27:10+00:00
SAO_2725-10,São Paulo,3550308,True,,939,,,-23.538571500000003,-46.479667750000004,,,,1,2023-06-20T05:26:44+00:00
SAO_2725-10,São Paulo,3550308,True,,939,,,-23.508830500000002,-46.4718535,,,,1,2023-06-20T05:27:13+00:00
SAO_2725-10,São Paulo,3550308,True,,939,,,-23.540045,-46.483149499999996,,,,1,2023-06-20T05:26:47+00:00
SAO_2725-10,São Paulo,3550308,True,,939,,,-23.540045,-46.483149499999996,,,,1,2023-06-20T05:27:27+00:00
SAO_2725-10,São Paulo,3550308,True,,939,,,-23.540045,-46.483149499999996,,,,1,2023-06-20T05:27:29+00:00
SAO_2725-10,São Paulo,3550308,True,,939,,,-23.540045,-46.483149499999996,,,,1,2023-06-20T05:26:54+00:00
SAO_N745-11,São Paulo,3550308,True,,35194,,,-23.656632000000002,-46.7632865,,,,2,2023-06-20T05:27:09+00:00
SAO_9009-10,São Paulo,3550308,True,,877,,,-23.436388,-46.713037,,,,1,2023-06-20T05:26:59+00:00
SAO_9009-10,São Paulo,3550308,True,,877,,,-23.447619500000002,-46.7088905,,,,1,2023-06-20T05:26:49+00:00
SAO_4015-10,São Paulo,3550308,True,,34956,,,-23.6128775,-46.476433,,,,2,2023-06-20T05:27:09+00:00
SAO_9653-10,São Paulo,3550308,True,,33356,,,-23.4580645,-46.6433105,,,,2,2023-06-20T05:27:30+00:00
SAO_9653-10,São Paulo,3550308,True,,33356,,,-23.524393500000002,-46.6497265,,,,2,2023-06-20T05:27:28+00:00
SAO_9653-10,São Paulo,3550308,True,,33356,,,-23.471363,-46.666101,,,,2,2023-06-20T05:26:52+00:00
SAO_971M-10,São Paulo,3550308,True,,33380,,,-23.47795525,-46.6436765,,,,2,2023-06-20T05:27:24+00:00
SAO_971M-10,São Paulo,3550308,True,,33380,,,-23.489911,-46.6884235,,,,2,2023-06-20T05:27:26+00:00
SAO_971M-10,São Paulo,3550308,True,,33380,,,-23.490305,-46.6886595,,,,2,2023-06-20T05:27:07+00:00
SAO_6052-10,São Paulo,3550308,True,,1144,,,-23.775509999999997,-46.691679,,,,1,2023-06-20T05:27:09+00:00
SAO_971A-10,São Paulo,3550308,True,,658,,,-23.50028175,-46.6361265,,,,1,2023-06-20T05:27:20+00:00
SAO_971A-10,São Paulo,3550308,True,,658,,,-23.522862,-46.623778,,,,1,2023-06-20T05:27:27+00:00
SAO_2770-10,São Paulo,3550308,True,,33011,,,-23.539380375,-46.431489625,,,,2,2023-06-20T05:27:16+00:00
SAO_546A-31,São Paulo,3550308,True,,1132,,,-23.693857,-46.677666,,,,1,2023-06-20T05:27:20+00:00
SAO_675L-10,São Paulo,3550308,True,,1478,,,-23.5969325,-46.655863,,,,1,2023-06-20T05:27:13+00:00
SAO_4729-10,São Paulo,3550308,True,,33876,,,-23.5881895,-46.532304999999994,,,,2,2023-06-20T05:26:47+00:00
SAO_4729-10,São Paulo,3550308,True,,33876,,,-23.591147,-46.507459999999995,,,,2,2023-06-20T05:27:03+00:00
SAO_4729-10,São Paulo,3550308,True,,33876,,,-23.57330725,-46.55962674999999,,,,2,2023-06-20T05:27:14+00:00
SAO_4729-10,São Paulo,3550308,True,,33876,,,-23.547874875,-46.58265725,,,,2,2023-06-20T05:27:24+00:00
SAO_917H-10,São Paulo,3550308,True,STT,456,https://moovitapp.com/index/pt-br/transporte_p%C3%BAblico-line-456-Sao_Paulo-242-850661-10416524-0,5.3,-23.589263,-46.634504,,,,1,2023-06-20T05:27:23+00:00
SAO_917H-10,São Paulo,3550308,True,STT,456,https://moovitapp.com/index/pt-br/transporte_p%C3%BAblico-line-456-Sao_Paulo-242-850661-10416524-0,5.3,-23.53544925,-46.7118885,,,,1,2023-06-20T05:26:57+00:00
SAO_917H-10,São Paulo,3550308,True,STT,456,https://moovitapp.com/index/pt-br/transporte_p%C3%BAblico-line-456-Sao_Paulo-242-850661-10416524-0,5.3,-23.507889,-46.7485735,,,,1,2023-06-20T05:27:22+00:00
SAO_917H-10,São Paulo,3550308,True,STT,456,https://moovitapp.com/index/pt-br/transporte_p%C3%BAblico-line-456-Sao_Paulo-242-850661-10416524-0,5.3,-23.488082749999997,-46.732628250000005,,,,1,2023-06-20T05:27:25+00:00
SAO_917H-10,São Paulo,3550308,True,STT,456,https://moovitapp.com/index/pt-br/transporte_p%C3%BAblico-line-456-Sao_Paulo-242-850661-10416524-0,5.3,-23.565439499999997,-46.651795875000005,,,,1,2023-06-20T05:27:20+00:00
SAO_917H-10,São Paulo,3550308,True,STT,456,https://moovitapp.com/index/pt-br/transporte_p%C3%BAblico-line-456-Sao_Paulo-242-850661-10416524-0,5.3,-23.48608,-46.7258125,,,,1,2023-06-20T05:27:03+00:00
SAO_917H-10,São Paulo,3550308,True,STT,456,https://moovitapp.com/index/pt-br/transporte_p%C3%BAblico-line-456-Sao_Paulo-242-850661-10416524-0,5.3,-23.589214499999997,-46.634663,,,,1,2023-06-20T05:26:54+00:00
SAO_917H-10,São Paulo,3550308,True,STT,456,https://moovitapp.com/index/pt-br/transporte_p%C3%BAblico-line-456-Sao_Paulo-242-850661-10416524-0,5.3,-23.48608,-46.7258125,,,,1,2023-06-20T05:27:20+00:00
SAO_917H-10,São Paulo,3550308,True,STT,456,https://moovitapp.com/index/pt-br/transporte_p%C3%BAblico-line-456-Sao_Paulo-242-850661-10416524-0,5.3,-23.589214499999997,-46.634663,,,,1,2023-06-20T05:27:04+00:00
SAO_1720-10,São Paulo,3550308,True,,863,,,-23.487226749999998,-46.565507,,,,1,2023-06-20T05:26:10+00:00
SAO_1720-10,São Paulo,3550308,True,,863,,,-23.4808475,-46.60323175,,,,1,2023-06-20T05:27:00+00:00
SAO_1720-10,São Paulo,3550308,True,,863,,,-23.447599,-46.6086385,,,,1,2023-06-20T05:27:20+00:00
SAO_513C-31,São Paulo,3550308,True,,35304,,,-23.5722345,-46.458498,,,,2,2023-06-20T05:24:20+00:00
SAO_3789-10,São Paulo,3550308,True,,1067,,,-23.590664,-46.407829,,,,1,2023-06-20T05:27:26+00:00
SAO_3789-10,São Paulo,3550308,True,,1067,,,-23.5958445,-46.434946499999995,,,,1,2023-06-20T05:26:59+00:00
SAO_3789-10,São Paulo,3550308,True,,1067,,,-23.54254,-46.4707135,,,,1,2023-06-20T05:27:06+00:00
SAO_3789-10,São Paulo,3550308,True,,1067,,,-23.570861999999998,-46.4591755,,,,1,2023-06-20T05:27:27+00:00
SAO_3789-10,São Paulo,3550308,True,,1067,,,-23.611663,-46.3964115,,,,1,2023-06-20T05:26:49+00:00
SAO_3789-10,São Paulo,3550308,True,,1067,,,-23.611982,-46.3961475,,,,1,2023-06-20T05:27:06+00:00
SAO_5106-21,São Paulo,3550308,True,,1972,,,-23.604503375,-46.67426225,,,,1,2023-06-20T05:26:57+00:00
SAO_5106-21,São Paulo,3550308,True,,1972,,,-23.648361,-46.640132,,,,1,2023-06-20T05:27:07+00:00
SAO_5106-21,São Paulo,3550308,True,,1972,,,-23.695130499999998,-46.655341,,,,1,2023-06-20T05:21:56+00:00
SAO_6822-10,São Paulo,3550308,True,Del Rey,22,https://moovitapp.com/index/pt-br/transporte_p%C3%BAblico-line-22-Sao_Paulo-242-868760-496394-0,4.5,-23.653328000000002,-46.791456,,,,1,2023-06-20T05:22:04+00:00
SAO_6822-10,São Paulo,3550308,True,Del Rey,22,https://moovitapp.com/index/pt-br/transporte_p%C3%BAblico-line-22-Sao_Paulo-242-868760-496394-0,4.5,-23.6540735,-46.7628415,,,,1,2023-06-20T05:26:50+00:00
SAO_6822-10,São Paulo,3550308,True,Del Rey,22,https://moovitapp.com/index/pt-br/transporte_p%C3%BAblico-line-22-Sao_Paulo-242-868760-496394-0,4.5,-23.653551,-46.777357,,,,1,2023-06-20T05:27:18+00:00
SAO_3718-10,São Paulo,3550308,True,,1013,,,-23.557025,-46.4865765,,,,1,2023-06-20T05:27:12+00:00
SAO_3718-10,São Paulo,3550308,True,,1013,,,-23.5531215,-46.491919499999995,,,,1,2023-06-20T05:26:51+00:00
SAO_5022-10,São Paulo,3550308,True,,1120,,,-23.672228,-46.638205,,,,1,2023-06-20T05:22:50+00:00
SAO_5022-10,São Paulo,3550308,True,,1120,,,-23.672228,-46.638205,,,,1,2023-06-20T05:27:03+00:00
SAO_5022-10,São Paulo,3550308,True,,1120,,,-23.66527225,-46.646952,,,,1,2023-06-20T05:27:25+00:00
SAO_8019-31,São Paulo,3550308,True,,2574,,,-23.547973,-46.7512055,,,,1,2023-06-20T05:27:06+00:00
SAO_8019-31,São Paulo,3550308,True,,2574,,,-23.59203575,-46.735672,,,,1,2023-06-20T05:27:10+00:00
SAO_8008-10,São Paulo,3550308,True,,1258,,,-23.488006,-46.7563015,,,,1,2023-06-20T05:27:25+00:00
SAO_8008-10,São Paulo,3550308,True,,1258,,,-23.486492,-46.725708499999996,,,,1,2023-06-20T05:27:11+00:00
SAO_2709-31,São Paulo,3550308,True,,923,,,-23.529663,-46.501053,,,,1,2023-06-20T05:26:52+00:00
SAO_3023-10,São Paulo,3550308,True,,33728,,,-23.57869325,-46.50291525,,,,2,2023-06-20T05:27:27+00:00
SAO_7006-10,São Paulo,3550308,True,,34763,,,-23.695859,-46.779673,,,,2,2023-06-20T05:27:02+00:00
SAO_7006-10,São Paulo,3550308,True,,34763,,,-23.750601,-46.777545,,,,2,2023-06-20T05:26:55+00:00
SAO_7006-10,São Paulo,3550308,True,,34763,,,-23.750621000000002,-46.7777445,,,,2,2023-06-20T05:27:11+00:00
SAO_6083-10,São Paulo,3550308,True,,34501,,,-23.737971,-46.6978485,,,,2,2023-06-20T05:27:22+00:00
SAO_6083-10,São Paulo,3550308,True,,34501,,,-23.7532605,-46.670314,,,,2,2023-06-20T05:26:46+00:00
SAO_5317-10,São Paulo,3550308,True,,32837,,,-23.5593225,-46.639075000000005,,,,2,2023-06-20T05:27:29+00:00
SAO_5317-10,São Paulo,3550308,True,,32837,,,-23.68360025,-46.69271275,,,,2,2023-06-20T05:27:03+00:00
SAO_5317-10,São Paulo,3550308,True,,32837,,,-23.6326475,-46.68952175,,,,2,2023-06-20T05:27:10+00:00
SAO_5317-10,São Paulo,3550308,True,,32837,,,-23.721109,-46.6798185,,,,2,2023-06-20T05:20:52+00:00
SAO_177Y-10,São Paulo,3550308,True,,867,,,-23.5659435,-46.701088999999996,,,,1,2023-06-20T05:27:12+00:00
SAO_177Y-10,São Paulo,3550308,True,,867,,,-23.546979999999998,-46.6769585,,,,1,2023-06-20T05:26:53+00:00
SAO_3738-10,São Paulo,3550308,True,,1038,,,-23.5630765,-46.394354,,,,1,2023-06-20T05:27:05+00:00
SAO_3738-10,São Paulo,3550308,True,,1038,,,-23.5680665,-46.397181,,,,1,2023-06-20T05:27:13+00:00
SAO_3738-10,São Paulo,3550308,True,,1038,,,-23.5630765,-46.394354,,,,1,2023-06-20T05:26:58+00:00
SAO_3738-10,São Paulo,3550308,True,,1038,,,-23.5630765,-46.394354,,,,1,2023-06-20T05:26:58+00:00
SAO_3738-10,São Paulo,3550308,True,,1038,,,-23.542569999999998,-46.46953499999999,,,,1,2023-06-20T05:27:14+00:00
SAO_3738-10,São Paulo,3550308,True,,1038,,,-23.537851125000003,-46.455333,,,,1,2023-06-20T05:27:18+00:00
SAO_856R-10,São Paulo,3550308,True,,34196,,,-23.581440999999998,-46.6842455,,,,2,2023-06-20T05:27:24+00:00
SAO_856R-10,São Paulo,3550308,True,,34196,,,-23.624177500000002,-46.685713500000006,,,,2,2023-06-20T05:27:23+00:00
SAO_856R-10,São Paulo,3550308,True,,34196,,,-23.535999999999998,-46.686845250000005,,,,2,2023-06-20T05:27:20+00:00
SAO_856R-10,São Paulo,3550308,True,,34196,,,-23.531546,-46.678684000000004,,,,2,2023-06-20T05:26:53+00:00
SAO_856R-10,São Paulo,3550308,True,,34196,,,-23.534177375,-46.686909125,,,,2,2023-06-20T05:27:01+00:00
SAO_6805-10,São Paulo,3550308,True,,31,,,-23.658032499999997,-46.760635,,,,1,2023-06-20T05:27:13+00:00
SAO_5630-10,São Paulo,3550308,True,,78,,,-23.5470685,-46.617057,,,,1,2023-06-20T05:27:07+00:00
SAO_5630-10,São Paulo,3550308,True,,78,,,-23.7374635,-46.697805,,,,1,2023-06-20T05:27:03+00:00
SAO_5630-10,São Paulo,3550308,True,,78,,,-23.6771695,-46.681231499999996,,,,1,2023-06-20T05:26:51+00:00
SAO_5630-10,São Paulo,3550308,True,,78,,,-23.7374635,-46.697805,,,,1,2023-06-20T05:26:50+00:00
SAO_477A-10,São Paulo,3550308,True,,33114,,,-23.582075375000002,-46.6021845,,,,2,2023-06-20T05:27:28+00:00
SAO_477A-10,São Paulo,3550308,True,,33114,,,-23.603827000000003,-46.602784,,,,2,2023-06-20T05:27:25+00:00
SAO_477A-10,São Paulo,3550308,True,,33114,,,-23.574535375,-46.61080925,,,,2,2023-06-20T05:27:04+00:00
SAO_477A-10,São Paulo,3550308,True,,33114,,,-23.5767285,-46.658690500000006,,,,2,2023-06-20T05:27:02+00:00
SAO_477A-10,São Paulo,3550308,True,,33114,,,-23.58683,-46.628465,,,,2,2023-06-20T05:27:03+00:00
SAO_199D-10,São Paulo,3550308,True,,34903,,,-23.4863165,-46.710657499999996,,,,2,2023-06-20T05:26:55+00:00
SAO_199D-10,São Paulo,3550308,True,,34903,,,-23.5677465,-46.699666,,,,2,2023-06-20T05:26:47+00:00
SAO_199D-10,São Paulo,3550308,True,,34903,,,-23.5326175,-46.693683,,,,2,2023-06-20T05:27:10+00:00
SAO_N308-11,São Paulo,3550308,True,,35110,,,-23.54956025,-46.605112000000005,,,,2,2023-06-20T05:27:25+00:00
SAO_6008-10,São Paulo,3550308,True,,1200,,,-23.654007,-46.710475,,,,1,2023-06-20T05:27:30+00:00
SAO_6008-10,São Paulo,3550308,True,,1200,,,-23.684582,-46.746723,,,,1,2023-06-20T05:27:09+00:00
SAO_6008-10,São Paulo,3550308,True,,1200,,,-23.685458,-46.749157999999994,,,,1,2023-06-20T05:27:25+00:00
SAO_6008-10,São Paulo,3550308,True,,1200,,,-23.674248749999997,-46.734306000000004,,,,1,2023-06-20T05:27:13+00:00
SAO_2019-10,São Paulo,3550308,True,,905,,,-23.529255499999998,-46.4782905,,,,1,2023-06-20T05:26:50+00:00
SAO_9005-10,São Paulo,3550308,True,,33640,,,-23.4748455,-46.669852500000005,,,,2,2023-06-20T05:27:01+00:00
SAO_9005-10,São Paulo,3550308,True,,33640,,,-23.45167,-46.691542999999996,,,,2,2023-06-20T05:27:18+00:00
SAO_5107-10,São Paulo,3550308,True,,1659,,,-23.56429425,-46.617754500000004,,,,1,2023-06-20T05:26:45+00:00
SAO_5107-10,São Paulo,3550308,True,,1659,,,-23.6034085,-46.6026285,,,,1,2023-06-20T05:27:00+00:00
SAO_5107-10,São Paulo,3550308,True,,1659,,,-23.6033435,-46.602573,,,,1,2023-06-20T05:27:03+00:00
SAO_1760-10,São Paulo,3550308,True,,33325,,,-23.500026,-46.6245215,,,,2,2023-06-20T05:27:11+00:00
SAO_637J-10,São Paulo,3550308,True,,32871,,,-23.640843,-46.6985765,,,,2,2023-06-20T05:27:25+00:00
SAO_637J-10,São Paulo,3550308,True,,32871,,,-23.675644249999998,-46.694267249999996,,,,2,2023-06-20T05:26:51+00:00
SAO_637J-10,São Paulo,3550308,True,,32871,,,-23.5831145625,-46.675710375,,,,2,2023-06-20T05:27:10+00:00
SAO_637J-10,São Paulo,3550308,True,,32871,,,-23.7126865,-46.698653,,,,2,2023-06-20T05:27:24+00:00
SAO_516N-10,São Paulo,3550308,True,,33034,,,-23.6835835,-46.634378999999996,,,,2,2023-06-20T05:26:24+00:00
SAO_516N-10,São Paulo,3550308,True,,33034,,,-23.678661499999997,-46.640864500000006,,,,2,2023-06-20T05:26:54+00:00
SAO_516N-10,São Paulo,3550308,True,,33034,,,-23.586576,-46.67132825,,,,2,2023-06-20T05:27:23+00:00
SAO_4115-10,São Paulo,3550308,True,,33090,,,-23.6107595,-46.628364,,,,2,2023-06-20T05:26:44+00:00
SAO_6262-10,São Paulo,3550308,True,,1371,,,-23.579043,-46.6859035,,,,1,2023-06-20T05:27:26+00:00
SAO_909T-1,São Paulo,3550308,True,,2512,,,-23.562929625,-46.686464125,,,,1,2023-06-20T05:27:01+00:00
SAO_909T-1,São Paulo,3550308,True,,2512,,,-23.546077500000003,-46.631047,,,,1,2023-06-20T05:26:58+00:00
SAO_2718-10,São Paulo,3550308,True,,931,,,-23.525074000000004,-46.54891175,,,,1,2023-06-20T05:27:09+00:00
SAO_2718-10,São Paulo,3550308,True,,931,,,-23.5300355,-46.546846,,,,1,2023-06-20T05:27:14+00:00
SAO_514T-10,São Paulo,3550308,True,,34439,,,-23.6028625,-46.602917000000005,,,,2,2023-06-20T05:27:08+00:00
SAO_514T-10,São Paulo,3550308,True,,34439,,,-23.582836,-46.57349325,,,,2,2023-06-20T05:27:06+00:00
SAO_514T-10,São Paulo,3550308,True,,34439,,,-23.595940499999998,-46.5138395,,,,2,2023-06-20T05:26:48+00:00
SAO_514T-10,São Paulo,3550308,True,,34439,,,-23.5791545,-46.6112025,,,,2,2023-06-20T05:27:07+00:00
SAO_509M-10,São Paulo,3550308,True,,34045,,,-23.6451165,-46.672044,,,,2,2023-06-20T05:27:03+00:00
SAO_509M-10,São Paulo,3550308,True,,34045,,,-23.5825715,-46.65227725,,,,2,2023-06-20T05:27:13+00:00
SAO_509M-10,São Paulo,3550308,True,,34045,,,-23.681586,-46.637748,,,,2,2023-06-20T05:27:06+00:00
SAO_1012-10,São Paulo,3550308,True,,35254,,,-23.436135999999998,-46.804632999999995,,,,2,2023-06-20T05:27:15+00:00
SAO_577T-10,São Paulo,3550308,True,,1291,,,-23.680701499999998,-46.6388435,,,,1,2023-06-20T05:27:28+00:00
SAO_577T-10,São Paulo,3550308,True,,1291,,,-23.62445725,-46.64045175,,,,1,2023-06-20T05:27:02+00:00
SAO_577T-10,São Paulo,3550308,True,,1291,,,-23.5814375,-46.6387255,,,,1,2023-06-20T05:27:24+00:00
SAO_6093-10,São Paulo,3550308,True,,1585,,,-23.737581499999997,-46.697899500000005,,,,1,2023-06-20T05:27:27+00:00
SAO_6093-10,São Paulo,3550308,True,,1585,,,-23.765424,-46.7168155,,,,1,2023-06-20T05:27:08+00:00
SAO_6093-10,São Paulo,3550308,True,,1585,,,-23.814852124999998,-46.735271125000004,,,,1,2023-06-20T05:27:12+00:00
SAO_7006-51,São Paulo,3550308,True,,1997,,,-23.71137775,-46.782644250000004,,,,1,2023-06-20T05:27:04+00:00
SAO_7006-51,São Paulo,3550308,True,,1997,,,-23.7285845,-46.78616075,,,,1,2023-06-20T05:27:29+00:00
SAO_7006-51,São Paulo,3550308,True,,1997,,,-23.66167,-46.770126000000005,,,,1,2023-06-20T05:27:26+00:00
SAO_675A-10,São Paulo,3550308,True,,1318,,,-23.662312,-46.756093,,,,1,2023-06-20T05:27:12+00:00
SAO_675A-10,São Paulo,3550308,True,,1318,,,-23.619899,-46.661921,,,,1,2023-06-20T05:27:06+00:00
SAO_675A-10,São Paulo,3550308,True,,1318,,,-23.65455275,-46.741048,,,,1,2023-06-20T05:27:10+00:00
SAO_N138-11,São Paulo,3550308,True,,35062,,,-23.474438499999998,-46.669928999999996,,,,2,2023-06-20T05:27:13+00:00
SAO_2028-10,São Paulo,3550308,True,,2263,,,-23.4339305,-46.5714275,,,,1,2023-06-20T05:27:29+00:00
SAO_576C-10,São Paulo,3550308,True,,1290,,,-23.6460055,-46.644996,,,,1,2023-06-20T05:27:15+00:00
SAO_576C-10,São Paulo,3550308,True,,1290,,,-23.652907499999998,-46.648432,,,,1,2023-06-20T05:27:25+00:00
SAO_576C-10,São Paulo,3550308,True,,1290,,,-23.658659,-46.69838,,,,1,2023-06-20T05:27:09+00:00
SAO_576C-10,São Paulo,3550308,True,,1290,,,-23.6460415,-46.644780499999996,,,,1,2023-06-20T05:27:15+00:00
SAO_576C-10,São Paulo,3550308,True,,1290,,,-23.6460415,-46.644780499999996,,,,1,2023-06-20T05:26:44+00:00
SAO_3046-10,São Paulo,3550308,True,,33739,,,-23.54379925,-46.575486875,,,,2,2023-06-20T05:27:00+00:00
SAO_3046-10,São Paulo,3550308,True,,33739,,,-23.568059249999997,-46.568916,,,,2,2023-06-20T05:26:55+00:00
SAO_3773-10,São Paulo,3550308,True,,1059,,,-23.60541125,-46.4628345,,,,1,2023-06-20T05:26:57+00:00
SAO_3773-10,São Paulo,3550308,True,,1059,,,-23.536997874999997,-46.558906625,,,,1,2023-06-20T05:27:16+00:00
SAO_3773-10,São Paulo,3550308,True,,1059,,,-23.5731015,-46.5038625,,,,1,2023-06-20T05:27:18+00:00
SAO_2080-10,São Paulo,3550308,True,,33139,,,-23.494988499999998,-46.3906405,,,,2,2023-06-20T05:27:24+00:00
SAO_2080-10,São Paulo,3550308,True,,33139,,,-23.504635,-46.473425,,,,2,2023-06-20T05:27:09+00:00
SAO_2080-10,São Paulo,3550308,True,,33139,,,-23.497313,-46.45394175,,,,2,2023-06-20T05:26:58+00:00
SAO_2080-10,São Paulo,3550308,True,,33139,,,-23.514976124999997,-46.531468000000004,,,,2,2023-06-20T05:27:20+00:00
SAO_2080-10,São Paulo,3550308,True,,33139,,,-23.4965635,-46.393099,,,,2,2023-06-20T05:27:27+00:00
SAO_4007-10,São Paulo,3550308,True,,2181,,,-23.554060999999997,-46.514570500000005,,,,1,2023-06-20T05:27:19+00:00
SAO_4007-10,São Paulo,3550308,True,,2181,,,-23.556508,-46.447144,,,,1,2023-06-20T05:27:17+00:00
SAO_4007-10,São Paulo,3550308,True,,2181,,,-23.5651125,-46.3969655,,,,1,2023-06-20T05:27:11+00:00
SAO_971T-10,São Paulo,3550308,True,,618,,,-23.493399,-46.6757375,,,,1,2023-06-20T05:27:11+00:00
SAO_971T-10,São Paulo,3550308,True,,618,,,-23.501060000000003,-46.62484499999999,,,,1,2023-06-20T05:27:12+00:00
SAO_2021-10,São Paulo,3550308,True,,33674,,,-23.544623,-46.390209999999996,,,,2,2023-06-20T05:26:50+00:00
SAO_2021-10,São Paulo,3550308,True,,33674,,,-23.540561750000002,-46.400431,,,,2,2023-06-20T05:26:56+00:00
SAO_4031-10,São Paulo,3550308,True,,33869,,,-23.601045,-46.5367575,,,,2,2023-06-20T05:27:19+00:00
SAO_4031-10,São Paulo,3550308,True,,33869,,,-23.614278,-46.5171455,,,,2,2023-06-20T05:26:55+00:00
SAO_6061-10,São Paulo,3550308,True,,1150,,,-23.7817615,-46.681180499999996,,,,1,2023-06-20T05:26:58+00:00
SAO_6061-10,São Paulo,3550308,True,,1150,,,-23.737187499999997,-46.6971815,,,,1,2023-06-20T05:26:47+00:00
SAO_719P-10,São Paulo,3550308,True,,34140,,,-23.534283000000002,-46.6443985,,,,2,2023-06-20T05:27:11+00:00
SAO_719P-10,São Paulo,3550308,True,,34140,,,-23.565859,-46.7013775,,,,2,2023-06-20T05:27:09+00:00
SAO_5091-10,São Paulo,3550308,True,,1523,,,-23.66678125,-46.636874750000004,,,,1,2023-06-20T05:27:17+00:00
SAO_971R-10,São Paulo,3550308,True,,33382,,,-23.45351275,-46.737303,,,,2,2023-06-20T05:26:58+00:00
SAO_971R-10,São Paulo,3550308,True,,33382,,,-23.4461,-46.7047815,,,,2,2023-06-20T05:27:00+00:00
SAO_971R-10,São Paulo,3550308,True,,33382,,,-23.473833999999997,-46.669099,,,,2,2023-06-20T05:27:09+00:00
SAO_971R-10,São Paulo,3550308,True,,33382,,,-23.4947895,-46.64532025,,,,2,2023-06-20T05:27:05+00:00
SAO_8020-10,São Paulo,3550308,True,,34494,,,-23.6054395,-46.712469625,,,,2,2023-06-20T05:27:20+00:00
SAO_8020-10,São Paulo,3550308,True,,34494,,,-23.584768500000003,-46.739224,,,,2,2023-06-20T05:26:56+00:00
SAO_N139-11,São Paulo,3550308,True,,35063,,,-23.46631,-46.7145395,,,,2,2023-06-20T05:27:15+00:00
SAO_8615-10,São Paulo,3550308,True,,34107,,,-23.54577125,-46.63354775,,,,2,2023-06-20T05:26:47+00:00
SAO_8615-10,São Paulo,3550308,True,,34107,,,-23.5250945,-46.7134585,,,,2,2023-06-20T05:27:18+00:00
SAO_8615-10,São Paulo,3550308,True,,34107,,,-23.5238765,-46.685119,,,,2,2023-06-20T05:27:13+00:00
SAO_3721-10,São Paulo,3550308,True,,1019,,,-23.564358,-46.496731499999996,,,,1,2023-06-20T05:26:58+00:00
SAO_3721-10,São Paulo,3550308,True,,1019,,,-23.5622725,-46.493492,,,,1,2023-06-20T05:27:14+00:00
SAO_5370-10,São Paulo,3550308,True,,1442,,,-23.711091375000002,-46.699213875,,,,1,2023-06-20T05:27:15+00:00
SAO_5370-10,São Paulo,3550308,True,,1442,,,-23.635609249999998,-46.69243575,,,,1,2023-06-20T05:26:54+00:00
SAO_5370-10,São Paulo,3550308,True,,1442,,,-23.7406305,-46.7042255,,,,1,2023-06-20T05:27:02+00:00
SAO_5370-10,São Paulo,3550308,True,,1442,,,-23.7673145,-46.7161625,,,,1,2023-06-20T05:26:48+00:00
SAO_148P-10,São Paulo,3550308,True,,33302,,,-23.464495499999998,-46.65211625,,,,2,2023-06-20T05:27:27+00:00
SAO_148P-10,São Paulo,3550308,True,,33302,,,-23.457998500000002,-46.6436045,,,,2,2023-06-20T05:27:05+00:00
SAO_148P-10,São Paulo,3550308,True,,33302,,,-23.453662,-46.644743000000005,,,,2,2023-06-20T05:27:06+00:00
SAO_148P-10,São Paulo,3550308,True,,33302,,,-23.523042250000003,-46.65956725,,,,2,2023-06-20T05:27:28+00:00
SAO_148P-10,São Paulo,3550308,True,,33302,,,-23.49641225,-46.65994025,,,,2,2023-06-20T05:27:19+00:00
SAO_5018-31,São Paulo,3550308,True,,1861,,,-23.687764,-46.647964,,,,1,2023-06-20T05:26:22+00:00
SAO_677V-10,São Paulo,3550308,True,EMTU,112,https://moovitapp.com/index/pt-br/transporte_p%C3%BAblico-line-112-Sao_Paulo-242-2038937-36419272-0,5.7,-23.7299035,-46.708973,,,,1,2023-06-20T05:27:31+00:00
SAO_7062-10,São Paulo,3550308,True,,34666,,,-23.6425005,-46.766622,,,,2,2023-06-20T05:26:55+00:00
SAO_5317-10,São Paulo,3550308,True,,69,,,-23.698259999999998,-46.700607500000004,,,,1,2023-06-20T05:24:49+00:00
SAO_5317-10,São Paulo,3550308,True,,69,,,-23.635609249999998,-46.69243575,,,,1,2023-06-20T05:27:02+00:00
SAO_7053-21,São Paulo,3550308,True,,34663,,,-23.64219025,-46.78573025,,,,2,2023-06-20T05:26:48+00:00
SAO_7053-21,São Paulo,3550308,True,,34663,,,-23.642522,-46.786126499999995,,,,2,2023-06-20T05:27:03+00:00
SAO_7053-21,São Paulo,3550308,True,,34663,,,-23.642354750000003,-46.78591075,,,,2,2023-06-20T05:27:28+00:00
SAO_8055-51,São Paulo,3550308,True,EMTU,417,https://moovitapp.com/index/pt-br/transporte_p%C3%BAblico-line-417-Sao_Paulo-242-2038937-36419474-0,5.2,-23.520349250000002,-46.72150475,,,,1,2023-06-20T05:26:52+00:00
SAO_8055-51,São Paulo,3550308,True,EMTU,417,https://moovitapp.com/index/pt-br/transporte_p%C3%BAblico-line-417-Sao_Paulo-242-2038937-36419474-0,5.2,-23.406428625000004,-46.773478125000004,,,,1,2023-06-20T05:27:13+00:00
SAO_8055-51,São Paulo,3550308,True,EMTU,417,https://moovitapp.com/index/pt-br/transporte_p%C3%BAblico-line-417-Sao_Paulo-242-2038937-36419474-0,5.2,-23.406333375000003,-46.770269312500005,,,,1,2023-06-20T05:26:53+00:00
SAO_930P-10,São Paulo,3550308,True,,2115,,,-23.579709,-46.6853055,,,,1,2023-06-20T05:27:26+00:00
SAO_930P-10,São Paulo,3550308,True,,2115,,,-23.548107,-46.642996499999995,,,,1,2023-06-20T05:26:50+00:00
SAO_2552-10,São Paulo,3550308,True,,32910,,,-23.5120485,-46.5011855,,,,2,2023-06-20T05:27:02+00:00
SAO_2552-10,São Paulo,3550308,True,,32910,,,-23.533472250000003,-46.565054,,,,2,2023-06-20T05:24:08+00:00
SAO_2552-10,São Paulo,3550308,True,,32910,,,-23.539895,-46.61106075,,,,2,2023-06-20T05:27:29+00:00
SAO_2552-10,São Paulo,3550308,True,,32910,,,-23.489174499999997,-46.420949500000006,,,,2,2023-06-20T05:27:00+00:00
SAO_2552-10,São Paulo,3550308,True,,32910,,,-23.4927735,-46.441547,,,,2,2023-06-20T05:27:16+00:00
SAO_2552-10,São Paulo,3550308,True,,32910,,,-23.49227825,-46.4479485,,,,2,2023-06-20T05:27:21+00:00
SAO_2552-10,São Paulo,3550308,True,,32910,,,-23.5117215,-46.502249000000006,,,,2,2023-06-20T05:26:35+00:00
SAO_3686-10,São Paulo,3550308,True,EMTU,166,https://moovitapp.com/index/pt-br/transporte_p%C3%BAblico-line-166-Sao_Paulo-242-2038937-36419307-0,7.8,-23.54288125,-46.42054375,,,,1,2023-06-20T05:27:02+00:00
SAO_3686-10,São Paulo,3550308,True,EMTU,166,https://moovitapp.com/index/pt-br/transporte_p%C3%BAblico-line-166-Sao_Paulo-242-2038937-36419307-0,7.8,-23.536349,-46.496393,,,,1,2023-06-20T05:26:35+00:00
SAO_3686-10,São Paulo,3550308,True,EMTU,166,https://moovitapp.com/index/pt-br/transporte_p%C3%BAblico-line-166-Sao_Paulo-242-2038937-36419307-0,7.8,-23.5473415,-46.629296499999995,,,,1,2023-06-20T05:27:26+00:00
SAO_3686-10,São Paulo,3550308,True,EMTU,166,https://moovitapp.com/index/pt-br/transporte_p%C3%BAblico-line-166-Sao_Paulo-242-2038937-36419307-0,7.8,-23.534701,-46.453723499999995,,,,1,2023-06-20T05:26:51+00:00
SAO_4113-10,São Paulo,3550308,True,,768,,,-23.5868875,-46.611943249999996,,,,1,2023-06-20T05:27:14+00:00
SAO_4113-10,São Paulo,3550308,True,,768,,,-23.60155975,-46.612840250000005,,,,1,2023-06-20T05:26:57+00:00
SAO_4113-10,São Paulo,3550308,True,,768,,,-23.5716675,-46.6234045,,,,1,2023-06-20T05:27:18+00:00
SAO_4113-10,São Paulo,3550308,True,,768,,,-23.580472999999998,-46.616212,,,,1,2023-06-20T05:26:55+00:00
SAO_516N-10,São Paulo,3550308,True,EMTU,266,https://moovitapp.com/index/pt-br/transporte_p%C3%BAblico-line-266-Sao_Paulo-242-2038937-36419376-0,6.8,-23.616938,-46.6807395,,,,1,2023-06-20T05:27:26+00:00
SAO_516N-10,São Paulo,3550308,True,EMTU,266,https://moovitapp.com/index/pt-br/transporte_p%C3%BAblico-line-266-Sao_Paulo-242-2038937-36419376-0,6.8,-23.69072525,-46.648933,,,,1,2023-06-20T05:27:18+00:00
SAO_516N-10,São Paulo,3550308,True,EMTU,266,https://moovitapp.com/index/pt-br/transporte_p%C3%BAblico-line-266-Sao_Paulo-242-2038937-36419376-0,6.8,-23.69389425,-46.64531675,,,,1,2023-06-20T05:27:01+00:00
SAO_516N-10,São Paulo,3550308,True,EMTU,266,https://moovitapp.com/index/pt-br/transporte_p%C3%BAblico-line-266-Sao_Paulo-242-2038937-36419376-0,6.8,-23.690365999999997,-46.649558999999996,,,,1,2023-06-20T05:27:22+00:00
SAO_233C-10,São Paulo,3550308,True,,32923,,,-23.5507895,-46.496966750000006,,,,2,2023-06-20T05:27:15+00:00
SAO_233C-10,São Paulo,3550308,True,,32923,,,-23.519024125,-46.475913874999996,,,,2,2023-06-20T05:27:22+00:00
SAO_233C-10,São Paulo,3550308,True,,32923,,,-23.55798275,-46.55315924999999,,,,2,2023-06-20T05:26:48+00:00
SAO_233C-10,São Paulo,3550308,True,,32923,,,-23.519024125,-46.475913874999996,,,,2,2023-06-20T05:26:47+00:00
SAO_4311-10,São Paulo,3550308,True,,34939,,,-23.55305475,-46.614928,,,,2,2023-06-20T05:27:08+00:00
SAO_4311-10,São Paulo,3550308,True,,34939,,,-23.612947,-46.476177500000006,,,,2,2023-06-20T05:27:09+00:00
SAO_4311-10,São Paulo,3550308,True,,34939,,,-23.5635105,-46.509003,,,,2,2023-06-20T05:26:55+00:00
SAO_7022-10,São Paulo,3550308,True,,2084,,,-23.684780500000002,-46.7757505,,,,1,2023-06-20T05:27:28+00:00
SAO_7022-10,São Paulo,3550308,True,,2084,,,-23.666610749999997,-46.720212499999995,,,,1,2023-06-20T05:27:26+00:00
SAO_178A-10,São Paulo,3550308,True,,33326,,,-23.523364875,-46.65286125,,,,2,2023-06-20T05:26:56+00:00
SAO_407W-10,São Paulo,3550308,True,,34972,,,-23.552826,-46.536937,,,,2,2023-06-20T05:27:27+00:00
SAO_407W-10,São Paulo,3550308,True,,34972,,,-23.579542500000002,-46.511171,,,,2,2023-06-20T05:24:57+00:00
SAO_4032-10,São Paulo,3550308,True,,1102,,,-23.601926125000002,-46.644427625000006,,,,1,2023-06-20T05:27:02+00:00
SAO_4032-10,São Paulo,3550308,True,,1102,,,-23.6253995,-46.613171,,,,1,2023-06-20T05:27:05+00:00
SAO_778R-10,São Paulo,3550308,True,EMTU,509,https://moovitapp.com/index/pt-br/transporte_p%C3%BAblico-line-509-Sao_Paulo-242-2038937-36419531-0,4.95,-23.53730325,-46.6437085,,,,1,2023-06-20T05:27:20+00:00
SAO_778R-10,São Paulo,3550308,True,EMTU,509,https://moovitapp.com/index/pt-br/transporte_p%C3%BAblico-line-509-Sao_Paulo-242-2038937-36419531-0,4.95,-23.58607325,-46.7895805,,,,1,2023-06-20T05:27:18+00:00
SAO_778R-10,São Paulo,3550308,True,EMTU,509,https://moovitapp.com/index/pt-br/transporte_p%C3%BAblico-line-509-Sao_Paulo-242-2038937-36419531-0,4.95,-23.53506275,-46.644746999999995,,,,1,2023-06-20T05:27:13+00:00
SAO_778R-10,São Paulo,3550308,True,EMTU,509,https://moovitapp.com/index/pt-br/transporte_p%C3%BAblico-line-509-Sao_Paulo-242-2038937-36419531-0,4.95,-23.583718124999997,-46.779884,,,,1,2023-06-20T05:27:19+00:00
SAO_778R-10,São Paulo,3550308,True,EMTU,509,https://moovitapp.com/index/pt-br/transporte_p%C3%BAblico-line-509-Sao_Paulo-242-2038937-36419531-0,4.95,-23.5854415,-46.805544499999996,,,,1,2023-06-20T05:27:19+00:00
SAO_778R-10,São Paulo,3550308,True,EMTU,509,https://moovitapp.com/index/pt-br/transporte_p%C3%BAblico-line-509-Sao_Paulo-242-2038937-36419531-0,4.95,-23.585532999999998,-46.8056635,,,,1,2023-06-20T05:27:07+00:00
SAO_2766-10,São Paulo,3550308,True,EMTU,405,https://moovitapp.com/index/pt-br/transporte_p%C3%BAblico-line-405-Sao_Paulo-242-2038937-36419467-0,5.35,-23.528663,-46.4502445,,,,1,2023-06-20T05:27:17+00:00
SAO_2766-10,São Paulo,3550308,True,EMTU,405,https://moovitapp.com/index/pt-br/transporte_p%C3%BAblico-line-405-Sao_Paulo-242-2038937-36419467-0,5.35,-23.5205845,-46.390026500000005,,,,1,2023-06-20T05:26:56+00:00
SAO_2766-10,São Paulo,3550308,True,EMTU,405,https://moovitapp.com/index/pt-br/transporte_p%C3%BAblico-line-405-Sao_Paulo-242-2038937-36419467-0,5.35,-23.5205845,-46.390026500000005,,,,1,2023-06-20T05:27:04+00:00
SAO_2766-10,São Paulo,3550308,True,EMTU,405,https://moovitapp.com/index/pt-br/transporte_p%C3%BAblico-line-405-Sao_Paulo-242-2038937-36419467-0,5.35,-23.494052500000002,-46.419838999999996,,,,1,2023-06-20T05:27:23+00:00
SAO_6L03-10,São Paulo,3550308,True,,1565,,,-23.878800499999997,-46.776590999999996,,,,1,2023-06-20T05:27:21+00:00
SAO_1020-10,São Paulo,3550308,True,,35265,,,-23.4065235,-46.7605375,,,,2,2023-06-20T05:27:12+00:00
SAO_1020-10,São Paulo,3550308,True,,35265,,,-23.436522,-46.720689,,,,2,2023-06-20T05:27:26+00:00
SAO_1020-10,São Paulo,3550308,True,,35265,,,-23.4106675,-46.763892,,,,2,2023-06-20T05:27:16+00:00
SAO_1020-10,São Paulo,3550308,True,,35265,,,-23.4234875,-46.72467125,,,,2,2023-06-20T05:27:21+00:00
SAO_1703-10,São Paulo,3550308,True,,847,,,-23.443863999999998,-46.5901045,,,,1,2023-06-20T05:26:58+00:00
SAO_3099-10,São Paulo,3550308,True,,1079,,,-23.6126845,-46.4445915,,,,1,2023-06-20T05:27:03+00:00
SAO_3099-10,São Paulo,3550308,True,,1079,,,-23.610556,-46.4429315,,,,1,2023-06-20T05:27:25+00:00
SAO_3099-10,São Paulo,3550308,True,,1079,,,-23.592958000000003,-46.4883885,,,,1,2023-06-20T05:26:56+00:00
SAO_3099-10,São Paulo,3550308,True,,1079,,,-23.614763500000002,-46.4582965,,,,1,2023-06-20T05:27:13+00:00
SAO_7281-10,São Paulo,3550308,True,,1334,,,-23.547415,-46.6891445,,,,1,2023-06-20T05:26:47+00:00
SAO_6044-10,São Paulo,3550308,True,,33989,,,-23.64199775,-46.7100025,,,,2,2023-06-20T05:27:14+00:00
SAO_6044-10,São Paulo,3550308,True,,33989,,,-23.676567,-46.798396,,,,2,2023-06-20T05:26:57+00:00
SAO_2161-10,São Paulo,3550308,True,,33462,,,-23.5378915,-46.617485375,,,,2,2023-06-20T05:26:46+00:00
SAO_2161-10,São Paulo,3550308,True,,33462,,,-23.483517749999997,-46.584340000000005,,,,2,2023-06-20T05:27:18+00:00
SAO_3069-10,São Paulo,3550308,True,,984,,,-23.625214,-46.463602,,,,1,2023-06-20T05:27:12+00:00
SAO_3069-10,São Paulo,3550308,True,,984,,,-23.623382499999998,-46.430505,,,,1,2023-06-20T05:27:23+00:00
SAO_278A-10,São Paulo,3550308,True,,33474,,,-23.5141125,-46.625975,,,,2,2023-06-20T05:27:14+00:00
SAO_278A-10,São Paulo,3550308,True,,33474,,,-23.514976124999997,-46.531468000000004,,,,2,2023-06-20T05:26:59+00:00
SAO_930P-10,São Paulo,3550308,True,,34883,,,-23.551276,-46.640491499999996,,,,2,2023-06-20T05:26:52+00:00
SAO_4708-10,São Paulo,3550308,True,EMTU,332,https://moovitapp.com/index/pt-br/transporte_p%C3%BAblico-line-332-Sao_Paulo-242-2038937-36419418-0,4.5,-23.6218015,-46.607963999999996,,,,1,2023-06-20T05:26:49+00:00
SAO_3721-41,São Paulo,3550308,True,,1693,,,-23.542879999999997,-46.478580750000006,,,,1,2023-06-20T05:27:28+00:00
SAO_3721-41,São Paulo,3550308,True,,1693,,,-23.5579705,-46.495577999999995,,,,1,2023-06-20T05:27:12+00:00
SAO_3721-41,São Paulo,3550308,True,,1693,,,-23.554394000000002,-46.492137,,,,1,2023-06-20T05:27:07+00:00
SAO_8047-10,São Paulo,3550308,True,,33176,,,-23.483512499999996,-46.76683625,,,,2,2023-06-20T05:24:57+00:00
SAO_8047-10,São Paulo,3550308,True,,33176,,,-23.508035875,-46.73562725,,,,2,2023-06-20T05:27:24+00:00
SAO_8047-10,São Paulo,3550308,True,,33176,,,-23.4546235,-46.7441885,,,,2,2023-06-20T05:26:44+00:00
SAO_8047-10,São Paulo,3550308,True,,33176,,,-23.519648500000002,-46.701916,,,,2,2023-06-20T05:26:55+00:00
SAO_5025-10,São Paulo,3550308,True,,1564,,,-23.601353,-46.5442635,,,,1,2023-06-20T05:26:57+00:00
SAO_5025-10,São Paulo,3550308,True,,1564,,,-23.605711999999997,-46.5406305,,,,1,2023-06-20T05:27:12+00:00
SAO_5025-10,São Paulo,3550308,True,,1564,,,-23.594565437500002,-46.58966356249999,,,,1,2023-06-20T05:27:24+00:00
SAO_5025-10,São Paulo,3550308,True,,1564,,,-23.5969785,-46.559088,,,,1,2023-06-20T05:26:59+00:00
SAO_9020-10,São Paulo,3550308,True,,1434,,,-23.469222000000002,-46.7214305,,,,1,2023-06-20T05:27:10+00:00
SAO_9020-10,São Paulo,3550308,True,,1434,,,-23.4744765,-46.717892000000006,,,,1,2023-06-20T05:27:17+00:00
SAO_1730-10,São Paulo,3550308,True,,865,,,-23.500944124999997,-46.624188625,,,,1,2023-06-20T05:26:46+00:00
SAO_2201-10,São Paulo,3550308,True,,909,,,-23.533492,-46.396188,,,,1,2023-06-20T05:27:25+00:00
SAO_2201-10,São Paulo,3550308,True,,909,,,-23.5324795,-46.3946915,,,,1,2023-06-20T05:27:29+00:00
SAO_5752-10,São Paulo,3550308,True,,34055,,,-23.6601775,-46.6626245,,,,2,2023-06-20T05:27:26+00:00
SAO_5752-10,São Paulo,3550308,True,,34055,,,-23.681258749999998,-46.653444,,,,2,2023-06-20T05:27:06+00:00
SAO_5752-10,São Paulo,3550308,True,,34055,,,-23.6908875,-46.650045000000006,,,,2,2023-06-20T05:27:05+00:00
SAO_5752-10,São Paulo,3550308,True,,34055,,,-23.6908875,-46.650045000000006,,,,2,2023-06-20T05:27:25+00:00
SAO_8055-10,São Paulo,3550308,True,,33182,,,-23.404726,-46.73958625,,,,2,2023-06-20T05:27:28+00:00
SAO_8055-10,São Paulo,3550308,True,,33182,,,-23.518204500000003,-46.703536,,,,2,2023-06-20T05:26:52+00:00
SAO_8055-10,São Paulo,3550308,True,,33182,,,-23.4544565,-46.786051,,,,2,2023-06-20T05:26:56+00:00
SAO_4706-10,São Paulo,3550308,True,,33067,,,-23.6530245,-46.602299,,,,2,2023-06-20T05:26:49+00:00
SAO_4706-10,São Paulo,3550308,True,,33067,,,-23.5922835,-46.636534999999995,,,,2,2023-06-20T05:27:03+00:00
SAO_4706-10,São Paulo,3550308,True,,33067,,,-23.636886,-46.606623,,,,2,2023-06-20T05:27:03+00:00
SAO_513L-10,São Paulo,3550308,True,,1655,,,-23.552462,-46.5990105,,,,1,2023-06-20T05:27:00+00:00
SAO_513L-10,São Paulo,3550308,True,,1655,,,-23.603196500000003,-46.602447999999995,,,,1,2023-06-20T05:27:21+00:00
SAO_2769-10,São Paulo,3550308,True,,33165,,,-23.537334125,-46.57809475,,,,2,2023-06-20T05:27:25+00:00
SAO_2769-10,São Paulo,3550308,True,,33165,,,-23.4937195,-46.409251,,,,2,2023-06-20T05:27:22+00:00
SAO_2769-10,São Paulo,3550308,True,,33165,,,-23.508071,-46.4926935,,,,2,2023-06-20T05:26:51+00:00
SAO_2769-10,São Paulo,3550308,True,,33165,,,-23.481961499999997,-46.379926,,,,2,2023-06-20T05:27:10+00:00
SAO_1775-10,São Paulo,3550308,True,,33406,,,-23.460045875,-46.623538124999996,,,,2,2023-06-20T05:27:23+00:00
SAO_9005-10,São Paulo,3550308,True,,872,,,-23.450445000000002,-46.6794115,,,,1,2023-06-20T05:26:52+00:00
SAO_809U-21,São Paulo,3550308,True,,35075,,,-23.5266685,-46.6673215,,,,2,2023-06-20T05:27:01+00:00
SAO_809U-21,São Paulo,3550308,True,,35075,,,-23.546547500000003,-46.692297999999994,,,,2,2023-06-20T05:26:48+00:00
SAO_372F-10,São Paulo,3550308,True,,1015,,,-23.546568,-46.605794,,,,1,2023-06-20T05:26:46+00:00
SAO_5144-10,São Paulo,3550308,True,,34395,,,-23.5613165,-46.5748725,,,,2,2023-06-20T05:26:54+00:00
SAO_5144-10,São Paulo,3550308,True,,34395,,,-23.605445500000002,-46.508540749999995,,,,2,2023-06-20T05:26:46+00:00
SAO_3732-10,São Paulo,3550308,True,,1029,,,-23.539538,-46.4317025,,,,1,2023-06-20T05:27:17+00:00
SAO_3732-10,São Paulo,3550308,True,,1029,,,-23.550971500000003,-46.436522,,,,1,2023-06-20T05:27:30+00:00
SAO_3732-10,São Paulo,3550308,True,,1029,,,-23.543195500000003,-46.465121499999995,,,,1,2023-06-20T05:26:51+00:00
SAO_1156-10,São Paulo,3550308,True,,33427,,,-23.51176675,-46.58607825,,,,2,2023-06-20T05:25:58+00:00
SAO_1156-10,São Paulo,3550308,True,,33427,,,-23.486996,-46.568324000000004,,,,2,2023-06-20T05:27:12+00:00
SAO_1156-10,São Paulo,3550308,True,,33427,,,-23.5197175,-46.617861,,,,2,2023-06-20T05:27:20+00:00
SAO_1156-10,São Paulo,3550308,True,,33427,,,-23.487218,-46.568332,,,,2,2023-06-20T05:27:01+00:00
SAO_607A-10,São Paulo,3550308,True,,34907,,,-23.6814385,-46.6826035,,,,2,2023-06-20T05:27:14+00:00
SAO_607A-10,São Paulo,3550308,True,,34907,,,-23.665824375,-46.705287625,,,,2,2023-06-20T05:27:16+00:00
SAO_2723-10,São Paulo,3550308,True,,937,,,-23.514619500000002,-46.4438655,,,,1,2023-06-20T05:27:03+00:00
SAO_2723-10,São Paulo,3550308,True,,937,,,-23.487495,-46.463618999999994,,,,1,2023-06-20T05:27:22+00:00
SAO_2723-10,São Paulo,3550308,True,,937,,,-23.487495,-46.463618999999994,,,,1,2023-06-20T05:27:18+00:00
SAO_2723-10,São Paulo,3550308,True,,937,,,-23.540564,-46.4669495,,,,1,2023-06-20T05:27:11+00:00
SAO_8319-10,São Paulo,3550308,True,,33244,,,-23.5372185,-46.7214335,,,,2,2023-06-20T05:27:25+00:00
SAO_6051-31,São Paulo,3550308,True,,1606,,,-23.7688625,-46.7155645,,,,1,2023-06-20T05:27:17+00:00
SAO_172Y-10,São Paulo,3550308,True,,33630,,,-23.54035825,-46.59755325,,,,2,2023-06-20T05:26:57+00:00
SAO_172Y-10,São Paulo,3550308,True,,33630,,,-23.496263749999997,-46.58603050000001,,,,2,2023-06-20T05:26:44+00:00
SAO_172Y-10,São Paulo,3550308,True,,33630,,,-23.47473425,-46.58000975,,,,2,2023-06-20T05:27:02+00:00
SAO_1758-10,São Paulo,3550308,True,,33320,,,-23.4540025,-46.6616765,,,,2,2023-06-20T05:27:18+00:00
SAO_1758-10,São Paulo,3550308,True,,33320,,,-23.49449225,-46.62656725,,,,2,2023-06-20T05:27:15+00:00
SAO_8610-10,São Paulo,3550308,True,,34831,,,-23.584564,-46.7674225,,,,2,2023-06-20T05:26:57+00:00
SAO_8610-10,São Paulo,3550308,True,,34831,,,-23.572976750000002,-46.705288499999995,,,,2,2023-06-20T05:27:07+00:00
SAO_8610-10,São Paulo,3550308,True,,34831,,,-23.59819625,-46.79138675,,,,2,2023-06-20T05:24:50+00:00
SAO_8610-10,São Paulo,3550308,True,,34831,,,-23.552871,-46.647738000000004,,,,2,2023-06-20T05:27:10+00:00
SAO_1756-10,São Paulo,3550308,True,,547,,,-23.499637999999997,-46.6256595,,,,1,2023-06-20T05:26:53+00:00
SAO_3053-10,São Paulo,3550308,True,,33741,,,-23.5517525,-46.586411749999996,,,,2,2023-06-20T05:27:05+00:00
SAO_3053-10,São Paulo,3550308,True,,33741,,,-23.584741,-46.495041,,,,2,2023-06-20T05:27:20+00:00
SAO_3053-10,São Paulo,3550308,True,,33741,,,-23.584144000000002,-46.533615,,,,2,2023-06-20T05:27:11+00:00
SAO_3053-10,São Paulo,3550308,True,,33741,,,-23.5912,-46.4976675,,,,2,2023-06-20T05:27:05+00:00
SAO_8677-10,São Paulo,3550308,True,EMTU,443,https://moovitapp.com/index/pt-br/transporte_p%C3%BAblico-line-443-Sao_Paulo-242-2038937-36419491-0,5.4,-23.524961,-46.695076875,,,,1,2023-06-20T05:26:53+00:00
SAO_8677-10,São Paulo,3550308,True,EMTU,443,https://moovitapp.com/index/pt-br/transporte_p%C3%BAblico-line-443-Sao_Paulo-242-2038937-36419491-0,5.4,-23.5474995,-46.640241,,,,1,2023-06-20T05:27:24+00:00
SAO_8677-10,São Paulo,3550308,True,EMTU,443,https://moovitapp.com/index/pt-br/transporte_p%C3%BAblico-line-443-Sao_Paulo-242-2038937-36419491-0,5.4,-23.485219,-46.7643615,,,,1,2023-06-20T05:26:53+00:00
SAO_8677-10,São Paulo,3550308,True,EMTU,443,https://moovitapp.com/index/pt-br/transporte_p%C3%BAblico-line-443-Sao_Paulo-242-2038937-36419491-0,5.4,-23.53209725,-46.66131175,,,,1,2023-06-20T05:27:09+00:00
SAO_5145-10,São Paulo,3550308,True,,1641,,,-23.556521500000002,-46.633036000000004,,,,1,2023-06-20T05:27:07+00:00
SAO_5145-10,São Paulo,3550308,True,,1641,,,-23.576850875,-46.604337125,,,,1,2023-06-20T05:26:52+00:00
SAO_2767-10,São Paulo,3550308,True,,33009,,,-23.50178825,-46.462341249999994,,,,2,2023-06-20T05:26:51+00:00
SAO_2767-10,São Paulo,3550308,True,,33009,,,-23.531755500000003,-46.55994225,,,,2,2023-06-20T05:25:21+00:00
SAO_778J-41,São Paulo,3550308,True,,1486,,,-23.526614000000002,-46.668097,,,,1,2023-06-20T05:26:59+00:00
SAO_4035-10,São Paulo,3550308,True,,2560,,,-23.54247075,-46.41617375,,,,1,2023-06-20T05:27:21+00:00
SAO_4035-10,São Paulo,3550308,True,,2560,,,-23.5386345,-46.456356,,,,1,2023-06-20T05:27:20+00:00
SAO_4035-10,São Paulo,3550308,True,,2560,,,-23.542614,-46.4155005,,,,1,2023-06-20T05:27:11+00:00
SAO_N405-11,São Paulo,3550308,True,,2361,,,-23.558473,-46.523022499999996,,,,1,2023-06-20T05:26:57+00:00
SAO_213E-10,São Paulo,3550308,True,,2498,,,-23.5272625,-46.596712249999996,,,,1,2023-06-20T05:27:11+00:00
SAO_6042-21,São Paulo,3550308,True,,34543,,,-23.654044,-46.7630505,,,,2,2023-06-20T05:27:25+00:00
SAO_9008-10,São Paulo,3550308,True,,875,,,-23.457396000000003,-46.69085925,,,,1,2023-06-20T05:26:51+00:00
SAO_5129-41,São Paulo,3550308,True,,1974,,,-23.644429000000002,-46.6729775,,,,1,2023-06-20T05:26:56+00:00
SAO_5391-10,São Paulo,3550308,True,EMTU,171,https://moovitapp.com/index/pt-br/transporte_p%C3%BAblico-line-171-Sao_Paulo-242-2038937-36419310-0,4.8,-23.667247875,-46.726662250000004,,,,1,2023-06-20T05:27:21+00:00
SAO_5391-10,São Paulo,3550308,True,EMTU,171,https://moovitapp.com/index/pt-br/transporte_p%C3%BAblico-line-171-Sao_Paulo-242-2038937-36419310-0,4.8,-23.677432500000002,-46.761209,,,,1,2023-06-20T05:27:15+00:00
SAO_121G-10,São Paulo,3550308,True,,691,,,-23.5024725,-46.571948500000005,,,,1,2023-06-20T05:27:20+00:00
SAO_8050-31,São Paulo,3550308,True,,33183,,,-23.44186175,-46.786443750000004,,,,2,2023-06-20T05:27:22+00:00
SAO_8062-10,São Paulo,3550308,True,,33188,,,-23.51065725,-46.7285655,,,,2,2023-06-20T05:27:22+00:00
SAO_5614-10,São Paulo,3550308,True,,34283,,,-23.6872865,-46.6708455,,,,2,2023-06-20T05:26:55+00:00
SAO_5614-10,São Paulo,3550308,True,,34283,,,-23.697433750000002,-46.6301005,,,,2,2023-06-20T05:26:52+00:00
SAO_5614-10,São Paulo,3550308,True,,34283,,,-23.5962065,-46.65095975,,,,2,2023-06-20T05:27:18+00:00
SAO_5614-10,São Paulo,3550308,True,,34283,,,-23.5521755,-46.6354605,,,,2,2023-06-20T05:26:47+00:00
SAO_1703-10,São Paulo,3550308,True,,33615,,,-23.430699500000003,-46.573944499999996,,,,2,2023-06-20T05:26:54+00:00
SAO_1703-10,São Paulo,3550308,True,,33615,,,-23.49920125,-46.6135985,,,,2,2023-06-20T05:27:20+00:00
SAO_1703-10,São Paulo,3550308,True,,33615,,,-23.438715000000002,-46.5857565,,,,2,2023-06-20T05:25:52+00:00
SAO_574W-10,São Paulo,3550308,True,,34397,,,-23.567203,-46.543442999999996,,,,2,2023-06-20T05:27:28+00:00
SAO_574W-10,São Paulo,3550308,True,,34397,,,-23.595866,-46.513887499999996,,,,2,2023-06-20T05:27:11+00:00
SAO_574W-10,São Paulo,3550308,True,,34397,,,-23.606329000000002,-46.507915,,,,2,2023-06-20T05:27:14+00:00
SAO_574W-10,São Paulo,3550308,True,,34397,,,-23.6129955,-46.4895395,,,,2,2023-06-20T05:26:56+00:00
SAO_3301-10,São Paulo,3550308,True,,34386,,,-23.506605375,-46.47728225,,,,2,2023-06-20T05:26:46+00:00
SAO_3301-10,São Paulo,3550308,True,,34386,,,-23.491543,-46.434379,,,,2,2023-06-20T05:26:56+00:00
SAO_3301-10,São Paulo,3550308,True,,34386,,,-23.5143275,-46.5447185,,,,2,2023-06-20T05:26:50+00:00
SAO_3301-10,São Paulo,3550308,True,,34386,,,-23.493734,-46.440037000000004,,,,2,2023-06-20T05:27:29+00:00
SAO_3729-10,São Paulo,3550308,True,,33794,,,-23.565213,-46.5086535,,,,2,2023-06-20T05:27:22+00:00
SAO_3729-10,São Paulo,3550308,True,,33794,,,-23.538428500000002,-46.563574,,,,2,2023-06-20T05:27:25+00:00
SAO_3729-10,São Paulo,3550308,True,,33794,,,-23.565384,-46.506806499999996,,,,2,2023-06-20T05:26:48+00:00
SAO_3729-10,São Paulo,3550308,True,,33794,,,-23.573587250000003,-46.541112749999996,,,,2,2023-06-20T05:27:14+00:00
SAO_3729-10,São Paulo,3550308,True,,33794,,,-23.561112,-46.562499,,,,2,2023-06-20T05:27:00+00:00
SAO_546J-31,São Paulo,3550308,True,,2015,,,-23.687824,-46.658593499999995,,,,1,2023-06-20T05:27:04+00:00
SAO_546J-31,São Paulo,3550308,True,,2015,,,-23.65503275,-46.701815249999996,,,,1,2023-06-20T05:27:11+00:00
SAO_139A-10,São Paulo,3550308,True,,35219,,,-23.482177,-46.707179499999995,,,,2,2023-06-20T05:27:12+00:00
SAO_3737-10,São Paulo,3550308,True,,1037,,,-23.554373,-46.5031685,,,,1,2023-06-20T05:27:15+00:00
SAO_3737-10,São Paulo,3550308,True,,1037,,,-23.538782750000003,-46.51567075,,,,1,2023-06-20T05:26:51+00:00
SAO_3737-10,São Paulo,3550308,True,,1037,,,-23.564895,-46.506786000000005,,,,1,2023-06-20T05:26:48+00:00
SAO_3737-10,São Paulo,3550308,True,,1037,,,-23.53600575,-46.5188915,,,,1,2023-06-20T05:26:45+00:00
SAO_213E-10,São Paulo,3550308,True,,35266,,,-23.5007375,-46.561971,,,,2,2023-06-20T05:25:25+00:00
SAO_213E-10,São Paulo,3550308,True,,35266,,,-23.477741875,-46.564192125,,,,2,2023-06-20T05:27:19+00:00
SAO_3033-10,São Paulo,3550308,True,,968,,,-23.554762,-46.401109500000004,,,,1,2023-06-20T05:27:25+00:00
SAO_8100-10,São Paulo,3550308,True,,1262,,,-23.4859945,-46.7259765,,,,1,2023-06-20T05:27:17+00:00
SAO_8100-10,São Paulo,3550308,True,,1262,,,-23.52075,-46.703880999999996,,,,1,2023-06-20T05:27:25+00:00
SAO_5108-10,São Paulo,3550308,True,,34443,,,-23.644498,-46.612934749999994,,,,2,2023-06-20T05:26:54+00:00
SAO_5108-10,São Paulo,3550308,True,,34443,,,-23.5622665,-46.621649000000005,,,,2,2023-06-20T05:27:21+00:00
SAO_2756-10,São Paulo,3550308,True,,33006,,,-23.5444265,-46.390927,,,,2,2023-06-20T05:26:45+00:00
SAO_5164-21,São Paulo,3550308,True,,34384,,,-23.6534445,-46.644921,,,,2,2023-06-20T05:27:22+00:00
SAO_5164-21,São Paulo,3550308,True,,34384,,,-23.64461825,-46.644951,,,,2,2023-06-20T05:26:17+00:00
SAO_5164-21,São Paulo,3550308,True,,34384,,,-23.590099000000002,-46.651943,,,,2,2023-06-20T05:27:07+00:00
SAO_967A-10,São Paulo,3550308,True,,33336,,,-23.56881575,-46.692298750000006,,,,2,2023-06-20T05:27:14+00:00
SAO_967A-10,São Paulo,3550308,True,,33336,,,-23.511097,-46.65540475,,,,2,2023-06-20T05:26:54+00:00
SAO_967A-10,São Paulo,3550308,True,,33336,,,-23.480661,-46.656176,,,,2,2023-06-20T05:27:14+00:00
SAO_967A-10,São Paulo,3550308,True,,33336,,,-23.53948475,-46.646238249999996,,,,2,2023-06-20T05:27:01+00:00
SAO_172Y-10,São Paulo,3550308,True,,862,,,-23.487984,-46.5831465,,,,1,2023-06-20T05:27:09+00:00
SAO_172Y-10,São Paulo,3550308,True,,862,,,-23.526371,-46.596014,,,,1,2023-06-20T05:24:16+00:00
SAO_172X-10,São Paulo,3550308,True,,861,,,-23.526062500000002,-46.57932925,,,,1,2023-06-20T05:26:47+00:00
SAO_172X-10,São Paulo,3550308,True,,861,,,-23.539852500000002,-46.5770135,,,,1,2023-06-20T05:27:24+00:00
SAO_5701-10,São Paulo,3550308,True,,33904,,,-23.627133,-46.67985625,,,,2,2023-06-20T05:27:10+00:00
SAO_5701-10,São Paulo,3550308,True,,33904,,,-23.653202999999998,-46.649993,,,,2,2023-06-20T05:27:02+00:00
SAO_5701-10,São Paulo,3550308,True,,33904,,,-23.6522065,-46.651482,,,,2,2023-06-20T05:27:11+00:00
SAO_5701-10,São Paulo,3550308,True,,33904,,,-23.6352275,-46.6415195,,,,2,2023-06-20T05:27:14+00:00
SAO_5702-10,São Paulo,3550308,True,,1137,,,-23.647284499999998,-46.6395415,,,,1,2023-06-20T05:27:26+00:00
SAO_7550-10,São Paulo,3550308,True,,34861,,,-23.655067000000003,-46.716173125,,,,2,2023-06-20T05:26:54+00:00
SAO_7550-10,São Paulo,3550308,True,,34861,,,-23.5514815,-46.6404445,,,,2,2023-06-20T05:26:55+00:00
SAO_7550-10,São Paulo,3550308,True,,34861,,,-23.602771625,-46.674507250000005,,,,2,2023-06-20T05:27:19+00:00
SAO_7550-10,São Paulo,3550308,True,,34861,,,-23.634339500000003,-46.693918249999996,,,,2,2023-06-20T05:27:23+00:00
SAO_1741-10,São Paulo,3550308,True,,33307,,,-23.483783000000003,-46.646345499999995,,,,2,2023-06-20T05:27:08+00:00
SAO_546J-31,São Paulo,3550308,True,,34783,,,-23.666578249999997,-46.675840375,,,,2,2023-06-20T05:26:59+00:00
SAO_5033-10,São Paulo,3550308,True,,34433,,,-23.603151,-46.6022615,,,,2,2023-06-20T05:27:02+00:00
SAO_3024-10,São Paulo,3550308,True,,33045,,,-23.587252499999998,-46.5566975,,,,2,2023-06-20T05:26:46+00:00
SAO_4028-10,São Paulo,3550308,True,,1098,,,-23.641877,-46.439374,,,,1,2023-06-20T05:27:12+00:00
SAO_4028-10,São Paulo,3550308,True,,1098,,,-23.635803,-46.4454185,,,,1,2023-06-20T05:26:58+00:00
SAO_4028-10,São Paulo,3550308,True,,1098,,,-23.625065,-46.4606755,,,,1,2023-06-20T05:25:01+00:00
SAO_6358-10,São Paulo,3550308,True,,34062,,,-23.570017,-46.662004,,,,2,2023-06-20T05:27:29+00:00
SAO_6358-10,São Paulo,3550308,True,,34062,,,-23.643190249999996,-46.6735595,,,,2,2023-06-20T05:27:19+00:00
SAO_6358-10,São Paulo,3550308,True,,34062,,,-23.6795345,-46.6401085,,,,2,2023-06-20T05:26:46+00:00
SAO_6358-10,São Paulo,3550308,True,,34062,,,-23.616825875,-46.674743875,,,,2,2023-06-20T05:27:21+00:00
SAO_6358-10,São Paulo,3550308,True,,34062,,,-23.686289000000002,-46.6379425,,,,2,2023-06-20T05:27:24+00:00
SAO_1722-10,São Paulo,3550308,True,,864,,,-23.47822,-46.6008465,,,,1,2023-06-20T05:27:15+00:00
SAO_1722-10,São Paulo,3550308,True,,864,,,-23.45699,-46.599173,,,,1,2023-06-20T05:25:27+00:00
SAO_1722-10,São Paulo,3550308,True,,864,,,-23.475766,-46.6598015,,,,1,2023-06-20T05:26:46+00:00
SAO_1722-10,São Paulo,3550308,True,,864,,,-23.478491499999997,-46.6011915,,,,1,2023-06-20T05:27:27+00:00
SAO_3029-10,São Paulo,3550308,True,,33734,,,-23.5536665,-46.543538,,,,2,2023-06-20T05:27:21+00:00
SAO_3029-10,São Paulo,3550308,True,,33734,,,-23.542583,-46.54966025,,,,2,2023-06-20T05:26:58+00:00
SAO_3029-10,São Paulo,3550308,True,,33734,,,-23.585295,-46.5067185,,,,2,2023-06-20T05:27:15+00:00
SAO_4111-10,São Paulo,3550308,True,,33088,,,-23.575937,-46.61345,,,,2,2023-06-20T05:27:07+00:00
SAO_4111-10,São Paulo,3550308,True,,33088,,,-23.553267249999998,-46.63394425,,,,2,2023-06-20T05:27:22+00:00
SAO_6044-10,São Paulo,3550308,True,,1221,,,-23.6606095,-46.7777425,,,,1,2023-06-20T05:26:52+00:00
SAO_6L01-10,São Paulo,3550308,True,,1171,,,-23.84556,-46.7457105,,,,1,2023-06-20T05:27:13+00:00
SAO_6L01-10,São Paulo,3550308,True,,1171,,,-23.799326999999998,-46.7314595,,,,1,2023-06-20T05:27:30+00:00
SAO_4051-10,São Paulo,3550308,True,,34912,,,-23.561855,-46.4014265,,,,2,2023-06-20T05:25:47+00:00
SAO_4051-10,São Paulo,3550308,True,,34912,,,-23.542953,-46.41554,,,,2,2023-06-20T05:27:14+00:00
SAO_1745-10,São Paulo,3550308,True,,33314,,,-23.473171,-46.665481,,,,2,2023-06-20T05:27:25+00:00
SAO_1745-10,São Paulo,3550308,True,,33314,,,-23.503788375,-46.624660500000005,,,,2,2023-06-20T05:27:03+00:00
SAO_1745-10,São Paulo,3550308,True,,33314,,,-23.476899,-46.6504475,,,,2,2023-06-20T05:26:47+00:00
SAO_546J-41,São Paulo,3550308,True,,1134,,,-23.68778,-46.65928825,,,,1,2023-06-20T05:27:23+00:00
SAO_373L-10,São Paulo,3550308,True,,1027,,,-23.615178999999998,-46.423012,,,,1,2023-06-20T05:27:27+00:00
SAO_373L-10,São Paulo,3550308,True,,1027,,,-23.5727255,-46.445909,,,,1,2023-06-20T05:26:51+00:00
SAO_373L-10,São Paulo,3550308,True,,1027,,,-23.592747000000003,-46.444361,,,,1,2023-06-20T05:27:05+00:00
SAO_847J-10,São Paulo,3550308,True,,34110,,,-23.5247175,-46.707841125,,,,2,2023-06-20T05:27:12+00:00
SAO_847J-10,São Paulo,3550308,True,,34110,,,-23.4591565,-46.719116,,,,2,2023-06-20T05:27:13+00:00
SAO_2720-10,São Paulo,3550308,True,,933,,,-23.528614,-46.5162345,,,,1,2023-06-20T05:26:55+00:00
SAO_938V-10,São Paulo,3550308,True,STT,813,https://moovitapp.com/index/pt-br/transporte_p%C3%BAblico-line-813-Sao_Paulo-242-850661-183360-0,5.3,-23.484484,-46.6911485,,,,1,2023-06-20T05:27:01+00:00
SAO_938V-10,São Paulo,3550308,True,STT,813,https://moovitapp.com/index/pt-br/transporte_p%C3%BAblico-line-813-Sao_Paulo-242-850661-183360-0,5.3,-23.515063249999997,-46.697489250000004,,,,1,2023-06-20T05:27:09+00:00
SAO_3745-10,São Paulo,3550308,True,,33812,,,-23.553178000000003,-46.5291835,,,,2,2023-06-20T05:27:14+00:00
SAO_3745-10,São Paulo,3550308,True,,33812,,,-23.589163499999998,-46.500732,,,,2,2023-06-20T05:26:54+00:00
SAO_8009-10,São Paulo,3550308,True,,34027,,,-23.433639499999998,-46.751054999999994,,,,2,2023-06-20T05:26:57+00:00
SAO_8600-10,São Paulo,3550308,True,,1432,,,-23.540457500000002,-46.6395815,,,,1,2023-06-20T05:27:21+00:00
SAO_8600-10,São Paulo,3550308,True,,1432,,,-23.510699,-46.705584,,,,1,2023-06-20T05:27:25+00:00
SAO_6820-31,São Paulo,3550308,True,,34174,,,-23.658609,-46.78921425,,,,2,2023-06-20T05:27:11+00:00
SAO_6820-31,São Paulo,3550308,True,,34174,,,-23.659830499999998,-46.76968,,,,2,2023-06-20T05:26:50+00:00
SAO_938P-10,São Paulo,3550308,True,,33656,,,-23.463069,-46.6814145,,,,2,2023-06-20T05:26:49+00:00
SAO_938P-10,São Paulo,3550308,True,,33656,,,-23.475164499999998,-46.6843655,,,,2,2023-06-20T05:27:20+00:00
SAO_5701-10,São Paulo,3550308,True,,1136,,,-23.635625,-46.6414725,,,,1,2023-06-20T05:27:04+00:00
SAO_5701-10,São Paulo,3550308,True,,1136,,,-23.629184375,-46.677306,,,,1,2023-06-20T05:26:55+00:00
SAO_5701-10,São Paulo,3550308,True,,1136,,,-23.6359985,-46.641462,,,,1,2023-06-20T05:27:06+00:00
SAO_508L-10,São Paulo,3550308,True,EMTU,117,https://moovitapp.com/index/pt-br/transporte_p%C3%BAblico-line-117-Sao_Paulo-242-2038937-36419277-0,4.8,-23.5660375,-46.65107437500001,,,,1,2023-06-20T05:27:08+00:00
SAO_508L-10,São Paulo,3550308,True,EMTU,117,https://moovitapp.com/index/pt-br/transporte_p%C3%BAblico-line-117-Sao_Paulo-242-2038937-36419277-0,4.8,-23.533137,-46.649962,,,,1,2023-06-20T05:27:02+00:00
SAO_8040-10,São Paulo,3550308,True,,406,,,-23.435692000000003,-46.776276499999994,,,,1,2023-06-20T05:27:11+00:00
SAO_8040-10,São Paulo,3550308,True,,406,,,-23.5196425,-46.700389,,,,1,2023-06-20T05:27:21+00:00
SAO_8040-10,São Paulo,3550308,True,,406,,,-23.485219,-46.7643615,,,,1,2023-06-20T05:27:06+00:00
SAO_3742-10,São Paulo,3550308,True,,1042,,,-23.578357500000003,-46.4430785,,,,1,2023-06-20T05:27:07+00:00
SAO_6823-10,São Paulo,3550308,True,,32802,,,-23.670783999999998,-46.786465,,,,2,2023-06-20T05:24:57+00:00
SAO_6812-10,São Paulo,3550308,True,,34010,,,-23.689302875,-46.773427749999996,,,,2,2023-06-20T05:27:05+00:00
SAO_6812-10,São Paulo,3550308,True,,34010,,,-23.7277955,-46.7863145,,,,2,2023-06-20T05:27:04+00:00
SAO_6812-10,São Paulo,3550308,True,,34010,,,-23.721891,-46.785158499999994,,,,2,2023-06-20T05:27:02+00:00
SAO_5759-10,São Paulo,3550308,True,,1138,,,-23.657638499999997,-46.6549165,,,,1,2023-06-20T05:27:17+00:00
SAO_5652-10,São Paulo,3550308,True,STT,274,https://moovitapp.com/index/pt-br/transporte_p%C3%BAblico-line-274-Sao_Paulo-242-850661-183274-0,5.3,-23.6054945,-46.65132275,,,,1,2023-06-20T05:27:04+00:00
SAO_5652-10,São Paulo,3550308,True,STT,274,https://moovitapp.com/index/pt-br/transporte_p%C3%BAblico-line-274-Sao_Paulo-242-850661-183274-0,5.3,-23.721047249999998,-46.689213249999995,,,,1,2023-06-20T05:27:22+00:00
SAO_909T-10,São Paulo,3550308,True,,35024,,,-23.554876,-46.662072499999994,,,,2,2023-06-20T05:27:25+00:00
SAO_2715-10,São Paulo,3550308,True,,928,,,-23.50249625,-46.502607,,,,1,2023-06-20T05:27:08+00:00
SAO_2715-10,São Paulo,3550308,True,,928,,,-23.53037075,-46.50092875,,,,1,2023-06-20T05:26:57+00:00
SAO_5141-10,São Paulo,3550308,True,,1625,,,-23.614004,-46.501168500000006,,,,1,2023-06-20T05:20:52+00:00
SAO_5141-10,São Paulo,3550308,True,,1625,,,-23.5515695,-46.624459,,,,1,2023-06-20T05:27:11+00:00
SAO_647A-10,São Paulo,3550308,True,,1315,,,-23.6423305,-46.736515499999996,,,,1,2023-06-20T05:27:11+00:00
SAO_647A-10,São Paulo,3550308,True,,1315,,,-23.6945095,-46.7940355,,,,1,2023-06-20T05:26:54+00:00
SAO_6450-10,São Paulo,3550308,True,,59,,,-23.564640500000003,-46.6570085,,,,1,2023-06-20T05:26:59+00:00
SAO_6450-10,São Paulo,3550308,True,,59,,,-23.644903,-46.7196845,,,,1,2023-06-20T05:27:12+00:00
SAO_2002-10,São Paulo,3550308,True,STT,711,https://moovitapp.com/index/pt-br/transporte_p%C3%BAblico-line-711-Sao_Paulo-242-850661-183340-0,5.3,-23.54552375,-46.63358925,,,,1,2023-06-20T05:27:06+00:00
SAO_6063-42,São Paulo,3550308,True,,2002,,,-23.7782415,-46.692955999999995,,,,1,2023-06-20T05:26:55+00:00
SAO_6063-42,São Paulo,3550308,True,,2002,,,-23.809403,-46.6612485,,,,1,2023-06-20T05:26:54+00:00
SAO_695Y-10,São Paulo,3550308,True,,1198,,,-23.6050065,-46.663439625,,,,1,2023-06-20T05:27:02+00:00
SAO_695Y-10,São Paulo,3550308,True,,1198,,,-23.812842375,-46.73570825,,,,1,2023-06-20T05:27:24+00:00
SAO_695Y-10,São Paulo,3550308,True,,1198,,,-23.778554,-46.724277,,,,1,2023-06-20T05:26:44+00:00
SAO_695Y-10,São Paulo,3550308,True,,1198,,,-23.82660275,-46.73138675,,,,1,2023-06-20T05:27:22+00:00
SAO_695Y-10,São Paulo,3550308,True,,1198,,,-23.729186,-46.698715,,,,1,2023-06-20T05:27:24+00:00
SAO_1785-10,São Paulo,3550308,True,,1816,,,-23.48038375,-46.627487,,,,1,2023-06-20T05:26:53+00:00
SAO_736I-10,São Paulo,3550308,True,,33549,,,-23.632192500000002,-46.751371750000004,,,,2,2023-06-20T05:27:10+00:00
SAO_4491-10,São Paulo,3550308,True,,33095,,,-23.582554000000002,-46.614894500000005,,,,2,2023-06-20T05:26:51+00:00
SAO_4491-10,São Paulo,3550308,True,,33095,,,-23.6477715,-46.599855500000004,,,,2,2023-06-20T05:26:20+00:00
SAO_4491-10,São Paulo,3550308,True,,33095,,,-23.653428499999997,-46.60163825,,,,2,2023-06-20T05:27:04+00:00
SAO_746C-10,São Paulo,3550308,True,,33551,,,-23.608864,-46.7509105,,,,2,2023-06-20T05:27:16+00:00
SAO_746C-10,São Paulo,3550308,True,,33551,,,-23.630195999999998,-46.734106,,,,2,2023-06-20T05:27:04+00:00
SAO_7545-10,São Paulo,3550308,True,,33272,,,-23.601478,-46.791829,,,,2,2023-06-20T05:26:52+00:00
SAO_7545-10,São Paulo,3550308,True,,33272,,,-23.5480775,-46.649773624999995,,,,2,2023-06-20T05:27:26+00:00
SAO_7545-10,São Paulo,3550308,True,,33272,,,-23.57325225,-46.712486,,,,2,2023-06-20T05:26:59+00:00
SAO_7545-10,São Paulo,3550308,True,,33272,,,-23.596549000000003,-46.782379500000005,,,,2,2023-06-20T05:26:55+00:00
SAO_7545-10,São Paulo,3550308,True,,33272,,,-23.570433,-46.689798249999996,,,,2,2023-06-20T05:27:09+00:00
SAO_211V-10,São Paulo,3550308,True,,32922,,,-23.4943225,-46.470273,,,,2,2023-06-20T05:27:05+00:00
SAO_211V-10,São Paulo,3550308,True,,32922,,,-23.527554000000002,-46.554968,,,,2,2023-06-20T05:23:52+00:00
SAO_178T-10,São Paulo,3550308,True,EMTU,565,https://moovitapp.com/index/pt-br/transporte_p%C3%BAblico-line-565-Sao_Paulo-242-2038937-36419563-0,8.1,-23.5313455,-46.7346275,,,,1,2023-06-20T05:27:25+00:00
SAO_178T-10,São Paulo,3550308,True,EMTU,565,https://moovitapp.com/index/pt-br/transporte_p%C3%BAblico-line-565-Sao_Paulo-242-2038937-36419563-0,8.1,-23.502382,-46.6920145,,,,1,2023-06-20T05:27:03+00:00
SAO_178T-10,São Paulo,3550308,True,EMTU,565,https://moovitapp.com/index/pt-br/transporte_p%C3%BAblico-line-565-Sao_Paulo-242-2038937-36419563-0,8.1,-23.520201,-46.710451,,,,1,2023-06-20T05:27:15+00:00
SAO_178T-10,São Paulo,3550308,True,EMTU,565,https://moovitapp.com/index/pt-br/transporte_p%C3%BAblico-line-565-Sao_Paulo-242-2038937-36419563-0,8.1,-23.5313455,-46.7346275,,,,1,2023-06-20T05:27:18+00:00
SAO_3761-10,São Paulo,3550308,True,,33819,,,-23.566259000000002,-46.507381,,,,2,2023-06-20T05:27:24+00:00
SAO_3761-10,São Paulo,3550308,True,,33819,,,-23.61839375,-46.42342575,,,,2,2023-06-20T05:27:09+00:00
SAO_3761-10,São Paulo,3550308,True,,33819,,,-23.61803925,-46.42337725,,,,2,2023-06-20T05:27:11+00:00
SAO_3761-10,São Paulo,3550308,True,,33819,,,-23.606879,-46.427408,,,,2,2023-06-20T05:27:08+00:00
SAO_3761-10,São Paulo,3550308,True,,33819,,,-23.538576,-46.564368,,,,2,2023-06-20T05:26:51+00:00
SAO_3761-10,São Paulo,3550308,True,,33819,,,-23.5941815,-46.479601,,,,2,2023-06-20T05:26:51+00:00
SAO_8009-31,São Paulo,3550308,True,,34028,,,-23.455059499999997,-46.7491765,,,,2,2023-06-20T05:26:47+00:00
SAO_8009-31,São Paulo,3550308,True,,34028,,,-23.475044500000003,-46.72772325,,,,2,2023-06-20T05:27:05+00:00
SAO_253F-10,São Paulo,3550308,True,,32926,,,-23.613302,-46.4764105,,,,2,2023-06-20T05:26:48+00:00
SAO_253F-10,São Paulo,3550308,True,,32926,,,-23.5693275,-46.446983,,,,2,2023-06-20T05:27:11+00:00
SAO_253F-10,São Paulo,3550308,True,,32926,,,-23.596052999999998,-46.453267,,,,2,2023-06-20T05:27:08+00:00
SAO_253F-10,São Paulo,3550308,True,,32926,,,-23.518916500000003,-46.474219000000005,,,,2,2023-06-20T05:27:06+00:00
SAO_253F-10,São Paulo,3550308,True,,32926,,,-23.518022000000002,-46.475695,,,,2,2023-06-20T05:27:03+00:00
SAO_253F-10,São Paulo,3550308,True,,32926,,,-23.5169785,-46.4757555,,,,2,2023-06-20T05:26:58+00:00
SAO_2009-10,São Paulo,3550308,True,,33666,,,-23.5155065,-46.4135175,,,,2,2023-06-20T05:26:58+00:00
SAO_2009-10,São Paulo,3550308,True,,33666,,,-23.541789,-46.4160215,,,,2,2023-06-20T05:27:02+00:00
SAO_2756-10,São Paulo,3550308,True,EMTU,238,https://moovitapp.com/index/pt-br/transporte_p%C3%BAblico-line-238-Sao_Paulo-242-2038937-36419351-0,4.85,-23.544459500000002,-46.390429999999995,,,,1,2023-06-20T05:27:17+00:00
SAO_2756-10,São Paulo,3550308,True,EMTU,238,https://moovitapp.com/index/pt-br/transporte_p%C3%BAblico-line-238-Sao_Paulo-242-2038937-36419351-0,4.85,-23.512155999999997,-46.4436415,,,,1,2023-06-20T05:27:17+00:00
SAO_2756-10,São Paulo,3550308,True,EMTU,238,https://moovitapp.com/index/pt-br/transporte_p%C3%BAblico-line-238-Sao_Paulo-242-2038937-36419351-0,4.85,-23.544459500000002,-46.390429999999995,,,,1,2023-06-20T05:27:14+00:00
SAO_2756-10,São Paulo,3550308,True,EMTU,238,https://moovitapp.com/index/pt-br/transporte_p%C3%BAblico-line-238-Sao_Paulo-242-2038937-36419351-0,4.85,-23.5271485,-46.417964,,,,1,2023-06-20T05:27:01+00:00
SAO_2756-10,São Paulo,3550308,True,EMTU,238,https://moovitapp.com/index/pt-br/transporte_p%C3%BAblico-line-238-Sao_Paulo-242-2038937-36419351-0,4.85,-23.5412365,-46.410338499999995,,,,1,2023-06-20T05:27:27+00:00
SAO_2014-10,São Paulo,3550308,True,,33668,,,-23.49589675,-46.660531875000004,,,,2,2023-06-20T05:27:13+00:00
SAO_2014-10,São Paulo,3550308,True,,33668,,,-23.472121,-46.666564750000006,,,,2,2023-06-20T05:27:26+00:00
SAO_2014-10,São Paulo,3550308,True,,33668,,,-23.5265825,-46.6727935,,,,2,2023-06-20T05:26:53+00:00
SAO_2014-10,São Paulo,3550308,True,,33668,,,-23.457518,-46.670135,,,,2,2023-06-20T05:26:49+00:00
SAO_2014-10,São Paulo,3550308,True,,33668,,,-23.458364500000002,-46.667662,,,,2,2023-06-20T05:26:54+00:00
SAO_179X-10,São Paulo,3550308,True,STT,680,https://moovitapp.com/index/pt-br/transporte_p%C3%BAblico-line-680-Sao_Paulo-242-850661-183334-0,5.3,-23.44281925,-46.5898795,,,,1,2023-06-20T05:27:30+00:00
SAO_179X-10,São Paulo,3550308,True,STT,680,https://moovitapp.com/index/pt-br/transporte_p%C3%BAblico-line-680-Sao_Paulo-242-850661-183334-0,5.3,-23.438741,-46.5754205,,,,1,2023-06-20T05:27:05+00:00
SAO_179X-10,São Paulo,3550308,True,STT,680,https://moovitapp.com/index/pt-br/transporte_p%C3%BAblico-line-680-Sao_Paulo-242-850661-183334-0,5.3,-23.502481,-46.6248825,,,,1,2023-06-20T05:26:53+00:00
SAO_2728-10,São Paulo,3550308,True,,943,,,-23.533234,-46.543972499999995,,,,1,2023-06-20T05:27:21+00:00
SAO_2728-10,São Paulo,3550308,True,,943,,,-23.5003345,-46.51299349999999,,,,1,2023-06-20T05:27:21+00:00
SAO_2728-10,São Paulo,3550308,True,,943,,,-23.52418025,-46.5490485,,,,1,2023-06-20T05:27:13+00:00
SAO_5759-10,São Paulo,3550308,True,,33906,,,-23.6949545,-46.64853925,,,,2,2023-06-20T05:27:13+00:00
SAO_5759-10,São Paulo,3550308,True,,33906,,,-23.6947445,-46.64808025,,,,2,2023-06-20T05:27:15+00:00
SAO_5759-10,São Paulo,3550308,True,,33906,,,-23.6950395,-46.6487305,,,,2,2023-06-20T05:27:14+00:00
SAO_4033-10,São Paulo,3550308,True,,33871,,,-23.59929,-46.529866,,,,2,2023-06-20T05:27:27+00:00
SAO_4033-10,São Paulo,3550308,True,,33871,,,-23.598108500000002,-46.500811,,,,2,2023-06-20T05:26:47+00:00
SAO_4033-10,São Paulo,3550308,True,,33871,,,-23.612721,-46.494454,,,,2,2023-06-20T05:27:26+00:00
SAO_4033-10,São Paulo,3550308,True,,33871,,,-23.604264,-46.538593500000005,,,,2,2023-06-20T05:27:10+00:00
SAO_4033-10,São Paulo,3550308,True,,33871,,,-23.61464675,-46.50130299999999,,,,2,2023-06-20T05:27:30+00:00
SAO_4033-10,São Paulo,3550308,True,,33871,,,-23.60295,-46.54262025,,,,2,2023-06-20T05:26:48+00:00
SAO_478P-10,São Paulo,3550308,True,,33117,,,-23.570103250000003,-46.622248250000005,,,,2,2023-06-20T05:27:29+00:00
SAO_478P-10,São Paulo,3550308,True,,33117,,,-23.553642312500003,-46.672105437499994,,,,2,2023-06-20T05:26:47+00:00
SAO_175T-10,São Paulo,3550308,True,,623,,,-23.653267,-46.637658,,,,1,2023-06-20T05:26:53+00:00
SAO_175T-10,São Paulo,3550308,True,,623,,,-23.6390905,-46.6413445,,,,1,2023-06-20T05:27:04+00:00
SAO_175T-10,São Paulo,3550308,True,,623,,,-23.5962065,-46.65095975,,,,1,2023-06-20T05:27:01+00:00
SAO_175T-10,São Paulo,3550308,True,,623,,,-23.6537985,-46.637972500000004,,,,1,2023-06-20T05:27:29+00:00
SAO_175T-10,São Paulo,3550308,True,,623,,,-23.516329,-46.625257500000004,,,,1,2023-06-20T05:27:17+00:00
SAO_5106-10,São Paulo,3550308,True,,34048,,,-23.658538749999998,-46.63609650000001,,,,2,2023-06-20T05:26:59+00:00
SAO_5106-10,São Paulo,3550308,True,,34048,,,-23.624087625,-46.640517875,,,,2,2023-06-20T05:26:52+00:00
SAO_5106-10,São Paulo,3550308,True,,34048,,,-23.5664938125,-46.644707249999996,,,,2,2023-06-20T05:27:29+00:00
SAO_5106-10,São Paulo,3550308,True,,34048,,,-23.6876055,-46.640014,,,,2,2023-06-20T05:27:09+00:00
SAO_709M-10,São Paulo,3550308,True,,2462,,,-23.654158,-46.710677000000004,,,,1,2023-06-20T05:27:06+00:00
SAO_709M-10,São Paulo,3550308,True,,2462,,,-23.5662285,-46.7018525,,,,1,2023-06-20T05:27:19+00:00
SAO_709M-10,São Paulo,3550308,True,,2462,,,-23.654158,-46.710677000000004,,,,1,2023-06-20T05:26:54+00:00
SAO_709M-10,São Paulo,3550308,True,,2462,,,-23.654158,-46.710677000000004,,,,1,2023-06-20T05:27:28+00:00
SAO_709M-10,São Paulo,3550308,True,,2462,,,-23.62459425,-46.694126,,,,1,2023-06-20T05:27:11+00:00
SAO_702U-10,São Paulo,3550308,True,,34098,,,-23.547072,-46.630497500000004,,,,2,2023-06-20T05:26:56+00:00
SAO_702U-10,São Paulo,3550308,True,,34098,,,-23.56179025,-46.7192535,,,,2,2023-06-20T05:27:02+00:00
SAO_6250-10,São Paulo,3550308,True,EMTU,468,https://moovitapp.com/index/pt-br/transporte_p%C3%BAblico-line-468-Sao_Paulo-242-2038937-36419506-0,6.65,-23.5498335,-46.64009,,,,1,2023-06-20T05:27:30+00:00
SAO_6250-10,São Paulo,3550308,True,EMTU,468,https://moovitapp.com/index/pt-br/transporte_p%C3%BAblico-line-468-Sao_Paulo-242-2038937-36419506-0,6.65,-23.5971655,-46.756316,,,,1,2023-06-20T05:27:16+00:00
SAO_3051-10,São Paulo,3550308,True,,2446,,,-23.5054265,-46.470572,,,,1,2023-06-20T05:27:08+00:00
SAO_6078-10,São Paulo,3550308,True,,33934,,,-23.7530115,-46.6886865,,,,2,2023-06-20T05:27:08+00:00
SAO_6078-10,São Paulo,3550308,True,,33934,,,-23.73608675,-46.694618500000004,,,,2,2023-06-20T05:26:51+00:00
SAO_8060-10,São Paulo,3550308,True,,33186,,,-23.519959,-46.700407999999996,,,,2,2023-06-20T05:27:07+00:00
SAO_8060-10,São Paulo,3550308,True,,33186,,,-23.5204905,-46.7492885,,,,2,2023-06-20T05:27:21+00:00
SAO_778J-41,São Paulo,3550308,True,,34254,,,-23.585752,-46.80545,,,,2,2023-06-20T05:26:58+00:00
SAO_778J-41,São Paulo,3550308,True,,34254,,,-23.584068,-46.784856500000004,,,,2,2023-06-20T05:27:01+00:00
SAO_778J-41,São Paulo,3550308,True,,34254,,,-23.565272,-46.696377999999996,,,,2,2023-06-20T05:27:30+00:00
SAO_809R-10,São Paulo,3550308,True,,2067,,,-23.570489625,-46.7111315,,,,1,2023-06-20T05:27:17+00:00
SAO_7282-10,São Paulo,3550308,True,,471,,,-23.546803500000003,-46.751121,,,,1,2023-06-20T05:27:27+00:00
SAO_7282-10,São Paulo,3550308,True,,471,,,-23.557833000000002,-46.748490000000004,,,,1,2023-06-20T05:27:13+00:00
SAO_7282-10,São Paulo,3550308,True,,471,,,-23.539938499999998,-46.7051145,,,,1,2023-06-20T05:27:19+00:00
SAO_477U-10,São Paulo,3550308,True,,33074,,,-23.60934,-46.5948055,,,,2,2023-06-20T05:27:11+00:00
SAO_477U-10,São Paulo,3550308,True,,33074,,,-23.584331,-46.6276875,,,,2,2023-06-20T05:26:45+00:00
SAO_938C-10,São Paulo,3550308,True,,33354,,,-23.5168675,-46.6987555,,,,2,2023-06-20T05:27:24+00:00
SAO_938C-10,São Paulo,3550308,True,,33354,,,-23.4495215,-46.7169095,,,,2,2023-06-20T05:27:18+00:00
SAO_271A-10,São Paulo,3550308,True,STT,702,https://moovitapp.com/index/pt-br/transporte_p%C3%BAblico-line-702-Sao_Paulo-242-850661-641780-0,5.3,-23.5030675,-46.591339500000004,,,,1,2023-06-20T05:26:51+00:00
SAO_271A-10,São Paulo,3550308,True,STT,702,https://moovitapp.com/index/pt-br/transporte_p%C3%BAblico-line-702-Sao_Paulo-242-850661-641780-0,5.3,-23.518916500000003,-46.546872500000006,,,,1,2023-06-20T05:27:18+00:00
SAO_3027-10,São Paulo,3550308,True,,33731,,,-23.54340725,-46.439274874999995,,,,2,2023-06-20T05:27:04+00:00
SAO_3027-10,São Paulo,3550308,True,,33731,,,-23.5725385,-46.473708,,,,2,2023-06-20T05:27:13+00:00
SAO_1773-10,São Paulo,3550308,True,,637,,,-23.4826065,-46.6307425,,,,1,2023-06-20T05:26:59+00:00
SAO_1773-10,São Paulo,3550308,True,,637,,,-23.454504375,-46.598760625,,,,1,2023-06-20T05:27:08+00:00
SAO_209P-1,São Paulo,3550308,True,,2301,,,-23.47152125,-46.67050425,,,,1,2023-06-20T05:26:55+00:00
SAO_209P-1,São Paulo,3550308,True,,2301,,,-23.5186295,-46.678721499999995,,,,1,2023-06-20T05:27:25+00:00
SAO_4008-21,São Paulo,3550308,True,,35295,,,-23.574430500000002,-46.4451555,,,,2,2023-06-20T05:26:50+00:00
SAO_5129-41,São Paulo,3550308,True,,34742,,,-23.657351562500004,-46.6961065,,,,2,2023-06-20T05:26:49+00:00
SAO_5129-41,São Paulo,3550308,True,,34742,,,-23.680207,-46.636137500000004,,,,2,2023-06-20T05:27:18+00:00
SAO_509J-10,São Paulo,3550308,True,,33032,,,-23.625929125,-46.66660125,,,,2,2023-06-20T05:26:51+00:00
SAO_509J-10,São Paulo,3550308,True,,33032,,,-23.669486499999998,-46.670733,,,,2,2023-06-20T05:26:54+00:00
SAO_509J-10,São Paulo,3550308,True,,33032,,,-23.580849999999998,-46.656758999999994,,,,2,2023-06-20T05:26:48+00:00
SAO_675L-10,São Paulo,3550308,True,,34246,,,-23.597957,-46.648168,,,,2,2023-06-20T05:27:21+00:00
SAO_675L-10,São Paulo,3550308,True,,34246,,,-23.598484,-46.636875,,,,2,2023-06-20T05:27:30+00:00
SAO_675L-10,São Paulo,3550308,True,,34246,,,-23.653879,-46.7107595,,,,2,2023-06-20T05:27:11+00:00
SAO_675L-10,São Paulo,3550308,True,,34246,,,-23.641431374999996,-46.698932375,,,,2,2023-06-20T05:27:07+00:00
SAO_609J-10,São Paulo,3550308,True,,35010,,,-23.62553725,-46.6404665,,,,2,2023-06-20T05:27:24+00:00
SAO_609J-10,São Paulo,3550308,True,,35010,,,-23.6258665,-46.641028500000004,,,,2,2023-06-20T05:26:49+00:00
SAO_546A-31,São Paulo,3550308,True,,33900,,,-23.713665,-46.65656725,,,,2,2023-06-20T05:26:38+00:00
SAO_546A-31,São Paulo,3550308,True,,33900,,,-23.696514999999998,-46.649711499999995,,,,2,2023-06-20T05:27:06+00:00
SAO_546A-31,São Paulo,3550308,True,,33900,,,-23.678036,-46.685228,,,,2,2023-06-20T05:26:48+00:00
SAO_4019-10,São Paulo,3550308,True,,2524,,,-23.543388,-46.469908000000004,,,,1,2023-06-20T05:27:03+00:00
SAO_5025-10,São Paulo,3550308,True,,34332,,,-23.596165,-46.57088525,,,,2,2023-06-20T05:26:51+00:00
SAO_5025-10,São Paulo,3550308,True,,34332,,,-23.609267,-46.5418475,,,,2,2023-06-20T05:27:02+00:00
SAO_199D-10,São Paulo,3550308,True,,2135,,,-23.53465425,-46.689066874999995,,,,1,2023-06-20T05:27:29+00:00
SAO_199D-10,São Paulo,3550308,True,,2135,,,-23.565374249999998,-46.698355,,,,1,2023-06-20T05:27:23+00:00
SAO_N234-11,São Paulo,3550308,True,,35091,,,-23.4798095,-46.601954500000005,,,,2,2023-06-20T05:26:58+00:00
SAO_6500-10,São Paulo,3550308,True,,32814,,,-23.569391250000002,-46.661404000000005,,,,2,2023-06-20T05:27:31+00:00
SAO_6500-10,São Paulo,3550308,True,,32814,,,-23.6318165,-46.6915685,,,,2,2023-06-20T05:27:30+00:00
SAO_6L11-10,São Paulo,3550308,True,,33935,,,-23.8015465,-46.6276715,,,,2,2023-06-20T05:27:29+00:00
SAO_6L11-10,São Paulo,3550308,True,,33935,,,-23.762444000000002,-46.655004000000005,,,,2,2023-06-20T05:27:16+00:00
SAO_4012-10,São Paulo,3550308,True,,2185,,,-23.598941,-46.4428075,,,,1,2023-06-20T05:26:57+00:00
SAO_2780-10,São Paulo,3550308,True,EMTU,399,https://moovitapp.com/index/pt-br/transporte_p%C3%BAblico-line-399-Sao_Paulo-242-2038937-36419463-0,6.45,-23.5094785,-46.432934,,,,1,2023-06-20T05:25:23+00:00
SAO_2780-10,São Paulo,3550308,True,EMTU,399,https://moovitapp.com/index/pt-br/transporte_p%C3%BAblico-line-399-Sao_Paulo-242-2038937-36419463-0,6.45,-23.507738,-46.371759499999996,,,,1,2023-06-20T05:26:57+00:00
SAO_3134-10,São Paulo,3550308,True,,33761,,,-23.5655005,-46.50685,,,,2,2023-06-20T05:27:19+00:00
SAO_3134-10,São Paulo,3550308,True,,33761,,,-23.5813855,-46.585077999999996,,,,2,2023-06-20T05:26:47+00:00
SAO_3134-10,São Paulo,3550308,True,,33761,,,-23.575366125000002,-46.55310425,,,,2,2023-06-20T05:26:57+00:00
SAO_3009-10,São Paulo,3550308,True,,35294,,,-23.5174595,-46.3991265,,,,2,2023-06-20T05:27:05+00:00
SAO_3009-10,São Paulo,3550308,True,,35294,,,-23.497882500000003,-46.401284000000004,,,,2,2023-06-20T05:27:13+00:00
SAO_746H-10,São Paulo,3550308,True,STT,785,https://moovitapp.com/index/pt-br/transporte_p%C3%BAblico-line-785-Sao_Paulo-242-850661-183353-0,5.3,-23.610439375,-46.727247375000005,,,,1,2023-06-20T05:27:21+00:00
SAO_746H-10,São Paulo,3550308,True,STT,785,https://moovitapp.com/index/pt-br/transporte_p%C3%BAblico-line-785-Sao_Paulo-242-850661-183353-0,5.3,-23.640483125,-46.717002750000006,,,,1,2023-06-20T05:27:18+00:00
SAO_7021-10,São Paulo,3550308,True,,1989,,,-23.671018500000002,-46.7682805,,,,1,2023-06-20T05:27:11+00:00
SAO_7021-10,São Paulo,3550308,True,,1989,,,-23.643911000000003,-46.733135000000004,,,,1,2023-06-20T05:27:23+00:00
SAO_5632-10,São Paulo,3550308,True,,32849,,,-23.600950875000002,-46.6598455,,,,2,2023-06-20T05:27:29+00:00
SAO_5632-10,São Paulo,3550308,True,,32849,,,-23.710296999999997,-46.7115555,,,,2,2023-06-20T05:26:49+00:00
SAO_647A-10,São Paulo,3550308,True,,34083,,,-23.69402375,-46.797301250000004,,,,2,2023-06-20T05:27:24+00:00
SAO_647A-10,São Paulo,3550308,True,,34083,,,-23.5652765,-46.692343,,,,2,2023-06-20T05:27:11+00:00
SAO_647A-10,São Paulo,3550308,True,,34083,,,-23.63033325,-46.73643025,,,,2,2023-06-20T05:26:56+00:00
SAO_2032-10,São Paulo,3550308,True,,2266,,,-23.480972625,-46.58119625,,,,1,2023-06-20T05:27:23+00:00
SAO_6L11-10,São Paulo,3550308,True,,1167,,,-23.73643225,-46.69632274999999,,,,1,2023-06-20T05:27:02+00:00
SAO_6L11-10,São Paulo,3550308,True,,1167,,,-23.7673525,-46.650648125000004,,,,1,2023-06-20T05:26:47+00:00
SAO_6L11-10,São Paulo,3550308,True,,1167,,,-23.7668425,-46.650896625,,,,1,2023-06-20T05:27:08+00:00
SAO_5318-10,São Paulo,3550308,True,,45,,,-23.6318385,-46.710336,,,,1,2023-06-20T05:27:01+00:00
SAO_5318-10,São Paulo,3550308,True,,45,,,-23.549961500000002,-46.635110499999996,,,,1,2023-06-20T05:27:26+00:00
SAO_1785-10,São Paulo,3550308,True,,34584,,,-23.4798105,-46.62504225,,,,2,2023-06-20T05:25:03+00:00
SAO_1785-10,São Paulo,3550308,True,,34584,,,-23.477968500000003,-46.622819,,,,2,2023-06-20T05:27:21+00:00
SAO_6008-10,São Paulo,3550308,True,,33968,,,-23.684191749999997,-46.7573795,,,,2,2023-06-20T05:27:29+00:00
SAO_6008-10,São Paulo,3550308,True,,33968,,,-23.68727,-46.7629345,,,,2,2023-06-20T05:27:06+00:00
SAO_271M-10,São Paulo,3550308,True,,684,,,-23.5080645,-46.56710525,,,,1,2023-06-20T05:27:23+00:00
SAO_271M-10,São Paulo,3550308,True,,684,,,-23.512197999999998,-46.563227499999996,,,,1,2023-06-20T05:27:17+00:00
SAO_8252-10,São Paulo,3550308,True,,34016,,,-23.526683,-46.667058,,,,2,2023-06-20T05:27:26+00:00
SAO_6821-10,São Paulo,3550308,True,BR7 Mobilidade,21,https://moovitapp.com/index/pt-br/transporte_p%C3%BAblico-line-21-Sao_Paulo-242-851856-707765-0,5.75,-23.654267,-46.763731,,,,1,2023-06-20T05:27:11+00:00
SAO_6821-10,São Paulo,3550308,True,BR7 Mobilidade,21,https://moovitapp.com/index/pt-br/transporte_p%C3%BAblico-line-21-Sao_Paulo-242-851856-707765-0,5.75,-23.685882499999998,-46.7807575,,,,1,2023-06-20T05:26:47+00:00
SAO_9032-10,São Paulo,3550308,True,,33648,,,-23.451695,-46.6979965,,,,2,2023-06-20T05:26:56+00:00
SAO_9032-10,São Paulo,3550308,True,,33648,,,-23.44631425,-46.692783750000004,,,,2,2023-06-20T05:26:44+00:00
SAO_9032-10,São Paulo,3550308,True,,33648,,,-23.473665500000003,-46.670654,,,,2,2023-06-20T05:27:16+00:00
SAO_4210-10,São Paulo,3550308,True,,2170,,,-23.587325,-46.414944250000005,,,,1,2023-06-20T05:26:20+00:00
SAO_4210-10,São Paulo,3550308,True,,2170,,,-23.580193,-46.411458999999994,,,,1,2023-06-20T05:27:00+00:00
SAO_4210-10,São Paulo,3550308,True,,2170,,,-23.58338225,-46.415035,,,,1,2023-06-20T05:26:46+00:00
SAO_4210-10,São Paulo,3550308,True,,2170,,,-23.53906475,-46.6071805,,,,1,2023-06-20T05:27:02+00:00
SAO_4210-10,São Paulo,3550308,True,,2170,,,-23.545441,-46.630475000000004,,,,1,2023-06-20T05:27:11+00:00
SAO_4210-10,São Paulo,3550308,True,,2170,,,-23.5408695,-46.539165499999996,,,,1,2023-06-20T05:26:58+00:00
SAO_4113-10,São Paulo,3550308,True,,33536,,,-23.548732,-46.6425325,,,,2,2023-06-20T05:26:55+00:00
SAO_4113-10,São Paulo,3550308,True,,33536,,,-23.553913,-46.63321025,,,,2,2023-06-20T05:27:05+00:00
SAO_4113-10,São Paulo,3550308,True,,33536,,,-23.6024155,-46.612331,,,,2,2023-06-20T05:26:59+00:00
SAO_4113-10,São Paulo,3550308,True,,33536,,,-23.6024155,-46.612331,,,,2,2023-06-20T05:27:15+00:00
SAO_4113-10,São Paulo,3550308,True,,33536,,,-23.551361749999998,-46.640548499999994,,,,2,2023-06-20T05:27:01+00:00
SAO_4113-10,São Paulo,3550308,True,,33536,,,-23.57744975,-46.625303625,,,,2,2023-06-20T05:27:16+00:00
SAO_477P-10,São Paulo,3550308,True,,33116,,,-23.586395500000002,-46.682653,,,,2,2023-06-20T05:26:45+00:00
SAO_477P-10,São Paulo,3550308,True,,33116,,,-23.612551,-46.60875125,,,,2,2023-06-20T05:27:20+00:00
SAO_477P-10,São Paulo,3550308,True,,33116,,,-23.584262,-46.617564,,,,2,2023-06-20T05:27:25+00:00
SAO_477P-10,São Paulo,3550308,True,,33116,,,-23.618886500000002,-46.675871,,,,2,2023-06-20T05:26:44+00:00
SAO_477P-10,São Paulo,3550308,True,,33116,,,-23.616079374999998,-46.6678765,,,,2,2023-06-20T05:27:05+00:00
SAO_8001-10,São Paulo,3550308,True,,1251,,,-23.5196005,-46.700601,,,,1,2023-06-20T05:27:09+00:00
SAO_2012-10,São Paulo,3550308,True,,35049,,,-23.4897675,-46.5809375,,,,2,2023-06-20T05:27:24+00:00
SAO_2012-10,São Paulo,3550308,True,,35049,,,-23.488902500000002,-46.5819175,,,,2,2023-06-20T05:27:04+00:00
SAO_5015-10,São Paulo,3550308,True,,33887,,,-23.691779,-46.65973,,,,2,2023-06-20T05:26:56+00:00
SAO_5015-10,São Paulo,3550308,True,,33887,,,-23.683116124999998,-46.651041875,,,,2,2023-06-20T05:26:56+00:00
SAO_5015-10,São Paulo,3550308,True,,33887,,,-23.6920055,-46.659695,,,,2,2023-06-20T05:27:17+00:00
SAO_509J-10,São Paulo,3550308,True,EMTU,264,https://moovitapp.com/index/pt-br/transporte_p%C3%BAblico-line-264-Sao_Paulo-242-2038937-36419374-0,6.2,-23.66687725,-46.675336875,,,,1,2023-06-20T05:27:24+00:00
SAO_509J-10,São Paulo,3550308,True,EMTU,264,https://moovitapp.com/index/pt-br/transporte_p%C3%BAblico-line-264-Sao_Paulo-242-2038937-36419374-0,6.2,-23.602131375,-46.66162,,,,1,2023-06-20T05:26:46+00:00
SAO_5290-10,São Paulo,3550308,True,,33365,,,-23.6394745,-46.641374500000005,,,,2,2023-06-20T05:27:01+00:00
SAO_5290-10,São Paulo,3550308,True,,33365,,,-23.550061,-46.6314055,,,,2,2023-06-20T05:26:50+00:00
SAO_5290-10,São Paulo,3550308,True,,33365,,,-23.59326775,-46.6366685,,,,2,2023-06-20T05:27:07+00:00
SAO_573A-10,São Paulo,3550308,True,,1637,,,-23.549159,-46.605756375,,,,1,2023-06-20T05:27:30+00:00
SAO_573A-10,São Paulo,3550308,True,,1637,,,-23.5959415,-46.575576749999996,,,,1,2023-06-20T05:25:31+00:00
SAO_524M-10,São Paulo,3550308,True,,1631,,,-23.563701000000002,-46.505339,,,,1,2023-06-20T05:27:17+00:00
SAO_524M-10,São Paulo,3550308,True,,1631,,,-23.6030455,-46.499805499999994,,,,1,2023-06-20T05:26:47+00:00
SAO_695T-10,São Paulo,3550308,True,,34090,,,-23.59871175,-46.638375749999994,,,,2,2023-06-20T05:27:14+00:00
SAO_695T-10,São Paulo,3550308,True,,34090,,,-23.642676,-46.699861999999996,,,,2,2023-06-20T05:27:30+00:00
SAO_695T-10,São Paulo,3550308,True,,34090,,,-23.6546575,-46.761719,,,,2,2023-06-20T05:27:16+00:00
SAO_7050-10,São Paulo,3550308,True,,1884,,,-23.660049,-46.7764445,,,,1,2023-06-20T05:27:25+00:00
SAO_7050-10,São Paulo,3550308,True,,1884,,,-23.631508,-46.7726,,,,1,2023-06-20T05:26:52+00:00
SAO_N738-11,São Paulo,3550308,True,,35187,,,-23.6687515,-46.735510000000005,,,,2,2023-06-20T05:27:05+00:00
SAO_4312-10,São Paulo,3550308,True,,34940,,,-23.539204500000004,-46.569772,,,,2,2023-06-20T05:27:01+00:00
SAO_4312-10,São Paulo,3550308,True,,34940,,,-23.53225175,-46.53098425,,,,2,2023-06-20T05:27:22+00:00
SAO_4312-10,São Paulo,3550308,True,,34940,,,-23.570582,-46.490271500000006,,,,2,2023-06-20T05:27:16+00:00
SAO_4312-10,São Paulo,3550308,True,,34940,,,-23.560675,-46.4935555,,,,2,2023-06-20T05:27:16+00:00
SAO_4312-10,São Paulo,3550308,True,,34940,,,-23.570552125,-46.489686875,,,,2,2023-06-20T05:27:16+00:00
SAO_8023-10,São Paulo,3550308,True,,34842,,,-23.58877375,-46.736734750000004,,,,2,2023-06-20T05:27:06+00:00
SAO_746V-10,São Paulo,3550308,True,,33560,,,-23.6367975,-46.764164,,,,2,2023-06-20T05:27:02+00:00
SAO_746V-10,São Paulo,3550308,True,,33560,,,-23.62274625,-46.754206999999994,,,,2,2023-06-20T05:27:11+00:00
SAO_2726-10,São Paulo,3550308,True,Urubupungá,940,https://moovitapp.com/index/pt-br/transporte_p%C3%BAblico-line-940-Sao_Paulo-242-873835-496474-0,4.6,-23.5223415,-46.537504,,,,1,2023-06-20T05:27:24+00:00
SAO_2726-10,São Paulo,3550308,True,Urubupungá,940,https://moovitapp.com/index/pt-br/transporte_p%C3%BAblico-line-940-Sao_Paulo-242-873835-496474-0,4.6,-23.513876250000003,-46.46891024999999,,,,1,2023-06-20T05:27:13+00:00
SAO_2726-10,São Paulo,3550308,True,Urubupungá,940,https://moovitapp.com/index/pt-br/transporte_p%C3%BAblico-line-940-Sao_Paulo-242-873835-496474-0,4.6,-23.51418675,-46.46895275,,,,1,2023-06-20T05:27:15+00:00
SAO_2726-10,São Paulo,3550308,True,Urubupungá,940,https://moovitapp.com/index/pt-br/transporte_p%C3%BAblico-line-940-Sao_Paulo-242-873835-496474-0,4.6,-23.533211,-46.543845,,,,1,2023-06-20T05:27:11+00:00
SAO_272N-10,São Paulo,3550308,True,,33473,,,-23.516788,-46.5676735,,,,2,2023-06-20T05:27:13+00:00
SAO_272N-10,São Paulo,3550308,True,,33473,,,-23.511872,-46.563117500000004,,,,2,2023-06-20T05:27:13+00:00
SAO_7725-10,São Paulo,3550308,True,,33240,,,-23.56462475,-46.76101625,,,,2,2023-06-20T05:27:08+00:00
SAO_7725-10,São Paulo,3550308,True,,33240,,,-23.53030975,-46.71168850000001,,,,2,2023-06-20T05:27:02+00:00
SAO_6820-10,São Paulo,3550308,True,,32787,,,-23.66147575,-46.790868625,,,,2,2023-06-20T05:26:48+00:00
SAO_6820-10,São Paulo,3550308,True,,32787,,,-23.6575565,-46.764503,,,,2,2023-06-20T05:27:04+00:00
SAO_4013-10,São Paulo,3550308,True,,34954,,,-23.620505,-46.456191000000004,,,,2,2023-06-20T05:27:21+00:00
SAO_4013-10,São Paulo,3550308,True,,34954,,,-23.628946,-46.445373000000004,,,,2,2023-06-20T05:26:58+00:00
SAO_5300-10,São Paulo,3550308,True,,33122,,,-23.600950875000002,-46.6598455,,,,2,2023-06-20T05:27:20+00:00
SAO_5300-10,São Paulo,3550308,True,,33122,,,-23.549477,-46.633083,,,,2,2023-06-20T05:27:23+00:00
SAO_5300-10,São Paulo,3550308,True,,33122,,,-23.653958125,-46.712061750000004,,,,2,2023-06-20T05:26:46+00:00
SAO_5300-10,São Paulo,3550308,True,,33122,,,-23.547731,-46.6300275,,,,2,2023-06-20T05:26:54+00:00
SAO_775F-10,São Paulo,3550308,True,,796,,,-23.6254505,-46.7479555,,,,1,2023-06-20T05:27:18+00:00
SAO_775F-10,São Paulo,3550308,True,,796,,,-23.6038425,-46.712644499999996,,,,1,2023-06-20T05:27:29+00:00
SAO_4027-41,São Paulo,3550308,True,,2309,,,-23.625357,-46.4633855,,,,1,2023-06-20T05:27:16+00:00
SAO_4018-10,São Paulo,3550308,True,,34959,,,-23.590070500000003,-46.408122250000005,,,,2,2023-06-20T05:27:09+00:00
SAO_4018-10,São Paulo,3550308,True,,34959,,,-23.60109525,-46.39926,,,,2,2023-06-20T05:27:23+00:00
SAO_4018-10,São Paulo,3550308,True,,34959,,,-23.5949945,-46.45014975,,,,2,2023-06-20T05:27:14+00:00
SAO_574R-10,São Paulo,3550308,True,,1623,,,-23.55589525,-46.5761605,,,,1,2023-06-20T05:27:19+00:00
SAO_374V-10,São Paulo,3550308,True,,34415,,,-23.534564500000002,-46.4529065,,,,2,2023-06-20T05:27:27+00:00
SAO_374V-10,São Paulo,3550308,True,,34415,,,-23.53455425,-46.45399675,,,,2,2023-06-20T05:27:08+00:00
SAO_374V-10,São Paulo,3550308,True,,34415,,,-23.519756,-46.4474905,,,,2,2023-06-20T05:26:45+00:00
SAO_938P-10,São Paulo,3550308,True,,888,,,-23.5300765,-46.677189999999996,,,,1,2023-06-20T05:27:25+00:00
SAO_5128-10,São Paulo,3550308,True,,33896,,,-23.68761,-46.6401965,,,,2,2023-06-20T05:27:13+00:00
SAO_5128-10,São Paulo,3550308,True,,33896,,,-23.7122905,-46.651968499999995,,,,2,2023-06-20T05:26:57+00:00
SAO_5128-10,São Paulo,3550308,True,,33896,,,-23.704997,-46.651302,,,,2,2023-06-20T05:25:40+00:00
SAO_5128-10,São Paulo,3550308,True,,33896,,,-23.7122905,-46.651968499999995,,,,2,2023-06-20T05:26:46+00:00
SAO_2033-10,São Paulo,3550308,True,,35267,,,-23.4875455,-46.567836,,,,2,2023-06-20T05:27:04+00:00
SAO_2033-10,São Paulo,3550308,True,,35267,,,-23.52026875,-46.59614825,,,,2,2023-06-20T05:27:12+00:00
SAO_3751-10,São Paulo,3550308,True,,33815,,,-23.5455945,-46.447912,,,,2,2023-06-20T05:26:50+00:00
SAO_3751-10,São Paulo,3550308,True,,33815,,,-23.5672235,-46.418611999999996,,,,2,2023-06-20T05:26:49+00:00
SAO_8300-1,São Paulo,3550308,True,,2507,,,-23.485881499999998,-46.725865,,,,1,2023-06-20T05:27:09+00:00
SAO_8300-1,São Paulo,3550308,True,,2507,,,-23.5193815,-46.7004685,,,,1,2023-06-20T05:27:09+00:00
SAO_5611-10,São Paulo,3550308,True,,33366,,,-23.678338,-46.685114,,,,2,2023-06-20T05:27:10+00:00
SAO_5611-10,São Paulo,3550308,True,,33366,,,-23.7160135,-46.624853,,,,2,2023-06-20T05:27:21+00:00
SAO_5611-10,São Paulo,3550308,True,,33366,,,-23.662667499999998,-46.679049500000005,,,,2,2023-06-20T05:27:19+00:00
SAO_407M-10,São Paulo,3550308,True,,318,,,-23.572332,-46.612939999999995,,,,1,2023-06-20T05:27:00+00:00
SAO_N142-11,São Paulo,3550308,True,,2298,,,-23.486492,-46.725708499999996,,,,1,2023-06-20T05:26:50+00:00
SAO_2182-10,São Paulo,3550308,True,,33468,,,-23.481508499999997,-46.571411,,,,2,2023-06-20T05:27:24+00:00
SAO_2182-10,São Paulo,3550308,True,,33468,,,-23.4901925,-46.5744335,,,,2,2023-06-20T05:27:28+00:00
SAO_701A-10,São Paulo,3550308,True,,689,,,-23.554403125,-46.6913000625,,,,1,2023-06-20T05:27:08+00:00
SAO_701A-10,São Paulo,3550308,True,,689,,,-23.5468295,-46.6903115,,,,1,2023-06-20T05:26:59+00:00
SAO_701A-10,São Paulo,3550308,True,,689,,,-23.4773085,-46.5744725,,,,1,2023-06-20T05:27:05+00:00
SAO_701A-10,São Paulo,3550308,True,,689,,,-23.53901625,-46.6068375,,,,1,2023-06-20T05:27:04+00:00
SAO_4004-10,São Paulo,3550308,True,,2178,,,-23.5835045,-46.409155999999996,,,,1,2023-06-20T05:26:47+00:00
SAO_2583-10,São Paulo,3550308,True,,33143,,,-23.494137000000002,-46.45074150000001,,,,2,2023-06-20T05:27:09+00:00
SAO_637A-10,São Paulo,3550308,True,,32953,,,-23.5825705,-46.68577625,,,,2,2023-06-20T05:27:02+00:00
SAO_637A-10,São Paulo,3550308,True,,32953,,,-23.682856,-46.7683915,,,,2,2023-06-20T05:27:15+00:00
SAO_637A-10,São Paulo,3550308,True,,32953,,,-23.6643115,-46.7266925,,,,2,2023-06-20T05:27:12+00:00
SAO_637A-10,São Paulo,3550308,True,,32953,,,-23.567645875,-46.6976115,,,,2,2023-06-20T05:27:18+00:00
SAO_637A-10,São Paulo,3550308,True,,32953,,,-23.687598,-46.771941,,,,2,2023-06-20T05:26:59+00:00
SAO_637A-10,São Paulo,3550308,True,,32953,,,-23.617912,-46.701939499999995,,,,2,2023-06-20T05:27:22+00:00
SAO_701U-10,São Paulo,3550308,True,,33425,,,-23.5547715,-46.661674,,,,2,2023-06-20T05:26:56+00:00
SAO_701U-10,São Paulo,3550308,True,,33425,,,-23.559659500000002,-46.7389455,,,,2,2023-06-20T05:26:58+00:00
SAO_701U-10,São Paulo,3550308,True,,33425,,,-23.5324315,-46.6324125,,,,2,2023-06-20T05:26:46+00:00
SAO_702C-10,São Paulo,3550308,True,STT,485,https://moovitapp.com/index/pt-br/transporte_p%C3%BAblico-line-485-Sao_Paulo-242-850661-183324-0,5.3,-23.548582,-46.6267145,,,,1,2023-06-20T05:26:49+00:00
SAO_702C-10,São Paulo,3550308,True,STT,485,https://moovitapp.com/index/pt-br/transporte_p%C3%BAblico-line-485-Sao_Paulo-242-850661-183324-0,5.3,-23.542462,-46.590803,,,,1,2023-06-20T05:27:30+00:00
SAO_702C-10,São Paulo,3550308,True,STT,485,https://moovitapp.com/index/pt-br/transporte_p%C3%BAblico-line-485-Sao_Paulo-242-850661-183324-0,5.3,-23.549836499999998,-46.65359025000001,,,,1,2023-06-20T05:27:21+00:00
SAO_702C-10,São Paulo,3550308,True,STT,485,https://moovitapp.com/index/pt-br/transporte_p%C3%BAblico-line-485-Sao_Paulo-242-850661-183324-0,5.3,-23.569138624999997,-46.745699125,,,,1,2023-06-20T05:27:01+00:00
SAO_6051-31,São Paulo,3550308,True,,34374,,,-23.7621455,-46.689133,,,,2,2023-06-20T05:27:29+00:00
SAO_8200-10,São Paulo,3550308,True,,1263,,,-23.519705000000002,-46.7003425,,,,1,2023-06-20T05:27:25+00:00
SAO_8200-10,São Paulo,3550308,True,,1263,,,-23.519705000000002,-46.7003425,,,,1,2023-06-20T05:27:14+00:00
SAO_6042-10,São Paulo,3550308,True,,1219,,,-23.652001499999997,-46.722031,,,,1,2023-06-20T05:27:10+00:00
SAO_6042-10,São Paulo,3550308,True,,1219,,,-23.672669,-46.7646945,,,,1,2023-06-20T05:27:17+00:00
SAO_128Y-10,São Paulo,3550308,True,,33611,,,-23.479886,-46.658485,,,,2,2023-06-20T05:26:52+00:00
SAO_106A-10,São Paulo,3550308,True,,516,,,-23.534784625,-46.63364337499999,,,,1,2023-06-20T05:26:55+00:00
SAO_106A-10,São Paulo,3550308,True,,516,,,-23.587066999999998,-46.676217,,,,1,2023-06-20T05:27:03+00:00
SAO_106A-10,São Paulo,3550308,True,,516,,,-23.502099,-46.62419250000001,,,,1,2023-06-20T05:26:46+00:00
SAO_2104-10,São Paulo,3550308,True,,35023,,,-23.546910500000003,-46.6306845,,,,2,2023-06-20T05:27:18+00:00
SAO_2104-10,São Paulo,3550308,True,,35023,,,-23.502574,-46.624022999999994,,,,2,2023-06-20T05:27:22+00:00
SAO_407H-10,São Paulo,3550308,True,,34965,,,-23.6081045,-46.4527765,,,,2,2023-06-20T05:27:09+00:00
SAO_407H-10,São Paulo,3550308,True,,34965,,,-23.6328925,-46.442772000000005,,,,2,2023-06-20T05:27:08+00:00
SAO_407H-10,São Paulo,3550308,True,,34965,,,-23.573963,-46.445578,,,,2,2023-06-20T05:26:50+00:00
SAO_848L-10,São Paulo,3550308,True,,33576,,,-23.4859685,-46.7262025,,,,2,2023-06-20T05:27:14+00:00
SAO_848L-10,São Paulo,3550308,True,,33576,,,-23.421583000000002,-46.72890875,,,,2,2023-06-20T05:27:22+00:00
SAO_848L-10,São Paulo,3550308,True,,33576,,,-23.4140175,-46.750341500000005,,,,2,2023-06-20T05:27:19+00:00
SAO_848L-10,São Paulo,3550308,True,,33576,,,-23.4144305,-46.7510005,,,,2,2023-06-20T05:26:52+00:00
SAO_374M-10,São Paulo,3550308,True,,1965,,,-23.5335885,-46.486672,,,,1,2023-06-20T05:27:22+00:00
SAO_5018-31,São Paulo,3550308,True,,34629,,,-23.689674,-46.661702000000005,,,,2,2023-06-20T05:27:14+00:00
SAO_5018-31,São Paulo,3550308,True,,34629,,,-23.67043725,-46.647592125,,,,2,2023-06-20T05:27:08+00:00
SAO_5614-10,São Paulo,3550308,True,,1515,,,-23.63476,-46.669057,,,,1,2023-06-20T05:27:08+00:00
SAO_5614-10,São Paulo,3550308,True,,1515,,,-23.699740499999997,-46.646033,,,,1,2023-06-20T05:27:27+00:00
SAO_7267-10,São Paulo,3550308,True,,34195,,,-23.55472,-46.6618795,,,,2,2023-06-20T05:27:28+00:00
SAO_6258-31,São Paulo,3550308,True,,34551,,,-23.679578499999998,-46.748819,,,,2,2023-06-20T05:27:08+00:00
SAO_2013-10,São Paulo,3550308,True,,33667,,,-23.454283,-46.658618,,,,2,2023-06-20T05:27:22+00:00
SAO_2013-10,São Paulo,3550308,True,,33667,,,-23.458919,-46.648506,,,,2,2023-06-20T05:27:31+00:00
SAO_6053-10,São Paulo,3550308,True,,1145,,,-23.736701500000002,-46.696777499999996,,,,1,2023-06-20T05:26:47+00:00
SAO_5032-10,São Paulo,3550308,True,,1662,,,-23.6026135,-46.602717,,,,1,2023-06-20T05:27:01+00:00
SAO_4013-10,São Paulo,3550308,True,,2186,,,-23.612699499999998,-46.472691499999996,,,,1,2023-06-20T05:27:24+00:00
SAO_4013-10,São Paulo,3550308,True,,2186,,,-23.6353085,-46.443883,,,,1,2023-06-20T05:27:04+00:00
SAO_6051-10,São Paulo,3550308,True,,1143,,,-23.763970999999998,-46.6963055,,,,1,2023-06-20T05:27:31+00:00
SAO_476A-10,São Paulo,3550308,True,,304,,,-23.576997125,-46.606139875,,,,1,2023-06-20T05:27:16+00:00
SAO_476A-10,São Paulo,3550308,True,,304,,,-23.5984835,-46.651188000000005,,,,1,2023-06-20T05:26:59+00:00
SAO_5131-10,São Paulo,3550308,True,,1282,,,-23.5518445,-46.6351665,,,,1,2023-06-20T05:27:26+00:00
SAO_5131-10,São Paulo,3550308,True,,1282,,,-23.6390545,-46.6766925,,,,1,2023-06-20T05:27:14+00:00
SAO_5702-10,São Paulo,3550308,True,,33905,,,-23.684215000000002,-46.6333035,,,,2,2023-06-20T05:26:57+00:00
SAO_5702-10,São Paulo,3550308,True,,33905,,,-23.698087,-46.646107,,,,2,2023-06-20T05:27:25+00:00
SAO_5702-10,São Paulo,3550308,True,,33905,,,-23.698087,-46.646107,,,,2,2023-06-20T05:27:10+00:00
SAO_4020-10,São Paulo,3550308,True,,2530,,,-23.595036,-46.440376,,,,1,2023-06-20T05:27:03+00:00
SAO_N702-11,São Paulo,3550308,True,,2407,,,-23.620270124999998,-46.677818,,,,1,2023-06-20T05:27:12+00:00
SAO_2726-10,São Paulo,3550308,True,,33708,,,-23.5163385,-46.520989,,,,2,2023-06-20T05:26:45+00:00
SAO_2726-10,São Paulo,3550308,True,,33708,,,-23.508325499999998,-46.4684905,,,,2,2023-06-20T05:27:06+00:00
SAO_2726-10,São Paulo,3550308,True,,33708,,,-23.511696999999998,-46.500585,,,,2,2023-06-20T05:26:54+00:00
SAO_3712-51,São Paulo,3550308,True,,35273,,,-23.559214750000002,-46.42250812499999,,,,2,2023-06-20T05:27:26+00:00
SAO_3791-10,São Paulo,3550308,True,,1069,,,-23.5419325,-46.484893125,,,,1,2023-06-20T05:27:29+00:00
SAO_3791-10,São Paulo,3550308,True,,1069,,,-23.558518875,-46.511792125,,,,1,2023-06-20T05:26:52+00:00
SAO_3725-41,São Paulo,3550308,True,,1531,,,-23.53387575,-46.5422565,,,,1,2023-06-20T05:27:15+00:00
SAO_6418-10,São Paulo,3550308,True,,771,,,-23.606631999999998,-46.703387,,,,1,2023-06-20T05:27:11+00:00
SAO_5091-10,São Paulo,3550308,True,,34291,,,-23.692377999999998,-46.661184,,,,2,2023-06-20T05:26:50+00:00
SAO_2590-10,São Paulo,3550308,True,,912,,,-23.535142625,-46.58197975,,,,1,2023-06-20T05:26:12+00:00
SAO_2590-10,São Paulo,3550308,True,,912,,,-23.546543999999997,-46.631561000000005,,,,1,2023-06-20T05:27:30+00:00
SAO_2590-10,São Paulo,3550308,True,,912,,,-23.5092415,-46.547533,,,,1,2023-06-20T05:27:01+00:00
SAO_N532-11,São Paulo,3550308,True,,35152,,,-23.611592,-46.50136125,,,,2,2023-06-20T05:26:13+00:00
SAO_5143-10,São Paulo,3550308,True,,1628,,,-23.55715325,-46.619058375,,,,1,2023-06-20T05:27:29+00:00
SAO_6046-10,São Paulo,3550308,True,,33991,,,-23.683948,-46.7815925,,,,2,2023-06-20T05:27:05+00:00
SAO_6046-10,São Paulo,3550308,True,,33991,,,-23.6599165,-46.767001,,,,2,2023-06-20T05:27:30+00:00
SAO_6049-10,São Paulo,3550308,True,,34077,,,-23.694102,-46.79505075,,,,2,2023-06-20T05:27:19+00:00
SAO_6049-10,São Paulo,3550308,True,,34077,,,-23.659622,-46.766826,,,,2,2023-06-20T05:27:11+00:00
SAO_N433-11,São Paulo,3550308,True,,2366,,,-23.557687,-46.52319850000001,,,,1,2023-06-20T05:27:26+00:00
SAO_178L-10,São Paulo,3550308,True,EMTU,560,https://moovitapp.com/index/pt-br/transporte_p%C3%BAblico-line-560-Sao_Paulo-242-2038937-36419561-0,6.2,-23.52903,-46.648013500000005,,,,1,2023-06-20T05:27:09+00:00
SAO_178L-10,São Paulo,3550308,True,EMTU,560,https://moovitapp.com/index/pt-br/transporte_p%C3%BAblico-line-560-Sao_Paulo-242-2038937-36419561-0,6.2,-23.5498635,-46.6823885,,,,1,2023-06-20T05:26:49+00:00
SAO_263C-10,São Paulo,3550308,True,EMTU,252,https://moovitapp.com/index/pt-br/transporte_p%C3%BAblico-line-252-Sao_Paulo-242-2038937-36419363-0,6.8,-23.493677499999997,-46.4402265,,,,1,2023-06-20T05:27:25+00:00
SAO_263C-10,São Paulo,3550308,True,EMTU,252,https://moovitapp.com/index/pt-br/transporte_p%C3%BAblico-line-252-Sao_Paulo-242-2038937-36419363-0,6.8,-23.53939075,-46.4398695,,,,1,2023-06-20T05:27:15+00:00
SAO_263C-10,São Paulo,3550308,True,EMTU,252,https://moovitapp.com/index/pt-br/transporte_p%C3%BAblico-line-252-Sao_Paulo-242-2038937-36419363-0,6.8,-23.50168,-46.41517675,,,,1,2023-06-20T05:27:18+00:00
SAO_6813-10,São Paulo,3550308,True,,32801,,,-23.654925,-46.762577,,,,2,2023-06-20T05:26:49+00:00
SAO_414P-10,São Paulo,3550308,True,,1105,,,-23.5369055,-46.562923,,,,1,2023-06-20T05:27:25+00:00
SAO_414P-10,São Paulo,3550308,True,,1105,,,-23.583397249999997,-46.53500275,,,,1,2023-06-20T05:27:16+00:00
SAO_273L-10,São Paulo,3550308,True,,224,,,-23.512155999999997,-46.4436415,,,,1,2023-06-20T05:27:13+00:00
SAO_9050-10,São Paulo,3550308,True,,2088,,,-23.530234999999998,-46.704563,,,,1,2023-06-20T05:27:24+00:00
SAO_9050-10,São Paulo,3550308,True,,2088,,,-23.5720645,-46.690287999999995,,,,1,2023-06-20T05:27:27+00:00
SAO_1773-10,São Paulo,3550308,True,,33405,,,-23.45020075,-46.589796,,,,2,2023-06-20T05:27:26+00:00
SAO_1773-10,São Paulo,3550308,True,,33405,,,-23.4362245,-46.5662435,,,,2,2023-06-20T05:27:00+00:00
SAO_N205-11,São Paulo,3550308,True,,35083,,,-23.4751435,-46.6696965,,,,2,2023-06-20T05:26:53+00:00
SAO_4004-10,São Paulo,3550308,True,,34946,,,-23.580149,-46.399117000000004,,,,2,2023-06-20T05:25:38+00:00
SAO_3054-10,São Paulo,3550308,True,,975,,,-23.60538575,-46.480157999999996,,,,1,2023-06-20T05:27:30+00:00
SAO_3054-10,São Paulo,3550308,True,,975,,,-23.609925,-46.407969,,,,1,2023-06-20T05:27:04+00:00
SAO_3054-10,São Paulo,3550308,True,,975,,,-23.61071875,-46.49325225,,,,1,2023-06-20T05:27:08+00:00
SAO_8707-10,São Paulo,3550308,True,,34832,,,-23.582619875,-46.759946125,,,,2,2023-06-20T05:27:30+00:00
SAO_8707-10,São Paulo,3550308,True,,34832,,,-23.56761925,-46.684419000000005,,,,2,2023-06-20T05:27:17+00:00
SAO_8707-10,São Paulo,3550308,True,,34832,,,-23.5629095,-46.7470515,,,,2,2023-06-20T05:27:03+00:00
SAO_1760-10,São Paulo,3550308,True,EMTU,557,https://moovitapp.com/index/pt-br/transporte_p%C3%BAblico-line-557-Sao_Paulo-242-2038937-36419558-0,6.2,-23.503476,-46.6249045,,,,1,2023-06-20T05:26:37+00:00
SAO_7054-10,São Paulo,3550308,True,,41,,,-23.641661,-46.781197500000005,,,,1,2023-06-20T05:27:18+00:00
SAO_7054-10,São Paulo,3550308,True,,41,,,-23.6517055,-46.7906215,,,,1,2023-06-20T05:27:28+00:00
SAO_637A-22,São Paulo,3550308,True,,34370,,,-23.689531625,-46.77363325,,,,2,2023-06-20T05:26:52+00:00
SAO_7062-31,São Paulo,3550308,True,,34682,,,-23.6463475,-46.7730035,,,,2,2023-06-20T05:27:05+00:00
SAO_7062-31,São Paulo,3550308,True,,34682,,,-23.6463915,-46.7728495,,,,2,2023-06-20T05:27:13+00:00
SAO_6115-10,São Paulo,3550308,True,,33953,,,-23.742746,-46.6587425,,,,2,2023-06-20T05:27:22+00:00
SAO_6115-10,São Paulo,3550308,True,,33953,,,-23.743398,-46.663335,,,,2,2023-06-20T05:27:07+00:00
SAO_6115-10,São Paulo,3550308,True,,33953,,,-23.735712499999998,-46.69611125,,,,2,2023-06-20T05:27:23+00:00
SAO_3051-10,São Paulo,3550308,True,,35214,,,-23.4866635,-46.482709,,,,2,2023-06-20T05:26:48+00:00
SAO_3051-10,São Paulo,3550308,True,,35214,,,-23.518814499999998,-46.475541,,,,2,2023-06-20T05:26:48+00:00
SAO_3051-10,São Paulo,3550308,True,,35214,,,-23.5019935,-46.47103,,,,2,2023-06-20T05:27:19+00:00
SAO_9653-10,São Paulo,3550308,True,EMTU,588,https://moovitapp.com/index/pt-br/transporte_p%C3%BAblico-line-588-Sao_Paulo-242-2038937-36419575-0,7.55,-23.4974875,-46.676193,,,,1,2023-06-20T05:27:13+00:00
SAO_9653-10,São Paulo,3550308,True,EMTU,588,https://moovitapp.com/index/pt-br/transporte_p%C3%BAblico-line-588-Sao_Paulo-242-2038937-36419575-0,7.55,-23.5428705,-46.636174,,,,1,2023-06-20T05:27:01+00:00
SAO_5123-10,São Paulo,3550308,True,,33893,,,-23.681403,-46.638069,,,,2,2023-06-20T05:27:15+00:00
SAO_5123-10,São Paulo,3550308,True,,33893,,,-23.681403,-46.638069,,,,2,2023-06-20T05:26:47+00:00
SAO_4721-10,São Paulo,3550308,True,,33105,,,-23.621776,-46.62868,,,,2,2023-06-20T05:27:10+00:00
SAO_4721-10,São Paulo,3550308,True,,33105,,,-23.6470815,-46.639527,,,,2,2023-06-20T05:27:04+00:00
SAO_775P-10,São Paulo,3550308,True,,33275,,,-23.595261,-46.7462945,,,,2,2023-06-20T05:26:59+00:00
SAO_775P-10,São Paulo,3550308,True,,33275,,,-23.5701575,-46.68927087499999,,,,2,2023-06-20T05:27:23+00:00
SAO_3725-10,São Paulo,3550308,True,,1022,,,-23.5350085,-46.5320235,,,,1,2023-06-20T05:26:58+00:00
SAO_6822-10,São Paulo,3550308,True,,32790,,,-23.653429000000003,-46.7917365,,,,2,2023-06-20T05:26:57+00:00
SAO_6822-10,São Paulo,3550308,True,,32790,,,-23.643030500000002,-46.77970475,,,,2,2023-06-20T05:27:05+00:00
SAO_8007-10,São Paulo,3550308,True,,1257,,,-23.4738355,-46.755161,,,,1,2023-06-20T05:26:52+00:00
SAO_3390-10,São Paulo,3550308,True,,738,,,-23.5813855,-46.585077999999996,,,,1,2023-06-20T05:27:09+00:00
SAO_3390-10,São Paulo,3550308,True,,738,,,-23.612506,-46.479178,,,,1,2023-06-20T05:26:54+00:00
SAO_3390-10,São Paulo,3550308,True,,738,,,-23.612312,-46.5042505,,,,1,2023-06-20T05:25:30+00:00
SAO_9012-10,São Paulo,3550308,True,,34036,,,-23.501610749999998,-46.68844875,,,,2,2023-06-20T05:26:24+00:00
SAO_3026-10,São Paulo,3550308,True,,962,,,-23.566404125,-46.40218887500001,,,,1,2023-06-20T05:27:02+00:00
SAO_3026-10,São Paulo,3550308,True,,962,,,-23.544784,-46.4105195,,,,1,2023-06-20T05:26:42+00:00
SAO_3738-10,São Paulo,3550308,True,,33806,,,-23.565473500000003,-46.3990665,,,,2,2023-06-20T05:27:06+00:00
SAO_3738-10,São Paulo,3550308,True,,33806,,,-23.5517085,-46.435886499999995,,,,2,2023-06-20T05:27:30+00:00
SAO_888P-10,São Paulo,3550308,True,EMTU,454,https://moovitapp.com/index/pt-br/transporte_p%C3%BAblico-line-454-Sao_Paulo-242-2038937-36419497-0,5.25,-23.4424835,-46.7083255,,,,1,2023-06-20T05:27:25+00:00
SAO_888P-10,São Paulo,3550308,True,EMTU,454,https://moovitapp.com/index/pt-br/transporte_p%C3%BAblico-line-454-Sao_Paulo-242-2038937-36419497-0,5.25,-23.41563875,-46.756264,,,,1,2023-06-20T05:27:16+00:00
SAO_888P-10,São Paulo,3550308,True,EMTU,454,https://moovitapp.com/index/pt-br/transporte_p%C3%BAblico-line-454-Sao_Paulo-242-2038937-36419497-0,5.25,-23.4530415,-46.737204,,,,1,2023-06-20T05:27:14+00:00
SAO_6837-10,São Paulo,3550308,True,,32774,,,-23.64454875,-46.764098000000004,,,,2,2023-06-20T05:26:52+00:00
SAO_6837-10,São Paulo,3550308,True,,32774,,,-23.6154705,-46.7401805,,,,2,2023-06-20T05:26:49+00:00
SAO_3027-10,São Paulo,3550308,True,,963,,,-23.5431935,-46.4152505,,,,1,2023-06-20T05:27:16+00:00
SAO_3027-10,São Paulo,3550308,True,,963,,,-23.563912000000002,-46.5052585,,,,1,2023-06-20T05:27:09+00:00
SAO_3027-10,São Paulo,3550308,True,,963,,,-23.5498125,-46.436327500000004,,,,1,2023-06-20T05:27:02+00:00
SAO_N706-11,São Paulo,3550308,True,,2411,,,-23.6247785,-46.764696,,,,1,2023-06-20T05:26:57+00:00
SAO_502J-10,São Paulo,3550308,True,,1275,,,-23.6680115,-46.668629,,,,1,2023-06-20T05:27:08+00:00
SAO_502J-10,São Paulo,3550308,True,,1275,,,-23.7039155,-46.686456500000006,,,,1,2023-06-20T05:26:56+00:00
SAO_502J-10,São Paulo,3550308,True,,1275,,,-23.59849425,-46.63818525,,,,1,2023-06-20T05:26:49+00:00
SAO_7005-51,São Paulo,3550308,True,,1999,,,-23.7004435,-46.781470999999996,,,,1,2023-06-20T05:27:21+00:00
SAO_7005-51,São Paulo,3550308,True,,1999,,,-23.7002325,-46.781121,,,,1,2023-06-20T05:26:47+00:00
SAO_675X-10,São Paulo,3550308,True,EMTU,111,https://moovitapp.com/index/pt-br/transporte_p%C3%BAblico-line-111-Sao_Paulo-242-2038937-36419271-0,5.1,-23.601641,-46.660279125,,,,1,2023-06-20T05:27:25+00:00
SAO_6825-10,São Paulo,3550308,True,,32782,,,-23.672634000000002,-46.7876285,,,,2,2023-06-20T05:27:05+00:00
SAO_8023-10,São Paulo,3550308,True,,2074,,,-23.5913385,-46.800192499999994,,,,1,2023-06-20T05:27:02+00:00
SAO_5178-10,São Paulo,3550308,True,,595,,,-23.5520875,-46.636109000000005,,,,1,2023-06-20T05:27:23+00:00
SAO_6812-10,São Paulo,3550308,True,,1242,,,-23.682178,-46.76720775,,,,1,2023-06-20T05:26:49+00:00
SAO_6812-10,São Paulo,3550308,True,,1242,,,-23.65192725,-46.702461,,,,1,2023-06-20T05:27:19+00:00
SAO_5185-10,São Paulo,3550308,True,,34076,,,-23.5739305,-46.655609,,,,2,2023-06-20T05:27:28+00:00
SAO_5185-10,São Paulo,3550308,True,,34076,,,-23.651643,-46.683439500000006,,,,2,2023-06-20T05:27:07+00:00
SAO_5185-10,São Paulo,3550308,True,,34076,,,-23.6683575,-46.7355065,,,,2,2023-06-20T05:26:49+00:00
SAO_648P-10,São Paulo,3550308,True,,32834,,,-23.566234,-46.7020095,,,,2,2023-06-20T05:26:56+00:00
SAO_648P-10,São Paulo,3550308,True,,32834,,,-23.5677295,-46.6994825,,,,2,2023-06-20T05:27:03+00:00
SAO_648P-10,São Paulo,3550308,True,,32834,,,-23.566234,-46.7020095,,,,2,2023-06-20T05:27:27+00:00
SAO_648P-10,São Paulo,3550308,True,,32834,,,-23.626760750000003,-46.703920499999995,,,,2,2023-06-20T05:26:49+00:00
SAO_2772-10,São Paulo,3550308,True,,398,,,-23.509922000000003,-46.411638499999995,,,,1,2023-06-20T05:27:20+00:00
SAO_2772-10,São Paulo,3550308,True,,398,,,-23.510188,-46.410596,,,,1,2023-06-20T05:26:56+00:00
SAO_3795-10,São Paulo,3550308,True,,1073,,,-23.559945,-46.415017750000004,,,,1,2023-06-20T05:27:02+00:00
SAO_233C-10,São Paulo,3550308,True,,155,,,-23.554851499999998,-46.516619,,,,1,2023-06-20T05:27:01+00:00
SAO_233C-10,São Paulo,3550308,True,,155,,,-23.523995749999997,-46.47512025,,,,1,2023-06-20T05:26:43+00:00
SAO_233C-10,São Paulo,3550308,True,,155,,,-23.518438,-46.4758375,,,,1,2023-06-20T05:26:49+00:00
SAO_233C-10,São Paulo,3550308,True,,155,,,-23.537316,-46.492701249999996,,,,1,2023-06-20T05:27:12+00:00
SAO_8047-41,São Paulo,3550308,True,,33178,,,-23.4522075,-46.742647500000004,,,,2,2023-06-20T05:27:09+00:00
SAO_8047-41,São Paulo,3550308,True,,33178,,,-23.5358485,-46.7264675,,,,2,2023-06-20T05:26:48+00:00
SAO_2161-10,São Paulo,3550308,True,,694,,,-23.485057500000003,-46.58320475,,,,1,2023-06-20T05:26:58+00:00
SAO_2161-10,São Paulo,3550308,True,,694,,,-23.535497625,-46.6174085,,,,1,2023-06-20T05:27:26+00:00
SAO_6022-10,São Paulo,3550308,True,,33975,,,-23.726221,-46.783175,,,,2,2023-06-20T05:27:26+00:00
SAO_6022-10,São Paulo,3550308,True,,33975,,,-23.694872,-46.7797925,,,,2,2023-06-20T05:27:23+00:00
SAO_7040-10,São Paulo,3550308,True,,33544,,,-23.623484249999997,-46.728172,,,,2,2023-06-20T05:27:30+00:00
SAO_7040-10,São Paulo,3550308,True,,33544,,,-23.5646445,-46.6922435,,,,2,2023-06-20T05:26:52+00:00
SAO_7040-10,São Paulo,3550308,True,,33544,,,-23.6120155,-46.7217835,,,,2,2023-06-20T05:26:45+00:00
SAO_1741-10,São Paulo,3550308,True,,539,,,-23.503125,-46.6245765,,,,1,2023-06-20T05:26:58+00:00
SAO_1741-10,São Paulo,3550308,True,,539,,,-23.474665,-46.652291000000005,,,,1,2023-06-20T05:27:24+00:00
SAO_1741-10,São Paulo,3550308,True,,539,,,-23.4639165,-46.663722,,,,1,2023-06-20T05:27:06+00:00
SAO_8013-10,São Paulo,3550308,True,,33568,,,-23.451033,-46.7868675,,,,2,2023-06-20T05:27:12+00:00
SAO_8013-10,São Paulo,3550308,True,,33568,,,-23.5075709375,-46.7400635,,,,2,2023-06-20T05:27:14+00:00
SAO_8013-10,São Paulo,3550308,True,,33568,,,-23.4315405,-46.7867875,,,,2,2023-06-20T05:27:28+00:00
SAO_971R-42,São Paulo,3550308,True,,33384,,,-23.4593045,-46.687814,,,,2,2023-06-20T05:27:10+00:00
SAO_7053-10,São Paulo,3550308,True,,1887,,,-23.640779000000002,-46.7825665,,,,1,2023-06-20T05:27:09+00:00
SAO_7053-10,São Paulo,3550308,True,,1887,,,-23.654132500000003,-46.788232,,,,1,2023-06-20T05:27:13+00:00
SAO_7053-10,São Paulo,3550308,True,,1887,,,-23.654132500000003,-46.788232,,,,1,2023-06-20T05:27:29+00:00
SAO_7053-10,São Paulo,3550308,True,,1887,,,-23.6516065,-46.790730999999994,,,,1,2023-06-20T05:26:58+00:00
SAO_7053-10,São Paulo,3550308,True,,1887,,,-23.640779000000002,-46.7825665,,,,1,2023-06-20T05:27:25+00:00
SAO_809H-10,São Paulo,3550308,True,,35013,,,-23.585881,-46.7601285,,,,2,2023-06-20T05:27:28+00:00
SAO_809H-10,São Paulo,3550308,True,,35013,,,-23.5365855,-46.72600275,,,,2,2023-06-20T05:26:46+00:00
SAO_805L-10,São Paulo,3550308,True,,32892,,,-23.56074075,-46.657163999999995,,,,2,2023-06-20T05:27:03+00:00
SAO_805L-10,São Paulo,3550308,True,,32892,,,-23.5355075,-46.644417000000004,,,,2,2023-06-20T05:27:05+00:00
SAO_805L-10,São Paulo,3550308,True,,32892,,,-23.53471425,-46.64500699999999,,,,2,2023-06-20T05:26:45+00:00
SAO_971X-10,São Paulo,3550308,True,,34463,,,-23.500099374999998,-46.636344625,,,,2,2023-06-20T05:26:52+00:00
SAO_971X-10,São Paulo,3550308,True,,34463,,,-23.476006875,-46.66992125,,,,2,2023-06-20T05:27:19+00:00
SAO_1726-10,São Paulo,3550308,True,,1403,,,-23.4359105,-46.566243,,,,1,2023-06-20T05:27:16+00:00
SAO_1726-10,São Paulo,3550308,True,,1403,,,-23.4803285,-46.6112635,,,,1,2023-06-20T05:25:43+00:00
SAO_809V-10,São Paulo,3550308,True,,2243,,,-23.56079125,-46.67237325,,,,1,2023-06-20T05:27:29+00:00
SAO_4315-10,São Paulo,3550308,True,,34943,,,-23.551944,-46.624623,,,,2,2023-06-20T05:27:10+00:00
SAO_4315-10,São Paulo,3550308,True,,34943,,,-23.548294249999998,-46.538154500000005,,,,2,2023-06-20T05:27:27+00:00
SAO_3160-10,São Paulo,3550308,True,EMTU,125,https://moovitapp.com/index/pt-br/transporte_p%C3%BAblico-line-125-Sao_Paulo-242-2038937-36419283-0,5.15,-23.552018000000004,-46.621163375,,,,1,2023-06-20T05:27:14+00:00
SAO_8544-10,São Paulo,3550308,True,EMTU,430,https://moovitapp.com/index/pt-br/transporte_p%C3%BAblico-line-430-Sao_Paulo-242-2038937-36584270-0,5.2,-23.542839999999998,-46.6362885,,,,1,2023-06-20T05:27:27+00:00
SAO_8544-10,São Paulo,3550308,True,EMTU,430,https://moovitapp.com/index/pt-br/transporte_p%C3%BAblico-line-430-Sao_Paulo-242-2038937-36584270-0,5.2,-23.44716975,-46.72291575,,,,1,2023-06-20T05:26:52+00:00
SAO_1738-10,São Paulo,3550308,True,,672,,,-23.5002395,-46.6127575,,,,1,2023-06-20T05:27:05+00:00
SAO_6073-10,São Paulo,3550308,True,,1160,,,-23.80132475,-46.73395625,,,,1,2023-06-20T05:27:14+00:00
SAO_6073-10,São Paulo,3550308,True,,1160,,,-23.7676985,-46.716468500000005,,,,1,2023-06-20T05:27:20+00:00
SAO_2203-10,São Paulo,3550308,True,,33679,,,-23.520933999999997,-46.495166749999996,,,,2,2023-06-20T05:27:08+00:00
SAO_2203-10,São Paulo,3550308,True,,33679,,,-23.52335675,-46.488071250000004,,,,2,2023-06-20T05:27:08+00:00
SAO_2705-10,São Paulo,3550308,True,,917,,,-23.5422255,-46.4699185,,,,1,2023-06-20T05:27:01+00:00
SAO_2705-10,São Paulo,3550308,True,,917,,,-23.5421695,-46.4194615,,,,1,2023-06-20T05:26:57+00:00
SAO_2705-10,São Paulo,3550308,True,,917,,,-23.5425595,-46.469581500000004,,,,1,2023-06-20T05:27:09+00:00
SAO_7059-10,São Paulo,3550308,True,,34692,,,-23.658301,-46.7819395,,,,2,2023-06-20T05:27:11+00:00
SAO_7059-10,São Paulo,3550308,True,,34692,,,-23.664915,-46.7826465,,,,2,2023-06-20T05:27:05+00:00
SAO_4734-10,São Paulo,3550308,True,,33877,,,-23.6411645,-46.610744,,,,2,2023-06-20T05:26:46+00:00
SAO_4734-10,São Paulo,3550308,True,,33877,,,-23.6183335,-46.6389475,,,,2,2023-06-20T05:27:14+00:00
SAO_4734-10,São Paulo,3550308,True,,33877,,,-23.626069125,-46.625263875,,,,2,2023-06-20T05:26:51+00:00
SAO_4734-10,São Paulo,3550308,True,,33877,,,-23.640069,-46.613732999999996,,,,2,2023-06-20T05:27:25+00:00
SAO_1702-10,São Paulo,3550308,True,,33614,,,-23.4432505,-46.577110000000005,,,,2,2023-06-20T05:27:20+00:00
SAO_1702-10,São Paulo,3550308,True,,33614,,,-23.501627499999998,-46.6245885,,,,2,2023-06-20T05:27:02+00:00
SAO_1702-10,São Paulo,3550308,True,,33614,,,-23.447903750000002,-46.57596337499999,,,,2,2023-06-20T05:27:17+00:00
SAO_1702-10,São Paulo,3550308,True,,33614,,,-23.446714999999998,-46.57691249999999,,,,2,2023-06-20T05:26:51+00:00
SAO_6806-10,São Paulo,3550308,True,BR7 Mobilidade,32,https://moovitapp.com/index/pt-br/transporte_p%C3%BAblico-line-32-Sao_Paulo-242-851856-586488-0,5.75,-23.640517,-46.7465485,,,,1,2023-06-20T05:27:09+00:00
SAO_809L-10,São Paulo,3550308,True,,34717,,,-23.592581,-46.740816499999994,,,,2,2023-06-20T05:27:31+00:00
SAO_274P-10,São Paulo,3550308,True,Grupo Vida,232,https://moovitapp.com/index/pt-br/transporte_p%C3%BAblico-line-232-Sao_Paulo-242-887112-748347-0,5.3,-23.545126500000002,-46.62112875,,,,1,2023-06-20T05:27:00+00:00
SAO_1156-10,São Paulo,3550308,True,,659,,,-23.524142625,-46.628291875,,,,1,2023-06-20T05:27:00+00:00
SAO_1156-10,São Paulo,3550308,True,,659,,,-23.495162,-46.57863775,,,,1,2023-06-20T05:27:16+00:00
SAO_7012-10,São Paulo,3550308,True,,2043,,,-23.70292,-46.77323,,,,1,2023-06-20T05:27:06+00:00
SAO_7012-10,São Paulo,3550308,True,,2043,,,-23.668242,-46.7355055,,,,1,2023-06-20T05:27:06+00:00
SAO_3141-10,São Paulo,3550308,True,,33502,,,-23.6035005,-46.509857,,,,2,2023-06-20T05:27:08+00:00
SAO_3141-10,São Paulo,3550308,True,,33502,,,-23.552293999999996,-46.5988235,,,,2,2023-06-20T05:27:26+00:00
SAO_3141-10,São Paulo,3550308,True,,33502,,,-23.574461499999998,-46.567323,,,,2,2023-06-20T05:27:25+00:00
SAO_6258-10,São Paulo,3550308,True,,34000,,,-23.668170500000002,-46.732837,,,,2,2023-06-20T05:27:09+00:00
SAO_6258-10,São Paulo,3550308,True,,34000,,,-23.691446499999998,-46.7465235,,,,2,2023-06-20T05:26:50+00:00
SAO_874T-10,São Paulo,3550308,True,EMTU,307,https://moovitapp.com/index/pt-br/transporte_p%C3%BAblico-line-307-Sao_Paulo-242-2038937-36419399-0,5.2,-23.518204500000003,-46.703536,,,,1,2023-06-20T05:26:48+00:00
SAO_874T-10,São Paulo,3550308,True,EMTU,307,https://moovitapp.com/index/pt-br/transporte_p%C3%BAblico-line-307-Sao_Paulo-242-2038937-36419399-0,5.2,-23.536074749999997,-46.651298249999996,,,,1,2023-06-20T05:27:18+00:00
SAO_874T-10,São Paulo,3550308,True,EMTU,307,https://moovitapp.com/index/pt-br/transporte_p%C3%BAblico-line-307-Sao_Paulo-242-2038937-36419399-0,5.2,-23.567407,-46.6132495,,,,1,2023-06-20T05:26:53+00:00
SAO_4725-10,São Paulo,3550308,True,,338,,,-23.613095875,-46.66526275,,,,1,2023-06-20T05:27:22+00:00
SAO_4725-10,São Paulo,3550308,True,,338,,,-23.6134585,-46.6229565,,,,1,2023-06-20T05:26:53+00:00
SAO_9166-10,São Paulo,3550308,True,,33475,,,-23.461539000000002,-46.665962,,,,2,2023-06-20T05:27:10+00:00
SAO_174M-10,São Paulo,3550308,True,,673,,,-23.481333749999997,-46.604004375,,,,1,2023-06-20T05:27:28+00:00
SAO_174M-10,São Paulo,3550308,True,,673,,,-23.556855,-46.621252,,,,1,2023-06-20T05:27:19+00:00
SAO_174M-10,São Paulo,3550308,True,,673,,,-23.530885375,-46.62572337499999,,,,1,2023-06-20T05:27:06+00:00
SAO_3796-10,São Paulo,3550308,True,,1074,,,-23.575929000000002,-46.45297975,,,,1,2023-06-20T05:27:30+00:00
SAO_2010-10,São Paulo,3550308,True,,2104,,,-23.522831,-46.624535,,,,1,2023-06-20T05:27:21+00:00
SAO_2010-10,São Paulo,3550308,True,,2104,,,-23.498510000000003,-46.599754,,,,1,2023-06-20T05:27:03+00:00
SAO_4014-10,São Paulo,3550308,True,,34955,,,-23.612769,-46.45642275,,,,2,2023-06-20T05:26:47+00:00
SAO_4014-10,São Paulo,3550308,True,,34955,,,-23.580059,-46.5022495,,,,2,2023-06-20T05:26:59+00:00
SAO_N301-11,São Paulo,3550308,True,,35103,,,-23.5469355,-46.630097,,,,2,2023-06-20T05:26:57+00:00
SAO_N301-11,São Paulo,3550308,True,,35103,,,-23.5469355,-46.630097,,,,2,2023-06-20T05:26:55+00:00
SAO_775N-10,São Paulo,3550308,True,,33242,,,-23.580102500000002,-46.7681245,,,,2,2023-06-20T05:27:30+00:00
SAO_775N-10,São Paulo,3550308,True,,33242,,,-23.5767655,-46.7657605,,,,2,2023-06-20T05:27:05+00:00
SAO_775N-10,São Paulo,3550308,True,,33242,,,-23.542445,-46.6960715,,,,2,2023-06-20T05:27:24+00:00
SAO_576C-10,São Paulo,3550308,True,,34058,,,-23.659708000000002,-46.67757325,,,,2,2023-06-20T05:27:10+00:00
SAO_576C-10,São Paulo,3550308,True,,34058,,,-23.64786775,-46.64553125,,,,2,2023-06-20T05:27:27+00:00
SAO_576C-10,São Paulo,3550308,True,,34058,,,-23.653819499999997,-46.7069125,,,,2,2023-06-20T05:27:10+00:00
SAO_576C-10,São Paulo,3550308,True,,34058,,,-23.6456705,-46.636512499999995,,,,2,2023-06-20T05:26:44+00:00
SAO_3161-10,São Paulo,3550308,True,,1084,,,-23.576010500000002,-46.5776565,,,,1,2023-06-20T05:26:53+00:00
SAO_1759-10,São Paulo,3550308,True,,553,,,-23.463654499999997,-46.637186125,,,,1,2023-06-20T05:24:52+00:00
SAO_1759-10,São Paulo,3550308,True,,553,,,-23.4620415,-46.659859,,,,1,2023-06-20T05:26:48+00:00
SAO_8078-10,São Paulo,3550308,True,,2080,,,-23.6254505,-46.7479555,,,,1,2023-06-20T05:26:50+00:00
SAO_6815-10,São Paulo,3550308,True,BR7 Mobilidade,25,https://moovitapp.com/index/pt-br/transporte_p%C3%BAblico-line-25-Sao_Paulo-242-851856-758720-0,5.75,-23.6762685,-46.783033,,,,1,2023-06-20T05:27:19+00:00
SAO_6815-10,São Paulo,3550308,True,BR7 Mobilidade,25,https://moovitapp.com/index/pt-br/transporte_p%C3%BAblico-line-25-Sao_Paulo-242-851856-758720-0,5.75,-23.654173,-46.762701500000006,,,,1,2023-06-20T05:27:25+00:00
SAO_574A-10,São Paulo,3550308,True,,33370,,,-23.584813500000003,-46.6360685,,,,2,2023-06-20T05:27:11+00:00
SAO_574A-10,São Paulo,3550308,True,,33370,,,-23.6394745,-46.641374500000005,,,,2,2023-06-20T05:27:05+00:00
SAO_5109-10,São Paulo,3550308,True,,34619,,,-23.546896,-46.629020999999995,,,,2,2023-06-20T05:27:18+00:00
SAO_5109-10,São Paulo,3550308,True,,34619,,,-23.5705148125,-46.6051620625,,,,2,2023-06-20T05:27:02+00:00
SAO_5109-10,São Paulo,3550308,True,,34619,,,-23.547353,-46.6287365,,,,2,2023-06-20T05:27:14+00:00
SAO_5109-10,São Paulo,3550308,True,,34619,,,-23.585085499999998,-46.582558500000005,,,,2,2023-06-20T05:27:24+00:00
SAO_N131-11,São Paulo,3550308,True,,2287,,,-23.5183235,-46.724805,,,,1,2023-06-20T05:27:22+00:00
SAO_1743-10,São Paulo,3550308,True,,33311,,,-23.510962125000002,-46.624883,,,,2,2023-06-20T05:27:26+00:00
SAO_1743-10,São Paulo,3550308,True,,33311,,,-23.47816975,-46.644587,,,,2,2023-06-20T05:24:10+00:00
SAO_1743-10,São Paulo,3550308,True,,33311,,,-23.456415,-46.667734499999995,,,,2,2023-06-20T05:27:02+00:00
SAO_5362-41,São Paulo,3550308,True,,72,,,-23.744505500000002,-46.670685500000005,,,,1,2023-06-20T05:26:44+00:00
SAO_5362-41,São Paulo,3550308,True,,72,,,-23.74488,-46.668146,,,,1,2023-06-20T05:27:11+00:00
SAO_748A-10,São Paulo,3550308,True,,33266,,,-23.564131875,-46.749473625,,,,2,2023-06-20T05:26:57+00:00
SAO_748A-10,São Paulo,3550308,True,,33266,,,-23.5240505,-46.705251000000004,,,,2,2023-06-20T05:27:12+00:00
SAO_3791-10,São Paulo,3550308,True,,33837,,,-23.538058499999998,-46.48892875,,,,2,2023-06-20T05:26:51+00:00
SAO_3791-10,São Paulo,3550308,True,,33837,,,-23.5612445,-46.509851,,,,2,2023-06-20T05:27:30+00:00
SAO_3791-10,São Paulo,3550308,True,,33837,,,-23.5414835,-46.4843695,,,,2,2023-06-20T05:27:14+00:00
SAO_8200-10,São Paulo,3550308,True,,34031,,,-23.50132,-46.71112,,,,2,2023-06-20T05:27:13+00:00
SAO_8200-10,São Paulo,3550308,True,,34031,,,-23.486429,-46.7263995,,,,2,2023-06-20T05:26:51+00:00
SAO_5034-10,São Paulo,3550308,True,,34431,,,-23.645482375,-46.590453249999996,,,,2,2023-06-20T05:27:24+00:00
SAO_5034-10,São Paulo,3550308,True,,34431,,,-23.627129,-46.6013555,,,,2,2023-06-20T05:26:57+00:00
SAO_373M-10,São Paulo,3550308,True,EMTU,281,https://moovitapp.com/index/pt-br/transporte_p%C3%BAblico-line-281-Sao_Paulo-242-2038937-36419383-0,6.25,-23.601646000000002,-46.539491,,,,1,2023-06-20T05:27:04+00:00
SAO_373M-10,São Paulo,3550308,True,EMTU,281,https://moovitapp.com/index/pt-br/transporte_p%C3%BAblico-line-281-Sao_Paulo-242-2038937-36419383-0,6.25,-23.586174,-46.5614595,,,,1,2023-06-20T05:27:27+00:00
SAO_6012-10,São Paulo,3550308,True,,33972,,,-23.689302875,-46.773427749999996,,,,2,2023-06-20T05:26:59+00:00
SAO_6816-10,São Paulo,3550308,True,,32794,,,-23.6572335,-46.7642095,,,,2,2023-06-20T05:27:08+00:00
SAO_1012-10,São Paulo,3550308,True,,2486,,,-23.443014,-46.804755,,,,1,2023-06-20T05:27:06+00:00
SAO_1012-10,São Paulo,3550308,True,,2486,,,-23.428291,-46.798238999999995,,,,1,2023-06-20T05:27:17+00:00
SAO_8075-10,São Paulo,3550308,True,,34812,,,-23.631173750000002,-46.77117525,,,,2,2023-06-20T05:27:06+00:00
SAO_8075-10,São Paulo,3550308,True,,34812,,,-23.5868335,-46.725097500000004,,,,2,2023-06-20T05:27:21+00:00
SAO_1036-10,São Paulo,3550308,True,,2453,,,-23.451693,-46.712231,,,,1,2023-06-20T05:26:47+00:00
SAO_971M-10,São Paulo,3550308,True,,612,,,-23.50091275,-46.625249875,,,,1,2023-06-20T05:26:58+00:00
SAO_971M-10,São Paulo,3550308,True,,612,,,-23.479035500000002,-46.64487,,,,1,2023-06-20T05:27:18+00:00
SAO_775P-10,São Paulo,3550308,True,EMTU,507,https://moovitapp.com/index/pt-br/transporte_p%C3%BAblico-line-507-Sao_Paulo-242-2038937-36419529-0,5.65,-23.57276425,-46.64287075,,,,1,2023-06-20T05:27:18+00:00
SAO_775P-10,São Paulo,3550308,True,EMTU,507,https://moovitapp.com/index/pt-br/transporte_p%C3%BAblico-line-507-Sao_Paulo-242-2038937-36419529-0,5.65,-23.60134675,-46.7537025,,,,1,2023-06-20T05:26:59+00:00
SAO_2722-10,São Paulo,3550308,True,Urubupungá,935,https://moovitapp.com/index/pt-br/transporte_p%C3%BAblico-line-935-Sao_Paulo-242-873835-76437456-0,4.6,-23.50376575,-46.493867,,,,1,2023-06-20T05:27:00+00:00
SAO_2722-10,São Paulo,3550308,True,Urubupungá,935,https://moovitapp.com/index/pt-br/transporte_p%C3%BAblico-line-935-Sao_Paulo-242-873835-76437456-0,4.6,-23.4902355,-46.49016675,,,,1,2023-06-20T05:26:39+00:00
SAO_2722-10,São Paulo,3550308,True,Urubupungá,935,https://moovitapp.com/index/pt-br/transporte_p%C3%BAblico-line-935-Sao_Paulo-242-873835-76437456-0,4.6,-23.5286855,-46.516388500000005,,,,1,2023-06-20T05:27:08+00:00
SAO_875H-10,São Paulo,3550308,True,,34108,,,-23.5205245,-46.7007655,,,,2,2023-06-20T05:27:05+00:00
SAO_875H-10,São Paulo,3550308,True,,34108,,,-23.585410125000003,-46.635665,,,,2,2023-06-20T05:27:25+00:00
SAO_875H-10,São Paulo,3550308,True,,34108,,,-23.5851405,-46.6358475,,,,2,2023-06-20T05:27:20+00:00
SAO_2201-10,São Paulo,3550308,True,,33677,,,-23.542050500000002,-46.415461,,,,2,2023-06-20T05:26:38+00:00
SAO_4734-10,São Paulo,3550308,True,,1109,,,-23.625389,-46.61914625,,,,1,2023-06-20T05:27:22+00:00
SAO_4734-10,São Paulo,3550308,True,,1109,,,-23.6411645,-46.610744,,,,1,2023-06-20T05:27:24+00:00
SAO_637R-10,São Paulo,3550308,True,EMTU,196,https://moovitapp.com/index/pt-br/transporte_p%C3%BAblico-line-196-Sao_Paulo-242-2038937-36419323-0,4.85,-23.7141755,-46.776252,,,,1,2023-06-20T05:27:11+00:00
SAO_637R-10,São Paulo,3550308,True,EMTU,196,https://moovitapp.com/index/pt-br/transporte_p%C3%BAblico-line-196-Sao_Paulo-242-2038937-36419323-0,4.85,-23.66517475,-46.707342499999996,,,,1,2023-06-20T05:26:49+00:00
SAO_637R-10,São Paulo,3550308,True,EMTU,196,https://moovitapp.com/index/pt-br/transporte_p%C3%BAblico-line-196-Sao_Paulo-242-2038937-36419323-0,4.85,-23.677432500000002,-46.761209,,,,1,2023-06-20T05:27:10+00:00
SAO_314J-10,São Paulo,3550308,True,,33078,,,-23.561635000000003,-46.6274685,,,,2,2023-06-20T05:27:00+00:00
SAO_372U-10,São Paulo,3550308,True,,33784,,,-23.5409625,-46.5764615,,,,2,2023-06-20T05:27:17+00:00
SAO_372U-10,São Paulo,3550308,True,,33784,,,-23.552243750000002,-46.567416249999994,,,,2,2023-06-20T05:21:41+00:00
SAO_372U-10,São Paulo,3550308,True,,33784,,,-23.5568485,-46.537368,,,,2,2023-06-20T05:27:05+00:00
SAO_372U-10,São Paulo,3550308,True,,33784,,,-23.553889125,-46.5434495,,,,2,2023-06-20T05:27:14+00:00
SAO_8605-10,São Paulo,3550308,True,,1917,,,-23.5491125,-46.640139500000004,,,,1,2023-06-20T05:27:27+00:00
SAO_8605-10,São Paulo,3550308,True,,1917,,,-23.605173,-46.7460725,,,,1,2023-06-20T05:27:31+00:00
SAO_1772-10,São Paulo,3550308,True,,635,,,-23.464305000000003,-46.5959815,,,,1,2023-06-20T05:27:00+00:00
SAO_2733-10,São Paulo,3550308,True,,33716,,,-23.520277,-46.454166,,,,2,2023-06-20T05:27:28+00:00
SAO_5013-10,São Paulo,3550308,True,,33885,,,-23.68104075,-46.65372875,,,,2,2023-06-20T05:23:09+00:00
SAO_5013-10,São Paulo,3550308,True,,33885,,,-23.6805705,-46.6320405,,,,2,2023-06-20T05:27:10+00:00
SAO_5013-10,São Paulo,3550308,True,,33885,,,-23.675819,-46.6790465,,,,2,2023-06-20T05:26:55+00:00
SAO_809L-10,São Paulo,3550308,True,,1949,,,-23.6315005,-46.773324,,,,1,2023-06-20T05:27:27+00:00
SAO_354M-10,São Paulo,3550308,True,,1619,,,-23.572203000000002,-46.4463495,,,,1,2023-06-20T05:27:15+00:00
SAO_354M-10,São Paulo,3550308,True,,1619,,,-23.493598499999997,-46.443783499999995,,,,1,2023-06-20T05:27:03+00:00
SAO_6L10-10,São Paulo,3550308,True,,1159,,,-23.765957,-46.716463,,,,1,2023-06-20T05:26:52+00:00
SAO_6L10-10,São Paulo,3550308,True,,1159,,,-23.767440999999998,-46.716431,,,,1,2023-06-20T05:27:29+00:00
SAO_6L10-10,São Paulo,3550308,True,,1159,,,-23.767440999999998,-46.716431,,,,1,2023-06-20T05:27:23+00:00
SAO_6L10-10,São Paulo,3550308,True,,1159,,,-23.767440999999998,-46.716431,,,,1,2023-06-20T05:26:47+00:00
SAO_2101-10,São Paulo,3550308,True,,33482,,,-23.552137000000002,-46.634062,,,,2,2023-06-20T05:26:46+00:00
SAO_272N-10,São Paulo,3550308,True,,705,,,-23.535411125000003,-46.61852987500001,,,,1,2023-06-20T05:26:47+00:00
SAO_272N-10,São Paulo,3550308,True,,705,,,-23.51949775,-46.59069025,,,,1,2023-06-20T05:26:27+00:00
SAO_8300-10,São Paulo,3550308,True,,1264,,,-23.483920249999997,-46.716664,,,,1,2023-06-20T05:27:26+00:00
SAO_4053-10,São Paulo,3550308,True,,34914,,,-23.545739,-46.403975,,,,2,2023-06-20T05:26:36+00:00
SAO_4053-10,São Paulo,3550308,True,,34914,,,-23.553562499999998,-46.3937855,,,,2,2023-06-20T05:26:55+00:00
SAO_307C-10,São Paulo,3550308,True,,34882,,,-23.5398895,-46.483771000000004,,,,2,2023-06-20T05:27:07+00:00
SAO_307C-10,São Paulo,3550308,True,,34882,,,-23.4964555,-46.40174775,,,,2,2023-06-20T05:27:00+00:00
SAO_307C-10,São Paulo,3550308,True,,34882,,,-23.517197250000002,-46.384933249999996,,,,2,2023-06-20T05:26:56+00:00
SAO_307C-10,São Paulo,3550308,True,,34882,,,-23.506502125,-46.477052750000006,,,,2,2023-06-20T05:27:30+00:00
SAO_7005-10,São Paulo,3550308,True,,1998,,,-23.7301305,-46.7858815,,,,1,2023-06-20T05:26:52+00:00
SAO_7005-10,São Paulo,3550308,True,,1998,,,-23.69138175,-46.77535775,,,,1,2023-06-20T05:27:17+00:00
SAO_6120-10,São Paulo,3550308,True,,33957,,,-23.76008125,-46.67663625,,,,2,2023-06-20T05:27:03+00:00
SAO_5129-10,São Paulo,3550308,True,,1281,,,-23.6795715,-46.636117,,,,1,2023-06-20T05:26:52+00:00
SAO_5129-10,São Paulo,3550308,True,,1281,,,-23.669695375000003,-46.67798275,,,,1,2023-06-20T05:26:57+00:00
SAO_5129-10,São Paulo,3550308,True,,1281,,,-23.668476,-46.735507,,,,1,2023-06-20T05:26:50+00:00
SAO_3756-10,São Paulo,3550308,True,,33818,,,-23.56481,-46.405776,,,,2,2023-06-20T05:27:11+00:00
SAO_6057-10,São Paulo,3550308,True,,33916,,,-23.7562445,-46.709456,,,,2,2023-06-20T05:27:14+00:00
SAO_6057-10,São Paulo,3550308,True,,33916,,,-23.766202,-46.7087025,,,,2,2023-06-20T05:26:48+00:00
SAO_2730-10,São Paulo,3550308,True,,33713,,,-23.5065655,-46.457545499999995,,,,2,2023-06-20T05:27:20+00:00
SAO_2730-10,São Paulo,3550308,True,,33713,,,-23.5227325,-46.4694845,,,,2,2023-06-20T05:27:23+00:00
SAO_971T-10,São Paulo,3550308,True,,33386,,,-23.48394775,-46.65360575,,,,2,2023-06-20T05:27:06+00:00
SAO_695H-10,São Paulo,3550308,True,,1196,,,-23.7850125,-46.7141935,,,,1,2023-06-20T05:23:06+00:00
SAO_695H-10,São Paulo,3550308,True,,1196,,,-23.718445000000003,-46.698815499999995,,,,1,2023-06-20T05:27:10+00:00
SAO_3025-10,São Paulo,3550308,True,,33729,,,-23.5588795,-46.410903000000005,,,,2,2023-06-20T05:26:58+00:00
SAO_3025-10,São Paulo,3550308,True,,33729,,,-23.56785875,-46.4059255,,,,2,2023-06-20T05:23:57+00:00
SAO_3025-10,São Paulo,3550308,True,,33729,,,-23.542925500000003,-46.416211,,,,2,2023-06-20T05:27:05+00:00
SAO_2735-21,São Paulo,3550308,True,,514,,,-23.533164499999998,-46.5456245,,,,1,2023-06-20T05:26:56+00:00
SAO_311C-10,São Paulo,3550308,True,,33077,,,-23.594777,-46.5478045,,,,2,2023-06-20T05:27:01+00:00
SAO_178Y-10,São Paulo,3550308,True,,33636,,,-23.491414,-46.617603,,,,2,2023-06-20T05:27:16+00:00
SAO_178Y-10,São Paulo,3550308,True,,33636,,,-23.4704245,-46.6371365,,,,2,2023-06-20T05:24:31+00:00
SAO_1771-10,São Paulo,3550308,True,,634,,,-23.496565500000003,-46.623305,,,,1,2023-06-20T05:24:54+00:00
SAO_1780-10,São Paulo,3550308,True,,33637,,,-23.4521675,-46.58175,,,,2,2023-06-20T05:27:08+00:00
SAO_1726-10,São Paulo,3550308,True,,34171,,,-23.43824,-46.574098500000005,,,,2,2023-06-20T05:25:26+00:00
SAO_1726-10,São Paulo,3550308,True,,34171,,,-23.467192125,-46.603699500000005,,,,2,2023-06-20T05:26:54+00:00
SAO_6L08-10,São Paulo,3550308,True,,33950,,,-23.825399500000003,-46.7073215,,,,2,2023-06-20T05:27:05+00:00
SAO_9191-10,São Paulo,3550308,True,,33578,,,-23.525059,-46.6643745,,,,2,2023-06-20T05:27:06+00:00
SAO_9191-10,São Paulo,3550308,True,,33578,,,-23.5259165,-46.63162,,,,2,2023-06-20T05:27:02+00:00
SAO_9191-10,São Paulo,3550308,True,,33578,,,-23.48583225,-46.67501575,,,,2,2023-06-20T05:27:03+00:00
SAO_9191-10,São Paulo,3550308,True,,33578,,,-23.456059500000002,-46.678576,,,,2,2023-06-20T05:26:52+00:00
SAO_9191-10,São Paulo,3550308,True,,33578,,,-23.50653075,-46.67343975,,,,2,2023-06-20T05:26:52+00:00
SAO_2100-10,São Paulo,3550308,True,,33481,,,-23.55881025,-46.58957925,,,,2,2023-06-20T05:27:22+00:00
SAO_2100-10,São Paulo,3550308,True,,33481,,,-23.552137000000002,-46.634062,,,,2,2023-06-20T05:26:53+00:00
SAO_2100-10,São Paulo,3550308,True,,33481,,,-23.56884375,-46.54050125,,,,2,2023-06-20T05:27:24+00:00
SAO_647P-10,São Paulo,3550308,True,,1316,,,-23.666964,-46.77318075,,,,1,2023-06-20T05:26:54+00:00
SAO_647P-10,São Paulo,3550308,True,,1316,,,-23.585817499999997,-46.687672,,,,1,2023-06-20T05:27:27+00:00
SAO_647P-10,São Paulo,3550308,True,,1316,,,-23.640162,-46.736765500000004,,,,1,2023-06-20T05:26:58+00:00
SAO_3902-10,São Paulo,3550308,True,,1470,,,-23.5406795,-46.4086805,,,,1,2023-06-20T05:26:48+00:00
SAO_N837-11,São Paulo,3550308,True,,35204,,,-23.6440135,-46.734696,,,,2,2023-06-20T05:27:10+00:00
SAO_1018-10,São Paulo,3550308,True,,33600,,,-23.45861,-46.6287405,,,,2,2023-06-20T05:24:22+00:00
SAO_1018-10,São Paulo,3550308,True,,33600,,,-23.48203575,-46.61289375,,,,2,2023-06-20T05:27:27+00:00
SAO_2010-10,São Paulo,3550308,True,,34872,,,-23.477741875,-46.564192125,,,,2,2023-06-20T05:26:47+00:00
SAO_2010-10,São Paulo,3550308,True,,34872,,,-23.477338,-46.564298,,,,2,2023-06-20T05:26:58+00:00
SAO_2010-10,São Paulo,3550308,True,,34872,,,-23.498224,-46.59966,,,,2,2023-06-20T05:26:52+00:00
SAO_N705-11,São Paulo,3550308,True,,35178,,,-23.566554,-46.701409999999996,,,,2,2023-06-20T05:26:51+00:00
SAO_4735-10,São Paulo,3550308,True,,1110,,,-23.609867,-46.4769945,,,,1,2023-06-20T05:26:46+00:00
SAO_408A-10,São Paulo,3550308,True,,766,,,-23.543802499999998,-46.64809925,,,,1,2023-06-20T05:27:29+00:00
SAO_2780-10,São Paulo,3550308,True,,33167,,,-23.5211535,-46.442149,,,,2,2023-06-20T05:27:10+00:00
SAO_2780-10,São Paulo,3550308,True,,33167,,,-23.505584499999998,-46.376963,,,,2,2023-06-20T05:25:01+00:00
SAO_2780-10,São Paulo,3550308,True,,33167,,,-23.4984495,-46.3958055,,,,2,2023-06-20T05:27:04+00:00
SAO_N334-11,São Paulo,3550308,True,,35114,,,-23.517957000000003,-46.4757075,,,,2,2023-06-20T05:27:22+00:00
SAO_5106-31,São Paulo,3550308,True,,1305,,,-23.66678125,-46.636874750000004,,,,1,2023-06-20T05:27:21+00:00
SAO_5106-31,São Paulo,3550308,True,,1305,,,-23.604621,-46.643096,,,,1,2023-06-20T05:26:44+00:00
SAO_2016-10,São Paulo,3550308,True,,33670,,,-23.497132,-46.394368,,,,2,2023-06-20T05:27:23+00:00
SAO_2590-10,São Paulo,3550308,True,,33680,,,-23.533472250000003,-46.565054,,,,2,2023-06-20T05:27:25+00:00
SAO_2590-10,São Paulo,3550308,True,,33680,,,-23.485091,-46.4564265,,,,2,2023-06-20T05:24:13+00:00
SAO_2590-10,São Paulo,3550308,True,,33680,,,-23.5050845,-46.5392715,,,,2,2023-06-20T05:26:50+00:00
SAO_8009-31,São Paulo,3550308,True,,1260,,,-23.441400625,-46.72146,,,,1,2023-06-20T05:26:56+00:00
SAO_8009-31,São Paulo,3550308,True,,1260,,,-23.445501125,-46.74804225,,,,1,2023-06-20T05:27:06+00:00
SAO_2058-10,São Paulo,3550308,True,,33027,,,-23.491646000000003,-46.434507499999995,,,,2,2023-06-20T05:26:52+00:00
SAO_2058-10,São Paulo,3550308,True,,33027,,,-23.4916275,-46.435055000000006,,,,2,2023-06-20T05:27:10+00:00
SAO_2058-10,São Paulo,3550308,True,,33027,,,-23.5098,-46.4016285,,,,2,2023-06-20T05:27:29+00:00
SAO_4742-10,São Paulo,3550308,True,,33110,,,-23.6541145,-46.6137945,,,,2,2023-06-20T05:27:01+00:00
SAO_119L-10,São Paulo,3550308,True,,35041,,,-23.507462,-46.742557500000004,,,,2,2023-06-20T05:26:45+00:00
SAO_3729-10,São Paulo,3550308,True,,1026,,,-23.582534,-46.535691,,,,1,2023-06-20T05:27:08+00:00
SAO_3729-10,São Paulo,3550308,True,,1026,,,-23.559187,-46.5607965,,,,1,2023-06-20T05:27:15+00:00
SAO_3729-10,São Paulo,3550308,True,,1026,,,-23.564021500000003,-46.5052175,,,,1,2023-06-20T05:27:08+00:00
SAO_3729-10,São Paulo,3550308,True,,1026,,,-23.538655499999997,-46.564793,,,,1,2023-06-20T05:27:28+00:00
SAO_3729-10,São Paulo,3550308,True,,1026,,,-23.538457,-46.5637265,,,,1,2023-06-20T05:27:29+00:00
SAO_4732-31,São Paulo,3550308,True,,2127,,,-23.619933,-46.622826,,,,1,2023-06-20T05:27:19+00:00
SAO_4732-31,São Paulo,3550308,True,,2127,,,-23.64455375,-46.5922595,,,,1,2023-06-20T05:27:20+00:00
SAO_8072-10,São Paulo,3550308,True,,2079,,,-23.6131625,-46.7551425,,,,1,2023-06-20T05:27:23+00:00
SAO_5032-10,São Paulo,3550308,True,,34430,,,-23.636195999999998,-46.5934805,,,,2,2023-06-20T05:26:58+00:00
SAO_5032-10,São Paulo,3550308,True,,34430,,,-23.623826,-46.591074000000006,,,,2,2023-06-20T05:27:22+00:00
SAO_5032-10,São Paulo,3550308,True,,34430,,,-23.636341,-46.593497,,,,2,2023-06-20T05:27:05+00:00
SAO_372U-10,São Paulo,3550308,True,,1016,,,-23.544519,-46.5765135,,,,1,2023-06-20T05:27:12+00:00
SAO_372U-10,São Paulo,3550308,True,,1016,,,-23.560433500000002,-46.5434015,,,,1,2023-06-20T05:27:03+00:00
SAO_372U-10,São Paulo,3550308,True,,1016,,,-23.541131,-46.577207,,,,1,2023-06-20T05:27:23+00:00
SAO_314V-10,São Paulo,3550308,True,EMTU,311,https://moovitapp.com/index/pt-br/transporte_p%C3%BAblico-line-311-Sao_Paulo-242-2038937-36419403-0,7.9,-23.556521500000002,-46.633036000000004,,,,1,2023-06-20T05:27:11+00:00
SAO_6003-10,São Paulo,3550308,True,,34240,,,-23.766613,-46.71643,,,,2,2023-06-20T05:27:07+00:00
SAO_6003-10,São Paulo,3550308,True,,34240,,,-23.7356855,-46.695786999999996,,,,2,2023-06-20T05:22:15+00:00
SAO_7057-10,São Paulo,3550308,True,,1897,,,-23.6364275,-46.7779335,,,,1,2023-06-20T05:27:30+00:00
SAO_N736-11,São Paulo,3550308,True,,35185,,,-23.6908305,-46.774423999999996,,,,2,2023-06-20T05:27:02+00:00
SAO_189L-10,São Paulo,3550308,True,,2450,,,-23.486610499999998,-46.710868000000005,,,,1,2023-06-20T05:27:19+00:00
SAO_6063-21,São Paulo,3550308,True,,34769,,,-23.7690195,-46.715415500000006,,,,2,2023-06-20T05:27:19+00:00
SAO_5391-22,São Paulo,3550308,True,,34546,,,-23.692036,-46.776298499999996,,,,2,2023-06-20T05:27:26+00:00
SAO_746K-10,São Paulo,3550308,True,,33555,,,-23.61444675,-46.677940125000006,,,,2,2023-06-20T05:27:25+00:00
SAO_746K-10,São Paulo,3550308,True,,33555,,,-23.6187375,-46.722241,,,,2,2023-06-20T05:27:02+00:00
SAO_746K-10,São Paulo,3550308,True,,33555,,,-23.617807499999998,-46.702596,,,,2,2023-06-20T05:27:10+00:00
SAO_1720-21,São Paulo,3550308,True,,34705,,,-23.4812835,-46.5966835,,,,2,2023-06-20T05:26:50+00:00
SAO_6250-10,São Paulo,3550308,True,,33236,,,-23.58272925,-46.713883249999995,,,,2,2023-06-20T05:27:08+00:00
SAO_6250-10,São Paulo,3550308,True,,33236,,,-23.5915575,-46.761728500000004,,,,2,2023-06-20T05:27:13+00:00
SAO_4112-10,São Paulo,3550308,True,,33535,,,-23.5675625,-46.629461,,,,2,2023-06-20T05:26:58+00:00
SAO_6043-10,São Paulo,3550308,True,,1220,,,-23.654097999999998,-46.710685,,,,1,2023-06-20T05:27:18+00:00
SAO_2720-31,São Paulo,3550308,True,,34610,,,-23.489281,-46.4642555,,,,2,2023-06-20T05:27:23+00:00
SAO_746R-10,São Paulo,3550308,True,,33558,,,-23.645505999999997,-46.725455499999995,,,,2,2023-06-20T05:26:53+00:00
SAO_746R-10,São Paulo,3550308,True,,33558,,,-23.609810500000002,-46.705214,,,,2,2023-06-20T05:27:07+00:00
SAO_5164-10,São Paulo,3550308,True,,1283,,,-23.6468385,-46.645112,,,,1,2023-06-20T05:27:18+00:00
SAO_5164-10,São Paulo,3550308,True,,1283,,,-23.6301705,-46.6466845,,,,1,2023-06-20T05:27:29+00:00
SAO_3046-10,São Paulo,3550308,True,,971,,,-23.579810000000002,-46.526869,,,,1,2023-06-20T05:26:42+00:00
SAO_3046-10,São Paulo,3550308,True,,971,,,-23.579964750000002,-46.52968,,,,1,2023-06-20T05:27:01+00:00
SAO_3046-10,São Paulo,3550308,True,,971,,,-23.543640000000003,-46.576733624999996,,,,1,2023-06-20T05:27:01+00:00
SAO_3046-10,São Paulo,3550308,True,,971,,,-23.573755249999998,-46.55818375,,,,1,2023-06-20T05:26:58+00:00
SAO_N538-11,São Paulo,3550308,True,,35158,,,-23.66302925,-46.6197265,,,,2,2023-06-20T05:27:23+00:00
SAO_2451-10,São Paulo,3550308,True,EMTU,213,https://moovitapp.com/index/pt-br/transporte_p%C3%BAblico-line-213-Sao_Paulo-242-2038937-36419335-0,6.7,-23.5218475,-46.530193999999995,,,,1,2023-06-20T05:27:20+00:00
SAO_3098-10,São Paulo,3550308,True,,1078,,,-23.637787125000003,-46.464243624999995,,,,1,2023-06-20T05:27:28+00:00
SAO_3098-10,São Paulo,3550308,True,,1078,,,-23.5645445,-46.508259,,,,1,2023-06-20T05:27:12+00:00
SAO_3098-10,São Paulo,3550308,True,,1078,,,-23.5785145,-46.495988499999996,,,,1,2023-06-20T05:27:10+00:00
SAO_771P-10,São Paulo,3550308,True,,33274,,,-23.5808295,-46.7295515,,,,2,2023-06-20T05:27:13+00:00
SAO_7281-10,São Paulo,3550308,True,,34102,,,-23.5408075,-46.701162249999996,,,,2,2023-06-20T05:27:01+00:00
SAO_5035-10,São Paulo,3550308,True,,1668,,,-23.637237,-46.5923005,,,,1,2023-06-20T05:27:16+00:00
SAO_709A-10,São Paulo,3550308,True,,34860,,,-23.612644250000002,-46.6956455,,,,2,2023-06-20T05:27:03+00:00
SAO_709A-10,São Paulo,3550308,True,,34860,,,-23.583843,-46.669808,,,,2,2023-06-20T05:27:26+00:00
SAO_7023-10,São Paulo,3550308,True,,2152,,,-23.66649675,-46.7191605,,,,1,2023-06-20T05:27:20+00:00
SAO_6960-10,São Paulo,3550308,True,,1443,,,-23.66088375,-46.71217925,,,,1,2023-06-20T05:26:51+00:00
SAO_6960-10,São Paulo,3550308,True,,1443,,,-23.749764,-46.7096515,,,,1,2023-06-20T05:27:07+00:00
SAO_6031-10,São Paulo,3550308,True,,32860,,,-23.753878,-46.708732499999996,,,,2,2023-06-20T05:27:15+00:00
SAO_6031-10,São Paulo,3550308,True,,32860,,,-23.758021499999998,-46.7035145,,,,2,2023-06-20T05:27:05+00:00
SAO_5100-10,São Paulo,3550308,True,,34138,,,-23.5508135,-46.634478,,,,2,2023-06-20T05:27:10+00:00
SAO_3160-10,São Paulo,3550308,True,,32893,,,-23.55310025,-46.614478,,,,2,2023-06-20T05:27:14+00:00
SAO_3160-10,São Paulo,3550308,True,,32893,,,-23.583903499999998,-46.5856135,,,,2,2023-06-20T05:26:55+00:00
SAO_1765-10,São Paulo,3550308,True,,1782,,,-23.459190375,-46.572616749999995,,,,1,2023-06-20T05:26:53+00:00
SAO_7903-10,São Paulo,3550308,True,,512,,,-23.552126125,-46.657847875,,,,1,2023-06-20T05:26:49+00:00
SAO_7903-10,São Paulo,3550308,True,,512,,,-23.584513,-46.767936,,,,1,2023-06-20T05:26:53+00:00
SAO_476A-10,São Paulo,3550308,True,,33072,,,-23.632458,-46.69188525,,,,2,2023-06-20T05:27:05+00:00
SAO_476A-10,São Paulo,3550308,True,,33072,,,-23.579624000000003,-46.603175,,,,2,2023-06-20T05:26:58+00:00
SAO_908T-10,São Paulo,3550308,True,,2116,,,-23.5863965,-46.69539575,,,,1,2023-06-20T05:26:52+00:00
SAO_6016-41,São Paulo,3550308,True,,34474,,,-23.7745565,-46.675799,,,,2,2023-06-20T05:27:17+00:00
SAO_6016-41,São Paulo,3550308,True,,34474,,,-23.750571,-46.6881895,,,,2,2023-06-20T05:27:30+00:00
SAO_8194-10,São Paulo,3550308,True,,805,,,-23.459804999999996,-46.68515025,,,,1,2023-06-20T05:27:13+00:00
SAO_8194-10,São Paulo,3550308,True,,805,,,-23.398622250000003,-46.7519295,,,,1,2023-06-20T05:27:19+00:00
SAO_847P-10,São Paulo,3550308,True,,423,,,-23.596214500000002,-46.6909225,,,,1,2023-06-20T05:27:05+00:00
SAO_847P-10,São Paulo,3550308,True,,423,,,-23.4861505,-46.7258785,,,,1,2023-06-20T05:27:19+00:00
SAO_847P-10,São Paulo,3550308,True,,423,,,-23.538721,-46.705842000000004,,,,1,2023-06-20T05:27:01+00:00
SAO_847P-10,São Paulo,3550308,True,,423,,,-23.565002,-46.693871,,,,1,2023-06-20T05:27:15+00:00
SAO_2031-10,São Paulo,3550308,True,,33135,,,-23.513731500000002,-46.446048125000004,,,,2,2023-06-20T05:27:24+00:00
SAO_2031-10,São Paulo,3550308,True,,33135,,,-23.5062055,-46.3766765,,,,2,2023-06-20T05:27:12+00:00
SAO_4732-10,São Paulo,3550308,True,,33070,,,-23.630584499999998,-46.6041045,,,,2,2023-06-20T05:27:28+00:00
SAO_875C-1,São Paulo,3550308,True,,35278,,,-23.599600000000002,-46.6372275,,,,2,2023-06-20T05:26:57+00:00
SAO_809D-10,São Paulo,3550308,True,,2068,,,-23.597367,-46.776692499999996,,,,1,2023-06-20T05:26:55+00:00
SAO_809D-10,São Paulo,3550308,True,,2068,,,-23.566219500000003,-46.7014485,,,,1,2023-06-20T05:27:06+00:00
SAO_7053-21,São Paulo,3550308,True,,1895,,,-23.642771,-46.786125,,,,1,2023-06-20T05:27:11+00:00
SAO_N204-11,São Paulo,3550308,True,,35082,,,-23.547062,-46.6305785,,,,2,2023-06-20T05:27:02+00:00
SAO_809R-10,São Paulo,3550308,True,,34835,,,-23.581757500000002,-46.7601035,,,,2,2023-06-20T05:27:15+00:00
SAO_9300-10,São Paulo,3550308,True,EMTU,116,https://moovitapp.com/index/pt-br/transporte_p%C3%BAblico-line-116-Sao_Paulo-242-2038937-36419276-0,12.1,-23.5498335,-46.64009,,,,1,2023-06-20T05:27:06+00:00
SAO_9300-10,São Paulo,3550308,True,EMTU,116,https://moovitapp.com/index/pt-br/transporte_p%C3%BAblico-line-116-Sao_Paulo-242-2038937-36419276-0,12.1,-23.546077500000003,-46.631047,,,,1,2023-06-20T05:26:57+00:00
SAO_938L-10,São Paulo,3550308,True,,34136,,,-23.515539,-46.690996,,,,2,2023-06-20T05:27:26+00:00
SAO_6805-31,São Paulo,3550308,True,,34556,,,-23.654274,-46.7625595,,,,2,2023-06-20T05:27:21+00:00
SAO_1767-10,São Paulo,3550308,True,,628,,,-23.4812645,-46.603043,,,,1,2023-06-20T05:27:05+00:00
SAO_3053-10,São Paulo,3550308,True,,973,,,-23.560541125,-46.565458,,,,1,2023-06-20T05:27:19+00:00
SAO_3053-10,São Paulo,3550308,True,,973,,,-23.5827655,-46.535482,,,,1,2023-06-20T05:26:49+00:00
SAO_3053-10,São Paulo,3550308,True,,973,,,-23.542912,-46.588283000000004,,,,1,2023-06-20T05:27:15+00:00
SAO_6291-10,São Paulo,3550308,True,EMTU,358,https://moovitapp.com/index/pt-br/transporte_p%C3%BAblico-line-358-Sao_Paulo-242-2038937-36419439-0,4.8,-23.609990500000002,-46.713058,,,,1,2023-06-20T05:27:24+00:00
SAO_9051-10,São Paulo,3550308,True,,2089,,,-23.565806000000002,-46.7018425,,,,1,2023-06-20T05:27:10+00:00
SAO_6820-31,São Paulo,3550308,True,,1406,,,-23.6567,-46.765803,,,,1,2023-06-20T05:26:45+00:00
SAO_407A-10,São Paulo,3550308,True,,34962,,,-23.554069,-46.5772415,,,,2,2023-06-20T05:27:16+00:00
SAO_407A-10,São Paulo,3550308,True,,34962,,,-23.576522375,-46.541914000000006,,,,2,2023-06-20T05:27:08+00:00
SAO_407A-10,São Paulo,3550308,True,,34962,,,-23.563288999999997,-46.501448499999995,,,,2,2023-06-20T05:27:12+00:00
SAO_6232-10,São Paulo,3550308,True,STT,483,https://moovitapp.com/index/pt-br/transporte_p%C3%BAblico-line-483-Sao_Paulo-242-850661-183322-0,5.3,-23.566532000000002,-46.695553,,,,1,2023-06-20T05:26:55+00:00
SAO_342C-10,São Paulo,3550308,True,,33770,,,-23.5327335,-46.5262005,,,,2,2023-06-20T05:27:16+00:00
SAO_342C-10,São Paulo,3550308,True,,33770,,,-23.550503999999997,-46.48817774999999,,,,2,2023-06-20T05:27:23+00:00
SAO_1016-10,São Paulo,3550308,True,EMTU,831,https://moovitapp.com/index/pt-br/transporte_p%C3%BAblico-line-831-Sao_Paulo-242-2038937-36419598-0,5.7,-23.5066705,-46.615384,,,,1,2023-06-20T05:26:16+00:00
SAO_311C-10,São Paulo,3550308,True,EMTU,309,https://moovitapp.com/index/pt-br/transporte_p%C3%BAblico-line-309-Sao_Paulo-242-2038937-36419401-0,7.5,-23.550217500000002,-46.601136499999996,,,,1,2023-06-20T05:27:24+00:00
SAO_311C-10,São Paulo,3550308,True,EMTU,309,https://moovitapp.com/index/pt-br/transporte_p%C3%BAblico-line-309-Sao_Paulo-242-2038937-36419401-0,7.5,-23.5186695,-46.6481295,,,,1,2023-06-20T05:27:15+00:00
SAO_1721-10,São Paulo,3550308,True,,666,,,-23.4894945,-46.5710555,,,,1,2023-06-20T05:26:55+00:00
SAO_1721-10,São Paulo,3550308,True,,666,,,-23.4978745,-46.594651,,,,1,2023-06-20T05:26:10+00:00
SAO_1721-10,São Paulo,3550308,True,,666,,,-23.4893875,-46.570685,,,,1,2023-06-20T05:25:31+00:00
SAO_2722-31,São Paulo,3550308,True,,936,,,-23.518549999999998,-46.507768999999996,,,,1,2023-06-20T05:27:09+00:00
SAO_6039-10,São Paulo,3550308,True,,33985,,,-23.67899,-46.795347,,,,2,2023-06-20T05:27:15+00:00
SAO_6039-10,São Paulo,3550308,True,,33985,,,-23.642476000000002,-46.738743,,,,2,2023-06-20T05:27:04+00:00
SAO_6039-10,São Paulo,3550308,True,,33985,,,-23.685482999999998,-46.800789249999994,,,,2,2023-06-20T05:27:04+00:00
SAO_172J-10,São Paulo,3550308,True,,856,,,-23.527914000000003,-46.597224,,,,1,2023-06-20T05:27:07+00:00
SAO_172J-10,São Paulo,3550308,True,,856,,,-23.5265845,-46.596185500000004,,,,1,2023-06-20T05:27:05+00:00
SAO_172J-10,São Paulo,3550308,True,,856,,,-23.5087165,-46.5805185,,,,1,2023-06-20T05:27:25+00:00
SAO_3063-10,São Paulo,3550308,True,EMTU,253,https://moovitapp.com/index/pt-br/transporte_p%C3%BAblico-line-253-Sao_Paulo-242-2038937-36419364-0,5.4,-23.5520405,-46.413284000000004,,,,1,2023-06-20T05:27:29+00:00
SAO_3063-10,São Paulo,3550308,True,EMTU,253,https://moovitapp.com/index/pt-br/transporte_p%C3%BAblico-line-253-Sao_Paulo-242-2038937-36419364-0,5.4,-23.579957,-46.4152845,,,,1,2023-06-20T05:27:03+00:00
SAO_3063-10,São Paulo,3550308,True,EMTU,253,https://moovitapp.com/index/pt-br/transporte_p%C3%BAblico-line-253-Sao_Paulo-242-2038937-36419364-0,5.4,-23.5947635,-46.440972,,,,1,2023-06-20T05:26:50+00:00
SAO_3063-10,São Paulo,3550308,True,EMTU,253,https://moovitapp.com/index/pt-br/transporte_p%C3%BAblico-line-253-Sao_Paulo-242-2038937-36419364-0,5.4,-23.5985175,-46.467479,,,,1,2023-06-20T05:27:06+00:00
SAO_809N-10,São Paulo,3550308,True,,35012,,,-23.568452999999998,-46.765302,,,,2,2023-06-20T05:27:12+00:00
SAO_3064-10,São Paulo,3550308,True,Urubupungá,980,https://moovitapp.com/index/pt-br/transporte_p%C3%BAblico-line-980-Sao_Paulo-242-873835-76224585-0,4.6,-23.5704055,-46.4156715,,,,1,2023-06-20T05:26:48+00:00
SAO_3064-10,São Paulo,3550308,True,Urubupungá,980,https://moovitapp.com/index/pt-br/transporte_p%C3%BAblico-line-980-Sao_Paulo-242-873835-76224585-0,4.6,-23.581291,-46.4146645,,,,1,2023-06-20T05:27:22+00:00
SAO_3064-10,São Paulo,3550308,True,Urubupungá,980,https://moovitapp.com/index/pt-br/transporte_p%C3%BAblico-line-980-Sao_Paulo-242-873835-76224585-0,4.6,-23.545263,-46.4111475,,,,1,2023-06-20T05:27:00+00:00
SAO_6475-10,São Paulo,3550308,True,,1317,,,-23.640373500000003,-46.7372515,,,,1,2023-06-20T05:27:09+00:00
SAO_6475-10,São Paulo,3550308,True,,1317,,,-23.57980675,-46.677422250000006,,,,1,2023-06-20T05:27:27+00:00
SAO_607A-10,São Paulo,3550308,True,,2139,,,-23.71042,-46.652694,,,,1,2023-06-20T05:27:13+00:00
SAO_607A-10,São Paulo,3550308,True,,2139,,,-23.674848,-46.69955925000001,,,,1,2023-06-20T05:27:10+00:00
SAO_607A-10,São Paulo,3550308,True,,2139,,,-23.68221675,-46.68206025,,,,1,2023-06-20T05:27:30+00:00
SAO_9051-10,São Paulo,3550308,True,,34857,,,-23.541772,-46.7061635,,,,2,2023-06-20T05:26:59+00:00
SAO_574J-10,São Paulo,3550308,True,,34453,,,-23.6359985,-46.641462,,,,2,2023-06-20T05:26:54+00:00
SAO_574J-10,São Paulo,3550308,True,,34453,,,-23.588458,-46.601588500000005,,,,2,2023-06-20T05:26:48+00:00
SAO_6116-10,São Paulo,3550308,True,,33954,,,-23.753121999999998,-46.6848345,,,,2,2023-06-20T05:27:05+00:00
SAO_4491-10,São Paulo,3550308,True,EMTU,327,https://moovitapp.com/index/pt-br/transporte_p%C3%BAblico-line-327-Sao_Paulo-242-2038937-36419415-0,5.35,-23.575424374999997,-46.610541749999996,,,,1,2023-06-20T05:26:51+00:00
SAO_8021-10,São Paulo,3550308,True,,34841,,,-23.5776215,-46.765493000000006,,,,2,2023-06-20T05:27:10+00:00
SAO_2008-10,São Paulo,3550308,True,,33665,,,-23.5188675,-46.3875915,,,,2,2023-06-20T05:26:16+00:00
SAO_2008-10,São Paulo,3550308,True,,33665,,,-23.498487,-46.3996315,,,,2,2023-06-20T05:26:40+00:00
SAO_2008-10,São Paulo,3550308,True,,33665,,,-23.52114525,-46.38738525,,,,2,2023-06-20T05:27:08+00:00
SAO_4005-10,São Paulo,3550308,True,,34947,,,-23.5928405,-46.403121,,,,2,2023-06-20T05:26:34+00:00
SAO_4005-10,São Paulo,3550308,True,,34947,,,-23.58888925,-46.394664,,,,2,2023-06-20T05:27:15+00:00
SAO_807P-10,São Paulo,3550308,True,,34867,,,-23.6162335,-46.720848000000004,,,,2,2023-06-20T05:27:06+00:00
SAO_2724-10,São Paulo,3550308,True,,33706,,,-23.523377500000002,-46.472772,,,,2,2023-06-20T05:27:01+00:00
SAO_2724-10,São Paulo,3550308,True,,33706,,,-23.539805,-46.483291,,,,2,2023-06-20T05:26:51+00:00
SAO_7053-22,São Paulo,3550308,True,,34664,,,-23.6404155,-46.781168,,,,2,2023-06-20T05:27:16+00:00
SAO_7053-22,São Paulo,3550308,True,,34664,,,-23.644881,-46.78898075,,,,2,2023-06-20T05:27:17+00:00
SAO_6048-10,São Paulo,3550308,True,BR7 Mobilidade,56,https://moovitapp.com/index/pt-br/transporte_p%C3%BAblico-line-56-Sao_Paulo-242-851856-518592-0,5.75,-23.6444805,-46.7449555,,,,1,2023-06-20T05:27:21+00:00
SAO_172U-10,São Paulo,3550308,True,,33628,,,-23.56362025,-46.590709749999995,,,,2,2023-06-20T05:26:55+00:00
SAO_172U-10,São Paulo,3550308,True,,33628,,,-23.54076025,-46.61705775,,,,2,2023-06-20T05:27:20+00:00
SAO_2713-10,São Paulo,3550308,True,Cidade de Caieiras,220,https://moovitapp.com/index/pt-br/transporte_p%C3%BAblico-line-220-Sao_Paulo-242-868761-496409-0,5.0,-23.533023999999997,-46.5438255,,,,1,2023-06-20T05:27:28+00:00
SAO_4286-10,São Paulo,3550308,True,,33094,,,-23.60013175,-46.53913025,,,,2,2023-06-20T05:27:26+00:00
SAO_6835-10,São Paulo,3550308,True,BR7 Mobilidade,12,https://moovitapp.com/index/pt-br/transporte_p%C3%BAblico-line-12-Sao_Paulo-242-851856-542340-0,5.75,-23.685642,-46.800723500000004,,,,1,2023-06-20T05:27:02+00:00
SAO_9501-10,São Paulo,3550308,True,EMTU,462,https://moovitapp.com/index/pt-br/transporte_p%C3%BAblico-line-462-Sao_Paulo-242-2038937-36419502-0,7.4,-23.483924,-46.679664,,,,1,2023-06-20T05:27:08+00:00
SAO_9501-10,São Paulo,3550308,True,EMTU,462,https://moovitapp.com/index/pt-br/transporte_p%C3%BAblico-line-462-Sao_Paulo-242-2038937-36419502-0,7.4,-23.527588,-46.648296125,,,,1,2023-06-20T05:27:09+00:00
SAO_9501-10,São Paulo,3550308,True,EMTU,462,https://moovitapp.com/index/pt-br/transporte_p%C3%BAblico-line-462-Sao_Paulo-242-2038937-36419502-0,7.4,-23.475662999999997,-46.670556,,,,1,2023-06-20T05:27:25+00:00
SAO_1701-21,São Paulo,3550308,True,,2476,,,-23.447538,-46.576252999999994,,,,1,2023-06-20T05:26:54+00:00
SAO_8000-10,São Paulo,3550308,True,,1273,,,-23.520449499999998,-46.6996115,,,,1,2023-06-20T05:27:14+00:00
SAO_8000-10,São Paulo,3550308,True,,1273,,,-23.5478925,-46.642341,,,,1,2023-06-20T05:27:01+00:00
SAO_314V-10,São Paulo,3550308,True,,33079,,,-23.5940525,-46.5328655,,,,2,2023-06-20T05:27:24+00:00
SAO_2702-10,São Paulo,3550308,True,,33682,,,-23.495196,-46.444438000000005,,,,2,2023-06-20T05:26:46+00:00
SAO_2702-10,São Paulo,3550308,True,,33682,,,-23.540101,-46.483252,,,,2,2023-06-20T05:26:58+00:00
SAO_2702-10,São Paulo,3550308,True,,33682,,,-23.501424999999998,-46.4705825,,,,2,2023-06-20T05:26:22+00:00
SAO_6L10-41,São Paulo,3550308,True,,2005,,,-23.773636,-46.720771,,,,1,2023-06-20T05:27:22+00:00
SAO_7016-10,São Paulo,3550308,True,,34886,,,-23.685614,-46.750806499999996,,,,2,2023-06-20T05:26:50+00:00
SAO_7016-10,São Paulo,3550308,True,,34886,,,-23.654173,-46.708154,,,,2,2023-06-20T05:27:16+00:00
SAO_6803-10,São Paulo,3550308,True,,32797,,,-23.6548925,-46.753122,,,,2,2023-06-20T05:26:50+00:00
SAO_9701-10,São Paulo,3550308,True,,33337,,,-23.4763665,-46.667559,,,,2,2023-06-20T05:27:26+00:00
SAO_877T-10,São Paulo,3550308,True,,1381,,,-23.520801,-46.713073,,,,1,2023-06-20T05:27:29+00:00
SAO_877T-10,São Paulo,3550308,True,,1381,,,-23.556492499999997,-46.665206,,,,1,2023-06-20T05:26:55+00:00
SAO_3754-10,São Paulo,3550308,True,,1049,,,-23.5608915,-46.408872,,,,1,2023-06-20T05:27:26+00:00
SAO_958P-10,São Paulo,3550308,True,,465,,,-23.59255225,-46.68090825,,,,1,2023-06-20T05:27:10+00:00
SAO_312N-10,São Paulo,3550308,True,,990,,,-23.519186,-46.412028750000005,,,,1,2023-06-20T05:27:10+00:00
SAO_312N-10,São Paulo,3550308,True,,990,,,-23.544839000000003,-46.40937275,,,,1,2023-06-20T05:27:08+00:00
SAO_4718-10,São Paulo,3550308,True,,33104,,,-23.65256775,-46.614269,,,,2,2023-06-20T05:26:53+00:00
SAO_4007-10,São Paulo,3550308,True,,34949,,,-23.565451,-46.3961775,,,,2,2023-06-20T05:26:52+00:00
SAO_4007-10,São Paulo,3550308,True,,34949,,,-23.565188,-46.396632,,,,2,2023-06-20T05:27:16+00:00
SAO_4007-10,São Paulo,3550308,True,,34949,,,-23.5522615,-46.441736000000006,,,,2,2023-06-20T05:26:47+00:00
SAO_390E-10,São Paulo,3550308,True,,34650,,,-23.5321845,-46.561195,,,,2,2023-06-20T05:27:25+00:00
SAO_390E-10,São Paulo,3550308,True,,34650,,,-23.540104,-46.611777249999996,,,,2,2023-06-20T05:27:11+00:00
SAO_3006-10,São Paulo,3550308,True,,34633,,,-23.543152,-46.4102415,,,,2,2023-06-20T05:26:39+00:00
SAO_3031-10,São Paulo,3550308,True,,967,,,-23.585472,-46.442949,,,,1,2023-06-20T05:27:02+00:00
SAO_271M-10,São Paulo,3550308,True,,33452,,,-23.502086499999997,-46.623816500000004,,,,2,2023-06-20T05:26:51+00:00
SAO_271M-10,São Paulo,3550308,True,,33452,,,-23.521499249999998,-46.562623,,,,2,2023-06-20T05:26:55+00:00
SAO_805L-10,São Paulo,3550308,True,EMTU,124,https://moovitapp.com/index/pt-br/transporte_p%C3%BAblico-line-124-Sao_Paulo-242-2038937-36419282-0,5.15,-23.56054725,-46.632771625000004,,,,1,2023-06-20T05:27:21+00:00
SAO_2030-10,São Paulo,3550308,True,,35032,,,-23.4755375,-46.64553000000001,,,,2,2023-06-20T05:27:05+00:00
SAO_1732-10,São Paulo,3550308,True,,671,,,-23.500557,-46.6154065,,,,1,2023-06-20T05:24:49+00:00
SAO_1732-10,São Paulo,3550308,True,,671,,,-23.505482,-46.6423145,,,,1,2023-06-20T05:27:23+00:00
SAO_2711-10,São Paulo,3550308,True,,925,,,-23.520111999999997,-46.496934249999995,,,,1,2023-06-20T05:27:21+00:00
SAO_407F-10,São Paulo,3550308,True,,2167,,,-23.567232,-46.5405605,,,,1,2023-06-20T05:26:58+00:00
SAO_407F-10,São Paulo,3550308,True,,2167,,,-23.612665,-46.476373499999994,,,,1,2023-06-20T05:27:23+00:00
SAO_546J-10,São Paulo,3550308,True,,1133,,,-23.658659,-46.69838,,,,1,2023-06-20T05:26:55+00:00
SAO_8075-10,São Paulo,3550308,True,,2044,,,-23.59685225,-46.739891875,,,,1,2023-06-20T05:27:30+00:00
SAO_8014-10,São Paulo,3550308,True,,801,,,-23.4225675,-46.788874750000005,,,,1,2023-06-20T05:27:06+00:00
SAO_8528-10,São Paulo,3550308,True,,575,,,-23.476713750000002,-46.690948750000004,,,,1,2023-06-20T05:26:46+00:00
SAO_8528-10,São Paulo,3550308,True,,575,,,-23.528823,-46.66128500000001,,,,1,2023-06-20T05:26:49+00:00
SAO_297A-10,São Paulo,3550308,True,,2133,,,-23.4929135,-46.674135500000006,,,,1,2023-06-20T05:27:10+00:00
SAO_5034-31,São Paulo,3550308,True,,1664,,,-23.628388375,-46.597612125,,,,1,2023-06-20T05:27:24+00:00
SAO_7725-10,São Paulo,3550308,True,EMTU,472,https://moovitapp.com/index/pt-br/transporte_p%C3%BAblico-line-472-Sao_Paulo-242-2038937-36419508-0,35.0,-23.5614075,-46.7079285,,,,1,2023-06-20T05:27:04+00:00
SAO_6062-51,São Paulo,3550308,True,,1739,,,-23.653906999999997,-46.710535500000006,,,,1,2023-06-20T05:27:10+00:00
SAO_6062-51,São Paulo,3550308,True,,1739,,,-23.7144895,-46.69877675,,,,1,2023-06-20T05:27:03+00:00
SAO_9014-10,São Paulo,3550308,True,,1425,,,-23.506587875,-46.68920250000001,,,,1,2023-06-20T05:27:18+00:00
SAO_8027-10,São Paulo,3550308,True,,2162,,,-23.5630215,-46.7474445,,,,1,2023-06-20T05:27:12+00:00
SAO_6049-10,São Paulo,3550308,True,,1309,,,-23.65126075,-46.707950999999994,,,,1,2023-06-20T05:27:28+00:00
SAO_6049-10,São Paulo,3550308,True,,1309,,,-23.660479000000002,-46.777412,,,,1,2023-06-20T05:27:07+00:00
SAO_5757-10,São Paulo,3550308,True,,1288,,,-23.690873625000002,-46.6438615,,,,1,2023-06-20T05:27:18+00:00
SAO_4742-10,São Paulo,3550308,True,EMTU,342,https://moovitapp.com/index/pt-br/transporte_p%C3%BAblico-line-342-Sao_Paulo-242-2038937-36419426-0,7.55,-23.630243,-46.627712,,,,1,2023-06-20T05:26:46+00:00
SAO_3903-10,São Paulo,3550308,True,,1471,,,-23.512904,-46.5244965,,,,1,2023-06-20T05:27:11+00:00
SAO_407R-10,São Paulo,3550308,True,,34969,,,-23.557861,-46.522673,,,,2,2023-06-20T05:27:21+00:00
SAO_407R-10,São Paulo,3550308,True,,34969,,,-23.543875,-46.5923585,,,,2,2023-06-20T05:27:22+00:00
SAO_9018-10,São Paulo,3550308,True,,34039,,,-23.476449,-46.719522,,,,2,2023-06-20T05:27:09+00:00
SAO_3414-10,São Paulo,3550308,True,,746,,,-23.5454235,-46.598113999999995,,,,1,2023-06-20T05:26:48+00:00
SAO_6804-10,São Paulo,3550308,True,BR7 Mobilidade,30,https://moovitapp.com/index/pt-br/transporte_p%C3%BAblico-line-30-Sao_Paulo-242-851856-500112-0,5.75,-23.638762,-46.749959000000004,,,,1,2023-06-20T05:27:08+00:00
SAO_121G-10,São Paulo,3550308,True,,33459,,,-23.5216375,-46.56288625,,,,2,2023-06-20T05:26:50+00:00
SAO_121G-10,São Paulo,3550308,True,,33459,,,-23.5216375,-46.56288625,,,,2,2023-06-20T05:27:15+00:00
SAO_7181-10,São Paulo,3550308,True,,1332,,,-23.563795,-46.720868,,,,1,2023-06-20T05:27:01+00:00
SAO_7181-10,São Paulo,3550308,True,,1332,,,-23.547548,-46.647615,,,,1,2023-06-20T05:27:05+00:00
SAO_8055-51,São Paulo,3550308,True,,33185,,,-23.41440875,-46.778526125,,,,2,2023-06-20T05:26:01+00:00
SAO_8055-51,São Paulo,3550308,True,,33185,,,-23.507599562500005,-46.7397545,,,,2,2023-06-20T05:27:26+00:00
SAO_6059-10,São Paulo,3550308,True,,1226,,,-23.64479025,-46.725692,,,,1,2023-06-20T05:27:11+00:00
SAO_7282-10,São Paulo,3550308,True,,33239,,,-23.5501595,-46.6545185,,,,2,2023-06-20T05:27:10+00:00
SAO_637V-10,São Paulo,3550308,True,,32872,,,-23.729771,-46.683328,,,,2,2023-06-20T05:26:59+00:00
SAO_637V-10,São Paulo,3550308,True,,32872,,,-23.702490625,-46.701837375,,,,2,2023-06-20T05:27:12+00:00
SAO_N739-11,São Paulo,3550308,True,,2420,,,-23.653994500000003,-46.762168,,,,1,2023-06-20T05:26:54+00:00
SAO_2762-10,São Paulo,3550308,True,,144,,,-23.49566875,-46.488910000000004,,,,1,2023-06-20T05:27:28+00:00
SAO_1764-10,São Paulo,3550308,True,,625,,,-23.4533765,-46.59890825,,,,1,2023-06-20T05:26:29+00:00
SAO_425E-10,São Paulo,3550308,True,,1636,,,-23.61887,-46.468419,,,,1,2023-06-20T05:27:15+00:00
SAO_2722-10,São Paulo,3550308,True,,33703,,,-23.505992499999998,-46.4943815,,,,2,2023-06-20T05:26:46+00:00
SAO_2722-10,São Paulo,3550308,True,,33703,,,-23.4905365,-46.49019025,,,,2,2023-06-20T05:26:51+00:00
SAO_1771-10,São Paulo,3550308,True,,33402,,,-23.4334255,-46.5783195,,,,2,2023-06-20T05:27:00+00:00
SAO_1771-10,São Paulo,3550308,True,,33402,,,-23.479074750000002,-46.6090205,,,,2,2023-06-20T05:26:50+00:00
SAO_1771-10,São Paulo,3550308,True,,33402,,,-23.4308,-46.5751545,,,,2,2023-06-20T05:27:08+00:00
SAO_3743-10,São Paulo,3550308,True,,1043,,,-23.544472499999998,-46.463771,,,,1,2023-06-20T05:27:15+00:00
SAO_5036-10,São Paulo,3550308,True,,34434,,,-23.620506625,-46.602753875,,,,2,2023-06-20T05:26:48+00:00
SAO_4284-10,São Paulo,3550308,True,,33057,,,-23.608037437500002,-46.5577079375,,,,2,2023-06-20T05:26:49+00:00
SAO_6045-21,São Paulo,3550308,True,,2164,,,-23.694674999999997,-46.793941000000004,,,,1,2023-06-20T05:27:29+00:00
SAO_6045-21,São Paulo,3550308,True,,2164,,,-23.6945095,-46.7940355,,,,1,2023-06-20T05:27:19+00:00
SAO_809U-10,São Paulo,3550308,True,,2254,,,-23.533665875000004,-46.687388125,,,,1,2023-06-20T05:26:51+00:00
SAO_373M-10,São Paulo,3550308,True,,33049,,,-23.544244499999998,-46.57462675,,,,2,2023-06-20T05:27:08+00:00
SAO_N502-11,São Paulo,3550308,True,,35144,,,-23.559779,-46.61407425,,,,2,2023-06-20T05:27:19+00:00
SAO_N604-11,São Paulo,3550308,True,,2395,,,-23.6468255,-46.6391905,,,,1,2023-06-20T05:27:14+00:00
SAO_8019-10,São Paulo,3550308,True,,2071,,,-23.542227999999998,-46.757005750000005,,,,1,2023-06-20T05:26:51+00:00
SAO_3754-10,São Paulo,3550308,True,,33817,,,-23.5738885,-46.3986,,,,2,2023-06-20T05:26:43+00:00
SAO_3754-10,São Paulo,3550308,True,,33817,,,-23.57374,-46.398475000000005,,,,2,2023-06-20T05:27:00+00:00
SAO_8017-10,São Paulo,3550308,True,,1261,,,-23.444038125,-46.7284565,,,,1,2023-06-20T05:26:53+00:00
SAO_8017-10,São Paulo,3550308,True,,1261,,,-23.438237,-46.746818000000005,,,,1,2023-06-20T05:27:00+00:00
SAO_8019-31,São Paulo,3550308,True,,35342,,,-23.552410000000002,-46.757195499999995,,,,2,2023-06-20T05:27:26+00:00
SAO_5143-10,São Paulo,3550308,True,,34396,,,-23.6148035,-46.5002005,,,,2,2023-06-20T05:27:10+00:00
SAO_5143-10,São Paulo,3550308,True,,34396,,,-23.5818365,-46.5595735,,,,2,2023-06-20T05:26:57+00:00
SAO_6027-10,São Paulo,3550308,True,,32858,,,-23.72318425,-46.670979,,,,2,2023-06-20T05:26:54+00:00
SAO_6027-10,São Paulo,3550308,True,,32858,,,-23.689815000000003,-46.701563750000005,,,,2,2023-06-20T05:27:23+00:00
SAO_6027-10,São Paulo,3550308,True,,32858,,,-23.724225,-46.68775825,,,,2,2023-06-20T05:27:23+00:00
SAO_6027-10,São Paulo,3550308,True,,32858,,,-23.722904999999997,-46.671150499999996,,,,2,2023-06-20T05:27:29+00:00
SAO_8050-31,São Paulo,3550308,True,EMTU,415,https://moovitapp.com/index/pt-br/transporte_p%C3%BAblico-line-415-Sao_Paulo-242-2038937-36419472-0,5.0,-23.443958000000002,-46.78703175,,,,1,2023-06-20T05:26:51+00:00
SAO_875H-10,São Paulo,3550308,True,,1340,,,-23.529898,-46.6775835,,,,1,2023-06-20T05:27:12+00:00
SAO_N404-11,São Paulo,3550308,True,,35128,,,-23.567283375000002,-46.510680125,,,,2,2023-06-20T05:27:18+00:00
SAO_4729-10,São Paulo,3550308,True,,1108,,,-23.598564875,-46.51447725,,,,1,2023-06-20T05:27:00+00:00
SAO_4729-10,São Paulo,3550308,True,,1108,,,-23.5545765,-46.5762005,,,,1,2023-06-20T05:27:16+00:00
SAO_4729-10,São Paulo,3550308,True,,1108,,,-23.5427345,-46.591100999999995,,,,1,2023-06-20T05:27:19+00:00
SAO_8542-21,São Paulo,3550308,True,,1361,,,-23.5197125,-46.7001665,,,,1,2023-06-20T05:26:56+00:00
SAO_1206-10,São Paulo,3550308,True,EMTU,842,https://moovitapp.com/index/pt-br/transporte_p%C3%BAblico-line-842-Sao_Paulo-242-2038937-36419605-0,7.15,-23.542074,-46.627536,,,,1,2023-06-20T05:26:52+00:00
SAO_6813-10,São Paulo,3550308,True,BR7 Mobilidade,33,https://moovitapp.com/index/pt-br/transporte_p%C3%BAblico-line-33-Sao_Paulo-242-851856-529134-0,5.75,-23.6658575,-46.764495,,,,1,2023-06-20T05:27:21+00:00
SAO_8022-10,São Paulo,3550308,True,,34853,,,-23.571965,-46.708397500000004,,,,2,2023-06-20T05:27:14+00:00
SAO_297A-10,São Paulo,3550308,True,,34901,,,-23.520283375,-46.673849000000004,,,,2,2023-06-20T05:27:20+00:00
SAO_1026-10,São Paulo,3550308,True,,35074,,,-23.471230499999997,-46.7058205,,,,2,2023-06-20T05:26:47+00:00
SAO_8013-41,São Paulo,3550308,True,,2011,,,-23.432446499999998,-46.787048,,,,1,2023-06-20T05:27:21+00:00
SAO_2024-10,São Paulo,3550308,True,,35029,,,-23.3829065,-46.5665795,,,,2,2023-06-20T05:27:14+00:00
SAO_4030-10,São Paulo,3550308,True,,1100,,,-23.6146185,-46.487648,,,,1,2023-06-20T05:27:23+00:00
SAO_4030-10,São Paulo,3550308,True,,1100,,,-23.563288999999997,-46.501448499999995,,,,1,2023-06-20T05:27:23+00:00
SAO_875C-1,São Paulo,3550308,True,,2510,,,-23.599135,-46.63722,,,,1,2023-06-20T05:27:00+00:00
SAO_875C-1,São Paulo,3550308,True,,2510,,,-23.52012,-46.6994665,,,,1,2023-06-20T05:27:18+00:00
SAO_875C-1,São Paulo,3550308,True,,2510,,,-23.520361,-46.699228,,,,1,2023-06-20T05:27:00+00:00
SAO_3003-10,São Paulo,3550308,True,,34565,,,-23.486163249999997,-46.43266475,,,,2,2023-06-20T05:26:58+00:00
SAO_7062-41,São Paulo,3550308,True,,35039,,,-23.650688625,-46.770039874999995,,,,2,2023-06-20T05:26:47+00:00
SAO_4724-10,São Paulo,3550308,True,,2060,,,-23.53383075,-46.5014745,,,,1,2023-06-20T05:26:33+00:00
SAO_5290-10,São Paulo,3550308,True,,597,,,-23.591474499999997,-46.6357215,,,,1,2023-06-20T05:27:28+00:00
SAO_5290-10,São Paulo,3550308,True,,597,,,-23.6684065,-46.6358655,,,,1,2023-06-20T05:27:00+00:00
SAO_513C-10,São Paulo,3550308,True,,2535,,,-23.596139,-46.556452,,,,1,2023-06-20T05:26:57+00:00
SAO_513C-10,São Paulo,3550308,True,,2535,,,-23.6112865,-46.473203,,,,1,2023-06-20T05:27:17+00:00
SAO_3002-10,São Paulo,3550308,True,,1808,,,-23.505641249999996,-46.37848325,,,,1,2023-06-20T05:27:12+00:00
SAO_3002-10,São Paulo,3550308,True,,1808,,,-23.510468,-46.378808,,,,1,2023-06-20T05:27:06+00:00
SAO_3002-10,São Paulo,3550308,True,,1808,,,-23.496955,-46.437329,,,,1,2023-06-20T05:26:59+00:00
SAO_3002-10,São Paulo,3550308,True,,1808,,,-23.510468,-46.378808,,,,1,2023-06-20T05:27:12+00:00
SAO_3741-10,São Paulo,3550308,True,,1041,,,-23.5439955,-46.449085,,,,1,2023-06-20T05:27:30+00:00
SAO_3741-10,São Paulo,3550308,True,,1041,,,-23.557099125,-46.460973249999995,,,,1,2023-06-20T05:26:52+00:00
SAO_4709-10,São Paulo,3550308,True,,33101,,,-23.599649,-46.637840499999996,,,,2,2023-06-20T05:27:05+00:00
SAO_4709-10,São Paulo,3550308,True,,33101,,,-23.5894755,-46.633868,,,,2,2023-06-20T05:27:28+00:00
SAO_8006-10,São Paulo,3550308,True,,1256,,,-23.481085,-46.724149,,,,1,2023-06-20T05:27:27+00:00
SAO_675N-10,São Paulo,3550308,True,,33130,,,-23.64322925,-46.716324,,,,2,2023-06-20T05:27:14+00:00
SAO_675N-10,São Paulo,3550308,True,,33130,,,-23.605852,-46.67257575000001,,,,2,2023-06-20T05:27:01+00:00
SAO_4286-10,São Paulo,3550308,True,,326,,,-23.610093499999998,-46.5294835,,,,1,2023-06-20T05:27:04+00:00
SAO_8008-10,São Paulo,3550308,True,,34026,,,-23.470457,-46.751476499999995,,,,2,2023-06-20T05:26:58+00:00
SAO_8008-10,São Paulo,3550308,True,,34026,,,-23.483293,-46.7521915,,,,2,2023-06-20T05:27:29+00:00
SAO_775A-10,São Paulo,3550308,True,EMTU,473,https://moovitapp.com/index/pt-br/transporte_p%C3%BAblico-line-473-Sao_Paulo-242-2038937-36419509-0,7.55,-23.5766665,-46.68737575,,,,1,2023-06-20T05:27:03+00:00
SAO_3021-10,São Paulo,3550308,True,,33044,,,-23.582999,-46.571739,,,,2,2023-06-20T05:26:52+00:00
SAO_3021-10,São Paulo,3550308,True,,33044,,,-23.591623,-46.5123885,,,,2,2023-06-20T05:27:07+00:00
SAO_2175-10,São Paulo,3550308,True,,697,,,-23.54376275,-46.62067975,,,,1,2023-06-20T05:27:19+00:00
SAO_2175-10,São Paulo,3550308,True,,697,,,-23.497643500000002,-46.5729135,,,,1,2023-06-20T05:25:33+00:00
SAO_4003-10,São Paulo,3550308,True,,2159,,,-23.5329075,-46.432387,,,,1,2023-06-20T05:27:02+00:00
SAO_4003-10,São Paulo,3550308,True,,2159,,,-23.5742745,-46.3983295,,,,1,2023-06-20T05:27:15+00:00
SAO_342N-10,São Paulo,3550308,True,,1003,,,-23.54239425,-46.41653925,,,,1,2023-06-20T05:27:26+00:00
SAO_4036-10,São Paulo,3550308,True,,2561,,,-23.55284975,-46.493506499999995,,,,1,2023-06-20T05:26:56+00:00
SAO_9181-10,São Paulo,3550308,True,,33653,,,-23.4986795,-46.692690999999996,,,,2,2023-06-20T05:27:11+00:00
SAO_3414-10,São Paulo,3550308,True,,33514,,,-23.535237375,-46.549573499999994,,,,2,2023-06-20T05:27:25+00:00
SAO_6016-41,São Paulo,3550308,True,,1706,,,-23.748095499999998,-46.68762275,,,,1,2023-06-20T05:27:19+00:00
SAO_407E-10,São Paulo,3550308,True,,34983,,,-23.5640985,-46.5085335,,,,2,2023-06-20T05:26:56+00:00
SAO_407E-10,São Paulo,3550308,True,,34983,,,-23.61971,-46.455911,,,,2,2023-06-20T05:27:28+00:00
SAO_7005-10,São Paulo,3550308,True,,34766,,,-23.684067,-46.769816500000005,,,,2,2023-06-20T05:26:47+00:00
SAO_5109-10,São Paulo,3550308,True,,1851,,,-23.57071,-46.6048635,,,,1,2023-06-20T05:26:54+00:00
SAO_3139-10,São Paulo,3550308,True,,33763,,,-23.556942,-46.589395999999994,,,,2,2023-06-20T05:26:48+00:00
SAO_707K-10,São Paulo,3550308,True,,35271,,,-23.6483395,-46.661147,,,,2,2023-06-20T05:26:57+00:00
SAO_707K-10,São Paulo,3550308,True,,35271,,,-23.668242,-46.7355055,,,,2,2023-06-20T05:26:54+00:00
SAO_118Y-10,São Paulo,3550308,True,EMTU,841,https://moovitapp.com/index/pt-br/transporte_p%C3%BAblico-line-841-Sao_Paulo-242-2038937-36419604-0,5.15,-23.494825,-46.672205500000004,,,,1,2023-06-20T05:25:20+00:00
SAO_118Y-10,São Paulo,3550308,True,EMTU,841,https://moovitapp.com/index/pt-br/transporte_p%C3%BAblico-line-841-Sao_Paulo-242-2038937-36419604-0,5.15,-23.478611,-46.650835,,,,1,2023-06-20T05:26:53+00:00
SAO_6818-10,São Paulo,3550308,True,,32796,,,-23.655419000000002,-46.7722955,,,,2,2023-06-20T05:26:50+00:00
SAO_6818-10,São Paulo,3550308,True,,32796,,,-23.6504005,-46.75935,,,,2,2023-06-20T05:27:18+00:00
SAO_6258-10,São Paulo,3550308,True,,1232,,,-23.658206,-46.7059615,,,,1,2023-06-20T05:27:07+00:00
SAO_6258-10,São Paulo,3550308,True,,1232,,,-23.6722825,-46.734466,,,,1,2023-06-20T05:26:51+00:00
SAO_6505-10,São Paulo,3550308,True,,1450,,,-23.59324375,-46.672788,,,,1,2023-06-20T05:27:31+00:00
SAO_3024-10,São Paulo,3550308,True,EMTU,277,https://moovitapp.com/index/pt-br/transporte_p%C3%BAblico-line-277-Sao_Paulo-242-2038937-36419380-0,8.15,-23.6098365,-46.529281,,,,1,2023-06-20T05:27:18+00:00
SAO_6806-10,São Paulo,3550308,True,,32800,,,-23.643437,-46.751582,,,,2,2023-06-20T05:27:27+00:00
SAO_8600-22,São Paulo,3550308,True,,34822,,,-23.54222525,-46.6382325,,,,2,2023-06-20T05:26:52+00:00
SAO_971X-10,São Paulo,3550308,True,,1695,,,-23.4943105,-46.646121,,,,1,2023-06-20T05:26:46+00:00
SAO_273F-10,São Paulo,3550308,True,,159,,,-23.5398895,-46.4573795,,,,1,2023-06-20T05:27:21+00:00
SAO_5100-10,São Paulo,3550308,True,,1370,,,-23.570447,-46.691294,,,,1,2023-06-20T05:27:22+00:00
SAO_5100-10,São Paulo,3550308,True,,1370,,,-23.5529065,-46.6379715,,,,1,2023-06-20T05:27:05+00:00
SAO_2709-10,São Paulo,3550308,True,,922,,,-23.529814000000002,-46.5011675,,,,1,2023-06-20T05:27:09+00:00
SAO_809V-10,São Paulo,3550308,True,,35011,,,-23.5763875,-46.733256,,,,2,2023-06-20T05:27:06+00:00
SAO_809V-10,São Paulo,3550308,True,,35011,,,-23.5580585,-46.6678845,,,,2,2023-06-20T05:27:07+00:00
SAO_8000-1,São Paulo,3550308,True,,2506,,,-23.524963,-46.694776125000004,,,,1,2023-06-20T05:26:52+00:00
SAO_2007-10,São Paulo,3550308,True,,896,,,-23.494926,-46.4031775,,,,1,2023-06-20T05:26:34+00:00
SAO_N634-11,São Paulo,3550308,True,,35167,,,-23.6547965,-46.714842,,,,2,2023-06-20T05:27:19+00:00
SAO_6803-10,São Paulo,3550308,True,BR7 Mobilidade,29,https://moovitapp.com/index/pt-br/transporte_p%C3%BAblico-line-29-Sao_Paulo-242-851856-500111-0,5.75,-23.643827,-46.734452000000005,,,,1,2023-06-20T05:26:48+00:00
SAO_6L10-41,São Paulo,3550308,True,,34773,,,-23.7696635,-46.747389749999996,,,,2,2023-06-20T05:27:04+00:00
SAO_6L10-41,São Paulo,3550308,True,,34773,,,-23.7880685,-46.765596,,,,2,2023-06-20T05:27:09+00:00
SAO_6001-10,São Paulo,3550308,True,,32820,,,-23.6486815,-46.74995375,,,,2,2023-06-20T05:27:17+00:00
SAO_6001-10,São Paulo,3550308,True,,32820,,,-23.654400000000003,-46.7146665,,,,2,2023-06-20T05:27:18+00:00
SAO_746P-10,São Paulo,3550308,True,,788,,,-23.649455,-46.70642,,,,1,2023-06-20T05:27:28+00:00
SAO_746P-10,São Paulo,3550308,True,,788,,,-23.6397725,-46.7170835,,,,1,2023-06-20T05:27:05+00:00
SAO_7267-10,São Paulo,3550308,True,,1427,,,-23.549836499999998,-46.65359025000001,,,,1,2023-06-20T05:27:26+00:00
SAO_2716-10,São Paulo,3550308,True,,929,,,-23.509873499999998,-46.535293499999995,,,,1,2023-06-20T05:27:25+00:00
SAO_8032-10,São Paulo,3550308,True,,35313,,,-23.570968999999998,-46.709624625,,,,2,2023-06-20T05:25:28+00:00
SAO_3901-10,São Paulo,3550308,True,,1469,,,-23.514978499999998,-46.5201555,,,,1,2023-06-20T05:27:12+00:00
SAO_7011-10,São Paulo,3550308,True,,1952,,,-23.6995915,-46.787049499999995,,,,1,2023-06-20T05:26:57+00:00
SAO_1720-21,São Paulo,3550308,True,,1937,,,-23.4868,-46.5730135,,,,1,2023-06-20T05:27:08+00:00
SAO_6039-21,São Paulo,3550308,True,,35261,,,-23.6604345,-46.768545,,,,2,2023-06-20T05:27:26+00:00
SAO_8075-21,São Paulo,3550308,True,,35305,,,-23.596510374999998,-46.739776500000005,,,,2,2023-06-20T05:27:10+00:00
SAO_5028-10,São Paulo,3550308,True,,34402,,,-23.591001125,-46.60134375,,,,2,2023-06-20T05:26:56+00:00
SAO_1034-10,São Paulo,3550308,True,,35220,,,-23.47114175,-46.71015375,,,,2,2023-06-20T05:27:05+00:00
SAO_2025-10,São Paulo,3550308,True,,2267,,,-23.48142325,-46.603758125,,,,1,2023-06-20T05:27:21+00:00
SAO_1778-10,São Paulo,3550308,True,,1789,,,-23.469782000000002,-46.604586499999996,,,,1,2023-06-20T05:26:54+00:00
SAO_N633-11,São Paulo,3550308,True,,2398,,,-23.6467095,-46.639369,,,,1,2023-06-20T05:27:25+00:00
SAO_1775-10,São Paulo,3550308,True,,638,,,-23.49263225,-46.626111,,,,1,2023-06-20T05:27:22+00:00
SAO_271F-10,São Paulo,3550308,True,,33451,,,-23.5170495,-46.6163615,,,,2,2023-06-20T05:27:09+00:00
SAO_9008-10,São Paulo,3550308,True,,33643,,,-23.4359765,-46.714293999999995,,,,2,2023-06-20T05:27:12+00:00
SAO_9008-10,São Paulo,3550308,True,,33643,,,-23.4737765,-46.6704455,,,,2,2023-06-20T05:27:07+00:00
SAO_N701-11,São Paulo,3550308,True,,35174,,,-23.54805,-46.629795,,,,2,2023-06-20T05:21:09+00:00
SAO_3019-10,São Paulo,3550308,True,,957,,,-23.583009500000003,-46.4076625,,,,1,2023-06-20T05:26:48+00:00
SAO_N201-11,São Paulo,3550308,True,,35079,,,-23.480144,-46.6024375,,,,2,2023-06-20T05:27:29+00:00
SAO_5029-10,São Paulo,3550308,True,,1672,,,-23.6028795,-46.601814000000005,,,,1,2023-06-20T05:27:05+00:00
SAO_4016-10,São Paulo,3550308,True,,34957,,,-23.613115999999998,-46.476499,,,,2,2023-06-20T05:27:26+00:00
SAO_5103-10,São Paulo,3550308,True,,34414,,,-23.59718625,-46.6373885,,,,2,2023-06-20T05:27:03+00:00
SAO_4093-10,São Paulo,3550308,True,,35216,,,-23.589771499999998,-46.395229,,,,2,2023-06-20T05:27:15+00:00
SAO_4093-10,São Paulo,3550308,True,,35216,,,-23.5945383125,-46.40154149999999,,,,2,2023-06-20T05:26:56+00:00
SAO_4005-10,São Paulo,3550308,True,,2179,,,-23.5833585,-46.4077735,,,,1,2023-06-20T05:27:23+00:00
SAO_3008-10,São Paulo,3550308,True,,35283,,,-23.49472475,-46.40451575,,,,2,2023-06-20T05:26:46+00:00
SAO_2005-10,São Paulo,3550308,True,,33661,,,-23.490944499999998,-46.445358,,,,2,2023-06-20T05:27:01+00:00
SAO_7002-10,São Paulo,3550308,True,,772,,,-23.5919635,-46.765375,,,,1,2023-06-20T05:21:21+00:00
SAO_7002-10,São Paulo,3550308,True,,772,,,-23.5662845,-46.692065750000005,,,,1,2023-06-20T05:26:50+00:00
SAO_6835-31,São Paulo,3550308,True,,1407,,,-23.654,-46.762946,,,,1,2023-06-20T05:27:15+00:00
SAO_5026-10,São Paulo,3550308,True,,34403,,,-23.605762,-46.4968415,,,,2,2023-06-20T05:26:58+00:00
SAO_8077-10,São Paulo,3550308,True,,2050,,,-23.59181125,-46.73579,,,,1,2023-06-20T05:27:24+00:00
SAO_8622-10,São Paulo,3550308,True,,33206,,,-23.4438195,-46.7967565,,,,2,2023-06-20T05:20:41+00:00
SAO_8622-10,São Paulo,3550308,True,,33206,,,-23.429392749999998,-46.79269725,,,,2,2023-06-20T05:27:04+00:00
SAO_8622-10,São Paulo,3550308,True,,33206,,,-23.547847500000003,-46.6420095,,,,2,2023-06-20T05:26:53+00:00
SAO_8622-10,São Paulo,3550308,True,,33206,,,-23.5070835,-46.748326250000005,,,,2,2023-06-20T05:26:46+00:00
SAO_2011-10,São Paulo,3550308,True,,2136,,,-23.477423,-46.56879575,,,,1,2023-06-20T05:27:02+00:00
SAO_1783-10,São Paulo,3550308,True,,33412,,,-23.4162,-46.5845955,,,,2,2023-06-20T05:24:54+00:00
SAO_2717-10,São Paulo,3550308,True,,33698,,,-23.5142675,-46.519064,,,,2,2023-06-20T05:26:50+00:00
SAO_2717-10,São Paulo,3550308,True,,33698,,,-23.528868,-46.5167825,,,,2,2023-06-20T05:27:00+00:00
SAO_2710-10,São Paulo,3550308,True,,33692,,,-23.5299515,-46.501272,,,,2,2023-06-20T05:27:13+00:00
SAO_2710-10,São Paulo,3550308,True,,33692,,,-23.519575,-46.496570500000004,,,,2,2023-06-20T05:27:12+00:00
SAO_1026-10,São Paulo,3550308,True,,2306,,,-23.471847,-46.7011615,,,,1,2023-06-20T05:27:05+00:00
SAO_748A-10,São Paulo,3550308,True,EMTU,498,https://moovitapp.com/index/pt-br/transporte_p%C3%BAblico-line-498-Sao_Paulo-242-2038937-36419523-0,5.4,-23.5510456875,-46.740044062500004,,,,1,2023-06-20T05:27:01+00:00
SAO_2523-10,São Paulo,3550308,True,,33018,,,-23.521850999999998,-46.4244515,,,,2,2023-06-20T05:26:56+00:00
SAO_2523-10,São Paulo,3550308,True,,33018,,,-23.5216,-46.4253885,,,,2,2023-06-20T05:26:57+00:00
SAO_2523-10,São Paulo,3550308,True,,33018,,,-23.513952,-46.443816999999996,,,,2,2023-06-20T05:27:29+00:00
SAO_7004-21,São Paulo,3550308,True,,2583,,,-23.7456845,-46.7988535,,,,1,2023-06-20T05:27:00+00:00
SAO_4085-10,São Paulo,3550308,True,,34924,,,-23.55072,-46.461853125,,,,2,2023-06-20T05:27:05+00:00
SAO_4085-10,São Paulo,3550308,True,,34924,,,-23.567690499999998,-46.426206,,,,2,2023-06-20T05:26:03+00:00
SAO_3010-10,São Paulo,3550308,True,,2543,,,-23.518273,-46.475646499999996,,,,1,2023-06-20T05:27:04+00:00
SAO_6422-10,São Paulo,3550308,True,EMTU,361,https://moovitapp.com/index/pt-br/transporte_p%C3%BAblico-line-361-Sao_Paulo-242-2038937-36419442-0,7.9,-23.632659,-46.6931315,,,,1,2023-06-20T05:26:59+00:00
SAO_6422-10,São Paulo,3550308,True,EMTU,361,https://moovitapp.com/index/pt-br/transporte_p%C3%BAblico-line-361-Sao_Paulo-242-2038937-36419442-0,7.9,-23.549994499999997,-46.639990499999996,,,,1,2023-06-20T05:27:29+00:00
SAO_N332-11,São Paulo,3550308,True,,2344,,,-23.517386000000002,-46.4759985,,,,1,2023-06-20T05:25:59+00:00
SAO_775N-10,São Paulo,3550308,True,,474,,,-23.537647,-46.725948,,,,1,2023-06-20T05:27:14+00:00
SAO_8010-10,São Paulo,3550308,True,,33566,,,-23.40490425,-46.736446,,,,2,2023-06-20T05:27:00+00:00
SAO_8010-10,São Paulo,3550308,True,,33566,,,-23.4883865,-46.72183,,,,2,2023-06-20T05:26:39+00:00
SAO_N506-11,São Paulo,3550308,True,,35148,,,-23.555571,-46.66752675,,,,2,2023-06-20T05:27:23+00:00
SAO_709A-10,São Paulo,3550308,True,,2092,,,-23.581969,-46.638467500000004,,,,1,2023-06-20T05:26:52+00:00
SAO_2731-10,São Paulo,3550308,True,,946,,,-23.526847500000002,-46.446185,,,,1,2023-06-20T05:27:02+00:00
SAO_6118-10,São Paulo,3550308,True,,33956,,,-23.6586925,-46.705833,,,,2,2023-06-20T05:27:21+00:00
SAO_6118-10,São Paulo,3550308,True,,33956,,,-23.7329835,-46.7143215,,,,2,2023-06-20T05:27:27+00:00
SAO_6118-10,São Paulo,3550308,True,,33956,,,-23.752252,-46.702368750000005,,,,2,2023-06-20T05:27:06+00:00
SAO_273L-10,São Paulo,3550308,True,,32992,,,-23.540654000000004,-46.483247500000004,,,,2,2023-06-20T05:27:24+00:00
SAO_273L-10,São Paulo,3550308,True,,32992,,,-23.5340895,-46.456302,,,,2,2023-06-20T05:26:52+00:00
SAO_6058-10,São Paulo,3550308,True,,33917,,,-23.769588,-46.6772535,,,,2,2023-06-20T05:26:56+00:00
SAO_6058-10,São Paulo,3550308,True,,33917,,,-23.769750000000002,-46.714714,,,,2,2023-06-20T05:27:08+00:00
SAO_6058-10,São Paulo,3550308,True,,33917,,,-23.769851000000003,-46.676743,,,,2,2023-06-20T05:27:23+00:00
SAO_6058-10,São Paulo,3550308,True,,33917,,,-23.769750000000002,-46.714714,,,,2,2023-06-20T05:27:25+00:00
SAO_9789-10,São Paulo,3550308,True,,33597,,,-23.479735500000004,-46.69134149999999,,,,2,2023-06-20T05:27:26+00:00
SAO_9789-10,São Paulo,3550308,True,,33597,,,-23.50653075,-46.67343975,,,,2,2023-06-20T05:27:25+00:00
SAO_4016-10,São Paulo,3550308,True,,2189,,,-23.613115999999998,-46.476499,,,,1,2023-06-20T05:27:10+00:00
SAO_6028-10,São Paulo,3550308,True,,1211,,,-23.674895499999998,-46.7343475,,,,1,2023-06-20T05:27:25+00:00
SAO_6080-10,São Paulo,3550308,True,,1168,,,-23.682207,-46.6758235,,,,1,2023-06-20T05:27:14+00:00
SAO_6080-10,São Paulo,3550308,True,,1168,,,-23.683146999999998,-46.690544,,,,1,2023-06-20T05:27:30+00:00
SAO_2704-10,São Paulo,3550308,True,,33684,,,-23.5407325,-46.4669575,,,,2,2023-06-20T05:27:29+00:00
SAO_2704-10,São Paulo,3550308,True,,33684,,,-23.52443125,-46.413746,,,,2,2023-06-20T05:24:09+00:00
SAO_1786-10,São Paulo,3550308,True,,33417,,,-23.450523999999998,-46.61116475,,,,2,2023-06-20T05:27:15+00:00
SAO_4052-10,São Paulo,3550308,True,,2145,,,-23.5422585,-46.470022,,,,1,2023-06-20T05:26:46+00:00
SAO_2023-10,São Paulo,3550308,True,,35028,,,-23.4420795,-46.59421725,,,,2,2023-06-20T05:26:51+00:00
SAO_2023-10,São Paulo,3550308,True,,35028,,,-23.398296000000002,-46.577902,,,,2,2023-06-20T05:27:07+00:00
SAO_475M-10,São Paulo,3550308,True,EMTU,343,https://moovitapp.com/index/pt-br/transporte_p%C3%BAblico-line-343-Sao_Paulo-242-2038937-36419427-0,5.15,-23.551667875,-46.64482525,,,,1,2023-06-20T05:26:57+00:00
SAO_1744-10,São Paulo,3550308,True,,544,,,-23.4751185,-46.638912,,,,1,2023-06-20T05:27:23+00:00
SAO_1744-10,São Paulo,3550308,True,,544,,,-23.503125,-46.6245765,,,,1,2023-06-20T05:26:56+00:00
SAO_8002-10,São Paulo,3550308,True,,34020,,,-23.48722275,-46.726573,,,,2,2023-06-20T05:26:50+00:00
SAO_8002-10,São Paulo,3550308,True,,34020,,,-23.515583624999998,-46.71308603124999,,,,2,2023-06-20T05:27:14+00:00
SAO_5752-10,São Paulo,3550308,True,,1287,,,-23.6472665,-46.6452565,,,,1,2023-06-20T05:27:25+00:00
SAO_546L-10,São Paulo,3550308,True,,1285,,,-23.66773375,-46.677854,,,,1,2023-06-20T05:27:25+00:00
SAO_546L-10,São Paulo,3550308,True,,1285,,,-23.654266,-46.711191,,,,1,2023-06-20T05:27:27+00:00
SAO_2058-10,São Paulo,3550308,True,,259,,,-23.505086499999997,-46.403903,,,,1,2023-06-20T05:27:03+00:00
SAO_5705-10,São Paulo,3550308,True,,34425,,,-23.597117625000003,-46.60982875,,,,2,2023-06-20T05:27:23+00:00
SAO_4112-10,São Paulo,3550308,True,,767,,,-23.568882000000002,-46.6271605,,,,1,2023-06-20T05:27:22+00:00
SAO_4708-10,São Paulo,3550308,True,,33100,,,-23.6045725,-46.61584,,,,2,2023-06-20T05:27:17+00:00
SAO_8500-10,São Paulo,3550308,True,,34035,,,-23.515133,-46.6971045,,,,2,2023-06-20T05:27:12+00:00
SAO_1758-10,São Paulo,3550308,True,EMTU,552,https://moovitapp.com/index/pt-br/transporte_p%C3%BAblico-line-552-Sao_Paulo-242-2038937-36419556-0,6.8,-23.465365,-46.6321155,,,,1,2023-06-20T05:26:51+00:00
SAO_6072-23,São Paulo,3550308,True,,34772,,,-23.7673435,-46.7169365,,,,2,2023-06-20T05:27:15+00:00
SAO_3763-10,São Paulo,3550308,True,,33822,,,-23.558019,-46.522945,,,,2,2023-06-20T05:27:09+00:00
SAO_3763-10,São Paulo,3550308,True,,33822,,,-23.564884,-46.53655500000001,,,,2,2023-06-20T05:27:18+00:00
SAO_3763-10,São Paulo,3550308,True,,33822,,,-23.551301000000002,-46.5542805,,,,2,2023-06-20T05:27:06+00:00
SAO_6115-10,São Paulo,3550308,True,,1185,,,-23.74375,-46.691297,,,,1,2023-06-20T05:26:55+00:00
SAO_9032-10,São Paulo,3550308,True,STT,880,https://moovitapp.com/index/pt-br/transporte_p%C3%BAblico-line-880-Sao_Paulo-242-850661-183362-0,5.3,-23.4480905,-46.7000355,,,,1,2023-06-20T05:27:09+00:00
SAO_809P-10,São Paulo,3550308,True,,1891,,,-23.5734155,-46.7060045,,,,1,2023-06-20T05:27:09+00:00
SAO_1788-10,São Paulo,3550308,True,,653,,,-23.479396,-46.611479,,,,1,2023-06-20T05:25:20+00:00
SAO_627J-10,São Paulo,3550308,True,,34824,,,-23.68177525,-46.63360275,,,,2,2023-06-20T05:26:45+00:00
SAO_4055-10,São Paulo,3550308,True,,2447,,,-23.5430895,-46.416463,,,,1,2023-06-20T05:23:42+00:00
SAO_4092-10,São Paulo,3550308,True,,34644,,,-23.5823635,-46.416059000000004,,,,2,2023-06-20T05:27:30+00:00
SAO_6056-10,São Paulo,3550308,True,,1147,,,-23.7374635,-46.697805,,,,1,2023-06-20T05:27:08+00:00
SAO_4010-10,São Paulo,3550308,True,,2183,,,-23.55582,-46.466302,,,,1,2023-06-20T05:27:18+00:00
SAO_4010-10,São Paulo,3550308,True,,2183,,,-23.5579695,-46.522496000000004,,,,1,2023-06-20T05:26:55+00:00
SAO_8538-10,São Paulo,3550308,True,,1359,,,-23.543011,-46.637326,,,,1,2023-06-20T05:26:56+00:00
SAO_407T-10,São Paulo,3550308,True,,34970,,,-23.5327225,-46.4421275,,,,2,2023-06-20T05:23:22+00:00
SAO_6824-10,São Paulo,3550308,True,,32791,,,-23.663413,-46.781583999999995,,,,2,2023-06-20T05:27:13+00:00
SAO_8029-10,São Paulo,3550308,True,,2540,,,-23.616052,-46.747223500000004,,,,1,2023-06-20T05:27:26+00:00
SAO_3064-10,São Paulo,3550308,True,,33748,,,-23.590070500000003,-46.408122250000005,,,,2,2023-06-20T05:27:18+00:00
SAO_6055-10,São Paulo,3550308,True,,33914,,,-23.710868125,-46.699293624999996,,,,2,2023-06-20T05:26:50+00:00
SAO_N743-11,São Paulo,3550308,True,,2424,,,-23.6436775,-46.7337815,,,,1,2023-06-20T05:27:29+00:00
SAO_6099-10,São Paulo,3550308,True,,1587,,,-23.82200675,-46.7360084375,,,,1,2023-06-20T05:26:53+00:00
SAO_7051-10,São Paulo,3550308,True,,34653,,,-23.654795999999997,-46.7843735,,,,2,2023-06-20T05:27:27+00:00
SAO_2709-31,São Paulo,3550308,True,,33691,,,-23.524379875,-46.48568949999999,,,,2,2023-06-20T05:27:16+00:00
SAO_8043-10,São Paulo,3550308,True,,33175,,,-23.48787575,-46.73991475,,,,2,2023-06-20T05:27:04+00:00
SAO_N206-11,São Paulo,3550308,True,,35084,,,-23.4943265,-46.625913499999996,,,,2,2023-06-20T05:24:43+00:00
SAO_6019-10,São Paulo,3550308,True,,1490,,,-23.681570999999998,-46.738003,,,,1,2023-06-20T05:27:03+00:00
SAO_407N-10,São Paulo,3550308,True,,34937,,,-23.581527,-46.4149995,,,,2,2023-06-20T05:27:03+00:00
SAO_407N-10,São Paulo,3550308,True,,34937,,,-23.53440875,-46.537937625,,,,2,2023-06-20T05:27:27+00:00
SAO_407N-10,São Paulo,3550308,True,,34937,,,-23.5863495,-46.487992500000004,,,,2,2023-06-20T05:27:00+00:00
SAO_2708-10,São Paulo,3550308,True,,921,,,-23.533921499999998,-46.399558999999996,,,,1,2023-06-20T05:27:11+00:00
SAO_775F-31,São Paulo,3550308,True,,2488,,,-23.592478,-46.7043575,,,,1,2023-06-20T05:27:19+00:00
SAO_N832-11,São Paulo,3550308,True,,35199,,,-23.5196425,-46.700389,,,,2,2023-06-20T05:26:52+00:00
SAO_8010-10,São Paulo,3550308,True,,798,,,-23.51816525,-46.70211325,,,,1,2023-06-20T05:26:47+00:00
SAO_8010-10,São Paulo,3550308,True,,798,,,-23.4629355,-46.721095500000004,,,,1,2023-06-20T00:52:10+00:00
SAO_8010-10,São Paulo,3550308,True,,798,,,-23.419342999999998,-46.7491585,,,,1,2023-06-20T05:26:53+00:00
SAO_1759-10,São Paulo,3550308,True,,33321,,,-23.48420875,-46.630557499999995,,,,2,2023-06-20T05:27:03+00:00
SAO_8025-10,São Paulo,3550308,True,,34844,,,-23.590518,-46.76971475,,,,2,2023-06-20T05:26:44+00:00
SAO_8025-10,São Paulo,3550308,True,,34844,,,-23.590836,-46.76973625,,,,2,2023-06-20T05:26:56+00:00
SAO_3735-41,São Paulo,3550308,True,,34688,,,-23.540658999999998,-46.4851245,,,,2,2023-06-20T05:27:10+00:00
SAO_4288-10,São Paulo,3550308,True,Cidade de Caieiras,290,https://moovitapp.com/index/pt-br/transporte_p%C3%BAblico-line-290-Sao_Paulo-242-868761-496416-0,5.0,-23.609607,-46.519987,,,,1,2023-06-20T05:27:04+00:00
SAO_1021-10,São Paulo,3550308,True,EMTU,833,https://moovitapp.com/index/pt-br/transporte_p%C3%BAblico-line-833-Sao_Paulo-242-2038937-36419599-0,5.4,-23.486697,-46.726888,,,,1,2023-06-20T05:26:42+00:00
SAO_N233-11,São Paulo,3550308,True,,35090,,,-23.5027915,-46.6240325,,,,2,2023-06-20T05:27:18+00:00
SAO_513C-10,São Paulo,3550308,True,,35303,,,-23.599377,-46.538903000000005,,,,2,2023-06-20T05:26:41+00:00
SAO_6804-10,São Paulo,3550308,True,,32798,,,-23.634624,-46.752494999999996,,,,2,2023-06-20T05:27:18+00:00
SAO_4727-10,São Paulo,3550308,True,Cidade de Caieiras,340,https://moovitapp.com/index/pt-br/transporte_p%C3%BAblico-line-340-Sao_Paulo-242-868761-101563062-0,5.0,-23.609676,-46.637005,,,,1,2023-06-20T05:27:06+00:00
SAO_4717-10,São Paulo,3550308,True,EMTU,335,https://moovitapp.com/index/pt-br/transporte_p%C3%BAblico-line-335-Sao_Paulo-242-2038937-36419420-0,5.35,-23.62021575,-46.60845525,,,,1,2023-06-20T05:27:07+00:00
SAO_N637-11,São Paulo,3550308,True,,2402,,,-23.6470815,-46.639527,,,,1,2023-06-20T05:26:44+00:00
SAO_527R-10,São Paulo,3550308,True,,271,,,-23.6682125,-46.6563725,,,,1,2023-06-20T05:26:52+00:00
SAO_527R-10,São Paulo,3550308,True,,271,,,-23.658659,-46.69838,,,,1,2023-06-20T05:27:07+00:00
SAO_2020-10,São Paulo,3550308,True,,35030,,,-23.4582485,-46.615258,,,,2,2023-06-20T05:27:19+00:00
SAO_271F-10,São Paulo,3550308,True,,683,,,-23.5420145,-46.589681,,,,1,2023-06-20T05:26:57+00:00
SAO_271F-10,São Paulo,3550308,True,,683,,,-23.509598875000002,-46.61557775,,,,1,2023-06-20T05:27:22+00:00
SAO_2032-10,São Paulo,3550308,True,,35034,,,-23.480712875000002,-46.58134275,,,,2,2023-06-20T05:27:19+00:00
SAO_N640-11,São Paulo,3550308,True,,35173,,,-23.7102665,-46.6208535,,,,2,2023-06-20T05:27:07+00:00
SAO_4010-10,São Paulo,3550308,True,,34951,,,-23.564020999999997,-46.469004,,,,2,2023-06-20T05:27:14+00:00
SAO_271A-10,São Paulo,3550308,True,,33470,,,-23.500925,-46.5915535,,,,2,2023-06-20T05:27:22+00:00
SAO_271A-10,São Paulo,3550308,True,,33470,,,-23.520223625,-46.547300125,,,,2,2023-06-20T05:27:06+00:00
SAO_271A-10,São Paulo,3550308,True,,33470,,,-23.50616,-46.572131999999996,,,,2,2023-06-20T05:27:28+00:00
SAO_1742-10,São Paulo,3550308,True,,33310,,,-23.4694165,-46.6462725,,,,2,2023-06-20T05:27:19+00:00
SAO_N601-11,São Paulo,3550308,True,,2392,,,-23.679554250000002,-46.68624875,,,,1,2023-06-20T05:27:10+00:00
SAO_695X-10,São Paulo,3550308,True,,34209,,,-23.701327749999997,-46.70153175,,,,2,2023-06-20T05:27:18+00:00
SAO_695X-10,São Paulo,3550308,True,,34209,,,-23.7471885,-46.708067,,,,2,2023-06-20T05:27:14+00:00
SAO_695X-10,São Paulo,3550308,True,,34209,,,-23.643416000000002,-46.651034249999995,,,,2,2023-06-20T05:27:14+00:00
SAO_2182-10,São Paulo,3550308,True,STT,700,https://moovitapp.com/index/pt-br/transporte_p%C3%BAblico-line-700-Sao_Paulo-242-850661-183337-0,5.3,-23.497217000000003,-46.57518962499999,,,,1,2023-06-20T05:25:07+00:00
SAO_2182-10,São Paulo,3550308,True,STT,700,https://moovitapp.com/index/pt-br/transporte_p%C3%BAblico-line-700-Sao_Paulo-242-850661-183337-0,5.3,-23.53901625,-46.6068375,,,,1,2023-06-20T05:27:09+00:00
SAO_3161-10,São Paulo,3550308,True,,33852,,,-23.5547635,-46.609498,,,,2,2023-06-20T05:27:19+00:00
SAO_6L03-10,São Paulo,3550308,True,,34333,,,-23.830406,-46.7310935,,,,2,2023-06-20T05:26:47+00:00
SAO_2009-10,São Paulo,3550308,True,,898,,,-23.515409499999997,-46.4132365,,,,1,2023-06-20T05:27:10+00:00
SAO_172N-10,São Paulo,3550308,True,,33432,,,-23.502999,-46.624904,,,,2,2023-06-20T05:27:01+00:00
SAO_172N-10,São Paulo,3550308,True,,33432,,,-23.515946749999998,-46.61641775,,,,2,2023-06-20T05:27:01+00:00
SAO_271P-10,São Paulo,3550308,True,,704,,,-23.498585249999998,-46.51999975,,,,1,2023-06-20T05:26:39+00:00
SAO_271P-10,São Paulo,3550308,True,,704,,,-23.537088,-46.593248,,,,1,2023-06-20T05:27:21+00:00
SAO_211L-10,São Paulo,3550308,True,,2265,,,-23.506587875,-46.68920250000001,,,,1,2023-06-20T05:27:16+00:00
SAO_675G-22,São Paulo,3550308,True,,34217,,,-23.75487275,-46.66714025,,,,2,2023-06-20T05:26:38+00:00
SAO_1757-10,São Paulo,3550308,True,,548,,,-23.4943265,-46.625913499999996,,,,1,2023-06-20T05:24:52+00:00
SAO_2012-10,São Paulo,3550308,True,,2281,,,-23.52327675,-46.625237,,,,1,2023-06-20T05:27:11+00:00
SAO_6035-21,São Paulo,3550308,True,,34563,,,-23.722203625,-46.76463325,,,,2,2023-06-20T05:27:30+00:00
SAO_5010-10,São Paulo,3550308,True,,1114,,,-23.63653025,-46.669010125,,,,1,2023-06-20T05:27:07+00:00
SAO_9090-10,São Paulo,3550308,True,,33652,,,-23.4915815,-46.66687725,,,,2,2023-06-20T05:26:52+00:00
SAO_1721-10,São Paulo,3550308,True,,33434,,,-23.506028999999998,-46.606139999999996,,,,2,2023-06-20T05:27:18+00:00
SAO_1745-10,São Paulo,3550308,True,,546,,,-23.511522937499997,-46.6159475,,,,1,2023-06-20T05:26:56+00:00
SAO_TREI-10,São Paulo,3550308,True,,35257,,,-23.594777,-46.5478045,,,,2,2023-06-20T05:27:28+00:00
SAO_N207-11,São Paulo,3550308,True,,2317,,,-23.546077500000003,-46.631047,,,,1,2023-06-20T05:27:06+00:00
SAO_736G-10,São Paulo,3550308,True,,33548,,,-23.63539325,-46.7528155,,,,2,2023-06-20T05:27:24+00:00
SAO_6042-21,São Paulo,3550308,True,,1775,,,-23.674391999999997,-46.769508,,,,1,2023-06-20T05:27:13+00:00
SAO_809U-21,São Paulo,3550308,True,,2307,,,-23.54645025,-46.690705,,,,1,2023-06-20T05:27:27+00:00
SAO_N232-11,São Paulo,3550308,True,,35089,,,-23.4798095,-46.601954500000005,,,,2,2023-06-20T05:27:09+00:00
SAO_695Y-41,São Paulo,3550308,True,,33967,,,-23.7820045,-46.72607,,,,2,2023-06-20T05:27:26+00:00
SAO_1021-10,São Paulo,3550308,True,,33601,,,-23.460331,-46.7182775,,,,2,2023-06-20T05:26:53+00:00
SAO_4735-10,São Paulo,3550308,True,,33878,,,-23.6186375,-46.472599,,,,2,2023-06-20T05:27:02+00:00
SAO_4003-10,São Paulo,3550308,True,,34927,,,-23.531871000000002,-46.441353500000005,,,,2,2023-06-20T05:27:09+00:00
SAO_6418-10,São Paulo,3550308,True,,33539,,,-23.60855925,-46.683963250000005,,,,2,2023-06-20T05:26:58+00:00
SAO_1015-10,São Paulo,3550308,True,,2230,,,-23.4105126875,-46.814139312500004,,,,1,2023-06-20T05:26:48+00:00
SAO_5015-10,São Paulo,3550308,True,,1119,,,-23.646787,-46.638737,,,,1,2023-06-20T05:27:01+00:00
SAO_745M-21,São Paulo,3550308,True,,1984,,,-23.63756,-46.779590999999996,,,,1,2023-06-20T05:26:59+00:00
SAO_746V-10,São Paulo,3550308,True,,792,,,-23.640100250000003,-46.7593595,,,,1,2023-06-20T05:27:00+00:00
SAO_5024-10,São Paulo,3550308,True,,1122,,,-23.6929245,-46.659800000000004,,,,1,2023-06-20T05:26:50+00:00
SAO_938L-10,São Paulo,3550308,True,,1368,,,-23.4959095,-46.684706500000004,,,,1,2023-06-20T05:27:23+00:00
SAO_6003-21,São Paulo,3550308,True,,2576,,,-23.766613,-46.71643,,,,1,2023-06-20T05:27:03+00:00
SAO_9020-10,São Paulo,3550308,True,,34202,,,-23.483385,-46.722591,,,,2,2023-06-20T05:26:58+00:00
SAO_9191-10,São Paulo,3550308,True,EMTU,810,https://moovitapp.com/index/pt-br/transporte_p%C3%BAblico-line-810-Sao_Paulo-242-2038937-36419585-0,5.4,-23.4954,-46.6796595,,,,1,2023-06-20T05:27:19+00:00
SAO_3026-10,São Paulo,3550308,True,,33730,,,-23.576859125,-46.39228075,,,,2,2023-06-20T05:27:20+00:00
SAO_9090-10,São Paulo,3550308,True,,884,,,-23.46899225,-46.67039025,,,,1,2023-06-20T05:27:11+00:00
SAO_9717-10,São Paulo,3550308,True,,33585,,,-23.467692999999997,-46.677919,,,,2,2023-06-20T05:27:09+00:00
SAO_119C-10,São Paulo,3550308,True,,661,,,-23.514446,-46.5822,,,,1,2023-06-20T05:23:51+00:00
SAO_817C-10,São Paulo,3550308,True,,34105,,,-23.535753999999997,-46.6976065,,,,2,2023-06-20T05:27:09+00:00
SAO_4020-10,São Paulo,3550308,True,,35298,,,-23.53539925,-46.45077575,,,,2,2023-06-20T05:27:21+00:00
