bus_id,city,city_code,adapted,agency,line_code,line_url,line_fare,latitude,longitude,bus_speed,is_eletric,bus_type,bus_direction,updated_at
SAO_6041-10,São Paulo,3550308,True,,1218,,,-23.660608,-46.7679,,,,1,2023-06-19T02:19:51+00:00
SAO_6041-10,São Paulo,3550308,True,,1218,,,-23.645209,-46.711771,,,,1,2023-06-19T02:20:06+00:00
SAO_1156-10,São Paulo,3550308,True,,33427,,,-23.486996,-46.568324000000004,,,,2,2023-06-19T02:19:56+00:00
SAO_1156-10,São Paulo,3550308,True,,33427,,,-23.5262635,-46.599981875,,,,2,2023-06-19T02:20:15+00:00
SAO_6058-10,São Paulo,3550308,True,,33917,,,-23.769851000000003,-46.676743,,,,2,2023-06-19T02:19:41+00:00
SAO_6058-10,São Paulo,3550308,True,,33917,,,-23.769588,-46.6772535,,,,2,2023-06-19T02:20:05+00:00
SAO_6058-10,São Paulo,3550308,True,,33917,,,-23.7685835,-46.698573999999994,,,,2,2023-06-19T02:20:08+00:00
SAO_6058-10,São Paulo,3550308,True,,33917,,,-23.769851000000003,-46.676743,,,,2,2023-06-19T02:19:39+00:00
SAO_6058-10,São Paulo,3550308,True,,33917,,,-23.769851000000003,-46.676743,,,,2,2023-06-19T02:19:54+00:00
SAO_3745-10,São Paulo,3550308,True,,33812,,,-23.5801215,-46.522839000000005,,,,2,2023-06-19T02:20:03+00:00
SAO_3745-10,São Paulo,3550308,True,,33812,,,-23.542480625,-46.55012425,,,,2,2023-06-19T02:20:15+00:00
SAO_3745-10,São Paulo,3550308,True,,33812,,,-23.58958175,-46.50089925,,,,2,2023-06-19T02:20:10+00:00
SAO_6414-10,São Paulo,3550308,True,,33128,,,-23.548986499999998,-46.6391625,,,,2,2023-06-19T02:19:41+00:00
SAO_6414-10,São Paulo,3550308,True,,33128,,,-23.612644250000002,-46.6956455,,,,2,2023-06-19T02:20:19+00:00
SAO_6414-10,São Paulo,3550308,True,,33128,,,-23.670013,-46.712187,,,,2,2023-06-19T02:20:02+00:00
SAO_4113-10,São Paulo,3550308,True,,768,,,-23.55488975,-46.63313975,,,,1,2023-06-19T02:19:50+00:00
SAO_4113-10,São Paulo,3550308,True,,768,,,-23.60155975,-46.612840250000005,,,,1,2023-06-19T02:19:55+00:00
SAO_4113-10,São Paulo,3550308,True,,768,,,-23.582374,-46.613457,,,,1,2023-06-19T02:20:13+00:00
SAO_4729-10,São Paulo,3550308,True,,33876,,,-23.591147,-46.507459999999995,,,,2,2023-06-19T02:20:06+00:00
SAO_4729-10,São Paulo,3550308,True,,33876,,,-23.591147,-46.507459999999995,,,,2,2023-06-19T02:20:11+00:00
SAO_4729-10,São Paulo,3550308,True,,33876,,,-23.553181000000002,-46.578834125,,,,2,2023-06-19T02:20:10+00:00
SAO_4729-10,São Paulo,3550308,True,,33876,,,-23.586996,-46.53403350000001,,,,2,2023-06-19T02:19:55+00:00
SAO_5752-10,São Paulo,3550308,True,,34055,,,-23.656303,-46.65323925,,,,2,2023-06-19T02:20:17+00:00
SAO_5752-10,São Paulo,3550308,True,,34055,,,-23.6668055,-46.668423000000004,,,,2,2023-06-19T02:19:07+00:00
SAO_5752-10,São Paulo,3550308,True,,34055,,,-23.6908875,-46.650045000000006,,,,2,2023-06-19T02:20:10+00:00
SAO_5752-10,São Paulo,3550308,True,,34055,,,-23.6881495,-46.6481675,,,,2,2023-06-19T02:20:18+00:00
SAO_5752-10,São Paulo,3550308,True,,34055,,,-23.690883999999997,-46.6502995,,,,2,2023-06-19T02:20:08+00:00
SAO_172P-10,São Paulo,3550308,True,,858,,,-23.479214,-46.584122,,,,1,2023-06-19T02:19:53+00:00
SAO_172P-10,São Paulo,3550308,True,,858,,,-23.438344999999998,-46.567746,,,,1,2023-06-19T02:20:19+00:00
SAO_172P-10,São Paulo,3550308,True,,858,,,-23.4570485,-46.5862755,,,,1,2023-06-19T02:20:16+00:00
SAO_172P-10,São Paulo,3550308,True,,858,,,-23.517969,-46.589489625,,,,1,2023-06-19T02:16:28+00:00
SAO_172P-10,São Paulo,3550308,True,,858,,,-23.4419105,-46.588513500000005,,,,1,2023-06-19T02:19:51+00:00
SAO_172P-10,São Paulo,3550308,True,,858,,,-23.441766,-46.588329,,,,1,2023-06-19T02:19:49+00:00
SAO_573H-10,São Paulo,3550308,True,,1630,,,-23.546872999999998,-46.608591000000004,,,,1,2023-06-19T02:19:55+00:00
SAO_573H-10,São Paulo,3550308,True,,1630,,,-23.6116475,-46.493727,,,,1,2023-06-19T02:20:13+00:00
SAO_573H-10,São Paulo,3550308,True,,1630,,,-23.561632625,-46.593946624999994,,,,1,2023-06-19T02:19:56+00:00
SAO_573H-10,São Paulo,3550308,True,,1630,,,-23.585039000000002,-46.524774,,,,1,2023-06-19T02:20:20+00:00
SAO_2755-10,São Paulo,3550308,True,,33001,,,-23.532943500000002,-46.5433115,,,,2,2023-06-19T02:20:01+00:00
SAO_2755-10,São Paulo,3550308,True,,33001,,,-23.54029825,-46.395640625,,,,2,2023-06-19T02:20:17+00:00
SAO_2755-10,São Paulo,3550308,True,,33001,,,-23.532943500000002,-46.5433115,,,,2,2023-06-19T02:19:56+00:00
SAO_2755-10,São Paulo,3550308,True,,33001,,,-23.515601500000002,-46.423706,,,,2,2023-06-19T02:19:55+00:00
SAO_1722-10,São Paulo,3550308,True,,33632,,,-23.4798095,-46.601954500000005,,,,2,2023-06-19T02:20:20+00:00
SAO_1722-10,São Paulo,3550308,True,,33632,,,-23.456357750000002,-46.591373000000004,,,,2,2023-06-19T02:20:03+00:00
SAO_1722-10,São Paulo,3550308,True,,33632,,,-23.4657155,-46.636429,,,,2,2023-06-19T02:19:05+00:00
SAO_1722-10,São Paulo,3550308,True,,33632,,,-23.482091500000003,-46.671369,,,,2,2023-06-19T02:20:16+00:00
SAO_1722-10,São Paulo,3550308,True,,33632,,,-23.482091500000003,-46.671369,,,,2,2023-06-19T02:19:55+00:00
SAO_1722-10,São Paulo,3550308,True,,33632,,,-23.482274500000003,-46.6728875,,,,2,2023-06-19T02:20:06+00:00
SAO_2765-10,São Paulo,3550308,True,EMTU,145,https://moovitapp.com/index/pt-br/transporte_p%C3%BAblico-line-145-Sao_Paulo-242-2038937-36419293-0,5.35,-23.49297825,-46.497193499999995,,,,1,2023-06-19T02:18:25+00:00
SAO_2765-10,São Paulo,3550308,True,EMTU,145,https://moovitapp.com/index/pt-br/transporte_p%C3%BAblico-line-145-Sao_Paulo-242-2038937-36419293-0,5.35,-23.504735,-46.513994,,,,1,2023-06-19T02:16:45+00:00
SAO_5123-10,São Paulo,3550308,True,,1125,,,-23.678448500000002,-46.630771499999994,,,,1,2023-06-19T02:19:44+00:00
SAO_5123-10,São Paulo,3550308,True,,1125,,,-23.62015575,-46.639508,,,,1,2023-06-19T02:19:46+00:00
SAO_5123-10,São Paulo,3550308,True,,1125,,,-23.678448500000002,-46.630771499999994,,,,1,2023-06-19T02:19:39+00:00
SAO_5123-10,São Paulo,3550308,True,,1125,,,-23.59965425,-46.638943,,,,1,2023-06-19T02:20:02+00:00
SAO_5123-10,São Paulo,3550308,True,,1125,,,-23.669511,-46.636536,,,,1,2023-06-19T02:19:21+00:00
SAO_273N-10,São Paulo,3550308,True,,33158,,,-23.522565,-46.52470700000001,,,,2,2023-06-19T02:20:05+00:00
SAO_273N-10,São Paulo,3550308,True,,33158,,,-23.515448,-46.46023925,,,,2,2023-06-19T02:17:51+00:00
SAO_273N-10,São Paulo,3550308,True,,33158,,,-23.498223,-46.396463,,,,2,2023-06-19T02:20:09+00:00
SAO_273N-10,São Paulo,3550308,True,,33158,,,-23.507731,-46.368536000000006,,,,2,2023-06-19T02:20:08+00:00
SAO_6091-10,São Paulo,3550308,True,,33943,,,-23.690795,-46.6979945,,,,2,2023-06-19T02:20:18+00:00
SAO_6091-10,São Paulo,3550308,True,,33943,,,-23.7444815,-46.707066499999996,,,,2,2023-06-19T02:15:38+00:00
SAO_6091-10,São Paulo,3550308,True,,33943,,,-23.862347500000002,-46.712974,,,,2,2023-06-19T02:17:19+00:00
SAO_6091-10,São Paulo,3550308,True,,33943,,,-23.654218999999998,-46.709126,,,,2,2023-06-19T02:20:15+00:00
SAO_6091-10,São Paulo,3550308,True,,33943,,,-23.795333499999998,-46.730186,,,,2,2023-06-19T02:19:47+00:00
SAO_6091-10,São Paulo,3550308,True,,33943,,,-23.862347500000002,-46.712974,,,,2,2023-06-19T02:20:16+00:00
SAO_4288-10,São Paulo,3550308,True,,33058,,,-23.595830499999998,-46.570634999999996,,,,2,2023-06-19T02:20:00+00:00
SAO_4288-10,São Paulo,3550308,True,,33058,,,-23.611155,-46.519178499999995,,,,2,2023-06-19T02:20:03+00:00
SAO_2029-10,São Paulo,3550308,True,,35038,,,-23.45634325,-46.591693,,,,2,2023-06-19T02:19:50+00:00
SAO_2029-10,São Paulo,3550308,True,,35038,,,-23.430906,-46.574909,,,,2,2023-06-19T02:19:54+00:00
SAO_2029-10,São Paulo,3550308,True,,35038,,,-23.430906,-46.574909,,,,2,2023-06-19T02:19:45+00:00
SAO_4056-10,São Paulo,3550308,True,,2237,,,-23.611539937499998,-46.465395,,,,1,2023-06-19T02:20:10+00:00
SAO_4056-10,São Paulo,3550308,True,,2237,,,-23.606942,-46.4511915,,,,1,2023-06-19T02:20:03+00:00
SAO_4056-10,São Paulo,3550308,True,,2237,,,-23.606973500000002,-46.4512225,,,,1,2023-06-19T02:20:07+00:00
SAO_4016-10,São Paulo,3550308,True,,34957,,,-23.632373125,-46.469606562500005,,,,2,2023-06-19T02:19:47+00:00
SAO_407G-10,São Paulo,3550308,True,,34964,,,-23.610859750000003,-46.4343145,,,,2,2023-06-19T02:16:50+00:00
SAO_407G-10,São Paulo,3550308,True,,34964,,,-23.611837,-46.4334745,,,,2,2023-06-19T02:19:59+00:00
SAO_407G-10,São Paulo,3550308,True,,34964,,,-23.5354795,-46.548593,,,,2,2023-06-19T02:19:54+00:00
SAO_407G-10,São Paulo,3550308,True,,34964,,,-23.607138,-46.4366165,,,,2,2023-06-19T02:20:09+00:00
SAO_407G-10,São Paulo,3550308,True,,34964,,,-23.571313500000002,-46.50451175,,,,2,2023-06-19T02:19:39+00:00
SAO_407G-10,São Paulo,3550308,True,,34964,,,-23.614815,-46.458464,,,,2,2023-06-19T02:19:52+00:00
SAO_407G-10,São Paulo,3550308,True,,34964,,,-23.622170750000002,-46.465669250000005,,,,2,2023-06-19T02:20:06+00:00
SAO_407G-10,São Paulo,3550308,True,,34964,,,-23.60103025,-46.48385275,,,,2,2023-06-19T02:20:07+00:00
SAO_971V-10,São Paulo,3550308,True,,33387,,,-23.492473,-46.670656,,,,2,2023-06-19T02:19:50+00:00
SAO_971V-10,São Paulo,3550308,True,,33387,,,-23.51180775,-46.615802375,,,,2,2023-06-19T02:19:40+00:00
SAO_971V-10,São Paulo,3550308,True,,33387,,,-23.4513575,-46.691139,,,,2,2023-06-19T02:19:37+00:00
SAO_971V-10,São Paulo,3550308,True,,33387,,,-23.4541855,-46.675418,,,,2,2023-06-19T02:19:11+00:00
SAO_4051-10,São Paulo,3550308,True,,34912,,,-23.561553500000002,-46.401916,,,,2,2023-06-19T02:18:37+00:00
SAO_4051-10,São Paulo,3550308,True,,34912,,,-23.561855,-46.4014265,,,,2,2023-06-19T02:19:47+00:00
SAO_7016-10,São Paulo,3550308,True,,34886,,,-23.686013,-46.7375345,,,,2,2023-06-19T02:20:19+00:00
SAO_7016-10,São Paulo,3550308,True,,34886,,,-23.655545,-46.707713999999996,,,,2,2023-06-19T02:20:07+00:00
SAO_7016-10,São Paulo,3550308,True,,34886,,,-23.688845375,-46.77301675,,,,2,2023-06-19T02:20:09+00:00
SAO_7016-10,São Paulo,3550308,True,,34886,,,-23.6886205,-46.77281625,,,,2,2023-06-19T02:20:04+00:00
SAO_6045-10,São Paulo,3550308,True,,33990,,,-23.69435,-46.794564,,,,2,2023-06-19T02:19:54+00:00
SAO_6045-10,São Paulo,3550308,True,,33990,,,-23.698768,-46.796265500000004,,,,2,2023-06-19T02:20:22+00:00
SAO_6045-10,São Paulo,3550308,True,,33990,,,-23.639675249999996,-46.72064625,,,,2,2023-06-19T02:20:22+00:00
SAO_6045-10,São Paulo,3550308,True,,33990,,,-23.686777499999998,-46.7996995,,,,2,2023-06-19T02:19:51+00:00
SAO_6045-10,São Paulo,3550308,True,,33990,,,-23.698768,-46.796265500000004,,,,2,2023-06-19T02:20:14+00:00
SAO_971D-10,São Paulo,3550308,True,,33477,,,-23.463973,-46.68045425,,,,2,2023-06-19T02:19:59+00:00
SAO_971D-10,São Paulo,3550308,True,,33477,,,-23.44795,-46.697022000000004,,,,2,2023-06-19T02:20:08+00:00
SAO_971D-10,São Paulo,3550308,True,,33477,,,-23.457116,-46.69102975,,,,2,2023-06-19T02:19:57+00:00
SAO_971D-10,São Paulo,3550308,True,,33477,,,-23.44795,-46.697022000000004,,,,2,2023-06-19T02:20:11+00:00
SAO_971D-10,São Paulo,3550308,True,,33477,,,-23.4835615,-46.631298,,,,2,2023-06-19T02:20:06+00:00
SAO_6072-23,São Paulo,3550308,True,,2004,,,-23.767591,-46.7163045,,,,1,2023-06-19T02:20:15+00:00
SAO_6072-23,São Paulo,3550308,True,,2004,,,-23.767591,-46.7163045,,,,1,2023-06-19T02:20:05+00:00
SAO_6072-23,São Paulo,3550308,True,,2004,,,-23.767591,-46.7163045,,,,1,2023-06-19T02:20:22+00:00
SAO_6072-23,São Paulo,3550308,True,,2004,,,-23.767591,-46.7163045,,,,1,2023-06-19T02:19:57+00:00
SAO_6072-23,São Paulo,3550308,True,,2004,,,-23.767591,-46.7163045,,,,1,2023-06-19T02:20:11+00:00
SAO_6072-23,São Paulo,3550308,True,,2004,,,-23.767591,-46.7163045,,,,1,2023-06-19T02:19:45+00:00
SAO_6072-23,São Paulo,3550308,True,,2004,,,-23.767591,-46.7163045,,,,1,2023-06-19T02:19:54+00:00
SAO_6072-23,São Paulo,3550308,True,,2004,,,-23.767591,-46.7163045,,,,1,2023-06-19T02:20:00+00:00
SAO_6072-23,São Paulo,3550308,True,,2004,,,-23.767591,-46.7163045,,,,1,2023-06-19T02:20:11+00:00
SAO_6072-23,São Paulo,3550308,True,,2004,,,-23.767591,-46.7163045,,,,1,2023-06-19T02:19:39+00:00
SAO_6072-23,São Paulo,3550308,True,,2004,,,-23.767591,-46.7163045,,,,1,2023-06-19T02:20:06+00:00
SAO_6072-23,São Paulo,3550308,True,,2004,,,-23.767591,-46.7163045,,,,1,2023-06-19T02:20:11+00:00
SAO_6072-23,São Paulo,3550308,True,,2004,,,-23.767591,-46.7163045,,,,1,2023-06-19T02:20:14+00:00
SAO_6072-23,São Paulo,3550308,True,,2004,,,-23.767591,-46.7163045,,,,1,2023-06-19T02:20:22+00:00
SAO_6072-23,São Paulo,3550308,True,,2004,,,-23.766712,-46.716187500000004,,,,1,2023-06-19T02:20:22+00:00
SAO_6072-23,São Paulo,3550308,True,,2004,,,-23.767591,-46.7163045,,,,1,2023-06-19T02:19:52+00:00
SAO_6072-23,São Paulo,3550308,True,,2004,,,-23.767591,-46.7163045,,,,1,2023-06-19T02:20:04+00:00
SAO_6072-23,São Paulo,3550308,True,,2004,,,-23.767591,-46.7163045,,,,1,2023-06-19T02:20:03+00:00
SAO_6072-23,São Paulo,3550308,True,,2004,,,-23.7671445,-46.716244,,,,1,2023-06-19T02:19:55+00:00
SAO_6072-23,São Paulo,3550308,True,,2004,,,-23.767376,-46.716275499999995,,,,1,2023-06-19T02:20:22+00:00
SAO_6072-23,São Paulo,3550308,True,,2004,,,-23.771853,-46.719546,,,,1,2023-06-19T02:20:02+00:00
SAO_6072-23,São Paulo,3550308,True,,2004,,,-23.767591,-46.7163045,,,,1,2023-06-19T02:19:45+00:00
SAO_6072-23,São Paulo,3550308,True,,2004,,,-23.77103975,-46.723756,,,,1,2023-06-19T02:20:17+00:00
SAO_6072-23,São Paulo,3550308,True,,2004,,,-23.767591,-46.7163045,,,,1,2023-06-19T02:19:52+00:00
SAO_6072-23,São Paulo,3550308,True,,2004,,,-23.767591,-46.7163045,,,,1,2023-06-19T02:19:50+00:00
SAO_6072-23,São Paulo,3550308,True,,2004,,,-23.767428000000002,-46.7162825,,,,1,2023-06-19T02:20:05+00:00
SAO_6072-23,São Paulo,3550308,True,,2004,,,-23.767591,-46.7163045,,,,1,2023-06-19T02:20:09+00:00
SAO_6072-23,São Paulo,3550308,True,,2004,,,-23.767591,-46.7163045,,,,1,2023-06-19T02:19:51+00:00
SAO_6072-23,São Paulo,3550308,True,,2004,,,-23.767591,-46.7163045,,,,1,2023-06-19T02:19:41+00:00
SAO_6072-23,São Paulo,3550308,True,,2004,,,-23.7668745,-46.716208,,,,1,2023-06-19T02:20:01+00:00
SAO_6072-23,São Paulo,3550308,True,,2004,,,-23.767591,-46.7163045,,,,1,2023-06-19T02:19:55+00:00
SAO_9188-10,São Paulo,3550308,True,EMTU,809,https://moovitapp.com/index/pt-br/transporte_p%C3%BAblico-line-809-Sao_Paulo-242-2038937-119858519-0,5.2,-23.454491,-46.7289285,,,,1,2023-06-19T02:19:51+00:00
SAO_9188-10,São Paulo,3550308,True,EMTU,809,https://moovitapp.com/index/pt-br/transporte_p%C3%BAblico-line-809-Sao_Paulo-242-2038937-119858519-0,5.2,-23.4758445,-46.7238615,,,,1,2023-06-19T02:19:59+00:00
SAO_9188-10,São Paulo,3550308,True,EMTU,809,https://moovitapp.com/index/pt-br/transporte_p%C3%BAblico-line-809-Sao_Paulo-242-2038937-119858519-0,5.2,-23.453322,-46.730183,,,,1,2023-06-19T02:19:51+00:00
SAO_7059-10,São Paulo,3550308,True,,34692,,,-23.643807,-46.779624,,,,2,2023-06-19T02:20:10+00:00
SAO_7059-10,São Paulo,3550308,True,,34692,,,-23.659734999999998,-46.7756655,,,,2,2023-06-19T02:20:09+00:00
SAO_9050-10,São Paulo,3550308,True,,34856,,,-23.5238285,-46.69968525,,,,2,2023-06-19T02:20:19+00:00
SAO_9050-10,São Paulo,3550308,True,,34856,,,-23.565437000000003,-46.694477,,,,2,2023-06-19T02:20:09+00:00
SAO_7017-10,São Paulo,3550308,True,,35270,,,-23.69319,-46.790735,,,,2,2023-06-19T02:20:12+00:00
SAO_7017-10,São Paulo,3550308,True,,35270,,,-23.6931665,-46.791157,,,,2,2023-06-19T02:19:38+00:00
SAO_5757-10,São Paulo,3550308,True,,1288,,,-23.6890775,-46.637954,,,,1,2023-06-19T02:20:00+00:00
SAO_5757-10,São Paulo,3550308,True,,1288,,,-23.6644765,-46.650936,,,,1,2023-06-19T02:20:12+00:00
SAO_5757-10,São Paulo,3550308,True,,1288,,,-23.69172,-46.640216,,,,1,2023-06-19T02:20:15+00:00
SAO_5757-10,São Paulo,3550308,True,,1288,,,-23.6907885,-46.638878000000005,,,,1,2023-06-19T02:20:23+00:00
SAO_4708-10,São Paulo,3550308,True,,33100,,,-23.639317499999997,-46.607468,,,,2,2023-06-19T02:19:58+00:00
SAO_4708-10,São Paulo,3550308,True,,33100,,,-23.589377499999998,-46.633944,,,,2,2023-06-19T02:19:40+00:00
SAO_2730-10,São Paulo,3550308,True,,33713,,,-23.510495499999998,-46.4462745,,,,2,2023-06-19T02:19:49+00:00
SAO_2730-10,São Paulo,3550308,True,,33713,,,-23.5126665,-46.462928500000004,,,,2,2023-06-19T02:19:36+00:00
SAO_2730-10,São Paulo,3550308,True,,33713,,,-23.510537499999998,-46.4468945,,,,2,2023-06-19T02:19:40+00:00
SAO_2730-10,São Paulo,3550308,True,,33713,,,-23.507039,-46.44937,,,,2,2023-06-19T02:19:49+00:00
SAO_2730-10,São Paulo,3550308,True,,33713,,,-23.5329725,-46.47350675,,,,2,2023-06-19T02:20:05+00:00
SAO_6L11-10,São Paulo,3550308,True,,1167,,,-23.78871975,-46.6419275,,,,1,2023-06-19T02:18:50+00:00
SAO_6L11-10,São Paulo,3550308,True,,1167,,,-23.753134,-46.684884,,,,1,2023-06-19T02:20:17+00:00
SAO_208V-10,São Paulo,3550308,True,,32975,,,-23.5476865,-46.6292585,,,,2,2023-06-19T02:19:53+00:00
SAO_208V-10,São Paulo,3550308,True,,32975,,,-23.538355250000002,-46.602380499999995,,,,2,2023-06-19T02:20:21+00:00
SAO_208V-10,São Paulo,3550308,True,,32975,,,-23.5476865,-46.6292585,,,,2,2023-06-19T02:20:21+00:00
SAO_208V-10,São Paulo,3550308,True,,32975,,,-23.518814499999998,-46.475541,,,,2,2023-06-19T02:19:45+00:00
SAO_208V-10,São Paulo,3550308,True,,32975,,,-23.517572,-46.475783,,,,2,2023-06-19T02:20:41+00:00
SAO_208V-10,São Paulo,3550308,True,,32975,,,-23.517678,-46.475762,,,,2,2023-06-19T02:20:14+00:00
SAO_208V-10,São Paulo,3550308,True,,32975,,,-23.517572,-46.475783,,,,2,2023-06-19T02:20:20+00:00
SAO_208V-10,São Paulo,3550308,True,,32975,,,-23.5476865,-46.6292585,,,,2,2023-06-19T02:19:45+00:00
SAO_208V-10,São Paulo,3550308,True,,32975,,,-23.5476865,-46.6292585,,,,2,2023-06-19T02:20:22+00:00
SAO_208V-10,São Paulo,3550308,True,,32975,,,-23.517572,-46.475783,,,,2,2023-06-19T02:19:46+00:00
SAO_208V-10,São Paulo,3550308,True,,32975,,,-23.5476865,-46.6292585,,,,2,2023-06-19T02:20:02+00:00
SAO_208V-10,São Paulo,3550308,True,,32975,,,-23.5173865,-46.47583825,,,,2,2023-06-19T02:19:49+00:00
SAO_208V-10,São Paulo,3550308,True,,32975,,,-23.518321,-46.475637,,,,2,2023-06-19T02:20:03+00:00
SAO_208V-10,São Paulo,3550308,True,,32975,,,-23.5476865,-46.6292585,,,,2,2023-06-19T02:19:38+00:00
SAO_208V-10,São Paulo,3550308,True,,32975,,,-23.518814499999998,-46.475541,,,,2,2023-06-19T02:19:42+00:00
SAO_208V-10,São Paulo,3550308,True,,32975,,,-23.518638,-46.475575,,,,2,2023-06-19T02:19:58+00:00
SAO_5652-22,São Paulo,3550308,True,,35284,,,-23.7062515,-46.6887605,,,,2,2023-06-19T02:19:54+00:00
SAO_5652-22,São Paulo,3550308,True,,35284,,,-23.678561000000002,-46.685127,,,,2,2023-06-19T02:19:57+00:00
SAO_5652-22,São Paulo,3550308,True,,35284,,,-23.7161095,-46.6831515,,,,2,2023-06-19T02:20:10+00:00
SAO_342M-10,São Paulo,3550308,True,,33515,,,-23.518709,-46.546899499999995,,,,2,2023-06-19T02:19:45+00:00
SAO_342M-10,São Paulo,3550308,True,,33515,,,-23.597652500000002,-46.48668725,,,,2,2023-06-19T02:20:14+00:00
SAO_342M-10,São Paulo,3550308,True,,33515,,,-23.5415875,-46.549929,,,,2,2023-06-19T02:19:51+00:00
SAO_342M-10,São Paulo,3550308,True,,33515,,,-23.518918499999998,-46.546471,,,,2,2023-06-19T02:20:19+00:00
SAO_342M-10,São Paulo,3550308,True,,33515,,,-23.5194545,-46.546797,,,,2,2023-06-19T02:20:17+00:00
SAO_342M-10,São Paulo,3550308,True,,33515,,,-23.518709,-46.546899499999995,,,,2,2023-06-19T02:20:17+00:00
SAO_342M-10,São Paulo,3550308,True,,33515,,,-23.518709,-46.546899499999995,,,,2,2023-06-19T02:20:17+00:00
SAO_342M-10,São Paulo,3550308,True,,33515,,,-23.51863,-46.546787,,,,2,2023-06-19T02:19:43+00:00
SAO_342M-10,São Paulo,3550308,True,,33515,,,-23.553845,-46.527522000000005,,,,2,2023-06-19T02:19:46+00:00
SAO_342M-10,São Paulo,3550308,True,,33515,,,-23.613302,-46.4764105,,,,2,2023-06-19T02:19:38+00:00
SAO_5391-10,São Paulo,3550308,True,,32939,,,-23.692718499999998,-46.778041,,,,2,2023-06-19T02:20:00+00:00
SAO_5391-10,São Paulo,3550308,True,,32939,,,-23.692511000000003,-46.7778525,,,,2,2023-06-19T02:19:49+00:00
SAO_5391-10,São Paulo,3550308,True,,32939,,,-23.692718499999998,-46.778041,,,,2,2023-06-19T02:19:36+00:00
SAO_5391-10,São Paulo,3550308,True,,32939,,,-23.5821995,-46.655871000000005,,,,2,2023-06-19T02:19:54+00:00
SAO_5391-10,São Paulo,3550308,True,,32939,,,-23.692586,-46.7779375,,,,2,2023-06-19T02:19:53+00:00
SAO_5391-10,São Paulo,3550308,True,,32939,,,-23.655545,-46.707713999999996,,,,2,2023-06-19T02:20:10+00:00
SAO_5391-10,São Paulo,3550308,True,,32939,,,-23.692826,-46.7782155,,,,2,2023-06-19T02:19:44+00:00
SAO_6115-10,São Paulo,3550308,True,,33953,,,-23.742746,-46.6587425,,,,2,2023-06-19T02:19:52+00:00
SAO_6115-10,São Paulo,3550308,True,,33953,,,-23.745142125,-46.66444825000001,,,,2,2023-06-19T02:20:11+00:00
SAO_6115-10,São Paulo,3550308,True,,33953,,,-23.736480999999998,-46.69416675,,,,2,2023-06-19T02:20:02+00:00
SAO_407M-10,São Paulo,3550308,True,,33086,,,-23.5757655,-46.6136105,,,,2,2023-06-19T02:20:13+00:00
SAO_3754-10,São Paulo,3550308,True,,1049,,,-23.543409625,-46.423206375,,,,1,2023-06-19T02:19:51+00:00
SAO_3754-10,São Paulo,3550308,True,,1049,,,-23.537851125000003,-46.455333,,,,1,2023-06-19T02:20:18+00:00
SAO_3754-10,São Paulo,3550308,True,,1049,,,-23.56821,-46.40019825,,,,1,2023-06-19T02:19:56+00:00
SAO_3754-10,São Paulo,3550308,True,,1049,,,-23.5427145,-46.4149935,,,,1,2023-06-19T02:19:32+00:00
SAO_174M-10,São Paulo,3550308,True,,33441,,,-23.516754499999998,-46.62505,,,,2,2023-06-19T02:20:19+00:00
SAO_174M-10,São Paulo,3550308,True,,33441,,,-23.487991,-46.574619,,,,2,2023-06-19T02:19:46+00:00
SAO_174M-10,São Paulo,3550308,True,,33441,,,-23.481502,-46.6031965,,,,2,2023-06-19T02:20:16+00:00
SAO_174M-10,São Paulo,3550308,True,,33441,,,-23.487555999999998,-46.5742625,,,,2,2023-06-19T02:19:39+00:00
SAO_6003-10,São Paulo,3550308,True,,34240,,,-23.736701500000002,-46.696777499999996,,,,2,2023-06-19T02:20:16+00:00
SAO_6003-10,São Paulo,3550308,True,,34240,,,-23.766613,-46.71643,,,,2,2023-06-19T02:20:00+00:00
SAO_6003-10,São Paulo,3550308,True,,34240,,,-23.766613,-46.71643,,,,2,2023-06-19T02:20:21+00:00
SAO_6835-10,São Paulo,3550308,True,,32780,,,-23.6875135,-46.800892000000005,,,,2,2023-06-19T02:20:07+00:00
SAO_6835-10,São Paulo,3550308,True,,32780,,,-23.6786875,-46.77878275,,,,2,2023-06-19T02:20:08+00:00
SAO_5362-10,São Paulo,3550308,True,BR7 Mobilidade,70,https://moovitapp.com/index/pt-br/transporte_p%C3%BAblico-line-70-Sao_Paulo-242-851856-2250296-0,5.75,-23.7445215,-46.670979,,,,1,2023-06-19T02:20:13+00:00
SAO_5362-10,São Paulo,3550308,True,BR7 Mobilidade,70,https://moovitapp.com/index/pt-br/transporte_p%C3%BAblico-line-70-Sao_Paulo-242-851856-2250296-0,5.75,-23.7445215,-46.670979,,,,1,2023-06-19T02:20:06+00:00
SAO_5362-10,São Paulo,3550308,True,BR7 Mobilidade,70,https://moovitapp.com/index/pt-br/transporte_p%C3%BAblico-line-70-Sao_Paulo-242-851856-2250296-0,5.75,-23.74616025,-46.66538525,,,,1,2023-06-19T02:20:15+00:00
SAO_5362-10,São Paulo,3550308,True,BR7 Mobilidade,70,https://moovitapp.com/index/pt-br/transporte_p%C3%BAblico-line-70-Sao_Paulo-242-851856-2250296-0,5.75,-23.686808749999997,-46.714476250000004,,,,1,2023-06-19T02:20:12+00:00
SAO_5362-10,São Paulo,3550308,True,BR7 Mobilidade,70,https://moovitapp.com/index/pt-br/transporte_p%C3%BAblico-line-70-Sao_Paulo-242-851856-2250296-0,5.75,-23.630059375000002,-46.68707825,,,,1,2023-06-19T02:20:22+00:00
SAO_233A-10,São Paulo,3550308,True,,33017,,,-23.479422,-46.4206095,,,,2,2023-06-19T02:20:07+00:00
SAO_233A-10,São Paulo,3550308,True,,33017,,,-23.5128555,-46.4437095,,,,2,2023-06-19T02:19:41+00:00
SAO_233A-10,São Paulo,3550308,True,,33017,,,-23.539121875,-46.490645875,,,,2,2023-06-19T02:14:08+00:00
SAO_5154-10,São Paulo,3550308,True,,33121,,,-23.5351735,-46.637364250000005,,,,2,2023-06-19T02:19:56+00:00
SAO_5154-10,São Paulo,3550308,True,,33121,,,-23.604613625,-46.692726625,,,,2,2023-06-19T02:20:16+00:00
SAO_5154-10,São Paulo,3550308,True,,33121,,,-23.654646999999997,-46.714907499999995,,,,2,2023-06-19T02:20:16+00:00
SAO_5154-10,São Paulo,3550308,True,,33121,,,-23.631447,-46.7092445,,,,2,2023-06-19T02:19:59+00:00
SAO_957T-10,São Paulo,3550308,True,,464,,,-23.59616325,-46.691351,,,,1,2023-06-19T02:19:55+00:00
SAO_957T-10,São Paulo,3550308,True,,464,,,-23.454430000000002,-46.696312500000005,,,,1,2023-06-19T02:20:13+00:00
SAO_957T-10,São Paulo,3550308,True,,464,,,-23.539641500000002,-46.7298965,,,,1,2023-06-19T02:20:19+00:00
SAO_6805-10,São Paulo,3550308,True,,32799,,,-23.654369000000003,-46.762426500000004,,,,2,2023-06-19T02:19:53+00:00
SAO_6805-10,São Paulo,3550308,True,,32799,,,-23.6540545,-46.763478,,,,2,2023-06-19T02:19:56+00:00
SAO_6837-10,São Paulo,3550308,True,,6,,,-23.6156505,-46.7557165,,,,1,2023-06-19T02:19:54+00:00
SAO_6837-10,São Paulo,3550308,True,,6,,,-23.654132,-46.7632315,,,,1,2023-06-19T02:19:59+00:00
SAO_6837-10,São Paulo,3550308,True,,6,,,-23.622368,-46.761258,,,,1,2023-06-19T02:19:55+00:00
SAO_6837-10,São Paulo,3550308,True,,6,,,-23.6161065,-46.739967,,,,1,2023-06-19T02:19:51+00:00
SAO_6837-10,São Paulo,3550308,True,,6,,,-23.6161065,-46.739967,,,,1,2023-06-19T02:19:39+00:00
SAO_6055-10,São Paulo,3550308,True,,1146,,,-23.680031500000002,-46.6868615,,,,1,2023-06-19T02:20:09+00:00
SAO_6055-10,São Paulo,3550308,True,,1146,,,-23.755516,-46.699914,,,,1,2023-06-19T02:20:19+00:00
SAO_6055-10,São Paulo,3550308,True,,1146,,,-23.75413,-46.708843,,,,1,2023-06-19T02:20:05+00:00
SAO_2290-10,São Paulo,3550308,True,,718,,,-23.6131955,-46.476123,,,,1,2023-06-19T02:19:51+00:00
SAO_2290-10,São Paulo,3550308,True,,718,,,-23.6131955,-46.476123,,,,1,2023-06-19T02:20:20+00:00
SAO_2290-10,São Paulo,3550308,True,,718,,,-23.5570575,-46.524694,,,,1,2023-06-19T02:19:56+00:00
SAO_2290-10,São Paulo,3550308,True,,718,,,-23.534837500000002,-46.5589675,,,,1,2023-06-19T02:19:44+00:00
SAO_2290-10,São Paulo,3550308,True,,718,,,-23.6131955,-46.476123,,,,1,2023-06-19T02:20:11+00:00
SAO_2290-10,São Paulo,3550308,True,,718,,,-23.546065499999997,-46.6320345,,,,1,2023-06-19T02:20:11+00:00
SAO_2290-10,São Paulo,3550308,True,,718,,,-23.551361749999998,-46.640548499999994,,,,1,2023-06-19T02:20:13+00:00
SAO_2290-10,São Paulo,3550308,True,,718,,,-23.537088,-46.593248,,,,1,2023-06-19T02:19:45+00:00
SAO_2290-10,São Paulo,3550308,True,,718,,,-23.544864625,-46.64364537499999,,,,1,2023-06-19T02:20:03+00:00
SAO_2290-10,São Paulo,3550308,True,,718,,,-23.597877875,-46.486518000000004,,,,1,2023-06-19T02:20:14+00:00
SAO_5129-41,São Paulo,3550308,True,,1974,,,-23.667998,-46.651894999999996,,,,1,2023-06-19T02:19:43+00:00
SAO_351F-10,São Paulo,3550308,True,,33455,,,-23.544489625,-46.586325125,,,,2,2023-06-19T02:19:58+00:00
SAO_351F-10,São Paulo,3550308,True,,33455,,,-23.564648,-46.5464445,,,,2,2023-06-19T02:20:11+00:00
SAO_351F-10,São Paulo,3550308,True,,33455,,,-23.465463,-46.583659499999996,,,,2,2023-06-19T02:20:02+00:00
SAO_351F-10,São Paulo,3550308,True,,33455,,,-23.4609005,-46.5831035,,,,2,2023-06-19T02:19:55+00:00
SAO_2722-10,São Paulo,3550308,True,,33703,,,-23.4902355,-46.49016675,,,,2,2023-06-19T02:20:06+00:00
SAO_2722-10,São Paulo,3550308,True,,33703,,,-23.4930615,-46.49828,,,,2,2023-06-19T02:20:03+00:00
SAO_2722-10,São Paulo,3550308,True,,33703,,,-23.4905365,-46.49019025,,,,2,2023-06-19T02:20:21+00:00
SAO_2722-10,São Paulo,3550308,True,,33703,,,-23.52856,-46.5161185,,,,2,2023-06-19T02:20:01+00:00
SAO_6083-10,São Paulo,3550308,True,,34501,,,-23.7532605,-46.670314,,,,2,2023-06-19T02:20:08+00:00
SAO_6083-10,São Paulo,3550308,True,,34501,,,-23.7533765,-46.6701475,,,,2,2023-06-19T02:20:13+00:00
SAO_6083-10,São Paulo,3550308,True,,34501,,,-23.753360999999998,-46.6700625,,,,2,2023-06-19T02:19:59+00:00
SAO_4032-10,São Paulo,3550308,True,,33870,,,-23.61677075,-46.62936925,,,,2,2023-06-19T02:20:18+00:00
SAO_4032-10,São Paulo,3550308,True,,33870,,,-23.62781275,-46.600421,,,,2,2023-06-19T02:19:49+00:00
SAO_2014-10,São Paulo,3550308,True,Urubupungá,900,https://moovitapp.com/index/pt-br/transporte_p%C3%BAblico-line-900-Sao_Paulo-242-873835-496470-0,4.6,-23.457081000000002,-46.669748,,,,1,2023-06-19T02:20:22+00:00
SAO_2014-10,São Paulo,3550308,True,Urubupungá,900,https://moovitapp.com/index/pt-br/transporte_p%C3%BAblico-line-900-Sao_Paulo-242-873835-496470-0,4.6,-23.472409,-46.66674225,,,,1,2023-06-19T02:20:18+00:00
SAO_2014-10,São Paulo,3550308,True,Urubupungá,900,https://moovitapp.com/index/pt-br/transporte_p%C3%BAblico-line-900-Sao_Paulo-242-873835-496470-0,4.6,-23.457081000000002,-46.669748,,,,1,2023-06-19T02:20:02+00:00
SAO_2014-10,São Paulo,3550308,True,Urubupungá,900,https://moovitapp.com/index/pt-br/transporte_p%C3%BAblico-line-900-Sao_Paulo-242-873835-496470-0,4.6,-23.457081000000002,-46.669748,,,,1,2023-06-19T02:20:13+00:00
SAO_2014-10,São Paulo,3550308,True,Urubupungá,900,https://moovitapp.com/index/pt-br/transporte_p%C3%BAblico-line-900-Sao_Paulo-242-873835-496470-0,4.6,-23.505520500000003,-46.663302,,,,1,2023-06-19T02:20:11+00:00
SAO_2014-10,São Paulo,3550308,True,Urubupungá,900,https://moovitapp.com/index/pt-br/transporte_p%C3%BAblico-line-900-Sao_Paulo-242-873835-496470-0,4.6,-23.457081000000002,-46.669748,,,,1,2023-06-19T02:19:57+00:00
SAO_2014-10,São Paulo,3550308,True,Urubupungá,900,https://moovitapp.com/index/pt-br/transporte_p%C3%BAblico-line-900-Sao_Paulo-242-873835-496470-0,4.6,-23.453591,-46.6721825,,,,1,2023-06-19T02:20:07+00:00
SAO_2014-10,São Paulo,3550308,True,Urubupungá,900,https://moovitapp.com/index/pt-br/transporte_p%C3%BAblico-line-900-Sao_Paulo-242-873835-496470-0,4.6,-23.457081000000002,-46.669748,,,,1,2023-06-19T02:19:41+00:00
SAO_2014-10,São Paulo,3550308,True,Urubupungá,900,https://moovitapp.com/index/pt-br/transporte_p%C3%BAblico-line-900-Sao_Paulo-242-873835-496470-0,4.6,-23.457081000000002,-46.669748,,,,1,2023-06-19T02:20:01+00:00
SAO_2014-10,São Paulo,3550308,True,Urubupungá,900,https://moovitapp.com/index/pt-br/transporte_p%C3%BAblico-line-900-Sao_Paulo-242-873835-496470-0,4.6,-23.457081000000002,-46.669748,,,,1,2023-06-19T02:20:20+00:00
SAO_2014-10,São Paulo,3550308,True,Urubupungá,900,https://moovitapp.com/index/pt-br/transporte_p%C3%BAblico-line-900-Sao_Paulo-242-873835-496470-0,4.6,-23.457081000000002,-46.669748,,,,1,2023-06-19T02:20:23+00:00
SAO_2014-10,São Paulo,3550308,True,Urubupungá,900,https://moovitapp.com/index/pt-br/transporte_p%C3%BAblico-line-900-Sao_Paulo-242-873835-496470-0,4.6,-23.457081000000002,-46.669748,,,,1,2023-06-19T02:20:19+00:00
SAO_2014-10,São Paulo,3550308,True,Urubupungá,900,https://moovitapp.com/index/pt-br/transporte_p%C3%BAblico-line-900-Sao_Paulo-242-873835-496470-0,4.6,-23.457081000000002,-46.669748,,,,1,2023-06-19T02:20:09+00:00
SAO_2014-10,São Paulo,3550308,True,Urubupungá,900,https://moovitapp.com/index/pt-br/transporte_p%C3%BAblico-line-900-Sao_Paulo-242-873835-496470-0,4.6,-23.457081000000002,-46.669748,,,,1,2023-06-19T02:19:53+00:00
SAO_2014-10,São Paulo,3550308,True,Urubupungá,900,https://moovitapp.com/index/pt-br/transporte_p%C3%BAblico-line-900-Sao_Paulo-242-873835-496470-0,4.6,-23.529546500000002,-46.677191,,,,1,2023-06-19T02:20:03+00:00
SAO_2014-10,São Paulo,3550308,True,Urubupungá,900,https://moovitapp.com/index/pt-br/transporte_p%C3%BAblico-line-900-Sao_Paulo-242-873835-496470-0,4.6,-23.457081000000002,-46.669748,,,,1,2023-06-19T02:20:14+00:00
SAO_2014-10,São Paulo,3550308,True,Urubupungá,900,https://moovitapp.com/index/pt-br/transporte_p%C3%BAblico-line-900-Sao_Paulo-242-873835-496470-0,4.6,-23.457081000000002,-46.669748,,,,1,2023-06-19T02:19:45+00:00
SAO_2014-10,São Paulo,3550308,True,Urubupungá,900,https://moovitapp.com/index/pt-br/transporte_p%C3%BAblico-line-900-Sao_Paulo-242-873835-496470-0,4.6,-23.457081000000002,-46.669748,,,,1,2023-06-19T02:19:57+00:00
SAO_4027-10,São Paulo,3550308,True,,33865,,,-23.593264,-46.489357999999996,,,,2,2023-06-19T02:19:49+00:00
SAO_4027-10,São Paulo,3550308,True,,33865,,,-23.641898,-46.438882500000005,,,,2,2023-06-19T02:16:07+00:00
SAO_4027-10,São Paulo,3550308,True,,33865,,,-23.612118000000002,-46.47348,,,,2,2023-06-19T02:17:54+00:00
SAO_576C-10,São Paulo,3550308,True,,34058,,,-23.6466305,-46.6450555,,,,2,2023-06-19T02:19:58+00:00
SAO_576C-10,São Paulo,3550308,True,,34058,,,-23.6379595,-46.632494,,,,2,2023-06-19T02:20:10+00:00
SAO_576C-10,São Paulo,3550308,True,,34058,,,-23.6466305,-46.6450555,,,,2,2023-06-19T02:19:51+00:00
SAO_576C-10,São Paulo,3550308,True,,34058,,,-23.66721,-46.689989,,,,2,2023-06-19T02:20:18+00:00
SAO_576C-10,São Paulo,3550308,True,,34058,,,-23.64883025,-46.66287575,,,,2,2023-06-19T02:20:06+00:00
SAO_576C-10,São Paulo,3550308,True,,34058,,,-23.6466305,-46.6450555,,,,2,2023-06-19T02:20:00+00:00
SAO_3539-10,São Paulo,3550308,True,,33516,,,-23.5536305,-46.4636275,,,,2,2023-06-19T02:19:44+00:00
SAO_3539-10,São Paulo,3550308,True,,33516,,,-23.583129,-46.4092945,,,,2,2023-06-19T02:20:06+00:00
SAO_3539-10,São Paulo,3550308,True,,33516,,,-23.603008,-46.3978005,,,,2,2023-06-19T02:20:03+00:00
SAO_3539-10,São Paulo,3550308,True,,33516,,,-23.58274,-46.4097125,,,,2,2023-06-19T02:19:57+00:00
SAO_3539-10,São Paulo,3550308,True,,33516,,,-23.527872249999998,-46.51093075,,,,2,2023-06-19T02:16:43+00:00
SAO_637A-10,São Paulo,3550308,True,,32953,,,-23.675478,-46.755183,,,,2,2023-06-19T02:19:56+00:00
SAO_637A-10,São Paulo,3550308,True,,32953,,,-23.62312875,-46.708112,,,,2,2023-06-19T02:19:46+00:00
SAO_637A-10,São Paulo,3550308,True,,32953,,,-23.6905325,-46.774566500000006,,,,2,2023-06-19T02:20:12+00:00
SAO_637A-10,São Paulo,3550308,True,,32953,,,-23.689947,-46.7740025,,,,2,2023-06-19T02:19:54+00:00
SAO_637A-10,São Paulo,3550308,True,,32953,,,-23.567622999999998,-46.695747,,,,2,2023-06-19T02:19:42+00:00
SAO_637A-10,São Paulo,3550308,True,,32953,,,-23.625991374999998,-46.7128225,,,,2,2023-06-19T02:19:58+00:00
SAO_647A-10,São Paulo,3550308,True,,34083,,,-23.644223,-46.733958,,,,2,2023-06-19T02:20:18+00:00
SAO_647A-10,São Paulo,3550308,True,,34083,,,-23.579249,-46.6857765,,,,2,2023-06-19T02:20:01+00:00
SAO_647A-10,São Paulo,3550308,True,,34083,,,-23.6852905,-46.7908265,,,,2,2023-06-19T02:20:10+00:00
SAO_647A-10,São Paulo,3550308,True,,34083,,,-23.6786095,-46.784029000000004,,,,2,2023-06-19T02:19:42+00:00
SAO_647A-10,São Paulo,3550308,True,,34083,,,-23.694454,-46.794375,,,,2,2023-06-19T02:19:43+00:00
SAO_6451-10,São Paulo,3550308,True,,32829,,,-23.654660999999997,-46.7609705,,,,2,2023-06-19T02:20:16+00:00
SAO_6451-10,São Paulo,3550308,True,,32829,,,-23.5956415,-46.6960695,,,,2,2023-06-19T02:20:10+00:00
SAO_6451-10,São Paulo,3550308,True,,32829,,,-23.642863249999998,-46.73661775000001,,,,2,2023-06-19T02:19:56+00:00
SAO_6451-10,São Paulo,3550308,True,,32829,,,-23.549545000000002,-46.639877,,,,2,2023-06-19T02:19:45+00:00
SAO_6451-10,São Paulo,3550308,True,,32829,,,-23.654660999999997,-46.7609705,,,,2,2023-06-19T02:19:47+00:00
SAO_6451-10,São Paulo,3550308,True,,32829,,,-23.654408500000002,-46.762060999999996,,,,2,2023-06-19T02:20:10+00:00
SAO_3160-10,São Paulo,3550308,True,EMTU,125,https://moovitapp.com/index/pt-br/transporte_p%C3%BAblico-line-125-Sao_Paulo-242-2038937-36419283-0,5.15,-23.579991,-46.586749,,,,1,2023-06-19T02:19:50+00:00
SAO_3160-10,São Paulo,3550308,True,EMTU,125,https://moovitapp.com/index/pt-br/transporte_p%C3%BAblico-line-125-Sao_Paulo-242-2038937-36419283-0,5.15,-23.5838375,-46.584777,,,,1,2023-06-19T02:20:05+00:00
SAO_4051-10,São Paulo,3550308,True,,2144,,,-23.5591695,-46.3996545,,,,1,2023-06-19T02:20:10+00:00
SAO_4051-10,São Paulo,3550308,True,,2144,,,-23.542768,-46.41466525,,,,1,2023-06-19T02:17:00+00:00
SAO_4051-10,São Paulo,3550308,True,,2144,,,-23.56242975,-46.40144,,,,1,2023-06-19T02:18:21+00:00
SAO_4051-10,São Paulo,3550308,True,,2144,,,-23.561616,-46.401831,,,,1,2023-06-19T02:20:05+00:00
SAO_7016-10,São Paulo,3550308,True,,2118,,,-23.688479,-46.773292,,,,1,2023-06-19T02:19:51+00:00
SAO_7016-10,São Paulo,3550308,True,,2118,,,-23.66631225,-46.71752375,,,,1,2023-06-19T02:20:16+00:00
SAO_5164-21,São Paulo,3550308,True,,1616,,,-23.64675425,-46.645568,,,,1,2023-06-19T02:20:06+00:00
SAO_5164-21,São Paulo,3550308,True,,1616,,,-23.6464495,-46.646234750000005,,,,1,2023-06-19T02:19:52+00:00
SAO_5164-21,São Paulo,3550308,True,,1616,,,-23.6461105,-46.6469465,,,,1,2023-06-19T02:19:46+00:00
SAO_7053-10,São Paulo,3550308,True,,34655,,,-23.653941000000003,-46.78870825,,,,2,2023-06-19T02:20:10+00:00
SAO_7053-10,São Paulo,3550308,True,,34655,,,-23.653941000000003,-46.78870825,,,,2,2023-06-19T02:19:46+00:00
SAO_7053-10,São Paulo,3550308,True,,34655,,,-23.653941000000003,-46.78870825,,,,2,2023-06-19T02:19:57+00:00
SAO_7053-10,São Paulo,3550308,True,,34655,,,-23.653941000000003,-46.78870825,,,,2,2023-06-19T02:20:18+00:00
SAO_7053-10,São Paulo,3550308,True,,34655,,,-23.6384965,-46.779754499999996,,,,2,2023-06-19T02:20:17+00:00
SAO_7053-10,São Paulo,3550308,True,,34655,,,-23.653941000000003,-46.78870825,,,,2,2023-06-19T02:20:08+00:00
SAO_3751-10,São Paulo,3550308,True,,33815,,,-23.569594000000002,-46.409662,,,,2,2023-06-19T02:19:59+00:00
SAO_3751-10,São Paulo,3550308,True,,33815,,,-23.54414475,-46.460653,,,,2,2023-06-19T02:19:41+00:00
SAO_3751-10,São Paulo,3550308,True,,33815,,,-23.5695605,-46.4102685,,,,2,2023-06-19T02:20:18+00:00
SAO_3751-10,São Paulo,3550308,True,,33815,,,-23.565371499999998,-46.418297,,,,2,2023-06-19T02:20:17+00:00
SAO_3751-10,São Paulo,3550308,True,,33815,,,-23.569118000000003,-46.410920000000004,,,,2,2023-06-19T02:20:20+00:00
SAO_3751-10,São Paulo,3550308,True,,33815,,,-23.55096925,-46.42766675,,,,2,2023-06-19T02:19:47+00:00
SAO_971C-10,São Paulo,3550308,True,,33339,,,-23.4471795,-46.708236,,,,2,2023-06-19T02:17:27+00:00
SAO_971C-10,São Paulo,3550308,True,,33339,,,-23.4490045,-46.7102105,,,,2,2023-06-19T02:19:58+00:00
SAO_971C-10,São Paulo,3550308,True,,33339,,,-23.50224325,-46.63011625,,,,2,2023-06-19T02:20:01+00:00
SAO_7005-51,São Paulo,3550308,True,,1999,,,-23.6766065,-46.7739425,,,,1,2023-06-19T02:19:39+00:00
SAO_7005-51,São Paulo,3550308,True,,1999,,,-23.718654,-46.7846245,,,,1,2023-06-19T02:19:49+00:00
SAO_7005-51,São Paulo,3550308,True,,1999,,,-23.733190999999998,-46.783828,,,,1,2023-06-19T02:20:02+00:00
SAO_7005-51,São Paulo,3550308,True,,1999,,,-23.718654,-46.7846245,,,,1,2023-06-19T02:19:42+00:00
SAO_9789-10,São Paulo,3550308,True,,829,,,-23.460588,-46.70847,,,,1,2023-06-19T02:20:16+00:00
SAO_9789-10,São Paulo,3550308,True,,829,,,-23.508198125,-46.666417,,,,1,2023-06-19T02:20:20+00:00
SAO_9789-10,São Paulo,3550308,True,,829,,,-23.4802955,-46.691615999999996,,,,1,2023-06-19T02:19:56+00:00
SAO_573A-10,São Paulo,3550308,True,,1637,,,-23.5975825,-46.560126999999994,,,,1,2023-06-19T02:19:57+00:00
SAO_573A-10,São Paulo,3550308,True,,1637,,,-23.564026500000004,-46.596823,,,,1,2023-06-19T02:17:50+00:00
SAO_8009-31,São Paulo,3550308,True,,34028,,,-23.433639499999998,-46.751054999999994,,,,2,2023-06-19T02:19:43+00:00
SAO_8009-31,São Paulo,3550308,True,,34028,,,-23.4503895,-46.7353535,,,,2,2023-06-19T02:19:45+00:00
SAO_875C-10,São Paulo,3550308,True,EMTU,478,https://moovitapp.com/index/pt-br/transporte_p%C3%BAblico-line-478-Sao_Paulo-242-2038937-36419510-0,6.25,-23.5680305,-46.692844,,,,1,2023-06-19T02:19:46+00:00
SAO_875C-10,São Paulo,3550308,True,EMTU,478,https://moovitapp.com/index/pt-br/transporte_p%C3%BAblico-line-478-Sao_Paulo-242-2038937-36419510-0,6.25,-23.52012,-46.6994665,,,,1,2023-06-19T02:19:47+00:00
SAO_875C-10,São Paulo,3550308,True,EMTU,478,https://moovitapp.com/index/pt-br/transporte_p%C3%BAblico-line-478-Sao_Paulo-242-2038937-36419510-0,6.25,-23.595420625,-46.669167875,,,,1,2023-06-19T02:19:41+00:00
SAO_875C-10,São Paulo,3550308,True,EMTU,478,https://moovitapp.com/index/pt-br/transporte_p%C3%BAblico-line-478-Sao_Paulo-242-2038937-36419510-0,6.25,-23.5201835,-46.699305499999994,,,,1,2023-06-19T02:20:02+00:00
SAO_875C-10,São Paulo,3550308,True,EMTU,478,https://moovitapp.com/index/pt-br/transporte_p%C3%BAblico-line-478-Sao_Paulo-242-2038937-36419510-0,6.25,-23.522785499999998,-46.704229,,,,1,2023-06-19T02:20:03+00:00
SAO_6047-10,São Paulo,3550308,True,,1224,,,-23.6686645,-46.763990500000006,,,,1,2023-06-19T02:19:59+00:00
SAO_6047-10,São Paulo,3550308,True,,1224,,,-23.65310575,-46.73930875,,,,1,2023-06-19T02:20:16+00:00
SAO_6047-10,São Paulo,3550308,True,,1224,,,-23.6689225,-46.764298999999994,,,,1,2023-06-19T02:20:12+00:00
SAO_8549-10,São Paulo,3550308,True,,33348,,,-23.436301125,-46.716888125,,,,2,2023-06-19T02:19:42+00:00
SAO_8549-10,São Paulo,3550308,True,,33348,,,-23.4555595,-46.693365,,,,2,2023-06-19T02:20:00+00:00
SAO_8549-10,São Paulo,3550308,True,,33348,,,-23.4655835,-46.6794295,,,,2,2023-06-19T02:19:55+00:00
SAO_8549-10,São Paulo,3550308,True,,33348,,,-23.5241095,-46.6842925,,,,2,2023-06-19T02:20:17+00:00
SAO_3731-10,São Paulo,3550308,True,,1028,,,-23.539874,-46.516463,,,,1,2023-06-19T02:19:37+00:00
SAO_3731-10,São Paulo,3550308,True,,1028,,,-23.54011525,-46.51618425,,,,1,2023-06-19T02:19:48+00:00
SAO_3731-10,São Paulo,3550308,True,,1028,,,-23.5560435,-46.516270000000006,,,,1,2023-06-19T02:19:57+00:00
SAO_3731-10,São Paulo,3550308,True,,1028,,,-23.535353999999998,-46.5204095,,,,1,2023-06-19T02:19:54+00:00
SAO_3731-10,São Paulo,3550308,True,,1028,,,-23.531472,-46.5291255,,,,1,2023-06-19T02:20:06+00:00
SAO_3731-10,São Paulo,3550308,True,,1028,,,-23.539611999999998,-46.516724999999994,,,,1,2023-06-19T02:19:54+00:00
SAO_3731-10,São Paulo,3550308,True,,1028,,,-23.539437,-46.5168635,,,,1,2023-06-19T02:19:53+00:00
SAO_3731-10,São Paulo,3550308,True,,1028,,,-23.531472,-46.5291255,,,,1,2023-06-19T02:19:55+00:00
SAO_372F-10,São Paulo,3550308,True,,33783,,,-23.552103000000002,-46.598889,,,,2,2023-06-19T02:19:43+00:00
SAO_372F-10,São Paulo,3550308,True,,33783,,,-23.552103000000002,-46.598889,,,,2,2023-06-19T02:19:50+00:00
SAO_5106-10,São Paulo,3550308,True,,34048,,,-23.6911395,-46.657702,,,,2,2023-06-19T02:19:51+00:00
SAO_5106-10,São Paulo,3550308,True,,34048,,,-23.6848065,-46.653604,,,,2,2023-06-19T02:18:58+00:00
SAO_5106-10,São Paulo,3550308,True,,34048,,,-23.603158125,-46.636805499999994,,,,2,2023-06-19T02:20:08+00:00
SAO_5106-10,São Paulo,3550308,True,,34048,,,-23.5523585,-46.637671,,,,2,2023-06-19T02:20:00+00:00
SAO_573A-10,São Paulo,3550308,True,,34405,,,-23.579606,-46.5868475,,,,2,2023-06-19T02:19:42+00:00
SAO_573A-10,São Paulo,3550308,True,,34405,,,-23.5470055,-46.606573499999996,,,,2,2023-06-19T02:18:29+00:00
SAO_971X-10,São Paulo,3550308,True,,34463,,,-23.476419,-46.663077,,,,2,2023-06-19T02:19:59+00:00
SAO_971X-10,São Paulo,3550308,True,,34463,,,-23.50308,-46.6253845,,,,2,2023-06-19T02:20:11+00:00
SAO_971X-10,São Paulo,3550308,True,,34463,,,-23.4742495,-46.669781,,,,2,2023-06-19T02:19:51+00:00
SAO_971X-10,São Paulo,3550308,True,,34463,,,-23.4752765,-46.6688805,,,,2,2023-06-19T02:20:01+00:00
SAO_746R-10,São Paulo,3550308,True,,33558,,,-23.613583499999997,-46.697348000000005,,,,2,2023-06-19T02:19:59+00:00
SAO_746R-10,São Paulo,3550308,True,,33558,,,-23.6104675,-46.7058285,,,,2,2023-06-19T02:20:19+00:00
SAO_746R-10,São Paulo,3550308,True,,33558,,,-23.6099065,-46.7053325,,,,2,2023-06-19T02:19:53+00:00
SAO_6913-10,São Paulo,3550308,True,,34233,,,-23.633966,-46.693563,,,,2,2023-06-19T02:20:21+00:00
SAO_6913-10,São Paulo,3550308,True,,34233,,,-23.766759999999998,-46.717308,,,,2,2023-06-19T02:14:54+00:00
SAO_6913-10,São Paulo,3550308,True,,34233,,,-23.710615500000003,-46.71140025,,,,2,2023-06-19T02:19:52+00:00
SAO_6913-10,São Paulo,3550308,True,,34233,,,-23.593024874999998,-46.67293325,,,,2,2023-06-19T02:19:52+00:00
SAO_6913-10,São Paulo,3550308,True,,34233,,,-23.767727999999998,-46.7167135,,,,2,2023-06-19T02:20:09+00:00
SAO_6913-10,São Paulo,3550308,True,,34233,,,-23.661628,-46.7066085,,,,2,2023-06-19T02:19:47+00:00
SAO_271C-10,São Paulo,3550308,True,STT,682,https://moovitapp.com/index/pt-br/transporte_p%C3%BAblico-line-682-Sao_Paulo-242-850661-183336-0,5.3,-23.523525499999998,-46.583436500000005,,,,1,2023-06-19T02:19:53+00:00
SAO_271C-10,São Paulo,3550308,True,STT,682,https://moovitapp.com/index/pt-br/transporte_p%C3%BAblico-line-682-Sao_Paulo-242-850661-183336-0,5.3,-23.527670999999998,-46.631524,,,,1,2023-06-19T02:20:14+00:00
SAO_4029-10,São Paulo,3550308,True,,33867,,,-23.6105855,-46.4805655,,,,2,2023-06-19T02:19:59+00:00
SAO_4029-10,São Paulo,3550308,True,,33867,,,-23.614340499999997,-46.498550875,,,,2,2023-06-19T02:20:12+00:00
SAO_4029-10,São Paulo,3550308,True,,33867,,,-23.586758500000002,-46.544669,,,,2,2023-06-19T02:19:53+00:00
SAO_4029-10,São Paulo,3550308,True,,33867,,,-23.584287,-46.584342,,,,2,2023-06-19T02:19:50+00:00
SAO_2731-10,São Paulo,3550308,True,,946,,,-23.517191500000003,-46.438682,,,,1,2023-06-19T02:19:36+00:00
SAO_2731-10,São Paulo,3550308,True,,946,,,-23.537626375000002,-46.455183000000005,,,,1,2023-06-19T02:20:20+00:00
SAO_8600-10,São Paulo,3550308,True,,1432,,,-23.486732,-46.726426000000004,,,,1,2023-06-19T02:19:56+00:00
SAO_8600-10,São Paulo,3550308,True,,1432,,,-23.523176875,-46.653549125000005,,,,1,2023-06-19T02:20:15+00:00
SAO_8600-10,São Paulo,3550308,True,,1432,,,-23.486492,-46.725708499999996,,,,1,2023-06-19T02:19:37+00:00
SAO_5791-21,São Paulo,3550308,True,,35231,,,-23.71619,-46.62593,,,,2,2023-06-19T02:20:13+00:00
SAO_5791-21,São Paulo,3550308,True,,35231,,,-23.71619,-46.62593,,,,2,2023-06-19T02:20:09+00:00
SAO_5791-21,São Paulo,3550308,True,,35231,,,-23.71619,-46.62593,,,,2,2023-06-19T02:20:03+00:00
SAO_5791-21,São Paulo,3550308,True,,35231,,,-23.6882825,-46.6342525,,,,2,2023-06-19T02:20:10+00:00
SAO_5791-21,São Paulo,3550308,True,,35231,,,-23.71619,-46.62593,,,,2,2023-06-19T02:19:41+00:00
SAO_5791-21,São Paulo,3550308,True,,35231,,,-23.71619,-46.62593,,,,2,2023-06-19T02:19:44+00:00
SAO_5791-21,São Paulo,3550308,True,,35231,,,-23.71619,-46.62593,,,,2,2023-06-19T02:20:20+00:00
SAO_2703-10,São Paulo,3550308,True,Urubupungá,915,https://moovitapp.com/index/pt-br/transporte_p%C3%BAblico-line-915-Sao_Paulo-242-873835-75841134-0,4.6,-23.542697,-46.4700195,,,,1,2023-06-19T02:19:40+00:00
SAO_2703-10,São Paulo,3550308,True,Urubupungá,915,https://moovitapp.com/index/pt-br/transporte_p%C3%BAblico-line-915-Sao_Paulo-242-873835-75841134-0,4.6,-23.525544250000003,-46.41958675,,,,1,2023-06-19T02:15:34+00:00
SAO_2703-10,São Paulo,3550308,True,Urubupungá,915,https://moovitapp.com/index/pt-br/transporte_p%C3%BAblico-line-915-Sao_Paulo-242-873835-75841134-0,4.6,-23.52511725,-46.44182775,,,,1,2023-06-19T02:18:25+00:00
SAO_2703-10,São Paulo,3550308,True,Urubupungá,915,https://moovitapp.com/index/pt-br/transporte_p%C3%BAblico-line-915-Sao_Paulo-242-873835-75841134-0,4.6,-23.5230805,-46.4261245,,,,1,2023-06-19T02:20:20+00:00
SAO_2703-10,São Paulo,3550308,True,Urubupungá,915,https://moovitapp.com/index/pt-br/transporte_p%C3%BAblico-line-915-Sao_Paulo-242-873835-75841134-0,4.6,-23.529542499999998,-46.420608,,,,1,2023-06-19T02:18:23+00:00
SAO_2703-10,São Paulo,3550308,True,Urubupungá,915,https://moovitapp.com/index/pt-br/transporte_p%C3%BAblico-line-915-Sao_Paulo-242-873835-75841134-0,4.6,-23.541984999999997,-46.4710195,,,,1,2023-06-19T02:19:11+00:00
SAO_2703-10,São Paulo,3550308,True,Urubupungá,915,https://moovitapp.com/index/pt-br/transporte_p%C3%BAblico-line-915-Sao_Paulo-242-873835-75841134-0,4.6,-23.525544250000003,-46.41958675,,,,1,2023-06-19T02:18:30+00:00
SAO_5032-10,São Paulo,3550308,True,,1662,,,-23.6026135,-46.602717,,,,1,2023-06-19T02:20:15+00:00
SAO_5032-10,São Paulo,3550308,True,,1662,,,-23.6070555,-46.595108,,,,1,2023-06-19T02:20:07+00:00
SAO_253F-10,São Paulo,3550308,True,,32926,,,-23.613302,-46.4764105,,,,2,2023-06-19T02:20:21+00:00
SAO_253F-10,São Paulo,3550308,True,,32926,,,-23.5180825,-46.4756835,,,,2,2023-06-19T02:20:09+00:00
SAO_253F-10,São Paulo,3550308,True,,32926,,,-23.5178825,-46.475722000000005,,,,2,2023-06-19T02:19:44+00:00
SAO_253F-10,São Paulo,3550308,True,,32926,,,-23.613302,-46.4764105,,,,2,2023-06-19T02:20:03+00:00
SAO_253F-10,São Paulo,3550308,True,,32926,,,-23.5730545,-46.445757,,,,2,2023-06-19T02:20:10+00:00
SAO_253F-10,São Paulo,3550308,True,,32926,,,-23.5178825,-46.475722000000005,,,,2,2023-06-19T02:20:14+00:00
SAO_253F-10,São Paulo,3550308,True,,32926,,,-23.5580285,-46.445443499999996,,,,2,2023-06-19T02:20:01+00:00
SAO_253F-10,São Paulo,3550308,True,,32926,,,-23.613302,-46.4764105,,,,2,2023-06-19T02:20:13+00:00
SAO_253F-10,São Paulo,3550308,True,,32926,,,-23.613302,-46.4764105,,,,2,2023-06-19T02:20:13+00:00
SAO_6037-10,São Paulo,3550308,True,,33983,,,-23.64887075,-46.78563725,,,,2,2023-06-19T02:20:18+00:00
SAO_6037-10,São Paulo,3550308,True,,33983,,,-23.64904925,-46.78534475,,,,2,2023-06-19T02:20:06+00:00
SAO_6037-10,São Paulo,3550308,True,,33983,,,-23.64835625,-46.78649075,,,,2,2023-06-19T02:20:15+00:00
SAO_6037-10,São Paulo,3550308,True,,33983,,,-23.64904925,-46.78534475,,,,2,2023-06-19T02:20:03+00:00
SAO_6037-10,São Paulo,3550308,True,,33983,,,-23.649529,-46.707288000000005,,,,2,2023-06-19T02:20:20+00:00
SAO_6037-10,São Paulo,3550308,True,,33983,,,-23.64887075,-46.78563725,,,,2,2023-06-19T02:19:46+00:00
SAO_6037-10,São Paulo,3550308,True,,33983,,,-23.654117499999998,-46.776975,,,,2,2023-06-19T02:20:23+00:00
SAO_778R-10,São Paulo,3550308,True,EMTU,509,https://moovitapp.com/index/pt-br/transporte_p%C3%BAblico-line-509-Sao_Paulo-242-2038937-36419531-0,4.95,-23.5711155,-46.690732499999996,,,,1,2023-06-19T02:19:54+00:00
SAO_778R-10,São Paulo,3550308,True,EMTU,509,https://moovitapp.com/index/pt-br/transporte_p%C3%BAblico-line-509-Sao_Paulo-242-2038937-36419531-0,4.95,-23.569701000000002,-46.68799425,,,,1,2023-06-19T02:20:19+00:00
SAO_778R-10,São Paulo,3550308,True,EMTU,509,https://moovitapp.com/index/pt-br/transporte_p%C3%BAblico-line-509-Sao_Paulo-242-2038937-36419531-0,4.95,-23.584765500000003,-46.8090545,,,,1,2023-06-19T02:20:14+00:00
SAO_746H-10,São Paulo,3550308,True,STT,785,https://moovitapp.com/index/pt-br/transporte_p%C3%BAblico-line-785-Sao_Paulo-242-850661-183353-0,5.3,-23.633803,-46.737025,,,,1,2023-06-19T02:20:17+00:00
SAO_746H-10,São Paulo,3550308,True,STT,785,https://moovitapp.com/index/pt-br/transporte_p%C3%BAblico-line-785-Sao_Paulo-242-850661-183353-0,5.3,-23.5936725,-46.753572500000004,,,,1,2023-06-19T02:19:51+00:00
SAO_746H-10,São Paulo,3550308,True,STT,785,https://moovitapp.com/index/pt-br/transporte_p%C3%BAblico-line-785-Sao_Paulo-242-850661-183353-0,5.3,-23.5936725,-46.753572500000004,,,,1,2023-06-19T02:19:58+00:00
SAO_746H-10,São Paulo,3550308,True,STT,785,https://moovitapp.com/index/pt-br/transporte_p%C3%BAblico-line-785-Sao_Paulo-242-850661-183353-0,5.3,-23.649411999999998,-46.7066835,,,,1,2023-06-19T02:20:04+00:00
SAO_746H-10,São Paulo,3550308,True,STT,785,https://moovitapp.com/index/pt-br/transporte_p%C3%BAblico-line-785-Sao_Paulo-242-850661-183353-0,5.3,-23.59714375,-46.720192499999996,,,,1,2023-06-19T02:19:43+00:00
SAO_978T-10,São Paulo,3550308,True,,33657,,,-23.4615645,-46.69032075,,,,2,2023-06-19T02:20:12+00:00
SAO_978T-10,São Paulo,3550308,True,,33657,,,-23.5004855,-46.6928275,,,,2,2023-06-19T02:20:14+00:00
SAO_978T-10,São Paulo,3550308,True,,33657,,,-23.461289,-46.6872475,,,,2,2023-06-19T02:19:54+00:00
SAO_978T-10,São Paulo,3550308,True,,33657,,,-23.5227365,-46.701160625,,,,2,2023-06-19T02:20:01+00:00
SAO_978T-10,São Paulo,3550308,True,,33657,,,-23.461289,-46.6872475,,,,2,2023-06-19T02:19:54+00:00
SAO_978T-10,São Paulo,3550308,True,,33657,,,-23.498190625,-46.6973325,,,,2,2023-06-19T02:20:09+00:00
SAO_978T-10,São Paulo,3550308,True,,33657,,,-23.488925000000002,-46.6939945,,,,2,2023-06-19T02:20:06+00:00
SAO_5021-10,São Paulo,3550308,True,,1667,,,-23.634973875,-46.620499624999994,,,,1,2023-06-19T02:19:59+00:00
SAO_737A-10,São Paulo,3550308,True,,34498,,,-23.661774,-46.7064065,,,,2,2023-06-19T02:19:56+00:00
SAO_737A-10,São Paulo,3550308,True,,34498,,,-23.6903555,-46.7743995,,,,2,2023-06-19T02:19:52+00:00
SAO_737A-10,São Paulo,3550308,True,,34498,,,-23.6902125,-46.773815,,,,2,2023-06-19T02:20:14+00:00
SAO_737A-10,São Paulo,3550308,True,,34498,,,-23.6901525,-46.774198999999996,,,,2,2023-06-19T02:19:52+00:00
SAO_737A-10,São Paulo,3550308,True,,34498,,,-23.666430249999998,-46.720004625,,,,2,2023-06-19T02:20:21+00:00
SAO_737A-10,São Paulo,3550308,True,,34498,,,-23.67062,-46.739652500000005,,,,2,2023-06-19T02:20:19+00:00
SAO_737A-10,São Paulo,3550308,True,,34498,,,-23.6902125,-46.773815,,,,2,2023-06-19T02:19:39+00:00
SAO_737A-10,São Paulo,3550308,True,,34498,,,-23.677276499999998,-46.761189,,,,2,2023-06-19T02:18:36+00:00
SAO_4085-10,São Paulo,3550308,True,,34924,,,-23.575231000000002,-46.4283015,,,,2,2023-06-19T02:19:57+00:00
SAO_4085-10,São Paulo,3550308,True,,34924,,,-23.57041325,-46.42864425,,,,2,2023-06-19T02:13:51+00:00
SAO_4085-10,São Paulo,3550308,True,,34924,,,-23.544691750000002,-46.46327125,,,,2,2023-06-19T02:20:03+00:00
SAO_7002-10,São Paulo,3550308,True,,772,,,-23.5900615,-46.770019500000004,,,,1,2023-06-19T02:20:07+00:00
SAO_7002-10,São Paulo,3550308,True,,772,,,-23.5759585,-46.718734999999995,,,,1,2023-06-19T02:20:03+00:00
SAO_372U-10,São Paulo,3550308,True,,33784,,,-23.5641645,-46.548413,,,,2,2023-06-19T02:19:47+00:00
SAO_372U-10,São Paulo,3550308,True,,33784,,,-23.5570765,-46.53751749999999,,,,2,2023-06-19T02:20:02+00:00
SAO_372U-10,São Paulo,3550308,True,,33784,,,-23.5547285,-46.5595625,,,,2,2023-06-19T02:20:04+00:00
SAO_372U-10,São Paulo,3550308,True,,33784,,,-23.5568485,-46.537368,,,,2,2023-06-19T02:20:07+00:00
SAO_372U-10,São Paulo,3550308,True,,33784,,,-23.544244499999998,-46.57462675,,,,2,2023-06-19T02:20:05+00:00
SAO_948A-10,São Paulo,3550308,True,,34191,,,-23.4694535,-46.7135935,,,,2,2023-06-19T02:20:20+00:00
SAO_948A-10,São Paulo,3550308,True,,34191,,,-23.5078435,-46.707342499999996,,,,2,2023-06-19T02:19:50+00:00
SAO_476G-10,São Paulo,3550308,True,,1111,,,-23.60916175,-46.50945525,,,,1,2023-06-19T02:20:16+00:00
SAO_476G-10,São Paulo,3550308,True,,1111,,,-23.6143955,-46.504852,,,,1,2023-06-19T02:20:04+00:00
SAO_476G-10,São Paulo,3550308,True,,1111,,,-23.59093625,-46.58124075,,,,1,2023-06-19T02:20:03+00:00
SAO_9785-10,São Paulo,3550308,True,,33596,,,-23.528373000000002,-46.675531,,,,2,2023-06-19T02:20:19+00:00
SAO_9785-10,São Paulo,3550308,True,,33596,,,-23.46561125,-46.69959325000001,,,,2,2023-06-19T02:19:52+00:00
SAO_9785-10,São Paulo,3550308,True,,33596,,,-23.4891085,-46.688201,,,,2,2023-06-19T02:19:58+00:00
SAO_9032-10,São Paulo,3550308,True,,33648,,,-23.4747275,-46.670029,,,,2,2023-06-19T02:20:07+00:00
SAO_9032-10,São Paulo,3550308,True,,33648,,,-23.446339000000002,-46.693209499999995,,,,2,2023-06-19T02:20:20+00:00
SAO_233C-10,São Paulo,3550308,True,,32923,,,-23.535556,-46.4744185,,,,2,2023-06-19T02:19:56+00:00
SAO_233C-10,São Paulo,3550308,True,,32923,,,-23.517555125,-46.47618175,,,,2,2023-06-19T02:19:57+00:00
SAO_233C-10,São Paulo,3550308,True,,32923,,,-23.519428875000003,-46.475841124999995,,,,2,2023-06-19T02:19:50+00:00
SAO_4315-10,São Paulo,3550308,True,,34943,,,-23.5582535,-46.5229645,,,,2,2023-06-19T02:20:13+00:00
SAO_4315-10,São Paulo,3550308,True,,34943,,,-23.544684250000003,-46.593880375,,,,2,2023-06-19T02:20:12+00:00
SAO_4315-10,São Paulo,3550308,True,,34943,,,-23.5468295,-46.6303365,,,,2,2023-06-19T02:19:50+00:00
SAO_6006-10,São Paulo,3550308,True,EMTU,175,https://moovitapp.com/index/pt-br/transporte_p%C3%BAblico-line-175-Sao_Paulo-242-2038937-36419312-0,6.25,-23.6922335,-46.757836499999996,,,,1,2023-06-19T02:20:02+00:00
SAO_6006-10,São Paulo,3550308,True,EMTU,175,https://moovitapp.com/index/pt-br/transporte_p%C3%BAblico-line-175-Sao_Paulo-242-2038937-36419312-0,6.25,-23.674778,-46.747885999999994,,,,1,2023-06-19T02:19:54+00:00
SAO_6006-10,São Paulo,3550308,True,EMTU,175,https://moovitapp.com/index/pt-br/transporte_p%C3%BAblico-line-175-Sao_Paulo-242-2038937-36419312-0,6.25,-23.67667625,-46.68560975,,,,1,2023-06-19T02:19:39+00:00
SAO_6084-10,São Paulo,3550308,True,,33937,,,-23.7812805,-46.67209375,,,,2,2023-06-19T02:20:05+00:00
SAO_6084-10,São Paulo,3550308,True,,33937,,,-23.7812805,-46.67209375,,,,2,2023-06-19T02:20:08+00:00
SAO_6084-10,São Paulo,3550308,True,,33937,,,-23.7812805,-46.67209375,,,,2,2023-06-19T02:19:49+00:00
SAO_6084-10,São Paulo,3550308,True,,33937,,,-23.7804115,-46.6731975,,,,2,2023-06-19T02:20:13+00:00
SAO_6084-10,São Paulo,3550308,True,,33937,,,-23.7812805,-46.67209375,,,,2,2023-06-19T02:19:38+00:00
SAO_6084-10,São Paulo,3550308,True,,33937,,,-23.7812805,-46.67209375,,,,2,2023-06-19T02:20:08+00:00
SAO_6084-10,São Paulo,3550308,True,,33937,,,-23.7812805,-46.67209375,,,,2,2023-06-19T02:20:11+00:00
SAO_6084-10,São Paulo,3550308,True,,33937,,,-23.7812805,-46.67209375,,,,2,2023-06-19T02:19:53+00:00
SAO_6084-10,São Paulo,3550308,True,,33937,,,-23.7700055,-46.7144605,,,,2,2023-06-19T02:20:08+00:00
SAO_6084-10,São Paulo,3550308,True,,33937,,,-23.7812805,-46.67209375,,,,2,2023-06-19T02:20:16+00:00
SAO_6084-10,São Paulo,3550308,True,,33937,,,-23.7812805,-46.67209375,,,,2,2023-06-19T02:20:19+00:00
SAO_128Y-10,São Paulo,3550308,True,EMTU,843,https://moovitapp.com/index/pt-br/transporte_p%C3%BAblico-line-843-Sao_Paulo-242-2038937-36419606-0,4.1,-23.515133,-46.6971045,,,,1,2023-06-19T02:20:19+00:00
SAO_128Y-10,São Paulo,3550308,True,EMTU,843,https://moovitapp.com/index/pt-br/transporte_p%C3%BAblico-line-843-Sao_Paulo-242-2038937-36419606-0,4.1,-23.4577015,-46.6729265,,,,1,2023-06-19T02:19:56+00:00
SAO_128Y-10,São Paulo,3550308,True,EMTU,843,https://moovitapp.com/index/pt-br/transporte_p%C3%BAblico-line-843-Sao_Paulo-242-2038937-36419606-0,4.1,-23.4577015,-46.6729265,,,,1,2023-06-19T02:19:39+00:00
SAO_5105-10,São Paulo,3550308,True,,34419,,,-23.602994000000002,-46.602816000000004,,,,2,2023-06-19T02:20:19+00:00
SAO_5105-10,São Paulo,3550308,True,,34419,,,-23.5472265,-46.6288135,,,,2,2023-06-19T02:19:59+00:00
SAO_5105-10,São Paulo,3550308,True,,34419,,,-23.602994000000002,-46.602816000000004,,,,2,2023-06-19T02:20:02+00:00
SAO_5105-10,São Paulo,3550308,True,,34419,,,-23.603084250000002,-46.60265125,,,,2,2023-06-19T02:20:09+00:00
SAO_5105-10,São Paulo,3550308,True,,34419,,,-23.602994000000002,-46.602816000000004,,,,2,2023-06-19T02:19:43+00:00
SAO_5105-10,São Paulo,3550308,True,,34419,,,-23.603226749999997,-46.60239175,,,,2,2023-06-19T02:20:06+00:00
SAO_5105-10,São Paulo,3550308,True,,34419,,,-23.6034985,-46.601729000000006,,,,2,2023-06-19T02:19:46+00:00
SAO_5105-10,São Paulo,3550308,True,,34419,,,-23.5588825,-46.614905,,,,2,2023-06-19T02:20:11+00:00
SAO_5105-10,São Paulo,3550308,True,,34419,,,-23.5472265,-46.6288135,,,,2,2023-06-19T02:19:55+00:00
SAO_6505-10,São Paulo,3550308,True,,1450,,,-23.622253999999998,-46.684399,,,,1,2023-06-19T02:20:13+00:00
SAO_6505-10,São Paulo,3550308,True,,1450,,,-23.6672905,-46.727228,,,,1,2023-06-19T02:20:04+00:00
SAO_6505-10,São Paulo,3550308,True,,1450,,,-23.573410250000002,-46.6661795,,,,1,2023-06-19T02:20:14+00:00
SAO_5030-10,São Paulo,3550308,True,,34437,,,-23.6388495,-46.606239,,,,2,2023-06-19T02:20:15+00:00
SAO_5030-10,São Paulo,3550308,True,,34437,,,-23.637222,-46.595223000000004,,,,2,2023-06-19T02:19:52+00:00
SAO_2590-10,São Paulo,3550308,True,,912,,,-23.53911325,-46.6075235,,,,1,2023-06-19T02:19:57+00:00
SAO_2590-10,São Paulo,3550308,True,,912,,,-23.4829785,-46.467121,,,,1,2023-06-19T02:19:22+00:00
SAO_2590-10,São Paulo,3550308,True,,912,,,-23.499103249999997,-46.52141375,,,,1,2023-06-19T02:20:17+00:00
SAO_2590-10,São Paulo,3550308,True,,912,,,-23.546543999999997,-46.631561000000005,,,,1,2023-06-19T02:20:09+00:00
SAO_5129-10,São Paulo,3550308,True,,34049,,,-23.6801235,-46.637139000000005,,,,2,2023-06-19T02:19:49+00:00
SAO_5129-10,São Paulo,3550308,True,,34049,,,-23.684044,-46.633611,,,,2,2023-06-19T02:20:14+00:00
SAO_5129-10,São Paulo,3550308,True,,34049,,,-23.67825675,-46.6972925,,,,2,2023-06-19T02:19:43+00:00
SAO_5129-10,São Paulo,3550308,True,,34049,,,-23.64849625,-46.670482250000006,,,,2,2023-06-19T02:20:12+00:00
SAO_3064-10,São Paulo,3550308,True,,33748,,,-23.5430265,-46.4157135,,,,2,2023-06-19T02:19:52+00:00
SAO_3064-10,São Paulo,3550308,True,,33748,,,-23.6020655,-46.3985375,,,,2,2023-06-19T02:20:19+00:00
SAO_3064-10,São Paulo,3550308,True,,33748,,,-23.593098750000003,-46.40660575,,,,2,2023-06-19T02:20:09+00:00
SAO_4726-10,São Paulo,3550308,True,,1680,,,-23.563505,-46.591331499999995,,,,1,2023-06-19T02:20:15+00:00
SAO_4726-10,São Paulo,3550308,True,,1680,,,-23.545379062499997,-46.583690187500004,,,,1,2023-06-19T02:20:19+00:00
SAO_209P-10,São Paulo,3550308,True,,2216,,,-23.47120975,-46.67053275,,,,1,2023-06-19T02:20:16+00:00
SAO_209P-10,São Paulo,3550308,True,,2216,,,-23.47120975,-46.67053275,,,,1,2023-06-19T02:19:46+00:00
SAO_209P-10,São Paulo,3550308,True,,2216,,,-23.46998575,-46.670573000000005,,,,1,2023-06-19T02:20:16+00:00
SAO_209P-10,São Paulo,3550308,True,,2216,,,-23.5186295,-46.678721499999995,,,,1,2023-06-19T02:20:04+00:00
SAO_1016-10,São Paulo,3550308,True,,33599,,,-23.513872,-46.6160225,,,,2,2023-06-19T02:19:51+00:00
SAO_1016-10,São Paulo,3550308,True,,33599,,,-23.447170749999998,-46.611436999999995,,,,2,2023-06-19T02:19:55+00:00
SAO_1016-10,São Paulo,3550308,True,,33599,,,-23.513872,-46.6160225,,,,2,2023-06-19T02:19:50+00:00
SAO_1016-10,São Paulo,3550308,True,,33599,,,-23.4966195,-46.61202850000001,,,,2,2023-06-19T02:19:49+00:00
SAO_1016-10,São Paulo,3550308,True,,33599,,,-23.458708,-46.6023755,,,,2,2023-06-19T02:16:20+00:00
SAO_2765-10,São Paulo,3550308,True,,32913,,,-23.493719,-46.4931245,,,,2,2023-06-19T02:19:37+00:00
SAO_2765-10,São Paulo,3550308,True,,32913,,,-23.504846,-46.5153955,,,,2,2023-06-19T02:20:15+00:00
SAO_2765-10,São Paulo,3550308,True,,32913,,,-23.5342095,-46.567218249999996,,,,2,2023-06-19T02:18:59+00:00
SAO_2765-10,São Paulo,3550308,True,,32913,,,-23.5106915,-46.540371,,,,2,2023-06-19T02:19:50+00:00
SAO_8007-10,São Paulo,3550308,True,,1257,,,-23.4754055,-46.7569235,,,,1,2023-06-19T02:20:08+00:00
SAO_8007-10,São Paulo,3550308,True,,1257,,,-23.4794515,-46.7407405,,,,1,2023-06-19T02:20:06+00:00
SAO_2730-10,São Paulo,3550308,True,Urubupungá,945,https://moovitapp.com/index/pt-br/transporte_p%C3%BAblico-line-945-Sao_Paulo-242-873835-75841138-0,4.6,-23.540062499999998,-46.482594375,,,,1,2023-06-19T02:19:58+00:00
SAO_2730-10,São Paulo,3550308,True,Urubupungá,945,https://moovitapp.com/index/pt-br/transporte_p%C3%BAblico-line-945-Sao_Paulo-242-873835-75841138-0,4.6,-23.511126,-46.462127499999994,,,,1,2023-06-19T02:19:43+00:00
SAO_1709-10,São Paulo,3550308,True,,33619,,,-23.44072075,-46.581562000000005,,,,2,2023-06-19T02:19:50+00:00
SAO_1709-10,São Paulo,3550308,True,,33619,,,-23.479985,-46.603936000000004,,,,2,2023-06-19T02:20:10+00:00
SAO_1709-10,São Paulo,3550308,True,,33619,,,-23.44072075,-46.581562000000005,,,,2,2023-06-19T02:19:38+00:00
SAO_1709-10,São Paulo,3550308,True,,33619,,,-23.4387035,-46.585224999999994,,,,2,2023-06-19T02:19:33+00:00
SAO_1709-10,São Paulo,3550308,True,,33619,,,-23.4410095,-46.581755,,,,2,2023-06-19T02:19:47+00:00
SAO_1709-10,São Paulo,3550308,True,,33619,,,-23.476375500000003,-46.6039095,,,,2,2023-06-19T02:16:08+00:00
SAO_1709-10,São Paulo,3550308,True,,33619,,,-23.479985,-46.603936000000004,,,,2,2023-06-19T02:20:22+00:00
SAO_8050-10,São Paulo,3550308,True,,412,,,-23.508106375,-46.742715125000004,,,,1,2023-06-19T02:20:15+00:00
SAO_6052-10,São Paulo,3550308,True,,33912,,,-23.775509999999997,-46.691679,,,,2,2023-06-19T02:20:18+00:00
SAO_6052-10,São Paulo,3550308,True,,33912,,,-23.775509999999997,-46.691679,,,,2,2023-06-19T02:20:01+00:00
SAO_6052-10,São Paulo,3550308,True,,33912,,,-23.775509999999997,-46.691679,,,,2,2023-06-19T02:20:02+00:00
SAO_6052-10,São Paulo,3550308,True,,33912,,,-23.773065000000003,-46.689139499999996,,,,2,2023-06-19T02:19:48+00:00
SAO_6052-10,São Paulo,3550308,True,,33912,,,-23.775509999999997,-46.691679,,,,2,2023-06-19T02:20:13+00:00
SAO_6052-10,São Paulo,3550308,True,,33912,,,-23.775509999999997,-46.691679,,,,2,2023-06-19T02:19:42+00:00
SAO_5759-10,São Paulo,3550308,True,,1138,,,-23.641147500000002,-46.6437115,,,,1,2023-06-19T02:20:04+00:00
SAO_5759-10,São Paulo,3550308,True,,1138,,,-23.67232675,-46.661699,,,,1,2023-06-19T02:19:40+00:00
SAO_5759-10,São Paulo,3550308,True,,1138,,,-23.6929535,-46.6450975,,,,1,2023-06-19T02:20:15+00:00
SAO_2735-10,São Paulo,3550308,True,,1921,,,-23.502107375,-46.534354625,,,,1,2023-06-19T02:20:12+00:00
SAO_2735-10,São Paulo,3550308,True,,1921,,,-23.480578,-46.494646,,,,1,2023-06-19T02:20:05+00:00
SAO_574J-10,São Paulo,3550308,True,,1685,,,-23.630018999999997,-46.646617,,,,1,2023-06-19T02:19:55+00:00
SAO_574J-10,São Paulo,3550308,True,,1685,,,-23.58023125,-46.582486749999994,,,,1,2023-06-19T02:20:15+00:00
SAO_574J-10,São Paulo,3550308,True,,1685,,,-23.600608125,-46.60165125,,,,1,2023-06-19T02:19:42+00:00
SAO_6L01-10,São Paulo,3550308,True,,33939,,,-23.90679,-46.708217000000005,,,,2,2023-06-19T02:20:10+00:00
SAO_6L01-10,São Paulo,3550308,True,,33939,,,-23.90679,-46.708217000000005,,,,2,2023-06-19T02:19:50+00:00
SAO_6L01-10,São Paulo,3550308,True,,33939,,,-23.90679,-46.708217000000005,,,,2,2023-06-19T02:20:15+00:00
SAO_6L01-10,São Paulo,3550308,True,,33939,,,-23.7667025,-46.7163285,,,,2,2023-06-19T02:20:16+00:00
SAO_6L01-10,São Paulo,3550308,True,,33939,,,-23.897395000000003,-46.731539,,,,2,2023-06-19T02:20:17+00:00
SAO_6L01-10,São Paulo,3550308,True,,33939,,,-23.90679,-46.708217000000005,,,,2,2023-06-19T02:19:39+00:00
SAO_6L01-10,São Paulo,3550308,True,,33939,,,-23.808731,-46.736993749999996,,,,2,2023-06-19T02:20:23+00:00
SAO_6L01-10,São Paulo,3550308,True,,33939,,,-23.90679,-46.708217000000005,,,,2,2023-06-19T02:19:52+00:00
SAO_6110-10,São Paulo,3550308,True,,1184,,,-23.757465,-46.7053555,,,,1,2023-06-19T02:19:43+00:00
SAO_6110-10,São Paulo,3550308,True,,1184,,,-23.675941,-46.679137499999996,,,,1,2023-06-19T02:20:22+00:00
SAO_6110-10,São Paulo,3550308,True,,1184,,,-23.718954250000003,-46.7039225,,,,1,2023-06-19T02:20:05+00:00
SAO_4314-21,São Paulo,3550308,True,,35260,,,-23.562500375,-46.419210125000006,,,,2,2023-06-19T02:19:50+00:00
SAO_4314-21,São Paulo,3550308,True,,35260,,,-23.57374,-46.398475000000005,,,,2,2023-06-19T02:20:19+00:00
SAO_4314-21,São Paulo,3550308,True,,35260,,,-23.558422999999998,-46.5229205,,,,2,2023-06-19T02:20:14+00:00
SAO_4314-21,São Paulo,3550308,True,,35260,,,-23.573843,-46.398298,,,,2,2023-06-19T02:20:13+00:00
SAO_1767-10,São Paulo,3550308,True,,33396,,,-23.4736435,-46.565765999999996,,,,2,2023-06-19T02:19:53+00:00
SAO_1767-10,São Paulo,3550308,True,,33396,,,-23.4735285,-46.5655225,,,,2,2023-06-19T02:19:51+00:00
SAO_172R-10,São Paulo,3550308,True,,33627,,,-23.466649875,-46.583931375000006,,,,2,2023-06-19T02:19:42+00:00
SAO_172R-10,São Paulo,3550308,True,,33627,,,-23.5017635,-46.576246,,,,2,2023-06-19T02:17:25+00:00
SAO_172R-10,São Paulo,3550308,True,,33627,,,-23.465638499999997,-46.583501999999996,,,,2,2023-06-19T02:19:44+00:00
SAO_172R-10,São Paulo,3550308,True,,33627,,,-23.48940375,-46.57123325,,,,2,2023-06-19T02:20:13+00:00
SAO_172R-10,São Paulo,3550308,True,,33627,,,-23.475098125000002,-46.57489725,,,,2,2023-06-19T02:20:12+00:00
SAO_4002-10,São Paulo,3550308,True,,34945,,,-23.558149,-46.399587499999996,,,,2,2023-06-19T02:19:51+00:00
SAO_4002-10,São Paulo,3550308,True,,34945,,,-23.5577225,-46.399697,,,,2,2023-06-19T02:19:42+00:00
SAO_4002-10,São Paulo,3550308,True,,34945,,,-23.574072,-46.50512525,,,,2,2023-06-19T02:19:55+00:00
SAO_4002-10,São Paulo,3550308,True,,34945,,,-23.565126,-46.467536499999994,,,,2,2023-06-19T02:19:41+00:00
SAO_573T-10,São Paulo,3550308,True,,34400,,,-23.614496,-46.500415000000004,,,,2,2023-06-19T02:20:14+00:00
SAO_573T-10,São Paulo,3550308,True,,34400,,,-23.562568499999998,-46.515933000000004,,,,2,2023-06-19T02:19:40+00:00
SAO_573T-10,São Paulo,3550308,True,,34400,,,-23.614441499999998,-46.500118,,,,2,2023-06-19T02:20:20+00:00
SAO_573T-10,São Paulo,3550308,True,,34400,,,-23.6033555,-46.4893835,,,,2,2023-06-19T02:20:04+00:00
SAO_9784-10,São Paulo,3550308,True,,33595,,,-23.4509365,-46.683104125,,,,2,2023-06-19T02:19:45+00:00
SAO_9784-10,São Paulo,3550308,True,,33595,,,-23.4507675,-46.683319374999996,,,,2,2023-06-19T02:20:13+00:00
SAO_9784-10,São Paulo,3550308,True,,33595,,,-23.488124,-46.652035999999995,,,,2,2023-06-19T02:20:19+00:00
SAO_9784-10,São Paulo,3550308,True,,33595,,,-23.450547,-46.6835995,,,,2,2023-06-19T02:19:54+00:00
SAO_6L10-41,São Paulo,3550308,True,,2005,,,-23.7675415,-46.716446000000005,,,,1,2023-06-19T02:19:56+00:00
SAO_748A-10,São Paulo,3550308,True,EMTU,498,https://moovitapp.com/index/pt-br/transporte_p%C3%BAblico-line-498-Sao_Paulo-242-2038937-36419523-0,5.4,-23.5760475,-46.764449,,,,1,2023-06-19T02:20:20+00:00
SAO_748A-10,São Paulo,3550308,True,EMTU,498,https://moovitapp.com/index/pt-br/transporte_p%C3%BAblico-line-498-Sao_Paulo-242-2038937-36419523-0,5.4,-23.5723415,-46.777902749999996,,,,1,2023-06-19T02:20:11+00:00
SAO_2727-10,São Paulo,3550308,True,,33710,,,-23.521929,-46.4574135,,,,2,2023-06-19T02:20:21+00:00
SAO_2727-10,São Paulo,3550308,True,,33710,,,-23.52475925,-46.4624565,,,,2,2023-06-19T02:19:53+00:00
SAO_2727-10,São Paulo,3550308,True,,33710,,,-23.539938499999998,-46.482815,,,,2,2023-06-19T02:19:43+00:00
SAO_6043-10,São Paulo,3550308,True,,33988,,,-23.6520225,-46.73388525,,,,2,2023-06-19T02:20:14+00:00
SAO_6043-10,São Paulo,3550308,True,,33988,,,-23.65985575,-46.754189,,,,2,2023-06-19T02:20:18+00:00
SAO_5034-31,São Paulo,3550308,True,,1664,,,-23.602728999999997,-46.602790999999996,,,,1,2023-06-19T02:19:44+00:00
SAO_5034-31,São Paulo,3550308,True,,1664,,,-23.602796499999997,-46.603177,,,,1,2023-06-19T02:20:06+00:00
SAO_5038-10,São Paulo,3550308,True,,1661,,,-23.651016,-46.6143215,,,,1,2023-06-19T02:19:58+00:00
SAO_5038-10,São Paulo,3550308,True,,1661,,,-23.651016,-46.6143215,,,,1,2023-06-19T02:19:22+00:00
SAO_5038-10,São Paulo,3550308,True,,1661,,,-23.6028795,-46.601814000000005,,,,1,2023-06-19T02:19:36+00:00
SAO_2522-10,São Paulo,3550308,True,,32908,,,-23.516617500000002,-46.4262835,,,,2,2023-06-19T02:19:43+00:00
SAO_2735-10,São Paulo,3550308,True,,34689,,,-23.509299,-46.5483055,,,,2,2023-06-19T02:18:27+00:00
SAO_2735-10,São Paulo,3550308,True,,34689,,,-23.4892595,-46.508381,,,,2,2023-06-19T02:14:14+00:00
SAO_2735-10,São Paulo,3550308,True,,34689,,,-23.481342,-46.49426675,,,,2,2023-06-19T02:20:09+00:00
SAO_2735-10,São Paulo,3550308,True,,34689,,,-23.480837,-46.494515,,,,2,2023-06-19T02:20:15+00:00
SAO_675M-10,São Paulo,3550308,True,,32876,,,-23.6416405,-46.655144,,,,2,2023-06-19T02:19:41+00:00
SAO_675M-10,São Paulo,3550308,True,,32876,,,-23.71280375,-46.689444,,,,2,2023-06-19T02:20:19+00:00
SAO_675M-10,São Paulo,3550308,True,,32876,,,-23.691897375000003,-46.685466625000004,,,,2,2023-06-19T02:20:04+00:00
SAO_675M-10,São Paulo,3550308,True,,32876,,,-23.720968,-46.6765125,,,,2,2023-06-19T02:19:43+00:00
SAO_172N-10,São Paulo,3550308,True,,33432,,,-23.515946749999998,-46.61641775,,,,2,2023-06-19T02:19:53+00:00
SAO_172N-10,São Paulo,3550308,True,,33432,,,-23.515946749999998,-46.61641775,,,,2,2023-06-19T02:19:50+00:00
SAO_172N-10,São Paulo,3550308,True,,33432,,,-23.529298,-46.598245000000006,,,,2,2023-06-19T02:19:12+00:00
SAO_6358-10,São Paulo,3550308,True,,1294,,,-23.661416000000003,-46.662572499999996,,,,1,2023-06-19T02:19:37+00:00
SAO_6358-10,São Paulo,3550308,True,,1294,,,-23.6888795,-46.6381435,,,,1,2023-06-19T02:19:43+00:00
SAO_6358-10,São Paulo,3550308,True,,1294,,,-23.550034,-46.642821,,,,1,2023-06-19T02:20:09+00:00
SAO_6358-10,São Paulo,3550308,True,,1294,,,-23.61886525,-46.676509874999994,,,,1,2023-06-19T02:19:51+00:00
SAO_1726-10,São Paulo,3550308,True,,1403,,,-23.4359105,-46.566243,,,,1,2023-06-19T02:20:15+00:00
SAO_1726-10,São Paulo,3550308,True,,1403,,,-23.4629465,-46.6033065,,,,1,2023-06-19T02:20:18+00:00
SAO_1726-10,São Paulo,3550308,True,,1403,,,-23.481448,-46.612571,,,,1,2023-06-19T02:20:08+00:00
SAO_1726-10,São Paulo,3550308,True,,1403,,,-23.4359105,-46.566243,,,,1,2023-06-19T02:19:55+00:00
SAO_314J-10,São Paulo,3550308,True,Cidade de Caieiras,310,https://moovitapp.com/index/pt-br/transporte_p%C3%BAblico-line-310-Sao_Paulo-242-868761-496418-0,5.0,-23.6141705,-46.51755300000001,,,,1,2023-06-19T02:15:08+00:00
SAO_314J-10,São Paulo,3550308,True,Cidade de Caieiras,310,https://moovitapp.com/index/pt-br/transporte_p%C3%BAblico-line-310-Sao_Paulo-242-868761-496418-0,5.0,-23.6141705,-46.51755300000001,,,,1,2023-06-19T02:20:06+00:00
SAO_314J-10,São Paulo,3550308,True,Cidade de Caieiras,310,https://moovitapp.com/index/pt-br/transporte_p%C3%BAblico-line-310-Sao_Paulo-242-868761-496418-0,5.0,-23.581855249999997,-46.5914535,,,,1,2023-06-19T02:19:53+00:00
SAO_314J-10,São Paulo,3550308,True,Cidade de Caieiras,310,https://moovitapp.com/index/pt-br/transporte_p%C3%BAblico-line-310-Sao_Paulo-242-868761-496418-0,5.0,-23.557054,-46.6333785,,,,1,2023-06-19T02:19:55+00:00
SAO_5145-10,São Paulo,3550308,True,,34409,,,-23.574137999999998,-46.5684245,,,,2,2023-06-19T02:19:45+00:00
SAO_1743-10,São Paulo,3550308,True,,33311,,,-23.50798675,-46.624788499999994,,,,2,2023-06-19T02:19:47+00:00
SAO_1743-10,São Paulo,3550308,True,,33311,,,-23.464143749999998,-46.66763475,,,,2,2023-06-19T02:20:05+00:00
SAO_9032-10,São Paulo,3550308,True,STT,880,https://moovitapp.com/index/pt-br/transporte_p%C3%BAblico-line-880-Sao_Paulo-242-850661-183362-0,5.3,-23.459582750000003,-46.68836775,,,,1,2023-06-19T02:19:48+00:00
SAO_9032-10,São Paulo,3550308,True,STT,880,https://moovitapp.com/index/pt-br/transporte_p%C3%BAblico-line-880-Sao_Paulo-242-850661-183362-0,5.3,-23.4462385,-46.692054,,,,1,2023-06-19T02:20:04+00:00
SAO_9032-10,São Paulo,3550308,True,STT,880,https://moovitapp.com/index/pt-br/transporte_p%C3%BAblico-line-880-Sao_Paulo-242-850661-183362-0,5.3,-23.446264499999998,-46.692169,,,,1,2023-06-19T02:20:07+00:00
SAO_938C-21,São Paulo,3550308,True,,33355,,,-23.44866375,-46.71702125,,,,2,2023-06-19T02:20:01+00:00
SAO_938C-21,São Paulo,3550308,True,,33355,,,-23.5207145,-46.700672499999996,,,,2,2023-06-19T02:19:53+00:00
SAO_938C-21,São Paulo,3550308,True,,33355,,,-23.444175,-46.7138765,,,,2,2023-06-19T02:19:38+00:00
SAO_6008-10,São Paulo,3550308,True,,33968,,,-23.6850345,-46.745012,,,,2,2023-06-19T02:20:05+00:00
SAO_6008-10,São Paulo,3550308,True,,33968,,,-23.68727,-46.7629345,,,,2,2023-06-19T02:19:49+00:00
SAO_6008-10,São Paulo,3550308,True,,33968,,,-23.68727,-46.7629345,,,,2,2023-06-19T02:20:05+00:00
SAO_6008-10,São Paulo,3550308,True,,33968,,,-23.68727,-46.7629345,,,,2,2023-06-19T02:20:07+00:00
SAO_407R-10,São Paulo,3550308,True,,34969,,,-23.554630500000002,-46.577068499999996,,,,2,2023-06-19T02:19:37+00:00
SAO_407R-10,São Paulo,3550308,True,,34969,,,-23.558199000000002,-46.522121,,,,2,2023-06-19T02:20:15+00:00
SAO_407R-10,São Paulo,3550308,True,,34969,,,-23.5577635,-46.522865499999995,,,,2,2023-06-19T02:20:12+00:00
SAO_5110-10,São Paulo,3550308,True,,2209,,,-23.5883245,-46.594421,,,,1,2023-06-19T02:19:58+00:00
SAO_5110-10,São Paulo,3550308,True,,2209,,,-23.6141145,-46.476496999999995,,,,1,2023-06-19T02:19:39+00:00
SAO_5110-10,São Paulo,3550308,True,,2209,,,-23.6141145,-46.476496999999995,,,,1,2023-06-19T02:20:21+00:00
SAO_5110-10,São Paulo,3550308,True,,2209,,,-23.612582,-46.479593,,,,1,2023-06-19T02:20:16+00:00
SAO_5110-10,São Paulo,3550308,True,,2209,,,-23.599715,-46.5286805,,,,1,2023-06-19T02:20:16+00:00
SAO_5110-10,São Paulo,3550308,True,,2209,,,-23.612797,-46.4760315,,,,1,2023-06-19T02:19:40+00:00
SAO_2727-10,São Paulo,3550308,True,,942,,,-23.540153,-46.483096,,,,1,2023-06-19T02:20:02+00:00
SAO_2727-10,São Paulo,3550308,True,,942,,,-23.536870999999998,-46.4703665,,,,1,2023-06-19T02:19:58+00:00
SAO_2727-10,São Paulo,3550308,True,,942,,,-23.540153,-46.483096,,,,1,2023-06-19T02:20:21+00:00
SAO_2727-10,São Paulo,3550308,True,,942,,,-23.540153,-46.483096,,,,1,2023-06-19T02:20:09+00:00
SAO_2727-10,São Paulo,3550308,True,,942,,,-23.540153,-46.483096,,,,1,2023-06-19T02:20:21+00:00
SAO_2727-10,São Paulo,3550308,True,,942,,,-23.540153,-46.483096,,,,1,2023-06-19T02:20:10+00:00
SAO_2727-10,São Paulo,3550308,True,,942,,,-23.540153,-46.483096,,,,1,2023-06-19T02:19:55+00:00
SAO_2727-10,São Paulo,3550308,True,,942,,,-23.540153,-46.483096,,,,1,2023-06-19T02:20:10+00:00
SAO_2727-10,São Paulo,3550308,True,,942,,,-23.540153,-46.483096,,,,1,2023-06-19T02:20:08+00:00
SAO_2727-10,São Paulo,3550308,True,,942,,,-23.540153,-46.483096,,,,1,2023-06-19T02:20:03+00:00
SAO_675R-10,São Paulo,3550308,True,,109,,,-23.646357000000002,-46.639497500000004,,,,1,2023-06-19T02:19:38+00:00
SAO_675R-10,São Paulo,3550308,True,,109,,,-23.6851195,-46.692526,,,,1,2023-06-19T02:20:16+00:00
SAO_4006-10,São Paulo,3550308,True,,34948,,,-23.610859750000003,-46.4343145,,,,2,2023-06-19T02:17:19+00:00
SAO_6037-10,São Paulo,3550308,True,,1215,,,-23.649607000000003,-46.707680499999995,,,,1,2023-06-19T02:19:53+00:00
SAO_6037-10,São Paulo,3550308,True,,1215,,,-23.6493575,-46.7848365,,,,1,2023-06-19T02:19:42+00:00
SAO_6037-10,São Paulo,3550308,True,,1215,,,-23.6493575,-46.7848365,,,,1,2023-06-19T02:20:08+00:00
SAO_6037-10,São Paulo,3550308,True,,1215,,,-23.656190000000002,-46.776433,,,,1,2023-06-19T02:19:56+00:00
SAO_509M-10,São Paulo,3550308,True,,34045,,,-23.548479999999998,-46.638989499999994,,,,2,2023-06-19T02:20:16+00:00
SAO_509M-10,São Paulo,3550308,True,,34045,,,-23.608076625000002,-46.666523624999996,,,,2,2023-06-19T02:19:58+00:00
SAO_509M-10,São Paulo,3550308,True,,34045,,,-23.679968000000002,-46.636858000000004,,,,2,2023-06-19T02:20:00+00:00
SAO_3763-10,São Paulo,3550308,True,,1054,,,-23.558262,-46.522529000000006,,,,1,2023-06-19T02:20:12+00:00
SAO_3763-10,São Paulo,3550308,True,,1054,,,-23.560679,-46.552876499999996,,,,1,2023-06-19T02:19:59+00:00
SAO_3763-10,São Paulo,3550308,True,,1054,,,-23.557735,-46.5230065,,,,1,2023-06-19T02:20:19+00:00
SAO_3763-10,São Paulo,3550308,True,,1054,,,-23.54132,-46.57769475,,,,1,2023-06-19T02:19:43+00:00
SAO_3763-10,São Paulo,3550308,True,,1054,,,-23.557735,-46.5230065,,,,1,2023-06-19T02:20:19+00:00
SAO_3763-10,São Paulo,3550308,True,,1054,,,-23.546097312500002,-46.557713500000006,,,,1,2023-06-19T02:19:56+00:00
SAO_3763-10,São Paulo,3550308,True,,1054,,,-23.5577635,-46.522865499999995,,,,1,2023-06-19T02:19:49+00:00
SAO_2769-10,São Paulo,3550308,True,,397,,,-23.539696499999998,-46.575877500000004,,,,1,2023-06-19T02:20:07+00:00
SAO_2769-10,São Paulo,3550308,True,,397,,,-23.4818615,-46.379605999999995,,,,1,2023-06-19T02:20:13+00:00
SAO_2769-10,São Paulo,3550308,True,,397,,,-23.4912585,-46.4461335,,,,1,2023-06-19T02:20:18+00:00
SAO_1015-10,São Paulo,3550308,True,,2230,,,-23.417168,-46.805597500000005,,,,1,2023-06-19T02:20:18+00:00
SAO_8027-10,São Paulo,3550308,True,,34930,,,-23.568452999999998,-46.765302,,,,2,2023-06-19T02:20:23+00:00
SAO_8027-10,São Paulo,3550308,True,,34930,,,-23.568452999999998,-46.765302,,,,2,2023-06-19T02:19:54+00:00
SAO_4210-10,São Paulo,3550308,True,,34938,,,-23.536765000000003,-46.589805,,,,2,2023-06-19T02:20:18+00:00
SAO_4210-10,São Paulo,3550308,True,,34938,,,-23.5931265,-46.46828,,,,2,2023-06-19T02:19:56+00:00
SAO_4210-10,São Paulo,3550308,True,,34938,,,-23.595259499999997,-46.430742499999994,,,,2,2023-06-19T02:20:01+00:00
SAO_4210-10,São Paulo,3550308,True,,34938,,,-23.5466925,-46.623303625000005,,,,2,2023-06-19T02:20:01+00:00
SAO_4210-10,São Paulo,3550308,True,,34938,,,-23.59294575,-46.47274125,,,,2,2023-06-19T02:19:48+00:00
SAO_4210-10,São Paulo,3550308,True,,34938,,,-23.583284,-46.4074105,,,,2,2023-06-19T02:19:46+00:00
SAO_4210-10,São Paulo,3550308,True,,34938,,,-23.583091000000003,-46.4080965,,,,2,2023-06-19T02:20:19+00:00
SAO_677Y-10,São Paulo,3550308,True,,34008,,,-23.6939725,-46.7947725,,,,2,2023-06-19T02:20:01+00:00
SAO_677Y-10,São Paulo,3550308,True,,34008,,,-23.6935165,-46.797576500000005,,,,2,2023-06-19T02:19:51+00:00
SAO_677Y-10,São Paulo,3550308,True,,34008,,,-23.676624500000003,-46.7926545,,,,2,2023-06-19T02:19:38+00:00
SAO_3738-10,São Paulo,3550308,True,,33806,,,-23.54692825,-46.446954500000004,,,,2,2023-06-19T02:20:11+00:00
SAO_3738-10,São Paulo,3550308,True,,33806,,,-23.5638605,-46.4166465,,,,2,2023-06-19T02:20:07+00:00
SAO_3738-10,São Paulo,3550308,True,,33806,,,-23.5629515,-46.3946025,,,,2,2023-06-19T02:20:21+00:00
SAO_3738-10,São Paulo,3550308,True,,33806,,,-23.5629515,-46.3946025,,,,2,2023-06-19T02:19:38+00:00
SAO_3738-10,São Paulo,3550308,True,,33806,,,-23.5629515,-46.3946025,,,,2,2023-06-19T02:19:50+00:00
SAO_4312-21,São Paulo,3550308,True,,35259,,,-23.56025375,-46.490427000000004,,,,2,2023-06-19T02:17:05+00:00
SAO_4312-21,São Paulo,3550308,True,,35259,,,-23.543466375,-46.590280875,,,,2,2023-06-19T02:19:51+00:00
SAO_4312-21,São Paulo,3550308,True,,35259,,,-23.570552125,-46.489686875,,,,2,2023-06-19T02:20:10+00:00
SAO_2721-10,São Paulo,3550308,True,,934,,,-23.5346675,-46.454396,,,,1,2023-06-19T02:20:04+00:00
SAO_2721-10,São Paulo,3550308,True,,934,,,-23.493579750000002,-46.44058475,,,,1,2023-06-19T02:19:56+00:00
SAO_2721-10,São Paulo,3550308,True,,934,,,-23.5193225,-46.409525,,,,1,2023-06-19T02:19:52+00:00
SAO_5119-10,São Paulo,3550308,True,,32769,,,-23.551664000000002,-46.6372965,,,,2,2023-06-19T02:20:00+00:00
SAO_5119-10,São Paulo,3550308,True,,32769,,,-23.57163975,-46.653099749999996,,,,2,2023-06-19T02:20:22+00:00
SAO_5119-10,São Paulo,3550308,True,,32769,,,-23.551664000000002,-46.6372965,,,,2,2023-06-19T02:19:54+00:00
SAO_5119-10,São Paulo,3550308,True,,32769,,,-23.598654500000002,-46.72051999999999,,,,2,2023-06-19T02:20:11+00:00
SAO_5119-10,São Paulo,3550308,True,,32769,,,-23.561877000000003,-46.6445855,,,,2,2023-06-19T02:19:40+00:00
SAO_5119-10,São Paulo,3550308,True,,32769,,,-23.654501,-46.76131049999999,,,,2,2023-06-19T02:20:14+00:00
SAO_514T-10,São Paulo,3550308,True,,1671,,,-23.5963095,-46.515056,,,,1,2023-06-19T02:19:44+00:00
SAO_514T-10,São Paulo,3550308,True,,1671,,,-23.5863385,-46.542761999999996,,,,1,2023-06-19T02:19:56+00:00
SAO_514T-10,São Paulo,3550308,True,,1671,,,-23.580523999999997,-46.60801825,,,,1,2023-06-19T02:19:50+00:00
SAO_273R-10,São Paulo,3550308,True,,32994,,,-23.522662999999998,-46.41263875,,,,2,2023-06-19T02:20:02+00:00
SAO_273R-10,São Paulo,3550308,True,,32994,,,-23.505461750000002,-46.43413525,,,,2,2023-06-19T02:19:40+00:00
SAO_273R-10,São Paulo,3550308,True,,32994,,,-23.52228,-46.4125755,,,,2,2023-06-19T02:20:15+00:00
SAO_273R-10,São Paulo,3550308,True,,32994,,,-23.52228,-46.4125755,,,,2,2023-06-19T02:20:10+00:00
SAO_6062-10,São Paulo,3550308,True,,33919,,,-23.729626500000002,-46.688680000000005,,,,2,2023-06-19T02:20:15+00:00
SAO_1765-10,São Paulo,3550308,True,,34550,,,-23.467172,-46.56877125,,,,2,2023-06-19T02:20:07+00:00
SAO_1765-10,São Paulo,3550308,True,,34550,,,-23.480383,-46.602609,,,,2,2023-06-19T02:20:11+00:00
SAO_8542-21,São Paulo,3550308,True,,34129,,,-23.5005185,-46.68631524999999,,,,2,2023-06-19T02:20:02+00:00
SAO_8542-21,São Paulo,3550308,True,,34129,,,-23.4726725,-46.7013925,,,,2,2023-06-19T02:20:09+00:00
SAO_8542-21,São Paulo,3550308,True,,34129,,,-23.4726875,-46.7023155,,,,2,2023-06-19T02:19:55+00:00
SAO_8542-21,São Paulo,3550308,True,,34129,,,-23.4726875,-46.7023155,,,,2,2023-06-19T02:20:12+00:00
SAO_6970-10,São Paulo,3550308,True,,34273,,,-23.737090000000002,-46.697100000000006,,,,2,2023-06-19T02:20:07+00:00
SAO_6970-10,São Paulo,3550308,True,,34273,,,-23.654218999999998,-46.709126,,,,2,2023-06-19T02:20:17+00:00
SAO_7545-10,São Paulo,3550308,True,,504,,,-23.548194625,-46.649595375000004,,,,1,2023-06-19T02:20:14+00:00
SAO_7545-10,São Paulo,3550308,True,,504,,,-23.5730805,-46.705319,,,,1,2023-06-19T02:20:10+00:00
SAO_3004-10,São Paulo,3550308,True,,1798,,,-23.4787225,-46.4204685,,,,1,2023-06-19T02:20:15+00:00
SAO_2005-10,São Paulo,3550308,True,,893,,,-23.494543999999998,-46.438418999999996,,,,1,2023-06-19T02:20:01+00:00
SAO_2005-10,São Paulo,3550308,True,,893,,,-23.4821505,-46.380435000000006,,,,1,2023-06-19T02:20:10+00:00
SAO_2005-10,São Paulo,3550308,True,,893,,,-23.481623749999997,-46.37878275,,,,1,2023-06-19T02:19:38+00:00
SAO_6960-10,São Paulo,3550308,True,,34211,,,-23.701024250000003,-46.71515425,,,,2,2023-06-19T02:19:12+00:00
SAO_6960-10,São Paulo,3550308,True,,34211,,,-23.661628,-46.7066085,,,,2,2023-06-19T02:20:09+00:00
SAO_6960-10,São Paulo,3550308,True,,34211,,,-23.6543295,-46.7121355,,,,2,2023-06-19T02:15:40+00:00
SAO_6960-10,São Paulo,3550308,True,,34211,,,-23.6543295,-46.7121355,,,,2,2023-06-19T02:20:04+00:00
SAO_695Y-10,São Paulo,3550308,True,,1198,,,-23.674176000000003,-46.686068500000005,,,,1,2023-06-19T02:20:11+00:00
SAO_695Y-10,São Paulo,3550308,True,,1198,,,-23.8283035,-46.727239999999995,,,,1,2023-06-19T02:20:11+00:00
SAO_695Y-10,São Paulo,3550308,True,,1198,,,-23.609362187499997,-46.667527125,,,,1,2023-06-19T02:20:11+00:00
SAO_695Y-10,São Paulo,3550308,True,,1198,,,-23.69789625,-46.700514999999996,,,,1,2023-06-19T02:20:05+00:00
SAO_695Y-10,São Paulo,3550308,True,,1198,,,-23.780343000000002,-46.7248545,,,,1,2023-06-19T02:15:02+00:00
SAO_695Y-10,São Paulo,3550308,True,,1198,,,-23.658659,-46.69838,,,,1,2023-06-19T02:19:37+00:00
SAO_695Y-10,São Paulo,3550308,True,,1198,,,-23.8283035,-46.727239999999995,,,,1,2023-06-19T02:20:15+00:00
SAO_4284-10,São Paulo,3550308,True,EMTU,289,https://moovitapp.com/index/pt-br/transporte_p%C3%BAblico-line-289-Sao_Paulo-242-2038937-36419390-0,5.1,-23.608691,-46.555031,,,,1,2023-06-19T02:20:21+00:00
SAO_6L11-10,São Paulo,3550308,True,,33935,,,-23.77324025,-46.646631,,,,2,2023-06-19T02:20:07+00:00
SAO_6L11-10,São Paulo,3550308,True,,33935,,,-23.75947875,-46.65952875,,,,2,2023-06-19T02:19:46+00:00
SAO_6L11-10,São Paulo,3550308,True,,33935,,,-23.8015465,-46.6276715,,,,2,2023-06-19T02:19:59+00:00
SAO_8700-10,São Paulo,3550308,True,,1877,,,-23.602119000000002,-46.7437865,,,,1,2023-06-19T02:20:18+00:00
SAO_8700-10,São Paulo,3550308,True,,1877,,,-23.57231325,-46.701117499999995,,,,1,2023-06-19T02:20:02+00:00
SAO_8700-10,São Paulo,3550308,True,,1877,,,-23.62714275,-46.766670250000004,,,,1,2023-06-19T02:20:19+00:00
SAO_8700-10,São Paulo,3550308,True,,1877,,,-23.6304685,-46.773606,,,,1,2023-06-19T02:19:47+00:00
SAO_8700-10,São Paulo,3550308,True,,1877,,,-23.571467875,-46.694129625,,,,1,2023-06-19T02:20:02+00:00
SAO_8700-10,São Paulo,3550308,True,,1877,,,-23.62733425,-46.76683075,,,,1,2023-06-19T02:20:23+00:00
SAO_7017-10,São Paulo,3550308,True,,2502,,,-23.668242,-46.7355055,,,,1,2023-06-19T02:19:58+00:00
SAO_7017-10,São Paulo,3550308,True,,2502,,,-23.692583,-46.786894000000004,,,,1,2023-06-19T02:20:00+00:00
SAO_857A-10,São Paulo,3550308,True,,1925,,,-23.59849425,-46.63818525,,,,1,2023-06-19T02:19:40+00:00
SAO_857A-10,São Paulo,3550308,True,,1925,,,-23.5750915,-46.7068975,,,,1,2023-06-19T02:20:12+00:00
SAO_736G-10,São Paulo,3550308,True,,780,,,-23.618531,-46.699355,,,,1,2023-06-19T02:19:49+00:00
SAO_736G-10,São Paulo,3550308,True,,780,,,-23.62874625,-46.71248925,,,,1,2023-06-19T02:20:01+00:00
SAO_736G-10,São Paulo,3550308,True,,780,,,-23.620959,-46.70060049999999,,,,1,2023-06-19T02:19:55+00:00
SAO_4004-10,São Paulo,3550308,True,,2178,,,-23.5831885,-46.407001,,,,1,2023-06-19T02:19:39+00:00
SAO_4004-10,São Paulo,3550308,True,,2178,,,-23.597575499999998,-46.396392500000005,,,,1,2023-06-19T02:19:49+00:00
SAO_746V-10,São Paulo,3550308,True,,33560,,,-23.62274625,-46.754206999999994,,,,2,2023-06-19T02:19:42+00:00
SAO_746V-10,São Paulo,3550308,True,,33560,,,-23.62274625,-46.754206999999994,,,,2,2023-06-19T02:20:16+00:00
SAO_746V-10,São Paulo,3550308,True,,33560,,,-23.633853000000002,-46.764722500000005,,,,2,2023-06-19T02:20:10+00:00
SAO_9014-10,São Paulo,3550308,True,,34193,,,-23.520236,-46.6997165,,,,2,2023-06-19T02:19:49+00:00
SAO_9014-10,São Paulo,3550308,True,,34193,,,-23.513153,-46.6905325,,,,2,2023-06-19T02:20:01+00:00
SAO_9014-10,São Paulo,3550308,True,,34193,,,-23.52049,-46.6992895,,,,2,2023-06-19T02:20:11+00:00
SAO_9014-10,São Paulo,3550308,True,,34193,,,-23.47960875,-46.70241975,,,,2,2023-06-19T02:20:22+00:00
SAO_3741-10,São Paulo,3550308,True,,33809,,,-23.542377000000002,-46.449023749999995,,,,2,2023-06-19T02:19:38+00:00
SAO_3741-10,São Paulo,3550308,True,,33809,,,-23.544971500000003,-46.46274225,,,,2,2023-06-19T02:20:15+00:00
SAO_3741-10,São Paulo,3550308,True,,33809,,,-23.5482965,-46.448620749999996,,,,2,2023-06-19T02:19:48+00:00
SAO_6835-10,São Paulo,3550308,True,BR7 Mobilidade,12,https://moovitapp.com/index/pt-br/transporte_p%C3%BAblico-line-12-Sao_Paulo-242-851856-542340-0,5.75,-23.6602935,-46.767225,,,,1,2023-06-19T02:20:17+00:00
SAO_6835-10,São Paulo,3550308,True,BR7 Mobilidade,12,https://moovitapp.com/index/pt-br/transporte_p%C3%BAblico-line-12-Sao_Paulo-242-851856-542340-0,5.75,-23.6879515,-46.800591,,,,1,2023-06-19T02:19:52+00:00
SAO_5611-10,São Paulo,3550308,True,EMTU,598,https://moovitapp.com/index/pt-br/transporte_p%C3%BAblico-line-598-Sao_Paulo-242-2038937-36419579-0,7.05,-23.702686,-46.6449055,,,,1,2023-06-19T02:19:37+00:00
SAO_5611-10,São Paulo,3550308,True,EMTU,598,https://moovitapp.com/index/pt-br/transporte_p%C3%BAblico-line-598-Sao_Paulo-242-2038937-36419579-0,7.05,-23.6920815,-46.67773,,,,1,2023-06-19T02:19:48+00:00
SAO_5611-10,São Paulo,3550308,True,EMTU,598,https://moovitapp.com/index/pt-br/transporte_p%C3%BAblico-line-598-Sao_Paulo-242-2038937-36419579-0,7.05,-23.5668035,-46.640506,,,,1,2023-06-19T02:20:21+00:00
SAO_5611-10,São Paulo,3550308,True,EMTU,598,https://moovitapp.com/index/pt-br/transporte_p%C3%BAblico-line-598-Sao_Paulo-242-2038937-36419579-0,7.05,-23.7028335,-46.644758499999995,,,,1,2023-06-19T02:20:22+00:00
SAO_6000-10,São Paulo,3550308,True,,33908,,,-23.74012275,-46.703446,,,,2,2023-06-19T02:19:52+00:00
SAO_6000-10,São Paulo,3550308,True,,33908,,,-23.8284605,-46.7271145,,,,2,2023-06-19T02:20:04+00:00
SAO_6000-10,São Paulo,3550308,True,,33908,,,-23.7108525,-46.711288749999994,,,,2,2023-06-19T02:19:44+00:00
SAO_6000-10,São Paulo,3550308,True,,33908,,,-23.661628,-46.7066085,,,,2,2023-06-19T02:20:01+00:00
SAO_6000-10,São Paulo,3550308,True,,33908,,,-23.79863,-46.730983,,,,2,2023-06-19T02:20:05+00:00
SAO_6000-10,São Paulo,3550308,True,,33908,,,-23.828229999999998,-46.7267175,,,,2,2023-06-19T02:19:44+00:00
SAO_5035-10,São Paulo,3550308,True,,34436,,,-23.6346855,-46.590446,,,,2,2023-06-19T02:19:50+00:00
SAO_5035-10,São Paulo,3550308,True,,34436,,,-23.637237,-46.5923005,,,,2,2023-06-19T02:19:48+00:00
SAO_2711-10,São Paulo,3550308,True,,925,,,-23.508784624999997,-46.49068875,,,,1,2023-06-19T02:19:52+00:00
SAO_3002-10,São Paulo,3550308,True,,34576,,,-23.496794,-46.440057749999994,,,,2,2023-06-19T02:19:38+00:00
SAO_3002-10,São Paulo,3550308,True,,34576,,,-23.510973,-46.3788175,,,,2,2023-06-19T02:18:47+00:00
SAO_3002-10,São Paulo,3550308,True,,34576,,,-23.494872875,-46.407822624999994,,,,2,2023-06-19T02:18:47+00:00
SAO_2704-10,São Paulo,3550308,True,,33684,,,-23.526239,-46.409855500000006,,,,2,2023-06-19T02:19:37+00:00
SAO_2704-10,São Paulo,3550308,True,,33684,,,-23.517096,-46.42230875,,,,2,2023-06-19T02:19:48+00:00
SAO_2704-10,São Paulo,3550308,True,,33684,,,-23.526239,-46.409855500000006,,,,2,2023-06-19T02:20:19+00:00
SAO_2704-10,São Paulo,3550308,True,,33684,,,-23.539225000000002,-46.469462500000006,,,,2,2023-06-19T02:19:38+00:00
SAO_6030-10,São Paulo,3550308,True,,33910,,,-23.676121000000002,-46.69907725,,,,2,2023-06-19T02:20:15+00:00
SAO_6030-10,São Paulo,3550308,True,,33910,,,-23.730044,-46.71019425,,,,2,2023-06-19T02:20:08+00:00
SAO_8010-10,São Paulo,3550308,True,,33566,,,-23.498883499999998,-46.710798,,,,2,2023-06-19T02:20:08+00:00
SAO_8010-10,São Paulo,3550308,True,,33566,,,-23.518473,-46.7013995,,,,2,2023-06-19T02:20:10+00:00
SAO_8010-10,São Paulo,3550308,True,,33566,,,-23.419337,-46.749284,,,,2,2023-06-19T02:19:55+00:00
SAO_8010-10,São Paulo,3550308,True,,33566,,,-23.419567999999998,-46.749461499999995,,,,2,2023-06-19T02:20:01+00:00
SAO_8010-10,São Paulo,3550308,True,,33566,,,-23.405450000000002,-46.7349175,,,,2,2023-06-19T02:20:05+00:00
SAO_574C-10,São Paulo,3550308,True,,34407,,,-23.6112865,-46.473203,,,,2,2023-06-19T02:20:02+00:00
SAO_5128-10,São Paulo,3550308,True,,1128,,,-23.6512295,-46.639039,,,,1,2023-06-19T02:19:50+00:00
SAO_5128-10,São Paulo,3550308,True,,1128,,,-23.7122905,-46.651968499999995,,,,1,2023-06-19T02:18:26+00:00
SAO_5128-10,São Paulo,3550308,True,,1128,,,-23.7122905,-46.651968499999995,,,,1,2023-06-19T02:18:39+00:00
SAO_5128-10,São Paulo,3550308,True,,1128,,,-23.700035,-46.6416945,,,,1,2023-06-19T02:19:55+00:00
SAO_819A-10,São Paulo,3550308,True,,33571,,,-23.441833000000003,-46.733247,,,,2,2023-06-19T02:19:56+00:00
SAO_819A-10,São Paulo,3550308,True,,33571,,,-23.4387105,-46.748492,,,,2,2023-06-19T02:20:04+00:00
SAO_819A-10,São Paulo,3550308,True,,33571,,,-23.473588,-46.668544,,,,2,2023-06-19T02:20:21+00:00
SAO_819A-10,São Paulo,3550308,True,,33571,,,-23.463238750000002,-46.682105750000005,,,,2,2023-06-19T02:20:08+00:00
SAO_819A-10,São Paulo,3550308,True,,33571,,,-23.4352575,-46.716595,,,,2,2023-06-19T02:20:19+00:00
SAO_819A-10,São Paulo,3550308,True,,33571,,,-23.4386675,-46.748738,,,,2,2023-06-19T02:20:01+00:00
SAO_1156-10,São Paulo,3550308,True,,659,,,-23.500961,-46.58984,,,,1,2023-06-19T02:19:55+00:00
SAO_6821-10,São Paulo,3550308,True,BR7 Mobilidade,21,https://moovitapp.com/index/pt-br/transporte_p%C3%BAblico-line-21-Sao_Paulo-242-851856-707765-0,5.75,-23.676502499999998,-46.775547,,,,1,2023-06-19T02:19:40+00:00
SAO_3459-10,São Paulo,3550308,True,EMTU,402,https://moovitapp.com/index/pt-br/transporte_p%C3%BAblico-line-402-Sao_Paulo-242-2038937-36419464-0,3.7,-23.5165205,-46.385602000000006,,,,1,2023-06-19T02:19:52+00:00
SAO_3459-10,São Paulo,3550308,True,EMTU,402,https://moovitapp.com/index/pt-br/transporte_p%C3%BAblico-line-402-Sao_Paulo-242-2038937-36419464-0,3.7,-23.534605499999998,-46.54718475,,,,1,2023-06-19T02:20:13+00:00
SAO_3459-10,São Paulo,3550308,True,EMTU,402,https://moovitapp.com/index/pt-br/transporte_p%C3%BAblico-line-402-Sao_Paulo-242-2038937-36419464-0,3.7,-23.512406,-46.3827565,,,,1,2023-06-19T02:19:48+00:00
SAO_3459-10,São Paulo,3550308,True,EMTU,402,https://moovitapp.com/index/pt-br/transporte_p%C3%BAblico-line-402-Sao_Paulo-242-2038937-36419464-0,3.7,-23.51353425,-46.445544749999996,,,,1,2023-06-19T02:20:11+00:00
SAO_3459-10,São Paulo,3550308,True,EMTU,402,https://moovitapp.com/index/pt-br/transporte_p%C3%BAblico-line-402-Sao_Paulo-242-2038937-36419464-0,3.7,-23.5165205,-46.385602000000006,,,,1,2023-06-19T02:20:00+00:00
SAO_3459-10,São Paulo,3550308,True,EMTU,402,https://moovitapp.com/index/pt-br/transporte_p%C3%BAblico-line-402-Sao_Paulo-242-2038937-36419464-0,3.7,-23.5165205,-46.385602000000006,,,,1,2023-06-19T02:19:54+00:00
SAO_3459-10,São Paulo,3550308,True,EMTU,402,https://moovitapp.com/index/pt-br/transporte_p%C3%BAblico-line-402-Sao_Paulo-242-2038937-36419464-0,3.7,-23.5165205,-46.385602000000006,,,,1,2023-06-19T02:20:05+00:00
SAO_971M-10,São Paulo,3550308,True,,612,,,-23.4700345,-46.6791345,,,,1,2023-06-19T02:19:45+00:00
SAO_971M-10,São Paulo,3550308,True,,612,,,-23.4822145,-46.6319685,,,,1,2023-06-19T02:20:00+00:00
SAO_5759-31,São Paulo,3550308,True,,33907,,,-23.6483395,-46.661147,,,,2,2023-06-19T02:20:12+00:00
SAO_5759-31,São Paulo,3550308,True,,33907,,,-23.6948495,-46.64830975,,,,2,2023-06-19T02:19:39+00:00
SAO_5759-31,São Paulo,3550308,True,,33907,,,-23.6947445,-46.64808025,,,,2,2023-06-19T02:20:09+00:00
SAO_2666-10,São Paulo,3550308,True,,33146,,,-23.518412250000004,-46.391846125,,,,2,2023-06-19T02:20:10+00:00
SAO_2666-10,São Paulo,3550308,True,,33146,,,-23.494939,-46.411469,,,,2,2023-06-19T02:19:51+00:00
SAO_2666-10,São Paulo,3550308,True,,33146,,,-23.5316105,-46.55950875,,,,2,2023-06-19T02:16:49+00:00
SAO_2666-10,São Paulo,3550308,True,,33146,,,-23.546655,-46.630598,,,,2,2023-06-19T02:19:52+00:00
SAO_2666-10,São Paulo,3550308,True,,33146,,,-23.546655,-46.630598,,,,2,2023-06-19T02:20:13+00:00
SAO_2666-10,São Paulo,3550308,True,,33146,,,-23.546655,-46.630598,,,,2,2023-06-19T02:20:13+00:00
SAO_2666-10,São Paulo,3550308,True,,33146,,,-23.501424999999998,-46.4705825,,,,2,2023-06-19T02:20:21+00:00
SAO_6824-10,São Paulo,3550308,True,,32791,,,-23.673696749999998,-46.79064525,,,,2,2023-06-19T02:20:16+00:00
SAO_6824-10,São Paulo,3550308,True,,32791,,,-23.675410749999998,-46.789279,,,,2,2023-06-19T02:19:39+00:00
SAO_6824-10,São Paulo,3550308,True,,32791,,,-23.661455500000002,-46.778644,,,,2,2023-06-19T02:20:03+00:00
SAO_271C-10,São Paulo,3550308,True,,33450,,,-23.51202775,-46.571301,,,,2,2023-06-19T02:15:20+00:00
SAO_271C-10,São Paulo,3550308,True,,33450,,,-23.50798675,-46.624788499999994,,,,2,2023-06-19T02:19:43+00:00
SAO_3768-10,São Paulo,3550308,True,,1056,,,-23.586175500000003,-46.3863525,,,,1,2023-06-19T02:20:07+00:00
SAO_3768-10,São Paulo,3550308,True,,1056,,,-23.539736,-46.4314325,,,,1,2023-06-19T02:20:01+00:00
SAO_3768-10,São Paulo,3550308,True,,1056,,,-23.56441925,-46.4069975,,,,1,2023-06-19T02:20:08+00:00
SAO_576M-10,São Paulo,3550308,True,,33372,,,-23.665535499999997,-46.638129,,,,2,2023-06-19T02:20:10+00:00
SAO_576M-10,São Paulo,3550308,True,,33372,,,-23.63361475,-46.647233,,,,2,2023-06-19T02:19:47+00:00
SAO_576M-10,São Paulo,3550308,True,,33372,,,-23.67728575,-46.63985375,,,,2,2023-06-19T02:19:45+00:00
SAO_576M-10,São Paulo,3550308,True,,33372,,,-23.569291999999997,-46.692,,,,2,2023-06-19T02:19:59+00:00
SAO_576M-10,São Paulo,3550308,True,,33372,,,-23.62366025,-46.66175425,,,,2,2023-06-19T02:19:54+00:00
SAO_847P-10,São Paulo,3550308,True,,33191,,,-23.552247,-46.69011537499999,,,,2,2023-06-19T02:19:59+00:00
SAO_847P-10,São Paulo,3550308,True,,33191,,,-23.506769499999997,-46.705805999999995,,,,2,2023-06-19T02:20:11+00:00
SAO_847P-10,São Paulo,3550308,True,,33191,,,-23.5758315,-46.687664999999996,,,,2,2023-06-19T02:20:05+00:00
SAO_847P-10,São Paulo,3550308,True,,33191,,,-23.486277,-46.726815875,,,,2,2023-06-19T02:19:52+00:00
SAO_5791-21,São Paulo,3550308,True,,2463,,,-23.71619,-46.62593,,,,1,2023-06-19T02:19:55+00:00
SAO_5791-21,São Paulo,3550308,True,,2463,,,-23.697336,-46.630615000000006,,,,1,2023-06-19T02:19:53+00:00
SAO_5791-21,São Paulo,3550308,True,,2463,,,-23.6499745,-46.640381,,,,1,2023-06-19T02:19:57+00:00
SAO_2583-10,São Paulo,3550308,True,,33143,,,-23.510439249999997,-46.42165275,,,,2,2023-06-19T02:20:14+00:00
SAO_2583-10,São Paulo,3550308,True,,33143,,,-23.507530000000003,-46.4797125,,,,2,2023-06-19T02:19:39+00:00
SAO_6913-10,São Paulo,3550308,True,,1465,,,-23.58518275,-46.6706285,,,,1,2023-06-19T02:20:18+00:00
SAO_6913-10,São Paulo,3550308,True,,1465,,,-23.767560000000003,-46.7161905,,,,1,2023-06-19T02:20:09+00:00
SAO_6913-10,São Paulo,3550308,True,,1465,,,-23.692149,-46.7146765,,,,1,2023-06-19T02:19:41+00:00
SAO_6913-10,São Paulo,3550308,True,,1465,,,-23.767560000000003,-46.7161905,,,,1,2023-06-19T02:19:53+00:00
SAO_6913-10,São Paulo,3550308,True,,1465,,,-23.63923275,-46.696598,,,,1,2023-06-19T02:20:21+00:00
SAO_6913-10,São Paulo,3550308,True,,1465,,,-23.767560000000003,-46.7161905,,,,1,2023-06-19T02:19:47+00:00
SAO_6913-10,São Paulo,3550308,True,,1465,,,-23.767560000000003,-46.7161905,,,,1,2023-06-19T02:19:31+00:00
SAO_8026-10,São Paulo,3550308,True,,2083,,,-23.614194000000005,-46.74099725,,,,1,2023-06-19T02:20:18+00:00
SAO_4028-10,São Paulo,3550308,True,,1098,,,-23.600215249999998,-46.48453775,,,,1,2023-06-19T02:19:55+00:00
SAO_4028-10,São Paulo,3550308,True,,1098,,,-23.6418875,-46.439175500000005,,,,1,2023-06-19T02:19:49+00:00
SAO_4028-10,São Paulo,3550308,True,,1098,,,-23.6423885,-46.4493415,,,,1,2023-06-19T02:20:12+00:00
SAO_609J-10,São Paulo,3550308,True,,35010,,,-23.62553725,-46.6404665,,,,2,2023-06-19T02:20:05+00:00
SAO_675K-10,São Paulo,3550308,True,EMTU,198,https://moovitapp.com/index/pt-br/transporte_p%C3%BAblico-line-198-Sao_Paulo-242-2038937-59811937-0,6.35,-23.59694,-46.64469975,,,,1,2023-06-19T02:19:59+00:00
SAO_675K-10,São Paulo,3550308,True,EMTU,198,https://moovitapp.com/index/pt-br/transporte_p%C3%BAblico-line-198-Sao_Paulo-242-2038937-59811937-0,6.35,-23.690517,-46.7737425,,,,1,2023-06-19T02:20:11+00:00
SAO_675K-10,São Paulo,3550308,True,EMTU,198,https://moovitapp.com/index/pt-br/transporte_p%C3%BAblico-line-198-Sao_Paulo-242-2038937-59811937-0,6.35,-23.663912,-46.7080915,,,,1,2023-06-19T02:20:15+00:00
SAO_675K-10,São Paulo,3550308,True,EMTU,198,https://moovitapp.com/index/pt-br/transporte_p%C3%BAblico-line-198-Sao_Paulo-242-2038937-59811937-0,6.35,-23.680186499999998,-46.7648305,,,,1,2023-06-19T02:19:55+00:00
SAO_675K-10,São Paulo,3550308,True,EMTU,198,https://moovitapp.com/index/pt-br/transporte_p%C3%BAblico-line-198-Sao_Paulo-242-2038937-59811937-0,6.35,-23.675867250000003,-46.754087,,,,1,2023-06-19T02:20:11+00:00
SAO_5630-10,São Paulo,3550308,True,,78,,,-23.70004375,-46.701075625,,,,1,2023-06-19T02:20:09+00:00
SAO_5630-10,São Paulo,3550308,True,,78,,,-23.7374635,-46.697805,,,,1,2023-06-19T02:20:12+00:00
SAO_5630-10,São Paulo,3550308,True,,78,,,-23.7374635,-46.697805,,,,1,2023-06-19T02:20:01+00:00
SAO_5630-10,São Paulo,3550308,True,,78,,,-23.7374635,-46.697805,,,,1,2023-06-19T02:18:09+00:00
SAO_5630-10,São Paulo,3550308,True,,78,,,-23.7374635,-46.697805,,,,1,2023-06-19T02:20:16+00:00
SAO_5630-10,São Paulo,3550308,True,,78,,,-23.7374635,-46.697805,,,,1,2023-06-19T02:19:47+00:00
SAO_5630-10,São Paulo,3550308,True,,78,,,-23.577904750000002,-46.6451215,,,,1,2023-06-19T02:20:13+00:00
SAO_857R-10,São Paulo,3550308,True,,34660,,,-23.593193499999998,-46.734647,,,,2,2023-06-19T02:20:19+00:00
SAO_857R-10,São Paulo,3550308,True,,34660,,,-23.6305435,-46.773462499999994,,,,2,2023-06-19T02:20:03+00:00
SAO_857R-10,São Paulo,3550308,True,,34660,,,-23.5663744375,-46.6504566875,,,,2,2023-06-19T02:20:23+00:00
SAO_857R-10,São Paulo,3550308,True,,34660,,,-23.592976,-46.734052500000004,,,,2,2023-06-19T02:19:38+00:00
SAO_978J-10,São Paulo,3550308,True,,33359,,,-23.436899500000003,-46.739963,,,,2,2023-06-19T02:20:04+00:00
SAO_978J-10,São Paulo,3550308,True,,33359,,,-23.509898999999997,-46.7055125,,,,2,2023-06-19T02:20:07+00:00
SAO_978J-10,São Paulo,3550308,True,,33359,,,-23.436899500000003,-46.739963,,,,2,2023-06-19T02:19:51+00:00
SAO_1778-10,São Paulo,3550308,True,,34557,,,-23.467372,-46.568509750000004,,,,2,2023-06-19T02:19:49+00:00
SAO_1778-10,São Paulo,3550308,True,,34557,,,-23.47424175,-46.60817125,,,,2,2023-06-19T02:19:54+00:00
SAO_2733-10,São Paulo,3550308,True,,948,,,-23.5429715,-46.465703500000004,,,,1,2023-06-19T02:20:04+00:00
SAO_2733-10,São Paulo,3550308,True,,948,,,-23.5157015,-46.462250999999995,,,,1,2023-06-19T02:20:15+00:00
SAO_8000-1,São Paulo,3550308,True,,35274,,,-23.5263085,-46.6738405,,,,2,2023-06-19T02:20:11+00:00
SAO_8000-1,São Paulo,3550308,True,,35274,,,-23.525452,-46.681762,,,,2,2023-06-19T02:20:12+00:00
SAO_8000-1,São Paulo,3550308,True,,35274,,,-23.539440749999997,-46.645388249999996,,,,2,2023-06-19T02:19:56+00:00
SAO_2721-10,São Paulo,3550308,True,,33702,,,-23.500723999999998,-46.440051,,,,2,2023-06-19T02:20:13+00:00
SAO_2721-10,São Paulo,3550308,True,,33702,,,-23.507037,-46.4103235,,,,2,2023-06-19T02:19:44+00:00
SAO_2721-10,São Paulo,3550308,True,,33702,,,-23.538398,-46.456517,,,,2,2023-06-19T02:20:02+00:00
SAO_2721-10,São Paulo,3550308,True,,33702,,,-23.523405,-46.407671,,,,2,2023-06-19T02:20:05+00:00
SAO_7049-10,São Paulo,3550308,True,,34680,,,-23.71138725,-46.77812725,,,,2,2023-06-19T02:19:51+00:00
SAO_7049-10,São Paulo,3550308,True,,34680,,,-23.711143749999998,-46.778219750000005,,,,2,2023-06-19T02:19:52+00:00
SAO_7049-10,São Paulo,3550308,True,,34680,,,-23.71138725,-46.77812725,,,,2,2023-06-19T02:20:05+00:00
SAO_7049-10,São Paulo,3550308,True,,34680,,,-23.7065485,-46.7843755,,,,2,2023-06-19T02:20:22+00:00
SAO_7049-10,São Paulo,3550308,True,,34680,,,-23.7116535,-46.777972,,,,2,2023-06-19T02:19:51+00:00
SAO_7049-10,São Paulo,3550308,True,,34680,,,-23.6326575,-46.772532,,,,2,2023-06-19T02:20:04+00:00
SAO_6726-10,São Paulo,3550308,True,,33961,,,-23.740009,-46.6914985,,,,2,2023-06-19T02:20:09+00:00
SAO_6726-10,São Paulo,3550308,True,,33961,,,-23.753507,-46.6862175,,,,2,2023-06-19T02:19:40+00:00
SAO_756A-10,São Paulo,3550308,True,,793,,,-23.587700249999997,-46.723789,,,,1,2023-06-19T02:20:08+00:00
SAO_756A-10,São Paulo,3550308,True,,793,,,-23.6011495,-46.792747000000006,,,,1,2023-06-19T02:19:57+00:00
SAO_756A-10,São Paulo,3550308,True,,793,,,-23.6136965,-46.6957375,,,,1,2023-06-19T02:19:44+00:00
SAO_1177-10,São Paulo,3550308,True,,32897,,,-23.5361185,-46.632417000000004,,,,2,2023-06-19T02:20:02+00:00
SAO_1177-10,São Paulo,3550308,True,,32897,,,-23.51775,-46.4757475,,,,2,2023-06-19T02:19:59+00:00
SAO_1177-10,São Paulo,3550308,True,,32897,,,-23.517815499999998,-46.475735,,,,2,2023-06-19T02:20:19+00:00
SAO_1177-10,São Paulo,3550308,True,,32897,,,-23.5361185,-46.632417000000004,,,,2,2023-06-19T02:19:50+00:00
SAO_1177-10,São Paulo,3550308,True,,32897,,,-23.5361185,-46.632417000000004,,,,2,2023-06-19T02:19:55+00:00
SAO_1177-10,São Paulo,3550308,True,,32897,,,-23.52351575,-46.550139,,,,2,2023-06-19T02:20:11+00:00
SAO_3099-10,São Paulo,3550308,True,,1079,,,-23.6122415,-46.4733945,,,,1,2023-06-19T02:20:04+00:00
SAO_3099-10,São Paulo,3550308,True,,1079,,,-23.610926499999998,-46.444165,,,,1,2023-06-19T02:20:21+00:00
SAO_3099-10,São Paulo,3550308,True,,1079,,,-23.592958000000003,-46.4883885,,,,1,2023-06-19T02:19:55+00:00
SAO_874C-10,São Paulo,3550308,True,,33245,,,-23.546825,-46.7609525,,,,2,2023-06-19T02:20:10+00:00
SAO_874C-10,São Paulo,3550308,True,,33245,,,-23.549654,-46.680745,,,,2,2023-06-19T02:19:59+00:00
SAO_874C-10,São Paulo,3550308,True,,33245,,,-23.546825,-46.7609525,,,,2,2023-06-19T02:19:42+00:00
SAO_848L-10,São Paulo,3550308,True,,33576,,,-23.440115,-46.729273000000006,,,,2,2023-06-19T02:19:53+00:00
SAO_848L-10,São Paulo,3550308,True,,33576,,,-23.4144305,-46.7510005,,,,2,2023-06-19T02:20:00+00:00
SAO_848L-10,São Paulo,3550308,True,,33576,,,-23.4144305,-46.7510005,,,,2,2023-06-19T02:20:06+00:00
SAO_848L-10,São Paulo,3550308,True,,33576,,,-23.4144305,-46.7510005,,,,2,2023-06-19T02:20:11+00:00
SAO_3729-10,São Paulo,3550308,True,,1026,,,-23.5849855,-46.524962,,,,1,2023-06-19T02:20:07+00:00
SAO_3729-10,São Paulo,3550308,True,,1026,,,-23.564892999999998,-46.507275,,,,1,2023-06-19T02:19:40+00:00
SAO_3729-10,São Paulo,3550308,True,,1026,,,-23.557810000000003,-46.559629,,,,1,2023-06-19T02:20:19+00:00
SAO_8600-10,São Paulo,3550308,True,,34200,,,-23.522860375,-46.657620124999994,,,,2,2023-06-19T02:20:20+00:00
SAO_8600-10,São Paulo,3550308,True,,34200,,,-23.507522,-46.705747,,,,2,2023-06-19T02:20:02+00:00
SAO_5024-10,São Paulo,3550308,True,,33890,,,-23.68627875,-46.66321825,,,,2,2023-06-19T02:20:20+00:00
SAO_5024-10,São Paulo,3550308,True,,33890,,,-23.689408999999998,-46.6492585,,,,2,2023-06-19T02:19:58+00:00
SAO_5024-10,São Paulo,3550308,True,,33890,,,-23.675183750000002,-46.6859125,,,,2,2023-06-19T02:20:02+00:00
SAO_4032-10,São Paulo,3550308,True,,1102,,,-23.598511000000002,-46.639717000000005,,,,1,2023-06-19T02:20:02+00:00
SAO_4032-10,São Paulo,3550308,True,,1102,,,-23.62225,-46.627363,,,,1,2023-06-19T02:20:09+00:00
SAO_3069-10,São Paulo,3550308,True,,33752,,,-23.60662525,-46.41692075,,,,2,2023-06-19T02:19:47+00:00
SAO_3069-10,São Paulo,3550308,True,,33752,,,-23.60662525,-46.41692075,,,,2,2023-06-19T02:20:17+00:00
SAO_3069-10,São Paulo,3550308,True,,33752,,,-23.606299749999998,-46.41697025,,,,2,2023-06-19T02:19:48+00:00
SAO_3069-10,São Paulo,3550308,True,,33752,,,-23.62311,-46.4329805,,,,2,2023-06-19T02:19:59+00:00
SAO_3069-10,São Paulo,3550308,True,,33752,,,-23.60662525,-46.41692075,,,,2,2023-06-19T02:19:57+00:00
SAO_3069-10,São Paulo,3550308,True,,33752,,,-23.606299749999998,-46.41697025,,,,2,2023-06-19T02:20:09+00:00
SAO_4017-10,São Paulo,3550308,True,,2190,,,-23.5833695,-46.407107499999995,,,,1,2023-06-19T02:18:24+00:00
SAO_775F-10,São Paulo,3550308,True,,33564,,,-23.624496999999998,-46.749328500000004,,,,2,2023-06-19T02:20:07+00:00
SAO_775F-10,São Paulo,3550308,True,,33564,,,-23.6254385,-46.7483815,,,,2,2023-06-19T02:19:45+00:00
SAO_775F-10,São Paulo,3550308,True,,33564,,,-23.59875075,-46.708562,,,,2,2023-06-19T02:19:52+00:00
SAO_775F-10,São Paulo,3550308,True,,33564,,,-23.57172775,-46.69049175,,,,2,2023-06-19T02:20:04+00:00
SAO_1756-10,São Paulo,3550308,True,,33315,,,-23.4580645,-46.6433105,,,,2,2023-06-19T02:19:49+00:00
SAO_1756-10,São Paulo,3550308,True,,33315,,,-23.45929175,-46.648502500000006,,,,2,2023-06-19T02:19:50+00:00
SAO_695X-10,São Paulo,3550308,True,,34209,,,-23.676465999999998,-46.679821000000004,,,,2,2023-06-19T02:20:18+00:00
SAO_695X-10,São Paulo,3550308,True,,34209,,,-23.680947,-46.688211,,,,2,2023-06-19T02:15:09+00:00
SAO_695X-10,São Paulo,3550308,True,,34209,,,-23.68196475,-46.689499,,,,2,2023-06-19T02:20:10+00:00
SAO_695X-10,São Paulo,3550308,True,,34209,,,-23.6434425,-46.657386,,,,2,2023-06-19T02:20:04+00:00
SAO_695X-10,São Paulo,3550308,True,,34209,,,-23.74022625,-46.703695999999994,,,,2,2023-06-19T02:19:52+00:00
SAO_695X-10,São Paulo,3550308,True,,34209,,,-23.647087499999998,-46.63931,,,,2,2023-06-19T02:19:59+00:00
SAO_695X-10,São Paulo,3550308,True,,34209,,,-23.64346025,-46.665442,,,,2,2023-06-19T02:19:38+00:00
SAO_6L10-10,São Paulo,3550308,True,,1159,,,-23.766939,-46.716361,,,,1,2023-06-19T02:20:01+00:00
SAO_6L10-10,São Paulo,3550308,True,,1159,,,-23.767440999999998,-46.716431,,,,1,2023-06-19T02:19:48+00:00
SAO_7001-10,São Paulo,3550308,True,,1722,,,-23.7201105,-46.756648,,,,1,2023-06-19T02:17:25+00:00
SAO_7001-10,São Paulo,3550308,True,,1722,,,-23.7247405,-46.7552985,,,,1,2023-06-19T02:19:41+00:00
SAO_7001-10,São Paulo,3550308,True,,1722,,,-23.69138175,-46.77535775,,,,1,2023-06-19T02:19:44+00:00
SAO_6813-10,São Paulo,3550308,True,,32801,,,-23.668012249999997,-46.764174,,,,2,2023-06-19T02:19:59+00:00
SAO_178L-10,São Paulo,3550308,True,EMTU,560,https://moovitapp.com/index/pt-br/transporte_p%C3%BAblico-line-560-Sao_Paulo-242-2038937-36419561-0,6.2,-23.4751125,-46.64319,,,,1,2023-06-19T02:20:02+00:00
SAO_178L-10,São Paulo,3550308,True,EMTU,560,https://moovitapp.com/index/pt-br/transporte_p%C3%BAblico-line-560-Sao_Paulo-242-2038937-36419561-0,6.2,-23.503724625,-46.632394000000005,,,,1,2023-06-19T02:20:06+00:00
SAO_178L-10,São Paulo,3550308,True,EMTU,560,https://moovitapp.com/index/pt-br/transporte_p%C3%BAblico-line-560-Sao_Paulo-242-2038937-36419561-0,6.2,-23.555425,-46.663049,,,,1,2023-06-19T02:19:39+00:00
SAO_675X-10,São Paulo,3550308,True,EMTU,111,https://moovitapp.com/index/pt-br/transporte_p%C3%BAblico-line-111-Sao_Paulo-242-2038937-36419271-0,5.1,-23.737689500000002,-46.697986,,,,1,2023-06-19T02:19:54+00:00
SAO_675X-10,São Paulo,3550308,True,EMTU,111,https://moovitapp.com/index/pt-br/transporte_p%C3%BAblico-line-111-Sao_Paulo-242-2038937-36419271-0,5.1,-23.737689500000002,-46.697986,,,,1,2023-06-19T02:20:11+00:00
SAO_675X-10,São Paulo,3550308,True,EMTU,111,https://moovitapp.com/index/pt-br/transporte_p%C3%BAblico-line-111-Sao_Paulo-242-2038937-36419271-0,5.1,-23.737689500000002,-46.697986,,,,1,2023-06-19T02:20:10+00:00
SAO_675X-10,São Paulo,3550308,True,EMTU,111,https://moovitapp.com/index/pt-br/transporte_p%C3%BAblico-line-111-Sao_Paulo-242-2038937-36419271-0,5.1,-23.666672,-46.711936,,,,1,2023-06-19T02:19:57+00:00
SAO_5757-10,São Paulo,3550308,True,,34056,,,-23.656766,-46.644760500000004,,,,2,2023-06-19T02:19:53+00:00
SAO_5757-10,São Paulo,3550308,True,,34056,,,-23.6932255,-46.640126,,,,2,2023-06-19T02:20:07+00:00
SAO_5757-10,São Paulo,3550308,True,,34056,,,-23.6346265,-46.6397755,,,,2,2023-06-19T02:19:44+00:00
SAO_475R-10,São Paulo,3550308,True,,33112,,,-23.56742725,-46.648875000000004,,,,2,2023-06-19T02:19:49+00:00
SAO_475R-10,São Paulo,3550308,True,,33112,,,-23.5470345,-46.6298525,,,,2,2023-06-19T02:20:11+00:00
SAO_475R-10,São Paulo,3550308,True,,33112,,,-23.5470345,-46.6298525,,,,2,2023-06-19T02:20:10+00:00
SAO_475R-10,São Paulo,3550308,True,,33112,,,-23.5470345,-46.6298525,,,,2,2023-06-19T02:20:13+00:00
SAO_475R-10,São Paulo,3550308,True,,33112,,,-23.5470345,-46.6298525,,,,2,2023-06-19T02:19:53+00:00
SAO_475R-10,São Paulo,3550308,True,,33112,,,-23.5470345,-46.6298525,,,,2,2023-06-19T02:20:18+00:00
SAO_475R-10,São Paulo,3550308,True,,33112,,,-23.5470345,-46.6298525,,,,2,2023-06-19T02:19:37+00:00
SAO_475R-10,São Paulo,3550308,True,,33112,,,-23.5470345,-46.6298525,,,,2,2023-06-19T02:19:58+00:00
SAO_475R-10,São Paulo,3550308,True,,33112,,,-23.5470345,-46.6298525,,,,2,2023-06-19T02:19:47+00:00
SAO_475R-10,São Paulo,3550308,True,,33112,,,-23.653319500000002,-46.607946999999996,,,,2,2023-06-19T02:20:13+00:00
SAO_475R-10,São Paulo,3550308,True,,33112,,,-23.5470345,-46.6298525,,,,2,2023-06-19T02:20:12+00:00
SAO_475R-10,São Paulo,3550308,True,,33112,,,-23.5470345,-46.6298525,,,,2,2023-06-19T02:19:40+00:00
SAO_475R-10,São Paulo,3550308,True,,33112,,,-23.5470345,-46.6298525,,,,2,2023-06-19T02:19:59+00:00
SAO_475R-10,São Paulo,3550308,True,,33112,,,-23.5470345,-46.6298525,,,,2,2023-06-19T02:20:01+00:00
SAO_475R-10,São Paulo,3550308,True,,33112,,,-23.629424999999998,-46.628402,,,,2,2023-06-19T02:19:39+00:00
SAO_475R-10,São Paulo,3550308,True,,33112,,,-23.5470345,-46.6298525,,,,2,2023-06-19T02:19:33+00:00
SAO_475R-10,São Paulo,3550308,True,,33112,,,-23.5470345,-46.6298525,,,,2,2023-06-19T02:19:56+00:00
SAO_475R-10,São Paulo,3550308,True,,33112,,,-23.5470345,-46.6298525,,,,2,2023-06-19T02:20:05+00:00
SAO_475R-10,São Paulo,3550308,True,,33112,,,-23.5470345,-46.6298525,,,,2,2023-06-19T02:19:56+00:00
SAO_7053-22,São Paulo,3550308,True,,1896,,,-23.642704000000002,-46.786391249999994,,,,1,2023-06-19T02:20:17+00:00
SAO_7053-22,São Paulo,3550308,True,,1896,,,-23.642898,-46.78666975,,,,1,2023-06-19T02:19:58+00:00
SAO_7053-22,São Paulo,3550308,True,,1896,,,-23.645486499999997,-46.789591,,,,1,2023-06-19T02:19:49+00:00
SAO_7053-22,São Paulo,3550308,True,,1896,,,-23.6323625,-46.7722555,,,,1,2023-06-19T02:20:07+00:00
SAO_7053-22,São Paulo,3550308,True,,1896,,,-23.642898,-46.78666975,,,,1,2023-06-19T02:20:05+00:00
SAO_7053-22,São Paulo,3550308,True,,1896,,,-23.645486499999997,-46.789591,,,,1,2023-06-19T02:20:06+00:00
SAO_476A-10,São Paulo,3550308,True,,33072,,,-23.60264,-46.603252999999995,,,,2,2023-06-19T02:20:09+00:00
SAO_476A-10,São Paulo,3550308,True,,33072,,,-23.629707,-46.673683999999994,,,,2,2023-06-19T02:19:58+00:00
SAO_476A-10,São Paulo,3550308,True,,33072,,,-23.57872425,-46.6021595,,,,2,2023-06-19T02:19:37+00:00
SAO_4028-10,São Paulo,3550308,True,,33866,,,-23.631496499999997,-46.447165,,,,2,2023-06-19T02:19:38+00:00
SAO_3789-10,São Paulo,3550308,True,,33835,,,-23.5498035,-46.4621065,,,,2,2023-06-19T02:20:19+00:00
SAO_3789-10,São Paulo,3550308,True,,33835,,,-23.611373,-46.396543,,,,2,2023-06-19T02:20:05+00:00
SAO_3789-10,São Paulo,3550308,True,,33835,,,-23.594728,-46.443507,,,,2,2023-06-19T02:19:48+00:00
SAO_3789-10,São Paulo,3550308,True,,33835,,,-23.590070500000003,-46.408122250000005,,,,2,2023-06-19T02:20:13+00:00
SAO_3789-10,São Paulo,3550308,True,,33835,,,-23.611663,-46.3964115,,,,2,2023-06-19T02:19:55+00:00
SAO_3789-10,São Paulo,3550308,True,,33835,,,-23.611663,-46.3964115,,,,2,2023-06-19T02:20:03+00:00
SAO_9653-10,São Paulo,3550308,True,,33356,,,-23.461914,-46.6508085,,,,2,2023-06-19T02:20:10+00:00
SAO_9653-10,São Paulo,3550308,True,,33356,,,-23.503934,-46.672360499999996,,,,2,2023-06-19T02:19:35+00:00
SAO_9653-10,São Paulo,3550308,True,,33356,,,-23.4580645,-46.6433105,,,,2,2023-06-19T02:19:44+00:00
SAO_9301-10,São Paulo,3550308,True,,33226,,,-23.51324925,-46.65818225,,,,2,2023-06-19T02:20:10+00:00
SAO_9301-10,São Paulo,3550308,True,,33226,,,-23.495852,-46.6619745,,,,2,2023-06-19T02:20:06+00:00
SAO_6970-10,São Paulo,3550308,True,,1505,,,-23.737581499999997,-46.697899500000005,,,,1,2023-06-19T02:20:16+00:00
SAO_6970-10,São Paulo,3550308,True,,1505,,,-23.6543535,-46.7123115,,,,1,2023-06-19T02:19:53+00:00
SAO_6970-10,São Paulo,3550308,True,,1505,,,-23.706057187499997,-46.713436875,,,,1,2023-06-19T02:19:56+00:00
SAO_6970-10,São Paulo,3550308,True,,1505,,,-23.737581499999997,-46.697899500000005,,,,1,2023-06-19T02:19:36+00:00
SAO_6970-10,São Paulo,3550308,True,,1505,,,-23.736947,-46.697388000000004,,,,1,2023-06-19T02:19:50+00:00
SAO_6970-10,São Paulo,3550308,True,,1505,,,-23.7367155,-46.697201,,,,1,2023-06-19T02:20:00+00:00
SAO_2100-21,São Paulo,3550308,True,,35296,,,-23.5580635,-46.522337500000006,,,,2,2023-06-19T02:19:56+00:00
SAO_2100-21,São Paulo,3550308,True,,35296,,,-23.5581375,-46.5789945,,,,2,2023-06-19T02:19:45+00:00
SAO_2100-21,São Paulo,3550308,True,,35296,,,-23.545786749999998,-46.621292249999996,,,,2,2023-06-19T02:19:51+00:00
SAO_2100-21,São Paulo,3550308,True,,35296,,,-23.558325,-46.523238500000005,,,,2,2023-06-19T02:20:17+00:00
SAO_2100-21,São Paulo,3550308,True,,35296,,,-23.558113,-46.5233375,,,,2,2023-06-19T02:19:46+00:00
SAO_2100-21,São Paulo,3550308,True,,35296,,,-23.566536875,-46.544260375,,,,2,2023-06-19T02:20:14+00:00
SAO_6057-10,São Paulo,3550308,True,,33916,,,-23.766122,-46.7043945,,,,2,2023-06-19T02:19:46+00:00
SAO_6057-10,São Paulo,3550308,True,,33916,,,-23.7367155,-46.697201,,,,2,2023-06-19T02:20:11+00:00
SAO_6057-10,São Paulo,3550308,True,,33916,,,-23.76584475,-46.708275875,,,,2,2023-06-19T02:20:11+00:00
SAO_4030-10,São Paulo,3550308,True,,33868,,,-23.5919936875,-46.489023062499996,,,,2,2023-06-19T02:19:59+00:00
SAO_4030-10,São Paulo,3550308,True,,33868,,,-23.615775499999998,-46.488022,,,,2,2023-06-19T02:20:06+00:00
SAO_4030-10,São Paulo,3550308,True,,33868,,,-23.617876000000003,-46.4814285,,,,2,2023-06-19T02:20:18+00:00
SAO_4030-10,São Paulo,3550308,True,,33868,,,-23.613519500000002,-46.4949385,,,,2,2023-06-19T02:19:47+00:00
SAO_6120-10,São Paulo,3550308,True,,33957,,,-23.76008125,-46.67663625,,,,2,2023-06-19T02:20:10+00:00
SAO_6120-10,São Paulo,3550308,True,,33957,,,-23.736897499999998,-46.69694,,,,2,2023-06-19T02:19:49+00:00
SAO_4313-10,São Paulo,3550308,True,,34941,,,-23.5941475,-46.4204955,,,,2,2023-06-19T02:17:14+00:00
SAO_4313-10,São Paulo,3550308,True,,34941,,,-23.5942165,-46.4201595,,,,2,2023-06-19T02:20:05+00:00
SAO_4313-10,São Paulo,3550308,True,,34941,,,-23.551109500000003,-46.5227565,,,,2,2023-06-19T02:20:10+00:00
SAO_4313-10,São Paulo,3550308,True,,34941,,,-23.594773,-46.4452475,,,,2,2023-06-19T02:19:53+00:00
SAO_4313-10,São Paulo,3550308,True,,34941,,,-23.5479245,-46.629473,,,,2,2023-06-19T02:19:53+00:00
SAO_4313-10,São Paulo,3550308,True,,34941,,,-23.5479245,-46.629473,,,,2,2023-06-19T02:20:15+00:00
SAO_4313-10,São Paulo,3550308,True,,34941,,,-23.5640985,-46.5085335,,,,2,2023-06-19T02:20:19+00:00
SAO_4313-10,São Paulo,3550308,True,,34941,,,-23.545823374999998,-46.59819725,,,,2,2023-06-19T02:19:42+00:00
SAO_4313-10,São Paulo,3550308,True,,34941,,,-23.583026,-46.408417,,,,2,2023-06-19T02:19:40+00:00
SAO_354M-10,São Paulo,3550308,True,,34387,,,-23.491803500000003,-46.434038,,,,2,2023-06-19T02:20:01+00:00
SAO_354M-10,São Paulo,3550308,True,,34387,,,-23.555928,-46.445397,,,,2,2023-06-19T02:20:19+00:00
SAO_354M-10,São Paulo,3550308,True,,34387,,,-23.491775,-46.434236999999996,,,,2,2023-06-19T02:19:38+00:00
SAO_354M-10,São Paulo,3550308,True,,34387,,,-23.491775,-46.434236999999996,,,,2,2023-06-19T02:20:14+00:00
SAO_172J-10,São Paulo,3550308,True,,33624,,,-23.515826750000002,-46.58764225,,,,2,2023-06-19T02:19:41+00:00
SAO_172J-10,São Paulo,3550308,True,,33624,,,-23.492212000000002,-46.574327,,,,2,2023-06-19T02:19:46+00:00
SAO_172J-10,São Paulo,3550308,True,,33624,,,-23.522463125,-46.583015625,,,,2,2023-06-19T02:19:36+00:00
SAO_172J-10,São Paulo,3550308,True,,33624,,,-23.479189750000003,-46.56941425,,,,2,2023-06-19T02:19:42+00:00
SAO_875H-10,São Paulo,3550308,True,,1340,,,-23.585606499999997,-46.635903,,,,1,2023-06-19T02:20:16+00:00
SAO_6258-10,São Paulo,3550308,True,,1232,,,-23.691460499999998,-46.746868500000005,,,,1,2023-06-19T02:19:41+00:00
SAO_6258-10,São Paulo,3550308,True,,1232,,,-23.6678415,-46.7316745,,,,1,2023-06-19T02:20:08+00:00
SAO_7057-10,São Paulo,3550308,True,,34665,,,-23.64922775,-46.78505225,,,,2,2023-06-19T02:20:02+00:00
SAO_7057-10,São Paulo,3550308,True,,34665,,,-23.64904925,-46.78534475,,,,2,2023-06-19T02:19:45+00:00
SAO_7057-10,São Paulo,3550308,True,,34665,,,-23.6493575,-46.7848365,,,,2,2023-06-19T02:20:11+00:00
SAO_5103-10,São Paulo,3550308,True,,34414,,,-23.6032395,-46.604252,,,,2,2023-06-19T02:20:13+00:00
SAO_5103-10,São Paulo,3550308,True,,34414,,,-23.596489875000003,-46.649990875,,,,2,2023-06-19T02:20:06+00:00
SAO_7062-31,São Paulo,3550308,True,,1914,,,-23.6312955,-46.773033999999996,,,,1,2023-06-19T02:20:05+00:00
SAO_7062-31,São Paulo,3550308,True,,1914,,,-23.646552,-46.7725675,,,,1,2023-06-19T02:19:43+00:00
SAO_3795-10,São Paulo,3550308,True,,1073,,,-23.559945,-46.415017750000004,,,,1,2023-06-19T02:19:43+00:00
SAO_3795-10,São Paulo,3550308,True,,1073,,,-23.543555375,-46.450443875000005,,,,1,2023-06-19T02:19:39+00:00
SAO_3795-10,São Paulo,3550308,True,,1073,,,-23.559945,-46.415017750000004,,,,1,2023-06-19T02:19:52+00:00
SAO_8677-10,São Paulo,3550308,True,,33211,,,-23.487239000000002,-46.7323545,,,,2,2023-06-19T02:20:09+00:00
SAO_8677-10,São Paulo,3550308,True,,33211,,,-23.4854615,-46.740288750000005,,,,2,2023-06-19T02:20:15+00:00
SAO_8677-10,São Paulo,3550308,True,,33211,,,-23.540538249999997,-46.64357425,,,,2,2023-06-19T02:20:04+00:00
SAO_8677-10,São Paulo,3550308,True,,33211,,,-23.52278425,-46.6938825,,,,2,2023-06-19T02:20:14+00:00
SAO_8677-10,São Paulo,3550308,True,,33211,,,-23.484427,-46.741648999999995,,,,2,2023-06-19T02:19:45+00:00
SAO_6007-10,São Paulo,3550308,True,,176,,,-23.671032500000003,-46.7574345,,,,1,2023-06-19T02:20:03+00:00
SAO_6007-10,São Paulo,3550308,True,,176,,,-23.66388575,-46.726282499999996,,,,1,2023-06-19T02:19:49+00:00
SAO_6007-10,São Paulo,3550308,True,,176,,,-23.6540345,-46.7114835,,,,1,2023-06-19T02:19:51+00:00
SAO_5145-10,São Paulo,3550308,True,,1641,,,-23.613952,-46.500666,,,,1,2023-06-19T02:20:08+00:00
SAO_5145-10,São Paulo,3550308,True,,1641,,,-23.5561155,-46.633061,,,,1,2023-06-19T02:20:16+00:00
SAO_5145-10,São Paulo,3550308,True,,1641,,,-23.586951,-46.512883,,,,1,2023-06-19T02:19:51+00:00
SAO_8700-10,São Paulo,3550308,True,,34645,,,-23.611016250000002,-46.753262,,,,2,2023-06-19T02:20:13+00:00
SAO_8700-10,São Paulo,3550308,True,,34645,,,-23.58272925,-46.713883249999995,,,,2,2023-06-19T02:20:22+00:00
SAO_8700-10,São Paulo,3550308,True,,34645,,,-23.556589000000002,-46.665531,,,,2,2023-06-19T02:19:45+00:00
SAO_8700-10,São Paulo,3550308,True,,34645,,,-23.592976,-46.734052500000004,,,,2,2023-06-19T02:20:00+00:00
SAO_8700-10,São Paulo,3550308,True,,34645,,,-23.631153500000003,-46.7733425,,,,2,2023-06-19T02:20:20+00:00
SAO_2088-10,São Paulo,3550308,True,,33140,,,-23.5037935,-46.379870499999996,,,,2,2023-06-19T02:20:19+00:00
SAO_2088-10,São Paulo,3550308,True,,33140,,,-23.4951775,-46.404714,,,,2,2023-06-19T02:20:09+00:00
SAO_2080-10,São Paulo,3550308,True,,371,,,-23.49218325,-46.44784075,,,,1,2023-06-19T02:20:10+00:00
SAO_2080-10,São Paulo,3550308,True,,371,,,-23.5288685,-46.554319,,,,1,2023-06-19T02:19:55+00:00
SAO_2080-10,São Paulo,3550308,True,,371,,,-23.500500000000002,-46.368955,,,,1,2023-06-19T02:20:08+00:00
SAO_2080-10,São Paulo,3550308,True,,371,,,-23.5288685,-46.554319,,,,1,2023-06-19T02:20:00+00:00
SAO_3731-10,São Paulo,3550308,True,,33796,,,-23.545424500000003,-46.51366,,,,2,2023-06-19T02:19:38+00:00
SAO_3731-10,São Paulo,3550308,True,,33796,,,-23.539182500000003,-46.51704,,,,2,2023-06-19T02:19:46+00:00
SAO_3731-10,São Paulo,3550308,True,,33796,,,-23.538997000000002,-46.5171695,,,,2,2023-06-19T02:20:20+00:00
SAO_3731-10,São Paulo,3550308,True,,33796,,,-23.563811,-46.5022595,,,,2,2023-06-19T02:20:14+00:00
SAO_3731-10,São Paulo,3550308,True,,33796,,,-23.5646175,-46.504937999999996,,,,2,2023-06-19T02:19:36+00:00
SAO_3731-10,São Paulo,3550308,True,,33796,,,-23.538657999999998,-46.517447,,,,2,2023-06-19T02:19:01+00:00
SAO_7052-10,São Paulo,3550308,True,,1886,,,-23.6340175,-46.774274,,,,1,2023-06-19T02:19:47+00:00
SAO_2719-10,São Paulo,3550308,True,,33700,,,-23.521762000000003,-46.5237425,,,,2,2023-06-19T02:20:21+00:00
SAO_2719-10,São Paulo,3550308,True,,33700,,,-23.4948325,-46.469304,,,,2,2023-06-19T02:19:40+00:00
SAO_2719-10,São Paulo,3550308,True,,33700,,,-23.510763,-46.50323,,,,2,2023-06-19T02:20:21+00:00
SAO_5194-21,São Paulo,3550308,True,,34863,,,-23.6890005,-46.6629175,,,,2,2023-06-19T02:20:08+00:00
SAO_5194-21,São Paulo,3550308,True,,34863,,,-23.673122499999998,-46.681591000000004,,,,2,2023-06-19T02:20:10+00:00
SAO_1741-10,São Paulo,3550308,True,,33307,,,-23.482636,-46.64662725,,,,2,2023-06-19T02:20:08+00:00
SAO_1741-10,São Paulo,3550308,True,,33307,,,-23.4646735,-46.663542500000005,,,,2,2023-06-19T02:20:07+00:00
SAO_701A-10,São Paulo,3550308,True,,33457,,,-23.538454,-46.60306799999999,,,,2,2023-06-19T02:20:15+00:00
SAO_701A-10,São Paulo,3550308,True,,33457,,,-23.4737385,-46.565966,,,,2,2023-06-19T02:19:50+00:00
SAO_701A-10,São Paulo,3550308,True,,33457,,,-23.550684750000002,-46.65510125,,,,2,2023-06-19T02:20:20+00:00
SAO_425E-10,São Paulo,3550308,True,,34404,,,-23.620677999999998,-46.466676,,,,2,2023-06-19T02:20:08+00:00
SAO_5391-10,São Paulo,3550308,True,EMTU,171,https://moovitapp.com/index/pt-br/transporte_p%C3%BAblico-line-171-Sao_Paulo-242-2038937-36419310-0,4.8,-23.658605,-46.705811499999996,,,,1,2023-06-19T02:20:02+00:00
SAO_5391-10,São Paulo,3550308,True,EMTU,171,https://moovitapp.com/index/pt-br/transporte_p%C3%BAblico-line-171-Sao_Paulo-242-2038937-36419310-0,4.8,-23.6759545,-46.7530775,,,,1,2023-06-19T02:19:45+00:00
SAO_4727-10,São Paulo,3550308,True,Cidade de Caieiras,340,https://moovitapp.com/index/pt-br/transporte_p%C3%BAblico-line-340-Sao_Paulo-242-868761-101563062-0,5.0,-23.612544,-46.627703499999996,,,,1,2023-06-19T02:20:22+00:00
SAO_7051-10,São Paulo,3550308,True,,1885,,,-23.655096,-46.7838845,,,,1,2023-06-19T02:19:44+00:00
SAO_7051-10,São Paulo,3550308,True,,1885,,,-23.655096,-46.7838845,,,,1,2023-06-19T02:20:15+00:00
SAO_7051-10,São Paulo,3550308,True,,1885,,,-23.655096,-46.7838845,,,,1,2023-06-19T02:20:23+00:00
SAO_5107-10,São Paulo,3550308,True,,34427,,,-23.5599795,-46.629457,,,,2,2023-06-19T02:19:50+00:00
SAO_6505-10,São Paulo,3550308,True,,34218,,,-23.66651325,-46.7208335,,,,2,2023-06-19T02:20:06+00:00
SAO_6505-10,São Paulo,3550308,True,,34218,,,-23.652657750000003,-46.70861875,,,,2,2023-06-19T02:20:15+00:00
SAO_6505-10,São Paulo,3550308,True,,34218,,,-23.6689235,-46.735557,,,,2,2023-06-19T02:19:39+00:00
SAO_6505-10,São Paulo,3550308,True,,34218,,,-23.573234875,-46.666225875,,,,2,2023-06-19T02:20:00+00:00
SAO_1034-10,São Paulo,3550308,True,,35220,,,-23.486092499999998,-46.71105,,,,2,2023-06-19T02:20:07+00:00
SAO_1034-10,São Paulo,3550308,True,,35220,,,-23.4704835,-46.7104185,,,,2,2023-06-19T02:20:10+00:00
SAO_1034-10,São Paulo,3550308,True,,35220,,,-23.4781215,-46.707063000000005,,,,2,2023-06-19T02:19:49+00:00
SAO_6291-10,São Paulo,3550308,True,,33126,,,-23.6435375,-46.776610000000005,,,,2,2023-06-19T02:20:03+00:00
SAO_6291-10,São Paulo,3550308,True,,33126,,,-23.63982,-46.7372965,,,,2,2023-06-19T02:19:39+00:00
SAO_6291-10,São Paulo,3550308,True,,33126,,,-23.596346,-46.708363500000004,,,,2,2023-06-19T02:20:15+00:00
SAO_3026-10,São Paulo,3550308,True,,962,,,-23.590299,-46.381682,,,,1,2023-06-19T02:20:15+00:00
SAO_3026-10,São Paulo,3550308,True,,962,,,-23.542768,-46.41466525,,,,1,2023-06-19T02:18:10+00:00
SAO_3026-10,São Paulo,3550308,True,,962,,,-23.5827675,-46.386084,,,,1,2023-06-19T02:19:49+00:00
SAO_3026-10,São Paulo,3550308,True,,962,,,-23.5827675,-46.386084,,,,1,2023-06-19T02:19:52+00:00
SAO_3026-10,São Paulo,3550308,True,,962,,,-23.585534000000003,-46.381245,,,,1,2023-06-19T02:16:42+00:00
SAO_6812-10,São Paulo,3550308,True,,1242,,,-23.669815749999998,-46.73685449999999,,,,1,2023-06-19T02:19:43+00:00
SAO_6812-10,São Paulo,3550308,True,,1242,,,-23.718654,-46.7846245,,,,1,2023-06-19T02:19:54+00:00
SAO_957T-10,São Paulo,3550308,True,,33232,,,-23.442724,-46.717219,,,,2,2023-06-19T02:20:07+00:00
SAO_957T-10,São Paulo,3550308,True,,33232,,,-23.436427374999997,-46.716528374999996,,,,2,2023-06-19T02:19:46+00:00
SAO_957T-10,São Paulo,3550308,True,,33232,,,-23.504894999999998,-46.6944235,,,,2,2023-06-19T02:20:17+00:00
SAO_7023-10,São Paulo,3550308,True,,2152,,,-23.6993375,-46.768568,,,,1,2023-06-19T02:20:05+00:00
SAO_263C-10,São Paulo,3550308,True,EMTU,252,https://moovitapp.com/index/pt-br/transporte_p%C3%BAblico-line-252-Sao_Paulo-242-2038937-36419363-0,6.8,-23.53939075,-46.4398695,,,,1,2023-06-19T02:19:49+00:00
SAO_263C-10,São Paulo,3550308,True,EMTU,252,https://moovitapp.com/index/pt-br/transporte_p%C3%BAblico-line-252-Sao_Paulo-242-2038937-36419363-0,6.8,-23.477876000000002,-46.419193,,,,1,2023-06-19T02:19:46+00:00
SAO_3766-51,São Paulo,3550308,True,,35343,,,-23.55134275,-46.42555625,,,,2,2023-06-19T02:20:12+00:00
SAO_3766-51,São Paulo,3550308,True,,35343,,,-23.530773500000002,-46.445034,,,,2,2023-06-19T02:20:18+00:00
SAO_3766-51,São Paulo,3550308,True,,35343,,,-23.556531999999997,-46.43102175,,,,2,2023-06-19T02:20:23+00:00
SAO_3766-51,São Paulo,3550308,True,,35343,,,-23.549396625,-46.4279,,,,2,2023-06-19T02:20:15+00:00
SAO_3766-51,São Paulo,3550308,True,,35343,,,-23.543428,-46.470264,,,,2,2023-06-19T02:20:00+00:00
SAO_4036-10,São Paulo,3550308,True,,35329,,,-23.558351000000002,-46.5228025,,,,2,2023-06-19T02:19:18+00:00
SAO_4036-10,São Paulo,3550308,True,,35329,,,-23.55025,-46.4979785,,,,2,2023-06-19T02:19:42+00:00
SAO_2725-10,São Paulo,3550308,True,,939,,,-23.540045,-46.483149499999996,,,,1,2023-06-19T02:19:54+00:00
SAO_2725-10,São Paulo,3550308,True,,939,,,-23.516475,-46.468033999999996,,,,1,2023-06-19T02:20:02+00:00
SAO_2725-10,São Paulo,3550308,True,,939,,,-23.540045,-46.483149499999996,,,,1,2023-06-19T02:20:16+00:00
SAO_2725-10,São Paulo,3550308,True,,939,,,-23.540045,-46.483149499999996,,,,1,2023-06-19T02:20:06+00:00
SAO_2725-10,São Paulo,3550308,True,,939,,,-23.540045,-46.483149499999996,,,,1,2023-06-19T02:20:05+00:00
SAO_2725-10,São Paulo,3550308,True,,939,,,-23.540045,-46.483149499999996,,,,1,2023-06-19T02:19:42+00:00
SAO_5127-10,São Paulo,3550308,True,,33895,,,-23.677825,-46.701614500000005,,,,2,2023-06-19T02:19:16+00:00
SAO_5127-10,São Paulo,3550308,True,,33895,,,-23.677825,-46.701614500000005,,,,2,2023-06-19T02:19:44+00:00
SAO_5127-10,São Paulo,3550308,True,,33895,,,-23.677825,-46.701614500000005,,,,2,2023-06-19T02:20:14+00:00
SAO_5127-10,São Paulo,3550308,True,,33895,,,-23.677825,-46.701614500000005,,,,2,2023-06-19T02:20:07+00:00
SAO_5127-10,São Paulo,3550308,True,,33895,,,-23.677825,-46.701614500000005,,,,2,2023-06-19T02:20:13+00:00
SAO_5127-10,São Paulo,3550308,True,,33895,,,-23.677825,-46.701614500000005,,,,2,2023-06-19T02:19:24+00:00
SAO_5127-10,São Paulo,3550308,True,,33895,,,-23.67371,-46.69734125,,,,2,2023-06-19T02:19:47+00:00
SAO_5127-10,São Paulo,3550308,True,,33895,,,-23.677825,-46.701614500000005,,,,2,2023-06-19T02:20:14+00:00
SAO_5127-10,São Paulo,3550308,True,,33895,,,-23.696272999999998,-46.649910500000004,,,,2,2023-06-19T02:20:13+00:00
SAO_5127-10,São Paulo,3550308,True,,33895,,,-23.677825,-46.701614500000005,,,,2,2023-06-19T02:19:45+00:00
SAO_5127-10,São Paulo,3550308,True,,33895,,,-23.67548925,-46.685847499999994,,,,2,2023-06-19T02:20:16+00:00
SAO_5127-10,São Paulo,3550308,True,,33895,,,-23.677825,-46.701614500000005,,,,2,2023-06-19T02:19:44+00:00
SAO_514T-10,São Paulo,3550308,True,,34439,,,-23.58602625,-46.52632475,,,,2,2023-06-19T02:20:19+00:00
SAO_514T-10,São Paulo,3550308,True,,34439,,,-23.593684500000002,-46.4983335,,,,2,2023-06-19T02:20:03+00:00
SAO_514T-10,São Paulo,3550308,True,,34439,,,-23.603439,-46.602865,,,,2,2023-06-19T02:19:56+00:00
SAO_514T-10,São Paulo,3550308,True,,34439,,,-23.58050025,-46.60158,,,,2,2023-06-19T02:19:41+00:00
SAO_9500-10,São Paulo,3550308,True,,33229,,,-23.4805725,-46.6731805,,,,2,2023-06-19T02:20:18+00:00
SAO_9500-10,São Paulo,3550308,True,,33229,,,-23.536924999999997,-46.642031,,,,2,2023-06-19T02:20:08+00:00
SAO_9500-10,São Paulo,3550308,True,,33229,,,-23.4742495,-46.669781,,,,2,2023-06-19T02:19:55+00:00
SAO_407N-10,São Paulo,3550308,True,,34937,,,-23.5747305,-46.503548,,,,2,2023-06-19T02:20:02+00:00
SAO_407N-10,São Paulo,3550308,True,,34937,,,-23.5834725,-46.4073455,,,,2,2023-06-19T02:19:53+00:00
SAO_407N-10,São Paulo,3550308,True,,34937,,,-23.583754,-46.4150015,,,,2,2023-06-19T02:19:41+00:00
SAO_407N-10,São Paulo,3550308,True,,34937,,,-23.53671025,-46.537451250000004,,,,2,2023-06-19T02:20:07+00:00
SAO_407N-10,São Paulo,3550308,True,,34937,,,-23.595152499999998,-46.450891,,,,2,2023-06-19T02:19:38+00:00
SAO_407N-10,São Paulo,3550308,True,,34937,,,-23.534,-46.5424035,,,,2,2023-06-19T02:19:52+00:00
SAO_6026-10,São Paulo,3550308,True,,87,,,-23.65466625,-46.714012499999995,,,,1,2023-06-19T02:20:12+00:00
SAO_6026-10,São Paulo,3550308,True,,87,,,-23.6541535,-46.7114125,,,,1,2023-06-19T02:19:58+00:00
SAO_6026-10,São Paulo,3550308,True,,87,,,-23.67615825,-46.69584275,,,,1,2023-06-19T02:19:48+00:00
SAO_8040-10,São Paulo,3550308,True,,33174,,,-23.466296999999997,-46.756079,,,,2,2023-06-19T02:16:22+00:00
SAO_8040-10,São Paulo,3550308,True,,33174,,,-23.439480250000003,-46.76700700000001,,,,2,2023-06-19T02:19:49+00:00
SAO_8040-10,São Paulo,3550308,True,,33174,,,-23.437884,-46.779548500000004,,,,2,2023-06-19T02:20:03+00:00
SAO_4024-10,São Paulo,3550308,True,,34926,,,-23.5548255,-46.4358335,,,,2,2023-06-19T02:19:42+00:00
SAO_4024-10,São Paulo,3550308,True,,34926,,,-23.567145,-46.424549999999996,,,,2,2023-06-19T02:16:18+00:00
SAO_2582-10,São Paulo,3550308,True,,33142,,,-23.493029999999997,-46.475331499999996,,,,2,2023-06-19T02:19:59+00:00
SAO_2582-10,São Paulo,3550308,True,,33142,,,-23.4838685,-46.490166,,,,2,2023-06-19T02:16:59+00:00
SAO_2582-10,São Paulo,3550308,True,,33142,,,-23.51908225,-46.42337275,,,,2,2023-06-19T02:19:40+00:00
SAO_2582-10,São Paulo,3550308,True,,33142,,,-23.535182374999998,-46.58226225,,,,2,2023-06-19T02:20:17+00:00
SAO_2582-10,São Paulo,3550308,True,,33142,,,-23.51891675,-46.423640250000005,,,,2,2023-06-19T02:20:07+00:00
SAO_6825-10,São Paulo,3550308,True,BR7 Mobilidade,14,https://moovitapp.com/index/pt-br/transporte_p%C3%BAblico-line-14-Sao_Paulo-242-851856-183465-0,5.75,-23.685346,-46.800567,,,,1,2023-06-19T02:20:23+00:00
SAO_6825-10,São Paulo,3550308,True,BR7 Mobilidade,14,https://moovitapp.com/index/pt-br/transporte_p%C3%BAblico-line-14-Sao_Paulo-242-851856-183465-0,5.75,-23.66557675,-46.78298225,,,,1,2023-06-19T02:19:59+00:00
SAO_5020-10,São Paulo,3550308,True,,34438,,,-23.6102245,-46.59347325,,,,2,2023-06-19T02:20:23+00:00
SAO_5020-10,São Paulo,3550308,True,,34438,,,-23.6012135,-46.599020499999995,,,,2,2023-06-19T02:20:02+00:00
SAO_5034-10,São Paulo,3550308,True,,34431,,,-23.652755499999998,-46.602143,,,,2,2023-06-19T02:19:40+00:00
SAO_5034-10,São Paulo,3550308,True,,34431,,,-23.653017,-46.6011155,,,,2,2023-06-19T02:19:36+00:00
SAO_975A-10,São Paulo,3550308,True,EMTU,589,https://moovitapp.com/index/pt-br/transporte_p%C3%BAblico-line-589-Sao_Paulo-242-2038937-36419576-0,5.35,-23.4690525,-46.696217000000004,,,,1,2023-06-19T02:20:08+00:00
SAO_975A-10,São Paulo,3550308,True,EMTU,589,https://moovitapp.com/index/pt-br/transporte_p%C3%BAblico-line-589-Sao_Paulo-242-2038937-36419576-0,5.35,-23.528986500000002,-46.661022,,,,1,2023-06-19T02:20:17+00:00
SAO_975A-10,São Paulo,3550308,True,EMTU,589,https://moovitapp.com/index/pt-br/transporte_p%C3%BAblico-line-589-Sao_Paulo-242-2038937-36419576-0,5.35,-23.4690525,-46.696217000000004,,,,1,2023-06-19T02:19:42+00:00
SAO_4729-10,São Paulo,3550308,True,,1108,,,-23.580976,-46.5491345,,,,1,2023-06-19T02:20:11+00:00
SAO_4729-10,São Paulo,3550308,True,,1108,,,-23.542095,-46.593554499999996,,,,1,2023-06-19T02:20:14+00:00
SAO_509J-10,São Paulo,3550308,True,,33032,,,-23.613981375,-46.66741125,,,,2,2023-06-19T02:20:04+00:00
SAO_509J-10,São Paulo,3550308,True,,33032,,,-23.580849999999998,-46.656758999999994,,,,2,2023-06-19T02:19:49+00:00
SAO_509J-10,São Paulo,3550308,True,,33032,,,-23.6854065,-46.6640635,,,,2,2023-06-19T02:19:48+00:00
SAO_938V-10,São Paulo,3550308,True,,33581,,,-23.4527645,-46.6849925,,,,2,2023-06-19T02:20:15+00:00
SAO_938V-10,São Paulo,3550308,True,,33581,,,-23.489151,-46.6940735,,,,2,2023-06-19T02:19:52+00:00
SAO_938V-10,São Paulo,3550308,True,,33581,,,-23.4576745,-46.675726999999995,,,,2,2023-06-19T02:20:14+00:00
SAO_938V-10,São Paulo,3550308,True,,33581,,,-23.452824999999997,-46.6848085,,,,2,2023-06-19T02:19:41+00:00
SAO_6038-10,São Paulo,3550308,True,,1216,,,-23.66147575,-46.790868625,,,,1,2023-06-19T02:19:43+00:00
SAO_6038-10,São Paulo,3550308,True,,1216,,,-23.661773,-46.7904515,,,,1,2023-06-19T02:19:38+00:00
SAO_6038-10,São Paulo,3550308,True,,1216,,,-23.665846000000002,-46.788559,,,,1,2023-06-19T02:20:16+00:00
SAO_6038-10,São Paulo,3550308,True,,1216,,,-23.666168,-46.788377999999994,,,,1,2023-06-19T02:20:07+00:00
SAO_6038-10,São Paulo,3550308,True,,1216,,,-23.6675075,-46.7868885,,,,1,2023-06-19T02:19:52+00:00
SAO_6038-10,São Paulo,3550308,True,,1216,,,-23.6578735,-46.7897725,,,,1,2023-06-19T02:20:10+00:00
SAO_6038-10,São Paulo,3550308,True,,1216,,,-23.643501999999998,-46.709368999999995,,,,1,2023-06-19T02:19:41+00:00
SAO_6038-10,São Paulo,3550308,True,,1216,,,-23.6578735,-46.7897725,,,,1,2023-06-19T02:19:50+00:00
SAO_971R-10,São Paulo,3550308,True,,614,,,-23.454421500000002,-46.7374495,,,,1,2023-06-19T02:19:40+00:00
SAO_971R-10,São Paulo,3550308,True,,614,,,-23.435848,-46.71495075,,,,1,2023-06-19T02:19:56+00:00
SAO_971R-10,São Paulo,3550308,True,,614,,,-23.454421500000002,-46.7374495,,,,1,2023-06-19T02:19:47+00:00
SAO_971R-10,São Paulo,3550308,True,,614,,,-23.4592335,-46.686509,,,,1,2023-06-19T02:15:48+00:00
SAO_971R-10,São Paulo,3550308,True,,614,,,-23.454421500000002,-46.7374495,,,,1,2023-06-19T02:20:01+00:00
SAO_971R-10,São Paulo,3550308,True,,614,,,-23.454421500000002,-46.7374495,,,,1,2023-06-19T02:19:11+00:00
SAO_971R-10,São Paulo,3550308,True,,614,,,-23.454421500000002,-46.7374495,,,,1,2023-06-19T02:20:19+00:00
SAO_971R-10,São Paulo,3550308,True,,614,,,-23.50034475,-46.626573750000006,,,,1,2023-06-19T02:19:52+00:00
SAO_6078-10,São Paulo,3550308,True,,1166,,,-23.670115000000003,-46.6794165,,,,1,2023-06-19T02:20:14+00:00
SAO_6078-10,São Paulo,3550308,True,,1166,,,-23.753507,-46.6862175,,,,1,2023-06-19T02:19:43+00:00
SAO_6078-10,São Paulo,3550308,True,,1166,,,-23.6739695,-46.677918,,,,1,2023-06-19T02:19:56+00:00
SAO_6078-10,São Paulo,3550308,True,,1166,,,-23.7558935,-46.6710985,,,,1,2023-06-19T02:20:09+00:00
SAO_2724-10,São Paulo,3550308,True,,33706,,,-23.539782000000002,-46.482977500000004,,,,2,2023-06-19T02:19:51+00:00
SAO_2724-10,São Paulo,3550308,True,,33706,,,-23.538293375,-46.47895,,,,2,2023-06-19T02:19:49+00:00
SAO_2724-10,São Paulo,3550308,True,,33706,,,-23.5220405,-46.470074499999996,,,,2,2023-06-19T02:20:00+00:00
SAO_2724-10,São Paulo,3550308,True,,33706,,,-23.5403095,-46.483497,,,,2,2023-06-19T02:20:06+00:00
SAO_2582-10,São Paulo,3550308,True,EMTU,374,https://moovitapp.com/index/pt-br/transporte_p%C3%BAblico-line-374-Sao_Paulo-242-2038937-36419448-0,3.7,-23.514255,-46.425095999999996,,,,1,2023-06-19T02:17:34+00:00
SAO_2582-10,São Paulo,3550308,True,EMTU,374,https://moovitapp.com/index/pt-br/transporte_p%C3%BAblico-line-374-Sao_Paulo-242-2038937-36419448-0,3.7,-23.5372205,-46.59428762499999,,,,1,2023-06-19T02:19:42+00:00
SAO_2582-10,São Paulo,3550308,True,EMTU,374,https://moovitapp.com/index/pt-br/transporte_p%C3%BAblico-line-374-Sao_Paulo-242-2038937-36419448-0,3.7,-23.489552500000002,-46.4782205,,,,1,2023-06-19T02:20:03+00:00
SAO_8622-10,São Paulo,3550308,True,,33206,,,-23.430582,-46.78672225,,,,2,2023-06-19T02:20:11+00:00
SAO_8622-10,São Paulo,3550308,True,,33206,,,-23.526037000000002,-46.676320000000004,,,,2,2023-06-19T02:20:03+00:00
SAO_8622-10,São Paulo,3550308,True,,33206,,,-23.446475,-46.79840900000001,,,,2,2023-06-19T02:20:04+00:00
SAO_8622-10,São Paulo,3550308,True,,33206,,,-23.534668500000002,-46.6537985,,,,2,2023-06-19T02:20:08+00:00
SAO_3751-10,São Paulo,3550308,True,,1047,,,-23.569356,-46.4108985,,,,1,2023-06-19T02:19:40+00:00
SAO_3751-10,São Paulo,3550308,True,,1047,,,-23.5425595,-46.469581500000004,,,,1,2023-06-19T02:19:55+00:00
SAO_3751-10,São Paulo,3550308,True,,1047,,,-23.569356,-46.4108985,,,,1,2023-06-19T02:19:58+00:00
SAO_3046-10,São Paulo,3550308,True,,971,,,-23.580204000000002,-46.5255565,,,,1,2023-06-19T02:20:10+00:00
SAO_3046-10,São Paulo,3550308,True,,971,,,-23.580204000000002,-46.5255565,,,,1,2023-06-19T02:20:05+00:00
SAO_3046-10,São Paulo,3550308,True,,971,,,-23.541215,-46.5774215,,,,1,2023-06-19T02:20:05+00:00
SAO_3046-10,São Paulo,3550308,True,,971,,,-23.571675875,-46.564329,,,,1,2023-06-19T02:19:53+00:00
SAO_6008-10,São Paulo,3550308,True,,1200,,,-23.667816000000002,-46.7312965,,,,1,2023-06-19T02:20:00+00:00
SAO_6008-10,São Paulo,3550308,True,,1200,,,-23.65433125,-46.70752475,,,,1,2023-06-19T02:20:22+00:00
SAO_6008-10,São Paulo,3550308,True,,1200,,,-23.688436000000003,-46.765730000000005,,,,1,2023-06-19T02:20:19+00:00
SAO_5127-10,São Paulo,3550308,True,,1127,,,-23.7015515,-46.640887,,,,1,2023-06-19T02:19:44+00:00
SAO_5127-10,São Paulo,3550308,True,,1127,,,-23.7015515,-46.640887,,,,1,2023-06-19T02:19:52+00:00
SAO_5127-10,São Paulo,3550308,True,,1127,,,-23.7015515,-46.640887,,,,1,2023-06-19T02:19:37+00:00
SAO_5127-10,São Paulo,3550308,True,,1127,,,-23.698710499999997,-46.647746,,,,1,2023-06-19T02:20:12+00:00
SAO_5127-10,São Paulo,3550308,True,,1127,,,-23.688291999999997,-46.665910499999995,,,,1,2023-06-19T02:19:53+00:00
SAO_856R-10,São Paulo,3550308,True,,1428,,,-23.521862,-46.6976475,,,,1,2023-06-19T02:19:36+00:00
SAO_856R-10,São Paulo,3550308,True,,1428,,,-23.614648000000003,-46.679307,,,,1,2023-06-19T02:20:18+00:00
SAO_856R-10,São Paulo,3550308,True,,1428,,,-23.5667195,-46.6943055,,,,1,2023-06-19T02:20:16+00:00
SAO_856R-10,São Paulo,3550308,True,,1428,,,-23.6153455,-46.6797895,,,,1,2023-06-19T02:20:19+00:00
SAO_2707-10,São Paulo,3550308,True,,919,,,-23.542569,-46.471864499999995,,,,1,2023-06-19T02:18:24+00:00
SAO_2707-10,São Paulo,3550308,True,,919,,,-23.525353,-46.4059125,,,,1,2023-06-19T02:19:38+00:00
SAO_2707-10,São Paulo,3550308,True,,919,,,-23.5342725,-46.452933,,,,1,2023-06-19T02:19:07+00:00
SAO_2707-10,São Paulo,3550308,True,,919,,,-23.536042625,-46.403811125000004,,,,1,2023-06-19T02:19:30+00:00
SAO_233A-10,São Paulo,3550308,True,EMTU,249,https://moovitapp.com/index/pt-br/transporte_p%C3%BAblico-line-249-Sao_Paulo-242-2038937-58093193-0,5.4,-23.508927,-46.44334275,,,,1,2023-06-19T02:20:17+00:00
SAO_233A-10,São Paulo,3550308,True,EMTU,249,https://moovitapp.com/index/pt-br/transporte_p%C3%BAblico-line-249-Sao_Paulo-242-2038937-58093193-0,5.4,-23.55804225,-46.52107075,,,,1,2023-06-19T02:20:01+00:00
SAO_5142-10,São Paulo,3550308,True,,34394,,,-23.598249,-46.539349,,,,2,2023-06-19T02:19:57+00:00
SAO_5142-10,São Paulo,3550308,True,,34394,,,-23.5849575,-46.5830825,,,,2,2023-06-19T02:20:10+00:00
SAO_5142-10,São Paulo,3550308,True,,34394,,,-23.556236,-46.6279345,,,,2,2023-06-19T02:19:44+00:00
SAO_5142-10,São Paulo,3550308,True,,34394,,,-23.614544,-46.500679,,,,2,2023-06-19T02:19:47+00:00
SAO_1721-10,São Paulo,3550308,True,,33434,,,-23.505204,-46.6217405,,,,2,2023-06-19T02:18:54+00:00
SAO_3098-10,São Paulo,3550308,True,,1078,,,-23.5645445,-46.508259,,,,1,2023-06-19T02:19:39+00:00
SAO_3098-10,São Paulo,3550308,True,,1078,,,-23.610467,-46.476589375,,,,1,2023-06-19T02:20:05+00:00
SAO_271A-51,São Paulo,3550308,True,,33471,,,-23.4979085,-46.514503000000005,,,,2,2023-06-19T02:20:12+00:00
SAO_271A-51,São Paulo,3550308,True,,33471,,,-23.50225,-46.623670000000004,,,,2,2023-06-19T02:20:10+00:00
SAO_271A-51,São Paulo,3550308,True,,33471,,,-23.5005415,-46.57257250000001,,,,2,2023-06-19T02:19:51+00:00
SAO_4025-10,São Paulo,3550308,True,,1095,,,-23.585192499999998,-46.580205500000005,,,,1,2023-06-19T02:19:59+00:00
SAO_4025-10,São Paulo,3550308,True,,1095,,,-23.54147175,-46.573660249999996,,,,1,2023-06-19T02:19:45+00:00
SAO_7063-10,São Paulo,3550308,True,,1899,,,-23.651991000000002,-46.789846499999996,,,,1,2023-06-19T02:19:51+00:00
SAO_7063-10,São Paulo,3550308,True,,1899,,,-23.651991000000002,-46.789846499999996,,,,1,2023-06-19T02:19:55+00:00
SAO_7063-10,São Paulo,3550308,True,,1899,,,-23.651991000000002,-46.789846499999996,,,,1,2023-06-19T02:19:46+00:00
SAO_7063-10,São Paulo,3550308,True,,1899,,,-23.651991000000002,-46.789846499999996,,,,1,2023-06-19T02:19:54+00:00
SAO_7063-10,São Paulo,3550308,True,,1899,,,-23.651991000000002,-46.789846499999996,,,,1,2023-06-19T02:20:04+00:00
SAO_7063-10,São Paulo,3550308,True,,1899,,,-23.651991000000002,-46.789846499999996,,,,1,2023-06-19T02:20:15+00:00
SAO_7063-10,São Paulo,3550308,True,,1899,,,-23.651991000000002,-46.789846499999996,,,,1,2023-06-19T02:19:44+00:00
SAO_7063-10,São Paulo,3550308,True,,1899,,,-23.651991000000002,-46.789846499999996,,,,1,2023-06-19T02:20:03+00:00
SAO_7281-10,São Paulo,3550308,True,,34102,,,-23.5216575,-46.7021335,,,,2,2023-06-19T02:20:17+00:00
SAO_7281-10,São Paulo,3550308,True,,34102,,,-23.521662,-46.701854,,,,2,2023-06-19T02:20:08+00:00
SAO_7281-10,São Paulo,3550308,True,,34102,,,-23.527539375000003,-46.702359375,,,,2,2023-06-19T02:20:10+00:00
SAO_7281-10,São Paulo,3550308,True,,34102,,,-23.54262575,-46.640550625,,,,2,2023-06-19T02:20:05+00:00
SAO_263J-10,São Paulo,3550308,True,EMTU,219,https://moovitapp.com/index/pt-br/transporte_p%C3%BAblico-line-219-Sao_Paulo-242-2038937-36419341-0,8.55,-23.519892,-46.475857,,,,1,2023-06-19T02:20:08+00:00
SAO_263J-10,São Paulo,3550308,True,EMTU,219,https://moovitapp.com/index/pt-br/transporte_p%C3%BAblico-line-219-Sao_Paulo-242-2038937-36419341-0,8.55,-23.549966249999997,-46.43092575,,,,1,2023-06-19T02:19:40+00:00
SAO_263J-10,São Paulo,3550308,True,EMTU,219,https://moovitapp.com/index/pt-br/transporte_p%C3%BAblico-line-219-Sao_Paulo-242-2038937-36419341-0,8.55,-23.5502825,-46.430747,,,,1,2023-06-19T02:19:44+00:00
SAO_6091-10,São Paulo,3550308,True,,1175,,,-23.740868,-46.704811750000005,,,,1,2023-06-19T02:19:48+00:00
SAO_6091-10,São Paulo,3550308,True,,1175,,,-23.662529,-46.706588499999995,,,,1,2023-06-19T02:20:22+00:00
SAO_6091-10,São Paulo,3550308,True,,1175,,,-23.80157825,-46.73396275,,,,1,2023-06-19T02:20:12+00:00
SAO_6091-10,São Paulo,3550308,True,,1175,,,-23.781652,-46.725950999999995,,,,1,2023-06-19T02:17:55+00:00
SAO_6091-10,São Paulo,3550308,True,,1175,,,-23.8328725,-46.72274925,,,,1,2023-06-19T02:19:54+00:00
SAO_888P-10,São Paulo,3550308,True,,33222,,,-23.442003,-46.708443,,,,2,2023-06-19T02:20:11+00:00
SAO_888P-10,São Paulo,3550308,True,,33222,,,-23.439253375000003,-46.70926887499999,,,,2,2023-06-19T02:19:55+00:00
SAO_888P-10,São Paulo,3550308,True,,33222,,,-23.4549255,-46.7394915,,,,2,2023-06-19T02:19:39+00:00
SAO_888P-10,São Paulo,3550308,True,,33222,,,-23.408132000000002,-46.741365,,,,2,2023-06-19T02:20:09+00:00
SAO_637P-10,São Paulo,3550308,True,,47,,,-23.6541465,-46.711351,,,,1,2023-06-19T02:20:02+00:00
SAO_637P-10,São Paulo,3550308,True,,47,,,-23.56750625,-46.693092,,,,1,2023-06-19T02:20:14+00:00
SAO_637P-10,São Paulo,3550308,True,,47,,,-23.588065999999998,-46.671693000000005,,,,1,2023-06-19T02:20:08+00:00
SAO_637P-10,São Paulo,3550308,True,,47,,,-23.6541465,-46.711351,,,,1,2023-06-19T02:19:59+00:00
SAO_637P-10,São Paulo,3550308,True,,47,,,-23.6541465,-46.711351,,,,1,2023-06-19T02:19:50+00:00
SAO_4093-10,São Paulo,3550308,True,,2448,,,-23.588952,-46.395677,,,,1,2023-06-19T02:20:12+00:00
SAO_4093-10,São Paulo,3550308,True,,2448,,,-23.5830225,-46.4086875,,,,1,2023-06-19T02:20:20+00:00
SAO_4093-10,São Paulo,3550308,True,,2448,,,-23.582922,-46.4081745,,,,1,2023-06-19T02:20:12+00:00
SAO_4093-10,São Paulo,3550308,True,,2448,,,-23.596536999999998,-46.398201,,,,1,2023-06-19T02:17:36+00:00
SAO_4093-10,São Paulo,3550308,True,,2448,,,-23.588952,-46.395677,,,,1,2023-06-19T02:20:09+00:00
SAO_5012-10,São Paulo,3550308,True,,1116,,,-23.7097155,-46.6354455,,,,1,2023-06-19T02:19:56+00:00
SAO_5012-10,São Paulo,3550308,True,,1116,,,-23.7097155,-46.6354455,,,,1,2023-06-19T02:20:03+00:00
SAO_5012-10,São Paulo,3550308,True,,1116,,,-23.7097155,-46.6354455,,,,1,2023-06-19T02:20:07+00:00
SAO_5012-10,São Paulo,3550308,True,,1116,,,-23.7097155,-46.6354455,,,,1,2023-06-19T02:19:42+00:00
SAO_5012-10,São Paulo,3550308,True,,1116,,,-23.7097155,-46.6354455,,,,1,2023-06-19T02:20:06+00:00
SAO_5012-10,São Paulo,3550308,True,,1116,,,-23.669766,-46.639997,,,,1,2023-06-19T02:20:08+00:00
SAO_5012-10,São Paulo,3550308,True,,1116,,,-23.7097155,-46.6354455,,,,1,2023-06-19T02:19:52+00:00
SAO_5012-10,São Paulo,3550308,True,,1116,,,-23.7097155,-46.6354455,,,,1,2023-06-19T02:20:16+00:00
SAO_5012-10,São Paulo,3550308,True,,1116,,,-23.6460035,-46.6402605,,,,1,2023-06-19T02:19:56+00:00
SAO_5012-10,São Paulo,3550308,True,,1116,,,-23.699776999999997,-46.6411885,,,,1,2023-06-19T02:19:52+00:00
SAO_4033-10,São Paulo,3550308,True,,33871,,,-23.612731249999996,-46.490764999999996,,,,2,2023-06-19T02:19:40+00:00
SAO_4033-10,São Paulo,3550308,True,,33871,,,-23.600694250000004,-46.53929675,,,,2,2023-06-19T02:19:45+00:00
SAO_4033-10,São Paulo,3550308,True,,33871,,,-23.604306,-46.5384965,,,,2,2023-06-19T02:20:22+00:00
SAO_4033-10,São Paulo,3550308,True,,33871,,,-23.603224,-46.542550750000004,,,,2,2023-06-19T02:20:17+00:00
SAO_4033-10,São Paulo,3550308,True,,33871,,,-23.61354,-46.452607,,,,2,2023-06-19T02:20:15+00:00
SAO_9653-10,São Paulo,3550308,True,EMTU,588,https://moovitapp.com/index/pt-br/transporte_p%C3%BAblico-line-588-Sao_Paulo-242-2038937-36419575-0,7.55,-23.51376625,-46.66660375,,,,1,2023-06-19T02:20:04+00:00
SAO_9653-10,São Paulo,3550308,True,EMTU,588,https://moovitapp.com/index/pt-br/transporte_p%C3%BAblico-line-588-Sao_Paulo-242-2038937-36419575-0,7.55,-23.542817999999997,-46.635973,,,,1,2023-06-19T02:20:21+00:00
SAO_9653-10,São Paulo,3550308,True,EMTU,588,https://moovitapp.com/index/pt-br/transporte_p%C3%BAblico-line-588-Sao_Paulo-242-2038937-36419575-0,7.55,-23.461053,-46.649478,,,,1,2023-06-19T02:20:17+00:00
SAO_342N-10,São Paulo,3550308,True,,33771,,,-23.5628445,-46.3949135,,,,2,2023-06-19T02:20:08+00:00
SAO_342N-10,São Paulo,3550308,True,,33771,,,-23.565209000000003,-46.397782250000006,,,,2,2023-06-19T02:20:12+00:00
SAO_342N-10,São Paulo,3550308,True,,33771,,,-23.542444,-46.416917999999995,,,,2,2023-06-19T02:19:49+00:00
SAO_1743-10,São Paulo,3550308,True,EMTU,543,https://moovitapp.com/index/pt-br/transporte_p%C3%BAblico-line-543-Sao_Paulo-242-2038937-36419552-0,5.15,-23.52362875,-46.62549275,,,,1,2023-06-19T02:19:39+00:00
SAO_1743-10,São Paulo,3550308,True,EMTU,543,https://moovitapp.com/index/pt-br/transporte_p%C3%BAblico-line-543-Sao_Paulo-242-2038937-36419552-0,5.15,-23.456006000000002,-46.667834,,,,1,2023-06-19T02:19:37+00:00
SAO_1743-10,São Paulo,3550308,True,EMTU,543,https://moovitapp.com/index/pt-br/transporte_p%C3%BAblico-line-543-Sao_Paulo-242-2038937-36419552-0,5.15,-23.467868,-46.6673655,,,,1,2023-06-19T02:19:45+00:00
SAO_637R-10,São Paulo,3550308,True,,32964,,,-23.720212500000002,-46.769873624999995,,,,2,2023-06-19T02:15:17+00:00
SAO_637R-10,São Paulo,3550308,True,,32964,,,-23.669746,-46.73697725,,,,2,2023-06-19T02:20:12+00:00
SAO_637R-10,São Paulo,3550308,True,,32964,,,-23.7021595,-46.782621,,,,2,2023-06-19T02:20:08+00:00
SAO_637R-10,São Paulo,3550308,True,,32964,,,-23.719981500000003,-46.769767374999994,,,,2,2023-06-19T02:19:44+00:00
SAO_637R-10,São Paulo,3550308,True,,32964,,,-23.71969,-46.7694645,,,,2,2023-06-19T02:19:42+00:00
SAO_178Y-10,São Paulo,3550308,True,,868,,,-23.484766,-46.623604,,,,1,2023-06-19T02:20:21+00:00
SAO_5106-10,São Paulo,3550308,True,,1280,,,-23.62015575,-46.639508,,,,1,2023-06-19T02:20:06+00:00
SAO_5106-10,São Paulo,3550308,True,,1280,,,-23.552009499999997,-46.636031,,,,1,2023-06-19T02:20:21+00:00
SAO_5106-10,São Paulo,3550308,True,,1280,,,-23.6957005,-46.649823999999995,,,,1,2023-06-19T02:20:00+00:00
SAO_475M-10,São Paulo,3550308,True,EMTU,343,https://moovitapp.com/index/pt-br/transporte_p%C3%BAblico-line-343-Sao_Paulo-242-2038937-36419427-0,5.15,-23.591544,-46.6194265,,,,1,2023-06-19T02:19:59+00:00
SAO_475M-10,São Paulo,3550308,True,EMTU,343,https://moovitapp.com/index/pt-br/transporte_p%C3%BAblico-line-343-Sao_Paulo-242-2038937-36419427-0,5.15,-23.5997165,-46.615914000000004,,,,1,2023-06-19T02:20:14+00:00
SAO_475M-10,São Paulo,3550308,True,EMTU,343,https://moovitapp.com/index/pt-br/transporte_p%C3%BAblico-line-343-Sao_Paulo-242-2038937-36419427-0,5.15,-23.538528749999998,-46.6548195,,,,1,2023-06-19T02:19:59+00:00
SAO_6036-10,São Paulo,3550308,True,,33982,,,-23.647630499999998,-46.786922000000004,,,,2,2023-06-19T02:19:43+00:00
SAO_6036-10,São Paulo,3550308,True,,33982,,,-23.65385975,-46.79008575,,,,2,2023-06-19T02:19:56+00:00
SAO_6036-10,São Paulo,3550308,True,,33982,,,-23.65385975,-46.79008575,,,,2,2023-06-19T02:20:05+00:00
SAO_6036-10,São Paulo,3550308,True,,33982,,,-23.6438595,-46.731730999999996,,,,2,2023-06-19T02:19:41+00:00
SAO_6036-10,São Paulo,3550308,True,,33982,,,-23.6497485,-46.7062485,,,,2,2023-06-19T02:20:00+00:00
SAO_6036-10,São Paulo,3550308,True,,33982,,,-23.6497485,-46.7062485,,,,2,2023-06-19T02:19:38+00:00
SAO_6036-10,São Paulo,3550308,True,,33982,,,-23.65385975,-46.79008575,,,,2,2023-06-19T02:19:51+00:00
SAO_707A-10,São Paulo,3550308,True,,1990,,,-23.6043825,-46.656850375,,,,1,2023-06-19T02:19:53+00:00
SAO_707A-10,São Paulo,3550308,True,,1990,,,-23.63323025,-46.690116,,,,1,2023-06-19T02:20:21+00:00
SAO_707A-10,São Paulo,3550308,True,,1990,,,-23.671774,-46.7412225,,,,1,2023-06-19T02:20:01+00:00
SAO_715M-10,São Paulo,3550308,True,EMTU,490,https://moovitapp.com/index/pt-br/transporte_p%C3%BAblico-line-490-Sao_Paulo-242-2038937-36419517-0,5.15,-23.559176375,-46.659142,,,,1,2023-06-19T02:19:44+00:00
SAO_715M-10,São Paulo,3550308,True,EMTU,490,https://moovitapp.com/index/pt-br/transporte_p%C3%BAblico-line-490-Sao_Paulo-242-2038937-36419517-0,5.15,-23.571223,-46.691788,,,,1,2023-06-19T02:19:38+00:00
SAO_5630-10,São Paulo,3550308,True,,32846,,,-23.678561000000002,-46.685127,,,,2,2023-06-19T02:20:15+00:00
SAO_5630-10,São Paulo,3550308,True,,32846,,,-23.647226,-46.675112500000004,,,,2,2023-06-19T02:19:47+00:00
SAO_5630-10,São Paulo,3550308,True,,32846,,,-23.541535500000002,-46.6344365,,,,2,2023-06-19T02:19:43+00:00
SAO_5630-10,São Paulo,3550308,True,,32846,,,-23.7379835,-46.6979615,,,,2,2023-06-19T02:19:55+00:00
SAO_5630-10,São Paulo,3550308,True,,32846,,,-23.734577,-46.696059000000005,,,,2,2023-06-19T02:20:02+00:00
SAO_5630-10,São Paulo,3550308,True,,32846,,,-23.7332965,-46.696919,,,,2,2023-06-19T02:20:08+00:00
SAO_8038-10,São Paulo,3550308,True,,33565,,,-23.533345625000003,-46.759172500000005,,,,2,2023-06-19T02:20:09+00:00
SAO_8038-10,São Paulo,3550308,True,,33565,,,-23.53488225,-46.76081775,,,,2,2023-06-19T02:20:06+00:00
SAO_8038-10,São Paulo,3550308,True,,33565,,,-23.542752125,-46.731549875,,,,2,2023-06-19T02:19:53+00:00
SAO_8038-10,São Paulo,3550308,True,,33565,,,-23.5351485,-46.760891,,,,2,2023-06-19T02:19:56+00:00
SAO_3761-10,São Paulo,3550308,True,,1051,,,-23.598715249999998,-46.464727749999994,,,,1,2023-06-19T02:19:57+00:00
SAO_3761-10,São Paulo,3550308,True,,1051,,,-23.618599,-46.4234555,,,,1,2023-06-19T02:19:39+00:00
SAO_3761-10,São Paulo,3550308,True,,1051,,,-23.540884,-46.537508,,,,1,2023-06-19T02:20:15+00:00
SAO_3761-10,São Paulo,3550308,True,,1051,,,-23.616551,-46.42312750000001,,,,1,2023-06-19T02:19:45+00:00
SAO_5107-10,São Paulo,3550308,True,,1659,,,-23.6033435,-46.602573,,,,1,2023-06-19T02:20:05+00:00
SAO_5107-10,São Paulo,3550308,True,,1659,,,-23.597966125,-46.601898375000005,,,,1,2023-06-19T02:19:51+00:00
SAO_5107-10,São Paulo,3550308,True,,1659,,,-23.6033435,-46.602573,,,,1,2023-06-19T02:19:51+00:00
SAO_172P-10,São Paulo,3550308,True,,33626,,,-23.43757025,-46.56626125,,,,2,2023-06-19T02:20:13+00:00
SAO_172P-10,São Paulo,3550308,True,,33626,,,-23.443313000000003,-46.5899855,,,,2,2023-06-19T02:19:42+00:00
SAO_172P-10,São Paulo,3550308,True,,33626,,,-23.4458615,-46.589753,,,,2,2023-06-19T02:19:40+00:00
SAO_172P-10,São Paulo,3550308,True,,33626,,,-23.441778,-46.589405,,,,2,2023-06-19T02:20:09+00:00
SAO_172P-10,São Paulo,3550308,True,,33626,,,-23.54139425,-46.590866000000005,,,,2,2023-06-19T02:20:10+00:00
SAO_172P-10,São Paulo,3550308,True,,33626,,,-23.49098075,-46.59624425,,,,2,2023-06-19T02:20:10+00:00
SAO_172P-10,São Paulo,3550308,True,,33626,,,-23.43905,-46.5802925,,,,2,2023-06-19T02:14:21+00:00
SAO_172P-10,São Paulo,3550308,True,,33626,,,-23.43757025,-46.56626125,,,,2,2023-06-19T02:19:55+00:00
SAO_172P-10,São Paulo,3550308,True,,33626,,,-23.4417915,-46.58921599999999,,,,2,2023-06-19T02:20:13+00:00
SAO_172P-10,São Paulo,3550308,True,,33626,,,-23.4419105,-46.588513500000005,,,,2,2023-06-19T02:20:11+00:00
SAO_172P-10,São Paulo,3550308,True,,33626,,,-23.517978874999997,-46.589335,,,,2,2023-06-19T02:20:17+00:00
SAO_172P-10,São Paulo,3550308,True,,33626,,,-23.492632,-46.5975525,,,,2,2023-06-19T02:20:12+00:00
SAO_6118-10,São Paulo,3550308,True,,1188,,,-23.6658555,-46.711713,,,,1,2023-06-19T02:20:08+00:00
SAO_6118-10,São Paulo,3550308,True,,1188,,,-23.7435915,-46.70258525,,,,1,2023-06-19T02:20:01+00:00
SAO_5036-10,São Paulo,3550308,True,,1666,,,-23.65083,-46.6142375,,,,1,2023-06-19T02:19:37+00:00
SAO_5036-10,São Paulo,3550308,True,,1666,,,-23.6571055,-46.613468999999995,,,,1,2023-06-19T02:20:11+00:00
SAO_5036-10,São Paulo,3550308,True,,1666,,,-23.6571055,-46.613468999999995,,,,1,2023-06-19T02:19:49+00:00
SAO_2708-10,São Paulo,3550308,True,,33689,,,-23.5261865,-46.4322885,,,,2,2023-06-19T02:18:30+00:00
SAO_2708-10,São Paulo,3550308,True,,33689,,,-23.53338,-46.449224,,,,2,2023-06-19T02:19:33+00:00
SAO_807A-10,São Paulo,3550308,True,,34668,,,-23.634331500000002,-46.7700995,,,,2,2023-06-19T02:20:02+00:00
SAO_807A-10,São Paulo,3550308,True,,34668,,,-23.651411375,-46.705074374999995,,,,2,2023-06-19T02:20:18+00:00
SAO_5318-10,São Paulo,3550308,True,,45,,,-23.667381499999998,-46.752379499999996,,,,1,2023-06-19T02:19:54+00:00
SAO_5318-10,São Paulo,3550308,True,,45,,,-23.636584499999998,-46.714828,,,,1,2023-06-19T02:19:44+00:00
SAO_5318-10,São Paulo,3550308,True,,45,,,-23.568860125,-46.6405825,,,,1,2023-06-19T02:19:49+00:00
SAO_1744-10,São Paulo,3550308,True,,33312,,,-23.477238125,-46.64338325,,,,2,2023-06-19T02:20:19+00:00
SAO_9011-10,São Paulo,3550308,True,,878,,,-23.45467,-46.738116000000005,,,,1,2023-06-19T02:20:09+00:00
SAO_9011-10,São Paulo,3550308,True,,878,,,-23.45467,-46.738116000000005,,,,1,2023-06-19T02:20:05+00:00
SAO_9011-10,São Paulo,3550308,True,,878,,,-23.45467,-46.738116000000005,,,,1,2023-06-19T02:20:02+00:00
SAO_9011-10,São Paulo,3550308,True,,878,,,-23.45467,-46.738116000000005,,,,1,2023-06-19T02:19:39+00:00
SAO_9011-10,São Paulo,3550308,True,,878,,,-23.45467,-46.738116000000005,,,,1,2023-06-19T02:20:06+00:00
SAO_9011-10,São Paulo,3550308,True,,878,,,-23.449469999999998,-46.734831,,,,1,2023-06-19T02:20:09+00:00
SAO_9011-10,São Paulo,3550308,True,,878,,,-23.4436245,-46.719502,,,,1,2023-06-19T02:20:01+00:00
SAO_9011-10,São Paulo,3550308,True,,878,,,-23.45467,-46.738116000000005,,,,1,2023-06-19T02:20:03+00:00
SAO_9011-10,São Paulo,3550308,True,,878,,,-23.45467,-46.738116000000005,,,,1,2023-06-19T02:19:37+00:00
SAO_2718-10,São Paulo,3550308,True,,33699,,,-23.4930925,-46.49988925,,,,2,2023-06-19T02:20:22+00:00
SAO_2718-10,São Paulo,3550308,True,,33699,,,-23.509431,-46.5448835,,,,2,2023-06-19T02:19:58+00:00
SAO_2718-10,São Paulo,3550308,True,,33699,,,-23.4930925,-46.49988925,,,,2,2023-06-19T02:20:11+00:00
SAO_2626-10,São Paulo,3550308,True,EMTU,376,https://moovitapp.com/index/pt-br/transporte_p%C3%BAblico-line-376-Sao_Paulo-242-2038937-114744732-0,5.1,-23.49797,-46.462307,,,,1,2023-06-19T02:20:11+00:00
SAO_2626-10,São Paulo,3550308,True,EMTU,376,https://moovitapp.com/index/pt-br/transporte_p%C3%BAblico-line-376-Sao_Paulo-242-2038937-114744732-0,5.1,-23.53906475,-46.6071805,,,,1,2023-06-19T02:20:04+00:00
SAO_2626-10,São Paulo,3550308,True,EMTU,376,https://moovitapp.com/index/pt-br/transporte_p%C3%BAblico-line-376-Sao_Paulo-242-2038937-114744732-0,5.1,-23.546727,-46.629723999999996,,,,1,2023-06-19T02:20:19+00:00
SAO_3051-10,São Paulo,3550308,True,,35214,,,-23.518814499999998,-46.475541,,,,2,2023-06-19T02:20:21+00:00
SAO_3051-10,São Paulo,3550308,True,,35214,,,-23.486603000000002,-46.482687,,,,2,2023-06-19T02:19:59+00:00
SAO_746P-10,São Paulo,3550308,True,,33556,,,-23.617432,-46.7210475,,,,2,2023-06-19T02:20:01+00:00
SAO_746P-10,São Paulo,3550308,True,,33556,,,-23.617432,-46.7210475,,,,2,2023-06-19T02:19:53+00:00
SAO_746P-10,São Paulo,3550308,True,,33556,,,-23.649947,-46.7061525,,,,2,2023-06-19T02:20:14+00:00
SAO_407H-10,São Paulo,3550308,True,,34965,,,-23.6278145,-46.445745,,,,2,2023-06-19T02:20:02+00:00
SAO_407H-10,São Paulo,3550308,True,,34965,,,-23.5429995,-46.470884999999996,,,,2,2023-06-19T02:19:35+00:00
SAO_407H-10,São Paulo,3550308,True,,34965,,,-23.61278575,-46.455194375000005,,,,2,2023-06-19T02:20:19+00:00
SAO_407H-10,São Paulo,3550308,True,,34965,,,-23.572051000000002,-46.446417,,,,2,2023-06-19T02:19:58+00:00
SAO_745M-10,São Paulo,3550308,True,,33550,,,-23.643030500000002,-46.77970475,,,,2,2023-06-19T02:20:04+00:00
SAO_745M-10,São Paulo,3550308,True,,33550,,,-23.6614595,-46.768571,,,,2,2023-06-19T02:19:41+00:00
SAO_745M-10,São Paulo,3550308,True,,33550,,,-23.630817,-46.767892,,,,2,2023-06-19T02:19:48+00:00
SAO_745M-10,São Paulo,3550308,True,,33550,,,-23.630928500000003,-46.767601,,,,2,2023-06-19T02:20:21+00:00
SAO_745M-10,São Paulo,3550308,True,,33550,,,-23.630928500000003,-46.767601,,,,2,2023-06-19T02:20:21+00:00
SAO_745M-10,São Paulo,3550308,True,,33550,,,-23.630817,-46.767892,,,,2,2023-06-19T02:20:11+00:00
SAO_745M-10,São Paulo,3550308,True,,33550,,,-23.672378875,-46.701694625,,,,2,2023-06-19T02:20:20+00:00
SAO_745M-10,São Paulo,3550308,True,,33550,,,-23.6384965,-46.779754499999996,,,,2,2023-06-19T02:19:48+00:00
SAO_745M-10,São Paulo,3550308,True,,33550,,,-23.630817,-46.767892,,,,2,2023-06-19T02:20:22+00:00
SAO_745M-10,São Paulo,3550308,True,,33550,,,-23.6824585,-46.6907875,,,,2,2023-06-19T02:20:04+00:00
SAO_745M-10,São Paulo,3550308,True,,33550,,,-23.6614595,-46.768571,,,,2,2023-06-19T02:20:09+00:00
SAO_745M-10,São Paulo,3550308,True,,33550,,,-23.675822500000002,-46.752639,,,,2,2023-06-19T02:19:47+00:00
SAO_7053-10,São Paulo,3550308,True,,1887,,,-23.65385975,-46.79008575,,,,1,2023-06-19T02:20:09+00:00
SAO_7053-10,São Paulo,3550308,True,,1887,,,-23.640894,-46.782884,,,,1,2023-06-19T02:19:52+00:00
SAO_7053-10,São Paulo,3550308,True,,1887,,,-23.65385975,-46.79008575,,,,1,2023-06-19T02:20:10+00:00
SAO_7053-10,São Paulo,3550308,True,,1887,,,-23.640779000000002,-46.7825665,,,,1,2023-06-19T02:19:47+00:00
SAO_7053-10,São Paulo,3550308,True,,1887,,,-23.640479,-46.781559,,,,1,2023-06-19T02:19:49+00:00
SAO_5362-10,São Paulo,3550308,True,,32838,,,-23.753905500000002,-46.680769,,,,2,2023-06-19T02:20:21+00:00
SAO_5362-10,São Paulo,3550308,True,,32838,,,-23.742515,-46.6656395,,,,2,2023-06-19T02:19:36+00:00
SAO_5362-10,São Paulo,3550308,True,,32838,,,-23.753557999999998,-46.688295,,,,2,2023-06-19T02:19:36+00:00
SAO_5362-10,São Paulo,3550308,True,,32838,,,-23.5668615,-46.64077875,,,,2,2023-06-19T02:19:55+00:00
SAO_5362-10,São Paulo,3550308,True,,32838,,,-23.67847175,-46.7125835,,,,2,2023-06-19T02:19:52+00:00
SAO_5362-10,São Paulo,3550308,True,,32838,,,-23.6326475,-46.68952175,,,,2,2023-06-19T02:20:01+00:00
SAO_8605-10,São Paulo,3550308,True,,34685,,,-23.582542500000002,-46.7134545,,,,2,2023-06-19T02:20:23+00:00
SAO_8605-10,São Paulo,3550308,True,,34685,,,-23.6312955,-46.773033999999996,,,,2,2023-06-19T02:19:57+00:00
SAO_8605-10,São Paulo,3550308,True,,34685,,,-23.6313825,-46.77286,,,,2,2023-06-19T02:20:14+00:00
SAO_8605-10,São Paulo,3550308,True,,34685,,,-23.6316405,-46.772316,,,,2,2023-06-19T02:20:06+00:00
SAO_6073-10,São Paulo,3550308,True,,33928,,,-23.853313,-46.6956225,,,,2,2023-06-19T02:20:07+00:00
SAO_6073-10,São Paulo,3550308,True,,33928,,,-23.853313,-46.6956225,,,,2,2023-06-19T02:19:41+00:00
SAO_6073-10,São Paulo,3550308,True,,33928,,,-23.853313,-46.6956225,,,,2,2023-06-19T02:19:49+00:00
SAO_6073-10,São Paulo,3550308,True,,33928,,,-23.8418845,-46.717929,,,,2,2023-06-19T02:19:49+00:00
SAO_6073-10,São Paulo,3550308,True,,33928,,,-23.853313,-46.6956225,,,,2,2023-06-19T02:19:57+00:00
SAO_6073-10,São Paulo,3550308,True,,33928,,,-23.853313,-46.6956225,,,,2,2023-06-19T02:19:41+00:00
SAO_6073-10,São Paulo,3550308,True,,33928,,,-23.767210499999997,-46.7163985,,,,2,2023-06-19T02:20:06+00:00
SAO_6073-10,São Paulo,3550308,True,,33928,,,-23.853313,-46.6956225,,,,2,2023-06-19T02:20:10+00:00
SAO_6073-10,São Paulo,3550308,True,,33928,,,-23.853313,-46.6956225,,,,2,2023-06-19T02:19:53+00:00
SAO_4085-10,São Paulo,3550308,True,,2156,,,-23.556599,-46.4458095,,,,1,2023-06-19T02:19:45+00:00
SAO_4085-10,São Paulo,3550308,True,,2156,,,-23.542599000000003,-46.4710815,,,,1,2023-06-19T02:20:22+00:00
SAO_2551-10,São Paulo,3550308,True,,32909,,,-23.546832000000002,-46.6301665,,,,2,2023-06-19T02:19:38+00:00
SAO_2551-10,São Paulo,3550308,True,,32909,,,-23.546832000000002,-46.6301665,,,,2,2023-06-19T02:20:16+00:00
SAO_2551-10,São Paulo,3550308,True,,32909,,,-23.546832000000002,-46.6301665,,,,2,2023-06-19T02:20:20+00:00
SAO_2551-10,São Paulo,3550308,True,,32909,,,-23.5173865,-46.47583825,,,,2,2023-06-19T02:19:50+00:00
SAO_2551-10,São Paulo,3550308,True,,32909,,,-23.535222124999997,-46.58254475,,,,2,2023-06-19T02:19:55+00:00
SAO_6840-10,São Paulo,3550308,True,,32969,,,-23.7317975,-46.7861475,,,,2,2023-06-19T02:18:49+00:00
SAO_6840-10,São Paulo,3550308,True,,32969,,,-23.6943285,-46.7797875,,,,2,2023-06-19T02:20:16+00:00
SAO_6840-10,São Paulo,3550308,True,,32969,,,-23.7317975,-46.7861475,,,,2,2023-06-19T02:19:42+00:00
SAO_6840-10,São Paulo,3550308,True,,32969,,,-23.7424915,-46.80109975,,,,2,2023-06-19T02:20:08+00:00
SAO_6840-10,São Paulo,3550308,True,,32969,,,-23.7424915,-46.80109975,,,,2,2023-06-19T02:19:53+00:00
SAO_6840-10,São Paulo,3550308,True,,32969,,,-23.7320815,-46.786311,,,,2,2023-06-19T02:20:00+00:00
SAO_6840-10,São Paulo,3550308,True,,32969,,,-23.742005499999998,-46.80109,,,,2,2023-06-19T02:20:14+00:00
SAO_6840-10,São Paulo,3550308,True,,32969,,,-23.7335845,-46.78725675,,,,2,2023-06-19T02:20:13+00:00
SAO_6840-10,São Paulo,3550308,True,,32969,,,-23.7309495,-46.785837,,,,2,2023-06-19T02:18:59+00:00
SAO_6840-10,São Paulo,3550308,True,,32969,,,-23.731146000000003,-46.785866999999996,,,,2,2023-06-19T02:18:47+00:00
SAO_6840-10,São Paulo,3550308,True,,32969,,,-23.742005499999998,-46.80109,,,,2,2023-06-19T02:19:55+00:00
SAO_6840-10,São Paulo,3550308,True,,32969,,,-23.742814499999998,-46.80108325,,,,2,2023-06-19T02:20:00+00:00
SAO_6840-10,São Paulo,3550308,True,,32969,,,-23.7317975,-46.7861475,,,,2,2023-06-19T02:19:42+00:00
SAO_7022-10,São Paulo,3550308,True,,34852,,,-23.685029999999998,-46.7754175,,,,2,2023-06-19T02:20:01+00:00
SAO_7022-10,São Paulo,3550308,True,,34852,,,-23.670758499999998,-46.739941,,,,2,2023-06-19T02:20:19+00:00
SAO_7022-10,São Paulo,3550308,True,,34852,,,-23.684848000000002,-46.7755765,,,,2,2023-06-19T02:19:38+00:00
SAO_7022-10,São Paulo,3550308,True,,34852,,,-23.684932500000002,-46.775504,,,,2,2023-06-19T02:20:10+00:00
SAO_695H-10,São Paulo,3550308,True,,33964,,,-23.77267025,-46.723918,,,,2,2023-06-19T02:19:01+00:00
SAO_695H-10,São Paulo,3550308,True,,33964,,,-23.78837,-46.715108,,,,2,2023-06-19T02:20:20+00:00
SAO_695H-10,São Paulo,3550308,True,,33964,,,-23.78837,-46.715108,,,,2,2023-06-19T02:20:12+00:00
SAO_695H-10,São Paulo,3550308,True,,33964,,,-23.6865655,-46.694117,,,,2,2023-06-19T02:20:09+00:00
SAO_695H-10,São Paulo,3550308,True,,33964,,,-23.78837,-46.715108,,,,2,2023-06-19T02:20:07+00:00
SAO_172Y-10,São Paulo,3550308,True,,33630,,,-23.508104,-46.5947295,,,,2,2023-06-19T02:19:57+00:00
SAO_172Y-10,São Paulo,3550308,True,,33630,,,-23.47473425,-46.58000975,,,,2,2023-06-19T02:19:36+00:00
SAO_172Y-10,São Paulo,3550308,True,,33630,,,-23.541884,-46.589738,,,,2,2023-06-19T02:20:10+00:00
SAO_172Y-10,São Paulo,3550308,True,,33630,,,-23.47473425,-46.58000975,,,,2,2023-06-19T02:19:43+00:00
SAO_8003-21,São Paulo,3550308,True,,2582,,,-23.520746000000003,-46.720389999999995,,,,1,2023-06-19T02:19:51+00:00
SAO_8003-21,São Paulo,3550308,True,,2582,,,-23.520094999999998,-46.700067000000004,,,,1,2023-06-19T02:20:18+00:00
SAO_7004-10,São Paulo,3550308,True,,34760,,,-23.7282675,-46.786224250000004,,,,2,2023-06-19T02:20:19+00:00
SAO_7004-10,São Paulo,3550308,True,,34760,,,-23.7307125,-46.785826,,,,2,2023-06-19T02:20:01+00:00
SAO_7004-10,São Paulo,3550308,True,,34760,,,-23.742005499999998,-46.80109,,,,2,2023-06-19T02:19:58+00:00
SAO_7004-10,São Paulo,3550308,True,,34760,,,-23.7301305,-46.7858815,,,,2,2023-06-19T02:18:56+00:00
SAO_7004-10,São Paulo,3550308,True,,34760,,,-23.6853775,-46.7425265,,,,2,2023-06-19T02:19:57+00:00
SAO_7004-10,São Paulo,3550308,True,,34760,,,-23.7418715,-46.800807,,,,2,2023-06-19T02:19:51+00:00
SAO_7004-10,São Paulo,3550308,True,,34760,,,-23.7317975,-46.7861475,,,,2,2023-06-19T02:20:18+00:00
SAO_7004-10,São Paulo,3550308,True,,34760,,,-23.7302945,-46.7858455,,,,2,2023-06-19T02:20:03+00:00
SAO_7004-10,São Paulo,3550308,True,,34760,,,-23.7305335,-46.7858295,,,,2,2023-06-19T02:19:43+00:00
SAO_7004-10,São Paulo,3550308,True,,34760,,,-23.7317975,-46.7861475,,,,2,2023-06-19T02:19:40+00:00
SAO_2021-10,São Paulo,3550308,True,,906,,,-23.544384,-46.389341,,,,1,2023-06-19T02:19:34+00:00
SAO_2021-10,São Paulo,3550308,True,,906,,,-23.5443145,-46.389241999999996,,,,1,2023-06-19T02:20:05+00:00
SAO_2021-10,São Paulo,3550308,True,,906,,,-23.5443145,-46.389241999999996,,,,1,2023-06-19T02:20:11+00:00
SAO_2021-10,São Paulo,3550308,True,,906,,,-23.5443145,-46.389241999999996,,,,1,2023-06-19T02:19:42+00:00
SAO_2021-10,São Paulo,3550308,True,,906,,,-23.5443145,-46.389241999999996,,,,1,2023-06-19T02:19:57+00:00
SAO_2021-10,São Paulo,3550308,True,,906,,,-23.5443145,-46.389241999999996,,,,1,2023-06-19T02:19:20+00:00
SAO_407A-21,São Paulo,3550308,True,,35269,,,-23.552689,-46.579106624999994,,,,2,2023-06-19T02:19:50+00:00
SAO_407A-21,São Paulo,3550308,True,,35269,,,-23.5637455,-46.502182000000005,,,,2,2023-06-19T02:19:51+00:00
SAO_407A-21,São Paulo,3550308,True,,35269,,,-23.5806175,-46.5388905,,,,2,2023-06-19T02:20:02+00:00
SAO_8016-10,São Paulo,3550308,True,,1346,,,-23.4441175,-46.735325,,,,1,2023-06-19T02:20:15+00:00
SAO_8016-10,São Paulo,3550308,True,,1346,,,-23.451037,-46.7186715,,,,1,2023-06-19T02:20:13+00:00
SAO_9162-10,São Paulo,3550308,True,,1365,,,-23.486185,-46.660627500000004,,,,1,2023-06-19T02:19:41+00:00
SAO_3112-10,São Paulo,3550308,True,,1080,,,-23.6105545,-46.529823500000006,,,,1,2023-06-19T02:20:04+00:00
SAO_3112-10,São Paulo,3550308,True,,1080,,,-23.542462,-46.590803,,,,1,2023-06-19T02:20:16+00:00
SAO_3112-10,São Paulo,3550308,True,,1080,,,-23.5834495,-46.548140000000004,,,,1,2023-06-19T02:19:58+00:00
SAO_3112-10,São Paulo,3550308,True,,1080,,,-23.555615000000003,-46.600042,,,,1,2023-06-19T02:20:22+00:00
SAO_1701-10,São Paulo,3550308,True,EMTU,845,https://moovitapp.com/index/pt-br/transporte_p%C3%BAblico-line-845-Sao_Paulo-242-2038937-36419607-0,5.15,-23.471512750000002,-46.5961325,,,,1,2023-06-19T02:16:20+00:00
SAO_2702-10,São Paulo,3550308,True,,914,,,-23.52576275,-46.47479825,,,,1,2023-06-19T02:20:06+00:00
SAO_2702-10,São Paulo,3550308,True,,914,,,-23.495735500000002,-46.4447775,,,,1,2023-06-19T02:19:45+00:00
SAO_3013-10,São Paulo,3550308,True,,33722,,,-23.5972915,-46.412459999999996,,,,2,2023-06-19T02:19:45+00:00
SAO_179X-10,São Paulo,3550308,True,,33448,,,-23.5025775,-46.617682,,,,2,2023-06-19T02:19:43+00:00
SAO_179X-10,São Paulo,3550308,True,,33448,,,-23.436342,-46.576679,,,,2,2023-06-19T02:19:55+00:00
SAO_179X-10,São Paulo,3550308,True,,33448,,,-23.435955,-46.5745405,,,,2,2023-06-19T02:19:47+00:00
SAO_3139-10,São Paulo,3550308,True,,995,,,-23.5577135,-46.571715499999996,,,,1,2023-06-19T02:19:39+00:00
SAO_3139-10,São Paulo,3550308,True,,995,,,-23.552594499999998,-46.6355245,,,,1,2023-06-19T02:19:43+00:00
SAO_5154-10,São Paulo,3550308,True,EMTU,353,https://moovitapp.com/index/pt-br/transporte_p%C3%BAblico-line-353-Sao_Paulo-242-2038937-36419436-0,5.1,-23.557021,-46.6404405,,,,1,2023-06-19T02:19:41+00:00
SAO_5154-10,São Paulo,3550308,True,EMTU,353,https://moovitapp.com/index/pt-br/transporte_p%C3%BAblico-line-353-Sao_Paulo-242-2038937-36419436-0,5.1,-23.654157,-46.710629,,,,1,2023-06-19T02:20:05+00:00
SAO_5154-10,São Paulo,3550308,True,EMTU,353,https://moovitapp.com/index/pt-br/transporte_p%C3%BAblico-line-353-Sao_Paulo-242-2038937-36419436-0,5.1,-23.60895825,-46.67042087499999,,,,1,2023-06-19T02:20:15+00:00
SAO_5154-10,São Paulo,3550308,True,EMTU,353,https://moovitapp.com/index/pt-br/transporte_p%C3%BAblico-line-353-Sao_Paulo-242-2038937-36419436-0,5.1,-23.654157,-46.710629,,,,1,2023-06-19T02:20:10+00:00
SAO_2719-10,São Paulo,3550308,True,,932,,,-23.5142675,-46.519064,,,,1,2023-06-19T02:20:10+00:00
SAO_2719-10,São Paulo,3550308,True,,932,,,-23.531430999999998,-46.529588000000004,,,,1,2023-06-19T02:19:42+00:00
SAO_2719-10,São Paulo,3550308,True,,932,,,-23.502136125,-46.487874375000004,,,,1,2023-06-19T02:19:46+00:00
SAO_2719-10,São Paulo,3550308,True,,932,,,-23.4949285,-46.468965499999996,,,,1,2023-06-19T02:20:03+00:00
SAO_546A-31,São Paulo,3550308,True,,33900,,,-23.675898500000002,-46.6857565,,,,2,2023-06-19T02:19:39+00:00
SAO_546A-31,São Paulo,3550308,True,,33900,,,-23.704971,-46.6504,,,,2,2023-06-19T02:14:45+00:00
SAO_546A-31,São Paulo,3550308,True,,33900,,,-23.679941,-46.684365,,,,2,2023-06-19T02:20:08+00:00
SAO_546A-31,São Paulo,3550308,True,,33900,,,-23.7136645,-46.656892,,,,2,2023-06-19T02:14:50+00:00
SAO_307C-10,São Paulo,3550308,True,,2114,,,-23.5403095,-46.483497,,,,1,2023-06-19T02:20:08+00:00
SAO_307C-10,São Paulo,3550308,True,,2114,,,-23.495561000000002,-46.403802999999996,,,,1,2023-06-19T02:20:17+00:00
SAO_307C-10,São Paulo,3550308,True,,2114,,,-23.516960500000003,-46.4763955,,,,1,2023-06-19T02:20:03+00:00
SAO_7050-10,São Paulo,3550308,True,,1884,,,-23.6559205,-46.776455,,,,1,2023-06-19T02:19:52+00:00
SAO_7050-10,São Paulo,3550308,True,,1884,,,-23.667013,-46.783842,,,,1,2023-06-19T02:20:08+00:00
SAO_7050-10,São Paulo,3550308,True,,1884,,,-23.6316405,-46.772316,,,,1,2023-06-19T02:20:08+00:00
SAO_7050-10,São Paulo,3550308,True,,1884,,,-23.631508,-46.7726,,,,1,2023-06-19T02:19:44+00:00
SAO_6836-10,São Paulo,3550308,True,,32781,,,-23.663076500000003,-46.753264,,,,2,2023-06-19T02:19:53+00:00
SAO_6836-10,São Paulo,3550308,True,,32781,,,-23.683948,-46.7815925,,,,2,2023-06-19T02:20:09+00:00
SAO_1780-10,São Paulo,3550308,True,,869,,,-23.447813,-46.5792565,,,,1,2023-06-19T02:20:15+00:00
SAO_1780-10,São Paulo,3550308,True,,869,,,-23.48666325,-46.6088145,,,,1,2023-06-19T02:19:52+00:00
SAO_6063-10,São Paulo,3550308,True,,33920,,,-23.783673,-46.6827105,,,,2,2023-06-19T02:20:02+00:00
SAO_6063-10,São Paulo,3550308,True,,33920,,,-23.783673,-46.6827105,,,,2,2023-06-19T02:20:00+00:00
SAO_6063-10,São Paulo,3550308,True,,33920,,,-23.783673,-46.6827105,,,,2,2023-06-19T02:20:08+00:00
SAO_6063-10,São Paulo,3550308,True,,33920,,,-23.78086225,-46.6907165,,,,2,2023-06-19T02:20:18+00:00
SAO_6063-10,São Paulo,3550308,True,,33920,,,-23.783673,-46.6827105,,,,2,2023-06-19T02:19:48+00:00
SAO_6063-10,São Paulo,3550308,True,,33920,,,-23.766647,-46.716179,,,,2,2023-06-19T02:19:45+00:00
SAO_6063-10,São Paulo,3550308,True,,33920,,,-23.766647,-46.716179,,,,2,2023-06-19T02:19:53+00:00
SAO_6063-10,São Paulo,3550308,True,,33920,,,-23.766647,-46.716179,,,,2,2023-06-19T02:19:54+00:00
SAO_6063-10,São Paulo,3550308,True,,33920,,,-23.783673,-46.6827105,,,,2,2023-06-19T02:19:50+00:00
SAO_6063-10,São Paulo,3550308,True,,33920,,,-23.783673,-46.6827105,,,,2,2023-06-19T02:20:12+00:00
SAO_6063-10,São Paulo,3550308,True,,33920,,,-23.766647,-46.716179,,,,2,2023-06-19T02:17:32+00:00
SAO_6063-10,São Paulo,3550308,True,,33920,,,-23.766647,-46.716179,,,,2,2023-06-19T02:19:47+00:00
SAO_6063-10,São Paulo,3550308,True,,33920,,,-23.783673,-46.6827105,,,,2,2023-06-19T02:19:56+00:00
SAO_2766-10,São Paulo,3550308,True,,33173,,,-23.5425775,-46.4719335,,,,2,2023-06-19T02:15:27+00:00
SAO_2766-10,São Paulo,3550308,True,,33173,,,-23.520834,-46.3890395,,,,2,2023-06-19T02:20:19+00:00
SAO_2766-10,São Paulo,3550308,True,,33173,,,-23.5425775,-46.4719335,,,,2,2023-06-19T02:19:40+00:00
SAO_2766-10,São Paulo,3550308,True,,33173,,,-23.49402225,-46.419398,,,,2,2023-06-19T02:20:13+00:00
SAO_2766-10,São Paulo,3550308,True,,33173,,,-23.520543500000002,-46.389382499999996,,,,2,2023-06-19T02:19:42+00:00
SAO_2766-10,São Paulo,3550308,True,,33173,,,-23.5425775,-46.4719335,,,,2,2023-06-19T02:19:57+00:00
SAO_3737-31,São Paulo,3550308,True,,34122,,,-23.5309265,-46.516566250000004,,,,2,2023-06-19T02:20:17+00:00
SAO_5757-51,São Paulo,3550308,True,,1976,,,-23.699539,-46.646921,,,,1,2023-06-19T02:19:56+00:00
SAO_5757-51,São Paulo,3550308,True,,1976,,,-23.7079895,-46.641386499999996,,,,1,2023-06-19T02:19:47+00:00
SAO_5757-51,São Paulo,3550308,True,,1976,,,-23.7067605,-46.6414085,,,,1,2023-06-19T02:19:51+00:00
SAO_5757-51,São Paulo,3550308,True,,1976,,,-23.7079895,-46.641386499999996,,,,1,2023-06-19T02:19:00+00:00
SAO_5757-51,São Paulo,3550308,True,,1976,,,-23.63563,-46.641002,,,,1,2023-06-19T02:19:50+00:00
SAO_5757-51,São Paulo,3550308,True,,1976,,,-23.7079895,-46.641386499999996,,,,1,2023-06-19T02:20:13+00:00
SAO_6075-10,São Paulo,3550308,True,,33930,,,-23.79731,-46.737770999999995,,,,2,2023-06-19T02:19:51+00:00
SAO_6075-10,São Paulo,3550308,True,,33930,,,-23.797689499999997,-46.7382825,,,,2,2023-06-19T02:19:50+00:00
SAO_6075-10,São Paulo,3550308,True,,33930,,,-23.797689499999997,-46.7382825,,,,2,2023-06-19T02:19:49+00:00
SAO_6075-10,São Paulo,3550308,True,,33930,,,-23.797689499999997,-46.7382825,,,,2,2023-06-19T02:19:41+00:00
SAO_5108-10,São Paulo,3550308,True,,34443,,,-23.6581325,-46.618809999999996,,,,2,2023-06-19T02:19:58+00:00
SAO_5108-10,São Paulo,3550308,True,,34443,,,-23.547656500000002,-46.6294305,,,,2,2023-06-19T02:20:17+00:00
SAO_5108-10,São Paulo,3550308,True,,34443,,,-23.58554825,-46.610923,,,,2,2023-06-19T02:20:21+00:00
SAO_5108-10,São Paulo,3550308,True,,34443,,,-23.662163624999998,-46.618522125,,,,2,2023-06-19T02:19:49+00:00
SAO_5108-10,São Paulo,3550308,True,,34443,,,-23.66288575,-46.6199235,,,,2,2023-06-19T02:20:01+00:00
SAO_5012-10,São Paulo,3550308,True,,33884,,,-23.6459105,-46.6397875,,,,2,2023-06-19T02:20:12+00:00
SAO_5012-10,São Paulo,3550308,True,,33884,,,-23.6616545,-46.637575,,,,2,2023-06-19T02:19:40+00:00
SAO_5012-10,São Paulo,3550308,True,,33884,,,-23.710048999999998,-46.6358415,,,,2,2023-06-19T02:19:26+00:00
SAO_5012-10,São Paulo,3550308,True,,33884,,,-23.6459105,-46.6397875,,,,2,2023-06-19T02:18:59+00:00
SAO_5012-10,São Paulo,3550308,True,,33884,,,-23.6459105,-46.6397875,,,,2,2023-06-19T02:19:34+00:00
SAO_374V-10,São Paulo,3550308,True,,1647,,,-23.52607825,-46.45415575,,,,1,2023-06-19T02:19:44+00:00
SAO_6L07-10,São Paulo,3550308,True,,34313,,,-23.8313465,-46.711774500000004,,,,2,2023-06-19T02:20:02+00:00
SAO_4007-10,São Paulo,3550308,True,,34949,,,-23.55286,-46.51341925,,,,2,2023-06-19T02:20:05+00:00
SAO_4007-10,São Paulo,3550308,True,,34949,,,-23.565321500000003,-46.396381,,,,2,2023-06-19T02:20:04+00:00
SAO_4007-10,São Paulo,3550308,True,,34949,,,-23.565137,-46.3967705,,,,2,2023-06-19T02:19:57+00:00
SAO_4007-10,São Paulo,3550308,True,,34949,,,-23.54950875,-46.431876375,,,,2,2023-06-19T02:20:05+00:00
SAO_5105-10,São Paulo,3550308,True,,1651,,,-23.602994000000002,-46.602816000000004,,,,1,2023-06-19T02:20:00+00:00
SAO_5105-10,São Paulo,3550308,True,,1651,,,-23.603084250000002,-46.60265125,,,,1,2023-06-19T02:20:19+00:00
SAO_5105-10,São Paulo,3550308,True,,1651,,,-23.602994000000002,-46.602816000000004,,,,1,2023-06-19T02:18:49+00:00
SAO_5105-10,São Paulo,3550308,True,,1651,,,-23.563843375,-46.611501000000004,,,,1,2023-06-19T02:20:05+00:00
SAO_6051-10,São Paulo,3550308,True,,33911,,,-23.7621455,-46.689133,,,,2,2023-06-19T02:19:42+00:00
SAO_6051-10,São Paulo,3550308,True,,33911,,,-23.7621455,-46.689133,,,,2,2023-06-19T02:20:01+00:00
SAO_6051-10,São Paulo,3550308,True,,33911,,,-23.7621455,-46.689133,,,,2,2023-06-19T02:19:49+00:00
SAO_6051-10,São Paulo,3550308,True,,33911,,,-23.7621455,-46.689133,,,,2,2023-06-19T02:20:13+00:00
SAO_6051-10,São Paulo,3550308,True,,33911,,,-23.7621455,-46.689133,,,,2,2023-06-19T02:20:04+00:00
SAO_6051-10,São Paulo,3550308,True,,33911,,,-23.7664665,-46.716038499999996,,,,2,2023-06-19T02:19:42+00:00
SAO_6051-10,São Paulo,3550308,True,,33911,,,-23.7621455,-46.689133,,,,2,2023-06-19T02:20:22+00:00
SAO_6051-10,São Paulo,3550308,True,,33911,,,-23.7621455,-46.689133,,,,2,2023-06-19T02:19:53+00:00
SAO_6051-10,São Paulo,3550308,True,,33911,,,-23.7621455,-46.689133,,,,2,2023-06-19T02:19:58+00:00
SAO_6051-10,São Paulo,3550308,True,,33911,,,-23.767376,-46.716275499999995,,,,2,2023-06-19T02:20:21+00:00
SAO_6051-10,São Paulo,3550308,True,,33911,,,-23.7621455,-46.689133,,,,2,2023-06-19T02:20:21+00:00
SAO_6051-10,São Paulo,3550308,True,,33911,,,-23.7621455,-46.689133,,,,2,2023-06-19T02:20:17+00:00
SAO_6051-10,São Paulo,3550308,True,,33911,,,-23.7692035,-46.715246500000006,,,,2,2023-06-19T02:19:55+00:00
SAO_1738-10,São Paulo,3550308,True,,33440,,,-23.472737000000002,-46.5819385,,,,2,2023-06-19T02:18:47+00:00
SAO_1738-10,São Paulo,3550308,True,,33440,,,-23.4735475,-46.581099,,,,2,2023-06-19T02:19:43+00:00
SAO_1738-10,São Paulo,3550308,True,,33440,,,-23.503541499999997,-46.6236285,,,,2,2023-06-19T02:20:18+00:00
SAO_8610-10,São Paulo,3550308,True,,34831,,,-23.6032175,-46.780919,,,,2,2023-06-19T02:19:47+00:00
SAO_8610-10,São Paulo,3550308,True,,34831,,,-23.5763,-46.721344,,,,2,2023-06-19T02:19:58+00:00
SAO_1025-10,São Paulo,3550308,True,,35071,,,-23.453629,-46.706905500000005,,,,2,2023-06-19T02:19:55+00:00
SAO_1025-10,São Paulo,3550308,True,,35071,,,-23.4874845,-46.697393000000005,,,,2,2023-06-19T02:19:52+00:00
SAO_971V-10,São Paulo,3550308,True,,619,,,-23.505087375000002,-46.624955875,,,,1,2023-06-19T02:19:49+00:00
SAO_971V-10,São Paulo,3550308,True,,619,,,-23.4795205,-46.6748065,,,,1,2023-06-19T02:20:09+00:00
SAO_6801-10,São Paulo,3550308,True,,32773,,,-23.648954000000003,-46.732209499999996,,,,2,2023-06-19T02:19:55+00:00
SAO_3459-10,São Paulo,3550308,True,,33170,,,-23.547625500000002,-46.629791499999996,,,,2,2023-06-19T02:20:06+00:00
SAO_3459-10,São Paulo,3550308,True,,33170,,,-23.547625500000002,-46.629791499999996,,,,2,2023-06-19T02:19:25+00:00
SAO_3459-10,São Paulo,3550308,True,,33170,,,-23.4953155,-46.4310045,,,,2,2023-06-19T02:19:49+00:00
SAO_3459-10,São Paulo,3550308,True,,33170,,,-23.547625500000002,-46.629791499999996,,,,2,2023-06-19T02:16:57+00:00
SAO_3459-10,São Paulo,3550308,True,,33170,,,-23.547625500000002,-46.629791499999996,,,,2,2023-06-19T02:20:08+00:00
SAO_3459-10,São Paulo,3550308,True,,33170,,,-23.547625500000002,-46.629791499999996,,,,2,2023-06-19T02:19:54+00:00
SAO_3459-10,São Paulo,3550308,True,,33170,,,-23.547625500000002,-46.629791499999996,,,,2,2023-06-19T02:20:07+00:00
SAO_3459-10,São Paulo,3550308,True,,33170,,,-23.547625500000002,-46.629791499999996,,,,2,2023-06-19T02:19:20+00:00
SAO_3459-10,São Paulo,3550308,True,,33170,,,-23.547625500000002,-46.629791499999996,,,,2,2023-06-19T02:20:17+00:00
SAO_3459-10,São Paulo,3550308,True,,33170,,,-23.53434775,-46.544651,,,,2,2023-06-19T02:20:05+00:00
SAO_3459-10,São Paulo,3550308,True,,33170,,,-23.547625500000002,-46.629791499999996,,,,2,2023-06-19T02:19:37+00:00
SAO_3459-10,São Paulo,3550308,True,,33170,,,-23.547625500000002,-46.629791499999996,,,,2,2023-06-19T02:20:00+00:00
SAO_3459-10,São Paulo,3550308,True,,33170,,,-23.547625500000002,-46.629791499999996,,,,2,2023-06-19T02:20:12+00:00
SAO_3459-10,São Paulo,3550308,True,,33170,,,-23.547625500000002,-46.629791499999996,,,,2,2023-06-19T02:20:01+00:00
SAO_3459-10,São Paulo,3550308,True,,33170,,,-23.547625500000002,-46.629791499999996,,,,2,2023-06-19T02:20:12+00:00
SAO_3459-10,São Paulo,3550308,True,,33170,,,-23.547625500000002,-46.629791499999996,,,,2,2023-06-19T02:20:17+00:00
SAO_3459-10,São Paulo,3550308,True,,33170,,,-23.516762,-46.384977500000005,,,,2,2023-06-19T02:20:13+00:00
SAO_3459-10,São Paulo,3550308,True,,33170,,,-23.547625500000002,-46.629791499999996,,,,2,2023-06-19T02:14:27+00:00
SAO_3459-10,São Paulo,3550308,True,,33170,,,-23.546607,-46.630478,,,,2,2023-06-19T02:20:10+00:00
SAO_3459-10,São Paulo,3550308,True,,33170,,,-23.547625500000002,-46.629791499999996,,,,2,2023-06-19T02:19:55+00:00
SAO_3459-10,São Paulo,3550308,True,,33170,,,-23.547625500000002,-46.629791499999996,,,,2,2023-06-19T02:20:06+00:00
SAO_3459-10,São Paulo,3550308,True,,33170,,,-23.5146415,-46.4970595,,,,2,2023-06-19T02:19:08+00:00
SAO_3459-10,São Paulo,3550308,True,,33170,,,-23.547625500000002,-46.629791499999996,,,,2,2023-06-19T02:19:42+00:00
SAO_3459-10,São Paulo,3550308,True,,33170,,,-23.547625500000002,-46.629791499999996,,,,2,2023-06-19T02:19:59+00:00
SAO_5034-10,São Paulo,3550308,True,,1663,,,-23.6026735,-46.5995415,,,,1,2023-06-19T02:20:10+00:00
SAO_6001-10,São Paulo,3550308,True,,32820,,,-23.654501,-46.76131049999999,,,,2,2023-06-19T02:19:50+00:00
SAO_6001-10,São Paulo,3550308,True,,32820,,,-23.646299499999998,-46.704412000000005,,,,2,2023-06-19T02:20:07+00:00
SAO_6001-10,São Paulo,3550308,True,,32820,,,-23.654408500000002,-46.762060999999996,,,,2,2023-06-19T02:19:39+00:00
SAO_6028-10,São Paulo,3550308,True,,33979,,,-23.654134499999998,-46.708625,,,,2,2023-06-19T02:20:06+00:00
SAO_6028-10,São Paulo,3550308,True,,33979,,,-23.685950499999997,-46.7391775,,,,2,2023-06-19T02:19:48+00:00
SAO_6028-10,São Paulo,3550308,True,,33979,,,-23.702326,-46.744178000000005,,,,2,2023-06-19T02:20:07+00:00
SAO_6028-10,São Paulo,3550308,True,,33979,,,-23.7025195,-46.744177,,,,2,2023-06-19T02:20:05+00:00
SAO_6028-10,São Paulo,3550308,True,,33979,,,-23.702140999999997,-46.744587499999994,,,,2,2023-06-19T02:20:07+00:00
SAO_6028-10,São Paulo,3550308,True,,33979,,,-23.702151,-46.7444065,,,,2,2023-06-19T02:20:06+00:00
SAO_6028-10,São Paulo,3550308,True,,33979,,,-23.70207,-46.744642,,,,2,2023-06-19T02:20:15+00:00
SAO_3686-21,São Paulo,3550308,True,,35272,,,-23.5328285,-46.44833125,,,,2,2023-06-19T02:20:02+00:00
SAO_3686-21,São Paulo,3550308,True,,35272,,,-23.559947,-46.4038685,,,,2,2023-06-19T02:20:12+00:00
SAO_3686-21,São Paulo,3550308,True,,35272,,,-23.550703,-46.4070435,,,,2,2023-06-19T02:17:04+00:00
SAO_3736-10,São Paulo,3550308,True,,1036,,,-23.575533,-46.4834125,,,,1,2023-06-19T02:19:42+00:00
SAO_3736-10,São Paulo,3550308,True,,1036,,,-23.575533,-46.4834125,,,,1,2023-06-19T02:20:10+00:00
SAO_3736-10,São Paulo,3550308,True,,1036,,,-23.574402,-46.4815785,,,,1,2023-06-19T02:19:46+00:00
SAO_3736-10,São Paulo,3550308,True,,1036,,,-23.553295499999997,-46.4843235,,,,1,2023-06-19T02:19:38+00:00
SAO_3736-10,São Paulo,3550308,True,,1036,,,-23.575533,-46.4834125,,,,1,2023-06-19T02:19:52+00:00
SAO_3736-10,São Paulo,3550308,True,,1036,,,-23.575533,-46.4834125,,,,1,2023-06-19T02:19:45+00:00
SAO_3736-10,São Paulo,3550308,True,,1036,,,-23.575533,-46.4834125,,,,1,2023-06-19T02:19:58+00:00
SAO_3736-10,São Paulo,3550308,True,,1036,,,-23.575533,-46.4834125,,,,1,2023-06-19T02:20:08+00:00
SAO_5015-10,São Paulo,3550308,True,,33887,,,-23.651572125,-46.638682124999995,,,,2,2023-06-19T02:20:17+00:00
SAO_5015-10,São Paulo,3550308,True,,33887,,,-23.689206,-46.663561,,,,2,2023-06-19T02:19:39+00:00
SAO_5015-10,São Paulo,3550308,True,,33887,,,-23.691779,-46.65973,,,,2,2023-06-19T02:19:38+00:00
SAO_407J-10,São Paulo,3550308,True,,2198,,,-23.54174175,-46.557414625,,,,1,2023-06-19T02:18:06+00:00
SAO_407J-10,São Paulo,3550308,True,,2198,,,-23.580675499999998,-46.4888265,,,,1,2023-06-19T02:20:15+00:00
SAO_407J-10,São Paulo,3550308,True,,2198,,,-23.553662,-46.403915,,,,1,2023-06-19T02:19:40+00:00
SAO_407J-10,São Paulo,3550308,True,,2198,,,-23.54239425,-46.41653925,,,,1,2023-06-19T02:20:10+00:00
SAO_4114-10,São Paulo,3550308,True,EMTU,321,https://moovitapp.com/index/pt-br/transporte_p%C3%BAblico-line-321-Sao_Paulo-242-2038937-36419411-0,5.4,-23.55364325,-46.635,,,,1,2023-06-19T02:20:08+00:00
SAO_8008-10,São Paulo,3550308,True,,34026,,,-23.485525000000003,-46.725356500000004,,,,2,2023-06-19T02:20:01+00:00
SAO_8008-10,São Paulo,3550308,True,,34026,,,-23.47043,-46.752005999999994,,,,2,2023-06-19T02:19:45+00:00
SAO_4706-10,São Paulo,3550308,True,,33067,,,-23.6530245,-46.602299,,,,2,2023-06-19T02:19:50+00:00
SAO_4706-10,São Paulo,3550308,True,,33067,,,-23.64233375,-46.59523875,,,,2,2023-06-19T02:17:24+00:00
SAO_178A-10,São Paulo,3550308,True,,33326,,,-23.501943500000003,-46.6235805,,,,2,2023-06-19T02:20:07+00:00
SAO_178A-10,São Paulo,3550308,True,,33326,,,-23.526818,-46.6660665,,,,2,2023-06-19T02:20:18+00:00
SAO_178A-10,São Paulo,3550308,True,,33326,,,-23.502432499999998,-46.6235935,,,,2,2023-06-19T02:20:01+00:00
SAO_3032-10,São Paulo,3550308,True,,33488,,,-23.56738575,-46.484733500000004,,,,2,2023-06-19T02:19:43+00:00
SAO_3032-10,São Paulo,3550308,True,,33488,,,-23.567537,-46.506771,,,,2,2023-06-19T02:19:53+00:00
SAO_2522-10,São Paulo,3550308,True,Cidade de Caieiras,140,https://moovitapp.com/index/pt-br/transporte_p%C3%BAblico-line-140-Sao_Paulo-242-868761-496401-0,5.0,-23.518750250000004,-46.432528500000004,,,,1,2023-06-19T02:19:20+00:00
SAO_4008-10,São Paulo,3550308,True,,34950,,,-23.576923999999998,-46.437244,,,,2,2023-06-19T02:20:00+00:00
SAO_4008-10,São Paulo,3550308,True,,34950,,,-23.57919175,-46.458842000000004,,,,2,2023-06-19T02:15:07+00:00
SAO_4008-10,São Paulo,3550308,True,,34950,,,-23.58033175,-46.50146325,,,,2,2023-06-19T02:19:43+00:00
SAO_2720-10,São Paulo,3550308,True,,933,,,-23.491534,-46.472163,,,,1,2023-06-19T02:19:49+00:00
SAO_2720-10,São Paulo,3550308,True,,933,,,-23.5087465,-46.495123,,,,1,2023-06-19T02:19:39+00:00
SAO_2720-10,São Paulo,3550308,True,,933,,,-23.5231385,-46.5208425,,,,1,2023-06-19T02:19:45+00:00
SAO_2720-10,São Paulo,3550308,True,,933,,,-23.5252475,-46.520183,,,,1,2023-06-19T02:20:00+00:00
SAO_2009-10,São Paulo,3550308,True,,33666,,,-23.5104185,-46.413852500000004,,,,2,2023-06-19T02:20:13+00:00
SAO_2009-10,São Paulo,3550308,True,,33666,,,-23.5394785,-46.412696999999994,,,,2,2023-06-19T02:18:26+00:00
SAO_736I-10,São Paulo,3550308,True,,33549,,,-23.632452999999998,-46.7480465,,,,2,2023-06-19T02:19:49+00:00
SAO_736I-10,São Paulo,3550308,True,,33549,,,-23.6324355,-46.748238,,,,2,2023-06-19T02:20:01+00:00
SAO_736I-10,São Paulo,3550308,True,,33549,,,-23.6409825,-46.745748500000005,,,,2,2023-06-19T02:20:02+00:00
SAO_4033-10,São Paulo,3550308,True,,1103,,,-23.604014499999998,-46.538113499999994,,,,1,2023-06-19T02:20:12+00:00
SAO_4033-10,São Paulo,3550308,True,,1103,,,-23.601197499999998,-46.5025875,,,,1,2023-06-19T02:20:13+00:00
SAO_4033-10,São Paulo,3550308,True,,1103,,,-23.6032955,-46.5422345,,,,1,2023-06-19T02:19:43+00:00
SAO_4033-10,São Paulo,3550308,True,,1103,,,-23.6250155,-46.461591,,,,1,2023-06-19T02:19:45+00:00
SAO_4033-10,São Paulo,3550308,True,,1103,,,-23.619908000000002,-46.444028,,,,1,2023-06-19T02:19:55+00:00
SAO_9011-10,São Paulo,3550308,True,,33646,,,-23.439659,-46.733273,,,,2,2023-06-19T02:19:51+00:00
SAO_9011-10,São Paulo,3550308,True,,33646,,,-23.47494,-46.67014399999999,,,,2,2023-06-19T02:20:18+00:00
SAO_9011-10,São Paulo,3550308,True,,33646,,,-23.47494,-46.67014399999999,,,,2,2023-06-19T02:20:04+00:00
SAO_9011-10,São Paulo,3550308,True,,33646,,,-23.453456,-46.699169,,,,2,2023-06-19T02:20:09+00:00
SAO_9011-10,São Paulo,3550308,True,,33646,,,-23.47494,-46.67014399999999,,,,2,2023-06-19T02:18:54+00:00
SAO_9011-10,São Paulo,3550308,True,,33646,,,-23.4545975,-46.737969500000005,,,,2,2023-06-19T02:19:41+00:00
SAO_7006-51,São Paulo,3550308,True,,34765,,,-23.696705,-46.779482,,,,2,2023-06-19T02:20:03+00:00
SAO_7006-51,São Paulo,3550308,True,,34765,,,-23.7491515,-46.783023,,,,2,2023-06-19T02:19:42+00:00
SAO_7006-51,São Paulo,3550308,True,,34765,,,-23.6609205,-46.7681685,,,,2,2023-06-19T02:16:35+00:00
SAO_7006-51,São Paulo,3550308,True,,34765,,,-23.7488905,-46.7831885,,,,2,2023-06-19T02:20:10+00:00
SAO_695D-10,São Paulo,3550308,True,EMTU,114,https://moovitapp.com/index/pt-br/transporte_p%C3%BAblico-line-114-Sao_Paulo-242-2038937-36419274-0,6.4,-23.7329935,-46.676147,,,,1,2023-06-19T02:19:49+00:00
SAO_695D-10,São Paulo,3550308,True,EMTU,114,https://moovitapp.com/index/pt-br/transporte_p%C3%BAblico-line-114-Sao_Paulo-242-2038937-36419274-0,6.4,-23.676639,-46.679964999999996,,,,1,2023-06-19T02:19:40+00:00
SAO_695D-10,São Paulo,3550308,True,EMTU,114,https://moovitapp.com/index/pt-br/transporte_p%C3%BAblico-line-114-Sao_Paulo-242-2038937-36419274-0,6.4,-23.6470855,-46.638879,,,,1,2023-06-19T02:20:08+00:00
SAO_3787-10,São Paulo,3550308,True,,34380,,,-23.60156875,-46.398831,,,,2,2023-06-19T02:19:55+00:00
SAO_3787-10,São Paulo,3550308,True,,34380,,,-23.583288000000003,-46.409053,,,,2,2023-06-19T02:19:58+00:00
SAO_3787-10,São Paulo,3550308,True,,34380,,,-23.6006425,-46.3996595,,,,2,2023-06-19T02:20:07+00:00
SAO_3787-10,São Paulo,3550308,True,,34380,,,-23.553832625,-46.455839875,,,,2,2023-06-19T02:20:04+00:00
SAO_5129-41,São Paulo,3550308,True,,34742,,,-23.678661499999997,-46.640864500000006,,,,2,2023-06-19T02:20:06+00:00
SAO_5129-41,São Paulo,3550308,True,,34742,,,-23.68053825,-46.63576575,,,,2,2023-06-19T02:19:44+00:00
SAO_5129-41,São Paulo,3550308,True,,34742,,,-23.653464,-46.703118,,,,2,2023-06-19T02:20:15+00:00
SAO_675M-10,São Paulo,3550308,True,ETT,108,https://moovitapp.com/index/pt-br/transporte_p%C3%BAblico-line-108-Sao_Paulo-242-876373-496510-0,5.3,-23.70591025,-46.685706499999995,,,,1,2023-06-19T02:20:11+00:00
SAO_675M-10,São Paulo,3550308,True,ETT,108,https://moovitapp.com/index/pt-br/transporte_p%C3%BAblico-line-108-Sao_Paulo-242-876373-496510-0,5.3,-23.6463425,-46.64646425,,,,1,2023-06-19T02:19:14+00:00
SAO_675M-10,São Paulo,3550308,True,ETT,108,https://moovitapp.com/index/pt-br/transporte_p%C3%BAblico-line-108-Sao_Paulo-242-876373-496510-0,5.3,-23.6447675,-46.658461,,,,1,2023-06-19T02:20:21+00:00
SAO_675M-10,São Paulo,3550308,True,ETT,108,https://moovitapp.com/index/pt-br/transporte_p%C3%BAblico-line-108-Sao_Paulo-242-876373-496510-0,5.3,-23.64675425,-46.645568,,,,1,2023-06-19T02:20:09+00:00
SAO_8038-10,São Paulo,3550308,True,,797,,,-23.521327499999998,-46.7313335,,,,1,2023-06-19T02:19:47+00:00
SAO_8038-10,São Paulo,3550308,True,,797,,,-23.548201499999998,-46.757104,,,,1,2023-06-19T02:19:37+00:00
SAO_7049-10,São Paulo,3550308,True,,1912,,,-23.7116535,-46.777972,,,,1,2023-06-19T02:19:56+00:00
SAO_7049-10,São Paulo,3550308,True,,1912,,,-23.71189,-46.777949500000005,,,,1,2023-06-19T02:20:20+00:00
SAO_7049-10,São Paulo,3550308,True,,1912,,,-23.7116535,-46.777972,,,,1,2023-06-19T02:20:00+00:00
SAO_7049-10,São Paulo,3550308,True,,1912,,,-23.7116535,-46.777972,,,,1,2023-06-19T02:19:55+00:00
SAO_7049-10,São Paulo,3550308,True,,1912,,,-23.7116535,-46.777972,,,,1,2023-06-19T02:19:47+00:00
SAO_7049-10,São Paulo,3550308,True,,1912,,,-23.6829075,-46.7741835,,,,1,2023-06-19T02:20:03+00:00
SAO_7049-10,São Paulo,3550308,True,,1912,,,-23.7116535,-46.777972,,,,1,2023-06-19T02:19:58+00:00
SAO_7049-10,São Paulo,3550308,True,,1912,,,-23.640196000000003,-46.779968249999996,,,,1,2023-06-19T02:19:43+00:00
SAO_3746-10,São Paulo,3550308,True,,33051,,,-23.542912,-46.588283000000004,,,,2,2023-06-19T02:14:00+00:00
SAO_3746-10,São Paulo,3550308,True,,33051,,,-23.542912,-46.588283000000004,,,,2,2023-06-19T02:20:17+00:00
SAO_3746-10,São Paulo,3550308,True,,33051,,,-23.542912,-46.588283000000004,,,,2,2023-06-19T02:19:45+00:00
SAO_3746-10,São Paulo,3550308,True,,33051,,,-23.594203999999998,-46.502838,,,,2,2023-06-19T02:20:07+00:00
SAO_3746-10,São Paulo,3550308,True,,33051,,,-23.542912,-46.588283000000004,,,,2,2023-06-19T02:19:55+00:00
SAO_3746-10,São Paulo,3550308,True,,33051,,,-23.542912,-46.588283000000004,,,,2,2023-06-19T02:20:20+00:00
SAO_3746-10,São Paulo,3550308,True,,33051,,,-23.542912,-46.588283000000004,,,,2,2023-06-19T02:20:09+00:00
SAO_3746-10,São Paulo,3550308,True,,33051,,,-23.542912,-46.588283000000004,,,,2,2023-06-19T02:19:38+00:00
SAO_3746-10,São Paulo,3550308,True,,33051,,,-23.542912,-46.588283000000004,,,,2,2023-06-19T02:19:47+00:00
SAO_3746-10,São Paulo,3550308,True,,33051,,,-23.542912,-46.588283000000004,,,,2,2023-06-19T02:20:09+00:00
SAO_3746-10,São Paulo,3550308,True,,33051,,,-23.542912,-46.588283000000004,,,,2,2023-06-19T02:14:31+00:00
SAO_3746-10,São Paulo,3550308,True,,33051,,,-23.542912,-46.588283000000004,,,,2,2023-06-19T02:19:46+00:00
SAO_3746-10,São Paulo,3550308,True,,33051,,,-23.562586,-46.5548495,,,,2,2023-06-19T02:19:53+00:00
SAO_3728-10,São Paulo,3550308,True,,1025,,,-23.559137999999997,-46.488811999999996,,,,1,2023-06-19T02:19:49+00:00
SAO_3728-10,São Paulo,3550308,True,,1025,,,-23.573595,-46.490476,,,,1,2023-06-19T02:20:05+00:00
SAO_3728-10,São Paulo,3550308,True,,1025,,,-23.5420065,-46.483900500000004,,,,1,2023-06-19T02:19:50+00:00
SAO_3728-10,São Paulo,3550308,True,,1025,,,-23.573595,-46.490476,,,,1,2023-06-19T02:16:22+00:00
SAO_407J-10,São Paulo,3550308,True,,34966,,,-23.5551155,-46.52641975,,,,2,2023-06-19T02:20:05+00:00
SAO_407J-10,São Paulo,3550308,True,,34966,,,-23.5498035,-46.4621065,,,,2,2023-06-19T02:20:04+00:00
SAO_407J-10,São Paulo,3550308,True,,34966,,,-23.5454985,-46.571016,,,,2,2023-06-19T02:19:40+00:00
SAO_407J-10,São Paulo,3550308,True,,34966,,,-23.5425525,-46.4250465,,,,2,2023-06-19T02:20:02+00:00
SAO_407J-10,São Paulo,3550308,True,,34966,,,-23.540083499999998,-46.426136625,,,,2,2023-06-19T02:20:17+00:00
SAO_3721-41,São Paulo,3550308,True,,1693,,,-23.55420325,-46.491747000000004,,,,1,2023-06-19T02:19:41+00:00
SAO_3721-41,São Paulo,3550308,True,,1693,,,-23.542482,-46.470364,,,,1,2023-06-19T02:19:41+00:00
SAO_3721-41,São Paulo,3550308,True,,1693,,,-23.5609155,-46.491575999999995,,,,1,2023-06-19T02:20:16+00:00
SAO_2008-10,São Paulo,3550308,True,,897,,,-23.494194,-46.400918,,,,1,2023-06-19T02:16:38+00:00
SAO_2008-10,São Paulo,3550308,True,,897,,,-23.513673375,-46.39163925,,,,1,2023-06-19T02:19:56+00:00
SAO_2008-10,São Paulo,3550308,True,,897,,,-23.5144425,-46.3903165,,,,1,2023-06-19T02:16:35+00:00
SAO_407L-10,São Paulo,3550308,True,,34967,,,-23.580627999999997,-46.411226,,,,2,2023-06-19T02:19:40+00:00
SAO_407L-10,São Paulo,3550308,True,,34967,,,-23.534844250000003,-46.491191,,,,2,2023-06-19T02:19:52+00:00
SAO_407L-10,São Paulo,3550308,True,,34967,,,-23.53511775,-46.45098325,,,,2,2023-06-19T02:20:10+00:00
SAO_407L-10,São Paulo,3550308,True,,34967,,,-23.590592,-46.3947795,,,,2,2023-06-19T02:19:56+00:00
SAO_407L-10,São Paulo,3550308,True,,34967,,,-23.590822000000003,-46.3946785,,,,2,2023-06-19T02:19:46+00:00
SAO_407L-10,São Paulo,3550308,True,,34967,,,-23.583490500000003,-46.40723,,,,2,2023-06-19T02:15:53+00:00
SAO_407L-10,São Paulo,3550308,True,,34967,,,-23.563516,-46.416466,,,,2,2023-06-19T02:20:16+00:00
SAO_748R-10,São Paulo,3550308,True,,33269,,,-23.522785499999998,-46.704229,,,,2,2023-06-19T02:20:08+00:00
SAO_748R-10,São Paulo,3550308,True,,33269,,,-23.600666,-46.784031999999996,,,,2,2023-06-19T02:19:40+00:00
SAO_748R-10,São Paulo,3550308,True,,33269,,,-23.5944625,-46.786765,,,,2,2023-06-19T02:20:11+00:00
SAO_4491-10,São Paulo,3550308,True,EMTU,327,https://moovitapp.com/index/pt-br/transporte_p%C3%BAblico-line-327-Sao_Paulo-242-2038937-36419415-0,5.35,-23.54645675,-46.629903999999996,,,,1,2023-06-19T02:20:10+00:00
SAO_4491-10,São Paulo,3550308,True,EMTU,327,https://moovitapp.com/index/pt-br/transporte_p%C3%BAblico-line-327-Sao_Paulo-242-2038937-36419415-0,5.35,-23.62311675,-46.628116125000005,,,,1,2023-06-19T02:20:02+00:00
SAO_407H-10,São Paulo,3550308,True,,2197,,,-23.5879805,-46.4426885,,,,1,2023-06-19T02:20:07+00:00
SAO_407H-10,São Paulo,3550308,True,,2197,,,-23.631637499999997,-46.44689875,,,,1,2023-06-19T02:19:16+00:00
SAO_407H-10,São Paulo,3550308,True,,2197,,,-23.544428,-46.4659185,,,,1,2023-06-19T02:20:07+00:00
SAO_857P-10,São Paulo,3550308,True,,1926,,,-23.59660175,-46.739715125000004,,,,1,2023-06-19T02:20:21+00:00
SAO_857P-10,São Paulo,3550308,True,,1926,,,-23.569890125,-46.688351125,,,,1,2023-06-19T02:20:19+00:00
SAO_9047-10,São Paulo,3550308,True,,33651,,,-23.506533875000002,-46.689030375,,,,2,2023-06-19T02:20:00+00:00
SAO_9047-10,São Paulo,3550308,True,,33651,,,-23.4613235,-46.713106499999995,,,,2,2023-06-19T02:19:40+00:00
SAO_9047-10,São Paulo,3550308,True,,33651,,,-23.471965,-46.6916,,,,2,2023-06-19T02:20:02+00:00
SAO_857C-10,São Paulo,3550308,True,,34669,,,-23.631508,-46.7726,,,,2,2023-06-19T02:19:43+00:00
SAO_857C-10,São Paulo,3550308,True,,34669,,,-23.6296545,-46.673252500000004,,,,2,2023-06-19T02:20:00+00:00
SAO_857C-10,São Paulo,3550308,True,,34669,,,-23.631508,-46.7726,,,,2,2023-06-19T02:20:14+00:00
SAO_3033-10,São Paulo,3550308,True,,968,,,-23.6107935,-46.4748,,,,1,2023-06-19T02:20:19+00:00
SAO_3033-10,São Paulo,3550308,True,,968,,,-23.5810075,-46.4153985,,,,1,2023-06-19T02:20:03+00:00
SAO_3033-10,São Paulo,3550308,True,,968,,,-23.54334725,-46.413296,,,,1,2023-06-19T02:19:51+00:00
SAO_2732-10,São Paulo,3550308,True,,947,,,-23.5402155,-46.483134,,,,1,2023-06-19T02:19:57+00:00
SAO_2732-10,São Paulo,3550308,True,,947,,,-23.540146,-46.4828645,,,,1,2023-06-19T02:16:20+00:00
SAO_2732-10,São Paulo,3550308,True,,947,,,-23.5402155,-46.483134,,,,1,2023-06-19T02:19:31+00:00
SAO_2732-10,São Paulo,3550308,True,,947,,,-23.5402155,-46.483134,,,,1,2023-06-19T02:19:57+00:00
SAO_775F-31,São Paulo,3550308,True,,35256,,,-23.6265185,-46.73516625,,,,2,2023-06-19T02:20:00+00:00
SAO_775F-31,São Paulo,3550308,True,,35256,,,-23.625493499999997,-46.748728,,,,2,2023-06-19T02:20:17+00:00
SAO_3762-10,São Paulo,3550308,True,,1053,,,-23.546659375,-46.55496975,,,,1,2023-06-19T02:20:07+00:00
SAO_3762-10,São Paulo,3550308,True,,1053,,,-23.577344,-46.524668,,,,1,2023-06-19T02:19:59+00:00
SAO_3762-10,São Paulo,3550308,True,,1053,,,-23.54386925,-46.5710285,,,,1,2023-06-19T02:19:43+00:00
SAO_647P-10,São Paulo,3550308,True,,1316,,,-23.600934625,-46.723374750000005,,,,1,2023-06-19T02:20:04+00:00
SAO_647P-10,São Paulo,3550308,True,,1316,,,-23.6619925,-46.7557755,,,,1,2023-06-19T02:20:00+00:00
SAO_647P-10,São Paulo,3550308,True,,1316,,,-23.675376999999997,-46.7844185,,,,1,2023-06-19T02:19:50+00:00
SAO_647P-10,São Paulo,3550308,True,,1316,,,-23.56939675,-46.69167625,,,,1,2023-06-19T02:20:18+00:00
SAO_5759-31,São Paulo,3550308,True,,1139,,,-23.639104500000002,-46.643958,,,,1,2023-06-19T02:19:51+00:00
SAO_5759-31,São Paulo,3550308,True,,1139,,,-23.69054175,-46.64376375,,,,1,2023-06-19T02:19:56+00:00
SAO_6200-10,São Paulo,3550308,True,,355,,,-23.5491125,-46.640139500000004,,,,1,2023-06-19T02:20:08+00:00
SAO_6200-10,São Paulo,3550308,True,,355,,,-23.6544435,-46.714867,,,,1,2023-06-19T02:19:58+00:00
SAO_6200-10,São Paulo,3550308,True,,355,,,-23.573410250000002,-46.6661795,,,,1,2023-06-19T02:19:56+00:00
SAO_6200-10,São Paulo,3550308,True,,355,,,-23.624938125,-46.707062125,,,,1,2023-06-19T02:19:58+00:00
SAO_6200-10,São Paulo,3550308,True,,355,,,-23.549083,-46.6398165,,,,1,2023-06-19T02:20:08+00:00
SAO_6200-10,São Paulo,3550308,True,,355,,,-23.654486499999997,-46.7150675,,,,1,2023-06-19T02:19:40+00:00
SAO_2666-10,São Paulo,3550308,True,EMTU,378,https://moovitapp.com/index/pt-br/transporte_p%C3%BAblico-line-378-Sao_Paulo-242-2038937-36419452-0,12.1,-23.546727,-46.629723999999996,,,,1,2023-06-19T02:19:56+00:00
SAO_2666-10,São Paulo,3550308,True,EMTU,378,https://moovitapp.com/index/pt-br/transporte_p%C3%BAblico-line-378-Sao_Paulo-242-2038937-36419452-0,12.1,-23.522760249999997,-46.53187375,,,,1,2023-06-19T02:19:56+00:00
SAO_2666-10,São Paulo,3550308,True,EMTU,378,https://moovitapp.com/index/pt-br/transporte_p%C3%BAblico-line-378-Sao_Paulo-242-2038937-36419452-0,12.1,-23.51798475,-46.3882325,,,,1,2023-06-19T02:20:01+00:00
SAO_2666-10,São Paulo,3550308,True,EMTU,378,https://moovitapp.com/index/pt-br/transporte_p%C3%BAblico-line-378-Sao_Paulo-242-2038937-36419452-0,12.1,-23.537689,-46.596718875,,,,1,2023-06-19T02:19:48+00:00
SAO_2666-10,São Paulo,3550308,True,EMTU,378,https://moovitapp.com/index/pt-br/transporte_p%C3%BAblico-line-378-Sao_Paulo-242-2038937-36419452-0,12.1,-23.5183915,-46.39161300000001,,,,1,2023-06-19T02:19:38+00:00
SAO_775N-10,São Paulo,3550308,True,,474,,,-23.55123175,-46.740238250000004,,,,1,2023-06-19T02:20:01+00:00
SAO_775N-10,São Paulo,3550308,True,,474,,,-23.5776215,-46.765493000000006,,,,1,2023-06-19T02:20:03+00:00
SAO_775N-10,São Paulo,3550308,True,,474,,,-23.550092562499998,-46.7390546875,,,,1,2023-06-19T02:20:02+00:00
SAO_775N-10,São Paulo,3550308,True,,474,,,-23.54645025,-46.690705,,,,1,2023-06-19T02:20:04+00:00
SAO_775N-10,São Paulo,3550308,True,,474,,,-23.55123175,-46.740238250000004,,,,1,2023-06-19T02:20:23+00:00
SAO_2718-10,São Paulo,3550308,True,,931,,,-23.532948250000004,-46.54415025,,,,1,2023-06-19T02:19:45+00:00
SAO_2718-10,São Paulo,3550308,True,,931,,,-23.4999295,-46.52546825,,,,1,2023-06-19T02:20:13+00:00
SAO_938L-10,São Paulo,3550308,True,,34136,,,-23.5027635,-46.687427,,,,2,2023-06-19T02:20:13+00:00
SAO_938L-10,São Paulo,3550308,True,,34136,,,-23.517713999999998,-46.7031655,,,,2,2023-06-19T02:19:38+00:00
SAO_6062-51,São Paulo,3550308,True,,1739,,,-23.729931999999998,-46.6885355,,,,1,2023-06-19T02:20:08+00:00
SAO_6062-51,São Paulo,3550308,True,,1739,,,-23.65407975,-46.70757625,,,,1,2023-06-19T02:19:54+00:00
SAO_6062-51,São Paulo,3550308,True,,1739,,,-23.7419465,-46.681698499999996,,,,1,2023-06-19T02:20:11+00:00
SAO_6062-51,São Paulo,3550308,True,,1739,,,-23.745519,-46.68301725,,,,1,2023-06-19T02:20:15+00:00
SAO_6062-51,São Paulo,3550308,True,,1739,,,-23.7419465,-46.681698499999996,,,,1,2023-06-19T02:20:19+00:00
SAO_3712-51,São Paulo,3550308,True,,35273,,,-23.54414475,-46.460653,,,,2,2023-06-19T02:20:16+00:00
SAO_3712-51,São Paulo,3550308,True,,35273,,,-23.55940725,-46.422336875,,,,2,2023-06-19T02:20:03+00:00
SAO_1702-10,São Paulo,3550308,True,,33614,,,-23.456397,-46.584687,,,,2,2023-06-19T02:20:19+00:00
SAO_1702-10,São Paulo,3550308,True,,33614,,,-23.524798750000002,-46.62529075,,,,2,2023-06-19T02:20:01+00:00
SAO_1702-10,São Paulo,3550308,True,,33614,,,-23.4809795,-46.6011355,,,,2,2023-06-19T02:19:55+00:00
SAO_1702-10,São Paulo,3550308,True,,33614,,,-23.4432505,-46.577110000000005,,,,2,2023-06-19T02:19:56+00:00
SAO_1702-10,São Paulo,3550308,True,,33614,,,-23.4432505,-46.577110000000005,,,,2,2023-06-19T02:20:02+00:00
SAO_2772-10,São Paulo,3550308,True,,33166,,,-23.530189,-46.529557875,,,,2,2023-06-19T02:19:38+00:00
SAO_2772-10,São Paulo,3550308,True,,33166,,,-23.523301,-46.4105365,,,,2,2023-06-19T02:20:20+00:00
SAO_3134-10,São Paulo,3550308,True,,33761,,,-23.57389375,-46.557759250000004,,,,2,2023-06-19T02:19:46+00:00
SAO_3134-10,São Paulo,3550308,True,,33761,,,-23.589756,-46.582632,,,,2,2023-06-19T02:19:52+00:00
SAO_3134-10,São Paulo,3550308,True,,33761,,,-23.5630785,-46.5055855,,,,2,2023-06-19T02:19:58+00:00
SAO_3134-10,São Paulo,3550308,True,,33761,,,-23.567946,-46.507213750000005,,,,2,2023-06-19T02:19:55+00:00
SAO_6046-10,São Paulo,3550308,True,,1223,,,-23.656632000000002,-46.7632865,,,,1,2023-06-19T02:20:02+00:00
SAO_6046-10,São Paulo,3550308,True,,1223,,,-23.684711,-46.7822195,,,,1,2023-06-19T02:20:09+00:00
SAO_3789-10,São Paulo,3550308,True,,1067,,,-23.5425685,-46.470890999999995,,,,1,2023-06-19T02:20:22+00:00
SAO_3789-10,São Paulo,3550308,True,,1067,,,-23.5655585,-46.4677395,,,,1,2023-06-19T02:20:14+00:00
SAO_3789-10,São Paulo,3550308,True,,1067,,,-23.585396499999998,-46.414854500000004,,,,1,2023-06-19T02:19:45+00:00
SAO_5178-10,São Paulo,3550308,True,,595,,,-23.683703,-46.6339125,,,,1,2023-06-19T02:20:01+00:00
SAO_5178-10,São Paulo,3550308,True,,595,,,-23.5742155,-46.655919,,,,1,2023-06-19T02:19:59+00:00
SAO_5178-10,São Paulo,3550308,True,,595,,,-23.631880250000002,-46.66903225,,,,1,2023-06-19T02:19:37+00:00
SAO_5178-10,São Paulo,3550308,True,,595,,,-23.6796455,-46.63979825,,,,1,2023-06-19T02:19:01+00:00
SAO_5759-10,São Paulo,3550308,True,,33906,,,-23.6948495,-46.64830975,,,,2,2023-06-19T02:20:08+00:00
SAO_5759-10,São Paulo,3550308,True,,33906,,,-23.67332825,-46.6629315,,,,2,2023-06-19T02:19:52+00:00
SAO_5759-10,São Paulo,3550308,True,,33906,,,-23.6876195,-46.641799500000005,,,,2,2023-06-19T02:20:01+00:00
SAO_6110-10,São Paulo,3550308,True,,33952,,,-23.7570445,-46.7057305,,,,2,2023-06-19T02:20:20+00:00
SAO_6110-10,São Paulo,3550308,True,,33952,,,-23.678484,-46.6849965,,,,2,2023-06-19T02:20:09+00:00
SAO_6110-10,São Paulo,3550308,True,,33952,,,-23.732298749999998,-46.71525325,,,,2,2023-06-19T02:20:13+00:00
SAO_6012-10,São Paulo,3550308,True,,1204,,,-23.686561,-46.7870745,,,,1,2023-06-19T02:19:50+00:00
SAO_6012-10,São Paulo,3550308,True,,1204,,,-23.682796,-46.7680615,,,,1,2023-06-19T02:20:17+00:00
SAO_6012-10,São Paulo,3550308,True,,1204,,,-23.6514515,-46.700321,,,,1,2023-06-19T02:20:03+00:00
SAO_6012-10,São Paulo,3550308,True,,1204,,,-23.65149975,-46.7019275,,,,1,2023-06-19T02:20:04+00:00
SAO_6012-10,São Paulo,3550308,True,,1204,,,-23.686561,-46.7870745,,,,1,2023-06-19T02:19:42+00:00
SAO_7060-10,São Paulo,3550308,True,,1889,,,-23.631026499999997,-46.773642,,,,1,2023-06-19T02:20:20+00:00
SAO_7060-10,São Paulo,3550308,True,,1889,,,-23.6854875,-46.801269500000004,,,,1,2023-06-19T02:19:46+00:00
SAO_7060-10,São Paulo,3550308,True,,1889,,,-23.6854875,-46.801269500000004,,,,1,2023-06-19T02:19:42+00:00
SAO_7060-10,São Paulo,3550308,True,,1889,,,-23.653551,-46.777357,,,,1,2023-06-19T02:19:54+00:00
SAO_719R-10,São Paulo,3550308,True,,33237,,,-23.56699225,-46.758005749999995,,,,2,2023-06-19T02:20:10+00:00
SAO_719R-10,São Paulo,3550308,True,,33237,,,-23.557004,-46.680627375,,,,2,2023-06-19T02:19:48+00:00
SAO_6041-10,São Paulo,3550308,True,,33986,,,-23.6761405,-46.7750765,,,,2,2023-06-19T02:19:50+00:00
SAO_6041-10,São Paulo,3550308,True,,33986,,,-23.6899145,-46.7808755,,,,2,2023-06-19T02:20:02+00:00
SAO_6041-10,São Paulo,3550308,True,,33986,,,-23.6899145,-46.7808755,,,,2,2023-06-19T02:19:50+00:00
SAO_6041-10,São Paulo,3550308,True,,33986,,,-23.64457675,-46.72574899999999,,,,2,2023-06-19T02:20:21+00:00
SAO_6041-10,São Paulo,3550308,True,,33986,,,-23.6899145,-46.7808755,,,,2,2023-06-19T02:19:58+00:00
SAO_5035-10,São Paulo,3550308,True,,1668,,,-23.6028795,-46.601814000000005,,,,1,2023-06-19T02:20:18+00:00
SAO_5035-10,São Paulo,3550308,True,,1668,,,-23.618781,-46.596306,,,,1,2023-06-19T02:19:41+00:00
SAO_8009-10,São Paulo,3550308,True,,34027,,,-23.4861075,-46.726333499999996,,,,2,2023-06-19T02:19:55+00:00
SAO_8009-10,São Paulo,3550308,True,,34027,,,-23.4337315,-46.751121,,,,2,2023-06-19T02:20:16+00:00
SAO_6061-10,São Paulo,3550308,True,,1150,,,-23.7817615,-46.681180499999996,,,,1,2023-06-19T02:19:57+00:00
SAO_6061-10,São Paulo,3550308,True,,1150,,,-23.763965,-46.6891125,,,,1,2023-06-19T02:20:08+00:00
SAO_702U-22,São Paulo,3550308,True,,35349,,,-23.5448285,-46.6433995,,,,2,2023-06-19T02:19:48+00:00
SAO_172X-10,São Paulo,3550308,True,,33629,,,-23.50426375,-46.565462249999996,,,,2,2023-06-19T02:20:12+00:00
SAO_172X-10,São Paulo,3550308,True,,33629,,,-23.50426375,-46.565462249999996,,,,2,2023-06-19T02:17:08+00:00
SAO_172X-10,São Paulo,3550308,True,,33629,,,-23.523332375000003,-46.56820425000001,,,,2,2023-06-19T02:19:39+00:00
SAO_172X-10,São Paulo,3550308,True,,33629,,,-23.50426375,-46.565462249999996,,,,2,2023-06-19T02:20:14+00:00
SAO_172X-10,São Paulo,3550308,True,,33629,,,-23.538145,-46.5677575,,,,2,2023-06-19T02:19:37+00:00
SAO_809H-10,São Paulo,3550308,True,,2245,,,-23.579174,-46.791709000000004,,,,1,2023-06-19T02:19:41+00:00
SAO_4732-10,São Paulo,3550308,True,,33070,,,-23.647584000000002,-46.6004335,,,,2,2023-06-19T02:20:11+00:00
SAO_4732-10,São Paulo,3550308,True,,33070,,,-23.648906500000002,-46.602100500000006,,,,2,2023-06-19T02:17:22+00:00
SAO_695X-10,São Paulo,3550308,True,,1441,,,-23.767062,-46.7161295,,,,1,2023-06-19T02:19:32+00:00
SAO_695X-10,São Paulo,3550308,True,,1441,,,-23.68831,-46.6968375,,,,1,2023-06-19T02:19:29+00:00
SAO_695X-10,São Paulo,3550308,True,,1441,,,-23.7536945,-46.7113345,,,,1,2023-06-19T02:20:11+00:00
SAO_695X-10,São Paulo,3550308,True,,1441,,,-23.6466305,-46.6450555,,,,1,2023-06-19T02:20:21+00:00
SAO_695X-10,São Paulo,3550308,True,,1441,,,-23.649324,-46.661827,,,,1,2023-06-19T02:20:12+00:00
SAO_695X-10,São Paulo,3550308,True,,1441,,,-23.6771695,-46.681231499999996,,,,1,2023-06-19T02:20:11+00:00
SAO_695X-10,São Paulo,3550308,True,,1441,,,-23.695162,-46.6995915,,,,1,2023-06-19T02:19:29+00:00
SAO_695X-10,São Paulo,3550308,True,,1441,,,-23.767062,-46.7161295,,,,1,2023-06-19T02:20:01+00:00
SAO_695X-10,São Paulo,3550308,True,,1441,,,-23.74073,-46.70446725,,,,1,2023-06-19T02:20:02+00:00
SAO_6455-10,São Paulo,3550308,True,,32831,,,-23.654559499999998,-46.761131500000005,,,,2,2023-06-19T02:19:43+00:00
SAO_6455-10,São Paulo,3550308,True,,32831,,,-23.641504374999997,-46.699098875,,,,2,2023-06-19T02:20:22+00:00
SAO_6455-10,São Paulo,3550308,True,,32831,,,-23.654559499999998,-46.761131500000005,,,,2,2023-06-19T02:20:14+00:00
SAO_6455-10,São Paulo,3550308,True,,32831,,,-23.654127000000003,-46.762448000000006,,,,2,2023-06-19T02:19:53+00:00
SAO_6455-10,São Paulo,3550308,True,,32831,,,-23.5825715,-46.65227725,,,,2,2023-06-19T02:20:18+00:00
SAO_3742-10,São Paulo,3550308,True,,33810,,,-23.604736000000003,-46.4346285,,,,2,2023-06-19T02:19:54+00:00
SAO_3742-10,São Paulo,3550308,True,,33810,,,-23.5429995,-46.470884999999996,,,,2,2023-06-19T02:20:20+00:00
SAO_3742-10,São Paulo,3550308,True,,33810,,,-23.6044225,-46.434561,,,,2,2023-06-19T02:20:07+00:00
SAO_3742-10,São Paulo,3550308,True,,33810,,,-23.595099,-46.4449885,,,,2,2023-06-19T02:19:44+00:00
SAO_5010-10,São Paulo,3550308,True,,33882,,,-23.643219375,-46.651292,,,,2,2023-06-19T02:20:16+00:00
SAO_5010-10,São Paulo,3550308,True,,33882,,,-23.6610035,-46.634963,,,,2,2023-06-19T02:19:37+00:00
SAO_5010-10,São Paulo,3550308,True,,33882,,,-23.644641,-46.664896999999996,,,,2,2023-06-19T02:20:04+00:00
SAO_6L07-10,São Paulo,3550308,True,,1545,,,-23.7667025,-46.7163285,,,,1,2023-06-19T02:20:17+00:00
SAO_2201-10,São Paulo,3550308,True,,909,,,-23.5324795,-46.3946915,,,,1,2023-06-19T02:20:13+00:00
SAO_2201-10,São Paulo,3550308,True,,909,,,-23.5324795,-46.3946915,,,,1,2023-06-19T02:19:49+00:00
SAO_2201-10,São Paulo,3550308,True,,909,,,-23.541898500000002,-46.4154965,,,,1,2023-06-19T02:19:41+00:00
SAO_2552-10,São Paulo,3550308,True,,142,,,-23.4903215,-46.418076,,,,1,2023-06-19T02:20:19+00:00
SAO_2552-10,São Paulo,3550308,True,,142,,,-23.5143955,-46.519346999999996,,,,1,2023-06-19T02:20:05+00:00
SAO_2552-10,São Paulo,3550308,True,,142,,,-23.545886,-46.6302635,,,,1,2023-06-19T02:19:41+00:00
SAO_2552-10,São Paulo,3550308,True,,142,,,-23.53906475,-46.6071805,,,,1,2023-06-19T02:19:47+00:00
SAO_478P-10,São Paulo,3550308,True,,33117,,,-23.559982625000004,-46.658242,,,,2,2023-06-19T02:20:04+00:00
SAO_478P-10,São Paulo,3550308,True,,33117,,,-23.567082,-46.6163355,,,,2,2023-06-19T02:16:16+00:00
SAO_709P-10,São Paulo,3550308,True,,34761,,,-23.567645875,-46.6976115,,,,2,2023-06-19T02:19:39+00:00
SAO_709P-10,São Paulo,3550308,True,,34761,,,-23.656139,-46.723152,,,,2,2023-06-19T02:20:05+00:00
SAO_709P-10,São Paulo,3550308,True,,34761,,,-23.6068035,-46.69352575,,,,2,2023-06-19T02:20:16+00:00
SAO_709P-10,São Paulo,3550308,True,,34761,,,-23.6555325,-46.7221545,,,,2,2023-06-19T02:19:42+00:00
SAO_517J-10,São Paulo,3550308,True,,1129,,,-23.648919125,-46.676356999999996,,,,1,2023-06-19T02:20:13+00:00
SAO_517J-10,São Paulo,3550308,True,,1129,,,-23.62661,-46.6864765,,,,1,2023-06-19T02:20:04+00:00
SAO_517J-10,São Paulo,3550308,True,,1129,,,-23.695142,-46.6551275,,,,1,2023-06-19T02:12:25+00:00
SAO_517J-10,São Paulo,3550308,True,,1129,,,-23.690821999999997,-46.655268,,,,1,2023-06-19T02:20:04+00:00
SAO_3739-10,São Paulo,3550308,True,,33807,,,-23.556306499999998,-46.451575500000004,,,,2,2023-06-19T02:20:19+00:00
SAO_3739-10,São Paulo,3550308,True,,33807,,,-23.594361499999998,-46.4449015,,,,2,2023-06-19T02:19:41+00:00
SAO_3739-10,São Paulo,3550308,True,,33807,,,-23.6121585,-46.416186499999995,,,,2,2023-06-19T02:20:05+00:00
SAO_3739-10,São Paulo,3550308,True,,33807,,,-23.6185135,-46.41485,,,,2,2023-06-19T02:19:56+00:00
SAO_253F-10,São Paulo,3550308,True,EMTU,158,https://moovitapp.com/index/pt-br/transporte_p%C3%BAblico-line-158-Sao_Paulo-242-2038937-36419303-0,7.45,-23.542841625,-46.45448999999999,,,,1,2023-06-19T02:20:03+00:00
SAO_253F-10,São Paulo,3550308,True,EMTU,158,https://moovitapp.com/index/pt-br/transporte_p%C3%BAblico-line-158-Sao_Paulo-242-2038937-36419303-0,7.45,-23.598681749999997,-46.46435325,,,,1,2023-06-19T02:19:41+00:00
SAO_2704-10,São Paulo,3550308,True,,916,,,-23.5198535,-46.41966,,,,1,2023-06-19T02:19:58+00:00
SAO_2704-10,São Paulo,3550308,True,,916,,,-23.5342945,-46.454449,,,,1,2023-06-19T02:18:03+00:00
SAO_2704-10,São Paulo,3550308,True,,916,,,-23.5228845,-46.4433875,,,,1,2023-06-19T02:19:41+00:00
SAO_9501-10,São Paulo,3550308,True,,33230,,,-23.4742495,-46.669781,,,,2,2023-06-19T02:20:15+00:00
SAO_9501-10,São Paulo,3550308,True,,33230,,,-23.474266999999998,-46.6694825,,,,2,2023-06-19T02:19:50+00:00
SAO_9501-10,São Paulo,3550308,True,,33230,,,-23.523082249999998,-46.65486525,,,,2,2023-06-19T02:19:56+00:00
SAO_9501-10,São Paulo,3550308,True,,33230,,,-23.474486,-46.66942825,,,,2,2023-06-19T02:20:09+00:00
SAO_6820-31,São Paulo,3550308,True,,1406,,,-23.65559725,-46.764937249999996,,,,1,2023-06-19T02:20:06+00:00
SAO_6820-31,São Paulo,3550308,True,,1406,,,-23.653807,-46.762438,,,,1,2023-06-19T02:20:18+00:00
SAO_746H-10,São Paulo,3550308,True,,33553,,,-23.6491045,-46.7063595,,,,2,2023-06-19T02:19:50+00:00
SAO_746H-10,São Paulo,3550308,True,,33553,,,-23.593532,-46.7529005,,,,2,2023-06-19T02:20:00+00:00
SAO_746H-10,São Paulo,3550308,True,,33553,,,-23.5853305,-46.7242915,,,,2,2023-06-19T02:19:58+00:00
SAO_746H-10,São Paulo,3550308,True,,33553,,,-23.5957705,-46.745969,,,,2,2023-06-19T02:19:58+00:00
SAO_746H-10,São Paulo,3550308,True,,33553,,,-23.639170999999997,-46.7366265,,,,2,2023-06-19T02:20:06+00:00
SAO_1764-10,São Paulo,3550308,True,,33393,,,-23.4579565,-46.602463,,,,2,2023-06-19T02:19:53+00:00
SAO_1764-10,São Paulo,3550308,True,,33393,,,-23.491877,-46.6248085,,,,2,2023-06-19T02:18:14+00:00
SAO_1764-10,São Paulo,3550308,True,,33393,,,-23.4259,-46.581689,,,,2,2023-06-19T02:20:13+00:00
SAO_3732-10,São Paulo,3550308,True,,33797,,,-23.542009,-46.448923750000006,,,,2,2023-06-19T02:19:41+00:00
SAO_3732-10,São Paulo,3550308,True,,33797,,,-23.540044,-46.4317305,,,,2,2023-06-19T02:19:53+00:00
SAO_3732-10,São Paulo,3550308,True,,33797,,,-23.5398745,-46.4316295,,,,2,2023-06-19T02:20:04+00:00
SAO_3732-10,São Paulo,3550308,True,,33797,,,-23.551948624999998,-46.43654475,,,,2,2023-06-19T02:20:07+00:00
SAO_477P-10,São Paulo,3550308,True,,33116,,,-23.6064,-46.626656,,,,2,2023-06-19T02:19:40+00:00
SAO_477P-10,São Paulo,3550308,True,,33116,,,-23.572526,-46.704663,,,,2,2023-06-19T02:20:19+00:00
SAO_477P-10,São Paulo,3550308,True,,33116,,,-23.612551,-46.60875125,,,,2,2023-06-19T02:20:05+00:00
SAO_9023-10,São Paulo,3550308,True,,34205,,,-23.4359635,-46.7144225,,,,2,2023-06-19T02:19:48+00:00
SAO_9023-10,São Paulo,3550308,True,,34205,,,-23.419681500000003,-46.716796,,,,2,2023-06-19T02:19:40+00:00
SAO_9023-10,São Paulo,3550308,True,,34205,,,-23.486517,-46.7267185,,,,2,2023-06-19T02:20:05+00:00
SAO_745M-10,São Paulo,3550308,True,,782,,,-23.6384965,-46.779754499999996,,,,1,2023-06-19T02:20:07+00:00
SAO_745M-10,São Paulo,3550308,True,,782,,,-23.681940875000002,-46.69123225,,,,1,2023-06-19T02:19:44+00:00
SAO_745M-10,São Paulo,3550308,True,,782,,,-23.660350625,-46.765821875,,,,1,2023-06-19T02:20:19+00:00
SAO_745M-10,São Paulo,3550308,True,,782,,,-23.6687515,-46.735510000000005,,,,1,2023-06-19T02:19:54+00:00
SAO_1701-10,São Paulo,3550308,True,,33613,,,-23.4551795,-46.5832085,,,,2,2023-06-19T02:17:25+00:00
SAO_1701-10,São Paulo,3550308,True,,33613,,,-23.478503500000002,-46.5985795,,,,2,2023-06-19T02:20:17+00:00
SAO_1701-10,São Paulo,3550308,True,,33613,,,-23.500975375,-46.622825500000005,,,,2,2023-06-19T02:19:50+00:00
SAO_4727-10,São Paulo,3550308,True,,33108,,,-23.639317499999997,-46.607468,,,,2,2023-06-19T02:20:19+00:00
SAO_8686-21,São Paulo,3550308,True,,2485,,,-23.520121500000002,-46.7000015,,,,1,2023-06-19T02:20:08+00:00
SAO_106A-10,São Paulo,3550308,True,,33284,,,-23.502871,-46.624226,,,,2,2023-06-19T02:19:42+00:00
SAO_106A-10,São Paulo,3550308,True,,33284,,,-23.578942875000003,-46.675972125,,,,2,2023-06-19T02:19:46+00:00
SAO_106A-10,São Paulo,3550308,True,,33284,,,-23.503125,-46.6245765,,,,2,2023-06-19T02:20:03+00:00
SAO_675I-10,São Paulo,3550308,True,,32836,,,-23.6437595,-46.734615000000005,,,,2,2023-06-19T02:20:14+00:00
SAO_675I-10,São Paulo,3550308,True,,32836,,,-23.626995375,-46.64467462500001,,,,2,2023-06-19T02:20:16+00:00
SAO_675I-10,São Paulo,3550308,True,,32836,,,-23.643911000000003,-46.733135000000004,,,,2,2023-06-19T02:19:45+00:00
SAO_1709-10,São Paulo,3550308,True,,851,,,-23.4412375,-46.5814765,,,,1,2023-06-19T02:19:52+00:00
SAO_1709-10,São Paulo,3550308,True,,851,,,-23.4412375,-46.5814765,,,,1,2023-06-19T02:20:15+00:00
SAO_1709-10,São Paulo,3550308,True,,851,,,-23.4412375,-46.5814765,,,,1,2023-06-19T02:20:17+00:00
SAO_1709-10,São Paulo,3550308,True,,851,,,-23.4412375,-46.5814765,,,,1,2023-06-19T02:19:40+00:00
SAO_1709-10,São Paulo,3550308,True,,851,,,-23.440478499999998,-46.5876435,,,,1,2023-06-19T02:19:44+00:00
SAO_1709-10,São Paulo,3550308,True,,851,,,-23.4412375,-46.5814765,,,,1,2023-06-19T02:20:15+00:00
SAO_1709-10,São Paulo,3550308,True,,851,,,-23.4412375,-46.5814765,,,,1,2023-06-19T02:19:45+00:00
SAO_1709-10,São Paulo,3550308,True,,851,,,-23.462445499999998,-46.59857275,,,,1,2023-06-19T02:19:41+00:00
SAO_1709-10,São Paulo,3550308,True,,851,,,-23.4412375,-46.5814765,,,,1,2023-06-19T02:19:44+00:00
SAO_1709-10,São Paulo,3550308,True,,851,,,-23.4412375,-46.5814765,,,,1,2023-06-19T02:20:10+00:00
SAO_1709-10,São Paulo,3550308,True,,851,,,-23.4412375,-46.5814765,,,,1,2023-06-19T02:19:43+00:00
SAO_354M-10,São Paulo,3550308,True,,1619,,,-23.544626,-46.447593,,,,1,2023-06-19T02:20:11+00:00
SAO_354M-10,São Paulo,3550308,True,,1619,,,-23.4917525,-46.4349545,,,,1,2023-06-19T02:19:49+00:00
SAO_354M-10,São Paulo,3550308,True,,1619,,,-23.4917525,-46.4349545,,,,1,2023-06-19T02:20:09+00:00
SAO_2732-10,São Paulo,3550308,True,,33715,,,-23.5365575,-46.45536575,,,,2,2023-06-19T02:20:13+00:00
SAO_2732-10,São Paulo,3550308,True,,33715,,,-23.529743,-46.45955,,,,2,2023-06-19T02:19:54+00:00
SAO_2732-10,São Paulo,3550308,True,,33715,,,-23.540062499999998,-46.482594375,,,,2,2023-06-19T02:20:03+00:00
SAO_3051-10,São Paulo,3550308,True,,2446,,,-23.5039345,-46.472941,,,,1,2023-06-19T02:20:14+00:00
SAO_273J-10,São Paulo,3550308,True,STT,389,https://moovitapp.com/index/pt-br/transporte_p%C3%BAblico-line-389-Sao_Paulo-242-850661-183299-0,5.3,-23.493602625,-46.40164875,,,,1,2023-06-19T02:20:17+00:00
SAO_273J-10,São Paulo,3550308,True,STT,389,https://moovitapp.com/index/pt-br/transporte_p%C3%BAblico-line-389-Sao_Paulo-242-850661-183299-0,5.3,-23.478862499999998,-46.3845735,,,,1,2023-06-19T02:20:17+00:00
SAO_875C-10,São Paulo,3550308,True,,33246,,,-23.602985,-46.66056625,,,,2,2023-06-19T02:20:18+00:00
SAO_875C-10,São Paulo,3550308,True,,33246,,,-23.5672905,-46.6933745,,,,2,2023-06-19T02:20:17+00:00
SAO_875C-10,São Paulo,3550308,True,,33246,,,-23.5198445,-46.700163,,,,2,2023-06-19T02:19:51+00:00
SAO_6071-10,São Paulo,3550308,True,,33924,,,-23.717599999999997,-46.689667,,,,2,2023-06-19T02:19:47+00:00
SAO_6071-10,São Paulo,3550308,True,,33924,,,-23.69541,-46.700540000000004,,,,2,2023-06-19T02:19:46+00:00
SAO_6071-10,São Paulo,3550308,True,,33924,,,-23.693558,-46.697164,,,,2,2023-06-19T02:20:15+00:00
SAO_6071-10,São Paulo,3550308,True,,33924,,,-23.71901475,-46.67920225,,,,2,2023-06-19T02:19:41+00:00
SAO_574J-10,São Paulo,3550308,True,,34453,,,-23.625893124999997,-46.62190725000001,,,,2,2023-06-19T02:20:14+00:00
SAO_574J-10,São Paulo,3550308,True,,34453,,,-23.636083499999998,-46.641462,,,,2,2023-06-19T02:19:47+00:00
SAO_574J-10,São Paulo,3550308,True,,34453,,,-23.587321000000003,-46.601696125000004,,,,2,2023-06-19T02:19:42+00:00
SAO_574J-10,São Paulo,3550308,True,,34453,,,-23.570197999999998,-46.548767,,,,2,2023-06-19T02:20:09+00:00
SAO_574J-10,São Paulo,3550308,True,,34453,,,-23.636083499999998,-46.641462,,,,2,2023-06-19T02:20:12+00:00
SAO_574J-10,São Paulo,3550308,True,,34453,,,-23.636083499999998,-46.641462,,,,2,2023-06-19T02:19:51+00:00
SAO_701A-10,São Paulo,3550308,True,,689,,,-23.55165475,-46.657360749999995,,,,1,2023-06-19T02:20:12+00:00
SAO_701A-10,São Paulo,3550308,True,,689,,,-23.484452875,-46.579253,,,,1,2023-06-19T02:19:39+00:00
SAO_978T-10,São Paulo,3550308,True,,889,,,-23.526571,-46.668458,,,,1,2023-06-19T02:19:59+00:00
SAO_978T-10,São Paulo,3550308,True,,889,,,-23.4608575,-46.687422,,,,1,2023-06-19T02:20:15+00:00
SAO_978T-10,São Paulo,3550308,True,,889,,,-23.4939525,-46.6972225,,,,1,2023-06-19T02:19:38+00:00
SAO_978T-10,São Paulo,3550308,True,,889,,,-23.5314355,-46.679734749999994,,,,1,2023-06-19T02:19:38+00:00
SAO_978T-10,São Paulo,3550308,True,,889,,,-23.4598825,-46.697731000000005,,,,1,2023-06-19T02:19:42+00:00
SAO_971R-10,São Paulo,3550308,True,,33382,,,-23.4352575,-46.716595,,,,2,2023-06-19T02:19:59+00:00
SAO_971R-10,São Paulo,3550308,True,,33382,,,-23.45351275,-46.737303,,,,2,2023-06-19T02:20:19+00:00
SAO_971R-10,São Paulo,3550308,True,,33382,,,-23.453908499999997,-46.7375045,,,,2,2023-06-19T02:19:43+00:00
SAO_971R-10,São Paulo,3550308,True,,33382,,,-23.501995,-46.625974,,,,2,2023-06-19T02:19:49+00:00
SAO_971R-10,São Paulo,3550308,True,,33382,,,-23.476567,-46.6630275,,,,2,2023-06-19T02:20:07+00:00
SAO_971R-10,São Paulo,3550308,True,,33382,,,-23.4542055,-46.696564,,,,2,2023-06-19T02:17:23+00:00
SAO_971R-10,São Paulo,3550308,True,,33382,,,-23.4536595,-46.737358,,,,2,2023-06-19T02:18:43+00:00
SAO_1759-10,São Paulo,3550308,True,,33321,,,-23.462498500000002,-46.659318999999996,,,,2,2023-06-19T02:20:15+00:00
SAO_1759-10,São Paulo,3550308,True,,33321,,,-23.462308999999998,-46.659564,,,,2,2023-06-19T02:20:00+00:00
SAO_7040-10,São Paulo,3550308,True,,33544,,,-23.565354999999997,-46.693373,,,,2,2023-06-19T02:20:00+00:00
SAO_7040-10,São Paulo,3550308,True,,33544,,,-23.601505500000002,-46.710243,,,,2,2023-06-19T02:19:42+00:00
SAO_7040-10,São Paulo,3550308,True,,33544,,,-23.623783500000002,-46.727943999999994,,,,2,2023-06-19T02:19:40+00:00
SAO_7040-10,São Paulo,3550308,True,,33544,,,-23.623910000000002,-46.727845,,,,2,2023-06-19T02:19:54+00:00
SAO_6358-10,São Paulo,3550308,True,,34062,,,-23.686289000000002,-46.6379425,,,,2,2023-06-19T02:19:56+00:00
SAO_6358-10,São Paulo,3550308,True,,34062,,,-23.6833915,-46.634699499999996,,,,2,2023-06-19T02:20:07+00:00
SAO_407F-10,São Paulo,3550308,True,,34935,,,-23.579436875,-46.503225375,,,,2,2023-06-19T02:19:47+00:00
SAO_407F-10,São Paulo,3550308,True,,34935,,,-23.55829,-46.5685475,,,,2,2023-06-19T02:20:09+00:00
SAO_407F-10,São Paulo,3550308,True,,34935,,,-23.612146,-46.4762395,,,,2,2023-06-19T02:19:47+00:00
SAO_8545-10,São Paulo,3550308,True,,34132,,,-23.464785,-46.6959285,,,,2,2023-06-19T02:19:44+00:00
SAO_8545-10,São Paulo,3550308,True,,34132,,,-23.4648145,-46.6961405,,,,2,2023-06-19T02:19:42+00:00
SAO_8545-10,São Paulo,3550308,True,,34132,,,-23.483306,-46.6861855,,,,2,2023-06-19T02:19:46+00:00
SAO_6200-10,São Paulo,3550308,True,,33123,,,-23.62428825,-46.71070125,,,,2,2023-06-19T02:20:20+00:00
SAO_6200-10,São Paulo,3550308,True,,33123,,,-23.580382,-46.6791105,,,,2,2023-06-19T02:20:02+00:00
SAO_476G-41,São Paulo,3550308,True,,1112,,,-23.6093755,-46.532146499999996,,,,1,2023-06-19T02:20:21+00:00
SAO_476G-41,São Paulo,3550308,True,,1112,,,-23.5851185,-46.62779225,,,,1,2023-06-19T02:20:05+00:00
SAO_3743-10,São Paulo,3550308,True,,1043,,,-23.5800725,-46.48658125,,,,1,2023-06-19T02:20:19+00:00
SAO_3743-10,São Paulo,3550308,True,,1043,,,-23.542684,-46.4693915,,,,1,2023-06-19T02:19:39+00:00
SAO_271F-10,São Paulo,3550308,True,,683,,,-23.514491624999998,-46.607568125,,,,1,2023-06-19T02:20:13+00:00
SAO_5111-10,São Paulo,3550308,True,,48,,,-23.644948375,-46.700573000000006,,,,1,2023-06-19T02:20:23+00:00
SAO_5111-10,São Paulo,3550308,True,,48,,,-23.6542935,-46.7114185,,,,1,2023-06-19T02:19:48+00:00
SAO_5111-10,São Paulo,3550308,True,,48,,,-23.5847685,-46.670341750000006,,,,1,2023-06-19T02:20:21+00:00
SAO_5111-10,São Paulo,3550308,True,,48,,,-23.6542935,-46.7114185,,,,1,2023-06-19T02:20:14+00:00
SAO_5111-10,São Paulo,3550308,True,,48,,,-23.561073999999998,-46.643897875,,,,1,2023-06-19T02:19:48+00:00
SAO_6083-10,São Paulo,3550308,True,,1733,,,-23.7363815,-46.696515000000005,,,,1,2023-06-19T02:19:47+00:00
SAO_1017-10,São Paulo,3550308,True,,34909,,,-23.45456,-46.7121335,,,,2,2023-06-19T02:20:18+00:00
SAO_1017-10,São Paulo,3550308,True,,34909,,,-23.477535500000002,-46.714372,,,,2,2023-06-19T02:19:45+00:00
SAO_1017-10,São Paulo,3550308,True,,34909,,,-23.404953,-46.744240250000004,,,,2,2023-06-19T02:19:42+00:00
SAO_1017-10,São Paulo,3550308,True,,34909,,,-23.413738000000002,-46.750985,,,,2,2023-06-19T02:19:39+00:00
SAO_1017-10,São Paulo,3550308,True,,34909,,,-23.413738000000002,-46.750985,,,,2,2023-06-19T02:20:15+00:00
SAO_6451-10,São Paulo,3550308,True,,61,,,-23.631780499999998,-46.71531125,,,,1,2023-06-19T02:19:53+00:00
SAO_6451-10,São Paulo,3550308,True,,61,,,-23.575625125,-46.669271,,,,1,2023-06-19T02:20:23+00:00
SAO_5111-10,São Paulo,3550308,True,,32816,,,-23.553562375,-46.6383405,,,,2,2023-06-19T02:20:13+00:00
SAO_5111-10,São Paulo,3550308,True,,32816,,,-23.603011875,-46.674597750000004,,,,2,2023-06-19T02:20:15+00:00
SAO_5111-10,São Paulo,3550308,True,,32816,,,-23.54805,-46.629795,,,,2,2023-06-19T02:19:40+00:00
SAO_5026-10,São Paulo,3550308,True,,34403,,,-23.6141285,-46.501647,,,,2,2023-06-19T02:20:19+00:00
SAO_5022-10,São Paulo,3550308,True,,33888,,,-23.6721505,-46.638467,,,,2,2023-06-19T02:19:56+00:00
SAO_5022-10,São Paulo,3550308,True,,33888,,,-23.6720685,-46.638756,,,,2,2023-06-19T02:19:50+00:00
SAO_5022-10,São Paulo,3550308,True,,33888,,,-23.653701124999998,-46.637101,,,,2,2023-06-19T02:20:14+00:00
SAO_9191-10,São Paulo,3550308,True,,33578,,,-23.4561095,-46.678686,,,,2,2023-06-19T02:20:08+00:00
SAO_9191-10,São Paulo,3550308,True,,33578,,,-23.455891,-46.678366,,,,2,2023-06-19T02:20:16+00:00
SAO_9191-10,São Paulo,3550308,True,,33578,,,-23.522572250000003,-46.66452174999999,,,,2,2023-06-19T02:20:05+00:00
SAO_9191-10,São Paulo,3550308,True,,33578,,,-23.5272435,-46.632624250000006,,,,2,2023-06-19T02:20:20+00:00
SAO_9191-10,São Paulo,3550308,True,,33578,,,-23.456177500000003,-46.678882,,,,2,2023-06-19T02:20:06+00:00
SAO_9191-10,São Paulo,3550308,True,,33578,,,-23.4559915,-46.6784675,,,,2,2023-06-19T02:19:56+00:00
SAO_9191-10,São Paulo,3550308,True,,33578,,,-23.5040615,-46.681983,,,,2,2023-06-19T02:20:16+00:00
SAO_8013-10,São Paulo,3550308,True,,33568,,,-23.5134245,-46.726335000000006,,,,2,2023-06-19T02:19:45+00:00
SAO_273D-10,São Paulo,3550308,True,,32990,,,-23.5405225,-46.4830415,,,,2,2023-06-19T02:20:18+00:00
SAO_273D-10,São Paulo,3550308,True,,32990,,,-23.53815425,-46.47790475,,,,2,2023-06-19T02:19:57+00:00
SAO_3462-10,São Paulo,3550308,True,,33015,,,-23.527414,-46.4551295,,,,2,2023-06-19T02:20:09+00:00
SAO_3462-10,São Paulo,3550308,True,,33015,,,-23.538698,-46.565755,,,,2,2023-06-19T02:19:35+00:00
SAO_3462-10,São Paulo,3550308,True,,33015,,,-23.53439275,-46.468106500000005,,,,2,2023-06-19T02:20:01+00:00
SAO_771P-10,São Paulo,3550308,True,,33274,,,-23.602404,-46.795141,,,,2,2023-06-19T02:19:44+00:00
SAO_771P-10,São Paulo,3550308,True,,33274,,,-23.602230499999997,-46.795042499999994,,,,2,2023-06-19T02:20:18+00:00
SAO_3046-10,São Paulo,3550308,True,,33739,,,-23.579648499999998,-46.5252835,,,,2,2023-06-19T02:20:10+00:00
SAO_3046-10,São Paulo,3550308,True,,33739,,,-23.581949,-46.5368435,,,,2,2023-06-19T02:19:45+00:00
SAO_3046-10,São Paulo,3550308,True,,33739,,,-23.561360999999998,-46.573636750000006,,,,2,2023-06-19T02:20:11+00:00
SAO_8002-10,São Paulo,3550308,True,,1252,,,-23.506166999999998,-46.7349995,,,,1,2023-06-19T02:19:38+00:00
SAO_8002-10,São Paulo,3550308,True,,1252,,,-23.485942,-46.725680999999994,,,,1,2023-06-19T02:19:58+00:00
SAO_172J-10,São Paulo,3550308,True,,856,,,-23.528323,-46.599075,,,,1,2023-06-19T02:17:43+00:00
SAO_172J-10,São Paulo,3550308,True,,856,,,-23.480438499999998,-46.569803,,,,1,2023-06-19T02:19:21+00:00
SAO_172J-10,São Paulo,3550308,True,,856,,,-23.513315499999997,-46.581042,,,,1,2023-06-19T02:19:57+00:00
SAO_172J-10,São Paulo,3550308,True,,856,,,-23.4797715,-46.568705,,,,1,2023-06-19T02:19:58+00:00
SAO_1177-10,São Paulo,3550308,True,,129,,,-23.5143,-46.476661500000006,,,,1,2023-06-19T02:15:39+00:00
SAO_1177-10,São Paulo,3550308,True,,129,,,-23.538240000000002,-46.633609500000006,,,,1,2023-06-19T02:20:16+00:00
SAO_1177-10,São Paulo,3550308,True,,129,,,-23.518318999999998,-46.4758545,,,,1,2023-06-19T02:20:00+00:00
SAO_414P-10,São Paulo,3550308,True,,1105,,,-23.610801000000002,-46.5299455,,,,1,2023-06-19T02:19:55+00:00
SAO_414P-10,São Paulo,3550308,True,,1105,,,-23.536963,-46.563204,,,,1,2023-06-19T02:20:12+00:00
SAO_414P-10,São Paulo,3550308,True,,1105,,,-23.569039,-46.540398999999994,,,,1,2023-06-19T02:20:12+00:00
SAO_4027-41,São Paulo,3550308,True,,2309,,,-23.6105855,-46.4805655,,,,1,2023-06-19T02:20:08+00:00
SAO_4027-41,São Paulo,3550308,True,,2309,,,-23.638637000000003,-46.4378595,,,,1,2023-06-19T02:20:17+00:00
SAO_211V-10,São Paulo,3550308,True,EMTU,154,https://moovitapp.com/index/pt-br/transporte_p%C3%BAblico-line-154-Sao_Paulo-242-2038937-36419300-0,6.8,-23.509385,-46.539198999999996,,,,1,2023-06-19T02:19:49+00:00
SAO_6010-10,São Paulo,3550308,True,,33970,,,-23.668707,-46.7352225,,,,2,2023-06-19T02:19:55+00:00
SAO_6010-10,São Paulo,3550308,True,,33970,,,-23.667592,-46.7354985,,,,2,2023-06-19T02:20:12+00:00
SAO_6010-10,São Paulo,3550308,True,,33970,,,-23.667592,-46.7354985,,,,2,2023-06-19T02:19:52+00:00
SAO_6010-10,São Paulo,3550308,True,,33970,,,-23.667592,-46.7354985,,,,2,2023-06-19T02:20:03+00:00
SAO_6010-10,São Paulo,3550308,True,,33970,,,-23.6698995,-46.7623875,,,,2,2023-06-19T02:19:53+00:00
SAO_6010-10,São Paulo,3550308,True,,33970,,,-23.6934315,-46.794145,,,,2,2023-06-19T02:19:45+00:00
SAO_6010-10,São Paulo,3550308,True,,33970,,,-23.693499,-46.7941555,,,,2,2023-06-19T02:20:03+00:00
SAO_6010-10,São Paulo,3550308,True,,33970,,,-23.6933645,-46.794154,,,,2,2023-06-19T02:20:03+00:00
SAO_6010-10,São Paulo,3550308,True,,33970,,,-23.6934315,-46.794145,,,,2,2023-06-19T02:20:01+00:00
SAO_6010-10,São Paulo,3550308,True,,33970,,,-23.670783999999998,-46.786465,,,,2,2023-06-19T02:19:50+00:00
SAO_675K-10,São Paulo,3550308,True,,32966,,,-23.6901525,-46.774198999999996,,,,2,2023-06-19T02:19:49+00:00
SAO_675K-10,São Paulo,3550308,True,,32966,,,-23.6671625,-46.727432,,,,2,2023-06-19T02:20:14+00:00
SAO_675K-10,São Paulo,3550308,True,,32966,,,-23.6903555,-46.7743995,,,,2,2023-06-19T02:20:00+00:00
SAO_675K-10,São Paulo,3550308,True,,32966,,,-23.609473125,-46.667825625,,,,2,2023-06-19T02:20:13+00:00
SAO_675K-10,São Paulo,3550308,True,,32966,,,-23.6901525,-46.774198999999996,,,,2,2023-06-19T02:20:14+00:00
SAO_675K-10,São Paulo,3550308,True,,32966,,,-23.6903555,-46.7743995,,,,2,2023-06-19T02:19:50+00:00
SAO_675K-10,São Paulo,3550308,True,,32966,,,-23.6901525,-46.774198999999996,,,,2,2023-06-19T02:19:52+00:00
SAO_675K-10,São Paulo,3550308,True,,32966,,,-23.6320625,-46.68896825,,,,2,2023-06-19T02:20:11+00:00
SAO_4732-31,São Paulo,3550308,True,,34895,,,-23.647517999999998,-46.6006515,,,,2,2023-06-19T02:19:30+00:00
SAO_4732-31,São Paulo,3550308,True,,34895,,,-23.6462085,-46.597453,,,,2,2023-06-19T02:20:14+00:00
SAO_3738-10,São Paulo,3550308,True,,1038,,,-23.547502,-46.44635425,,,,1,2023-06-19T02:20:15+00:00
SAO_3738-10,São Paulo,3550308,True,,1038,,,-23.542569999999998,-46.46953499999999,,,,1,2023-06-19T02:20:06+00:00
SAO_3738-10,São Paulo,3550308,True,,1038,,,-23.5653115,-46.3985075,,,,1,2023-06-19T02:20:01+00:00
SAO_119C-10,São Paulo,3550308,True,,33429,,,-23.478727,-46.5693105,,,,2,2023-06-19T02:20:05+00:00
SAO_119C-10,São Paulo,3550308,True,,33429,,,-23.535519,-46.6266795,,,,2,2023-06-19T02:19:52+00:00
SAO_119C-10,São Paulo,3550308,True,,33429,,,-23.4786885,-46.5694165,,,,2,2023-06-19T02:19:56+00:00
SAO_971T-10,São Paulo,3550308,True,,618,,,-23.4965825,-46.63706,,,,1,2023-06-19T02:19:49+00:00
SAO_524L-10,São Paulo,3550308,True,,1715,,,-23.5985045,-46.534401,,,,1,2023-06-19T02:19:54+00:00
SAO_524L-10,São Paulo,3550308,True,,1715,,,-23.5787485,-46.56283875,,,,1,2023-06-19T02:20:02+00:00
SAO_524L-10,São Paulo,3550308,True,,1715,,,-23.541414000000003,-46.57794225,,,,1,2023-06-19T02:20:14+00:00
SAO_3023-10,São Paulo,3550308,True,,33728,,,-23.633243,-46.4727775,,,,2,2023-06-19T02:19:49+00:00
SAO_3023-10,São Paulo,3550308,True,,33728,,,-23.5694205,-46.504529,,,,2,2023-06-19T02:19:39+00:00
SAO_3023-10,São Paulo,3550308,True,,33728,,,-23.610221000000003,-46.476755125,,,,2,2023-06-19T02:20:04+00:00
SAO_978L-10,São Paulo,3550308,True,EMTU,466,https://moovitapp.com/index/pt-br/transporte_p%C3%BAblico-line-466-Sao_Paulo-242-2038937-72712754-0,5.4,-23.5319775,-46.658818,,,,1,2023-06-19T02:20:13+00:00
SAO_2028-10,São Paulo,3550308,True,,2263,,,-23.445923,-46.586439,,,,1,2023-06-19T02:20:18+00:00
SAO_2028-10,São Paulo,3550308,True,,2263,,,-23.4339305,-46.5714275,,,,1,2023-06-19T02:20:18+00:00
SAO_5175-10,São Paulo,3550308,True,,33361,,,-23.643228999999998,-46.672805,,,,2,2023-06-19T02:20:05+00:00
SAO_5175-10,São Paulo,3550308,True,,33361,,,-23.5505945,-46.635301,,,,2,2023-06-19T02:17:21+00:00
SAO_5175-10,São Paulo,3550308,True,,33361,,,-23.5505945,-46.635301,,,,2,2023-06-19T02:18:07+00:00
SAO_5175-10,São Paulo,3550308,True,,33361,,,-23.5505945,-46.635301,,,,2,2023-06-19T02:17:01+00:00
SAO_5175-10,São Paulo,3550308,True,,33361,,,-23.5505945,-46.635301,,,,2,2023-06-19T02:20:11+00:00
SAO_5175-10,São Paulo,3550308,True,,33361,,,-23.5505945,-46.635301,,,,2,2023-06-19T02:19:47+00:00
SAO_5175-10,São Paulo,3550308,True,,33361,,,-23.5505945,-46.635301,,,,2,2023-06-19T02:19:18+00:00
SAO_5175-10,São Paulo,3550308,True,,33361,,,-23.6742275,-46.663416999999995,,,,2,2023-06-19T02:20:21+00:00
SAO_5175-10,São Paulo,3550308,True,,33361,,,-23.5505945,-46.635301,,,,2,2023-06-19T02:19:11+00:00
SAO_5175-10,São Paulo,3550308,True,,33361,,,-23.5505945,-46.635301,,,,2,2023-06-19T02:19:06+00:00
SAO_5175-10,São Paulo,3550308,True,,33361,,,-23.5505945,-46.635301,,,,2,2023-06-19T02:19:36+00:00
SAO_5175-10,São Paulo,3550308,True,,33361,,,-23.579444,-46.6608585,,,,2,2023-06-19T02:20:06+00:00
SAO_5175-10,São Paulo,3550308,True,,33361,,,-23.5505945,-46.635301,,,,2,2023-06-19T02:19:55+00:00
SAO_5175-10,São Paulo,3550308,True,,33361,,,-23.6877675,-46.6422355,,,,2,2023-06-19T02:19:57+00:00
SAO_5175-10,São Paulo,3550308,True,,33361,,,-23.5505945,-46.635301,,,,2,2023-06-19T02:20:03+00:00
SAO_5175-10,São Paulo,3550308,True,,33361,,,-23.5505945,-46.635301,,,,2,2023-06-19T02:20:05+00:00
SAO_5175-10,São Paulo,3550308,True,,33361,,,-23.7013505,-46.650159,,,,2,2023-06-19T02:20:12+00:00
SAO_5175-10,São Paulo,3550308,True,,33361,,,-23.5505945,-46.635301,,,,2,2023-06-19T02:20:18+00:00
SAO_709A-10,São Paulo,3550308,True,,34860,,,-23.59130125,-46.686572999999996,,,,2,2023-06-19T02:20:08+00:00
SAO_546J-10,São Paulo,3550308,True,,33901,,,-23.691065000000002,-46.660733500000006,,,,2,2023-06-19T02:20:08+00:00
SAO_546J-10,São Paulo,3550308,True,,33901,,,-23.6742275,-46.663416999999995,,,,2,2023-06-19T02:20:07+00:00
SAO_546J-10,São Paulo,3550308,True,,33901,,,-23.658801250000003,-46.701466499999995,,,,2,2023-06-19T02:20:19+00:00
SAO_546J-10,São Paulo,3550308,True,,33901,,,-23.68778,-46.65928825,,,,2,2023-06-19T02:20:01+00:00
SAO_477P-10,São Paulo,3550308,True,EMTU,348,https://moovitapp.com/index/pt-br/transporte_p%C3%BAblico-line-348-Sao_Paulo-242-2038937-36419431-0,5.1,-23.6120705,-46.608466,,,,1,2023-06-19T02:20:14+00:00
SAO_477P-10,São Paulo,3550308,True,EMTU,348,https://moovitapp.com/index/pt-br/transporte_p%C3%BAblico-line-348-Sao_Paulo-242-2038937-36419431-0,5.1,-23.604890124999997,-46.658827,,,,1,2023-06-19T02:20:14+00:00
SAO_477P-10,São Paulo,3550308,True,EMTU,348,https://moovitapp.com/index/pt-br/transporte_p%C3%BAblico-line-348-Sao_Paulo-242-2038937-36419431-0,5.1,-23.584474,-46.737421,,,,1,2023-06-19T02:19:46+00:00
SAO_695Y-10,São Paulo,3550308,True,,33966,,,-23.597957,-46.648168,,,,2,2023-06-19T02:19:54+00:00
SAO_695Y-10,São Paulo,3550308,True,,33966,,,-23.769367000000003,-46.71789149999999,,,,2,2023-06-19T02:20:09+00:00
SAO_695Y-10,São Paulo,3550308,True,,33966,,,-23.827983,-46.727349000000004,,,,2,2023-06-19T02:20:21+00:00
SAO_695Y-10,São Paulo,3550308,True,,33966,,,-23.827945999999997,-46.727483500000005,,,,2,2023-06-19T02:20:10+00:00
SAO_695Y-10,São Paulo,3550308,True,,33966,,,-23.6667895,-46.69017375,,,,2,2023-06-19T02:19:52+00:00
SAO_695Y-10,São Paulo,3550308,True,,33966,,,-23.679933625,-46.695846,,,,2,2023-06-19T02:19:59+00:00
SAO_546T-10,São Paulo,3550308,True,,272,,,-23.697074,-46.669842,,,,1,2023-06-19T02:20:15+00:00
SAO_546T-10,São Paulo,3550308,True,,272,,,-23.70189,-46.635374999999996,,,,1,2023-06-19T02:20:04+00:00
SAO_546T-10,São Paulo,3550308,True,,272,,,-23.653906999999997,-46.710535500000006,,,,1,2023-06-19T02:20:00+00:00
SAO_546T-10,São Paulo,3550308,True,,272,,,-23.7036385,-46.627480000000006,,,,1,2023-06-19T02:18:31+00:00
SAO_7545-10,São Paulo,3550308,True,,33272,,,-23.570433,-46.689798249999996,,,,2,2023-06-19T02:20:01+00:00
SAO_7545-10,São Paulo,3550308,True,,33272,,,-23.599347,-46.791118,,,,2,2023-06-19T02:20:11+00:00
SAO_2002-10,São Paulo,3550308,True,STT,711,https://moovitapp.com/index/pt-br/transporte_p%C3%BAblico-line-711-Sao_Paulo-242-850661-183340-0,5.3,-23.54701225,-46.642812750000004,,,,1,2023-06-19T02:20:20+00:00
SAO_2002-10,São Paulo,3550308,True,STT,711,https://moovitapp.com/index/pt-br/transporte_p%C3%BAblico-line-711-Sao_Paulo-242-850661-183340-0,5.3,-23.54945075,-46.63263675,,,,1,2023-06-19T02:20:21+00:00
SAO_2002-10,São Paulo,3550308,True,STT,711,https://moovitapp.com/index/pt-br/transporte_p%C3%BAblico-line-711-Sao_Paulo-242-850661-183340-0,5.3,-23.547219,-46.6295935,,,,1,2023-06-19T02:19:49+00:00
SAO_342N-10,São Paulo,3550308,True,,1003,,,-23.566841,-46.4017525,,,,1,2023-06-19T02:19:38+00:00
SAO_312N-10,São Paulo,3550308,True,,33758,,,-23.56408175,-46.4090665,,,,2,2023-06-19T02:20:06+00:00
SAO_312N-10,São Paulo,3550308,True,,33758,,,-23.51757,-46.413568,,,,2,2023-06-19T02:19:36+00:00
SAO_312N-10,São Paulo,3550308,True,,33758,,,-23.491016,-46.441969,,,,2,2023-06-19T02:19:57+00:00
SAO_312N-10,São Paulo,3550308,True,,33758,,,-23.572236500000002,-46.399409500000004,,,,2,2023-06-19T02:19:57+00:00
SAO_312N-10,São Paulo,3550308,True,,33758,,,-23.5632245,-46.40567675,,,,2,2023-06-19T02:20:00+00:00
SAO_1767-10,São Paulo,3550308,True,,628,,,-23.479270500000002,-46.59933075,,,,1,2023-06-19T02:19:45+00:00
SAO_5752-10,São Paulo,3550308,True,,1287,,,-23.6436625,-46.644707499999996,,,,1,2023-06-19T02:19:46+00:00
SAO_5752-10,São Paulo,3550308,True,,1287,,,-23.684915750000002,-46.64813425,,,,1,2023-06-19T02:17:16+00:00
SAO_1782-10,São Paulo,3550308,True,,643,,,-23.48877925,-46.62417,,,,1,2023-06-19T02:18:11+00:00
SAO_6063-41,São Paulo,3550308,True,,34541,,,-23.787596999999998,-46.679432,,,,2,2023-06-19T02:20:02+00:00
SAO_6063-41,São Paulo,3550308,True,,34541,,,-23.7880555,-46.6896225,,,,2,2023-06-19T02:20:10+00:00
SAO_6063-41,São Paulo,3550308,True,,34541,,,-23.787596999999998,-46.679432,,,,2,2023-06-19T02:20:07+00:00
SAO_6063-41,São Paulo,3550308,True,,34541,,,-23.787596999999998,-46.679432,,,,2,2023-06-19T02:19:42+00:00
SAO_6063-41,São Paulo,3550308,True,,34541,,,-23.787596999999998,-46.679432,,,,2,2023-06-19T02:20:21+00:00
SAO_6063-41,São Paulo,3550308,True,,34541,,,-23.787596999999998,-46.679432,,,,2,2023-06-19T02:19:41+00:00
SAO_6063-41,São Paulo,3550308,True,,34541,,,-23.787596999999998,-46.679432,,,,2,2023-06-19T02:19:38+00:00
SAO_6063-41,São Paulo,3550308,True,,34541,,,-23.7880545,-46.680126,,,,2,2023-06-19T02:20:18+00:00
SAO_6063-41,São Paulo,3550308,True,,34541,,,-23.787596999999998,-46.679432,,,,2,2023-06-19T02:20:15+00:00
SAO_6063-41,São Paulo,3550308,True,,34541,,,-23.787596999999998,-46.679432,,,,2,2023-06-19T02:20:03+00:00
SAO_373L-10,São Paulo,3550308,True,,33795,,,-23.6227125,-46.414294,,,,2,2023-06-19T02:19:42+00:00
SAO_373L-10,São Paulo,3550308,True,,33795,,,-23.595548625,-46.43856662500001,,,,2,2023-06-19T02:19:45+00:00
SAO_373L-10,São Paulo,3550308,True,,33795,,,-23.542361,-46.4705955,,,,2,2023-06-19T02:20:20+00:00
SAO_373L-10,São Paulo,3550308,True,,33795,,,-23.591801500000003,-46.4441925,,,,2,2023-06-19T02:20:08+00:00
SAO_807A-10,São Paulo,3550308,True,,1900,,,-23.654322,-46.711614,,,,1,2023-06-19T02:19:46+00:00
SAO_807A-10,São Paulo,3550308,True,,1900,,,-23.648463,-46.7491555,,,,1,2023-06-19T02:20:22+00:00
SAO_807A-10,São Paulo,3550308,True,,1900,,,-23.6326575,-46.772532,,,,1,2023-06-19T02:19:41+00:00
SAO_4210-10,São Paulo,3550308,True,,2170,,,-23.5372205,-46.59428762499999,,,,1,2023-06-19T02:20:15+00:00
SAO_4210-10,São Paulo,3550308,True,,2170,,,-23.5560435,-46.516270000000006,,,,1,2023-06-19T02:20:11+00:00
SAO_6000-10,São Paulo,3550308,True,,1140,,,-23.812842375,-46.73570825,,,,1,2023-06-19T02:17:41+00:00
SAO_6000-10,São Paulo,3550308,True,,1140,,,-23.701551875,-46.71498425,,,,1,2023-06-19T02:20:02+00:00
SAO_6000-10,São Paulo,3550308,True,,1140,,,-23.76735125,-46.717207,,,,1,2023-06-19T02:20:07+00:00
SAO_6000-10,São Paulo,3550308,True,,1140,,,-23.8284425,-46.72717900000001,,,,1,2023-06-19T02:19:59+00:00
SAO_6000-10,São Paulo,3550308,True,,1140,,,-23.8267905,-46.728409,,,,1,2023-06-19T02:20:12+00:00
SAO_6000-10,São Paulo,3550308,True,,1140,,,-23.817985,-46.734176500000004,,,,1,2023-06-19T02:20:16+00:00
SAO_6801-10,São Paulo,3550308,True,,5,,,-23.661007,-46.733496,,,,1,2023-06-19T02:20:17+00:00
SAO_9011-21,São Paulo,3550308,True,,34536,,,-23.454214999999998,-46.737634,,,,2,2023-06-19T02:20:01+00:00
SAO_9011-21,São Paulo,3550308,True,,34536,,,-23.454214999999998,-46.737634,,,,2,2023-06-19T02:19:51+00:00
SAO_407P-10,São Paulo,3550308,True,,2200,,,-23.5831585,-46.407859,,,,1,2023-06-19T02:19:53+00:00
SAO_407P-10,São Paulo,3550308,True,,2200,,,-23.526968,-46.4320455,,,,1,2023-06-19T02:19:26+00:00
SAO_407P-10,São Paulo,3550308,True,,2200,,,-23.536283,-46.487657,,,,1,2023-06-19T02:20:12+00:00
SAO_6262-10,São Paulo,3550308,True,,1371,,,-23.529834,-46.732059500000005,,,,1,2023-06-19T02:20:21+00:00
SAO_6262-10,São Paulo,3550308,True,,1371,,,-23.5305975,-46.737309499999995,,,,1,2023-06-19T02:19:58+00:00
SAO_6262-10,São Paulo,3550308,True,,1371,,,-23.5498335,-46.64009,,,,1,2023-06-19T02:19:54+00:00
SAO_7004-10,São Paulo,3550308,True,,1992,,,-23.741947500000002,-46.801043,,,,1,2023-06-19T02:19:47+00:00
SAO_7004-10,São Paulo,3550308,True,,1992,,,-23.6866155,-46.754643,,,,1,2023-06-19T02:16:44+00:00
SAO_7004-10,São Paulo,3550308,True,,1992,,,-23.731476999999998,-46.7859925,,,,1,2023-06-19T02:19:15+00:00
SAO_7004-10,São Paulo,3550308,True,,1992,,,-23.7317975,-46.7861475,,,,1,2023-06-19T02:20:17+00:00
SAO_7004-10,São Paulo,3550308,True,,1992,,,-23.731146000000003,-46.785866999999996,,,,1,2023-06-19T02:19:46+00:00
SAO_7004-10,São Paulo,3550308,True,,1992,,,-23.7160765,-46.78321925,,,,1,2023-06-19T02:19:48+00:00
SAO_7004-10,São Paulo,3550308,True,,1992,,,-23.7317975,-46.7861475,,,,1,2023-06-19T02:19:22+00:00
SAO_7004-10,São Paulo,3550308,True,,1992,,,-23.741771999999997,-46.8001715,,,,1,2023-06-19T02:20:12+00:00
SAO_1026-10,São Paulo,3550308,True,,2306,,,-23.488557999999998,-46.697984500000004,,,,1,2023-06-19T02:19:52+00:00
SAO_8707-21,São Paulo,3550308,True,,34833,,,-23.582739625000002,-46.76021837500001,,,,2,2023-06-19T02:19:57+00:00
SAO_8707-21,São Paulo,3550308,True,,34833,,,-23.582619875,-46.759946125,,,,2,2023-06-19T02:19:53+00:00
SAO_8707-21,São Paulo,3550308,True,,34833,,,-23.5740083125,-46.726792062499996,,,,2,2023-06-19T02:20:21+00:00
SAO_4031-10,São Paulo,3550308,True,,1101,,,-23.61408,-46.517419000000004,,,,1,2023-06-19T02:19:58+00:00
SAO_4031-10,São Paulo,3550308,True,,1101,,,-23.590692750000002,-46.5883865,,,,1,2023-06-19T02:20:13+00:00
SAO_4031-10,São Paulo,3550308,True,,1101,,,-23.592814,-46.54563,,,,1,2023-06-19T02:20:10+00:00
SAO_4031-10,São Paulo,3550308,True,,1101,,,-23.61408,-46.517419000000004,,,,1,2023-06-19T02:19:51+00:00
SAO_6061-10,São Paulo,3550308,True,,33918,,,-23.736250249999998,-46.6944315,,,,2,2023-06-19T02:20:04+00:00
SAO_6061-10,São Paulo,3550308,True,,33918,,,-23.7822775,-46.681824,,,,2,2023-06-19T02:20:14+00:00
SAO_6061-10,São Paulo,3550308,True,,33918,,,-23.7856095,-46.6841835,,,,2,2023-06-19T02:19:45+00:00
SAO_809U-21,São Paulo,3550308,True,,35075,,,-23.5316465,-46.67941625,,,,2,2023-06-19T02:19:45+00:00
SAO_3008-10,São Paulo,3550308,True,,2515,,,-23.52162125,-46.39360875,,,,1,2023-06-19T02:20:02+00:00
SAO_4008-10,São Paulo,3550308,True,,2182,,,-23.5730545,-46.445757,,,,1,2023-06-19T02:20:18+00:00
SAO_4008-10,São Paulo,3550308,True,,2182,,,-23.583198000000003,-46.495694,,,,1,2023-06-19T02:19:59+00:00
SAO_6075-10,São Paulo,3550308,True,,1162,,,-23.7766115,-46.723039,,,,1,2023-06-19T02:19:51+00:00
SAO_4310-10,São Paulo,3550308,True,,34928,,,-23.545980125,-46.598475750000006,,,,2,2023-06-19T02:20:03+00:00
SAO_4310-10,São Paulo,3550308,True,,34928,,,-23.534565999999998,-46.4530625,,,,2,2023-06-19T02:20:07+00:00
SAO_4310-10,São Paulo,3550308,True,,34928,,,-23.5337575,-46.497714,,,,2,2023-06-19T02:19:40+00:00
SAO_4310-10,São Paulo,3550308,True,,34928,,,-23.534565999999998,-46.4530625,,,,2,2023-06-19T02:20:05+00:00
SAO_4310-10,São Paulo,3550308,True,,34928,,,-23.53434775,-46.544651,,,,2,2023-06-19T02:19:59+00:00
SAO_3029-10,São Paulo,3550308,True,,33734,,,-23.581937000000003,-46.509741,,,,2,2023-06-19T02:20:14+00:00
SAO_3029-10,São Paulo,3550308,True,,33734,,,-23.585338999999998,-46.507191,,,,2,2023-06-19T02:20:07+00:00
SAO_3029-10,São Paulo,3550308,True,,33734,,,-23.548671,-46.54104425,,,,2,2023-06-19T02:19:43+00:00
SAO_3029-10,São Paulo,3550308,True,,33734,,,-23.576951,-46.5261795,,,,2,2023-06-19T02:20:03+00:00
SAO_4734-10,São Paulo,3550308,True,,33877,,,-23.647494000000002,-46.61273,,,,2,2023-06-19T02:19:40+00:00
SAO_4734-10,São Paulo,3550308,True,,33877,,,-23.6411645,-46.610744,,,,2,2023-06-19T02:19:52+00:00
SAO_4734-10,São Paulo,3550308,True,,33877,,,-23.62052925,-46.634589875,,,,2,2023-06-19T02:19:36+00:00
SAO_263C-10,São Paulo,3550308,True,,33020,,,-23.536457,-46.4165655,,,,2,2023-06-19T02:18:28+00:00
SAO_2076-10,São Paulo,3550308,True,,368,,,-23.492281749999997,-46.37868175,,,,1,2023-06-19T02:20:17+00:00
SAO_2076-10,São Paulo,3550308,True,,368,,,-23.494522,-46.425334250000006,,,,1,2023-06-19T02:16:59+00:00
SAO_5175-10,São Paulo,3550308,True,,593,,,-23.643731000000002,-46.67233,,,,1,2023-06-19T02:20:17+00:00
SAO_5175-10,São Paulo,3550308,True,,593,,,-23.5511935,-46.635431999999994,,,,1,2023-06-19T02:20:18+00:00
SAO_5175-10,São Paulo,3550308,True,,593,,,-23.6826945,-46.638189,,,,1,2023-06-19T02:20:01+00:00
SAO_5175-10,São Paulo,3550308,True,,593,,,-23.7027745,-46.650099,,,,1,2023-06-19T02:20:08+00:00
SAO_9008-10,São Paulo,3550308,True,,875,,,-23.427475,-46.7146125,,,,1,2023-06-19T02:20:12+00:00
SAO_9008-10,São Paulo,3550308,True,,875,,,-23.474266999999998,-46.6694825,,,,1,2023-06-19T02:19:47+00:00
SAO_9008-10,São Paulo,3550308,True,,875,,,-23.448916500000003,-46.701747499999996,,,,1,2023-06-19T02:20:14+00:00
SAO_9008-10,São Paulo,3550308,True,,875,,,-23.427475,-46.7146125,,,,1,2023-06-19T02:20:17+00:00
SAO_8073-10,São Paulo,3550308,True,,2081,,,-23.594862499999998,-46.7623825,,,,1,2023-06-19T02:19:56+00:00
SAO_677A-10,São Paulo,3550308,True,,1239,,,-23.682178,-46.76720775,,,,1,2023-06-19T02:20:20+00:00
SAO_677A-10,São Paulo,3550308,True,,1239,,,-23.651391249999996,-46.72272275,,,,1,2023-06-19T02:20:01+00:00
SAO_677A-10,São Paulo,3550308,True,,1239,,,-23.607378000000004,-46.6935535,,,,1,2023-06-19T02:19:38+00:00
SAO_6017-10,São Paulo,3550308,True,,1206,,,-23.679985875,-46.764589875,,,,1,2023-06-19T02:19:59+00:00
SAO_6017-10,São Paulo,3550308,True,,1206,,,-23.696863,-46.760326500000005,,,,1,2023-06-19T02:20:02+00:00
SAO_6017-10,São Paulo,3550308,True,,1206,,,-23.683419999999998,-46.76925,,,,1,2023-06-19T02:19:43+00:00
SAO_5300-10,São Paulo,3550308,True,EMTU,354,https://moovitapp.com/index/pt-br/transporte_p%C3%BAblico-line-354-Sao_Paulo-242-2038937-36419437-0,7.55,-23.5471955,-46.630402000000004,,,,1,2023-06-19T02:19:51+00:00
SAO_5300-10,São Paulo,3550308,True,EMTU,354,https://moovitapp.com/index/pt-br/transporte_p%C3%BAblico-line-354-Sao_Paulo-242-2038937-36419437-0,7.55,-23.654195,-46.711744499999995,,,,1,2023-06-19T02:20:01+00:00
SAO_5300-10,São Paulo,3550308,True,EMTU,354,https://moovitapp.com/index/pt-br/transporte_p%C3%BAblico-line-354-Sao_Paulo-242-2038937-36419437-0,7.55,-23.654195,-46.711744499999995,,,,1,2023-06-19T02:20:14+00:00
SAO_5300-10,São Paulo,3550308,True,EMTU,354,https://moovitapp.com/index/pt-br/transporte_p%C3%BAblico-line-354-Sao_Paulo-242-2038937-36419437-0,7.55,-23.654195,-46.711744499999995,,,,1,2023-06-19T02:19:57+00:00
SAO_5300-10,São Paulo,3550308,True,EMTU,354,https://moovitapp.com/index/pt-br/transporte_p%C3%BAblico-line-354-Sao_Paulo-242-2038937-36419437-0,7.55,-23.654195,-46.711744499999995,,,,1,2023-06-19T02:19:55+00:00
SAO_5300-10,São Paulo,3550308,True,EMTU,354,https://moovitapp.com/index/pt-br/transporte_p%C3%BAblico-line-354-Sao_Paulo-242-2038937-36419437-0,7.55,-23.5953395,-46.654366249999995,,,,1,2023-06-19T02:19:52+00:00
SAO_5300-10,São Paulo,3550308,True,EMTU,354,https://moovitapp.com/index/pt-br/transporte_p%C3%BAblico-line-354-Sao_Paulo-242-2038937-36419437-0,7.55,-23.654195,-46.711744499999995,,,,1,2023-06-19T02:19:42+00:00
SAO_9300-10,São Paulo,3550308,True,,32884,,,-23.4966235,-46.66229725,,,,2,2023-06-19T02:20:12+00:00
SAO_9300-10,São Paulo,3550308,True,,32884,,,-23.4966235,-46.66229725,,,,2,2023-06-19T02:20:11+00:00
SAO_5025-10,São Paulo,3550308,True,,34332,,,-23.60857425,-46.54131325,,,,2,2023-06-19T02:20:06+00:00
SAO_5025-10,São Paulo,3550308,True,,34332,,,-23.596292,-46.575203,,,,2,2023-06-19T02:20:09+00:00
SAO_121G-10,São Paulo,3550308,True,,691,,,-23.482633,-46.588328000000004,,,,1,2023-06-19T02:20:17+00:00
SAO_121G-10,São Paulo,3550308,True,,691,,,-23.521262,-46.56179675,,,,1,2023-06-19T02:20:20+00:00
SAO_1732-10,São Paulo,3550308,True,,33439,,,-23.479107,-46.578289500000004,,,,2,2023-06-19T02:19:24+00:00
SAO_1732-10,São Paulo,3550308,True,,33439,,,-23.503065999999997,-46.621279,,,,2,2023-06-19T02:20:16+00:00
SAO_407G-10,São Paulo,3550308,True,,2196,,,-23.611837,-46.4334745,,,,1,2023-06-19T02:19:40+00:00
SAO_407G-10,São Paulo,3550308,True,,2196,,,-23.6197545,-46.46780875,,,,1,2023-06-19T02:19:54+00:00
SAO_407G-10,São Paulo,3550308,True,,2196,,,-23.589032375000002,-46.4901415,,,,1,2023-06-19T02:19:58+00:00
SAO_407G-10,São Paulo,3550308,True,,2196,,,-23.60246,-46.441218,,,,1,2023-06-19T02:19:51+00:00
SAO_407G-10,São Paulo,3550308,True,,2196,,,-23.5349729375,-46.5491203125,,,,1,2023-06-19T02:20:16+00:00
SAO_407G-10,São Paulo,3550308,True,,2196,,,-23.601742,-46.438319,,,,1,2023-06-19T02:19:46+00:00
SAO_2059-10,São Paulo,3550308,True,Cidade de Caieiras,260,https://moovitapp.com/index/pt-br/transporte_p%C3%BAblico-line-260-Sao_Paulo-242-868761-496413-0,5.0,-23.512560999999998,-46.427344,,,,1,2023-06-19T02:19:57+00:00
SAO_2059-10,São Paulo,3550308,True,Cidade de Caieiras,260,https://moovitapp.com/index/pt-br/transporte_p%C3%BAblico-line-260-Sao_Paulo-242-868761-496413-0,5.0,-23.497588,-46.441244499999996,,,,1,2023-06-19T02:19:58+00:00
SAO_5300-10,São Paulo,3550308,True,,33122,,,-23.547731,-46.6300275,,,,2,2023-06-19T02:19:58+00:00
SAO_5300-10,São Paulo,3550308,True,,33122,,,-23.61011225,-46.668431749999996,,,,2,2023-06-19T02:19:59+00:00
SAO_5300-10,São Paulo,3550308,True,,33122,,,-23.547731,-46.6300275,,,,2,2023-06-19T02:19:51+00:00
SAO_5300-10,São Paulo,3550308,True,,33122,,,-23.55959,-46.639277500000006,,,,2,2023-06-19T02:19:43+00:00
SAO_5702-10,São Paulo,3550308,True,,33905,,,-23.6744245,-46.642954,,,,2,2023-06-19T02:20:04+00:00
SAO_5702-10,São Paulo,3550308,True,,33905,,,-23.646939,-46.640949,,,,2,2023-06-19T02:19:38+00:00
SAO_5702-10,São Paulo,3550308,True,,33905,,,-23.698087,-46.646107,,,,2,2023-06-19T02:20:00+00:00
SAO_5164-10,São Paulo,3550308,True,,34051,,,-23.646105499999997,-46.6450805,,,,2,2023-06-19T02:20:08+00:00
SAO_5164-10,São Paulo,3550308,True,,34051,,,-23.6462925,-46.6451105,,,,2,2023-06-19T02:19:47+00:00
SAO_5164-10,São Paulo,3550308,True,,34051,,,-23.64676125,-46.64523025,,,,2,2023-06-19T02:20:06+00:00
SAO_5164-10,São Paulo,3550308,True,,34051,,,-23.596679,-46.64769162499999,,,,2,2023-06-19T02:19:58+00:00
SAO_3033-10,São Paulo,3550308,True,,33736,,,-23.590642250000002,-46.416775,,,,2,2023-06-19T02:19:49+00:00
SAO_3033-10,São Paulo,3550308,True,,33736,,,-23.61104,-46.4738225,,,,2,2023-06-19T02:20:21+00:00
SAO_3033-10,São Paulo,3550308,True,,33736,,,-23.5495835,-46.4074825,,,,2,2023-06-19T02:20:07+00:00
SAO_3033-10,São Paulo,3550308,True,,33736,,,-23.54247075,-46.41617375,,,,2,2023-06-19T02:20:13+00:00
SAO_3033-10,São Paulo,3550308,True,,33736,,,-23.59425275,-46.42372925,,,,2,2023-06-19T02:20:16+00:00
SAO_524M-10,São Paulo,3550308,True,,1631,,,-23.565213,-46.5086535,,,,1,2023-06-19T02:20:07+00:00
SAO_524M-10,São Paulo,3550308,True,,1631,,,-23.61896125,-46.493992250000005,,,,1,2023-06-19T02:19:37+00:00
SAO_524M-10,São Paulo,3550308,True,,1631,,,-23.594406999999997,-46.5028025,,,,1,2023-06-19T02:20:19+00:00
SAO_2756-10,São Paulo,3550308,True,EMTU,238,https://moovitapp.com/index/pt-br/transporte_p%C3%BAblico-line-238-Sao_Paulo-242-2038937-36419351-0,4.85,-23.544459500000002,-46.390429999999995,,,,1,2023-06-19T02:20:09+00:00
SAO_2756-10,São Paulo,3550308,True,EMTU,238,https://moovitapp.com/index/pt-br/transporte_p%C3%BAblico-line-238-Sao_Paulo-242-2038937-36419351-0,4.85,-23.542219000000003,-46.414599,,,,1,2023-06-19T02:20:17+00:00
SAO_407P-10,São Paulo,3550308,True,,34968,,,-23.541269,-46.5768465,,,,2,2023-06-19T02:20:19+00:00
SAO_407P-10,São Paulo,3550308,True,,34968,,,-23.5371325,-46.558893999999995,,,,2,2023-06-19T02:19:41+00:00
SAO_407P-10,São Paulo,3550308,True,,34968,,,-23.583026,-46.408417,,,,2,2023-06-19T02:20:00+00:00
SAO_407P-10,São Paulo,3550308,True,,34968,,,-23.52863575,-46.4467,,,,2,2023-06-19T02:19:37+00:00
SAO_407P-10,São Paulo,3550308,True,,34968,,,-23.549757500000002,-46.4126675,,,,2,2023-06-19T02:20:06+00:00
SAO_4742-10,São Paulo,3550308,True,,33110,,,-23.637902500000003,-46.60841550000001,,,,2,2023-06-19T02:19:40+00:00
SAO_4742-10,São Paulo,3550308,True,,33110,,,-23.650012,-46.6139055,,,,2,2023-06-19T02:20:20+00:00
SAO_4742-10,São Paulo,3550308,True,,33110,,,-23.651166500000002,-46.6143845,,,,2,2023-06-19T02:20:17+00:00
SAO_709A-10,São Paulo,3550308,True,,2092,,,-23.581776499999997,-46.638586000000004,,,,1,2023-06-19T02:19:45+00:00
SAO_709A-10,São Paulo,3550308,True,,2092,,,-23.6132095,-46.696375,,,,1,2023-06-19T02:19:54+00:00
SAO_809J-10,São Paulo,3550308,True,,2066,,,-23.5945265,-46.731556499999996,,,,1,2023-06-19T02:19:45+00:00
SAO_5026-10,São Paulo,3550308,True,,1635,,,-23.6059165,-46.496885500000005,,,,1,2023-06-19T02:19:45+00:00
SAO_1012-10,São Paulo,3550308,True,,35254,,,-23.4395035,-46.8070735,,,,2,2023-06-19T02:19:48+00:00
SAO_1012-10,São Paulo,3550308,True,,35254,,,-23.4355245,-46.788021,,,,2,2023-06-19T02:20:17+00:00
SAO_3712-10,São Paulo,3550308,True,,1009,,,-23.5525595,-46.4257145,,,,1,2023-06-19T02:19:44+00:00
SAO_3712-10,São Paulo,3550308,True,,1009,,,-23.5525595,-46.4257145,,,,1,2023-06-19T02:19:38+00:00
SAO_3712-10,São Paulo,3550308,True,,1009,,,-23.541853,-46.470214,,,,1,2023-06-19T02:19:57+00:00
SAO_3712-10,São Paulo,3550308,True,,1009,,,-23.546196000000002,-46.430011,,,,1,2023-06-19T02:20:19+00:00
SAO_3712-10,São Paulo,3550308,True,,1009,,,-23.5525595,-46.4257145,,,,1,2023-06-19T02:19:51+00:00
SAO_3712-10,São Paulo,3550308,True,,1009,,,-23.5525595,-46.4257145,,,,1,2023-06-19T02:19:41+00:00
SAO_3712-10,São Paulo,3550308,True,,1009,,,-23.5525595,-46.4257145,,,,1,2023-06-19T02:20:01+00:00
SAO_978J-10,São Paulo,3550308,True,EMTU,591,https://moovitapp.com/index/pt-br/transporte_p%C3%BAblico-line-591-Sao_Paulo-242-2038937-36419577-0,5.4,-23.4640085,-46.720922,,,,1,2023-06-19T02:19:53+00:00
SAO_978J-10,São Paulo,3550308,True,EMTU,591,https://moovitapp.com/index/pt-br/transporte_p%C3%BAblico-line-591-Sao_Paulo-242-2038937-36419577-0,5.4,-23.531838,-46.6641255,,,,1,2023-06-19T02:20:04+00:00
SAO_3053-10,São Paulo,3550308,True,,33741,,,-23.591155999999998,-46.5041795,,,,2,2023-06-19T02:19:57+00:00
SAO_3053-10,São Paulo,3550308,True,,33741,,,-23.584741,-46.495041,,,,2,2023-06-19T02:20:12+00:00
SAO_3053-10,São Paulo,3550308,True,,33741,,,-23.5429775,-46.588603500000005,,,,2,2023-06-19T02:20:15+00:00
SAO_3053-10,São Paulo,3550308,True,,33741,,,-23.558814499999997,-46.567691499999995,,,,2,2023-06-19T02:16:45+00:00
SAO_3053-10,São Paulo,3550308,True,,33741,,,-23.574875874999996,-46.5442895,,,,2,2023-06-19T02:20:19+00:00
SAO_5144-10,São Paulo,3550308,True,,1627,,,-23.613897,-46.50077,,,,1,2023-06-19T02:20:10+00:00
SAO_5144-10,São Paulo,3550308,True,,1627,,,-23.613897,-46.50077,,,,1,2023-06-19T02:19:40+00:00
SAO_5144-10,São Paulo,3550308,True,,1627,,,-23.534679500000003,-46.61520975,,,,1,2023-06-19T02:20:14+00:00
SAO_5144-10,São Paulo,3550308,True,,1627,,,-23.613897,-46.50077,,,,1,2023-06-19T02:20:20+00:00
SAO_5144-10,São Paulo,3550308,True,,1627,,,-23.613897,-46.50077,,,,1,2023-06-19T02:20:15+00:00
SAO_129F-10,São Paulo,3550308,True,,35072,,,-23.490247500000002,-46.698889,,,,2,2023-06-19T02:20:16+00:00
SAO_129F-10,São Paulo,3550308,True,,35072,,,-23.507522,-46.705747,,,,2,2023-06-19T02:19:50+00:00
SAO_129F-10,São Paulo,3550308,True,,35072,,,-23.5168675,-46.6987555,,,,2,2023-06-19T02:19:38+00:00
SAO_2013-10,São Paulo,3550308,True,,899,,,-23.467713500000002,-46.6688845,,,,1,2023-06-19T02:20:03+00:00
SAO_2013-10,São Paulo,3550308,True,,899,,,-23.47152125,-46.67050425,,,,1,2023-06-19T02:20:18+00:00
SAO_2013-10,São Paulo,3550308,True,,899,,,-23.4646355,-46.6545445,,,,1,2023-06-19T02:19:43+00:00
SAO_6822-10,São Paulo,3550308,True,Del Rey,22,https://moovitapp.com/index/pt-br/transporte_p%C3%BAblico-line-22-Sao_Paulo-242-868760-496394-0,4.5,-23.6600215,-46.7694185,,,,1,2023-06-19T02:19:57+00:00
SAO_6822-10,São Paulo,3550308,True,Del Rey,22,https://moovitapp.com/index/pt-br/transporte_p%C3%BAblico-line-22-Sao_Paulo-242-868760-496394-0,4.5,-23.6536315,-46.789668000000006,,,,1,2023-06-19T02:20:10+00:00
SAO_6822-10,São Paulo,3550308,True,Del Rey,22,https://moovitapp.com/index/pt-br/transporte_p%C3%BAblico-line-22-Sao_Paulo-242-868760-496394-0,4.5,-23.652925,-46.777986999999996,,,,1,2023-06-19T02:19:39+00:00
SAO_775F-10,São Paulo,3550308,True,,796,,,-23.557404249999998,-46.677243625,,,,1,2023-06-19T02:19:45+00:00
SAO_775F-10,São Paulo,3550308,True,,796,,,-23.6156505,-46.7557165,,,,1,2023-06-19T02:19:48+00:00
SAO_775F-10,São Paulo,3550308,True,,796,,,-23.6254505,-46.7479555,,,,1,2023-06-19T02:19:59+00:00
SAO_775F-10,São Paulo,3550308,True,,796,,,-23.6254505,-46.7479555,,,,1,2023-06-19T02:19:43+00:00
SAO_7013-10,São Paulo,3550308,True,,33543,,,-23.639699999999998,-46.7497905,,,,2,2023-06-19T02:17:36+00:00
SAO_7013-10,São Paulo,3550308,True,,33543,,,-23.639147,-46.754588,,,,2,2023-06-19T02:20:10+00:00
SAO_7013-10,São Paulo,3550308,True,,33543,,,-23.624753,-46.76442324999999,,,,2,2023-06-19T02:20:19+00:00
SAO_707A-10,São Paulo,3550308,True,,34758,,,-23.612098,-46.6702855,,,,2,2023-06-19T02:20:21+00:00
SAO_707A-10,São Paulo,3550308,True,,34758,,,-23.692511000000003,-46.7778525,,,,2,2023-06-19T02:20:00+00:00
SAO_707A-10,São Paulo,3550308,True,,34758,,,-23.678326,-46.762874,,,,2,2023-06-19T02:18:11+00:00
SAO_707A-10,São Paulo,3550308,True,,34758,,,-23.640248,-46.6968045,,,,2,2023-06-19T02:19:44+00:00
SAO_707A-10,São Paulo,3550308,True,,34758,,,-23.650951499999998,-46.708732,,,,2,2023-06-19T02:19:58+00:00
SAO_675R-10,São Paulo,3550308,True,,32877,,,-23.719255500000003,-46.6898965,,,,2,2023-06-19T02:20:14+00:00
SAO_675R-10,São Paulo,3550308,True,,32877,,,-23.753905500000002,-46.680769,,,,2,2023-06-19T02:19:50+00:00
SAO_675R-10,São Paulo,3550308,True,,32877,,,-23.721683499999997,-46.6889295,,,,2,2023-06-19T02:20:05+00:00
SAO_675R-10,São Paulo,3550308,True,,32877,,,-23.642449,-46.6728445,,,,2,2023-06-19T02:19:51+00:00
SAO_675R-10,São Paulo,3550308,True,,32877,,,-23.7542595,-46.680344,,,,2,2023-06-19T02:20:10+00:00
SAO_1760-10,São Paulo,3550308,True,EMTU,557,https://moovitapp.com/index/pt-br/transporte_p%C3%BAblico-line-557-Sao_Paulo-242-2038937-36419558-0,6.2,-23.4998425,-46.62548925,,,,1,2023-06-19T02:20:04+00:00
SAO_7062-10,São Paulo,3550308,True,,34666,,,-23.6309525,-46.7732975,,,,2,2023-06-19T02:19:48+00:00
SAO_7062-10,São Paulo,3550308,True,,34666,,,-23.6459325,-46.7703315,,,,2,2023-06-19T02:19:59+00:00
SAO_7062-10,São Paulo,3550308,True,,34666,,,-23.646065,-46.772230500000006,,,,2,2023-06-19T02:19:41+00:00
SAO_7062-10,São Paulo,3550308,True,,34666,,,-23.646199000000003,-46.772373,,,,2,2023-06-19T02:20:03+00:00
SAO_2023-10,São Paulo,3550308,True,,35028,,,-23.3990705,-46.577631,,,,2,2023-06-19T02:20:08+00:00
SAO_2023-10,São Paulo,3550308,True,,35028,,,-23.479859500000003,-46.6022495,,,,2,2023-06-19T02:19:49+00:00
SAO_2023-10,São Paulo,3550308,True,,35028,,,-23.45169,-46.600910999999996,,,,2,2023-06-19T02:17:58+00:00
SAO_2023-10,São Paulo,3550308,True,,35028,,,-23.398296000000002,-46.577902,,,,2,2023-06-19T02:19:41+00:00
SAO_477A-10,São Paulo,3550308,True,EMTU,346,https://moovitapp.com/index/pt-br/transporte_p%C3%BAblico-line-346-Sao_Paulo-242-2038937-36419429-0,6.3,-23.572267,-46.6537905,,,,1,2023-06-19T02:19:39+00:00
SAO_477A-10,São Paulo,3550308,True,EMTU,346,https://moovitapp.com/index/pt-br/transporte_p%C3%BAblico-line-346-Sao_Paulo-242-2038937-36419429-0,6.3,-23.565166249999997,-46.61572700000001,,,,1,2023-06-19T02:20:07+00:00
SAO_477A-10,São Paulo,3550308,True,EMTU,346,https://moovitapp.com/index/pt-br/transporte_p%C3%BAblico-line-346-Sao_Paulo-242-2038937-36419429-0,6.3,-23.603806499999997,-46.603359499999996,,,,1,2023-06-19T02:20:10+00:00
SAO_477A-10,São Paulo,3550308,True,EMTU,346,https://moovitapp.com/index/pt-br/transporte_p%C3%BAblico-line-346-Sao_Paulo-242-2038937-36419429-0,6.3,-23.60465225,-46.603868000000006,,,,1,2023-06-19T02:20:10+00:00
SAO_373L-10,São Paulo,3550308,True,,1027,,,-23.574430500000002,-46.4451555,,,,1,2023-06-19T02:20:13+00:00
SAO_373L-10,São Paulo,3550308,True,,1027,,,-23.615178999999998,-46.423012,,,,1,2023-06-19T02:19:42+00:00
SAO_373L-10,São Paulo,3550308,True,,1027,,,-23.615178999999998,-46.423012,,,,1,2023-06-19T02:20:13+00:00
SAO_9500-10,São Paulo,3550308,True,EMTU,461,https://moovitapp.com/index/pt-br/transporte_p%C3%BAblico-line-461-Sao_Paulo-242-2038937-36419501-0,5.1,-23.474427,-46.669637,,,,1,2023-06-19T02:20:20+00:00
SAO_9500-10,São Paulo,3550308,True,EMTU,461,https://moovitapp.com/index/pt-br/transporte_p%C3%BAblico-line-461-Sao_Paulo-242-2038937-36419501-0,5.1,-23.51282975,-46.66647025,,,,1,2023-06-19T02:19:42+00:00
SAO_374V-10,São Paulo,3550308,True,,34415,,,-23.5110345,-46.4547195,,,,2,2023-06-19T02:20:02+00:00
SAO_374V-10,São Paulo,3550308,True,,34415,,,-23.5400895,-46.4634595,,,,2,2023-06-19T02:20:18+00:00
SAO_374V-10,São Paulo,3550308,True,,34415,,,-23.516232000000002,-46.454931,,,,2,2023-06-19T02:20:20+00:00
SAO_374V-10,São Paulo,3550308,True,,34415,,,-23.5110345,-46.4547195,,,,2,2023-06-19T02:19:48+00:00
SAO_374V-10,São Paulo,3550308,True,,34415,,,-23.5263255,-46.452581,,,,2,2023-06-19T02:19:38+00:00
SAO_1742-10,São Paulo,3550308,True,EMTU,542,https://moovitapp.com/index/pt-br/transporte_p%C3%BAblico-line-542-Sao_Paulo-242-2038937-59914572-0,5.4,-23.503025,-46.6242335,,,,1,2023-06-19T02:19:42+00:00
SAO_189L-10,São Paulo,3550308,True,,35218,,,-23.487222250000002,-46.7106,,,,2,2023-06-19T02:19:45+00:00
SAO_189L-10,São Paulo,3550308,True,,35218,,,-23.5104405,-46.7054375,,,,2,2023-06-19T02:19:55+00:00
SAO_189L-10,São Paulo,3550308,True,,35218,,,-23.506769499999997,-46.705805999999995,,,,2,2023-06-19T02:20:00+00:00
SAO_3099-10,São Paulo,3550308,True,,33847,,,-23.6094605,-46.4428775,,,,2,2023-06-19T02:19:44+00:00
SAO_3099-10,São Paulo,3550308,True,,33847,,,-23.611721000000003,-46.474964,,,,2,2023-06-19T02:20:20+00:00
SAO_5318-10,São Paulo,3550308,True,,32813,,,-23.665154625,-46.753176499999995,,,,2,2023-06-19T02:20:14+00:00
SAO_5318-10,São Paulo,3550308,True,,32813,,,-23.629555,-46.686644,,,,2,2023-06-19T02:19:49+00:00
SAO_5318-10,São Paulo,3550308,True,,32813,,,-23.64483,-46.716575500000005,,,,2,2023-06-19T02:19:59+00:00
SAO_5318-10,São Paulo,3550308,True,,32813,,,-23.664981,-46.753156000000004,,,,2,2023-06-19T02:19:38+00:00
SAO_5318-10,São Paulo,3550308,True,,32813,,,-23.5808335,-46.657097500000006,,,,2,2023-06-19T02:20:14+00:00
SAO_509J-10,São Paulo,3550308,True,EMTU,264,https://moovitapp.com/index/pt-br/transporte_p%C3%BAblico-line-264-Sao_Paulo-242-2038937-36419374-0,6.2,-23.636473625,-46.670342375000004,,,,1,2023-06-19T02:20:03+00:00
SAO_509J-10,São Paulo,3550308,True,EMTU,264,https://moovitapp.com/index/pt-br/transporte_p%C3%BAblico-line-264-Sao_Paulo-242-2038937-36419374-0,6.2,-23.687447499999998,-46.655168,,,,1,2023-06-19T02:20:03+00:00
SAO_675P-10,São Paulo,3550308,True,STT,275,https://moovitapp.com/index/pt-br/transporte_p%C3%BAblico-line-275-Sao_Paulo-242-850661-183275-0,5.3,-23.638258999999998,-46.6320235,,,,1,2023-06-19T02:19:51+00:00
SAO_675P-10,São Paulo,3550308,True,STT,275,https://moovitapp.com/index/pt-br/transporte_p%C3%BAblico-line-275-Sao_Paulo-242-850661-183275-0,5.3,-23.648919125,-46.676356999999996,,,,1,2023-06-19T02:19:44+00:00
SAO_675P-10,São Paulo,3550308,True,STT,275,https://moovitapp.com/index/pt-br/transporte_p%C3%BAblico-line-275-Sao_Paulo-242-850661-183275-0,5.3,-23.646406,-46.644999,,,,1,2023-06-19T02:20:16+00:00
SAO_675P-10,São Paulo,3550308,True,STT,275,https://moovitapp.com/index/pt-br/transporte_p%C3%BAblico-line-275-Sao_Paulo-242-850661-183275-0,5.3,-23.6774985,-46.7014125,,,,1,2023-06-19T02:19:53+00:00
SAO_314J-10,São Paulo,3550308,True,,33078,,,-23.614389,-46.516954,,,,2,2023-06-19T02:18:02+00:00
SAO_314J-10,São Paulo,3550308,True,,33078,,,-23.583275999999998,-46.590390750000005,,,,2,2023-06-19T02:19:42+00:00
SAO_1206-10,São Paulo,3550308,True,,33610,,,-23.542585000000003,-46.6159675,,,,2,2023-06-19T02:20:07+00:00
SAO_1206-10,São Paulo,3550308,True,,33610,,,-23.517667125000003,-46.577388875,,,,2,2023-06-19T02:20:16+00:00
SAO_1206-10,São Paulo,3550308,True,,33610,,,-23.52584775,-46.58258975,,,,2,2023-06-19T02:19:45+00:00
SAO_148L-10,São Paulo,3550308,True,,33299,,,-23.46481,-46.65197525,,,,2,2023-06-19T02:20:16+00:00
SAO_148L-10,São Paulo,3550308,True,,33299,,,-23.465820625,-46.6515105,,,,2,2023-06-19T02:20:17+00:00
SAO_148L-10,São Paulo,3550308,True,,33299,,,-23.46433675,-46.65358325,,,,2,2023-06-19T02:20:00+00:00
SAO_148L-10,São Paulo,3550308,True,,33299,,,-23.4653245,-46.6517335,,,,2,2023-06-19T02:20:07+00:00
SAO_148L-10,São Paulo,3550308,True,,33299,,,-23.520004999999998,-46.701718,,,,2,2023-06-19T02:19:59+00:00
SAO_148L-10,São Paulo,3550308,True,,33299,,,-23.46481,-46.65197525,,,,2,2023-06-19T02:19:45+00:00
SAO_148L-10,São Paulo,3550308,True,,33299,,,-23.4656105,-46.6516035,,,,2,2023-06-19T02:19:39+00:00
SAO_148L-10,São Paulo,3550308,True,,33299,,,-23.504087499999997,-46.672816,,,,2,2023-06-19T02:20:07+00:00
SAO_975A-10,São Paulo,3550308,True,,33357,,,-23.5703665,-46.645350875000005,,,,2,2023-06-19T02:20:01+00:00
SAO_975A-10,São Paulo,3550308,True,,33357,,,-23.48076675,-46.69113075,,,,2,2023-06-19T02:19:45+00:00
SAO_975A-10,São Paulo,3550308,True,,33357,,,-23.50622625,-46.67333725,,,,2,2023-06-19T02:20:16+00:00
SAO_4012-10,São Paulo,3550308,True,,34953,,,-23.61022475,-46.45326225,,,,2,2023-06-19T02:19:59+00:00
SAO_4012-10,São Paulo,3550308,True,,34953,,,-23.598488,-46.44115775,,,,2,2023-06-19T02:20:05+00:00
SAO_3390-10,São Paulo,3550308,True,,33506,,,-23.562912,-46.62107775,,,,2,2023-06-19T02:20:12+00:00
SAO_3390-10,São Paulo,3550308,True,,33506,,,-23.6123125,-46.5044185,,,,2,2023-06-19T02:18:08+00:00
SAO_3390-10,São Paulo,3550308,True,,33506,,,-23.581540250000003,-46.55393675,,,,2,2023-06-19T02:19:41+00:00
SAO_118Y-10,São Paulo,3550308,True,EMTU,841,https://moovitapp.com/index/pt-br/transporte_p%C3%BAblico-line-841-Sao_Paulo-242-2038937-36419604-0,5.15,-23.5152575,-46.6954555,,,,1,2023-06-19T02:19:38+00:00
SAO_118Y-10,São Paulo,3550308,True,EMTU,841,https://moovitapp.com/index/pt-br/transporte_p%C3%BAblico-line-841-Sao_Paulo-242-2038937-36419604-0,5.15,-23.471871999999998,-46.6346485,,,,1,2023-06-19T02:19:56+00:00
SAO_118Y-10,São Paulo,3550308,True,EMTU,841,https://moovitapp.com/index/pt-br/transporte_p%C3%BAblico-line-841-Sao_Paulo-242-2038937-36419604-0,5.15,-23.4824695,-46.665174,,,,1,2023-06-19T02:19:45+00:00
SAO_209P-10,São Paulo,3550308,True,,34984,,,-23.472988,-46.670319000000006,,,,2,2023-06-19T02:19:53+00:00
SAO_209P-10,São Paulo,3550308,True,,34984,,,-23.5350815,-46.6741155,,,,2,2023-06-19T02:19:57+00:00
SAO_209P-10,São Paulo,3550308,True,,34984,,,-23.517684000000003,-46.679318499999994,,,,2,2023-06-19T02:20:01+00:00
SAO_209P-10,São Paulo,3550308,True,,34984,,,-23.47249975,-46.670207000000005,,,,2,2023-06-19T02:19:56+00:00
SAO_4013-10,São Paulo,3550308,True,,34954,,,-23.635803,-46.4454185,,,,2,2023-06-19T02:19:43+00:00
SAO_4013-10,São Paulo,3550308,True,,34954,,,-23.61275,-46.476256,,,,2,2023-06-19T02:19:58+00:00
SAO_4013-10,São Paulo,3550308,True,,34954,,,-23.634888,-46.4434555,,,,2,2023-06-19T02:20:12+00:00
SAO_4017-10,São Paulo,3550308,True,,34958,,,-23.602265,-46.398206,,,,2,2023-06-19T02:20:03+00:00
SAO_4017-10,São Paulo,3550308,True,,34958,,,-23.584315874999998,-46.38414125,,,,2,2023-06-19T02:16:51+00:00
SAO_8015-10,São Paulo,3550308,True,,34113,,,-23.388643000000002,-46.73530100000001,,,,2,2023-06-19T02:20:18+00:00
SAO_8015-10,São Paulo,3550308,True,,34113,,,-23.43333425,-46.7199245,,,,2,2023-06-19T02:20:21+00:00
SAO_8015-10,São Paulo,3550308,True,,34113,,,-23.455032000000003,-46.712467000000004,,,,2,2023-06-19T02:20:14+00:00
SAO_8004-10,São Paulo,3550308,True,,34022,,,-23.507599562500005,-46.7397545,,,,2,2023-06-19T02:19:57+00:00
SAO_8004-10,São Paulo,3550308,True,,34022,,,-23.470114000000002,-46.751975,,,,2,2023-06-19T02:19:44+00:00
SAO_6072-10,São Paulo,3550308,True,,34356,,,-23.827348,-46.69764012499999,,,,2,2023-06-19T02:19:43+00:00
SAO_6072-10,São Paulo,3550308,True,,34356,,,-23.8274015,-46.69739250000001,,,,2,2023-06-19T02:19:58+00:00
SAO_6072-10,São Paulo,3550308,True,,34356,,,-23.7836565,-46.713528,,,,2,2023-06-19T02:19:48+00:00
SAO_6072-10,São Paulo,3550308,True,,34356,,,-23.8274015,-46.69739250000001,,,,2,2023-06-19T02:20:02+00:00
SAO_6072-10,São Paulo,3550308,True,,34356,,,-23.8274015,-46.69739250000001,,,,2,2023-06-19T02:20:07+00:00
SAO_6072-10,São Paulo,3550308,True,,34356,,,-23.8274015,-46.69739250000001,,,,2,2023-06-19T02:20:19+00:00
SAO_6072-10,São Paulo,3550308,True,,34356,,,-23.8274015,-46.69739250000001,,,,2,2023-06-19T02:20:09+00:00
SAO_6072-10,São Paulo,3550308,True,,34356,,,-23.827337999999997,-46.697942375,,,,2,2023-06-19T02:20:18+00:00
SAO_6072-10,São Paulo,3550308,True,,34356,,,-23.8274015,-46.69739250000001,,,,2,2023-06-19T02:19:48+00:00
SAO_6072-10,São Paulo,3550308,True,,34356,,,-23.8274015,-46.69739250000001,,,,2,2023-06-19T02:20:09+00:00
SAO_6072-10,São Paulo,3550308,True,,34356,,,-23.825851,-46.7034265,,,,2,2023-06-19T02:19:14+00:00
SAO_6072-10,São Paulo,3550308,True,,34356,,,-23.8274015,-46.69739250000001,,,,2,2023-06-19T02:19:48+00:00
SAO_1026-10,São Paulo,3550308,True,,35074,,,-23.4704835,-46.7104185,,,,2,2023-06-19T02:20:05+00:00
SAO_3796-10,São Paulo,3550308,True,,1074,,,-23.577285,-46.458062999999996,,,,1,2023-06-19T02:20:07+00:00
SAO_3796-10,São Paulo,3550308,True,,1074,,,-23.589194,-46.446603999999994,,,,1,2023-06-19T02:20:17+00:00
SAO_3796-10,São Paulo,3550308,True,,1074,,,-23.584253500000003,-46.448683,,,,1,2023-06-19T02:20:16+00:00
SAO_6038-10,São Paulo,3550308,True,,33984,,,-23.642863249999998,-46.73661775000001,,,,2,2023-06-19T02:19:56+00:00
SAO_6038-10,São Paulo,3550308,True,,33984,,,-23.6580875,-46.789572,,,,2,2023-06-19T02:19:45+00:00
SAO_6038-10,São Paulo,3550308,True,,33984,,,-23.6631835,-46.781364499999995,,,,2,2023-06-19T02:20:08+00:00
SAO_6045-10,São Paulo,3550308,True,,1222,,,-23.6945995,-46.794075500000005,,,,1,2023-06-19T02:20:04+00:00
SAO_6045-10,São Paulo,3550308,True,,1222,,,-23.694454,-46.794375,,,,1,2023-06-19T02:19:49+00:00
SAO_6045-10,São Paulo,3550308,True,,1222,,,-23.6945995,-46.794075500000005,,,,1,2023-06-19T02:19:56+00:00
SAO_6045-10,São Paulo,3550308,True,,1222,,,-23.6945995,-46.794075500000005,,,,1,2023-06-19T02:19:03+00:00
SAO_6045-10,São Paulo,3550308,True,,1222,,,-23.64571675,-46.708861375000005,,,,1,2023-06-19T02:20:21+00:00
SAO_6045-10,São Paulo,3550308,True,,1222,,,-23.686721499999997,-46.796303249999994,,,,1,2023-06-19T02:19:46+00:00
SAO_6045-10,São Paulo,3550308,True,,1222,,,-23.694674999999997,-46.793941000000004,,,,1,2023-06-19T02:20:11+00:00
SAO_6045-10,São Paulo,3550308,True,,1222,,,-23.656632000000002,-46.7632865,,,,1,2023-06-19T02:20:14+00:00
SAO_6045-10,São Paulo,3550308,True,,1222,,,-23.694674999999997,-46.793941000000004,,,,1,2023-06-19T02:19:45+00:00
SAO_6045-10,São Paulo,3550308,True,,1222,,,-23.6945445,-46.794182,,,,1,2023-06-19T02:20:04+00:00
SAO_6045-10,São Paulo,3550308,True,,1222,,,-23.6945445,-46.794182,,,,1,2023-06-19T02:19:58+00:00
SAO_8215-10,São Paulo,3550308,True,,574,,,-23.5069385,-46.672373,,,,1,2023-06-19T02:20:20+00:00
SAO_8215-10,São Paulo,3550308,True,,574,,,-23.461478,-46.7084365,,,,1,2023-06-19T02:20:18+00:00
SAO_8215-10,São Paulo,3550308,True,,574,,,-23.461478,-46.7084365,,,,1,2023-06-19T02:20:16+00:00
SAO_3004-10,São Paulo,3550308,True,,34566,,,-23.4851205,-46.407492875,,,,2,2023-06-19T02:19:25+00:00
SAO_5141-10,São Paulo,3550308,True,,34393,,,-23.552673,-46.61098,,,,2,2023-06-19T02:18:44+00:00
SAO_5141-10,São Paulo,3550308,True,,34393,,,-23.602894999999997,-46.510341499999996,,,,2,2023-06-19T02:19:18+00:00
SAO_273J-10,São Paulo,3550308,True,,33157,,,-23.479516375,-46.385100625,,,,2,2023-06-19T02:20:03+00:00
SAO_273J-10,São Paulo,3550308,True,,33157,,,-23.479107999999997,-46.385157,,,,2,2023-06-19T02:20:19+00:00
SAO_273J-10,São Paulo,3550308,True,,33157,,,-23.506752249999998,-46.457750125000004,,,,2,2023-06-19T02:20:11+00:00
SAO_273J-10,São Paulo,3550308,True,,33157,,,-23.48382,-46.3837995,,,,2,2023-06-19T02:19:08+00:00
SAO_273J-10,São Paulo,3550308,True,,33157,,,-23.479107999999997,-46.385157,,,,2,2023-06-19T02:20:08+00:00
SAO_273J-10,São Paulo,3550308,True,,33157,,,-23.486189875,-46.42117375,,,,2,2023-06-19T02:17:45+00:00
SAO_8615-10,São Paulo,3550308,True,,1339,,,-23.536467000000002,-46.7242705,,,,1,2023-06-19T02:20:05+00:00
SAO_8615-10,São Paulo,3550308,True,,1339,,,-23.550302000000002,-46.6316285,,,,1,2023-06-19T02:20:15+00:00
SAO_8615-10,São Paulo,3550308,True,,1339,,,-23.528463249999998,-46.72545825,,,,1,2023-06-19T02:20:05+00:00
SAO_8615-10,São Paulo,3550308,True,,1339,,,-23.5410095,-46.64273875,,,,1,2023-06-19T02:20:07+00:00
SAO_8319-10,São Paulo,3550308,True,,33244,,,-23.553734,-46.7529455,,,,2,2023-06-19T02:20:02+00:00
SAO_8319-10,São Paulo,3550308,True,,33244,,,-23.546825,-46.7609525,,,,2,2023-06-19T02:19:44+00:00
SAO_8319-10,São Paulo,3550308,True,,33244,,,-23.5227365,-46.701160625,,,,2,2023-06-19T02:19:56+00:00
SAO_1780-10,São Paulo,3550308,True,,33637,,,-23.44795,-46.5791155,,,,2,2023-06-19T02:19:52+00:00
SAO_1780-10,São Paulo,3550308,True,,33637,,,-23.464785,-46.583571,,,,2,2023-06-19T02:20:17+00:00
SAO_647P-10,São Paulo,3550308,True,,34084,,,-23.659411,-46.744057,,,,2,2023-06-19T02:19:39+00:00
SAO_647P-10,São Paulo,3550308,True,,34084,,,-23.674275,-46.783679,,,,2,2023-06-19T02:20:06+00:00
SAO_647P-10,São Paulo,3550308,True,,34084,,,-23.594258,-46.7061815,,,,2,2023-06-19T02:19:54+00:00
SAO_647P-10,São Paulo,3550308,True,,34084,,,-23.674748,-46.78398249999999,,,,2,2023-06-19T02:19:50+00:00
SAO_3027-10,São Paulo,3550308,True,,963,,,-23.543601000000002,-46.43248,,,,1,2023-06-19T02:20:18+00:00
SAO_3027-10,São Paulo,3550308,True,,963,,,-23.5431935,-46.4152505,,,,1,2023-06-19T02:19:58+00:00
SAO_3027-10,São Paulo,3550308,True,,963,,,-23.5431935,-46.4152505,,,,1,2023-06-19T02:20:13+00:00
SAO_3027-10,São Paulo,3550308,True,,963,,,-23.5536305,-46.4636275,,,,1,2023-06-19T02:20:09+00:00
SAO_6L10-41,São Paulo,3550308,True,,34773,,,-23.7876945,-46.765291000000005,,,,2,2023-06-19T02:19:11+00:00
SAO_6L10-41,São Paulo,3550308,True,,34773,,,-23.7880685,-46.765596,,,,2,2023-06-19T02:20:18+00:00
SAO_6L10-41,São Paulo,3550308,True,,34773,,,-23.7880685,-46.765596,,,,2,2023-06-19T02:20:16+00:00
SAO_574R-10,São Paulo,3550308,True,,34391,,,-23.5691965,-46.568589,,,,2,2023-06-19T02:19:48+00:00
SAO_PAEC-10,São Paulo,3550308,True,,34190,,,-23.48940375,-46.57123325,,,,2,2023-06-19T02:19:56+00:00
SAO_PAEC-10,São Paulo,3550308,True,,34190,,,-23.5031265,-46.624462,,,,2,2023-06-19T02:20:04+00:00
SAO_PAEC-10,São Paulo,3550308,True,,34190,,,-23.4350765,-46.581492999999995,,,,2,2023-06-19T02:16:24+00:00
SAO_PAEC-10,São Paulo,3550308,True,,34190,,,-23.48941525,-46.571597749999995,,,,2,2023-06-19T02:18:09+00:00
SAO_574W-10,São Paulo,3550308,True,,1629,,,-23.57517675,-46.529329,,,,1,2023-06-19T02:20:07+00:00
SAO_574W-10,São Paulo,3550308,True,,1629,,,-23.543033,-46.588872,,,,1,2023-06-19T02:19:44+00:00
SAO_574W-10,São Paulo,3550308,True,,1629,,,-23.61427075,-46.481964500000004,,,,1,2023-06-19T02:20:00+00:00
SAO_8615-10,São Paulo,3550308,True,,34107,,,-23.5411785,-46.64243825,,,,2,2023-06-19T02:20:14+00:00
SAO_8615-10,São Paulo,3550308,True,,34107,,,-23.523056500000003,-46.68789162499999,,,,2,2023-06-19T02:19:47+00:00
SAO_208M-10,São Paulo,3550308,True,,2478,,,-23.503860500000002,-46.63055249999999,,,,1,2023-06-19T02:19:43+00:00
SAO_208M-10,São Paulo,3550308,True,,2478,,,-23.5649705,-46.6948935,,,,1,2023-06-19T02:20:21+00:00
SAO_1783-10,São Paulo,3550308,True,,644,,,-23.502214000000002,-46.6235875,,,,1,2023-06-19T02:19:46+00:00
SAO_1783-10,São Paulo,3550308,True,,644,,,-23.4185785,-46.5862015,,,,1,2023-06-19T02:16:16+00:00
SAO_1783-10,São Paulo,3550308,True,,644,,,-23.3988855,-46.5776345,,,,1,2023-06-19T02:20:01+00:00
SAO_2715-10,São Paulo,3550308,True,,928,,,-23.497837,-46.503524999999996,,,,1,2023-06-19T02:17:50+00:00
SAO_2715-10,São Paulo,3550308,True,,928,,,-23.53037075,-46.50092875,,,,1,2023-06-19T02:20:20+00:00
SAO_172K-10,São Paulo,3550308,True,,33625,,,-23.5398785,-46.577164499999995,,,,2,2023-06-19T02:20:12+00:00
SAO_172K-10,São Paulo,3550308,True,,33625,,,-23.475753500000003,-46.5894885,,,,2,2023-06-19T02:20:06+00:00
SAO_172K-10,São Paulo,3550308,True,,33625,,,-23.509798,-46.589543000000006,,,,2,2023-06-19T02:20:16+00:00
SAO_172K-10,São Paulo,3550308,True,,33625,,,-23.48142325,-46.603758125,,,,2,2023-06-19T02:20:21+00:00
SAO_4310-10,São Paulo,3550308,True,,2160,,,-23.542773250000003,-46.469547,,,,1,2023-06-19T02:20:20+00:00
SAO_4310-10,São Paulo,3550308,True,,2160,,,-23.5346725,-46.453050000000005,,,,1,2023-06-19T02:20:12+00:00
SAO_4310-10,São Paulo,3550308,True,,2160,,,-23.535216,-46.4541105,,,,1,2023-06-19T02:19:50+00:00
SAO_6093-10,São Paulo,3550308,True,,1585,,,-23.737581499999997,-46.697899500000005,,,,1,2023-06-19T02:20:06+00:00
SAO_6093-10,São Paulo,3550308,True,,1585,,,-23.769907000000003,-46.717877,,,,1,2023-06-19T02:20:09+00:00
SAO_6093-10,São Paulo,3550308,True,,1585,,,-23.8249795,-46.7339915,,,,1,2023-06-19T02:20:22+00:00
SAO_6093-10,São Paulo,3550308,True,,1585,,,-23.737689500000002,-46.697986,,,,1,2023-06-19T02:20:03+00:00
SAO_917H-10,São Paulo,3550308,True,STT,456,https://moovitapp.com/index/pt-br/transporte_p%C3%BAblico-line-456-Sao_Paulo-242-850661-10416524-0,5.3,-23.486517,-46.7262255,,,,1,2023-06-19T02:20:13+00:00
SAO_917H-10,São Paulo,3550308,True,STT,456,https://moovitapp.com/index/pt-br/transporte_p%C3%BAblico-line-456-Sao_Paulo-242-850661-10416524-0,5.3,-23.589214499999997,-46.634663,,,,1,2023-06-19T02:19:37+00:00
SAO_917H-10,São Paulo,3550308,True,STT,456,https://moovitapp.com/index/pt-br/transporte_p%C3%BAblico-line-456-Sao_Paulo-242-850661-10416524-0,5.3,-23.57254075,-46.64298825,,,,1,2023-06-19T02:20:12+00:00
SAO_917H-10,São Paulo,3550308,True,STT,456,https://moovitapp.com/index/pt-br/transporte_p%C3%BAblico-line-456-Sao_Paulo-242-850661-10416524-0,5.3,-23.540647,-46.717867999999996,,,,1,2023-06-19T02:19:45+00:00
SAO_917H-10,São Paulo,3550308,True,STT,456,https://moovitapp.com/index/pt-br/transporte_p%C3%BAblico-line-456-Sao_Paulo-242-850661-10416524-0,5.3,-23.485218,-46.740635,,,,1,2023-06-19T02:19:59+00:00
SAO_475R-10,São Paulo,3550308,True,,344,,,-23.599658,-46.63537475,,,,1,2023-06-19T02:19:59+00:00
SAO_475R-10,São Paulo,3550308,True,,344,,,-23.65282,-46.607729000000006,,,,1,2023-06-19T02:19:41+00:00
SAO_475R-10,São Paulo,3550308,True,,344,,,-23.650764,-46.6210605,,,,1,2023-06-19T02:18:26+00:00
SAO_273L-10,São Paulo,3550308,True,,224,,,-23.537444999999998,-46.424952000000005,,,,1,2023-06-19T02:20:06+00:00
SAO_4055-10,São Paulo,3550308,True,,2447,,,-23.543445874999996,-46.414998999999995,,,,1,2023-06-19T02:19:52+00:00
SAO_573T-10,São Paulo,3550308,True,,1632,,,-23.538545499999998,-46.564205,,,,1,2023-06-19T02:20:13+00:00
SAO_573T-10,São Paulo,3550308,True,,1632,,,-23.5570575,-46.524694,,,,1,2023-06-19T02:20:11+00:00
SAO_573T-10,São Paulo,3550308,True,,1632,,,-23.594124,-46.493612999999996,,,,1,2023-06-19T02:20:21+00:00
SAO_809H-10,São Paulo,3550308,True,,35013,,,-23.5806105,-46.793718,,,,2,2023-06-19T02:19:55+00:00
SAO_809H-10,São Paulo,3550308,True,,35013,,,-23.5806105,-46.793718,,,,2,2023-06-19T02:20:16+00:00
SAO_809H-10,São Paulo,3550308,True,,35013,,,-23.5806105,-46.793718,,,,2,2023-06-19T02:19:55+00:00
SAO_4717-10,São Paulo,3550308,True,,33103,,,-23.6371605,-46.595395999999994,,,,2,2023-06-19T02:20:08+00:00
SAO_4717-10,São Paulo,3550308,True,,33103,,,-23.618304000000002,-46.63597625,,,,2,2023-06-19T02:19:58+00:00
SAO_3787-10,São Paulo,3550308,True,,1612,,,-23.546198500000003,-46.461079999999995,,,,1,2023-06-19T02:19:56+00:00
SAO_3787-10,São Paulo,3550308,True,,1612,,,-23.593455,-46.412139249999996,,,,1,2023-06-19T02:19:46+00:00
SAO_3787-10,São Paulo,3550308,True,,1612,,,-23.5629695,-46.44609975,,,,1,2023-06-19T02:20:14+00:00
SAO_3787-10,São Paulo,3550308,True,,1612,,,-23.5629695,-46.44609975,,,,1,2023-06-19T02:20:20+00:00
SAO_3787-10,São Paulo,3550308,True,,1612,,,-23.563545,-46.446155,,,,1,2023-06-19T02:19:38+00:00
SAO_2709-31,São Paulo,3550308,True,,33691,,,-23.5200645,-46.4798915,,,,2,2023-06-19T02:20:11+00:00
SAO_2709-31,São Paulo,3550308,True,,33691,,,-23.529382,-46.50029325,,,,2,2023-06-19T02:19:42+00:00
SAO_1896-10,São Paulo,3550308,True,,2520,,,-23.5032875,-46.719518,,,,1,2023-06-19T02:19:49+00:00
SAO_1896-10,São Paulo,3550308,True,,2520,,,-23.4707955,-46.747192749999996,,,,1,2023-06-19T02:19:52+00:00
SAO_3729-10,São Paulo,3550308,True,,33794,,,-23.564311500000002,-46.5047835,,,,2,2023-06-19T02:19:46+00:00
SAO_3729-10,São Paulo,3550308,True,,33794,,,-23.566259000000002,-46.507381,,,,2,2023-06-19T02:20:11+00:00
SAO_3729-10,São Paulo,3550308,True,,33794,,,-23.572661375,-46.540865249999996,,,,2,2023-06-19T02:20:14+00:00
SAO_3729-10,São Paulo,3550308,True,,33794,,,-23.5424694375,-46.563855937499994,,,,2,2023-06-19T02:19:39+00:00
SAO_3729-10,São Paulo,3550308,True,,33794,,,-23.564311500000002,-46.5047835,,,,2,2023-06-19T02:20:17+00:00
SAO_3729-10,São Paulo,3550308,True,,33794,,,-23.564476499999998,-46.504782500000005,,,,2,2023-06-19T02:19:51+00:00
SAO_148P-10,São Paulo,3550308,True,,33302,,,-23.458094,-46.642975500000006,,,,2,2023-06-19T02:19:52+00:00
SAO_148P-10,São Paulo,3550308,True,,33302,,,-23.5263075,-46.666958,,,,2,2023-06-19T02:20:10+00:00
SAO_148P-10,São Paulo,3550308,True,,33302,,,-23.502167,-46.656732,,,,2,2023-06-19T02:20:19+00:00
SAO_148P-10,São Paulo,3550308,True,,33302,,,-23.463732625,-46.653585125,,,,2,2023-06-19T02:20:05+00:00
SAO_148P-10,São Paulo,3550308,True,,33302,,,-23.4989503125,-46.654422875,,,,2,2023-06-19T02:20:20+00:00
SAO_2451-10,São Paulo,3550308,True,,32981,,,-23.516843,-46.489267999999996,,,,2,2023-06-19T02:20:03+00:00
SAO_2451-10,São Paulo,3550308,True,,32981,,,-23.516843,-46.489267999999996,,,,2,2023-06-19T02:19:41+00:00
SAO_6806-10,São Paulo,3550308,True,BR7 Mobilidade,32,https://moovitapp.com/index/pt-br/transporte_p%C3%BAblico-line-32-Sao_Paulo-242-851856-586488-0,5.75,-23.642422500000002,-46.739394000000004,,,,1,2023-06-19T02:20:11+00:00
SAO_695D-10,São Paulo,3550308,True,,32882,,,-23.662321,-46.6791595,,,,2,2023-06-19T02:19:57+00:00
SAO_695D-10,São Paulo,3550308,True,,32882,,,-23.702490625,-46.701837375,,,,2,2023-06-19T02:20:04+00:00
SAO_695D-10,São Paulo,3550308,True,,32882,,,-23.7332185,-46.676162500000004,,,,2,2023-06-19T02:20:10+00:00
SAO_607C-10,São Paulo,3550308,True,,34745,,,-23.5897885,-46.6880525,,,,2,2023-06-19T02:20:15+00:00
SAO_607C-10,São Paulo,3550308,True,,34745,,,-23.62318175,-46.696732749999995,,,,2,2023-06-19T02:19:57+00:00
SAO_607C-10,São Paulo,3550308,True,,34745,,,-23.68922,-46.635029,,,,2,2023-06-19T02:20:13+00:00
SAO_607C-10,São Paulo,3550308,True,,34745,,,-23.666238375,-46.656311875,,,,2,2023-06-19T02:20:08+00:00
SAO_607C-10,São Paulo,3550308,True,,34745,,,-23.689011999999998,-46.6349485,,,,2,2023-06-19T02:19:41+00:00
SAO_607C-10,São Paulo,3550308,True,,34745,,,-23.6896565,-46.635254,,,,2,2023-06-19T02:19:52+00:00
SAO_9717-10,São Paulo,3550308,True,,33585,,,-23.5004855,-46.6928275,,,,2,2023-06-19T02:20:12+00:00
SAO_9717-10,São Paulo,3550308,True,,33585,,,-23.515553250000004,-46.64772325,,,,2,2023-06-19T02:19:45+00:00
SAO_7012-10,São Paulo,3550308,True,,34811,,,-23.703042,-46.775833000000006,,,,2,2023-06-19T02:19:52+00:00
SAO_7012-10,São Paulo,3550308,True,,34811,,,-23.700881,-46.7780195,,,,2,2023-06-19T02:20:01+00:00
SAO_8017-10,São Paulo,3550308,True,,34029,,,-23.440245,-46.745885,,,,2,2023-06-19T02:19:45+00:00
SAO_8017-10,São Paulo,3550308,True,,34029,,,-23.452333,-46.718677,,,,2,2023-06-19T02:20:05+00:00
SAO_8010-10,São Paulo,3550308,True,,798,,,-23.404925499999997,-46.7511505,,,,1,2023-06-19T02:19:37+00:00
SAO_8010-10,São Paulo,3550308,True,,798,,,-23.4847185,-46.728544,,,,1,2023-06-19T02:20:02+00:00
SAO_5038-10,São Paulo,3550308,True,,34429,,,-23.653153,-46.6140825,,,,2,2023-06-19T02:20:03+00:00
SAO_5038-10,São Paulo,3550308,True,,34429,,,-23.653293500000004,-46.602455000000006,,,,2,2023-06-19T02:19:55+00:00
SAO_5038-10,São Paulo,3550308,True,,34429,,,-23.6530245,-46.602299,,,,2,2023-06-19T02:20:18+00:00
SAO_7011-10,São Paulo,3550308,True,,34720,,,-23.707812,-46.7918005,,,,2,2023-06-19T02:20:06+00:00
SAO_7011-10,São Paulo,3550308,True,,34720,,,-23.688845375,-46.77301675,,,,2,2023-06-19T02:20:23+00:00
SAO_7011-10,São Paulo,3550308,True,,34720,,,-23.7015595,-46.7904015,,,,2,2023-06-19T02:19:47+00:00
SAO_507T-10,São Paulo,3550308,True,,2208,,,-23.590020375,-46.505137999999995,,,,1,2023-06-19T02:20:08+00:00
SAO_507T-10,São Paulo,3550308,True,,2208,,,-23.6141215,-46.501234,,,,1,2023-06-19T02:19:49+00:00
SAO_507T-10,São Paulo,3550308,True,,2208,,,-23.54253775,-46.56148775,,,,1,2023-06-19T02:19:55+00:00
SAO_4019-10,São Paulo,3550308,True,,35292,,,-23.542814,-46.470709,,,,2,2023-06-19T02:19:15+00:00
SAO_875A-10,São Paulo,3550308,True,,33377,,,-23.569048125000002,-46.647301625000004,,,,2,2023-06-19T02:20:17+00:00
SAO_875A-10,São Paulo,3550308,True,,33377,,,-23.624724,-46.64066425,,,,2,2023-06-19T02:20:13+00:00
SAO_875A-10,São Paulo,3550308,True,,33377,,,-23.6431975,-46.6622785,,,,2,2023-06-19T02:19:56+00:00
SAO_7267-10,São Paulo,3550308,True,,34195,,,-23.53661,-46.6775025,,,,2,2023-06-19T02:20:19+00:00
SAO_7267-10,São Paulo,3550308,True,,34195,,,-23.536394,-46.6778235,,,,2,2023-06-19T02:20:15+00:00
SAO_297A-10,São Paulo,3550308,True,,34901,,,-23.502508,-46.672625,,,,2,2023-06-19T02:20:07+00:00
SAO_297A-10,São Paulo,3550308,True,,34901,,,-23.5251275,-46.6660255,,,,2,2023-06-19T02:19:55+00:00
SAO_809D-10,São Paulo,3550308,True,,2068,,,-23.590584,-46.77317,,,,1,2023-06-19T02:19:48+00:00
SAO_917H-10,São Paulo,3550308,True,,33224,,,-23.56211375,-46.65559825,,,,2,2023-06-19T02:20:21+00:00
SAO_917H-10,São Paulo,3550308,True,,33224,,,-23.49881275,-46.746212,,,,2,2023-06-19T02:19:55+00:00
SAO_917H-10,São Paulo,3550308,True,,33224,,,-23.48722275,-46.726573,,,,2,2023-06-19T02:19:49+00:00
SAO_917H-10,São Paulo,3550308,True,,33224,,,-23.53529425,-46.71350125,,,,2,2023-06-19T02:20:04+00:00
SAO_917H-10,São Paulo,3550308,True,,33224,,,-23.4854445,-46.7258095,,,,2,2023-06-19T02:19:59+00:00
SAO_917H-10,São Paulo,3550308,True,,33224,,,-23.4867275,-46.7373635,,,,2,2023-06-19T02:20:17+00:00
SAO_2712-10,São Paulo,3550308,True,,926,,,-23.539928500000002,-46.482043874999995,,,,1,2023-06-19T02:20:12+00:00
SAO_2712-10,São Paulo,3550308,True,,926,,,-23.5315975,-46.484218,,,,1,2023-06-19T02:20:02+00:00
SAO_2712-10,São Paulo,3550308,True,,926,,,-23.527357000000002,-46.479188,,,,1,2023-06-19T02:20:20+00:00
SAO_4221-10,São Paulo,3550308,True,,325,,,-23.545886,-46.6302635,,,,1,2023-06-19T02:20:11+00:00
SAO_4221-10,São Paulo,3550308,True,,325,,,-23.60568625,-46.5224105,,,,1,2023-06-19T02:20:11+00:00
SAO_4020-10,São Paulo,3550308,True,,2530,,,-23.589917999999997,-46.4402415,,,,1,2023-06-19T02:20:09+00:00
SAO_342C-10,São Paulo,3550308,True,,33770,,,-23.541327,-46.524105500000005,,,,2,2023-06-19T02:19:47+00:00
SAO_342C-10,São Paulo,3550308,True,,33770,,,-23.560966,-46.4920555,,,,2,2023-06-19T02:19:52+00:00
SAO_1705-10,São Paulo,3550308,True,,849,,,-23.442104999999998,-46.5884335,,,,1,2023-06-19T02:20:20+00:00
SAO_1705-10,São Paulo,3550308,True,,849,,,-23.439719500000002,-46.587374,,,,1,2023-06-19T02:19:29+00:00
SAO_1705-10,São Paulo,3550308,True,,849,,,-23.466797875,-46.597255125,,,,1,2023-06-19T02:20:18+00:00
SAO_1705-10,São Paulo,3550308,True,,849,,,-23.434117999999998,-46.5843315,,,,1,2023-06-19T02:19:16+00:00
SAO_1705-10,São Paulo,3550308,True,,849,,,-23.443497,-46.5890665,,,,1,2023-06-19T02:20:07+00:00
SAO_8194-10,São Paulo,3550308,True,,33573,,,-23.4056895,-46.7350055,,,,2,2023-06-19T02:19:46+00:00
SAO_8194-10,São Paulo,3550308,True,,33573,,,-23.459438249999998,-46.688077250000006,,,,2,2023-06-19T02:20:02+00:00
SAO_8194-10,São Paulo,3550308,True,,33573,,,-23.4071995,-46.758607,,,,2,2023-06-19T02:20:00+00:00
SAO_8194-10,São Paulo,3550308,True,,33573,,,-23.4140175,-46.750341500000005,,,,2,2023-06-19T02:19:59+00:00
SAO_8194-10,São Paulo,3550308,True,,33573,,,-23.413612999999998,-46.7500975,,,,2,2023-06-19T02:20:05+00:00
SAO_2766-10,São Paulo,3550308,True,EMTU,405,https://moovitapp.com/index/pt-br/transporte_p%C3%BAblico-line-405-Sao_Paulo-242-2038937-36419467-0,5.35,-23.5196105,-46.3872475,,,,1,2023-06-19T02:18:58+00:00
SAO_2766-10,São Paulo,3550308,True,EMTU,405,https://moovitapp.com/index/pt-br/transporte_p%C3%BAblico-line-405-Sao_Paulo-242-2038937-36419467-0,5.35,-23.495649,-46.44248375000001,,,,1,2023-06-19T02:20:07+00:00
SAO_2766-10,São Paulo,3550308,True,EMTU,405,https://moovitapp.com/index/pt-br/transporte_p%C3%BAblico-line-405-Sao_Paulo-242-2038937-36419467-0,5.35,-23.5185215,-46.387811,,,,1,2023-06-19T02:19:46+00:00
SAO_2019-10,São Paulo,3550308,True,,905,,,-23.529318,-46.4779975,,,,1,2023-06-19T02:20:03+00:00
SAO_2019-10,São Paulo,3550308,True,,905,,,-23.52320125,-46.519215,,,,1,2023-06-19T02:20:13+00:00
SAO_7055-10,São Paulo,3550308,True,,1888,,,-23.6897065,-46.7895345,,,,1,2023-06-19T02:20:11+00:00
SAO_7055-10,São Paulo,3550308,True,,1888,,,-23.6919635,-46.7907745,,,,1,2023-06-19T02:20:06+00:00
SAO_7055-10,São Paulo,3550308,True,,1888,,,-23.654117499999998,-46.776975,,,,1,2023-06-19T02:20:13+00:00
SAO_7055-10,São Paulo,3550308,True,,1888,,,-23.6919635,-46.7907745,,,,1,2023-06-19T02:20:22+00:00
SAO_4015-10,São Paulo,3550308,True,,34956,,,-23.613228499999998,-46.476530999999994,,,,2,2023-06-19T02:19:53+00:00
SAO_178T-10,São Paulo,3550308,True,EMTU,565,https://moovitapp.com/index/pt-br/transporte_p%C3%BAblico-line-565-Sao_Paulo-242-2038937-36419563-0,8.1,-23.516236999999997,-46.698377,,,,1,2023-06-19T02:20:12+00:00
SAO_178T-10,São Paulo,3550308,True,EMTU,565,https://moovitapp.com/index/pt-br/transporte_p%C3%BAblico-line-565-Sao_Paulo-242-2038937-36419563-0,8.1,-23.5315425,-46.734446500000004,,,,1,2023-06-19T02:19:57+00:00
SAO_178T-10,São Paulo,3550308,True,EMTU,565,https://moovitapp.com/index/pt-br/transporte_p%C3%BAblico-line-565-Sao_Paulo-242-2038937-36419563-0,8.1,-23.5315425,-46.734446500000004,,,,1,2023-06-19T02:19:49+00:00
SAO_178T-10,São Paulo,3550308,True,EMTU,565,https://moovitapp.com/index/pt-br/transporte_p%C3%BAblico-line-565-Sao_Paulo-242-2038937-36419563-0,8.1,-23.494444125,-46.631189375,,,,1,2023-06-19T02:20:21+00:00
SAO_875C-1,São Paulo,3550308,True,,35278,,,-23.58019375,-46.6850195,,,,2,2023-06-19T02:20:03+00:00
SAO_875C-1,São Paulo,3550308,True,,35278,,,-23.520775999999998,-46.70046,,,,2,2023-06-19T02:19:47+00:00
SAO_118Y-10,São Paulo,3550308,True,,33609,,,-23.472411,-46.634502749999996,,,,2,2023-06-19T02:19:50+00:00
SAO_118Y-10,São Paulo,3550308,True,,33609,,,-23.5133685,-46.690580999999995,,,,2,2023-06-19T02:20:21+00:00
SAO_118Y-10,São Paulo,3550308,True,,33609,,,-23.482091500000003,-46.671369,,,,2,2023-06-19T02:20:03+00:00
SAO_509M-10,São Paulo,3550308,True,,1277,,,-23.67020325,-46.64765,,,,1,2023-06-19T02:20:03+00:00
SAO_509M-10,São Paulo,3550308,True,,1277,,,-23.6024045,-46.6609895,,,,1,2023-06-19T02:19:50+00:00
SAO_2127-10,São Paulo,3550308,True,,693,,,-23.508191500000002,-46.5958065,,,,1,2023-06-19T02:19:22+00:00
SAO_2127-10,São Paulo,3550308,True,,693,,,-23.478544999999997,-46.569419999999994,,,,1,2023-06-19T02:19:48+00:00
SAO_2127-10,São Paulo,3550308,True,,693,,,-23.55598125,-46.634207,,,,1,2023-06-19T02:19:42+00:00
SAO_2714-10,São Paulo,3550308,True,,33695,,,-23.531532499999997,-46.5288405,,,,2,2023-06-19T02:19:49+00:00
SAO_2714-10,São Paulo,3550308,True,,33695,,,-23.523414250000002,-46.531068250000004,,,,2,2023-06-19T02:20:05+00:00
SAO_3745-10,São Paulo,3550308,True,,1044,,,-23.551041249999997,-46.532039749999996,,,,1,2023-06-19T02:19:55+00:00
SAO_3745-10,São Paulo,3550308,True,,1044,,,-23.589396,-46.5004895,,,,1,2023-06-19T02:20:09+00:00
SAO_7009-10,São Paulo,3550308,True,,1951,,,-23.7041605,-46.787671,,,,1,2023-06-19T02:20:08+00:00
SAO_7009-10,São Paulo,3550308,True,,1951,,,-23.693933,-46.7796675,,,,1,2023-06-19T02:20:08+00:00
SAO_2523-10,São Paulo,3550308,True,,33018,,,-23.5216,-46.4253885,,,,2,2023-06-19T02:19:44+00:00
SAO_2523-10,São Paulo,3550308,True,,33018,,,-23.521767500000003,-46.4247855,,,,2,2023-06-19T02:19:52+00:00
SAO_2523-10,São Paulo,3550308,True,,33018,,,-23.5216,-46.4253885,,,,2,2023-06-19T02:20:15+00:00
SAO_2523-10,São Paulo,3550308,True,,33018,,,-23.5182095,-46.475659,,,,2,2023-06-19T02:19:57+00:00
SAO_8055-10,São Paulo,3550308,True,,33182,,,-23.435618625,-46.7861755,,,,2,2023-06-19T02:19:59+00:00
SAO_8055-10,São Paulo,3550308,True,,33182,,,-23.408123,-46.741294999999994,,,,2,2023-06-19T02:19:39+00:00
SAO_8055-10,São Paulo,3550308,True,,33182,,,-23.408178,-46.7411865,,,,2,2023-06-19T02:19:58+00:00
SAO_8199-10,São Paulo,3550308,True,EMTU,807,https://moovitapp.com/index/pt-br/transporte_p%C3%BAblico-line-807-Sao_Paulo-242-2038937-36419583-0,7.8,-23.5006825,-46.705498500000004,,,,1,2023-06-19T02:20:04+00:00
SAO_8199-10,São Paulo,3550308,True,EMTU,807,https://moovitapp.com/index/pt-br/transporte_p%C3%BAblico-line-807-Sao_Paulo-242-2038937-36419583-0,7.8,-23.476384000000003,-46.667850375,,,,1,2023-06-19T02:20:19+00:00
SAO_6291-10,São Paulo,3550308,True,EMTU,358,https://moovitapp.com/index/pt-br/transporte_p%C3%BAblico-line-358-Sao_Paulo-242-2038937-36419439-0,4.8,-23.6341465,-46.7282405,,,,1,2023-06-19T02:20:11+00:00
SAO_6291-10,São Paulo,3550308,True,EMTU,358,https://moovitapp.com/index/pt-br/transporte_p%C3%BAblico-line-358-Sao_Paulo-242-2038937-36419439-0,4.8,-23.626609000000002,-46.724198,,,,1,2023-06-19T02:20:09+00:00
SAO_6291-10,São Paulo,3550308,True,EMTU,358,https://moovitapp.com/index/pt-br/transporte_p%C3%BAblico-line-358-Sao_Paulo-242-2038937-36419439-0,4.8,-23.643303500000002,-46.7766185,,,,1,2023-06-19T02:19:40+00:00
SAO_6291-10,São Paulo,3550308,True,EMTU,358,https://moovitapp.com/index/pt-br/transporte_p%C3%BAblico-line-358-Sao_Paulo-242-2038937-36419439-0,4.8,-23.58058525,-46.68124175,,,,1,2023-06-19T02:20:23+00:00
SAO_746V-10,São Paulo,3550308,True,,792,,,-23.645656,-46.757514,,,,1,2023-06-19T02:20:06+00:00
SAO_5290-10,São Paulo,3550308,True,,33365,,,-23.5679095,-46.639962499999996,,,,2,2023-06-19T02:20:20+00:00
SAO_5290-10,São Paulo,3550308,True,,33365,,,-23.680734,-46.635801,,,,2,2023-06-19T02:19:39+00:00
SAO_5290-10,São Paulo,3550308,True,,33365,,,-23.6636745,-46.63802325,,,,2,2023-06-19T02:20:09+00:00
SAO_5290-10,São Paulo,3550308,True,,33365,,,-23.680852,-46.636013000000005,,,,2,2023-06-19T02:19:36+00:00
SAO_271A-10,São Paulo,3550308,True,,33470,,,-23.513302125,-46.571342875,,,,2,2023-06-19T02:20:11+00:00
SAO_1765-10,São Paulo,3550308,True,,1782,,,-23.465666499999998,-46.56746575,,,,1,2023-06-19T02:17:22+00:00
SAO_1775-10,São Paulo,3550308,True,,33406,,,-23.4707575,-46.630018,,,,2,2023-06-19T02:19:13+00:00
SAO_1775-10,São Paulo,3550308,True,,33406,,,-23.447411000000002,-46.6097415,,,,2,2023-06-19T02:19:50+00:00
SAO_809V-10,São Paulo,3550308,True,,35011,,,-23.5763605,-46.732949500000004,,,,2,2023-06-19T02:19:42+00:00
SAO_809V-10,São Paulo,3550308,True,,35011,,,-23.576418,-46.7333665,,,,2,2023-06-19T02:20:04+00:00
SAO_809V-10,São Paulo,3550308,True,,35011,,,-23.571129999999997,-46.720037000000005,,,,2,2023-06-19T02:19:55+00:00
SAO_6071-10,São Paulo,3550308,True,,1156,,,-23.718808,-46.6797785,,,,1,2023-06-19T02:20:11+00:00
SAO_6071-10,São Paulo,3550308,True,,1156,,,-23.6538355,-46.7110955,,,,1,2023-06-19T02:20:14+00:00
SAO_2523-10,São Paulo,3550308,True,Cidade de Caieiras,250,https://moovitapp.com/index/pt-br/transporte_p%C3%BAblico-line-250-Sao_Paulo-242-868761-752902-0,5.0,-23.5182095,-46.475659,,,,1,2023-06-19T02:19:57+00:00
SAO_2523-10,São Paulo,3550308,True,Cidade de Caieiras,250,https://moovitapp.com/index/pt-br/transporte_p%C3%BAblico-line-250-Sao_Paulo-242-868761-752902-0,5.0,-23.5182095,-46.475659,,,,1,2023-06-19T02:19:48+00:00
SAO_2523-10,São Paulo,3550308,True,Cidade de Caieiras,250,https://moovitapp.com/index/pt-br/transporte_p%C3%BAblico-line-250-Sao_Paulo-242-868761-752902-0,5.0,-23.5182095,-46.475659,,,,1,2023-06-19T02:20:06+00:00
SAO_2523-10,São Paulo,3550308,True,Cidade de Caieiras,250,https://moovitapp.com/index/pt-br/transporte_p%C3%BAblico-line-250-Sao_Paulo-242-868761-752902-0,5.0,-23.5182095,-46.475659,,,,1,2023-06-19T02:19:35+00:00
SAO_8028-10,São Paulo,3550308,True,,35300,,,-23.622413,-46.727976,,,,2,2023-06-19T02:20:03+00:00
SAO_8028-10,São Paulo,3550308,True,,35300,,,-23.601924,-46.7134285,,,,2,2023-06-19T02:20:14+00:00
SAO_1759-10,São Paulo,3550308,True,,553,,,-23.461464999999997,-46.65011075,,,,1,2023-06-19T02:19:49+00:00
SAO_1759-10,São Paulo,3550308,True,,553,,,-23.499637999999997,-46.6256595,,,,1,2023-06-19T02:18:12+00:00
SAO_809L-10,São Paulo,3550308,True,,34717,,,-23.603250000000003,-46.744681,,,,2,2023-06-19T02:20:05+00:00
SAO_809L-10,São Paulo,3550308,True,,34717,,,-23.522697,-46.702521749999995,,,,2,2023-06-19T02:19:58+00:00
SAO_2202-10,São Paulo,3550308,True,Urubupungá,910,https://moovitapp.com/index/pt-br/transporte_p%C3%BAblico-line-910-Sao_Paulo-242-873835-496471-0,4.6,-23.542133,-46.4148525,,,,1,2023-06-19T02:19:20+00:00
SAO_2202-10,São Paulo,3550308,True,Urubupungá,910,https://moovitapp.com/index/pt-br/transporte_p%C3%BAblico-line-910-Sao_Paulo-242-873835-496471-0,4.6,-23.488201,-46.382996500000004,,,,1,2023-06-19T02:20:02+00:00
SAO_2202-10,São Paulo,3550308,True,Urubupungá,910,https://moovitapp.com/index/pt-br/transporte_p%C3%BAblico-line-910-Sao_Paulo-242-873835-496471-0,4.6,-23.49472475,-46.40451575,,,,1,2023-06-19T02:20:02+00:00
SAO_2202-10,São Paulo,3550308,True,Urubupungá,910,https://moovitapp.com/index/pt-br/transporte_p%C3%BAblico-line-910-Sao_Paulo-242-873835-496471-0,4.6,-23.537022999999998,-46.4048255,,,,1,2023-06-19T02:20:21+00:00
SAO_2202-10,São Paulo,3550308,True,Urubupungá,910,https://moovitapp.com/index/pt-br/transporte_p%C3%BAblico-line-910-Sao_Paulo-242-873835-496471-0,4.6,-23.4918575,-46.3875085,,,,1,2023-06-19T02:18:50+00:00
SAO_6006-10,São Paulo,3550308,True,,32943,,,-23.667364,-46.680078,,,,2,2023-06-19T02:19:56+00:00
SAO_6006-10,São Paulo,3550308,True,,32943,,,-23.6769245,-46.685485,,,,2,2023-06-19T02:20:16+00:00
SAO_6006-10,São Paulo,3550308,True,,32943,,,-23.691110000000002,-46.759671499999996,,,,2,2023-06-19T02:19:57+00:00
SAO_3063-10,São Paulo,3550308,True,,33021,,,-23.558008,-46.3996015,,,,2,2023-06-19T02:19:47+00:00
SAO_3063-10,São Paulo,3550308,True,,33021,,,-23.5987515,-46.4645435,,,,2,2023-06-19T02:20:09+00:00
SAO_3063-10,São Paulo,3550308,True,,33021,,,-23.558238,-46.399558999999996,,,,2,2023-06-19T02:19:45+00:00
SAO_3063-10,São Paulo,3550308,True,,33021,,,-23.55512,-46.412710000000004,,,,2,2023-06-19T02:19:59+00:00
SAO_8055-10,São Paulo,3550308,True,,414,,,-23.524615500000003,-46.707330625,,,,1,2023-06-19T02:19:55+00:00
SAO_8055-10,São Paulo,3550308,True,,414,,,-23.4042365,-46.74847,,,,1,2023-06-19T02:20:18+00:00
SAO_1036-10,São Paulo,3550308,True,,35221,,,-23.447865999999998,-46.708386,,,,2,2023-06-19T02:19:47+00:00
SAO_1036-10,São Paulo,3550308,True,,35221,,,-23.4645835,-46.714367499999994,,,,2,2023-06-19T02:19:47+00:00
SAO_1036-10,São Paulo,3550308,True,,35221,,,-23.447865999999998,-46.708386,,,,2,2023-06-19T02:19:40+00:00
SAO_178L-10,São Paulo,3550308,True,,33328,,,-23.5560535,-46.6633055,,,,2,2023-06-19T02:19:54+00:00
SAO_178L-10,São Paulo,3550308,True,,33328,,,-23.474621,-46.64296349999999,,,,2,2023-06-19T02:19:48+00:00
SAO_178L-10,São Paulo,3550308,True,,33328,,,-23.499579,-46.6320385,,,,2,2023-06-19T02:19:53+00:00
SAO_746C-10,São Paulo,3550308,True,,33551,,,-23.62889725,-46.73476475,,,,2,2023-06-19T02:19:52+00:00
SAO_746C-10,São Paulo,3550308,True,,33551,,,-23.608888999999998,-46.750856,,,,2,2023-06-19T02:19:42+00:00
SAO_978L-10,São Paulo,3550308,True,,33234,,,-23.474438499999998,-46.669928999999996,,,,2,2023-06-19T02:20:19+00:00
SAO_978L-10,São Paulo,3550308,True,,33234,,,-23.50653075,-46.67343975,,,,2,2023-06-19T02:19:48+00:00
SAO_978L-10,São Paulo,3550308,True,,33234,,,-23.474438499999998,-46.669928999999996,,,,2,2023-06-19T02:20:17+00:00
SAO_2717-10,São Paulo,3550308,True,Urubupungá,930,https://moovitapp.com/index/pt-br/transporte_p%C3%BAblico-line-930-Sao_Paulo-242-873835-496473-0,4.6,-23.5286495,-46.516311,,,,1,2023-06-19T02:19:49+00:00
SAO_2717-10,São Paulo,3550308,True,Urubupungá,930,https://moovitapp.com/index/pt-br/transporte_p%C3%BAblico-line-930-Sao_Paulo-242-873835-496473-0,4.6,-23.50179275,-46.50722425,,,,1,2023-06-19T02:19:58+00:00
SAO_2551-10,São Paulo,3550308,True,EMTU,141,https://moovitapp.com/index/pt-br/transporte_p%C3%BAblico-line-141-Sao_Paulo-242-2038937-36419292-0,8.15,-23.537088,-46.593248,,,,1,2023-06-19T02:19:52+00:00
SAO_707K-10,São Paulo,3550308,True,,35271,,,-23.668476,-46.735507,,,,2,2023-06-19T02:20:07+00:00
SAO_707K-10,São Paulo,3550308,True,,35271,,,-23.643703000000002,-46.673113,,,,2,2023-06-19T02:20:14+00:00
SAO_707K-10,São Paulo,3550308,True,,35271,,,-23.6683575,-46.7355065,,,,2,2023-06-19T02:19:58+00:00
SAO_675G-10,São Paulo,3550308,True,ETT,106,https://moovitapp.com/index/pt-br/transporte_p%C3%BAblico-line-106-Sao_Paulo-242-876373-496508-0,5.3,-23.650298250000002,-46.66260925,,,,1,2023-06-19T02:20:09+00:00
SAO_675G-10,São Paulo,3550308,True,ETT,106,https://moovitapp.com/index/pt-br/transporte_p%C3%BAblico-line-106-Sao_Paulo-242-876373-496508-0,5.3,-23.74858225,-46.665585,,,,1,2023-06-19T02:15:08+00:00
SAO_675G-10,São Paulo,3550308,True,ETT,106,https://moovitapp.com/index/pt-br/transporte_p%C3%BAblico-line-106-Sao_Paulo-242-876373-496508-0,5.3,-23.744007500000002,-46.670401999999996,,,,1,2023-06-19T02:17:21+00:00
SAO_675G-10,São Paulo,3550308,True,ETT,106,https://moovitapp.com/index/pt-br/transporte_p%C3%BAblico-line-106-Sao_Paulo-242-876373-496508-0,5.3,-23.6784805,-46.684785500000004,,,,1,2023-06-19T02:20:19+00:00
SAO_675G-10,São Paulo,3550308,True,ETT,106,https://moovitapp.com/index/pt-br/transporte_p%C3%BAblico-line-106-Sao_Paulo-242-876373-496508-0,5.3,-23.646417,-46.639355,,,,1,2023-06-19T02:20:00+00:00
SAO_4726-10,São Paulo,3550308,True,,34448,,,-23.5633635,-46.591837500000004,,,,2,2023-06-19T02:19:53+00:00
SAO_4726-10,São Paulo,3550308,True,,34448,,,-23.54837825,-46.579427499999994,,,,2,2023-06-19T02:19:43+00:00
SAO_577T-10,São Paulo,3550308,True,,34059,,,-23.654781874999998,-46.656331625,,,,2,2023-06-19T02:19:52+00:00
SAO_577T-10,São Paulo,3550308,True,,34059,,,-23.603400875,-46.636806500000006,,,,2,2023-06-19T02:20:14+00:00
SAO_577T-10,São Paulo,3550308,True,,34059,,,-23.688633000000003,-46.638399750000005,,,,2,2023-06-19T02:20:12+00:00
SAO_8075-21,São Paulo,3550308,True,,35305,,,-23.593286999999997,-46.734899,,,,2,2023-06-19T02:19:46+00:00
SAO_8075-21,São Paulo,3550308,True,,35305,,,-23.631508,-46.7726,,,,2,2023-06-19T02:20:03+00:00
SAO_576M-10,São Paulo,3550308,True,,604,,,-23.597486500000002,-46.668670500000005,,,,1,2023-06-19T02:19:50+00:00
SAO_2756-10,São Paulo,3550308,True,,33006,,,-23.509916,-46.438281,,,,2,2023-06-19T02:19:56+00:00
SAO_2756-10,São Paulo,3550308,True,,33006,,,-23.544410499999998,-46.390766,,,,2,2023-06-19T02:20:06+00:00
SAO_177Y-10,São Paulo,3550308,True,,33635,,,-23.5269075,-46.66671425,,,,2,2023-06-19T02:20:18+00:00
SAO_4086-10,São Paulo,3550308,True,,35018,,,-23.582991999999997,-46.4079,,,,2,2023-06-19T02:20:10+00:00
SAO_4086-10,São Paulo,3550308,True,,35018,,,-23.597698,-46.3920605,,,,2,2023-06-19T02:17:45+00:00
SAO_178T-10,São Paulo,3550308,True,,33333,,,-23.496773500000003,-46.628341500000005,,,,2,2023-06-19T02:20:15+00:00
SAO_178T-10,São Paulo,3550308,True,,33333,,,-23.5063935,-46.705843,,,,2,2023-06-19T02:19:38+00:00
SAO_178T-10,São Paulo,3550308,True,,33333,,,-23.503025,-46.6242335,,,,2,2023-06-19T02:19:41+00:00
SAO_8047-10,São Paulo,3550308,True,,33176,,,-23.434162999999998,-46.754868,,,,2,2023-06-19T02:20:22+00:00
SAO_8047-10,São Paulo,3550308,True,,33176,,,-23.5198795,-46.701719999999995,,,,2,2023-06-19T02:20:15+00:00
SAO_8047-10,São Paulo,3550308,True,,33176,,,-23.467637,-46.754694,,,,2,2023-06-19T02:19:43+00:00
SAO_807M-10,São Paulo,3550308,True,,34684,,,-23.616782,-46.7534455,,,,2,2023-06-19T02:20:20+00:00
SAO_807M-10,São Paulo,3550308,True,,34684,,,-23.618614,-46.698895,,,,2,2023-06-19T02:19:54+00:00
SAO_807M-10,São Paulo,3550308,True,,34684,,,-23.631701,-46.7721875,,,,2,2023-06-19T02:20:08+00:00
SAO_807M-10,São Paulo,3550308,True,,34684,,,-23.603258750000002,-46.7121355,,,,2,2023-06-19T02:20:10+00:00
SAO_807M-10,São Paulo,3550308,True,,34684,,,-23.6010315,-46.7152785,,,,2,2023-06-19T02:19:51+00:00
SAO_807M-10,São Paulo,3550308,True,,34684,,,-23.631797499999998,-46.7719915,,,,2,2023-06-19T02:19:44+00:00
SAO_807M-10,São Paulo,3550308,True,,34684,,,-23.6317985,-46.771744,,,,2,2023-06-19T02:19:45+00:00
SAO_647A-10,São Paulo,3550308,True,,1315,,,-23.586783,-46.6905855,,,,1,2023-06-19T02:20:11+00:00
SAO_647A-10,São Paulo,3550308,True,,1315,,,-23.634669000000002,-46.737008,,,,1,2023-06-19T02:20:12+00:00
SAO_647A-10,São Paulo,3550308,True,,1315,,,-23.679342,-46.783500000000004,,,,1,2023-06-19T02:19:53+00:00
SAO_746P-10,São Paulo,3550308,True,,788,,,-23.618063,-46.72137,,,,1,2023-06-19T02:19:47+00:00
SAO_746P-10,São Paulo,3550308,True,,788,,,-23.618063,-46.72137,,,,1,2023-06-19T02:20:05+00:00
SAO_746P-10,São Paulo,3550308,True,,788,,,-23.6404705,-46.7369465,,,,1,2023-06-19T02:19:55+00:00
SAO_3301-10,São Paulo,3550308,True,,34386,,,-23.506398875,-46.47682325,,,,2,2023-06-19T02:19:41+00:00
SAO_3301-10,São Paulo,3550308,True,,34386,,,-23.53911325,-46.6075235,,,,2,2023-06-19T02:20:15+00:00
SAO_1178-10,São Paulo,3550308,True,,132,,,-23.48515725,-46.48001325,,,,1,2023-06-19T02:20:14+00:00
SAO_1178-10,São Paulo,3550308,True,,132,,,-23.518918499999998,-46.546471,,,,1,2023-06-19T02:20:13+00:00
SAO_1178-10,São Paulo,3550308,True,,132,,,-23.53148125,-46.632570125,,,,1,2023-06-19T02:20:08+00:00
SAO_1178-10,São Paulo,3550308,True,,132,,,-23.504322000000002,-46.433214,,,,1,2023-06-19T02:20:10+00:00
SAO_2019-10,São Paulo,3550308,True,,33673,,,-23.522708,-46.518773,,,,2,2023-06-19T02:20:16+00:00
SAO_2019-10,São Paulo,3550308,True,,33673,,,-23.5246595,-46.5457945,,,,2,2023-06-19T02:20:12+00:00
SAO_2019-10,São Paulo,3550308,True,,33673,,,-23.529691999999997,-46.47905,,,,2,2023-06-19T02:20:08+00:00
SAO_2019-10,São Paulo,3550308,True,,33673,,,-23.5308475,-46.540306,,,,2,2023-06-19T02:20:10+00:00
SAO_5129-10,São Paulo,3550308,True,,1281,,,-23.6599905,-46.6631455,,,,1,2023-06-19T02:20:16+00:00
SAO_5129-10,São Paulo,3550308,True,,1281,,,-23.678484,-46.6849965,,,,1,2023-06-19T02:20:00+00:00
SAO_5129-10,São Paulo,3550308,True,,1281,,,-23.6687515,-46.735510000000005,,,,1,2023-06-19T02:19:59+00:00
SAO_648P-10,São Paulo,3550308,True,,32834,,,-23.589811,-46.687983,,,,2,2023-06-19T02:20:03+00:00
SAO_648P-10,São Paulo,3550308,True,,32834,,,-23.6550385,-46.761806,,,,2,2023-06-19T02:20:10+00:00
SAO_648P-10,São Paulo,3550308,True,,32834,,,-23.643584250000004,-46.73323425,,,,2,2023-06-19T02:19:49+00:00
SAO_648P-10,São Paulo,3550308,True,,32834,,,-23.654660999999997,-46.7609705,,,,2,2023-06-19T02:19:55+00:00
SAO_6021-10,São Paulo,3550308,True,EMTU,177,https://moovitapp.com/index/pt-br/transporte_p%C3%BAblico-line-177-Sao_Paulo-242-2038937-36419313-0,5.2,-23.7943605,-46.743523499999995,,,,1,2023-06-19T02:20:05+00:00
SAO_6021-10,São Paulo,3550308,True,EMTU,177,https://moovitapp.com/index/pt-br/transporte_p%C3%BAblico-line-177-Sao_Paulo-242-2038937-36419313-0,5.2,-23.7668205,-46.716344500000005,,,,1,2023-06-19T02:19:41+00:00
SAO_6021-10,São Paulo,3550308,True,EMTU,177,https://moovitapp.com/index/pt-br/transporte_p%C3%BAblico-line-177-Sao_Paulo-242-2038937-36419313-0,5.2,-23.7668205,-46.716344500000005,,,,1,2023-06-19T02:19:42+00:00
SAO_6021-10,São Paulo,3550308,True,EMTU,177,https://moovitapp.com/index/pt-br/transporte_p%C3%BAblico-line-177-Sao_Paulo-242-2038937-36419313-0,5.2,-23.77216,-46.719817,,,,1,2023-06-19T02:19:59+00:00
SAO_6021-10,São Paulo,3550308,True,EMTU,177,https://moovitapp.com/index/pt-br/transporte_p%C3%BAblico-line-177-Sao_Paulo-242-2038937-36419313-0,5.2,-23.7668205,-46.716344500000005,,,,1,2023-06-19T02:19:47+00:00
SAO_627J-10,São Paulo,3550308,True,,34824,,,-23.65541675,-46.63675525,,,,2,2023-06-19T02:19:56+00:00
SAO_627J-10,São Paulo,3550308,True,,34824,,,-23.673264500000002,-46.6312175,,,,2,2023-06-19T02:19:43+00:00
SAO_6L05-10,São Paulo,3550308,True,,1173,,,-23.828287,-46.72617674999999,,,,1,2023-06-19T02:20:18+00:00
SAO_2033-10,São Paulo,3550308,True,,2499,,,-23.516329,-46.625257500000004,,,,1,2023-06-19T02:20:18+00:00
SAO_2033-10,São Paulo,3550308,True,,2499,,,-23.5088205,-46.586276,,,,1,2023-06-19T02:20:08+00:00
SAO_5013-10,São Paulo,3550308,True,,1117,,,-23.679575,-46.631244875,,,,1,2023-06-19T02:17:52+00:00
SAO_709M-10,São Paulo,3550308,True,,2462,,,-23.654158,-46.710677000000004,,,,1,2023-06-19T02:19:56+00:00
SAO_709M-10,São Paulo,3550308,True,,2462,,,-23.654158,-46.710677000000004,,,,1,2023-06-19T02:19:40+00:00
SAO_709M-10,São Paulo,3550308,True,,2462,,,-23.6505916875,-46.70449843750001,,,,1,2023-06-19T02:20:22+00:00
SAO_709M-10,São Paulo,3550308,True,,2462,,,-23.654158,-46.710677000000004,,,,1,2023-06-19T02:20:05+00:00
SAO_709M-10,São Paulo,3550308,True,,2462,,,-23.5830825,-46.6836435,,,,1,2023-06-19T02:19:55+00:00
SAO_118C-10,São Paulo,3550308,True,,519,,,-23.46772025,-46.66667175,,,,1,2023-06-19T02:20:08+00:00
SAO_118C-10,São Paulo,3550308,True,,519,,,-23.5321635,-46.633992,,,,1,2023-06-19T02:20:13+00:00
SAO_118C-10,São Paulo,3550308,True,,519,,,-23.5388605,-46.6486135,,,,1,2023-06-19T02:19:42+00:00
SAO_118C-10,São Paulo,3550308,True,,519,,,-23.461189,-46.665811500000004,,,,1,2023-06-19T02:20:09+00:00
SAO_199D-10,São Paulo,3550308,True,,2135,,,-23.528344500000003,-46.702605,,,,1,2023-06-19T02:19:58+00:00
SAO_199D-10,São Paulo,3550308,True,,2135,,,-23.485856,-46.71054650000001,,,,1,2023-06-19T02:20:20+00:00
SAO_7005-51,São Paulo,3550308,True,,34767,,,-23.73646075,-46.776863250000005,,,,2,2023-06-19T02:20:03+00:00
SAO_7005-51,São Paulo,3550308,True,,34767,,,-23.6981015,-46.779298999999995,,,,2,2023-06-19T02:20:07+00:00
SAO_648P-10,São Paulo,3550308,True,,66,,,-23.6449645,-46.716038999999995,,,,1,2023-06-19T02:19:58+00:00
SAO_648P-10,São Paulo,3550308,True,,66,,,-23.56918825,-46.69181075,,,,1,2023-06-19T02:19:57+00:00
SAO_809L-10,São Paulo,3550308,True,,1949,,,-23.6315005,-46.773324,,,,1,2023-06-19T02:19:42+00:00
SAO_809L-10,São Paulo,3550308,True,,1949,,,-23.6315005,-46.773324,,,,1,2023-06-19T02:19:54+00:00
SAO_809L-10,São Paulo,3550308,True,,1949,,,-23.528578,-46.705600000000004,,,,1,2023-06-19T02:20:02+00:00
SAO_809L-10,São Paulo,3550308,True,,1949,,,-23.6323625,-46.7722555,,,,1,2023-06-19T02:19:50+00:00
SAO_809L-10,São Paulo,3550308,True,,1949,,,-23.610286000000002,-46.752301,,,,1,2023-06-19T02:20:23+00:00
SAO_7002-10,São Paulo,3550308,True,,33540,,,-23.590518,-46.76971475,,,,2,2023-06-19T02:20:16+00:00
SAO_7002-10,São Paulo,3550308,True,,33540,,,-23.590518,-46.76971475,,,,2,2023-06-19T02:19:40+00:00
SAO_7002-10,São Paulo,3550308,True,,33540,,,-23.586468,-46.750264,,,,2,2023-06-19T02:19:47+00:00
SAO_7002-10,São Paulo,3550308,True,,33540,,,-23.555136,-46.677518500000005,,,,2,2023-06-19T02:20:02+00:00
SAO_2678-10,São Paulo,3550308,True,,33151,,,-23.506049,-46.388675000000006,,,,2,2023-06-19T02:20:20+00:00
SAO_2678-10,São Paulo,3550308,True,,33151,,,-23.515611,-46.5204235,,,,2,2023-06-19T02:20:19+00:00
SAO_2678-10,São Paulo,3550308,True,,33151,,,-23.495269,-46.404499,,,,2,2023-06-19T02:20:04+00:00
SAO_2678-10,São Paulo,3550308,True,,33151,,,-23.537057,-46.5928495,,,,2,2023-06-19T02:19:52+00:00
SAO_2678-10,São Paulo,3550308,True,,33151,,,-23.537057,-46.5928495,,,,2,2023-06-19T02:20:17+00:00
SAO_2678-10,São Paulo,3550308,True,,33151,,,-23.4938845,-46.37678150000001,,,,2,2023-06-19T02:19:51+00:00
SAO_2678-10,São Paulo,3550308,True,,33151,,,-23.493128249999998,-46.376914875,,,,2,2023-06-19T02:19:38+00:00
SAO_6099-10,São Paulo,3550308,True,,1587,,,-23.8036885,-46.7348355,,,,1,2023-06-19T02:20:20+00:00
SAO_7011-10,São Paulo,3550308,True,,1952,,,-23.694290000000002,-46.779998,,,,1,2023-06-19T02:19:49+00:00
SAO_6L05-10,São Paulo,3550308,True,,33941,,,-23.828234000000002,-46.7270185,,,,2,2023-06-19T02:20:16+00:00
SAO_6L05-10,São Paulo,3550308,True,,33941,,,-23.87687675,-46.64925375,,,,2,2023-06-19T01:52:43+00:00
SAO_271M-10,São Paulo,3550308,True,,684,,,-23.50162425,-46.62357300000001,,,,1,2023-06-19T02:19:41+00:00
SAO_8060-10,São Paulo,3550308,True,EMTU,418,https://moovitapp.com/index/pt-br/transporte_p%C3%BAblico-line-418-Sao_Paulo-242-2038937-36419475-0,6.55,-23.509577,-46.75616275,,,,1,2023-06-19T02:19:54+00:00
SAO_8060-10,São Paulo,3550308,True,EMTU,418,https://moovitapp.com/index/pt-br/transporte_p%C3%BAblico-line-418-Sao_Paulo-242-2038937-36419475-0,6.55,-23.5021825,-46.760690499999995,,,,1,2023-06-19T02:20:07+00:00
SAO_2182-10,São Paulo,3550308,True,,33468,,,-23.534526,-46.6005005,,,,2,2023-06-19T02:19:45+00:00
SAO_2182-10,São Paulo,3550308,True,,33468,,,-23.4819775,-46.571059500000004,,,,2,2023-06-19T02:20:14+00:00
SAO_6012-10,São Paulo,3550308,True,,33972,,,-23.6943065,-46.7826135,,,,2,2023-06-19T02:19:41+00:00
SAO_6012-10,São Paulo,3550308,True,,33972,,,-23.67062,-46.739652500000005,,,,2,2023-06-19T02:20:17+00:00
SAO_6012-10,São Paulo,3550308,True,,33972,,,-23.65084425,-46.7014805,,,,2,2023-06-19T02:19:55+00:00
SAO_3725-41,São Paulo,3550308,True,,34299,,,-23.53810025,-46.5284965,,,,2,2023-06-19T02:19:50+00:00
SAO_677A-10,São Paulo,3550308,True,,34007,,,-23.6903555,-46.7743995,,,,2,2023-06-19T02:19:57+00:00
SAO_677A-10,São Paulo,3550308,True,,34007,,,-23.675822500000002,-46.752639,,,,2,2023-06-19T02:20:17+00:00
SAO_677A-10,São Paulo,3550308,True,,34007,,,-23.6186,-46.702291,,,,2,2023-06-19T02:19:59+00:00
SAO_677A-10,São Paulo,3550308,True,,34007,,,-23.689947,-46.7740025,,,,2,2023-06-19T02:20:18+00:00
SAO_6051-31,São Paulo,3550308,True,,34374,,,-23.7621455,-46.689133,,,,2,2023-06-19T02:20:22+00:00
SAO_6051-31,São Paulo,3550308,True,,34374,,,-23.7621455,-46.689133,,,,2,2023-06-19T02:20:10+00:00
SAO_9004-10,São Paulo,3550308,True,,33639,,,-23.475167499999998,-46.6699895,,,,2,2023-06-19T02:19:43+00:00
SAO_9004-10,São Paulo,3550308,True,,33639,,,-23.457446,-46.681489,,,,2,2023-06-19T02:20:10+00:00
SAO_5031-10,São Paulo,3550308,True,,34514,,,-23.603051999999998,-46.602856,,,,2,2023-06-19T02:19:40+00:00
SAO_5031-10,São Paulo,3550308,True,,34514,,,-23.612885,-46.594437,,,,2,2023-06-19T02:19:52+00:00
SAO_5031-10,São Paulo,3550308,True,,34514,,,-23.635791,-46.590753,,,,2,2023-06-19T02:19:44+00:00
SAO_5031-10,São Paulo,3550308,True,,34514,,,-23.627961,-46.59090975,,,,2,2023-06-19T02:20:19+00:00
SAO_5031-10,São Paulo,3550308,True,,34514,,,-23.620590999999997,-46.592048500000004,,,,2,2023-06-19T02:20:13+00:00
SAO_5031-10,São Paulo,3550308,True,,34514,,,-23.6365255,-46.5910045,,,,2,2023-06-19T02:20:10+00:00
SAO_5031-10,São Paulo,3550308,True,,34514,,,-23.6346085,-46.590081999999995,,,,2,2023-06-19T02:20:08+00:00
SAO_5031-10,São Paulo,3550308,True,,34514,,,-23.603051999999998,-46.602856,,,,2,2023-06-19T02:19:43+00:00
SAO_476G-41,São Paulo,3550308,True,,33880,,,-23.5784735,-46.609536,,,,2,2023-06-19T02:19:51+00:00
SAO_476G-41,São Paulo,3550308,True,,33880,,,-23.6016655,-46.539120499999996,,,,2,2023-06-19T02:19:35+00:00
SAO_2724-10,São Paulo,3550308,True,,938,,,-23.5396445,-46.483602,,,,1,2023-06-19T02:20:00+00:00
SAO_2724-10,São Paulo,3550308,True,,938,,,-23.5396445,-46.483602,,,,1,2023-06-19T02:20:00+00:00
SAO_2724-10,São Paulo,3550308,True,,938,,,-23.5396445,-46.483602,,,,1,2023-06-19T02:19:45+00:00
SAO_2724-10,São Paulo,3550308,True,,938,,,-23.5396445,-46.483602,,,,1,2023-06-19T02:20:02+00:00
SAO_2724-10,São Paulo,3550308,True,,938,,,-23.5396445,-46.483602,,,,1,2023-06-19T02:19:38+00:00
SAO_6013-10,São Paulo,3550308,True,,32954,,,-23.654,-46.7111995,,,,2,2023-06-19T02:20:00+00:00
SAO_6013-10,São Paulo,3550308,True,,32954,,,-23.6903555,-46.7743995,,,,2,2023-06-19T02:20:20+00:00
SAO_6013-10,São Paulo,3550308,True,,32954,,,-23.6506245,-46.733541,,,,2,2023-06-19T02:19:53+00:00
SAO_6013-10,São Paulo,3550308,True,,32954,,,-23.6997445,-46.763545,,,,2,2023-06-19T02:17:37+00:00
SAO_2100-21,São Paulo,3550308,True,,2528,,,-23.558827,-46.569246,,,,1,2023-06-19T02:19:58+00:00
SAO_2100-21,São Paulo,3550308,True,,2528,,,-23.5587215,-46.522659000000004,,,,1,2023-06-19T02:20:11+00:00
SAO_2100-21,São Paulo,3550308,True,,2528,,,-23.5491795,-46.6256985,,,,1,2023-06-19T02:20:03+00:00
SAO_756A-10,São Paulo,3550308,True,,33561,,,-23.598115999999997,-46.7961385,,,,2,2023-06-19T02:19:54+00:00
SAO_756A-10,São Paulo,3550308,True,,33561,,,-23.598115999999997,-46.7961385,,,,2,2023-06-19T02:19:51+00:00
SAO_756A-10,São Paulo,3550308,True,,33561,,,-23.618044,-46.70133775000001,,,,2,2023-06-19T02:20:00+00:00
SAO_756A-10,São Paulo,3550308,True,,33561,,,-23.600198,-46.747525499999995,,,,2,2023-06-19T02:19:58+00:00
SAO_756A-10,São Paulo,3550308,True,,33561,,,-23.598035,-46.795948,,,,2,2023-06-19T02:19:49+00:00
SAO_756A-10,São Paulo,3550308,True,,33561,,,-23.59473175,-46.77797075,,,,2,2023-06-19T02:20:06+00:00
SAO_1701-21,São Paulo,3550308,True,,35244,,,-23.455117,-46.5832165,,,,2,2023-06-19T02:16:56+00:00
SAO_1701-21,São Paulo,3550308,True,,35244,,,-23.4807045,-46.60357325,,,,2,2023-06-19T02:20:12+00:00
SAO_1701-21,São Paulo,3550308,True,,35244,,,-23.447903750000002,-46.57596337499999,,,,2,2023-06-19T02:19:54+00:00
SAO_6044-10,São Paulo,3550308,True,,1221,,,-23.64906275,-46.709715,,,,1,2023-06-19T02:20:11+00:00
SAO_6044-10,São Paulo,3550308,True,,1221,,,-23.659836,-46.7703075,,,,1,2023-06-19T02:20:21+00:00
SAO_172U-10,São Paulo,3550308,True,,33628,,,-23.484425,-46.6149805,,,,2,2023-06-19T02:20:02+00:00
SAO_172U-10,São Paulo,3550308,True,,33628,,,-23.457124,-46.593404,,,,2,2023-06-19T02:20:06+00:00
SAO_172U-10,São Paulo,3550308,True,,33628,,,-23.43716675,-46.56625975,,,,2,2023-06-19T02:20:05+00:00
SAO_172U-10,São Paulo,3550308,True,,33628,,,-23.556640625,-46.595336499999995,,,,2,2023-06-19T02:20:17+00:00
SAO_2002-10,São Paulo,3550308,True,,33479,,,-23.5468765,-46.629836,,,,2,2023-06-19T02:20:00+00:00
SAO_4115-10,São Paulo,3550308,True,,33090,,,-23.6002675,-46.62431125,,,,2,2023-06-19T02:20:19+00:00
SAO_3736-10,São Paulo,3550308,True,,33804,,,-23.5417095,-46.484257,,,,2,2023-06-19T02:20:00+00:00
SAO_3736-10,São Paulo,3550308,True,,33804,,,-23.568922999999998,-46.476055,,,,2,2023-06-19T02:20:04+00:00
SAO_3736-10,São Paulo,3550308,True,,33804,,,-23.5761605,-46.48341425,,,,2,2023-06-19T02:19:39+00:00
SAO_2767-10,São Paulo,3550308,True,,33009,,,-23.524152,-46.5485585,,,,2,2023-06-19T02:19:41+00:00
SAO_2767-10,São Paulo,3550308,True,,33009,,,-23.506508250000003,-46.4585765,,,,2,2023-06-19T02:20:15+00:00
SAO_8073-10,São Paulo,3550308,True,,34849,,,-23.599168,-46.766690999999994,,,,2,2023-06-19T02:19:46+00:00
SAO_8073-10,São Paulo,3550308,True,,34849,,,-23.5935695,-46.763892,,,,2,2023-06-19T02:20:22+00:00
SAO_8199-10,São Paulo,3550308,True,,33575,,,-23.468643,-46.7512295,,,,2,2023-06-19T02:19:37+00:00
SAO_8199-10,São Paulo,3550308,True,,33575,,,-23.468867000000003,-46.7510885,,,,2,2023-06-19T02:20:17+00:00
SAO_8199-10,São Paulo,3550308,True,,33575,,,-23.49746425,-46.697986,,,,2,2023-06-19T02:20:17+00:00
SAO_8199-10,São Paulo,3550308,True,,33575,,,-23.4833155,-46.743864,,,,2,2023-06-19T02:20:00+00:00
SAO_4113-10,São Paulo,3550308,True,,33536,,,-23.5692015,-46.626809249999994,,,,2,2023-06-19T02:20:05+00:00
SAO_4113-10,São Paulo,3550308,True,,33536,,,-23.6024155,-46.612331,,,,2,2023-06-19T02:20:20+00:00
SAO_4113-10,São Paulo,3550308,True,,33536,,,-23.565400124999996,-46.632430125,,,,2,2023-06-19T02:19:53+00:00
SAO_4113-10,São Paulo,3550308,True,,33536,,,-23.587885375,-46.610709375,,,,2,2023-06-19T02:19:53+00:00
SAO_4113-10,São Paulo,3550308,True,,33536,,,-23.568882000000002,-46.6271605,,,,2,2023-06-19T02:19:55+00:00
SAO_7059-10,São Paulo,3550308,True,,1924,,,-23.6310935,-46.773485,,,,1,2023-06-19T02:20:10+00:00
SAO_7059-10,São Paulo,3550308,True,,1924,,,-23.652925,-46.777986999999996,,,,1,2023-06-19T02:19:46+00:00
SAO_2059-10,São Paulo,3550308,True,,33028,,,-23.491025999999998,-46.441859,,,,2,2023-06-19T02:20:08+00:00
SAO_2059-10,São Paulo,3550308,True,,33028,,,-23.541188499999997,-46.412914,,,,2,2023-06-19T02:19:26+00:00
SAO_2059-10,São Paulo,3550308,True,,33028,,,-23.4984545,-46.440679,,,,2,2023-06-19T02:19:45+00:00
SAO_2010-10,São Paulo,3550308,True,,34872,,,-23.4826245,-46.569855000000004,,,,2,2023-06-19T02:18:38+00:00
SAO_3023-10,São Paulo,3550308,True,Urubupungá,960,https://moovitapp.com/index/pt-br/transporte_p%C3%BAblico-line-960-Sao_Paulo-242-873835-31663702-0,4.6,-23.563608000000002,-46.5053735,,,,1,2023-06-19T02:19:55+00:00
SAO_3023-10,São Paulo,3550308,True,Urubupungá,960,https://moovitapp.com/index/pt-br/transporte_p%C3%BAblico-line-960-Sao_Paulo-242-873835-31663702-0,4.6,-23.613128,-46.476665499999996,,,,1,2023-06-19T02:20:22+00:00
SAO_3023-10,São Paulo,3550308,True,Urubupungá,960,https://moovitapp.com/index/pt-br/transporte_p%C3%BAblico-line-960-Sao_Paulo-242-873835-31663702-0,4.6,-23.63368825,-46.472753250000004,,,,1,2023-06-19T02:20:17+00:00
SAO_6822-10,São Paulo,3550308,True,,32790,,,-23.646486,-46.77920075,,,,2,2023-06-19T02:20:12+00:00
SAO_6822-10,São Paulo,3550308,True,,32790,,,-23.65385975,-46.79008575,,,,2,2023-06-19T02:20:14+00:00
SAO_6039-10,São Paulo,3550308,True,,1217,,,-23.664255500000003,-46.78220875,,,,1,2023-06-19T02:20:05+00:00
SAO_6039-10,São Paulo,3550308,True,,1217,,,-23.651578750000002,-46.7089575,,,,1,2023-06-19T02:19:49+00:00
SAO_6014-10,São Paulo,3550308,True,,32956,,,-23.671832000000002,-46.741647,,,,2,2023-06-19T02:20:06+00:00
SAO_6014-10,São Paulo,3550308,True,,32956,,,-23.730014500000003,-46.790799,,,,2,2023-06-19T02:20:19+00:00
SAO_6014-10,São Paulo,3550308,True,,32956,,,-23.65811275,-46.70672275,,,,2,2023-06-19T02:20:20+00:00
SAO_6014-10,São Paulo,3550308,True,,32956,,,-23.742005499999998,-46.80109,,,,2,2023-06-19T02:20:16+00:00
SAO_748R-10,São Paulo,3550308,True,EMTU,501,https://moovitapp.com/index/pt-br/transporte_p%C3%BAblico-line-501-Sao_Paulo-242-2038937-36419526-0,7.55,-23.540802,-46.717484999999996,,,,1,2023-06-19T02:19:43+00:00
SAO_748R-10,São Paulo,3550308,True,EMTU,501,https://moovitapp.com/index/pt-br/transporte_p%C3%BAblico-line-501-Sao_Paulo-242-2038937-36419526-0,7.55,-23.5998095,-46.7914545,,,,1,2023-06-19T02:19:45+00:00
SAO_938V-10,São Paulo,3550308,True,STT,813,https://moovitapp.com/index/pt-br/transporte_p%C3%BAblico-line-813-Sao_Paulo-242-850661-183360-0,5.3,-23.529217,-46.676480999999995,,,,1,2023-06-19T02:18:16+00:00
SAO_938V-10,São Paulo,3550308,True,STT,813,https://moovitapp.com/index/pt-br/transporte_p%C3%BAblico-line-813-Sao_Paulo-242-850661-183360-0,5.3,-23.5149045,-46.698296,,,,1,2023-06-19T02:19:50+00:00
SAO_938V-10,São Paulo,3550308,True,STT,813,https://moovitapp.com/index/pt-br/transporte_p%C3%BAblico-line-813-Sao_Paulo-242-850661-183360-0,5.3,-23.481716999999996,-46.68402025,,,,1,2023-06-19T02:20:15+00:00
SAO_6812-10,São Paulo,3550308,True,,34010,,,-23.73195075,-46.790341,,,,2,2023-06-19T02:20:06+00:00
SAO_6812-10,São Paulo,3550308,True,,34010,,,-23.667188,-46.72773325,,,,2,2023-06-19T02:20:06+00:00
SAO_6812-10,São Paulo,3550308,True,,34010,,,-23.65084425,-46.7014805,,,,2,2023-06-19T02:20:07+00:00
SAO_407N-10,São Paulo,3550308,True,,2169,,,-23.594973,-46.440048000000004,,,,1,2023-06-19T02:20:05+00:00
SAO_407N-10,São Paulo,3550308,True,,2169,,,-23.5399025,-46.5415365,,,,1,2023-06-19T02:20:09+00:00
SAO_271P-10,São Paulo,3550308,True,,33472,,,-23.535142625,-46.58197975,,,,2,2023-06-19T02:19:49+00:00
SAO_271P-10,São Paulo,3550308,True,,33472,,,-23.533472250000003,-46.565054,,,,2,2023-06-19T02:19:54+00:00
SAO_8100-10,São Paulo,3550308,True,,1262,,,-23.496635750000003,-46.728069999999995,,,,1,2023-06-19T02:20:13+00:00
SAO_8100-10,São Paulo,3550308,True,,1262,,,-23.4859945,-46.7259765,,,,1,2023-06-19T02:19:37+00:00
SAO_2060-10,São Paulo,3550308,True,EMTU,134,https://moovitapp.com/index/pt-br/transporte_p%C3%BAblico-line-134-Sao_Paulo-242-2038937-36419287-0,5.2,-23.5224935,-46.458061,,,,1,2023-06-19T02:20:03+00:00
SAO_2060-10,São Paulo,3550308,True,EMTU,134,https://moovitapp.com/index/pt-br/transporte_p%C3%BAblico-line-134-Sao_Paulo-242-2038937-36419287-0,5.2,-23.518385000000002,-46.475624499999995,,,,1,2023-06-19T02:20:06+00:00
SAO_2060-10,São Paulo,3550308,True,EMTU,134,https://moovitapp.com/index/pt-br/transporte_p%C3%BAblico-line-134-Sao_Paulo-242-2038937-36419287-0,5.2,-23.523728499999997,-46.47482050000001,,,,1,2023-06-19T02:20:05+00:00
SAO_8000-1,São Paulo,3550308,True,,2506,,,-23.520449499999998,-46.6996115,,,,1,2023-06-19T02:19:52+00:00
SAO_8000-1,São Paulo,3550308,True,,2506,,,-23.534374125000003,-46.654653249999996,,,,1,2023-06-19T02:19:51+00:00
SAO_8000-1,São Paulo,3550308,True,,2506,,,-23.520449499999998,-46.6996115,,,,1,2023-06-19T02:19:46+00:00
SAO_8000-1,São Paulo,3550308,True,,2506,,,-23.520449499999998,-46.6996115,,,,1,2023-06-19T02:20:17+00:00
SAO_8000-1,São Paulo,3550308,True,,2506,,,-23.544515125,-46.644026874999994,,,,1,2023-06-19T02:19:38+00:00
SAO_1896-10,São Paulo,3550308,True,,35288,,,-23.4445205,-46.753388,,,,2,2023-06-19T02:19:58+00:00
SAO_1896-10,São Paulo,3550308,True,,35288,,,-23.525452,-46.681762,,,,2,2023-06-19T02:20:08+00:00
SAO_1896-10,São Paulo,3550308,True,,35288,,,-23.4465835,-46.747575499999996,,,,2,2023-06-19T02:20:00+00:00
SAO_1896-10,São Paulo,3550308,True,,35288,,,-23.542474749999997,-46.64009975,,,,2,2023-06-19T02:20:01+00:00
SAO_1896-10,São Paulo,3550308,True,,35288,,,-23.540844,-46.6430345,,,,2,2023-06-19T02:20:22+00:00
SAO_364A-10,São Paulo,3550308,True,,34014,,,-23.563361999999998,-46.5018435,,,,2,2023-06-19T02:20:20+00:00
SAO_364A-10,São Paulo,3550308,True,,34014,,,-23.581541,-46.5641285,,,,2,2023-06-19T02:20:11+00:00
SAO_364A-10,São Paulo,3550308,True,,34014,,,-23.5997585,-46.513968,,,,2,2023-06-19T02:20:10+00:00
SAO_364A-10,São Paulo,3550308,True,,34014,,,-23.5847285,-46.611627500000004,,,,2,2023-06-19T02:19:43+00:00
SAO_177H-21,São Paulo,3550308,True,,631,,,-23.51108775,-46.65928650000001,,,,1,2023-06-19T02:20:18+00:00
SAO_177H-21,São Paulo,3550308,True,,631,,,-23.55715,-46.680869625,,,,1,2023-06-19T02:19:43+00:00
SAO_5194-21,São Paulo,3550308,True,,2095,,,-23.631880250000002,-46.66903225,,,,1,2023-06-19T02:20:13+00:00
SAO_5194-21,São Paulo,3550308,True,,2095,,,-23.697807,-46.648238500000005,,,,1,2023-06-19T02:19:29+00:00
SAO_172X-10,São Paulo,3550308,True,,861,,,-23.51602025,-46.568102999999994,,,,1,2023-06-19T02:19:43+00:00
SAO_172X-10,São Paulo,3550308,True,,861,,,-23.533634749999997,-46.57560125,,,,1,2023-06-19T02:19:45+00:00
SAO_6L10-10,São Paulo,3550308,True,,33927,,,-23.7705305,-46.7172765,,,,2,2023-06-19T02:20:21+00:00
SAO_6L03-10,São Paulo,3550308,True,,34333,,,-23.87984825,-46.777814750000005,,,,2,2023-06-19T02:19:51+00:00
SAO_6840-10,São Paulo,3550308,True,EMTU,201,https://moovitapp.com/index/pt-br/transporte_p%C3%BAblico-line-201-Sao_Paulo-242-2038937-58093160-0,20.4,-23.7309495,-46.785837,,,,1,2023-06-19T02:19:45+00:00
SAO_6840-10,São Paulo,3550308,True,EMTU,201,https://moovitapp.com/index/pt-br/transporte_p%C3%BAblico-line-201-Sao_Paulo-242-2038937-58093160-0,20.4,-23.654173,-46.762701500000006,,,,1,2023-06-19T02:20:15+00:00
SAO_6078-10,São Paulo,3550308,True,,33934,,,-23.753355499999998,-46.6885065,,,,2,2023-06-19T02:19:58+00:00
SAO_6078-10,São Paulo,3550308,True,,33934,,,-23.68196475,-46.689499,,,,2,2023-06-19T02:20:01+00:00
SAO_2016-10,São Paulo,3550308,True,,902,,,-23.492955749999997,-46.38877037500001,,,,1,2023-06-19T02:19:43+00:00
SAO_2016-10,São Paulo,3550308,True,,902,,,-23.496925,-46.437104,,,,1,2023-06-19T02:20:19+00:00
SAO_4029-10,São Paulo,3550308,True,,1099,,,-23.596925625,-46.5294255,,,,1,2023-06-19T02:20:17+00:00
SAO_4029-10,São Paulo,3550308,True,,1099,,,-23.5809745,-46.556946999999994,,,,1,2023-06-19T02:20:00+00:00
SAO_4029-10,São Paulo,3550308,True,,1099,,,-23.61286825,-46.4919015,,,,1,2023-06-19T02:20:18+00:00
SAO_847P-10,São Paulo,3550308,True,,423,,,-23.486878500000003,-46.7265645,,,,1,2023-06-19T02:19:49+00:00
SAO_847P-10,São Paulo,3550308,True,,423,,,-23.584650000000003,-46.683251999999996,,,,1,2023-06-19T02:20:18+00:00
SAO_847P-10,São Paulo,3550308,True,,423,,,-23.4979585,-46.7069405,,,,1,2023-06-19T02:19:45+00:00
SAO_847P-10,São Paulo,3550308,True,,423,,,-23.4861505,-46.7258785,,,,1,2023-06-19T02:20:22+00:00
SAO_1703-10,São Paulo,3550308,True,,847,,,-23.495365,-46.6119955,,,,1,2023-06-19T02:19:43+00:00
SAO_1703-10,São Paulo,3550308,True,,847,,,-23.4355275,-46.5734135,,,,1,2023-06-19T02:20:01+00:00
SAO_874C-10,São Paulo,3550308,True,,477,,,-23.5357,-46.710699,,,,1,2023-06-19T02:20:21+00:00
SAO_874C-10,São Paulo,3550308,True,,477,,,-23.559713875,-46.658542000000004,,,,1,2023-06-19T02:20:08+00:00
SAO_5614-21,São Paulo,3550308,True,,2464,,,-23.5975565,-46.650589,,,,1,2023-06-19T02:19:44+00:00
SAO_5614-21,São Paulo,3550308,True,,2464,,,-23.6923805,-46.677769,,,,1,2023-06-19T02:20:07+00:00
SAO_5614-21,São Paulo,3550308,True,,2464,,,-23.697448,-46.6487755,,,,1,2023-06-19T02:20:11+00:00
SAO_4052-10,São Paulo,3550308,True,,34913,,,-23.534018000000003,-46.429228499999994,,,,2,2023-06-19T02:19:57+00:00
SAO_4052-10,São Paulo,3550308,True,,34913,,,-23.542444,-46.416917999999995,,,,2,2023-06-19T02:20:08+00:00
SAO_9009-10,São Paulo,3550308,True,,877,,,-23.447775,-46.708842000000004,,,,1,2023-06-19T02:19:40+00:00
SAO_9009-10,São Paulo,3550308,True,,877,,,-23.455257625,-46.6946565,,,,1,2023-06-19T02:19:45+00:00
SAO_6027-10,São Paulo,3550308,True,,32858,,,-23.72348275,-46.670784999999995,,,,2,2023-06-19T02:19:57+00:00
SAO_6027-10,São Paulo,3550308,True,,32858,,,-23.72318425,-46.670979,,,,2,2023-06-19T02:20:15+00:00
SAO_6027-10,São Paulo,3550308,True,,32858,,,-23.6623855,-46.706838125000004,,,,2,2023-06-19T02:20:04+00:00
SAO_6027-10,São Paulo,3550308,True,,32858,,,-23.7218025,-46.69073675,,,,2,2023-06-19T02:19:47+00:00
SAO_6049-10,São Paulo,3550308,True,,1309,,,-23.69435,-46.794564,,,,1,2023-06-19T02:20:16+00:00
SAO_6049-10,São Paulo,3550308,True,,1309,,,-23.651546,-46.707913,,,,1,2023-06-19T02:19:57+00:00
SAO_1732-10,São Paulo,3550308,True,,671,,,-23.487852,-46.5743735,,,,1,2023-06-19T02:19:39+00:00
SAO_1732-10,São Paulo,3550308,True,,671,,,-23.5282,-46.648228625,,,,1,2023-06-19T02:20:04+00:00
SAO_1732-10,São Paulo,3550308,True,,671,,,-23.483104500000003,-46.586163,,,,1,2023-06-19T02:20:06+00:00
SAO_3462-10,São Paulo,3550308,True,EMTU,247,https://moovitapp.com/index/pt-br/transporte_p%C3%BAblico-line-247-Sao_Paulo-242-2038937-36419359-0,6.55,-23.533326000000002,-46.468719,,,,1,2023-06-19T02:19:56+00:00
SAO_9300-10,São Paulo,3550308,True,EMTU,116,https://moovitapp.com/index/pt-br/transporte_p%C3%BAblico-line-116-Sao_Paulo-242-2038937-36419276-0,12.1,-23.546077500000003,-46.631047,,,,1,2023-06-19T02:19:40+00:00
SAO_3762-10,São Paulo,3550308,True,,33821,,,-23.5909755,-46.5166185,,,,2,2023-06-19T02:19:45+00:00
SAO_3762-10,São Paulo,3550308,True,,33821,,,-23.563752,-46.543435,,,,2,2023-06-19T02:19:56+00:00
SAO_6039-10,São Paulo,3550308,True,,33985,,,-23.685482999999998,-46.800789249999994,,,,2,2023-06-19T02:19:59+00:00
SAO_6039-10,São Paulo,3550308,True,,33985,,,-23.649382375000002,-46.755310249999994,,,,2,2023-06-19T02:19:57+00:00
SAO_2290-10,São Paulo,3550308,True,,33486,,,-23.6135545,-46.476344499999996,,,,2,2023-06-19T02:20:11+00:00
SAO_2290-10,São Paulo,3550308,True,,33486,,,-23.6127315,-46.476122000000004,,,,2,2023-06-19T02:19:45+00:00
SAO_2290-10,São Paulo,3550308,True,,33486,,,-23.6136555,-46.476372999999995,,,,2,2023-06-19T02:19:44+00:00
SAO_2290-10,São Paulo,3550308,True,,33486,,,-23.5371585,-46.593795125,,,,2,2023-06-19T02:19:47+00:00
SAO_719R-10,São Paulo,3550308,True,EMTU,469,https://moovitapp.com/index/pt-br/transporte_p%C3%BAblico-line-469-Sao_Paulo-242-2038937-36419507-0,5.4,-23.534007000000003,-46.652626999999995,,,,1,2023-06-19T02:19:41+00:00
SAO_719R-10,São Paulo,3550308,True,EMTU,469,https://moovitapp.com/index/pt-br/transporte_p%C3%BAblico-line-469-Sao_Paulo-242-2038937-36419507-0,5.4,-23.5629095,-46.7470515,,,,1,2023-06-19T02:19:40+00:00
SAO_6063-42,São Paulo,3550308,True,,34770,,,-23.809403,-46.6612485,,,,2,2023-06-19T02:19:43+00:00
SAO_271A-10,São Paulo,3550308,True,STT,702,https://moovitapp.com/index/pt-br/transporte_p%C3%BAblico-line-702-Sao_Paulo-242-850661-641780-0,5.3,-23.501680999999998,-46.6125295,,,,1,2023-06-19T02:19:57+00:00
SAO_271A-10,São Paulo,3550308,True,STT,702,https://moovitapp.com/index/pt-br/transporte_p%C3%BAblico-line-702-Sao_Paulo-242-850661-641780-0,5.3,-23.518916500000003,-46.546872500000006,,,,1,2023-06-19T02:20:03+00:00
SAO_746C-10,São Paulo,3550308,True,STT,783,https://moovitapp.com/index/pt-br/transporte_p%C3%BAblico-line-783-Sao_Paulo-242-850661-183351-0,5.3,-23.6497455,-46.708454,,,,1,2023-06-19T02:19:53+00:00
SAO_746C-10,São Paulo,3550308,True,STT,783,https://moovitapp.com/index/pt-br/transporte_p%C3%BAblico-line-783-Sao_Paulo-242-850661-183351-0,5.3,-23.650086,-46.7077355,,,,1,2023-06-19T02:19:07+00:00
SAO_746C-10,São Paulo,3550308,True,STT,783,https://moovitapp.com/index/pt-br/transporte_p%C3%BAblico-line-783-Sao_Paulo-242-850661-183351-0,5.3,-23.617186250000003,-46.74299875,,,,1,2023-06-19T02:19:56+00:00
SAO_6014-10,São Paulo,3550308,True,,188,,,-23.741947500000002,-46.801043,,,,1,2023-06-19T02:20:18+00:00
SAO_6014-10,São Paulo,3550308,True,,188,,,-23.741947500000002,-46.801043,,,,1,2023-06-19T02:19:40+00:00
SAO_6052-31,São Paulo,3550308,True,,34600,,,-23.775509999999997,-46.691679,,,,2,2023-06-19T02:20:02+00:00
SAO_4709-10,São Paulo,3550308,True,,33101,,,-23.653594,-46.6082155,,,,2,2023-06-19T02:19:56+00:00
SAO_4709-10,São Paulo,3550308,True,,33101,,,-23.5894755,-46.633868,,,,2,2023-06-19T02:20:15+00:00
SAO_4709-10,São Paulo,3550308,True,,33101,,,-23.59897925,-46.62509475,,,,2,2023-06-19T02:20:11+00:00
SAO_4709-10,São Paulo,3550308,True,,33101,,,-23.5894755,-46.633868,,,,2,2023-06-19T02:19:47+00:00
SAO_4709-10,São Paulo,3550308,True,,33101,,,-23.5894755,-46.633868,,,,2,2023-06-19T02:19:49+00:00
SAO_4709-10,São Paulo,3550308,True,,33101,,,-23.5894755,-46.633868,,,,2,2023-06-19T02:19:38+00:00
SAO_4709-10,São Paulo,3550308,True,,33101,,,-23.5894755,-46.633868,,,,2,2023-06-19T02:20:17+00:00
SAO_4709-10,São Paulo,3550308,True,,33101,,,-23.5894755,-46.633868,,,,2,2023-06-19T02:20:14+00:00
SAO_4709-10,São Paulo,3550308,True,,33101,,,-23.5894755,-46.633868,,,,2,2023-06-19T02:19:44+00:00
SAO_4709-10,São Paulo,3550308,True,,33101,,,-23.653473499999997,-46.608090000000004,,,,2,2023-06-19T02:19:52+00:00
SAO_4709-10,São Paulo,3550308,True,,33101,,,-23.5894755,-46.633868,,,,2,2023-06-19T02:20:08+00:00
SAO_4709-10,São Paulo,3550308,True,,33101,,,-23.5894755,-46.633868,,,,2,2023-06-19T02:20:21+00:00
SAO_4311-10,São Paulo,3550308,True,,34939,,,-23.6135545,-46.476344499999996,,,,2,2023-06-19T02:20:16+00:00
SAO_4311-10,São Paulo,3550308,True,,34939,,,-23.6131485,-46.4762315,,,,2,2023-06-19T02:19:53+00:00
SAO_4311-10,São Paulo,3550308,True,,34939,,,-23.53644075,-46.555268999999996,,,,2,2023-06-19T02:20:15+00:00
SAO_4311-10,São Paulo,3550308,True,,34939,,,-23.612947,-46.476177500000006,,,,2,2023-06-19T02:20:17+00:00
SAO_4311-10,São Paulo,3550308,True,,34939,,,-23.5473415,-46.629296499999995,,,,2,2023-06-19T02:20:03+00:00
SAO_2780-10,São Paulo,3550308,True,,33167,,,-23.50494725,-46.389699,,,,2,2023-06-19T02:19:39+00:00
SAO_2780-10,São Paulo,3550308,True,,33167,,,-23.5210645,-46.441967500000004,,,,2,2023-06-19T02:20:13+00:00
SAO_373T-10,São Paulo,3550308,True,,33859,,,-23.584488999999998,-46.5419055,,,,2,2023-06-19T02:19:53+00:00
SAO_373T-10,São Paulo,3550308,True,,33859,,,-23.592867,-46.519727,,,,2,2023-06-19T02:19:47+00:00
SAO_373T-10,São Paulo,3550308,True,,33859,,,-23.5941885,-46.498267,,,,2,2023-06-19T02:20:11+00:00
SAO_373T-10,São Paulo,3550308,True,,33859,,,-23.555388999999998,-46.600162999999995,,,,2,2023-06-19T02:20:13+00:00
SAO_373T-10,São Paulo,3550308,True,,33859,,,-23.5469055,-46.6063945,,,,2,2023-06-19T02:20:11+00:00
SAO_6824-10,São Paulo,3550308,True,BR7 Mobilidade,23,https://moovitapp.com/index/pt-br/transporte_p%C3%BAblico-line-23-Sao_Paulo-242-851856-518590-0,5.75,-23.659789500000002,-46.775850000000005,,,,1,2023-06-19T02:19:52+00:00
SAO_6034-10,São Paulo,3550308,True,,32863,,,-23.7495415,-46.66525275000001,,,,2,2023-06-19T02:20:08+00:00
SAO_6034-10,São Paulo,3550308,True,,32863,,,-23.747251499999997,-46.669180499999996,,,,2,2023-06-19T02:19:56+00:00
SAO_9090-10,São Paulo,3550308,True,,33652,,,-23.4686075,-46.670148499999996,,,,2,2023-06-19T02:20:04+00:00
SAO_9090-10,São Paulo,3550308,True,,33652,,,-23.462758625,-46.676424874999995,,,,2,2023-06-19T02:19:49+00:00
SAO_6034-10,São Paulo,3550308,True,,95,,,-23.740009,-46.6914985,,,,1,2023-06-19T02:20:05+00:00
SAO_775A-10,São Paulo,3550308,True,,33241,,,-23.578993500000003,-46.74604050000001,,,,2,2023-06-19T02:20:16+00:00
SAO_775A-10,São Paulo,3550308,True,,33241,,,-23.5623195,-46.7647105,,,,2,2023-06-19T02:20:20+00:00
SAO_775A-10,São Paulo,3550308,True,,33241,,,-23.562497999999998,-46.764742999999996,,,,2,2023-06-19T02:19:40+00:00
SAO_6080-10,São Paulo,3550308,True,,1168,,,-23.675117999999998,-46.678625,,,,1,2023-06-19T02:20:14+00:00
SAO_6080-10,São Paulo,3550308,True,,1168,,,-23.747036,-46.687847500000004,,,,1,2023-06-19T02:19:50+00:00
SAO_6080-10,São Paulo,3550308,True,,1168,,,-23.759863000000003,-46.677721,,,,1,2023-06-19T02:20:15+00:00
SAO_3902-10,São Paulo,3550308,True,,34238,,,-23.485104,-46.384288999999995,,,,2,2023-06-19T02:20:13+00:00
SAO_3902-10,São Paulo,3550308,True,,34238,,,-23.5057435,-46.4113465,,,,2,2023-06-19T02:20:06+00:00
SAO_3902-10,São Paulo,3550308,True,,34238,,,-23.485104,-46.384288999999995,,,,2,2023-06-19T02:19:00+00:00
SAO_3902-10,São Paulo,3550308,True,,34238,,,-23.543284,-46.411506,,,,2,2023-06-19T02:20:11+00:00
SAO_605A-10,São Paulo,3550308,True,,35290,,,-23.6494365,-46.6320625,,,,2,2023-06-19T02:20:15+00:00
SAO_605A-10,São Paulo,3550308,True,,35290,,,-23.6494365,-46.6320625,,,,2,2023-06-19T02:20:05+00:00
SAO_1705-10,São Paulo,3550308,True,,33617,,,-23.434339,-46.58389525,,,,2,2023-06-19T02:19:39+00:00
SAO_1705-10,São Paulo,3550308,True,,33617,,,-23.434097,-46.583839749999996,,,,2,2023-06-19T02:19:03+00:00
SAO_1705-10,São Paulo,3550308,True,,33617,,,-23.464100000000002,-46.59585,,,,2,2023-06-19T02:19:36+00:00
SAO_507T-10,São Paulo,3550308,True,,34976,,,-23.579614,-46.5178865,,,,2,2023-06-19T02:19:57+00:00
SAO_507T-10,São Paulo,3550308,True,,34976,,,-23.604737,-46.5034865,,,,2,2023-06-19T02:19:55+00:00
SAO_507T-10,São Paulo,3550308,True,,34976,,,-23.613987,-46.5014315,,,,2,2023-06-19T02:20:20+00:00
SAO_507T-10,São Paulo,3550308,True,,34976,,,-23.6139405,-46.501206499999995,,,,2,2023-06-19T02:20:18+00:00
SAO_3054-10,São Paulo,3550308,True,,33743,,,-23.609623,-46.4081455,,,,2,2023-06-19T02:20:17+00:00
SAO_3054-10,São Paulo,3550308,True,,33743,,,-23.609925,-46.407969,,,,2,2023-06-19T02:20:12+00:00
SAO_3054-10,São Paulo,3550308,True,,33743,,,-23.5949945,-46.45014975,,,,2,2023-06-19T02:20:00+00:00
SAO_3054-10,São Paulo,3550308,True,,975,,,-23.603000375,-46.482178875,,,,1,2023-06-19T02:20:14+00:00
SAO_3054-10,São Paulo,3550308,True,,975,,,-23.609925,-46.407969,,,,1,2023-06-19T02:20:20+00:00
SAO_3054-10,São Paulo,3550308,True,,975,,,-23.61071875,-46.49325225,,,,1,2023-06-19T02:20:05+00:00
SAO_3054-10,São Paulo,3550308,True,,975,,,-23.5941915,-46.420338,,,,1,2023-06-19T02:20:06+00:00
SAO_5702-10,São Paulo,3550308,True,,1137,,,-23.698729999999998,-46.6457525,,,,1,2023-06-19T02:19:38+00:00
SAO_5702-10,São Paulo,3550308,True,,1137,,,-23.695983,-46.6431775,,,,1,2023-06-19T02:20:18+00:00
SAO_809P-10,São Paulo,3550308,True,,34659,,,-23.6313825,-46.77286,,,,2,2023-06-19T02:19:56+00:00
SAO_809P-10,São Paulo,3550308,True,,34659,,,-23.610879,-46.7530665,,,,2,2023-06-19T02:19:41+00:00
SAO_809P-10,São Paulo,3550308,True,,34659,,,-23.6313825,-46.77286,,,,2,2023-06-19T02:20:08+00:00
SAO_809P-10,São Paulo,3550308,True,,34659,,,-23.572976750000002,-46.705288499999995,,,,2,2023-06-19T02:20:09+00:00
SAO_7458-10,São Paulo,3550308,True,EMTU,496,https://moovitapp.com/index/pt-br/transporte_p%C3%BAblico-line-496-Sao_Paulo-242-2038937-36419521-0,5.4,-23.5865255,-46.757533499999994,,,,1,2023-06-19T02:20:19+00:00
SAO_778R-10,São Paulo,3550308,True,,33277,,,-23.583383249999997,-46.777898500000006,,,,2,2023-06-19T02:19:39+00:00
SAO_778R-10,São Paulo,3550308,True,,33277,,,-23.568035000000002,-46.685206,,,,2,2023-06-19T02:19:45+00:00
SAO_778R-10,São Paulo,3550308,True,,33277,,,-23.585870999999997,-46.8051445,,,,2,2023-06-19T02:19:49+00:00
SAO_778R-10,São Paulo,3550308,True,,33277,,,-23.585532999999998,-46.8056635,,,,2,2023-06-19T02:20:09+00:00
SAO_3721-41,São Paulo,3550308,True,,34461,,,-23.5422065,-46.481343499999994,,,,2,2023-06-19T02:20:00+00:00
SAO_3721-41,São Paulo,3550308,True,,34461,,,-23.5528485,-46.492056500000004,,,,2,2023-06-19T02:19:51+00:00
SAO_3721-41,São Paulo,3550308,True,,34461,,,-23.563325499999998,-46.5007915,,,,2,2023-06-19T02:19:55+00:00
SAO_3721-41,São Paulo,3550308,True,,34461,,,-23.5632565,-46.500804,,,,2,2023-06-19T02:20:00+00:00
SAO_2014-10,São Paulo,3550308,True,,33668,,,-23.457437,-46.670062,,,,2,2023-06-19T02:19:47+00:00
SAO_2014-10,São Paulo,3550308,True,,33668,,,-23.45342375,-46.67121625,,,,2,2023-06-19T02:20:05+00:00
SAO_2014-10,São Paulo,3550308,True,,33668,,,-23.453947499999998,-46.669285,,,,2,2023-06-19T02:19:49+00:00
SAO_2014-10,São Paulo,3550308,True,,33668,,,-23.5026565,-46.66232600000001,,,,2,2023-06-19T02:20:22+00:00
SAO_5024-31,São Paulo,3550308,True,,33891,,,-23.688333,-46.6635375,,,,2,2023-06-19T02:19:02+00:00
SAO_5024-31,São Paulo,3550308,True,,33891,,,-23.653215125000003,-46.702096749999995,,,,2,2023-06-19T02:19:53+00:00
SAO_5024-31,São Paulo,3550308,True,,33891,,,-23.677691000000003,-46.685349,,,,2,2023-06-19T02:20:21+00:00
SAO_546T-10,São Paulo,3550308,True,,33040,,,-23.70254225,-46.628068625,,,,2,2023-06-19T02:17:33+00:00
SAO_546T-10,São Paulo,3550308,True,,33040,,,-23.67548925,-46.685847499999994,,,,2,2023-06-19T02:20:06+00:00
SAO_546T-10,São Paulo,3550308,True,,33040,,,-23.6866635,-46.6809535,,,,2,2023-06-19T02:20:15+00:00
SAO_546T-10,São Paulo,3550308,True,,33040,,,-23.700766,-46.6397865,,,,2,2023-06-19T02:20:19+00:00
SAO_546T-10,São Paulo,3550308,True,,33040,,,-23.658759,-46.698775999999995,,,,2,2023-06-19T02:19:53+00:00
SAO_8700-1,São Paulo,3550308,True,,2508,,,-23.554608875,-46.661478875,,,,1,2023-06-19T02:19:56+00:00
SAO_6092-10,São Paulo,3550308,True,,1177,,,-23.7618975,-46.685032,,,,1,2023-06-19T02:19:56+00:00
SAO_9181-10,São Paulo,3550308,True,,33653,,,-23.457219000000002,-46.696751,,,,2,2023-06-19T02:20:08+00:00
SAO_9181-10,São Paulo,3550308,True,,33653,,,-23.48321,-46.68736175,,,,2,2023-06-19T02:20:06+00:00
SAO_8013-10,São Paulo,3550308,True,,800,,,-23.431413,-46.7872125,,,,1,2023-06-19T02:20:14+00:00
SAO_8013-10,São Paulo,3550308,True,,800,,,-23.431413,-46.7872125,,,,1,2023-06-19T02:20:18+00:00
SAO_8013-10,São Paulo,3550308,True,,800,,,-23.50888975,-46.7347195,,,,1,2023-06-19T02:19:13+00:00
SAO_8013-10,São Paulo,3550308,True,,800,,,-23.431413,-46.7872125,,,,1,2023-06-19T02:20:00+00:00
SAO_311C-10,São Paulo,3550308,True,,33077,,,-23.539061,-46.608076,,,,2,2023-06-19T02:20:07+00:00
SAO_311C-10,São Paulo,3550308,True,,33077,,,-23.594777,-46.5478045,,,,2,2023-06-19T02:19:39+00:00
SAO_311C-10,São Paulo,3550308,True,,33077,,,-23.594777,-46.5478045,,,,2,2023-06-19T02:20:19+00:00
SAO_6450-10,São Paulo,3550308,True,,59,,,-23.653924500000002,-46.7627265,,,,1,2023-06-19T02:20:08+00:00
SAO_6450-10,São Paulo,3550308,True,,59,,,-23.597225,-46.673752,,,,1,2023-06-19T02:20:21+00:00
SAO_6450-10,São Paulo,3550308,True,,59,,,-23.6449335,-46.71808575,,,,1,2023-06-19T02:20:11+00:00
SAO_6450-10,São Paulo,3550308,True,,59,,,-23.573410250000002,-46.6661795,,,,1,2023-06-19T02:19:44+00:00
SAO_978A-10,São Paulo,3550308,True,,34137,,,-23.491898499999998,-46.685184,,,,2,2023-06-19T02:19:49+00:00
SAO_978A-10,São Paulo,3550308,True,,34137,,,-23.5195945,-46.67352125,,,,2,2023-06-19T02:20:01+00:00
SAO_2004-10,São Paulo,3550308,True,,892,,,-23.519621,-46.383444499999996,,,,1,2023-06-19T02:16:34+00:00
SAO_2004-10,São Paulo,3550308,True,,892,,,-23.5416465,-46.416104000000004,,,,1,2023-06-19T02:20:13+00:00
SAO_2004-10,São Paulo,3550308,True,,892,,,-23.53283825,-46.398762500000004,,,,1,2023-06-19T02:18:23+00:00
SAO_736I-10,São Paulo,3550308,True,STT,781,https://moovitapp.com/index/pt-br/transporte_p%C3%BAblico-line-781-Sao_Paulo-242-850661-183349-0,5.3,-23.6498405,-46.707801,,,,1,2023-06-19T02:20:01+00:00
SAO_736I-10,São Paulo,3550308,True,STT,781,https://moovitapp.com/index/pt-br/transporte_p%C3%BAblico-line-781-Sao_Paulo-242-850661-183349-0,5.3,-23.643456999999998,-46.7356385,,,,1,2023-06-19T02:19:53+00:00
SAO_736I-10,São Paulo,3550308,True,STT,781,https://moovitapp.com/index/pt-br/transporte_p%C3%BAblico-line-781-Sao_Paulo-242-850661-183349-0,5.3,-23.64951875,-46.70788325,,,,1,2023-06-19T02:19:53+00:00
SAO_175T-10,São Paulo,3550308,True,,33391,,,-23.6539315,-46.637958,,,,2,2023-06-19T02:20:20+00:00
SAO_175T-10,São Paulo,3550308,True,,33391,,,-23.63355,-46.6473285,,,,2,2023-06-19T02:19:55+00:00
SAO_175T-10,São Paulo,3550308,True,,33391,,,-23.5820685,-46.65085575,,,,2,2023-06-19T02:20:19+00:00
SAO_9023-10,São Paulo,3550308,True,,1437,,,-23.4481065,-46.716472499999995,,,,1,2023-06-19T02:19:38+00:00
SAO_848L-10,São Paulo,3550308,True,EMTU,808,https://moovitapp.com/index/pt-br/transporte_p%C3%BAblico-line-808-Sao_Paulo-242-2038937-36419584-0,4.8,-23.486277,-46.726815875,,,,1,2023-06-19T02:20:06+00:00
SAO_848L-10,São Paulo,3550308,True,EMTU,808,https://moovitapp.com/index/pt-br/transporte_p%C3%BAblico-line-808-Sao_Paulo-242-2038937-36419584-0,4.8,-23.4262215,-46.7260845,,,,1,2023-06-19T02:19:52+00:00
SAO_175P-10,São Paulo,3550308,True,,675,,,-23.53321175,-46.66163025,,,,1,2023-06-19T02:19:50+00:00
SAO_175P-10,São Paulo,3550308,True,,675,,,-23.5863984375,-46.6361194375,,,,1,2023-06-19T02:19:50+00:00
SAO_175P-10,São Paulo,3550308,True,,675,,,-23.502650499999998,-46.656012125,,,,1,2023-06-19T02:20:15+00:00
SAO_2734-10,São Paulo,3550308,True,,1760,,,-23.5198105,-46.4411975,,,,1,2023-06-19T02:20:05+00:00
SAO_2734-10,São Paulo,3550308,True,,1760,,,-23.5087565,-46.4161385,,,,1,2023-06-19T02:18:54+00:00
SAO_2734-10,São Paulo,3550308,True,,1760,,,-23.5419,-46.4729385,,,,1,2023-06-19T02:20:02+00:00
SAO_2734-10,São Paulo,3550308,True,,1760,,,-23.512009,-46.40866,,,,1,2023-06-19T02:19:56+00:00
SAO_2734-10,São Paulo,3550308,True,,1760,,,-23.512009,-46.40866,,,,1,2023-06-19T02:20:12+00:00
SAO_5185-10,São Paulo,3550308,True,,34076,,,-23.6040565,-46.6516885,,,,2,2023-06-19T02:20:18+00:00
SAO_5185-10,São Paulo,3550308,True,,34076,,,-23.667118,-46.726369,,,,2,2023-06-19T02:19:41+00:00
SAO_5185-10,São Paulo,3550308,True,,34076,,,-23.668242,-46.7355055,,,,2,2023-06-19T02:20:08+00:00
SAO_2203-10,São Paulo,3550308,True,,911,,,-23.520574500000002,-46.484283500000004,,,,1,2023-06-19T02:19:41+00:00
SAO_5028-10,São Paulo,3550308,True,,1634,,,-23.592110375,-46.599963,,,,1,2023-06-19T02:19:40+00:00
SAO_637P-10,São Paulo,3550308,True,,32815,,,-23.629621999999998,-46.6897565,,,,2,2023-06-19T02:20:23+00:00
SAO_637P-10,São Paulo,3550308,True,,32815,,,-23.567588,-46.6934995,,,,2,2023-06-19T02:19:39+00:00
SAO_637P-10,São Paulo,3550308,True,,32815,,,-23.5986035,-46.674003,,,,2,2023-06-19T02:20:09+00:00
SAO_8001-10,São Paulo,3550308,True,,34019,,,-23.516803,-46.7321785,,,,2,2023-06-19T02:17:04+00:00
SAO_8001-10,São Paulo,3550308,True,,34019,,,-23.502658,-46.760932499999996,,,,2,2023-06-19T02:19:55+00:00
SAO_513L-10,São Paulo,3550308,True,,1655,,,-23.5366935,-46.589487500000004,,,,1,2023-06-19T02:20:00+00:00
SAO_513L-10,São Paulo,3550308,True,,1655,,,-23.583583,-46.6013705,,,,1,2023-06-19T02:20:10+00:00
SAO_746K-10,São Paulo,3550308,True,,33555,,,-23.619705,-46.71406725,,,,2,2023-06-19T02:19:54+00:00
SAO_746K-10,São Paulo,3550308,True,,33555,,,-23.6188595,-46.7225445,,,,2,2023-06-19T02:20:06+00:00
SAO_746K-10,São Paulo,3550308,True,,33555,,,-23.61756225,-46.6740645,,,,2,2023-06-19T02:19:56+00:00
SAO_6031-10,São Paulo,3550308,True,,92,,,-23.7379375,-46.697804500000004,,,,1,2023-06-19T02:20:05+00:00
SAO_6031-10,São Paulo,3550308,True,,92,,,-23.7479575,-46.697835999999995,,,,1,2023-06-19T02:20:23+00:00
SAO_6031-10,São Paulo,3550308,True,,92,,,-23.754704,-46.709073000000004,,,,1,2023-06-19T02:20:22+00:00
SAO_118C-10,São Paulo,3550308,True,,33287,,,-23.458088500000002,-46.6717525,,,,2,2023-06-19T02:19:52+00:00
SAO_118C-10,São Paulo,3550308,True,,33287,,,-23.4579625,-46.67248,,,,2,2023-06-19T02:19:49+00:00
SAO_118C-10,São Paulo,3550308,True,,33287,,,-23.4670375,-46.663279,,,,2,2023-06-19T02:19:52+00:00
SAO_118C-10,São Paulo,3550308,True,,33287,,,-23.457777,-46.672866,,,,2,2023-06-19T02:20:19+00:00
SAO_118C-10,São Paulo,3550308,True,,33287,,,-23.531951,-46.6347615,,,,2,2023-06-19T02:19:53+00:00
SAO_118C-10,São Paulo,3550308,True,,33287,,,-23.4944455,-46.625870500000005,,,,2,2023-06-19T02:18:38+00:00
SAO_2725-10,São Paulo,3550308,True,,33707,,,-23.512969499999997,-46.4736135,,,,2,2023-06-19T02:19:55+00:00
SAO_2725-10,São Paulo,3550308,True,,33707,,,-23.51170925,-46.468572,,,,2,2023-06-19T02:20:13+00:00
SAO_2725-10,São Paulo,3550308,True,,33707,,,-23.515217,-46.468835,,,,2,2023-06-19T02:20:22+00:00
SAO_6047-10,São Paulo,3550308,True,,33992,,,-23.668284,-46.763536,,,,2,2023-06-19T02:19:56+00:00
SAO_6047-10,São Paulo,3550308,True,,33992,,,-23.653208874999997,-46.73795762499999,,,,2,2023-06-19T02:20:18+00:00
SAO_403A-10,São Paulo,3550308,True,,34960,,,-23.552176375,-46.436583250000005,,,,2,2023-06-19T02:17:21+00:00
SAO_403A-10,São Paulo,3550308,True,,34960,,,-23.544117,-46.516033,,,,2,2023-06-19T02:20:19+00:00
SAO_403A-10,São Paulo,3550308,True,,34960,,,-23.540297,-46.431876,,,,2,2023-06-19T02:19:44+00:00
SAO_403A-10,São Paulo,3550308,True,,34960,,,-23.520069499999998,-46.548517375,,,,2,2023-06-19T02:20:16+00:00
SAO_403A-10,São Paulo,3550308,True,,34960,,,-23.540503,-46.431996,,,,2,2023-06-19T02:19:39+00:00
SAO_6046-10,São Paulo,3550308,True,,33991,,,-23.642645124999998,-46.7095925,,,,2,2023-06-19T02:20:08+00:00
SAO_6046-10,São Paulo,3550308,True,,33991,,,-23.654714,-46.760605,,,,2,2023-06-19T02:20:12+00:00
SAO_6L08-10,São Paulo,3550308,True,,33950,,,-23.827348,-46.69764012499999,,,,2,2023-06-19T02:20:15+00:00
SAO_6L08-10,São Paulo,3550308,True,,33950,,,-23.825754500000002,-46.70628,,,,2,2023-06-19T02:19:56+00:00
SAO_8078-10,São Paulo,3550308,True,,2080,,,-23.6254505,-46.7479555,,,,1,2023-06-19T02:19:41+00:00
SAO_8078-10,São Paulo,3550308,True,,2080,,,-23.615443,-46.755883,,,,1,2023-06-19T02:19:55+00:00
SAO_2017-10,São Paulo,3550308,True,,903,,,-23.494838,-46.437851499999994,,,,1,2023-06-19T02:19:49+00:00
SAO_2017-10,São Paulo,3550308,True,,903,,,-23.5195115,-46.4125905,,,,1,2023-06-19T02:19:50+00:00
SAO_875A-10,São Paulo,3550308,True,,609,,,-23.536384,-46.680613,,,,1,2023-06-19T02:19:54+00:00
SAO_875A-10,São Paulo,3550308,True,,609,,,-23.621237687500003,-46.6617963125,,,,1,2023-06-19T02:20:07+00:00
SAO_875A-10,São Paulo,3550308,True,,609,,,-23.540999749999997,-46.6474625,,,,1,2023-06-19T02:19:32+00:00
SAO_875A-10,São Paulo,3550308,True,,609,,,-23.64189175,-46.6615970625,,,,1,2023-06-19T02:20:07+00:00
SAO_6099-10,São Paulo,3550308,True,,34355,,,-23.8557385,-46.777271999999996,,,,2,2023-06-19T02:19:55+00:00
SAO_6099-10,São Paulo,3550308,True,,34355,,,-23.824808500000003,-46.734215000000006,,,,2,2023-06-19T02:20:19+00:00
SAO_3010-10,São Paulo,3550308,True,,2543,,,-23.518321,-46.475637,,,,1,2023-06-19T02:19:39+00:00
SAO_3010-10,São Paulo,3550308,True,,2543,,,-23.510449,-46.445596,,,,1,2023-06-19T02:20:11+00:00
SAO_8018-10,São Paulo,3550308,True,,34838,,,-23.5975155,-46.7342635,,,,2,2023-06-19T02:20:14+00:00
SAO_8018-10,São Paulo,3550308,True,,34838,,,-23.5987205,-46.7366745,,,,2,2023-06-19T02:20:18+00:00
SAO_2202-10,São Paulo,3550308,True,,33678,,,-23.511663499999997,-46.401204,,,,2,2023-06-19T02:19:46+00:00
SAO_2202-10,São Paulo,3550308,True,,33678,,,-23.48792525,-46.382452,,,,2,2023-06-19T02:20:02+00:00
SAO_2202-10,São Paulo,3550308,True,,33678,,,-23.4940625,-46.3898925,,,,2,2023-06-19T02:20:17+00:00
SAO_2202-10,São Paulo,3550308,True,,33678,,,-23.535544,-46.40213,,,,2,2023-06-19T02:20:01+00:00
SAO_2202-10,São Paulo,3550308,True,,33678,,,-23.4942705,-46.390076500000006,,,,2,2023-06-19T02:20:21+00:00
SAO_5011-10,São Paulo,3550308,True,,1115,,,-23.679492250000003,-46.684490249999996,,,,1,2023-06-19T02:19:56+00:00
SAO_5011-10,São Paulo,3550308,True,,1115,,,-23.67596,-46.68566425,,,,1,2023-06-19T02:19:46+00:00
SAO_8194-10,São Paulo,3550308,True,,805,,,-23.4592335,-46.686509,,,,1,2023-06-19T02:20:08+00:00
SAO_8194-10,São Paulo,3550308,True,,805,,,-23.399631874999997,-46.74878575,,,,1,2023-06-19T02:20:10+00:00
SAO_172U-10,São Paulo,3550308,True,,860,,,-23.4385185,-46.581874,,,,1,2023-06-19T02:20:01+00:00
SAO_172U-10,São Paulo,3550308,True,,860,,,-23.54130125,-46.607457249999996,,,,1,2023-06-19T02:19:39+00:00
SAO_172U-10,São Paulo,3550308,True,,860,,,-23.438525,-46.5747915,,,,1,2023-06-19T02:20:14+00:00
SAO_172U-10,São Paulo,3550308,True,,860,,,-23.49934975,-46.62350975,,,,1,2023-06-19T02:20:05+00:00
SAO_3003-10,São Paulo,3550308,True,,34565,,,-23.479100875,-46.421538125,,,,2,2023-06-19T02:19:47+00:00
SAO_3003-10,São Paulo,3550308,True,,34565,,,-23.479201250000003,-46.42118275,,,,2,2023-06-19T02:19:40+00:00
SAO_5142-10,São Paulo,3550308,True,,1626,,,-23.601492,-46.5325055,,,,1,2023-06-19T02:15:53+00:00
SAO_5142-10,São Paulo,3550308,True,,1626,,,-23.613964,-46.500782,,,,1,2023-06-19T02:20:10+00:00
SAO_4114-10,São Paulo,3550308,True,,33089,,,-23.59896075,-46.623649,,,,2,2023-06-19T02:20:04+00:00
SAO_4114-10,São Paulo,3550308,True,,33089,,,-23.611375000000002,-46.62250025,,,,2,2023-06-19T02:20:03+00:00
SAO_2626-10,São Paulo,3550308,True,,33144,,,-23.5417405,-46.6146495,,,,2,2023-06-19T02:19:56+00:00
SAO_2626-10,São Paulo,3550308,True,,33144,,,-23.493944499999998,-46.418259500000005,,,,2,2023-06-19T02:19:59+00:00
SAO_2626-10,São Paulo,3550308,True,,33144,,,-23.523301,-46.4105365,,,,2,2023-06-19T02:19:57+00:00
SAO_2626-10,São Paulo,3550308,True,,33144,,,-23.535222124999997,-46.58254475,,,,2,2023-06-19T02:19:58+00:00
SAO_930P-10,São Paulo,3550308,True,,2115,,,-23.54577125,-46.63354775,,,,1,2023-06-19T02:19:13+00:00
SAO_930P-10,São Paulo,3550308,True,,2115,,,-23.565806000000002,-46.7018425,,,,1,2023-06-19T02:20:10+00:00
SAO_930P-10,São Paulo,3550308,True,,2115,,,-23.561319375,-46.66356875,,,,1,2023-06-19T02:20:07+00:00
SAO_2716-10,São Paulo,3550308,True,,929,,,-23.5226465,-46.53488575,,,,1,2023-06-19T02:20:08+00:00
SAO_2716-10,São Paulo,3550308,True,,929,,,-23.53304,-46.5439035,,,,1,2023-06-19T02:19:54+00:00
SAO_5106-21,São Paulo,3550308,True,,34740,,,-23.628082375,-46.643728125,,,,2,2023-06-19T02:19:55+00:00
SAO_5106-21,São Paulo,3550308,True,,34740,,,-23.687447499999998,-46.655168,,,,2,2023-06-19T02:19:10+00:00
SAO_5106-21,São Paulo,3550308,True,,34740,,,-23.59829375,-46.685115874999994,,,,2,2023-06-19T02:20:19+00:00
SAO_5106-21,São Paulo,3550308,True,,34740,,,-23.6883975,-46.6345745,,,,2,2023-06-19T02:20:13+00:00
SAO_4724-10,São Paulo,3550308,True,,34828,,,-23.539603,-46.5037545,,,,2,2023-06-19T02:20:17+00:00
SAO_4724-10,São Paulo,3550308,True,,34828,,,-23.530963,-46.502753,,,,2,2023-06-19T02:20:06+00:00
SAO_817C-10,São Paulo,3550308,True,,1337,,,-23.533585000000002,-46.698451,,,,1,2023-06-19T02:19:54+00:00
SAO_857A-10,São Paulo,3550308,True,,34693,,,-23.6313825,-46.77286,,,,2,2023-06-19T02:19:57+00:00
SAO_857A-10,São Paulo,3550308,True,,34693,,,-23.5809595,-46.7115805,,,,2,2023-06-19T02:20:11+00:00
SAO_476G-10,São Paulo,3550308,True,,33879,,,-23.60566225,-46.51238325,,,,2,2023-06-19T02:20:16+00:00
SAO_476G-10,São Paulo,3550308,True,,33879,,,-23.5822675,-46.639917625,,,,2,2023-06-19T02:20:05+00:00
SAO_476G-10,São Paulo,3550308,True,,33879,,,-23.583125375,-46.60450975,,,,2,2023-06-19T02:19:40+00:00
SAO_6027-10,São Paulo,3550308,True,,90,,,-23.672007,-46.7102475,,,,1,2023-06-19T02:20:21+00:00
SAO_6027-10,São Paulo,3550308,True,,90,,,-23.724111,-46.670826,,,,1,2023-06-19T02:19:55+00:00
SAO_675G-10,São Paulo,3550308,True,,32874,,,-23.6667985,-46.677833500000006,,,,2,2023-06-19T02:20:11+00:00
SAO_675G-10,São Paulo,3550308,True,,32874,,,-23.7563975,-46.6678165,,,,2,2023-06-19T02:17:22+00:00
SAO_675G-10,São Paulo,3550308,True,,32874,,,-23.644400500000003,-46.65818900000001,,,,2,2023-06-19T02:19:53+00:00
SAO_675G-10,São Paulo,3550308,True,,32874,,,-23.717683,-46.6993295,,,,2,2023-06-19T02:19:58+00:00
SAO_675G-10,São Paulo,3550308,True,,32874,,,-23.6447675,-46.658461,,,,2,2023-06-19T02:20:10+00:00
SAO_208M-10,São Paulo,3550308,True,,35246,,,-23.50117875,-46.623563000000004,,,,2,2023-06-19T02:20:03+00:00
SAO_208M-10,São Paulo,3550308,True,,35246,,,-23.50162425,-46.62357300000001,,,,2,2023-06-19T02:19:51+00:00
SAO_819A-10,São Paulo,3550308,True,Rápido Campinas,803,https://moovitapp.com/index/pt-br/transporte_p%C3%BAblico-line-803-Sao_Paulo-242-858660-544941-0,5.3,-23.488441875,-46.675133875,,,,1,2023-06-19T02:20:17+00:00
SAO_819A-10,São Paulo,3550308,True,Rápido Campinas,803,https://moovitapp.com/index/pt-br/transporte_p%C3%BAblico-line-803-Sao_Paulo-242-858660-544941-0,5.3,-23.4542055,-46.696564,,,,1,2023-06-19T02:19:59+00:00
SAO_819A-10,São Paulo,3550308,True,Rápido Campinas,803,https://moovitapp.com/index/pt-br/transporte_p%C3%BAblico-line-803-Sao_Paulo-242-858660-544941-0,5.3,-23.4492795,-46.73480575,,,,1,2023-06-19T02:20:17+00:00
SAO_819A-10,São Paulo,3550308,True,Rápido Campinas,803,https://moovitapp.com/index/pt-br/transporte_p%C3%BAblico-line-803-Sao_Paulo-242-858660-544941-0,5.3,-23.438405,-46.748092,,,,1,2023-06-19T02:20:05+00:00
SAO_2678-10,São Paulo,3550308,True,STT,383,https://moovitapp.com/index/pt-br/transporte_p%C3%BAblico-line-383-Sao_Paulo-242-850661-183294-0,5.3,-23.52130125,-46.546188,,,,1,2023-06-19T02:20:18+00:00
SAO_2702-10,São Paulo,3550308,True,,33682,,,-23.504635,-46.473425,,,,2,2023-06-19T02:20:20+00:00
SAO_2702-10,São Paulo,3550308,True,,33682,,,-23.495196,-46.444438000000005,,,,2,2023-06-19T02:20:00+00:00
SAO_2702-10,São Paulo,3550308,True,,33682,,,-23.504635,-46.473425,,,,2,2023-06-19T02:18:42+00:00
SAO_2734-10,São Paulo,3550308,True,,34528,,,-23.5324765,-46.450382000000005,,,,2,2023-06-19T02:19:38+00:00
SAO_2734-10,São Paulo,3550308,True,,34528,,,-23.50927625,-46.41991125,,,,2,2023-06-19T02:20:10+00:00
SAO_208V-10,São Paulo,3550308,True,Rápido Campinas,207,https://moovitapp.com/index/pt-br/transporte_p%C3%BAblico-line-207-Sao_Paulo-242-858660-638984-0,5.3,-23.517753,-46.475941500000005,,,,1,2023-06-19T02:19:56+00:00
SAO_208V-10,São Paulo,3550308,True,Rápido Campinas,207,https://moovitapp.com/index/pt-br/transporte_p%C3%BAblico-line-207-Sao_Paulo-242-858660-638984-0,5.3,-23.517753,-46.475941500000005,,,,1,2023-06-19T02:19:50+00:00
SAO_208V-10,São Paulo,3550308,True,Rápido Campinas,207,https://moovitapp.com/index/pt-br/transporte_p%C3%BAblico-line-207-Sao_Paulo-242-858660-638984-0,5.3,-23.5369325,-46.591382,,,,1,2023-06-19T02:20:12+00:00
SAO_208V-10,São Paulo,3550308,True,Rápido Campinas,207,https://moovitapp.com/index/pt-br/transporte_p%C3%BAblico-line-207-Sao_Paulo-242-858660-638984-0,5.3,-23.517753,-46.475941500000005,,,,1,2023-06-19T02:20:13+00:00
SAO_208V-10,São Paulo,3550308,True,Rápido Campinas,207,https://moovitapp.com/index/pt-br/transporte_p%C3%BAblico-line-207-Sao_Paulo-242-858660-638984-0,5.3,-23.517753,-46.475941500000005,,,,1,2023-06-19T02:20:20+00:00
SAO_208V-10,São Paulo,3550308,True,Rápido Campinas,207,https://moovitapp.com/index/pt-br/transporte_p%C3%BAblico-line-207-Sao_Paulo-242-858660-638984-0,5.3,-23.53490475,-46.569110249999994,,,,1,2023-06-19T02:14:16+00:00
SAO_208V-10,São Paulo,3550308,True,Rápido Campinas,207,https://moovitapp.com/index/pt-br/transporte_p%C3%BAblico-line-207-Sao_Paulo-242-858660-638984-0,5.3,-23.517753,-46.475941500000005,,,,1,2023-06-19T02:20:06+00:00
SAO_5164-10,São Paulo,3550308,True,,1283,,,-23.65249275,-46.6509335,,,,1,2023-06-19T02:19:57+00:00
SAO_5164-10,São Paulo,3550308,True,,1283,,,-23.6425655,-46.66597025,,,,1,2023-06-19T02:20:20+00:00
SAO_5164-10,São Paulo,3550308,True,,1283,,,-23.619836999999997,-46.63943725,,,,1,2023-06-19T02:19:57+00:00
SAO_546L-10,São Paulo,3550308,True,,1285,,,-23.664852500000002,-46.67826275,,,,1,2023-06-19T02:19:39+00:00
SAO_546L-10,São Paulo,3550308,True,,1285,,,-23.676833625,-46.695417125,,,,1,2023-06-19T02:20:12+00:00
SAO_546L-10,São Paulo,3550308,True,,1285,,,-23.6888795,-46.6381435,,,,1,2023-06-19T02:20:18+00:00
SAO_546L-10,São Paulo,3550308,True,,1285,,,-23.6542795,-46.711304,,,,1,2023-06-19T02:20:18+00:00
SAO_2018-10,São Paulo,3550308,True,,904,,,-23.510486999999998,-46.406726500000005,,,,1,2023-06-19T02:20:18+00:00
SAO_2018-10,São Paulo,3550308,True,,904,,,-23.4910535,-46.4429645,,,,1,2023-06-19T02:19:59+00:00
SAO_2007-10,São Paulo,3550308,True,,33664,,,-23.5095785,-46.37041775,,,,2,2023-06-19T02:19:36+00:00
SAO_2007-10,São Paulo,3550308,True,,33664,,,-23.510008749999997,-46.3703235,,,,2,2023-06-19T02:19:42+00:00
SAO_2007-10,São Paulo,3550308,True,,33664,,,-23.4982245,-46.382881999999995,,,,2,2023-06-19T02:19:55+00:00
SAO_2007-10,São Paulo,3550308,True,,33664,,,-23.510008749999997,-46.3703235,,,,2,2023-06-19T02:20:09+00:00
SAO_407A-21,São Paulo,3550308,True,,2501,,,-23.56813375,-46.540398999999994,,,,1,2023-06-19T02:20:09+00:00
SAO_9354-10,São Paulo,3550308,True,,33476,,,-23.4949865,-46.6577645,,,,2,2023-06-19T02:19:42+00:00
SAO_8047-10,São Paulo,3550308,True,EMTU,408,https://moovitapp.com/index/pt-br/transporte_p%C3%BAblico-line-408-Sao_Paulo-242-2038937-36419468-0,7.55,-23.4339175,-46.7549995,,,,1,2023-06-19T02:19:38+00:00
SAO_8047-10,São Paulo,3550308,True,EMTU,408,https://moovitapp.com/index/pt-br/transporte_p%C3%BAblico-line-408-Sao_Paulo-242-2038937-36419468-0,7.55,-23.480923,-46.754748,,,,1,2023-06-19T02:19:56+00:00
SAO_2017-10,São Paulo,3550308,True,,33671,,,-23.51882525,-46.413051249999995,,,,2,2023-06-19T02:20:20+00:00
SAO_2762-10,São Paulo,3550308,True,,32912,,,-23.5399995,-46.5774715,,,,2,2023-06-19T02:19:39+00:00
SAO_2762-10,São Paulo,3550308,True,,32912,,,-23.486438749999998,-46.47584725,,,,2,2023-06-19T02:20:17+00:00
SAO_2762-10,São Paulo,3550308,True,,32912,,,-23.498497999999998,-46.4964245,,,,2,2023-06-19T02:19:40+00:00
SAO_2762-10,São Paulo,3550308,True,,32912,,,-23.486390874999998,-46.477108375,,,,2,2023-06-19T02:19:59+00:00
SAO_3791-10,São Paulo,3550308,True,,1069,,,-23.5638,-46.505301,,,,1,2023-06-19T02:20:08+00:00
SAO_3791-10,São Paulo,3550308,True,,1069,,,-23.542504,-46.4988205,,,,1,2023-06-19T02:20:00+00:00
SAO_3791-10,São Paulo,3550308,True,,1069,,,-23.538830625000003,-46.49051862499999,,,,1,2023-06-19T02:19:43+00:00
SAO_8016-10,São Paulo,3550308,True,,34114,,,-23.481229,-46.723877,,,,2,2023-06-19T02:20:13+00:00
SAO_8016-10,São Paulo,3550308,True,,34114,,,-23.4410405,-46.7324435,,,,2,2023-06-19T02:19:49+00:00
SAO_8016-10,São Paulo,3550308,True,,34114,,,-23.4435615,-46.735414500000005,,,,2,2023-06-19T02:20:22+00:00
SAO_3754-10,São Paulo,3550308,True,,33817,,,-23.559385,-46.4041045,,,,2,2023-06-19T02:19:48+00:00
SAO_3754-10,São Paulo,3550308,True,,33817,,,-23.57374,-46.398475000000005,,,,2,2023-06-19T02:20:14+00:00
SAO_3754-10,São Paulo,3550308,True,,33817,,,-23.57374,-46.398475000000005,,,,2,2023-06-19T02:19:49+00:00
SAO_4716-10,São Paulo,3550308,True,,33874,,,-23.599436,-46.6383915,,,,2,2023-06-19T02:19:40+00:00
SAO_4716-10,São Paulo,3550308,True,,33874,,,-23.6147735,-46.617278999999996,,,,2,2023-06-19T02:20:14+00:00
SAO_4716-10,São Paulo,3550308,True,,33874,,,-23.601309,-46.602029875,,,,2,2023-06-19T02:19:51+00:00
SAO_178Y-10,São Paulo,3550308,True,,33636,,,-23.4632345,-46.641206999999994,,,,2,2023-06-19T02:19:56+00:00
SAO_178Y-10,São Paulo,3550308,True,,33636,,,-23.478628125,-46.630799625,,,,2,2023-06-19T02:19:39+00:00
SAO_6016-41,São Paulo,3550308,True,,34474,,,-23.7413045,-46.69165425,,,,2,2023-06-19T02:19:48+00:00
SAO_6016-41,São Paulo,3550308,True,,34474,,,-23.774729,-46.675773500000005,,,,2,2023-06-19T02:19:39+00:00
SAO_677Y-10,São Paulo,3550308,True,,1240,,,-23.693685000000002,-46.794277,,,,1,2023-06-19T02:19:44+00:00
SAO_677Y-10,São Paulo,3550308,True,,1240,,,-23.6836685,-46.7890555,,,,1,2023-06-19T02:19:42+00:00
SAO_677Y-10,São Paulo,3550308,True,,1240,,,-23.643456999999998,-46.7356385,,,,1,2023-06-19T02:19:57+00:00
SAO_677Y-10,São Paulo,3550308,True,,1240,,,-23.6431855,-46.7421195,,,,1,2023-06-19T02:20:05+00:00
SAO_677Y-10,São Paulo,3550308,True,,1240,,,-23.6836685,-46.7890555,,,,1,2023-06-19T02:19:56+00:00
SAO_8003-21,São Paulo,3550308,True,,35350,,,-23.525544500000002,-46.712109500000004,,,,2,2023-06-19T02:19:41+00:00
SAO_2552-10,São Paulo,3550308,True,,32910,,,-23.504894999999998,-46.473764,,,,2,2023-06-19T02:20:07+00:00
SAO_2552-10,São Paulo,3550308,True,,32910,,,-23.48408225,-46.419157999999996,,,,2,2023-06-19T02:19:25+00:00
SAO_2552-10,São Paulo,3550308,True,,32910,,,-23.542585000000003,-46.6159675,,,,2,2023-06-19T02:19:03+00:00
SAO_1788-10,São Paulo,3550308,True,,33421,,,-23.430906,-46.574909,,,,2,2023-06-19T02:20:15+00:00
SAO_1788-10,São Paulo,3550308,True,,33421,,,-23.430656,-46.575369499999994,,,,2,2023-06-19T02:19:50+00:00
SAO_1788-10,São Paulo,3550308,True,,33421,,,-23.430906,-46.574909,,,,2,2023-06-19T02:20:17+00:00
SAO_1788-10,São Paulo,3550308,True,,33421,,,-23.4308,-46.5751545,,,,2,2023-06-19T02:20:15+00:00
SAO_1788-10,São Paulo,3550308,True,,33421,,,-23.4579565,-46.602463,,,,2,2023-06-19T02:18:19+00:00
SAO_888P-10,São Paulo,3550308,True,EMTU,454,https://moovitapp.com/index/pt-br/transporte_p%C3%BAblico-line-454-Sao_Paulo-242-2038937-36419497-0,5.25,-23.4050225,-46.7479515,,,,1,2023-06-19T02:20:09+00:00
SAO_888P-10,São Paulo,3550308,True,EMTU,454,https://moovitapp.com/index/pt-br/transporte_p%C3%BAblico-line-454-Sao_Paulo-242-2038937-36419497-0,5.25,-23.434023500000002,-46.727810500000004,,,,1,2023-06-19T02:19:53+00:00
SAO_1012-10,São Paulo,3550308,True,,2486,,,-23.436321749999998,-46.80521,,,,1,2023-06-19T02:20:03+00:00
SAO_8500-10,São Paulo,3550308,True,,34035,,,-23.51377175,-46.7025705,,,,2,2023-06-19T02:19:59+00:00
SAO_8500-10,São Paulo,3550308,True,,34035,,,-23.485965,-46.726443374999995,,,,2,2023-06-19T02:19:54+00:00
SAO_6015-10,São Paulo,3550308,True,,1205,,,-23.719359750000002,-46.784958749999994,,,,1,2023-06-19T02:20:03+00:00
SAO_6015-10,São Paulo,3550308,True,,1205,,,-23.739275,-46.793328,,,,1,2023-06-19T02:20:13+00:00
SAO_6015-10,São Paulo,3550308,True,,1205,,,-23.734715,-46.7945555,,,,1,2023-06-19T02:19:54+00:00
SAO_6015-10,São Paulo,3550308,True,,1205,,,-23.666048124999996,-46.714824750000005,,,,1,2023-06-19T02:19:57+00:00
SAO_809T-10,São Paulo,3550308,True,,2246,,,-23.59190425,-46.7999965,,,,1,2023-06-19T02:20:15+00:00
SAO_809T-10,São Paulo,3550308,True,,2246,,,-23.5597935,-46.747290375000006,,,,1,2023-06-19T02:19:49+00:00
SAO_809T-10,São Paulo,3550308,True,,2246,,,-23.524935,-46.70894925,,,,1,2023-06-19T02:20:16+00:00
SAO_3756-10,São Paulo,3550308,True,,33818,,,-23.5853525,-46.390665500000004,,,,2,2023-06-19T02:19:36+00:00
SAO_3756-10,São Paulo,3550308,True,,33818,,,-23.590653500000002,-46.389331375,,,,2,2023-06-19T02:20:05+00:00
SAO_TREI-10,São Paulo,3550308,True,,2489,,,-23.593945437499997,-46.402114499999996,,,,1,2023-06-19T02:18:13+00:00
SAO_9011-21,São Paulo,3550308,True,,1768,,,-23.4547945,-46.738510500000004,,,,1,2023-06-19T02:19:43+00:00
SAO_9011-21,São Paulo,3550308,True,,1768,,,-23.4547945,-46.738510500000004,,,,1,2023-06-19T02:19:56+00:00
SAO_9011-21,São Paulo,3550308,True,,1768,,,-23.4547945,-46.738510500000004,,,,1,2023-06-19T02:19:43+00:00
SAO_9011-21,São Paulo,3550308,True,,1768,,,-23.442786749999996,-46.72564725,,,,1,2023-06-19T02:20:10+00:00
SAO_9011-21,São Paulo,3550308,True,,1768,,,-23.4547945,-46.738510500000004,,,,1,2023-06-19T02:19:56+00:00
SAO_9011-21,São Paulo,3550308,True,,1768,,,-23.4547945,-46.738510500000004,,,,1,2023-06-19T02:20:01+00:00
SAO_403A-10,São Paulo,3550308,True,,2192,,,-23.552575250000004,-46.445006750000005,,,,1,2023-06-19T02:19:37+00:00
SAO_403A-10,São Paulo,3550308,True,,2192,,,-23.540332499999998,-46.517578,,,,1,2023-06-19T02:20:18+00:00
SAO_3746-10,São Paulo,3550308,True,EMTU,283,https://moovitapp.com/index/pt-br/transporte_p%C3%BAblico-line-283-Sao_Paulo-242-2038937-36419384-0,5.2,-23.594817,-46.5027665,,,,1,2023-06-19T02:19:48+00:00
SAO_3746-10,São Paulo,3550308,True,EMTU,283,https://moovitapp.com/index/pt-br/transporte_p%C3%BAblico-line-283-Sao_Paulo-242-2038937-36419384-0,5.2,-23.585614,-46.5190085,,,,1,2023-06-19T02:19:48+00:00
SAO_3746-10,São Paulo,3550308,True,EMTU,283,https://moovitapp.com/index/pt-br/transporte_p%C3%BAblico-line-283-Sao_Paulo-242-2038937-36419384-0,5.2,-23.545653,-46.5850855,,,,1,2023-06-19T02:20:00+00:00
SAO_7023-10,São Paulo,3550308,True,,34920,,,-23.6995785,-46.763411500000004,,,,2,2023-06-19T02:19:56+00:00
SAO_7023-10,São Paulo,3550308,True,,34920,,,-23.683256999999998,-46.7360095,,,,2,2023-06-19T02:19:44+00:00
SAO_2726-10,São Paulo,3550308,True,,33708,,,-23.5117145,-46.5109505,,,,2,2023-06-19T02:19:47+00:00
SAO_2726-10,São Paulo,3550308,True,,33708,,,-23.516624999999998,-46.476566,,,,2,2023-06-19T02:19:42+00:00
SAO_2726-10,São Paulo,3550308,True,,33708,,,-23.533234,-46.543972499999995,,,,2,2023-06-19T02:20:19+00:00
SAO_2726-10,São Paulo,3550308,True,,33708,,,-23.508325499999998,-46.4684905,,,,2,2023-06-19T02:19:56+00:00
SAO_2703-10,São Paulo,3550308,True,,33683,,,-23.52367125,-46.42940175,,,,2,2023-06-19T02:17:25+00:00
SAO_2703-10,São Paulo,3550308,True,,33683,,,-23.529075,-46.42023275,,,,2,2023-06-19T02:19:37+00:00
SAO_2703-10,São Paulo,3550308,True,,33683,,,-23.530636,-46.4195885,,,,2,2023-06-19T02:19:25+00:00
SAO_2703-10,São Paulo,3550308,True,,33683,,,-23.534283,-46.4528295,,,,2,2023-06-19T02:19:37+00:00
SAO_2703-10,São Paulo,3550308,True,,33683,,,-23.529075,-46.42023275,,,,2,2023-06-19T02:20:01+00:00
SAO_1018-10,São Paulo,3550308,True,,832,,,-23.4535185,-46.6290025,,,,1,2023-06-19T02:19:45+00:00
SAO_1018-10,São Paulo,3550308,True,,832,,,-23.4805705,-46.6112995,,,,1,2023-06-19T02:16:49+00:00
SAO_175T-10,São Paulo,3550308,True,,623,,,-23.518008000000002,-46.6306555,,,,1,2023-06-19T02:20:02+00:00
SAO_175T-10,São Paulo,3550308,True,,623,,,-23.624300749999996,-46.66178,,,,1,2023-06-19T02:19:48+00:00
SAO_175T-10,São Paulo,3550308,True,,623,,,-23.65404,-46.63784,,,,1,2023-06-19T02:19:53+00:00
SAO_175T-10,São Paulo,3550308,True,,623,,,-23.653510999999998,-46.637828,,,,1,2023-06-19T02:20:11+00:00
SAO_575C-10,São Paulo,3550308,True,,34454,,,-23.580758250000002,-46.5259895,,,,2,2023-06-19T02:19:56+00:00
SAO_575C-10,São Paulo,3550308,True,,34454,,,-23.57517675,-46.529329,,,,2,2023-06-19T02:19:40+00:00
SAO_8030-10,São Paulo,3550308,True,,35330,,,-23.6058975,-46.7296875,,,,2,2023-06-19T02:20:08+00:00
SAO_8030-10,São Paulo,3550308,True,,35330,,,-23.623484249999997,-46.728172,,,,2,2023-06-19T02:19:48+00:00
SAO_148L-10,São Paulo,3550308,True,EMTU,531,https://moovitapp.com/index/pt-br/transporte_p%C3%BAblico-line-531-Sao_Paulo-242-2038937-36419543-0,4.4,-23.4751965,-46.650101,,,,1,2023-06-19T02:19:58+00:00
SAO_148L-10,São Paulo,3550308,True,EMTU,531,https://moovitapp.com/index/pt-br/transporte_p%C3%BAblico-line-531-Sao_Paulo-242-2038937-36419543-0,4.4,-23.455486,-46.6544235,,,,1,2023-06-19T02:19:55+00:00
SAO_938P-10,São Paulo,3550308,True,,33656,,,-23.463069,-46.6814145,,,,2,2023-06-19T02:19:41+00:00
SAO_938P-10,São Paulo,3550308,True,,33656,,,-23.463069,-46.6814145,,,,2,2023-06-19T02:20:15+00:00
SAO_938P-10,São Paulo,3550308,True,,33656,,,-23.497893,-46.690799,,,,2,2023-06-19T02:20:11+00:00
SAO_273L-10,São Paulo,3550308,True,,32992,,,-23.5367185,-46.474993,,,,2,2023-06-19T02:20:04+00:00
SAO_273L-10,São Paulo,3550308,True,,32992,,,-23.539380375,-46.431489625,,,,2,2023-06-19T02:19:59+00:00
SAO_273L-10,São Paulo,3550308,True,,32992,,,-23.5325515,-46.424737,,,,2,2023-06-19T02:15:50+00:00
SAO_607C-10,São Paulo,3550308,True,,1977,,,-23.590926500000002,-46.68782775,,,,1,2023-06-19T02:20:14+00:00
SAO_607C-10,São Paulo,3550308,True,,1977,,,-23.662898499999997,-46.66141399999999,,,,1,2023-06-19T02:19:38+00:00
SAO_607C-10,São Paulo,3550308,True,,1977,,,-23.6884575,-46.6347055,,,,1,2023-06-19T02:20:18+00:00
SAO_6500-10,São Paulo,3550308,True,,46,,,-23.638920249999998,-46.696384,,,,1,2023-06-19T02:20:15+00:00
SAO_6500-10,São Paulo,3550308,True,,46,,,-23.654395,-46.7121185,,,,1,2023-06-19T02:20:02+00:00
SAO_6500-10,São Paulo,3550308,True,,46,,,-23.573410250000002,-46.6661795,,,,1,2023-06-19T02:20:06+00:00
SAO_6500-10,São Paulo,3550308,True,,46,,,-23.654395,-46.7121185,,,,1,2023-06-19T02:20:17+00:00
SAO_3737-10,São Paulo,3550308,True,,33805,,,-23.5307095,-46.517677,,,,2,2023-06-19T02:20:19+00:00
SAO_3737-10,São Paulo,3550308,True,,33805,,,-23.562945,-46.50564,,,,2,2023-06-19T02:19:40+00:00
SAO_3737-10,São Paulo,3550308,True,,33805,,,-23.55471325,-46.500825999999996,,,,2,2023-06-19T02:18:55+00:00
SAO_3031-10,São Paulo,3550308,True,,33735,,,-23.5949145,-46.4410185,,,,2,2023-06-19T02:20:03+00:00
SAO_3031-10,São Paulo,3550308,True,,33735,,,-23.6129015,-46.444473,,,,2,2023-06-19T02:20:16+00:00
SAO_3031-10,São Paulo,3550308,True,,33735,,,-23.6126845,-46.4445915,,,,2,2023-06-19T02:19:53+00:00
SAO_2709-10,São Paulo,3550308,True,,922,,,-23.5202025,-46.480312,,,,1,2023-06-19T02:20:18+00:00
SAO_2709-10,São Paulo,3550308,True,,922,,,-23.52906,-46.500085750000004,,,,1,2023-06-19T02:20:04+00:00
SAO_2076-10,São Paulo,3550308,True,,33136,,,-23.5039315,-46.3796915,,,,2,2023-06-19T02:19:41+00:00
SAO_2076-10,São Paulo,3550308,True,,33136,,,-23.503643,-46.380181,,,,2,2023-06-19T02:19:56+00:00
SAO_2076-10,São Paulo,3550308,True,,33136,,,-23.49155975,-46.44657925,,,,2,2023-06-19T02:18:54+00:00
SAO_2076-10,São Paulo,3550308,True,,33136,,,-23.4900105,-46.4884925,,,,2,2023-06-19T02:19:53+00:00
SAO_2076-10,São Paulo,3550308,True,,33136,,,-23.5038615,-46.3797665,,,,2,2023-06-19T02:20:06+00:00
SAO_9789-10,São Paulo,3550308,True,,33597,,,-23.461335,-46.70867325,,,,2,2023-06-19T02:19:56+00:00
SAO_9789-10,São Paulo,3550308,True,,33597,,,-23.4866485,-46.687214,,,,2,2023-06-19T02:20:18+00:00
SAO_9789-10,São Paulo,3550308,True,,33597,,,-23.510494125,-46.670576875,,,,2,2023-06-19T02:20:19+00:00
SAO_1772-10,São Paulo,3550308,True,,635,,,-23.43896,-46.5747255,,,,1,2023-06-19T02:15:58+00:00
SAO_7013-10,São Paulo,3550308,True,,775,,,-23.59181125,-46.73579,,,,1,2023-06-19T02:20:05+00:00
SAO_7013-10,São Paulo,3550308,True,,775,,,-23.62975625,-46.754374999999996,,,,1,2023-06-19T02:20:01+00:00
SAO_5013-10,São Paulo,3550308,True,,33885,,,-23.6812385,-46.633822499999994,,,,2,2023-06-19T02:19:53+00:00
SAO_5013-10,São Paulo,3550308,True,,33885,,,-23.677304,-46.628584000000004,,,,2,2023-06-19T02:20:13+00:00
SAO_5013-10,São Paulo,3550308,True,,33885,,,-23.675676,-46.66063125,,,,2,2023-06-19T02:19:38+00:00
SAO_5013-10,São Paulo,3550308,True,,33885,,,-23.6812385,-46.633822499999994,,,,2,2023-06-19T02:20:04+00:00
SAO_5013-10,São Paulo,3550308,True,,33885,,,-23.6726635,-46.6759045,,,,2,2023-06-19T02:19:43+00:00
SAO_6059-10,São Paulo,3550308,True,,1226,,,-23.6725055,-46.742675500000004,,,,1,2023-06-19T02:19:55+00:00
SAO_6059-10,São Paulo,3550308,True,,1226,,,-23.6467495,-46.704724,,,,1,2023-06-19T02:20:16+00:00
SAO_1178-10,São Paulo,3550308,True,,32900,,,-23.49155975,-46.44657925,,,,2,2023-06-19T02:20:00+00:00
SAO_1178-10,São Paulo,3550308,True,,32900,,,-23.504024,-46.4331685,,,,2,2023-06-19T02:20:20+00:00
SAO_1178-10,São Paulo,3550308,True,,32900,,,-23.527297500000003,-46.565541249999995,,,,2,2023-06-19T02:17:23+00:00
SAO_1178-10,São Paulo,3550308,True,,32900,,,-23.5041765,-46.433013,,,,2,2023-06-19T02:19:50+00:00
SAO_1178-10,São Paulo,3550308,True,,32900,,,-23.504152499999996,-46.432775,,,,2,2023-06-19T02:19:43+00:00
SAO_6076-10,São Paulo,3550308,True,,1165,,,-23.734817,-46.67690225,,,,1,2023-06-19T02:20:07+00:00
SAO_6076-10,São Paulo,3550308,True,,1165,,,-23.653924375,-46.71180125000001,,,,1,2023-06-19T02:20:01+00:00
SAO_6076-10,São Paulo,3550308,True,,1165,,,-23.72723375,-46.69021275,,,,1,2023-06-19T02:19:47+00:00
SAO_2705-10,São Paulo,3550308,True,,33685,,,-23.542627000000003,-46.424943999999996,,,,2,2023-06-19T02:20:13+00:00
SAO_2705-10,São Paulo,3550308,True,,33685,,,-23.542001,-46.471106000000006,,,,2,2023-06-19T02:09:17+00:00
SAO_2705-10,São Paulo,3550308,True,,33685,,,-23.546270625000002,-46.393018375000004,,,,2,2023-06-19T02:19:06+00:00
SAO_6069-10,São Paulo,3550308,True,,1154,,,-23.67898675,-46.70671325,,,,1,2023-06-19T02:20:20+00:00
SAO_3031-10,São Paulo,3550308,True,,967,,,-23.5423435,-46.4704945,,,,1,2023-06-19T02:19:52+00:00
SAO_3031-10,São Paulo,3550308,True,,967,,,-23.5727255,-46.445909,,,,1,2023-06-19T02:19:58+00:00
SAO_3031-10,São Paulo,3550308,True,,967,,,-23.551387,-46.4625745,,,,1,2023-06-19T02:20:16+00:00
SAO_736G-10,São Paulo,3550308,True,,33548,,,-23.632452999999998,-46.7480465,,,,2,2023-06-19T02:20:14+00:00
SAO_736G-10,São Paulo,3550308,True,,33548,,,-23.641754125,-46.714228125000005,,,,2,2023-06-19T02:20:12+00:00
SAO_273X-10,São Paulo,3550308,True,EMTU,392,https://moovitapp.com/index/pt-br/transporte_p%C3%BAblico-line-392-Sao_Paulo-242-2038937-36419460-0,5.8,-23.509484,-46.477599875,,,,1,2023-06-19T02:19:54+00:00
SAO_273X-10,São Paulo,3550308,True,EMTU,392,https://moovitapp.com/index/pt-br/transporte_p%C3%BAblico-line-392-Sao_Paulo-242-2038937-36419460-0,5.8,-23.498847750000003,-46.37669425,,,,1,2023-06-19T02:20:13+00:00
SAO_273X-10,São Paulo,3550308,True,EMTU,392,https://moovitapp.com/index/pt-br/transporte_p%C3%BAblico-line-392-Sao_Paulo-242-2038937-36419460-0,5.8,-23.49448,-46.414542499999996,,,,1,2023-06-19T02:20:21+00:00
SAO_273X-10,São Paulo,3550308,True,EMTU,392,https://moovitapp.com/index/pt-br/transporte_p%C3%BAblico-line-392-Sao_Paulo-242-2038937-36419460-0,5.8,-23.498495,-46.376676,,,,1,2023-06-19T02:20:05+00:00
SAO_273X-10,São Paulo,3550308,True,EMTU,392,https://moovitapp.com/index/pt-br/transporte_p%C3%BAblico-line-392-Sao_Paulo-242-2038937-36419460-0,5.8,-23.540452000000002,-46.483401,,,,1,2023-06-19T02:19:58+00:00
SAO_6080-10,São Paulo,3550308,True,,33936,,,-23.676112,-46.6793815,,,,2,2023-06-19T02:20:03+00:00
SAO_6080-10,São Paulo,3550308,True,,33936,,,-23.756238500000002,-46.669761,,,,2,2023-06-19T02:19:54+00:00
SAO_6080-10,São Paulo,3550308,True,,33936,,,-23.756319499999996,-46.66890775,,,,2,2023-06-19T02:19:54+00:00
SAO_3001-10,São Paulo,3550308,True,,1650,,,-23.494270999999998,-46.4020745,,,,1,2023-06-19T02:20:06+00:00
SAO_3001-10,São Paulo,3550308,True,,1650,,,-23.5111565,-46.378928,,,,1,2023-06-19T02:19:36+00:00
SAO_3001-10,São Paulo,3550308,True,,1650,,,-23.491656,-46.434244,,,,1,2023-06-19T02:20:11+00:00
SAO_4053-10,São Paulo,3550308,True,,34914,,,-23.55280925,-46.3944755,,,,2,2023-06-19T02:19:39+00:00
SAO_4315-10,São Paulo,3550308,True,,2175,,,-23.540844,-46.550222500000004,,,,1,2023-06-19T02:20:03+00:00
SAO_4315-10,São Paulo,3550308,True,,2175,,,-23.54645675,-46.629903999999996,,,,1,2023-06-19T02:20:03+00:00
SAO_2710-10,São Paulo,3550308,True,,924,,,-23.519482,-46.495056000000005,,,,1,2023-06-19T02:20:19+00:00
SAO_5652-22,São Paulo,3550308,True,,2516,,,-23.59664075,-46.650501250000005,,,,1,2023-06-19T02:19:58+00:00
SAO_5652-22,São Paulo,3550308,True,,2516,,,-23.676727,-46.6801245,,,,1,2023-06-19T02:19:52+00:00
SAO_5652-22,São Paulo,3550308,True,,2516,,,-23.705,-46.688339,,,,1,2023-06-19T02:19:46+00:00
SAO_2104-10,São Paulo,3550308,True,,35023,,,-23.503036,-46.624043,,,,2,2023-06-19T02:20:12+00:00
SAO_2755-10,São Paulo,3550308,True,STT,233,https://moovitapp.com/index/pt-br/transporte_p%C3%BAblico-line-233-Sao_Paulo-242-850661-183266-0,5.3,-23.521472250000002,-46.525711,,,,1,2023-06-19T02:19:50+00:00
SAO_2755-10,São Paulo,3550308,True,STT,233,https://moovitapp.com/index/pt-br/transporte_p%C3%BAblico-line-233-Sao_Paulo-242-850661-183266-0,5.3,-23.542219000000003,-46.414599,,,,1,2023-06-19T02:19:47+00:00
SAO_3773-10,São Paulo,3550308,True,,1059,,,-23.54601875,-46.5278985,,,,1,2023-06-19T02:20:05+00:00
SAO_3773-10,São Paulo,3550308,True,,1059,,,-23.598484499999998,-46.467799,,,,1,2023-06-19T02:20:22+00:00
SAO_677V-10,São Paulo,3550308,True,EMTU,112,https://moovitapp.com/index/pt-br/transporte_p%C3%BAblico-line-112-Sao_Paulo-242-2038937-36419272-0,5.7,-23.72962825,-46.691646250000005,,,,1,2023-06-19T02:20:14+00:00
SAO_352A-10,São Paulo,3550308,True,,164,,,-23.613302,-46.4764105,,,,1,2023-06-19T02:19:44+00:00
SAO_352A-10,São Paulo,3550308,True,,164,,,-23.613432500000002,-46.476448,,,,1,2023-06-19T02:19:57+00:00
SAO_352A-10,São Paulo,3550308,True,,164,,,-23.47485725,-46.423556500000004,,,,1,2023-06-19T02:20:19+00:00
SAO_4709-10,São Paulo,3550308,True,,333,,,-23.653377,-46.6069295,,,,1,2023-06-19T02:19:53+00:00
SAO_4709-10,São Paulo,3550308,True,,333,,,-23.653377,-46.6069295,,,,1,2023-06-19T02:19:34+00:00
SAO_8548-10,São Paulo,3550308,True,,33346,,,-23.446651625,-46.715378375,,,,2,2023-06-19T02:19:45+00:00
SAO_8548-10,São Paulo,3550308,True,,33346,,,-23.446378875,-46.71538712499999,,,,2,2023-06-19T02:19:51+00:00
SAO_7062-10,São Paulo,3550308,True,,1898,,,-23.633584,-46.7734315,,,,1,2023-06-19T02:20:08+00:00
SAO_6072-10,São Paulo,3550308,True,,1588,,,-23.766939,-46.716361,,,,1,2023-06-19T02:19:50+00:00
SAO_6072-10,São Paulo,3550308,True,,1588,,,-23.8008275,-46.7109595,,,,1,2023-06-19T02:19:11+00:00
SAO_175P-10,São Paulo,3550308,True,,33443,,,-23.512656,-46.653401,,,,2,2023-06-19T02:19:48+00:00
SAO_175P-10,São Paulo,3550308,True,,33443,,,-23.5277455,-46.6621665,,,,2,2023-06-19T02:19:47+00:00
SAO_175P-10,São Paulo,3550308,True,,33443,,,-23.502966999999998,-46.6260415,,,,2,2023-06-19T02:19:58+00:00
SAO_175P-10,São Paulo,3550308,True,,33443,,,-23.503169,-46.64256125,,,,2,2023-06-19T02:19:51+00:00
SAO_175P-10,São Paulo,3550308,True,,33443,,,-23.581401,-46.6383005,,,,2,2023-06-19T02:19:58+00:00
SAO_4721-10,São Paulo,3550308,True,,33105,,,-23.621927499999998,-46.6287995,,,,2,2023-06-19T02:19:45+00:00
SAO_4721-10,São Paulo,3550308,True,,33105,,,-23.6433695,-46.641267,,,,2,2023-06-19T02:20:00+00:00
SAO_805L-10,São Paulo,3550308,True,EMTU,124,https://moovitapp.com/index/pt-br/transporte_p%C3%BAblico-line-124-Sao_Paulo-242-2038937-36419282-0,5.15,-23.5697175,-46.632588,,,,1,2023-06-19T02:20:02+00:00
SAO_805L-10,São Paulo,3550308,True,EMTU,124,https://moovitapp.com/index/pt-br/transporte_p%C3%BAblico-line-124-Sao_Paulo-242-2038937-36419282-0,5.15,-23.539961749999996,-46.639956,,,,1,2023-06-19T02:20:02+00:00
SAO_513C-10,São Paulo,3550308,True,,35303,,,-23.614544,-46.500679,,,,2,2023-06-19T02:20:04+00:00
SAO_577T-10,São Paulo,3550308,True,,1291,,,-23.62720175,-46.64218175,,,,1,2023-06-19T02:19:51+00:00
SAO_577T-10,São Paulo,3550308,True,,1291,,,-23.686354,-46.633506,,,,1,2023-06-19T02:19:44+00:00
SAO_577T-10,São Paulo,3550308,True,,1291,,,-23.600370625000004,-46.644272875,,,,1,2023-06-19T02:20:12+00:00
SAO_2712-10,São Paulo,3550308,True,,33694,,,-23.5322265,-46.485399,,,,2,2023-06-19T02:19:57+00:00
SAO_2712-10,São Paulo,3550308,True,,33694,,,-23.5268035,-46.478916999999996,,,,2,2023-06-19T02:20:07+00:00
SAO_8024-10,São Paulo,3550308,True,,34843,,,-23.594329374999997,-46.736932125,,,,2,2023-06-19T02:20:14+00:00
SAO_6960-10,São Paulo,3550308,True,,1443,,,-23.68867025,-46.714552999999995,,,,1,2023-06-19T02:19:45+00:00
SAO_6960-10,São Paulo,3550308,True,,1443,,,-23.745469,-46.70713275,,,,1,2023-06-19T02:20:06+00:00
SAO_6960-10,São Paulo,3550308,True,,1443,,,-23.751314999999998,-46.710595999999995,,,,1,2023-06-19T02:20:09+00:00
SAO_6960-10,São Paulo,3550308,True,,1443,,,-23.766952500000002,-46.7161155,,,,1,2023-06-19T02:20:02+00:00
SAO_2031-10,São Paulo,3550308,True,,33135,,,-23.50574925,-46.37263675,,,,2,2023-06-19T02:19:55+00:00
SAO_2031-10,São Paulo,3550308,True,,33135,,,-23.51471175,-46.45323175,,,,2,2023-06-19T02:16:43+00:00
SAO_2031-10,São Paulo,3550308,True,,33135,,,-23.50584575,-46.37234624999999,,,,2,2023-06-19T02:19:40+00:00
SAO_669A-10,São Paulo,3550308,True,,4,,,-23.559697874999998,-46.65833550000001,,,,1,2023-06-19T02:20:07+00:00
SAO_669A-10,São Paulo,3550308,True,,4,,,-23.654157,-46.7105825,,,,1,2023-06-19T02:20:17+00:00
SAO_669A-10,São Paulo,3550308,True,,4,,,-23.638920249999998,-46.696384,,,,1,2023-06-19T02:20:21+00:00
SAO_669A-10,São Paulo,3550308,True,,4,,,-23.654157,-46.7105825,,,,1,2023-06-19T02:20:18+00:00
SAO_6412-10,São Paulo,3550308,True,,33538,,,-23.61699275,-46.720967,,,,2,2023-06-19T02:19:39+00:00
SAO_6412-10,São Paulo,3550308,True,,33538,,,-23.5858555,-46.6728105,,,,2,2023-06-19T02:20:05+00:00
SAO_6412-10,São Paulo,3550308,True,,33538,,,-23.5676645,-46.6490005,,,,2,2023-06-19T02:19:50+00:00
SAO_5757-51,São Paulo,3550308,True,,34744,,,-23.635112499999998,-46.640995000000004,,,,2,2023-06-19T02:19:20+00:00
SAO_5757-51,São Paulo,3550308,True,,34744,,,-23.635112499999998,-46.640995000000004,,,,2,2023-06-19T02:18:47+00:00
SAO_5757-51,São Paulo,3550308,True,,34744,,,-23.635112499999998,-46.640995000000004,,,,2,2023-06-19T02:19:59+00:00
SAO_5757-51,São Paulo,3550308,True,,34744,,,-23.70771575,-46.6411915,,,,2,2023-06-19T02:19:48+00:00
SAO_5757-51,São Paulo,3550308,True,,34744,,,-23.707572,-46.641307,,,,2,2023-06-19T02:20:19+00:00
SAO_5757-51,São Paulo,3550308,True,,34744,,,-23.635112499999998,-46.640995000000004,,,,2,2023-06-19T02:18:07+00:00
SAO_5757-51,São Paulo,3550308,True,,34744,,,-23.635112499999998,-46.640995000000004,,,,2,2023-06-19T02:19:54+00:00
SAO_5757-51,São Paulo,3550308,True,,34744,,,-23.635112499999998,-46.640995000000004,,,,2,2023-06-19T02:18:23+00:00
SAO_5757-51,São Paulo,3550308,True,,34744,,,-23.696272999999998,-46.649910500000004,,,,2,2023-06-19T02:14:45+00:00
SAO_6338-10,São Paulo,3550308,True,,34061,,,-23.617099749999998,-46.638982,,,,2,2023-06-19T02:20:10+00:00
SAO_6338-10,São Paulo,3550308,True,,34061,,,-23.65056375,-46.64732375,,,,2,2023-06-19T02:20:21+00:00
SAO_6338-10,São Paulo,3550308,True,,34061,,,-23.679181,-46.640398000000005,,,,2,2023-06-19T02:20:19+00:00
SAO_4706-10,São Paulo,3550308,True,,299,,,-23.590663999999997,-46.632988749999996,,,,1,2023-06-19T02:19:58+00:00
SAO_6042-10,São Paulo,3550308,True,,1219,,,-23.6767715,-46.766473875,,,,1,2023-06-19T02:19:38+00:00
SAO_508L-10,São Paulo,3550308,True,EMTU,117,https://moovitapp.com/index/pt-br/transporte_p%C3%BAblico-line-117-Sao_Paulo-242-2038937-36419277-0,4.8,-23.565439499999997,-46.651795875000005,,,,1,2023-06-19T02:19:52+00:00
SAO_8072-10,São Paulo,3550308,True,,2079,,,-23.642163,-46.766020499999996,,,,1,2023-06-19T02:20:11+00:00
SAO_8072-10,São Paulo,3550308,True,,2079,,,-23.642163,-46.766020499999996,,,,1,2023-06-19T02:19:42+00:00
SAO_8072-10,São Paulo,3550308,True,,2079,,,-23.585391,-46.724407,,,,1,2023-06-19T02:20:18+00:00
SAO_8072-10,São Paulo,3550308,True,,2079,,,-23.6370915,-46.761708,,,,1,2023-06-19T02:20:09+00:00
SAO_8000-10,São Paulo,3550308,True,,34041,,,-23.53741875,-46.648948,,,,2,2023-06-19T02:19:41+00:00
SAO_8000-10,São Paulo,3550308,True,,34041,,,-23.520992749999998,-46.699836,,,,2,2023-06-19T02:19:51+00:00
SAO_9717-10,São Paulo,3550308,True,,817,,,-23.515621000000003,-46.644163,,,,1,2023-06-19T02:19:40+00:00
SAO_9717-10,São Paulo,3550308,True,,817,,,-23.481703,-46.683695,,,,1,2023-06-19T02:20:08+00:00
SAO_1702-10,São Paulo,3550308,True,,846,,,-23.512515,-46.6251575,,,,1,2023-06-19T02:19:49+00:00
SAO_1702-10,São Paulo,3550308,True,,846,,,-23.484924499999998,-46.6038955,,,,1,2023-06-19T02:19:42+00:00
SAO_715M-10,São Paulo,3550308,True,,33258,,,-23.5828845,-46.7617605,,,,2,2023-06-19T02:19:58+00:00
SAO_715M-10,São Paulo,3550308,True,,33258,,,-23.5828845,-46.7617605,,,,2,2023-06-19T02:19:58+00:00
SAO_715M-10,São Paulo,3550308,True,,33258,,,-23.5855045,-46.75535000000001,,,,2,2023-06-19T02:19:54+00:00
SAO_6816-10,São Paulo,3550308,True,,32794,,,-23.652935499999998,-46.776088,,,,2,2023-06-19T02:19:45+00:00
SAO_6816-10,São Paulo,3550308,True,,32794,,,-23.647291250000002,-46.78659725,,,,2,2023-06-19T02:20:01+00:00
SAO_172N-10,São Paulo,3550308,True,,664,,,-23.5072555,-46.5961085,,,,1,2023-06-19T02:20:10+00:00
SAO_8686-21,São Paulo,3550308,True,,35253,,,-23.499295500000002,-46.747042,,,,2,2023-06-19T02:19:57+00:00
SAO_8686-21,São Paulo,3550308,True,,35253,,,-23.519985,-46.700343,,,,2,2023-06-19T02:19:40+00:00
SAO_9018-10,São Paulo,3550308,True,,34039,,,-23.486429,-46.726637,,,,2,2023-06-19T02:20:01+00:00
SAO_9018-10,São Paulo,3550308,True,,34039,,,-23.4698875,-46.721775,,,,2,2023-06-19T02:19:41+00:00
SAO_527R-10,São Paulo,3550308,True,,271,,,-23.6584155,-46.6984925,,,,1,2023-06-19T02:19:46+00:00
SAO_527R-10,São Paulo,3550308,True,,271,,,-23.66048975,-46.662360500000005,,,,1,2023-06-19T02:19:54+00:00
SAO_172K-10,São Paulo,3550308,True,,857,,,-23.4791215,-46.60839025,,,,1,2023-06-19T02:20:07+00:00
SAO_172K-10,São Paulo,3550308,True,,857,,,-23.509325,-46.591716000000005,,,,1,2023-06-19T02:19:43+00:00
SAO_172K-10,São Paulo,3550308,True,,857,,,-23.499728,-46.59703475,,,,1,2023-06-19T02:19:38+00:00
SAO_8200-10,São Paulo,3550308,True,,34031,,,-23.5201365,-46.700402999999994,,,,2,2023-06-19T02:19:53+00:00
SAO_3785-10,São Paulo,3550308,True,,33831,,,-23.5818055,-46.39546575,,,,2,2023-06-19T02:19:40+00:00
SAO_3785-10,São Paulo,3550308,True,,33831,,,-23.591703000000003,-46.3941935,,,,2,2023-06-19T02:20:04+00:00
SAO_3785-10,São Paulo,3550308,True,,33831,,,-23.542668499999998,-46.471506500000004,,,,2,2023-06-19T02:20:20+00:00
SAO_3785-10,São Paulo,3550308,True,,33831,,,-23.5947675,-46.444869999999995,,,,2,2023-06-19T02:20:14+00:00
SAO_809U-21,São Paulo,3550308,True,,2307,,,-23.54645025,-46.690705,,,,1,2023-06-19T02:19:36+00:00
SAO_809U-21,São Paulo,3550308,True,,2307,,,-23.5466355,-46.69045,,,,1,2023-06-19T02:20:14+00:00
SAO_874T-10,São Paulo,3550308,True,,33075,,,-23.577866874999998,-46.601438,,,,2,2023-06-19T02:19:47+00:00
SAO_874T-10,São Paulo,3550308,True,,33075,,,-23.546972250000003,-46.658325250000004,,,,2,2023-06-19T02:20:03+00:00
SAO_874T-10,São Paulo,3550308,True,,33075,,,-23.58925,-46.63376375,,,,2,2023-06-19T02:20:21+00:00
SAO_1017-10,São Paulo,3550308,True,,2141,,,-23.431331,-46.72053,,,,1,2023-06-19T02:20:17+00:00
SAO_1017-10,São Paulo,3550308,True,,2141,,,-23.460534,-46.71540400000001,,,,1,2023-06-19T02:20:08+00:00
SAO_3734-10,São Paulo,3550308,True,,33802,,,-23.552827,-46.472971,,,,2,2023-06-19T02:20:18+00:00
SAO_3734-10,São Paulo,3550308,True,,33802,,,-23.555499500000003,-46.4681885,,,,2,2023-06-19T02:19:49+00:00
SAO_3734-10,São Paulo,3550308,True,,33802,,,-23.552827,-46.472971,,,,2,2023-06-19T02:19:39+00:00
SAO_3734-10,São Paulo,3550308,True,,33802,,,-23.54176,-46.4834655,,,,2,2023-06-19T02:20:12+00:00
SAO_2008-10,São Paulo,3550308,True,,33665,,,-23.52114525,-46.38738525,,,,2,2023-06-19T02:19:39+00:00
SAO_2008-10,São Paulo,3550308,True,,33665,,,-23.5188675,-46.3875915,,,,2,2023-06-19T02:19:22+00:00
SAO_3735-10,São Paulo,3550308,True,,1035,,,-23.540855999999998,-46.4849405,,,,1,2023-06-19T02:19:58+00:00
SAO_3735-10,São Paulo,3550308,True,,1035,,,-23.540855999999998,-46.4849405,,,,1,2023-06-19T02:20:00+00:00
SAO_3735-10,São Paulo,3550308,True,,1035,,,-23.5459505,-46.49558925,,,,1,2023-06-19T02:19:58+00:00
SAO_5018-31,São Paulo,3550308,True,,34629,,,-23.6931685,-46.652756499999995,,,,2,2023-06-19T02:16:50+00:00
SAO_5018-31,São Paulo,3550308,True,,34629,,,-23.64662525,-46.64058625,,,,2,2023-06-19T02:20:21+00:00
SAO_5123-10,São Paulo,3550308,True,,33893,,,-23.6208710625,-46.639815687500004,,,,2,2023-06-19T02:19:48+00:00
SAO_5123-10,São Paulo,3550308,True,,33893,,,-23.678922999999998,-46.630571,,,,2,2023-06-19T02:19:38+00:00
SAO_5123-10,São Paulo,3550308,True,,33893,,,-23.678445,-46.641012,,,,2,2023-06-19T02:19:42+00:00
SAO_546L-10,São Paulo,3550308,True,,34053,,,-23.674671,-46.661978500000004,,,,2,2023-06-19T02:19:40+00:00
SAO_546L-10,São Paulo,3550308,True,,34053,,,-23.68736075,-46.63911025,,,,2,2023-06-19T02:19:59+00:00
SAO_546L-10,São Paulo,3550308,True,,34053,,,-23.6784805,-46.684785500000004,,,,2,2023-06-19T02:20:12+00:00
SAO_8050-10,São Paulo,3550308,True,,33180,,,-23.442098,-46.791021,,,,2,2023-06-19T02:20:03+00:00
SAO_8050-10,São Paulo,3550308,True,,33180,,,-23.511011500000002,-46.7276125,,,,2,2023-06-19T02:19:48+00:00
SAO_8050-10,São Paulo,3550308,True,,33180,,,-23.440855,-46.790087,,,,2,2023-06-19T02:20:18+00:00
SAO_2010-10,São Paulo,3550308,True,,2104,,,-23.5166865,-46.625269,,,,1,2023-06-19T02:20:18+00:00
SAO_1760-10,São Paulo,3550308,True,,33325,,,-23.457126,-46.65923775,,,,2,2023-06-19T02:20:02+00:00
SAO_1760-10,São Paulo,3550308,True,,33325,,,-23.457126,-46.65923775,,,,2,2023-06-19T02:20:01+00:00
SAO_1760-10,São Paulo,3550308,True,,33325,,,-23.4670375,-46.663279,,,,2,2023-06-19T02:20:00+00:00
SAO_875C-1,São Paulo,3550308,True,,2510,,,-23.5201835,-46.699305499999994,,,,1,2023-06-19T02:20:17+00:00
SAO_8012-10,São Paulo,3550308,True,,2023,,,-23.564584000000004,-46.7133085,,,,1,2023-06-19T02:20:16+00:00
SAO_6044-10,São Paulo,3550308,True,,33989,,,-23.6463545,-46.707772000000006,,,,2,2023-06-19T02:19:41+00:00
SAO_6044-10,São Paulo,3550308,True,,33989,,,-23.676944,-46.7986715,,,,2,2023-06-19T02:20:06+00:00
SAO_6044-10,São Paulo,3550308,True,,33989,,,-23.6738115,-46.7878465,,,,2,2023-06-19T02:20:16+00:00
SAO_4002-10,São Paulo,3550308,True,,2177,,,-23.540879,-46.456956,,,,1,2023-06-19T02:19:41+00:00
SAO_4002-10,São Paulo,3550308,True,,2177,,,-23.581443999999998,-46.490016,,,,1,2023-06-19T02:19:35+00:00
SAO_7062-41,São Paulo,3550308,True,,2271,,,-23.649676499999998,-46.7584875,,,,1,2023-06-19T02:19:39+00:00
SAO_5091-10,São Paulo,3550308,True,,1523,,,-23.6890775,-46.637954,,,,1,2023-06-19T02:19:54+00:00
SAO_5091-10,São Paulo,3550308,True,,1523,,,-23.628226125,-46.643981375,,,,1,2023-06-19T02:20:11+00:00
SAO_9004-10,São Paulo,3550308,True,,871,,,-23.457195499999997,-46.685354,,,,1,2023-06-19T02:20:08+00:00
SAO_9004-10,São Paulo,3550308,True,,871,,,-23.457195499999997,-46.685354,,,,1,2023-06-19T02:20:15+00:00
SAO_6837-10,São Paulo,3550308,True,,32774,,,-23.642982500000002,-46.7627005,,,,2,2023-06-19T02:19:45+00:00
SAO_8014-10,São Paulo,3550308,True,,801,,,-23.407142,-46.7610835,,,,1,2023-06-19T02:20:06+00:00
SAO_8014-10,São Paulo,3550308,True,,801,,,-23.4457545,-46.789125999999996,,,,1,2023-06-19T02:20:10+00:00
SAO_6030-10,São Paulo,3550308,True,,1142,,,-23.653841,-46.710967,,,,1,2023-06-19T02:20:09+00:00
SAO_6030-10,São Paulo,3550308,True,,1142,,,-23.741073,-46.707885000000005,,,,1,2023-06-19T02:20:15+00:00
SAO_6030-10,São Paulo,3550308,True,,1142,,,-23.741073,-46.707885000000005,,,,1,2023-06-19T02:20:07+00:00
SAO_6030-10,São Paulo,3550308,True,,1142,,,-23.741073,-46.707885000000005,,,,1,2023-06-19T02:20:13+00:00
SAO_6030-10,São Paulo,3550308,True,,1142,,,-23.677174,-46.69760425,,,,1,2023-06-19T02:20:02+00:00
SAO_6030-10,São Paulo,3550308,True,,1142,,,-23.741073,-46.707885000000005,,,,1,2023-06-19T02:19:50+00:00
SAO_4025-10,São Paulo,3550308,True,,33863,,,-23.607989375000002,-46.553975375,,,,2,2023-06-19T02:19:50+00:00
SAO_4025-10,São Paulo,3550308,True,,33863,,,-23.5727215,-46.5786605,,,,2,2023-06-19T02:19:58+00:00
SAO_4025-10,São Paulo,3550308,True,,33863,,,-23.605474,-46.563,,,,2,2023-06-19T02:20:08+00:00
SAO_719P-10,São Paulo,3550308,True,,34140,,,-23.55439725,-46.66294,,,,2,2023-06-19T02:20:13+00:00
SAO_719P-10,São Paulo,3550308,True,,34140,,,-23.5658305,-46.701625500000006,,,,2,2023-06-19T02:19:49+00:00
SAO_8528-10,São Paulo,3550308,True,,575,,,-23.542927,-46.6365225,,,,1,2023-06-19T02:20:08+00:00
SAO_8528-10,São Paulo,3550308,True,,575,,,-23.524459999999998,-46.6712435,,,,1,2023-06-19T02:20:20+00:00
SAO_8528-10,São Paulo,3550308,True,,575,,,-23.461451,-46.689819,,,,1,2023-06-19T02:20:14+00:00
SAO_8528-10,São Paulo,3550308,True,,575,,,-23.45985725,-46.698544,,,,1,2023-06-19T02:20:20+00:00
SAO_5032-10,São Paulo,3550308,True,,34430,,,-23.601829249999998,-46.58640175,,,,2,2023-06-19T02:19:51+00:00
SAO_5032-10,São Paulo,3550308,True,,34430,,,-23.630733499999998,-46.58568725,,,,2,2023-06-19T02:20:01+00:00
SAO_N633-11,São Paulo,3550308,True,,2398,,,-23.646105499999997,-46.6450805,,,,1,2023-06-19T02:19:40+00:00
SAO_6063-43,São Paulo,3550308,True,,35248,,,-23.8149625,-46.669669,,,,2,2023-06-19T02:19:38+00:00
SAO_8705-51,São Paulo,3550308,True,,34858,,,-23.5474995,-46.640241,,,,2,2023-06-19T02:19:51+00:00
SAO_8705-51,São Paulo,3550308,True,,34858,,,-23.548139,-46.7517815,,,,2,2023-06-19T02:20:08+00:00
SAO_8705-51,São Paulo,3550308,True,,34858,,,-23.560122500000002,-46.747219125,,,,2,2023-06-19T02:20:16+00:00
SAO_8705-51,São Paulo,3550308,True,,34858,,,-23.568402499999998,-46.6858985,,,,2,2023-06-19T02:20:02+00:00
SAO_6821-10,São Paulo,3550308,True,,32789,,,-23.6662345,-46.771350999999996,,,,2,2023-06-19T02:19:48+00:00
SAO_6821-10,São Paulo,3550308,True,,32789,,,-23.686324,-46.7810235,,,,2,2023-06-19T02:19:43+00:00
SAO_1722-10,São Paulo,3550308,True,,864,,,-23.457732749999998,-46.603072999999995,,,,1,2023-06-19T02:17:08+00:00
SAO_1722-10,São Paulo,3550308,True,,864,,,-23.474802500000003,-46.66820249999999,,,,1,2023-06-19T02:20:19+00:00
SAO_1722-10,São Paulo,3550308,True,,864,,,-23.479046500000003,-46.6015705,,,,1,2023-06-19T02:20:05+00:00
SAO_1722-10,São Paulo,3550308,True,,864,,,-23.47034875,-46.6493545,,,,1,2023-06-19T02:15:34+00:00
SAO_1722-10,São Paulo,3550308,True,,864,,,-23.469404249999997,-46.645963,,,,1,2023-06-19T02:18:08+00:00
SAO_3029-10,São Paulo,3550308,True,,966,,,-23.586398250000002,-46.51051875,,,,1,2023-06-19T02:19:58+00:00
SAO_3029-10,São Paulo,3550308,True,,966,,,-23.5410925,-46.577089,,,,1,2023-06-19T02:20:20+00:00
SAO_3029-10,São Paulo,3550308,True,,966,,,-23.54292375,-46.56343075,,,,1,2023-06-19T02:20:22+00:00
SAO_3029-10,São Paulo,3550308,True,,966,,,-23.548434999999998,-46.54091875,,,,1,2023-06-19T02:20:14+00:00
SAO_695T-51,São Paulo,3550308,True,,34627,,,-23.60336625,-46.6620935,,,,2,2023-06-19T02:19:59+00:00
SAO_695T-51,São Paulo,3550308,True,,34627,,,-23.6546575,-46.761719,,,,2,2023-06-19T02:19:50+00:00
SAO_695T-51,São Paulo,3550308,True,,34627,,,-23.648122,-46.748729499999996,,,,2,2023-06-19T02:20:11+00:00
SAO_4011-10,São Paulo,3550308,True,,34952,,,-23.595477874999997,-46.438803875000005,,,,2,2023-06-19T02:19:59+00:00
SAO_4011-10,São Paulo,3550308,True,,34952,,,-23.6133025,-46.4761525,,,,2,2023-06-19T02:20:05+00:00
SAO_4011-10,São Paulo,3550308,True,,34952,,,-23.6227125,-46.414294,,,,2,2023-06-19T02:20:22+00:00
SAO_4011-10,São Paulo,3550308,True,,34952,,,-23.6224175,-46.414038500000004,,,,2,2023-06-19T02:19:52+00:00
SAO_3725-10,São Paulo,3550308,True,,1022,,,-23.54820725,-46.51843875,,,,1,2023-06-19T02:19:47+00:00
SAO_3725-10,São Paulo,3550308,True,,1022,,,-23.540629000000003,-46.5246345,,,,1,2023-06-19T02:20:20+00:00
SAO_8215-10,São Paulo,3550308,True,,33342,,,-23.490488499999998,-46.6945085,,,,2,2023-06-19T02:20:03+00:00
SAO_8215-10,São Paulo,3550308,True,,33342,,,-23.54041275,-46.64378075,,,,2,2023-06-19T02:20:12+00:00
SAO_3741-10,São Paulo,3550308,True,,1041,,,-23.551269625,-46.450650375,,,,1,2023-06-19T02:19:45+00:00
SAO_3741-10,São Paulo,3550308,True,,1041,,,-23.55468175,-46.464259,,,,1,2023-06-19T02:20:21+00:00
SAO_3741-10,São Paulo,3550308,True,,1041,,,-23.551269625,-46.450650375,,,,1,2023-06-19T02:19:43+00:00
SAO_3741-10,São Paulo,3550308,True,,1041,,,-23.542065,-46.449332,,,,1,2023-06-19T02:20:13+00:00
SAO_573H-10,São Paulo,3550308,True,,34398,,,-23.5766975,-46.5496675,,,,2,2023-06-19T02:19:49+00:00
SAO_573H-10,São Paulo,3550308,True,,34398,,,-23.601396,-46.5029855,,,,2,2023-06-19T02:20:07+00:00
SAO_573H-10,São Paulo,3550308,True,,34398,,,-23.560946625,-46.59329087500001,,,,2,2023-06-19T02:20:14+00:00
SAO_573H-10,São Paulo,3550308,True,,34398,,,-23.607125500000002,-46.502144,,,,2,2023-06-19T02:20:13+00:00
SAO_3766-51,São Paulo,3550308,True,,2575,,,-23.54940475,-46.4286065,,,,1,2023-06-19T02:19:48+00:00
SAO_3766-51,São Paulo,3550308,True,,2575,,,-23.54940475,-46.4286065,,,,1,2023-06-19T02:20:00+00:00
SAO_3766-51,São Paulo,3550308,True,,2575,,,-23.5385695,-46.438833,,,,1,2023-06-19T02:20:14+00:00
SAO_2705-10,São Paulo,3550308,True,,917,,,-23.545738,-46.393099500000005,,,,1,2023-06-19T02:17:25+00:00
SAO_2705-10,São Paulo,3550308,True,,917,,,-23.537307374999997,-46.454972875,,,,1,2023-06-19T02:19:48+00:00
SAO_2705-10,São Paulo,3550308,True,,917,,,-23.545738,-46.393099500000005,,,,1,2023-06-19T02:20:18+00:00
SAO_6804-10,São Paulo,3550308,True,BR7 Mobilidade,30,https://moovitapp.com/index/pt-br/transporte_p%C3%BAblico-line-30-Sao_Paulo-242-851856-500112-0,5.75,-23.6362425,-46.7480205,,,,1,2023-06-19T02:20:10+00:00
SAO_408A-10,São Paulo,3550308,True,,33534,,,-23.545501,-46.644468,,,,2,2023-06-19T02:20:23+00:00
SAO_408A-10,São Paulo,3550308,True,,33534,,,-23.545476999999998,-46.6453635,,,,2,2023-06-19T02:20:20+00:00
SAO_408A-10,São Paulo,3550308,True,,33534,,,-23.55488975,-46.63313975,,,,2,2023-06-19T02:19:44+00:00
SAO_364A-10,São Paulo,3550308,True,,1246,,,-23.596734,-46.534451000000004,,,,1,2023-06-19T02:19:47+00:00
SAO_364A-10,São Paulo,3550308,True,,1246,,,-23.584286125,-46.602736125,,,,1,2023-06-19T02:20:11+00:00
SAO_364A-10,São Paulo,3550308,True,,1246,,,-23.5632085,-46.5012665,,,,1,2023-06-19T02:19:41+00:00
SAO_364A-10,São Paulo,3550308,True,,1246,,,-23.60707,-46.501771000000005,,,,1,2023-06-19T02:20:18+00:00
SAO_5614-21,São Paulo,3550308,True,,35232,,,-23.7160135,-46.624853,,,,2,2023-06-19T02:20:03+00:00
SAO_5614-21,São Paulo,3550308,True,,35232,,,-23.715806999999998,-46.626348500000006,,,,2,2023-06-19T02:20:15+00:00
SAO_2201-10,São Paulo,3550308,True,,33677,,,-23.534149,-46.3992765,,,,2,2023-06-19T02:20:12+00:00
SAO_199D-10,São Paulo,3550308,True,,34903,,,-23.53485875,-46.68688775,,,,2,2023-06-19T02:20:05+00:00
SAO_199D-10,São Paulo,3550308,True,,34903,,,-23.5674235,-46.7010445,,,,2,2023-06-19T02:20:10+00:00
SAO_199D-10,São Paulo,3550308,True,,34903,,,-23.507522,-46.705747,,,,2,2023-06-19T02:20:16+00:00
SAO_6013-10,São Paulo,3550308,True,,186,,,-23.688184,-46.772277125,,,,1,2023-06-19T02:19:53+00:00
SAO_6013-10,São Paulo,3550308,True,,186,,,-23.652586625,-46.72356512500001,,,,1,2023-06-19T02:20:15+00:00
SAO_6L01-10,São Paulo,3550308,True,,1171,,,-23.7676985,-46.716468500000005,,,,1,2023-06-19T02:19:51+00:00
SAO_6L01-10,São Paulo,3550308,True,,1171,,,-23.8380465,-46.732744,,,,1,2023-06-19T02:20:17+00:00
SAO_8400-10,São Paulo,3550308,True,,34033,,,-23.50919725,-46.70559299999999,,,,2,2023-06-19T02:20:02+00:00
SAO_8400-10,São Paulo,3550308,True,,34033,,,-23.486121,-46.726629624999994,,,,2,2023-06-19T02:19:48+00:00
SAO_8400-10,São Paulo,3550308,True,,34033,,,-23.5279289375,-46.670851125,,,,2,2023-06-19T02:20:11+00:00
SAO_8400-10,São Paulo,3550308,True,,34033,,,-23.485809000000003,-46.726257125,,,,2,2023-06-19T02:19:44+00:00
SAO_8400-10,São Paulo,3550308,True,,34033,,,-23.542474749999997,-46.64009975,,,,2,2023-06-19T02:20:06+00:00
SAO_8400-10,São Paulo,3550308,True,,34033,,,-23.486277,-46.726815875,,,,2,2023-06-19T02:19:59+00:00
SAO_702U-22,São Paulo,3550308,True,,2581,,,-23.5464,-46.630947500000005,,,,1,2023-06-19T02:19:55+00:00
SAO_702U-22,São Paulo,3550308,True,,2581,,,-23.5719835,-46.706426500000006,,,,1,2023-06-19T02:20:18+00:00
SAO_702U-22,São Paulo,3550308,True,,2581,,,-23.571887,-46.7083135,,,,1,2023-06-19T02:20:10+00:00
SAO_702U-22,São Paulo,3550308,True,,2581,,,-23.571887,-46.7083135,,,,1,2023-06-19T02:20:07+00:00
SAO_6804-10,São Paulo,3550308,True,,32798,,,-23.642863249999998,-46.73661775000001,,,,2,2023-06-19T02:20:15+00:00
SAO_6804-10,São Paulo,3550308,True,,32798,,,-23.635654000000002,-46.747935999999996,,,,2,2023-06-19T02:20:17+00:00
SAO_139A-10,São Paulo,3550308,True,,35219,,,-23.5058345,-46.7059675,,,,2,2023-06-19T02:20:18+00:00
SAO_2723-10,São Paulo,3550308,True,,937,,,-23.49655,-46.4563065,,,,1,2023-06-19T02:19:41+00:00
SAO_2723-10,São Paulo,3550308,True,,937,,,-23.5397845,-46.462050500000004,,,,1,2023-06-19T02:20:09+00:00
SAO_576C-10,São Paulo,3550308,True,,1290,,,-23.663169000000003,-46.69183075,,,,1,2023-06-19T02:20:22+00:00
SAO_576C-10,São Paulo,3550308,True,,1290,,,-23.6461035,-46.6444255,,,,1,2023-06-19T02:19:44+00:00
SAO_576C-10,São Paulo,3550308,True,,1290,,,-23.646105499999997,-46.6450805,,,,1,2023-06-19T02:19:35+00:00
SAO_576C-10,São Paulo,3550308,True,,1290,,,-23.6460415,-46.644780499999996,,,,1,2023-06-19T02:20:19+00:00
SAO_2363-10,São Paulo,3550308,True,,32903,,,-23.4987395,-46.50209475,,,,2,2023-06-19T02:20:02+00:00
SAO_2363-10,São Paulo,3550308,True,,32903,,,-23.498963500000002,-46.501861500000004,,,,2,2023-06-19T02:20:05+00:00
SAO_2363-10,São Paulo,3550308,True,,32903,,,-23.538511999999997,-46.603438,,,,2,2023-06-19T02:20:14+00:00
SAO_2363-10,São Paulo,3550308,True,,32903,,,-23.4984825,-46.502362250000004,,,,2,2023-06-19T02:19:43+00:00
SAO_273G-10,São Paulo,3550308,True,,32991,,,-23.504635,-46.473425,,,,2,2023-06-19T02:20:00+00:00
SAO_273G-10,São Paulo,3550308,True,,32991,,,-23.482613,-46.431856249999996,,,,2,2023-06-19T02:20:03+00:00
SAO_273G-10,São Paulo,3550308,True,,32991,,,-23.48150775,-46.41633925,,,,2,2023-06-19T02:19:52+00:00
SAO_273G-10,São Paulo,3550308,True,,32991,,,-23.48175225,-46.43053525,,,,2,2023-06-19T02:19:50+00:00
SAO_6031-10,São Paulo,3550308,True,,32860,,,-23.756332999999998,-46.701766000000006,,,,2,2023-06-19T02:19:58+00:00
SAO_6031-10,São Paulo,3550308,True,,32860,,,-23.753878,-46.708732499999996,,,,2,2023-06-19T02:19:42+00:00
SAO_2016-10,São Paulo,3550308,True,,33670,,,-23.503359250000003,-46.375994750000004,,,,2,2023-06-19T02:19:55+00:00
SAO_2016-10,São Paulo,3550308,True,,33670,,,-23.494093,-46.420404250000004,,,,2,2023-06-19T02:19:51+00:00
SAO_2016-10,São Paulo,3550308,True,,33670,,,-23.502886,-46.376414,,,,2,2023-06-19T02:20:03+00:00
SAO_3025-10,São Paulo,3550308,True,,961,,,-23.545116,-46.411010000000005,,,,1,2023-06-19T02:20:20+00:00
SAO_3025-10,São Paulo,3550308,True,,961,,,-23.542544,-46.4158275,,,,1,2023-06-19T02:20:20+00:00
SAO_3025-10,São Paulo,3550308,True,,961,,,-23.5774585,-46.3974935,,,,1,2023-06-19T02:19:57+00:00
SAO_9020-10,São Paulo,3550308,True,,34202,,,-23.4843435,-46.7227915,,,,2,2023-06-19T02:20:01+00:00
SAO_9020-10,São Paulo,3550308,True,,34202,,,-23.468928499999997,-46.7213345,,,,2,2023-06-19T02:19:48+00:00
SAO_775V-10,São Paulo,3550308,True,,475,,,-23.567636,-46.693340500000005,,,,1,2023-06-19T02:19:41+00:00
SAO_775V-10,São Paulo,3550308,True,,475,,,-23.5693305,-46.756902874999994,,,,1,2023-06-19T02:19:56+00:00
SAO_775V-10,São Paulo,3550308,True,,475,,,-23.580287499999997,-46.685236,,,,1,2023-06-19T02:19:46+00:00
SAO_8200-10,São Paulo,3550308,True,,1263,,,-23.486106499999998,-46.726086499999994,,,,1,2023-06-19T02:19:49+00:00
SAO_971M-10,São Paulo,3550308,True,,33380,,,-23.4673575,-46.678393,,,,2,2023-06-19T02:19:46+00:00
SAO_971M-10,São Paulo,3550308,True,,33380,,,-23.490170499999998,-46.688534000000004,,,,2,2023-06-19T02:19:56+00:00
SAO_971M-10,São Paulo,3550308,True,,33380,,,-23.477785750000002,-46.6434515,,,,2,2023-06-19T02:17:20+00:00
SAO_7458-10,São Paulo,3550308,True,,33264,,,-23.5794595,-46.794585999999995,,,,2,2023-06-19T02:20:06+00:00
SAO_7001-10,São Paulo,3550308,True,,34490,,,-23.7243085,-46.754826,,,,2,2023-06-19T02:20:04+00:00
SAO_7001-10,São Paulo,3550308,True,,34490,,,-23.7241905,-46.764233000000004,,,,2,2023-06-19T02:20:11+00:00
SAO_407L-10,São Paulo,3550308,True,,2199,,,-23.533053000000002,-46.460288000000006,,,,1,2023-06-19T02:19:52+00:00
SAO_407L-10,São Paulo,3550308,True,,2199,,,-23.52856,-46.5161185,,,,1,2023-06-19T02:19:46+00:00
SAO_407L-10,São Paulo,3550308,True,,2199,,,-23.586105375000002,-46.390684625,,,,1,2023-06-19T02:20:05+00:00
SAO_407L-10,São Paulo,3550308,True,,2199,,,-23.541319,-46.42559925,,,,1,2023-06-19T02:19:40+00:00
SAO_5024-10,São Paulo,3550308,True,,1122,,,-23.664137750000002,-46.691106500000004,,,,1,2023-06-19T02:19:48+00:00
SAO_5024-10,São Paulo,3550308,True,,1122,,,-23.6836745,-46.663804,,,,1,2023-06-19T02:20:18+00:00
SAO_9785-10,São Paulo,3550308,True,,828,,,-23.471965,-46.6916,,,,1,2023-06-19T02:19:59+00:00
SAO_9785-10,São Paulo,3550308,True,,828,,,-23.521651624999997,-46.669966125,,,,1,2023-06-19T02:20:19+00:00
SAO_9785-10,São Paulo,3550308,True,,828,,,-23.4561785,-46.698985,,,,1,2023-06-19T02:19:36+00:00
SAO_172Y-10,São Paulo,3550308,True,,862,,,-23.516759875,-46.588538,,,,1,2023-06-19T02:19:59+00:00
SAO_6092-10,São Paulo,3550308,True,,33945,,,-23.778464,-46.68450625,,,,2,2023-06-19T02:19:42+00:00
SAO_6092-10,São Paulo,3550308,True,,33945,,,-23.750571,-46.6881895,,,,2,2023-06-19T02:20:23+00:00
SAO_3001-10,São Paulo,3550308,True,,34418,,,-23.514157,-46.381163125,,,,2,2023-06-19T02:16:55+00:00
SAO_677V-10,São Paulo,3550308,True,,32880,,,-23.744177999999998,-46.709981,,,,2,2023-06-19T02:19:59+00:00
SAO_677V-10,São Paulo,3550308,True,,32880,,,-23.73025225,-46.704426500000004,,,,2,2023-06-19T02:19:55+00:00
SAO_513C-10,São Paulo,3550308,True,,2535,,,-23.6111205,-46.4731355,,,,1,2023-06-19T02:20:11+00:00
SAO_372F-10,São Paulo,3550308,True,,1015,,,-23.546568,-46.605794,,,,1,2023-06-19T02:20:09+00:00
SAO_5091-10,São Paulo,3550308,True,,34291,,,-23.68224575,-46.6769735,,,,2,2023-06-19T02:19:42+00:00
SAO_5091-10,São Paulo,3550308,True,,34291,,,-23.68224575,-46.6769735,,,,2,2023-06-19T02:19:55+00:00
SAO_5091-10,São Paulo,3550308,True,,34291,,,-23.675425250000004,-46.63027325,,,,2,2023-06-19T02:15:43+00:00
SAO_3301-10,São Paulo,3550308,True,,1618,,,-23.493800999999998,-46.43809975,,,,1,2023-06-19T02:17:08+00:00
SAO_3301-10,São Paulo,3550308,True,,1618,,,-23.491511000000003,-46.435198,,,,1,2023-06-19T02:19:37+00:00
SAO_3301-10,São Paulo,3550308,True,,1618,,,-23.5137115,-46.527705,,,,1,2023-06-19T02:19:46+00:00
SAO_3064-10,São Paulo,3550308,True,Urubupungá,980,https://moovitapp.com/index/pt-br/transporte_p%C3%BAblico-line-980-Sao_Paulo-242-873835-76224585-0,4.6,-23.5749465,-46.416008000000005,,,,1,2023-06-19T02:20:02+00:00
SAO_3064-10,São Paulo,3550308,True,Urubupungá,980,https://moovitapp.com/index/pt-br/transporte_p%C3%BAblico-line-980-Sao_Paulo-242-873835-76224585-0,4.6,-23.601703999999998,-46.3988755,,,,1,2023-06-19T02:20:14+00:00
SAO_857P-10,São Paulo,3550308,True,,34694,,,-23.6316405,-46.772316,,,,2,2023-06-19T02:20:18+00:00
SAO_857P-10,São Paulo,3550308,True,,34694,,,-23.574346875,-46.642267125,,,,2,2023-06-19T02:20:06+00:00
SAO_857P-10,São Paulo,3550308,True,,34694,,,-23.607010375,-46.750833875,,,,2,2023-06-19T02:20:05+00:00
SAO_857P-10,São Paulo,3550308,True,,34694,,,-23.578987,-46.709953,,,,2,2023-06-19T02:20:06+00:00
SAO_1742-10,São Paulo,3550308,True,,33310,,,-23.467439749999997,-46.642540499999996,,,,2,2023-06-19T02:19:58+00:00
SAO_1742-10,São Paulo,3550308,True,,33310,,,-23.462865,-46.657253999999995,,,,2,2023-06-19T02:20:03+00:00
SAO_1742-10,São Paulo,3550308,True,,33310,,,-23.457126,-46.65923775,,,,2,2023-06-19T02:20:10+00:00
SAO_3901-10,São Paulo,3550308,True,,1469,,,-23.4981535,-46.502278000000004,,,,1,2023-06-19T02:20:11+00:00
SAO_8594-10,São Paulo,3550308,True,EMTU,432,https://moovitapp.com/index/pt-br/transporte_p%C3%BAblico-line-432-Sao_Paulo-242-2038937-36419486-0,4.8,-23.4867405,-46.71506125,,,,1,2023-06-19T02:19:47+00:00
SAO_8594-10,São Paulo,3550308,True,EMTU,432,https://moovitapp.com/index/pt-br/transporte_p%C3%BAblico-line-432-Sao_Paulo-242-2038937-36419486-0,4.8,-23.534087625,-46.65517224999999,,,,1,2023-06-19T02:19:49+00:00
SAO_8594-10,São Paulo,3550308,True,EMTU,432,https://moovitapp.com/index/pt-br/transporte_p%C3%BAblico-line-432-Sao_Paulo-242-2038937-36419486-0,4.8,-23.4512005,-46.7459975,,,,1,2023-06-19T02:19:01+00:00
SAO_6074-10,São Paulo,3550308,True,,33929,,,-23.69553325,-46.699886375,,,,2,2023-06-19T02:20:03+00:00
SAO_6074-10,São Paulo,3550308,True,,33929,,,-23.7345775,-46.694962000000004,,,,2,2023-06-19T02:19:41+00:00
SAO_6074-10,São Paulo,3550308,True,,33929,,,-23.755481000000003,-46.6672705,,,,2,2023-06-19T02:19:53+00:00
SAO_6074-10,São Paulo,3550308,True,,33929,,,-23.755481000000003,-46.6672705,,,,2,2023-06-19T02:20:01+00:00
SAO_373T-10,São Paulo,3550308,True,,1091,,,-23.585342,-46.5197295,,,,1,2023-06-19T02:20:17+00:00
SAO_373T-10,São Paulo,3550308,True,,1091,,,-23.565387,-46.594864,,,,1,2023-06-19T02:19:49+00:00
SAO_1745-10,São Paulo,3550308,True,,33314,,,-23.473171,-46.665481,,,,2,2023-06-19T02:19:42+00:00
SAO_1745-10,São Paulo,3550308,True,,33314,,,-23.473011999999997,-46.665725,,,,2,2023-06-19T02:20:16+00:00
SAO_1745-10,São Paulo,3550308,True,,33314,,,-23.514032,-46.6160385,,,,2,2023-06-19T02:20:03+00:00
SAO_6412-10,São Paulo,3550308,True,,770,,,-23.617671,-46.7210095,,,,1,2023-06-19T02:19:45+00:00
SAO_6412-10,São Paulo,3550308,True,,770,,,-23.622933250000003,-46.69693624999999,,,,1,2023-06-19T02:20:01+00:00
SAO_6820-10,São Paulo,3550308,True,BR7 Mobilidade,19,https://moovitapp.com/index/pt-br/transporte_p%C3%BAblico-line-19-Sao_Paulo-242-851856-516833-0,5.75,-23.663433,-46.793841,,,,1,2023-06-19T02:20:16+00:00
SAO_6820-10,São Paulo,3550308,True,BR7 Mobilidade,19,https://moovitapp.com/index/pt-br/transporte_p%C3%BAblico-line-19-Sao_Paulo-242-851856-516833-0,5.75,-23.654044,-46.7630505,,,,1,2023-06-19T02:19:46+00:00
SAO_211V-10,São Paulo,3550308,True,,32922,,,-23.4943225,-46.470273,,,,2,2023-06-19T02:19:44+00:00
SAO_211V-10,São Paulo,3550308,True,,32922,,,-23.4943225,-46.470273,,,,2,2023-06-19T02:19:46+00:00
SAO_148P-10,São Paulo,3550308,True,EMTU,534,https://moovitapp.com/index/pt-br/transporte_p%C3%BAblico-line-534-Sao_Paulo-242-2038937-36419546-0,6.3,-23.457892,-46.642534,,,,1,2023-06-19T02:20:09+00:00
SAO_148P-10,São Paulo,3550308,True,EMTU,534,https://moovitapp.com/index/pt-br/transporte_p%C3%BAblico-line-534-Sao_Paulo-242-2038937-36419546-0,6.3,-23.457928,-46.642896500000006,,,,1,2023-06-19T02:19:57+00:00
SAO_5164-41,São Paulo,3550308,True,,34385,,,-23.651781999999997,-46.6480595,,,,2,2023-06-19T02:20:14+00:00
SAO_5164-41,São Paulo,3550308,True,,34385,,,-23.6530495,-46.645336,,,,2,2023-06-19T02:20:15+00:00
SAO_3390-10,São Paulo,3550308,True,,738,,,-23.596272,-46.527043,,,,1,2023-06-19T02:19:50+00:00
SAO_3390-10,São Paulo,3550308,True,,738,,,-23.612506,-46.479178,,,,1,2023-06-19T02:20:17+00:00
SAO_3390-10,São Paulo,3550308,True,,738,,,-23.5591185,-46.6243515,,,,1,2023-06-19T02:20:21+00:00
SAO_3390-10,São Paulo,3550308,True,,738,,,-23.61235,-46.482607,,,,1,2023-06-19T02:20:17+00:00
SAO_6063-43,São Paulo,3550308,True,,2480,,,-23.815765749999997,-46.69866225,,,,1,2023-06-19T02:20:21+00:00
SAO_8677-10,São Paulo,3550308,True,EMTU,443,https://moovitapp.com/index/pt-br/transporte_p%C3%BAblico-line-443-Sao_Paulo-242-2038937-36419491-0,5.4,-23.4901355,-46.756055,,,,1,2023-06-19T02:20:17+00:00
SAO_8677-10,São Paulo,3550308,True,EMTU,443,https://moovitapp.com/index/pt-br/transporte_p%C3%BAblico-line-443-Sao_Paulo-242-2038937-36419491-0,5.4,-23.532761,-46.657568,,,,1,2023-06-19T02:20:09+00:00
SAO_9188-10,São Paulo,3550308,True,,33577,,,-23.51390125,-46.7023075,,,,2,2023-06-19T02:20:18+00:00
SAO_9188-10,São Paulo,3550308,True,,33577,,,-23.448366625,-46.721793250000005,,,,2,2023-06-19T02:19:56+00:00
SAO_609F-10,São Paulo,3550308,True,,32805,,,-23.5608195,-46.65544925,,,,2,2023-06-19T02:19:52+00:00
SAO_609F-10,São Paulo,3550308,True,,32805,,,-23.653319,-46.735434999999995,,,,2,2023-06-19T02:19:46+00:00
SAO_312N-10,São Paulo,3550308,True,,990,,,-23.4910945,-46.441233999999994,,,,1,2023-06-19T02:20:16+00:00
SAO_312N-10,São Paulo,3550308,True,,990,,,-23.546731,-46.4090375,,,,1,2023-06-19T02:19:50+00:00
SAO_312N-10,São Paulo,3550308,True,,990,,,-23.570874,-46.414111500000004,,,,1,2023-06-19T02:20:15+00:00
SAO_312N-10,São Paulo,3550308,True,,990,,,-23.52188625,-46.405857499999996,,,,1,2023-06-19T02:19:39+00:00
SAO_6820-31,São Paulo,3550308,True,,34174,,,-23.6582735,-46.7893885,,,,2,2023-06-19T02:19:57+00:00
SAO_778J-10,São Paulo,3550308,True,,33276,,,-23.526371500000003,-46.667753,,,,2,2023-06-19T02:20:13+00:00
SAO_778J-10,São Paulo,3550308,True,,33276,,,-23.5872235,-46.7896705,,,,2,2023-06-19T02:19:39+00:00
SAO_778J-10,São Paulo,3550308,True,,33276,,,-23.585743,-46.7808195,,,,2,2023-06-19T02:19:55+00:00
SAO_778J-10,São Paulo,3550308,True,,33276,,,-23.57558975,-46.740714749999995,,,,2,2023-06-19T02:19:55+00:00
SAO_874T-10,São Paulo,3550308,True,EMTU,307,https://moovitapp.com/index/pt-br/transporte_p%C3%BAblico-line-307-Sao_Paulo-242-2038937-36419399-0,5.2,-23.533973,-46.655032000000006,,,,1,2023-06-19T02:19:41+00:00
SAO_3735-41,São Paulo,3550308,True,,1920,,,-23.5497695,-46.4928965,,,,1,2023-06-19T02:20:20+00:00
SAO_3735-41,São Paulo,3550308,True,,1920,,,-23.5497695,-46.4928965,,,,1,2023-06-19T02:20:14+00:00
SAO_7006-10,São Paulo,3550308,True,,1995,,,-23.6894615,-46.77340325,,,,1,2023-06-19T02:19:56+00:00
SAO_7006-10,São Paulo,3550308,True,,1995,,,-23.715745499999997,-46.7830165,,,,1,2023-06-19T02:19:48+00:00
SAO_7006-10,São Paulo,3550308,True,,1995,,,-23.7503745,-46.7771065,,,,1,2023-06-19T02:20:06+00:00
SAO_574W-10,São Paulo,3550308,True,,34397,,,-23.615382,-46.487986500000005,,,,2,2023-06-19T02:20:10+00:00
SAO_574W-10,São Paulo,3550308,True,,34397,,,-23.615775499999998,-46.488022,,,,2,2023-06-19T02:19:43+00:00
SAO_574W-10,São Paulo,3550308,True,,34397,,,-23.557873125,-46.569552,,,,2,2023-06-19T02:19:41+00:00
SAO_574W-10,São Paulo,3550308,True,,34397,,,-23.585531000000003,-46.519232,,,,2,2023-06-19T02:19:39+00:00
SAO_574W-10,São Paulo,3550308,True,,34397,,,-23.6144385,-46.499078375,,,,2,2023-06-19T02:20:01+00:00
SAO_5031-10,São Paulo,3550308,True,,1746,,,-23.6358375,-46.592284,,,,1,2023-06-19T02:20:13+00:00
SAO_5031-10,São Paulo,3550308,True,,1746,,,-23.60347625,-46.6025595,,,,1,2023-06-19T02:19:58+00:00
SAO_8055-51,São Paulo,3550308,True,,33185,,,-23.408328,-46.741003,,,,2,2023-06-19T02:20:06+00:00
SAO_8055-51,São Paulo,3550308,True,,33185,,,-23.416084750000003,-46.780629,,,,2,2023-06-19T02:19:38+00:00
SAO_8055-51,São Paulo,3550308,True,,33185,,,-23.49728375,-46.75451075,,,,2,2023-06-19T02:20:12+00:00
SAO_3742-10,São Paulo,3550308,True,,1042,,,-23.5423835,-46.470721999999995,,,,1,2023-06-19T02:19:47+00:00
SAO_3742-10,São Paulo,3550308,True,,1042,,,-23.5727255,-46.445909,,,,1,2023-06-19T02:19:50+00:00
SAO_6042-22,São Paulo,3550308,True,,2490,,,-23.6637095,-46.76981,,,,1,2023-06-19T02:20:06+00:00
SAO_478P-10,São Paulo,3550308,True,EMTU,349,https://moovitapp.com/index/pt-br/transporte_p%C3%BAblico-line-349-Sao_Paulo-242-2038937-36419432-0,5.1,-23.538087,-46.683676000000006,,,,1,2023-06-19T02:19:28+00:00
SAO_478P-10,São Paulo,3550308,True,EMTU,349,https://moovitapp.com/index/pt-br/transporte_p%C3%BAblico-line-349-Sao_Paulo-242-2038937-36419432-0,5.1,-23.582410250000002,-46.614446,,,,1,2023-06-19T02:20:15+00:00
SAO_6805-10,São Paulo,3550308,True,,31,,,-23.661125,-46.7543255,,,,1,2023-06-19T02:19:42+00:00
SAO_6805-10,São Paulo,3550308,True,,31,,,-23.643911000000003,-46.733135000000004,,,,1,2023-06-19T02:19:38+00:00
SAO_5701-10,São Paulo,3550308,True,,33904,,,-23.635368,-46.641498,,,,2,2023-06-19T02:19:42+00:00
SAO_5701-10,São Paulo,3550308,True,,33904,,,-23.618764499999997,-46.698312,,,,2,2023-06-19T02:20:08+00:00
SAO_5701-10,São Paulo,3550308,True,,33904,,,-23.6354945,-46.641478500000005,,,,2,2023-06-19T02:20:06+00:00
SAO_5701-10,São Paulo,3550308,True,,33904,,,-23.651685,-46.654404,,,,2,2023-06-19T02:19:41+00:00
SAO_3743-10,São Paulo,3550308,True,,33811,,,-23.57535,-46.477652000000006,,,,2,2023-06-19T02:20:04+00:00
SAO_3743-10,São Paulo,3550308,True,,33811,,,-23.609576250000003,-46.4755425,,,,2,2023-06-19T02:20:19+00:00
SAO_9784-10,São Paulo,3550308,True,EMTU,827,https://moovitapp.com/index/pt-br/transporte_p%C3%BAblico-line-827-Sao_Paulo-242-2038937-36419596-0,12.1,-23.4503535,-46.683854999999994,,,,1,2023-06-19T02:19:56+00:00
SAO_9784-10,São Paulo,3550308,True,EMTU,827,https://moovitapp.com/index/pt-br/transporte_p%C3%BAblico-line-827-Sao_Paulo-242-2038937-36419596-0,12.1,-23.5246975,-46.669323000000006,,,,1,2023-06-19T02:19:48+00:00
SAO_9784-10,São Paulo,3550308,True,EMTU,827,https://moovitapp.com/index/pt-br/transporte_p%C3%BAblico-line-827-Sao_Paulo-242-2038937-36419596-0,12.1,-23.4862405,-46.652902999999995,,,,1,2023-06-19T02:19:52+00:00
SAO_6039-21,São Paulo,3550308,True,,35261,,,-23.6541735,-46.763611,,,,2,2023-06-19T02:19:41+00:00
SAO_6039-21,São Paulo,3550308,True,,35261,,,-23.6763335,-46.792206500000006,,,,2,2023-06-19T02:20:15+00:00
SAO_6053-10,São Paulo,3550308,True,,1145,,,-23.764709,-46.6711315,,,,1,2023-06-19T02:20:13+00:00
SAO_6053-10,São Paulo,3550308,True,,1145,,,-23.7687405,-46.661952,,,,1,2023-06-19T02:20:17+00:00
SAO_3069-10,São Paulo,3550308,True,,984,,,-23.621158,-46.4524225,,,,1,2023-06-19T02:19:46+00:00
SAO_3069-10,São Paulo,3550308,True,,984,,,-23.605977,-46.417018999999996,,,,1,2023-06-19T02:20:05+00:00
SAO_3069-10,São Paulo,3550308,True,,984,,,-23.612884,-46.4762945,,,,1,2023-06-19T02:19:57+00:00
SAO_3027-10,São Paulo,3550308,True,,33731,,,-23.5457045,-46.435159999999996,,,,2,2023-06-19T02:20:10+00:00
SAO_3027-10,São Paulo,3550308,True,,33731,,,-23.580328,-46.48758,,,,2,2023-06-19T02:19:59+00:00
SAO_3019-10,São Paulo,3550308,True,,957,,,-23.583009500000003,-46.4076625,,,,1,2023-06-19T02:20:23+00:00
SAO_5029-10,São Paulo,3550308,True,,1672,,,-23.620576999999997,-46.5854185,,,,1,2023-06-19T02:20:05+00:00
SAO_637A-10,São Paulo,3550308,True,,185,,,-23.679529374999998,-46.764053375,,,,1,2023-06-19T02:19:22+00:00
SAO_637A-10,São Paulo,3550308,True,,185,,,-23.6519215,-46.721616499999996,,,,1,2023-06-19T02:20:02+00:00
SAO_637A-10,São Paulo,3550308,True,,185,,,-23.688184,-46.772277125,,,,1,2023-06-19T02:19:56+00:00
SAO_407I-21,São Paulo,3550308,True,,2519,,,-23.539172750000002,-46.57057475,,,,1,2023-06-19T02:19:48+00:00
SAO_407I-21,São Paulo,3550308,True,,2519,,,-23.543973625,-46.479075375,,,,1,2023-06-19T02:19:54+00:00
SAO_2728-10,São Paulo,3550308,True,,33711,,,-23.533340000000003,-46.5445025,,,,2,2023-06-19T02:20:04+00:00
SAO_2728-10,São Paulo,3550308,True,,33711,,,-23.50129,-46.513730499999994,,,,2,2023-06-19T02:20:06+00:00
SAO_2728-10,São Paulo,3550308,True,,33711,,,-23.5246445,-46.549759375,,,,2,2023-06-19T02:19:40+00:00
SAO_2182-10,São Paulo,3550308,True,STT,700,https://moovitapp.com/index/pt-br/transporte_p%C3%BAblico-line-700-Sao_Paulo-242-850661-183337-0,5.3,-23.4976665,-46.574697,,,,1,2023-06-19T02:17:40+00:00
SAO_2182-10,São Paulo,3550308,True,STT,700,https://moovitapp.com/index/pt-br/transporte_p%C3%BAblico-line-700-Sao_Paulo-242-850661-183337-0,5.3,-23.539365500000002,-46.6338595,,,,1,2023-06-19T02:19:09+00:00
SAO_675I-10,São Paulo,3550308,True,BR7 Mobilidade,68,https://moovitapp.com/index/pt-br/transporte_p%C3%BAblico-line-68-Sao_Paulo-242-851856-560661-0,5.75,-23.643719,-46.733278999999996,,,,1,2023-06-19T02:19:43+00:00
SAO_675I-10,São Paulo,3550308,True,BR7 Mobilidade,68,https://moovitapp.com/index/pt-br/transporte_p%C3%BAblico-line-68-Sao_Paulo-242-851856-560661-0,5.75,-23.627511749999996,-46.66323725,,,,1,2023-06-19T02:19:48+00:00
SAO_4052-10,São Paulo,3550308,True,,2145,,,-23.5421205,-46.471834,,,,1,2023-06-19T02:20:16+00:00
SAO_4052-10,São Paulo,3550308,True,,2145,,,-23.540100000000002,-46.4601865,,,,1,2023-06-19T02:19:48+00:00
SAO_8078-10,São Paulo,3550308,True,,34848,,,-23.646119499999998,-46.7638315,,,,2,2023-06-19T02:20:07+00:00
SAO_8078-10,São Paulo,3550308,True,,34848,,,-23.625434499999997,-46.7480455,,,,2,2023-06-19T02:20:07+00:00
SAO_373M-10,São Paulo,3550308,True,,33049,,,-23.569854,-46.5877215,,,,2,2023-06-19T02:20:14+00:00
SAO_373M-10,São Paulo,3550308,True,,33049,,,-23.601270999999997,-46.538996,,,,2,2023-06-19T02:20:00+00:00
SAO_2029-10,São Paulo,3550308,True,,2270,,,-23.430882500000003,-46.574838,,,,1,2023-06-19T02:20:06+00:00
SAO_2029-10,São Paulo,3550308,True,,2270,,,-23.451010500000002,-46.588708999999994,,,,1,2023-06-19T02:19:45+00:00
SAO_9181-10,São Paulo,3550308,True,,885,,,-23.52363175,-46.70185575,,,,1,2023-06-19T02:20:11+00:00
SAO_9181-10,São Paulo,3550308,True,,885,,,-23.4595325,-46.6976875,,,,1,2023-06-19T02:20:05+00:00
SAO_9181-10,São Paulo,3550308,True,,885,,,-23.481862125,-46.68689325,,,,1,2023-06-19T02:20:06+00:00
SAO_9181-10,São Paulo,3550308,True,,885,,,-23.457559,-46.6963325,,,,1,2023-06-19T02:20:09+00:00
SAO_1024-10,São Paulo,3550308,True,,35070,,,-23.4609315,-46.7087415,,,,2,2023-06-19T02:19:41+00:00
SAO_1024-10,São Paulo,3550308,True,,35070,,,-23.460804500000002,-46.7086025,,,,2,2023-06-19T02:20:19+00:00
SAO_1024-10,São Paulo,3550308,True,,35070,,,-23.470285,-46.698313999999996,,,,2,2023-06-19T02:19:46+00:00
SAO_2740-10,São Paulo,3550308,True,,34560,,,-23.4579845,-46.642551999999995,,,,2,2023-06-19T02:19:42+00:00
SAO_2740-10,São Paulo,3550308,True,,34560,,,-23.458359,-46.606503000000004,,,,2,2023-06-19T02:19:53+00:00
SAO_2740-10,São Paulo,3550308,True,,34560,,,-23.462244499999997,-46.629510499999995,,,,2,2023-06-19T02:20:13+00:00
SAO_5028-10,São Paulo,3550308,True,,34402,,,-23.61132825,-46.582427249999995,,,,2,2023-06-19T02:19:41+00:00
SAO_8015-10,São Paulo,3550308,True,,1345,,,-23.4784635,-46.7132495,,,,1,2023-06-19T02:20:14+00:00
SAO_8015-10,São Paulo,3550308,True,,1345,,,-23.404776,-46.741203375,,,,1,2023-06-19T02:20:15+00:00
SAO_5108-10,São Paulo,3550308,True,,1675,,,-23.590348,-46.6127635,,,,1,2023-06-19T02:19:58+00:00
SAO_4718-10,São Paulo,3550308,True,EMTU,336,https://moovitapp.com/index/pt-br/transporte_p%C3%BAblico-line-336-Sao_Paulo-242-2038937-36419421-0,4.8,-23.6147735,-46.617278999999996,,,,1,2023-06-19T02:19:49+00:00
SAO_4718-10,São Paulo,3550308,True,EMTU,336,https://moovitapp.com/index/pt-br/transporte_p%C3%BAblico-line-336-Sao_Paulo-242-2038937-36419421-0,4.8,-23.657176,-46.613479999999996,,,,1,2023-06-19T02:19:59+00:00
SAO_847J-21,São Paulo,3550308,True,,2487,,,-23.51992,-46.6996625,,,,1,2023-06-19T02:20:11+00:00
SAO_847J-21,São Paulo,3550308,True,,2487,,,-23.5197905,-46.6999755,,,,1,2023-06-19T02:20:18+00:00
SAO_637R-10,São Paulo,3550308,True,EMTU,196,https://moovitapp.com/index/pt-br/transporte_p%C3%BAblico-line-196-Sao_Paulo-242-2038937-36419323-0,4.85,-23.6560665,-46.718697500000005,,,,1,2023-06-19T02:20:19+00:00
SAO_637R-10,São Paulo,3550308,True,EMTU,196,https://moovitapp.com/index/pt-br/transporte_p%C3%BAblico-line-196-Sao_Paulo-242-2038937-36419323-0,4.85,-23.693067,-46.778766,,,,1,2023-06-19T02:18:44+00:00
SAO_6035-10,São Paulo,3550308,True,,1213,,,-23.72062,-46.7558005,,,,1,2023-06-19T02:19:58+00:00
SAO_6035-10,São Paulo,3550308,True,,1213,,,-23.72062,-46.7558005,,,,1,2023-06-19T02:20:09+00:00
SAO_6258-10,São Paulo,3550308,True,,34000,,,-23.689085,-46.742861125000005,,,,2,2023-06-19T02:20:15+00:00
SAO_6258-10,São Paulo,3550308,True,,34000,,,-23.661215,-46.705838,,,,2,2023-06-19T02:19:39+00:00
SAO_517J-10,São Paulo,3550308,True,,33897,,,-23.6911125,-46.656583499999996,,,,2,2023-06-19T02:19:46+00:00
SAO_517J-10,São Paulo,3550308,True,,33897,,,-23.644296500000003,-46.6729175,,,,2,2023-06-19T02:19:55+00:00
SAO_517J-10,São Paulo,3550308,True,,33897,,,-23.6776805,-46.65809725,,,,2,2023-06-19T02:14:32+00:00
SAO_8400-10,São Paulo,3550308,True,,1265,,,-23.486878500000003,-46.7265645,,,,1,2023-06-19T02:19:53+00:00
SAO_8400-10,São Paulo,3550308,True,,1265,,,-23.524959000000003,-46.695377625000006,,,,1,2023-06-19T02:20:08+00:00
SAO_8400-10,São Paulo,3550308,True,,1265,,,-23.545817500000002,-46.64306474999999,,,,1,2023-06-19T02:20:04+00:00
SAO_8400-10,São Paulo,3550308,True,,1265,,,-23.4867405,-46.71506125,,,,1,2023-06-19T02:20:11+00:00
SAO_6836-10,São Paulo,3550308,True,BR7 Mobilidade,13,https://moovitapp.com/index/pt-br/transporte_p%C3%BAblico-line-13-Sao_Paulo-242-851856-705937-0,5.75,-23.67882,-46.7791165,,,,1,2023-06-19T02:20:21+00:00
SAO_6836-10,São Paulo,3550308,True,BR7 Mobilidade,13,https://moovitapp.com/index/pt-br/transporte_p%C3%BAblico-line-13-Sao_Paulo-242-851856-705937-0,5.75,-23.6492395,-46.73245,,,,1,2023-06-19T02:20:17+00:00
SAO_211L-10,São Paulo,3550308,True,,2265,,,-23.482571999999998,-46.631272499999994,,,,1,2023-06-19T02:19:44+00:00
SAO_5106-21,São Paulo,3550308,True,,1972,,,-23.5978605,-46.683589125,,,,1,2023-06-19T02:20:18+00:00
SAO_5106-21,São Paulo,3550308,True,,1972,,,-23.6958935,-46.650043999999994,,,,1,2023-06-19T02:19:38+00:00
SAO_5106-21,São Paulo,3550308,True,,1972,,,-23.624298500000002,-46.63984725,,,,1,2023-06-19T02:19:39+00:00
SAO_4742-10,São Paulo,3550308,True,EMTU,342,https://moovitapp.com/index/pt-br/transporte_p%C3%BAblico-line-342-Sao_Paulo-242-2038937-36419426-0,7.55,-23.6219985,-46.62786325,,,,1,2023-06-19T02:19:49+00:00
SAO_6010-10,São Paulo,3550308,False,,1202,,,-23.693805,-46.7944445,,,,1,2023-06-19T02:20:03+00:00
SAO_6010-10,São Paulo,3550308,True,,1202,,,-23.6938785,-46.7945825,,,,1,2023-06-19T02:19:40+00:00
SAO_2007-10,São Paulo,3550308,True,,896,,,-23.5083085,-46.372563,,,,1,2023-06-19T02:06:31+00:00
SAO_2007-10,São Paulo,3550308,True,,896,,,-23.494778625000002,-46.4035085,,,,1,2023-06-19T02:20:20+00:00
SAO_8594-10,São Paulo,3550308,True,,33200,,,-23.451815,-46.7463895,,,,2,2023-06-19T02:18:23+00:00
SAO_8594-10,São Paulo,3550308,True,,33200,,,-23.51415575,-46.70176875,,,,2,2023-06-19T02:20:07+00:00
SAO_8594-10,São Paulo,3550308,True,,33200,,,-23.523056500000003,-46.68789162499999,,,,2,2023-06-19T02:20:08+00:00
SAO_8594-10,São Paulo,3550308,True,,33200,,,-23.541449749999998,-46.64195125,,,,2,2023-06-19T02:20:15+00:00
SAO_8594-10,São Paulo,3550308,True,,33200,,,-23.454850999999998,-46.740235,,,,2,2023-06-19T02:19:55+00:00
SAO_6262-10,São Paulo,3550308,True,,34139,,,-23.526967,-46.739872000000005,,,,2,2023-06-19T02:20:02+00:00
SAO_5103-10,São Paulo,3550308,True,,1646,,,-23.60218675,-46.60949925,,,,1,2023-06-19T02:20:12+00:00
SAO_5103-10,São Paulo,3550308,True,,1646,,,-23.6032445,-46.602611499999995,,,,1,2023-06-19T02:20:09+00:00
SAO_5144-10,São Paulo,3550308,True,,34395,,,-23.613987,-46.5014315,,,,2,2023-06-19T02:20:15+00:00
SAO_5144-10,São Paulo,3550308,True,,34395,,,-23.538454,-46.60306799999999,,,,2,2023-06-19T02:20:19+00:00
SAO_2722-31,São Paulo,3550308,True,,33704,,,-23.528868,-46.5167825,,,,2,2023-06-19T02:20:10+00:00
SAO_2722-31,São Paulo,3550308,True,,33704,,,-23.526161624999997,-46.518747375000004,,,,2,2023-06-19T02:20:22+00:00
SAO_2722-31,São Paulo,3550308,True,,33704,,,-23.4902355,-46.49016675,,,,2,2023-06-19T02:20:04+00:00
SAO_971D-10,São Paulo,3550308,True,,709,,,-23.447513,-46.696985,,,,1,2023-06-19T02:20:02+00:00
SAO_971D-10,São Paulo,3550308,True,,709,,,-23.46026425,-46.67646499999999,,,,1,2023-06-19T02:20:09+00:00
SAO_9301-10,São Paulo,3550308,True,,458,,,-23.5072165,-46.654692499999996,,,,1,2023-06-19T02:19:51+00:00
SAO_9191-10,São Paulo,3550308,True,EMTU,810,https://moovitapp.com/index/pt-br/transporte_p%C3%BAblico-line-810-Sao_Paulo-242-2038937-36419585-0,5.4,-23.4562275,-46.680201,,,,1,2023-06-19T02:19:59+00:00
SAO_9191-10,São Paulo,3550308,True,EMTU,810,https://moovitapp.com/index/pt-br/transporte_p%C3%BAblico-line-810-Sao_Paulo-242-2038937-36419585-0,5.4,-23.524431999999997,-46.666677,,,,1,2023-06-19T02:19:58+00:00
SAO_9191-10,São Paulo,3550308,True,EMTU,810,https://moovitapp.com/index/pt-br/transporte_p%C3%BAblico-line-810-Sao_Paulo-242-2038937-36419585-0,5.4,-23.4950775,-46.6775195,,,,1,2023-06-19T02:20:10+00:00
SAO_9191-10,São Paulo,3550308,True,EMTU,810,https://moovitapp.com/index/pt-br/transporte_p%C3%BAblico-line-810-Sao_Paulo-242-2038937-36419585-0,5.4,-23.456270500000002,-46.679831,,,,1,2023-06-19T02:19:40+00:00
SAO_7006-51,São Paulo,3550308,True,,1997,,,-23.673530999999997,-46.773515,,,,1,2023-06-19T02:19:53+00:00
SAO_7006-51,São Paulo,3550308,True,,1997,,,-23.7339755,-46.782273,,,,1,2023-06-19T02:19:44+00:00
SAO_5611-10,São Paulo,3550308,True,,33366,,,-23.7160135,-46.624853,,,,2,2023-06-19T02:20:12+00:00
SAO_5611-10,São Paulo,3550308,True,,33366,,,-23.581340750000003,-46.65644425,,,,2,2023-06-19T02:20:01+00:00
SAO_5611-10,São Paulo,3550308,True,,33366,,,-23.6957765,-46.650763,,,,2,2023-06-19T02:19:57+00:00
SAO_5611-10,São Paulo,3550308,True,,33366,,,-23.67183525,-46.68076562499999,,,,2,2023-06-19T02:20:18+00:00
SAO_5611-10,São Paulo,3550308,True,,33366,,,-23.7160135,-46.624853,,,,2,2023-06-19T02:19:59+00:00
SAO_8002-10,São Paulo,3550308,True,,34020,,,-23.505318000000003,-46.7382555,,,,2,2023-06-19T02:18:23+00:00
SAO_373M-10,São Paulo,3550308,True,EMTU,281,https://moovitapp.com/index/pt-br/transporte_p%C3%BAblico-line-281-Sao_Paulo-242-2038937-36419383-0,6.25,-23.5729915,-46.58747925,,,,1,2023-06-19T02:20:06+00:00
SAO_5010-10,São Paulo,3550308,True,,1114,,,-23.662679500000003,-46.6311435,,,,1,2023-06-19T02:19:50+00:00
SAO_5010-10,São Paulo,3550308,True,,1114,,,-23.662679500000003,-46.6311435,,,,1,2023-06-19T02:20:17+00:00
SAO_5010-10,São Paulo,3550308,True,,1114,,,-23.6437965,-46.650527,,,,1,2023-06-19T02:20:06+00:00
SAO_5010-10,São Paulo,3550308,True,,1114,,,-23.6430315,-46.672696,,,,1,2023-06-19T02:19:45+00:00
SAO_3732-10,São Paulo,3550308,True,,1029,,,-23.5424255,-46.470012,,,,1,2023-06-19T02:19:51+00:00
SAO_3732-10,São Paulo,3550308,True,,1029,,,-23.544241,-46.4472995,,,,1,2023-06-19T02:20:09+00:00
SAO_3732-10,São Paulo,3550308,True,,1029,,,-23.539538,-46.4317025,,,,1,2023-06-19T02:20:14+00:00
SAO_546A-10,São Paulo,3550308,True,,33899,,,-23.6613215,-46.693996,,,,2,2023-06-19T02:20:10+00:00
SAO_546A-10,São Paulo,3550308,True,,33899,,,-23.7136645,-46.656892,,,,2,2023-06-19T02:19:38+00:00
SAO_546A-10,São Paulo,3550308,True,,33899,,,-23.692825499999998,-46.660027,,,,2,2023-06-19T02:20:04+00:00
SAO_5705-10,São Paulo,3550308,True,,1657,,,-23.567341125,-46.63987575,,,,1,2023-06-19T02:19:40+00:00
SAO_5705-10,São Paulo,3550308,True,,1657,,,-23.60347625,-46.6025595,,,,1,2023-06-19T02:19:42+00:00
SAO_4491-10,São Paulo,3550308,True,,33095,,,-23.6354765,-46.627224749999996,,,,2,2023-06-19T02:19:50+00:00
SAO_3141-10,São Paulo,3550308,True,,33502,,,-23.550320499999998,-46.596729999999994,,,,2,2023-06-19T02:19:54+00:00
SAO_3141-10,São Paulo,3550308,True,,33502,,,-23.5810445,-46.53825525,,,,2,2023-06-19T02:19:46+00:00
SAO_2203-10,São Paulo,3550308,True,,33679,,,-23.53107,-46.538336,,,,2,2023-06-19T02:19:50+00:00
SAO_6069-10,São Paulo,3550308,True,,33922,,,-23.706274999999998,-46.70078,,,,2,2023-06-19T02:20:22+00:00
SAO_6069-10,São Paulo,3550308,True,,33922,,,-23.7451965,-46.6944955,,,,2,2023-06-19T02:19:39+00:00
SAO_2709-10,São Paulo,3550308,True,,33690,,,-23.5202155,-46.480222999999995,,,,2,2023-06-19T02:20:15+00:00
SAO_2709-10,São Paulo,3550308,True,,33690,,,-23.529739,-46.501110999999995,,,,2,2023-06-19T02:19:48+00:00
SAO_2710-10,São Paulo,3550308,True,,33692,,,-23.5170485,-46.4892505,,,,2,2023-06-19T02:20:15+00:00
SAO_2710-10,São Paulo,3550308,True,,33692,,,-23.5296685,-46.500479,,,,2,2023-06-19T02:19:53+00:00
SAO_5119-10,São Paulo,3550308,True,,1,,,-23.643456999999998,-46.7356385,,,,1,2023-06-19T02:20:18+00:00
SAO_5119-10,São Paulo,3550308,True,,1,,,-23.5902165,-46.702507499999996,,,,1,2023-06-19T02:20:07+00:00
SAO_5119-10,São Paulo,3550308,True,,1,,,-23.567841,-46.649142999999995,,,,1,2023-06-19T02:19:56+00:00
SAO_5021-10,São Paulo,3550308,True,,34435,,,-23.630011500000002,-46.6258945,,,,2,2023-06-19T02:20:05+00:00
SAO_7903-10,São Paulo,3550308,True,,33280,,,-23.60026,-46.7842455,,,,2,2023-06-19T02:20:12+00:00
SAO_7903-10,São Paulo,3550308,True,,33280,,,-23.570433,-46.689798249999996,,,,2,2023-06-19T02:20:14+00:00
SAO_7903-10,São Paulo,3550308,True,,33280,,,-23.595005999999998,-46.7883635,,,,2,2023-06-19T02:20:00+00:00
SAO_5290-10,São Paulo,3550308,True,,597,,,-23.595532499999997,-46.6365505,,,,1,2023-06-19T02:20:07+00:00
SAO_5290-10,São Paulo,3550308,True,,597,,,-23.6274845,-46.642675,,,,1,2023-06-19T02:19:41+00:00
SAO_4001-10,São Paulo,3550308,True,,2176,,,-23.5545855,-46.4806155,,,,1,2023-06-19T02:19:51+00:00
SAO_4001-10,São Paulo,3550308,True,,2176,,,-23.537155,-46.4431455,,,,1,2023-06-19T02:19:39+00:00
SAO_513C-31,São Paulo,3550308,True,,2536,,,-23.571707,-46.450969,,,,1,2023-06-19T02:19:49+00:00
SAO_513C-31,São Paulo,3550308,True,,2536,,,-23.614262500000002,-46.496941500000005,,,,1,2023-06-19T02:19:29+00:00
SAO_6L04-10,São Paulo,3550308,True,,33948,,,-23.843864,-46.7435405,,,,2,2023-06-19T02:19:34+00:00
SAO_8012-10,São Paulo,3550308,True,,34791,,,-23.571781,-46.70828,,,,2,2023-06-19T02:19:37+00:00
SAO_5370-10,São Paulo,3550308,True,,34210,,,-23.706274999999998,-46.70078,,,,2,2023-06-19T02:20:18+00:00
SAO_5370-10,São Paulo,3550308,True,,34210,,,-23.679230250000003,-46.70662375,,,,2,2023-06-19T02:17:25+00:00
SAO_5370-10,São Paulo,3550308,True,,34210,,,-23.617021125,-46.67492475,,,,2,2023-06-19T02:20:17+00:00
SAO_5370-10,São Paulo,3550308,True,,34210,,,-23.697532000000002,-46.7013975,,,,2,2023-06-19T02:19:41+00:00
SAO_7040-10,São Paulo,3550308,True,,776,,,-23.5655225,-46.693991499999996,,,,1,2023-06-19T02:20:14+00:00
SAO_7040-10,São Paulo,3550308,True,,776,,,-23.622961,-46.7285805,,,,1,2023-06-19T02:20:18+00:00
SAO_7040-10,São Paulo,3550308,True,,776,,,-23.565663,-46.693863500000006,,,,1,2023-06-19T02:20:10+00:00
SAO_4005-10,São Paulo,3550308,True,,34947,,,-23.58888925,-46.394664,,,,2,2023-06-19T02:19:55+00:00
SAO_4005-10,São Paulo,3550308,True,,34947,,,-23.58888925,-46.394664,,,,2,2023-06-19T02:19:50+00:00
SAO_3768-10,São Paulo,3550308,True,,33824,,,-23.553030749999998,-46.42476775,,,,2,2023-06-19T02:20:12+00:00
SAO_1720-21,São Paulo,3550308,True,,34705,,,-23.487143500000002,-46.57385,,,,2,2023-06-19T02:20:21+00:00
SAO_1720-21,São Paulo,3550308,True,,34705,,,-23.480821499999998,-46.6035315,,,,2,2023-06-19T02:19:39+00:00
SAO_3026-10,São Paulo,3550308,True,,33730,,,-23.56529475,-46.403280624999994,,,,2,2023-06-19T02:19:38+00:00
SAO_3026-10,São Paulo,3550308,True,,33730,,,-23.5428155,-46.416185,,,,2,2023-06-19T02:20:10+00:00
SAO_1783-10,São Paulo,3550308,True,,33412,,,-23.4662005,-46.603466,,,,2,2023-06-19T02:19:55+00:00
SAO_1783-10,São Paulo,3550308,True,,33412,,,-23.3988855,-46.5776345,,,,2,2023-06-19T02:19:52+00:00
SAO_1783-10,São Paulo,3550308,True,,33412,,,-23.398296000000002,-46.577902,,,,2,2023-06-19T02:19:43+00:00
SAO_2709-31,São Paulo,3550308,True,,923,,,-23.523969,-46.484860999999995,,,,1,2023-06-19T02:20:09+00:00
SAO_575C-10,São Paulo,3550308,True,,1686,,,-23.5780355,-46.602048499999995,,,,1,2023-06-19T02:20:09+00:00
SAO_2031-10,São Paulo,3550308,True,EMTU,367,https://moovitapp.com/index/pt-br/transporte_p%C3%BAblico-line-367-Sao_Paulo-242-2038937-36419446-0,4.9,-23.504553,-46.3842265,,,,1,2023-06-19T02:19:40+00:00
SAO_9014-10,São Paulo,3550308,True,,1425,,,-23.496118,-46.6977355,,,,1,2023-06-19T02:20:19+00:00
SAO_4734-10,São Paulo,3550308,True,,1109,,,-23.6223275,-46.627818500000004,,,,1,2023-06-19T02:20:04+00:00
SAO_4734-10,São Paulo,3550308,True,,1109,,,-23.644616,-46.606035,,,,1,2023-06-19T02:19:39+00:00
SAO_4734-10,São Paulo,3550308,True,,1109,,,-23.6414715,-46.610838,,,,1,2023-06-19T02:19:58+00:00
SAO_6036-10,São Paulo,3550308,True,,1214,,,-23.6538115,-46.789655499999995,,,,1,2023-06-19T02:20:22+00:00
SAO_6036-10,São Paulo,3550308,True,,1214,,,-23.637401500000003,-46.718425624999995,,,,1,2023-06-19T02:20:04+00:00
SAO_6036-10,São Paulo,3550308,True,,1214,,,-23.645308,-46.784573,,,,1,2023-06-19T02:20:22+00:00
SAO_6036-10,São Paulo,3550308,True,,1214,,,-23.6538115,-46.789655499999995,,,,1,2023-06-19T02:20:02+00:00
SAO_3901-10,São Paulo,3550308,True,,34237,,,-23.4984825,-46.502362250000004,,,,2,2023-06-19T02:19:39+00:00
SAO_8705-51,São Paulo,3550308,True,,2090,,,-23.546747,-46.759662500000005,,,,1,2023-06-19T02:19:47+00:00
SAO_8705-51,São Paulo,3550308,True,,2090,,,-23.571223,-46.691788,,,,1,2023-06-19T02:20:18+00:00
SAO_817C-10,São Paulo,3550308,True,,34105,,,-23.5216915,-46.7010605,,,,2,2023-06-19T02:19:54+00:00
SAO_817C-10,São Paulo,3550308,True,,34105,,,-23.55339225,-46.672321999999994,,,,2,2023-06-19T02:20:16+00:00
SAO_4716-10,São Paulo,3550308,True,,1106,,,-23.60405875,-46.63454475,,,,1,2023-06-19T02:19:42+00:00
SAO_6825-10,São Paulo,3550308,True,,32782,,,-23.659622,-46.766826,,,,2,2023-06-19T02:20:19+00:00
SAO_3020-10,São Paulo,3550308,True,,958,,,-23.5328285,-46.44833125,,,,1,2023-06-19T02:20:21+00:00
SAO_3020-10,São Paulo,3550308,True,,958,,,-23.563811,-46.5022595,,,,1,2023-06-19T02:20:15+00:00
SAO_6035-10,São Paulo,3550308,True,,33981,,,-23.716708250000003,-46.7662665,,,,2,2023-06-19T02:19:59+00:00
SAO_6035-10,São Paulo,3550308,True,,33981,,,-23.650700999999998,-46.707818,,,,2,2023-06-19T02:20:22+00:00
SAO_6035-10,São Paulo,3550308,True,,33981,,,-23.6668995,-46.723735000000005,,,,2,2023-06-19T02:20:19+00:00
SAO_6035-10,São Paulo,3550308,True,,33981,,,-23.682476,-46.767745500000004,,,,2,2023-06-19T02:19:46+00:00
SAO_3721-10,São Paulo,3550308,True,,1019,,,-23.551472875,-46.490797125,,,,1,2023-06-19T02:20:02+00:00
SAO_3721-10,São Paulo,3550308,True,,1019,,,-23.5630785,-46.5055855,,,,1,2023-06-19T02:20:03+00:00
SAO_3721-10,São Paulo,3550308,True,,1019,,,-23.5630785,-46.5055855,,,,1,2023-06-19T02:19:31+00:00
SAO_3721-10,São Paulo,3550308,True,,1019,,,-23.5623535,-46.493435,,,,1,2023-06-19T02:19:45+00:00
SAO_8019-31,São Paulo,3550308,True,,2574,,,-23.566681000000003,-46.7537455,,,,1,2023-06-19T02:20:05+00:00
SAO_3737-10,São Paulo,3550308,True,,1037,,,-23.538782750000003,-46.51567075,,,,1,2023-06-19T02:19:48+00:00
SAO_3737-10,São Paulo,3550308,True,,1037,,,-23.56031125,-46.50681349999999,,,,1,2023-06-19T02:20:19+00:00
SAO_3737-10,São Paulo,3550308,True,,1037,,,-23.5504195,-46.507943999999995,,,,1,2023-06-19T02:19:55+00:00
SAO_2590-10,São Paulo,3550308,True,,33680,,,-23.521622,-46.5468105,,,,2,2023-06-19T02:20:00+00:00
SAO_407E-10,São Paulo,3550308,True,,34983,,,-23.633248000000002,-46.4428945,,,,2,2023-06-19T02:20:05+00:00
SAO_407E-10,São Paulo,3550308,True,,34983,,,-23.6328925,-46.442772000000005,,,,2,2023-06-19T02:19:48+00:00
SAO_407E-10,São Paulo,3550308,True,,34983,,,-23.628144,-46.4456835,,,,2,2023-06-19T02:19:57+00:00
SAO_407E-10,São Paulo,3550308,True,,34983,,,-23.5715905,-46.50452325,,,,2,2023-06-19T02:20:05+00:00
SAO_6803-10,São Paulo,3550308,True,,32797,,,-23.6551575,-46.752528999999996,,,,2,2023-06-19T02:20:16+00:00
SAO_6803-10,São Paulo,3550308,True,,32797,,,-23.6548925,-46.753122,,,,2,2023-06-19T02:19:42+00:00
SAO_390E-10,São Paulo,3550308,True,,34650,,,-23.519194499999998,-46.5471035,,,,2,2023-06-19T02:20:19+00:00
SAO_390E-10,São Paulo,3550308,True,,34650,,,-23.540216,-46.61209975,,,,2,2023-06-19T02:20:15+00:00
SAO_4015-10,São Paulo,3550308,True,,2188,,,-23.6130195,-46.476082,,,,1,2023-06-19T02:19:56+00:00
SAO_8006-10,São Paulo,3550308,True,,34024,,,-23.432887,-46.7297695,,,,2,2023-06-19T02:19:53+00:00
SAO_8006-10,São Paulo,3550308,True,,34024,,,-23.47408825,-46.72778925,,,,2,2023-06-19T02:20:02+00:00
SAO_2127-10,São Paulo,3550308,True,,33461,,,-23.547818999999997,-46.630216000000004,,,,2,2023-06-19T02:20:11+00:00
SAO_6116-10,São Paulo,3550308,True,,1186,,,-23.748095499999998,-46.68762275,,,,1,2023-06-19T02:20:18+00:00
SAO_174M-10,São Paulo,3550308,True,,673,,,-23.579950750000002,-46.60480425,,,,1,2023-06-19T02:19:59+00:00
SAO_174M-10,São Paulo,3550308,True,,673,,,-23.530249875,-46.625703875,,,,1,2023-06-19T02:20:05+00:00
SAO_174M-10,São Paulo,3550308,True,,673,,,-23.4789955,-46.5871845,,,,1,2023-06-19T02:20:21+00:00
SAO_6L04-10,São Paulo,3550308,True,,1180,,,-23.828025500000003,-46.7271865,,,,1,2023-06-19T02:19:55+00:00
SAO_6L04-10,São Paulo,3550308,True,,1180,,,-23.827983,-46.727349000000004,,,,1,2023-06-19T02:20:04+00:00
SAO_6L04-10,São Paulo,3550308,True,,1180,,,-23.86635875,-46.75296675,,,,1,2023-06-19T02:20:20+00:00
SAO_746K-10,São Paulo,3550308,True,STT,787,https://moovitapp.com/index/pt-br/transporte_p%C3%BAblico-line-787-Sao_Paulo-242-850661-183355-0,5.3,-23.62513,-46.717847,,,,1,2023-06-19T02:19:39+00:00
SAO_2006-10,São Paulo,3550308,True,,33663,,,-23.498852499999998,-46.3700645,,,,2,2023-06-19T02:19:56+00:00
SAO_2006-10,São Paulo,3550308,True,,33663,,,-23.49629925,-46.392557999999994,,,,2,2023-06-19T02:20:18+00:00
SAO_5110-10,São Paulo,3550308,True,,34977,,,-23.6141145,-46.476496999999995,,,,2,2023-06-19T02:19:50+00:00
SAO_5110-10,São Paulo,3550308,True,,34977,,,-23.6128895,-46.490610000000004,,,,2,2023-06-19T02:20:09+00:00
SAO_5110-10,São Paulo,3550308,True,,34977,,,-23.58297475,-46.5681515,,,,2,2023-06-19T02:20:03+00:00
SAO_273X-10,São Paulo,3550308,True,,33160,,,-23.497790875,-46.376857375,,,,2,2023-06-19T02:20:19+00:00
SAO_273X-10,São Paulo,3550308,True,,33160,,,-23.496015999999997,-46.387985,,,,2,2023-06-19T02:20:11+00:00
SAO_273X-10,São Paulo,3550308,True,,33160,,,-23.5081515,-46.4777675625,,,,2,2023-06-19T02:19:50+00:00
SAO_273X-10,São Paulo,3550308,True,,33160,,,-23.495266,-46.432126,,,,2,2023-06-19T02:19:57+00:00
SAO_273X-10,São Paulo,3550308,True,,33160,,,-23.49534425,-46.430323,,,,2,2023-06-19T02:19:48+00:00
SAO_4092-10,São Paulo,3550308,True,,34644,,,-23.58308,-46.408871000000005,,,,2,2023-06-19T02:20:03+00:00
SAO_971C-10,São Paulo,3550308,True,,571,,,-23.45687625,-46.6911815,,,,1,2023-06-19T02:20:10+00:00
SAO_971C-10,São Paulo,3550308,True,,571,,,-23.472527,-46.6727195,,,,1,2023-06-19T02:19:42+00:00
SAO_971C-10,São Paulo,3550308,True,,571,,,-23.445459874999997,-46.717152125,,,,1,2023-06-19T02:20:14+00:00
SAO_675X-10,São Paulo,3550308,True,,32879,,,-23.668470749999997,-46.71369075,,,,2,2023-06-19T02:20:02+00:00
SAO_675X-10,São Paulo,3550308,True,,32879,,,-23.609696,-46.6680365,,,,2,2023-06-19T02:20:00+00:00
SAO_508L-10,São Paulo,3550308,True,,32885,,,-23.5340575,-46.644261,,,,2,2023-06-19T02:19:51+00:00
SAO_508L-10,São Paulo,3550308,True,,32885,,,-23.5340575,-46.644261,,,,2,2023-06-19T02:19:49+00:00
SAO_8549-10,São Paulo,3550308,True,EMTU,580,https://moovitapp.com/index/pt-br/transporte_p%C3%BAblico-line-580-Sao_Paulo-242-2038937-36419570-0,7.55,-23.5399915,-46.645101499999996,,,,1,2023-06-19T02:19:50+00:00
SAO_8549-10,São Paulo,3550308,True,EMTU,580,https://moovitapp.com/index/pt-br/transporte_p%C3%BAblico-line-580-Sao_Paulo-242-2038937-36419570-0,7.55,-23.4891085,-46.688201,,,,1,2023-06-19T02:19:59+00:00
SAO_1020-10,São Paulo,3550308,True,,35265,,,-23.4106675,-46.763892,,,,2,2023-06-19T02:20:02+00:00
SAO_1020-10,São Paulo,3550308,True,,35265,,,-23.405450000000002,-46.7349175,,,,2,2023-06-19T02:19:46+00:00
SAO_1020-10,São Paulo,3550308,True,,35265,,,-23.45166125,-46.719660000000005,,,,2,2023-06-19T02:20:21+00:00
SAO_809P-10,São Paulo,3550308,True,,1891,,,-23.622524,-46.762103999999994,,,,1,2023-06-19T02:19:46+00:00
SAO_809P-10,São Paulo,3550308,True,,1891,,,-23.569727,-46.697432,,,,1,2023-06-19T02:20:10+00:00
SAO_8026-10,São Paulo,3550308,True,,34851,,,-23.631414499999998,-46.7489835,,,,2,2023-06-19T02:19:37+00:00
SAO_8026-10,São Paulo,3550308,True,,34851,,,-23.6328835,-46.748059,,,,2,2023-06-19T02:19:52+00:00
SAO_8026-10,São Paulo,3550308,True,,34851,,,-23.5999855,-46.747547499999996,,,,2,2023-06-19T02:20:15+00:00
SAO_9002-10,São Paulo,3550308,True,,33638,,,-23.475754000000002,-46.6707575,,,,2,2023-06-19T02:19:59+00:00
SAO_9002-10,São Paulo,3550308,True,,33638,,,-23.458088500000002,-46.6717525,,,,2,2023-06-19T02:19:54+00:00
SAO_9002-10,São Paulo,3550308,True,,33638,,,-23.4535585,-46.6720215,,,,2,2023-06-19T02:20:20+00:00
SAO_9002-10,São Paulo,3550308,True,,33638,,,-23.458042,-46.671117499999994,,,,2,2023-06-19T02:19:59+00:00
SAO_2011-10,São Paulo,3550308,True,,34904,,,-23.474104,-46.589833,,,,2,2023-06-19T02:18:15+00:00
SAO_2011-10,São Paulo,3550308,True,,34904,,,-23.4744815,-46.570485500000004,,,,2,2023-06-19T02:20:10+00:00
SAO_8030-10,São Paulo,3550308,True,,2562,,,-23.6228935,-46.7287175,,,,1,2023-06-19T02:19:47+00:00
SAO_8030-10,São Paulo,3550308,True,,2562,,,-23.6028445,-46.7316745,,,,1,2023-06-19T02:19:43+00:00
SAO_3761-10,São Paulo,3550308,True,,33819,,,-23.594765,-46.4457455,,,,2,2023-06-19T02:19:51+00:00
SAO_3761-10,São Paulo,3550308,True,,33819,,,-23.538545499999998,-46.564205,,,,2,2023-06-19T02:19:53+00:00
SAO_3761-10,São Paulo,3550308,True,,33819,,,-23.5850535,-46.489762999999996,,,,2,2023-06-19T02:20:16+00:00
SAO_179X-10,São Paulo,3550308,True,STT,680,https://moovitapp.com/index/pt-br/transporte_p%C3%BAblico-line-680-Sao_Paulo-242-850661-183334-0,5.3,-23.528259374999998,-46.635965,,,,1,2023-06-19T02:20:23+00:00
SAO_179X-10,São Paulo,3550308,True,STT,680,https://moovitapp.com/index/pt-br/transporte_p%C3%BAblico-line-680-Sao_Paulo-242-850661-183334-0,5.3,-23.44134,-46.5881995,,,,1,2023-06-19T02:20:12+00:00
SAO_179X-10,São Paulo,3550308,True,STT,680,https://moovitapp.com/index/pt-br/transporte_p%C3%BAblico-line-680-Sao_Paulo-242-850661-183334-0,5.3,-23.4917705,-46.5995315,,,,1,2023-06-19T02:20:01+00:00
SAO_856R-10,São Paulo,3550308,True,,34196,,,-23.674599375,-46.712262124999995,,,,2,2023-06-19T02:19:57+00:00
SAO_856R-10,São Paulo,3550308,True,,34196,,,-23.522726,-46.6977065,,,,2,2023-06-19T02:19:51+00:00
SAO_856R-10,São Paulo,3550308,True,,34196,,,-23.5460475,-46.681653499999996,,,,2,2023-06-19T02:19:49+00:00
SAO_609F-10,São Paulo,3550308,True,BR7 Mobilidade,37,https://moovitapp.com/index/pt-br/transporte_p%C3%BAblico-line-37-Sao_Paulo-242-851856-596010-0,5.75,-23.6680755,-46.748797,,,,1,2023-06-19T02:20:00+00:00
SAO_609F-10,São Paulo,3550308,True,BR7 Mobilidade,37,https://moovitapp.com/index/pt-br/transporte_p%C3%BAblico-line-37-Sao_Paulo-242-851856-596010-0,5.75,-23.667381499999998,-46.752379499999996,,,,1,2023-06-19T02:20:17+00:00
SAO_609F-10,São Paulo,3550308,True,BR7 Mobilidade,37,https://moovitapp.com/index/pt-br/transporte_p%C3%BAblico-line-37-Sao_Paulo-242-851856-596010-0,5.75,-23.601227,-46.695077999999995,,,,1,2023-06-19T02:19:42+00:00
SAO_609F-10,São Paulo,3550308,True,BR7 Mobilidade,37,https://moovitapp.com/index/pt-br/transporte_p%C3%BAblico-line-37-Sao_Paulo-242-851856-596010-0,5.75,-23.5355075,-46.644417000000004,,,,1,2023-06-19T02:19:48+00:00
SAO_6007-10,São Paulo,3550308,True,,32944,,,-23.672551499999997,-46.7488665,,,,2,2023-06-19T02:18:08+00:00
SAO_6007-10,São Paulo,3550308,True,,32944,,,-23.654101,-46.763310000000004,,,,2,2023-06-19T02:19:40+00:00
SAO_6007-10,São Paulo,3550308,True,,32944,,,-23.65474,-46.761515,,,,2,2023-06-19T02:20:01+00:00
SAO_6007-10,São Paulo,3550308,True,,32944,,,-23.65537525,-46.732169125,,,,2,2023-06-19T02:19:51+00:00
SAO_6048-10,São Paulo,3550308,True,BR7 Mobilidade,56,https://moovitapp.com/index/pt-br/transporte_p%C3%BAblico-line-56-Sao_Paulo-242-851856-518592-0,5.75,-23.6456275,-46.711672,,,,1,2023-06-19T02:20:22+00:00
SAO_6048-10,São Paulo,3550308,True,BR7 Mobilidade,56,https://moovitapp.com/index/pt-br/transporte_p%C3%BAblico-line-56-Sao_Paulo-242-851856-518592-0,5.75,-23.671858999999998,-46.7732835,,,,1,2023-06-19T02:20:20+00:00
SAO_1024-10,São Paulo,3550308,True,,2302,,,-23.462723,-46.7013555,,,,1,2023-06-19T02:19:58+00:00
SAO_1024-10,São Paulo,3550308,True,,2302,,,-23.457814,-46.7051,,,,1,2023-06-19T02:19:43+00:00
SAO_9006-10,São Paulo,3550308,True,,33642,,,-23.464864,-46.6906185,,,,2,2023-06-19T02:20:17+00:00
SAO_189L-10,São Paulo,3550308,True,,2450,,,-23.494314,-46.7092325,,,,1,2023-06-19T02:19:45+00:00
SAO_189L-10,São Paulo,3550308,True,,2450,,,-23.486610499999998,-46.710868000000005,,,,1,2023-06-19T02:20:03+00:00
SAO_3006-10,São Paulo,3550308,True,,34633,,,-23.547792,-46.390069,,,,2,2023-06-19T02:19:41+00:00
SAO_3006-10,São Paulo,3550308,True,,34633,,,-23.547792,-46.390069,,,,2,2023-06-19T02:20:20+00:00
SAO_3006-10,São Paulo,3550308,True,,34633,,,-23.548274,-46.3900315,,,,2,2023-06-19T02:20:14+00:00
SAO_3006-10,São Paulo,3550308,True,,34633,,,-23.548274,-46.3900315,,,,2,2023-06-19T02:19:18+00:00
SAO_414P-10,São Paulo,3550308,True,,33873,,,-23.55289,-46.565714,,,,2,2023-06-19T02:19:42+00:00
SAO_414P-10,São Paulo,3550308,True,,33873,,,-23.6021585,-46.530377,,,,2,2023-06-19T02:20:09+00:00
SAO_1206-10,São Paulo,3550308,True,EMTU,842,https://moovitapp.com/index/pt-br/transporte_p%C3%BAblico-line-842-Sao_Paulo-242-2038937-36419605-0,7.15,-23.5376941875,-46.602273,,,,1,2023-06-19T02:19:39+00:00
SAO_4732-10,São Paulo,3550308,True,Rápido Campinas,302,https://moovitapp.com/index/pt-br/transporte_p%C3%BAblico-line-302-Sao_Paulo-242-858660-23262913-0,5.3,-23.618575749999998,-46.637992499999996,,,,1,2023-06-19T02:19:45+00:00
SAO_7245-21,São Paulo,3550308,True,,2538,,,-23.654266,-46.711191,,,,1,2023-06-19T02:20:11+00:00
SAO_7245-21,São Paulo,3550308,True,,2538,,,-23.654266,-46.711191,,,,1,2023-06-19T02:20:07+00:00
SAO_7245-21,São Paulo,3550308,True,,2538,,,-23.628583,-46.7080955,,,,1,2023-06-19T02:20:15+00:00
SAO_3539-10,São Paulo,3550308,True,,748,,,-23.5703865,-46.4592365,,,,1,2023-06-19T02:19:59+00:00
SAO_3539-10,São Paulo,3550308,True,,748,,,-23.54165,-46.483231,,,,1,2023-06-19T02:19:57+00:00
SAO_3539-10,São Paulo,3550308,True,,748,,,-23.54634425,-46.60539125,,,,1,2023-06-19T02:19:48+00:00
SAO_3539-10,São Paulo,3550308,True,,748,,,-23.593611,-46.40632925,,,,1,2023-06-19T02:18:34+00:00
SAO_476A-10,São Paulo,3550308,True,,304,,,-23.6170215,-46.6809265,,,,1,2023-06-19T02:20:17+00:00
SAO_476A-10,São Paulo,3550308,True,,304,,,-23.5977235,-46.6058655,,,,1,2023-06-19T02:19:57+00:00
SAO_2006-10,São Paulo,3550308,True,,895,,,-23.510832999999998,-46.366727,,,,1,2023-06-19T02:20:04+00:00
SAO_2006-10,São Paulo,3550308,True,,895,,,-23.510832999999998,-46.366727,,,,1,2023-06-19T02:20:16+00:00
SAO_2006-10,São Paulo,3550308,True,,895,,,-23.4941615,-46.400386,,,,1,2023-06-19T02:20:03+00:00
SAO_2006-10,São Paulo,3550308,True,,895,,,-23.4918575,-46.3875085,,,,1,2023-06-19T02:18:33+00:00
SAO_2006-10,São Paulo,3550308,True,,895,,,-23.5053745,-46.36656475,,,,1,2023-06-19T02:19:54+00:00
SAO_2006-10,São Paulo,3550308,True,,895,,,-23.498852499999998,-46.3700645,,,,1,2023-06-19T02:19:54+00:00
SAO_847J-21,São Paulo,3550308,True,,35255,,,-23.4420875,-46.734371499999995,,,,2,2023-06-19T02:19:58+00:00
SAO_516N-10,São Paulo,3550308,True,,33034,,,-23.690199749999998,-46.649609,,,,2,2023-06-19T02:17:08+00:00
SAO_516N-10,São Paulo,3550308,True,,33034,,,-23.633191,-46.680735,,,,2,2023-06-19T02:19:57+00:00
SAO_516N-10,São Paulo,3550308,True,,33034,,,-23.681403,-46.638069,,,,2,2023-06-19T02:20:19+00:00
SAO_807P-10,São Paulo,3550308,True,,34867,,,-23.616477500000002,-46.7208605,,,,2,2023-06-19T02:19:51+00:00
SAO_4027-10,São Paulo,3550308,True,,1097,,,-23.597652500000002,-46.48668725,,,,1,2023-06-19T02:19:57+00:00
SAO_4027-10,São Paulo,3550308,True,,1097,,,-23.6196795,-46.456336,,,,1,2023-06-19T02:19:57+00:00
SAO_4027-10,São Paulo,3550308,True,,1097,,,-23.6418875,-46.439175500000005,,,,1,2023-06-19T02:19:45+00:00
SAO_4053-10,São Paulo,3550308,True,,2146,,,-23.542544,-46.4158275,,,,1,2023-06-19T02:14:16+00:00
SAO_4053-10,São Paulo,3550308,True,,2146,,,-23.5590895,-46.399975,,,,1,2023-06-19T02:19:56+00:00
SAO_7051-10,São Paulo,3550308,True,,34653,,,-23.640573000000003,-46.780058,,,,2,2023-06-19T02:19:53+00:00
SAO_7051-10,São Paulo,3550308,True,,34653,,,-23.654968500000003,-46.784118,,,,2,2023-06-19T02:20:19+00:00
SAO_4035-10,São Paulo,3550308,True,,2560,,,-23.563554500000002,-46.434336,,,,1,2023-06-19T02:19:08+00:00
SAO_3718-10,São Paulo,3550308,True,,1013,,,-23.5580755,-46.487475625,,,,1,2023-06-19T02:20:21+00:00
SAO_3718-10,São Paulo,3550308,True,,1013,,,-23.540547,-46.485232999999994,,,,1,2023-06-19T02:20:03+00:00
SAO_3718-10,São Paulo,3550308,True,,1013,,,-23.557025,-46.4865765,,,,1,2023-06-19T02:20:07+00:00
SAO_574C-10,São Paulo,3550308,True,,1639,,,-23.61259,-46.479862999999995,,,,1,2023-06-19T02:17:32+00:00
SAO_574C-10,São Paulo,3550308,True,,1639,,,-23.6018625,-46.5700175,,,,1,2023-06-19T02:20:20+00:00
SAO_669A-10,São Paulo,3550308,True,,32772,,,-23.55165475,-46.657360749999995,,,,2,2023-06-19T02:19:41+00:00
SAO_669A-10,São Paulo,3550308,True,,32772,,,-23.650700999999998,-46.707818,,,,2,2023-06-19T02:19:59+00:00
SAO_669A-10,São Paulo,3550308,True,,32772,,,-23.549295,-46.65299950000001,,,,2,2023-06-19T02:20:13+00:00
SAO_9005-10,São Paulo,3550308,True,,33640,,,-23.4542405,-46.693987250000006,,,,2,2023-06-19T02:19:46+00:00
SAO_9005-10,São Paulo,3550308,True,,33640,,,-23.454378499999997,-46.693401,,,,2,2023-06-19T02:20:18+00:00
SAO_9005-10,São Paulo,3550308,True,,33640,,,-23.4543195,-46.6936435,,,,2,2023-06-19T02:20:00+00:00
SAO_9005-10,São Paulo,3550308,True,,33640,,,-23.469566999999998,-46.670336500000005,,,,2,2023-06-19T02:20:09+00:00
SAO_9005-10,São Paulo,3550308,True,,33640,,,-23.4543195,-46.6936435,,,,2,2023-06-19T02:20:13+00:00
SAO_9005-10,São Paulo,3550308,True,,33640,,,-23.45410675,-46.694542500000004,,,,2,2023-06-19T02:19:52+00:00
SAO_607A-10,São Paulo,3550308,True,,2139,,,-23.6920815,-46.67773,,,,1,2023-06-19T02:19:42+00:00
SAO_607A-10,São Paulo,3550308,True,,2139,,,-23.665044625,-46.712384125,,,,1,2023-06-19T02:19:44+00:00
SAO_6813-10,São Paulo,3550308,True,BR7 Mobilidade,33,https://moovitapp.com/index/pt-br/transporte_p%C3%BAblico-line-33-Sao_Paulo-242-851856-529134-0,5.75,-23.6541265,-46.7631545,,,,1,2023-06-19T02:19:53+00:00
SAO_3006-10,São Paulo,3550308,True,,1865,,,-23.548099999999998,-46.389815,,,,1,2023-06-19T02:19:54+00:00
SAO_3006-10,São Paulo,3550308,True,,1865,,,-23.548099999999998,-46.389815,,,,1,2023-06-19T02:18:53+00:00
SAO_3006-10,São Paulo,3550308,True,,1865,,,-23.548099999999998,-46.389815,,,,1,2023-06-19T02:20:11+00:00
SAO_3006-10,São Paulo,3550308,True,,1865,,,-23.541988,-46.4152385,,,,1,2023-06-19T02:18:49+00:00
SAO_4018-10,São Paulo,3550308,True,,2191,,,-23.583056749999997,-46.415069,,,,1,2023-06-19T02:16:55+00:00
SAO_4018-10,São Paulo,3550308,True,,2191,,,-23.5958445,-46.434946499999995,,,,1,2023-06-19T02:20:20+00:00
SAO_4018-10,São Paulo,3550308,True,,2191,,,-23.613115999999998,-46.476499,,,,1,2023-06-19T02:20:15+00:00
SAO_6500-10,São Paulo,3550308,True,,32814,,,-23.65012325,-46.706284249999996,,,,2,2023-06-19T02:19:52+00:00
SAO_6500-10,São Paulo,3550308,True,,32814,,,-23.574096625,-46.6673885,,,,2,2023-06-19T02:20:01+00:00
SAO_311C-10,São Paulo,3550308,True,EMTU,309,https://moovitapp.com/index/pt-br/transporte_p%C3%BAblico-line-309-Sao_Paulo-242-2038937-36419401-0,7.5,-23.535161,-46.62126825,,,,1,2023-06-19T02:19:01+00:00
SAO_6072-23,São Paulo,3550308,True,,34772,,,-23.7676285,-46.7168275,,,,2,2023-06-19T02:20:16+00:00
SAO_9015-10,São Paulo,3550308,True,,1269,,,-23.488185,-46.725660500000004,,,,1,2023-06-19T02:20:13+00:00
SAO_6016-10,São Paulo,3550308,True,,32852,,,-23.759346,-46.684316499999994,,,,2,2023-06-19T02:19:55+00:00
SAO_6016-10,São Paulo,3550308,True,,32852,,,-23.7713715,-46.673497499999996,,,,2,2023-06-19T02:19:47+00:00
SAO_775N-10,São Paulo,3550308,True,,33242,,,-23.576649500000002,-46.7657045,,,,2,2023-06-19T02:20:15+00:00
SAO_775N-10,São Paulo,3550308,True,,33242,,,-23.5629095,-46.7470515,,,,2,2023-06-19T02:20:14+00:00
SAO_637V-10,São Paulo,3550308,True,EMTU,104,https://moovitapp.com/index/pt-br/transporte_p%C3%BAblico-line-104-Sao_Paulo-242-2038937-36419267-0,5.1,-23.7382055,-46.6893095,,,,1,2023-06-19T02:20:03+00:00
SAO_637V-10,São Paulo,3550308,True,EMTU,104,https://moovitapp.com/index/pt-br/transporte_p%C3%BAblico-line-104-Sao_Paulo-242-2038937-36419267-0,5.1,-23.6658555,-46.711713,,,,1,2023-06-19T02:19:52+00:00
SAO_1758-10,São Paulo,3550308,True,EMTU,552,https://moovitapp.com/index/pt-br/transporte_p%C3%BAblico-line-552-Sao_Paulo-242-2038937-36419556-0,6.8,-23.478038499999997,-46.6325515,,,,1,2023-06-19T02:20:06+00:00
SAO_1758-10,São Paulo,3550308,True,EMTU,552,https://moovitapp.com/index/pt-br/transporte_p%C3%BAblico-line-552-Sao_Paulo-242-2038937-36419556-0,6.8,-23.453969,-46.6614815,,,,1,2023-06-19T02:19:57+00:00
SAO_4030-10,São Paulo,3550308,True,,1100,,,-23.611138999999998,-46.48667775,,,,1,2023-06-19T02:19:49+00:00
SAO_4030-10,São Paulo,3550308,True,,1100,,,-23.58780875,-46.4906065,,,,1,2023-06-19T02:19:50+00:00
SAO_4030-10,São Paulo,3550308,True,,1100,,,-23.5633835,-46.501695,,,,1,2023-06-19T02:19:41+00:00
SAO_627J-10,São Paulo,3550308,True,,2056,,,-23.682060999999997,-46.633000499999994,,,,1,2023-06-19T02:20:04+00:00
SAO_627J-10,São Paulo,3550308,True,,2056,,,-23.646867999999998,-46.6402595,,,,1,2023-06-19T02:20:10+00:00
SAO_342M-10,São Paulo,3550308,True,,747,,,-23.560007,-46.51988275,,,,1,2023-06-19T02:20:04+00:00
SAO_342M-10,São Paulo,3550308,True,,747,,,-23.579035750000003,-46.502755750000006,,,,1,2023-06-19T02:20:14+00:00
SAO_342M-10,São Paulo,3550308,True,,747,,,-23.579035750000003,-46.502755750000006,,,,1,2023-06-19T02:20:06+00:00
SAO_8025-10,São Paulo,3550308,True,,2076,,,-23.589200625,-46.735955375,,,,1,2023-06-19T02:20:14+00:00
SAO_8025-10,São Paulo,3550308,True,,2076,,,-23.5900615,-46.770019500000004,,,,1,2023-06-19T02:20:12+00:00
SAO_5164-21,São Paulo,3550308,True,,34384,,,-23.58435475,-46.6562165,,,,2,2023-06-19T02:19:49+00:00
SAO_5164-21,São Paulo,3550308,True,,34384,,,-23.6530495,-46.645336,,,,2,2023-06-19T02:20:18+00:00
SAO_1720-10,São Paulo,3550308,True,,33631,,,-23.494107,-46.568782999999996,,,,2,2023-06-19T02:18:45+00:00
SAO_1720-10,São Paulo,3550308,True,,33631,,,-23.47484,-46.613084,,,,2,2023-06-19T02:17:03+00:00
SAO_1720-10,São Paulo,3550308,True,,33631,,,-23.4830975,-46.58391,,,,2,2023-06-19T02:20:04+00:00
SAO_1720-10,São Paulo,3550308,True,,33631,,,-23.494107,-46.568782999999996,,,,2,2023-06-19T02:20:09+00:00
SAO_8040-10,São Paulo,3550308,True,,406,,,-23.45332,-46.7548435,,,,1,2023-06-19T02:20:01+00:00
SAO_8040-10,São Paulo,3550308,True,,406,,,-23.525544500000002,-46.712109500000004,,,,1,2023-06-19T02:19:36+00:00
SAO_7053-22,São Paulo,3550308,True,,34664,,,-23.645042500000002,-46.789187999999996,,,,2,2023-06-19T02:19:51+00:00
SAO_2105-10,São Paulo,3550308,True,,2247,,,-23.514774624999998,-46.6252275,,,,1,2023-06-19T02:19:37+00:00
SAO_5018-10,São Paulo,3550308,True,,1492,,,-23.6908445,-46.6513865,,,,1,2023-06-19T02:19:17+00:00
SAO_5018-10,São Paulo,3550308,True,,1492,,,-23.675069,-46.673212,,,,1,2023-06-19T02:20:09+00:00
SAO_6818-10,São Paulo,3550308,True,,32796,,,-23.655419000000002,-46.7722955,,,,2,2023-06-19T02:19:48+00:00
SAO_6818-10,São Paulo,3550308,True,,32796,,,-23.6450115,-46.763951000000006,,,,2,2023-06-19T02:20:00+00:00
SAO_8500-10,São Paulo,3550308,True,,1267,,,-23.518904,-46.6765535,,,,1,2023-06-19T02:19:50+00:00
SAO_8500-10,São Paulo,3550308,True,,1267,,,-23.48629,-46.7260085,,,,1,2023-06-19T02:20:11+00:00
SAO_8319-10,São Paulo,3550308,True,,476,,,-23.535662000000002,-46.718891,,,,1,2023-06-19T02:20:14+00:00
SAO_6726-10,São Paulo,3550308,True,,1193,,,-23.736596499999997,-46.6971045,,,,1,2023-06-19T02:19:43+00:00
SAO_6726-10,São Paulo,3550308,True,,1193,,,-23.73538525,-46.6645155,,,,1,2023-06-19T02:19:41+00:00
SAO_6726-10,São Paulo,3550308,True,,1193,,,-23.751979,-46.6664275,,,,1,2023-06-19T02:19:50+00:00
SAO_6726-10,São Paulo,3550308,True,,1193,,,-23.736596499999997,-46.6971045,,,,1,2023-06-19T02:19:44+00:00
SAO_6726-10,São Paulo,3550308,True,,1193,,,-23.736596499999997,-46.6971045,,,,1,2023-06-19T02:20:20+00:00
SAO_8029-10,São Paulo,3550308,True,,35308,,,-23.615239000000003,-46.746427,,,,2,2023-06-19T02:19:57+00:00
SAO_8029-10,São Paulo,3550308,True,,35308,,,-23.5855945,-46.724115,,,,2,2023-06-19T02:20:15+00:00
SAO_8029-10,São Paulo,3550308,True,,35308,,,-23.615398,-46.746458000000004,,,,2,2023-06-19T02:20:13+00:00
SAO_8028-10,São Paulo,3550308,True,,2532,,,-23.615879,-46.720952999999994,,,,1,2023-06-19T02:19:56+00:00
SAO_2033-10,São Paulo,3550308,True,,35267,,,-23.4874525,-46.568031000000005,,,,2,2023-06-19T02:19:50+00:00
SAO_2733-10,São Paulo,3550308,True,,33716,,,-23.520696,-46.4541555,,,,2,2023-06-19T02:19:46+00:00
SAO_2733-10,São Paulo,3550308,True,,33716,,,-23.5162355,-46.4623365,,,,2,2023-06-19T02:20:15+00:00
SAO_2733-10,São Paulo,3550308,True,,33716,,,-23.51545025,-46.4608195,,,,2,2023-06-19T02:19:41+00:00
SAO_2717-10,São Paulo,3550308,True,,33698,,,-23.528868,-46.5167825,,,,2,2023-06-19T02:20:22+00:00
SAO_2717-10,São Paulo,3550308,True,,33698,,,-23.5160665,-46.518022,,,,2,2023-06-19T02:19:45+00:00
SAO_6059-10,São Paulo,3550308,True,,33994,,,-23.64450025,-46.7264155,,,,2,2023-06-19T02:19:44+00:00
SAO_177Y-10,São Paulo,3550308,True,,867,,,-23.527138875,-46.669329125000004,,,,1,2023-06-19T02:19:50+00:00
SAO_177Y-10,São Paulo,3550308,True,,867,,,-23.566136750000002,-46.701097,,,,1,2023-06-19T02:20:01+00:00
SAO_6816-10,São Paulo,3550308,True,BR7 Mobilidade,26,https://moovitapp.com/index/pt-br/transporte_p%C3%BAblico-line-26-Sao_Paulo-242-851856-577923-0,5.75,-23.652935499999998,-46.776088,,,,1,2023-06-19T02:20:23+00:00
SAO_6816-10,São Paulo,3550308,True,BR7 Mobilidade,26,https://moovitapp.com/index/pt-br/transporte_p%C3%BAblico-line-26-Sao_Paulo-242-851856-577923-0,5.75,-23.6488825,-46.784435,,,,1,2023-06-19T02:20:01+00:00
SAO_6816-10,São Paulo,3550308,True,BR7 Mobilidade,26,https://moovitapp.com/index/pt-br/transporte_p%C3%BAblico-line-26-Sao_Paulo-242-851856-577923-0,5.75,-23.653454,-46.776790500000004,,,,1,2023-06-19T02:19:46+00:00
SAO_6816-10,São Paulo,3550308,True,BR7 Mobilidade,26,https://moovitapp.com/index/pt-br/transporte_p%C3%BAblico-line-26-Sao_Paulo-242-851856-577923-0,5.75,-23.653994500000003,-46.762168,,,,1,2023-06-19T02:19:41+00:00
SAO_3785-10,São Paulo,3550308,True,,1063,,,-23.591207,-46.394471,,,,1,2023-06-19T02:19:56+00:00
SAO_3785-10,São Paulo,3550308,True,,1063,,,-23.5632265,-46.44612325,,,,1,2023-06-19T02:20:07+00:00
SAO_3785-10,São Paulo,3550308,True,,1063,,,-23.5683505,-46.446842000000004,,,,1,2023-06-19T02:19:50+00:00
SAO_3785-10,São Paulo,3550308,True,,1063,,,-23.563545,-46.446155,,,,1,2023-06-19T02:19:54+00:00
SAO_3785-10,São Paulo,3550308,True,,1063,,,-23.591108,-46.3945285,,,,1,2023-06-19T02:20:06+00:00
SAO_3785-10,São Paulo,3550308,True,,1063,,,-23.582721,-46.3923575,,,,1,2023-06-19T02:20:22+00:00
SAO_172R-10,São Paulo,3550308,True,,859,,,-23.497451,-46.574927875,,,,1,2023-06-19T02:16:51+00:00
SAO_172R-10,São Paulo,3550308,True,,859,,,-23.465965,-46.584261999999995,,,,1,2023-06-19T02:18:32+00:00
SAO_172R-10,São Paulo,3550308,True,,859,,,-23.520242125,-46.591273375,,,,1,2023-06-19T02:18:16+00:00
SAO_172R-10,São Paulo,3550308,True,,859,,,-23.5423885,-46.590565,,,,1,2023-06-19T02:19:44+00:00
SAO_719P-10,São Paulo,3550308,True,,1372,,,-23.5661695,-46.701891,,,,1,2023-06-19T02:20:18+00:00
SAO_719P-10,São Paulo,3550308,True,,1372,,,-23.541341499999998,-46.64709925,,,,1,2023-06-19T02:20:16+00:00
SAO_3718-10,São Paulo,3550308,True,,33781,,,-23.541107,-46.4847105,,,,2,2023-06-19T02:20:21+00:00
SAO_3773-10,São Paulo,3550308,True,,33827,,,-23.604273375,-46.480106625000005,,,,2,2023-06-19T02:19:43+00:00
SAO_3773-10,São Paulo,3550308,True,,33827,,,-23.539747875,-46.543512875,,,,2,2023-06-19T02:19:48+00:00
SAO_3773-10,São Paulo,3550308,True,,33827,,,-23.615998,-46.4650945,,,,2,2023-06-19T02:20:16+00:00
SAO_6L03-10,São Paulo,3550308,True,,1565,,,-23.828025500000003,-46.7271865,,,,1,2023-06-19T02:20:06+00:00
SAO_3763-10,São Paulo,3550308,True,,33822,,,-23.5653075,-46.5379235,,,,2,2023-06-19T02:19:45+00:00
SAO_3763-10,São Paulo,3550308,True,,33822,,,-23.54830225,-46.563432500000005,,,,2,2023-06-19T02:15:48+00:00
SAO_6017-10,São Paulo,3550308,True,,33974,,,-23.6997445,-46.763545,,,,2,2023-06-19T02:20:03+00:00
SAO_6017-10,São Paulo,3550308,True,,33974,,,-23.67581125,-46.7533895,,,,2,2023-06-19T02:20:19+00:00
SAO_4288-10,São Paulo,3550308,True,Cidade de Caieiras,290,https://moovitapp.com/index/pt-br/transporte_p%C3%BAblico-line-290-Sao_Paulo-242-868761-496416-0,5.0,-23.56760625,-46.597860624999996,,,,1,2023-06-19T02:20:20+00:00
SAO_273G-10,São Paulo,3550308,True,EMTU,223,https://moovitapp.com/index/pt-br/transporte_p%C3%BAblico-line-223-Sao_Paulo-242-2038937-36419342-0,5.2,-23.491370500000002,-46.44482875,,,,1,2023-06-19T02:20:15+00:00
SAO_4021-10,São Paulo,3550308,True,,35316,,,-23.553698875000002,-46.456072625000004,,,,2,2023-06-19T02:19:50+00:00
SAO_4021-10,São Paulo,3550308,True,,35316,,,-23.542792499999997,-46.470580999999996,,,,2,2023-06-19T02:19:54+00:00
SAO_4021-10,São Paulo,3550308,True,,35316,,,-23.542792499999997,-46.470580999999996,,,,2,2023-06-19T02:19:52+00:00
SAO_4021-10,São Paulo,3550308,True,,35316,,,-23.542792499999997,-46.470580999999996,,,,2,2023-06-19T02:19:49+00:00
SAO_4021-10,São Paulo,3550308,True,,35316,,,-23.542741499999998,-46.470274,,,,2,2023-06-19T02:19:45+00:00
SAO_4021-10,São Paulo,3550308,True,,35316,,,-23.542792499999997,-46.470580999999996,,,,2,2023-06-19T02:19:58+00:00
SAO_4021-10,São Paulo,3550308,True,,35316,,,-23.542792499999997,-46.470580999999996,,,,2,2023-06-19T02:20:09+00:00
SAO_4021-10,São Paulo,3550308,True,,35316,,,-23.542792499999997,-46.470580999999996,,,,2,2023-06-19T02:20:18+00:00
SAO_4021-10,São Paulo,3550308,True,,35316,,,-23.542792499999997,-46.470580999999996,,,,2,2023-06-19T02:19:49+00:00
SAO_6455-10,São Paulo,3550308,True,,63,,,-23.64471425,-46.726479,,,,1,2023-06-19T02:19:53+00:00
SAO_6455-10,São Paulo,3550308,True,,63,,,-23.587968,-46.652131,,,,1,2023-06-19T02:19:45+00:00
SAO_5178-10,São Paulo,3550308,True,,33363,,,-23.5728045,-46.65438175,,,,2,2023-06-19T02:19:54+00:00
SAO_5178-10,São Paulo,3550308,True,,33363,,,-23.666238375,-46.656311875,,,,2,2023-06-19T02:19:45+00:00
SAO_8605-10,São Paulo,3550308,True,,1917,,,-23.59710275,-46.740068625000006,,,,1,2023-06-19T02:19:44+00:00
SAO_8605-10,São Paulo,3550308,True,,1917,,,-23.5648935,-46.6570955,,,,1,2023-06-19T02:19:50+00:00
SAO_106A-10,São Paulo,3550308,True,,516,,,-23.5706045,-46.6626015,,,,1,2023-06-19T02:19:56+00:00
SAO_5020-10,São Paulo,3550308,True,,1670,,,-23.608876000000002,-46.595014500000005,,,,1,2023-06-19T02:20:19+00:00
SAO_5020-10,São Paulo,3550308,True,,1670,,,-23.602595,-46.6026645,,,,1,2023-06-19T02:20:18+00:00
SAO_516N-10,São Paulo,3550308,True,EMTU,266,https://moovitapp.com/index/pt-br/transporte_p%C3%BAblico-line-266-Sao_Paulo-242-2038937-36419376-0,6.8,-23.686354,-46.633506,,,,1,2023-06-19T02:20:02+00:00
SAO_516N-10,São Paulo,3550308,True,EMTU,266,https://moovitapp.com/index/pt-br/transporte_p%C3%BAblico-line-266-Sao_Paulo-242-2038937-36419376-0,6.8,-23.61163225,-46.677578,,,,1,2023-06-19T02:20:07+00:00
SAO_372U-10,São Paulo,3550308,True,,1016,,,-23.541065,-46.576965,,,,1,2023-06-19T02:20:08+00:00
SAO_372U-10,São Paulo,3550308,True,,1016,,,-23.562414,-46.5432745,,,,1,2023-06-19T02:20:13+00:00
SAO_372U-10,São Paulo,3550308,True,,1016,,,-23.5573745,-46.55919,,,,1,2023-06-19T02:19:37+00:00
SAO_546A-10,São Paulo,3550308,True,,1131,,,-23.6545995,-46.7033345,,,,1,2023-06-19T02:20:12+00:00
SAO_546A-10,São Paulo,3550308,True,,1131,,,-23.697663,-46.648407,,,,1,2023-06-19T02:19:54+00:00
SAO_513L-10,São Paulo,3550308,True,,34423,,,-23.5999815,-46.600495499999994,,,,2,2023-06-19T02:19:37+00:00
SAO_121G-10,São Paulo,3550308,True,,33459,,,-23.481005500000002,-46.600438999999994,,,,2,2023-06-19T02:20:02+00:00
SAO_121G-10,São Paulo,3550308,True,,33459,,,-23.4810685,-46.603014,,,,2,2023-06-19T02:20:14+00:00
SAO_121G-10,São Paulo,3550308,True,,33459,,,-23.4948895,-46.5758185,,,,2,2023-06-19T02:19:46+00:00
SAO_809A-10,São Paulo,3550308,True,,2069,,,-23.5727345,-46.709809500000006,,,,1,2023-06-19T02:19:50+00:00
SAO_209P-1,São Paulo,3550308,True,,2301,,,-23.5332085,-46.675165,,,,1,2023-06-19T02:20:18+00:00
SAO_209P-1,São Paulo,3550308,True,,2301,,,-23.474822500000002,-46.670317999999995,,,,1,2023-06-19T02:20:07+00:00
SAO_209P-1,São Paulo,3550308,True,,2301,,,-23.564463,-46.6930125,,,,1,2023-06-19T02:19:40+00:00
SAO_9009-10,São Paulo,3550308,True,,33645,,,-23.447998,-46.708507,,,,2,2023-06-19T02:20:13+00:00
SAO_9009-10,São Paulo,3550308,True,,33645,,,-23.447998,-46.708507,,,,2,2023-06-19T02:19:25+00:00
SAO_9009-10,São Paulo,3550308,True,,33645,,,-23.4437895,-46.71723525,,,,2,2023-06-19T02:20:19+00:00
SAO_9009-10,São Paulo,3550308,True,,33645,,,-23.463238750000002,-46.682105750000005,,,,2,2023-06-19T02:20:13+00:00
SAO_6019-10,São Paulo,3550308,True,,1490,,,-23.678251500000002,-46.735822,,,,1,2023-06-19T02:20:04+00:00
SAO_407T-10,São Paulo,3550308,True,,2202,,,-23.538669499999997,-46.4415705,,,,1,2023-06-19T02:19:54+00:00
SAO_407T-10,São Paulo,3550308,True,,2202,,,-23.538669499999997,-46.4415705,,,,1,2023-06-19T02:19:50+00:00
SAO_407E-10,São Paulo,3550308,True,,2215,,,-23.6118905,-46.466438,,,,1,2023-06-19T02:20:07+00:00
SAO_407E-10,São Paulo,3550308,True,,2215,,,-23.538169,-46.564766500000005,,,,1,2023-06-19T02:20:20+00:00
SAO_407E-10,São Paulo,3550308,True,,2215,,,-23.538597,-46.5639085,,,,1,2023-06-19T02:17:36+00:00
SAO_574A-21,São Paulo,3550308,True,,34458,,,-23.628309125,-46.644409875,,,,2,2023-06-19T02:19:37+00:00
SAO_1773-10,São Paulo,3550308,True,,33405,,,-23.4365295,-46.566240500000006,,,,2,2023-06-19T02:19:38+00:00
SAO_1773-10,São Paulo,3550308,True,,33405,,,-23.476971,-46.610569,,,,2,2023-06-19T02:19:47+00:00
SAO_502J-23,São Paulo,3550308,True,,2518,,,-23.694965500000002,-46.67599,,,,1,2023-06-19T02:20:02+00:00
SAO_875H-10,São Paulo,3550308,True,,34108,,,-23.589347,-46.6335725,,,,2,2023-06-19T02:20:05+00:00
SAO_875H-10,São Paulo,3550308,True,,34108,,,-23.5198375,-46.7006815,,,,2,2023-06-19T02:20:20+00:00
SAO_875H-10,São Paulo,3550308,True,,34108,,,-23.57014975,-46.645631,,,,2,2023-06-19T02:20:06+00:00
SAO_8300-10,São Paulo,3550308,True,,34032,,,-23.485965,-46.726443374999995,,,,2,2023-06-19T02:19:59+00:00
SAO_8300-10,São Paulo,3550308,True,,34032,,,-23.506056,-46.7059095,,,,2,2023-06-19T02:19:51+00:00
SAO_524M-10,São Paulo,3550308,True,,34399,,,-23.565395000000002,-46.508859,,,,2,2023-06-19T02:20:13+00:00
SAO_524M-10,São Paulo,3550308,True,,34399,,,-23.591844000000002,-46.502582000000004,,,,2,2023-06-19T02:20:07+00:00
SAO_524M-10,São Paulo,3550308,True,,34399,,,-23.618851624999998,-46.495790625,,,,2,2023-06-19T02:20:15+00:00
SAO_524M-10,São Paulo,3550308,True,,34399,,,-23.619122750000002,-46.4958135,,,,2,2023-06-19T02:19:35+00:00
SAO_407R-10,São Paulo,3550308,True,,2201,,,-23.5547495,-46.577987,,,,1,2023-06-19T02:19:49+00:00
SAO_8004-10,São Paulo,3550308,True,,1254,,,-23.483374750000003,-46.74641575,,,,1,2023-06-19T02:20:06+00:00
SAO_1016-10,São Paulo,3550308,True,EMTU,831,https://moovitapp.com/index/pt-br/transporte_p%C3%BAblico-line-831-Sao_Paulo-242-2038937-36419598-0,5.7,-23.4467025,-46.612065,,,,1,2023-06-19T02:20:19+00:00
SAO_1016-10,São Paulo,3550308,True,EMTU,831,https://moovitapp.com/index/pt-br/transporte_p%C3%BAblico-line-831-Sao_Paulo-242-2038937-36419598-0,5.7,-23.482719,-46.61220525,,,,1,2023-06-19T02:20:00+00:00
SAO_1016-10,São Paulo,3550308,True,EMTU,831,https://moovitapp.com/index/pt-br/transporte_p%C3%BAblico-line-831-Sao_Paulo-242-2038937-36419598-0,5.7,-23.50523225,-46.61524025,,,,1,2023-06-19T02:16:49+00:00
SAO_4006-10,São Paulo,3550308,True,,2180,,,-23.596856,-46.436479,,,,1,2023-06-19T02:20:15+00:00
SAO_3002-10,São Paulo,3550308,True,,1808,,,-23.510468,-46.378808,,,,1,2023-06-19T02:20:07+00:00
SAO_3002-10,São Paulo,3550308,True,,1808,,,-23.506593,-46.3882265,,,,1,2023-06-19T02:19:56+00:00
SAO_3002-10,São Paulo,3550308,True,,1808,,,-23.496955,-46.437329,,,,1,2023-06-19T02:19:46+00:00
SAO_3002-10,São Paulo,3550308,True,,1808,,,-23.510468,-46.378808,,,,1,2023-06-19T02:19:22+00:00
SAO_5370-10,São Paulo,3550308,True,,1442,,,-23.578492250000004,-46.64594699999999,,,,1,2023-06-19T02:20:17+00:00
SAO_5370-10,São Paulo,3550308,True,,1442,,,-23.730201,-46.698226000000005,,,,1,2023-06-19T02:19:40+00:00
SAO_5370-10,São Paulo,3550308,True,,1442,,,-23.63973575,-46.696331,,,,1,2023-06-19T02:20:19+00:00
SAO_5011-10,São Paulo,3550308,True,,33883,,,-23.71491825,-46.6223575,,,,2,2023-06-19T02:20:06+00:00
SAO_5011-10,São Paulo,3550308,True,,33883,,,-23.705264999999997,-46.643279,,,,2,2023-06-19T02:19:43+00:00
SAO_5011-10,São Paulo,3550308,True,,33883,,,-23.683809250000003,-46.6813975,,,,2,2023-06-19T02:19:52+00:00
SAO_5011-10,São Paulo,3550308,True,,33883,,,-23.676126000000004,-46.68571275,,,,2,2023-06-19T02:20:19+00:00
SAO_709P-10,São Paulo,3550308,True,,1993,,,-23.611045,-46.694884,,,,1,2023-06-19T02:20:02+00:00
SAO_709P-10,São Paulo,3550308,True,,1993,,,-23.565214249999997,-46.7010625,,,,1,2023-06-19T02:19:43+00:00
SAO_8013-41,São Paulo,3550308,True,,34779,,,-23.4283135,-46.794535249999996,,,,2,2023-06-19T02:19:46+00:00
SAO_5029-10,São Paulo,3550308,True,,34440,,,-23.628492,-46.5859155,,,,2,2023-06-19T02:20:01+00:00
SAO_4018-10,São Paulo,3550308,True,,34959,,,-23.60109525,-46.39926,,,,2,2023-06-19T02:19:45+00:00
SAO_4018-10,São Paulo,3550308,True,,34959,,,-23.594952874999997,-46.428407,,,,2,2023-06-19T02:18:33+00:00
SAO_4018-10,São Paulo,3550308,True,,34959,,,-23.5830135,-46.409528,,,,2,2023-06-19T02:19:54+00:00
SAO_4018-10,São Paulo,3550308,True,,34959,,,-23.600441500000002,-46.399831500000005,,,,2,2023-06-19T02:20:21+00:00
SAO_4018-10,São Paulo,3550308,True,,34959,,,-23.6006425,-46.3996595,,,,2,2023-06-19T02:19:40+00:00
SAO_4018-10,São Paulo,3550308,True,,34959,,,-23.60156875,-46.398831,,,,2,2023-06-19T02:19:48+00:00
SAO_2026-10,São Paulo,3550308,True,,2269,,,-23.461732,-46.5828865,,,,1,2023-06-19T02:20:05+00:00
SAO_2104-10,São Paulo,3550308,True,,2255,,,-23.523996500000003,-46.6255045,,,,1,2023-06-19T02:19:49+00:00
SAO_271F-10,São Paulo,3550308,True,,33451,,,-23.5174605,-46.6164065,,,,2,2023-06-19T02:20:17+00:00
SAO_3739-10,São Paulo,3550308,True,,1039,,,-23.595240375000003,-46.439105375,,,,1,2023-06-19T02:20:21+00:00
SAO_3739-10,São Paulo,3550308,True,,1039,,,-23.55587225,-46.452326750000005,,,,1,2023-06-19T02:19:49+00:00
SAO_3739-10,São Paulo,3550308,True,,1039,,,-23.5423965,-46.469851,,,,1,2023-06-19T02:20:09+00:00
SAO_6826-10,São Paulo,3550308,True,BR7 Mobilidade,16,https://moovitapp.com/index/pt-br/transporte_p%C3%BAblico-line-16-Sao_Paulo-242-851856-513215-0,5.75,-23.654173,-46.762701500000006,,,,1,2023-06-19T02:20:11+00:00
SAO_6826-10,São Paulo,3550308,True,BR7 Mobilidade,16,https://moovitapp.com/index/pt-br/transporte_p%C3%BAblico-line-16-Sao_Paulo-242-851856-513215-0,5.75,-23.673604,-46.7972985,,,,1,2023-06-19T02:19:44+00:00
SAO_7006-10,São Paulo,3550308,True,,34763,,,-23.6848575,-46.7702205,,,,2,2023-06-19T02:20:02+00:00
SAO_7006-10,São Paulo,3550308,True,,34763,,,-23.717299750000002,-46.78392325,,,,2,2023-06-19T02:20:03+00:00
SAO_4005-10,São Paulo,3550308,True,,2179,,,-23.589228,-46.3944705,,,,1,2023-06-19T02:20:03+00:00
SAO_3725-10,São Paulo,3550308,True,,33790,,,-23.533086,-46.530659,,,,2,2023-06-19T02:19:49+00:00
SAO_958P-10,São Paulo,3550308,True,,465,,,-23.577509125,-46.686852,,,,1,2023-06-19T02:20:07+00:00
SAO_6050-10,São Paulo,3550308,True,,33993,,,-23.747510562499997,-46.6760350625,,,,2,2023-06-19T02:20:13+00:00
SAO_9047-10,São Paulo,3550308,True,STT,883,https://moovitapp.com/index/pt-br/transporte_p%C3%BAblico-line-883-Sao_Paulo-242-850661-183365-0,5.3,-23.461788,-46.713012,,,,1,2023-06-19T02:20:18+00:00
SAO_9047-10,São Paulo,3550308,True,STT,883,https://moovitapp.com/index/pt-br/transporte_p%C3%BAblico-line-883-Sao_Paulo-242-850661-183365-0,5.3,-23.502523500000002,-46.6945265,,,,1,2023-06-19T02:19:58+00:00
SAO_5701-10,São Paulo,3550308,True,,1136,,,-23.620959,-46.70060049999999,,,,1,2023-06-19T02:19:43+00:00
SAO_5701-10,São Paulo,3550308,True,,1136,,,-23.647509499999998,-46.6455005,,,,1,2023-06-19T02:19:57+00:00
SAO_2020-10,São Paulo,3550308,True,,35030,,,-23.458521,-46.606969500000005,,,,2,2023-06-19T02:20:18+00:00
SAO_3728-10,São Paulo,3550308,True,,33793,,,-23.554313,-46.491979,,,,2,2023-06-19T02:19:52+00:00
SAO_3728-10,São Paulo,3550308,True,,33793,,,-23.542378,-46.48379425,,,,2,2023-06-19T02:19:46+00:00
SAO_477A-10,São Paulo,3550308,True,,33114,,,-23.5887995,-46.63276175,,,,2,2023-06-19T02:19:56+00:00
SAO_477A-10,São Paulo,3550308,True,,33114,,,-23.576428,-46.68752175,,,,2,2023-06-19T02:19:43+00:00
SAO_477A-10,São Paulo,3550308,True,,33114,,,-23.604411,-46.60470925,,,,2,2023-06-19T02:19:49+00:00
SAO_6055-10,São Paulo,3550308,True,,33914,,,-23.754704,-46.709073000000004,,,,2,2023-06-19T02:20:02+00:00
SAO_6055-10,São Paulo,3550308,True,,33914,,,-23.706274999999998,-46.70078,,,,2,2023-06-19T02:20:05+00:00
SAO_6074-10,São Paulo,3550308,True,,1161,,,-23.741635000000002,-46.6917615,,,,1,2023-06-19T02:20:18+00:00
SAO_6074-10,São Paulo,3550308,True,,1161,,,-23.734544,-46.664035999999996,,,,1,2023-06-19T02:20:08+00:00
SAO_6074-10,São Paulo,3550308,True,,1161,,,-23.677098,-46.701800500000004,,,,1,2023-06-19T02:19:58+00:00
SAO_809J-10,São Paulo,3550308,True,,34834,,,-23.590377500000002,-46.7152,,,,2,2023-06-19T02:19:55+00:00
SAO_737A-10,São Paulo,3550308,True,,1730,,,-23.674778,-46.747885999999994,,,,1,2023-06-19T02:19:48+00:00
SAO_6062-51,São Paulo,3550308,True,,34507,,,-23.739197249999997,-46.68610925,,,,2,2023-06-19T02:20:01+00:00
SAO_4725-10,São Paulo,3550308,True,,33106,,,-23.6335525,-46.6141865,,,,2,2023-06-19T02:20:07+00:00
SAO_4725-10,São Paulo,3550308,True,,33106,,,-23.6335525,-46.6141865,,,,2,2023-06-19T02:19:53+00:00
SAO_1020-10,São Paulo,3550308,True,,2497,,,-23.487195,-46.7152365,,,,1,2023-06-19T02:20:09+00:00
SAO_1020-10,São Paulo,3550308,True,,2497,,,-23.404749000000002,-46.7404155,,,,1,2023-06-19T02:20:10+00:00
SAO_6823-10,São Paulo,3550308,True,,32802,,,-23.692131,-46.78990950000001,,,,2,2023-06-19T02:19:42+00:00
SAO_6823-10,São Paulo,3550308,True,,32802,,,-23.690594,-46.788635,,,,2,2023-06-19T02:20:15+00:00
SAO_3064-41,São Paulo,3550308,True,,34701,,,-23.5833705,-46.411345499999996,,,,2,2023-06-19T02:20:01+00:00
SAO_5030-10,São Paulo,3550308,True,,1669,,,-23.6228495,-46.607651625,,,,1,2023-06-19T02:20:13+00:00
SAO_6450-10,São Paulo,3550308,True,,32827,,,-23.64828175,-46.749119,,,,2,2023-06-19T02:19:41+00:00
SAO_6450-10,São Paulo,3550308,True,,32827,,,-23.6542305,-46.7623055,,,,2,2023-06-19T02:20:18+00:00
SAO_6450-10,São Paulo,3550308,True,,32827,,,-23.549031499999998,-46.6404145,,,,2,2023-06-19T02:20:16+00:00
SAO_6450-10,São Paulo,3550308,True,,32827,,,-23.654408500000002,-46.762060999999996,,,,2,2023-06-19T02:20:02+00:00
SAO_6450-10,São Paulo,3550308,True,,32827,,,-23.62720425,-46.688044999999995,,,,2,2023-06-19T02:20:13+00:00
SAO_3008-10,São Paulo,3550308,True,,35283,,,-23.497563,-46.40183825,,,,2,2023-06-19T02:20:02+00:00
SAO_3008-10,São Paulo,3550308,True,,35283,,,-23.494205,-46.401126000000005,,,,2,2023-06-19T02:19:38+00:00
SAO_3008-10,São Paulo,3550308,True,,35283,,,-23.52351625,-46.39590125,,,,2,2023-06-19T02:19:02+00:00
SAO_958P-10,São Paulo,3550308,True,,33233,,,-23.511909,-46.7479275,,,,2,2023-06-19T02:20:04+00:00
SAO_958P-10,São Paulo,3550308,True,,33233,,,-23.4802775,-46.758544,,,,2,2023-06-19T02:19:37+00:00
SAO_574A-21,São Paulo,3550308,True,,1690,,,-23.6110015,-46.637828,,,,1,2023-06-19T02:19:56+00:00
SAO_574A-21,São Paulo,3550308,True,,1690,,,-23.6301705,-46.6466845,,,,1,2023-06-19T02:20:02+00:00
SAO_4020-10,São Paulo,3550308,True,,35298,,,-23.534503,-46.453302,,,,2,2023-06-19T02:19:46+00:00
SAO_5128-10,São Paulo,3550308,True,,33896,,,-23.688392,-46.643032,,,,2,2023-06-19T02:14:40+00:00
SAO_5128-10,São Paulo,3550308,True,,33896,,,-23.66176,-46.639106999999996,,,,2,2023-06-19T02:20:00+00:00
SAO_5018-10,São Paulo,3550308,True,,34260,,,-23.675471,-46.6729985,,,,2,2023-06-19T02:19:49+00:00
SAO_5018-10,São Paulo,3550308,True,,34260,,,-23.6530495,-46.645336,,,,2,2023-06-19T02:19:50+00:00
SAO_9050-10,São Paulo,3550308,True,,2088,,,-23.5200315,-46.699387,,,,1,2023-06-19T02:20:01+00:00
SAO_1787-10,São Paulo,3550308,True,,33418,,,-23.4514905,-46.6228995,,,,2,2023-06-19T02:16:15+00:00
SAO_1787-10,São Paulo,3550308,True,,33418,,,-23.451757999999998,-46.622930999999994,,,,2,2023-06-19T02:19:44+00:00
SAO_2025-10,São Paulo,3550308,True,,35035,,,-23.4507355,-46.57235675,,,,2,2023-06-19T02:20:05+00:00
SAO_2025-10,São Paulo,3550308,True,,35035,,,-23.48756325,-46.6090005,,,,2,2023-06-19T02:16:58+00:00
SAO_2025-10,São Paulo,3550308,True,,35035,,,-23.502243999999997,-46.623825,,,,2,2023-06-19T02:20:18+00:00
SAO_2025-10,São Paulo,3550308,True,,35035,,,-23.502243999999997,-46.623825,,,,2,2023-06-19T02:19:58+00:00
SAO_2713-10,São Paulo,3550308,True,,32988,,,-23.5334505,-46.5457105,,,,2,2023-06-19T02:20:03+00:00
SAO_7267-10,São Paulo,3550308,True,,1427,,,-23.555031,-46.66882125,,,,1,2023-06-19T02:19:59+00:00
SAO_3756-10,São Paulo,3550308,True,,1050,,,-23.5425195,-46.471514,,,,1,2023-06-19T02:19:57+00:00
SAO_805L-10,São Paulo,3550308,True,,32892,,,-23.534046500000002,-46.64469425,,,,2,2023-06-19T02:19:43+00:00
SAO_6116-10,São Paulo,3550308,True,,33954,,,-23.755624,-46.657882,,,,2,2023-06-19T02:19:52+00:00
SAO_6116-10,São Paulo,3550308,True,,33954,,,-23.752782000000003,-46.683563,,,,2,2023-06-19T02:19:51+00:00
SAO_2080-10,São Paulo,3550308,True,,33139,,,-23.507430624999998,-46.480697125,,,,2,2023-06-19T02:20:22+00:00
SAO_3010-10,São Paulo,3550308,True,,35311,,,-23.519501749999996,-46.448285500000004,,,,2,2023-06-19T02:19:20+00:00
SAO_8622-10,São Paulo,3550308,True,EMTU,438,https://moovitapp.com/index/pt-br/transporte_p%C3%BAblico-line-438-Sao_Paulo-242-2038937-36419488-0,7.65,-23.5077255,-46.746399,,,,1,2023-06-19T02:19:19+00:00
SAO_8622-10,São Paulo,3550308,True,EMTU,438,https://moovitapp.com/index/pt-br/transporte_p%C3%BAblico-line-438-Sao_Paulo-242-2038937-36419488-0,7.65,-23.530441625,-46.66653624999999,,,,1,2023-06-19T02:19:50+00:00
SAO_8072-10,São Paulo,3550308,True,,34847,,,-23.624746000000002,-46.76548475,,,,2,2023-06-19T02:20:10+00:00
SAO_3141-10,São Paulo,3550308,True,,734,,,-23.612431,-46.478824,,,,1,2023-06-19T02:17:59+00:00
SAO_3141-10,São Paulo,3550308,True,,734,,,-23.612431,-46.478824,,,,1,2023-06-19T02:20:11+00:00
SAO_3141-10,São Paulo,3550308,True,,734,,,-23.61259,-46.479723,,,,1,2023-06-19T02:19:59+00:00
SAO_3141-10,São Paulo,3550308,True,,734,,,-23.543466375,-46.590280875,,,,1,2023-06-19T02:20:15+00:00
SAO_3141-10,São Paulo,3550308,True,,734,,,-23.612288,-46.482754,,,,1,2023-06-19T02:20:14+00:00
SAO_3020-10,São Paulo,3550308,True,,33726,,,-23.53122425,-46.44235475,,,,2,2023-06-19T02:20:16+00:00
SAO_3020-10,São Paulo,3550308,True,,33726,,,-23.552892999999997,-46.4368755,,,,2,2023-06-19T02:19:51+00:00
SAO_3020-10,São Paulo,3550308,True,,33726,,,-23.56392425,-46.4751035,,,,2,2023-06-19T02:20:06+00:00
SAO_2726-10,São Paulo,3550308,True,Urubupungá,940,https://moovitapp.com/index/pt-br/transporte_p%C3%BAblico-line-940-Sao_Paulo-242-873835-496474-0,4.6,-23.523827,-46.543352,,,,1,2023-06-19T02:20:09+00:00
SAO_2726-10,São Paulo,3550308,True,Urubupungá,940,https://moovitapp.com/index/pt-br/transporte_p%C3%BAblico-line-940-Sao_Paulo-242-873835-496474-0,4.6,-23.517325,-46.4753045,,,,1,2023-06-19T02:19:45+00:00
SAO_3025-10,São Paulo,3550308,True,,33729,,,-23.56786825,-46.4056705,,,,2,2023-06-19T02:20:07+00:00
SAO_5018-31,São Paulo,3550308,True,,1861,,,-23.675069,-46.673212,,,,1,2023-06-19T02:20:08+00:00
SAO_702C-10,São Paulo,3550308,True,,33253,,,-23.578188,-46.740652499999996,,,,2,2023-06-19T02:20:11+00:00
SAO_702C-10,São Paulo,3550308,True,,33253,,,-23.5472805,-46.6473565,,,,2,2023-06-19T02:19:41+00:00
SAO_7903-10,São Paulo,3550308,True,,512,,,-23.5585285,-46.668259,,,,1,2023-06-19T02:20:22+00:00
SAO_2722-10,São Paulo,3550308,True,Urubupungá,935,https://moovitapp.com/index/pt-br/transporte_p%C3%BAblico-line-935-Sao_Paulo-242-873835-76437456-0,4.6,-23.490014000000002,-46.490151,,,,1,2023-06-19T02:20:12+00:00
SAO_407M-10,São Paulo,3550308,True,,318,,,-23.590773,-46.634196,,,,1,2023-06-19T02:20:08+00:00
SAO_6016-41,São Paulo,3550308,True,,1706,,,-23.765208,-46.684013,,,,1,2023-06-19T02:20:00+00:00
SAO_6015-10,São Paulo,3550308,True,,33973,,,-23.7345975,-46.794219999999996,,,,2,2023-06-19T02:20:23+00:00
SAO_6015-10,São Paulo,3550308,True,,33973,,,-23.652657750000003,-46.70861875,,,,2,2023-06-19T02:20:04+00:00
SAO_6015-10,São Paulo,3550308,True,,33973,,,-23.683030000000002,-46.7687525,,,,2,2023-06-19T02:19:48+00:00
SAO_1730-10,São Paulo,3550308,True,,865,,,-23.515809499999996,-46.6162245,,,,1,2023-06-19T02:19:54+00:00
SAO_1730-10,São Paulo,3550308,True,,865,,,-23.51564875,-46.62471975,,,,1,2023-06-19T02:20:11+00:00
SAO_3098-10,São Paulo,3550308,True,,33846,,,-23.63146325,-46.456264,,,,2,2023-06-19T02:20:13+00:00
SAO_3098-10,São Paulo,3550308,True,,33846,,,-23.62725375,-46.462205250000004,,,,2,2023-06-19T02:20:20+00:00
SAO_3098-10,São Paulo,3550308,True,,33846,,,-23.631781750000002,-46.45626,,,,2,2023-06-19T02:20:07+00:00
SAO_701H-10,São Paulo,3550308,True,,35326,,,-23.705281749999997,-46.742294,,,,2,2023-06-19T02:20:14+00:00
SAO_475M-10,São Paulo,3550308,True,,33111,,,-23.617908999999997,-46.618153500000005,,,,2,2023-06-19T02:20:16+00:00
SAO_6803-10,São Paulo,3550308,True,BR7 Mobilidade,29,https://moovitapp.com/index/pt-br/transporte_p%C3%BAblico-line-29-Sao_Paulo-242-851856-500111-0,5.75,-23.643682,-46.7423945,,,,1,2023-06-19T02:19:39+00:00
SAO_8100-10,São Paulo,3550308,True,,34030,,,-23.5033525,-46.719076,,,,2,2023-06-19T02:20:16+00:00
SAO_8100-10,São Paulo,3550308,True,,34030,,,-23.520326,-46.699492500000005,,,,2,2023-06-19T02:20:15+00:00
SAO_2711-10,São Paulo,3550308,True,,33693,,,-23.514456000000003,-46.48103125,,,,2,2023-06-19T02:19:44+00:00
SAO_2711-10,São Paulo,3550308,True,,33693,,,-23.517891,-46.496660000000006,,,,2,2023-06-19T02:20:04+00:00
SAO_374M-10,São Paulo,3550308,True,,1965,,,-23.493514500000003,-46.4972615,,,,1,2023-06-19T02:19:17+00:00
SAO_807P-10,São Paulo,3550308,True,,2099,,,-23.6346515,-46.724498,,,,1,2023-06-19T02:20:13+00:00
SAO_807P-10,São Paulo,3550308,True,,2099,,,-23.615980999999998,-46.721008499999996,,,,1,2023-06-19T02:20:21+00:00
SAO_8022-10,São Paulo,3550308,True,,2085,,,-23.5645905,-46.712793500000004,,,,1,2023-06-19T02:20:12+00:00
SAO_8022-10,São Paulo,3550308,True,,2085,,,-23.5719,-46.7088055,,,,1,2023-06-19T02:20:07+00:00
SAO_6049-10,São Paulo,3550308,True,,34077,,,-23.69435,-46.794564,,,,2,2023-06-19T02:20:12+00:00
SAO_6049-10,São Paulo,3550308,True,,34077,,,-23.671850499999998,-46.787136000000004,,,,2,2023-06-19T02:20:11+00:00
SAO_1023-10,São Paulo,3550308,True,,35327,,,-23.4768735,-46.742759,,,,2,2023-06-19T02:17:19+00:00
SAO_2708-10,São Paulo,3550308,True,,921,,,-23.542138,-46.471932499999994,,,,1,2023-06-19T02:14:13+00:00
SAO_2708-10,São Paulo,3550308,True,,921,,,-23.52577,-46.431971000000004,,,,1,2023-06-19T02:19:53+00:00
SAO_2708-10,São Paulo,3550308,True,,921,,,-23.5338625,-46.399665999999996,,,,1,2023-06-19T02:20:06+00:00
SAO_2708-10,São Paulo,3550308,True,,921,,,-23.530789,-46.4041565,,,,1,2023-06-19T02:19:28+00:00
SAO_4725-10,São Paulo,3550308,True,,338,,,-23.6152455,-46.649546375,,,,1,2023-06-19T02:20:13+00:00
SAO_502J-23,São Paulo,3550308,True,,35286,,,-23.674292,-46.6631905,,,,2,2023-06-19T02:20:05+00:00
SAO_502J-23,São Paulo,3550308,True,,35286,,,-23.6942835,-46.682016000000004,,,,2,2023-06-19T02:19:43+00:00
SAO_502J-23,São Paulo,3550308,True,,35286,,,-23.632468250000002,-46.645695,,,,2,2023-06-19T02:20:13+00:00
SAO_407T-10,São Paulo,3550308,True,,34970,,,-23.5403765,-46.448350250000004,,,,2,2023-06-19T02:20:12+00:00
SAO_8019-31,São Paulo,3550308,True,,35342,,,-23.544992,-46.7471585,,,,2,2023-06-19T02:20:23+00:00
SAO_6120-10,São Paulo,3550308,True,,1189,,,-23.7602595,-46.67738249999999,,,,1,2023-06-19T02:20:12+00:00
SAO_930P-10,São Paulo,3550308,True,,34883,,,-23.563382750000002,-46.66571725,,,,2,2023-06-19T02:19:43+00:00
SAO_930P-10,São Paulo,3550308,True,,34883,,,-23.5661855,-46.702046499999994,,,,2,2023-06-19T02:20:13+00:00
SAO_8025-10,São Paulo,3550308,True,,34844,,,-23.588102875,-46.736355625,,,,2,2023-06-19T02:19:38+00:00
SAO_8025-10,São Paulo,3550308,True,,34844,,,-23.589575,-46.771951,,,,2,2023-06-19T02:19:54+00:00
SAO_8014-10,São Paulo,3550308,True,,33569,,,-23.44492,-46.7918145,,,,2,2023-06-19T02:20:17+00:00
SAO_8014-10,São Paulo,3550308,True,,33569,,,-23.404603,-46.750216,,,,2,2023-06-19T02:19:51+00:00
SAO_6823-10,São Paulo,3550308,True,,34,,,-23.6596825,-46.77547,,,,1,2023-06-19T02:19:41+00:00
SAO_6063-42,São Paulo,3550308,True,,2002,,,-23.809403,-46.6612485,,,,1,2023-06-19T02:20:19+00:00
SAO_6063-42,São Paulo,3550308,True,,2002,,,-23.767480499999998,-46.7162895,,,,1,2023-06-19T02:19:57+00:00
SAO_6063-42,São Paulo,3550308,True,,2002,,,-23.8118515,-46.677516499999996,,,,1,2023-06-19T02:20:16+00:00
SAO_8006-10,São Paulo,3550308,True,,1256,,,-23.4325535,-46.72980325,,,,1,2023-06-19T02:19:39+00:00
SAO_6084-10,São Paulo,3550308,True,,1169,,,-23.775191999999997,-46.683215,,,,1,2023-06-19T02:19:50+00:00
SAO_9090-10,São Paulo,3550308,True,,884,,,-23.4954665,-46.661544,,,,1,2023-06-19T02:20:15+00:00
SAO_4732-31,São Paulo,3550308,True,,2127,,,-23.631027000000003,-46.604395499999995,,,,1,2023-06-19T02:19:56+00:00
SAO_4284-10,São Paulo,3550308,True,,33057,,,-23.59768,-46.561724999999996,,,,2,2023-06-19T02:20:20+00:00
SAO_3735-10,São Paulo,3550308,True,,33803,,,-23.541107,-46.4847105,,,,2,2023-06-19T02:20:20+00:00
SAO_6052-10,São Paulo,3550308,True,,1144,,,-23.7685835,-46.698573999999994,,,,1,2023-06-19T02:19:43+00:00
SAO_5141-10,São Paulo,3550308,True,,1625,,,-23.54056,-46.629369499999996,,,,1,2023-06-19T02:20:03+00:00
SAO_5141-10,São Paulo,3550308,True,,1625,,,-23.614004,-46.501168500000006,,,,1,2023-06-19T02:19:52+00:00
SAO_5141-10,São Paulo,3550308,True,,1625,,,-23.609517249999996,-46.50478875,,,,1,2023-06-19T02:18:29+00:00
SAO_3063-10,São Paulo,3550308,True,EMTU,253,https://moovitapp.com/index/pt-br/transporte_p%C3%BAblico-line-253-Sao_Paulo-242-2038937-36419364-0,5.4,-23.585396499999998,-46.414854500000004,,,,1,2023-06-19T02:18:12+00:00
SAO_1756-10,São Paulo,3550308,True,,547,,,-23.4889425,-46.63255624999999,,,,1,2023-06-19T02:19:56+00:00
SAO_2723-10,São Paulo,3550308,True,,33705,,,-23.487481000000002,-46.463549,,,,2,2023-06-19T02:19:59+00:00
SAO_2723-10,São Paulo,3550308,True,,33705,,,-23.535671999999998,-46.4544545,,,,2,2023-06-19T02:20:09+00:00
SAO_2723-10,São Paulo,3550308,True,,33705,,,-23.4966115,-46.4550055,,,,2,2023-06-19T02:19:50+00:00
SAO_2723-10,São Paulo,3550308,True,,33705,,,-23.4873525,-46.463664,,,,2,2023-06-19T02:19:45+00:00
SAO_2722-31,São Paulo,3550308,True,,936,,,-23.514394000000003,-46.5029465,,,,1,2023-06-19T02:20:07+00:00
SAO_2769-10,São Paulo,3550308,True,,33165,,,-23.502177500000002,-46.471116,,,,2,2023-06-19T02:20:02+00:00
SAO_2769-10,São Paulo,3550308,True,,33165,,,-23.5218395,-46.5271815,,,,2,2023-06-19T02:20:06+00:00
SAO_374M-10,São Paulo,3550308,True,,34733,,,-23.5199885,-46.508720999999994,,,,2,2023-06-19T02:19:56+00:00
SAO_374M-10,São Paulo,3550308,True,,34733,,,-23.485488500000002,-46.48123775,,,,2,2023-06-19T02:20:05+00:00
SAO_374M-10,São Paulo,3550308,True,,34733,,,-23.48555,-46.48161125,,,,2,2023-06-19T02:20:06+00:00
SAO_6042-22,São Paulo,3550308,True,,35258,,,-23.671030000000002,-46.758897,,,,2,2023-06-19T02:19:41+00:00
SAO_6042-22,São Paulo,3550308,True,,35258,,,-23.671030000000002,-46.758897,,,,2,2023-06-19T02:20:20+00:00
SAO_2715-10,São Paulo,3550308,True,,33696,,,-23.5113895,-46.502336,,,,2,2023-06-19T02:19:38+00:00
SAO_4311-10,São Paulo,3550308,True,,2171,,,-23.597251,-46.466817,,,,1,2023-06-19T02:19:54+00:00
SAO_4311-10,São Paulo,3550308,True,,2171,,,-23.542042000000002,-46.534139499999995,,,,1,2023-06-19T02:19:44+00:00
SAO_6818-10,São Paulo,3550308,True,BR7 Mobilidade,28,https://moovitapp.com/index/pt-br/transporte_p%C3%BAblico-line-28-Sao_Paulo-242-851856-596008-0,5.75,-23.655842999999997,-46.7727765,,,,1,2023-06-19T02:19:44+00:00
SAO_6818-10,São Paulo,3550308,True,BR7 Mobilidade,28,https://moovitapp.com/index/pt-br/transporte_p%C3%BAblico-line-28-Sao_Paulo-242-851856-596008-0,5.75,-23.655842999999997,-46.7727765,,,,1,2023-06-19T02:19:50+00:00
SAO_6818-10,São Paulo,3550308,True,BR7 Mobilidade,28,https://moovitapp.com/index/pt-br/transporte_p%C3%BAblico-line-28-Sao_Paulo-242-851856-596008-0,5.75,-23.655842999999997,-46.7727765,,,,1,2023-06-19T02:20:20+00:00
SAO_6818-10,São Paulo,3550308,True,BR7 Mobilidade,28,https://moovitapp.com/index/pt-br/transporte_p%C3%BAblico-line-28-Sao_Paulo-242-851856-596008-0,5.75,-23.655842999999997,-46.7727765,,,,1,2023-06-19T02:19:54+00:00
SAO_6022-10,São Paulo,3550308,True,,33975,,,-23.728424,-46.7823315,,,,2,2023-06-19T02:20:15+00:00
SAO_6053-10,São Paulo,3550308,True,,33913,,,-23.7530115,-46.6886865,,,,2,2023-06-19T02:20:07+00:00
SAO_139A-10,São Paulo,3550308,True,,2451,,,-23.489406,-46.703278499999996,,,,1,2023-06-19T02:20:05+00:00
SAO_8528-10,São Paulo,3550308,True,,33343,,,-23.505004,-46.68795725,,,,2,2023-06-19T02:20:18+00:00
SAO_8528-10,São Paulo,3550308,True,,33343,,,-23.4615515,-46.68987825,,,,2,2023-06-19T02:20:16+00:00
SAO_6019-10,São Paulo,3550308,True,,34258,,,-23.6689235,-46.735557,,,,2,2023-06-19T02:20:09+00:00
SAO_6338-10,São Paulo,3550308,True,,1293,,,-23.601483749999996,-46.639343874999994,,,,1,2023-06-19T02:19:45+00:00
SAO_6338-10,São Paulo,3550308,True,,1293,,,-23.63842825,-46.64206875,,,,1,2023-06-19T02:20:19+00:00
SAO_2720-10,São Paulo,3550308,True,,33701,,,-23.492762,-46.4711185,,,,2,2023-06-19T02:19:45+00:00
SAO_2720-10,São Paulo,3550308,True,,33701,,,-23.490275500000003,-46.475589,,,,2,2023-06-19T02:19:57+00:00
SAO_2720-10,São Paulo,3550308,True,,33701,,,-23.509375499999997,-46.4964175,,,,2,2023-06-19T02:20:17+00:00
SAO_6093-10,São Paulo,3550308,True,,34353,,,-23.846876,-46.715995500000005,,,,2,2023-06-19T02:20:18+00:00
SAO_177H-21,São Paulo,3550308,True,,33399,,,-23.512414,-46.6533725,,,,2,2023-06-19T02:19:43+00:00
SAO_177H-21,São Paulo,3550308,True,,33399,,,-23.503036,-46.624043,,,,2,2023-06-19T02:20:04+00:00
SAO_177H-21,São Paulo,3550308,True,,33399,,,-23.556508,-46.665197,,,,2,2023-06-19T02:19:43+00:00
SAO_177H-21,São Paulo,3550308,True,,33399,,,-23.503133,-46.624143000000004,,,,2,2023-06-19T02:19:37+00:00
SAO_1775-10,São Paulo,3550308,True,,638,,,-23.49073525,-46.626096000000004,,,,1,2023-06-19T02:20:11+00:00
SAO_695H-10,São Paulo,3550308,True,,1196,,,-23.658659,-46.69838,,,,1,2023-06-19T02:19:51+00:00
SAO_695H-10,São Paulo,3550308,True,,1196,,,-23.7304805,-46.698091500000004,,,,1,2023-06-19T02:20:01+00:00
SAO_6820-10,São Paulo,3550308,True,,32787,,,-23.6601985,-46.7716915,,,,2,2023-06-19T02:20:11+00:00
SAO_702C-10,São Paulo,3550308,True,STT,485,https://moovitapp.com/index/pt-br/transporte_p%C3%BAblico-line-485-Sao_Paulo-242-850661-183324-0,5.3,-23.571778000000002,-46.7484685,,,,1,2023-06-19T02:20:12+00:00
SAO_702C-10,São Paulo,3550308,True,STT,485,https://moovitapp.com/index/pt-br/transporte_p%C3%BAblico-line-485-Sao_Paulo-242-850661-183324-0,5.3,-23.550684750000002,-46.65510125,,,,1,2023-06-19T02:19:44+00:00
SAO_6118-10,São Paulo,3550308,True,,33956,,,-23.74129,-46.706965499999995,,,,2,2023-06-19T02:20:13+00:00
SAO_6118-10,São Paulo,3550308,True,,33956,,,-23.672251,-46.7101245,,,,2,2023-06-19T02:20:16+00:00
SAO_3021-10,São Paulo,3550308,True,,33044,,,-23.584592999999998,-46.583017999999996,,,,2,2023-06-19T02:19:38+00:00
SAO_3021-10,São Paulo,3550308,True,,33044,,,-23.591887,-46.512751,,,,2,2023-06-19T02:17:02+00:00
SAO_6026-10,São Paulo,3550308,True,,32855,,,-23.748841,-46.703187,,,,2,2023-06-19T02:19:53+00:00
SAO_6026-10,São Paulo,3550308,True,,32855,,,-23.661091,-46.6942715,,,,2,2023-06-19T02:20:12+00:00
SAO_6026-10,São Paulo,3550308,True,,32855,,,-23.7189155,-46.7047865,,,,2,2023-06-19T02:19:51+00:00
SAO_6048-10,São Paulo,3550308,True,,32824,,,-23.652109250000002,-46.758327,,,,2,2023-06-19T02:20:19+00:00
SAO_9015-10,São Paulo,3550308,True,,34037,,,-23.4697465,-46.71376,,,,2,2023-06-19T02:19:41+00:00
SAO_407I-21,São Paulo,3550308,True,,35287,,,-23.5433355,-46.48539675000001,,,,2,2023-06-19T02:18:23+00:00
SAO_407I-21,São Paulo,3550308,True,,35287,,,-23.545897125,-46.479326875,,,,2,2023-06-19T02:19:43+00:00
SAO_5185-10,São Paulo,3550308,True,,1308,,,-23.546776,-46.630708999999996,,,,1,2023-06-19T02:20:19+00:00
SAO_5185-10,São Paulo,3550308,True,,1308,,,-23.637244875,-46.671077,,,,1,2023-06-19T02:19:56+00:00
SAO_575A-10,São Paulo,3550308,True,,34406,,,-23.579289250000002,-46.58038775,,,,2,2023-06-19T02:20:18+00:00
SAO_1786-10,São Paulo,3550308,True,,649,,,-23.4465805,-46.613969499999996,,,,1,2023-06-19T02:20:00+00:00
SAO_1786-10,São Paulo,3550308,True,,649,,,-23.45376775,-46.607023,,,,1,2023-06-19T02:18:07+00:00
SAO_807M-10,São Paulo,3550308,True,,1916,,,-23.623911,-46.755511,,,,1,2023-06-19T02:20:21+00:00
SAO_807M-10,São Paulo,3550308,True,,1916,,,-23.603441,-46.7252635,,,,1,2023-06-19T02:19:45+00:00
SAO_6L02-10,São Paulo,3550308,True,,1178,,,-23.827945999999997,-46.727483500000005,,,,1,2023-06-19T02:19:55+00:00
SAO_128Y-10,São Paulo,3550308,True,,33611,,,-23.457446,-46.673119,,,,2,2023-06-19T02:19:45+00:00
SAO_128Y-10,São Paulo,3550308,True,,33611,,,-23.457446,-46.673119,,,,2,2023-06-19T02:20:13+00:00
SAO_128Y-10,São Paulo,3550308,True,,33611,,,-23.462343500000003,-46.666261500000005,,,,2,2023-06-19T02:20:06+00:00
SAO_128Y-10,São Paulo,3550308,True,,33611,,,-23.50431275,-46.677011750000005,,,,2,2023-06-19T02:20:04+00:00
SAO_938P-10,São Paulo,3550308,True,,888,,,-23.497197999999997,-46.690364,,,,1,2023-06-19T02:20:10+00:00
SAO_2716-10,São Paulo,3550308,True,,33697,,,-23.533121,-46.544351500000005,,,,2,2023-06-19T02:20:00+00:00
SAO_9008-10,São Paulo,3550308,True,,33643,,,-23.4593045,-46.687814,,,,2,2023-06-19T02:19:46+00:00
SAO_8545-10,São Paulo,3550308,True,,1364,,,-23.525506,-46.6727875,,,,1,2023-06-19T02:20:21+00:00
SAO_6057-10,São Paulo,3550308,True,,1148,,,-23.7619723125,-46.7099048125,,,,1,2023-06-19T02:20:05+00:00
SAO_2020-10,São Paulo,3550308,True,,2262,,,-23.4594935,-46.6319985,,,,1,2023-06-19T02:20:10+00:00
SAO_2020-10,São Paulo,3550308,True,,2262,,,-23.457836,-46.60339275,,,,1,2023-06-19T02:20:17+00:00
SAO_3778-10,São Paulo,3550308,True,,33830,,,-23.575846375,-46.4906115,,,,2,2023-06-19T02:19:58+00:00
SAO_3778-10,São Paulo,3550308,True,,33830,,,-23.569862999999998,-46.486264500000004,,,,2,2023-06-19T02:19:44+00:00
SAO_3778-10,São Paulo,3550308,True,,33830,,,-23.546167,-46.542931,,,,2,2023-06-19T02:19:46+00:00
SAO_3778-10,São Paulo,3550308,True,,33830,,,-23.57239125,-46.50262725,,,,2,2023-06-19T02:19:57+00:00
SAO_6050-10,São Paulo,3550308,True,,1225,,,-23.7367375,-46.696807,,,,1,2023-06-19T02:20:21+00:00
SAO_273R-10,São Paulo,3550308,True,EMTU,226,https://moovitapp.com/index/pt-br/transporte_p%C3%BAblico-line-226-Sao_Paulo-242-2038937-36419343-0,5.05,-23.5118045,-46.43378525,,,,1,2023-06-19T02:19:05+00:00
SAO_273R-10,São Paulo,3550308,True,EMTU,226,https://moovitapp.com/index/pt-br/transporte_p%C3%BAblico-line-226-Sao_Paulo-242-2038937-36419343-0,5.05,-23.539782000000002,-46.482977500000004,,,,1,2023-06-19T02:19:36+00:00
SAO_1738-10,São Paulo,3550308,True,,672,,,-23.4811685,-46.5956015,,,,1,2023-06-19T02:20:14+00:00
SAO_1758-10,São Paulo,3550308,True,,33320,,,-23.458961000000002,-46.6477895,,,,2,2023-06-19T02:19:41+00:00
SAO_1758-10,São Paulo,3550308,True,,33320,,,-23.4646075,-46.654741,,,,2,2023-06-19T02:20:03+00:00
SAO_1758-10,São Paulo,3550308,True,,33320,,,-23.454469,-46.6620805,,,,2,2023-06-19T02:19:57+00:00
SAO_6115-10,São Paulo,3550308,True,,1185,,,-23.73749875,-46.693042,,,,1,2023-06-19T02:19:48+00:00
SAO_6115-10,São Paulo,3550308,True,,1185,,,-23.753162,-46.6850315,,,,1,2023-06-19T02:20:15+00:00
SAO_408A-10,São Paulo,3550308,True,,766,,,-23.58019875,-46.633423875,,,,1,2023-06-19T02:19:59+00:00
SAO_8542-21,São Paulo,3550308,True,,1361,,,-23.469859,-46.676959,,,,1,2023-06-19T02:19:58+00:00
SAO_8542-21,São Paulo,3550308,True,,1361,,,-23.5024575,-46.68765775,,,,1,2023-06-19T02:19:46+00:00
SAO_971A-10,São Paulo,3550308,True,,33426,,,-23.486301,-46.680533,,,,2,2023-06-19T02:19:54+00:00
SAO_129F-10,São Paulo,3550308,True,,2304,,,-23.524937875,-46.69796125,,,,1,2023-06-19T02:20:22+00:00
SAO_129F-10,São Paulo,3550308,True,,2304,,,-23.489177,-46.698320499999994,,,,1,2023-06-19T02:20:14+00:00
SAO_2060-10,São Paulo,3550308,True,,32902,,,-23.519024125,-46.475913874999996,,,,2,2023-06-19T02:20:09+00:00
SAO_5109-10,São Paulo,3550308,True,,34619,,,-23.547105000000002,-46.6288885,,,,2,2023-06-19T02:20:07+00:00
SAO_5109-10,São Paulo,3550308,True,,34619,,,-23.547353,-46.6287365,,,,2,2023-06-19T02:20:16+00:00
SAO_5164-41,São Paulo,3550308,True,,1617,,,-23.646586749999997,-46.645936000000006,,,,1,2023-06-19T02:19:51+00:00
SAO_5164-41,São Paulo,3550308,True,,1617,,,-23.6464495,-46.646234750000005,,,,1,2023-06-19T02:20:10+00:00
SAO_6806-10,São Paulo,3550308,True,,32800,,,-23.638429000000002,-46.75654,,,,2,2023-06-19T02:19:57+00:00
SAO_6051-10,São Paulo,3550308,True,,1143,,,-23.7691445,-46.6987515,,,,1,2023-06-19T02:19:47+00:00
SAO_6051-10,São Paulo,3550308,True,,1143,,,-23.767886500000003,-46.7165485,,,,1,2023-06-19T02:20:15+00:00
SAO_3791-10,São Paulo,3550308,True,,33837,,,-23.544500624999998,-46.503344875,,,,2,2023-06-19T02:20:00+00:00
SAO_3791-10,São Paulo,3550308,True,,33837,,,-23.5643365,-46.5083775,,,,2,2023-06-19T02:20:22+00:00
SAO_4221-10,São Paulo,3550308,True,,33093,,,-23.60887425,-46.514239,,,,2,2023-06-19T02:19:40+00:00
SAO_2018-10,São Paulo,3550308,True,,33672,,,-23.510322000000002,-46.40719,,,,2,2023-06-19T02:19:50+00:00
SAO_233C-10,São Paulo,3550308,True,,155,,,-23.54917025,-46.48439,,,,1,2023-06-19T02:19:40+00:00
SAO_3112-10,São Paulo,3550308,True,,33848,,,-23.6098365,-46.529281,,,,2,2023-06-19T02:20:11+00:00
SAO_3112-10,São Paulo,3550308,True,,33848,,,-23.553192125000002,-46.597358625,,,,2,2023-06-19T02:20:08+00:00
SAO_3112-10,São Paulo,3550308,True,,33848,,,-23.580858999999997,-46.558122499999996,,,,2,2023-06-19T02:20:03+00:00
SAO_4001-10,São Paulo,3550308,True,,34944,,,-23.532577,-46.4410275,,,,2,2023-06-19T02:19:35+00:00
SAO_4001-10,São Paulo,3550308,True,,34944,,,-23.535450875000002,-46.448511624999995,,,,2,2023-06-19T02:20:03+00:00
SAO_4001-10,São Paulo,3550308,True,,34944,,,-23.541479250000002,-46.45005525,,,,2,2023-06-19T02:19:58+00:00
SAO_748A-10,São Paulo,3550308,True,,33266,,,-23.579413000000002,-46.77907275,,,,2,2023-06-19T02:20:05+00:00
SAO_342C-10,São Paulo,3550308,True,,1002,,,-23.56300225,-46.497501,,,,1,2023-06-19T02:20:04+00:00
SAO_342C-10,São Paulo,3550308,True,,1002,,,-23.521472250000002,-46.525711,,,,1,2023-06-19T02:19:59+00:00
SAO_8060-10,São Paulo,3550308,True,,33186,,,-23.5208,-46.7121535,,,,2,2023-06-19T02:20:07+00:00
SAO_307C-10,São Paulo,3550308,True,,34882,,,-23.5038615,-46.3797665,,,,2,2023-06-19T02:20:17+00:00
SAO_307C-10,São Paulo,3550308,True,,34882,,,-23.498154749999998,-46.45824425,,,,2,2023-06-19T02:20:06+00:00
SAO_307C-10,São Paulo,3550308,True,,34882,,,-23.503677500000002,-46.380087,,,,2,2023-06-19T02:19:40+00:00
SAO_1785-10,São Paulo,3550308,True,,34584,,,-23.478056000000002,-46.6228885,,,,2,2023-06-19T02:19:53+00:00
SAO_1785-10,São Paulo,3550308,True,,34584,,,-23.492759,-46.6236425,,,,2,2023-06-19T02:19:42+00:00
SAO_3746-31,São Paulo,3550308,True,,34865,,,-23.542912,-46.588283000000004,,,,2,2023-06-19T02:19:38+00:00
SAO_775V-10,São Paulo,3550308,True,,33243,,,-23.5691565,-46.715317999999996,,,,2,2023-06-19T02:20:15+00:00
SAO_709M-10,São Paulo,3550308,True,,35230,,,-23.590012,-46.687514,,,,2,2023-06-19T02:19:47+00:00
SAO_709M-10,São Paulo,3550308,True,,35230,,,-23.654031,-46.708998,,,,2,2023-06-19T02:19:55+00:00
SAO_709M-10,São Paulo,3550308,True,,35230,,,-23.566688,-46.701549,,,,2,2023-06-19T02:20:12+00:00
SAO_3686-21,São Paulo,3550308,True,,2504,,,-23.531472,-46.5291255,,,,1,2023-06-19T02:19:41+00:00
SAO_3795-10,São Paulo,3550308,True,,33841,,,-23.5429425,-46.472151499999995,,,,2,2023-06-19T02:20:06+00:00
SAO_3795-10,São Paulo,3550308,True,,33841,,,-23.55222175,-46.4472795,,,,2,2023-06-19T02:13:40+00:00
SAO_5036-10,São Paulo,3550308,True,,34434,,,-23.6047285,-46.614991,,,,2,2023-06-19T02:19:50+00:00
SAO_6414-10,São Paulo,3550308,True,EMTU,360,https://moovitapp.com/index/pt-br/transporte_p%C3%BAblico-line-360-Sao_Paulo-242-2038937-36419441-0,5.2,-23.61188275,-46.677678,,,,1,2023-06-19T02:20:14+00:00
SAO_6414-10,São Paulo,3550308,True,EMTU,360,https://moovitapp.com/index/pt-br/transporte_p%C3%BAblico-line-360-Sao_Paulo-242-2038937-36419441-0,5.2,-23.670816,-46.712731000000005,,,,1,2023-06-19T02:20:14+00:00
SAO_390E-10,São Paulo,3550308,True,,1882,,,-23.539786,-46.610667,,,,1,2023-06-19T02:19:47+00:00
SAO_390E-10,São Paulo,3550308,True,,1882,,,-23.527029,-46.554573000000005,,,,1,2023-06-19T02:19:53+00:00
SAO_EVEN-10,São Paulo,3550308,True,,34358,,,-23.457892,-46.642534,,,,2,2023-06-19T02:19:04+00:00
SAO_EVEN-10,São Paulo,3550308,True,,34358,,,-23.5216,-46.4253885,,,,2,2023-06-19T02:19:59+00:00
SAO_6062-10,São Paulo,3550308,True,,1151,,,-23.739197249999997,-46.68610925,,,,1,2023-06-19T02:19:57+00:00
SAO_8017-10,São Paulo,3550308,True,,1261,,,-23.43882775,-46.7402538125,,,,1,2023-06-19T02:20:18+00:00
SAO_8017-10,São Paulo,3550308,True,,1261,,,-23.4831955,-46.7216525,,,,1,2023-06-19T02:20:05+00:00
SAO_3134-10,São Paulo,3550308,True,,993,,,-23.592216,-46.585803999999996,,,,1,2023-06-19T02:19:27+00:00
SAO_3134-10,São Paulo,3550308,True,,993,,,-23.563519,-46.5054075,,,,1,2023-06-19T02:20:07+00:00
SAO_3134-10,São Paulo,3550308,True,,993,,,-23.5779255,-46.546087,,,,1,2023-06-19T02:19:54+00:00
SAO_857R-10,São Paulo,3550308,True,,1892,,,-23.572126,-46.6996935,,,,1,2023-06-19T02:19:38+00:00
SAO_4093-10,São Paulo,3550308,True,,35216,,,-23.591675000000002,-46.4035715,,,,2,2023-06-19T02:19:52+00:00
SAO_574R-10,São Paulo,3550308,True,,1623,,,-23.61408,-46.5008325,,,,1,2023-06-19T02:19:57+00:00
SAO_574R-10,São Paulo,3550308,True,,1623,,,-23.579094,-46.54134175,,,,1,2023-06-19T02:20:13+00:00
SAO_574R-10,São Paulo,3550308,True,,1623,,,-23.61408,-46.5008325,,,,1,2023-06-19T02:20:16+00:00
SAO_9006-10,São Paulo,3550308,True,,874,,,-23.4680335,-46.68399875,,,,1,2023-06-19T02:20:04+00:00
SAO_857C-10,São Paulo,3550308,True,,1901,,,-23.6319705,-46.6915385,,,,1,2023-06-19T02:20:14+00:00
SAO_575A-10,São Paulo,3550308,True,,1638,,,-23.601899,-46.569191,,,,1,2023-06-19T02:19:02+00:00
SAO_575A-10,São Paulo,3550308,True,,1638,,,-23.55797775,-46.5851315,,,,1,2023-06-19T02:20:20+00:00
SAO_6816-31,São Paulo,3550308,True,,1748,,,-23.652935499999998,-46.776088,,,,1,2023-06-19T02:19:40+00:00
SAO_6816-31,São Paulo,3550308,True,,1748,,,-23.653212,-46.7764515,,,,1,2023-06-19T02:20:01+00:00
SAO_8023-10,São Paulo,3550308,True,,34842,,,-23.590517875,-46.802538874999996,,,,2,2023-06-19T02:20:20+00:00
SAO_8023-10,São Paulo,3550308,True,,34842,,,-23.584284,-46.785972,,,,2,2023-06-19T02:19:56+00:00
SAO_2728-10,São Paulo,3550308,True,,943,,,-23.5014245,-46.512783,,,,1,2023-06-19T02:20:17+00:00
SAO_2728-10,São Paulo,3550308,True,,943,,,-23.518918499999998,-46.546471,,,,1,2023-06-19T02:20:07+00:00
SAO_2728-10,São Paulo,3550308,True,,943,,,-23.5014245,-46.512783,,,,1,2023-06-19T02:19:59+00:00
SAO_1720-10,São Paulo,3550308,True,,863,,,-23.4816675,-46.592599500000006,,,,1,2023-06-19T02:19:44+00:00
SAO_1720-10,São Paulo,3550308,True,,863,,,-23.450191500000003,-46.61476225,,,,1,2023-06-19T02:19:58+00:00
SAO_3734-10,São Paulo,3550308,True,,1034,,,-23.5563255,-46.477601,,,,1,2023-06-19T02:20:18+00:00
SAO_707K-10,São Paulo,3550308,True,,2503,,,-23.64422125,-46.64996875,,,,1,2023-06-19T02:19:45+00:00
SAO_2707-10,São Paulo,3550308,True,,33687,,,-23.542261,-46.4180105,,,,2,2023-06-19T02:18:42+00:00
SAO_2707-10,São Paulo,3550308,True,,33687,,,-23.5426185,-46.416027,,,,2,2023-06-19T02:09:56+00:00
SAO_2707-10,São Paulo,3550308,True,,33687,,,-23.542055,-46.471434,,,,2,2023-06-19T02:13:05+00:00
SAO_7054-10,São Paulo,3550308,True,,41,,,-23.6517055,-46.7906215,,,,1,2023-06-19T02:19:42+00:00
SAO_7054-10,São Paulo,3550308,True,,41,,,-23.6517055,-46.7906215,,,,1,2023-06-19T02:19:56+00:00
SAO_263J-10,São Paulo,3550308,True,,32987,,,-23.5365385,-46.473466,,,,2,2023-06-19T02:19:48+00:00
SAO_675P-10,São Paulo,3550308,True,,33043,,,-23.653472,-46.668495,,,,2,2023-06-19T02:19:45+00:00
SAO_N535-11,São Paulo,3550308,True,,35155,,,-23.603310999999998,-46.6028315,,,,2,2023-06-19T02:19:51+00:00
SAO_476L-10,São Paulo,3550308,True,,33030,,,-23.596648000000002,-46.656884000000005,,,,2,2023-06-19T02:19:55+00:00
SAO_4007-10,São Paulo,3550308,True,,2181,,,-23.563516,-46.416466,,,,1,2023-06-19T02:14:24+00:00
SAO_4007-10,São Paulo,3550308,True,,2181,,,-23.549907500000003,-46.4986995,,,,1,2023-06-19T02:20:13+00:00
SAO_6003-21,São Paulo,3550308,True,,2576,,,-23.766613,-46.71643,,,,1,2023-06-19T02:19:51+00:00
SAO_N502-11,São Paulo,3550308,True,,35144,,,-23.603656,-46.6035635,,,,2,2023-06-19T02:19:52+00:00
SAO_2004-10,São Paulo,3550308,True,,33660,,,-23.534726499999998,-46.4005875,,,,2,2023-06-19T02:19:49+00:00
SAO_2004-10,São Paulo,3550308,True,,33660,,,-23.5239595,-46.387347500000004,,,,2,2023-06-19T02:18:57+00:00
SAO_971T-10,São Paulo,3550308,True,,33386,,,-23.493633000000003,-46.6745315,,,,2,2023-06-19T02:19:48+00:00
SAO_637V-10,São Paulo,3550308,True,,32872,,,-23.6978045,-46.7012945,,,,2,2023-06-19T02:20:21+00:00
SAO_9354-10,São Paulo,3550308,True,,708,,,-23.4750175,-46.6697745,,,,1,2023-06-19T02:20:11+00:00
SAO_9354-10,São Paulo,3550308,True,,708,,,-23.537076999999996,-46.642129749999995,,,,1,2023-06-19T02:20:05+00:00
SAO_4035-10,São Paulo,3550308,True,,35328,,,-23.5427145,-46.4149935,,,,2,2023-06-19T02:19:48+00:00
SAO_4035-10,São Paulo,3550308,True,,35328,,,-23.558149,-46.399587499999996,,,,2,2023-06-19T02:20:11+00:00
SAO_8062-10,São Paulo,3550308,True,EMTU,420,https://moovitapp.com/index/pt-br/transporte_p%C3%BAblico-line-420-Sao_Paulo-242-2038937-36419477-0,7.1,-23.519454500000002,-46.7026025,,,,1,2023-06-19T02:20:05+00:00
SAO_9019-10,São Paulo,3550308,True,,1433,,,-23.4868945,-46.7270755,,,,1,2023-06-19T02:20:08+00:00
SAO_9019-10,São Paulo,3550308,True,,1433,,,-23.456346,-46.711062999999996,,,,1,2023-06-19T02:19:18+00:00
SAO_7062-41,São Paulo,3550308,True,,35039,,,-23.650915875,-46.770043625,,,,2,2023-06-19T02:20:17+00:00
SAO_7062-41,São Paulo,3550308,True,,35039,,,-23.650688625,-46.770039874999995,,,,2,2023-06-19T02:20:05+00:00
SAO_7012-10,São Paulo,3550308,True,,2043,,,-23.669522,-46.735257,,,,1,2023-06-19T02:20:08+00:00
SAO_7012-10,São Paulo,3550308,True,,2043,,,-23.709972,-46.7753505,,,,1,2023-06-19T02:20:13+00:00
SAO_351F-10,São Paulo,3550308,True,,687,,,-23.489241999999997,-46.571595,,,,1,2023-06-19T02:20:02+00:00
SAO_351F-10,São Paulo,3550308,True,,687,,,-23.565612,-46.5450165,,,,1,2023-06-19T02:20:19+00:00
SAO_2105-10,São Paulo,3550308,True,,35015,,,-23.4352895,-46.5818785,,,,2,2023-06-19T02:20:12+00:00
SAO_2105-10,São Paulo,3550308,True,,35015,,,-23.4487285,-46.5827775,,,,2,2023-06-19T02:19:58+00:00
SAO_4012-10,São Paulo,3550308,True,,2185,,,-23.598978250000002,-46.44341725,,,,1,2023-06-19T02:20:10+00:00
SAO_4012-10,São Paulo,3550308,True,,2185,,,-23.612038499999997,-46.4762595,,,,1,2023-06-19T02:19:45+00:00
SAO_8548-10,São Paulo,3550308,True,EMTU,578,https://moovitapp.com/index/pt-br/transporte_p%C3%BAblico-line-578-Sao_Paulo-242-2038937-36419568-0,5.4,-23.5193815,-46.7004685,,,,1,2023-06-19T02:20:06+00:00
SAO_8610-10,São Paulo,3550308,True,,2063,,,-23.5734155,-46.7060045,,,,1,2023-06-19T02:20:11+00:00
SAO_8610-10,São Paulo,3550308,True,,2063,,,-23.5495285,-46.6402545,,,,1,2023-06-19T02:19:42+00:00
SAO_8009-31,São Paulo,3550308,True,,1260,,,-23.483521500000002,-46.7284325,,,,1,2023-06-19T02:20:19+00:00
SAO_1019-10,São Paulo,3550308,True,,2495,,,-23.4367715,-46.764105,,,,1,2023-06-19T02:20:05+00:00
SAO_2013-10,São Paulo,3550308,True,,33667,,,-23.454400999999997,-46.658887,,,,2,2023-06-19T02:20:12+00:00
SAO_6258-31,São Paulo,3550308,True,,34551,,,-23.672006000000003,-46.742043,,,,2,2023-06-19T02:19:50+00:00
SAO_4314-21,São Paulo,3550308,True,,2492,,,-23.5492615,-46.507195,,,,1,2023-06-19T02:19:37+00:00
SAO_6016-10,São Paulo,3550308,True,,84,,,-23.740009,-46.6914985,,,,1,2023-06-19T02:19:59+00:00
SAO_778J-10,São Paulo,3550308,True,EMTU,508,https://moovitapp.com/index/pt-br/transporte_p%C3%BAblico-line-508-Sao_Paulo-242-2038937-36419530-0,5.65,-23.556462500000002,-46.682613,,,,1,2023-06-19T02:19:47+00:00
SAO_809A-10,São Paulo,3550308,True,,34837,,,-23.583177,-46.775589624999995,,,,2,2023-06-19T02:19:47+00:00
SAO_809A-10,São Paulo,3550308,True,,34837,,,-23.575720750000002,-46.77557075,,,,2,2023-06-19T02:20:12+00:00
SAO_3053-10,São Paulo,3550308,True,,973,,,-23.585147999999997,-46.494602,,,,1,2023-06-19T02:20:07+00:00
SAO_3053-10,São Paulo,3550308,True,,973,,,-23.54289,-46.588125500000004,,,,1,2023-06-19T02:19:51+00:00
SAO_524L-10,São Paulo,3550308,True,,34483,,,-23.5680465,-46.5596585,,,,2,2023-06-19T02:20:20+00:00
SAO_6022-10,São Paulo,3550308,True,,1207,,,-23.718654,-46.7846245,,,,1,2023-06-19T02:19:52+00:00
SAO_107T-10,São Paulo,3550308,True,,621,,,-23.5003675,-46.615280999999996,,,,1,2023-06-19T02:19:56+00:00
SAO_4031-10,São Paulo,3550308,True,,33869,,,-23.595301,-46.55523,,,,2,2023-06-19T02:20:22+00:00
SAO_2767-10,São Paulo,3550308,True,EMTU,241,https://moovitapp.com/index/pt-br/transporte_p%C3%BAblico-line-241-Sao_Paulo-242-2038937-36419354-0,5.15,-23.506633,-46.482748,,,,1,2023-06-19T02:20:02+00:00
SAO_809N-10,São Paulo,3550308,True,,2244,,,-23.549901937500003,-46.7388568125,,,,1,2023-06-19T02:20:10+00:00
SAO_6063-10,São Paulo,3550308,True,,1152,,,-23.7779185,-46.693957499999996,,,,1,2023-06-19T02:20:13+00:00
SAO_6028-10,São Paulo,3550308,True,,1211,,,-23.6850345,-46.745012,,,,1,2023-06-19T02:19:41+00:00
SAO_7050-10,São Paulo,3550308,True,,34652,,,-23.66162,-46.7787955,,,,2,2023-06-19T02:19:38+00:00
SAO_8700-1,São Paulo,3550308,True,,35276,,,-23.5466395,-46.639284,,,,2,2023-06-19T02:19:45+00:00
SAO_8700-1,São Paulo,3550308,True,,35276,,,-23.571602375,-46.696492875000004,,,,2,2023-06-19T02:20:06+00:00
SAO_8700-1,São Paulo,3550308,True,,35276,,,-23.631026499999997,-46.773642,,,,2,2023-06-19T02:20:15+00:00
SAO_3712-10,São Paulo,3550308,True,,33777,,,-23.5502525,-46.4316045,,,,2,2023-06-19T02:20:12+00:00
SAO_809D-10,São Paulo,3550308,True,,34836,,,-23.59568,-46.776894999999996,,,,2,2023-06-19T02:20:02+00:00
SAO_809D-10,São Paulo,3550308,True,,34836,,,-23.6031905,-46.781071999999995,,,,2,2023-06-19T02:20:19+00:00
SAO_9019-10,São Paulo,3550308,True,,34201,,,-23.458503999999998,-46.712886,,,,2,2023-06-19T02:20:01+00:00
SAO_4016-10,São Paulo,3550308,True,,2189,,,-23.613115999999998,-46.476499,,,,1,2023-06-19T02:19:51+00:00
SAO_7055-10,São Paulo,3550308,True,,34656,,,-23.6325105,-46.7723915,,,,2,2023-06-19T02:19:53+00:00
SAO_7055-10,São Paulo,3550308,True,,34656,,,-23.660277999999998,-46.768888000000004,,,,2,2023-06-19T02:19:42+00:00
SAO_7055-10,São Paulo,3550308,True,,34656,,,-23.692131,-46.78990950000001,,,,2,2023-06-19T02:20:08+00:00
SAO_4313-10,São Paulo,3550308,True,,2173,,,-23.5491905,-46.6049595,,,,1,2023-06-19T02:20:16+00:00
SAO_4313-10,São Paulo,3550308,True,,2173,,,-23.540927,-46.538437,,,,1,2023-06-19T02:20:14+00:00
SAO_4313-10,São Paulo,3550308,True,,2173,,,-23.583284,-46.4074105,,,,1,2023-06-19T02:20:13+00:00
SAO_4313-10,São Paulo,3550308,True,,2173,,,-23.579996,-46.411519999999996,,,,1,2023-06-19T02:19:38+00:00
SAO_3902-10,São Paulo,3550308,True,,1470,,,-23.503051,-46.376431,,,,1,2023-06-19T02:20:15+00:00
SAO_2023-10,São Paulo,3550308,True,,2260,,,-23.398296000000002,-46.577902,,,,1,2023-06-19T02:19:52+00:00
SAO_107T-10,São Paulo,3550308,True,,33389,,,-23.5661885,-46.702104000000006,,,,2,2023-06-19T02:20:19+00:00
SAO_107T-10,São Paulo,3550308,True,,33389,,,-23.4810725,-46.603761500000005,,,,2,2023-06-19T02:20:00+00:00
SAO_107T-10,São Paulo,3550308,True,,33389,,,-23.48760925,-46.618854375,,,,2,2023-06-19T02:19:05+00:00
SAO_107T-10,São Paulo,3550308,True,,33389,,,-23.547847500000003,-46.6420095,,,,2,2023-06-19T02:19:59+00:00
SAO_6003-21,São Paulo,3550308,True,,35344,,,-23.750886,-46.71026,,,,2,2023-06-19T02:19:40+00:00
SAO_2583-10,São Paulo,3550308,True,EMTU,375,https://moovitapp.com/index/pt-br/transporte_p%C3%BAblico-line-375-Sao_Paulo-242-2038937-36419449-0,11.7,-23.503203499999998,-46.4398125,,,,1,2023-06-19T02:18:57+00:00
SAO_407F-10,São Paulo,3550308,True,,2167,,,-23.576368000000002,-46.517998,,,,1,2023-06-19T02:20:12+00:00
SAO_407F-10,São Paulo,3550308,True,,2167,,,-23.54239,-46.5903175,,,,1,2023-06-19T02:20:20+00:00
SAO_1778-10,São Paulo,3550308,True,,1789,,,-23.4960375,-46.612066,,,,1,2023-06-19T02:20:06+00:00
SAO_211L-10,São Paulo,3550308,True,,35033,,,-23.5036915,-46.67682275,,,,2,2023-06-19T02:19:58+00:00
SAO_211L-10,São Paulo,3550308,True,,35033,,,-23.4826065,-46.6307425,,,,2,2023-06-19T02:20:21+00:00
SAO_4011-10,São Paulo,3550308,True,,2184,,,-23.598715249999998,-46.464727749999994,,,,1,2023-06-19T02:19:57+00:00
SAO_7245-21,São Paulo,3550308,True,,35306,,,-23.634481,-46.711736,,,,2,2023-06-19T02:19:46+00:00
SAO_3712-51,São Paulo,3550308,True,,2505,,,-23.5406495,-46.447179000000006,,,,1,2023-06-19T02:20:13+00:00
SAO_1745-10,São Paulo,3550308,True,,546,,,-23.479107499999998,-46.6506675,,,,1,2023-06-19T02:20:18+00:00
SAO_1730-10,São Paulo,3550308,True,,33633,,,-23.51559625,-46.61637925,,,,2,2023-06-19T02:20:02+00:00
SAO_271M-10,São Paulo,3550308,True,,33452,,,-23.5120595,-46.5631845,,,,2,2023-06-19T02:19:49+00:00
SAO_607A-10,São Paulo,3550308,True,,34907,,,-23.676121000000002,-46.69907725,,,,2,2023-06-19T02:20:19+00:00
SAO_607A-10,São Paulo,3550308,True,,34907,,,-23.7050945,-46.6515495,,,,2,2023-06-19T02:19:39+00:00
SAO_6001-10,São Paulo,3550308,True,,52,,,-23.649037,-46.7542395,,,,1,2023-06-19T02:20:22+00:00
SAO_8008-10,São Paulo,3550308,True,,1258,,,-23.490979375,-46.75142125,,,,1,2023-06-19T02:20:04+00:00
SAO_3796-10,São Paulo,3550308,True,,33842,,,-23.560872500000002,-46.4658875,,,,2,2023-06-19T02:19:43+00:00
SAO_775F-31,São Paulo,3550308,True,,2488,,,-23.62374375,-46.73390525,,,,1,2023-06-19T02:20:03+00:00
SAO_352A-10,São Paulo,3550308,True,,32932,,,-23.479100875,-46.421538125,,,,2,2023-06-19T02:20:09+00:00
SAO_352A-10,São Paulo,3550308,True,,32932,,,-23.479201250000003,-46.42118275,,,,2,2023-06-19T02:20:08+00:00
SAO_8024-10,São Paulo,3550308,True,,2075,,,-23.59578475,-46.746834625,,,,1,2023-06-19T02:19:40+00:00
SAO_2731-10,São Paulo,3550308,True,,33714,,,-23.520286499999997,-46.4412195,,,,2,2023-06-19T02:18:27+00:00
SAO_2731-10,São Paulo,3550308,True,,33714,,,-23.518088249999998,-46.439505,,,,2,2023-06-19T02:17:20+00:00
SAO_7062-31,São Paulo,3550308,True,,34682,,,-23.6463475,-46.7730035,,,,2,2023-06-19T02:19:50+00:00
SAO_1786-10,São Paulo,3550308,True,,33417,,,-23.50031125,-46.622367999999994,,,,2,2023-06-19T02:20:00+00:00
SAO_5015-10,São Paulo,3550308,True,,1119,,,-23.678711,-46.6567585,,,,1,2023-06-19T02:15:14+00:00
SAO_425E-10,São Paulo,3550308,True,,1636,,,-23.6129955,-46.4895395,,,,1,2023-06-19T02:20:17+00:00
SAO_2363-10,São Paulo,3550308,True,,135,,,-23.5314755,-46.5591195,,,,1,2023-06-19T02:19:20+00:00
SAO_513C-31,São Paulo,3550308,True,,35304,,,-23.534564500000002,-46.4529065,,,,2,2023-06-19T02:19:31+00:00
SAO_3778-10,São Paulo,3550308,True,,1062,,,-23.575384,-46.496115,,,,1,2023-06-19T02:17:19+00:00
SAO_3778-10,São Paulo,3550308,True,,1062,,,-23.541129750000003,-46.55422,,,,1,2023-06-19T02:15:58+00:00
SAO_527R-10,São Paulo,3550308,True,,33039,,,-23.661029,-46.664362999999994,,,,2,2023-06-19T02:20:19+00:00
SAO_527R-10,São Paulo,3550308,True,,33039,,,-23.6532135,-46.706331000000006,,,,2,2023-06-19T02:19:54+00:00
SAO_527R-10,São Paulo,3550308,True,,33039,,,-23.6600695,-46.669760499999995,,,,2,2023-06-19T02:19:51+00:00
SAO_809T-10,São Paulo,3550308,True,,35014,,,-23.520944,-46.720016,,,,2,2023-06-19T02:19:57+00:00
SAO_4312-21,São Paulo,3550308,True,,2491,,,-23.570950500000002,-46.490642,,,,1,2023-06-19T02:19:59+00:00
SAO_971A-10,São Paulo,3550308,True,,658,,,-23.5001995,-46.63149675,,,,1,2023-06-19T02:19:50+00:00
SAO_5705-10,São Paulo,3550308,True,,34425,,,-23.567601,-46.6399165,,,,2,2023-06-19T02:19:50+00:00
SAO_2088-10,São Paulo,3550308,True,EMTU,372,https://moovitapp.com/index/pt-br/transporte_p%C3%BAblico-line-372-Sao_Paulo-242-2038937-36419447-0,4.9,-23.5182095,-46.475659,,,,1,2023-06-19T02:20:01+00:00
SAO_2780-10,São Paulo,3550308,True,EMTU,399,https://moovitapp.com/index/pt-br/transporte_p%C3%BAblico-line-399-Sao_Paulo-242-2038937-36419463-0,6.45,-23.5082725,-46.43212825,,,,1,2023-06-19T02:20:06+00:00
SAO_938L-10,São Paulo,3550308,True,,1368,,,-23.481257,-46.674919,,,,1,2023-06-19T02:20:17+00:00
SAO_1720-21,São Paulo,3550308,True,,1937,,,-23.4873335,-46.574318500000004,,,,1,2023-06-19T02:20:20+00:00
SAO_2024-10,São Paulo,3550308,True,,35029,,,-23.3978455,-46.577652,,,,2,2023-06-19T02:19:59+00:00
SAO_8300-10,São Paulo,3550308,True,,1264,,,-23.510699,-46.705584,,,,1,2023-06-19T02:20:05+00:00
SAO_1773-10,São Paulo,3550308,True,,637,,,-23.449092999999998,-46.591,,,,1,2023-06-19T02:19:41+00:00
SAO_6076-10,São Paulo,3550308,True,,33933,,,-23.698055749999998,-46.701179749999994,,,,2,2023-06-19T02:20:18+00:00
SAO_273D-10,São Paulo,3550308,True,,222,,,-23.494404,-46.4148335,,,,1,2023-06-19T02:20:07+00:00
SAO_2772-10,São Paulo,3550308,True,,398,,,-23.531119500000003,-46.538673,,,,1,2023-06-19T02:20:06+00:00
SAO_5025-10,São Paulo,3550308,True,,1564,,,-23.598083000000003,-46.576795000000004,,,,1,2023-06-19T02:19:54+00:00
SAO_2161-10,São Paulo,3550308,True,,33462,,,-23.474255499999998,-46.56712,,,,2,2023-06-19T02:19:38+00:00
SAO_2161-10,São Paulo,3550308,True,,33462,,,-23.492914624999997,-46.585450124999994,,,,2,2023-06-19T02:19:40+00:00
SAO_7057-10,São Paulo,3550308,True,,1897,,,-23.6388125,-46.7797675,,,,1,2023-06-19T02:20:05+00:00
SAO_6003-10,São Paulo,3550308,True,,1472,,,-23.7377555,-46.6976535,,,,1,2023-06-19T02:20:07+00:00
SAO_278A-10,São Paulo,3550308,True,,706,,,-23.534344249999997,-46.607408500000005,,,,1,2023-06-19T02:20:10+00:00
SAO_278A-10,São Paulo,3550308,True,,706,,,-23.5077475,-46.525870999999995,,,,1,2023-06-19T02:19:40+00:00
SAO_278A-10,São Paulo,3550308,True,,706,,,-23.522916624999997,-46.542014875,,,,1,2023-06-19T02:20:10+00:00
SAO_7022-10,São Paulo,3550308,True,,2084,,,-23.6672905,-46.727228,,,,1,2023-06-19T02:20:10+00:00
SAO_2021-10,São Paulo,3550308,True,,33674,,,-23.541711,-46.416456499999995,,,,2,2023-06-19T02:20:16+00:00
SAO_4092-10,São Paulo,3550308,True,,1876,,,-23.5821265,-46.4157145,,,,1,2023-06-19T02:20:02+00:00
SAO_6826-10,São Paulo,3550308,True,,32784,,,-23.677115,-46.793302499999996,,,,2,2023-06-19T02:20:05+00:00
SAO_3139-10,São Paulo,3550308,True,,33763,,,-23.567342,-46.541645,,,,2,2023-06-19T02:20:17+00:00
SAO_4004-10,São Paulo,3550308,True,,34946,,,-23.582850999999998,-46.4066525,,,,2,2023-06-19T02:19:58+00:00
SAO_695T-51,São Paulo,3550308,True,,1859,,,-23.6032305,-46.661763875,,,,1,2023-06-19T02:20:23+00:00
SAO_6063-41,São Paulo,3550308,True,,1773,,,-23.768638000000003,-46.715811,,,,1,2023-06-19T02:20:06+00:00
SAO_948A-10,São Paulo,3550308,True,,1423,,,-23.5253625,-46.674436375,,,,1,2023-06-19T02:20:12+00:00
SAO_978A-10,São Paulo,3550308,True,,1369,,,-23.4756295,-46.6704885,,,,1,2023-06-19T02:19:57+00:00
SAO_978A-10,São Paulo,3550308,True,,1369,,,-23.512507999999997,-46.690535,,,,1,2023-06-19T02:20:17+00:00
SAO_4115-10,São Paulo,3550308,True,EMTU,322,https://moovitapp.com/index/pt-br/transporte_p%C3%BAblico-line-322-Sao_Paulo-242-2038937-36419412-0,6.2,-23.549675,-46.630169249999994,,,,1,2023-06-19T02:19:36+00:00
SAO_2740-10,São Paulo,3550308,True,,1792,,,-23.45937,-46.646328499999996,,,,1,2023-06-19T02:20:17+00:00
SAO_3721-10,São Paulo,3550308,True,,33787,,,-23.5488365,-46.4832945,,,,2,2023-06-19T02:20:08+00:00
SAO_271P-10,São Paulo,3550308,True,,704,,,-23.53440875,-46.60452075,,,,1,2023-06-19T02:20:20+00:00
SAO_178A-10,São Paulo,3550308,True,EMTU,558,https://moovitapp.com/index/pt-br/transporte_p%C3%BAblico-line-558-Sao_Paulo-242-2038937-36419559-0,4.4,-23.5285995,-46.639189,,,,1,2023-06-19T02:19:52+00:00
SAO_1019-10,São Paulo,3550308,True,,35263,,,-23.4379315,-46.779346000000004,,,,2,2023-06-19T02:16:49+00:00
SAO_1772-10,São Paulo,3550308,True,,33403,,,-23.4350765,-46.581492999999995,,,,2,2023-06-19T02:19:46+00:00
SAO_1772-10,São Paulo,3550308,True,,33403,,,-23.4644525,-46.596099,,,,2,2023-06-19T02:19:31+00:00
SAO_2005-10,São Paulo,3550308,True,,33661,,,-23.495103,-46.435818,,,,2,2023-06-19T02:19:18+00:00
SAO_119C-10,São Paulo,3550308,True,,661,,,-23.518027,-46.609425,,,,1,2023-06-19T02:20:00+00:00
SAO_2009-10,São Paulo,3550308,True,,898,,,-23.531996499999998,-46.415543,,,,1,2023-06-19T02:19:00+00:00
SAO_1741-10,São Paulo,3550308,True,,539,,,-23.467425,-46.6607475,,,,1,2023-06-19T02:19:45+00:00
SAO_1788-10,São Paulo,3550308,True,,653,,,-23.455914999999997,-46.590154749999996,,,,1,2023-06-19T02:19:52+00:00
SAO_3160-10,São Paulo,3550308,True,,32893,,,-23.5531765,-46.613653,,,,2,2023-06-19T02:19:43+00:00
SAO_1726-10,São Paulo,3550308,True,,34171,,,-23.443562,-46.5900395,,,,2,2023-06-19T02:19:53+00:00
SAO_1726-10,São Paulo,3550308,True,,34171,,,-23.4359105,-46.566243,,,,2,2023-06-19T02:20:15+00:00
SAO_1036-10,São Paulo,3550308,True,,2453,,,-23.477311,-46.71468,,,,1,2023-06-19T02:20:06+00:00
SAO_1018-10,São Paulo,3550308,True,,33600,,,-23.480629999999998,-46.611273499999996,,,,2,2023-06-19T02:18:16+00:00
SAO_3725-41,São Paulo,3550308,True,,1531,,,-23.533152,-46.538636,,,,1,2023-06-19T02:20:15+00:00
SAO_1703-10,São Paulo,3550308,True,,33615,,,-23.467895,-46.584211499999995,,,,2,2023-06-19T02:19:40+00:00
SAO_1703-10,São Paulo,3550308,True,,33615,,,-23.430702,-46.574294,,,,2,2023-06-19T02:19:51+00:00
SAO_2714-10,São Paulo,3550308,True,,927,,,-23.5146385,-46.5303575,,,,1,2023-06-19T02:19:42+00:00
SAO_2026-10,São Paulo,3550308,True,,35037,,,-23.48941525,-46.571597749999995,,,,2,2023-06-19T02:20:17+00:00
SAO_1782-10,São Paulo,3550308,True,,33411,,,-23.502214000000002,-46.6235875,,,,2,2023-06-19T02:20:02+00:00
SAO_N241-11,São Paulo,3550308,True,,2330,,,-23.450160500000003,-46.608044,,,,1,2023-06-19T02:19:44+00:00
SAO_1787-10,São Paulo,3550308,True,,650,,,-23.49620075,-46.62365925,,,,1,2023-06-19T02:17:33+00:00
SAO_2161-10,São Paulo,3550308,True,,694,,,-23.541221999999998,-46.6366655,,,,1,2023-06-19T02:20:20+00:00
SAO_1744-10,São Paulo,3550308,True,,544,,,-23.487814,-46.638426,,,,1,2023-06-19T02:19:38+00:00
SAO_4024-10,São Paulo,3550308,True,,2158,,,-23.542497,-46.44645375,,,,1,2023-06-19T02:20:14+00:00
SAO_9501-10,São Paulo,3550308,True,EMTU,462,https://moovitapp.com/index/pt-br/transporte_p%C3%BAblico-line-462-Sao_Paulo-242-2038937-36419502-0,7.4,-23.519187375,-46.67556075,,,,1,2023-06-19T02:20:17+00:00
SAO_7052-10,São Paulo,3550308,True,,34654,,,-23.652754,-46.773064500000004,,,,2,2023-06-19T02:19:54+00:00
SAO_7052-10,São Paulo,3550308,True,,34654,,,-23.6525575,-46.773193,,,,2,2023-06-19T02:20:09+00:00
SAO_4056-10,São Paulo,3550308,True,,35005,,,-23.5976445,-46.4576705,,,,2,2023-06-19T02:19:58+00:00
SAO_2025-10,São Paulo,3550308,True,,2267,,,-23.502132000000003,-46.6167765,,,,1,2023-06-19T02:19:47+00:00
SAO_2011-10,São Paulo,3550308,True,,2136,,,-23.467872,-46.5833195,,,,1,2023-06-19T02:20:14+00:00
SAO_271A-51,São Paulo,3550308,True,,703,,,-23.507360499999997,-46.5711955,,,,1,2023-06-19T02:19:41+00:00
