bus_id,city,city_code,adapted,agency,line_code,line_url,line_fare,latitude,longitude,bus_speed,is_eletric,bus_type,bus_direction,updated_at
SAO_N836-11,São Paulo,3550308,True,,35203,,,-23.5658305,-46.701625500000006,,,,2,2023-06-14T08:23:56+00:00
SAO_6084-10,São Paulo,3550308,True,,33937,,,-23.7812805,-46.67209375,,,,2,2023-06-14T08:23:39+00:00
SAO_6084-10,São Paulo,3550308,True,,33937,,,-23.7812805,-46.67209375,,,,2,2023-06-14T08:23:42+00:00
SAO_6084-10,São Paulo,3550308,True,,33937,,,-23.7812805,-46.67209375,,,,2,2023-06-14T08:23:32+00:00
SAO_6084-10,São Paulo,3550308,True,,33937,,,-23.7812805,-46.67209375,,,,2,2023-06-14T08:23:50+00:00
SAO_6084-10,São Paulo,3550308,True,,33937,,,-23.7812805,-46.67209375,,,,2,2023-06-14T08:24:09+00:00
SAO_6084-10,São Paulo,3550308,True,,33937,,,-23.7812805,-46.67209375,,,,2,2023-06-14T08:24:03+00:00
SAO_6084-10,São Paulo,3550308,True,,33937,,,-23.7812805,-46.67209375,,,,2,2023-06-14T08:23:45+00:00
SAO_6084-10,São Paulo,3550308,True,,33937,,,-23.7812805,-46.67209375,,,,2,2023-06-14T08:24:00+00:00
SAO_6084-10,São Paulo,3550308,True,,33937,,,-23.7812805,-46.67209375,,,,2,2023-06-14T08:23:57+00:00
SAO_6084-10,São Paulo,3550308,True,,33937,,,-23.7812805,-46.67209375,,,,2,2023-06-14T08:24:04+00:00
SAO_5175-10,São Paulo,3550308,True,,33361,,,-23.5505945,-46.635301,,,,2,2023-06-14T08:23:44+00:00
SAO_5175-10,São Paulo,3550308,True,,33361,,,-23.5505945,-46.635301,,,,2,2023-06-14T08:23:47+00:00
SAO_5175-10,São Paulo,3550308,True,,33361,,,-23.5505945,-46.635301,,,,2,2023-06-14T08:24:00+00:00
SAO_5175-10,São Paulo,3550308,True,,33361,,,-23.5505945,-46.635301,,,,2,2023-06-14T08:23:30+00:00
SAO_5175-10,São Paulo,3550308,True,,33361,,,-23.5505945,-46.635301,,,,2,2023-06-14T08:23:51+00:00
SAO_5175-10,São Paulo,3550308,True,,33361,,,-23.5505945,-46.635301,,,,2,2023-06-14T08:23:41+00:00
SAO_5175-10,São Paulo,3550308,True,,33361,,,-23.5505945,-46.635301,,,,2,2023-06-14T08:22:50+00:00
SAO_5175-10,São Paulo,3550308,True,,33361,,,-23.5505945,-46.635301,,,,2,2023-06-14T08:23:58+00:00
SAO_5175-10,São Paulo,3550308,True,,33361,,,-23.5505945,-46.635301,,,,2,2023-06-14T08:22:46+00:00
SAO_5175-10,São Paulo,3550308,True,,33361,,,-23.5505945,-46.635301,,,,2,2023-06-14T08:23:36+00:00
SAO_5175-10,São Paulo,3550308,True,,33361,,,-23.5505945,-46.635301,,,,2,2023-06-14T08:23:43+00:00
SAO_5175-10,São Paulo,3550308,True,,33361,,,-23.5505945,-46.635301,,,,2,2023-06-14T08:23:20+00:00
SAO_5175-10,São Paulo,3550308,True,,33361,,,-23.5505945,-46.635301,,,,2,2023-06-14T08:23:40+00:00
SAO_5175-10,São Paulo,3550308,True,,33361,,,-23.5505945,-46.635301,,,,2,2023-06-14T08:22:36+00:00
SAO_5175-10,São Paulo,3550308,True,,33361,,,-23.5505945,-46.635301,,,,2,2023-06-14T08:24:01+00:00
SAO_5175-10,São Paulo,3550308,True,,33361,,,-23.5505945,-46.635301,,,,2,2023-06-14T08:21:53+00:00
SAO_5175-10,São Paulo,3550308,True,,33361,,,-23.5505945,-46.635301,,,,2,2023-06-14T08:23:30+00:00
SAO_5175-10,São Paulo,3550308,True,,33361,,,-23.5505945,-46.635301,,,,2,2023-06-14T08:23:25+00:00
SAO_6037-10,São Paulo,3550308,True,,1215,,,-23.6493575,-46.7848365,,,,1,2023-06-14T08:24:01+00:00
SAO_6037-10,São Paulo,3550308,True,,1215,,,-23.6493575,-46.7848365,,,,1,2023-06-14T08:19:06+00:00
SAO_6037-10,São Paulo,3550308,True,,1215,,,-23.6493575,-46.7848365,,,,1,2023-06-14T08:24:02+00:00
SAO_6037-10,São Paulo,3550308,True,,1215,,,-23.6493575,-46.7848365,,,,1,2023-06-14T08:23:53+00:00
SAO_N131-11,São Paulo,3550308,True,,35055,,,-23.50794975,-46.7580385,,,,2,2023-06-14T08:23:42+00:00
SAO_2727-10,São Paulo,3550308,True,,942,,,-23.540153,-46.483096,,,,1,2023-06-14T08:23:30+00:00
SAO_2727-10,São Paulo,3550308,True,,942,,,-23.540153,-46.483096,,,,1,2023-06-14T08:23:59+00:00
SAO_2727-10,São Paulo,3550308,True,,942,,,-23.540153,-46.483096,,,,1,2023-06-14T08:23:27+00:00
SAO_2727-10,São Paulo,3550308,True,,942,,,-23.540219999999998,-46.4830825,,,,1,2023-06-14T08:23:27+00:00
SAO_2727-10,São Paulo,3550308,True,,942,,,-23.540153,-46.483096,,,,1,2023-06-14T08:23:55+00:00
SAO_2727-10,São Paulo,3550308,True,,942,,,-23.540153,-46.483096,,,,1,2023-06-14T08:23:32+00:00
SAO_2727-10,São Paulo,3550308,True,,942,,,-23.540153,-46.483096,,,,1,2023-06-14T08:23:51+00:00
SAO_2727-10,São Paulo,3550308,True,,942,,,-23.540153,-46.483096,,,,1,2023-06-14T08:23:41+00:00
SAO_2727-10,São Paulo,3550308,True,,942,,,-23.540153,-46.483096,,,,1,2023-06-14T08:23:29+00:00
SAO_2727-10,São Paulo,3550308,True,,942,,,-23.540153,-46.483096,,,,1,2023-06-14T08:23:35+00:00
SAO_5033-10,São Paulo,3550308,True,,1665,,,-23.6335015,-46.613895,,,,1,2023-06-14T08:23:25+00:00
SAO_5012-10,São Paulo,3550308,True,,33884,,,-23.6459105,-46.6397875,,,,2,2023-06-14T08:23:55+00:00
SAO_5012-10,São Paulo,3550308,True,,33884,,,-23.6459105,-46.6397875,,,,2,2023-06-14T08:23:51+00:00
SAO_5012-10,São Paulo,3550308,True,,33884,,,-23.6459105,-46.6397875,,,,2,2023-06-14T08:22:29+00:00
SAO_5012-10,São Paulo,3550308,True,,33884,,,-23.6459105,-46.6397875,,,,2,2023-06-14T08:23:31+00:00
SAO_5012-10,São Paulo,3550308,True,,33884,,,-23.6459105,-46.6397875,,,,2,2023-06-14T08:23:23+00:00
SAO_5012-10,São Paulo,3550308,True,,33884,,,-23.6459105,-46.6397875,,,,2,2023-06-14T08:23:37+00:00
SAO_5012-10,São Paulo,3550308,True,,33884,,,-23.6459105,-46.6397875,,,,2,2023-06-14T08:23:17+00:00
SAO_5012-10,São Paulo,3550308,True,,33884,,,-23.6459105,-46.6397875,,,,2,2023-06-14T08:23:20+00:00
SAO_5012-10,São Paulo,3550308,True,,33884,,,-23.6459105,-46.6397875,,,,2,2023-06-14T08:23:28+00:00
SAO_5012-10,São Paulo,3550308,True,,33884,,,-23.6459105,-46.6397875,,,,2,2023-06-14T08:23:39+00:00
SAO_5012-10,São Paulo,3550308,True,,33884,,,-23.6459105,-46.6397875,,,,2,2023-06-14T08:23:27+00:00
SAO_5012-10,São Paulo,3550308,True,,33884,,,-23.6459105,-46.6397875,,,,2,2023-06-14T08:23:19+00:00
SAO_5012-10,São Paulo,3550308,True,,33884,,,-23.6459105,-46.6397875,,,,2,2023-06-14T08:23:19+00:00
SAO_5012-10,São Paulo,3550308,True,,33884,,,-23.6459105,-46.6397875,,,,2,2023-06-14T08:23:40+00:00
SAO_5012-10,São Paulo,3550308,True,,33884,,,-23.6459105,-46.6397875,,,,2,2023-06-14T08:23:15+00:00
SAO_N501-11,São Paulo,3550308,True,,35143,,,-23.6124625,-46.4761625,,,,2,2023-06-14T08:23:40+00:00
SAO_N501-11,São Paulo,3550308,True,,35143,,,-23.602694,-46.517624999999995,,,,2,2023-06-14T08:24:00+00:00
SAO_6058-10,São Paulo,3550308,True,,33917,,,-23.769750000000002,-46.714714,,,,2,2023-06-14T08:24:06+00:00
SAO_6058-10,São Paulo,3550308,True,,33917,,,-23.7695835,-46.7148705,,,,2,2023-06-14T08:23:58+00:00
SAO_6058-10,São Paulo,3550308,True,,33917,,,-23.769750000000002,-46.714714,,,,2,2023-06-14T08:24:05+00:00
SAO_6058-10,São Paulo,3550308,True,,33917,,,-23.769851000000003,-46.676743,,,,2,2023-06-14T08:22:30+00:00
SAO_6058-10,São Paulo,3550308,True,,33917,,,-23.769851000000003,-46.676743,,,,2,2023-06-14T08:23:54+00:00
SAO_6058-10,São Paulo,3550308,True,,33917,,,-23.769512499999998,-46.7149195,,,,2,2023-06-14T08:23:25+00:00
SAO_6093-10,São Paulo,3550308,True,,34353,,,-23.772029,-46.719725999999994,,,,2,2023-06-14T08:23:33+00:00
SAO_172P-10,São Paulo,3550308,True,,33626,,,-23.44281925,-46.5898795,,,,2,2023-06-14T08:24:02+00:00
SAO_1709-10,São Paulo,3550308,True,,851,,,-23.4412375,-46.5814765,,,,1,2023-06-14T08:24:07+00:00
SAO_1709-10,São Paulo,3550308,True,,851,,,-23.4412375,-46.5814765,,,,1,2023-06-14T08:22:32+00:00
SAO_1709-10,São Paulo,3550308,True,,851,,,-23.4412375,-46.5814765,,,,1,2023-06-14T08:24:04+00:00
SAO_1709-10,São Paulo,3550308,True,,851,,,-23.4412375,-46.5814765,,,,1,2023-06-14T08:23:42+00:00
SAO_1709-10,São Paulo,3550308,True,,851,,,-23.4412375,-46.5814765,,,,1,2023-06-14T08:23:52+00:00
SAO_1709-10,São Paulo,3550308,True,,851,,,-23.4412375,-46.5814765,,,,1,2023-06-14T08:23:38+00:00
SAO_1709-10,São Paulo,3550308,True,,851,,,-23.4412375,-46.5814765,,,,1,2023-06-14T08:23:09+00:00
SAO_1709-10,São Paulo,3550308,True,,851,,,-23.4412375,-46.5814765,,,,1,2023-06-14T08:23:57+00:00
SAO_1709-10,São Paulo,3550308,True,,851,,,-23.4412375,-46.5814765,,,,1,2023-06-14T08:23:21+00:00
SAO_1709-10,São Paulo,3550308,True,,851,,,-23.4412375,-46.5814765,,,,1,2023-06-14T08:23:49+00:00
SAO_1709-10,São Paulo,3550308,True,,851,,,-23.4412375,-46.5814765,,,,1,2023-06-14T08:24:03+00:00
SAO_1709-10,São Paulo,3550308,True,,851,,,-23.4412375,-46.5814765,,,,1,2023-06-14T08:22:01+00:00
SAO_1709-10,São Paulo,3550308,True,,851,,,-23.4412375,-46.5814765,,,,1,2023-06-14T08:22:05+00:00
SAO_1709-10,São Paulo,3550308,True,,851,,,-23.4412375,-46.5814765,,,,1,2023-06-14T08:23:44+00:00
SAO_1709-10,São Paulo,3550308,True,,851,,,-23.4412375,-46.5814765,,,,1,2023-06-14T08:23:14+00:00
SAO_2666-10,São Paulo,3550308,True,,33146,,,-23.51768925,-46.388467500000004,,,,2,2023-06-14T08:23:47+00:00
SAO_2666-10,São Paulo,3550308,True,,33146,,,-23.546655,-46.630598,,,,2,2023-06-14T08:23:49+00:00
SAO_2666-10,São Paulo,3550308,True,,33146,,,-23.546655,-46.630598,,,,2,2023-06-14T08:23:48+00:00
SAO_2666-10,São Paulo,3550308,True,,33146,,,-23.546655,-46.630598,,,,2,2023-06-14T08:23:56+00:00
SAO_2666-10,São Paulo,3550308,True,,33146,,,-23.546655,-46.630598,,,,2,2023-06-14T08:23:59+00:00
SAO_2666-10,São Paulo,3550308,True,,33146,,,-23.546655,-46.630598,,,,2,2023-06-14T08:24:01+00:00
SAO_2666-10,São Paulo,3550308,True,,33146,,,-23.546655,-46.630598,,,,2,2023-06-14T08:23:20+00:00
SAO_2666-10,São Paulo,3550308,True,,33146,,,-23.546655,-46.630598,,,,2,2023-06-14T08:23:44+00:00
SAO_N701-11,São Paulo,3550308,True,,2406,,,-23.608495499999997,-46.676561,,,,1,2023-06-14T08:24:08+00:00
SAO_N631-11,São Paulo,3550308,True,,2396,,,-23.672698125,-46.701420375,,,,1,2023-06-14T08:24:05+00:00
SAO_3739-10,São Paulo,3550308,True,,1039,,,-23.5632265,-46.44612325,,,,1,2023-06-14T08:23:37+00:00
SAO_3731-10,São Paulo,3550308,True,,1028,,,-23.539611999999998,-46.516724999999994,,,,1,2023-06-14T08:23:56+00:00
SAO_3731-10,São Paulo,3550308,True,,1028,,,-23.539874,-46.516463,,,,1,2023-06-14T08:23:58+00:00
SAO_3731-10,São Paulo,3550308,True,,1028,,,-23.54011525,-46.51618425,,,,1,2023-06-14T08:24:02+00:00
SAO_3731-10,São Paulo,3550308,True,,1028,,,-23.539611999999998,-46.516724999999994,,,,1,2023-06-14T08:21:33+00:00
SAO_3731-10,São Paulo,3550308,True,,1028,,,-23.54011525,-46.51618425,,,,1,2023-06-14T08:21:17+00:00
SAO_3731-10,São Paulo,3550308,True,,1028,,,-23.539874,-46.516463,,,,1,2023-06-14T08:23:44+00:00
SAO_3731-10,São Paulo,3550308,True,,1028,,,-23.539611999999998,-46.516724999999994,,,,1,2023-06-14T08:23:27+00:00
SAO_3731-10,São Paulo,3550308,True,,1028,,,-23.54011525,-46.51618425,,,,1,2023-06-14T08:23:42+00:00
SAO_3731-10,São Paulo,3550308,True,,1028,,,-23.539874,-46.516463,,,,1,2023-06-14T08:21:52+00:00
SAO_3731-10,São Paulo,3550308,True,,1028,,,-23.539874,-46.516463,,,,1,2023-06-14T08:22:13+00:00
SAO_3731-10,São Paulo,3550308,True,,1028,,,-23.539874,-46.516463,,,,1,2023-06-14T08:21:34+00:00
SAO_3731-10,São Paulo,3550308,True,,1028,,,-23.539874,-46.516463,,,,1,2023-06-14T08:22:28+00:00
SAO_N308-11,São Paulo,3550308,True,,2342,,,-23.550130125,-46.606697499999996,,,,1,2023-06-14T08:24:01+00:00
SAO_2008-10,São Paulo,3550308,True,,33665,,,-23.513869999999997,-46.391301999999996,,,,2,2023-06-14T08:24:08+00:00
SAO_3761-10,São Paulo,3550308,True,,1051,,,-23.616859249999997,-46.4231815,,,,1,2023-06-14T08:23:39+00:00
SAO_3761-10,São Paulo,3550308,True,,1051,,,-23.616859249999997,-46.4231815,,,,1,2023-06-14T08:23:43+00:00
SAO_5107-10,São Paulo,3550308,True,,1659,,,-23.603496999999997,-46.602769,,,,1,2023-06-14T08:23:56+00:00
SAO_5107-10,São Paulo,3550308,True,,1659,,,-23.603473,-46.6026835,,,,1,2023-06-14T08:23:52+00:00
SAO_2014-10,São Paulo,3550308,True,Urubupungá,900,https://moovitapp.com/index/pt-br/transporte_p%C3%BAblico-line-900-Sao_Paulo-242-873835-496470-0,4.6,-23.457081000000002,-46.669748,,,,1,2023-06-14T08:23:34+00:00
SAO_2014-10,São Paulo,3550308,True,Urubupungá,900,https://moovitapp.com/index/pt-br/transporte_p%C3%BAblico-line-900-Sao_Paulo-242-873835-496470-0,4.6,-23.457081000000002,-46.669748,,,,1,2023-06-14T08:24:05+00:00
SAO_2014-10,São Paulo,3550308,True,Urubupungá,900,https://moovitapp.com/index/pt-br/transporte_p%C3%BAblico-line-900-Sao_Paulo-242-873835-496470-0,4.6,-23.457081000000002,-46.669748,,,,1,2023-06-14T08:23:27+00:00
SAO_2014-10,São Paulo,3550308,True,Urubupungá,900,https://moovitapp.com/index/pt-br/transporte_p%C3%BAblico-line-900-Sao_Paulo-242-873835-496470-0,4.6,-23.457081000000002,-46.669748,,,,1,2023-06-14T08:23:48+00:00
SAO_2014-10,São Paulo,3550308,True,Urubupungá,900,https://moovitapp.com/index/pt-br/transporte_p%C3%BAblico-line-900-Sao_Paulo-242-873835-496470-0,4.6,-23.457081000000002,-46.669748,,,,1,2023-06-14T08:23:38+00:00
SAO_2014-10,São Paulo,3550308,True,Urubupungá,900,https://moovitapp.com/index/pt-br/transporte_p%C3%BAblico-line-900-Sao_Paulo-242-873835-496470-0,4.6,-23.457081000000002,-46.669748,,,,1,2023-06-14T08:23:46+00:00
SAO_2014-10,São Paulo,3550308,True,Urubupungá,900,https://moovitapp.com/index/pt-br/transporte_p%C3%BAblico-line-900-Sao_Paulo-242-873835-496470-0,4.6,-23.457081000000002,-46.669748,,,,1,2023-06-14T08:23:56+00:00
SAO_2014-10,São Paulo,3550308,True,Urubupungá,900,https://moovitapp.com/index/pt-br/transporte_p%C3%BAblico-line-900-Sao_Paulo-242-873835-496470-0,4.6,-23.457081000000002,-46.669748,,,,1,2023-06-14T08:24:02+00:00
SAO_2014-10,São Paulo,3550308,True,Urubupungá,900,https://moovitapp.com/index/pt-br/transporte_p%C3%BAblico-line-900-Sao_Paulo-242-873835-496470-0,4.6,-23.457081000000002,-46.669748,,,,1,2023-06-14T08:23:41+00:00
SAO_2014-10,São Paulo,3550308,True,Urubupungá,900,https://moovitapp.com/index/pt-br/transporte_p%C3%BAblico-line-900-Sao_Paulo-242-873835-496470-0,4.6,-23.457081000000002,-46.669748,,,,1,2023-06-14T08:23:49+00:00
SAO_2014-10,São Paulo,3550308,True,Urubupungá,900,https://moovitapp.com/index/pt-br/transporte_p%C3%BAblico-line-900-Sao_Paulo-242-873835-496470-0,4.6,-23.457081000000002,-46.669748,,,,1,2023-06-14T08:23:45+00:00
SAO_2014-10,São Paulo,3550308,True,Urubupungá,900,https://moovitapp.com/index/pt-br/transporte_p%C3%BAblico-line-900-Sao_Paulo-242-873835-496470-0,4.6,-23.457081000000002,-46.669748,,,,1,2023-06-14T08:23:49+00:00
SAO_2014-10,São Paulo,3550308,True,Urubupungá,900,https://moovitapp.com/index/pt-br/transporte_p%C3%BAblico-line-900-Sao_Paulo-242-873835-496470-0,4.6,-23.457081000000002,-46.669748,,,,1,2023-06-14T08:23:42+00:00
SAO_2014-10,São Paulo,3550308,True,Urubupungá,900,https://moovitapp.com/index/pt-br/transporte_p%C3%BAblico-line-900-Sao_Paulo-242-873835-496470-0,4.6,-23.457081000000002,-46.669748,,,,1,2023-06-14T08:23:33+00:00
SAO_2014-10,São Paulo,3550308,True,Urubupungá,900,https://moovitapp.com/index/pt-br/transporte_p%C3%BAblico-line-900-Sao_Paulo-242-873835-496470-0,4.6,-23.457081000000002,-46.669748,,,,1,2023-06-14T08:23:32+00:00
SAO_2014-10,São Paulo,3550308,True,Urubupungá,900,https://moovitapp.com/index/pt-br/transporte_p%C3%BAblico-line-900-Sao_Paulo-242-873835-496470-0,4.6,-23.457081000000002,-46.669748,,,,1,2023-06-14T08:21:30+00:00
SAO_2014-10,São Paulo,3550308,True,Urubupungá,900,https://moovitapp.com/index/pt-br/transporte_p%C3%BAblico-line-900-Sao_Paulo-242-873835-496470-0,4.6,-23.457081000000002,-46.669748,,,,1,2023-06-14T08:24:03+00:00
SAO_2014-10,São Paulo,3550308,True,Urubupungá,900,https://moovitapp.com/index/pt-br/transporte_p%C3%BAblico-line-900-Sao_Paulo-242-873835-496470-0,4.6,-23.457081000000002,-46.669748,,,,1,2023-06-14T08:24:01+00:00
SAO_2014-10,São Paulo,3550308,True,Urubupungá,900,https://moovitapp.com/index/pt-br/transporte_p%C3%BAblico-line-900-Sao_Paulo-242-873835-496470-0,4.6,-23.457081000000002,-46.669748,,,,1,2023-06-14T08:23:45+00:00
SAO_2014-10,São Paulo,3550308,True,Urubupungá,900,https://moovitapp.com/index/pt-br/transporte_p%C3%BAblico-line-900-Sao_Paulo-242-873835-496470-0,4.6,-23.457081000000002,-46.669748,,,,1,2023-06-14T08:24:08+00:00
SAO_2014-10,São Paulo,3550308,True,Urubupungá,900,https://moovitapp.com/index/pt-br/transporte_p%C3%BAblico-line-900-Sao_Paulo-242-873835-496470-0,4.6,-23.457081000000002,-46.669748,,,,1,2023-06-14T08:23:35+00:00
SAO_2014-10,São Paulo,3550308,True,Urubupungá,900,https://moovitapp.com/index/pt-br/transporte_p%C3%BAblico-line-900-Sao_Paulo-242-873835-496470-0,4.6,-23.457081000000002,-46.669748,,,,1,2023-06-14T08:24:06+00:00
SAO_2014-10,São Paulo,3550308,True,Urubupungá,900,https://moovitapp.com/index/pt-br/transporte_p%C3%BAblico-line-900-Sao_Paulo-242-873835-496470-0,4.6,-23.457081000000002,-46.669748,,,,1,2023-06-14T08:23:48+00:00
SAO_6075-10,São Paulo,3550308,True,,33930,,,-23.797689499999997,-46.7382825,,,,2,2023-06-14T08:23:32+00:00
SAO_6075-10,São Paulo,3550308,True,,33930,,,-23.797689499999997,-46.7382825,,,,2,2023-06-14T08:23:50+00:00
SAO_6075-10,São Paulo,3550308,True,,33930,,,-23.797689499999997,-46.7382825,,,,2,2023-06-14T08:23:55+00:00
SAO_6075-10,São Paulo,3550308,True,,33930,,,-23.797689499999997,-46.7382825,,,,2,2023-06-14T08:23:25+00:00
SAO_6075-10,São Paulo,3550308,True,,33930,,,-23.797689499999997,-46.7382825,,,,2,2023-06-14T08:23:28+00:00
SAO_875C-10,São Paulo,3550308,True,,33246,,,-23.520992749999998,-46.699836,,,,2,2023-06-14T08:23:55+00:00
SAO_778R-10,São Paulo,3550308,True,EMTU,509,https://moovitapp.com/index/pt-br/transporte_p%C3%BAblico-line-509-Sao_Paulo-242-2038937-36419531-0,4.95,-23.5848545,-46.8072555,,,,1,2023-06-14T08:23:59+00:00
SAO_675P-10,São Paulo,3550308,True,STT,275,https://moovitapp.com/index/pt-br/transporte_p%C3%BAblico-line-275-Sao_Paulo-242-850661-183275-0,5.3,-23.6468385,-46.645112,,,,1,2023-06-14T08:23:59+00:00
SAO_675P-10,São Paulo,3550308,True,STT,275,https://moovitapp.com/index/pt-br/transporte_p%C3%BAblico-line-275-Sao_Paulo-242-850661-183275-0,5.3,-23.6468385,-46.645112,,,,1,2023-06-14T08:23:35+00:00
SAO_2766-10,São Paulo,3550308,True,,33173,,,-23.5425775,-46.4719335,,,,2,2023-06-14T08:23:24+00:00
SAO_2766-10,São Paulo,3550308,True,,33173,,,-23.5425775,-46.4719335,,,,2,2023-06-14T08:23:53+00:00
SAO_2766-10,São Paulo,3550308,True,,33173,,,-23.5425775,-46.4719335,,,,2,2023-06-14T08:23:42+00:00
SAO_2766-10,São Paulo,3550308,True,,33173,,,-23.5425775,-46.4719335,,,,2,2023-06-14T08:23:53+00:00
SAO_2766-10,São Paulo,3550308,True,,33173,,,-23.51798475,-46.3882325,,,,2,2023-06-14T08:24:00+00:00
SAO_2766-10,São Paulo,3550308,True,,33173,,,-23.5425775,-46.4719335,,,,2,2023-06-14T08:23:11+00:00
SAO_2766-10,São Paulo,3550308,True,,33173,,,-23.5425775,-46.4719335,,,,2,2023-06-14T08:24:01+00:00
SAO_2766-10,São Paulo,3550308,True,,33173,,,-23.5425775,-46.4719335,,,,2,2023-06-14T08:24:06+00:00
SAO_2766-10,São Paulo,3550308,True,,33173,,,-23.5425775,-46.4719335,,,,2,2023-06-14T08:23:55+00:00
SAO_2766-10,São Paulo,3550308,True,,33173,,,-23.51828025,-46.3879975,,,,2,2023-06-14T08:23:41+00:00
SAO_2766-10,São Paulo,3550308,True,,33173,,,-23.5425775,-46.4719335,,,,2,2023-06-14T08:23:35+00:00
SAO_2766-10,São Paulo,3550308,True,,33173,,,-23.5425775,-46.4719335,,,,2,2023-06-14T08:23:55+00:00
SAO_971D-10,São Paulo,3550308,True,,709,,,-23.4870165,-46.645469,,,,1,2023-06-14T08:23:55+00:00
SAO_N506-11,São Paulo,3550308,True,,35148,,,-23.60226325,-46.610352750000004,,,,2,2023-06-14T08:23:51+00:00
SAO_702C-10,São Paulo,3550308,True,,33253,,,-23.5660495,-46.752187,,,,2,2023-06-14T08:19:47+00:00
SAO_702C-10,São Paulo,3550308,True,,33253,,,-23.543779999999998,-46.642054,,,,2,2023-06-14T08:24:06+00:00
SAO_9011-21,São Paulo,3550308,True,,1768,,,-23.4547945,-46.738510500000004,,,,1,2023-06-14T07:52:41+00:00
SAO_9011-21,São Paulo,3550308,True,,1768,,,-23.4547945,-46.738510500000004,,,,1,2023-06-14T08:23:28+00:00
SAO_9011-21,São Paulo,3550308,True,,1768,,,-23.4547945,-46.738510500000004,,,,1,2023-06-14T08:23:42+00:00
SAO_9011-21,São Paulo,3550308,True,,1768,,,-23.4547945,-46.738510500000004,,,,1,2023-06-14T08:23:49+00:00
SAO_9011-21,São Paulo,3550308,True,,1768,,,-23.4547945,-46.738510500000004,,,,1,2023-06-14T08:24:02+00:00
SAO_9011-21,São Paulo,3550308,True,,1768,,,-23.4547945,-46.738510500000004,,,,1,2023-06-14T08:23:34+00:00
SAO_875C-10,São Paulo,3550308,True,EMTU,478,https://moovitapp.com/index/pt-br/transporte_p%C3%BAblico-line-478-Sao_Paulo-242-2038937-36419510-0,6.25,-23.5201835,-46.699305499999994,,,,1,2023-06-14T08:23:49+00:00
SAO_875C-10,São Paulo,3550308,True,EMTU,478,https://moovitapp.com/index/pt-br/transporte_p%C3%BAblico-line-478-Sao_Paulo-242-2038937-36419510-0,6.25,-23.52012,-46.6994665,,,,1,2023-06-14T08:24:05+00:00
SAO_875C-10,São Paulo,3550308,True,EMTU,478,https://moovitapp.com/index/pt-br/transporte_p%C3%BAblico-line-478-Sao_Paulo-242-2038937-36419510-0,6.25,-23.52012,-46.6994665,,,,1,2023-06-14T08:23:25+00:00
SAO_875C-10,São Paulo,3550308,True,EMTU,478,https://moovitapp.com/index/pt-br/transporte_p%C3%BAblico-line-478-Sao_Paulo-242-2038937-36419510-0,6.25,-23.52012,-46.6994665,,,,1,2023-06-14T08:23:35+00:00
SAO_875C-10,São Paulo,3550308,True,EMTU,478,https://moovitapp.com/index/pt-br/transporte_p%C3%BAblico-line-478-Sao_Paulo-242-2038937-36419510-0,6.25,-23.5201835,-46.699305499999994,,,,1,2023-06-14T08:23:51+00:00
SAO_875C-10,São Paulo,3550308,True,EMTU,478,https://moovitapp.com/index/pt-br/transporte_p%C3%BAblico-line-478-Sao_Paulo-242-2038937-36419510-0,6.25,-23.52012,-46.6994665,,,,1,2023-06-14T08:18:42+00:00
SAO_6818-10,São Paulo,3550308,True,BR7 Mobilidade,28,https://moovitapp.com/index/pt-br/transporte_p%C3%BAblico-line-28-Sao_Paulo-242-851856-596008-0,5.75,-23.655842999999997,-46.7727765,,,,1,2023-06-14T08:23:25+00:00
SAO_6818-10,São Paulo,3550308,True,BR7 Mobilidade,28,https://moovitapp.com/index/pt-br/transporte_p%C3%BAblico-line-28-Sao_Paulo-242-851856-596008-0,5.75,-23.655842999999997,-46.7727765,,,,1,2023-06-14T08:23:24+00:00
SAO_6818-10,São Paulo,3550308,True,BR7 Mobilidade,28,https://moovitapp.com/index/pt-br/transporte_p%C3%BAblico-line-28-Sao_Paulo-242-851856-596008-0,5.75,-23.655842999999997,-46.7727765,,,,1,2023-06-14T08:23:38+00:00
SAO_N138-11,São Paulo,3550308,True,,35062,,,-23.452478499999998,-46.692305,,,,2,2023-06-14T08:23:37+00:00
SAO_637P-10,São Paulo,3550308,True,,47,,,-23.6541465,-46.711351,,,,1,2023-06-14T08:23:36+00:00
SAO_6L01-10,São Paulo,3550308,True,,33939,,,-23.90679,-46.708217000000005,,,,2,2023-06-14T08:23:53+00:00
SAO_6L01-10,São Paulo,3550308,True,,33939,,,-23.90679,-46.708217000000005,,,,2,2023-06-14T08:24:03+00:00
SAO_6L01-10,São Paulo,3550308,True,,33939,,,-23.90679,-46.708217000000005,,,,2,2023-06-14T08:23:44+00:00
SAO_6L01-10,São Paulo,3550308,True,,33939,,,-23.90679,-46.708217000000005,,,,2,2023-06-14T08:23:25+00:00
SAO_6L01-10,São Paulo,3550308,True,,33939,,,-23.90679,-46.708217000000005,,,,2,2023-06-14T08:23:41+00:00
SAO_6L01-10,São Paulo,3550308,True,,33939,,,-23.90679,-46.708217000000005,,,,2,2023-06-14T08:23:39+00:00
SAO_6L01-10,São Paulo,3550308,True,,33939,,,-23.90679,-46.708217000000005,,,,2,2023-06-14T08:24:01+00:00
SAO_6L01-10,São Paulo,3550308,True,,33939,,,-23.899868249999997,-46.72004,,,,2,2023-06-14T08:23:25+00:00
SAO_6L01-10,São Paulo,3550308,True,,33939,,,-23.90679,-46.708217000000005,,,,2,2023-06-14T08:23:41+00:00
SAO_6L01-10,São Paulo,3550308,True,,33939,,,-23.90679,-46.708217000000005,,,,2,2023-06-14T08:24:06+00:00
SAO_5757-51,São Paulo,3550308,True,,34744,,,-23.635112499999998,-46.640995000000004,,,,2,2023-06-14T08:22:40+00:00
SAO_5757-51,São Paulo,3550308,True,,34744,,,-23.635112499999998,-46.640995000000004,,,,2,2023-06-14T08:23:24+00:00
SAO_5757-51,São Paulo,3550308,True,,34744,,,-23.635112499999998,-46.640995000000004,,,,2,2023-06-14T08:23:46+00:00
SAO_5757-51,São Paulo,3550308,True,,34744,,,-23.635112499999998,-46.640995000000004,,,,2,2023-06-14T08:23:23+00:00
SAO_5757-51,São Paulo,3550308,True,,34744,,,-23.635112499999998,-46.640995000000004,,,,2,2023-06-14T08:23:20+00:00
SAO_5757-51,São Paulo,3550308,True,,34744,,,-23.635112499999998,-46.640995000000004,,,,2,2023-06-14T08:22:16+00:00
SAO_5757-51,São Paulo,3550308,True,,34744,,,-23.635112499999998,-46.640995000000004,,,,2,2023-06-14T08:23:44+00:00
SAO_5757-51,São Paulo,3550308,True,,34744,,,-23.635112499999998,-46.640995000000004,,,,2,2023-06-14T08:23:26+00:00
SAO_5757-51,São Paulo,3550308,True,,34744,,,-23.635112499999998,-46.640995000000004,,,,2,2023-06-14T08:23:30+00:00
SAO_5757-51,São Paulo,3550308,True,,34744,,,-23.635112499999998,-46.640995000000004,,,,2,2023-06-14T08:18:55+00:00
SAO_5757-51,São Paulo,3550308,True,,34744,,,-23.635112499999998,-46.640995000000004,,,,2,2023-06-14T08:23:45+00:00
SAO_5757-51,São Paulo,3550308,True,,34744,,,-23.635112499999998,-46.640995000000004,,,,2,2023-06-14T08:22:39+00:00
SAO_5757-51,São Paulo,3550308,True,,34744,,,-23.635112499999998,-46.640995000000004,,,,2,2023-06-14T08:22:40+00:00
SAO_5757-51,São Paulo,3550308,True,,34744,,,-23.635112499999998,-46.640995000000004,,,,2,2023-06-14T08:23:56+00:00
SAO_5757-51,São Paulo,3550308,True,,34744,,,-23.635112499999998,-46.640995000000004,,,,2,2023-06-14T08:23:00+00:00
SAO_N640-11,São Paulo,3550308,True,,35173,,,-23.662496,-46.692569500000005,,,,2,2023-06-14T08:22:47+00:00
SAO_208V-10,São Paulo,3550308,True,,32975,,,-23.518814499999998,-46.475541,,,,2,2023-06-14T08:23:40+00:00
SAO_208V-10,São Paulo,3550308,True,,32975,,,-23.5476865,-46.6292585,,,,2,2023-06-14T08:23:34+00:00
SAO_208V-10,São Paulo,3550308,True,,32975,,,-23.5476865,-46.6292585,,,,2,2023-06-14T08:23:48+00:00
SAO_208V-10,São Paulo,3550308,True,,32975,,,-23.5476865,-46.6292585,,,,2,2023-06-14T08:23:16+00:00
SAO_208V-10,São Paulo,3550308,True,,32975,,,-23.518022000000002,-46.475695,,,,2,2023-06-14T08:23:50+00:00
SAO_208V-10,São Paulo,3550308,True,,32975,,,-23.5476865,-46.6292585,,,,2,2023-06-14T08:23:57+00:00
SAO_208V-10,São Paulo,3550308,True,,32975,,,-23.5476865,-46.6292585,,,,2,2023-06-14T08:23:44+00:00
SAO_208V-10,São Paulo,3550308,True,,32975,,,-23.5184535,-46.475611,,,,2,2023-06-14T08:23:26+00:00
SAO_208V-10,São Paulo,3550308,True,,32975,,,-23.5476865,-46.6292585,,,,2,2023-06-14T08:23:55+00:00
SAO_208V-10,São Paulo,3550308,True,,32975,,,-23.5476865,-46.6292585,,,,2,2023-06-14T08:23:51+00:00
SAO_208V-10,São Paulo,3550308,True,,32975,,,-23.5476865,-46.6292585,,,,2,2023-06-14T08:23:38+00:00
SAO_208V-10,São Paulo,3550308,True,,32975,,,-23.5476865,-46.6292585,,,,2,2023-06-14T08:23:37+00:00
SAO_208V-10,São Paulo,3550308,True,,32975,,,-23.518814499999998,-46.475541,,,,2,2023-06-14T08:23:35+00:00
SAO_208V-10,São Paulo,3550308,True,,32975,,,-23.5476865,-46.6292585,,,,2,2023-06-14T08:23:58+00:00
SAO_5164-21,São Paulo,3550308,True,,1616,,,-23.646586749999997,-46.645936000000006,,,,1,2023-06-14T08:23:28+00:00
SAO_5164-21,São Paulo,3550308,True,,1616,,,-23.6461105,-46.6469465,,,,1,2023-06-14T08:23:39+00:00
SAO_5164-21,São Paulo,3550308,True,,1616,,,-23.646586749999997,-46.645936000000006,,,,1,2023-06-14T08:23:32+00:00
SAO_5164-21,São Paulo,3550308,True,,1616,,,-23.646586749999997,-46.645936000000006,,,,1,2023-06-14T08:23:53+00:00
SAO_5164-21,São Paulo,3550308,True,,1616,,,-23.6461105,-46.6469465,,,,1,2023-06-14T08:23:49+00:00
SAO_5164-21,São Paulo,3550308,True,,1616,,,-23.6464495,-46.646234750000005,,,,1,2023-06-14T08:23:46+00:00
SAO_5164-21,São Paulo,3550308,True,,1616,,,-23.646586749999997,-46.645936000000006,,,,1,2023-06-14T08:23:57+00:00
SAO_576C-10,São Paulo,3550308,True,,34058,,,-23.6466305,-46.6450555,,,,2,2023-06-14T08:23:46+00:00
SAO_576C-10,São Paulo,3550308,True,,34058,,,-23.646406,-46.644999,,,,2,2023-06-14T08:24:05+00:00
SAO_6000-10,São Paulo,3550308,True,,1140,,,-23.7582485,-46.7147595,,,,1,2023-06-14T08:21:29+00:00
SAO_4709-10,São Paulo,3550308,True,,333,,,-23.653377,-46.6069295,,,,1,2023-06-14T08:24:03+00:00
SAO_4709-10,São Paulo,3550308,True,,333,,,-23.653377,-46.6069295,,,,1,2023-06-14T08:23:48+00:00
SAO_6091-10,São Paulo,3550308,True,,33943,,,-23.8341885,-46.7224095,,,,2,2023-06-14T08:23:51+00:00
SAO_7062-10,São Paulo,3550308,True,,34666,,,-23.646132,-46.7723025,,,,2,2023-06-14T08:24:03+00:00
SAO_7062-10,São Paulo,3550308,True,,34666,,,-23.646465,-46.772504,,,,2,2023-06-14T08:23:33+00:00
SAO_7062-10,São Paulo,3550308,True,,34666,,,-23.646132,-46.7723025,,,,2,2023-06-14T08:23:24+00:00
SAO_7062-10,São Paulo,3550308,True,,34666,,,-23.6459635,-46.772086,,,,2,2023-06-14T08:23:45+00:00
SAO_6091-10,São Paulo,3550308,True,,1175,,,-23.84624025,-46.71623925,,,,1,2023-06-14T08:23:53+00:00
SAO_374V-10,São Paulo,3550308,True,,1647,,,-23.526107250000003,-46.4522605,,,,1,2023-06-14T08:23:35+00:00
SAO_374V-10,São Paulo,3550308,True,,1647,,,-23.526107250000003,-46.4522605,,,,1,2023-06-14T08:23:46+00:00
SAO_374V-10,São Paulo,3550308,True,,1647,,,-23.5263255,-46.452581,,,,1,2023-06-14T08:23:32+00:00
SAO_7052-10,São Paulo,3550308,True,,34654,,,-23.6525575,-46.773193,,,,2,2023-06-14T08:23:49+00:00
SAO_7052-10,São Paulo,3550308,True,,34654,,,-23.6533545,-46.773467,,,,2,2023-06-14T08:23:51+00:00
SAO_7052-10,São Paulo,3550308,True,,34654,,,-23.652754,-46.773064500000004,,,,2,2023-06-14T08:23:54+00:00
SAO_N701-11,São Paulo,3550308,True,,35174,,,-23.5389835,-46.6357835,,,,2,2023-06-14T08:23:52+00:00
SAO_N701-11,São Paulo,3550308,True,,35174,,,-23.646549812499998,-46.70300625,,,,2,2023-06-14T08:21:27+00:00
SAO_N402-11,São Paulo,3550308,True,,35126,,,-23.552771999999997,-46.4631605,,,,2,2023-06-14T08:20:50+00:00
SAO_N402-11,São Paulo,3550308,True,,35126,,,-23.5585995,-46.5228375,,,,2,2023-06-14T08:23:50+00:00
SAO_N802-11,São Paulo,3550308,True,,2429,,,-23.5693035,-46.672194000000005,,,,1,2023-06-14T08:24:01+00:00
SAO_3746-10,São Paulo,3550308,True,,33051,,,-23.542912,-46.588283000000004,,,,2,2023-06-14T08:23:24+00:00
SAO_3746-10,São Paulo,3550308,True,,33051,,,-23.542912,-46.588283000000004,,,,2,2023-06-14T08:23:54+00:00
SAO_3746-10,São Paulo,3550308,True,,33051,,,-23.542912,-46.588283000000004,,,,2,2023-06-14T08:23:53+00:00
SAO_3746-10,São Paulo,3550308,True,,33051,,,-23.542912,-46.588283000000004,,,,2,2023-06-14T08:23:47+00:00
SAO_3746-10,São Paulo,3550308,True,,33051,,,-23.542912,-46.588283000000004,,,,2,2023-06-14T08:23:58+00:00
SAO_3746-10,São Paulo,3550308,True,,33051,,,-23.542912,-46.588283000000004,,,,2,2023-06-14T08:23:28+00:00
SAO_3746-10,São Paulo,3550308,True,,33051,,,-23.542912,-46.588283000000004,,,,2,2023-06-14T08:20:56+00:00
SAO_475R-10,São Paulo,3550308,True,,33112,,,-23.5470345,-46.6298525,,,,2,2023-06-14T08:23:58+00:00
SAO_475R-10,São Paulo,3550308,True,,33112,,,-23.5470345,-46.6298525,,,,2,2023-06-14T08:23:28+00:00
SAO_475R-10,São Paulo,3550308,True,,33112,,,-23.5470345,-46.6298525,,,,2,2023-06-14T08:23:23+00:00
SAO_475R-10,São Paulo,3550308,True,,33112,,,-23.5470345,-46.6298525,,,,2,2023-06-14T08:23:37+00:00
SAO_475R-10,São Paulo,3550308,True,,33112,,,-23.5470345,-46.6298525,,,,2,2023-06-14T08:23:52+00:00
SAO_475R-10,São Paulo,3550308,True,,33112,,,-23.5470345,-46.6298525,,,,2,2023-06-14T08:23:36+00:00
SAO_475R-10,São Paulo,3550308,True,,33112,,,-23.5470345,-46.6298525,,,,2,2023-06-14T08:23:23+00:00
SAO_475R-10,São Paulo,3550308,True,,33112,,,-23.5470345,-46.6298525,,,,2,2023-06-14T08:23:31+00:00
SAO_475R-10,São Paulo,3550308,True,,33112,,,-23.5470345,-46.6298525,,,,2,2023-06-14T08:21:33+00:00
SAO_475R-10,São Paulo,3550308,True,,33112,,,-23.5470345,-46.6298525,,,,2,2023-06-14T08:23:27+00:00
SAO_475R-10,São Paulo,3550308,True,,33112,,,-23.5470345,-46.6298525,,,,2,2023-06-14T08:23:49+00:00
SAO_475R-10,São Paulo,3550308,True,,33112,,,-23.5470345,-46.6298525,,,,2,2023-06-14T08:22:41+00:00
SAO_475R-10,São Paulo,3550308,True,,33112,,,-23.5470345,-46.6298525,,,,2,2023-06-14T08:23:27+00:00
SAO_475R-10,São Paulo,3550308,True,,33112,,,-23.5470345,-46.6298525,,,,2,2023-06-14T08:23:51+00:00
SAO_475R-10,São Paulo,3550308,True,,33112,,,-23.5470345,-46.6298525,,,,2,2023-06-14T08:23:22+00:00
SAO_475R-10,São Paulo,3550308,True,,33112,,,-23.5470345,-46.6298525,,,,2,2023-06-14T08:22:40+00:00
SAO_475R-10,São Paulo,3550308,True,,33112,,,-23.5470345,-46.6298525,,,,2,2023-06-14T08:22:15+00:00
SAO_475R-10,São Paulo,3550308,True,,33112,,,-23.5470345,-46.6298525,,,,2,2023-06-14T08:23:44+00:00
SAO_6063-43,São Paulo,3550308,True,,35248,,,-23.8149625,-46.669669,,,,2,2023-06-14T08:23:56+00:00
SAO_6063-43,São Paulo,3550308,True,,35248,,,-23.766963,-46.71622,,,,2,2023-06-14T08:24:08+00:00
SAO_6063-43,São Paulo,3550308,True,,35248,,,-23.8149625,-46.669669,,,,2,2023-06-14T08:23:28+00:00
SAO_6036-10,São Paulo,3550308,True,,33982,,,-23.65385975,-46.79008575,,,,2,2023-06-14T08:23:46+00:00
SAO_6036-10,São Paulo,3550308,True,,33982,,,-23.65385975,-46.79008575,,,,2,2023-06-14T08:23:53+00:00
SAO_6036-10,São Paulo,3550308,True,,33982,,,-23.6497485,-46.7062485,,,,2,2023-06-14T08:23:32+00:00
SAO_6036-10,São Paulo,3550308,True,,33982,,,-23.65385975,-46.79008575,,,,2,2023-06-14T08:22:05+00:00
SAO_6036-10,São Paulo,3550308,True,,33982,,,-23.65385975,-46.79008575,,,,2,2023-06-14T08:23:28+00:00
SAO_6036-10,São Paulo,3550308,True,,33982,,,-23.6539115,-46.789851999999996,,,,2,2023-06-14T08:23:57+00:00
SAO_6036-10,São Paulo,3550308,True,,33982,,,-23.6538115,-46.789655499999995,,,,2,2023-06-14T08:23:58+00:00
SAO_N206-11,São Paulo,3550308,True,,2316,,,-23.492199999999997,-46.625976,,,,1,2023-06-14T08:23:59+00:00
SAO_N206-11,São Paulo,3550308,True,,2316,,,-23.524375499999998,-46.671223499999996,,,,1,2023-06-14T08:23:45+00:00
SAO_372F-10,São Paulo,3550308,True,,1015,,,-23.546568,-46.605794,,,,1,2023-06-14T08:23:42+00:00
SAO_6028-10,São Paulo,3550308,True,,1211,,,-23.702326,-46.744178000000005,,,,1,2023-06-14T08:23:35+00:00
SAO_6028-10,São Paulo,3550308,True,,1211,,,-23.702326,-46.744178000000005,,,,1,2023-06-14T08:23:48+00:00
SAO_5127-10,São Paulo,3550308,True,,33895,,,-23.677825,-46.701614500000005,,,,2,2023-06-14T08:23:14+00:00
SAO_5127-10,São Paulo,3550308,True,,33895,,,-23.677825,-46.701614500000005,,,,2,2023-06-14T08:22:36+00:00
SAO_5127-10,São Paulo,3550308,True,,33895,,,-23.677825,-46.701614500000005,,,,2,2023-06-14T08:23:24+00:00
SAO_5127-10,São Paulo,3550308,True,,33895,,,-23.677825,-46.701614500000005,,,,2,2023-06-14T08:23:47+00:00
SAO_5127-10,São Paulo,3550308,True,,33895,,,-23.677825,-46.701614500000005,,,,2,2023-06-14T08:21:49+00:00
SAO_5127-10,São Paulo,3550308,True,,33895,,,-23.677825,-46.701614500000005,,,,2,2023-06-14T08:23:54+00:00
SAO_5127-10,São Paulo,3550308,True,,33895,,,-23.677825,-46.701614500000005,,,,2,2023-06-14T08:22:42+00:00
SAO_5127-10,São Paulo,3550308,True,,33895,,,-23.677825,-46.701614500000005,,,,2,2023-06-14T08:24:06+00:00
SAO_5127-10,São Paulo,3550308,True,,33895,,,-23.677825,-46.701614500000005,,,,2,2023-06-14T08:21:55+00:00
SAO_5127-10,São Paulo,3550308,True,,33895,,,-23.677825,-46.701614500000005,,,,2,2023-06-14T08:23:28+00:00
SAO_5127-10,São Paulo,3550308,True,,33895,,,-23.677825,-46.701614500000005,,,,2,2023-06-14T08:23:36+00:00
SAO_5127-10,São Paulo,3550308,True,,33895,,,-23.677825,-46.701614500000005,,,,2,2023-06-14T08:22:37+00:00
SAO_5127-10,São Paulo,3550308,True,,33895,,,-23.677825,-46.701614500000005,,,,2,2023-06-14T08:23:09+00:00
SAO_N201-11,São Paulo,3550308,True,,35079,,,-23.502792,-46.573867,,,,2,2023-06-14T08:23:44+00:00
SAO_N406-11,São Paulo,3550308,True,,35130,,,-23.6058875,-46.47122,,,,2,2023-06-14T08:23:47+00:00
SAO_N702-11,São Paulo,3550308,True,,35175,,,-23.547731,-46.6300275,,,,2,2023-06-14T08:23:51+00:00
SAO_N702-11,São Paulo,3550308,True,,35175,,,-23.5517905,-46.6373745,,,,2,2023-06-14T08:23:46+00:00
SAO_N745-11,São Paulo,3550308,True,,2426,,,-23.632000499999997,-46.771926,,,,1,2023-06-14T08:23:31+00:00
SAO_9011-10,São Paulo,3550308,True,,878,,,-23.45467,-46.738116000000005,,,,1,2023-06-14T08:21:38+00:00
SAO_9011-10,São Paulo,3550308,True,,878,,,-23.45467,-46.738116000000005,,,,1,2023-06-14T08:23:27+00:00
SAO_9011-10,São Paulo,3550308,True,,878,,,-23.45467,-46.738116000000005,,,,1,2023-06-14T08:23:39+00:00
SAO_9011-10,São Paulo,3550308,True,,878,,,-23.45467,-46.738116000000005,,,,1,2023-06-14T08:23:26+00:00
SAO_9011-10,São Paulo,3550308,True,,878,,,-23.45467,-46.738116000000005,,,,1,2023-06-14T08:23:46+00:00
SAO_9011-10,São Paulo,3550308,True,,878,,,-23.45467,-46.738116000000005,,,,1,2023-06-14T08:21:58+00:00
SAO_9011-10,São Paulo,3550308,True,,878,,,-23.45467,-46.738116000000005,,,,1,2023-06-14T08:23:56+00:00
SAO_9011-10,São Paulo,3550308,True,,878,,,-23.45467,-46.738116000000005,,,,1,2023-06-14T08:23:21+00:00
SAO_9011-10,São Paulo,3550308,True,,878,,,-23.45467,-46.738116000000005,,,,1,2023-06-14T08:24:02+00:00
SAO_9011-10,São Paulo,3550308,True,,878,,,-23.45467,-46.738116000000005,,,,1,2023-06-14T08:23:36+00:00
SAO_9011-10,São Paulo,3550308,True,,878,,,-23.45467,-46.738116000000005,,,,1,2023-06-14T08:23:54+00:00
SAO_9011-10,São Paulo,3550308,True,,878,,,-23.45467,-46.738116000000005,,,,1,2023-06-14T08:22:44+00:00
SAO_1177-10,São Paulo,3550308,True,,32897,,,-23.5361185,-46.632417000000004,,,,2,2023-06-14T08:23:52+00:00
SAO_1177-10,São Paulo,3550308,True,,32897,,,-23.5361185,-46.632417000000004,,,,2,2023-06-14T08:24:06+00:00
SAO_1177-10,São Paulo,3550308,True,,32897,,,-23.5361185,-46.632417000000004,,,,2,2023-06-14T08:23:54+00:00
SAO_1177-10,São Paulo,3550308,True,,32897,,,-23.5361185,-46.632417000000004,,,,2,2023-06-14T08:23:42+00:00
SAO_1177-10,São Paulo,3550308,True,,32897,,,-23.5361185,-46.632417000000004,,,,2,2023-06-14T08:23:54+00:00
SAO_1177-10,São Paulo,3550308,True,,32897,,,-23.5361185,-46.632417000000004,,,,2,2023-06-14T08:23:34+00:00
SAO_1177-10,São Paulo,3550308,True,,32897,,,-23.5361185,-46.632417000000004,,,,2,2023-06-14T08:23:48+00:00
SAO_4053-10,São Paulo,3550308,True,,34914,,,-23.55280925,-46.3944755,,,,2,2023-06-14T08:23:49+00:00
SAO_2704-10,São Paulo,3550308,True,,916,,,-23.520108,-46.4194075,,,,1,2023-06-14T08:24:01+00:00
SAO_2704-10,São Paulo,3550308,True,,916,,,-23.5198535,-46.41966,,,,1,2023-06-14T08:24:04+00:00
SAO_2704-10,São Paulo,3550308,True,,916,,,-23.526659000000002,-46.409887999999995,,,,1,2023-06-14T08:22:10+00:00
SAO_3751-10,São Paulo,3550308,True,,1047,,,-23.569356,-46.4108985,,,,1,2023-06-14T08:23:25+00:00
SAO_3751-10,São Paulo,3550308,True,,1047,,,-23.569356,-46.4108985,,,,1,2023-06-14T08:24:09+00:00
SAO_3751-10,São Paulo,3550308,True,,1047,,,-23.569356,-46.4108985,,,,1,2023-06-14T08:23:48+00:00
SAO_3751-10,São Paulo,3550308,True,,1047,,,-23.569356,-46.4108985,,,,1,2023-06-14T08:23:50+00:00
SAO_3751-10,São Paulo,3550308,True,,1047,,,-23.569356,-46.4108985,,,,1,2023-06-14T08:23:25+00:00
SAO_2712-10,São Paulo,3550308,True,,926,,,-23.5402495,-46.4829455,,,,1,2023-06-14T08:23:30+00:00
SAO_2712-10,São Paulo,3550308,True,,926,,,-23.5417755,-46.481241999999995,,,,1,2023-06-14T08:23:50+00:00
SAO_2712-10,São Paulo,3550308,True,,926,,,-23.5415095,-46.482025,,,,1,2023-06-14T08:23:58+00:00
SAO_2712-10,São Paulo,3550308,True,,926,,,-23.5407195,-46.482772499999996,,,,1,2023-06-14T08:23:31+00:00
SAO_2712-10,São Paulo,3550308,True,,926,,,-23.5410635,-46.482572000000005,,,,1,2023-06-14T08:23:57+00:00
SAO_2712-10,São Paulo,3550308,True,,926,,,-23.5407195,-46.482772499999996,,,,1,2023-06-14T08:23:35+00:00
SAO_2712-10,São Paulo,3550308,True,,926,,,-23.5404755,-46.4828995,,,,1,2023-06-14T08:23:28+00:00
SAO_6200-10,São Paulo,3550308,True,,355,,,-23.654618,-46.715665,,,,1,2023-06-14T08:23:58+00:00
SAO_6200-10,São Paulo,3550308,True,,355,,,-23.654531499999997,-46.715275500000004,,,,1,2023-06-14T08:23:51+00:00
SAO_3013-10,São Paulo,3550308,True,,954,,,-23.582969,-46.407816499999996,,,,1,2023-06-14T08:23:55+00:00
SAO_6840-10,São Paulo,3550308,True,EMTU,201,https://moovitapp.com/index/pt-br/transporte_p%C3%BAblico-line-201-Sao_Paulo-242-2038937-58093160-0,20.4,-23.7317975,-46.7861475,,,,1,2023-06-14T08:24:03+00:00
SAO_6840-10,São Paulo,3550308,True,EMTU,201,https://moovitapp.com/index/pt-br/transporte_p%C3%BAblico-line-201-Sao_Paulo-242-2038937-58093160-0,20.4,-23.7320815,-46.786311,,,,1,2023-06-14T08:23:31+00:00
SAO_6840-10,São Paulo,3550308,True,EMTU,201,https://moovitapp.com/index/pt-br/transporte_p%C3%BAblico-line-201-Sao_Paulo-242-2038937-58093160-0,20.4,-23.7320815,-46.786311,,,,1,2023-06-14T08:23:54+00:00
SAO_6840-10,São Paulo,3550308,True,EMTU,201,https://moovitapp.com/index/pt-br/transporte_p%C3%BAblico-line-201-Sao_Paulo-242-2038937-58093160-0,20.4,-23.7317975,-46.7861475,,,,1,2023-06-14T08:23:22+00:00
SAO_6840-10,São Paulo,3550308,True,EMTU,201,https://moovitapp.com/index/pt-br/transporte_p%C3%BAblico-line-201-Sao_Paulo-242-2038937-58093160-0,20.4,-23.7317975,-46.7861475,,,,1,2023-06-14T08:24:04+00:00
SAO_6840-10,São Paulo,3550308,True,EMTU,201,https://moovitapp.com/index/pt-br/transporte_p%C3%BAblico-line-201-Sao_Paulo-242-2038937-58093160-0,20.4,-23.7317975,-46.7861475,,,,1,2023-06-14T08:24:06+00:00
SAO_3785-10,São Paulo,3550308,True,,1063,,,-23.591207,-46.394471,,,,1,2023-06-14T08:23:49+00:00
SAO_3785-10,São Paulo,3550308,True,,1063,,,-23.5629695,-46.44609975,,,,1,2023-06-14T08:24:06+00:00
SAO_6010-10,São Paulo,3550308,True,,33970,,,-23.6938785,-46.7945825,,,,2,2023-06-14T08:23:53+00:00
SAO_6010-10,São Paulo,3550308,True,,33970,,,-23.667592,-46.7354985,,,,2,2023-06-14T08:24:09+00:00
SAO_6010-10,São Paulo,3550308,True,,33970,,,-23.667592,-46.7354985,,,,2,2023-06-14T08:23:55+00:00
SAO_6010-10,São Paulo,3550308,True,,33970,,,-23.693738000000003,-46.794335000000004,,,,2,2023-06-14T08:23:26+00:00
SAO_6010-10,São Paulo,3550308,True,,33970,,,-23.6938785,-46.7945825,,,,2,2023-06-14T08:23:56+00:00
SAO_6010-10,São Paulo,3550308,True,,33970,,,-23.693805,-46.7944445,,,,2,2023-06-14T08:18:14+00:00
SAO_6010-10,São Paulo,3550308,True,,33970,,,-23.6938785,-46.7945825,,,,2,2023-06-14T08:24:05+00:00
SAO_6010-10,São Paulo,3550308,True,,33970,,,-23.693805,-46.7944445,,,,2,2023-06-14T08:23:55+00:00
SAO_6010-10,São Paulo,3550308,True,,33970,,,-23.693631500000002,-46.7942325,,,,2,2023-06-14T08:23:41+00:00
SAO_6010-10,São Paulo,3550308,True,,33970,,,-23.6938785,-46.7945825,,,,2,2023-06-14T08:24:08+00:00
SAO_6010-10,São Paulo,3550308,True,,33970,,,-23.667592,-46.7354985,,,,2,2023-06-14T08:23:27+00:00
SAO_6010-10,São Paulo,3550308,True,,33970,,,-23.6938785,-46.7945825,,,,2,2023-06-14T08:23:55+00:00
SAO_6L10-10,São Paulo,3550308,True,,33927,,,-23.808874000000003,-46.764905999999996,,,,2,2023-06-14T08:24:06+00:00
SAO_N636-11,São Paulo,3550308,True,,35169,,,-23.766613,-46.71643,,,,2,2023-06-14T08:24:06+00:00
SAO_3069-10,São Paulo,3550308,True,,33752,,,-23.60662525,-46.41692075,,,,2,2023-06-14T08:24:03+00:00
SAO_3069-10,São Paulo,3550308,True,,33752,,,-23.60662525,-46.41692075,,,,2,2023-06-14T08:23:58+00:00
SAO_3069-10,São Paulo,3550308,True,,33752,,,-23.60662525,-46.41692075,,,,2,2023-06-14T08:23:54+00:00
SAO_3069-10,São Paulo,3550308,True,,33752,,,-23.606299749999998,-46.41697025,,,,2,2023-06-14T08:23:38+00:00
SAO_3069-10,São Paulo,3550308,True,,33752,,,-23.60662525,-46.41692075,,,,2,2023-06-14T08:23:35+00:00
SAO_3069-10,São Paulo,3550308,True,,33752,,,-23.60662525,-46.41692075,,,,2,2023-06-14T08:23:38+00:00
SAO_3069-10,São Paulo,3550308,True,,33752,,,-23.60662525,-46.41692075,,,,2,2023-06-14T08:24:04+00:00
SAO_2766-10,São Paulo,3550308,True,EMTU,405,https://moovitapp.com/index/pt-br/transporte_p%C3%BAblico-line-405-Sao_Paulo-242-2038937-36419467-0,5.35,-23.51828025,-46.3879975,,,,1,2023-06-14T08:23:54+00:00
SAO_2766-10,São Paulo,3550308,True,EMTU,405,https://moovitapp.com/index/pt-br/transporte_p%C3%BAblico-line-405-Sao_Paulo-242-2038937-36419467-0,5.35,-23.5205845,-46.390026500000005,,,,1,2023-06-14T08:23:51+00:00
SAO_807A-10,São Paulo,3550308,True,,34668,,,-23.6310935,-46.773485,,,,2,2023-06-14T08:24:03+00:00
SAO_2080-10,São Paulo,3550308,True,,33139,,,-23.528928999999998,-46.554282,,,,2,2023-06-14T08:23:35+00:00
SAO_6063-41,São Paulo,3550308,True,,34541,,,-23.787596999999998,-46.679432,,,,2,2023-06-14T08:23:29+00:00
SAO_6063-41,São Paulo,3550308,True,,34541,,,-23.787596999999998,-46.679432,,,,2,2023-06-14T08:23:52+00:00
SAO_6063-41,São Paulo,3550308,True,,34541,,,-23.787596999999998,-46.679432,,,,2,2023-06-14T08:24:05+00:00
SAO_6063-41,São Paulo,3550308,True,,34541,,,-23.766574,-46.716055499999996,,,,2,2023-06-14T08:23:43+00:00
SAO_6063-41,São Paulo,3550308,True,,34541,,,-23.787596999999998,-46.679432,,,,2,2023-06-14T08:24:04+00:00
SAO_6063-41,São Paulo,3550308,True,,34541,,,-23.787596999999998,-46.679432,,,,2,2023-06-14T08:24:01+00:00
SAO_N231-11,São Paulo,3550308,True,,35088,,,-23.461435,-46.657986,,,,2,2023-06-14T08:23:48+00:00
SAO_N433-11,São Paulo,3550308,True,,2366,,,-23.544050749999997,-46.586432,,,,1,2023-06-14T08:23:44+00:00
SAO_N307-11,São Paulo,3550308,True,,35109,,,-23.546217,-46.6305745,,,,2,2023-06-14T08:23:26+00:00
SAO_N307-11,São Paulo,3550308,True,,35109,,,-23.579249,-46.6857765,,,,2,2023-06-14T08:24:00+00:00
SAO_748R-10,São Paulo,3550308,True,EMTU,501,https://moovitapp.com/index/pt-br/transporte_p%C3%BAblico-line-501-Sao_Paulo-242-2038937-36419526-0,7.55,-23.550092562499998,-46.7390546875,,,,1,2023-06-14T08:24:08+00:00
SAO_748R-10,São Paulo,3550308,True,EMTU,501,https://moovitapp.com/index/pt-br/transporte_p%C3%BAblico-line-501-Sao_Paulo-242-2038937-36419526-0,7.55,-23.550092562499998,-46.7390546875,,,,1,2023-06-14T08:24:07+00:00
SAO_748R-10,São Paulo,3550308,True,EMTU,501,https://moovitapp.com/index/pt-br/transporte_p%C3%BAblico-line-501-Sao_Paulo-242-2038937-36419526-0,7.55,-23.5510456875,-46.740044062500004,,,,1,2023-06-14T08:23:41+00:00
SAO_748R-10,São Paulo,3550308,True,EMTU,501,https://moovitapp.com/index/pt-br/transporte_p%C3%BAblico-line-501-Sao_Paulo-242-2038937-36419526-0,7.55,-23.550092562499998,-46.7390546875,,,,1,2023-06-14T08:23:55+00:00
SAO_874T-10,São Paulo,3550308,True,,33075,,,-23.5786585,-46.6091775,,,,2,2023-06-14T08:23:54+00:00
SAO_874T-10,São Paulo,3550308,True,,33075,,,-23.583523999999997,-46.637173250000004,,,,2,2023-06-14T08:23:35+00:00
SAO_3051-10,São Paulo,3550308,True,,35214,,,-23.515551,-46.468538499999994,,,,2,2023-06-14T08:24:01+00:00
SAO_5105-10,São Paulo,3550308,True,,34419,,,-23.603538999999998,-46.601470500000005,,,,2,2023-06-14T08:23:33+00:00
SAO_5105-10,São Paulo,3550308,True,,34419,,,-23.603084250000002,-46.60265125,,,,2,2023-06-14T08:23:34+00:00
SAO_5105-10,São Paulo,3550308,True,,34419,,,-23.6034215,-46.602013,,,,2,2023-06-14T08:23:58+00:00
SAO_7055-10,São Paulo,3550308,True,,1888,,,-23.6919635,-46.7907745,,,,1,2023-06-14T08:22:29+00:00
SAO_7055-10,São Paulo,3550308,True,,1888,,,-23.6919635,-46.7907745,,,,1,2023-06-14T08:24:02+00:00
SAO_7055-10,São Paulo,3550308,True,,1888,,,-23.6919635,-46.7907745,,,,1,2023-06-14T08:24:07+00:00
SAO_7055-10,São Paulo,3550308,True,,1888,,,-23.6919635,-46.7907745,,,,1,2023-06-14T08:23:48+00:00
SAO_7055-10,São Paulo,3550308,True,,1888,,,-23.6919635,-46.7907745,,,,1,2023-06-14T08:23:47+00:00
SAO_2079-10,São Paulo,3550308,True,,33138,,,-23.494310499999997,-46.402223,,,,2,2023-06-14T08:23:43+00:00
SAO_2079-10,São Paulo,3550308,True,,33138,,,-23.494310499999997,-46.402223,,,,2,2023-06-14T08:23:31+00:00
SAO_2079-10,São Paulo,3550308,True,,33138,,,-23.494310499999997,-46.402223,,,,2,2023-06-14T08:23:51+00:00
SAO_2079-10,São Paulo,3550308,True,,33138,,,-23.494310499999997,-46.402223,,,,2,2023-06-14T08:23:59+00:00
SAO_2702-10,São Paulo,3550308,True,,914,,,-23.495477,-46.4449435,,,,1,2023-06-14T08:18:17+00:00
SAO_2702-10,São Paulo,3550308,True,,914,,,-23.495735500000002,-46.4447775,,,,1,2023-06-14T08:23:51+00:00
SAO_2723-10,São Paulo,3550308,True,,937,,,-23.487495,-46.463618999999994,,,,1,2023-06-14T08:24:01+00:00
SAO_2723-10,São Paulo,3550308,True,,937,,,-23.487495,-46.463618999999994,,,,1,2023-06-14T08:24:00+00:00
SAO_2723-10,São Paulo,3550308,True,,937,,,-23.487495,-46.463618999999994,,,,1,2023-06-14T08:23:41+00:00
SAO_5038-10,São Paulo,3550308,True,,34429,,,-23.650012,-46.6139055,,,,2,2023-06-14T08:23:22+00:00
SAO_6073-10,São Paulo,3550308,True,,33928,,,-23.853313,-46.6956225,,,,2,2023-06-14T08:23:26+00:00
SAO_6073-10,São Paulo,3550308,True,,33928,,,-23.853313,-46.6956225,,,,2,2023-06-14T08:23:39+00:00
SAO_6073-10,São Paulo,3550308,True,,33928,,,-23.853313,-46.6956225,,,,2,2023-06-14T08:24:00+00:00
SAO_6073-10,São Paulo,3550308,True,,33928,,,-23.853313,-46.6956225,,,,2,2023-06-14T08:20:56+00:00
SAO_6073-10,São Paulo,3550308,True,,33928,,,-23.853313,-46.6956225,,,,2,2023-06-14T08:23:39+00:00
SAO_6073-10,São Paulo,3550308,True,,33928,,,-23.853313,-46.6956225,,,,2,2023-06-14T08:23:52+00:00
SAO_6073-10,São Paulo,3550308,True,,33928,,,-23.853313,-46.6956225,,,,2,2023-06-14T08:23:51+00:00
SAO_6073-10,São Paulo,3550308,True,,33928,,,-23.853313,-46.6956225,,,,2,2023-06-14T08:23:54+00:00
SAO_5109-10,São Paulo,3550308,True,,34619,,,-23.547353,-46.6287365,,,,2,2023-06-14T08:23:30+00:00
SAO_5109-10,São Paulo,3550308,True,,34619,,,-23.546896,-46.629020999999995,,,,2,2023-06-14T08:23:38+00:00
SAO_N133-11,São Paulo,3550308,True,,2289,,,-23.437372250000003,-46.752472499999996,,,,1,2023-06-14T08:23:54+00:00
SAO_4021-10,São Paulo,3550308,True,,35316,,,-23.542792499999997,-46.470580999999996,,,,2,2023-06-14T08:23:37+00:00
SAO_4021-10,São Paulo,3550308,True,,35316,,,-23.542792499999997,-46.470580999999996,,,,2,2023-06-14T08:23:51+00:00
SAO_4021-10,São Paulo,3550308,True,,35316,,,-23.542792499999997,-46.470580999999996,,,,2,2023-06-14T08:24:02+00:00
SAO_4021-10,São Paulo,3550308,True,,35316,,,-23.542792499999997,-46.470580999999996,,,,2,2023-06-14T08:23:57+00:00
SAO_4021-10,São Paulo,3550308,True,,35316,,,-23.542792499999997,-46.470580999999996,,,,2,2023-06-14T08:23:29+00:00
SAO_4021-10,São Paulo,3550308,True,,35316,,,-23.542792499999997,-46.470580999999996,,,,2,2023-06-14T08:23:45+00:00
SAO_4021-10,São Paulo,3550308,True,,35316,,,-23.542792499999997,-46.470580999999996,,,,2,2023-06-14T08:23:50+00:00
SAO_4021-10,São Paulo,3550308,True,,35316,,,-23.542792499999997,-46.470580999999996,,,,2,2023-06-14T08:23:41+00:00
SAO_6063-43,São Paulo,3550308,True,,2480,,,-23.766963,-46.71622,,,,1,2023-06-14T08:23:47+00:00
SAO_3459-10,São Paulo,3550308,True,,33170,,,-23.547625500000002,-46.629791499999996,,,,2,2023-06-14T08:23:45+00:00
SAO_3459-10,São Paulo,3550308,True,,33170,,,-23.547625500000002,-46.629791499999996,,,,2,2023-06-14T08:23:24+00:00
SAO_3459-10,São Paulo,3550308,True,,33170,,,-23.547625500000002,-46.629791499999996,,,,2,2023-06-14T08:24:02+00:00
SAO_3459-10,São Paulo,3550308,True,,33170,,,-23.547625500000002,-46.629791499999996,,,,2,2023-06-14T08:23:46+00:00
SAO_3459-10,São Paulo,3550308,True,,33170,,,-23.516686749999998,-46.38517525,,,,2,2023-06-14T08:23:24+00:00
SAO_3459-10,São Paulo,3550308,True,,33170,,,-23.547625500000002,-46.629791499999996,,,,2,2023-06-14T08:23:48+00:00
SAO_3459-10,São Paulo,3550308,True,,33170,,,-23.547625500000002,-46.629791499999996,,,,2,2023-06-14T08:23:10+00:00
SAO_3459-10,São Paulo,3550308,True,,33170,,,-23.547625500000002,-46.629791499999996,,,,2,2023-06-14T08:23:49+00:00
SAO_3459-10,São Paulo,3550308,True,,33170,,,-23.547625500000002,-46.629791499999996,,,,2,2023-06-14T08:23:53+00:00
SAO_3459-10,São Paulo,3550308,True,,33170,,,-23.547625500000002,-46.629791499999996,,,,2,2023-06-14T08:23:33+00:00
SAO_3459-10,São Paulo,3550308,True,,33170,,,-23.547625500000002,-46.629791499999996,,,,2,2023-06-14T08:23:28+00:00
SAO_3459-10,São Paulo,3550308,True,,33170,,,-23.547625500000002,-46.629791499999996,,,,2,2023-06-14T08:23:24+00:00
SAO_3459-10,São Paulo,3550308,True,,33170,,,-23.547625500000002,-46.629791499999996,,,,2,2023-06-14T08:21:42+00:00
SAO_3459-10,São Paulo,3550308,True,,33170,,,-23.547625500000002,-46.629791499999996,,,,2,2023-06-14T08:23:28+00:00
SAO_3459-10,São Paulo,3550308,True,,33170,,,-23.547625500000002,-46.629791499999996,,,,2,2023-06-14T08:23:53+00:00
SAO_3459-10,São Paulo,3550308,True,,33170,,,-23.547625500000002,-46.629791499999996,,,,2,2023-06-14T08:23:47+00:00
SAO_3459-10,São Paulo,3550308,True,,33170,,,-23.547625500000002,-46.629791499999996,,,,2,2023-06-14T08:23:23+00:00
SAO_3459-10,São Paulo,3550308,True,,33170,,,-23.547625500000002,-46.629791499999996,,,,2,2023-06-14T08:24:03+00:00
SAO_3459-10,São Paulo,3550308,True,,33170,,,-23.547625500000002,-46.629791499999996,,,,2,2023-06-14T08:23:42+00:00
SAO_3459-10,São Paulo,3550308,True,,33170,,,-23.547625500000002,-46.629791499999996,,,,2,2023-06-14T08:23:27+00:00
SAO_3459-10,São Paulo,3550308,True,,33170,,,-23.547625500000002,-46.629791499999996,,,,2,2023-06-14T08:23:31+00:00
SAO_3459-10,São Paulo,3550308,True,,33170,,,-23.547625500000002,-46.629791499999996,,,,2,2023-06-14T08:23:33+00:00
SAO_3459-10,São Paulo,3550308,True,,33170,,,-23.547625500000002,-46.629791499999996,,,,2,2023-06-14T08:23:53+00:00
SAO_3459-10,São Paulo,3550308,True,,33170,,,-23.547625500000002,-46.629791499999996,,,,2,2023-06-14T08:24:04+00:00
SAO_3459-10,São Paulo,3550308,True,,33170,,,-23.547625500000002,-46.629791499999996,,,,2,2023-06-14T08:23:52+00:00
SAO_3459-10,São Paulo,3550308,True,,33170,,,-23.547625500000002,-46.629791499999996,,,,2,2023-06-14T08:23:50+00:00
SAO_3459-10,São Paulo,3550308,True,,33170,,,-23.547625500000002,-46.629791499999996,,,,2,2023-06-14T08:23:52+00:00
SAO_3459-10,São Paulo,3550308,True,,33170,,,-23.547625500000002,-46.629791499999996,,,,2,2023-06-14T08:23:55+00:00
SAO_3459-10,São Paulo,3550308,True,,33170,,,-23.547625500000002,-46.629791499999996,,,,2,2023-06-14T08:23:54+00:00
SAO_3459-10,São Paulo,3550308,True,,33170,,,-23.547625500000002,-46.629791499999996,,,,2,2023-06-14T08:21:36+00:00
SAO_3459-10,São Paulo,3550308,True,,33170,,,-23.547625500000002,-46.629791499999996,,,,2,2023-06-14T08:23:25+00:00
SAO_3459-10,São Paulo,3550308,True,,33170,,,-23.547625500000002,-46.629791499999996,,,,2,2023-06-14T08:24:07+00:00
SAO_6038-10,São Paulo,3550308,True,,1216,,,-23.66161925,-46.790662874999995,,,,1,2023-06-14T08:23:48+00:00
SAO_6038-10,São Paulo,3550308,True,,1216,,,-23.665846000000002,-46.788559,,,,1,2023-06-14T08:23:49+00:00
SAO_6038-10,São Paulo,3550308,True,,1216,,,-23.665846000000002,-46.788559,,,,1,2023-06-14T08:23:42+00:00
SAO_6038-10,São Paulo,3550308,True,,1216,,,-23.6578735,-46.7897725,,,,1,2023-06-14T08:24:07+00:00
SAO_6038-10,São Paulo,3550308,True,,1216,,,-23.66189,-46.790254000000004,,,,1,2023-06-14T08:24:01+00:00
SAO_6038-10,São Paulo,3550308,True,,1216,,,-23.6578735,-46.7897725,,,,1,2023-06-14T08:23:24+00:00
SAO_6038-10,São Paulo,3550308,True,,1216,,,-23.660809999999998,-46.791848,,,,1,2023-06-14T08:23:45+00:00
SAO_6041-10,São Paulo,3550308,True,,33986,,,-23.689674500000002,-46.78096725,,,,2,2023-06-14T08:24:05+00:00
SAO_6041-10,São Paulo,3550308,True,,33986,,,-23.6912345,-46.7796505,,,,2,2023-06-14T08:23:42+00:00
SAO_6041-10,São Paulo,3550308,True,,33986,,,-23.6899145,-46.7808755,,,,2,2023-06-14T08:24:04+00:00
SAO_6041-10,São Paulo,3550308,True,,33986,,,-23.689674500000002,-46.78096725,,,,2,2023-06-14T08:23:34+00:00
SAO_6041-10,São Paulo,3550308,True,,33986,,,-23.689674500000002,-46.78096725,,,,2,2023-06-14T08:23:52+00:00
SAO_6041-10,São Paulo,3550308,True,,33986,,,-23.690214,-46.7807575,,,,2,2023-06-14T08:24:07+00:00
SAO_6041-10,São Paulo,3550308,True,,33986,,,-23.6899145,-46.7808755,,,,2,2023-06-14T08:24:02+00:00
SAO_6041-10,São Paulo,3550308,True,,33986,,,-23.6899145,-46.7808755,,,,2,2023-06-14T08:23:46+00:00
SAO_675P-10,São Paulo,3550308,True,,33043,,,-23.645426,-46.645011499999995,,,,2,2023-06-14T08:24:01+00:00
SAO_675P-10,São Paulo,3550308,True,,33043,,,-23.645801499999997,-46.6450435,,,,2,2023-06-14T08:23:36+00:00
SAO_675P-10,São Paulo,3550308,True,,33043,,,-23.645426,-46.645011499999995,,,,2,2023-06-14T08:23:40+00:00
SAO_675P-10,São Paulo,3550308,True,,33043,,,-23.645801499999997,-46.6450435,,,,2,2023-06-14T08:23:35+00:00
SAO_2732-10,São Paulo,3550308,True,,947,,,-23.5402155,-46.483134,,,,1,2023-06-14T08:24:05+00:00
SAO_2732-10,São Paulo,3550308,True,,947,,,-23.540282,-46.482984,,,,1,2023-06-14T08:23:58+00:00
SAO_2732-10,São Paulo,3550308,True,,947,,,-23.5402155,-46.483134,,,,1,2023-06-14T08:24:00+00:00
SAO_2732-10,São Paulo,3550308,True,,947,,,-23.5402155,-46.483134,,,,1,2023-06-14T08:23:58+00:00
SAO_2732-10,São Paulo,3550308,True,,947,,,-23.5402155,-46.483134,,,,1,2023-06-14T08:23:33+00:00
SAO_2732-10,São Paulo,3550308,True,,947,,,-23.540146,-46.4828645,,,,1,2023-06-14T08:23:35+00:00
SAO_2732-10,São Paulo,3550308,True,,947,,,-23.5402155,-46.483134,,,,1,2023-06-14T08:23:41+00:00
SAO_5103-10,São Paulo,3550308,True,,1646,,,-23.6032445,-46.602611499999995,,,,1,2023-06-14T08:24:03+00:00
SAO_5103-10,São Paulo,3550308,True,,1646,,,-23.6032445,-46.602611499999995,,,,1,2023-06-14T08:23:51+00:00
SAO_2582-21,São Paulo,3550308,True,,34538,,,-23.546727,-46.629723999999996,,,,2,2023-06-14T08:23:40+00:00
SAO_1709-10,São Paulo,3550308,True,,33619,,,-23.479985,-46.603936000000004,,,,2,2023-06-14T08:23:08+00:00
SAO_1709-10,São Paulo,3550308,True,,33619,,,-23.479985,-46.603936000000004,,,,2,2023-06-14T08:23:40+00:00
SAO_1709-10,São Paulo,3550308,True,,33619,,,-23.479985,-46.603936000000004,,,,2,2023-06-14T08:24:03+00:00
SAO_N140-11,São Paulo,3550308,True,,35064,,,-23.486517,-46.7267185,,,,2,2023-06-14T08:23:46+00:00
SAO_6072-10,São Paulo,3550308,True,,34356,,,-23.8274015,-46.69739250000001,,,,2,2023-06-14T08:23:57+00:00
SAO_6072-10,São Paulo,3550308,True,,34356,,,-23.8274015,-46.69739250000001,,,,2,2023-06-14T08:23:31+00:00
SAO_6072-10,São Paulo,3550308,True,,34356,,,-23.8274015,-46.69739250000001,,,,2,2023-06-14T08:24:02+00:00
SAO_9011-21,São Paulo,3550308,True,,34536,,,-23.446984,-46.7225025,,,,2,2023-06-14T08:23:25+00:00
SAO_9011-21,São Paulo,3550308,True,,34536,,,-23.446984,-46.7225025,,,,2,2023-06-14T08:23:59+00:00
SAO_9011-21,São Paulo,3550308,True,,34536,,,-23.446984,-46.7225025,,,,2,2023-06-14T08:19:39+00:00
SAO_9011-21,São Paulo,3550308,True,,34536,,,-23.446984,-46.7225025,,,,2,2023-06-14T07:44:20+00:00
SAO_6970-10,São Paulo,3550308,True,,1505,,,-23.737581499999997,-46.697899500000005,,,,1,2023-06-14T08:23:45+00:00
SAO_6970-10,São Paulo,3550308,True,,1505,,,-23.737581499999997,-46.697899500000005,,,,1,2023-06-14T08:23:50+00:00
SAO_6970-10,São Paulo,3550308,True,,1505,,,-23.737581499999997,-46.697899500000005,,,,1,2023-06-14T08:23:35+00:00
SAO_6970-10,São Paulo,3550308,True,,1505,,,-23.737581499999997,-46.697899500000005,,,,1,2023-06-14T08:23:50+00:00
SAO_6970-10,São Paulo,3550308,True,,1505,,,-23.737581499999997,-46.697899500000005,,,,1,2023-06-14T08:23:54+00:00
SAO_2734-10,São Paulo,3550308,True,,34528,,,-23.541961999999998,-46.470873,,,,2,2023-06-14T08:18:22+00:00
SAO_2725-10,São Paulo,3550308,True,,939,,,-23.540045,-46.483149499999996,,,,1,2023-06-14T08:23:46+00:00
SAO_2725-10,São Paulo,3550308,True,,939,,,-23.540045,-46.483149499999996,,,,1,2023-06-14T08:23:43+00:00
SAO_2725-10,São Paulo,3550308,True,,939,,,-23.540045,-46.483149499999996,,,,1,2023-06-14T08:24:02+00:00
SAO_2725-10,São Paulo,3550308,True,,939,,,-23.540045,-46.483149499999996,,,,1,2023-06-14T08:24:07+00:00
SAO_2725-10,São Paulo,3550308,True,,939,,,-23.540045,-46.483149499999996,,,,1,2023-06-14T08:23:51+00:00
SAO_2725-10,São Paulo,3550308,True,,939,,,-23.540045,-46.483149499999996,,,,1,2023-06-14T08:23:44+00:00
SAO_2725-10,São Paulo,3550308,True,,939,,,-23.540045,-46.483149499999996,,,,1,2023-06-14T08:23:29+00:00
SAO_477A-10,São Paulo,3550308,True,EMTU,346,https://moovitapp.com/index/pt-br/transporte_p%C3%BAblico-line-346-Sao_Paulo-242-2038937-36419429-0,6.3,-23.603154500000002,-46.603531000000004,,,,1,2023-06-14T08:23:59+00:00
SAO_477A-10,São Paulo,3550308,True,EMTU,346,https://moovitapp.com/index/pt-br/transporte_p%C3%BAblico-line-346-Sao_Paulo-242-2038937-36419429-0,6.3,-23.603806499999997,-46.603359499999996,,,,1,2023-06-14T08:23:45+00:00
SAO_6028-10,São Paulo,3550308,True,,33979,,,-23.701885,-46.7448945,,,,2,2023-06-14T08:23:59+00:00
SAO_6028-10,São Paulo,3550308,True,,33979,,,-23.702140999999997,-46.744587499999994,,,,2,2023-06-14T08:23:30+00:00
SAO_6028-10,São Paulo,3550308,True,,33979,,,-23.702140999999997,-46.744587499999994,,,,2,2023-06-14T08:23:47+00:00
SAO_6028-10,São Paulo,3550308,True,,33979,,,-23.702326,-46.744178000000005,,,,2,2023-06-14T08:23:36+00:00
SAO_6028-10,São Paulo,3550308,True,,33979,,,-23.702140999999997,-46.744587499999994,,,,2,2023-06-14T08:23:53+00:00
SAO_6028-10,São Paulo,3550308,True,,33979,,,-23.702140999999997,-46.744587499999994,,,,2,2023-06-14T08:23:40+00:00
SAO_6028-10,São Paulo,3550308,True,,33979,,,-23.702019,-46.7446975,,,,2,2023-06-14T08:20:05+00:00
SAO_N242-11,São Paulo,3550308,True,,2331,,,-23.502733499999998,-46.623853,,,,1,2023-06-14T08:23:56+00:00
SAO_N334-11,São Paulo,3550308,True,,35114,,,-23.51775,-46.4757475,,,,2,2023-06-14T08:23:33+00:00
SAO_7004-10,São Paulo,3550308,True,,34760,,,-23.7317975,-46.7861475,,,,2,2023-06-14T08:23:40+00:00
SAO_7004-10,São Paulo,3550308,True,,34760,,,-23.7317975,-46.7861475,,,,2,2023-06-14T08:23:41+00:00
SAO_7004-10,São Paulo,3550308,True,,34760,,,-23.7301305,-46.7858815,,,,2,2023-06-14T08:23:33+00:00
SAO_7004-10,São Paulo,3550308,True,,34760,,,-23.731146000000003,-46.785866999999996,,,,2,2023-06-14T08:23:53+00:00
SAO_7004-10,São Paulo,3550308,True,,34760,,,-23.7312905,-46.7859135,,,,2,2023-06-14T08:24:05+00:00
SAO_7004-10,São Paulo,3550308,True,,34760,,,-23.731476999999998,-46.7859925,,,,2,2023-06-14T08:24:01+00:00
SAO_7004-10,São Paulo,3550308,True,,34760,,,-23.7464715,-46.7936485,,,,2,2023-06-14T08:23:50+00:00
SAO_7004-10,São Paulo,3550308,True,,34760,,,-23.7309495,-46.785837,,,,2,2023-06-14T08:23:37+00:00
SAO_7004-10,São Paulo,3550308,True,,34760,,,-23.731476999999998,-46.7859925,,,,2,2023-06-14T08:23:01+00:00
SAO_7004-10,São Paulo,3550308,True,,34760,,,-23.7317975,-46.7861475,,,,2,2023-06-14T08:23:03+00:00
SAO_7004-10,São Paulo,3550308,True,,34760,,,-23.7305335,-46.7858295,,,,2,2023-06-14T08:22:59+00:00
SAO_5154-10,São Paulo,3550308,True,,33121,,,-23.655067000000003,-46.716173125,,,,2,2023-06-14T08:23:46+00:00
SAO_5154-10,São Paulo,3550308,True,,33121,,,-23.654868999999998,-46.715183874999994,,,,2,2023-06-14T08:23:42+00:00
SAO_N632-11,São Paulo,3550308,True,,2397,,,-23.671729,-46.710378250000005,,,,1,2023-06-14T08:24:07+00:00
SAO_253F-10,São Paulo,3550308,True,,32926,,,-23.613302,-46.4764105,,,,2,2023-06-14T08:24:05+00:00
SAO_253F-10,São Paulo,3550308,True,,32926,,,-23.613302,-46.4764105,,,,2,2023-06-14T08:23:30+00:00
SAO_253F-10,São Paulo,3550308,True,,32926,,,-23.613302,-46.4764105,,,,2,2023-06-14T08:23:58+00:00
SAO_7063-10,São Paulo,3550308,True,,1899,,,-23.651991000000002,-46.789846499999996,,,,1,2023-06-14T08:23:47+00:00
SAO_7063-10,São Paulo,3550308,True,,1899,,,-23.651991000000002,-46.789846499999996,,,,1,2023-06-14T08:23:28+00:00
SAO_7063-10,São Paulo,3550308,True,,1899,,,-23.651991000000002,-46.789846499999996,,,,1,2023-06-14T08:24:01+00:00
SAO_7063-10,São Paulo,3550308,True,,1899,,,-23.651991000000002,-46.789846499999996,,,,1,2023-06-14T08:23:36+00:00
SAO_7063-10,São Paulo,3550308,True,,1899,,,-23.651991000000002,-46.789846499999996,,,,1,2023-06-14T08:23:53+00:00
SAO_7063-10,São Paulo,3550308,True,,1899,,,-23.651991000000002,-46.789846499999996,,,,1,2023-06-14T08:23:48+00:00
SAO_7063-10,São Paulo,3550308,True,,1899,,,-23.651991000000002,-46.789846499999996,,,,1,2023-06-14T08:24:08+00:00
SAO_7063-10,São Paulo,3550308,True,,1899,,,-23.651991000000002,-46.789846499999996,,,,1,2023-06-14T08:23:46+00:00
SAO_7051-10,São Paulo,3550308,True,,1885,,,-23.655096,-46.7838845,,,,1,2023-06-14T08:23:34+00:00
SAO_7051-10,São Paulo,3550308,True,,1885,,,-23.655096,-46.7838845,,,,1,2023-06-14T08:24:06+00:00
SAO_7051-10,São Paulo,3550308,True,,1885,,,-23.655096,-46.7838845,,,,1,2023-06-14T08:23:31+00:00
SAO_N301-11,São Paulo,3550308,True,,2335,,,-23.535249999999998,-46.5827455,,,,1,2023-06-14T08:23:43+00:00
SAO_8705-10,São Paulo,3550308,True,,34840,,,-23.547614000000003,-46.760172999999995,,,,2,2023-06-14T08:24:00+00:00
SAO_8705-10,São Paulo,3550308,True,,34840,,,-23.54837,-46.7591325,,,,2,2023-06-14T08:24:07+00:00
SAO_8705-10,São Paulo,3550308,True,,34840,,,-23.547321,-46.7604965,,,,2,2023-06-14T08:23:46+00:00
SAO_8705-10,São Paulo,3550308,True,,34840,,,-23.547614000000003,-46.760172999999995,,,,2,2023-06-14T08:23:41+00:00
SAO_8705-10,São Paulo,3550308,True,,34840,,,-23.547498500000003,-46.7603035,,,,2,2023-06-14T08:23:51+00:00
SAO_N436-11,São Paulo,3550308,True,,2369,,,-23.583036,-46.407556,,,,1,2023-06-14T08:24:01+00:00
SAO_N831-11,São Paulo,3550308,True,,35198,,,-23.5205245,-46.7007655,,,,2,2023-06-14T08:23:31+00:00
SAO_3738-10,São Paulo,3550308,True,,1038,,,-23.5630765,-46.394354,,,,1,2023-06-14T08:23:46+00:00
SAO_N404-11,São Paulo,3550308,True,,2360,,,-23.5367075,-46.557231,,,,1,2023-06-14T08:23:49+00:00
SAO_5036-10,São Paulo,3550308,True,,1666,,,-23.651166500000002,-46.6143845,,,,1,2023-06-14T08:22:50+00:00
SAO_148L-10,São Paulo,3550308,True,,33299,,,-23.465025999999998,-46.65187775,,,,2,2023-06-14T08:23:27+00:00
SAO_148L-10,São Paulo,3550308,True,,33299,,,-23.465820625,-46.6515105,,,,2,2023-06-14T08:23:41+00:00
SAO_148L-10,São Paulo,3550308,True,,33299,,,-23.464495499999998,-46.65211625,,,,2,2023-06-14T08:23:49+00:00
SAO_148L-10,São Paulo,3550308,True,,33299,,,-23.4653245,-46.6517335,,,,2,2023-06-14T08:23:53+00:00
SAO_148L-10,São Paulo,3550308,True,,33299,,,-23.4656105,-46.6516035,,,,2,2023-06-14T08:24:08+00:00
SAO_148L-10,São Paulo,3550308,True,,33299,,,-23.4653245,-46.6517335,,,,2,2023-06-14T08:23:39+00:00
SAO_148L-10,São Paulo,3550308,True,,33299,,,-23.465820625,-46.6515105,,,,2,2023-06-14T08:23:36+00:00
SAO_148L-10,São Paulo,3550308,True,,33299,,,-23.465820625,-46.6515105,,,,2,2023-06-14T08:22:34+00:00
SAO_148L-10,São Paulo,3550308,True,,33299,,,-23.465025999999998,-46.65187775,,,,2,2023-06-14T08:23:56+00:00
SAO_4718-10,São Paulo,3550308,True,,33104,,,-23.650012,-46.6139055,,,,2,2023-06-14T08:23:08+00:00
SAO_8705-10,São Paulo,3550308,True,,2072,,,-23.5473665,-46.7605345,,,,1,2023-06-14T08:23:26+00:00
SAO_8705-10,São Paulo,3550308,True,,2072,,,-23.548117,-46.759704,,,,1,2023-06-14T08:23:35+00:00
SAO_8705-10,São Paulo,3550308,True,,2072,,,-23.550481500000004,-46.758111750000005,,,,1,2023-06-14T08:24:09+00:00
SAO_8705-10,São Paulo,3550308,True,,2072,,,-23.5478735,-46.760012,,,,1,2023-06-14T08:24:02+00:00
SAO_N306-11,São Paulo,3550308,True,,2340,,,-23.542672000000003,-46.470274,,,,1,2023-06-14T08:23:41+00:00
SAO_6045-10,São Paulo,3550308,True,,1222,,,-23.6945445,-46.794182,,,,1,2023-06-14T08:23:17+00:00
SAO_6045-10,São Paulo,3550308,True,,1222,,,-23.694674999999997,-46.793941000000004,,,,1,2023-06-14T08:23:55+00:00
SAO_6045-10,São Paulo,3550308,True,,1222,,,-23.69435,-46.794564,,,,1,2023-06-14T08:24:06+00:00
SAO_6045-10,São Paulo,3550308,True,,1222,,,-23.694674999999997,-46.793941000000004,,,,1,2023-06-14T08:23:42+00:00
SAO_6045-10,São Paulo,3550308,True,,1222,,,-23.694674999999997,-46.793941000000004,,,,1,2023-06-14T08:23:48+00:00
SAO_6045-10,São Paulo,3550308,True,,1222,,,-23.69435,-46.794564,,,,1,2023-06-14T08:23:52+00:00
SAO_6045-10,São Paulo,3550308,True,,1222,,,-23.694674999999997,-46.793941000000004,,,,1,2023-06-14T08:24:08+00:00
SAO_6045-10,São Paulo,3550308,True,,1222,,,-23.6945445,-46.794182,,,,1,2023-06-14T08:23:37+00:00
SAO_6045-10,São Paulo,3550308,True,,1222,,,-23.694674999999997,-46.793941000000004,,,,1,2023-06-14T08:24:07+00:00
SAO_6045-10,São Paulo,3550308,True,,1222,,,-23.6945995,-46.794075500000005,,,,1,2023-06-14T08:21:44+00:00
SAO_7049-10,São Paulo,3550308,True,,1912,,,-23.7116535,-46.777972,,,,1,2023-06-14T08:23:48+00:00
SAO_7049-10,São Paulo,3550308,True,,1912,,,-23.7116535,-46.777972,,,,1,2023-06-14T08:23:28+00:00
SAO_7049-10,São Paulo,3550308,True,,1912,,,-23.7116535,-46.777972,,,,1,2023-06-14T08:23:56+00:00
SAO_7049-10,São Paulo,3550308,True,,1912,,,-23.7116535,-46.777972,,,,1,2023-06-14T08:23:35+00:00
SAO_7049-10,São Paulo,3550308,True,,1912,,,-23.7116535,-46.777972,,,,1,2023-06-14T08:23:29+00:00
SAO_7049-10,São Paulo,3550308,True,,1912,,,-23.7116535,-46.777972,,,,1,2023-06-14T08:22:47+00:00
SAO_7049-10,São Paulo,3550308,True,,1912,,,-23.7116535,-46.777972,,,,1,2023-06-14T08:23:47+00:00
SAO_4709-10,São Paulo,3550308,True,,33101,,,-23.5894755,-46.633868,,,,2,2023-06-14T08:23:24+00:00
SAO_4709-10,São Paulo,3550308,True,,33101,,,-23.650012,-46.6139055,,,,2,2023-06-14T08:24:08+00:00
SAO_4709-10,São Paulo,3550308,True,,33101,,,-23.5894755,-46.633868,,,,2,2023-06-14T08:23:33+00:00
SAO_4709-10,São Paulo,3550308,True,,33101,,,-23.5894755,-46.633868,,,,2,2023-06-14T08:23:50+00:00
SAO_4709-10,São Paulo,3550308,True,,33101,,,-23.650012,-46.6139055,,,,2,2023-06-14T08:23:47+00:00
SAO_3787-10,São Paulo,3550308,True,,1612,,,-23.601638,-46.3989395,,,,1,2023-06-14T08:23:35+00:00
SAO_3787-10,São Paulo,3550308,True,,1612,,,-23.562078624999998,-46.445963,,,,1,2023-06-14T08:23:50+00:00
SAO_3787-10,São Paulo,3550308,True,,1612,,,-23.563545,-46.446155,,,,1,2023-06-14T08:23:59+00:00
SAO_3787-10,São Paulo,3550308,True,,1612,,,-23.5629695,-46.44609975,,,,1,2023-06-14T08:23:32+00:00
SAO_3787-10,São Paulo,3550308,True,,1612,,,-23.601442499999997,-46.3991005,,,,1,2023-06-14T08:24:05+00:00
SAO_6037-10,São Paulo,3550308,True,,33983,,,-23.64887075,-46.78563725,,,,2,2023-06-14T08:23:55+00:00
SAO_6037-10,São Paulo,3550308,True,,33983,,,-23.64904925,-46.78534475,,,,2,2023-06-14T08:23:49+00:00
SAO_6037-10,São Paulo,3550308,True,,33983,,,-23.64887075,-46.78563725,,,,2,2023-06-14T08:23:41+00:00
SAO_6037-10,São Paulo,3550308,True,,33983,,,-23.648520750000003,-46.78621425,,,,2,2023-06-14T08:23:37+00:00
SAO_6037-10,São Paulo,3550308,True,,33983,,,-23.64904925,-46.78534475,,,,2,2023-06-14T08:23:56+00:00
SAO_8001-10,São Paulo,3550308,True,,34019,,,-23.512175499999998,-46.738009999999996,,,,2,2023-06-14T08:23:30+00:00
SAO_2678-10,São Paulo,3550308,True,,33151,,,-23.4938845,-46.37678150000001,,,,2,2023-06-14T08:23:51+00:00
SAO_3006-10,São Paulo,3550308,True,,1865,,,-23.548099999999998,-46.389815,,,,1,2023-06-14T08:23:49+00:00
SAO_3006-10,São Paulo,3550308,True,,1865,,,-23.548099999999998,-46.389815,,,,1,2023-06-14T08:22:54+00:00
SAO_3006-10,São Paulo,3550308,True,,1865,,,-23.548099999999998,-46.389815,,,,1,2023-06-14T08:23:26+00:00
SAO_3006-10,São Paulo,3550308,True,,1865,,,-23.548099999999998,-46.389815,,,,1,2023-06-14T08:22:30+00:00
SAO_3006-10,São Paulo,3550308,True,,1865,,,-23.545839,-46.393084,,,,1,2023-06-14T08:22:16+00:00
SAO_3027-10,São Paulo,3550308,True,,963,,,-23.5431935,-46.4152505,,,,1,2023-06-14T08:24:04+00:00
SAO_3027-10,São Paulo,3550308,True,,963,,,-23.5431935,-46.4152505,,,,1,2023-06-14T08:23:46+00:00
SAO_3064-10,São Paulo,3550308,True,Urubupungá,980,https://moovitapp.com/index/pt-br/transporte_p%C3%BAblico-line-980-Sao_Paulo-242-873835-76224585-0,4.6,-23.5514165,-46.4130915,,,,1,2023-06-14T08:24:01+00:00
SAO_N102-11,São Paulo,3550308,True,,35051,,,-23.5366935,-46.650225750000004,,,,2,2023-06-14T08:24:04+00:00
SAO_5127-10,São Paulo,3550308,True,,1127,,,-23.7015515,-46.640887,,,,1,2023-06-14T08:23:05+00:00
SAO_5127-10,São Paulo,3550308,True,,1127,,,-23.7015515,-46.640887,,,,1,2023-06-14T08:22:56+00:00
SAO_5127-10,São Paulo,3550308,True,,1127,,,-23.7015515,-46.640887,,,,1,2023-06-14T08:23:11+00:00
SAO_2702-10,São Paulo,3550308,True,,33682,,,-23.495196,-46.444438000000005,,,,2,2023-06-14T08:23:45+00:00
SAO_7054-10,São Paulo,3550308,True,,32809,,,-23.6513395,-46.790861,,,,2,2023-06-14T08:23:51+00:00
SAO_7054-10,São Paulo,3550308,True,,32809,,,-23.651447,-46.790718,,,,2,2023-06-14T08:23:51+00:00
SAO_6045-21,São Paulo,3550308,True,,2164,,,-23.694674999999997,-46.793941000000004,,,,1,2023-06-14T08:23:59+00:00
SAO_6045-21,São Paulo,3550308,True,,2164,,,-23.6943805,-46.793962,,,,1,2023-06-14T08:23:32+00:00
SAO_6045-21,São Paulo,3550308,True,,2164,,,-23.6945095,-46.7940355,,,,1,2023-06-14T08:23:29+00:00
SAO_6045-21,São Paulo,3550308,True,,2164,,,-23.6945095,-46.7940355,,,,1,2023-06-14T08:23:59+00:00
SAO_6045-21,São Paulo,3550308,True,,2164,,,-23.6945095,-46.7940355,,,,1,2023-06-14T08:23:51+00:00
SAO_3712-10,São Paulo,3550308,True,,1009,,,-23.551171500000002,-46.425402500000004,,,,1,2023-06-14T08:23:43+00:00
SAO_3712-10,São Paulo,3550308,True,,1009,,,-23.5525595,-46.4257145,,,,1,2023-06-14T08:23:33+00:00
SAO_3712-10,São Paulo,3550308,True,,1009,,,-23.551171500000002,-46.425402500000004,,,,1,2023-06-14T08:24:07+00:00
SAO_3712-10,São Paulo,3550308,True,,1009,,,-23.5525595,-46.4257145,,,,1,2023-06-14T08:23:30+00:00
SAO_3712-10,São Paulo,3550308,True,,1009,,,-23.5525595,-46.4257145,,,,1,2023-06-14T08:24:01+00:00
SAO_3712-10,São Paulo,3550308,True,,1009,,,-23.5525595,-46.4257145,,,,1,2023-06-14T08:23:27+00:00
SAO_3712-10,São Paulo,3550308,True,,1009,,,-23.5525595,-46.4257145,,,,1,2023-06-14T08:23:38+00:00
SAO_3712-10,São Paulo,3550308,True,,1009,,,-23.5525595,-46.4257145,,,,1,2023-06-14T08:24:02+00:00
SAO_7053-10,São Paulo,3550308,True,,1887,,,-23.640779000000002,-46.7825665,,,,1,2023-06-14T08:24:08+00:00
SAO_7053-10,São Paulo,3550308,True,,1887,,,-23.640779000000002,-46.7825665,,,,1,2023-06-14T08:23:25+00:00
SAO_7053-10,São Paulo,3550308,True,,1887,,,-23.654132500000003,-46.788232,,,,1,2023-06-14T08:23:34+00:00
SAO_7053-10,São Paulo,3550308,True,,1887,,,-23.640779000000002,-46.7825665,,,,1,2023-06-14T08:23:54+00:00
SAO_7053-10,São Paulo,3550308,True,,1887,,,-23.640577,-46.7820155,,,,1,2023-06-14T08:24:05+00:00
SAO_3006-10,São Paulo,3550308,True,,34633,,,-23.5473625,-46.3907525,,,,2,2023-06-14T08:23:44+00:00
SAO_N842-11,São Paulo,3550308,True,,35209,,,-23.589444874999998,-46.735837125,,,,2,2023-06-14T08:23:46+00:00
SAO_N537-11,São Paulo,3550308,True,,35157,,,-23.585162,-46.584246,,,,2,2023-06-14T08:24:00+00:00
SAO_6840-10,São Paulo,3550308,True,,32969,,,-23.731476999999998,-46.7859925,,,,2,2023-06-14T08:22:11+00:00
SAO_6840-10,São Paulo,3550308,True,,32969,,,-23.731476999999998,-46.7859925,,,,2,2023-06-14T08:23:52+00:00
SAO_6840-10,São Paulo,3550308,True,,32969,,,-23.731476999999998,-46.7859925,,,,2,2023-06-14T08:23:24+00:00
SAO_6840-10,São Paulo,3550308,True,,32969,,,-23.7317975,-46.7861475,,,,2,2023-06-14T08:24:03+00:00
SAO_6840-10,São Paulo,3550308,True,,32969,,,-23.7317975,-46.7861475,,,,2,2023-06-14T08:23:44+00:00
SAO_6840-10,São Paulo,3550308,True,,32969,,,-23.7312905,-46.7859135,,,,2,2023-06-14T08:23:57+00:00
SAO_8600-22,São Paulo,3550308,True,,34822,,,-23.54222525,-46.6382325,,,,2,2023-06-14T08:24:03+00:00
SAO_8600-22,São Paulo,3550308,True,,34822,,,-23.54222525,-46.6382325,,,,2,2023-06-14T08:23:01+00:00
SAO_N437-11,São Paulo,3550308,True,,2370,,,-23.57857,-46.398303,,,,1,2023-06-14T08:21:55+00:00
SAO_6021-10,São Paulo,3550308,True,EMTU,177,https://moovitapp.com/index/pt-br/transporte_p%C3%BAblico-line-177-Sao_Paulo-242-2038937-36419313-0,5.2,-23.7668205,-46.716344500000005,,,,1,2023-06-14T08:23:29+00:00
SAO_6021-10,São Paulo,3550308,True,EMTU,177,https://moovitapp.com/index/pt-br/transporte_p%C3%BAblico-line-177-Sao_Paulo-242-2038937-36419313-0,5.2,-23.7668205,-46.716344500000005,,,,1,2023-06-14T08:23:50+00:00
SAO_6021-10,São Paulo,3550308,True,EMTU,177,https://moovitapp.com/index/pt-br/transporte_p%C3%BAblico-line-177-Sao_Paulo-242-2038937-36419313-0,5.2,-23.772029,-46.719725999999994,,,,1,2023-06-14T08:19:00+00:00
SAO_3731-10,São Paulo,3550308,True,,33796,,,-23.539182500000003,-46.51704,,,,2,2023-06-14T08:24:00+00:00
SAO_3731-10,São Paulo,3550308,True,,33796,,,-23.538997000000002,-46.5171695,,,,2,2023-06-14T08:21:54+00:00
SAO_3459-10,São Paulo,3550308,True,EMTU,402,https://moovitapp.com/index/pt-br/transporte_p%C3%BAblico-line-402-Sao_Paulo-242-2038937-36419464-0,3.7,-23.5165205,-46.385602000000006,,,,1,2023-06-14T08:18:52+00:00
SAO_3459-10,São Paulo,3550308,True,EMTU,402,https://moovitapp.com/index/pt-br/transporte_p%C3%BAblico-line-402-Sao_Paulo-242-2038937-36419464-0,3.7,-23.5165205,-46.385602000000006,,,,1,2023-06-14T08:23:26+00:00
SAO_3459-10,São Paulo,3550308,True,EMTU,402,https://moovitapp.com/index/pt-br/transporte_p%C3%BAblico-line-402-Sao_Paulo-242-2038937-36419464-0,3.7,-23.5165205,-46.385602000000006,,,,1,2023-06-14T08:23:57+00:00
SAO_3459-10,São Paulo,3550308,True,EMTU,402,https://moovitapp.com/index/pt-br/transporte_p%C3%BAblico-line-402-Sao_Paulo-242-2038937-36419464-0,3.7,-23.5165205,-46.385602000000006,,,,1,2023-06-14T08:23:43+00:00
SAO_3459-10,São Paulo,3550308,True,EMTU,402,https://moovitapp.com/index/pt-br/transporte_p%C3%BAblico-line-402-Sao_Paulo-242-2038937-36419464-0,3.7,-23.5165205,-46.385602000000006,,,,1,2023-06-14T08:23:41+00:00
SAO_172P-10,São Paulo,3550308,True,,858,,,-23.4419105,-46.588513500000005,,,,1,2023-06-14T08:23:54+00:00
SAO_172P-10,São Paulo,3550308,True,,858,,,-23.4418065,-46.5890285,,,,1,2023-06-14T08:23:38+00:00
SAO_172P-10,São Paulo,3550308,True,,858,,,-23.441848999999998,-46.588781499999996,,,,1,2023-06-14T08:23:28+00:00
SAO_172P-10,São Paulo,3550308,True,,858,,,-23.4418065,-46.5890285,,,,1,2023-06-14T08:24:06+00:00
SAO_172P-10,São Paulo,3550308,True,,858,,,-23.441848999999998,-46.588781499999996,,,,1,2023-06-14T08:23:36+00:00
SAO_172P-10,São Paulo,3550308,True,,858,,,-23.4418065,-46.5890285,,,,1,2023-06-14T08:23:44+00:00
SAO_172P-10,São Paulo,3550308,True,,858,,,-23.4418065,-46.5890285,,,,1,2023-06-14T08:23:46+00:00
SAO_6073-10,São Paulo,3550308,True,,1160,,,-23.767210499999997,-46.7163985,,,,1,2023-06-14T08:23:45+00:00
SAO_7049-10,São Paulo,3550308,True,,34680,,,-23.7115665,-46.7780305,,,,2,2023-06-14T08:24:05+00:00
SAO_7049-10,São Paulo,3550308,True,,34680,,,-23.710834499999997,-46.778369,,,,2,2023-06-14T08:23:48+00:00
SAO_7049-10,São Paulo,3550308,True,,34680,,,-23.711143749999998,-46.778219750000005,,,,2,2023-06-14T08:23:50+00:00
SAO_7049-10,São Paulo,3550308,True,,34680,,,-23.7108825,-46.7787665,,,,2,2023-06-14T08:24:00+00:00
SAO_7049-10,São Paulo,3550308,True,,34680,,,-23.71138725,-46.77812725,,,,2,2023-06-14T08:24:02+00:00
SAO_7049-10,São Paulo,3550308,True,,34680,,,-23.6315095,-46.772093,,,,2,2023-06-14T08:24:08+00:00
SAO_7049-10,São Paulo,3550308,True,,34680,,,-23.71138725,-46.77812725,,,,2,2023-06-14T08:23:37+00:00
SAO_2523-10,São Paulo,3550308,True,Cidade de Caieiras,250,https://moovitapp.com/index/pt-br/transporte_p%C3%BAblico-line-250-Sao_Paulo-242-868761-752902-0,5.0,-23.5182095,-46.475659,,,,1,2023-06-14T08:23:56+00:00
SAO_2523-10,São Paulo,3550308,True,Cidade de Caieiras,250,https://moovitapp.com/index/pt-br/transporte_p%C3%BAblico-line-250-Sao_Paulo-242-868761-752902-0,5.0,-23.5182095,-46.475659,,,,1,2023-06-14T08:23:31+00:00
SAO_2523-10,São Paulo,3550308,True,Cidade de Caieiras,250,https://moovitapp.com/index/pt-br/transporte_p%C3%BAblico-line-250-Sao_Paulo-242-868761-752902-0,5.0,-23.5182095,-46.475659,,,,1,2023-06-14T08:24:04+00:00
SAO_2523-10,São Paulo,3550308,True,Cidade de Caieiras,250,https://moovitapp.com/index/pt-br/transporte_p%C3%BAblico-line-250-Sao_Paulo-242-868761-752902-0,5.0,-23.5182095,-46.475659,,,,1,2023-06-14T08:23:56+00:00
SAO_5630-10,São Paulo,3550308,True,,78,,,-23.7374635,-46.697805,,,,1,2023-06-14T08:23:27+00:00
SAO_5630-10,São Paulo,3550308,True,,78,,,-23.7374635,-46.697805,,,,1,2023-06-14T08:23:43+00:00
SAO_5630-10,São Paulo,3550308,True,,78,,,-23.7374635,-46.697805,,,,1,2023-06-14T08:23:28+00:00
SAO_5630-10,São Paulo,3550308,True,,78,,,-23.7374635,-46.697805,,,,1,2023-06-14T08:23:56+00:00
SAO_6822-10,São Paulo,3550308,True,Del Rey,22,https://moovitapp.com/index/pt-br/transporte_p%C3%BAblico-line-22-Sao_Paulo-242-868760-496394-0,4.5,-23.653073499999998,-46.7778225,,,,1,2023-06-14T08:23:45+00:00
SAO_6822-10,São Paulo,3550308,True,Del Rey,22,https://moovitapp.com/index/pt-br/transporte_p%C3%BAblico-line-22-Sao_Paulo-242-868760-496394-0,4.5,-23.653551,-46.777357,,,,1,2023-06-14T08:24:00+00:00
SAO_6822-10,São Paulo,3550308,True,Del Rey,22,https://moovitapp.com/index/pt-br/transporte_p%C3%BAblico-line-22-Sao_Paulo-242-868760-496394-0,4.5,-23.653551,-46.777357,,,,1,2023-06-14T08:23:49+00:00
SAO_6822-10,São Paulo,3550308,True,Del Rey,22,https://moovitapp.com/index/pt-br/transporte_p%C3%BAblico-line-22-Sao_Paulo-242-868760-496394-0,4.5,-23.65279,-46.778128499999994,,,,1,2023-06-14T08:24:05+00:00
SAO_6822-10,São Paulo,3550308,True,Del Rey,22,https://moovitapp.com/index/pt-br/transporte_p%C3%BAblico-line-22-Sao_Paulo-242-868760-496394-0,4.5,-23.65279,-46.778128499999994,,,,1,2023-06-14T08:23:29+00:00
SAO_N302-11,São Paulo,3550308,True,,35104,,,-23.501882000000002,-46.4779185,,,,2,2023-06-14T08:24:06+00:00
SAO_N302-11,São Paulo,3550308,True,,35104,,,-23.540765375,-46.62913525,,,,2,2023-06-14T08:23:47+00:00
SAO_N741-11,São Paulo,3550308,True,,35190,,,-23.6605745,-46.7677615,,,,2,2023-06-14T08:23:36+00:00
SAO_N405-11,São Paulo,3550308,True,,35129,,,-23.558113,-46.5233375,,,,2,2023-06-14T08:24:08+00:00
SAO_N802-11,São Paulo,3550308,True,,35197,,,-23.565608875,-46.647713249999995,,,,2,2023-06-14T08:23:56+00:00
SAO_6063-42,São Paulo,3550308,True,,34770,,,-23.809403,-46.6612485,,,,2,2023-06-14T08:23:32+00:00
SAO_6063-42,São Paulo,3550308,True,,34770,,,-23.766307,-46.7160825,,,,2,2023-06-14T08:23:57+00:00
SAO_N139-11,São Paulo,3550308,True,,35063,,,-23.46029375,-46.714616,,,,2,2023-06-14T08:23:27+00:00
SAO_8013-41,São Paulo,3550308,True,,34779,,,-23.432513,-46.8004985,,,,2,2023-06-14T08:23:39+00:00
SAO_2551-10,São Paulo,3550308,True,,32909,,,-23.546832000000002,-46.6301665,,,,2,2023-06-14T08:23:55+00:00
SAO_2551-10,São Paulo,3550308,True,,32909,,,-23.546832000000002,-46.6301665,,,,2,2023-06-14T08:23:54+00:00
SAO_2551-10,São Paulo,3550308,True,,32909,,,-23.546832000000002,-46.6301665,,,,2,2023-06-14T08:23:29+00:00
SAO_2551-10,São Paulo,3550308,True,,32909,,,-23.546832000000002,-46.6301665,,,,2,2023-06-14T08:23:41+00:00
SAO_2551-10,São Paulo,3550308,True,,32909,,,-23.546832000000002,-46.6301665,,,,2,2023-06-14T08:23:31+00:00
SAO_2551-10,São Paulo,3550308,True,,32909,,,-23.546832000000002,-46.6301665,,,,2,2023-06-14T08:23:55+00:00
SAO_2551-10,São Paulo,3550308,True,,32909,,,-23.546832000000002,-46.6301665,,,,2,2023-06-14T08:24:03+00:00
SAO_2551-10,São Paulo,3550308,True,,32909,,,-23.546832000000002,-46.6301665,,,,2,2023-06-14T08:23:57+00:00
SAO_N731-11,São Paulo,3550308,True,,2412,,,-23.6540525,-46.712609,,,,1,2023-06-14T08:24:00+00:00
SAO_2723-10,São Paulo,3550308,True,,33705,,,-23.487481000000002,-46.463549,,,,2,2023-06-14T08:23:31+00:00
SAO_2723-10,São Paulo,3550308,True,,33705,,,-23.487599000000003,-46.4633835,,,,2,2023-06-14T08:23:33+00:00
SAO_2723-10,São Paulo,3550308,True,,33705,,,-23.4873525,-46.463664,,,,2,2023-06-14T08:23:54+00:00
SAO_2723-10,São Paulo,3550308,True,,33705,,,-23.487599000000003,-46.4633835,,,,2,2023-06-14T08:24:00+00:00
SAO_2723-10,São Paulo,3550308,True,,33705,,,-23.487599000000003,-46.4633835,,,,2,2023-06-14T08:24:01+00:00
SAO_2723-10,São Paulo,3550308,True,,33705,,,-23.487481000000002,-46.463549,,,,2,2023-06-14T08:23:26+00:00
SAO_2723-10,São Paulo,3550308,True,,33705,,,-23.487599000000003,-46.4633835,,,,2,2023-06-14T08:24:04+00:00
SAO_2723-10,São Paulo,3550308,True,,33705,,,-23.487481000000002,-46.463549,,,,2,2023-06-14T08:23:52+00:00
SAO_2723-10,São Paulo,3550308,True,,33705,,,-23.487599000000003,-46.4633835,,,,2,2023-06-14T08:23:37+00:00
SAO_2723-10,São Paulo,3550308,True,,33705,,,-23.487599000000003,-46.4633835,,,,2,2023-06-14T08:23:46+00:00
SAO_2723-10,São Paulo,3550308,True,,33705,,,-23.487599000000003,-46.4633835,,,,2,2023-06-14T08:23:33+00:00
SAO_N502-11,São Paulo,3550308,True,,2376,,,-23.6033435,-46.602573,,,,1,2023-06-14T08:23:55+00:00
SAO_N502-11,São Paulo,3550308,True,,2376,,,-23.5459845,-46.630508,,,,1,2023-06-14T08:23:38+00:00
SAO_6072-23,São Paulo,3550308,True,,2004,,,-23.767591,-46.7163045,,,,1,2023-06-14T08:23:32+00:00
SAO_6072-23,São Paulo,3550308,True,,2004,,,-23.767591,-46.7163045,,,,1,2023-06-14T08:24:07+00:00
SAO_6072-23,São Paulo,3550308,True,,2004,,,-23.767591,-46.7163045,,,,1,2023-06-14T08:23:38+00:00
SAO_5105-10,São Paulo,3550308,True,,1651,,,-23.602994000000002,-46.602816000000004,,,,1,2023-06-14T08:23:42+00:00
SAO_5105-10,São Paulo,3550308,True,,1651,,,-23.602994000000002,-46.602816000000004,,,,1,2023-06-14T08:23:31+00:00
SAO_5105-10,São Paulo,3550308,True,,1651,,,-23.602994000000002,-46.602816000000004,,,,1,2023-06-14T08:23:25+00:00
SAO_5105-10,São Paulo,3550308,True,,1651,,,-23.602994000000002,-46.602816000000004,,,,1,2023-06-14T08:23:35+00:00
SAO_5105-10,São Paulo,3550308,True,,1651,,,-23.602994000000002,-46.602816000000004,,,,1,2023-06-14T08:23:25+00:00
SAO_5105-10,São Paulo,3550308,True,,1651,,,-23.602994000000002,-46.602816000000004,,,,1,2023-06-14T08:23:34+00:00
SAO_N136-11,São Paulo,3550308,True,,2292,,,-23.519959,-46.700407999999996,,,,1,2023-06-14T08:24:04+00:00
SAO_576C-10,São Paulo,3550308,True,,1290,,,-23.6460415,-46.644780499999996,,,,1,2023-06-14T08:23:38+00:00
SAO_576C-10,São Paulo,3550308,True,,1290,,,-23.6460055,-46.644996,,,,1,2023-06-14T08:23:49+00:00
SAO_576C-10,São Paulo,3550308,True,,1290,,,-23.646987000000003,-46.6452945,,,,1,2023-06-14T08:23:57+00:00
SAO_3006-21,São Paulo,3550308,True,,35318,,,-23.542133,-46.4148525,,,,2,2023-06-14T08:22:09+00:00
SAO_3736-10,São Paulo,3550308,True,,1036,,,-23.575533,-46.4834125,,,,1,2023-06-14T08:23:26+00:00
SAO_3736-10,São Paulo,3550308,True,,1036,,,-23.575533,-46.4834125,,,,1,2023-06-14T08:19:23+00:00
SAO_3736-10,São Paulo,3550308,True,,1036,,,-23.575533,-46.4834125,,,,1,2023-06-14T08:23:58+00:00
SAO_3736-10,São Paulo,3550308,True,,1036,,,-23.575533,-46.4834125,,,,1,2023-06-14T08:23:27+00:00
SAO_3736-10,São Paulo,3550308,True,,1036,,,-23.575533,-46.4834125,,,,1,2023-06-14T08:23:31+00:00
SAO_3736-10,São Paulo,3550308,True,,1036,,,-23.575533,-46.4834125,,,,1,2023-06-14T08:23:26+00:00
SAO_3736-10,São Paulo,3550308,True,,1036,,,-23.575533,-46.4834125,,,,1,2023-06-14T08:23:53+00:00
SAO_6042-21,São Paulo,3550308,True,,1775,,,-23.674391999999997,-46.769508,,,,1,2023-06-14T08:23:39+00:00
SAO_6042-21,São Paulo,3550308,True,,1775,,,-23.674391999999997,-46.769508,,,,1,2023-06-14T08:23:41+00:00
SAO_N507-11,São Paulo,3550308,True,,2381,,,-23.51237975,-46.58563975,,,,1,2023-06-14T08:23:53+00:00
SAO_N746-11,São Paulo,3550308,True,,2427,,,-23.6625825,-46.7936165,,,,1,2023-06-14T08:24:00+00:00
SAO_373L-10,São Paulo,3550308,True,,1027,,,-23.614715500000003,-46.423099,,,,1,2023-06-14T08:23:54+00:00
SAO_7053-10,São Paulo,3550308,True,,34655,,,-23.654055,-46.78842275,,,,2,2023-06-14T08:23:59+00:00
SAO_7053-10,São Paulo,3550308,True,,34655,,,-23.653941000000003,-46.78870825,,,,2,2023-06-14T08:23:26+00:00
SAO_7053-10,São Paulo,3550308,True,,34655,,,-23.653941000000003,-46.78870825,,,,2,2023-06-14T08:23:31+00:00
SAO_7053-10,São Paulo,3550308,True,,34655,,,-23.653941000000003,-46.78870825,,,,2,2023-06-14T08:23:58+00:00
SAO_7053-10,São Paulo,3550308,True,,34655,,,-23.653941000000003,-46.78870825,,,,2,2023-06-14T08:23:52+00:00
SAO_7053-10,São Paulo,3550308,True,,34655,,,-23.653941000000003,-46.78870825,,,,2,2023-06-14T08:23:25+00:00
SAO_N601-11,São Paulo,3550308,True,,35160,,,-23.619585999999998,-46.66211,,,,2,2023-06-14T08:23:47+00:00
SAO_N601-11,São Paulo,3550308,True,,35160,,,-23.5468745,-46.630641499999996,,,,2,2023-06-14T08:24:04+00:00
SAO_3787-10,São Paulo,3550308,True,,34380,,,-23.56241275,-46.4461925,,,,2,2023-06-14T08:22:45+00:00
SAO_N237-11,São Paulo,3550308,True,,2326,,,-23.480306,-46.602554,,,,1,2023-06-14T08:23:32+00:00
SAO_6041-10,São Paulo,3550308,True,,1218,,,-23.690493500000002,-46.780443,,,,1,2023-06-14T08:23:50+00:00
SAO_6041-10,São Paulo,3550308,True,,1218,,,-23.690493500000002,-46.780443,,,,1,2023-06-14T08:24:01+00:00
SAO_6041-10,São Paulo,3550308,True,,1218,,,-23.690493500000002,-46.780443,,,,1,2023-06-14T08:23:43+00:00
SAO_N207-11,São Paulo,3550308,True,,35085,,,-23.495852,-46.6619745,,,,2,2023-06-14T08:23:49+00:00
SAO_N306-11,São Paulo,3550308,True,,35108,,,-23.49155,-46.434219,,,,2,2023-06-14T08:23:25+00:00
SAO_N735-11,São Paulo,3550308,True,,2416,,,-23.693404,-46.783347,,,,1,2023-06-14T08:23:35+00:00
SAO_8015-10,São Paulo,3550308,True,,34113,,,-23.404953,-46.744240250000004,,,,2,2023-06-14T08:23:25+00:00
SAO_9717-10,São Paulo,3550308,True,,817,,,-23.4774045,-46.681499,,,,1,2023-06-14T08:23:41+00:00
SAO_5300-10,São Paulo,3550308,True,EMTU,354,https://moovitapp.com/index/pt-br/transporte_p%C3%BAblico-line-354-Sao_Paulo-242-2038937-36419437-0,7.55,-23.654195,-46.711744499999995,,,,1,2023-06-14T08:24:06+00:00
SAO_5300-10,São Paulo,3550308,True,EMTU,354,https://moovitapp.com/index/pt-br/transporte_p%C3%BAblico-line-354-Sao_Paulo-242-2038937-36419437-0,7.55,-23.654195,-46.711744499999995,,,,1,2023-06-14T08:23:48+00:00
SAO_5300-10,São Paulo,3550308,True,EMTU,354,https://moovitapp.com/index/pt-br/transporte_p%C3%BAblico-line-354-Sao_Paulo-242-2038937-36419437-0,7.55,-23.654195,-46.711744499999995,,,,1,2023-06-14T08:23:48+00:00
SAO_5300-10,São Paulo,3550308,True,EMTU,354,https://moovitapp.com/index/pt-br/transporte_p%C3%BAblico-line-354-Sao_Paulo-242-2038937-36419437-0,7.55,-23.654195,-46.711744499999995,,,,1,2023-06-14T08:23:25+00:00
SAO_5300-10,São Paulo,3550308,True,EMTU,354,https://moovitapp.com/index/pt-br/transporte_p%C3%BAblico-line-354-Sao_Paulo-242-2038937-36419437-0,7.55,-23.654195,-46.711744499999995,,,,1,2023-06-14T08:23:57+00:00
SAO_6063-10,São Paulo,3550308,True,,33920,,,-23.783673,-46.6827105,,,,2,2023-06-14T08:24:09+00:00
SAO_6063-10,São Paulo,3550308,True,,33920,,,-23.783673,-46.6827105,,,,2,2023-06-14T08:23:49+00:00
SAO_709M-10,São Paulo,3550308,True,,35230,,,-23.566688,-46.701549,,,,2,2023-06-14T08:24:01+00:00
SAO_709M-10,São Paulo,3550308,True,,35230,,,-23.566688,-46.701549,,,,2,2023-06-14T08:23:51+00:00
SAO_709M-10,São Paulo,3550308,True,,35230,,,-23.566688,-46.701549,,,,2,2023-06-14T08:23:50+00:00
SAO_N438-11,São Paulo,3550308,True,,35139,,,-23.5929225,-46.4445815,,,,2,2023-06-14T08:23:45+00:00
SAO_3735-10,São Paulo,3550308,True,,1035,,,-23.545997749999998,-46.5014535,,,,1,2023-06-14T08:23:43+00:00
SAO_6063-42,São Paulo,3550308,True,,2002,,,-23.7766585,-46.69615725,,,,1,2023-06-14T08:24:07+00:00
SAO_390E-10,São Paulo,3550308,True,,34650,,,-23.540104,-46.611777249999996,,,,2,2023-06-14T08:23:52+00:00
SAO_3773-10,São Paulo,3550308,True,,1059,,,-23.615941999999997,-46.464735000000005,,,,1,2023-06-14T08:23:53+00:00
SAO_6052-10,São Paulo,3550308,True,,33912,,,-23.775509999999997,-46.691679,,,,2,2023-06-14T08:23:28+00:00
SAO_6052-10,São Paulo,3550308,True,,33912,,,-23.775509999999997,-46.691679,,,,2,2023-06-14T08:23:58+00:00
SAO_6052-10,São Paulo,3550308,True,,33912,,,-23.775509999999997,-46.691679,,,,2,2023-06-14T08:24:00+00:00
SAO_6052-10,São Paulo,3550308,True,,33912,,,-23.775509999999997,-46.691679,,,,2,2023-06-14T08:23:35+00:00
SAO_6052-10,São Paulo,3550308,True,,33912,,,-23.775509999999997,-46.691679,,,,2,2023-06-14T08:23:46+00:00
SAO_6052-10,São Paulo,3550308,True,,33912,,,-23.775509999999997,-46.691679,,,,2,2023-06-14T08:24:04+00:00
SAO_6052-10,São Paulo,3550308,True,,33912,,,-23.775509999999997,-46.691679,,,,2,2023-06-14T08:23:29+00:00
SAO_N837-11,São Paulo,3550308,True,,2436,,,-23.589502,-46.771998499999995,,,,1,2023-06-14T08:23:23+00:00
SAO_N505-11,São Paulo,3550308,True,,2379,,,-23.577859,-46.68641674999999,,,,1,2023-06-14T08:24:05+00:00
SAO_N332-11,São Paulo,3550308,True,,2344,,,-23.488895499999998,-46.5047245,,,,1,2023-06-14T08:24:06+00:00
SAO_N743-11,São Paulo,3550308,True,,35192,,,-23.6840925,-46.7617525,,,,2,2023-06-14T08:23:25+00:00
SAO_9011-10,São Paulo,3550308,True,,33646,,,-23.47494,-46.67014399999999,,,,2,2023-06-14T08:23:56+00:00
SAO_9011-10,São Paulo,3550308,True,,33646,,,-23.47494,-46.67014399999999,,,,2,2023-06-14T08:23:59+00:00
SAO_9011-10,São Paulo,3550308,True,,33646,,,-23.47494,-46.67014399999999,,,,2,2023-06-14T08:23:15+00:00
SAO_N308-11,São Paulo,3550308,True,,35110,,,-23.543874125,-46.589819250000005,,,,2,2023-06-14T08:23:24+00:00
SAO_N308-11,São Paulo,3550308,True,,35110,,,-23.542654,-46.470171,,,,2,2023-06-14T08:23:45+00:00
SAO_N503-11,São Paulo,3550308,True,,2377,,,-23.6132505,-46.476259999999996,,,,1,2023-06-14T08:23:37+00:00
SAO_N503-11,São Paulo,3550308,True,,2377,,,-23.575243375,-46.55349275,,,,1,2023-06-14T08:23:55+00:00
SAO_7060-10,São Paulo,3550308,True,,1889,,,-23.653551,-46.777357,,,,1,2023-06-14T08:23:34+00:00
SAO_7060-10,São Paulo,3550308,True,,1889,,,-23.653551,-46.777357,,,,1,2023-06-14T08:24:01+00:00
SAO_5110-10,São Paulo,3550308,True,,2209,,,-23.547036,-46.628932,,,,1,2023-06-14T08:23:38+00:00
SAO_N704-11,São Paulo,3550308,True,,35177,,,-23.6541255,-46.711158,,,,2,2023-06-14T08:23:41+00:00
SAO_N832-11,São Paulo,3550308,True,,2431,,,-23.554163375,-46.756487125,,,,1,2023-06-14T08:24:05+00:00
SAO_6036-10,São Paulo,3550308,True,,1214,,,-23.6538115,-46.789655499999995,,,,1,2023-06-14T08:23:43+00:00
SAO_6036-10,São Paulo,3550308,True,,1214,,,-23.6538115,-46.789655499999995,,,,1,2023-06-14T08:23:50+00:00
SAO_6036-10,São Paulo,3550308,True,,1214,,,-23.65376725,-46.79044725,,,,1,2023-06-14T08:23:42+00:00
SAO_7057-10,São Paulo,3550308,True,,34665,,,-23.64922775,-46.78505225,,,,2,2023-06-14T08:23:53+00:00
SAO_7057-10,São Paulo,3550308,True,,34665,,,-23.64922775,-46.78505225,,,,2,2023-06-14T08:23:55+00:00
SAO_7057-10,São Paulo,3550308,True,,34665,,,-23.64904925,-46.78534475,,,,2,2023-06-14T08:24:08+00:00
SAO_7057-10,São Paulo,3550308,True,,34665,,,-23.64922775,-46.78505225,,,,2,2023-06-14T08:23:34+00:00
SAO_675X-10,São Paulo,3550308,True,,32879,,,-23.737090000000002,-46.697100000000006,,,,2,2023-06-14T08:23:29+00:00
SAO_675X-10,São Paulo,3550308,True,,32879,,,-23.7377555,-46.6976535,,,,2,2023-06-14T08:23:54+00:00
SAO_N432-11,São Paulo,3550308,True,,35133,,,-23.627527999999998,-46.445901,,,,2,2023-06-14T08:23:44+00:00
SAO_N536-11,São Paulo,3550308,True,,35156,,,-23.586438,-46.5449575,,,,2,2023-06-14T08:24:00+00:00
SAO_128Y-10,São Paulo,3550308,True,EMTU,843,https://moovitapp.com/index/pt-br/transporte_p%C3%BAblico-line-843-Sao_Paulo-242-2038937-36419606-0,4.1,-23.4577015,-46.6729265,,,,1,2023-06-14T08:24:02+00:00
SAO_5362-41,São Paulo,3550308,True,,72,,,-23.74494,-46.667812,,,,1,2023-06-14T08:24:01+00:00
SAO_5362-41,São Paulo,3550308,True,,72,,,-23.745211124999997,-46.666166125000004,,,,1,2023-06-14T08:23:26+00:00
SAO_7054-10,São Paulo,3550308,True,,41,,,-23.6517055,-46.7906215,,,,1,2023-06-14T08:22:50+00:00
SAO_7054-10,São Paulo,3550308,True,,41,,,-23.6517055,-46.7906215,,,,1,2023-06-14T08:23:56+00:00
SAO_N405-11,São Paulo,3550308,True,,2361,,,-23.542745500000002,-46.470704,,,,1,2023-06-14T08:23:40+00:00
SAO_675N-10,São Paulo,3550308,True,EMTU,362,https://moovitapp.com/index/pt-br/transporte_p%C3%BAblico-line-362-Sao_Paulo-242-2038937-36419443-0,6.25,-23.6544285,-46.7148,,,,1,2023-06-14T08:23:41+00:00
SAO_7053-22,São Paulo,3550308,True,,1896,,,-23.642704000000002,-46.786391249999994,,,,1,2023-06-14T08:23:48+00:00
SAO_7053-22,São Paulo,3550308,True,,1896,,,-23.645486499999997,-46.789591,,,,1,2023-06-14T08:23:28+00:00
SAO_N235-11,São Paulo,3550308,True,,35092,,,-23.463556250000003,-46.65331575,,,,2,2023-06-14T08:24:01+00:00
SAO_6038-10,São Paulo,3550308,True,,33984,,,-23.658400999999998,-46.78931475,,,,2,2023-06-14T08:23:33+00:00
SAO_6038-10,São Paulo,3550308,True,,33984,,,-23.6580875,-46.789572,,,,2,2023-06-14T08:20:57+00:00
SAO_6038-10,São Paulo,3550308,True,,33984,,,-23.658609,-46.78921425,,,,2,2023-06-14T08:23:46+00:00
SAO_6038-10,São Paulo,3550308,True,,33984,,,-23.6582735,-46.7893885,,,,2,2023-06-14T08:24:01+00:00
SAO_6038-10,São Paulo,3550308,True,,33984,,,-23.6582735,-46.7893885,,,,2,2023-06-14T08:23:37+00:00
SAO_N335-11,São Paulo,3550308,True,,2347,,,-23.504414625,-46.488230375,,,,1,2023-06-14T08:20:55+00:00
SAO_2703-10,São Paulo,3550308,True,Urubupungá,915,https://moovitapp.com/index/pt-br/transporte_p%C3%BAblico-line-915-Sao_Paulo-242-873835-75841134-0,4.6,-23.529542499999998,-46.420608,,,,1,2023-06-14T08:23:54+00:00
SAO_2703-10,São Paulo,3550308,True,Urubupungá,915,https://moovitapp.com/index/pt-br/transporte_p%C3%BAblico-line-915-Sao_Paulo-242-873835-75841134-0,4.6,-23.529542499999998,-46.420608,,,,1,2023-06-14T08:23:35+00:00
SAO_2703-10,São Paulo,3550308,True,Urubupungá,915,https://moovitapp.com/index/pt-br/transporte_p%C3%BAblico-line-915-Sao_Paulo-242-873835-75841134-0,4.6,-23.529542499999998,-46.420608,,,,1,2023-06-14T08:24:08+00:00
SAO_2703-10,São Paulo,3550308,True,Urubupungá,915,https://moovitapp.com/index/pt-br/transporte_p%C3%BAblico-line-915-Sao_Paulo-242-873835-75841134-0,4.6,-23.529542499999998,-46.420608,,,,1,2023-06-14T08:23:31+00:00
SAO_2703-10,São Paulo,3550308,True,Urubupungá,915,https://moovitapp.com/index/pt-br/transporte_p%C3%BAblico-line-915-Sao_Paulo-242-873835-75841134-0,4.6,-23.529542499999998,-46.420608,,,,1,2023-06-14T08:23:28+00:00
SAO_2703-10,São Paulo,3550308,True,Urubupungá,915,https://moovitapp.com/index/pt-br/transporte_p%C3%BAblico-line-915-Sao_Paulo-242-873835-75841134-0,4.6,-23.529542499999998,-46.420608,,,,1,2023-06-14T08:23:36+00:00
SAO_2703-10,São Paulo,3550308,True,Urubupungá,915,https://moovitapp.com/index/pt-br/transporte_p%C3%BAblico-line-915-Sao_Paulo-242-873835-75841134-0,4.6,-23.529542499999998,-46.420608,,,,1,2023-06-14T08:23:29+00:00
SAO_N635-11,São Paulo,3550308,True,,35168,,,-23.7364975,-46.69661000000001,,,,2,2023-06-14T08:23:45+00:00
SAO_N635-11,São Paulo,3550308,True,,35168,,,-23.734871,-46.662038499999994,,,,2,2023-06-14T08:23:54+00:00
SAO_N304-11,São Paulo,3550308,True,,35106,,,-23.4935,-46.449896,,,,2,2023-06-14T08:23:52+00:00
SAO_390E-10,São Paulo,3550308,True,,1882,,,-23.539987,-46.61139225,,,,1,2023-06-14T08:23:39+00:00
SAO_390E-10,São Paulo,3550308,True,,1882,,,-23.540104,-46.611777249999996,,,,1,2023-06-14T08:24:08+00:00
SAO_2724-10,São Paulo,3550308,True,,938,,,-23.5396445,-46.483602,,,,1,2023-06-14T08:24:02+00:00
SAO_2724-10,São Paulo,3550308,True,,938,,,-23.5396445,-46.483602,,,,1,2023-06-14T08:23:58+00:00
SAO_2724-10,São Paulo,3550308,True,,938,,,-23.5396445,-46.483602,,,,1,2023-06-14T08:23:53+00:00
SAO_2724-10,São Paulo,3550308,True,,938,,,-23.5396445,-46.483602,,,,1,2023-06-14T08:23:48+00:00
SAO_2724-10,São Paulo,3550308,True,,938,,,-23.5396445,-46.483602,,,,1,2023-06-14T08:23:29+00:00
SAO_2724-10,São Paulo,3550308,True,,938,,,-23.5396445,-46.483602,,,,1,2023-06-14T08:23:45+00:00
SAO_2724-10,São Paulo,3550308,True,,938,,,-23.5396445,-46.483602,,,,1,2023-06-14T08:24:00+00:00
SAO_9023-10,São Paulo,3550308,True,,34205,,,-23.442075,-46.7130055,,,,2,2023-06-14T08:23:24+00:00
SAO_N102-11,São Paulo,3550308,True,,2283,,,-23.520449499999998,-46.6996115,,,,1,2023-06-14T08:23:47+00:00
SAO_N102-11,São Paulo,3550308,True,,2283,,,-23.5520875,-46.636109000000005,,,,1,2023-06-14T08:24:07+00:00
SAO_N740-11,São Paulo,3550308,True,,35189,,,-23.690655,-46.774251500000005,,,,2,2023-06-14T08:23:30+00:00
SAO_N638-11,São Paulo,3550308,True,,35171,,,-23.7360415,-46.6963535,,,,2,2023-06-14T08:23:57+00:00
SAO_N305-11,São Paulo,3550308,True,,2339,,,-23.542614,-46.4155005,,,,1,2023-06-14T08:24:00+00:00
SAO_N304-11,São Paulo,3550308,True,,2338,,,-23.527739500000003,-46.5518895,,,,1,2023-06-14T08:23:54+00:00
SAO_7017-10,São Paulo,3550308,True,,2502,,,-23.6931665,-46.791157,,,,1,2023-06-14T08:23:58+00:00
SAO_7017-10,São Paulo,3550308,True,,2502,,,-23.6931665,-46.791157,,,,1,2023-06-14T08:23:51+00:00
SAO_N538-11,São Paulo,3550308,True,,35158,,,-23.6391525,-46.6134085,,,,2,2023-06-14T08:24:04+00:00
SAO_N842-11,São Paulo,3550308,True,,2441,,,-23.574828,-46.76181725,,,,1,2023-06-14T08:24:00+00:00
SAO_2008-10,São Paulo,3550308,True,,897,,,-23.513869999999997,-46.391301999999996,,,,1,2023-06-14T08:23:51+00:00
SAO_N531-11,São Paulo,3550308,True,,2383,,,-23.579445749999998,-46.580741249999996,,,,1,2023-06-14T08:24:04+00:00
SAO_N604-11,São Paulo,3550308,True,,2395,,,-23.614318500000003,-46.638217749999995,,,,1,2023-06-14T08:24:07+00:00
SAO_N604-11,São Paulo,3550308,True,,2395,,,-23.547184,-46.6304925,,,,1,2023-06-14T08:24:00+00:00
SAO_372F-10,São Paulo,3550308,True,,33783,,,-23.552103000000002,-46.598889,,,,2,2023-06-14T08:24:08+00:00
SAO_372F-10,São Paulo,3550308,True,,33783,,,-23.552103000000002,-46.598889,,,,2,2023-06-14T08:23:41+00:00
SAO_372F-10,São Paulo,3550308,True,,33783,,,-23.552103000000002,-46.598889,,,,2,2023-06-14T08:23:48+00:00
SAO_7053-21,São Paulo,3550308,True,,34663,,,-23.642522,-46.786126499999995,,,,2,2023-06-14T08:23:52+00:00
SAO_7053-21,São Paulo,3550308,True,,34663,,,-23.64219025,-46.78573025,,,,2,2023-06-14T08:23:56+00:00
SAO_7053-21,São Paulo,3550308,True,,34663,,,-23.642771,-46.786125,,,,2,2023-06-14T08:23:58+00:00
SAO_N834-11,São Paulo,3550308,True,,2433,,,-23.5482615,-46.69169,,,,1,2023-06-14T08:24:05+00:00
SAO_N742-11,São Paulo,3550308,True,,35191,,,-23.6367305,-46.73697249999999,,,,2,2023-06-14T08:24:01+00:00
SAO_N340-11,São Paulo,3550308,True,,2352,,,-23.5254165,-46.4318815,,,,1,2023-06-14T08:23:23+00:00
SAO_675M-10,São Paulo,3550308,True,ETT,108,https://moovitapp.com/index/pt-br/transporte_p%C3%BAblico-line-108-Sao_Paulo-242-876373-496510-0,5.3,-23.64675425,-46.645568,,,,1,2023-06-14T08:23:53+00:00
SAO_675M-10,São Paulo,3550308,True,ETT,108,https://moovitapp.com/index/pt-br/transporte_p%C3%BAblico-line-108-Sao_Paulo-242-876373-496510-0,5.3,-23.6461565,-46.644951,,,,1,2023-06-14T08:23:41+00:00
SAO_675M-10,São Paulo,3550308,True,ETT,108,https://moovitapp.com/index/pt-br/transporte_p%C3%BAblico-line-108-Sao_Paulo-242-876373-496510-0,5.3,-23.646229499999997,-46.646701500000006,,,,1,2023-06-14T08:23:24+00:00
SAO_675M-10,São Paulo,3550308,True,ETT,108,https://moovitapp.com/index/pt-br/transporte_p%C3%BAblico-line-108-Sao_Paulo-242-876373-496510-0,5.3,-23.6784805,-46.684785500000004,,,,1,2023-06-14T08:20:40+00:00
SAO_N202-11,São Paulo,3550308,True,,2312,,,-23.559818125,-46.685276625,,,,1,2023-06-14T08:20:57+00:00
SAO_3718-10,São Paulo,3550308,True,,1013,,,-23.557025,-46.4865765,,,,1,2023-06-14T08:23:41+00:00
SAO_3718-10,São Paulo,3550308,True,,1013,,,-23.557025,-46.4865765,,,,1,2023-06-14T08:23:48+00:00
SAO_2006-10,São Paulo,3550308,True,,895,,,-23.510832999999998,-46.366727,,,,1,2023-06-14T08:23:40+00:00
SAO_2006-10,São Paulo,3550308,True,,895,,,-23.506819874999998,-46.366454125,,,,1,2023-06-14T08:23:18+00:00
SAO_1017-10,São Paulo,3550308,True,,34909,,,-23.413738000000002,-46.750985,,,,2,2023-06-14T08:24:00+00:00
SAO_6072-10,São Paulo,3550308,True,,1588,,,-23.7850125,-46.7141935,,,,1,2023-06-14T08:23:31+00:00
SAO_6072-10,São Paulo,3550308,True,,1588,,,-23.7665845,-46.7163125,,,,1,2023-06-14T08:23:35+00:00
SAO_3766-10,São Paulo,3550308,True,,1055,,,-23.553675499999997,-46.427672,,,,1,2023-06-14T08:23:38+00:00
SAO_3766-10,São Paulo,3550308,True,,1055,,,-23.553675499999997,-46.427672,,,,1,2023-06-14T08:23:37+00:00
SAO_3766-10,São Paulo,3550308,True,,1055,,,-23.553675499999997,-46.427672,,,,1,2023-06-14T08:24:07+00:00
SAO_3766-10,São Paulo,3550308,True,,1055,,,-23.553675499999997,-46.427672,,,,1,2023-06-14T08:23:50+00:00
SAO_3766-10,São Paulo,3550308,True,,1055,,,-23.553675499999997,-46.427672,,,,1,2023-06-14T08:23:58+00:00
SAO_3766-10,São Paulo,3550308,True,,1055,,,-23.553675499999997,-46.427672,,,,1,2023-06-14T08:23:31+00:00
SAO_3789-10,São Paulo,3550308,True,,1067,,,-23.600921,-46.399572000000006,,,,1,2023-06-14T08:23:48+00:00
SAO_3789-10,São Paulo,3550308,True,,1067,,,-23.611982,-46.3961475,,,,1,2023-06-14T08:23:47+00:00
SAO_6012-10,São Paulo,3550308,True,,33972,,,-23.667188,-46.72773325,,,,2,2023-06-14T08:23:55+00:00
SAO_6012-10,São Paulo,3550308,True,,33972,,,-23.6869815,-46.7875065,,,,2,2023-06-14T08:24:02+00:00
SAO_6012-10,São Paulo,3550308,True,,33972,,,-23.686754,-46.7876415,,,,2,2023-06-14T08:23:44+00:00
SAO_208V-10,São Paulo,3550308,True,Rápido Campinas,207,https://moovitapp.com/index/pt-br/transporte_p%C3%BAblico-line-207-Sao_Paulo-242-858660-638984-0,5.3,-23.517753,-46.475941500000005,,,,1,2023-06-14T08:23:42+00:00
SAO_208V-10,São Paulo,3550308,True,Rápido Campinas,207,https://moovitapp.com/index/pt-br/transporte_p%C3%BAblico-line-207-Sao_Paulo-242-858660-638984-0,5.3,-23.517753,-46.475941500000005,,,,1,2023-06-14T08:23:46+00:00
SAO_208V-10,São Paulo,3550308,True,Rápido Campinas,207,https://moovitapp.com/index/pt-br/transporte_p%C3%BAblico-line-207-Sao_Paulo-242-858660-638984-0,5.3,-23.517753,-46.475941500000005,,,,1,2023-06-14T08:23:23+00:00
SAO_8700-10,São Paulo,3550308,True,,1877,,,-23.6304685,-46.773606,,,,1,2023-06-14T08:23:46+00:00
SAO_8700-10,São Paulo,3550308,True,,1877,,,-23.6304685,-46.773606,,,,1,2023-06-14T08:23:49+00:00
SAO_8700-10,São Paulo,3550308,True,,1877,,,-23.6304685,-46.773606,,,,1,2023-06-14T08:24:08+00:00
SAO_8700-10,São Paulo,3550308,True,,1877,,,-23.6304685,-46.773606,,,,1,2023-06-14T08:23:57+00:00
SAO_8700-10,São Paulo,3550308,True,,1877,,,-23.6304685,-46.773606,,,,1,2023-06-14T08:23:58+00:00
SAO_8700-10,São Paulo,3550308,True,,1877,,,-23.6304685,-46.773606,,,,1,2023-06-14T08:23:40+00:00
SAO_857R-10,São Paulo,3550308,True,,1892,,,-23.6308255,-46.772924,,,,1,2023-06-14T08:23:36+00:00
SAO_857R-10,São Paulo,3550308,True,,1892,,,-23.6308255,-46.772924,,,,1,2023-06-14T08:23:59+00:00
SAO_857R-10,São Paulo,3550308,True,,1892,,,-23.6308255,-46.772924,,,,1,2023-06-14T08:23:27+00:00
SAO_253F-10,São Paulo,3550308,True,EMTU,158,https://moovitapp.com/index/pt-br/transporte_p%C3%BAblico-line-158-Sao_Paulo-242-2038937-36419303-0,7.45,-23.5185795,-46.475586,,,,1,2023-06-14T08:23:31+00:00
SAO_253F-10,São Paulo,3550308,True,EMTU,158,https://moovitapp.com/index/pt-br/transporte_p%C3%BAblico-line-158-Sao_Paulo-242-2038937-36419303-0,7.45,-23.5185795,-46.475586,,,,1,2023-06-14T08:23:30+00:00
SAO_253F-10,São Paulo,3550308,True,EMTU,158,https://moovitapp.com/index/pt-br/transporte_p%C3%BAblico-line-158-Sao_Paulo-242-2038937-36419303-0,7.45,-23.5185795,-46.475586,,,,1,2023-06-14T08:23:31+00:00
SAO_N204-11,São Paulo,3550308,True,,35082,,,-23.487021,-46.5821445,,,,2,2023-06-14T08:23:55+00:00
SAO_2021-10,São Paulo,3550308,True,,906,,,-23.5443145,-46.389241999999996,,,,1,2023-06-14T08:23:15+00:00
SAO_2021-10,São Paulo,3550308,True,,906,,,-23.5443145,-46.389241999999996,,,,1,2023-06-14T08:23:33+00:00
SAO_2021-10,São Paulo,3550308,True,,906,,,-23.544384,-46.389341,,,,1,2023-06-14T08:23:34+00:00
SAO_2021-10,São Paulo,3550308,True,,906,,,-23.5443145,-46.389241999999996,,,,1,2023-06-14T08:24:00+00:00
SAO_2021-10,São Paulo,3550308,True,,906,,,-23.5443145,-46.389241999999996,,,,1,2023-06-14T08:22:25+00:00
SAO_2021-10,São Paulo,3550308,True,,906,,,-23.5443145,-46.389241999999996,,,,1,2023-06-14T08:22:57+00:00
SAO_TREI-10,São Paulo,3550308,True,,2489,,,-23.654448000000002,-46.6137495,,,,1,2023-06-14T08:23:44+00:00
SAO_6015-10,São Paulo,3550308,True,,33973,,,-23.718400000000003,-46.784493499999996,,,,2,2023-06-14T08:23:37+00:00
SAO_N604-11,São Paulo,3550308,True,,35163,,,-23.580851125,-46.638879125,,,,2,2023-06-14T08:23:27+00:00
SAO_7057-10,São Paulo,3550308,True,,1897,,,-23.649582000000002,-46.784457,,,,1,2023-06-14T08:24:01+00:00
SAO_N508-11,São Paulo,3550308,True,,35150,,,-23.547011,-46.62953,,,,2,2023-06-14T08:24:05+00:00
SAO_N843-11,São Paulo,3550308,True,,35210,,,-23.6567,-46.765803,,,,2,2023-06-14T08:23:47+00:00
SAO_3054-10,São Paulo,3550308,True,,975,,,-23.609925,-46.407969,,,,1,2023-06-14T08:24:08+00:00
SAO_3054-10,São Paulo,3550308,True,,975,,,-23.609925,-46.407969,,,,1,2023-06-14T08:23:49+00:00
SAO_N101-11,São Paulo,3550308,True,,35050,,,-23.5196425,-46.700389,,,,2,2023-06-14T08:23:58+00:00
SAO_5757-51,São Paulo,3550308,True,,1976,,,-23.7079895,-46.641386499999996,,,,1,2023-06-14T08:22:08+00:00
SAO_5757-51,São Paulo,3550308,True,,1976,,,-23.706657999999997,-46.6413965,,,,1,2023-06-14T08:23:31+00:00
SAO_2014-10,São Paulo,3550308,True,,33668,,,-23.52644,-46.66704,,,,2,2023-06-14T08:24:05+00:00
SAO_2014-10,São Paulo,3550308,True,,33668,,,-23.52644,-46.66704,,,,2,2023-06-14T08:23:55+00:00
SAO_273R-10,São Paulo,3550308,True,,32994,,,-23.524883375,-46.474853625,,,,2,2023-06-14T08:24:00+00:00
SAO_677Y-10,São Paulo,3550308,True,,34008,,,-23.6939725,-46.7947725,,,,2,2023-06-14T08:23:40+00:00
SAO_637A-22,São Paulo,3550308,True,,34370,,,-23.6873035,-46.7716925,,,,2,2023-06-14T08:23:27+00:00
SAO_5630-10,São Paulo,3550308,True,,32846,,,-23.7377555,-46.6976535,,,,2,2023-06-14T08:24:04+00:00
SAO_8012-10,São Paulo,3550308,True,,2023,,,-23.56848025,-46.73547825,,,,1,2023-06-14T08:23:28+00:00
SAO_6015-10,São Paulo,3550308,True,,1205,,,-23.734715,-46.7945555,,,,1,2023-06-14T08:24:09+00:00
SAO_6015-10,São Paulo,3550308,True,,1205,,,-23.734715,-46.7945555,,,,1,2023-06-14T08:23:53+00:00
SAO_N341-11,São Paulo,3550308,True,,35121,,,-23.4828895,-46.471030999999996,,,,2,2023-06-14T08:23:56+00:00
SAO_3735-10,São Paulo,3550308,True,,33803,,,-23.541107,-46.4847105,,,,2,2023-06-14T08:23:30+00:00
SAO_2435-10,São Paulo,3550308,True,Cidade de Caieiras,210,https://moovitapp.com/index/pt-br/transporte_p%C3%BAblico-line-210-Sao_Paulo-242-868761-496408-0,5.0,-23.5293535,-46.479913499999995,,,,1,2023-06-14T08:23:55+00:00
SAO_2435-10,São Paulo,3550308,True,Cidade de Caieiras,210,https://moovitapp.com/index/pt-br/transporte_p%C3%BAblico-line-210-Sao_Paulo-242-868761-496408-0,5.0,-23.5293535,-46.479913499999995,,,,1,2023-06-14T08:23:39+00:00
SAO_2435-10,São Paulo,3550308,True,Cidade de Caieiras,210,https://moovitapp.com/index/pt-br/transporte_p%C3%BAblico-line-210-Sao_Paulo-242-868761-496408-0,5.0,-23.5293535,-46.479913499999995,,,,1,2023-06-14T08:24:03+00:00
SAO_2726-10,São Paulo,3550308,True,Urubupungá,940,https://moovitapp.com/index/pt-br/transporte_p%C3%BAblico-line-940-Sao_Paulo-242-873835-496474-0,4.6,-23.515029499999997,-46.468916500000006,,,,1,2023-06-14T08:23:38+00:00
SAO_2726-10,São Paulo,3550308,True,Urubupungá,940,https://moovitapp.com/index/pt-br/transporte_p%C3%BAblico-line-940-Sao_Paulo-242-873835-496474-0,4.6,-23.51418675,-46.46895275,,,,1,2023-06-14T08:23:27+00:00
SAO_2725-10,São Paulo,3550308,True,,33707,,,-23.512969499999997,-46.4736135,,,,2,2023-06-14T08:23:20+00:00
SAO_2725-10,São Paulo,3550308,True,,33707,,,-23.512969499999997,-46.4736135,,,,2,2023-06-14T08:23:47+00:00
SAO_2725-10,São Paulo,3550308,True,,33707,,,-23.512969499999997,-46.4736135,,,,2,2023-06-14T08:23:36+00:00
SAO_2725-10,São Paulo,3550308,True,,33707,,,-23.512969499999997,-46.4736135,,,,2,2023-06-14T08:23:49+00:00
SAO_N739-11,São Paulo,3550308,True,,2420,,,-23.669901,-46.7351965,,,,1,2023-06-14T08:23:55+00:00
SAO_5300-10,São Paulo,3550308,True,,33122,,,-23.547731,-46.6300275,,,,2,2023-06-14T08:23:47+00:00
SAO_5300-10,São Paulo,3550308,True,,33122,,,-23.547731,-46.6300275,,,,2,2023-06-14T08:21:46+00:00
SAO_5300-10,São Paulo,3550308,True,,33122,,,-23.547731,-46.6300275,,,,2,2023-06-14T08:23:40+00:00
SAO_5164-10,São Paulo,3550308,True,,1283,,,-23.6466305,-46.6450555,,,,1,2023-06-14T08:22:58+00:00
SAO_5164-41,São Paulo,3550308,True,,1617,,,-23.6464495,-46.646234750000005,,,,1,2023-06-14T08:23:29+00:00
SAO_5164-41,São Paulo,3550308,True,,1617,,,-23.646586749999997,-46.645936000000006,,,,1,2023-06-14T08:23:33+00:00
SAO_4742-10,São Paulo,3550308,True,EMTU,342,https://moovitapp.com/index/pt-br/transporte_p%C3%BAblico-line-342-Sao_Paulo-242-2038937-36419426-0,7.55,-23.6496705,-46.6138115,,,,1,2023-06-14T08:22:27+00:00
SAO_477A-10,São Paulo,3550308,True,,33114,,,-23.5849715,-46.636308,,,,2,2023-06-14T08:23:31+00:00
SAO_2727-10,São Paulo,3550308,True,,33710,,,-23.521929,-46.4574135,,,,2,2023-06-14T08:23:37+00:00
SAO_2727-10,São Paulo,3550308,True,,33710,,,-23.521929,-46.4574135,,,,2,2023-06-14T08:23:33+00:00
SAO_N343-11,São Paulo,3550308,True,,35123,,,-23.5190495,-46.4554865,,,,2,2023-06-14T08:23:55+00:00
SAO_745M-10,São Paulo,3550308,True,,782,,,-23.637676499999998,-46.7796345,,,,1,2023-06-14T08:23:50+00:00
SAO_745M-10,São Paulo,3550308,True,,782,,,-23.637245999999998,-46.779332,,,,1,2023-06-14T08:23:56+00:00
SAO_6010-10,São Paulo,3550308,True,,1202,,,-23.6938785,-46.7945825,,,,1,2023-06-14T08:24:01+00:00
SAO_2769-10,São Paulo,3550308,True,,33165,,,-23.500665,-46.469831,,,,2,2023-06-14T08:23:32+00:00
SAO_6017-10,São Paulo,3550308,True,,1206,,,-23.696863,-46.760326500000005,,,,1,2023-06-14T08:23:27+00:00
SAO_6017-10,São Paulo,3550308,True,,1206,,,-23.679985875,-46.764589875,,,,1,2023-06-14T08:23:26+00:00
SAO_909T-1,São Paulo,3550308,True,,35280,,,-23.565859,-46.7013775,,,,2,2023-06-14T08:23:58+00:00
SAO_909T-1,São Paulo,3550308,True,,35280,,,-23.565896,-46.7011235,,,,2,2023-06-14T08:23:54+00:00
SAO_N135-11,São Paulo,3550308,True,,2291,,,-23.4318335,-46.730483,,,,1,2023-06-14T08:23:21+00:00
SAO_6052-31,São Paulo,3550308,True,,34600,,,-23.775509999999997,-46.691679,,,,2,2023-06-14T08:23:26+00:00
SAO_6052-31,São Paulo,3550308,True,,34600,,,-23.775509999999997,-46.691679,,,,2,2023-06-14T08:24:05+00:00
SAO_N404-11,São Paulo,3550308,True,,35128,,,-23.5781235,-46.50318325,,,,2,2023-06-14T08:23:48+00:00
SAO_5025-10,São Paulo,3550308,True,,1564,,,-23.6033415,-46.542424,,,,1,2023-06-14T08:23:50+00:00
SAO_N407-11,São Paulo,3550308,True,,2363,,,-23.558422999999998,-46.5229205,,,,1,2023-06-14T08:23:38+00:00
SAO_N240-11,São Paulo,3550308,True,,2329,,,-23.502159499999998,-46.6238205,,,,1,2023-06-14T08:24:05+00:00
SAO_5108-10,São Paulo,3550308,True,,34443,,,-23.650012,-46.6139055,,,,2,2023-06-14T08:24:04+00:00
SAO_N406-11,São Paulo,3550308,True,,2362,,,-23.582969,-46.407816499999996,,,,1,2023-06-14T08:23:51+00:00
SAO_N232-11,São Paulo,3550308,True,,35089,,,-23.5141115,-46.571008500000005,,,,2,2023-06-14T08:24:06+00:00
SAO_7051-10,São Paulo,3550308,True,,34653,,,-23.654142999999998,-46.78494925,,,,2,2023-06-14T08:23:54+00:00
SAO_7051-10,São Paulo,3550308,True,,34653,,,-23.654968500000003,-46.784118,,,,2,2023-06-14T08:23:28+00:00
SAO_677Y-10,São Paulo,3550308,True,,1240,,,-23.6836685,-46.7890555,,,,1,2023-06-14T08:23:44+00:00
SAO_3742-10,São Paulo,3550308,True,,33810,,,-23.56210475,-46.4461535,,,,2,2023-06-14T08:16:35+00:00
SAO_3736-10,São Paulo,3550308,True,,33804,,,-23.5761605,-46.48341425,,,,2,2023-06-14T08:23:40+00:00
SAO_374V-10,São Paulo,3550308,True,,34415,,,-23.526107250000003,-46.4522605,,,,2,2023-06-14T08:23:59+00:00
SAO_N736-11,São Paulo,3550308,True,,2417,,,-23.7459275,-46.780660499999996,,,,1,2023-06-14T08:24:09+00:00
SAO_N303-11,São Paulo,3550308,True,,35105,,,-23.53473575,-46.476356499999994,,,,2,2023-06-14T08:23:31+00:00
SAO_N503-11,São Paulo,3550308,True,,35145,,,-23.576090375,-46.55089925,,,,2,2023-06-14T08:23:52+00:00
SAO_695Y-10,São Paulo,3550308,True,,33966,,,-23.8036885,-46.7348355,,,,2,2023-06-14T08:23:35+00:00
SAO_6818-10,São Paulo,3550308,True,,32796,,,-23.654823,-46.763025,,,,2,2023-06-14T08:23:56+00:00
SAO_N301-11,São Paulo,3550308,True,,35103,,,-23.5366255,-46.589150000000004,,,,2,2023-06-14T08:23:33+00:00
SAO_N301-11,São Paulo,3550308,True,,35103,,,-23.5173865,-46.47583825,,,,2,2023-06-14T08:23:49+00:00
SAO_7059-10,São Paulo,3550308,True,,1924,,,-23.653269,-46.7776185,,,,1,2023-06-14T08:23:46+00:00
SAO_7059-10,São Paulo,3550308,True,,1924,,,-23.652925,-46.777986999999996,,,,1,2023-06-14T08:24:08+00:00
SAO_3735-41,São Paulo,3550308,True,,1920,,,-23.5497695,-46.4928965,,,,1,2023-06-14T08:24:05+00:00
SAO_3735-41,São Paulo,3550308,True,,1920,,,-23.540658999999998,-46.4851245,,,,1,2023-06-14T08:24:07+00:00
SAO_3728-10,São Paulo,3550308,True,,1025,,,-23.5508735,-46.489171,,,,1,2023-06-14T08:23:34+00:00
SAO_3728-10,São Paulo,3550308,True,,1025,,,-23.573595,-46.490476,,,,1,2023-06-14T08:23:42+00:00
SAO_3728-10,São Paulo,3550308,True,,1025,,,-23.573595,-46.490476,,,,1,2023-06-14T08:22:08+00:00
SAO_N331-11,São Paulo,3550308,True,,2343,,,-23.494860625,-46.407573875,,,,1,2023-06-14T08:24:04+00:00
SAO_N738-11,São Paulo,3550308,True,,2419,,,-23.7142915,-46.7779025,,,,1,2023-06-14T08:24:01+00:00
SAO_N336-11,São Paulo,3550308,True,,35116,,,-23.491775,-46.434236999999996,,,,2,2023-06-14T08:23:38+00:00
SAO_2732-10,São Paulo,3550308,True,,33715,,,-23.529743,-46.45955,,,,2,2023-06-14T08:24:04+00:00
SAO_2732-10,São Paulo,3550308,True,,33715,,,-23.529743,-46.45955,,,,2,2023-06-14T08:23:38+00:00
SAO_2201-10,São Paulo,3550308,True,,909,,,-23.5324795,-46.3946915,,,,1,2023-06-14T08:23:38+00:00
SAO_2201-10,São Paulo,3550308,True,,909,,,-23.533308999999996,-46.394459999999995,,,,1,2023-06-14T08:23:55+00:00
SAO_N733-11,São Paulo,3550308,True,,2414,,,-23.72318625,-46.75868475,,,,1,2023-06-14T08:23:45+00:00
SAO_N302-11,São Paulo,3550308,True,,2336,,,-23.527739500000003,-46.5518895,,,,1,2023-06-14T08:24:04+00:00
SAO_2004-10,São Paulo,3550308,True,,892,,,-23.519267,-46.386627250000004,,,,1,2023-06-14T08:23:41+00:00
SAO_9002-10,São Paulo,3550308,True,,870,,,-23.4579405,-46.6705775,,,,1,2023-06-14T08:23:52+00:00
SAO_9002-10,São Paulo,3550308,True,,870,,,-23.4579405,-46.6705775,,,,1,2023-06-14T08:23:53+00:00
SAO_4051-10,São Paulo,3550308,True,,2144,,,-23.561616,-46.401831,,,,1,2023-06-14T08:23:49+00:00
SAO_4051-10,São Paulo,3550308,True,,2144,,,-23.561616,-46.401831,,,,1,2023-06-14T08:22:58+00:00
SAO_N637-11,São Paulo,3550308,True,,35170,,,-23.6927905,-46.6601135,,,,2,2023-06-14T08:23:47+00:00
SAO_N201-11,São Paulo,3550308,True,,2311,,,-23.515564249999997,-46.587599999999995,,,,1,2023-06-14T08:23:47+00:00
SAO_4021-10,São Paulo,3550308,True,,2548,,,-23.561562000000002,-46.446068749999995,,,,1,2023-06-14T08:24:03+00:00
SAO_2724-10,São Paulo,3550308,True,,33706,,,-23.5224605,-46.4677965,,,,2,2023-06-14T08:24:05+00:00
SAO_2724-10,São Paulo,3550308,True,,33706,,,-23.540452000000002,-46.483401,,,,2,2023-06-14T08:24:07+00:00
SAO_N244-11,São Paulo,3550308,True,,35101,,,-23.431986000000002,-46.577658,,,,2,2023-06-14T08:23:52+00:00
SAO_N602-11,São Paulo,3550308,True,,35161,,,-23.658554,-46.706269500000005,,,,2,2023-06-14T08:23:21+00:00
SAO_N838-11,São Paulo,3550308,True,,35205,,,-23.5398165,-46.7054595,,,,2,2023-06-14T08:23:47+00:00
SAO_N103-11,São Paulo,3550308,True,,35052,,,-23.519739,-46.7008255,,,,2,2023-06-14T08:23:49+00:00
SAO_N103-11,São Paulo,3550308,True,,35052,,,-23.48692225,-46.726247,,,,2,2023-06-14T08:23:56+00:00
SAO_N401-11,São Paulo,3550308,True,,35125,,,-23.570285,-46.540371,,,,2,2023-06-14T08:23:24+00:00
SAO_N407-11,São Paulo,3550308,True,,35131,,,-23.541990499999997,-46.580344499999995,,,,2,2023-06-14T08:24:01+00:00
SAO_6013-21,São Paulo,3550308,True,,32955,,,-23.6900295,-46.773885,,,,2,2023-06-14T08:23:11+00:00
SAO_N101-11,São Paulo,3550308,True,,2282,,,-23.546979,-46.63057,,,,1,2023-06-14T08:23:50+00:00
SAO_2707-10,São Paulo,3550308,True,,33687,,,-23.5326615,-46.44805375,,,,2,2023-06-14T08:23:23+00:00
SAO_6003-10,São Paulo,3550308,True,,1472,,,-23.7377555,-46.6976535,,,,1,2023-06-14T08:23:55+00:00
SAO_N540-11,São Paulo,3550308,True,,2481,,,-23.614103,-46.501052,,,,1,2023-06-14T08:23:58+00:00
SAO_6047-10,São Paulo,3550308,True,,33992,,,-23.668539000000003,-46.7638225,,,,2,2023-06-14T08:23:33+00:00
SAO_6047-10,São Paulo,3550308,True,,33992,,,-23.668464,-46.7637515,,,,2,2023-06-14T08:23:43+00:00
SAO_6047-10,São Paulo,3550308,True,,33992,,,-23.668284,-46.763536,,,,2,2023-06-14T08:23:49+00:00
SAO_N104-11,São Paulo,3550308,True,,2285,,,-23.5198475,-46.700419,,,,1,2023-06-14T08:23:25+00:00
SAO_N801-11,São Paulo,3550308,True,,2428,,,-23.569701000000002,-46.68799425,,,,1,2023-06-14T08:24:06+00:00
SAO_2666-10,São Paulo,3550308,True,EMTU,378,https://moovitapp.com/index/pt-br/transporte_p%C3%BAblico-line-378-Sao_Paulo-242-2038937-36419452-0,12.1,-23.51828025,-46.3879975,,,,1,2023-06-14T08:23:46+00:00
SAO_2666-10,São Paulo,3550308,True,EMTU,378,https://moovitapp.com/index/pt-br/transporte_p%C3%BAblico-line-378-Sao_Paulo-242-2038937-36419452-0,12.1,-23.5183915,-46.39161300000001,,,,1,2023-06-14T08:23:23+00:00
SAO_9090-10,São Paulo,3550308,True,,884,,,-23.462595999999998,-46.6763385,,,,1,2023-06-14T08:24:01+00:00
SAO_N706-11,São Paulo,3550308,True,,2411,,,-23.5766645,-46.714049,,,,1,2023-06-14T08:23:53+00:00
SAO_5154-10,São Paulo,3550308,True,EMTU,353,https://moovitapp.com/index/pt-br/transporte_p%C3%BAblico-line-353-Sao_Paulo-242-2038937-36419436-0,5.1,-23.654157,-46.710629,,,,1,2023-06-14T08:23:44+00:00
SAO_5154-10,São Paulo,3550308,True,EMTU,353,https://moovitapp.com/index/pt-br/transporte_p%C3%BAblico-line-353-Sao_Paulo-242-2038937-36419436-0,5.1,-23.654157,-46.710629,,,,1,2023-06-14T08:23:50+00:00
SAO_5154-10,São Paulo,3550308,True,EMTU,353,https://moovitapp.com/index/pt-br/transporte_p%C3%BAblico-line-353-Sao_Paulo-242-2038937-36419436-0,5.1,-23.654157,-46.710629,,,,1,2023-06-14T08:23:28+00:00
SAO_2708-10,São Paulo,3550308,True,,921,,,-23.533921499999998,-46.399558999999996,,,,1,2023-06-14T08:24:05+00:00
SAO_6200-10,São Paulo,3550308,True,,33123,,,-23.654868999999998,-46.715183874999994,,,,2,2023-06-14T08:24:06+00:00
SAO_6200-10,São Paulo,3550308,True,,33123,,,-23.654592,-46.714560500000005,,,,2,2023-06-14T08:23:45+00:00
SAO_6200-10,São Paulo,3550308,True,,33123,,,-23.654592,-46.714560500000005,,,,2,2023-06-14T08:23:31+00:00
SAO_6200-10,São Paulo,3550308,True,,33123,,,-23.654646999999997,-46.714907499999995,,,,2,2023-06-14T08:23:52+00:00
SAO_6200-10,São Paulo,3550308,True,,33123,,,-23.655067000000003,-46.716173125,,,,2,2023-06-14T08:23:35+00:00
SAO_6816-31,São Paulo,3550308,True,,1748,,,-23.653212,-46.7764515,,,,1,2023-06-14T08:24:05+00:00
SAO_6816-31,São Paulo,3550308,True,,1748,,,-23.652935499999998,-46.776088,,,,1,2023-06-14T08:24:03+00:00
SAO_1783-10,São Paulo,3550308,True,,33412,,,-23.5024435,-46.623836,,,,2,2023-06-14T08:23:52+00:00
SAO_N234-11,São Paulo,3550308,True,,2323,,,-23.464495499999998,-46.65211625,,,,1,2023-06-14T08:23:48+00:00
SAO_6046-10,São Paulo,3550308,True,,33991,,,-23.683948,-46.7815925,,,,2,2023-06-14T08:23:26+00:00
SAO_6812-10,São Paulo,3550308,True,,1242,,,-23.718654,-46.7846245,,,,1,2023-06-14T08:24:06+00:00
SAO_N403-11,São Paulo,3550308,True,,2359,,,-23.535528,-46.4545035,,,,1,2023-06-14T08:23:49+00:00
SAO_2031-10,São Paulo,3550308,True,,33135,,,-23.494658,-46.426776000000004,,,,2,2023-06-14T08:23:59+00:00
SAO_3785-10,São Paulo,3550308,True,,33831,,,-23.56210475,-46.4461535,,,,2,2023-06-14T08:24:02+00:00
SAO_3785-10,São Paulo,3550308,True,,33831,,,-23.56241275,-46.4461925,,,,2,2023-06-14T08:23:41+00:00
SAO_3785-10,São Paulo,3550308,True,,33831,,,-23.591442999999998,-46.394348,,,,2,2023-06-14T08:24:02+00:00
SAO_3785-10,São Paulo,3550308,True,,33831,,,-23.591703000000003,-46.3941935,,,,2,2023-06-14T08:23:56+00:00
SAO_3785-10,São Paulo,3550308,True,,33831,,,-23.56210475,-46.4461535,,,,2,2023-06-14T08:23:30+00:00
SAO_4006-10,São Paulo,3550308,True,,34948,,,-23.603256000000002,-46.4380505,,,,2,2023-06-14T08:23:39+00:00
SAO_8075-21,São Paulo,3550308,True,,2537,,,-23.631003999999997,-46.772597000000005,,,,1,2023-06-14T08:24:06+00:00
SAO_6099-10,São Paulo,3550308,True,,1587,,,-23.738032500000003,-46.697669000000005,,,,1,2023-06-14T08:24:00+00:00
SAO_7062-41,São Paulo,3550308,True,,35039,,,-23.650688625,-46.770039874999995,,,,2,2023-06-14T08:23:45+00:00
SAO_6051-31,São Paulo,3550308,True,,34374,,,-23.7621455,-46.689133,,,,2,2023-06-14T08:23:35+00:00
SAO_6051-31,São Paulo,3550308,True,,34374,,,-23.767560000000003,-46.7161905,,,,2,2023-06-14T08:23:47+00:00
SAO_6051-31,São Paulo,3550308,True,,34374,,,-23.7621455,-46.689133,,,,2,2023-06-14T08:23:58+00:00
SAO_N333-11,São Paulo,3550308,True,,2345,,,-23.495334999999997,-46.372143,,,,1,2023-06-14T08:23:46+00:00
SAO_N342-11,São Paulo,3550308,True,,2354,,,-23.500895,-46.501369,,,,1,2023-06-14T08:23:59+00:00
SAO_N105-11,São Paulo,3550308,True,,35054,,,-23.5151065,-46.6904805,,,,2,2023-06-14T08:23:36+00:00
SAO_1788-10,São Paulo,3550308,True,,33421,,,-23.4308155,-46.574727499999995,,,,2,2023-06-14T08:23:02+00:00
SAO_N440-11,São Paulo,3550308,True,,2373,,,-23.560937,-46.483025999999995,,,,1,2023-06-14T08:23:31+00:00
SAO_6726-10,São Paulo,3550308,True,,33961,,,-23.743762,-46.670264,,,,2,2023-06-14T08:23:59+00:00
SAO_307C-10,São Paulo,3550308,True,,2114,,,-23.51828025,-46.3879975,,,,1,2023-06-14T08:23:24+00:00
SAO_675X-10,São Paulo,3550308,True,EMTU,111,https://moovitapp.com/index/pt-br/transporte_p%C3%BAblico-line-111-Sao_Paulo-242-2038937-36419271-0,5.1,-23.737689500000002,-46.697986,,,,1,2023-06-14T08:23:45+00:00
SAO_N238-11,São Paulo,3550308,True,,35095,,,-23.50162425,-46.62357300000001,,,,2,2023-06-14T08:23:42+00:00
SAO_3002-10,São Paulo,3550308,True,,34576,,,-23.510973,-46.3788175,,,,2,2023-06-14T08:23:28+00:00
SAO_715M-10,São Paulo,3550308,True,,33258,,,-23.5849305,-46.760767,,,,2,2023-06-14T08:23:59+00:00
SAO_N504-11,São Paulo,3550308,True,,2378,,,-23.5461345,-46.630341,,,,1,2023-06-14T08:23:47+00:00
SAO_3459-23,São Paulo,3550308,True,EMTU,404,https://moovitapp.com/index/pt-br/transporte_p%C3%BAblico-line-404-Sao_Paulo-242-2038937-36419466-0,5.2,-23.5165205,-46.385602000000006,,,,1,2023-06-14T08:23:55+00:00
SAO_3459-23,São Paulo,3550308,True,EMTU,404,https://moovitapp.com/index/pt-br/transporte_p%C3%BAblico-line-404-Sao_Paulo-242-2038937-36419466-0,5.2,-23.5165205,-46.385602000000006,,,,1,2023-06-14T08:23:39+00:00
SAO_6051-10,São Paulo,3550308,True,,33911,,,-23.7621455,-46.689133,,,,2,2023-06-14T08:23:51+00:00
SAO_6051-10,São Paulo,3550308,True,,33911,,,-23.7621455,-46.689133,,,,2,2023-06-14T08:23:59+00:00
SAO_6051-10,São Paulo,3550308,True,,33911,,,-23.7621455,-46.689133,,,,2,2023-06-14T08:23:40+00:00
SAO_6051-10,São Paulo,3550308,True,,33911,,,-23.7621455,-46.689133,,,,2,2023-06-14T08:24:02+00:00
SAO_273G-10,São Paulo,3550308,True,,32991,,,-23.5257245,-46.474695749999995,,,,2,2023-06-14T08:23:40+00:00
SAO_273G-10,São Paulo,3550308,True,,32991,,,-23.525151625,-46.474803375,,,,2,2023-06-14T08:23:41+00:00
SAO_6816-10,São Paulo,3550308,True,BR7 Mobilidade,26,https://moovitapp.com/index/pt-br/transporte_p%C3%BAblico-line-26-Sao_Paulo-242-851856-577923-0,5.75,-23.652925,-46.777986999999996,,,,1,2023-06-14T08:23:37+00:00
SAO_6816-10,São Paulo,3550308,True,BR7 Mobilidade,26,https://moovitapp.com/index/pt-br/transporte_p%C3%BAblico-line-26-Sao_Paulo-242-851856-577923-0,5.75,-23.65279,-46.778128499999994,,,,1,2023-06-14T08:23:33+00:00
SAO_N840-11,São Paulo,3550308,True,,35207,,,-23.553274375,-46.660030750000004,,,,2,2023-06-14T08:24:06+00:00
SAO_N732-11,São Paulo,3550308,True,,35181,,,-23.742814499999998,-46.80108325,,,,2,2023-06-14T08:23:43+00:00
SAO_N205-11,São Paulo,3550308,True,,2315,,,-23.558327750000004,-46.682807,,,,1,2023-06-14T08:23:32+00:00
SAO_7004-10,São Paulo,3550308,True,,1992,,,-23.7317975,-46.7861475,,,,1,2023-06-14T08:23:49+00:00
SAO_7004-10,São Paulo,3550308,True,,1992,,,-23.7317975,-46.7861475,,,,1,2023-06-14T08:23:35+00:00
SAO_7004-10,São Paulo,3550308,True,,1992,,,-23.7317975,-46.7861475,,,,1,2023-06-14T08:23:27+00:00
SAO_7004-10,São Paulo,3550308,True,,1992,,,-23.7317975,-46.7861475,,,,1,2023-06-14T08:23:43+00:00
SAO_N835-11,São Paulo,3550308,True,,35202,,,-23.5664245,-46.701924500000004,,,,2,2023-06-14T08:23:52+00:00
SAO_N206-11,São Paulo,3550308,True,,35084,,,-23.506332,-46.6694535,,,,2,2023-06-14T08:24:05+00:00
SAO_7062-31,São Paulo,3550308,True,,1914,,,-23.646552,-46.7725675,,,,1,2023-06-14T08:23:32+00:00
SAO_N141-11,São Paulo,3550308,True,,35065,,,-23.463561,-46.695808,,,,2,2023-06-14T08:23:50+00:00
SAO_909T-1,São Paulo,3550308,True,,2512,,,-23.5661725,-46.7018415,,,,1,2023-06-14T08:23:56+00:00
SAO_3728-41,São Paulo,3550308,True,,1988,,,-23.5421635,-46.4837615,,,,1,2023-06-14T08:24:06+00:00
SAO_3728-41,São Paulo,3550308,True,,1988,,,-23.5607995,-46.483093,,,,1,2023-06-14T08:23:32+00:00
SAO_6035-21,São Paulo,3550308,True,,1795,,,-23.720715499999997,-46.755851,,,,1,2023-06-14T08:24:00+00:00
SAO_N344-11,São Paulo,3550308,True,,35124,,,-23.487179249999997,-46.487089999999995,,,,2,2023-06-14T08:23:44+00:00
SAO_857A-10,São Paulo,3550308,True,,34693,,,-23.6316405,-46.772316,,,,2,2023-06-14T08:24:02+00:00
SAO_342N-10,São Paulo,3550308,True,,1003,,,-23.563197,-46.3939975,,,,1,2023-06-14T08:23:34+00:00
SAO_342N-10,São Paulo,3550308,True,,1003,,,-23.563197,-46.3939975,,,,1,2023-06-14T08:23:48+00:00
SAO_N137-11,São Paulo,3550308,True,,2293,,,-23.42691,-46.724759,,,,1,2023-06-14T08:23:50+00:00
SAO_N705-11,São Paulo,3550308,True,,2410,,,-23.651656000000003,-46.72257375,,,,1,2023-06-14T08:23:52+00:00
SAO_477P-10,São Paulo,3550308,True,,33116,,,-23.612551,-46.60875125,,,,2,2023-06-14T08:23:53+00:00
SAO_3721-41,São Paulo,3550308,True,,1693,,,-23.5579705,-46.495577999999995,,,,1,2023-06-14T08:23:38+00:00
SAO_N535-11,São Paulo,3550308,True,,2387,,,-23.647979499999998,-46.613218,,,,1,2023-06-14T08:24:01+00:00
SAO_809H-10,São Paulo,3550308,True,,2245,,,-23.5502831875,-46.7392525625,,,,1,2023-06-14T08:24:08+00:00
SAO_233C-10,São Paulo,3550308,True,,32923,,,-23.525419875,-46.474753125,,,,2,2023-06-14T08:23:47+00:00
SAO_233C-10,São Paulo,3550308,True,,32923,,,-23.5257245,-46.474695749999995,,,,2,2023-06-14T08:23:25+00:00
SAO_N532-11,São Paulo,3550308,True,,35152,,,-23.6027275,-46.503209999999996,,,,2,2023-06-14T08:23:38+00:00
SAO_2079-10,São Paulo,3550308,True,,370,,,-23.51630325,-46.386194,,,,1,2023-06-14T08:23:41+00:00
SAO_2079-10,São Paulo,3550308,True,,370,,,-23.516762,-46.384977500000005,,,,1,2023-06-14T08:23:30+00:00
SAO_6008-10,São Paulo,3550308,True,,33968,,,-23.68727,-46.7629345,,,,2,2023-06-14T08:23:34+00:00
SAO_N506-11,São Paulo,3550308,True,,2380,,,-23.54978025,-46.67965425,,,,1,2023-06-14T08:23:50+00:00
SAO_6000-10,São Paulo,3550308,True,,33908,,,-23.762571,-46.715889000000004,,,,2,2023-06-14T08:24:02+00:00
SAO_3732-10,São Paulo,3550308,True,,1029,,,-23.55453925,-46.439656,,,,1,2023-06-14T08:23:35+00:00
SAO_N737-11,São Paulo,3550308,True,,35186,,,-23.710337000000003,-46.776861249999996,,,,2,2023-06-14T08:23:57+00:00
SAO_N841-11,São Paulo,3550308,True,,35208,,,-23.555463000000003,-46.64608775000001,,,,2,2023-06-14T08:23:35+00:00
SAO_2705-10,São Paulo,3550308,True,,917,,,-23.546026875000003,-46.393056125,,,,1,2023-06-14T08:23:53+00:00
SAO_6L10-41,São Paulo,3550308,True,,34773,,,-23.767025,-46.716373,,,,2,2023-06-14T08:23:53+00:00
SAO_6L10-41,São Paulo,3550308,True,,34773,,,-23.7880685,-46.765596,,,,2,2023-06-14T08:23:36+00:00
SAO_6L10-41,São Paulo,3550308,True,,34773,,,-23.7880685,-46.765596,,,,2,2023-06-14T08:23:58+00:00
SAO_6L10-41,São Paulo,3550308,True,,34773,,,-23.7880685,-46.765596,,,,2,2023-06-14T08:23:35+00:00
SAO_6L10-41,São Paulo,3550308,True,,34773,,,-23.7880685,-46.765596,,,,2,2023-06-14T08:23:33+00:00
SAO_N203-11,São Paulo,3550308,True,,2313,,,-23.546077500000003,-46.631047,,,,1,2023-06-14T08:23:50+00:00
SAO_3390-10,São Paulo,3550308,True,,738,,,-23.61464675,-46.50130299999999,,,,1,2023-06-14T08:24:04+00:00
SAO_N236-11,São Paulo,3550308,True,,35093,,,-23.459291999999998,-46.646542499999995,,,,2,2023-06-14T08:24:03+00:00
SAO_N601-11,São Paulo,3550308,True,,2392,,,-23.5458935,-46.631106,,,,1,2023-06-14T08:23:48+00:00
SAO_7550-10,São Paulo,3550308,True,,2093,,,-23.654166500000002,-46.711513,,,,1,2023-06-14T08:23:58+00:00
SAO_N833-11,São Paulo,3550308,True,,35200,,,-23.5402555,-46.7181975,,,,2,2023-06-14T08:23:35+00:00
SAO_N209-11,São Paulo,3550308,True,,35087,,,-23.4752765,-46.6688805,,,,2,2023-06-14T08:23:53+00:00
SAO_917H-10,São Paulo,3550308,True,,33224,,,-23.4983085,-46.746239,,,,2,2023-06-14T08:23:16+00:00
SAO_N505-11,São Paulo,3550308,True,,35147,,,-23.6038575,-46.6031485,,,,2,2023-06-14T08:23:54+00:00
SAO_N505-11,São Paulo,3550308,True,,35147,,,-23.597132,-46.64244025,,,,2,2023-06-14T08:23:24+00:00
SAO_N104-11,São Paulo,3550308,True,,35053,,,-23.486121,-46.726629624999994,,,,2,2023-06-14T08:23:51+00:00
SAO_N507-11,São Paulo,3550308,True,,35149,,,-23.584515500000002,-46.583197999999996,,,,2,2023-06-14T08:23:39+00:00
SAO_N507-11,São Paulo,3550308,True,,35149,,,-23.54837825,-46.579427499999994,,,,2,2023-06-14T08:23:51+00:00
SAO_N706-11,São Paulo,3550308,True,,35179,,,-23.607010375,-46.750833875,,,,2,2023-06-14T08:24:07+00:00
SAO_1178-33,São Paulo,3550308,True,,34778,,,-23.5041175,-46.432467,,,,2,2023-06-14T08:24:00+00:00
SAO_273D-10,São Paulo,3550308,True,,32990,,,-23.5260655,-46.47463125,,,,2,2023-06-14T08:23:45+00:00
SAO_N142-11,São Paulo,3550308,True,,2298,,,-23.50468325,-46.67281975,,,,1,2023-06-14T08:23:55+00:00
SAO_709M-10,São Paulo,3550308,True,,2462,,,-23.654158,-46.710677000000004,,,,1,2023-06-14T08:23:45+00:00
SAO_N209-11,São Paulo,3550308,True,,2319,,,-23.503132,-46.6247695,,,,1,2023-06-14T08:23:53+00:00
SAO_N839-11,São Paulo,3550308,True,,35206,,,-23.5714765,-46.7093415,,,,2,2023-06-14T08:23:54+00:00
SAO_N106-11,São Paulo,3550308,True,,2300,,,-23.526459,-46.666861499999996,,,,1,2023-06-14T08:23:40+00:00
SAO_848L-10,São Paulo,3550308,True,EMTU,808,https://moovitapp.com/index/pt-br/transporte_p%C3%BAblico-line-808-Sao_Paulo-242-2038937-36419584-0,4.8,-23.43884825,-46.722189,,,,1,2023-06-14T08:23:56+00:00
SAO_N801-11,São Paulo,3550308,True,,35196,,,-23.540918124999997,-46.62894375,,,,2,2023-06-14T08:23:39+00:00
SAO_7062-31,São Paulo,3550308,True,,34682,,,-23.6463475,-46.7730035,,,,2,2023-06-14T08:24:01+00:00
SAO_7062-31,São Paulo,3550308,True,,34682,,,-23.6463475,-46.7730035,,,,2,2023-06-14T08:24:01+00:00
SAO_1177-10,São Paulo,3550308,True,,129,,,-23.511690125,-46.477059249999996,,,,1,2023-06-14T08:23:58+00:00
SAO_6L10-10,São Paulo,3550308,True,,1159,,,-23.7668205,-46.716344500000005,,,,1,2023-06-14T08:23:57+00:00
SAO_6L10-10,São Paulo,3550308,True,,1159,,,-23.766939,-46.716361,,,,1,2023-06-14T08:23:58+00:00
SAO_6L10-10,São Paulo,3550308,True,,1159,,,-23.767440999999998,-46.716431,,,,1,2023-06-14T08:23:37+00:00
SAO_6L10-10,São Paulo,3550308,True,,1159,,,-23.767440999999998,-46.716431,,,,1,2023-06-14T08:23:50+00:00
SAO_6L10-10,São Paulo,3550308,True,,1159,,,-23.767440999999998,-46.716431,,,,1,2023-06-14T08:23:25+00:00
SAO_6012-10,São Paulo,3550308,True,,1204,,,-23.686436999999998,-46.7873475,,,,1,2023-06-14T08:24:00+00:00
SAO_2523-10,São Paulo,3550308,True,,33018,,,-23.5216,-46.4253885,,,,2,2023-06-14T08:23:29+00:00
SAO_2523-10,São Paulo,3550308,True,,33018,,,-23.5216,-46.4253885,,,,2,2023-06-14T08:23:31+00:00
SAO_2523-10,São Paulo,3550308,True,,33018,,,-23.5216,-46.4253885,,,,2,2023-06-14T08:23:40+00:00
SAO_2523-10,São Paulo,3550308,True,,33018,,,-23.5216,-46.4253885,,,,2,2023-06-14T08:23:35+00:00
SAO_637P-10,São Paulo,3550308,True,,32815,,,-23.566628,-46.701685499999996,,,,2,2023-06-14T08:23:33+00:00
SAO_N703-11,São Paulo,3550308,True,,35176,,,-23.690655,-46.774251500000005,,,,2,2023-06-14T08:23:44+00:00
SAO_N703-11,São Paulo,3550308,True,,2408,,,-23.654038,-46.708869500000006,,,,1,2023-06-14T08:23:28+00:00
SAO_3738-10,São Paulo,3550308,True,,33806,,,-23.5629515,-46.3946025,,,,2,2023-06-14T08:24:00+00:00
SAO_3737-10,São Paulo,3550308,True,,1037,,,-23.538782750000003,-46.51567075,,,,1,2023-06-14T08:22:55+00:00
SAO_7725-10,São Paulo,3550308,True,EMTU,472,https://moovitapp.com/index/pt-br/transporte_p%C3%BAblico-line-472-Sao_Paulo-242-2038937-36419508-0,35.0,-23.551578812500004,-46.739655812500004,,,,1,2023-06-14T08:23:38+00:00
SAO_N603-11,São Paulo,3550308,True,,35162,,,-23.6442995,-46.672597499999995,,,,2,2023-06-14T08:23:29+00:00
SAO_7545-10,São Paulo,3550308,True,,33272,,,-23.600738749999998,-46.793197375000005,,,,2,2023-06-14T08:23:29+00:00
SAO_2004-10,São Paulo,3550308,True,,33660,,,-23.51937975,-46.38735174999999,,,,2,2023-06-14T08:24:04+00:00
SAO_6063-10,São Paulo,3550308,True,,1152,,,-23.766607,-46.716176000000004,,,,1,2023-06-14T08:23:53+00:00
SAO_N734-11,São Paulo,3550308,True,,35183,,,-23.654633500000003,-46.7620555,,,,2,2023-06-14T08:23:55+00:00
SAO_N843-11,São Paulo,3550308,True,,2442,,,-23.6274285,-46.761255,,,,1,2023-06-14T08:23:42+00:00
SAO_3754-10,São Paulo,3550308,True,,1049,,,-23.542768,-46.41466525,,,,1,2023-06-14T08:23:14+00:00
SAO_675M-10,São Paulo,3550308,True,,32876,,,-23.6463425,-46.64646425,,,,2,2023-06-14T08:23:58+00:00
SAO_675M-10,São Paulo,3550308,True,,32876,,,-23.64675425,-46.645568,,,,2,2023-06-14T08:23:46+00:00
SAO_7062-10,São Paulo,3550308,True,,1898,,,-23.645773,-46.771611500000006,,,,1,2023-06-14T08:24:04+00:00
SAO_N203-11,São Paulo,3550308,True,,35081,,,-23.490609,-46.6103845,,,,2,2023-06-14T08:24:02+00:00
SAO_N202-11,São Paulo,3550308,True,,35080,,,-23.504143,-46.6289425,,,,2,2023-06-14T08:23:54+00:00
SAO_3051-10,São Paulo,3550308,True,,2446,,,-23.51418675,-46.46895275,,,,1,2023-06-14T08:23:43+00:00
SAO_5705-10,São Paulo,3550308,True,,1657,,,-23.60328075,-46.602380499999995,,,,1,2023-06-14T08:23:40+00:00
SAO_3746-10,São Paulo,3550308,True,EMTU,283,https://moovitapp.com/index/pt-br/transporte_p%C3%BAblico-line-283-Sao_Paulo-242-2038937-36419384-0,5.2,-23.594817,-46.5027665,,,,1,2023-06-14T08:23:33+00:00
SAO_4033-10,São Paulo,3550308,True,,33871,,,-23.603224,-46.542550750000004,,,,2,2023-06-14T08:23:42+00:00
SAO_N431-11,São Paulo,3550308,True,,2364,,,-23.604969500000003,-46.4288195,,,,1,2023-06-14T08:23:43+00:00
SAO_N339-11,São Paulo,3550308,True,,2351,,,-23.5364515,-46.473638,,,,1,2023-06-14T08:23:30+00:00
SAO_N704-11,São Paulo,3550308,True,,2409,,,-23.654038,-46.708869500000006,,,,1,2023-06-14T08:23:59+00:00
SAO_N245-11,São Paulo,3550308,True,,35102,,,-23.456415,-46.667734499999995,,,,2,2023-06-14T08:23:44+00:00
SAO_N702-11,São Paulo,3550308,True,,2407,,,-23.5455275,-46.63154,,,,1,2023-06-14T08:24:09+00:00
SAO_695Y-10,São Paulo,3550308,True,,1198,,,-23.735196000000002,-46.699056,,,,1,2023-06-14T08:24:08+00:00
SAO_N134-11,São Paulo,3550308,True,,2290,,,-23.4394515,-46.7084175,,,,1,2023-06-14T08:24:06+00:00
SAO_5012-10,São Paulo,3550308,True,,1116,,,-23.7097155,-46.6354455,,,,1,2023-06-14T08:23:50+00:00
SAO_5012-10,São Paulo,3550308,True,,1116,,,-23.7097155,-46.6354455,,,,1,2023-06-14T08:22:37+00:00
SAO_5012-10,São Paulo,3550308,True,,1116,,,-23.7097155,-46.6354455,,,,1,2023-06-14T08:23:28+00:00
SAO_N403-11,São Paulo,3550308,True,,35127,,,-23.5479805,-46.4121315,,,,2,2023-06-14T08:23:44+00:00
SAO_N634-11,São Paulo,3550308,True,,35167,,,-23.675916,-46.66033175,,,,2,2023-06-14T08:24:04+00:00
SAO_775N-10,São Paulo,3550308,True,,474,,,-23.55123175,-46.740238250000004,,,,1,2023-06-14T08:23:45+00:00
SAO_6L10-41,São Paulo,3550308,True,,2005,,,-23.7675415,-46.716446000000005,,,,1,2023-06-14T08:23:03+00:00
SAO_2740-10,São Paulo,3550308,True,,34560,,,-23.4582605,-46.6062485,,,,2,2023-06-14T08:23:38+00:00
SAO_4053-10,São Paulo,3550308,True,,2146,,,-23.553314,-46.394014999999996,,,,1,2023-06-14T08:23:48+00:00
SAO_2363-10,São Paulo,3550308,True,,32903,,,-23.539987,-46.61139225,,,,2,2023-06-14T08:23:54+00:00
SAO_8319-21,São Paulo,3550308,True,,34475,,,-23.549398500000002,-46.758377499999995,,,,2,2023-06-14T08:23:22+00:00
SAO_6042-10,São Paulo,3550308,True,,1219,,,-23.672669,-46.7646945,,,,1,2023-06-14T08:24:05+00:00
SAO_4020-10,São Paulo,3550308,True,,35298,,,-23.56392425,-46.4461915,,,,2,2023-06-14T08:17:21+00:00
SAO_3069-10,São Paulo,3550308,True,,984,,,-23.605977,-46.417018999999996,,,,1,2023-06-14T08:18:47+00:00
SAO_1772-10,São Paulo,3550308,True,,635,,,-23.440205499999998,-46.577602999999996,,,,1,2023-06-14T08:21:42+00:00
SAO_N533-11,São Paulo,3550308,True,,2385,,,-23.61066325,-46.524386,,,,1,2023-06-14T08:23:58+00:00
SAO_5110-10,São Paulo,3550308,True,,34977,,,-23.6141145,-46.476496999999995,,,,2,2023-06-14T08:24:02+00:00
SAO_5110-10,São Paulo,3550308,True,,34977,,,-23.6141145,-46.476496999999995,,,,2,2023-06-14T08:23:57+00:00
SAO_2020-10,São Paulo,3550308,True,,35030,,,-23.45850275,-46.60722425,,,,2,2023-06-14T08:20:44+00:00
SAO_N106-11,São Paulo,3550308,True,,35068,,,-23.52644,-46.66704,,,,2,2023-06-14T08:23:41+00:00
SAO_N539-11,São Paulo,3550308,True,,35159,,,-23.602594,-46.602782000000005,,,,2,2023-06-14T08:23:44+00:00
SAO_3027-10,São Paulo,3550308,True,,33731,,,-23.5551275,-46.444509499999995,,,,2,2023-06-14T08:23:44+00:00
SAO_2435-10,São Paulo,3550308,True,,32978,,,-23.528665500000002,-46.554443500000005,,,,2,2023-06-14T08:23:30+00:00
SAO_N633-11,São Paulo,3550308,True,,35166,,,-23.614726250000004,-46.69624875,,,,2,2023-06-14T08:24:08+00:00
SAO_3789-10,São Paulo,3550308,True,,33835,,,-23.542599000000003,-46.4710815,,,,2,2023-06-14T08:23:45+00:00
SAO_N435-11,São Paulo,3550308,True,,35136,,,-23.582922,-46.4081745,,,,2,2023-06-14T08:23:29+00:00
SAO_N243-11,São Paulo,3550308,True,,35100,,,-23.478911,-46.5836225,,,,2,2023-06-14T08:23:49+00:00
SAO_675G-10,São Paulo,3550308,True,,32874,,,-23.726671500000002,-46.699515500000004,,,,2,2023-06-14T08:23:55+00:00
SAO_N705-11,São Paulo,3550308,True,,35178,,,-23.577522375,-46.696903375000005,,,,2,2023-06-14T08:23:48+00:00
SAO_3741-10,São Paulo,3550308,True,,1041,,,-23.551269625,-46.450650375,,,,1,2023-06-14T08:24:03+00:00
SAO_N401-11,São Paulo,3550308,True,,2357,,,-23.548969,-46.6292655,,,,1,2023-06-14T08:24:00+00:00
SAO_N439-11,São Paulo,3550308,True,,2372,,,-23.5655545,-46.4188375,,,,1,2023-06-14T08:23:32+00:00
SAO_9047-10,São Paulo,3550308,True,,33651,,,-23.49344925,-46.696834249999995,,,,2,2023-06-14T08:23:46+00:00
SAO_N603-11,São Paulo,3550308,True,,2394,,,-23.5670475,-46.693793,,,,1,2023-06-14T08:24:04+00:00
SAO_N603-11,São Paulo,3550308,True,,2394,,,-23.6256995,-46.6900275,,,,1,2023-06-14T08:24:01+00:00
SAO_N241-11,São Paulo,3550308,True,,2330,,,-23.4505645,-46.6075825,,,,1,2023-06-14T08:20:07+00:00
SAO_N207-11,São Paulo,3550308,True,,2317,,,-23.550302000000002,-46.6316285,,,,1,2023-06-14T08:23:40+00:00
SAO_2201-10,São Paulo,3550308,True,,33677,,,-23.532773499999998,-46.394621,,,,2,2023-06-14T08:23:06+00:00
SAO_N307-11,São Paulo,3550308,True,,2341,,,-23.56939675,-46.69167625,,,,1,2023-06-14T08:23:27+00:00
SAO_2704-10,São Paulo,3550308,True,,33684,,,-23.51956275,-46.41997,,,,2,2023-06-14T08:23:52+00:00
SAO_6093-10,São Paulo,3550308,True,,1585,,,-23.76621725,-46.717002750000006,,,,1,2023-06-14T08:23:42+00:00
SAO_3002-10,São Paulo,3550308,True,,1808,,,-23.510468,-46.378808,,,,1,2023-06-14T08:23:12+00:00
SAO_N434-11,São Paulo,3550308,True,,35135,,,-23.59859,-46.468304,,,,2,2023-06-14T08:23:29+00:00
SAO_N239-11,São Paulo,3550308,True,,2328,,,-23.480383,-46.602609,,,,1,2023-06-14T08:24:00+00:00
SAO_5175-10,São Paulo,3550308,True,,593,,,-23.702581000000002,-46.6501255,,,,1,2023-06-14T08:23:48+00:00
SAO_N441-11,São Paulo,3550308,True,,2374,,,-23.589402,-46.381088000000005,,,,1,2023-06-14T08:21:40+00:00
SAO_637R-10,São Paulo,3550308,True,,32964,,,-23.720443500000002,-46.769979875,,,,2,2023-06-14T08:23:50+00:00
SAO_PAEC-10,São Paulo,3550308,True,,34190,,,-23.503125,-46.6245765,,,,2,2023-06-14T08:24:07+00:00
SAO_N204-11,São Paulo,3550308,True,,2314,,,-23.544385249999998,-46.62263900000001,,,,1,2023-06-14T08:23:50+00:00
SAO_N501-11,São Paulo,3550308,True,,2375,,,-23.584483125000002,-46.579228125,,,,1,2023-06-14T08:23:48+00:00
SAO_N233-11,São Paulo,3550308,True,,35090,,,-23.4879125,-46.561479,,,,2,2023-06-14T08:23:53+00:00
SAO_546J-41,São Paulo,3550308,True,,1134,,,-23.687986000000002,-46.65963875,,,,1,2023-06-14T08:22:58+00:00
SAO_7001-10,São Paulo,3550308,True,,34490,,,-23.6797945,-46.768844,,,,2,2023-06-14T08:22:41+00:00
SAO_4085-10,São Paulo,3550308,True,,2156,,,-23.5692925,-46.429227,,,,1,2023-06-14T08:17:45+00:00
SAO_748A-41,São Paulo,3550308,True,EMTU,499,https://moovitapp.com/index/pt-br/transporte_p%C3%BAblico-line-499-Sao_Paulo-242-2038937-36419524-0,5.4,-23.5510456875,-46.740044062500004,,,,1,2023-06-14T08:23:28+00:00
SAO_N534-11,São Paulo,3550308,True,,35154,,,-23.6364505,-46.593042999999994,,,,2,2023-06-14T08:24:06+00:00
SAO_8022-10,São Paulo,3550308,True,,2085,,,-23.5719,-46.7088055,,,,1,2023-06-14T08:23:43+00:00
SAO_N205-11,São Paulo,3550308,True,,35083,,,-23.482534,-46.673386,,,,2,2023-06-14T08:24:02+00:00
SAO_N143-11,São Paulo,3550308,True,,2299,,,-23.4851235,-46.699581,,,,1,2023-06-14T08:23:25+00:00
SAO_2551-10,São Paulo,3550308,True,EMTU,141,https://moovitapp.com/index/pt-br/transporte_p%C3%BAblico-line-141-Sao_Paulo-242-2038937-36419292-0,8.15,-23.517939,-46.475913500000004,,,,1,2023-06-14T08:23:48+00:00
SAO_2719-10,São Paulo,3550308,True,,932,,,-23.4929675,-46.4808005,,,,1,2023-06-14T08:23:55+00:00
SAO_2734-10,São Paulo,3550308,True,,1760,,,-23.512009,-46.40866,,,,1,2023-06-14T08:23:42+00:00
SAO_N504-11,São Paulo,3550308,True,,35146,,,-23.584559,-46.58439975,,,,2,2023-06-14T08:23:47+00:00
