bus_id,city,city_code,adapted,agency,line_code,line_url,line_fare,latitude,longitude,bus_speed,is_eletric,bus_type,bus_direction,updated_at
SAO_2770-10,São Paulo,3550308,True,,33011,,,-23.50880525,-46.494985,,,,2,2023-06-17T06:17:28+00:00
SAO_2770-10,São Paulo,3550308,True,,33011,,,-23.52210025,-46.523883,,,,2,2023-06-17T06:17:33+00:00
SAO_2770-10,São Paulo,3550308,True,,33011,,,-23.5382205,-46.430957500000005,,,,2,2023-06-17T06:17:13+00:00
SAO_8004-10,São Paulo,3550308,True,,1254,,,-23.5209945,-46.72016,,,,1,2023-06-17T06:17:12+00:00
SAO_576C-10,São Paulo,3550308,True,,34058,,,-23.658759,-46.698775999999995,,,,2,2023-06-17T06:17:32+00:00
SAO_576C-10,São Paulo,3550308,True,,34058,,,-23.646406,-46.644999,,,,2,2023-06-17T06:17:41+00:00
SAO_576C-10,São Paulo,3550308,True,,34058,,,-23.6468385,-46.645112,,,,2,2023-06-17T06:12:36+00:00
SAO_576C-10,São Paulo,3550308,True,,34058,,,-23.651252,-46.647583999999995,,,,2,2023-06-17T06:17:17+00:00
SAO_6822-10,São Paulo,3550308,True,Del Rey,22,https://moovitapp.com/index/pt-br/transporte_p%C3%BAblico-line-22-Sao_Paulo-242-868760-496394-0,4.5,-23.659836,-46.7703075,,,,1,2023-06-17T06:17:25+00:00
SAO_6822-10,São Paulo,3550308,True,Del Rey,22,https://moovitapp.com/index/pt-br/transporte_p%C3%BAblico-line-22-Sao_Paulo-242-868760-496394-0,4.5,-23.653551,-46.777357,,,,1,2023-06-17T06:17:03+00:00
SAO_4051-10,São Paulo,3550308,True,,34912,,,-23.56394075,-46.402512,,,,2,2023-06-17T06:16:38+00:00
SAO_4051-10,São Paulo,3550308,True,,34912,,,-23.5618325,-46.4012755,,,,2,2023-06-17T06:17:28+00:00
SAO_8610-10,São Paulo,3550308,True,,2063,,,-23.57980675,-46.677422250000006,,,,1,2023-06-17T06:17:05+00:00
SAO_3024-10,São Paulo,3550308,True,EMTU,277,https://moovitapp.com/index/pt-br/transporte_p%C3%BAblico-line-277-Sao_Paulo-242-2038937-36419380-0,8.15,-23.584408,-46.5834495,,,,1,2023-06-17T06:17:06+00:00
SAO_3024-10,São Paulo,3550308,True,EMTU,277,https://moovitapp.com/index/pt-br/transporte_p%C3%BAblico-line-277-Sao_Paulo-242-2038937-36419380-0,8.15,-23.609657499999997,-46.52914749999999,,,,1,2023-06-17T06:17:09+00:00
SAO_N106-11,São Paulo,3550308,True,,2300,,,-23.5409535,-46.6475415,,,,1,2023-06-17T06:17:12+00:00
SAO_6414-10,São Paulo,3550308,True,,33128,,,-23.577875999999996,-46.6711985,,,,2,2023-06-17T06:17:19+00:00
SAO_6414-10,São Paulo,3550308,True,,33128,,,-23.646549812499998,-46.70300625,,,,2,2023-06-17T06:17:40+00:00
SAO_6035-21,São Paulo,3550308,True,,1795,,,-23.720715499999997,-46.755851,,,,1,2023-06-17T06:17:20+00:00
SAO_6075-10,São Paulo,3550308,True,,33930,,,-23.797590999999997,-46.738108499999996,,,,2,2023-06-17T06:17:04+00:00
SAO_6075-10,São Paulo,3550308,True,,33930,,,-23.797689499999997,-46.7382825,,,,2,2023-06-17T06:17:01+00:00
SAO_6075-10,São Paulo,3550308,True,,33930,,,-23.797689499999997,-46.7382825,,,,2,2023-06-17T06:17:41+00:00
SAO_6075-10,São Paulo,3550308,True,,33930,,,-23.797689499999997,-46.7382825,,,,2,2023-06-17T06:17:36+00:00
SAO_6075-10,São Paulo,3550308,True,,33930,,,-23.792320500000002,-46.7350775,,,,2,2023-06-17T06:17:31+00:00
SAO_179X-10,São Paulo,3550308,True,,33448,,,-23.526926,-46.665777500000004,,,,2,2023-06-17T06:17:37+00:00
SAO_179X-10,São Paulo,3550308,True,,33448,,,-23.4385665,-46.584245,,,,2,2023-06-17T06:17:45+00:00
SAO_179X-10,São Paulo,3550308,True,,33448,,,-23.490610625000002,-46.599143,,,,2,2023-06-17T06:17:07+00:00
SAO_179X-10,São Paulo,3550308,True,,33448,,,-23.51405075,-46.62495075,,,,2,2023-06-17T06:17:22+00:00
SAO_273X-10,São Paulo,3550308,True,,33160,,,-23.497997624999996,-46.376735124999996,,,,2,2023-06-17T06:17:22+00:00
SAO_273X-10,São Paulo,3550308,True,,33160,,,-23.496740374999998,-46.40107975,,,,2,2023-06-17T06:17:39+00:00
SAO_273X-10,São Paulo,3550308,True,,33160,,,-23.504635,-46.473425,,,,2,2023-06-17T06:17:22+00:00
SAO_273X-10,São Paulo,3550308,True,,33160,,,-23.498489499999998,-46.456410500000004,,,,2,2023-06-17T06:17:30+00:00
SAO_273X-10,São Paulo,3550308,True,,33160,,,-23.4940365,-46.4196,,,,2,2023-06-17T06:17:12+00:00
SAO_273X-10,São Paulo,3550308,True,,33160,,,-23.538655500000004,-46.480022000000005,,,,2,2023-06-17T06:14:08+00:00
SAO_273X-10,São Paulo,3550308,True,,33160,,,-23.495269,-46.404499,,,,2,2023-06-17T06:17:44+00:00
SAO_3712-10,São Paulo,3550308,True,,1009,,,-23.5430685,-46.448671,,,,1,2023-06-17T06:17:24+00:00
SAO_3712-10,São Paulo,3550308,True,,1009,,,-23.5525595,-46.4257145,,,,1,2023-06-17T06:17:31+00:00
SAO_3712-10,São Paulo,3550308,True,,1009,,,-23.5525595,-46.4257145,,,,1,2023-06-17T06:17:39+00:00
SAO_3712-10,São Paulo,3550308,True,,1009,,,-23.5525595,-46.4257145,,,,1,2023-06-17T06:17:33+00:00
SAO_3712-10,São Paulo,3550308,True,,1009,,,-23.5525595,-46.4257145,,,,1,2023-06-17T06:17:10+00:00
SAO_3712-10,São Paulo,3550308,True,,1009,,,-23.5525595,-46.4257145,,,,1,2023-06-17T06:17:12+00:00
SAO_3712-10,São Paulo,3550308,True,,1009,,,-23.5525595,-46.4257145,,,,1,2023-06-17T06:17:46+00:00
SAO_5362-10,São Paulo,3550308,True,,32838,,,-23.731274999999997,-46.6979575,,,,2,2023-06-17T06:17:38+00:00
SAO_5362-10,São Paulo,3550308,True,,32838,,,-23.734577,-46.696059000000005,,,,2,2023-06-17T06:17:23+00:00
SAO_5362-10,São Paulo,3550308,True,,32838,,,-23.7545765,-46.679976499999995,,,,2,2023-06-17T06:17:28+00:00
SAO_5362-10,São Paulo,3550308,True,,32838,,,-23.753659499999998,-46.6869415,,,,2,2023-06-17T06:17:05+00:00
SAO_5362-10,São Paulo,3550308,True,,32838,,,-23.6453730625,-46.70219924999999,,,,2,2023-06-17T06:17:40+00:00
SAO_5362-10,São Paulo,3550308,True,,32838,,,-23.7540455,-46.680603500000004,,,,2,2023-06-17T06:17:26+00:00
SAO_3785-10,São Paulo,3550308,True,,33831,,,-23.591442999999998,-46.394348,,,,2,2023-06-17T06:17:12+00:00
SAO_3785-10,São Paulo,3550308,True,,33831,,,-23.589228499999997,-46.4428155,,,,2,2023-06-17T06:17:19+00:00
SAO_5119-10,São Paulo,3550308,True,,32769,,,-23.5853895,-46.68170825,,,,2,2023-06-17T06:17:39+00:00
SAO_5119-10,São Paulo,3550308,True,,32769,,,-23.598654500000002,-46.72051999999999,,,,2,2023-06-17T06:17:20+00:00
SAO_5119-10,São Paulo,3550308,True,,32769,,,-23.632474000000002,-46.736906250000004,,,,2,2023-06-17T06:17:25+00:00
SAO_5119-10,São Paulo,3550308,True,,32769,,,-23.614203,-46.731145,,,,2,2023-06-17T06:17:11+00:00
SAO_5119-10,São Paulo,3550308,True,,32769,,,-23.56706775,-46.648686999999995,,,,2,2023-06-17T06:17:43+00:00
SAO_5119-10,São Paulo,3550308,True,,32769,,,-23.551664000000002,-46.6372965,,,,2,2023-06-17T06:17:08+00:00
SAO_6041-10,São Paulo,3550308,True,,1218,,,-23.690493500000002,-46.780443,,,,1,2023-06-17T06:17:29+00:00
SAO_6041-10,São Paulo,3550308,True,,1218,,,-23.690493500000002,-46.780443,,,,1,2023-06-17T06:17:11+00:00
SAO_6041-10,São Paulo,3550308,True,,1218,,,-23.690493500000002,-46.780443,,,,1,2023-06-17T06:17:28+00:00
SAO_6041-10,São Paulo,3550308,True,,1218,,,-23.690493500000002,-46.780443,,,,1,2023-06-17T06:17:21+00:00
SAO_6041-10,São Paulo,3550308,True,,1218,,,-23.690493500000002,-46.780443,,,,1,2023-06-17T06:17:25+00:00
SAO_7053-10,São Paulo,3550308,True,,1887,,,-23.633889500000002,-46.7741105,,,,1,2023-06-17T06:17:19+00:00
SAO_7053-10,São Paulo,3550308,True,,1887,,,-23.654132500000003,-46.788232,,,,1,2023-06-17T06:17:09+00:00
SAO_7053-10,São Paulo,3550308,True,,1887,,,-23.640779000000002,-46.7825665,,,,1,2023-06-17T06:17:15+00:00
SAO_7053-10,São Paulo,3550308,True,,1887,,,-23.6406225,-46.782142,,,,1,2023-06-17T06:17:25+00:00
SAO_7053-10,São Paulo,3550308,True,,1887,,,-23.654132500000003,-46.788232,,,,1,2023-06-17T06:17:42+00:00
SAO_971T-10,São Paulo,3550308,True,,33386,,,-23.493692,-46.641050500000006,,,,2,2023-06-17T06:17:29+00:00
SAO_N104-11,São Paulo,3550308,True,,35053,,,-23.484431999999998,-46.722892,,,,2,2023-06-17T06:17:37+00:00
SAO_3902-10,São Paulo,3550308,True,,1470,,,-23.50572925,-46.407245,,,,1,2023-06-17T06:13:59+00:00
SAO_3902-10,São Paulo,3550308,True,,1470,,,-23.493553,-46.3754735,,,,1,2023-06-17T06:17:14+00:00
SAO_307C-10,São Paulo,3550308,True,,2114,,,-23.51828025,-46.3879975,,,,1,2023-06-17T06:14:52+00:00
SAO_307C-10,São Paulo,3550308,True,,2114,,,-23.538413874999996,-46.479445999999996,,,,1,2023-06-17T06:13:28+00:00
SAO_307C-10,São Paulo,3550308,True,,2114,,,-23.517810500000003,-46.385742,,,,1,2023-06-17T06:17:05+00:00
SAO_746K-10,São Paulo,3550308,True,,33555,,,-23.626202999999997,-46.7241,,,,2,2023-06-17T06:17:41+00:00
SAO_2582-10,São Paulo,3550308,True,,33142,,,-23.53805475,-46.598439,,,,2,2023-06-17T06:17:21+00:00
SAO_2582-10,São Paulo,3550308,True,,33142,,,-23.491638000000002,-46.5057475,,,,2,2023-06-17T06:17:41+00:00
SAO_2582-10,São Paulo,3550308,True,,33142,,,-23.510914,-46.428909000000004,,,,2,2023-06-17T06:17:24+00:00
SAO_5127-10,São Paulo,3550308,True,,33895,,,-23.7029785,-46.637984,,,,2,2023-06-17T06:17:12+00:00
SAO_5127-10,São Paulo,3550308,True,,33895,,,-23.677825,-46.701614500000005,,,,2,2023-06-17T06:17:32+00:00
SAO_5127-10,São Paulo,3550308,True,,33895,,,-23.677825,-46.701614500000005,,,,2,2023-06-17T06:17:15+00:00
SAO_5127-10,São Paulo,3550308,True,,33895,,,-23.677825,-46.701614500000005,,,,2,2023-06-17T06:17:06+00:00
SAO_5127-10,São Paulo,3550308,True,,33895,,,-23.677825,-46.701614500000005,,,,2,2023-06-17T06:17:05+00:00
SAO_5127-10,São Paulo,3550308,True,,33895,,,-23.684949000000003,-46.674814999999995,,,,2,2023-06-17T06:16:48+00:00
SAO_5127-10,São Paulo,3550308,True,,33895,,,-23.677825,-46.701614500000005,,,,2,2023-06-17T06:16:08+00:00
SAO_5127-10,São Paulo,3550308,True,,33895,,,-23.70211425,-46.640169,,,,2,2023-06-17T06:17:16+00:00
SAO_5127-10,São Paulo,3550308,True,,33895,,,-23.677825,-46.701614500000005,,,,2,2023-06-17T06:17:14+00:00
SAO_5127-10,São Paulo,3550308,True,,33895,,,-23.677825,-46.701614500000005,,,,2,2023-06-17T06:17:19+00:00
SAO_2772-10,São Paulo,3550308,True,,33166,,,-23.493502749999998,-46.4426755,,,,2,2023-06-17T06:17:28+00:00
SAO_2772-10,São Paulo,3550308,True,,33166,,,-23.5331465,-46.543474,,,,2,2023-06-17T06:17:17+00:00
SAO_8019-31,São Paulo,3550308,True,,2574,,,-23.580225249999998,-46.7371695,,,,1,2023-06-17T06:17:21+00:00
SAO_1720-10,São Paulo,3550308,True,,863,,,-23.467404000000002,-46.616462,,,,1,2023-06-17T06:16:28+00:00
SAO_1720-10,São Paulo,3550308,True,,863,,,-23.441294499999998,-46.6162565,,,,1,2023-06-17T06:11:25+00:00
SAO_3390-10,São Paulo,3550308,True,,33506,,,-23.566800999999998,-46.6030645,,,,2,2023-06-17T06:17:43+00:00
SAO_3390-10,São Paulo,3550308,True,,33506,,,-23.5828255,-46.5498335,,,,2,2023-06-17T06:17:16+00:00
SAO_637V-10,São Paulo,3550308,True,,32872,,,-23.6796325,-46.710558500000005,,,,2,2023-06-17T06:17:21+00:00
SAO_637V-10,São Paulo,3550308,True,,32872,,,-23.733290500000003,-46.683053,,,,2,2023-06-17T06:17:17+00:00
SAO_2767-10,São Paulo,3550308,True,EMTU,241,https://moovitapp.com/index/pt-br/transporte_p%C3%BAblico-line-241-Sao_Paulo-242-2038937-36419354-0,5.15,-23.52168475,-46.525845000000004,,,,1,2023-06-17T06:17:30+00:00
SAO_N232-11,São Paulo,3550308,True,,2321,,,-23.497451,-46.574927875,,,,1,2023-06-17T06:15:42+00:00
SAO_675I-10,São Paulo,3550308,True,BR7 Mobilidade,68,https://moovitapp.com/index/pt-br/transporte_p%C3%BAblico-line-68-Sao_Paulo-242-851856-560661-0,5.75,-23.62733725,-46.64241725,,,,1,2023-06-17T06:17:38+00:00
SAO_675I-10,São Paulo,3550308,True,BR7 Mobilidade,68,https://moovitapp.com/index/pt-br/transporte_p%C3%BAblico-line-68-Sao_Paulo-242-851856-560661-0,5.75,-23.618886500000002,-46.675871,,,,1,2023-06-17T06:17:13+00:00
SAO_N539-11,São Paulo,3550308,True,,35159,,,-23.601533,-46.60274700000001,,,,2,2023-06-17T06:17:20+00:00
SAO_4112-10,São Paulo,3550308,True,,767,,,-23.5450025,-46.6337215,,,,1,2023-06-17T06:17:45+00:00
SAO_3737-10,São Paulo,3550308,True,,33805,,,-23.538790374999998,-46.5161485,,,,2,2023-06-17T06:17:35+00:00
SAO_3737-10,São Paulo,3550308,True,,33805,,,-23.560035,-46.506027,,,,2,2023-06-17T06:17:37+00:00
SAO_3737-10,São Paulo,3550308,True,,33805,,,-23.5333665,-46.5183405,,,,2,2023-06-17T06:17:35+00:00
SAO_6042-10,São Paulo,3550308,True,,1219,,,-23.672669,-46.7646945,,,,1,2023-06-17T06:17:41+00:00
SAO_5175-10,São Paulo,3550308,True,,33361,,,-23.6672525,-46.6743665,,,,2,2023-06-17T06:17:12+00:00
SAO_5175-10,São Paulo,3550308,True,,33361,,,-23.5505945,-46.635301,,,,2,2023-06-17T06:13:47+00:00
SAO_5175-10,São Paulo,3550308,True,,33361,,,-23.5505945,-46.635301,,,,2,2023-06-17T06:16:12+00:00
SAO_5175-10,São Paulo,3550308,True,,33361,,,-23.5505945,-46.635301,,,,2,2023-06-17T06:17:15+00:00
SAO_5175-10,São Paulo,3550308,True,,33361,,,-23.5505945,-46.635301,,,,2,2023-06-17T06:13:17+00:00
SAO_5175-10,São Paulo,3550308,True,,33361,,,-23.5505945,-46.635301,,,,2,2023-06-17T06:17:17+00:00
SAO_5175-10,São Paulo,3550308,True,,33361,,,-23.6990355,-46.6480815,,,,2,2023-06-17T06:17:33+00:00
SAO_5175-10,São Paulo,3550308,True,,33361,,,-23.5505945,-46.635301,,,,2,2023-06-17T06:17:15+00:00
SAO_5175-10,São Paulo,3550308,True,,33361,,,-23.5505945,-46.635301,,,,2,2023-06-17T06:17:18+00:00
SAO_5175-10,São Paulo,3550308,True,,33361,,,-23.5505945,-46.635301,,,,2,2023-06-17T06:17:29+00:00
SAO_5175-10,São Paulo,3550308,True,,33361,,,-23.5505945,-46.635301,,,,2,2023-06-17T06:17:38+00:00
SAO_5175-10,São Paulo,3550308,True,,33361,,,-23.5505945,-46.635301,,,,2,2023-06-17T06:16:47+00:00
SAO_5175-10,São Paulo,3550308,True,,33361,,,-23.562227,-46.6448845,,,,2,2023-06-17T06:17:26+00:00
SAO_5175-10,São Paulo,3550308,True,,33361,,,-23.5505945,-46.635301,,,,2,2023-06-17T06:13:03+00:00
SAO_5175-10,São Paulo,3550308,True,,33361,,,-23.5505945,-46.635301,,,,2,2023-06-17T06:17:02+00:00
SAO_5175-10,São Paulo,3550308,True,,33361,,,-23.606899,-46.652261,,,,2,2023-06-17T06:17:44+00:00
SAO_5175-10,São Paulo,3550308,True,,33361,,,-23.5505945,-46.635301,,,,2,2023-06-17T06:14:29+00:00
SAO_5175-10,São Paulo,3550308,True,,33361,,,-23.5505945,-46.635301,,,,2,2023-06-17T06:17:09+00:00
SAO_5175-10,São Paulo,3550308,True,,33361,,,-23.5505945,-46.635301,,,,2,2023-06-17T06:17:28+00:00
SAO_2666-10,São Paulo,3550308,True,EMTU,378,https://moovitapp.com/index/pt-br/transporte_p%C3%BAblico-line-378-Sao_Paulo-242-2038937-36419452-0,12.1,-23.521472250000002,-46.525711,,,,1,2023-06-17T06:17:09+00:00
SAO_2666-10,São Paulo,3550308,True,EMTU,378,https://moovitapp.com/index/pt-br/transporte_p%C3%BAblico-line-378-Sao_Paulo-242-2038937-36419452-0,12.1,-23.51828025,-46.3879975,,,,1,2023-06-17T06:14:37+00:00
SAO_2666-10,São Paulo,3550308,True,EMTU,378,https://moovitapp.com/index/pt-br/transporte_p%C3%BAblico-line-378-Sao_Paulo-242-2038937-36419452-0,12.1,-23.545886,-46.6302635,,,,1,2023-06-17T06:17:16+00:00
SAO_2666-10,São Paulo,3550308,True,EMTU,378,https://moovitapp.com/index/pt-br/transporte_p%C3%BAblico-line-378-Sao_Paulo-242-2038937-36419452-0,12.1,-23.51828025,-46.3879975,,,,1,2023-06-17T06:13:28+00:00
SAO_2666-10,São Paulo,3550308,True,EMTU,378,https://moovitapp.com/index/pt-br/transporte_p%C3%BAblico-line-378-Sao_Paulo-242-2038937-36419452-0,12.1,-23.51798475,-46.3882325,,,,1,2023-06-17T06:16:44+00:00
SAO_4028-10,São Paulo,3550308,True,,33866,,,-23.613114,-46.4722015,,,,2,2023-06-17T06:17:10+00:00
SAO_N337-11,São Paulo,3550308,True,,2349,,,-23.501416499999998,-46.398815625,,,,1,2023-06-17T06:17:36+00:00
SAO_9005-10,São Paulo,3550308,True,,33640,,,-23.4750135,-46.6699225,,,,2,2023-06-17T06:17:31+00:00
SAO_9005-10,São Paulo,3550308,True,,33640,,,-23.4510125,-46.689367000000004,,,,2,2023-06-17T06:17:12+00:00
SAO_9005-10,São Paulo,3550308,True,,33640,,,-23.4543195,-46.6936435,,,,2,2023-06-17T06:17:15+00:00
SAO_3459-10,São Paulo,3550308,True,,33170,,,-23.501416499999998,-46.398815625,,,,2,2023-06-17T06:17:17+00:00
SAO_3459-10,São Paulo,3550308,True,,33170,,,-23.494921875000003,-46.408817625,,,,2,2023-06-17T06:17:44+00:00
SAO_3459-10,São Paulo,3550308,True,,33170,,,-23.5171875,-46.509521,,,,2,2023-06-17T06:17:19+00:00
SAO_3459-10,São Paulo,3550308,True,,33170,,,-23.547625500000002,-46.629791499999996,,,,2,2023-06-17T06:17:02+00:00
SAO_3459-10,São Paulo,3550308,True,,33170,,,-23.516686749999998,-46.38517525,,,,2,2023-06-17T06:17:10+00:00
SAO_3459-10,São Paulo,3550308,True,,33170,,,-23.498171499999998,-46.401257,,,,2,2023-06-17T06:17:04+00:00
SAO_3459-10,São Paulo,3550308,True,,33170,,,-23.53232725,-46.53496,,,,2,2023-06-17T06:17:39+00:00
SAO_3459-10,São Paulo,3550308,True,,33170,,,-23.547625500000002,-46.629791499999996,,,,2,2023-06-17T06:13:44+00:00
SAO_3459-10,São Paulo,3550308,True,,33170,,,-23.547625500000002,-46.629791499999996,,,,2,2023-06-17T06:17:25+00:00
SAO_3459-10,São Paulo,3550308,True,,33170,,,-23.547625500000002,-46.629791499999996,,,,2,2023-06-17T06:15:55+00:00
SAO_3459-10,São Paulo,3550308,True,,33170,,,-23.547625500000002,-46.629791499999996,,,,2,2023-06-17T06:17:14+00:00
SAO_3459-10,São Paulo,3550308,True,,33170,,,-23.547625500000002,-46.629791499999996,,,,2,2023-06-17T06:16:25+00:00
SAO_3459-10,São Paulo,3550308,True,,33170,,,-23.516762,-46.384977500000005,,,,2,2023-06-17T06:17:41+00:00
SAO_3459-10,São Paulo,3550308,True,,33170,,,-23.547625500000002,-46.629791499999996,,,,2,2023-06-17T06:17:07+00:00
SAO_3459-10,São Paulo,3550308,True,,33170,,,-23.516592250000002,-46.38541575,,,,2,2023-06-17T06:17:27+00:00
SAO_3459-10,São Paulo,3550308,True,,33170,,,-23.547625500000002,-46.629791499999996,,,,2,2023-06-17T06:17:08+00:00
SAO_3459-10,São Paulo,3550308,True,,33170,,,-23.547625500000002,-46.629791499999996,,,,2,2023-06-17T06:17:30+00:00
SAO_3459-10,São Paulo,3550308,True,,33170,,,-23.522687749999996,-46.524844625,,,,2,2023-06-17T06:17:20+00:00
SAO_3459-10,São Paulo,3550308,True,,33170,,,-23.547625500000002,-46.629791499999996,,,,2,2023-06-17T06:17:38+00:00
SAO_3459-10,São Paulo,3550308,True,,33170,,,-23.547625500000002,-46.629791499999996,,,,2,2023-06-17T06:16:29+00:00
SAO_3459-10,São Paulo,3550308,True,,33170,,,-23.545980125,-46.598475750000006,,,,2,2023-06-17T06:17:13+00:00
SAO_3459-10,São Paulo,3550308,True,,33170,,,-23.547625500000002,-46.629791499999996,,,,2,2023-06-17T06:14:37+00:00
SAO_3459-10,São Paulo,3550308,True,,33170,,,-23.547625500000002,-46.629791499999996,,,,2,2023-06-17T06:14:30+00:00
SAO_3459-10,São Paulo,3550308,True,,33170,,,-23.515375,-46.455008,,,,2,2023-06-17T06:15:37+00:00
SAO_3459-10,São Paulo,3550308,True,,33170,,,-23.547625500000002,-46.629791499999996,,,,2,2023-06-17T06:17:29+00:00
SAO_3459-10,São Paulo,3550308,True,,33170,,,-23.547625500000002,-46.629791499999996,,,,2,2023-06-17T06:16:22+00:00
SAO_3459-10,São Paulo,3550308,True,,33170,,,-23.51701675,-46.468363999999994,,,,2,2023-06-17T06:17:28+00:00
SAO_2666-10,São Paulo,3550308,True,,33146,,,-23.546655,-46.630598,,,,2,2023-06-17T06:13:16+00:00
SAO_2666-10,São Paulo,3550308,True,,33146,,,-23.51798475,-46.3882325,,,,2,2023-06-17T06:17:15+00:00
SAO_2666-10,São Paulo,3550308,True,,33146,,,-23.5185215,-46.387811,,,,2,2023-06-17T06:11:30+00:00
SAO_2666-10,São Paulo,3550308,True,,33146,,,-23.49155975,-46.44657925,,,,2,2023-06-17T06:17:29+00:00
SAO_2666-10,São Paulo,3550308,True,,33146,,,-23.533472250000003,-46.565054,,,,2,2023-06-17T06:14:03+00:00
SAO_2666-10,São Paulo,3550308,True,,33146,,,-23.546655,-46.630598,,,,2,2023-06-17T06:17:00+00:00
SAO_2666-10,São Paulo,3550308,True,,33146,,,-23.5358085,-46.5711795,,,,2,2023-06-17T06:17:02+00:00
SAO_3741-10,São Paulo,3550308,True,,1041,,,-23.55005975,-46.4621805,,,,1,2023-06-17T06:17:10+00:00
SAO_3741-10,São Paulo,3550308,True,,1041,,,-23.542065,-46.449332,,,,1,2023-06-17T06:17:44+00:00
SAO_3741-10,São Paulo,3550308,True,,1041,,,-23.542065,-46.449332,,,,1,2023-06-17T06:17:30+00:00
SAO_6008-10,São Paulo,3550308,True,,33968,,,-23.687204,-46.763091,,,,2,2023-06-17T06:17:04+00:00
SAO_6008-10,São Paulo,3550308,True,,33968,,,-23.684644499999997,-46.7463315,,,,2,2023-06-17T06:17:33+00:00
SAO_6008-10,São Paulo,3550308,True,,33968,,,-23.68727,-46.7629345,,,,2,2023-06-17T06:17:42+00:00
SAO_407L-10,São Paulo,3550308,True,,2199,,,-23.53403275,-46.48902975,,,,1,2023-06-17T06:17:25+00:00
SAO_407L-10,São Paulo,3550308,True,,2199,,,-23.528501,-46.5159915,,,,1,2023-06-17T06:17:17+00:00
SAO_407L-10,São Paulo,3550308,True,,2199,,,-23.536912375,-46.427527624999996,,,,1,2023-06-17T06:15:04+00:00
SAO_6028-10,São Paulo,3550308,True,,33979,,,-23.702140999999997,-46.744587499999994,,,,2,2023-06-17T06:17:23+00:00
SAO_6028-10,São Paulo,3550308,True,,33979,,,-23.702140999999997,-46.744587499999994,,,,2,2023-06-17T06:17:36+00:00
SAO_6028-10,São Paulo,3550308,True,,33979,,,-23.694619,-46.757486,,,,2,2023-06-17T06:17:44+00:00
SAO_6028-10,São Paulo,3550308,True,,33979,,,-23.6659455,-46.715094750000006,,,,2,2023-06-17T06:17:37+00:00
SAO_6028-10,São Paulo,3550308,True,,33979,,,-23.70207,-46.744642,,,,2,2023-06-17T06:17:21+00:00
SAO_6028-10,São Paulo,3550308,True,,33979,,,-23.702140999999997,-46.744587499999994,,,,2,2023-06-17T06:17:03+00:00
SAO_6028-10,São Paulo,3550308,True,,33979,,,-23.702151,-46.7444065,,,,2,2023-06-17T06:17:21+00:00
SAO_6028-10,São Paulo,3550308,True,,33979,,,-23.701850999999998,-46.7449765,,,,2,2023-06-17T06:17:38+00:00
SAO_6028-10,São Paulo,3550308,True,,33979,,,-23.702140999999997,-46.744587499999994,,,,2,2023-06-17T06:17:19+00:00
SAO_6036-10,São Paulo,3550308,True,,33982,,,-23.6538115,-46.789655499999995,,,,2,2023-06-17T06:17:15+00:00
SAO_6036-10,São Paulo,3550308,True,,33982,,,-23.65385975,-46.79008575,,,,2,2023-06-17T06:17:05+00:00
SAO_6036-10,São Paulo,3550308,True,,33982,,,-23.65385975,-46.79008575,,,,2,2023-06-17T06:17:24+00:00
SAO_6036-10,São Paulo,3550308,True,,33982,,,-23.65385975,-46.79008575,,,,2,2023-06-17T06:17:08+00:00
SAO_6036-10,São Paulo,3550308,True,,33982,,,-23.642863249999998,-46.73661775000001,,,,2,2023-06-17T06:17:30+00:00
SAO_6036-10,São Paulo,3550308,True,,33982,,,-23.652742,-46.791799,,,,2,2023-06-17T06:17:10+00:00
SAO_6036-10,São Paulo,3550308,True,,33982,,,-23.6538115,-46.789655499999995,,,,2,2023-06-17T06:17:44+00:00
SAO_2780-10,São Paulo,3550308,True,,33167,,,-23.496736,-46.4283755,,,,2,2023-06-17T06:17:34+00:00
SAO_2780-10,São Paulo,3550308,True,,33167,,,-23.5429995,-46.470884999999996,,,,2,2023-06-17T06:17:18+00:00
SAO_175T-10,São Paulo,3550308,True,,33391,,,-23.605850500000003,-46.651371999999995,,,,2,2023-06-17T06:17:43+00:00
SAO_175T-10,São Paulo,3550308,True,,33391,,,-23.54047,-46.633945999999995,,,,2,2023-06-17T06:17:43+00:00
SAO_175T-10,São Paulo,3550308,True,,33391,,,-23.536324,-46.633472999999995,,,,2,2023-06-17T06:17:40+00:00
SAO_175T-10,São Paulo,3550308,True,,33391,,,-23.575755,-46.64204975,,,,2,2023-06-17T06:17:26+00:00
SAO_175T-10,São Paulo,3550308,True,,33391,,,-23.63311175,-46.644645125,,,,2,2023-06-17T06:17:13+00:00
SAO_175T-10,São Paulo,3550308,True,,33391,,,-23.512176,-46.6261595,,,,2,2023-06-17T06:17:10+00:00
SAO_175T-10,São Paulo,3550308,True,,33391,,,-23.619602,-46.66196025,,,,2,2023-06-17T06:17:21+00:00
SAO_175T-10,São Paulo,3550308,True,,33391,,,-23.6539315,-46.637958,,,,2,2023-06-17T06:17:37+00:00
SAO_175T-10,São Paulo,3550308,True,,33391,,,-23.503788375,-46.624660500000005,,,,2,2023-06-17T06:17:44+00:00
SAO_4491-10,São Paulo,3550308,True,EMTU,327,https://moovitapp.com/index/pt-br/transporte_p%C3%BAblico-line-327-Sao_Paulo-242-2038937-36419415-0,5.35,-23.657884000000003,-46.616061,,,,1,2023-06-17T06:17:01+00:00
SAO_748R-10,São Paulo,3550308,True,EMTU,501,https://moovitapp.com/index/pt-br/transporte_p%C3%BAblico-line-501-Sao_Paulo-242-2038937-36419526-0,7.55,-23.5510456875,-46.740044062500004,,,,1,2023-06-17T06:17:22+00:00
SAO_748R-10,São Paulo,3550308,True,EMTU,501,https://moovitapp.com/index/pt-br/transporte_p%C3%BAblico-line-501-Sao_Paulo-242-2038937-36419526-0,7.55,-23.558588750000002,-46.74677775000001,,,,1,2023-06-17T06:17:19+00:00
SAO_2724-10,São Paulo,3550308,True,,938,,,-23.5396445,-46.483602,,,,1,2023-06-17T06:17:38+00:00
SAO_2724-10,São Paulo,3550308,True,,938,,,-23.5396445,-46.483602,,,,1,2023-06-17T06:17:10+00:00
SAO_2724-10,São Paulo,3550308,True,,938,,,-23.539009125,-46.481483999999995,,,,1,2023-06-17T06:17:14+00:00
SAO_2724-10,São Paulo,3550308,True,,938,,,-23.5396445,-46.483602,,,,1,2023-06-17T06:17:09+00:00
SAO_2724-10,São Paulo,3550308,True,,938,,,-23.5396445,-46.483602,,,,1,2023-06-17T06:17:09+00:00
SAO_2724-10,São Paulo,3550308,True,,938,,,-23.5396445,-46.483602,,,,1,2023-06-17T06:16:23+00:00
SAO_2724-10,São Paulo,3550308,True,,938,,,-23.5396445,-46.483602,,,,1,2023-06-17T06:17:44+00:00
SAO_2724-10,São Paulo,3550308,True,,938,,,-23.5396445,-46.483602,,,,1,2023-06-17T06:17:40+00:00
SAO_407J-10,São Paulo,3550308,True,,34966,,,-23.570818,-46.480242000000004,,,,2,2023-06-17T06:14:40+00:00
SAO_407J-10,São Paulo,3550308,True,,34966,,,-23.541229,-46.5766665,,,,2,2023-06-17T06:17:22+00:00
SAO_407J-10,São Paulo,3550308,True,,34966,,,-23.557548,-46.475834875,,,,2,2023-06-17T06:17:35+00:00
SAO_407J-10,São Paulo,3550308,True,,34966,,,-23.551095500000002,-46.400654,,,,2,2023-06-17T06:14:16+00:00
SAO_407J-10,São Paulo,3550308,True,,34966,,,-23.542001499999998,-46.4253025,,,,2,2023-06-17T06:17:14+00:00
SAO_407J-10,São Paulo,3550308,True,,34966,,,-23.55114375,-46.53179125,,,,2,2023-06-17T06:17:29+00:00
SAO_263C-10,São Paulo,3550308,True,EMTU,252,https://moovitapp.com/index/pt-br/transporte_p%C3%BAblico-line-252-Sao_Paulo-242-2038937-36419363-0,6.8,-23.5406795,-46.4086805,,,,1,2023-06-17T06:17:11+00:00
SAO_263C-10,São Paulo,3550308,True,EMTU,252,https://moovitapp.com/index/pt-br/transporte_p%C3%BAblico-line-252-Sao_Paulo-242-2038937-36419363-0,6.8,-23.48408225,-46.419157999999996,,,,1,2023-06-17T06:17:17+00:00
SAO_8594-10,São Paulo,3550308,True,,33200,,,-23.4519315,-46.746531000000004,,,,2,2023-06-17T06:17:13+00:00
SAO_8594-10,São Paulo,3550308,True,,33200,,,-23.4629355,-46.721095500000004,,,,2,2023-06-17T06:14:34+00:00
SAO_8594-10,São Paulo,3550308,True,,33200,,,-23.506769499999997,-46.705805999999995,,,,2,2023-06-17T06:17:28+00:00
SAO_2717-10,São Paulo,3550308,True,Urubupungá,930,https://moovitapp.com/index/pt-br/transporte_p%C3%BAblico-line-930-Sao_Paulo-242-873835-496473-0,4.6,-23.506979875,-46.513221,,,,1,2023-06-17T06:17:01+00:00
SAO_2717-10,São Paulo,3550308,True,Urubupungá,930,https://moovitapp.com/index/pt-br/transporte_p%C3%BAblico-line-930-Sao_Paulo-242-873835-496473-0,4.6,-23.52593075,-46.519709000000006,,,,1,2023-06-17T06:17:18+00:00
SAO_6073-10,São Paulo,3550308,True,,1160,,,-23.828090500000002,-46.7269385,,,,1,2023-06-17T06:17:34+00:00
SAO_756A-10,São Paulo,3550308,True,,33561,,,-23.601868250000003,-46.78341825,,,,2,2023-06-17T06:17:12+00:00
SAO_756A-10,São Paulo,3550308,True,,33561,,,-23.613599,-46.6953015,,,,2,2023-06-17T06:17:37+00:00
SAO_756A-10,São Paulo,3550308,True,,33561,,,-23.59945225,-46.719085750000005,,,,2,2023-06-17T06:17:19+00:00
SAO_4014-10,São Paulo,3550308,True,,2187,,,-23.6131685,-46.4566865,,,,1,2023-06-17T06:17:00+00:00
SAO_4014-10,São Paulo,3550308,True,,2187,,,-23.5971695,-46.474425124999996,,,,1,2023-06-17T06:17:19+00:00
SAO_209P-1,São Paulo,3550308,True,,2301,,,-23.5532415,-46.679318,,,,1,2023-06-17T06:17:43+00:00
SAO_6091-10,São Paulo,3550308,True,,1175,,,-23.750916500000002,-46.710391,,,,1,2023-06-17T06:15:42+00:00
SAO_6091-10,São Paulo,3550308,True,,1175,,,-23.827535500000003,-46.7273075,,,,1,2023-06-17T06:17:33+00:00
SAO_3725-41,São Paulo,3550308,True,,34299,,,-23.5327405,-46.530938500000005,,,,2,2023-06-17T06:17:12+00:00
SAO_6003-10,São Paulo,3550308,True,,1472,,,-23.7377555,-46.6976535,,,,1,2023-06-17T06:17:16+00:00
SAO_6003-10,São Paulo,3550308,True,,1472,,,-23.737876,-46.697753500000005,,,,1,2023-06-17T06:17:21+00:00
SAO_6003-10,São Paulo,3550308,True,,1472,,,-23.7377555,-46.6976535,,,,1,2023-06-17T06:17:23+00:00
SAO_6003-10,São Paulo,3550308,True,,1472,,,-23.7471885,-46.708067,,,,1,2023-06-17T06:17:30+00:00
SAO_8012-10,São Paulo,3550308,True,,34791,,,-23.565445500000003,-46.71235625,,,,2,2023-06-17T06:17:13+00:00
SAO_8012-10,São Paulo,3550308,True,,34791,,,-23.560042,-46.731787499999996,,,,2,2023-06-17T06:17:19+00:00
SAO_8012-10,São Paulo,3550308,True,,34791,,,-23.571972,-46.708549500000004,,,,2,2023-06-17T06:17:37+00:00
SAO_8012-10,São Paulo,3550308,True,,34791,,,-23.571310875,-46.708549625,,,,2,2023-06-17T06:17:10+00:00
SAO_6072-10,São Paulo,3550308,True,,1588,,,-23.795762500000002,-46.7115505,,,,1,2023-06-17T06:17:31+00:00
SAO_6072-10,São Paulo,3550308,True,,1588,,,-23.7665845,-46.7163125,,,,1,2023-06-17T06:17:10+00:00
SAO_8030-10,São Paulo,3550308,True,,35330,,,-23.59716725,-46.731533,,,,2,2023-06-17T06:17:21+00:00
SAO_8030-10,São Paulo,3550308,True,,35330,,,-23.606511249999997,-46.7279695,,,,2,2023-06-17T06:17:07+00:00
SAO_273G-10,São Paulo,3550308,True,,32991,,,-23.50001375,-46.4690895,,,,2,2023-06-17T06:17:32+00:00
SAO_273G-10,São Paulo,3550308,True,,32991,,,-23.540487,-46.483374,,,,2,2023-06-17T06:17:31+00:00
SAO_273G-10,São Paulo,3550308,True,,32991,,,-23.4815445,-46.41688925,,,,2,2023-06-17T06:16:31+00:00
SAO_273G-10,São Paulo,3550308,True,,32991,,,-23.498297,-46.457488,,,,2,2023-06-17T06:17:25+00:00
SAO_6021-10,São Paulo,3550308,True,,32945,,,-23.768084,-46.716452,,,,2,2023-06-17T06:17:31+00:00
SAO_778J-10,São Paulo,3550308,True,EMTU,508,https://moovitapp.com/index/pt-br/transporte_p%C3%BAblico-line-508-Sao_Paulo-242-2038937-36419530-0,5.65,-23.527382,-46.673319,,,,1,2023-06-17T06:17:45+00:00
SAO_778J-10,São Paulo,3550308,True,EMTU,508,https://moovitapp.com/index/pt-br/transporte_p%C3%BAblico-line-508-Sao_Paulo-242-2038937-36419530-0,5.65,-23.570878999999998,-46.709908375,,,,1,2023-06-17T06:17:46+00:00
SAO_6L10-41,São Paulo,3550308,True,,2005,,,-23.7878855,-46.765459,,,,1,2023-06-17T06:16:51+00:00
SAO_6L10-41,São Paulo,3550308,True,,2005,,,-23.7675415,-46.716446000000005,,,,1,2023-06-17T06:17:43+00:00
SAO_2766-10,São Paulo,3550308,True,EMTU,405,https://moovitapp.com/index/pt-br/transporte_p%C3%BAblico-line-405-Sao_Paulo-242-2038937-36419467-0,5.35,-23.5205845,-46.390026500000005,,,,1,2023-06-17T06:17:02+00:00
SAO_2766-10,São Paulo,3550308,True,EMTU,405,https://moovitapp.com/index/pt-br/transporte_p%C3%BAblico-line-405-Sao_Paulo-242-2038937-36419467-0,5.35,-23.5188675,-46.3875915,,,,1,2023-06-17T06:14:35+00:00
SAO_2766-10,São Paulo,3550308,True,EMTU,405,https://moovitapp.com/index/pt-br/transporte_p%C3%BAblico-line-405-Sao_Paulo-242-2038937-36419467-0,5.35,-23.5205845,-46.390026500000005,,,,1,2023-06-17T06:17:13+00:00
SAO_2766-10,São Paulo,3550308,True,EMTU,405,https://moovitapp.com/index/pt-br/transporte_p%C3%BAblico-line-405-Sao_Paulo-242-2038937-36419467-0,5.35,-23.5205845,-46.390026500000005,,,,1,2023-06-17T06:17:16+00:00
SAO_2766-10,São Paulo,3550308,True,EMTU,405,https://moovitapp.com/index/pt-br/transporte_p%C3%BAblico-line-405-Sao_Paulo-242-2038937-36419467-0,5.35,-23.515794,-46.443667000000005,,,,1,2023-06-17T06:17:06+00:00
SAO_2766-10,São Paulo,3550308,True,EMTU,405,https://moovitapp.com/index/pt-br/transporte_p%C3%BAblico-line-405-Sao_Paulo-242-2038937-36419467-0,5.35,-23.51828025,-46.3879975,,,,1,2023-06-17T06:17:31+00:00
SAO_2766-10,São Paulo,3550308,True,EMTU,405,https://moovitapp.com/index/pt-br/transporte_p%C3%BAblico-line-405-Sao_Paulo-242-2038937-36419467-0,5.35,-23.5205845,-46.390026500000005,,,,1,2023-06-17T06:17:35+00:00
SAO_2766-10,São Paulo,3550308,True,EMTU,405,https://moovitapp.com/index/pt-br/transporte_p%C3%BAblico-line-405-Sao_Paulo-242-2038937-36419467-0,5.35,-23.5205845,-46.390026500000005,,,,1,2023-06-17T06:14:25+00:00
SAO_2766-10,São Paulo,3550308,True,EMTU,405,https://moovitapp.com/index/pt-br/transporte_p%C3%BAblico-line-405-Sao_Paulo-242-2038937-36419467-0,5.35,-23.5205845,-46.390026500000005,,,,1,2023-06-17T06:16:45+00:00
SAO_2769-10,São Paulo,3550308,True,,33165,,,-23.5104285,-46.504626,,,,2,2023-06-17T06:17:31+00:00
SAO_2769-10,São Paulo,3550308,True,,33165,,,-23.49970675,-46.468605749999995,,,,2,2023-06-17T06:17:27+00:00
SAO_2769-10,São Paulo,3550308,True,,33165,,,-23.539867,-46.5767165,,,,2,2023-06-17T06:17:16+00:00
SAO_2769-10,São Paulo,3550308,True,,33165,,,-23.499008,-46.466243000000006,,,,2,2023-06-17T06:17:31+00:00
SAO_2769-10,São Paulo,3550308,True,,33165,,,-23.533329000000002,-46.564655,,,,2,2023-06-17T06:17:40+00:00
SAO_148P-10,São Paulo,3550308,True,,33302,,,-23.5262195,-46.66815,,,,2,2023-06-17T06:17:30+00:00
SAO_148P-10,São Paulo,3550308,True,,33302,,,-23.4933195,-46.661932500000006,,,,2,2023-06-17T06:17:12+00:00
SAO_148P-10,São Paulo,3550308,True,,33302,,,-23.51967425,-46.654461749999996,,,,2,2023-06-17T06:17:39+00:00
SAO_189L-10,São Paulo,3550308,True,,2450,,,-23.5177915,-46.702978,,,,1,2023-06-17T06:17:13+00:00
SAO_189L-10,São Paulo,3550308,True,,2450,,,-23.486610499999998,-46.710868000000005,,,,1,2023-06-17T06:17:14+00:00
SAO_4313-10,São Paulo,3550308,True,,2173,,,-23.585883,-46.4148335,,,,1,2023-06-17T06:14:08+00:00
SAO_4313-10,São Paulo,3550308,True,,2173,,,-23.5472815,-46.629869,,,,1,2023-06-17T06:17:33+00:00
SAO_4313-10,São Paulo,3550308,True,,2173,,,-23.535891999999997,-46.54736825,,,,1,2023-06-17T06:17:27+00:00
SAO_4313-10,São Paulo,3550308,True,,2173,,,-23.55162475,-46.624117500000004,,,,1,2023-06-17T06:17:35+00:00
SAO_971R-10,São Paulo,3550308,True,,614,,,-23.445667,-46.705163999999996,,,,1,2023-06-17T06:17:04+00:00
SAO_971R-10,São Paulo,3550308,True,,614,,,-23.46927075,-46.67708125,,,,1,2023-06-17T06:17:11+00:00
SAO_971R-10,São Paulo,3550308,True,,614,,,-23.498261499999998,-46.6397045,,,,1,2023-06-17T06:17:15+00:00
SAO_971R-10,São Paulo,3550308,True,,614,,,-23.4659805,-46.679275000000004,,,,1,2023-06-17T06:17:10+00:00
SAO_7063-10,São Paulo,3550308,True,,1899,,,-23.651991000000002,-46.789846499999996,,,,1,2023-06-17T06:17:14+00:00
SAO_7063-10,São Paulo,3550308,True,,1899,,,-23.651991000000002,-46.789846499999996,,,,1,2023-06-17T06:11:31+00:00
SAO_7063-10,São Paulo,3550308,True,,1899,,,-23.651991000000002,-46.789846499999996,,,,1,2023-06-17T06:17:04+00:00
SAO_7063-10,São Paulo,3550308,True,,1899,,,-23.651991000000002,-46.789846499999996,,,,1,2023-06-17T06:17:12+00:00
SAO_7063-10,São Paulo,3550308,True,,1899,,,-23.651991000000002,-46.789846499999996,,,,1,2023-06-17T06:17:19+00:00
SAO_7063-10,São Paulo,3550308,True,,1899,,,-23.651991000000002,-46.789846499999996,,,,1,2023-06-17T06:17:01+00:00
SAO_7063-10,São Paulo,3550308,True,,1899,,,-23.651991000000002,-46.789846499999996,,,,1,2023-06-17T06:17:24+00:00
SAO_7063-10,São Paulo,3550308,True,,1899,,,-23.651991000000002,-46.789846499999996,,,,1,2023-06-17T06:17:28+00:00
SAO_8600-10,São Paulo,3550308,True,,34200,,,-23.520782500000003,-46.667924,,,,2,2023-06-17T06:17:22+00:00
SAO_372F-10,São Paulo,3550308,True,,33783,,,-23.552103000000002,-46.598889,,,,2,2023-06-17T06:17:29+00:00
SAO_372F-10,São Paulo,3550308,True,,33783,,,-23.552103000000002,-46.598889,,,,2,2023-06-17T06:17:16+00:00
SAO_372F-10,São Paulo,3550308,True,,33783,,,-23.552103000000002,-46.598889,,,,2,2023-06-17T06:17:32+00:00
SAO_N233-11,São Paulo,3550308,True,,2322,,,-23.494487749999998,-46.59216275,,,,1,2023-06-17T06:17:12+00:00
SAO_7001-10,São Paulo,3550308,True,,34490,,,-23.682834,-46.76948325,,,,2,2023-06-17T06:17:12+00:00
SAO_7001-10,São Paulo,3550308,True,,34490,,,-23.721674999999998,-46.764734000000004,,,,2,2023-06-17T06:17:36+00:00
SAO_2755-10,São Paulo,3550308,True,STT,233,https://moovitapp.com/index/pt-br/transporte_p%C3%BAblico-line-233-Sao_Paulo-242-850661-183266-0,5.3,-23.536396875,-46.397093125,,,,1,2023-06-17T06:16:06+00:00
SAO_2755-10,São Paulo,3550308,True,STT,233,https://moovitapp.com/index/pt-br/transporte_p%C3%BAblico-line-233-Sao_Paulo-242-850661-183266-0,5.3,-23.542133,-46.4148525,,,,1,2023-06-17T06:13:59+00:00
SAO_2755-10,São Paulo,3550308,True,STT,233,https://moovitapp.com/index/pt-br/transporte_p%C3%BAblico-line-233-Sao_Paulo-242-850661-183266-0,5.3,-23.522648750000002,-46.53158125,,,,1,2023-06-17T06:17:17+00:00
SAO_2755-10,São Paulo,3550308,True,STT,233,https://moovitapp.com/index/pt-br/transporte_p%C3%BAblico-line-233-Sao_Paulo-242-850661-183266-0,5.3,-23.5153105,-46.46291,,,,1,2023-06-17T06:17:28+00:00
SAO_2755-10,São Paulo,3550308,True,STT,233,https://moovitapp.com/index/pt-br/transporte_p%C3%BAblico-line-233-Sao_Paulo-242-850661-183266-0,5.3,-23.514326999999998,-46.496522125,,,,1,2023-06-17T06:17:02+00:00
SAO_148L-10,São Paulo,3550308,True,,33299,,,-23.465025999999998,-46.65187775,,,,2,2023-06-17T06:17:31+00:00
SAO_148L-10,São Paulo,3550308,True,,33299,,,-23.503671,-46.6774875,,,,2,2023-06-17T06:17:20+00:00
SAO_148L-10,São Paulo,3550308,True,,33299,,,-23.459335,-46.6567105,,,,2,2023-06-17T06:17:28+00:00
SAO_148L-10,São Paulo,3550308,True,,33299,,,-23.4656105,-46.6516035,,,,2,2023-06-17T06:17:28+00:00
SAO_148L-10,São Paulo,3550308,True,,33299,,,-23.465025999999998,-46.65187775,,,,2,2023-06-17T06:14:18+00:00
SAO_148L-10,São Paulo,3550308,True,,33299,,,-23.464495499999998,-46.65211625,,,,2,2023-06-17T06:16:53+00:00
SAO_148L-10,São Paulo,3550308,True,,33299,,,-23.465025999999998,-46.65187775,,,,2,2023-06-17T06:17:44+00:00
SAO_148L-10,São Paulo,3550308,True,,33299,,,-23.464495499999998,-46.65211625,,,,2,2023-06-17T06:17:21+00:00
SAO_2712-10,São Paulo,3550308,True,,926,,,-23.5407195,-46.482772499999996,,,,1,2023-06-17T06:17:27+00:00
SAO_2712-10,São Paulo,3550308,True,,926,,,-23.5407195,-46.482772499999996,,,,1,2023-06-17T06:17:33+00:00
SAO_2712-10,São Paulo,3550308,True,,926,,,-23.523196499999997,-46.481209,,,,1,2023-06-17T06:17:22+00:00
SAO_2712-10,São Paulo,3550308,True,,926,,,-23.5410635,-46.482572000000005,,,,1,2023-06-17T06:17:25+00:00
SAO_607A-10,São Paulo,3550308,True,,2139,,,-23.7106125,-46.652516,,,,1,2023-06-17T06:16:57+00:00
SAO_607A-10,São Paulo,3550308,True,,2139,,,-23.6963775,-46.675318000000004,,,,1,2023-06-17T06:17:12+00:00
SAO_9032-10,São Paulo,3550308,True,STT,880,https://moovitapp.com/index/pt-br/transporte_p%C3%BAblico-line-880-Sao_Paulo-242-850661-183362-0,5.3,-23.472353124999998,-46.6730405,,,,1,2023-06-17T06:17:06+00:00
SAO_7016-10,São Paulo,3550308,True,,34886,,,-23.688474499999998,-46.7734495,,,,2,2023-06-17T06:17:37+00:00
SAO_7016-10,São Paulo,3550308,True,,34886,,,-23.6906485,-46.759701,,,,2,2023-06-17T06:17:13+00:00
SAO_6115-10,São Paulo,3550308,True,,1185,,,-23.73505825,-46.695484750000006,,,,1,2023-06-17T06:17:30+00:00
SAO_6115-10,São Paulo,3550308,True,,1185,,,-23.735196,-46.6955985,,,,1,2023-06-17T06:17:04+00:00
SAO_6010-10,São Paulo,3550308,True,,33970,,,-23.667592,-46.7354985,,,,2,2023-06-17T06:17:30+00:00
SAO_6010-10,São Paulo,3550308,True,,33970,,,-23.6938785,-46.7945825,,,,2,2023-06-17T06:17:08+00:00
SAO_6010-10,São Paulo,3550308,True,,33970,,,-23.6938785,-46.7945825,,,,2,2023-06-17T06:17:39+00:00
SAO_6010-10,São Paulo,3550308,True,,33970,,,-23.684833,-46.799732250000005,,,,2,2023-06-17T06:17:25+00:00
SAO_6010-10,São Paulo,3550308,True,,33970,,,-23.693805,-46.7944445,,,,2,2023-06-17T06:17:17+00:00
SAO_6010-10,São Paulo,3550308,True,,33970,,,-23.667592,-46.7354985,,,,2,2023-06-17T06:12:05+00:00
SAO_6010-10,São Paulo,3550308,True,,33970,,,-23.693738000000003,-46.794335000000004,,,,2,2023-06-17T06:17:44+00:00
SAO_6010-10,São Paulo,3550308,True,,33970,,,-23.6938785,-46.7945825,,,,2,2023-06-17T06:17:37+00:00
SAO_6010-10,São Paulo,3550308,True,,33970,,,-23.6934315,-46.794145,,,,2,2023-06-17T06:17:32+00:00
SAO_6010-10,São Paulo,3550308,True,,33970,,,-23.665243,-46.7472905,,,,2,2023-06-17T06:17:24+00:00
SAO_6010-10,São Paulo,3550308,True,,33970,,,-23.693805,-46.7944445,,,,2,2023-06-17T06:17:26+00:00
SAO_5011-10,São Paulo,3550308,True,,33883,,,-23.705361,-46.6431135,,,,2,2023-06-17T06:17:03+00:00
SAO_5011-10,São Paulo,3550308,True,,33883,,,-23.701029499999997,-46.6456955,,,,2,2023-06-17T06:16:32+00:00
SAO_128Y-10,São Paulo,3550308,True,,33611,,,-23.461539000000002,-46.665962,,,,2,2023-06-17T06:17:07+00:00
SAO_128Y-10,São Paulo,3550308,True,,33611,,,-23.505570249999998,-46.67704925,,,,2,2023-06-17T06:17:44+00:00
SAO_128Y-10,São Paulo,3550308,True,,33611,,,-23.45455425,-46.6684075,,,,2,2023-06-17T06:17:33+00:00
SAO_3063-10,São Paulo,3550308,True,,33021,,,-23.542768,-46.41466525,,,,2,2023-06-17T06:16:13+00:00
SAO_3063-10,São Paulo,3550308,True,,33021,,,-23.5949785,-46.4406365,,,,2,2023-06-17T06:17:02+00:00
SAO_3063-10,São Paulo,3550308,True,,33021,,,-23.545251999999998,-46.409628250000004,,,,2,2023-06-17T06:17:30+00:00
SAO_6825-10,São Paulo,3550308,True,,32782,,,-23.685482999999998,-46.800789249999994,,,,2,2023-06-17T06:17:13+00:00
SAO_6056-10,São Paulo,3550308,True,,33915,,,-23.7632185,-46.697809,,,,2,2023-06-17T06:17:11+00:00
SAO_6056-10,São Paulo,3550308,True,,33915,,,-23.7628795,-46.7084105,,,,2,2023-06-17T06:17:26+00:00
SAO_2678-10,São Paulo,3550308,True,STT,383,https://moovitapp.com/index/pt-br/transporte_p%C3%BAblico-line-383-Sao_Paulo-242-850661-183294-0,5.3,-23.4970225,-46.453752,,,,1,2023-06-17T06:17:17+00:00
SAO_2678-10,São Paulo,3550308,True,STT,383,https://moovitapp.com/index/pt-br/transporte_p%C3%BAblico-line-383-Sao_Paulo-242-850661-183294-0,5.3,-23.5338145,-46.566121,,,,1,2023-06-17T06:17:30+00:00
SAO_2678-10,São Paulo,3550308,True,STT,383,https://moovitapp.com/index/pt-br/transporte_p%C3%BAblico-line-383-Sao_Paulo-242-850661-183294-0,5.3,-23.546727,-46.629723999999996,,,,1,2023-06-17T06:17:04+00:00
SAO_2678-10,São Paulo,3550308,True,STT,383,https://moovitapp.com/index/pt-br/transporte_p%C3%BAblico-line-383-Sao_Paulo-242-850661-183294-0,5.3,-23.5124685,-46.5148195,,,,1,2023-06-17T06:17:34+00:00
SAO_675G-10,São Paulo,3550308,True,,32874,,,-23.64616975,-46.644012000000004,,,,2,2023-06-17T06:17:43+00:00
SAO_675G-10,São Paulo,3550308,True,,32874,,,-23.691092375,-46.698085500000005,,,,2,2023-06-17T06:16:33+00:00
SAO_675G-10,São Paulo,3550308,True,,32874,,,-23.753794,-46.6808965,,,,2,2023-06-17T06:17:37+00:00
SAO_172P-10,São Paulo,3550308,True,,858,,,-23.441891,-46.589701250000005,,,,1,2023-06-17T06:16:56+00:00
SAO_172P-10,São Paulo,3550308,True,,858,,,-23.4418065,-46.5890285,,,,1,2023-06-17T06:15:13+00:00
SAO_172P-10,São Paulo,3550308,True,,858,,,-23.441848999999998,-46.588781499999996,,,,1,2023-06-17T06:17:26+00:00
SAO_172P-10,São Paulo,3550308,True,,858,,,-23.441848999999998,-46.588781499999996,,,,1,2023-06-17T06:12:03+00:00
SAO_172P-10,São Paulo,3550308,True,,858,,,-23.54239,-46.5903175,,,,1,2023-06-17T06:17:01+00:00
SAO_172P-10,São Paulo,3550308,True,,858,,,-23.441848999999998,-46.588781499999996,,,,1,2023-06-17T06:17:24+00:00
SAO_6047-10,São Paulo,3550308,True,,33992,,,-23.668003249999998,-46.76382625,,,,2,2023-06-17T06:17:36+00:00
SAO_6047-10,São Paulo,3550308,True,,33992,,,-23.668284,-46.763536,,,,2,2023-06-17T06:17:45+00:00
SAO_6047-10,São Paulo,3550308,True,,33992,,,-23.668284,-46.763536,,,,2,2023-06-17T06:17:14+00:00
SAO_273D-10,São Paulo,3550308,True,,222,,,-23.52510425,-46.474920749999995,,,,1,2023-06-17T06:17:07+00:00
SAO_273D-10,São Paulo,3550308,True,,222,,,-23.528650875,-46.474258250000005,,,,1,2023-06-17T06:17:40+00:00
SAO_273D-10,São Paulo,3550308,True,,222,,,-23.51875175,-46.410352875,,,,1,2023-06-17T06:17:09+00:00
SAO_7053-21,São Paulo,3550308,True,,1895,,,-23.642771,-46.786125,,,,1,2023-06-17T06:17:24+00:00
SAO_7053-21,São Paulo,3550308,True,,1895,,,-23.642771,-46.786125,,,,1,2023-06-17T06:17:14+00:00
SAO_6200-10,São Paulo,3550308,True,,355,,,-23.6544435,-46.714867,,,,1,2023-06-17T06:17:28+00:00
SAO_6200-10,São Paulo,3550308,True,,355,,,-23.549384500000002,-46.6394535,,,,1,2023-06-17T06:17:11+00:00
SAO_6200-10,São Paulo,3550308,True,,355,,,-23.6543085,-46.714079999999996,,,,1,2023-06-17T06:17:15+00:00
SAO_6200-10,São Paulo,3550308,True,,355,,,-23.654181,-46.7130645,,,,1,2023-06-17T06:17:37+00:00
SAO_6200-10,São Paulo,3550308,True,,355,,,-23.654486499999997,-46.7150675,,,,1,2023-06-17T06:17:37+00:00
SAO_6200-10,São Paulo,3550308,True,,355,,,-23.654634,-46.7157435,,,,1,2023-06-17T06:17:21+00:00
SAO_6200-10,São Paulo,3550308,True,,355,,,-23.614905999999998,-46.6988705,,,,1,2023-06-17T06:17:21+00:00
SAO_8019-10,São Paulo,3550308,True,,2071,,,-23.575116,-46.729172,,,,1,2023-06-17T06:17:15+00:00
SAO_9011-10,São Paulo,3550308,True,,878,,,-23.45467,-46.738116000000005,,,,1,2023-06-17T06:16:39+00:00
SAO_9011-10,São Paulo,3550308,True,,878,,,-23.45467,-46.738116000000005,,,,1,2023-06-17T06:17:13+00:00
SAO_9011-10,São Paulo,3550308,True,,878,,,-23.45467,-46.738116000000005,,,,1,2023-06-17T06:17:07+00:00
SAO_9011-10,São Paulo,3550308,True,,878,,,-23.45467,-46.738116000000005,,,,1,2023-06-17T06:16:17+00:00
SAO_9011-10,São Paulo,3550308,True,,878,,,-23.45467,-46.738116000000005,,,,1,2023-06-17T06:17:01+00:00
SAO_9011-10,São Paulo,3550308,True,,878,,,-23.45467,-46.738116000000005,,,,1,2023-06-17T06:17:33+00:00
SAO_9011-10,São Paulo,3550308,True,,878,,,-23.45467,-46.738116000000005,,,,1,2023-06-17T06:17:34+00:00
SAO_9011-10,São Paulo,3550308,True,,878,,,-23.45467,-46.738116000000005,,,,1,2023-06-17T06:16:49+00:00
SAO_9011-10,São Paulo,3550308,True,,878,,,-23.4412595,-46.73258,,,,1,2023-06-17T06:17:24+00:00
SAO_9011-10,São Paulo,3550308,True,,878,,,-23.45467,-46.738116000000005,,,,1,2023-06-17T06:13:47+00:00
SAO_3728-10,São Paulo,3550308,True,,1025,,,-23.5433005,-46.487553500000004,,,,1,2023-06-17T06:17:15+00:00
SAO_3728-10,São Paulo,3550308,True,,1025,,,-23.5508735,-46.489171,,,,1,2023-06-17T06:17:07+00:00
SAO_546T-10,São Paulo,3550308,True,,33040,,,-23.693175500000002,-46.6592355,,,,2,2023-06-17T06:16:34+00:00
SAO_546T-10,São Paulo,3550308,True,,33040,,,-23.68247325,-46.68203975,,,,2,2023-06-17T06:17:06+00:00
SAO_1036-10,São Paulo,3550308,True,,2453,,,-23.481662999999998,-46.713665,,,,1,2023-06-17T06:17:05+00:00
SAO_1036-10,São Paulo,3550308,True,,2453,,,-23.447775,-46.708842000000004,,,,1,2023-06-17T06:17:29+00:00
SAO_1722-10,São Paulo,3550308,True,,33632,,,-23.464753,-46.629596500000005,,,,2,2023-06-17T06:16:47+00:00
SAO_1722-10,São Paulo,3550308,True,,33632,,,-23.458362,-46.609388,,,,2,2023-06-17T06:17:36+00:00
SAO_1722-10,São Paulo,3550308,True,,33632,,,-23.48396425,-46.67032625,,,,2,2023-06-17T06:17:17+00:00
SAO_403A-10,São Paulo,3550308,True,,34960,,,-23.549940499999998,-46.500864,,,,2,2023-06-17T06:17:27+00:00
SAO_403A-10,São Paulo,3550308,True,,34960,,,-23.52178975,-46.550168,,,,2,2023-06-17T06:17:21+00:00
SAO_2711-10,São Paulo,3550308,True,,925,,,-23.513484249999998,-46.493828,,,,1,2023-06-17T06:17:13+00:00
SAO_475R-10,São Paulo,3550308,True,,33112,,,-23.5470345,-46.6298525,,,,2,2023-06-17T06:17:18+00:00
SAO_475R-10,São Paulo,3550308,True,,33112,,,-23.6268485,-46.640534,,,,2,2023-06-17T06:17:10+00:00
SAO_475R-10,São Paulo,3550308,True,,33112,,,-23.5470345,-46.6298525,,,,2,2023-06-17T06:17:44+00:00
SAO_475R-10,São Paulo,3550308,True,,33112,,,-23.5470345,-46.6298525,,,,2,2023-06-17T06:17:06+00:00
SAO_475R-10,São Paulo,3550308,True,,33112,,,-23.5470345,-46.6298525,,,,2,2023-06-17T06:17:32+00:00
SAO_475R-10,São Paulo,3550308,True,,33112,,,-23.5470345,-46.6298525,,,,2,2023-06-17T06:11:48+00:00
SAO_475R-10,São Paulo,3550308,True,,33112,,,-23.5470345,-46.6298525,,,,2,2023-06-17T06:16:59+00:00
SAO_475R-10,São Paulo,3550308,True,,33112,,,-23.5725515,-46.65410525,,,,2,2023-06-17T06:17:08+00:00
SAO_475R-10,São Paulo,3550308,True,,33112,,,-23.5470345,-46.6298525,,,,2,2023-06-17T06:17:13+00:00
SAO_475R-10,São Paulo,3550308,True,,33112,,,-23.5470345,-46.6298525,,,,2,2023-06-17T06:17:43+00:00
SAO_475R-10,São Paulo,3550308,True,,33112,,,-23.5470345,-46.6298525,,,,2,2023-06-17T06:17:20+00:00
SAO_475R-10,São Paulo,3550308,True,,33112,,,-23.5470345,-46.6298525,,,,2,2023-06-17T06:11:24+00:00
SAO_6450-10,São Paulo,3550308,True,,32827,,,-23.58769125,-46.67168025,,,,2,2023-06-17T06:17:37+00:00
SAO_6450-10,São Paulo,3550308,True,,32827,,,-23.642476000000002,-46.738743,,,,2,2023-06-17T06:17:38+00:00
SAO_6450-10,São Paulo,3550308,True,,32827,,,-23.633857499999998,-46.693605749999996,,,,2,2023-06-17T06:17:44+00:00
SAO_6035-10,São Paulo,3550308,True,,1213,,,-23.646299499999998,-46.704412000000005,,,,1,2023-06-17T06:17:20+00:00
SAO_6035-10,São Paulo,3550308,True,,1213,,,-23.72062,-46.7558005,,,,1,2023-06-17T06:17:18+00:00
SAO_5611-10,São Paulo,3550308,True,,33366,,,-23.715794,-46.624167,,,,2,2023-06-17T06:17:35+00:00
SAO_5611-10,São Paulo,3550308,True,,33366,,,-23.585917000000002,-46.6549985,,,,2,2023-06-17T06:17:18+00:00
SAO_5611-10,São Paulo,3550308,True,,33366,,,-23.693745,-46.665702,,,,2,2023-06-17T06:16:58+00:00
SAO_5144-10,São Paulo,3550308,True,,1627,,,-23.538661,-46.6044205,,,,1,2023-06-17T06:17:01+00:00
SAO_8019-31,São Paulo,3550308,True,,35342,,,-23.578076,-46.7479795,,,,2,2023-06-17T06:17:03+00:00
SAO_8019-31,São Paulo,3550308,True,,35342,,,-23.544992,-46.7471585,,,,2,2023-06-17T06:17:24+00:00
SAO_514T-10,São Paulo,3550308,True,,34439,,,-23.581951,-46.5902595,,,,2,2023-06-17T06:17:44+00:00
SAO_514T-10,São Paulo,3550308,True,,34439,,,-23.592020125,-46.529265499999994,,,,2,2023-06-17T06:17:24+00:00
SAO_1764-10,São Paulo,3550308,True,,33393,,,-23.5028845,-46.6240365,,,,2,2023-06-17T06:17:32+00:00
SAO_1764-10,São Paulo,3550308,True,,33393,,,-23.434339,-46.58389525,,,,2,2023-06-17T06:17:08+00:00
SAO_1709-10,São Paulo,3550308,True,,851,,,-23.4412375,-46.5814765,,,,1,2023-06-17T06:17:00+00:00
SAO_1709-10,São Paulo,3550308,True,,851,,,-23.4412375,-46.5814765,,,,1,2023-06-17T06:17:17+00:00
SAO_1709-10,São Paulo,3550308,True,,851,,,-23.4412375,-46.5814765,,,,1,2023-06-17T06:17:10+00:00
SAO_1709-10,São Paulo,3550308,True,,851,,,-23.4412375,-46.5814765,,,,1,2023-06-17T06:17:37+00:00
SAO_1709-10,São Paulo,3550308,True,,851,,,-23.4412375,-46.5814765,,,,1,2023-06-17T06:17:33+00:00
SAO_1709-10,São Paulo,3550308,True,,851,,,-23.4412375,-46.5814765,,,,1,2023-06-17T06:17:01+00:00
SAO_1709-10,São Paulo,3550308,True,,851,,,-23.4412375,-46.5814765,,,,1,2023-06-17T06:17:23+00:00
SAO_1709-10,São Paulo,3550308,True,,851,,,-23.4412375,-46.5814765,,,,1,2023-06-17T06:11:37+00:00
SAO_1709-10,São Paulo,3550308,True,,851,,,-23.4412375,-46.5814765,,,,1,2023-06-17T06:17:10+00:00
SAO_1709-10,São Paulo,3550308,True,,851,,,-23.453941874999998,-46.598835125,,,,1,2023-06-17T06:14:54+00:00
SAO_1709-10,São Paulo,3550308,True,,851,,,-23.4412375,-46.5814765,,,,1,2023-06-17T06:17:38+00:00
SAO_1709-10,São Paulo,3550308,True,,851,,,-23.4412375,-46.5814765,,,,1,2023-06-17T06:17:01+00:00
SAO_1709-10,São Paulo,3550308,True,,851,,,-23.4412375,-46.5814765,,,,1,2023-06-17T06:17:16+00:00
SAO_1709-10,São Paulo,3550308,True,,851,,,-23.4412375,-46.5814765,,,,1,2023-06-17T06:17:09+00:00
SAO_139A-10,São Paulo,3550308,True,,2451,,,-23.4845285,-46.709875,,,,1,2023-06-17T06:17:02+00:00
SAO_475R-10,São Paulo,3550308,True,,344,,,-23.65282,-46.607729000000006,,,,1,2023-06-17T06:17:03+00:00
SAO_475R-10,São Paulo,3550308,True,,344,,,-23.65282,-46.607729000000006,,,,1,2023-06-17T06:17:05+00:00
SAO_475R-10,São Paulo,3550308,True,,344,,,-23.65282,-46.607729000000006,,,,1,2023-06-17T06:12:51+00:00
SAO_475R-10,São Paulo,3550308,True,,344,,,-23.65282,-46.607729000000006,,,,1,2023-06-17T06:17:23+00:00
SAO_475R-10,São Paulo,3550308,True,,344,,,-23.588711,-46.648085,,,,1,2023-06-17T06:17:31+00:00
SAO_475R-10,São Paulo,3550308,True,,344,,,-23.65282,-46.607729000000006,,,,1,2023-06-17T06:16:14+00:00
SAO_475R-10,São Paulo,3550308,True,,344,,,-23.5455,-46.631499000000005,,,,1,2023-06-17T06:17:23+00:00
SAO_546L-10,São Paulo,3550308,True,,1285,,,-23.6543685,-46.711934,,,,1,2023-06-17T06:17:38+00:00
SAO_N740-11,São Paulo,3550308,True,,2421,,,-23.698527,-46.7625385,,,,1,2023-06-17T06:17:40+00:00
SAO_107T-10,São Paulo,3550308,True,,33389,,,-23.5661885,-46.702104000000006,,,,2,2023-06-17T06:17:32+00:00
SAO_107T-10,São Paulo,3550308,True,,33389,,,-23.538240000000002,-46.633609500000006,,,,2,2023-06-17T06:17:13+00:00
SAO_175T-10,São Paulo,3550308,True,,623,,,-23.6371155,-46.64132375,,,,1,2023-06-17T06:17:36+00:00
SAO_175T-10,São Paulo,3550308,True,,623,,,-23.5031455,-46.6236635,,,,1,2023-06-17T06:17:37+00:00
SAO_175T-10,São Paulo,3550308,True,,623,,,-23.591689000000002,-46.6511725,,,,1,2023-06-17T06:17:22+00:00
SAO_9500-10,São Paulo,3550308,True,EMTU,461,https://moovitapp.com/index/pt-br/transporte_p%C3%BAblico-line-461-Sao_Paulo-242-2038937-36419501-0,5.1,-23.4799665,-46.673024999999996,,,,1,2023-06-17T06:16:59+00:00
SAO_4018-10,São Paulo,3550308,True,,34959,,,-23.5852985,-46.4091875,,,,2,2023-06-17T06:17:42+00:00
SAO_5391-10,São Paulo,3550308,True,,32939,,,-23.586711,-46.653974500000004,,,,2,2023-06-17T06:17:21+00:00
SAO_5391-10,São Paulo,3550308,True,,32939,,,-23.677212500000003,-46.760749000000004,,,,2,2023-06-17T06:17:19+00:00
SAO_5391-10,São Paulo,3550308,True,,32939,,,-23.6453730625,-46.70219924999999,,,,2,2023-06-17T06:17:36+00:00
SAO_6L01-10,São Paulo,3550308,True,,33939,,,-23.90679,-46.708217000000005,,,,2,2023-06-17T06:17:38+00:00
SAO_6L01-10,São Paulo,3550308,True,,33939,,,-23.90679,-46.708217000000005,,,,2,2023-06-17T06:17:45+00:00
SAO_6L01-10,São Paulo,3550308,True,,33939,,,-23.832990125,-46.73079375,,,,2,2023-06-17T06:17:43+00:00
SAO_6L01-10,São Paulo,3550308,True,,33939,,,-23.90679,-46.708217000000005,,,,2,2023-06-17T06:17:32+00:00
SAO_6L01-10,São Paulo,3550308,True,,33939,,,-23.771853,-46.719546,,,,2,2023-06-17T06:17:10+00:00
SAO_6L01-10,São Paulo,3550308,True,,33939,,,-23.90679,-46.708217000000005,,,,2,2023-06-17T06:17:28+00:00
SAO_6L01-10,São Paulo,3550308,True,,33939,,,-23.90679,-46.708217000000005,,,,2,2023-06-17T06:17:05+00:00
SAO_6L01-10,São Paulo,3550308,True,,33939,,,-23.90679,-46.708217000000005,,,,2,2023-06-17T06:17:33+00:00
SAO_6L01-10,São Paulo,3550308,True,,33939,,,-23.902943,-46.7175525,,,,2,2023-06-17T06:12:24+00:00
SAO_6L01-10,São Paulo,3550308,True,,33939,,,-23.90679,-46.708217000000005,,,,2,2023-06-17T06:17:39+00:00
SAO_6L01-10,São Paulo,3550308,True,,33939,,,-23.90679,-46.708217000000005,,,,2,2023-06-17T06:17:32+00:00
SAO_475M-10,São Paulo,3550308,True,EMTU,343,https://moovitapp.com/index/pt-br/transporte_p%C3%BAblico-line-343-Sao_Paulo-242-2038937-36419427-0,5.15,-23.581832499999997,-46.6380255,,,,1,2023-06-17T06:17:44+00:00
SAO_475M-10,São Paulo,3550308,True,EMTU,343,https://moovitapp.com/index/pt-br/transporte_p%C3%BAblico-line-343-Sao_Paulo-242-2038937-36419427-0,5.15,-23.543377,-46.651499,,,,1,2023-06-17T06:17:24+00:00
SAO_6000-10,São Paulo,3550308,True,,33908,,,-23.6881275,-46.71470775,,,,2,2023-06-17T06:17:32+00:00
SAO_6000-10,São Paulo,3550308,True,,33908,,,-23.7444815,-46.707066499999996,,,,2,2023-06-17T06:17:35+00:00
SAO_6000-10,São Paulo,3550308,True,,33908,,,-23.769605,-46.7179785,,,,2,2023-06-17T06:16:36+00:00
SAO_6000-10,São Paulo,3550308,True,,33908,,,-23.739231,-46.7016025,,,,2,2023-06-17T06:17:32+00:00
SAO_6000-10,São Paulo,3550308,True,,33908,,,-23.654213,-46.710369,,,,2,2023-06-17T06:17:14+00:00
SAO_6000-10,São Paulo,3550308,True,,33908,,,-23.750782,-46.710551,,,,2,2023-06-17T06:17:18+00:00
SAO_6000-10,São Paulo,3550308,True,,33908,,,-23.7438405,-46.7069195,,,,2,2023-06-17T06:17:10+00:00
SAO_6000-10,São Paulo,3550308,True,,33908,,,-23.7931755,-46.7289665,,,,2,2023-06-17T06:17:26+00:00
SAO_3301-10,São Paulo,3550308,True,,1618,,,-23.507390375,-46.489095125000006,,,,1,2023-06-17T06:17:27+00:00
SAO_3301-10,São Paulo,3550308,True,,1618,,,-23.54620025,-46.63007,,,,1,2023-06-17T06:17:39+00:00
SAO_8013-10,São Paulo,3550308,True,,33568,,,-23.507599562500005,-46.7397545,,,,2,2023-06-17T06:17:44+00:00
SAO_574A-10,São Paulo,3550308,True,,33370,,,-23.66092975,-46.637235000000004,,,,2,2023-06-17T06:17:31+00:00
SAO_574A-10,São Paulo,3550308,True,,33370,,,-23.563597,-46.619397500000005,,,,2,2023-06-17T06:17:25+00:00
SAO_778R-10,São Paulo,3550308,True,EMTU,509,https://moovitapp.com/index/pt-br/transporte_p%C3%BAblico-line-509-Sao_Paulo-242-2038937-36419531-0,4.95,-23.569701000000002,-46.68799425,,,,1,2023-06-17T06:17:12+00:00
SAO_778R-10,São Paulo,3550308,True,EMTU,509,https://moovitapp.com/index/pt-br/transporte_p%C3%BAblico-line-509-Sao_Paulo-242-2038937-36419531-0,4.95,-23.585532999999998,-46.8056635,,,,1,2023-06-17T06:17:03+00:00
SAO_778R-10,São Paulo,3550308,True,EMTU,509,https://moovitapp.com/index/pt-br/transporte_p%C3%BAblico-line-509-Sao_Paulo-242-2038937-36419531-0,4.95,-23.584765500000003,-46.8090545,,,,1,2023-06-17T06:17:43+00:00
SAO_778R-10,São Paulo,3550308,True,EMTU,509,https://moovitapp.com/index/pt-br/transporte_p%C3%BAblico-line-509-Sao_Paulo-242-2038937-36419531-0,4.95,-23.584054125,-46.783584000000005,,,,1,2023-06-17T06:17:09+00:00
SAO_573T-10,São Paulo,3550308,True,,34400,,,-23.5941925,-46.4907095,,,,2,2023-06-17T06:17:29+00:00
SAO_573T-10,São Paulo,3550308,True,,34400,,,-23.562568499999998,-46.515933000000004,,,,2,2023-06-17T06:17:35+00:00
SAO_573T-10,São Paulo,3550308,True,,34400,,,-23.605494,-46.4873815,,,,2,2023-06-17T06:17:24+00:00
SAO_4314-10,São Paulo,3550308,True,,34942,,,-23.56411225,-46.409397500000004,,,,2,2023-06-17T06:17:31+00:00
SAO_4314-10,São Paulo,3550308,True,,34942,,,-23.543142187500003,-46.58608475,,,,2,2023-06-17T06:17:23+00:00
SAO_4314-10,São Paulo,3550308,True,,34942,,,-23.544124,-46.5311685,,,,2,2023-06-17T06:17:32+00:00
SAO_4314-10,São Paulo,3550308,True,,34942,,,-23.556663999999998,-46.4772105,,,,2,2023-06-17T06:17:25+00:00
SAO_4310-10,São Paulo,3550308,True,,2160,,,-23.540031,-46.459336,,,,1,2023-06-17T06:17:20+00:00
SAO_4310-10,São Paulo,3550308,True,,2160,,,-23.5515695,-46.624459,,,,1,2023-06-17T06:17:36+00:00
SAO_4310-10,São Paulo,3550308,True,,2160,,,-23.5365575,-46.45536575,,,,1,2023-06-17T06:17:41+00:00
SAO_6818-10,São Paulo,3550308,True,,32796,,,-23.655419000000002,-46.7722955,,,,2,2023-06-17T06:17:22+00:00
SAO_1177-31,São Paulo,3550308,True,,34599,,,-23.5361185,-46.632417000000004,,,,2,2023-06-17T06:17:38+00:00
SAO_745M-10,São Paulo,3550308,True,,33550,,,-23.660220000000002,-46.776787,,,,2,2023-06-17T06:17:08+00:00
SAO_745M-10,São Paulo,3550308,True,,33550,,,-23.6646485,-46.706689,,,,2,2023-06-17T06:17:01+00:00
SAO_745M-10,São Paulo,3550308,True,,33550,,,-23.674493750000003,-46.74761649999999,,,,2,2023-06-17T06:17:29+00:00
SAO_745M-10,São Paulo,3550308,True,,33550,,,-23.631020250000002,-46.76738775,,,,2,2023-06-17T06:17:42+00:00
SAO_1021-10,São Paulo,3550308,True,EMTU,833,https://moovitapp.com/index/pt-br/transporte_p%C3%BAblico-line-833-Sao_Paulo-242-2038937-36419599-0,5.4,-23.486697,-46.726888,,,,1,2023-06-17T06:17:17+00:00
SAO_6039-10,São Paulo,3550308,True,,33985,,,-23.6488675,-46.7535655,,,,2,2023-06-17T06:17:38+00:00
SAO_5109-10,São Paulo,3550308,True,,34619,,,-23.584759,-46.5836355,,,,2,2023-06-17T06:17:18+00:00
SAO_5109-10,São Paulo,3550308,True,,34619,,,-23.547353,-46.6287365,,,,2,2023-06-17T06:17:20+00:00
SAO_5109-10,São Paulo,3550308,True,,34619,,,-23.547353,-46.6287365,,,,2,2023-06-17T06:17:08+00:00
SAO_5109-10,São Paulo,3550308,True,,34619,,,-23.547353,-46.6287365,,,,2,2023-06-17T06:17:22+00:00
SAO_5119-10,São Paulo,3550308,True,,1,,,-23.6317895,-46.7367685,,,,1,2023-06-17T06:17:11+00:00
SAO_5119-10,São Paulo,3550308,True,,1,,,-23.5889595,-46.700366,,,,1,2023-06-17T06:17:18+00:00
SAO_5119-10,São Paulo,3550308,True,,1,,,-23.6517585,-46.75778675,,,,1,2023-06-17T06:17:28+00:00
SAO_5119-10,São Paulo,3550308,True,,1,,,-23.552288499999996,-46.63682875000001,,,,1,2023-06-17T06:17:25+00:00
SAO_5119-10,São Paulo,3550308,True,,1,,,-23.5779285,-46.660012249999994,,,,1,2023-06-17T06:17:46+00:00
SAO_695D-10,São Paulo,3550308,True,,32882,,,-23.6470855,-46.638879,,,,2,2023-06-17T06:17:44+00:00
SAO_695D-10,São Paulo,3550308,True,,32882,,,-23.706483,-46.700525999999996,,,,2,2023-06-17T06:17:11+00:00
SAO_6455-10,São Paulo,3550308,True,,32831,,,-23.654660999999997,-46.7609705,,,,2,2023-06-17T06:17:17+00:00
SAO_6455-10,São Paulo,3550308,True,,32831,,,-23.640708625000002,-46.698612125000004,,,,2,2023-06-17T06:17:46+00:00
SAO_6072-23,São Paulo,3550308,True,,2004,,,-23.767591,-46.7163045,,,,1,2023-06-17T06:17:43+00:00
SAO_6072-23,São Paulo,3550308,True,,2004,,,-23.767591,-46.7163045,,,,1,2023-06-17T06:17:20+00:00
SAO_6072-23,São Paulo,3550308,True,,2004,,,-23.767591,-46.7163045,,,,1,2023-06-17T06:17:28+00:00
SAO_6072-23,São Paulo,3550308,True,,2004,,,-23.767591,-46.7163045,,,,1,2023-06-17T06:17:26+00:00
SAO_6072-23,São Paulo,3550308,True,,2004,,,-23.767591,-46.7163045,,,,1,2023-06-17T06:17:30+00:00
SAO_6072-23,São Paulo,3550308,True,,2004,,,-23.767591,-46.7163045,,,,1,2023-06-17T06:17:31+00:00
SAO_6072-23,São Paulo,3550308,True,,2004,,,-23.767591,-46.7163045,,,,1,2023-06-17T06:17:24+00:00
SAO_6072-23,São Paulo,3550308,True,,2004,,,-23.767591,-46.7163045,,,,1,2023-06-17T06:17:18+00:00
SAO_6072-23,São Paulo,3550308,True,,2004,,,-23.767591,-46.7163045,,,,1,2023-06-17T06:17:37+00:00
SAO_6072-23,São Paulo,3550308,True,,2004,,,-23.767591,-46.7163045,,,,1,2023-06-17T06:17:40+00:00
SAO_6072-23,São Paulo,3550308,True,,2004,,,-23.767591,-46.7163045,,,,1,2023-06-17T06:17:11+00:00
SAO_6072-23,São Paulo,3550308,True,,2004,,,-23.767591,-46.7163045,,,,1,2023-06-17T06:17:07+00:00
SAO_6072-23,São Paulo,3550308,True,,2004,,,-23.767591,-46.7163045,,,,1,2023-06-17T06:17:41+00:00
SAO_6072-23,São Paulo,3550308,True,,2004,,,-23.767591,-46.7163045,,,,1,2023-06-17T06:17:06+00:00
SAO_6072-23,São Paulo,3550308,True,,2004,,,-23.767591,-46.7163045,,,,1,2023-06-17T06:17:25+00:00
SAO_1012-10,São Paulo,3550308,True,,35254,,,-23.4324985,-46.7870395,,,,2,2023-06-17T06:17:13+00:00
SAO_1012-10,São Paulo,3550308,True,,35254,,,-23.4333445,-46.7870665,,,,2,2023-06-17T06:17:10+00:00
SAO_675P-10,São Paulo,3550308,True,,33043,,,-23.6408175,-46.643728499999995,,,,2,2023-06-17T06:17:39+00:00
SAO_675P-10,São Paulo,3550308,True,,33043,,,-23.676375,-46.7010565,,,,2,2023-06-17T06:17:27+00:00
SAO_3756-10,São Paulo,3550308,True,,33818,,,-23.5711865,-46.395934,,,,2,2023-06-17T06:17:13+00:00
SAO_3756-10,São Paulo,3550308,True,,33818,,,-23.590653500000002,-46.389331375,,,,2,2023-06-17T06:16:55+00:00
SAO_3756-10,São Paulo,3550308,True,,33818,,,-23.542613,-46.4721415,,,,2,2023-06-17T06:17:19+00:00
SAO_3756-10,São Paulo,3550308,True,,33818,,,-23.590653500000002,-46.389331375,,,,2,2023-06-17T06:17:42+00:00
SAO_695V-10,São Paulo,3550308,True,,32776,,,-23.582805,-46.6376355,,,,2,2023-06-17T06:17:26+00:00
SAO_695V-10,São Paulo,3550308,True,,32776,,,-23.641504374999997,-46.699098875,,,,2,2023-06-17T06:17:43+00:00
SAO_695V-10,São Paulo,3550308,True,,32776,,,-23.65141,-46.757695999999996,,,,2,2023-06-17T06:17:28+00:00
SAO_7049-10,São Paulo,3550308,True,,34680,,,-23.71138725,-46.77812725,,,,2,2023-06-17T06:17:14+00:00
SAO_7049-10,São Paulo,3550308,True,,34680,,,-23.7108825,-46.7787665,,,,2,2023-06-17T06:17:24+00:00
SAO_7049-10,São Paulo,3550308,True,,34680,,,-23.711143749999998,-46.778219750000005,,,,2,2023-06-17T06:17:42+00:00
SAO_7049-10,São Paulo,3550308,True,,34680,,,-23.705192,-46.784183,,,,2,2023-06-17T06:17:38+00:00
SAO_7049-10,São Paulo,3550308,True,,34680,,,-23.7116535,-46.777972,,,,2,2023-06-17T06:17:24+00:00
SAO_7049-10,São Paulo,3550308,True,,34680,,,-23.7110865,-46.779285,,,,2,2023-06-17T06:17:16+00:00
SAO_7049-10,São Paulo,3550308,True,,34680,,,-23.71138725,-46.77812725,,,,2,2023-06-17T06:17:07+00:00
SAO_7049-10,São Paulo,3550308,True,,34680,,,-23.648835,-46.779174,,,,2,2023-06-17T06:17:16+00:00
SAO_7049-10,São Paulo,3550308,True,,34680,,,-23.71138725,-46.77812725,,,,2,2023-06-17T06:17:29+00:00
SAO_4312-10,São Paulo,3550308,True,,34940,,,-23.560325,-46.499271,,,,2,2023-06-17T06:15:33+00:00
SAO_4312-10,São Paulo,3550308,True,,34940,,,-23.534867,-46.547666,,,,2,2023-06-17T06:17:31+00:00
SAO_4312-10,São Paulo,3550308,True,,34940,,,-23.544070625,-46.59078425,,,,2,2023-06-17T06:17:34+00:00
SAO_4312-10,São Paulo,3550308,True,,34940,,,-23.5580845,-46.4977705,,,,2,2023-06-17T06:15:45+00:00
SAO_6045-10,São Paulo,3550308,True,,1222,,,-23.694803,-46.793687,,,,1,2023-06-17T06:17:45+00:00
SAO_6045-10,São Paulo,3550308,True,,1222,,,-23.694674999999997,-46.793941000000004,,,,1,2023-06-17T06:17:03+00:00
SAO_6045-10,São Paulo,3550308,True,,1222,,,-23.6945445,-46.794182,,,,1,2023-06-17T06:17:14+00:00
SAO_6045-10,São Paulo,3550308,True,,1222,,,-23.694674999999997,-46.793941000000004,,,,1,2023-06-17T06:17:26+00:00
SAO_6045-10,São Paulo,3550308,True,,1222,,,-23.6945995,-46.794075500000005,,,,1,2023-06-17T06:17:32+00:00
SAO_6045-10,São Paulo,3550308,True,,1222,,,-23.6945445,-46.794182,,,,1,2023-06-17T06:17:30+00:00
SAO_6045-10,São Paulo,3550308,True,,1222,,,-23.694674999999997,-46.793941000000004,,,,1,2023-06-17T06:17:05+00:00
SAO_6045-10,São Paulo,3550308,True,,1222,,,-23.69435,-46.794564,,,,1,2023-06-17T06:17:02+00:00
SAO_6805-31,São Paulo,3550308,True,,34556,,,-23.661201,-46.7539485,,,,2,2023-06-17T06:17:18+00:00
SAO_5010-10,São Paulo,3550308,True,,33882,,,-23.6590995,-46.6363495,,,,2,2023-06-17T06:17:01+00:00
SAO_846M-10,São Paulo,3550308,True,,33190,,,-23.543556,-46.694513,,,,2,2023-06-17T06:17:09+00:00
SAO_N601-11,São Paulo,3550308,True,,2392,,,-23.7374635,-46.697805,,,,1,2023-06-17T06:17:25+00:00
SAO_N601-11,São Paulo,3550308,True,,2392,,,-23.6728775,-46.677516499999996,,,,1,2023-06-17T06:17:27+00:00
SAO_2076-10,São Paulo,3550308,True,,33136,,,-23.49221875,-46.445155,,,,2,2023-06-17T06:17:44+00:00
SAO_2076-10,São Paulo,3550308,True,,33136,,,-23.495266,-46.432126,,,,2,2023-06-17T06:17:37+00:00
SAO_2076-10,São Paulo,3550308,True,,33136,,,-23.518811,-46.546674499999995,,,,2,2023-06-17T06:17:39+00:00
SAO_8073-10,São Paulo,3550308,True,,34849,,,-23.5889015,-46.737052500000004,,,,2,2023-06-17T06:17:03+00:00
SAO_701A-10,São Paulo,3550308,True,,689,,,-23.54451375,-46.642996249999996,,,,1,2023-06-17T06:17:43+00:00
SAO_263J-10,São Paulo,3550308,True,,32987,,,-23.5282045,-46.474232,,,,2,2023-06-17T06:17:42+00:00
SAO_263J-10,São Paulo,3550308,True,,32987,,,-23.5373155,-46.438044000000005,,,,2,2023-06-17T06:15:45+00:00
SAO_263J-10,São Paulo,3550308,True,,32987,,,-23.5232545,-46.534197,,,,2,2023-06-17T06:17:18+00:00
SAO_2080-10,São Paulo,3550308,True,,33139,,,-23.509847875,-46.36656325,,,,2,2023-06-17T06:17:29+00:00
SAO_2080-10,São Paulo,3550308,True,,33139,,,-23.488076999999997,-46.3817875,,,,2,2023-06-17T06:16:26+00:00
SAO_2080-10,São Paulo,3550308,True,,33139,,,-23.502467250000002,-46.367086125,,,,2,2023-06-17T06:17:35+00:00
SAO_2080-10,São Paulo,3550308,True,,33139,,,-23.498297,-46.457488,,,,2,2023-06-17T06:17:41+00:00
SAO_2080-10,São Paulo,3550308,True,,33139,,,-23.500500000000002,-46.368955,,,,2,2023-06-17T06:17:12+00:00
SAO_9354-10,São Paulo,3550308,True,,33476,,,-23.4742495,-46.669781,,,,2,2023-06-17T06:17:03+00:00
SAO_9354-10,São Paulo,3550308,True,,33476,,,-23.502414,-46.6571815,,,,2,2023-06-17T06:17:38+00:00
SAO_9354-10,São Paulo,3550308,True,,33476,,,-23.499293625,-46.656729,,,,2,2023-06-17T06:17:20+00:00
SAO_477A-10,São Paulo,3550308,True,EMTU,346,https://moovitapp.com/index/pt-br/transporte_p%C3%BAblico-line-346-Sao_Paulo-242-2038937-36419429-0,6.3,-23.603806499999997,-46.603359499999996,,,,1,2023-06-17T06:17:23+00:00
SAO_477A-10,São Paulo,3550308,True,EMTU,346,https://moovitapp.com/index/pt-br/transporte_p%C3%BAblico-line-346-Sao_Paulo-242-2038937-36419429-0,6.3,-23.579674375,-46.606041000000005,,,,1,2023-06-17T06:17:18+00:00
SAO_477A-10,São Paulo,3550308,True,EMTU,346,https://moovitapp.com/index/pt-br/transporte_p%C3%BAblico-line-346-Sao_Paulo-242-2038937-36419429-0,6.3,-23.605171,-46.604398,,,,1,2023-06-17T06:17:26+00:00
SAO_3785-10,São Paulo,3550308,True,,1063,,,-23.5632265,-46.44612325,,,,1,2023-06-17T06:17:16+00:00
SAO_3785-10,São Paulo,3550308,True,,1063,,,-23.591207,-46.394471,,,,1,2023-06-17T06:17:09+00:00
SAO_3785-10,São Paulo,3550308,True,,1063,,,-23.542863,-46.469320249999996,,,,1,2023-06-17T06:17:43+00:00
SAO_3785-10,São Paulo,3550308,True,,1063,,,-23.5727255,-46.445909,,,,1,2023-06-17T06:17:35+00:00
SAO_3785-10,São Paulo,3550308,True,,1063,,,-23.591207,-46.394471,,,,1,2023-06-17T06:17:30+00:00
SAO_3785-10,São Paulo,3550308,True,,1063,,,-23.591207,-46.394471,,,,1,2023-06-17T06:17:12+00:00
SAO_3785-10,São Paulo,3550308,True,,1063,,,-23.591207,-46.394471,,,,1,2023-06-17T06:17:09+00:00
SAO_3785-10,São Paulo,3550308,True,,1063,,,-23.591207,-46.394471,,,,1,2023-06-17T06:17:22+00:00
SAO_5129-10,São Paulo,3550308,True,,34049,,,-23.667810000000003,-46.731027499999996,,,,2,2023-06-17T06:17:25+00:00
SAO_5129-10,São Paulo,3550308,True,,34049,,,-23.667364,-46.65388874999999,,,,2,2023-06-17T06:17:17+00:00
SAO_5129-10,São Paulo,3550308,True,,34049,,,-23.680626500000002,-46.687639,,,,2,2023-06-17T06:17:00+00:00
SAO_1178-10,São Paulo,3550308,True,,32900,,,-23.53835375,-46.63372475,,,,2,2023-06-17T06:17:17+00:00
SAO_1178-10,São Paulo,3550308,True,,32900,,,-23.5022275,-46.4778885,,,,2,2023-06-17T06:17:27+00:00
SAO_1178-10,São Paulo,3550308,True,,32900,,,-23.5054595,-46.474666,,,,2,2023-06-17T06:17:19+00:00
SAO_1178-10,São Paulo,3550308,True,,32900,,,-23.519664,-46.618011499999994,,,,2,2023-06-17T06:17:19+00:00
SAO_1178-10,São Paulo,3550308,True,,32900,,,-23.5339315,-46.63288925,,,,2,2023-06-17T06:13:08+00:00
SAO_6099-10,São Paulo,3550308,True,,34355,,,-23.8311025,-46.7310835,,,,2,2023-06-17T06:17:42+00:00
SAO_6970-10,São Paulo,3550308,True,,1505,,,-23.737581499999997,-46.697899500000005,,,,1,2023-06-17T06:17:04+00:00
SAO_6970-10,São Paulo,3550308,True,,1505,,,-23.737581499999997,-46.697899500000005,,,,1,2023-06-17T06:17:29+00:00
SAO_6970-10,São Paulo,3550308,True,,1505,,,-23.737581499999997,-46.697899500000005,,,,1,2023-06-17T06:17:45+00:00
SAO_702U-10,São Paulo,3550308,True,,34098,,,-23.5595195,-46.7380175,,,,2,2023-06-17T06:17:06+00:00
SAO_702U-10,São Paulo,3550308,True,,34098,,,-23.562565499999998,-46.67539575,,,,2,2023-06-17T06:17:15+00:00
SAO_2551-10,São Paulo,3550308,True,,32909,,,-23.546832000000002,-46.6301665,,,,2,2023-06-17T06:17:43+00:00
SAO_2551-10,São Paulo,3550308,True,,32909,,,-23.546832000000002,-46.6301665,,,,2,2023-06-17T06:17:33+00:00
SAO_2551-10,São Paulo,3550308,True,,32909,,,-23.546832000000002,-46.6301665,,,,2,2023-06-17T06:17:15+00:00
SAO_2551-10,São Paulo,3550308,True,,32909,,,-23.497321499999998,-46.516397999999995,,,,2,2023-06-17T06:17:14+00:00
SAO_2551-10,São Paulo,3550308,True,,32909,,,-23.5184535,-46.475611,,,,2,2023-06-17T06:17:37+00:00
SAO_2551-10,São Paulo,3550308,True,,32909,,,-23.546832000000002,-46.6301665,,,,2,2023-06-17T06:17:02+00:00
SAO_2551-10,São Paulo,3550308,True,,32909,,,-23.546832000000002,-46.6301665,,,,2,2023-06-17T06:15:34+00:00
SAO_5012-10,São Paulo,3550308,True,,33884,,,-23.6459105,-46.6397875,,,,2,2023-06-17T06:16:57+00:00
SAO_5012-10,São Paulo,3550308,True,,33884,,,-23.6459105,-46.6397875,,,,2,2023-06-17T06:17:07+00:00
SAO_5012-10,São Paulo,3550308,True,,33884,,,-23.647399,-46.639229,,,,2,2023-06-17T06:17:28+00:00
SAO_5012-10,São Paulo,3550308,True,,33884,,,-23.6459105,-46.6397875,,,,2,2023-06-17T06:17:14+00:00
SAO_5012-10,São Paulo,3550308,True,,33884,,,-23.6459105,-46.6397875,,,,2,2023-06-17T06:17:28+00:00
SAO_5012-10,São Paulo,3550308,True,,33884,,,-23.6459105,-46.6397875,,,,2,2023-06-17T06:17:05+00:00
SAO_5012-10,São Paulo,3550308,True,,33884,,,-23.702285250000003,-46.627648125,,,,2,2023-06-17T06:16:36+00:00
SAO_5012-10,São Paulo,3550308,True,,33884,,,-23.6459105,-46.6397875,,,,2,2023-06-17T06:17:02+00:00
SAO_5012-10,São Paulo,3550308,True,,33884,,,-23.6459105,-46.6397875,,,,2,2023-06-17T06:16:19+00:00
SAO_5012-10,São Paulo,3550308,True,,33884,,,-23.6459105,-46.6397875,,,,2,2023-06-17T06:16:08+00:00
SAO_5012-10,São Paulo,3550308,True,,33884,,,-23.6459105,-46.6397875,,,,2,2023-06-17T06:16:54+00:00
SAO_5012-10,São Paulo,3550308,True,,33884,,,-23.6459105,-46.6397875,,,,2,2023-06-17T06:17:31+00:00
SAO_5012-10,São Paulo,3550308,True,,33884,,,-23.6459105,-46.6397875,,,,2,2023-06-17T06:17:39+00:00
SAO_857A-10,São Paulo,3550308,True,,34693,,,-23.631153500000003,-46.7733425,,,,2,2023-06-17T06:17:23+00:00
SAO_857A-10,São Paulo,3550308,True,,34693,,,-23.63142725,-46.77140775,,,,2,2023-06-17T06:17:45+00:00
SAO_857A-10,São Paulo,3550308,True,,34693,,,-23.583526499999998,-46.67080075,,,,2,2023-06-17T06:17:36+00:00
SAO_6017-10,São Paulo,3550308,True,,1206,,,-23.667369,-46.728165,,,,1,2023-06-17T06:17:16+00:00
SAO_8542-21,São Paulo,3550308,True,,1361,,,-23.4735895,-46.7026745,,,,1,2023-06-17T06:17:23+00:00
SAO_978J-10,São Paulo,3550308,True,,33359,,,-23.53275275,-46.65722375,,,,2,2023-06-17T06:17:25+00:00
SAO_978J-10,São Paulo,3550308,True,,33359,,,-23.50260925,-46.7062425,,,,2,2023-06-17T06:17:41+00:00
SAO_7006-51,São Paulo,3550308,True,,1997,,,-23.733286,-46.783649999999994,,,,1,2023-06-17T06:17:30+00:00
SAO_7006-51,São Paulo,3550308,True,,1997,,,-23.7488905,-46.7831885,,,,1,2023-06-17T06:17:45+00:00
SAO_7006-51,São Paulo,3550308,True,,1997,,,-23.7488905,-46.7831885,,,,1,2023-06-17T06:17:20+00:00
SAO_7006-51,São Paulo,3550308,True,,1997,,,-23.68797225,-46.77209175,,,,1,2023-06-17T06:17:33+00:00
SAO_2014-10,São Paulo,3550308,True,Urubupungá,900,https://moovitapp.com/index/pt-br/transporte_p%C3%BAblico-line-900-Sao_Paulo-242-873835-496470-0,4.6,-23.457081000000002,-46.669748,,,,1,2023-06-17T06:17:15+00:00
SAO_2014-10,São Paulo,3550308,True,Urubupungá,900,https://moovitapp.com/index/pt-br/transporte_p%C3%BAblico-line-900-Sao_Paulo-242-873835-496470-0,4.6,-23.457081000000002,-46.669748,,,,1,2023-06-17T06:17:36+00:00
SAO_2014-10,São Paulo,3550308,True,Urubupungá,900,https://moovitapp.com/index/pt-br/transporte_p%C3%BAblico-line-900-Sao_Paulo-242-873835-496470-0,4.6,-23.457081000000002,-46.669748,,,,1,2023-06-17T06:17:41+00:00
SAO_2014-10,São Paulo,3550308,True,Urubupungá,900,https://moovitapp.com/index/pt-br/transporte_p%C3%BAblico-line-900-Sao_Paulo-242-873835-496470-0,4.6,-23.457081000000002,-46.669748,,,,1,2023-06-17T06:17:18+00:00
SAO_2014-10,São Paulo,3550308,True,Urubupungá,900,https://moovitapp.com/index/pt-br/transporte_p%C3%BAblico-line-900-Sao_Paulo-242-873835-496470-0,4.6,-23.457081000000002,-46.669748,,,,1,2023-06-17T06:17:28+00:00
SAO_2014-10,São Paulo,3550308,True,Urubupungá,900,https://moovitapp.com/index/pt-br/transporte_p%C3%BAblico-line-900-Sao_Paulo-242-873835-496470-0,4.6,-23.457081000000002,-46.669748,,,,1,2023-06-17T06:17:23+00:00
SAO_2014-10,São Paulo,3550308,True,Urubupungá,900,https://moovitapp.com/index/pt-br/transporte_p%C3%BAblico-line-900-Sao_Paulo-242-873835-496470-0,4.6,-23.457081000000002,-46.669748,,,,1,2023-06-17T06:17:43+00:00
SAO_2014-10,São Paulo,3550308,True,Urubupungá,900,https://moovitapp.com/index/pt-br/transporte_p%C3%BAblico-line-900-Sao_Paulo-242-873835-496470-0,4.6,-23.457081000000002,-46.669748,,,,1,2023-06-17T06:17:20+00:00
SAO_2014-10,São Paulo,3550308,True,Urubupungá,900,https://moovitapp.com/index/pt-br/transporte_p%C3%BAblico-line-900-Sao_Paulo-242-873835-496470-0,4.6,-23.457081000000002,-46.669748,,,,1,2023-06-17T06:17:05+00:00
SAO_2014-10,São Paulo,3550308,True,Urubupungá,900,https://moovitapp.com/index/pt-br/transporte_p%C3%BAblico-line-900-Sao_Paulo-242-873835-496470-0,4.6,-23.457081000000002,-46.669748,,,,1,2023-06-17T06:17:34+00:00
SAO_2014-10,São Paulo,3550308,True,Urubupungá,900,https://moovitapp.com/index/pt-br/transporte_p%C3%BAblico-line-900-Sao_Paulo-242-873835-496470-0,4.6,-23.457081000000002,-46.669748,,,,1,2023-06-17T06:17:02+00:00
SAO_2014-10,São Paulo,3550308,True,Urubupungá,900,https://moovitapp.com/index/pt-br/transporte_p%C3%BAblico-line-900-Sao_Paulo-242-873835-496470-0,4.6,-23.457081000000002,-46.669748,,,,1,2023-06-17T06:17:41+00:00
SAO_2014-10,São Paulo,3550308,True,Urubupungá,900,https://moovitapp.com/index/pt-br/transporte_p%C3%BAblico-line-900-Sao_Paulo-242-873835-496470-0,4.6,-23.457081000000002,-46.669748,,,,1,2023-06-17T06:17:38+00:00
SAO_2014-10,São Paulo,3550308,True,Urubupungá,900,https://moovitapp.com/index/pt-br/transporte_p%C3%BAblico-line-900-Sao_Paulo-242-873835-496470-0,4.6,-23.457081000000002,-46.669748,,,,1,2023-06-17T06:17:09+00:00
SAO_2014-10,São Paulo,3550308,True,Urubupungá,900,https://moovitapp.com/index/pt-br/transporte_p%C3%BAblico-line-900-Sao_Paulo-242-873835-496470-0,4.6,-23.457081000000002,-46.669748,,,,1,2023-06-17T06:17:20+00:00
SAO_2014-10,São Paulo,3550308,True,Urubupungá,900,https://moovitapp.com/index/pt-br/transporte_p%C3%BAblico-line-900-Sao_Paulo-242-873835-496470-0,4.6,-23.457081000000002,-46.669748,,,,1,2023-06-17T06:17:37+00:00
SAO_2014-10,São Paulo,3550308,True,Urubupungá,900,https://moovitapp.com/index/pt-br/transporte_p%C3%BAblico-line-900-Sao_Paulo-242-873835-496470-0,4.6,-23.457081000000002,-46.669748,,,,1,2023-06-17T06:17:12+00:00
SAO_2014-10,São Paulo,3550308,True,Urubupungá,900,https://moovitapp.com/index/pt-br/transporte_p%C3%BAblico-line-900-Sao_Paulo-242-873835-496470-0,4.6,-23.457081000000002,-46.669748,,,,1,2023-06-17T06:17:02+00:00
SAO_3064-10,São Paulo,3550308,True,,33748,,,-23.60499,-46.4032055,,,,2,2023-06-17T06:17:26+00:00
SAO_3064-10,São Paulo,3550308,True,,33748,,,-23.58055825,-46.413486750000004,,,,2,2023-06-17T06:17:38+00:00
SAO_3728-10,São Paulo,3550308,True,,33793,,,-23.554825,-46.492258,,,,2,2023-06-17T06:17:21+00:00
SAO_3728-10,São Paulo,3550308,True,,33793,,,-23.5737035,-46.4903705,,,,2,2023-06-17T06:17:24+00:00
SAO_3738-10,São Paulo,3550308,True,,33806,,,-23.5629515,-46.3946025,,,,2,2023-06-17T06:17:03+00:00
SAO_3738-10,São Paulo,3550308,True,,33806,,,-23.5645095,-46.406006000000005,,,,2,2023-06-17T06:17:06+00:00
SAO_3738-10,São Paulo,3550308,True,,33806,,,-23.54579725,-46.447246250000006,,,,2,2023-06-17T06:17:03+00:00
SAO_3301-10,São Paulo,3550308,True,,34386,,,-23.531755500000003,-46.55994225,,,,2,2023-06-17T06:15:36+00:00
SAO_8615-10,São Paulo,3550308,True,,1339,,,-23.5523785,-46.6334785,,,,1,2023-06-17T06:17:16+00:00
SAO_8615-10,São Paulo,3550308,True,,1339,,,-23.528008,-46.6709235,,,,1,2023-06-17T06:17:34+00:00
SAO_1778-10,São Paulo,3550308,True,,1789,,,-23.4620695,-46.571163,,,,1,2023-06-17T06:14:31+00:00
SAO_1778-10,São Paulo,3550308,True,,1789,,,-23.497327499999997,-46.612503000000004,,,,1,2023-06-17T06:17:31+00:00
SAO_5105-10,São Paulo,3550308,True,,1651,,,-23.550915,-46.6267635,,,,1,2023-06-17T06:17:24+00:00
SAO_5105-10,São Paulo,3550308,True,,1651,,,-23.603226749999997,-46.60239175,,,,1,2023-06-17T06:17:12+00:00
SAO_5105-10,São Paulo,3550308,True,,1651,,,-23.602994000000002,-46.602816000000004,,,,1,2023-06-17T06:17:07+00:00
SAO_3029-10,São Paulo,3550308,True,,966,,,-23.541215,-46.5774215,,,,1,2023-06-17T06:17:29+00:00
SAO_3029-10,São Paulo,3550308,True,,966,,,-23.543528625,-46.569255375,,,,1,2023-06-17T06:17:19+00:00
SAO_3054-10,São Paulo,3550308,True,,33743,,,-23.6052235,-46.410366249999996,,,,2,2023-06-17T06:17:34+00:00
SAO_3054-10,São Paulo,3550308,True,,33743,,,-23.5949785,-46.4406365,,,,2,2023-06-17T06:17:43+00:00
SAO_3054-10,São Paulo,3550308,True,,33743,,,-23.598450999999997,-46.4959695,,,,2,2023-06-17T06:17:30+00:00
SAO_7005-10,São Paulo,3550308,True,,34766,,,-23.693933,-46.7796675,,,,2,2023-06-17T06:17:41+00:00
SAO_5791-10,São Paulo,3550308,True,,607,,,-23.7061695,-46.6266275,,,,1,2023-06-17T06:16:08+00:00
SAO_5791-10,São Paulo,3550308,True,,607,,,-23.583918500000003,-46.63666375,,,,1,2023-06-17T06:17:15+00:00
SAO_6913-10,São Paulo,3550308,True,,34233,,,-23.63329175,-46.69288999999999,,,,2,2023-06-17T06:17:38+00:00
SAO_6913-10,São Paulo,3550308,True,,34233,,,-23.734389999999998,-46.6990485,,,,2,2023-06-17T06:17:02+00:00
SAO_6913-10,São Paulo,3550308,True,,34233,,,-23.7405945,-46.704511,,,,2,2023-06-17T06:17:27+00:00
SAO_6913-10,São Paulo,3550308,True,,34233,,,-23.76714475,-46.71695750000001,,,,2,2023-06-17T06:17:26+00:00
SAO_6913-10,São Paulo,3550308,True,,34233,,,-23.767560000000003,-46.7161905,,,,2,2023-06-17T06:17:37+00:00
SAO_3778-10,São Paulo,3550308,True,,33830,,,-23.569554,-46.486423,,,,2,2023-06-17T06:17:43+00:00
SAO_3778-10,São Paulo,3550308,True,,33830,,,-23.5382715,-46.5627705,,,,2,2023-06-17T06:11:19+00:00
SAO_3778-10,São Paulo,3550308,True,,33830,,,-23.5728465,-46.503921500000004,,,,2,2023-06-17T06:17:16+00:00
SAO_7725-10,São Paulo,3550308,True,EMTU,472,https://moovitapp.com/index/pt-br/transporte_p%C3%BAblico-line-472-Sao_Paulo-242-2038937-36419508-0,35.0,-23.527744,-46.69787925,,,,1,2023-06-17T06:17:34+00:00
SAO_3736-10,São Paulo,3550308,True,,1036,,,-23.575533,-46.4834125,,,,1,2023-06-17T06:17:44+00:00
SAO_3736-10,São Paulo,3550308,True,,1036,,,-23.575533,-46.4834125,,,,1,2023-06-17T06:17:28+00:00
SAO_3736-10,São Paulo,3550308,True,,1036,,,-23.575533,-46.4834125,,,,1,2023-06-17T06:17:36+00:00
SAO_3736-10,São Paulo,3550308,True,,1036,,,-23.575533,-46.4834125,,,,1,2023-06-17T06:17:23+00:00
SAO_3736-10,São Paulo,3550308,True,,1036,,,-23.575533,-46.4834125,,,,1,2023-06-17T06:17:21+00:00
SAO_3736-10,São Paulo,3550308,True,,1036,,,-23.575533,-46.4834125,,,,1,2023-06-17T06:17:39+00:00
SAO_3736-10,São Paulo,3550308,True,,1036,,,-23.575533,-46.4834125,,,,1,2023-06-17T06:17:33+00:00
SAO_3736-10,São Paulo,3550308,True,,1036,,,-23.545468,-46.4839455,,,,1,2023-06-17T06:17:12+00:00
SAO_3736-10,São Paulo,3550308,True,,1036,,,-23.5774955,-46.483514,,,,1,2023-06-17T06:17:25+00:00
SAO_3459-10,São Paulo,3550308,True,EMTU,402,https://moovitapp.com/index/pt-br/transporte_p%C3%BAblico-line-402-Sao_Paulo-242-2038937-36419464-0,3.7,-23.5165205,-46.385602000000006,,,,1,2023-06-17T06:15:37+00:00
SAO_3459-10,São Paulo,3550308,True,EMTU,402,https://moovitapp.com/index/pt-br/transporte_p%C3%BAblico-line-402-Sao_Paulo-242-2038937-36419464-0,3.7,-23.543466375,-46.590280875,,,,1,2023-06-17T06:17:13+00:00
SAO_3459-10,São Paulo,3550308,True,EMTU,402,https://moovitapp.com/index/pt-br/transporte_p%C3%BAblico-line-402-Sao_Paulo-242-2038937-36419464-0,3.7,-23.5165205,-46.385602000000006,,,,1,2023-06-17T06:17:04+00:00
SAO_3459-10,São Paulo,3550308,True,EMTU,402,https://moovitapp.com/index/pt-br/transporte_p%C3%BAblico-line-402-Sao_Paulo-242-2038937-36419464-0,3.7,-23.5152835,-46.456044500000004,,,,1,2023-06-17T06:17:27+00:00
SAO_3459-10,São Paulo,3550308,True,EMTU,402,https://moovitapp.com/index/pt-br/transporte_p%C3%BAblico-line-402-Sao_Paulo-242-2038937-36419464-0,3.7,-23.5165205,-46.385602000000006,,,,1,2023-06-17T06:17:36+00:00
SAO_3459-10,São Paulo,3550308,True,EMTU,402,https://moovitapp.com/index/pt-br/transporte_p%C3%BAblico-line-402-Sao_Paulo-242-2038937-36419464-0,3.7,-23.5473415,-46.629296499999995,,,,1,2023-06-17T06:17:18+00:00
SAO_3459-10,São Paulo,3550308,True,EMTU,402,https://moovitapp.com/index/pt-br/transporte_p%C3%BAblico-line-402-Sao_Paulo-242-2038937-36419464-0,3.7,-23.5165205,-46.385602000000006,,,,1,2023-06-17T06:14:59+00:00
SAO_3459-10,São Paulo,3550308,True,EMTU,402,https://moovitapp.com/index/pt-br/transporte_p%C3%BAblico-line-402-Sao_Paulo-242-2038937-36419464-0,3.7,-23.517335,-46.4814655,,,,1,2023-06-17T06:17:21+00:00
SAO_3459-10,São Paulo,3550308,True,EMTU,402,https://moovitapp.com/index/pt-br/transporte_p%C3%BAblico-line-402-Sao_Paulo-242-2038937-36419464-0,3.7,-23.5165205,-46.385602000000006,,,,1,2023-06-17T06:15:48+00:00
SAO_175P-10,São Paulo,3550308,True,,33443,,,-23.50025125,-46.63437975,,,,2,2023-06-17T06:17:05+00:00
SAO_175P-10,São Paulo,3550308,True,,33443,,,-23.51967725,-46.656017,,,,2,2023-06-17T06:17:27+00:00
SAO_175P-10,São Paulo,3550308,True,,33443,,,-23.5407145,-46.670465500000006,,,,2,2023-06-17T06:17:18+00:00
SAO_175P-10,São Paulo,3550308,True,,33443,,,-23.5863984375,-46.6361194375,,,,2,2023-06-17T06:17:40+00:00
SAO_175P-10,São Paulo,3550308,True,,33443,,,-23.52941725,-46.660929,,,,2,2023-06-17T06:17:14+00:00
SAO_N531-11,São Paulo,3550308,True,,2383,,,-23.601183,-46.536624,,,,1,2023-06-17T06:17:12+00:00
SAO_508L-10,São Paulo,3550308,True,EMTU,117,https://moovitapp.com/index/pt-br/transporte_p%C3%BAblico-line-117-Sao_Paulo-242-2038937-36419277-0,4.8,-23.536313999999997,-46.654127,,,,1,2023-06-17T06:17:36+00:00
SAO_508L-10,São Paulo,3550308,True,EMTU,117,https://moovitapp.com/index/pt-br/transporte_p%C3%BAblico-line-117-Sao_Paulo-242-2038937-36419277-0,4.8,-23.58245925,-46.64018,,,,1,2023-06-17T06:17:20+00:00
SAO_508L-10,São Paulo,3550308,True,EMTU,117,https://moovitapp.com/index/pt-br/transporte_p%C3%BAblico-line-117-Sao_Paulo-242-2038937-36419277-0,4.8,-23.534772,-46.644349,,,,1,2023-06-17T06:17:15+00:00
SAO_N231-11,São Paulo,3550308,True,,2320,,,-23.4608095,-46.6404185,,,,1,2023-06-17T06:17:27+00:00
SAO_5029-10,São Paulo,3550308,True,,34440,,,-23.604712,-46.599669500000005,,,,2,2023-06-17T06:17:22+00:00
SAO_5029-10,São Paulo,3550308,True,,34440,,,-23.6284755,-46.5863025,,,,2,2023-06-17T06:17:26+00:00
SAO_5127-10,São Paulo,3550308,True,,1127,,,-23.7015515,-46.640887,,,,1,2023-06-17T06:17:13+00:00
SAO_5127-10,São Paulo,3550308,True,,1127,,,-23.7015515,-46.640887,,,,1,2023-06-17T06:13:38+00:00
SAO_5127-10,São Paulo,3550308,True,,1127,,,-23.7015515,-46.640887,,,,1,2023-06-17T06:16:46+00:00
SAO_5127-10,São Paulo,3550308,True,,1127,,,-23.7015515,-46.640887,,,,1,2023-06-17T06:17:21+00:00
SAO_5127-10,São Paulo,3550308,True,,1127,,,-23.7015515,-46.640887,,,,1,2023-06-17T06:16:03+00:00
SAO_5127-10,São Paulo,3550308,True,,1127,,,-23.7015515,-46.640887,,,,1,2023-06-17T06:14:34+00:00
SAO_5127-10,São Paulo,3550308,True,,1127,,,-23.7015515,-46.640887,,,,1,2023-06-17T06:17:06+00:00
SAO_917H-10,São Paulo,3550308,True,,33224,,,-23.492099,-46.7492765,,,,2,2023-06-17T06:17:32+00:00
SAO_917H-10,São Paulo,3550308,True,,33224,,,-23.4887235,-46.7491965,,,,2,2023-06-17T06:17:18+00:00
SAO_917H-10,São Paulo,3550308,True,,33224,,,-23.5296365,-46.738195375,,,,2,2023-06-17T06:17:05+00:00
SAO_917H-10,São Paulo,3550308,True,,33224,,,-23.5539105,-46.671092,,,,2,2023-06-17T06:17:12+00:00
SAO_917H-10,São Paulo,3550308,True,,33224,,,-23.5547495,-46.66899225,,,,2,2023-06-17T06:16:54+00:00
SAO_917H-10,São Paulo,3550308,True,,33224,,,-23.4975835,-46.74621575,,,,2,2023-06-17T06:17:32+00:00
SAO_233C-10,São Paulo,3550308,True,,32923,,,-23.5558735,-46.5554525,,,,2,2023-06-17T06:17:26+00:00
SAO_233C-10,São Paulo,3550308,True,,32923,,,-23.532783000000002,-46.481978999999995,,,,2,2023-06-17T06:17:09+00:00
SAO_233C-10,São Paulo,3550308,True,,32923,,,-23.519024125,-46.475913874999996,,,,2,2023-06-17T06:17:25+00:00
SAO_233C-10,São Paulo,3550308,True,,32923,,,-23.532215,-46.486081,,,,2,2023-06-17T06:17:08+00:00
SAO_129F-10,São Paulo,3550308,True,,2304,,,-23.5258445,-46.6790215,,,,1,2023-06-17T06:17:09+00:00
SAO_129F-10,São Paulo,3550308,True,,2304,,,-23.5267185,-46.6665985,,,,1,2023-06-17T06:17:25+00:00
SAO_1177-10,São Paulo,3550308,True,,32897,,,-23.5361185,-46.632417000000004,,,,2,2023-06-17T06:16:39+00:00
SAO_1177-10,São Paulo,3550308,True,,32897,,,-23.5361185,-46.632417000000004,,,,2,2023-06-17T06:17:14+00:00
SAO_1177-10,São Paulo,3550308,True,,32897,,,-23.5361185,-46.632417000000004,,,,2,2023-06-17T06:17:30+00:00
SAO_1177-10,São Paulo,3550308,True,,32897,,,-23.5232545,-46.534197,,,,2,2023-06-17T06:17:36+00:00
SAO_1177-10,São Paulo,3550308,True,,32897,,,-23.5361185,-46.632417000000004,,,,2,2023-06-17T06:17:13+00:00
SAO_1177-10,São Paulo,3550308,True,,32897,,,-23.5361185,-46.632417000000004,,,,2,2023-06-17T06:17:23+00:00
SAO_1177-10,São Paulo,3550308,True,,32897,,,-23.5361185,-46.632417000000004,,,,2,2023-06-17T06:17:28+00:00
SAO_1177-10,São Paulo,3550308,True,,32897,,,-23.5262635,-46.599981875,,,,2,2023-06-17T06:17:24+00:00
SAO_1177-10,São Paulo,3550308,True,,32897,,,-23.5361185,-46.632417000000004,,,,2,2023-06-17T06:14:04+00:00
SAO_1024-10,São Paulo,3550308,True,,35070,,,-23.460365,-46.7083665,,,,2,2023-06-17T06:17:20+00:00
SAO_2727-10,São Paulo,3550308,True,,942,,,-23.538655500000004,-46.480022000000005,,,,1,2023-06-17T06:17:41+00:00
SAO_2727-10,São Paulo,3550308,True,,942,,,-23.540153,-46.483096,,,,1,2023-06-17T06:16:58+00:00
SAO_2727-10,São Paulo,3550308,True,,942,,,-23.540153,-46.483096,,,,1,2023-06-17T06:17:14+00:00
SAO_2727-10,São Paulo,3550308,True,,942,,,-23.540153,-46.483096,,,,1,2023-06-17T06:17:43+00:00
SAO_2727-10,São Paulo,3550308,True,,942,,,-23.540153,-46.483096,,,,1,2023-06-17T06:12:16+00:00
SAO_2727-10,São Paulo,3550308,True,,942,,,-23.540153,-46.483096,,,,1,2023-06-17T06:14:58+00:00
SAO_2727-10,São Paulo,3550308,True,,942,,,-23.522628,-46.4620075,,,,1,2023-06-17T06:17:37+00:00
SAO_2727-10,São Paulo,3550308,True,,942,,,-23.540153,-46.483096,,,,1,2023-06-17T06:17:35+00:00
SAO_2727-10,São Paulo,3550308,True,,942,,,-23.540153,-46.483096,,,,1,2023-06-17T06:17:28+00:00
SAO_2727-10,São Paulo,3550308,True,,942,,,-23.540153,-46.483096,,,,1,2023-06-17T06:17:45+00:00
SAO_514T-10,São Paulo,3550308,True,,1671,,,-23.586996,-46.53403350000001,,,,1,2023-06-17T06:17:18+00:00
SAO_514T-10,São Paulo,3550308,True,,1671,,,-23.594772,-46.4993275,,,,1,2023-06-17T06:17:34+00:00
SAO_7005-51,São Paulo,3550308,True,,34767,,,-23.73646075,-46.776863250000005,,,,2,2023-06-17T06:17:36+00:00
SAO_7005-51,São Paulo,3550308,True,,34767,,,-23.73646075,-46.776863250000005,,,,2,2023-06-17T06:17:31+00:00
SAO_917H-10,São Paulo,3550308,True,STT,456,https://moovitapp.com/index/pt-br/transporte_p%C3%BAblico-line-456-Sao_Paulo-242-850661-10416524-0,5.3,-23.486014,-46.7257505,,,,1,2023-06-17T06:17:36+00:00
SAO_917H-10,São Paulo,3550308,True,STT,456,https://moovitapp.com/index/pt-br/transporte_p%C3%BAblico-line-456-Sao_Paulo-242-850661-10416524-0,5.3,-23.486014,-46.7257505,,,,1,2023-06-17T06:17:35+00:00
SAO_917H-10,São Paulo,3550308,True,STT,456,https://moovitapp.com/index/pt-br/transporte_p%C3%BAblico-line-456-Sao_Paulo-242-850661-10416524-0,5.3,-23.5522855,-46.675430500000004,,,,1,2023-06-17T06:17:05+00:00
SAO_917H-10,São Paulo,3550308,False,STT,456,https://moovitapp.com/index/pt-br/transporte_p%C3%BAblico-line-456-Sao_Paulo-242-850661-10416524-0,5.3,-23.485965,-46.726443374999995,,,,1,2023-06-17T06:17:42+00:00
SAO_917H-10,São Paulo,3550308,True,STT,456,https://moovitapp.com/index/pt-br/transporte_p%C3%BAblico-line-456-Sao_Paulo-242-850661-10416524-0,5.3,-23.57124375,-46.644467250000005,,,,1,2023-06-17T06:17:43+00:00
SAO_957T-10,São Paulo,3550308,True,,33232,,,-23.47279,-46.683281,,,,2,2023-06-17T06:17:36+00:00
SAO_957T-10,São Paulo,3550308,True,,33232,,,-23.455434500000003,-46.6937785,,,,2,2023-06-17T06:17:11+00:00
SAO_957T-10,São Paulo,3550308,True,,33232,,,-23.5438805,-46.7235825,,,,2,2023-06-17T06:17:39+00:00
SAO_517J-10,São Paulo,3550308,True,,33897,,,-23.6862195,-46.65865325,,,,2,2023-06-17T06:17:21+00:00
SAO_517J-10,São Paulo,3550308,True,,33897,,,-23.691030499999997,-46.656783000000004,,,,2,2023-06-17T06:17:08+00:00
SAO_517J-10,São Paulo,3550308,True,,33897,,,-23.638833249999998,-46.67692875,,,,2,2023-06-17T06:17:41+00:00
SAO_517J-10,São Paulo,3550308,True,,33897,,,-23.6911125,-46.656583499999996,,,,2,2023-06-17T06:17:34+00:00
SAO_N207-11,São Paulo,3550308,True,,35085,,,-23.518136,-46.653862000000004,,,,2,2023-06-17T06:17:40+00:00
SAO_2707-10,São Paulo,3550308,True,,919,,,-23.5422585,-46.470022,,,,1,2023-06-17T06:17:40+00:00
SAO_2707-10,São Paulo,3550308,True,,919,,,-23.542055,-46.471434,,,,1,2023-06-17T06:17:32+00:00
SAO_4006-10,São Paulo,3550308,True,,2180,,,-23.618416749999998,-46.43096425,,,,1,2023-06-17T06:17:32+00:00
SAO_8013-10,São Paulo,3550308,True,,800,,,-23.431413,-46.7872125,,,,1,2023-06-17T06:17:31+00:00
SAO_N103-11,São Paulo,3550308,True,,2284,,,-23.510699,-46.705584,,,,1,2023-06-17T06:17:26+00:00
SAO_407I-10,São Paulo,3550308,True,,34990,,,-23.544124,-46.5311685,,,,2,2023-06-17T06:17:36+00:00
SAO_407I-10,São Paulo,3550308,True,,34990,,,-23.541107,-46.4847105,,,,2,2023-06-17T06:17:09+00:00
SAO_609F-10,São Paulo,3550308,True,,32805,,,-23.667463,-46.753205,,,,2,2023-06-17T06:17:21+00:00
SAO_609F-10,São Paulo,3550308,True,,32805,,,-23.6399275,-46.725896750000004,,,,2,2023-06-17T06:17:34+00:00
SAO_609F-10,São Paulo,3550308,True,,32805,,,-23.661613000000003,-46.75320375,,,,2,2023-06-17T06:17:01+00:00
SAO_609F-10,São Paulo,3550308,True,,32805,,,-23.657685999999998,-46.741942,,,,2,2023-06-17T06:17:04+00:00
SAO_609F-10,São Paulo,3550308,True,,32805,,,-23.580458,-46.680413,,,,2,2023-06-17T06:17:17+00:00
SAO_609F-10,São Paulo,3550308,True,,32805,,,-23.661915,-46.7523465,,,,2,2023-06-17T06:17:40+00:00
SAO_609F-10,São Paulo,3550308,True,,32805,,,-23.5397395,-46.640125,,,,2,2023-06-17T06:17:23+00:00
SAO_3731-10,São Paulo,3550308,True,,33796,,,-23.539611999999998,-46.516724999999994,,,,2,2023-06-17T06:13:41+00:00
SAO_3731-10,São Paulo,3550308,True,,33796,,,-23.5656945,-46.506892,,,,2,2023-06-17T06:17:02+00:00
SAO_3731-10,São Paulo,3550308,True,,33796,,,-23.5414605,-46.51417875,,,,2,2023-06-17T06:17:02+00:00
SAO_2725-10,São Paulo,3550308,True,,939,,,-23.540045,-46.483149499999996,,,,1,2023-06-17T06:16:29+00:00
SAO_2725-10,São Paulo,3550308,True,,939,,,-23.5233365,-46.4725205,,,,1,2023-06-17T06:17:15+00:00
SAO_2725-10,São Paulo,3550308,True,,939,,,-23.540092,-46.483122,,,,1,2023-06-17T06:17:24+00:00
SAO_2725-10,São Paulo,3550308,True,,939,,,-23.540045,-46.483149499999996,,,,1,2023-06-17T06:17:24+00:00
SAO_2725-10,São Paulo,3550308,True,,939,,,-23.5048465,-46.4695645,,,,1,2023-06-17T06:17:45+00:00
SAO_2725-10,São Paulo,3550308,True,,939,,,-23.540045,-46.483149499999996,,,,1,2023-06-17T06:17:20+00:00
SAO_3686-10,São Paulo,3550308,True,,32934,,,-23.538241499999998,-46.44869075,,,,2,2023-06-17T06:17:38+00:00
SAO_3686-10,São Paulo,3550308,True,,32934,,,-23.546495,-46.4091405,,,,2,2023-06-17T06:17:02+00:00
SAO_3686-10,São Paulo,3550308,True,,32934,,,-23.551936,-46.6247625,,,,2,2023-06-17T06:17:16+00:00
SAO_3686-10,São Paulo,3550308,True,,32934,,,-23.540801000000002,-46.5759485,,,,2,2023-06-17T06:17:39+00:00
SAO_1020-10,São Paulo,3550308,True,,2497,,,-23.47408825,-46.72778925,,,,1,2023-06-17T06:17:37+00:00
SAO_4017-10,São Paulo,3550308,True,,2190,,,-23.589976999999998,-46.382441,,,,1,2023-06-17T06:17:36+00:00
SAO_1705-10,São Paulo,3550308,True,,33617,,,-23.453203000000002,-46.589223000000004,,,,2,2023-06-17T06:17:19+00:00
SAO_1705-10,São Paulo,3550308,True,,33617,,,-23.444395,-46.588687500000006,,,,2,2023-06-17T06:17:05+00:00
SAO_2080-10,São Paulo,3550308,True,,371,,,-23.5105755,-46.3667395,,,,1,2023-06-17T06:12:08+00:00
SAO_2080-10,São Paulo,3550308,True,,371,,,-23.49529025,-46.43150675,,,,1,2023-06-17T06:17:42+00:00
SAO_2009-10,São Paulo,3550308,True,,898,,,-23.53779,-46.4150605,,,,1,2023-06-17T06:15:22+00:00
SAO_6820-31,São Paulo,3550308,True,,1406,,,-23.6606095,-46.7777425,,,,1,2023-06-17T06:17:13+00:00
SAO_6820-31,São Paulo,3550308,True,,1406,,,-23.6541735,-46.763611,,,,1,2023-06-17T06:17:38+00:00
SAO_8400-10,São Paulo,3550308,True,,1265,,,-23.531838,-46.6641255,,,,1,2023-06-17T06:17:16+00:00
SAO_8400-10,São Paulo,3550308,True,,1265,,,-23.486878500000003,-46.7265645,,,,1,2023-06-17T06:17:31+00:00
SAO_2363-10,São Paulo,3550308,True,,32903,,,-23.506116,-46.528861,,,,2,2023-06-17T06:17:17+00:00
SAO_2363-10,São Paulo,3550308,True,,32903,,,-23.5343485,-46.567611,,,,2,2023-06-17T06:17:40+00:00
SAO_7057-10,São Paulo,3550308,True,,34665,,,-23.64922775,-46.78505225,,,,2,2023-06-17T06:17:01+00:00
SAO_7057-10,São Paulo,3550308,True,,34665,,,-23.6493575,-46.7848365,,,,2,2023-06-17T06:17:29+00:00
SAO_7057-10,São Paulo,3550308,True,,34665,,,-23.64922775,-46.78505225,,,,2,2023-06-17T06:17:12+00:00
SAO_7057-10,São Paulo,3550308,True,,34665,,,-23.64922775,-46.78505225,,,,2,2023-06-17T06:17:02+00:00
SAO_574J-10,São Paulo,3550308,True,,1685,,,-23.574501125,-46.565135,,,,1,2023-06-17T06:17:04+00:00
SAO_574J-10,São Paulo,3550308,True,,1685,,,-23.625838625,-46.620551375000005,,,,1,2023-06-17T06:17:01+00:00
SAO_407M-10,São Paulo,3550308,True,,318,,,-23.580115,-46.621637500000006,,,,1,2023-06-17T06:17:26+00:00
SAO_6058-10,São Paulo,3550308,True,,33917,,,-23.769851000000003,-46.676743,,,,2,2023-06-17T06:17:36+00:00
SAO_6058-10,São Paulo,3550308,True,,33917,,,-23.769750000000002,-46.714714,,,,2,2023-06-17T06:17:02+00:00
SAO_6058-10,São Paulo,3550308,True,,33917,,,-23.768819,-46.676586,,,,2,2023-06-17T06:17:39+00:00
SAO_6058-10,São Paulo,3550308,True,,33917,,,-23.7695835,-46.7148705,,,,2,2023-06-17T06:17:13+00:00
SAO_6058-10,São Paulo,3550308,True,,33917,,,-23.769851000000003,-46.676743,,,,2,2023-06-17T06:17:42+00:00
SAO_675N-10,São Paulo,3550308,True,EMTU,362,https://moovitapp.com/index/pt-br/transporte_p%C3%BAblico-line-362-Sao_Paulo-242-2038937-36419443-0,6.25,-23.581595999999998,-46.6384865,,,,1,2023-06-17T06:17:36+00:00
SAO_675N-10,São Paulo,3550308,True,EMTU,362,https://moovitapp.com/index/pt-br/transporte_p%C3%BAblico-line-362-Sao_Paulo-242-2038937-36419443-0,6.25,-23.6543415,-46.714342,,,,1,2023-06-17T06:17:34+00:00
SAO_675N-10,São Paulo,3550308,True,EMTU,362,https://moovitapp.com/index/pt-br/transporte_p%C3%BAblico-line-362-Sao_Paulo-242-2038937-36419443-0,6.25,-23.6542185,-46.7133365,,,,1,2023-06-17T06:17:37+00:00
SAO_675N-10,São Paulo,3550308,True,EMTU,362,https://moovitapp.com/index/pt-br/transporte_p%C3%BAblico-line-362-Sao_Paulo-242-2038937-36419443-0,6.25,-23.654486499999997,-46.7150675,,,,1,2023-06-17T06:17:44+00:00
SAO_737A-10,São Paulo,3550308,True,,1730,,,-23.6759545,-46.7530775,,,,1,2023-06-17T06:17:42+00:00
SAO_737A-10,São Paulo,3550308,True,,1730,,,-23.6902125,-46.773815,,,,1,2023-06-17T06:17:17+00:00
SAO_737A-10,São Paulo,3550308,True,,1730,,,-23.665815000000002,-46.7117615,,,,1,2023-06-17T06:16:07+00:00
SAO_6110-10,São Paulo,3550308,True,,33952,,,-23.706274999999998,-46.70078,,,,2,2023-06-17T06:17:30+00:00
SAO_6110-10,São Paulo,3550308,True,,33952,,,-23.7209315,-46.706254,,,,2,2023-06-17T06:17:18+00:00
SAO_2723-10,São Paulo,3550308,True,,33705,,,-23.483625,-46.464379,,,,2,2023-06-17T06:17:04+00:00
SAO_2723-10,São Paulo,3550308,True,,33705,,,-23.514104500000002,-46.443832,,,,2,2023-06-17T06:17:32+00:00
SAO_8029-10,São Paulo,3550308,True,,35308,,,-23.6170555,-46.7367345,,,,2,2023-06-17T06:17:44+00:00
SAO_6818-10,São Paulo,3550308,True,BR7 Mobilidade,28,https://moovitapp.com/index/pt-br/transporte_p%C3%BAblico-line-28-Sao_Paulo-242-851856-596008-0,5.75,-23.655842999999997,-46.7727765,,,,1,2023-06-17T06:17:31+00:00
SAO_6818-10,São Paulo,3550308,True,BR7 Mobilidade,28,https://moovitapp.com/index/pt-br/transporte_p%C3%BAblico-line-28-Sao_Paulo-242-851856-596008-0,5.75,-23.6540735,-46.7628415,,,,1,2023-06-17T06:17:06+00:00
SAO_6818-10,São Paulo,3550308,True,BR7 Mobilidade,28,https://moovitapp.com/index/pt-br/transporte_p%C3%BAblico-line-28-Sao_Paulo-242-851856-596008-0,5.75,-23.655842999999997,-46.7727765,,,,1,2023-06-17T06:17:29+00:00
SAO_9002-10,São Paulo,3550308,True,,33638,,,-23.457582000000002,-46.670192,,,,2,2023-06-17T06:17:08+00:00
SAO_9002-10,São Paulo,3550308,True,,33638,,,-23.4757815,-46.670843,,,,2,2023-06-17T06:17:39+00:00
SAO_N402-11,São Paulo,3550308,True,,2358,,,-23.5716885,-46.503977500000005,,,,1,2023-06-17T06:17:11+00:00
SAO_119C-10,São Paulo,3550308,True,,33429,,,-23.4789175,-46.569061,,,,2,2023-06-17T06:17:30+00:00
SAO_119C-10,São Paulo,3550308,True,,33429,,,-23.52891575,-46.614076999999995,,,,2,2023-06-17T06:17:37+00:00
SAO_5021-10,São Paulo,3550308,True,,34435,,,-23.6302405,-46.62586,,,,2,2023-06-17T06:17:38+00:00
SAO_6500-10,São Paulo,3550308,True,,46,,,-23.5491125,-46.640139500000004,,,,1,2023-06-17T06:17:13+00:00
SAO_N344-11,São Paulo,3550308,True,,2356,,,-23.497554375,-46.512946375,,,,1,2023-06-17T06:17:31+00:00
SAO_N234-11,São Paulo,3550308,True,,2323,,,-23.458248625000003,-46.61426900000001,,,,1,2023-06-17T06:17:03+00:00
SAO_2029-10,São Paulo,3550308,True,,35038,,,-23.449006,-46.5882555,,,,2,2023-06-17T06:17:10+00:00
SAO_513C-31,São Paulo,3550308,True,,2536,,,-23.612175999999998,-46.475071,,,,1,2023-06-17T06:17:28+00:00
SAO_7017-10,São Paulo,3550308,True,,2502,,,-23.69210125,-46.787707749999996,,,,1,2023-06-17T06:17:02+00:00
SAO_7017-10,São Paulo,3550308,True,,2502,,,-23.692973,-46.7912575,,,,1,2023-06-17T06:17:22+00:00
SAO_7017-10,São Paulo,3550308,True,,2502,,,-23.6759635,-46.774329,,,,1,2023-06-17T06:17:27+00:00
SAO_5018-10,São Paulo,3550308,True,,34260,,,-23.684742999999997,-46.6458575,,,,2,2023-06-17T06:17:35+00:00
SAO_745M-10,São Paulo,3550308,True,,782,,,-23.6683575,-46.7355065,,,,1,2023-06-17T06:17:46+00:00
SAO_211V-10,São Paulo,3550308,True,,32922,,,-23.5008925,-46.4939675,,,,2,2023-06-17T06:11:39+00:00
SAO_5036-10,São Paulo,3550308,True,,1666,,,-23.6541145,-46.6137945,,,,1,2023-06-17T06:17:33+00:00
SAO_5036-10,São Paulo,3550308,True,,1666,,,-23.651016,-46.6143215,,,,1,2023-06-17T06:15:52+00:00
SAO_5036-10,São Paulo,3550308,True,,1666,,,-23.6038575,-46.6031485,,,,1,2023-06-17T06:17:27+00:00
SAO_5012-10,São Paulo,3550308,True,,1116,,,-23.702520999999997,-46.638783000000004,,,,1,2023-06-17T06:17:07+00:00
SAO_5012-10,São Paulo,3550308,True,,1116,,,-23.7097155,-46.6354455,,,,1,2023-06-17T06:16:02+00:00
SAO_5012-10,São Paulo,3550308,True,,1116,,,-23.7097155,-46.6354455,,,,1,2023-06-17T06:17:19+00:00
SAO_5012-10,São Paulo,3550308,True,,1116,,,-23.7097155,-46.6354455,,,,1,2023-06-17T06:17:35+00:00
SAO_5012-10,São Paulo,3550308,True,,1116,,,-23.7097155,-46.6354455,,,,1,2023-06-17T06:17:32+00:00
SAO_5012-10,São Paulo,3550308,True,,1116,,,-23.6802805,-46.63924900000001,,,,1,2023-06-17T06:17:41+00:00
SAO_5012-10,São Paulo,3550308,True,,1116,,,-23.7097155,-46.6354455,,,,1,2023-06-17T06:17:00+00:00
SAO_5012-10,São Paulo,3550308,True,,1116,,,-23.7097155,-46.6354455,,,,1,2023-06-17T06:17:20+00:00
SAO_8605-10,São Paulo,3550308,True,,34685,,,-23.581545750000004,-46.684775125,,,,2,2023-06-17T06:17:43+00:00
SAO_701U-10,São Paulo,3550308,True,,33425,,,-23.556232,-46.6636055,,,,2,2023-06-17T06:17:30+00:00
SAO_701U-10,São Paulo,3550308,True,,33425,,,-23.5579255,-46.7322015,,,,2,2023-06-17T06:17:33+00:00
SAO_9191-10,São Paulo,3550308,True,,33578,,,-23.524334250000003,-46.6680355,,,,2,2023-06-17T06:17:34+00:00
SAO_9191-10,São Paulo,3550308,True,,33578,,,-23.455938,-46.6784015,,,,2,2023-06-17T06:17:05+00:00
SAO_8700-10,São Paulo,3550308,True,,1877,,,-23.57231325,-46.701117499999995,,,,1,2023-06-17T06:17:46+00:00
SAO_8700-10,São Paulo,3550308,True,,1877,,,-23.625173500000002,-46.765011,,,,1,2023-06-17T06:17:04+00:00
SAO_8707-10,São Paulo,3550308,True,,2064,,,-23.55553325,-46.662593,,,,1,2023-06-17T06:17:36+00:00
SAO_8707-10,São Paulo,3550308,True,,2064,,,-23.535300999999997,-46.64457,,,,1,2023-06-17T06:17:37+00:00
SAO_707A-10,São Paulo,3550308,True,,34758,,,-23.640276999999998,-46.6970855,,,,2,2023-06-17T06:17:15+00:00
SAO_707A-10,São Paulo,3550308,True,,34758,,,-23.692594,-46.777992,,,,2,2023-06-17T06:17:17+00:00
SAO_707A-10,São Paulo,3550308,True,,34758,,,-23.6903555,-46.7743995,,,,2,2023-06-17T06:17:10+00:00
SAO_707A-10,São Paulo,3550308,True,,34758,,,-23.675596499999997,-46.7491525,,,,2,2023-06-17T06:17:40+00:00
SAO_407A-10,São Paulo,3550308,True,,34962,,,-23.576522375,-46.541914000000006,,,,2,2023-06-17T06:17:05+00:00
SAO_407A-10,São Paulo,3550308,True,,34962,,,-23.539786,-46.610667,,,,2,2023-06-17T06:17:13+00:00
SAO_3766-10,São Paulo,3550308,True,,1055,,,-23.553675499999997,-46.427672,,,,1,2023-06-17T06:17:23+00:00
SAO_3766-10,São Paulo,3550308,True,,1055,,,-23.553675499999997,-46.427672,,,,1,2023-06-17T06:17:21+00:00
SAO_3766-10,São Paulo,3550308,True,,1055,,,-23.553675499999997,-46.427672,,,,1,2023-06-17T06:17:16+00:00
SAO_3766-10,São Paulo,3550308,True,,1055,,,-23.553675499999997,-46.427672,,,,1,2023-06-17T06:17:05+00:00
SAO_3766-10,São Paulo,3550308,True,,1055,,,-23.553675499999997,-46.427672,,,,1,2023-06-17T06:17:39+00:00
SAO_373L-10,São Paulo,3550308,True,,33795,,,-23.615635,-46.4229845,,,,2,2023-06-17T06:17:05+00:00
SAO_373L-10,São Paulo,3550308,True,,33795,,,-23.542998,-46.4711105,,,,2,2023-06-17T06:17:44+00:00
SAO_373L-10,São Paulo,3550308,True,,33795,,,-23.5909665,-46.443714,,,,2,2023-06-17T06:17:22+00:00
SAO_4027-10,São Paulo,3550308,True,,1097,,,-23.598079624999997,-46.48634800000001,,,,1,2023-06-17T06:17:04+00:00
SAO_4027-10,São Paulo,3550308,True,,1097,,,-23.6173495,-46.4686325,,,,1,2023-06-17T06:17:37+00:00
SAO_669A-10,São Paulo,3550308,True,,32772,,,-23.538483499999998,-46.6497325,,,,2,2023-06-17T06:17:44+00:00
SAO_669A-10,São Paulo,3550308,True,,32772,,,-23.600634499999998,-46.67402875,,,,2,2023-06-17T06:17:34+00:00
SAO_669A-10,São Paulo,3550308,True,,32772,,,-23.572267,-46.6537905,,,,2,2023-06-17T06:17:45+00:00
SAO_971D-10,São Paulo,3550308,True,,33477,,,-23.449341500000003,-46.69552925000001,,,,2,2023-06-17T06:14:30+00:00
SAO_971D-10,São Paulo,3550308,True,,33477,,,-23.469255,-46.6669885,,,,2,2023-06-17T06:17:38+00:00
SAO_7545-10,São Paulo,3550308,True,,504,,,-23.5475165,-46.64427175,,,,1,2023-06-17T06:17:19+00:00
SAO_7545-10,São Paulo,3550308,True,,504,,,-23.57231325,-46.701117499999995,,,,1,2023-06-17T06:17:28+00:00
SAO_1701-10,São Paulo,3550308,True,,33613,,,-23.476488500000002,-46.595583,,,,2,2023-06-17T06:17:40+00:00
SAO_6821-10,São Paulo,3550308,True,BR7 Mobilidade,21,https://moovitapp.com/index/pt-br/transporte_p%C3%BAblico-line-21-Sao_Paulo-242-851856-707765-0,5.75,-23.654274,-46.7625595,,,,1,2023-06-17T06:17:44+00:00
SAO_4286-10,São Paulo,3550308,True,,326,,,-23.60397975,-46.537319499999995,,,,1,2023-06-17T06:17:08+00:00
SAO_8020-10,São Paulo,3550308,True,,34494,,,-23.586824125,-46.736968125000004,,,,2,2023-06-17T06:17:20+00:00
SAO_2076-10,São Paulo,3550308,True,,368,,,-23.510704250000003,-46.508359999999996,,,,1,2023-06-17T06:17:29+00:00
SAO_2076-10,São Paulo,3550308,True,,368,,,-23.504025,-46.3795905,,,,1,2023-06-17T06:17:32+00:00
SAO_4724-10,São Paulo,3550308,True,,34828,,,-23.542998125,-46.506904,,,,2,2023-06-17T06:17:18+00:00
SAO_4724-10,São Paulo,3550308,True,,34828,,,-23.530963,-46.502753,,,,2,2023-06-17T06:17:37+00:00
SAO_7053-10,São Paulo,3550308,True,,34655,,,-23.653941000000003,-46.78870825,,,,2,2023-06-17T06:17:43+00:00
SAO_7053-10,São Paulo,3550308,True,,34655,,,-23.653941000000003,-46.78870825,,,,2,2023-06-17T06:17:30+00:00
SAO_7053-10,São Paulo,3550308,True,,34655,,,-23.6514795,-46.7907545,,,,2,2023-06-17T06:17:33+00:00
SAO_7053-10,São Paulo,3550308,True,,34655,,,-23.640528,-46.7818175,,,,2,2023-06-17T06:17:42+00:00
SAO_7053-10,São Paulo,3550308,True,,34655,,,-23.653941000000003,-46.78870825,,,,2,2023-06-17T06:17:35+00:00
SAO_7053-10,São Paulo,3550308,True,,34655,,,-23.653941000000003,-46.78870825,,,,2,2023-06-17T06:17:42+00:00
SAO_121G-10,São Paulo,3550308,True,,691,,,-23.4848925,-46.58339025,,,,1,2023-06-17T06:17:39+00:00
SAO_477A-10,São Paulo,3550308,True,,33114,,,-23.567400625,-46.621683374999996,,,,2,2023-06-17T06:17:07+00:00
SAO_477A-10,São Paulo,3550308,True,,33114,,,-23.5732,-46.6895245,,,,2,2023-06-17T06:17:31+00:00
SAO_6815-10,São Paulo,3550308,True,BR7 Mobilidade,25,https://moovitapp.com/index/pt-br/transporte_p%C3%BAblico-line-25-Sao_Paulo-242-851856-758720-0,5.75,-23.6762685,-46.783033,,,,1,2023-06-17T06:17:05+00:00
SAO_6815-10,São Paulo,3550308,True,BR7 Mobilidade,25,https://moovitapp.com/index/pt-br/transporte_p%C3%BAblico-line-25-Sao_Paulo-242-851856-758720-0,5.75,-23.6540545,-46.763478,,,,1,2023-06-17T06:17:26+00:00
SAO_9785-10,São Paulo,3550308,True,,33596,,,-23.507521124999997,-46.679439125,,,,2,2023-06-17T06:17:09+00:00
SAO_9785-10,São Paulo,3550308,True,,33596,,,-23.525812,-46.6720725,,,,2,2023-06-17T06:17:26+00:00
SAO_3051-10,São Paulo,3550308,True,,35214,,,-23.4866635,-46.482709,,,,2,2023-06-17T06:17:40+00:00
SAO_3051-10,São Paulo,3550308,True,,35214,,,-23.5151515,-46.468877500000005,,,,2,2023-06-17T06:17:29+00:00
SAO_3051-10,São Paulo,3550308,True,,35214,,,-23.518864999999998,-46.4695675,,,,2,2023-06-17T06:15:42+00:00
SAO_819A-10,São Paulo,3550308,True,,33571,,,-23.43804975,-46.709863,,,,2,2023-06-17T06:17:30+00:00
SAO_819A-10,São Paulo,3550308,True,,33571,,,-23.474333,-46.667280500000004,,,,2,2023-06-17T06:17:19+00:00
SAO_819A-10,São Paulo,3550308,True,,33571,,,-23.4418605,-46.733096,,,,2,2023-06-17T06:17:44+00:00
SAO_233A-10,São Paulo,3550308,True,,33017,,,-23.5449165,-46.500275,,,,2,2023-06-17T06:17:00+00:00
SAO_707A-10,São Paulo,3550308,True,,1990,,,-23.666048124999996,-46.714824750000005,,,,1,2023-06-17T06:17:30+00:00
SAO_707A-10,São Paulo,3550308,True,,1990,,,-23.6364375,-46.693218,,,,1,2023-06-17T06:17:25+00:00
SAO_707A-10,São Paulo,3550308,True,,1990,,,-23.692995500000002,-46.7785065,,,,1,2023-06-17T06:17:01+00:00
SAO_707A-10,São Paulo,3550308,True,,1990,,,-23.6922445,-46.7772405,,,,1,2023-06-17T06:17:17+00:00
SAO_271F-10,São Paulo,3550308,True,,33451,,,-23.53048425,-46.615264749999994,,,,2,2023-06-17T06:17:37+00:00
SAO_271F-10,São Paulo,3550308,True,,33451,,,-23.5171885,-46.616377,,,,2,2023-06-17T06:17:03+00:00
SAO_975A-10,São Paulo,3550308,True,,33357,,,-23.471311,-46.691913,,,,2,2023-06-17T06:17:12+00:00
SAO_975A-10,São Paulo,3550308,True,,33357,,,-23.531122875,-46.660945375,,,,2,2023-06-17T06:17:35+00:00
SAO_975A-10,São Paulo,3550308,True,,33357,,,-23.5663744375,-46.6504566875,,,,2,2023-06-17T06:17:38+00:00
SAO_975A-10,São Paulo,3550308,True,,33357,,,-23.495543,-46.6924305,,,,2,2023-06-17T06:17:23+00:00
SAO_2021-10,São Paulo,3550308,True,,33674,,,-23.541711,-46.416456499999995,,,,2,2023-06-17T06:17:43+00:00
SAO_2021-10,São Paulo,3550308,True,,33674,,,-23.544535,-46.389844,,,,2,2023-06-17T06:16:59+00:00
SAO_2021-10,São Paulo,3550308,True,,33674,,,-23.53750675,-46.40020525,,,,2,2023-06-17T06:17:01+00:00
SAO_1741-10,São Paulo,3550308,True,,539,,,-23.503125,-46.6245765,,,,1,2023-06-17T06:17:34+00:00
SAO_1741-10,São Paulo,3550308,True,,539,,,-23.4639165,-46.663722,,,,1,2023-06-17T06:17:10+00:00
SAO_8705-10,São Paulo,3550308,True,,2072,,,-23.547649,-46.641011500000005,,,,1,2023-06-17T06:17:31+00:00
SAO_8705-10,São Paulo,3550308,True,,2072,,,-23.5478735,-46.760012,,,,1,2023-06-17T06:17:18+00:00
SAO_8705-10,São Paulo,3550308,True,,2072,,,-23.5551335,-46.751251499999995,,,,1,2023-06-17T06:17:18+00:00
SAO_8705-10,São Paulo,3550308,True,,2072,,,-23.5473665,-46.7605345,,,,1,2023-06-17T06:17:23+00:00
SAO_5010-10,São Paulo,3550308,True,,1114,,,-23.654766,-46.636694500000004,,,,1,2023-06-17T06:17:44+00:00
SAO_N702-11,São Paulo,3550308,True,,35175,,,-23.590099000000002,-46.651943,,,,2,2023-06-17T06:17:45+00:00
SAO_2023-10,São Paulo,3550308,True,,2260,,,-23.43768275,-46.592368500000006,,,,1,2023-06-17T06:17:19+00:00
SAO_2023-10,São Paulo,3550308,True,,2260,,,-23.400229500000002,-46.5772115,,,,1,2023-06-17T06:17:39+00:00
SAO_2023-10,São Paulo,3550308,True,,2260,,,-23.402912,-46.5797245,,,,1,2023-06-17T06:16:38+00:00
SAO_N308-11,São Paulo,3550308,True,,35110,,,-23.5426155,-46.469937,,,,2,2023-06-17T06:17:09+00:00
SAO_N308-11,São Paulo,3550308,True,,35110,,,-23.5358385,-46.552344000000005,,,,2,2023-06-17T06:17:36+00:00
SAO_5128-10,São Paulo,3550308,True,,1128,,,-23.6360805,-46.641146000000006,,,,1,2023-06-17T06:17:09+00:00
SAO_5128-10,São Paulo,3550308,True,,1128,,,-23.68751425,-46.639354749999995,,,,1,2023-06-17T06:17:43+00:00
SAO_2733-10,São Paulo,3550308,True,,948,,,-23.519585,-46.4576835,,,,1,2023-06-17T06:17:15+00:00
SAO_8016-10,São Paulo,3550308,True,,34114,,,-23.4418605,-46.733096,,,,2,2023-06-17T06:17:22+00:00
SAO_8016-10,São Paulo,3550308,True,,34114,,,-23.435926125,-46.717727625,,,,2,2023-06-17T06:17:41+00:00
SAO_2127-10,São Paulo,3550308,True,,693,,,-23.478544999999997,-46.569419999999994,,,,1,2023-06-17T06:17:42+00:00
SAO_2127-10,São Paulo,3550308,True,,693,,,-23.5493125,-46.629169000000005,,,,1,2023-06-17T06:17:24+00:00
SAO_8000-1,São Paulo,3550308,True,,35274,,,-23.527727249999998,-46.671215,,,,2,2023-06-17T06:17:12+00:00
SAO_971M-10,São Paulo,3550308,True,,33380,,,-23.476771499999998,-46.67083575,,,,2,2023-06-17T06:17:02+00:00
SAO_971M-10,São Paulo,3550308,True,,33380,,,-23.504123625000002,-46.625460249999996,,,,2,2023-06-17T06:17:23+00:00
SAO_3414-10,São Paulo,3550308,True,,746,,,-23.5465215,-46.630083,,,,1,2023-06-17T06:17:18+00:00
SAO_3686-10,São Paulo,3550308,True,EMTU,166,https://moovitapp.com/index/pt-br/transporte_p%C3%BAblico-line-166-Sao_Paulo-242-2038937-36419307-0,7.8,-23.53683975,-46.471162,,,,1,2023-06-17T06:17:31+00:00
SAO_3686-10,São Paulo,3550308,True,EMTU,166,https://moovitapp.com/index/pt-br/transporte_p%C3%BAblico-line-166-Sao_Paulo-242-2038937-36419307-0,7.8,-23.536091499999998,-46.5543125,,,,1,2023-06-17T06:17:23+00:00
SAO_5131-10,São Paulo,3550308,True,,1282,,,-23.662461999999998,-46.669380000000004,,,,1,2023-06-17T06:17:07+00:00
SAO_5131-10,São Paulo,3550308,True,,1282,,,-23.5518875,-46.635358,,,,1,2023-06-17T06:17:22+00:00
SAO_5757-51,São Paulo,3550308,True,,1976,,,-23.7079895,-46.641386499999996,,,,1,2023-06-17T06:17:38+00:00
SAO_5757-51,São Paulo,3550308,True,,1976,,,-23.6453815,-46.644881,,,,1,2023-06-17T06:17:21+00:00
SAO_5757-51,São Paulo,3550308,True,,1976,,,-23.7079895,-46.641386499999996,,,,1,2023-06-17T06:17:22+00:00
SAO_5757-51,São Paulo,3550308,True,,1976,,,-23.7079895,-46.641386499999996,,,,1,2023-06-17T06:17:08+00:00
SAO_5757-51,São Paulo,3550308,True,,1976,,,-23.7079895,-46.641386499999996,,,,1,2023-06-17T06:16:17+00:00
SAO_637G-10,São Paulo,3550308,True,,32869,,,-23.61045,-46.677327500000004,,,,2,2023-06-17T06:17:02+00:00
SAO_637G-10,São Paulo,3550308,True,,32869,,,-23.565585,-46.693946499999996,,,,2,2023-06-17T06:17:13+00:00
SAO_637G-10,São Paulo,3550308,True,,32869,,,-23.660396499999997,-46.70359575,,,,2,2023-06-17T06:17:28+00:00
SAO_637G-10,São Paulo,3550308,True,,32869,,,-23.7537125,-46.6878195,,,,2,2023-06-17T06:17:30+00:00
SAO_6L05-10,São Paulo,3550308,True,,33941,,,-23.8673365,-46.661387500000004,,,,2,2023-06-17T06:15:58+00:00
SAO_3768-10,São Paulo,3550308,True,,33824,,,-23.586175500000003,-46.3863525,,,,2,2023-06-17T06:17:34+00:00
SAO_3768-10,São Paulo,3550308,True,,33824,,,-23.5398335,-46.4315425,,,,2,2023-06-17T06:17:23+00:00
SAO_4012-10,São Paulo,3550308,True,,2185,,,-23.598281999999998,-46.440941249999995,,,,1,2023-06-17T06:17:00+00:00
SAO_4012-10,São Paulo,3550308,True,,2185,,,-23.612884,-46.4762945,,,,1,2023-06-17T06:17:07+00:00
SAO_390E-10,São Paulo,3550308,True,,34650,,,-23.540104,-46.611777249999996,,,,2,2023-06-17T06:17:31+00:00
SAO_390E-10,São Paulo,3550308,True,,34650,,,-23.533329000000002,-46.564655,,,,2,2023-06-17T06:17:27+00:00
SAO_3009-10,São Paulo,3550308,True,,2526,,,-23.4941615,-46.400386,,,,1,2023-06-17T06:17:39+00:00
SAO_6816-31,São Paulo,3550308,True,,1748,,,-23.653551,-46.777357,,,,1,2023-06-17T06:17:09+00:00
SAO_6816-31,São Paulo,3550308,True,,1748,,,-23.653551,-46.777357,,,,1,2023-06-17T06:17:18+00:00
SAO_908T-10,São Paulo,3550308,True,,34884,,,-23.5523935,-46.638093749999996,,,,2,2023-06-17T06:17:14+00:00
SAO_908T-10,São Paulo,3550308,True,,34884,,,-23.571103,-46.70538125,,,,2,2023-06-17T06:17:44+00:00
SAO_5791-10,São Paulo,3550308,True,,33375,,,-23.674934999999998,-46.630636499999994,,,,2,2023-06-17T06:17:41+00:00
SAO_5791-10,São Paulo,3550308,True,,33375,,,-23.629770999999998,-46.6466095,,,,2,2023-06-17T06:17:17+00:00
SAO_5791-10,São Paulo,3550308,True,,33375,,,-23.699313500000002,-46.64062475,,,,2,2023-06-17T06:17:22+00:00
SAO_6006-10,São Paulo,3550308,True,EMTU,175,https://moovitapp.com/index/pt-br/transporte_p%C3%BAblico-line-175-Sao_Paulo-242-2038937-36419312-0,6.25,-23.667984500000003,-46.6805315,,,,1,2023-06-17T06:17:29+00:00
SAO_6006-10,São Paulo,3550308,True,EMTU,175,https://moovitapp.com/index/pt-br/transporte_p%C3%BAblico-line-175-Sao_Paulo-242-2038937-36419312-0,6.25,-23.6697555,-46.7366495,,,,1,2023-06-17T06:17:22+00:00
SAO_2702-10,São Paulo,3550308,True,,33682,,,-23.539938499999998,-46.482815,,,,2,2023-06-17T06:17:24+00:00
SAO_1788-10,São Paulo,3550308,True,,33421,,,-23.49381125,-46.61674562499999,,,,2,2023-06-17T06:17:40+00:00
SAO_1788-10,São Paulo,3550308,True,,33421,,,-23.438595499999998,-46.581321,,,,2,2023-06-17T06:14:58+00:00
SAO_516N-10,São Paulo,3550308,True,,33034,,,-23.6721485,-46.645281999999995,,,,2,2023-06-17T06:17:29+00:00
SAO_516N-10,São Paulo,3550308,True,,33034,,,-23.58817475,-46.67533475,,,,2,2023-06-17T06:17:20+00:00
SAO_516N-10,São Paulo,3550308,True,,33034,,,-23.694097999999997,-46.64625100000001,,,,2,2023-06-17T06:16:54+00:00
SAO_1701-10,São Paulo,3550308,True,EMTU,845,https://moovitapp.com/index/pt-br/transporte_p%C3%BAblico-line-845-Sao_Paulo-242-2038937-36419607-0,5.15,-23.4789755,-46.5991595,,,,1,2023-06-17T06:17:18+00:00
SAO_8047-10,São Paulo,3550308,True,,33176,,,-23.455178500000002,-46.7463975,,,,2,2023-06-17T06:17:01+00:00
SAO_8047-10,São Paulo,3550308,True,,33176,,,-23.5016805,-46.7540965,,,,2,2023-06-17T06:17:05+00:00
SAO_3787-10,São Paulo,3550308,True,,1612,,,-23.5629695,-46.44609975,,,,1,2023-06-17T06:17:12+00:00
SAO_3787-10,São Paulo,3550308,True,,1612,,,-23.5629695,-46.44609975,,,,1,2023-06-17T06:17:13+00:00
SAO_3787-10,São Paulo,3550308,True,,1612,,,-23.6027795,-46.398026,,,,1,2023-06-17T06:17:20+00:00
SAO_3787-10,São Paulo,3550308,True,,1612,,,-23.5423925,-46.4697755,,,,1,2023-06-17T06:17:12+00:00
SAO_3787-10,São Paulo,3550308,True,,1612,,,-23.6027795,-46.398026,,,,1,2023-06-17T06:17:07+00:00
SAO_3787-10,São Paulo,3550308,True,,1612,,,-23.5727255,-46.445909,,,,1,2023-06-17T06:17:26+00:00
SAO_3539-10,São Paulo,3550308,True,,33516,,,-23.602446,-46.39808,,,,2,2023-06-17T06:17:29+00:00
SAO_3539-10,São Paulo,3550308,True,,33516,,,-23.5295835,-46.50445525,,,,2,2023-06-17T06:17:10+00:00
SAO_3539-10,São Paulo,3550308,True,,33516,,,-23.594759,-46.4444055,,,,2,2023-06-17T06:17:10+00:00
SAO_8009-31,São Paulo,3550308,True,,34028,,,-23.4337315,-46.751121,,,,2,2023-06-17T06:17:45+00:00
SAO_8009-31,São Paulo,3550308,True,,34028,,,-23.449503,-46.732684250000005,,,,2,2023-06-17T06:17:42+00:00
SAO_7013-10,São Paulo,3550308,True,,775,,,-23.639982,-46.749115,,,,1,2023-06-17T06:17:14+00:00
SAO_7013-10,São Paulo,3550308,True,,775,,,-23.59181125,-46.73579,,,,1,2023-06-17T06:17:16+00:00
SAO_7013-10,São Paulo,3550308,True,,775,,,-23.6371805,-46.757312999999996,,,,1,2023-06-17T06:17:05+00:00
SAO_N502-11,São Paulo,3550308,True,,2376,,,-23.6033435,-46.602573,,,,1,2023-06-17T06:17:40+00:00
SAO_N502-11,São Paulo,3550308,True,,2376,,,-23.556840875,-46.620048249999996,,,,1,2023-06-17T06:17:29+00:00
SAO_8622-10,São Paulo,3550308,True,EMTU,438,https://moovitapp.com/index/pt-br/transporte_p%C3%BAblico-line-438-Sao_Paulo-242-2038937-36419488-0,7.65,-23.49594,-46.755300500000004,,,,1,2023-06-17T06:12:13+00:00
SAO_8622-10,São Paulo,3550308,True,EMTU,438,https://moovitapp.com/index/pt-br/transporte_p%C3%BAblico-line-438-Sao_Paulo-242-2038937-36419488-0,7.65,-23.47290125,-46.7754165,,,,1,2023-06-17T06:17:07+00:00
SAO_8622-10,São Paulo,3550308,True,EMTU,438,https://moovitapp.com/index/pt-br/transporte_p%C3%BAblico-line-438-Sao_Paulo-242-2038937-36419488-0,7.65,-23.532265000000002,-46.662443749999994,,,,1,2023-06-17T06:17:41+00:00
SAO_3761-10,São Paulo,3550308,True,,33819,,,-23.594123,-46.4793725,,,,2,2023-06-17T06:17:30+00:00
SAO_3761-10,São Paulo,3550308,True,,33819,,,-23.538321,-46.563010000000006,,,,2,2023-06-17T06:17:18+00:00
SAO_3761-10,São Paulo,3550308,True,,33819,,,-23.5515465,-46.52200125,,,,2,2023-06-17T06:17:13+00:00
SAO_4027-10,São Paulo,3550308,True,,33865,,,-23.6405295,-46.441322,,,,2,2023-06-17T06:17:28+00:00
SAO_930P-10,São Paulo,3550308,True,,2115,,,-23.558709625,-46.6608435,,,,1,2023-06-17T06:17:22+00:00
SAO_407H-10,São Paulo,3550308,True,,34965,,,-23.558259999999997,-46.465674500000006,,,,2,2023-06-17T06:17:42+00:00
SAO_407H-10,São Paulo,3550308,True,,34965,,,-23.613013249999998,-46.455366125,,,,2,2023-06-17T06:17:37+00:00
SAO_476G-10,São Paulo,3550308,True,,1111,,,-23.5841575,-46.583726999999996,,,,1,2023-06-17T06:17:26+00:00
SAO_6816-10,São Paulo,3550308,True,BR7 Mobilidade,26,https://moovitapp.com/index/pt-br/transporte_p%C3%BAblico-line-26-Sao_Paulo-242-851856-577923-0,5.75,-23.6488825,-46.784435,,,,1,2023-06-17T06:17:27+00:00
SAO_6816-10,São Paulo,3550308,True,BR7 Mobilidade,26,https://moovitapp.com/index/pt-br/transporte_p%C3%BAblico-line-26-Sao_Paulo-242-851856-577923-0,5.75,-23.653212,-46.7764515,,,,1,2023-06-17T06:17:08+00:00
SAO_5752-10,São Paulo,3550308,True,,1287,,,-23.6357005,-46.6410195,,,,1,2023-06-17T06:17:19+00:00
SAO_6037-10,São Paulo,3550308,True,,1215,,,-23.6493575,-46.7848365,,,,1,2023-06-17T06:17:08+00:00
SAO_6037-10,São Paulo,3550308,True,,1215,,,-23.6493575,-46.7848365,,,,1,2023-06-17T06:17:10+00:00
SAO_6037-10,São Paulo,3550308,True,,1215,,,-23.6493575,-46.7848365,,,,1,2023-06-17T06:17:28+00:00
SAO_6037-10,São Paulo,3550308,True,,1215,,,-23.6493575,-46.7848365,,,,1,2023-06-17T06:17:07+00:00
SAO_2725-10,São Paulo,3550308,True,,33707,,,-23.539995499999996,-46.482319125,,,,2,2023-06-17T06:17:15+00:00
SAO_2725-10,São Paulo,3550308,True,,33707,,,-23.539938499999998,-46.482815,,,,2,2023-06-17T06:17:05+00:00
SAO_2725-10,São Paulo,3550308,True,,33707,,,-23.539938499999998,-46.482815,,,,2,2023-06-17T06:17:15+00:00
SAO_2725-10,São Paulo,3550308,True,,33707,,,-23.512969499999997,-46.4736135,,,,2,2023-06-17T06:15:20+00:00
SAO_9023-10,São Paulo,3550308,True,,34205,,,-23.419748,-46.7164855,,,,2,2023-06-17T06:15:27+00:00
SAO_9023-10,São Paulo,3550308,True,,34205,,,-23.44624575,-46.714598,,,,2,2023-06-17T06:17:20+00:00
SAO_9023-10,São Paulo,3550308,True,,34205,,,-23.482591499999998,-46.7231115,,,,2,2023-06-17T06:17:12+00:00
SAO_4718-10,São Paulo,3550308,True,EMTU,336,https://moovitapp.com/index/pt-br/transporte_p%C3%BAblico-line-336-Sao_Paulo-242-2038937-36419421-0,4.8,-23.65083,-46.6142375,,,,1,2023-06-17T06:17:30+00:00
SAO_4718-10,São Paulo,3550308,True,EMTU,336,https://moovitapp.com/index/pt-br/transporte_p%C3%BAblico-line-336-Sao_Paulo-242-2038937-36419421-0,4.8,-23.651166500000002,-46.6143845,,,,1,2023-06-17T06:17:23+00:00
SAO_4718-10,São Paulo,3550308,True,EMTU,336,https://moovitapp.com/index/pt-br/transporte_p%C3%BAblico-line-336-Sao_Paulo-242-2038937-36419421-0,4.8,-23.655966499999998,-46.6132075,,,,1,2023-06-17T06:17:24+00:00
SAO_4718-10,São Paulo,3550308,True,EMTU,336,https://moovitapp.com/index/pt-br/transporte_p%C3%BAblico-line-336-Sao_Paulo-242-2038937-36419421-0,4.8,-23.619120000000002,-46.6196675,,,,1,2023-06-17T06:17:37+00:00
SAO_748R-10,São Paulo,3550308,True,,33269,,,-23.603853,-46.787344000000004,,,,2,2023-06-17T06:17:17+00:00
SAO_748R-10,São Paulo,3550308,True,,33269,,,-23.523056500000003,-46.68789162499999,,,,2,2023-06-17T06:17:18+00:00
SAO_748R-10,São Paulo,3550308,True,,33269,,,-23.5385875,-46.727177499999996,,,,2,2023-06-17T06:17:45+00:00
SAO_748R-10,São Paulo,3550308,True,,33269,,,-23.586962,-46.7619595,,,,2,2023-06-17T06:17:04+00:00
SAO_748R-10,São Paulo,3550308,True,,33269,,,-23.603504,-46.788818500000005,,,,2,2023-06-17T06:17:07+00:00
SAO_7282-10,São Paulo,3550308,True,,33239,,,-23.532271375,-46.71855562500001,,,,2,2023-06-17T06:16:45+00:00
SAO_7282-10,São Paulo,3550308,True,,33239,,,-23.54593175,-46.755776000000004,,,,2,2023-06-17T06:17:22+00:00
SAO_7282-10,São Paulo,3550308,True,,33239,,,-23.551489500000002,-46.657047,,,,2,2023-06-17T06:17:27+00:00
SAO_8009-31,São Paulo,3550308,True,,1260,,,-23.486620000000002,-46.7265875,,,,1,2023-06-17T06:17:42+00:00
SAO_8009-31,São Paulo,3550308,True,,1260,,,-23.454926,-46.739251499999995,,,,1,2023-06-17T06:17:11+00:00
SAO_675L-10,São Paulo,3550308,True,,1478,,,-23.5969325,-46.655863,,,,1,2023-06-17T06:17:24+00:00
SAO_675L-10,São Paulo,3550308,True,,1478,,,-23.644316125000003,-46.700134500000004,,,,1,2023-06-17T06:17:38+00:00
SAO_6836-10,São Paulo,3550308,True,,32781,,,-23.6613415,-46.748903,,,,2,2023-06-17T06:17:07+00:00
SAO_6840-10,São Paulo,3550308,True,,32969,,,-23.683315,-46.7695055,,,,2,2023-06-17T06:17:24+00:00
SAO_6840-10,São Paulo,3550308,True,,32969,,,-23.74353425,-46.801079,,,,2,2023-06-17T06:17:29+00:00
SAO_6840-10,São Paulo,3550308,True,,32969,,,-23.731146000000003,-46.785866999999996,,,,2,2023-06-17T06:17:40+00:00
SAO_6840-10,São Paulo,3550308,True,,32969,,,-23.655546,-46.762099500000005,,,,2,2023-06-17T06:17:15+00:00
SAO_N507-11,São Paulo,3550308,True,,2381,,,-23.5846995,-46.583796,,,,1,2023-06-17T06:17:14+00:00
SAO_N507-11,São Paulo,3550308,True,,2381,,,-23.5398235,-46.571430750000005,,,,1,2023-06-17T06:17:45+00:00
SAO_178T-10,São Paulo,3550308,True,,33333,,,-23.5245535,-46.7203455,,,,2,2023-06-17T06:17:39+00:00
SAO_178T-10,São Paulo,3550308,True,,33333,,,-23.514670000000002,-46.69967,,,,2,2023-06-17T06:17:43+00:00
SAO_178T-10,São Paulo,3550308,True,,33333,,,-23.489660999999998,-46.635959,,,,2,2023-06-17T06:17:18+00:00
SAO_178T-10,São Paulo,3550308,True,,33333,,,-23.503132,-46.6247695,,,,2,2023-06-17T06:17:34+00:00
SAO_273V-10,São Paulo,3550308,True,EMTU,231,https://moovitapp.com/index/pt-br/transporte_p%C3%BAblico-line-231-Sao_Paulo-242-2038937-36419348-0,6.2,-23.5333275,-46.46307,,,,1,2023-06-17T06:11:28+00:00
SAO_6451-10,São Paulo,3550308,True,,61,,,-23.647202999999998,-46.747170999999994,,,,1,2023-06-17T06:17:32+00:00
SAO_2755-10,São Paulo,3550308,True,,33001,,,-23.516790999999998,-46.476572000000004,,,,2,2023-06-17T06:17:14+00:00
SAO_2755-10,São Paulo,3550308,True,,33001,,,-23.541999750000002,-46.412657749999994,,,,2,2023-06-17T06:17:27+00:00
SAO_2755-10,São Paulo,3550308,True,,33001,,,-23.52308,-46.521794,,,,2,2023-06-17T06:17:12+00:00
SAO_2755-10,São Paulo,3550308,True,,33001,,,-23.5392835,-46.4083225,,,,2,2023-06-17T06:17:29+00:00
SAO_2755-10,São Paulo,3550308,True,,33001,,,-23.543284,-46.411506,,,,2,2023-06-17T06:17:37+00:00
SAO_178L-10,São Paulo,3550308,True,EMTU,560,https://moovitapp.com/index/pt-br/transporte_p%C3%BAblico-line-560-Sao_Paulo-242-2038937-36419561-0,6.2,-23.4751125,-46.64319,,,,1,2023-06-17T06:17:12+00:00
SAO_178L-10,São Paulo,3550308,True,EMTU,560,https://moovitapp.com/index/pt-br/transporte_p%C3%BAblico-line-560-Sao_Paulo-242-2038937-36419561-0,6.2,-23.4857555,-46.640631,,,,1,2023-06-17T06:17:32+00:00
SAO_178L-10,São Paulo,3550308,True,EMTU,560,https://moovitapp.com/index/pt-br/transporte_p%C3%BAblico-line-560-Sao_Paulo-242-2038937-36419561-0,6.2,-23.555808499999998,-46.665915749999996,,,,1,2023-06-17T06:17:21+00:00
SAO_3773-10,São Paulo,3550308,True,,1059,,,-23.601991125,-46.4610760625,,,,1,2023-06-17T06:17:25+00:00
SAO_3773-10,São Paulo,3550308,True,,1059,,,-23.565915,-46.5070785,,,,1,2023-06-17T06:17:24+00:00
SAO_3773-10,São Paulo,3550308,True,,1059,,,-23.537625999999996,-46.56210568750001,,,,1,2023-06-17T06:17:35+00:00
SAO_3773-10,São Paulo,3550308,True,,1059,,,-23.615941999999997,-46.464735000000005,,,,1,2023-06-17T06:17:02+00:00
SAO_6016-41,São Paulo,3550308,True,,34474,,,-23.766326,-46.682396499999996,,,,2,2023-06-17T06:17:28+00:00
SAO_6016-41,São Paulo,3550308,True,,34474,,,-23.774729,-46.675773500000005,,,,2,2023-06-17T06:17:41+00:00
SAO_6358-10,São Paulo,3550308,True,,34062,,,-23.652300500000003,-46.66928475,,,,2,2023-06-17T06:17:13+00:00
SAO_6358-10,São Paulo,3550308,True,,34062,,,-23.684678499999997,-46.633152,,,,2,2023-06-17T06:17:02+00:00
SAO_6358-10,São Paulo,3550308,True,,34062,,,-23.58405425,-46.65636550000001,,,,2,2023-06-17T06:17:15+00:00
SAO_8215-10,São Paulo,3550308,True,,574,,,-23.5410605,-46.6391275,,,,1,2023-06-17T06:17:23+00:00
SAO_8215-10,São Paulo,3550308,True,,574,,,-23.509026,-46.6662465,,,,1,2023-06-17T06:17:10+00:00
SAO_1788-10,São Paulo,3550308,True,,653,,,-23.455914999999997,-46.590154749999996,,,,1,2023-06-17T06:17:24+00:00
SAO_1732-10,São Paulo,3550308,True,,671,,,-23.5297005,-46.647508,,,,1,2023-06-17T06:17:40+00:00
SAO_2552-10,São Paulo,3550308,True,,32910,,,-23.492287,-46.4407255,,,,2,2023-06-17T06:17:29+00:00
SAO_2552-10,São Paulo,3550308,True,,32910,,,-23.5497865,-46.6288275,,,,2,2023-06-17T06:17:11+00:00
SAO_2552-10,São Paulo,3550308,True,,32910,,,-23.52248175,-46.540659,,,,2,2023-06-17T06:17:34+00:00
SAO_2552-10,São Paulo,3550308,True,,32910,,,-23.51262775,-46.515058749999994,,,,2,2023-06-17T06:17:13+00:00
SAO_2552-10,São Paulo,3550308,True,,32910,,,-23.50797625,-46.49230525,,,,2,2023-06-17T06:17:20+00:00
SAO_2552-10,São Paulo,3550308,True,,32910,,,-23.5343485,-46.567611,,,,2,2023-06-17T06:17:13+00:00
SAO_5175-10,São Paulo,3550308,True,,593,,,-23.67482,-46.661744,,,,1,2023-06-17T06:17:24+00:00
SAO_5175-10,São Paulo,3550308,True,,593,,,-23.593306,-46.6502975,,,,1,2023-06-17T06:17:43+00:00
SAO_677Y-10,São Paulo,3550308,True,,1240,,,-23.6836685,-46.7890555,,,,1,2023-06-17T06:17:30+00:00
SAO_677Y-10,São Paulo,3550308,True,,1240,,,-23.693685000000002,-46.794277,,,,1,2023-06-17T06:17:23+00:00
SAO_6010-10,São Paulo,3550308,True,,1202,,,-23.691415749999997,-46.79554175,,,,1,2023-06-17T06:17:37+00:00
SAO_6010-10,São Paulo,3550308,True,,1202,,,-23.6624075,-46.748979,,,,1,2023-06-17T06:17:24+00:00
SAO_6010-10,São Paulo,3550308,True,,1202,,,-23.6938785,-46.7945825,,,,1,2023-06-17T06:17:34+00:00
SAO_6010-10,São Paulo,3550308,True,,1202,,,-23.693805,-46.7944445,,,,1,2023-06-17T06:17:32+00:00
SAO_6010-10,São Paulo,3550308,True,,1202,,,-23.6938785,-46.7945825,,,,1,2023-06-17T06:17:25+00:00
SAO_6010-10,São Paulo,3550308,False,,1202,,,-23.693805,-46.7944445,,,,1,2023-06-17T06:17:36+00:00
SAO_6026-10,São Paulo,3550308,True,,87,,,-23.748356,-46.703650999999994,,,,1,2023-06-17T06:17:36+00:00
SAO_6026-10,São Paulo,3550308,True,,87,,,-23.6541535,-46.7114125,,,,1,2023-06-17T06:17:46+00:00
SAO_2722-10,São Paulo,3550308,True,Urubupungá,935,https://moovitapp.com/index/pt-br/transporte_p%C3%BAblico-line-935-Sao_Paulo-242-873835-76437456-0,4.6,-23.5172745,-46.5062215,,,,1,2023-06-17T06:17:42+00:00
SAO_2722-10,São Paulo,3550308,True,Urubupungá,935,https://moovitapp.com/index/pt-br/transporte_p%C3%BAblico-line-935-Sao_Paulo-242-873835-76437456-0,4.6,-23.528723,-46.5164685,,,,1,2023-06-17T06:17:38+00:00
SAO_4311-10,São Paulo,3550308,True,,34939,,,-23.60495325,-46.471165,,,,2,2023-06-17T06:17:42+00:00
SAO_4311-10,São Paulo,3550308,True,,34939,,,-23.55284975,-46.617076999999995,,,,2,2023-06-17T06:16:19+00:00
SAO_4311-10,São Paulo,3550308,True,,34939,,,-23.5413985,-46.5389835,,,,2,2023-06-17T06:17:33+00:00
SAO_N439-11,São Paulo,3550308,True,,2372,,,-23.5574405,-46.433029000000005,,,,1,2023-06-17T06:17:27+00:00
SAO_2708-10,São Paulo,3550308,True,,921,,,-23.534374,-46.453041999999996,,,,1,2023-06-17T06:17:00+00:00
SAO_2708-10,São Paulo,3550308,True,,921,,,-23.5423715,-46.4706475,,,,1,2023-06-17T06:17:18+00:00
SAO_2708-10,São Paulo,3550308,True,,921,,,-23.530789,-46.4041565,,,,1,2023-06-17T06:17:26+00:00
SAO_2716-10,São Paulo,3550308,True,,33697,,,-23.514287000000003,-46.5359955,,,,2,2023-06-17T06:17:25+00:00
SAO_2716-10,São Paulo,3550308,True,,33697,,,-23.508369000000002,-46.5314175,,,,2,2023-06-17T06:17:30+00:00
SAO_695Y-10,São Paulo,3550308,True,,1198,,,-23.636224,-46.693040499999995,,,,1,2023-06-17T06:17:29+00:00
SAO_695Y-10,São Paulo,3550308,True,,1198,,,-23.790321999999996,-46.726822375,,,,1,2023-06-17T06:15:35+00:00
SAO_695Y-10,São Paulo,3550308,True,,1198,,,-23.7770115,-46.723006,,,,1,2023-06-17T06:12:42+00:00
SAO_695Y-10,São Paulo,3550308,True,,1198,,,-23.80132475,-46.73395625,,,,1,2023-06-17T06:17:45+00:00
SAO_3010-10,São Paulo,3550308,True,,2543,,,-23.518321,-46.475637,,,,1,2023-06-17T06:17:20+00:00
SAO_3010-10,São Paulo,3550308,True,,2543,,,-23.510495499999998,-46.4462745,,,,1,2023-06-17T06:17:10+00:00
SAO_3729-10,São Paulo,3550308,True,,1026,,,-23.545245,-46.566373875000004,,,,1,2023-06-17T06:17:32+00:00
SAO_3729-10,São Paulo,3550308,True,,1026,,,-23.55059925,-46.56511675,,,,1,2023-06-17T06:17:19+00:00
SAO_477P-10,São Paulo,3550308,True,EMTU,348,https://moovitapp.com/index/pt-br/transporte_p%C3%BAblico-line-348-Sao_Paulo-242-2038937-36419431-0,5.1,-23.60863425,-46.652294749999996,,,,1,2023-06-17T06:17:01+00:00
SAO_477P-10,São Paulo,3550308,True,EMTU,348,https://moovitapp.com/index/pt-br/transporte_p%C3%BAblico-line-348-Sao_Paulo-242-2038937-36419431-0,5.1,-23.572155000000002,-46.70553525,,,,1,2023-06-17T06:17:32+00:00
SAO_477P-10,São Paulo,3550308,True,EMTU,348,https://moovitapp.com/index/pt-br/transporte_p%C3%BAblico-line-348-Sao_Paulo-242-2038937-36419431-0,5.1,-23.572028,-46.7025165,,,,1,2023-06-17T06:17:16+00:00
SAO_1758-10,São Paulo,3550308,True,EMTU,552,https://moovitapp.com/index/pt-br/transporte_p%C3%BAblico-line-552-Sao_Paulo-242-2038937-36419556-0,6.8,-23.453969,-46.6614815,,,,1,2023-06-17T06:17:36+00:00
SAO_1758-10,São Paulo,3550308,True,EMTU,552,https://moovitapp.com/index/pt-br/transporte_p%C3%BAblico-line-552-Sao_Paulo-242-2038937-36419556-0,6.8,-23.457141,-46.661782,,,,1,2023-06-17T06:17:29+00:00
SAO_1758-10,São Paulo,3550308,True,EMTU,552,https://moovitapp.com/index/pt-br/transporte_p%C3%BAblico-line-552-Sao_Paulo-242-2038937-36419556-0,6.8,-23.502871,-46.624226,,,,1,2023-06-17T06:17:40+00:00
SAO_414P-10,São Paulo,3550308,True,,33873,,,-23.6103715,-46.529692,,,,2,2023-06-17T06:17:27+00:00
SAO_414P-10,São Paulo,3550308,True,,33873,,,-23.534581875,-46.570499999999996,,,,2,2023-06-17T06:17:25+00:00
SAO_414P-10,São Paulo,3550308,True,,33873,,,-23.5853735,-46.5336215,,,,2,2023-06-17T06:17:19+00:00
SAO_6021-10,São Paulo,3550308,True,EMTU,177,https://moovitapp.com/index/pt-br/transporte_p%C3%BAblico-line-177-Sao_Paulo-242-2038937-36419313-0,5.2,-23.7668205,-46.716344500000005,,,,1,2023-06-17T06:17:04+00:00
SAO_6021-10,São Paulo,3550308,True,EMTU,177,https://moovitapp.com/index/pt-br/transporte_p%C3%BAblico-line-177-Sao_Paulo-242-2038937-36419313-0,5.2,-23.7668205,-46.716344500000005,,,,1,2023-06-17T06:17:45+00:00
SAO_6021-10,São Paulo,3550308,True,EMTU,177,https://moovitapp.com/index/pt-br/transporte_p%C3%BAblico-line-177-Sao_Paulo-242-2038937-36419313-0,5.2,-23.7668205,-46.716344500000005,,,,1,2023-06-17T06:17:25+00:00
SAO_4011-10,São Paulo,3550308,True,,34952,,,-23.594728,-46.443507,,,,2,2023-06-17T06:17:07+00:00
SAO_4011-10,São Paulo,3550308,True,,34952,,,-23.6227125,-46.414294,,,,2,2023-06-17T06:17:04+00:00
SAO_3763-10,São Paulo,3550308,True,,33822,,,-23.558019,-46.522945,,,,2,2023-06-17T06:17:18+00:00
SAO_3763-10,São Paulo,3550308,True,,33822,,,-23.559434500000002,-46.553008500000004,,,,2,2023-06-17T06:17:31+00:00
SAO_6232-10,São Paulo,3550308,True,,33251,,,-23.552603625000003,-46.6746615,,,,2,2023-06-17T06:17:07+00:00
SAO_4491-10,São Paulo,3550308,True,,33095,,,-23.546727,-46.629723999999996,,,,2,2023-06-17T06:17:40+00:00
SAO_2175-10,São Paulo,3550308,True,,697,,,-23.4740875,-46.566756999999996,,,,1,2023-06-17T06:17:38+00:00
SAO_2175-10,São Paulo,3550308,True,,697,,,-23.512649500000002,-46.585239,,,,1,2023-06-17T06:17:07+00:00
SAO_4732-10,São Paulo,3550308,True,Rápido Campinas,302,https://moovitapp.com/index/pt-br/transporte_p%C3%BAblico-line-302-Sao_Paulo-242-858660-23262913-0,5.3,-23.61897725,-46.637902249999996,,,,1,2023-06-17T06:17:25+00:00
SAO_6960-10,São Paulo,3550308,True,,1443,,,-23.767062,-46.7161295,,,,1,2023-06-17T06:17:03+00:00
SAO_2703-10,São Paulo,3550308,True,Urubupungá,915,https://moovitapp.com/index/pt-br/transporte_p%C3%BAblico-line-915-Sao_Paulo-242-873835-75841134-0,4.6,-23.529542499999998,-46.420608,,,,1,2023-06-17T06:16:56+00:00
SAO_2703-10,São Paulo,3550308,True,Urubupungá,915,https://moovitapp.com/index/pt-br/transporte_p%C3%BAblico-line-915-Sao_Paulo-242-873835-75841134-0,4.6,-23.531288500000002,-46.4190755,,,,1,2023-06-17T06:17:30+00:00
SAO_2703-10,São Paulo,3550308,True,Urubupungá,915,https://moovitapp.com/index/pt-br/transporte_p%C3%BAblico-line-915-Sao_Paulo-242-873835-75841134-0,4.6,-23.529542499999998,-46.420608,,,,1,2023-06-17T06:17:30+00:00
SAO_2703-10,São Paulo,3550308,True,Urubupungá,915,https://moovitapp.com/index/pt-br/transporte_p%C3%BAblico-line-915-Sao_Paulo-242-873835-75841134-0,4.6,-23.5337655,-46.452283,,,,1,2023-06-17T06:17:06+00:00
SAO_2058-10,São Paulo,3550308,True,,33027,,,-23.494522,-46.425334250000006,,,,2,2023-06-17T06:17:42+00:00
SAO_8017-10,São Paulo,3550308,True,,34029,,,-23.4356655,-46.742721,,,,2,2023-06-17T06:16:44+00:00
SAO_8017-10,São Paulo,3550308,True,,34029,,,-23.4862075,-46.726428,,,,2,2023-06-17T06:17:07+00:00
SAO_8549-10,São Paulo,3550308,True,EMTU,580,https://moovitapp.com/index/pt-br/transporte_p%C3%BAblico-line-580-Sao_Paulo-242-2038937-36419570-0,7.55,-23.538771750000002,-46.645590999999996,,,,1,2023-06-17T06:17:30+00:00
SAO_8549-10,São Paulo,3550308,True,EMTU,580,https://moovitapp.com/index/pt-br/transporte_p%C3%BAblico-line-580-Sao_Paulo-242-2038937-36419570-0,7.55,-23.5249765,-46.69043675,,,,1,2023-06-17T06:17:45+00:00
SAO_148L-10,São Paulo,3550308,True,EMTU,531,https://moovitapp.com/index/pt-br/transporte_p%C3%BAblico-line-531-Sao_Paulo-242-2038937-36419543-0,4.4,-23.5097565,-46.689898,,,,1,2023-06-17T06:17:41+00:00
SAO_148L-10,São Paulo,3550308,True,EMTU,531,https://moovitapp.com/index/pt-br/transporte_p%C3%BAblico-line-531-Sao_Paulo-242-2038937-36419543-0,4.4,-23.46981925,-46.648324625,,,,1,2023-06-17T06:17:10+00:00
SAO_577T-10,São Paulo,3550308,True,,1291,,,-23.5822675,-46.639917625,,,,1,2023-06-17T06:17:21+00:00
SAO_5362-23,São Paulo,3550308,True,,34628,,,-23.753511500000002,-46.6668455,,,,2,2023-06-17T06:17:01+00:00
SAO_5362-23,São Paulo,3550308,True,,34628,,,-23.750743,-46.66584175,,,,2,2023-06-17T06:16:32+00:00
SAO_5757-51,São Paulo,3550308,True,,34744,,,-23.635112499999998,-46.640995000000004,,,,2,2023-06-17T06:14:57+00:00
SAO_5757-51,São Paulo,3550308,True,,34744,,,-23.635112499999998,-46.640995000000004,,,,2,2023-06-17T06:16:05+00:00
SAO_5757-51,São Paulo,3550308,True,,34744,,,-23.70636,-46.64149,,,,2,2023-06-17T06:16:42+00:00
SAO_5757-51,São Paulo,3550308,True,,34744,,,-23.6693775,-46.649161500000005,,,,2,2023-06-17T06:17:08+00:00
SAO_5757-51,São Paulo,3550308,True,,34744,,,-23.704309,-46.643944000000005,,,,2,2023-06-17T06:16:13+00:00
SAO_5757-51,São Paulo,3550308,True,,34744,,,-23.635112499999998,-46.640995000000004,,,,2,2023-06-17T06:17:20+00:00
SAO_5757-51,São Paulo,3550308,True,,34744,,,-23.635112499999998,-46.640995000000004,,,,2,2023-06-17T06:16:00+00:00
SAO_5757-51,São Paulo,3550308,True,,34744,,,-23.635112499999998,-46.640995000000004,,,,2,2023-06-17T06:17:09+00:00
SAO_5757-51,São Paulo,3550308,True,,34744,,,-23.635112499999998,-46.640995000000004,,,,2,2023-06-17T06:16:30+00:00
SAO_5757-51,São Paulo,3550308,True,,34744,,,-23.635112499999998,-46.640995000000004,,,,2,2023-06-17T06:15:26+00:00
SAO_5757-51,São Paulo,3550308,True,,34744,,,-23.635112499999998,-46.640995000000004,,,,2,2023-06-17T06:13:54+00:00
SAO_5757-51,São Paulo,3550308,True,,34744,,,-23.688734,-46.63771225,,,,2,2023-06-17T06:17:29+00:00
SAO_5757-51,São Paulo,3550308,True,,34744,,,-23.635112499999998,-46.640995000000004,,,,2,2023-06-17T06:17:14+00:00
SAO_4113-10,São Paulo,3550308,True,,768,,,-23.5694545,-46.62651375,,,,1,2023-06-17T06:17:29+00:00
SAO_4113-10,São Paulo,3550308,True,,768,,,-23.60155975,-46.612840250000005,,,,1,2023-06-17T06:17:44+00:00
SAO_4113-10,São Paulo,3550308,True,,768,,,-23.5561155,-46.633061,,,,1,2023-06-17T06:17:27+00:00
SAO_971C-10,São Paulo,3550308,True,,571,,,-23.438336,-46.7091475,,,,1,2023-06-17T06:17:35+00:00
SAO_971C-10,São Paulo,3550308,True,,571,,,-23.459716999999998,-46.68898,,,,1,2023-06-17T06:17:28+00:00
SAO_971C-10,São Paulo,3550308,True,,571,,,-23.500229625,-46.63319625,,,,1,2023-06-17T06:17:03+00:00
SAO_971C-10,São Paulo,3550308,True,,571,,,-23.4700955,-46.676651,,,,1,2023-06-17T06:17:28+00:00
SAO_7903-10,São Paulo,3550308,True,,33280,,,-23.58107975,-46.73012275,,,,2,2023-06-17T06:17:36+00:00
SAO_7903-10,São Paulo,3550308,True,,33280,,,-23.5602905,-46.671777500000005,,,,2,2023-06-17T06:17:39+00:00
SAO_5105-10,São Paulo,3550308,True,,34419,,,-23.603226749999997,-46.60239175,,,,2,2023-06-17T06:17:34+00:00
SAO_5105-10,São Paulo,3550308,True,,34419,,,-23.58318575,-46.599758375,,,,2,2023-06-17T06:17:18+00:00
SAO_2720-10,São Paulo,3550308,True,,933,,,-23.520741,-46.515246,,,,1,2023-06-17T06:17:28+00:00
SAO_677V-10,São Paulo,3550308,True,,32880,,,-23.7446755,-46.707753499999995,,,,2,2023-06-17T06:17:41+00:00
SAO_3902-10,São Paulo,3550308,True,,34238,,,-23.484951000000002,-46.38398325,,,,2,2023-06-17T06:17:42+00:00
SAO_3902-10,São Paulo,3550308,True,,34238,,,-23.502472500000003,-46.3766605,,,,2,2023-06-17T06:17:21+00:00
SAO_3902-10,São Paulo,3550308,True,,34238,,,-23.50580025,-46.406888,,,,2,2023-06-17T06:17:01+00:00
SAO_6091-10,São Paulo,3550308,True,,33943,,,-23.658554,-46.706269500000005,,,,2,2023-06-17T06:17:27+00:00
SAO_6091-10,São Paulo,3550308,True,,33943,,,-23.7644455,-46.7166115,,,,2,2023-06-17T06:17:43+00:00
SAO_6091-10,São Paulo,3550308,True,,33943,,,-23.862347500000002,-46.712974,,,,2,2023-06-17T06:17:34+00:00
SAO_6091-10,São Paulo,3550308,True,,33943,,,-23.831249125,-46.723122125,,,,2,2023-06-17T06:17:05+00:00
SAO_177H-10,São Paulo,3550308,True,,630,,,-23.502320499999996,-46.656497625,,,,1,2023-06-17T06:17:27+00:00
SAO_177H-10,São Paulo,3550308,True,,630,,,-23.5526805,-46.731851500000005,,,,1,2023-06-17T06:17:45+00:00
SAO_177H-10,São Paulo,3550308,True,,630,,,-23.556712750000003,-46.680143875,,,,1,2023-06-17T06:17:12+00:00
SAO_7550-10,São Paulo,3550308,True,,2093,,,-23.654166500000002,-46.711513,,,,1,2023-06-17T06:17:11+00:00
SAO_7550-10,São Paulo,3550308,True,,2093,,,-23.654166500000002,-46.711513,,,,1,2023-06-17T06:17:08+00:00
SAO_478P-10,São Paulo,3550308,True,EMTU,349,https://moovitapp.com/index/pt-br/transporte_p%C3%BAblico-line-349-Sao_Paulo-242-2038937-36419432-0,5.1,-23.623129749999997,-46.60181925,,,,1,2023-06-17T06:17:42+00:00
SAO_478P-10,São Paulo,3550308,True,EMTU,349,https://moovitapp.com/index/pt-br/transporte_p%C3%BAblico-line-349-Sao_Paulo-242-2038937-36419432-0,5.1,-23.526434000000002,-46.696695125000005,,,,1,2023-06-17T06:17:15+00:00
SAO_6455-10,São Paulo,3550308,True,,63,,,-23.623647499999997,-46.681008375000005,,,,1,2023-06-17T06:17:14+00:00
SAO_6455-10,São Paulo,3550308,True,,63,,,-23.551026,-46.63692275,,,,1,2023-06-17T06:17:23+00:00
SAO_607M-10,São Paulo,3550308,True,,34804,,,-23.665322,-46.71104,,,,2,2023-06-17T06:17:03+00:00
SAO_607M-10,São Paulo,3550308,True,,34804,,,-23.735022999999998,-46.6957585,,,,2,2023-06-17T06:17:23+00:00
SAO_2626-10,São Paulo,3550308,True,,33144,,,-23.523301,-46.4105365,,,,2,2023-06-17T06:17:18+00:00
SAO_2626-10,São Paulo,3550308,True,,33144,,,-23.4934895,-46.443819000000005,,,,2,2023-06-17T06:17:34+00:00
SAO_2626-10,São Paulo,3550308,True,,33144,,,-23.5338145,-46.566121,,,,2,2023-06-17T06:17:11+00:00
SAO_2626-10,São Paulo,3550308,True,,33144,,,-23.5127235,-46.515349,,,,2,2023-06-17T06:17:19+00:00
SAO_7023-10,São Paulo,3550308,True,,34920,,,-23.6540225,-46.711386000000005,,,,2,2023-06-17T06:17:28+00:00
SAO_7023-10,São Paulo,3550308,True,,34920,,,-23.691611,-46.761641,,,,2,2023-06-17T06:17:30+00:00
SAO_7023-10,São Paulo,3550308,True,,34920,,,-23.691611,-46.761641,,,,2,2023-06-17T06:17:17+00:00
SAO_4729-10,São Paulo,3550308,True,,33876,,,-23.590935,-46.5069575,,,,2,2023-06-17T06:17:42+00:00
SAO_4729-10,São Paulo,3550308,True,,33876,,,-23.54039525,-46.5930415,,,,2,2023-06-17T06:17:44+00:00
SAO_4729-10,São Paulo,3550308,True,,33876,,,-23.574183875,-46.56499099999999,,,,2,2023-06-17T06:17:15+00:00
SAO_4729-10,São Paulo,3550308,True,,33876,,,-23.5931725,-46.5110215,,,,2,2023-06-17T06:17:20+00:00
SAO_875C-10,São Paulo,3550308,True,,33246,,,-23.604099375000004,-46.658086125000004,,,,2,2023-06-17T06:17:02+00:00
SAO_875C-10,São Paulo,3550308,True,,33246,,,-23.5832175,-46.683071999999996,,,,2,2023-06-17T06:17:46+00:00
SAO_875C-10,São Paulo,3550308,True,,33246,,,-23.542951625,-46.715892,,,,2,2023-06-17T06:17:44+00:00
SAO_3718-10,São Paulo,3550308,True,,33781,,,-23.541107,-46.4847105,,,,2,2023-06-17T06:17:22+00:00
SAO_3718-10,São Paulo,3550308,True,,33781,,,-23.540855999999998,-46.4849405,,,,2,2023-06-17T06:17:15+00:00
SAO_3718-10,São Paulo,3550308,True,,33781,,,-23.5508795,-46.48185025,,,,2,2023-06-17T06:17:30+00:00
SAO_809H-10,São Paulo,3550308,True,,35013,,,-23.5378215,-46.726366999999996,,,,2,2023-06-17T06:17:06+00:00
SAO_809H-10,São Paulo,3550308,True,,35013,,,-23.58514975,-46.7464095,,,,2,2023-06-17T06:17:08+00:00
SAO_476A-10,São Paulo,3550308,True,,33072,,,-23.585009874999997,-46.60312125,,,,2,2023-06-17T06:17:38+00:00
SAO_476A-10,São Paulo,3550308,True,,33072,,,-23.603154500000002,-46.603531000000004,,,,2,2023-06-17T06:13:39+00:00
SAO_476A-10,São Paulo,3550308,True,,33072,,,-23.6299475,-46.673436499999994,,,,2,2023-06-17T06:17:13+00:00
SAO_7053-21,São Paulo,3550308,True,,34663,,,-23.642354750000003,-46.78591075,,,,2,2023-06-17T06:17:25+00:00
SAO_7053-21,São Paulo,3550308,True,,34663,,,-23.642522,-46.786126499999995,,,,2,2023-06-17T06:17:22+00:00
SAO_9784-10,São Paulo,3550308,True,EMTU,827,https://moovitapp.com/index/pt-br/transporte_p%C3%BAblico-line-827-Sao_Paulo-242-2038937-36419596-0,12.1,-23.524385,-46.6672945,,,,1,2023-06-17T06:17:25+00:00
SAO_9784-10,São Paulo,3550308,True,EMTU,827,https://moovitapp.com/index/pt-br/transporte_p%C3%BAblico-line-827-Sao_Paulo-242-2038937-36419596-0,12.1,-23.4503535,-46.683854999999994,,,,1,2023-06-17T06:17:34+00:00
SAO_9784-10,São Paulo,3550308,True,EMTU,827,https://moovitapp.com/index/pt-br/transporte_p%C3%BAblico-line-827-Sao_Paulo-242-2038937-36419596-0,12.1,-23.4503535,-46.683854999999994,,,,1,2023-06-17T06:17:20+00:00
SAO_4028-10,São Paulo,3550308,True,,1098,,,-23.64320175,-46.442264,,,,1,2023-06-17T06:17:36+00:00
SAO_4028-10,São Paulo,3550308,True,,1098,,,-23.6277095,-46.4588605,,,,1,2023-06-17T06:17:14+00:00
SAO_6825-10,São Paulo,3550308,True,BR7 Mobilidade,14,https://moovitapp.com/index/pt-br/transporte_p%C3%BAblico-line-14-Sao_Paulo-242-851856-183465-0,5.75,-23.654132,-46.7632315,,,,1,2023-06-17T06:17:20+00:00
SAO_675M-10,São Paulo,3550308,True,,32876,,,-23.64676125,-46.64523025,,,,2,2023-06-17T06:17:18+00:00
SAO_675M-10,São Paulo,3550308,True,,32876,,,-23.646586749999997,-46.645936000000006,,,,2,2023-06-17T06:17:42+00:00
SAO_675M-10,São Paulo,3550308,True,,32876,,,-23.719587,-46.6769515,,,,2,2023-06-17T06:17:30+00:00
SAO_675M-10,São Paulo,3550308,True,,32876,,,-23.720286,-46.6768305,,,,2,2023-06-17T06:17:01+00:00
SAO_675M-10,São Paulo,3550308,True,,32876,,,-23.6563,-46.670553,,,,2,2023-06-17T06:17:09+00:00
SAO_374V-10,São Paulo,3550308,True,,34415,,,-23.5116805,-46.454798749999995,,,,2,2023-06-17T06:17:43+00:00
SAO_374V-10,São Paulo,3550308,True,,34415,,,-23.5263255,-46.452581,,,,2,2023-06-17T06:17:15+00:00
SAO_374V-10,São Paulo,3550308,True,,34415,,,-23.5263255,-46.452581,,,,2,2023-06-17T06:17:34+00:00
SAO_374V-10,São Paulo,3550308,True,,34415,,,-23.524656,-46.4522665,,,,2,2023-06-17T06:17:21+00:00
SAO_374V-10,São Paulo,3550308,True,,34415,,,-23.5116805,-46.454798749999995,,,,2,2023-06-17T06:17:05+00:00
SAO_5106-10,São Paulo,3550308,True,,34048,,,-23.681841,-46.6377285,,,,2,2023-06-17T06:15:49+00:00
SAO_5106-10,São Paulo,3550308,True,,34048,,,-23.6957005,-46.649823999999995,,,,2,2023-06-17T06:15:36+00:00
SAO_5106-10,São Paulo,3550308,True,,34048,,,-23.59335,-46.642191249999996,,,,2,2023-06-17T06:17:39+00:00
SAO_7051-10,São Paulo,3550308,True,,1885,,,-23.655096,-46.7838845,,,,1,2023-06-17T06:17:20+00:00
SAO_7051-10,São Paulo,3550308,True,,1885,,,-23.652745,-46.785092,,,,1,2023-06-17T06:17:46+00:00
SAO_7051-10,São Paulo,3550308,True,,1885,,,-23.655096,-46.7838845,,,,1,2023-06-17T06:17:23+00:00
SAO_N508-11,São Paulo,3550308,True,,2382,,,-23.558091249999997,-46.63294225,,,,1,2023-06-17T06:17:17+00:00
SAO_4210-10,São Paulo,3550308,True,,2170,,,-23.542564125,-46.617166499999996,,,,1,2023-06-17T06:17:00+00:00
SAO_4210-10,São Paulo,3550308,True,,2170,,,-23.583754,-46.4150015,,,,1,2023-06-17T06:16:09+00:00
SAO_4210-10,São Paulo,3550308,True,,2170,,,-23.545441,-46.630475000000004,,,,1,2023-06-17T06:15:10+00:00
SAO_4210-10,São Paulo,3550308,True,,2170,,,-23.538246,-46.60124675,,,,1,2023-06-17T06:17:44+00:00
SAO_4210-10,São Paulo,3550308,True,,2170,,,-23.581291,-46.4146645,,,,1,2023-06-17T06:17:35+00:00
SAO_4210-10,São Paulo,3550308,True,,2170,,,-23.5367685,-46.547027,,,,1,2023-06-17T06:17:18+00:00
SAO_6L10-10,São Paulo,3550308,True,,1159,,,-23.767373499999998,-46.716421499999996,,,,1,2023-06-17T06:17:11+00:00
SAO_6L10-10,São Paulo,3550308,True,,1159,,,-23.767440999999998,-46.716431,,,,1,2023-06-17T06:17:02+00:00
SAO_6505-10,São Paulo,3550308,True,,1450,,,-23.627395999999997,-46.688033250000004,,,,1,2023-06-17T06:17:35+00:00
SAO_408A-10,São Paulo,3550308,True,,33534,,,-23.545909,-46.671022,,,,2,2023-06-17T06:17:39+00:00
SAO_408A-10,São Paulo,3550308,True,,33534,,,-23.5766875,-46.635487499999996,,,,2,2023-06-17T06:17:40+00:00
SAO_4035-10,São Paulo,3550308,True,,2560,,,-23.537082124999998,-46.454826625,,,,1,2023-06-17T06:17:42+00:00
SAO_5106-21,São Paulo,3550308,True,,1972,,,-23.6137345,-46.695820499999996,,,,1,2023-06-17T06:17:26+00:00
SAO_6418-10,São Paulo,3550308,True,,33539,,,-23.609693999999998,-46.705133,,,,2,2023-06-17T06:17:43+00:00
SAO_263J-10,São Paulo,3550308,True,EMTU,219,https://moovitapp.com/index/pt-br/transporte_p%C3%BAblico-line-219-Sao_Paulo-242-2038937-36419341-0,8.55,-23.52313325,-46.543812,,,,1,2023-06-17T06:17:24+00:00
SAO_263J-10,São Paulo,3550308,True,EMTU,219,https://moovitapp.com/index/pt-br/transporte_p%C3%BAblico-line-219-Sao_Paulo-242-2038937-36419341-0,8.55,-23.551343624999998,-46.432201625000005,,,,1,2023-06-17T06:17:33+00:00
SAO_2523-10,São Paulo,3550308,True,,33018,,,-23.5216,-46.4253885,,,,2,2023-06-17T06:17:02+00:00
SAO_2523-10,São Paulo,3550308,True,,33018,,,-23.5216,-46.4253885,,,,2,2023-06-17T06:17:41+00:00
SAO_2523-10,São Paulo,3550308,True,,33018,,,-23.5216,-46.4253885,,,,2,2023-06-17T06:17:43+00:00
SAO_2523-10,São Paulo,3550308,True,,33018,,,-23.5216,-46.4253885,,,,2,2023-06-17T06:17:43+00:00
SAO_2523-10,São Paulo,3550308,True,,33018,,,-23.5216,-46.4253885,,,,2,2023-06-17T06:17:05+00:00
SAO_2523-10,São Paulo,3550308,True,,33018,,,-23.5216,-46.4253885,,,,2,2023-06-17T06:17:43+00:00
SAO_2734-10,São Paulo,3550308,True,,34528,,,-23.5196505,-46.4411055,,,,2,2023-06-17T06:17:34+00:00
SAO_2734-10,São Paulo,3550308,True,,34528,,,-23.5093975,-46.414086,,,,2,2023-06-17T06:17:09+00:00
SAO_2734-10,São Paulo,3550308,True,,34528,,,-23.506021500000003,-46.425157125,,,,2,2023-06-17T06:17:43+00:00
SAO_8200-10,São Paulo,3550308,True,,1263,,,-23.508523,-46.705759,,,,1,2023-06-17T06:17:35+00:00
SAO_4011-10,São Paulo,3550308,True,,2184,,,-23.598715249999998,-46.464727749999994,,,,1,2023-06-17T06:17:10+00:00
SAO_809D-10,São Paulo,3550308,True,,34836,,,-23.5857775,-46.7604585,,,,2,2023-06-17T06:17:39+00:00
SAO_2011-10,São Paulo,3550308,True,,2136,,,-23.49620075,-46.62365925,,,,1,2023-06-17T06:15:09+00:00
SAO_3390-10,São Paulo,3550308,True,,738,,,-23.614732,-46.501775,,,,1,2023-06-17T06:17:27+00:00
SAO_3390-10,São Paulo,3550308,True,,738,,,-23.54645675,-46.629903999999996,,,,1,2023-06-17T06:17:29+00:00
SAO_3390-10,São Paulo,3550308,True,,738,,,-23.568931,-46.597434500000006,,,,1,2023-06-17T06:17:31+00:00
SAO_8538-10,São Paulo,3550308,True,,34127,,,-23.497774,-46.6978845,,,,2,2023-06-17T06:17:27+00:00
SAO_364A-10,São Paulo,3550308,True,,34014,,,-23.5837645,-46.5758365,,,,2,2023-06-17T06:17:26+00:00
SAO_364A-10,São Paulo,3550308,True,,34014,,,-23.564895,-46.506786000000005,,,,2,2023-06-17T06:17:41+00:00
SAO_364A-10,São Paulo,3550308,True,,34014,,,-23.581531,-46.5965925,,,,2,2023-06-17T06:17:45+00:00
SAO_5108-10,São Paulo,3550308,True,,1675,,,-23.546035500000002,-46.6306175,,,,1,2023-06-17T06:17:24+00:00
SAO_5108-10,São Paulo,3550308,True,,1675,,,-23.650569,-46.614115999999996,,,,1,2023-06-17T06:17:18+00:00
SAO_5108-10,São Paulo,3550308,True,,1675,,,-23.619120000000002,-46.6196675,,,,1,2023-06-17T06:17:44+00:00
SAO_6475-10,São Paulo,3550308,True,,34085,,,-23.580458,-46.680413,,,,2,2023-06-17T06:17:32+00:00
SAO_6475-10,São Paulo,3550308,True,,34085,,,-23.646206499999998,-46.756175999999996,,,,2,2023-06-17T06:17:16+00:00
SAO_6475-10,São Paulo,3550308,True,,34085,,,-23.677591,-46.7734525,,,,2,2023-06-17T06:17:03+00:00
SAO_6726-10,São Paulo,3550308,True,,33961,,,-23.7403345,-46.691452999999996,,,,2,2023-06-17T06:17:46+00:00
SAO_3721-41,São Paulo,3550308,True,,34461,,,-23.563194000000003,-46.500884,,,,2,2023-06-17T06:17:20+00:00
SAO_3721-41,São Paulo,3550308,True,,34461,,,-23.558011,-46.491187499999995,,,,2,2023-06-17T06:17:04+00:00
SAO_3721-41,São Paulo,3550308,True,,34461,,,-23.5425225,-46.470603999999994,,,,2,2023-06-17T06:17:28+00:00
SAO_5757-10,São Paulo,3550308,True,,1288,,,-23.67176475,-46.645559250000005,,,,1,2023-06-17T06:17:00+00:00
SAO_N704-11,São Paulo,3550308,True,,35177,,,-23.6536895,-46.759698,,,,2,2023-06-17T06:17:45+00:00
SAO_8528-10,São Paulo,3550308,True,,33343,,,-23.4599635,-46.697374499999995,,,,2,2023-06-17T06:17:21+00:00
SAO_8528-10,São Paulo,3550308,True,,33343,,,-23.540698,-46.6364375,,,,2,2023-06-17T06:17:43+00:00
SAO_8528-10,São Paulo,3550308,True,,33343,,,-23.512514000000003,-46.690383499999996,,,,2,2023-06-17T06:17:17+00:00
SAO_7245-10,São Paulo,3550308,True,EMTU,363,https://moovitapp.com/index/pt-br/transporte_p%C3%BAblico-line-363-Sao_Paulo-242-2038937-36419444-0,5.1,-23.654266,-46.711191,,,,1,2023-06-17T06:17:17+00:00
SAO_7245-10,São Paulo,3550308,True,EMTU,363,https://moovitapp.com/index/pt-br/transporte_p%C3%BAblico-line-363-Sao_Paulo-242-2038937-36419444-0,5.1,-23.654266,-46.711191,,,,1,2023-06-17T06:17:31+00:00
SAO_1701-21,São Paulo,3550308,True,,35244,,,-23.472499499999998,-46.5980365,,,,2,2023-06-17T06:17:42+00:00
SAO_1701-21,São Paulo,3550308,True,,35244,,,-23.447903750000002,-46.57596337499999,,,,2,2023-06-17T06:17:29+00:00
SAO_7245-10,São Paulo,3550308,True,,33131,,,-23.647837250000002,-46.710092,,,,2,2023-06-17T06:17:40+00:00
SAO_7245-10,São Paulo,3550308,True,,33131,,,-23.56998325,-46.691308250000006,,,,2,2023-06-17T06:17:30+00:00
SAO_574J-10,São Paulo,3550308,True,,34453,,,-23.636083499999998,-46.641462,,,,2,2023-06-17T06:17:20+00:00
SAO_574J-10,São Paulo,3550308,True,,34453,,,-23.5647095,-46.5586115,,,,2,2023-06-17T06:17:34+00:00
SAO_574J-10,São Paulo,3550308,True,,34453,,,-23.602105,-46.602912,,,,2,2023-06-17T06:17:16+00:00
SAO_4093-10,São Paulo,3550308,True,,2448,,,-23.588952,-46.395677,,,,1,2023-06-17T06:17:42+00:00
SAO_4093-10,São Paulo,3550308,True,,2448,,,-23.588952,-46.395677,,,,1,2023-06-17T06:17:02+00:00
SAO_4093-10,São Paulo,3550308,True,,2448,,,-23.590939749999997,-46.398280125,,,,1,2023-06-17T06:17:25+00:00
SAO_4093-10,São Paulo,3550308,True,,2448,,,-23.582922,-46.4081745,,,,1,2023-06-17T06:17:29+00:00
SAO_4210-10,São Paulo,3550308,True,,34938,,,-23.5946735,-46.426711125,,,,2,2023-06-17T06:17:44+00:00
SAO_4210-10,São Paulo,3550308,True,,34938,,,-23.533301,-46.560655,,,,2,2023-06-17T06:16:00+00:00
SAO_4210-10,São Paulo,3550308,True,,34938,,,-23.5376965,-46.547571,,,,2,2023-06-17T06:17:01+00:00
SAO_4210-10,São Paulo,3550308,True,,34938,,,-23.542585000000003,-46.6159675,,,,2,2023-06-17T06:17:02+00:00
SAO_4210-10,São Paulo,3550308,True,,34938,,,-23.5763245,-46.502314,,,,2,2023-06-17T06:17:35+00:00
SAO_938P-10,São Paulo,3550308,True,,888,,,-23.5267185,-46.6665985,,,,1,2023-06-17T06:17:36+00:00
SAO_5652-10,São Paulo,3550308,True,,33042,,,-23.67837375,-46.684760749999995,,,,2,2023-06-17T06:17:42+00:00
SAO_5652-10,São Paulo,3550308,True,,33042,,,-23.596609,-46.65099325,,,,2,2023-06-17T06:17:08+00:00
SAO_5652-10,São Paulo,3550308,True,,33042,,,-23.5506,-46.63518500000001,,,,2,2023-06-17T06:17:37+00:00
SAO_8686-10,São Paulo,3550308,True,,33214,,,-23.48884275,-46.74307775,,,,2,2023-06-17T06:17:37+00:00
SAO_8686-10,São Paulo,3550308,True,,33214,,,-23.525676875,-46.679121125,,,,2,2023-06-17T06:17:22+00:00
SAO_342N-10,São Paulo,3550308,True,,1003,,,-23.563197,-46.3939975,,,,1,2023-06-17T06:17:02+00:00
SAO_342N-10,São Paulo,3550308,True,,1003,,,-23.563197,-46.3939975,,,,1,2023-06-17T06:17:26+00:00
SAO_342N-10,São Paulo,3550308,True,,1003,,,-23.563197,-46.3939975,,,,1,2023-06-17T06:17:21+00:00
SAO_748A-10,São Paulo,3550308,True,EMTU,498,https://moovitapp.com/index/pt-br/transporte_p%C3%BAblico-line-498-Sao_Paulo-242-2038937-36419523-0,5.4,-23.5510456875,-46.740044062500004,,,,1,2023-06-17T06:17:12+00:00
SAO_253F-10,São Paulo,3550308,True,EMTU,158,https://moovitapp.com/index/pt-br/transporte_p%C3%BAblico-line-158-Sao_Paulo-242-2038937-36419303-0,7.45,-23.5332995,-46.4546495,,,,1,2023-06-17T06:17:38+00:00
SAO_253F-10,São Paulo,3550308,True,EMTU,158,https://moovitapp.com/index/pt-br/transporte_p%C3%BAblico-line-158-Sao_Paulo-242-2038937-36419303-0,7.45,-23.596577,-46.456318499999995,,,,1,2023-06-17T06:17:34+00:00
SAO_6038-10,São Paulo,3550308,True,,1216,,,-23.6578735,-46.7897725,,,,1,2023-06-17T06:17:25+00:00
SAO_6038-10,São Paulo,3550308,True,,1216,,,-23.660809999999998,-46.791848,,,,1,2023-06-17T06:17:14+00:00
SAO_6038-10,São Paulo,3550308,True,,1216,,,-23.6578735,-46.7897725,,,,1,2023-06-17T06:17:25+00:00
SAO_6038-10,São Paulo,3550308,True,,1216,,,-23.66161925,-46.790662874999995,,,,1,2023-06-17T06:17:31+00:00
SAO_6038-10,São Paulo,3550308,True,,1216,,,-23.665846000000002,-46.788559,,,,1,2023-06-17T06:17:38+00:00
SAO_6038-10,São Paulo,3550308,True,,1216,,,-23.661773,-46.7904515,,,,1,2023-06-17T06:17:15+00:00
SAO_6038-10,São Paulo,3550308,True,,1216,,,-23.665846000000002,-46.788559,,,,1,2023-06-17T06:17:32+00:00
SAO_6038-10,São Paulo,3550308,True,,1216,,,-23.6578735,-46.7897725,,,,1,2023-06-17T06:17:16+00:00
SAO_3141-10,São Paulo,3550308,True,,734,,,-23.544654,-46.626573,,,,1,2023-06-17T06:17:42+00:00
SAO_3141-10,São Paulo,3550308,True,,734,,,-23.6124025,-46.482224,,,,1,2023-06-17T06:17:25+00:00
SAO_8677-10,São Paulo,3550308,True,,33211,,,-23.502406125,-46.746692249999995,,,,2,2023-06-17T06:17:31+00:00
SAO_8677-10,São Paulo,3550308,True,,33211,,,-23.484787,-46.751797499999995,,,,2,2023-06-17T06:17:19+00:00
SAO_8677-10,São Paulo,3550308,True,,33211,,,-23.525452,-46.681762,,,,2,2023-06-17T06:17:19+00:00
SAO_8677-10,São Paulo,3550308,True,,33211,,,-23.543312,-46.638448999999994,,,,2,2023-06-17T06:17:29+00:00
SAO_N244-11,São Paulo,3550308,True,,2333,,,-23.455427,-46.5815685,,,,1,2023-06-17T06:14:50+00:00
SAO_573H-10,São Paulo,3550308,True,,1630,,,-23.573248,-46.581115,,,,1,2023-06-17T06:17:27+00:00
SAO_702C-10,São Paulo,3550308,True,STT,485,https://moovitapp.com/index/pt-br/transporte_p%C3%BAblico-line-485-Sao_Paulo-242-850661-183324-0,5.3,-23.562667,-46.675276,,,,1,2023-06-17T06:17:42+00:00
SAO_702C-10,São Paulo,3550308,True,STT,485,https://moovitapp.com/index/pt-br/transporte_p%C3%BAblico-line-485-Sao_Paulo-242-850661-183324-0,5.3,-23.571778000000002,-46.7484685,,,,1,2023-06-17T06:17:40+00:00
SAO_702C-10,São Paulo,3550308,True,STT,485,https://moovitapp.com/index/pt-br/transporte_p%C3%BAblico-line-485-Sao_Paulo-242-850661-183324-0,5.3,-23.5382745,-46.601580999999996,,,,1,2023-06-17T06:17:15+00:00
SAO_5154-10,São Paulo,3550308,True,,33121,,,-23.640416000000002,-46.6982995,,,,2,2023-06-17T06:17:46+00:00
SAO_5154-10,São Paulo,3550308,True,,33121,,,-23.57965175,-46.6557275,,,,2,2023-06-17T06:17:35+00:00
SAO_6015-10,São Paulo,3550308,True,,1205,,,-23.667369,-46.728165,,,,1,2023-06-17T06:17:35+00:00
SAO_6015-10,São Paulo,3550308,True,,1205,,,-23.677487,-46.761376,,,,1,2023-06-17T06:17:33+00:00
SAO_6015-10,São Paulo,3550308,True,,1205,,,-23.734715,-46.7945555,,,,1,2023-06-17T06:17:03+00:00
SAO_6015-10,São Paulo,3550308,True,,1205,,,-23.7215235,-46.785188,,,,1,2023-06-17T06:17:41+00:00
SAO_6015-10,São Paulo,3550308,True,,1205,,,-23.718654,-46.7846245,,,,1,2023-06-17T06:17:45+00:00
SAO_877T-10,São Paulo,3550308,True,,34149,,,-23.52751775,-46.671593,,,,2,2023-06-17T06:17:30+00:00
SAO_4051-10,São Paulo,3550308,True,,2144,,,-23.561616,-46.401831,,,,1,2023-06-17T06:17:30+00:00
SAO_4051-10,São Paulo,3550308,True,,2144,,,-23.542614,-46.4155005,,,,1,2023-06-17T06:14:49+00:00
SAO_4051-10,São Paulo,3550308,True,,2144,,,-23.561616,-46.401831,,,,1,2023-06-17T06:17:16+00:00
SAO_2712-10,São Paulo,3550308,True,,33694,,,-23.533574,-46.4836405,,,,2,2023-06-17T06:17:27+00:00
SAO_N504-11,São Paulo,3550308,True,,2378,,,-23.537147375000004,-46.615398437500005,,,,1,2023-06-17T06:17:42+00:00
SAO_8615-10,São Paulo,3550308,True,,34107,,,-23.523056500000003,-46.68789162499999,,,,2,2023-06-17T06:17:16+00:00
SAO_6836-10,São Paulo,3550308,True,BR7 Mobilidade,13,https://moovitapp.com/index/pt-br/transporte_p%C3%BAblico-line-13-Sao_Paulo-242-851856-705937-0,5.75,-23.684404999999998,-46.7817855,,,,1,2023-06-17T06:17:15+00:00
SAO_189L-10,São Paulo,3550308,True,,35218,,,-23.4865035,-46.710671500000004,,,,2,2023-06-17T06:17:43+00:00
SAO_502J-10,São Paulo,3550308,True,,34043,,,-23.6836845,-46.66801,,,,2,2023-06-17T06:17:41+00:00
SAO_502J-10,São Paulo,3550308,True,,34043,,,-23.666277,-46.6701345,,,,2,2023-06-17T06:17:33+00:00
SAO_502J-10,São Paulo,3550308,True,,34043,,,-23.619031,-46.639412,,,,2,2023-06-17T06:17:40+00:00
SAO_4313-10,São Paulo,3550308,True,,34941,,,-23.5945975,-46.4473665,,,,2,2023-06-17T06:17:05+00:00
SAO_4313-10,São Paulo,3550308,True,,34941,,,-23.5869465,-46.486898999999994,,,,2,2023-06-17T06:17:13+00:00
SAO_4313-10,São Paulo,3550308,True,,34941,,,-23.59454675,-46.425953,,,,2,2023-06-17T06:16:58+00:00
SAO_4313-10,São Paulo,3550308,True,,34941,,,-23.5506826875,-46.6071488125,,,,2,2023-06-17T06:16:48+00:00
SAO_4313-10,São Paulo,3550308,True,,34941,,,-23.583026,-46.408417,,,,2,2023-06-17T06:17:11+00:00
SAO_4313-10,São Paulo,3550308,True,,34941,,,-23.5411795,-46.577849,,,,2,2023-06-17T06:17:32+00:00
SAO_4313-10,São Paulo,3550308,True,,34941,,,-23.540989250000003,-46.5403125,,,,2,2023-06-17T06:17:04+00:00
SAO_4313-10,São Paulo,3550308,True,,34941,,,-23.5559965,-46.516941,,,,2,2023-06-17T06:17:22+00:00
SAO_4313-10,São Paulo,3550308,True,,34941,,,-23.594728,-46.443507,,,,2,2023-06-17T06:16:14+00:00
SAO_6084-10,São Paulo,3550308,True,,1169,,,-23.768638000000003,-46.715811,,,,1,2023-06-17T06:17:35+00:00
SAO_8700-10,São Paulo,3550308,True,,34645,,,-23.6308985,-46.773928,,,,2,2023-06-17T06:17:20+00:00
SAO_8700-10,São Paulo,3550308,True,,34645,,,-23.554876,-46.662072499999994,,,,2,2023-06-17T06:17:45+00:00
SAO_8700-10,São Paulo,3550308,True,,34645,,,-23.571602375,-46.696492875000004,,,,2,2023-06-17T06:17:04+00:00
SAO_172K-10,São Paulo,3550308,True,,33625,,,-23.517978874999997,-46.589335,,,,2,2023-06-17T06:17:16+00:00
SAO_172K-10,São Paulo,3550308,True,,33625,,,-23.457204500000003,-46.5953395,,,,2,2023-06-17T06:17:26+00:00
SAO_172K-10,São Paulo,3550308,True,,33625,,,-23.535459250000002,-46.600082,,,,2,2023-06-17T06:17:04+00:00
SAO_172K-10,São Paulo,3550308,True,,33625,,,-23.482828249999997,-46.590039000000004,,,,2,2023-06-17T06:17:04+00:00
SAO_6093-10,São Paulo,3550308,True,,34353,,,-23.7931755,-46.7289665,,,,2,2023-06-17T06:17:46+00:00
SAO_6093-10,São Paulo,3550308,True,,34353,,,-23.8364635,-46.720957999999996,,,,2,2023-06-17T06:17:23+00:00
SAO_5194-10,São Paulo,3550308,True,,33037,,,-23.67053675,-46.680758499999996,,,,2,2023-06-17T06:17:40+00:00
SAO_5194-10,São Paulo,3550308,True,,33037,,,-23.6893395,-46.662277,,,,2,2023-06-17T06:17:00+00:00
SAO_5194-10,São Paulo,3550308,True,,33037,,,-23.691022500000003,-46.675259,,,,2,2023-06-17T06:17:15+00:00
SAO_1772-10,São Paulo,3550308,True,,33403,,,-23.435150999999998,-46.581629,,,,2,2023-06-17T06:17:08+00:00
SAO_1772-10,São Paulo,3550308,True,,33403,,,-23.449779,-46.584633,,,,2,2023-06-17T06:17:18+00:00
SAO_4314-10,São Paulo,3550308,True,,2174,,,-23.5525885,-46.61154175,,,,1,2023-06-17T06:16:02+00:00
SAO_4314-10,São Paulo,3550308,True,,2174,,,-23.554719,-46.4840885,,,,1,2023-06-17T06:17:33+00:00
SAO_4314-10,São Paulo,3550308,True,,2174,,,-23.569671,-46.399933,,,,1,2023-06-17T06:17:28+00:00
SAO_208V-10,São Paulo,3550308,True,,32975,,,-23.5173865,-46.47583825,,,,2,2023-06-17T06:17:09+00:00
SAO_208V-10,São Paulo,3550308,True,,32975,,,-23.531755500000003,-46.55994225,,,,2,2023-06-17T06:16:26+00:00
SAO_208V-10,São Paulo,3550308,True,,32975,,,-23.518699499999997,-46.4755635,,,,2,2023-06-17T06:17:30+00:00
SAO_208V-10,São Paulo,3550308,True,,32975,,,-23.5182095,-46.475659,,,,2,2023-06-17T06:12:49+00:00
SAO_208V-10,São Paulo,3550308,True,,32975,,,-23.5476865,-46.6292585,,,,2,2023-06-17T06:17:24+00:00
SAO_208V-10,São Paulo,3550308,True,,32975,,,-23.518022000000002,-46.475695,,,,2,2023-06-17T06:17:10+00:00
SAO_208V-10,São Paulo,3550308,True,,32975,,,-23.517815499999998,-46.475735,,,,2,2023-06-17T06:15:15+00:00
SAO_208V-10,São Paulo,3550308,True,,32975,,,-23.513590999999998,-46.501145,,,,2,2023-06-17T06:17:16+00:00
SAO_208V-10,São Paulo,3550308,True,,32975,,,-23.518814499999998,-46.475541,,,,2,2023-06-17T06:17:23+00:00
SAO_208V-10,São Paulo,3550308,True,,32975,,,-23.539693375,-46.61031925,,,,2,2023-06-17T06:17:23+00:00
SAO_208V-10,São Paulo,3550308,True,,32975,,,-23.5476865,-46.6292585,,,,2,2023-06-17T06:17:16+00:00
SAO_208V-10,São Paulo,3550308,True,,32975,,,-23.5476865,-46.6292585,,,,2,2023-06-17T06:14:55+00:00
SAO_208V-10,São Paulo,3550308,True,,32975,,,-23.5476865,-46.6292585,,,,2,2023-06-17T06:17:05+00:00
SAO_208V-10,São Paulo,3550308,True,,32975,,,-23.5476865,-46.6292585,,,,2,2023-06-17T06:14:54+00:00
SAO_1024-10,São Paulo,3550308,True,,2302,,,-23.475511500000003,-46.696149000000005,,,,1,2023-06-17T06:17:03+00:00
SAO_1024-10,São Paulo,3550308,True,,2302,,,-23.461319000000003,-46.7094535,,,,1,2023-06-17T06:17:05+00:00
SAO_N505-11,São Paulo,3550308,True,,2379,,,-23.602688999999998,-46.660934749999996,,,,1,2023-06-17T06:17:25+00:00
SAO_N505-11,São Paulo,3550308,True,,2379,,,-23.603453000000002,-46.6026665,,,,1,2023-06-17T06:17:00+00:00
SAO_N505-11,São Paulo,3550308,True,,2379,,,-23.596854,-46.6794035,,,,1,2023-06-17T06:17:15+00:00
SAO_6093-10,São Paulo,3550308,True,,1585,,,-23.74271025,-46.70255975,,,,1,2023-06-17T06:17:15+00:00
SAO_6093-10,São Paulo,3550308,True,,1585,,,-23.814852124999998,-46.735271125000004,,,,1,2023-06-17T06:17:43+00:00
SAO_4709-10,São Paulo,3550308,True,,333,,,-23.650569,-46.614115999999996,,,,1,2023-06-17T06:17:17+00:00
SAO_4709-10,São Paulo,3550308,True,,333,,,-23.653377,-46.6069295,,,,1,2023-06-17T06:17:25+00:00
SAO_4709-10,São Paulo,3550308,True,,333,,,-23.646726,-46.610337,,,,1,2023-06-17T06:17:20+00:00
SAO_4709-10,São Paulo,3550308,True,,333,,,-23.653377,-46.6069295,,,,1,2023-06-17T06:17:08+00:00
SAO_509J-10,São Paulo,3550308,True,,33032,,,-23.580849999999998,-46.656758999999994,,,,2,2023-06-17T06:17:33+00:00
SAO_509J-10,São Paulo,3550308,True,,33032,,,-23.654308,-46.679919,,,,2,2023-06-17T06:17:02+00:00
SAO_509J-10,São Paulo,3550308,True,,33032,,,-23.678196,-46.66337,,,,2,2023-06-17T06:12:39+00:00
SAO_N235-11,São Paulo,3550308,True,,2324,,,-23.4679825,-46.650428,,,,1,2023-06-17T06:17:08+00:00
SAO_5110-10,São Paulo,3550308,True,,34977,,,-23.584956875000003,-46.58101225,,,,2,2023-06-17T06:17:08+00:00
SAO_5110-10,São Paulo,3550308,True,,34977,,,-23.6142385,-46.497279,,,,2,2023-06-17T06:16:29+00:00
SAO_5110-10,São Paulo,3550308,True,,34977,,,-23.5956655,-46.537614500000004,,,,2,2023-06-17T06:17:37+00:00
SAO_6076-10,São Paulo,3550308,True,,1165,,,-23.734243499999998,-46.676866000000004,,,,1,2023-06-17T06:17:35+00:00
SAO_1034-10,São Paulo,3550308,True,,35220,,,-23.4715515,-46.710006500000006,,,,2,2023-06-17T06:17:35+00:00
SAO_8544-10,São Paulo,3550308,True,,33198,,,-23.4386675,-46.748738,,,,2,2023-06-17T06:17:23+00:00
SAO_8544-10,São Paulo,3550308,True,,33198,,,-23.5063935,-46.705843,,,,2,2023-06-17T06:17:05+00:00
SAO_6084-10,São Paulo,3550308,True,,33937,,,-23.7812805,-46.67209375,,,,2,2023-06-17T06:17:19+00:00
SAO_6084-10,São Paulo,3550308,True,,33937,,,-23.7812805,-46.67209375,,,,2,2023-06-17T06:17:13+00:00
SAO_6084-10,São Paulo,3550308,True,,33937,,,-23.7812805,-46.67209375,,,,2,2023-06-17T06:17:08+00:00
SAO_6084-10,São Paulo,3550308,True,,33937,,,-23.7812805,-46.67209375,,,,2,2023-06-17T06:17:33+00:00
SAO_6084-10,São Paulo,3550308,True,,33937,,,-23.7812805,-46.67209375,,,,2,2023-06-17T06:17:04+00:00
SAO_6084-10,São Paulo,3550308,True,,33937,,,-23.7812805,-46.67209375,,,,2,2023-06-17T06:17:15+00:00
SAO_6084-10,São Paulo,3550308,True,,33937,,,-23.7685835,-46.698573999999994,,,,2,2023-06-17T06:17:45+00:00
SAO_6084-10,São Paulo,3550308,True,,33937,,,-23.7812805,-46.67209375,,,,2,2023-06-17T06:17:25+00:00
SAO_6084-10,São Paulo,3550308,True,,33937,,,-23.7812805,-46.67209375,,,,2,2023-06-17T06:17:20+00:00
SAO_6084-10,São Paulo,3550308,True,,33937,,,-23.7804115,-46.6731975,,,,2,2023-06-17T06:17:36+00:00
SAO_2059-10,São Paulo,3550308,True,,33028,,,-23.542049,-46.4118605,,,,2,2023-06-17T06:17:19+00:00
SAO_2059-10,São Paulo,3550308,True,,33028,,,-23.543284,-46.411506,,,,2,2023-06-17T06:17:15+00:00
SAO_1156-10,São Paulo,3550308,True,,33427,,,-23.524288,-46.602577,,,,2,2023-06-17T06:17:36+00:00
SAO_1156-10,São Paulo,3550308,True,,33427,,,-23.543156,-46.635720000000006,,,,2,2023-06-17T06:17:07+00:00
SAO_7004-10,São Paulo,3550308,True,,1992,,,-23.655556,-46.722323,,,,1,2023-06-17T06:17:17+00:00
SAO_7004-10,São Paulo,3550308,True,,1992,,,-23.731476999999998,-46.7859925,,,,1,2023-06-17T06:17:30+00:00
SAO_7004-10,São Paulo,3550308,True,,1992,,,-23.731476999999998,-46.7859925,,,,1,2023-06-17T06:17:06+00:00
SAO_7004-10,São Paulo,3550308,True,,1992,,,-23.7317975,-46.7861475,,,,1,2023-06-17T06:17:25+00:00
SAO_7004-10,São Paulo,3550308,True,,1992,,,-23.667333499999998,-46.7278095,,,,1,2023-06-17T06:17:26+00:00
SAO_7004-10,São Paulo,3550308,True,,1992,,,-23.732263,-46.786442,,,,1,2023-06-17T06:12:28+00:00
SAO_647A-10,São Paulo,3550308,True,,34083,,,-23.581545750000004,-46.684775125,,,,2,2023-06-17T06:17:16+00:00
SAO_647A-10,São Paulo,3550308,True,,34083,,,-23.6382175,-46.741111000000004,,,,2,2023-06-17T06:17:43+00:00
SAO_647A-10,São Paulo,3550308,True,,34083,,,-23.6817385,-46.7841475,,,,2,2023-06-17T06:17:39+00:00
SAO_1756-10,São Paulo,3550308,True,,33315,,,-23.4948245,-46.6275785,,,,2,2023-06-17T06:17:43+00:00
SAO_1756-10,São Paulo,3550308,True,,33315,,,-23.4536965,-46.64412,,,,2,2023-06-17T06:17:07+00:00
SAO_1896-10,São Paulo,3550308,True,,2520,,,-23.532265000000002,-46.662443749999994,,,,1,2023-06-17T06:17:13+00:00
SAO_1703-10,São Paulo,3550308,True,,847,,,-23.502621375000004,-46.615427499999996,,,,1,2023-06-17T06:17:30+00:00
SAO_342C-10,São Paulo,3550308,True,,1002,,,-23.5232615,-46.545676,,,,1,2023-06-17T06:17:43+00:00
SAO_5300-10,São Paulo,3550308,True,EMTU,354,https://moovitapp.com/index/pt-br/transporte_p%C3%BAblico-line-354-Sao_Paulo-242-2038937-36419437-0,7.55,-23.654195,-46.711744499999995,,,,1,2023-06-17T06:17:45+00:00
SAO_5300-10,São Paulo,3550308,True,EMTU,354,https://moovitapp.com/index/pt-br/transporte_p%C3%BAblico-line-354-Sao_Paulo-242-2038937-36419437-0,7.55,-23.654195,-46.711744499999995,,,,1,2023-06-17T06:17:39+00:00
SAO_5300-10,São Paulo,3550308,True,EMTU,354,https://moovitapp.com/index/pt-br/transporte_p%C3%BAblico-line-354-Sao_Paulo-242-2038937-36419437-0,7.55,-23.654195,-46.711744499999995,,,,1,2023-06-17T06:17:24+00:00
SAO_5300-10,São Paulo,3550308,True,EMTU,354,https://moovitapp.com/index/pt-br/transporte_p%C3%BAblico-line-354-Sao_Paulo-242-2038937-36419437-0,7.55,-23.654195,-46.711744499999995,,,,1,2023-06-17T06:17:36+00:00
SAO_5300-10,São Paulo,3550308,True,EMTU,354,https://moovitapp.com/index/pt-br/transporte_p%C3%BAblico-line-354-Sao_Paulo-242-2038937-36419437-0,7.55,-23.567439,-46.6404795,,,,1,2023-06-17T06:17:35+00:00
SAO_4018-10,São Paulo,3550308,True,,2191,,,-23.598681749999997,-46.46435325,,,,1,2023-06-17T06:17:05+00:00
SAO_2721-10,São Paulo,3550308,True,,33702,,,-23.5196375,-46.4094415,,,,2,2023-06-17T06:17:06+00:00
SAO_2721-10,São Paulo,3550308,True,,33702,,,-23.5391745,-46.4701685,,,,2,2023-06-17T06:17:15+00:00
SAO_2721-10,São Paulo,3550308,True,,33702,,,-23.514452,-46.402689499999994,,,,2,2023-06-17T06:17:03+00:00
SAO_2721-10,São Paulo,3550308,True,,33702,,,-23.494294,-46.4433315,,,,2,2023-06-17T06:17:32+00:00
SAO_709M-10,São Paulo,3550308,True,,2462,,,-23.566360500000002,-46.701766500000005,,,,1,2023-06-17T06:17:27+00:00
SAO_709M-10,São Paulo,3550308,True,,2462,,,-23.654158,-46.710677000000004,,,,1,2023-06-17T06:17:19+00:00
SAO_709M-10,São Paulo,3550308,True,,2462,,,-23.62459425,-46.694126,,,,1,2023-06-17T06:17:32+00:00
SAO_2766-10,São Paulo,3550308,True,,33173,,,-23.51768925,-46.388467500000004,,,,2,2023-06-17T06:17:25+00:00
SAO_2766-10,São Paulo,3550308,True,,33173,,,-23.5425775,-46.4719335,,,,2,2023-06-17T06:12:37+00:00
SAO_2766-10,São Paulo,3550308,True,,33173,,,-23.51798475,-46.3882325,,,,2,2023-06-17T06:17:18+00:00
SAO_2766-10,São Paulo,3550308,True,,33173,,,-23.51828025,-46.3879975,,,,2,2023-06-17T06:17:21+00:00
SAO_2766-10,São Paulo,3550308,True,,33173,,,-23.51768925,-46.388467500000004,,,,2,2023-06-17T06:15:31+00:00
SAO_2766-10,São Paulo,3550308,True,,33173,,,-23.51798475,-46.3882325,,,,2,2023-06-17T06:17:32+00:00
SAO_2707-10,São Paulo,3550308,True,,33687,,,-23.528416999999997,-46.40749,,,,2,2023-06-17T06:17:41+00:00
SAO_2707-10,São Paulo,3550308,True,,33687,,,-23.541079,-46.425704999999994,,,,2,2023-06-17T06:17:24+00:00
SAO_875C-1,São Paulo,3550308,True,,2510,,,-23.59849075,-46.63781375,,,,1,2023-06-17T06:17:29+00:00
SAO_875C-1,São Paulo,3550308,True,,2510,,,-23.52049,-46.6992895,,,,1,2023-06-17T06:17:18+00:00
SAO_875C-1,São Paulo,3550308,True,,2510,,,-23.59561325,-46.66757375,,,,1,2023-06-17T06:17:33+00:00
SAO_6035-10,São Paulo,3550308,True,,33981,,,-23.72247425,-46.75878575,,,,2,2023-06-17T06:17:35+00:00
SAO_6035-10,São Paulo,3550308,True,,33981,,,-23.667147,-46.726717,,,,2,2023-06-17T06:17:06+00:00
SAO_6035-10,São Paulo,3550308,True,,33981,,,-23.715452,-46.772685499999994,,,,2,2023-06-17T06:17:45+00:00
SAO_6035-10,São Paulo,3550308,True,,33981,,,-23.666391750000003,-46.719602374999994,,,,2,2023-06-17T06:17:21+00:00
SAO_6035-10,São Paulo,3550308,True,,33981,,,-23.7019605,-46.7823185,,,,2,2023-06-17T06:17:46+00:00
SAO_695T-10,São Paulo,3550308,True,,1322,,,-23.61276225,-46.6707505,,,,1,2023-06-17T06:17:32+00:00
SAO_695T-10,São Paulo,3550308,True,,1322,,,-23.654826,-46.761785,,,,1,2023-06-17T06:17:28+00:00
SAO_6063-41,São Paulo,3550308,True,,34541,,,-23.772157999999997,-46.710164500000005,,,,2,2023-06-17T06:17:30+00:00
SAO_6063-41,São Paulo,3550308,True,,34541,,,-23.787596999999998,-46.679432,,,,2,2023-06-17T06:17:28+00:00
SAO_6063-41,São Paulo,3550308,True,,34541,,,-23.7878735,-46.680537,,,,2,2023-06-17T06:17:36+00:00
SAO_6116-10,São Paulo,3550308,True,,33954,,,-23.75569,-46.657614,,,,2,2023-06-17T06:17:37+00:00
SAO_695X-22,São Paulo,3550308,True,,1621,,,-23.7675475,-46.716879000000006,,,,1,2023-06-17T06:11:58+00:00
SAO_695X-22,São Paulo,3550308,True,,1621,,,-23.766018,-46.717521999999995,,,,1,2023-06-17T06:17:34+00:00
SAO_695X-22,São Paulo,3550308,True,,1621,,,-23.666985500000003,-46.679812999999996,,,,1,2023-06-17T06:17:06+00:00
SAO_273G-10,São Paulo,3550308,True,EMTU,223,https://moovitapp.com/index/pt-br/transporte_p%C3%BAblico-line-223-Sao_Paulo-242-2038937-36419342-0,5.2,-23.48147025,-46.415574250000006,,,,1,2023-06-17T06:17:26+00:00
SAO_273G-10,São Paulo,3550308,True,EMTU,223,https://moovitapp.com/index/pt-br/transporte_p%C3%BAblico-line-223-Sao_Paulo-242-2038937-36419342-0,5.2,-23.512019000000002,-46.477110499999995,,,,1,2023-06-17T06:17:42+00:00
SAO_273G-10,São Paulo,3550308,True,EMTU,223,https://moovitapp.com/index/pt-br/transporte_p%C3%BAblico-line-223-Sao_Paulo-242-2038937-36419342-0,5.2,-23.52475475,-46.47498425,,,,1,2023-06-17T06:16:40+00:00
SAO_273G-10,São Paulo,3550308,True,EMTU,223,https://moovitapp.com/index/pt-br/transporte_p%C3%BAblico-line-223-Sao_Paulo-242-2038937-36419342-0,5.2,-23.520407000000002,-46.475762437499995,,,,1,2023-06-17T06:17:43+00:00
SAO_273G-10,São Paulo,3550308,True,EMTU,223,https://moovitapp.com/index/pt-br/transporte_p%C3%BAblico-line-223-Sao_Paulo-242-2038937-36419342-0,5.2,-23.4984065,-46.456347,,,,1,2023-06-17T06:17:41+00:00
SAO_273G-10,São Paulo,3550308,True,EMTU,223,https://moovitapp.com/index/pt-br/transporte_p%C3%BAblico-line-223-Sao_Paulo-242-2038937-36419342-0,5.2,-23.498266,-46.4572045,,,,1,2023-06-17T06:17:14+00:00
SAO_273G-10,São Paulo,3550308,True,EMTU,223,https://moovitapp.com/index/pt-br/transporte_p%C3%BAblico-line-223-Sao_Paulo-242-2038937-36419342-0,5.2,-23.49152025,-46.443892500000004,,,,1,2023-06-17T06:17:08+00:00
SAO_6835-10,São Paulo,3550308,True,,32780,,,-23.686773,-46.79724175,,,,2,2023-06-17T06:17:22+00:00
SAO_7004-10,São Paulo,3550308,True,,34760,,,-23.7317975,-46.7861475,,,,2,2023-06-17T06:17:31+00:00
SAO_7004-10,São Paulo,3550308,True,,34760,,,-23.7317975,-46.7861475,,,,2,2023-06-17T06:17:19+00:00
SAO_7004-10,São Paulo,3550308,True,,34760,,,-23.7317975,-46.7861475,,,,2,2023-06-17T06:14:40+00:00
SAO_7004-10,São Paulo,3550308,True,,34760,,,-23.731476999999998,-46.7859925,,,,2,2023-06-17T06:17:22+00:00
SAO_7004-10,São Paulo,3550308,True,,34760,,,-23.7317975,-46.7861475,,,,2,2023-06-17T06:17:26+00:00
SAO_7004-10,São Paulo,3550308,True,,34760,,,-23.7418915,-46.800889,,,,2,2023-06-17T06:17:22+00:00
SAO_7004-10,São Paulo,3550308,True,,34760,,,-23.7317975,-46.7861475,,,,2,2023-06-17T06:14:54+00:00
SAO_7004-10,São Paulo,3550308,True,,34760,,,-23.726959,-46.786388,,,,2,2023-06-17T06:17:25+00:00
SAO_7004-10,São Paulo,3550308,True,,34760,,,-23.655639,-46.722901,,,,2,2023-06-17T06:17:09+00:00
SAO_7004-10,São Paulo,3550308,True,,34760,,,-23.7304065,-46.785836,,,,2,2023-06-17T06:16:36+00:00
SAO_8705-10,São Paulo,3550308,True,,34840,,,-23.567825,-46.684808000000004,,,,2,2023-06-17T06:17:21+00:00
SAO_8705-10,São Paulo,3550308,True,,34840,,,-23.55565,-46.754791,,,,2,2023-06-17T06:17:11+00:00
SAO_3766-10,São Paulo,3550308,True,,33823,,,-23.5505685,-46.436458,,,,2,2023-06-17T06:17:13+00:00
SAO_3002-10,São Paulo,3550308,True,,1808,,,-23.510468,-46.378808,,,,1,2023-06-17T06:17:10+00:00
SAO_3002-10,São Paulo,3550308,True,,1808,,,-23.496955,-46.437329,,,,1,2023-06-17T06:17:37+00:00
SAO_3002-10,São Paulo,3550308,True,,1808,,,-23.513043500000002,-46.379485,,,,1,2023-06-17T06:16:18+00:00
SAO_1782-10,São Paulo,3550308,True,,643,,,-23.4524605,-46.571134,,,,1,2023-06-17T06:13:06+00:00
SAO_3737-31,São Paulo,3550308,True,,1354,,,-23.535318,-46.50708375000001,,,,1,2023-06-17T06:17:36+00:00
SAO_8006-10,São Paulo,3550308,True,,34024,,,-23.438688499999998,-46.7299725,,,,2,2023-06-17T06:17:29+00:00
SAO_6006-10,São Paulo,3550308,True,,32943,,,-23.6798395,-46.753861,,,,2,2023-06-17T06:17:35+00:00
SAO_6006-10,São Paulo,3550308,True,,32943,,,-23.667081,-46.725983,,,,2,2023-06-17T06:17:41+00:00
SAO_6006-10,São Paulo,3550308,True,,32943,,,-23.6857275,-46.7528545,,,,2,2023-06-17T06:17:31+00:00
SAO_6006-10,São Paulo,3550308,True,,32943,,,-23.6857275,-46.7528545,,,,2,2023-06-17T06:17:44+00:00
SAO_6006-10,São Paulo,3550308,True,,32943,,,-23.678769250000002,-46.75421625,,,,2,2023-06-17T06:17:15+00:00
SAO_N206-11,São Paulo,3550308,True,,35084,,,-23.52315175,-46.66931,,,,2,2023-06-17T06:17:00+00:00
SAO_N206-11,São Paulo,3550308,True,,35084,,,-23.5473125,-46.690042500000004,,,,2,2023-06-17T06:17:31+00:00
SAO_373L-10,São Paulo,3550308,True,,1027,,,-23.622524249999998,-46.417644499999994,,,,1,2023-06-17T06:17:20+00:00
SAO_373L-10,São Paulo,3550308,True,,1027,,,-23.594592,-46.443457,,,,1,2023-06-17T06:17:14+00:00
SAO_N101-11,São Paulo,3550308,True,,2282,,,-23.52321775,-46.654750500000006,,,,1,2023-06-17T06:17:37+00:00
SAO_2033-10,São Paulo,3550308,True,,2499,,,-23.517665,-46.589251875,,,,1,2023-06-17T06:17:28+00:00
SAO_874T-10,São Paulo,3550308,True,EMTU,307,https://moovitapp.com/index/pt-br/transporte_p%C3%BAblico-line-307-Sao_Paulo-242-2038937-36419399-0,5.2,-23.563840499999998,-46.620943499999996,,,,1,2023-06-17T06:17:06+00:00
SAO_874T-10,São Paulo,3550308,True,EMTU,307,https://moovitapp.com/index/pt-br/transporte_p%C3%BAblico-line-307-Sao_Paulo-242-2038937-36419399-0,5.2,-23.530297,-46.676334999999995,,,,1,2023-06-17T06:17:35+00:00
SAO_7545-10,São Paulo,3550308,True,,33272,,,-23.582510499999998,-46.7333165,,,,2,2023-06-17T06:17:30+00:00
SAO_7545-10,São Paulo,3550308,True,,33272,,,-23.54915125,-46.65274375,,,,2,2023-06-17T06:17:46+00:00
SAO_7545-10,São Paulo,3550308,True,,33272,,,-23.567825,-46.684808000000004,,,,2,2023-06-17T06:17:34+00:00
SAO_7545-10,São Paulo,3550308,True,,33272,,,-23.570569499999998,-46.690006999999994,,,,2,2023-06-17T06:17:40+00:00
SAO_7545-10,São Paulo,3550308,True,,33272,,,-23.6016895,-46.791908,,,,2,2023-06-17T06:17:23+00:00
SAO_3734-10,São Paulo,3550308,True,,1034,,,-23.552791499999998,-46.473403000000005,,,,1,2023-06-17T06:17:12+00:00
SAO_3734-10,São Paulo,3550308,True,,1034,,,-23.5414835,-46.4843695,,,,1,2023-06-17T06:17:31+00:00
SAO_6200-10,São Paulo,3550308,True,,33123,,,-23.560475500000003,-46.6552375,,,,2,2023-06-17T06:17:34+00:00
SAO_6200-10,São Paulo,3550308,True,,33123,,,-23.61633925,-46.701590249999995,,,,2,2023-06-17T06:17:12+00:00
SAO_714C-10,São Paulo,3550308,True,,33255,,,-23.585233,-46.762568,,,,2,2023-06-17T06:17:23+00:00
SAO_714C-10,São Paulo,3550308,True,,33255,,,-23.5999665,-46.7844135,,,,2,2023-06-17T06:17:07+00:00
SAO_714C-10,São Paulo,3550308,True,,33255,,,-23.5550435,-46.662276500000004,,,,2,2023-06-17T06:17:21+00:00
SAO_8015-10,São Paulo,3550308,True,,34113,,,-23.389955999999998,-46.734941,,,,2,2023-06-17T06:17:31+00:00
SAO_8015-10,São Paulo,3550308,True,,34113,,,-23.486662000000003,-46.726361,,,,2,2023-06-17T06:17:25+00:00
SAO_118C-10,São Paulo,3550308,True,,519,,,-23.458520999999998,-46.667616499999994,,,,1,2023-06-17T06:17:30+00:00
SAO_118C-10,São Paulo,3550308,True,,519,,,-23.464143749999998,-46.66763475,,,,1,2023-06-17T06:17:36+00:00
SAO_118C-10,São Paulo,3550308,True,,519,,,-23.502481,-46.6248825,,,,1,2023-06-17T06:17:06+00:00
SAO_971C-10,São Paulo,3550308,True,,33339,,,-23.473833999999997,-46.669099,,,,2,2023-06-17T06:17:42+00:00
SAO_971C-10,São Paulo,3550308,True,,33339,,,-23.5033115,-46.633611,,,,2,2023-06-17T06:17:41+00:00
SAO_971C-10,São Paulo,3550308,True,,33339,,,-23.445814,-46.7120545,,,,2,2023-06-17T06:17:20+00:00
SAO_5030-10,São Paulo,3550308,True,,34437,,,-23.626294,-46.60661575,,,,2,2023-06-17T06:17:32+00:00
SAO_9008-10,São Paulo,3550308,True,,33643,,,-23.427475,-46.7146125,,,,2,2023-06-17T06:17:15+00:00
SAO_9008-10,São Paulo,3550308,True,,33643,,,-23.45859375,-46.690078375,,,,2,2023-06-17T06:17:03+00:00
SAO_N603-11,São Paulo,3550308,True,,2394,,,-23.56555875,-46.7010795,,,,1,2023-06-17T06:17:15+00:00
SAO_N603-11,São Paulo,3550308,True,,2394,,,-23.6659575,-46.656566999999995,,,,1,2023-06-17T06:17:14+00:00
SAO_3746-10,São Paulo,3550308,True,,33051,,,-23.542912,-46.588283000000004,,,,2,2023-06-17T06:17:11+00:00
SAO_3746-10,São Paulo,3550308,True,,33051,,,-23.542912,-46.588283000000004,,,,2,2023-06-17T06:12:31+00:00
SAO_3746-10,São Paulo,3550308,True,,33051,,,-23.557987875000002,-46.569276,,,,2,2023-06-17T06:17:39+00:00
SAO_3746-10,São Paulo,3550308,True,,33051,,,-23.542912,-46.588283000000004,,,,2,2023-06-17T06:17:21+00:00
SAO_3746-10,São Paulo,3550308,True,,33051,,,-23.542912,-46.588283000000004,,,,2,2023-06-17T06:17:03+00:00
SAO_6073-10,São Paulo,3550308,True,,33928,,,-23.853313,-46.6956225,,,,2,2023-06-17T06:17:03+00:00
SAO_6073-10,São Paulo,3550308,True,,33928,,,-23.79863,-46.730983,,,,2,2023-06-17T06:17:25+00:00
SAO_6073-10,São Paulo,3550308,True,,33928,,,-23.853313,-46.6956225,,,,2,2023-06-17T06:17:39+00:00
SAO_6073-10,São Paulo,3550308,True,,33928,,,-23.853313,-46.6956225,,,,2,2023-06-17T06:17:26+00:00
SAO_6073-10,São Paulo,3550308,True,,33928,,,-23.853313,-46.6956225,,,,2,2023-06-17T06:17:28+00:00
SAO_6073-10,São Paulo,3550308,True,,33928,,,-23.853313,-46.6956225,,,,2,2023-06-17T06:17:17+00:00
SAO_3134-10,São Paulo,3550308,True,,33761,,,-23.5632475,-46.505516,,,,2,2023-06-17T06:17:20+00:00
SAO_3134-10,São Paulo,3550308,True,,33761,,,-23.563519,-46.5054075,,,,2,2023-06-17T06:17:20+00:00
SAO_3134-10,São Paulo,3550308,True,,33761,,,-23.57339175,-46.55935425,,,,2,2023-06-17T06:17:01+00:00
SAO_675K-10,São Paulo,3550308,True,,32966,,,-23.66945775,-46.736089750000005,,,,2,2023-06-17T06:17:26+00:00
SAO_675K-10,São Paulo,3550308,True,,32966,,,-23.632997500000002,-46.6898645,,,,2,2023-06-17T06:17:12+00:00
SAO_675K-10,São Paulo,3550308,True,,32966,,,-23.60508725,-46.6637195,,,,2,2023-06-17T06:17:40+00:00
SAO_675K-10,São Paulo,3550308,True,,32966,,,-23.677001500000003,-46.758407,,,,2,2023-06-17T06:17:39+00:00
SAO_675K-10,São Paulo,3550308,True,,32966,,,-23.689751,-46.773829500000005,,,,2,2023-06-17T06:17:43+00:00
SAO_675K-10,São Paulo,3550308,True,,32966,,,-23.688845375,-46.77301675,,,,2,2023-06-17T06:17:34+00:00
SAO_5025-10,São Paulo,3550308,True,,1564,,,-23.6032955,-46.5422345,,,,1,2023-06-17T06:17:07+00:00
SAO_5025-10,São Paulo,3550308,True,,1564,,,-23.609332000000002,-46.541878999999994,,,,1,2023-06-17T06:17:11+00:00
SAO_1012-10,São Paulo,3550308,True,,2486,,,-23.4375765,-46.806064,,,,1,2023-06-17T06:17:00+00:00
SAO_7021-10,São Paulo,3550308,True,,34757,,,-23.6459005,-46.730048,,,,2,2023-06-17T06:17:26+00:00
SAO_3021-10,São Paulo,3550308,True,STT,276,https://moovitapp.com/index/pt-br/transporte_p%C3%BAblico-line-276-Sao_Paulo-242-850661-183276-0,5.3,-23.597398,-46.5229465,,,,1,2023-06-17T06:17:18+00:00
SAO_1017-10,São Paulo,3550308,True,,2141,,,-23.4141015,-46.750579,,,,1,2023-06-17T06:17:28+00:00
SAO_1017-10,São Paulo,3550308,True,,2141,,,-23.4113175,-46.752255500000004,,,,1,2023-06-17T06:17:05+00:00
SAO_1017-10,São Paulo,3550308,True,,2141,,,-23.481410500000003,-46.713618,,,,1,2023-06-17T06:17:34+00:00
SAO_5034-31,São Paulo,3550308,True,,1664,,,-23.606983,-46.5992995,,,,1,2023-06-17T06:17:18+00:00
SAO_5370-10,São Paulo,3550308,True,,1442,,,-23.7673145,-46.7161625,,,,1,2023-06-17T06:17:02+00:00
SAO_5370-10,São Paulo,3550308,True,,1442,,,-23.7673145,-46.7161625,,,,1,2023-06-17T06:17:12+00:00
SAO_5370-10,São Paulo,3550308,True,,1442,,,-23.611075999999997,-46.669148,,,,1,2023-06-17T06:17:33+00:00
SAO_2714-10,São Paulo,3550308,True,,33695,,,-23.531503,-46.5289355,,,,2,2023-06-17T06:17:43+00:00
SAO_2714-10,São Paulo,3550308,True,,33695,,,-23.5313415,-46.529821,,,,2,2023-06-17T06:17:32+00:00
SAO_3141-10,São Paulo,3550308,True,,33502,,,-23.598658,-46.519202750000005,,,,2,2023-06-17T06:17:11+00:00
SAO_1023-10,São Paulo,3550308,True,,35327,,,-23.487007,-46.726683,,,,2,2023-06-17T06:17:37+00:00
SAO_N703-11,São Paulo,3550308,True,,2408,,,-23.6677405,-46.73030275,,,,1,2023-06-17T06:17:35+00:00
SAO_311C-10,São Paulo,3550308,True,EMTU,309,https://moovitapp.com/index/pt-br/transporte_p%C3%BAblico-line-309-Sao_Paulo-242-2038937-36419401-0,7.5,-23.534547250000003,-46.624238875,,,,1,2023-06-17T06:17:36+00:00
SAO_2031-10,São Paulo,3550308,True,,33135,,,-23.495269,-46.404499,,,,2,2023-06-17T06:17:37+00:00
SAO_2031-10,São Paulo,3550308,True,,33135,,,-23.5136495,-46.444970125,,,,2,2023-06-17T06:17:17+00:00
SAO_938V-10,São Paulo,3550308,True,,33581,,,-23.5251395,-46.682548499999996,,,,2,2023-06-17T06:17:30+00:00
SAO_938V-10,São Paulo,3550308,True,,33581,,,-23.515559500000002,-46.6907665,,,,2,2023-06-17T06:17:17+00:00
SAO_2756-10,São Paulo,3550308,True,EMTU,238,https://moovitapp.com/index/pt-br/transporte_p%C3%BAblico-line-238-Sao_Paulo-242-2038937-36419351-0,4.85,-23.539355,-46.4081905,,,,1,2023-06-17T06:17:09+00:00
SAO_2756-10,São Paulo,3550308,True,EMTU,238,https://moovitapp.com/index/pt-br/transporte_p%C3%BAblico-line-238-Sao_Paulo-242-2038937-36419351-0,4.85,-23.511577,-46.44304174999999,,,,1,2023-06-17T06:17:39+00:00
SAO_2756-10,São Paulo,3550308,True,EMTU,238,https://moovitapp.com/index/pt-br/transporte_p%C3%BAblico-line-238-Sao_Paulo-242-2038937-36419351-0,4.85,-23.529382,-46.50029325,,,,1,2023-06-17T06:12:39+00:00
SAO_2756-10,São Paulo,3550308,True,EMTU,238,https://moovitapp.com/index/pt-br/transporte_p%C3%BAblico-line-238-Sao_Paulo-242-2038937-36419351-0,4.85,-23.52906,-46.500085750000004,,,,1,2023-06-17T06:17:10+00:00
SAO_2756-10,São Paulo,3550308,True,EMTU,238,https://moovitapp.com/index/pt-br/transporte_p%C3%BAblico-line-238-Sao_Paulo-242-2038937-36419351-0,4.85,-23.5415635,-46.412994499999996,,,,1,2023-06-17T06:17:33+00:00
SAO_573A-10,São Paulo,3550308,True,,34405,,,-23.598962,-46.5762,,,,2,2023-06-17T06:17:43+00:00
SAO_573A-10,São Paulo,3550308,True,,34405,,,-23.58658225,-46.58115075,,,,2,2023-06-17T06:17:30+00:00
SAO_5759-31,São Paulo,3550308,True,,1139,,,-23.6346865,-46.641058,,,,1,2023-06-17T06:17:37+00:00
SAO_5759-31,São Paulo,3550308,True,,1139,,,-23.686301,-46.640037500000005,,,,1,2023-06-17T06:17:37+00:00
SAO_4016-10,São Paulo,3550308,True,,2189,,,-23.613115999999998,-46.476499,,,,1,2023-06-17T06:17:34+00:00
SAO_209P-10,São Paulo,3550308,True,,34984,,,-23.4887675,-46.6837815,,,,2,2023-06-17T06:17:10+00:00
SAO_209P-10,São Paulo,3550308,True,,34984,,,-23.522653124999998,-46.66886675000001,,,,2,2023-06-17T06:17:28+00:00
SAO_209P-10,São Paulo,3550308,True,,34984,,,-23.518248,-46.6779945,,,,2,2023-06-17T06:17:21+00:00
SAO_209P-10,São Paulo,3550308,True,,34984,,,-23.47223525,-46.670243,,,,2,2023-06-17T06:17:31+00:00
SAO_209P-10,São Paulo,3550308,True,,34984,,,-23.5300765,-46.677189999999996,,,,2,2023-06-17T06:17:11+00:00
SAO_9090-10,São Paulo,3550308,True,,884,,,-23.489701500000002,-46.673264,,,,1,2023-06-17T06:17:00+00:00
SAO_3139-10,São Paulo,3550308,True,,33763,,,-23.556037625000002,-46.575433625,,,,2,2023-06-17T06:17:10+00:00
SAO_8528-10,São Paulo,3550308,True,,575,,,-23.5251545,-46.665617999999995,,,,1,2023-06-17T06:17:08+00:00
SAO_8528-10,São Paulo,3550308,True,,575,,,-23.461664499999998,-46.691688,,,,1,2023-06-17T06:16:58+00:00
SAO_1743-10,São Paulo,3550308,True,,33311,,,-23.51405075,-46.62495075,,,,2,2023-06-17T06:17:29+00:00
SAO_4721-10,São Paulo,3550308,True,,33105,,,-23.6470815,-46.639527,,,,2,2023-06-17T06:17:36+00:00
SAO_475M-10,São Paulo,3550308,True,,33111,,,-23.58439,-46.622612000000004,,,,2,2023-06-17T06:17:41+00:00
SAO_978T-10,São Paulo,3550308,True,,33657,,,-23.471645000000002,-46.6917515,,,,2,2023-06-17T06:17:15+00:00
SAO_978T-10,São Paulo,3550308,True,,33657,,,-23.522759875000002,-46.6924104375,,,,2,2023-06-17T06:17:22+00:00
SAO_978T-10,São Paulo,3550308,True,,33657,,,-23.461648500000003,-46.689477499999995,,,,2,2023-06-17T06:17:26+00:00
SAO_971R-10,São Paulo,3550308,True,,33382,,,-23.4337045,-46.727669500000005,,,,2,2023-06-17T06:17:06+00:00
SAO_971R-10,São Paulo,3550308,True,,33382,,,-23.473861499999998,-46.667732,,,,2,2023-06-17T06:17:39+00:00
SAO_971R-10,São Paulo,3550308,True,,33382,,,-23.489081,-46.651231499999994,,,,2,2023-06-17T06:16:56+00:00
SAO_971R-10,São Paulo,3550308,True,,33382,,,-23.462843499999998,-46.683111499999995,,,,2,2023-06-17T06:17:30+00:00
SAO_6812-10,São Paulo,3550308,True,,34010,,,-23.715461249999997,-46.78284625,,,,2,2023-06-17T06:17:07+00:00
SAO_6812-10,São Paulo,3550308,True,,34010,,,-23.667442,-46.729826,,,,2,2023-06-17T06:17:19+00:00
SAO_2718-10,São Paulo,3550308,True,,33699,,,-23.49364825,-46.501052,,,,2,2023-06-17T06:17:38+00:00
SAO_2718-10,São Paulo,3550308,True,,33699,,,-23.509392499999997,-46.546787125,,,,2,2023-06-17T06:17:06+00:00
SAO_PAEC-10,São Paulo,3550308,True,,1422,,,-23.502436,-46.624016499999996,,,,1,2023-06-17T06:14:16+00:00
SAO_2705-10,São Paulo,3550308,True,,917,,,-23.532455,-46.4477235,,,,1,2023-06-17T06:17:08+00:00
SAO_5164-21,São Paulo,3550308,True,,1616,,,-23.6461105,-46.6469465,,,,1,2023-06-17T06:16:11+00:00
SAO_5164-21,São Paulo,3550308,True,,1616,,,-23.646586749999997,-46.645936000000006,,,,1,2023-06-17T06:17:12+00:00
SAO_5164-21,São Paulo,3550308,True,,1616,,,-23.646229499999997,-46.646701500000006,,,,1,2023-06-17T06:17:40+00:00
SAO_5164-21,São Paulo,3550308,True,,1616,,,-23.646586749999997,-46.645936000000006,,,,1,2023-06-17T06:13:51+00:00
SAO_5164-21,São Paulo,3550308,True,,1616,,,-23.6464495,-46.646234750000005,,,,1,2023-06-17T06:14:28+00:00
SAO_5164-21,São Paulo,3550308,True,,1616,,,-23.646229499999997,-46.646701500000006,,,,1,2023-06-17T06:17:41+00:00
SAO_3006-10,São Paulo,3550308,True,,34633,,,-23.5477585,-46.39354,,,,2,2023-06-17T06:17:34+00:00
SAO_675R-10,São Paulo,3550308,True,,32877,,,-23.68033875,-46.687428000000004,,,,2,2023-06-17T06:17:19+00:00
SAO_637A-22,São Paulo,3550308,True,,34370,,,-23.689751,-46.773829500000005,,,,2,2023-06-17T06:17:14+00:00
SAO_637A-22,São Paulo,3550308,True,,34370,,,-23.6886205,-46.77281625,,,,2,2023-06-17T06:15:24+00:00
SAO_856R-10,São Paulo,3550308,True,,34196,,,-23.523056500000003,-46.68789162499999,,,,2,2023-06-17T06:17:19+00:00
SAO_856R-10,São Paulo,3550308,True,,34196,,,-23.5224215,-46.697696,,,,2,2023-06-17T06:17:05+00:00
SAO_856R-10,São Paulo,3550308,True,,34196,,,-23.5599135,-46.681409,,,,2,2023-06-17T06:17:26+00:00
SAO_856R-10,São Paulo,3550308,True,,34196,,,-23.6700445,-46.719167999999996,,,,2,2023-06-17T06:17:28+00:00
SAO_637G-10,São Paulo,3550308,True,EMTU,101,https://moovitapp.com/index/pt-br/transporte_p%C3%BAblico-line-101-Sao_Paulo-242-2038937-36419264-0,4.8,-23.60817925,-46.676443250000005,,,,1,2023-06-17T06:17:34+00:00
SAO_2722-10,São Paulo,3550308,True,,33703,,,-23.490853,-46.490219499999995,,,,2,2023-06-17T06:17:37+00:00
SAO_2722-10,São Paulo,3550308,True,,33703,,,-23.515898,-46.505359999999996,,,,2,2023-06-17T06:17:12+00:00
SAO_6055-10,São Paulo,3550308,True,,33914,,,-23.7575345,-46.706884,,,,2,2023-06-17T06:17:44+00:00
SAO_2720-10,São Paulo,3550308,True,,33701,,,-23.490661250000002,-46.470853500000004,,,,2,2023-06-17T06:16:53+00:00
SAO_2720-10,São Paulo,3550308,True,,33701,,,-23.5231385,-46.5208425,,,,2,2023-06-17T06:17:43+00:00
SAO_2720-10,São Paulo,3550308,True,,33701,,,-23.490661250000002,-46.470853500000004,,,,2,2023-06-17T06:17:13+00:00
SAO_5128-10,São Paulo,3550308,True,,33896,,,-23.701849000000003,-46.63941,,,,2,2023-06-17T06:17:15+00:00
SAO_5128-10,São Paulo,3550308,True,,33896,,,-23.6876035,-46.6398115,,,,2,2023-06-17T06:16:29+00:00
SAO_5128-10,São Paulo,3550308,True,,33896,,,-23.640358999999997,-46.641429,,,,2,2023-06-17T06:17:28+00:00
SAO_695H-10,São Paulo,3550308,True,,33964,,,-23.763467,-46.7162275,,,,2,2023-06-17T06:17:04+00:00
SAO_695H-10,São Paulo,3550308,True,,33964,,,-23.663516,-46.691624000000004,,,,2,2023-06-17T06:17:21+00:00
SAO_675X-10,São Paulo,3550308,True,,32879,,,-23.735022999999998,-46.6957585,,,,2,2023-06-17T06:16:52+00:00
SAO_675X-10,São Paulo,3550308,True,,32879,,,-23.7375585,-46.69749,,,,2,2023-06-17T06:17:37+00:00
SAO_675X-10,São Paulo,3550308,True,,32879,,,-23.735965,-46.696236999999996,,,,2,2023-06-17T06:17:44+00:00
SAO_675X-10,São Paulo,3550308,True,,32879,,,-23.716303,-46.6992665,,,,2,2023-06-17T06:17:41+00:00
SAO_3031-10,São Paulo,3550308,True,,967,,,-23.5423435,-46.4704945,,,,1,2023-06-17T06:17:10+00:00
SAO_3031-10,São Paulo,3550308,True,,967,,,-23.611216499999998,-46.444525,,,,1,2023-06-17T06:17:06+00:00
SAO_8004-10,São Paulo,3550308,True,,34022,,,-23.470457,-46.751476499999995,,,,2,2023-06-17T06:17:10+00:00
SAO_8004-10,São Paulo,3550308,True,,34022,,,-23.5203215,-46.700824999999995,,,,2,2023-06-17T06:17:21+00:00
SAO_8004-10,São Paulo,3550308,False,,34022,,,-23.470457,-46.751476499999995,,,,2,2023-06-17T06:17:27+00:00
SAO_8004-10,São Paulo,3550308,True,,34022,,,-23.50320525,-46.74685325,,,,2,2023-06-17T06:17:10+00:00
SAO_N133-11,São Paulo,3550308,True,,2289,,,-23.441454,-46.745452,,,,1,2023-06-17T06:17:06+00:00
SAO_2769-10,São Paulo,3550308,True,,397,,,-23.48283125,-46.4321875,,,,1,2023-06-17T06:17:18+00:00
SAO_2769-10,São Paulo,3550308,True,,397,,,-23.5113575,-46.5101885,,,,1,2023-06-17T06:17:35+00:00
SAO_6804-10,São Paulo,3550308,True,BR7 Mobilidade,30,https://moovitapp.com/index/pt-br/transporte_p%C3%BAblico-line-30-Sao_Paulo-242-851856-500112-0,5.75,-23.641655,-46.743613499999995,,,,1,2023-06-17T06:17:29+00:00
SAO_7006-10,São Paulo,3550308,True,,34763,,,-23.727594,-46.786348000000004,,,,2,2023-06-17T06:17:21+00:00
SAO_7006-10,São Paulo,3550308,True,,34763,,,-23.749927,-46.779172,,,,2,2023-06-17T06:17:15+00:00
SAO_7006-10,São Paulo,3550308,True,,34763,,,-23.750601,-46.777545,,,,2,2023-06-17T06:17:24+00:00
SAO_8029-10,São Paulo,3550308,True,,2540,,,-23.5972845,-46.72000800000001,,,,1,2023-06-17T06:17:14+00:00
SAO_372U-10,São Paulo,3550308,True,,33784,,,-23.561736500000002,-46.56283375,,,,2,2023-06-17T06:16:53+00:00
SAO_809U-21,São Paulo,3550308,True,,2307,,,-23.5264775,-46.666681,,,,1,2023-06-17T06:17:01+00:00
SAO_809U-21,São Paulo,3550308,True,,2307,,,-23.5444155,-46.690841000000006,,,,1,2023-06-17T06:17:21+00:00
SAO_9011-10,São Paulo,3550308,True,,33646,,,-23.4415015,-46.7334205,,,,2,2023-06-17T06:17:13+00:00
SAO_9011-10,São Paulo,3550308,True,,33646,,,-23.47494,-46.67014399999999,,,,2,2023-06-17T06:17:22+00:00
SAO_9011-10,São Paulo,3550308,True,,33646,,,-23.449012,-46.727634,,,,2,2023-06-17T06:17:23+00:00
SAO_9011-10,São Paulo,3550308,True,,33646,,,-23.473441,-46.66831725,,,,2,2023-06-17T06:17:01+00:00
SAO_9011-10,São Paulo,3550308,True,,33646,,,-23.47494,-46.67014399999999,,,,2,2023-06-17T06:17:31+00:00
SAO_9011-10,São Paulo,3550308,True,,33646,,,-23.47494,-46.67014399999999,,,,2,2023-06-17T06:17:23+00:00
SAO_677Y-10,São Paulo,3550308,True,,34008,,,-23.661,-46.7783035,,,,2,2023-06-17T06:17:13+00:00
SAO_677Y-10,São Paulo,3550308,True,,34008,,,-23.6302025,-46.717166,,,,2,2023-06-17T06:17:30+00:00
SAO_6000-10,São Paulo,3550308,True,,1140,,,-23.701241625,-46.714988749999996,,,,1,2023-06-17T06:17:16+00:00
SAO_6000-10,São Paulo,3550308,True,,1140,,,-23.8274105,-46.7273075,,,,1,2023-06-17T06:17:08+00:00
SAO_6000-10,São Paulo,3550308,True,,1140,,,-23.791151499999998,-46.727039500000004,,,,1,2023-06-17T06:15:23+00:00
SAO_354M-10,São Paulo,3550308,True,,34387,,,-23.596783,-46.44367724999999,,,,2,2023-06-17T06:17:33+00:00
SAO_354M-10,São Paulo,3550308,True,,34387,,,-23.494543999999998,-46.438418999999996,,,,2,2023-06-17T06:17:33+00:00
SAO_6031-10,São Paulo,3550308,True,,32860,,,-23.7460435,-46.699434999999994,,,,2,2023-06-17T06:17:32+00:00
SAO_507T-10,São Paulo,3550308,True,,2208,,,-23.542620499999998,-46.5481845,,,,1,2023-06-17T06:17:16+00:00
SAO_2721-10,São Paulo,3550308,True,,934,,,-23.49890225,-46.41124925,,,,1,2023-06-17T06:17:06+00:00
SAO_2721-10,São Paulo,3550308,True,,934,,,-23.493424500000003,-46.441241000000005,,,,1,2023-06-17T06:17:06+00:00
SAO_2721-10,São Paulo,3550308,True,,934,,,-23.5420765,-46.4728415,,,,1,2023-06-17T06:17:41+00:00
SAO_4735-10,São Paulo,3550308,True,,33878,,,-23.6186375,-46.472599,,,,2,2023-06-17T06:17:18+00:00
SAO_675L-10,São Paulo,3550308,True,,34246,,,-23.598484,-46.636875,,,,2,2023-06-17T06:17:31+00:00
SAO_675L-10,São Paulo,3550308,True,,34246,,,-23.638472875,-46.69510575,,,,2,2023-06-17T06:17:13+00:00
SAO_6008-10,São Paulo,3550308,True,,1200,,,-23.665875,-46.7128965,,,,1,2023-06-17T06:17:45+00:00
SAO_6008-10,São Paulo,3550308,True,,1200,,,-23.6878135,-46.7634895,,,,1,2023-06-17T06:17:46+00:00
SAO_199D-10,São Paulo,3550308,True,,34903,,,-23.485733,-46.711057999999994,,,,2,2023-06-17T06:17:36+00:00
SAO_199D-10,São Paulo,3550308,True,,34903,,,-23.534293499999997,-46.6978125,,,,2,2023-06-17T06:17:11+00:00
SAO_3751-10,São Paulo,3550308,True,,1047,,,-23.552427,-46.4249925,,,,1,2023-06-17T06:17:33+00:00
SAO_3751-10,São Paulo,3550308,True,,1047,,,-23.569356,-46.4108985,,,,1,2023-06-17T06:17:27+00:00
SAO_3751-10,São Paulo,3550308,True,,1047,,,-23.542543000000002,-46.466623999999996,,,,1,2023-06-17T06:17:40+00:00
SAO_5106-31,São Paulo,3550308,True,,1305,,,-23.6932985,-46.65791,,,,1,2023-06-17T06:16:24+00:00
SAO_5106-31,São Paulo,3550308,True,,1305,,,-23.60734225,-46.64085925,,,,1,2023-06-17T06:17:13+00:00
SAO_N534-11,São Paulo,3550308,True,,2386,,,-23.6070555,-46.595108,,,,1,2023-06-17T06:17:41+00:00
SAO_637A-10,São Paulo,3550308,True,,185,,,-23.5857445,-46.688405,,,,1,2023-06-17T06:17:11+00:00
SAO_637A-10,São Paulo,3550308,True,,185,,,-23.667369,-46.728165,,,,1,2023-06-17T06:17:35+00:00
SAO_637A-10,São Paulo,3550308,True,,185,,,-23.586568999999997,-46.689713,,,,1,2023-06-17T06:17:31+00:00
SAO_3712-10,São Paulo,3550308,True,,33777,,,-23.55296125,-46.42555625,,,,2,2023-06-17T06:17:46+00:00
SAO_3712-10,São Paulo,3550308,True,,33777,,,-23.5429995,-46.470884999999996,,,,2,2023-06-17T06:17:25+00:00
SAO_5317-10,São Paulo,3550308,True,,32837,,,-23.67630825,-46.698348375,,,,2,2023-06-17T06:17:36+00:00
SAO_5317-10,São Paulo,3550308,True,,32837,,,-23.726286,-46.6859945,,,,2,2023-06-17T06:17:24+00:00
SAO_2711-10,São Paulo,3550308,True,,33693,,,-23.522488875,-46.4976295,,,,2,2023-06-17T06:17:40+00:00
SAO_2711-10,São Paulo,3550308,True,,33693,,,-23.514456000000003,-46.48103125,,,,2,2023-06-17T06:17:43+00:00
SAO_476G-10,São Paulo,3550308,True,,33879,,,-23.581905,-46.592634000000004,,,,2,2023-06-17T06:16:10+00:00
SAO_707K-10,São Paulo,3550308,True,,35271,,,-23.667807,-46.7355005,,,,2,2023-06-17T06:17:34+00:00
SAO_707K-10,São Paulo,3550308,True,,35271,,,-23.6512335,-46.686,,,,2,2023-06-17T06:17:14+00:00
SAO_707K-10,São Paulo,3550308,True,,35271,,,-23.668476,-46.735507,,,,2,2023-06-17T06:17:17+00:00
SAO_5145-10,São Paulo,3550308,True,,1641,,,-23.559837875,-46.621974625,,,,1,2023-06-17T06:17:03+00:00
SAO_2088-10,São Paulo,3550308,True,,33140,,,-23.515441,-46.45831225,,,,2,2023-06-17T06:17:26+00:00
SAO_2088-10,São Paulo,3550308,True,,33140,,,-23.497328500000002,-46.39943675,,,,2,2023-06-17T06:17:18+00:00
SAO_2088-10,São Paulo,3550308,True,,33140,,,-23.504168999999997,-46.379309,,,,2,2023-06-17T06:17:06+00:00
SAO_2088-10,São Paulo,3550308,True,,33140,,,-23.49448,-46.414542499999996,,,,2,2023-06-17T06:17:12+00:00
SAO_8707-10,São Paulo,3550308,True,,34832,,,-23.567417749999997,-46.684039,,,,2,2023-06-17T06:17:46+00:00
SAO_8707-10,São Paulo,3550308,True,,34832,,,-23.5629095,-46.7470515,,,,2,2023-06-17T06:17:16+00:00
SAO_N733-11,São Paulo,3550308,True,,2414,,,-23.7208115,-46.7701455,,,,1,2023-06-17T06:17:40+00:00
SAO_1744-10,São Paulo,3550308,True,,544,,,-23.503788375,-46.624660500000005,,,,1,2023-06-17T06:17:13+00:00
SAO_1744-10,São Paulo,3550308,True,,544,,,-23.4729585,-46.6418845,,,,1,2023-06-17T06:17:25+00:00
SAO_607C-10,São Paulo,3550308,True,,34745,,,-23.682221249999998,-46.63669025,,,,2,2023-06-17T06:17:26+00:00
SAO_607C-10,São Paulo,3550308,True,,34745,,,-23.689011999999998,-46.6349485,,,,2,2023-06-17T06:17:36+00:00
SAO_607C-10,São Paulo,3550308,True,,34745,,,-23.6068035,-46.69352575,,,,2,2023-06-17T06:17:14+00:00
SAO_607C-10,São Paulo,3550308,True,,34745,,,-23.64849625,-46.670482250000006,,,,2,2023-06-17T06:17:25+00:00
SAO_575A-10,São Paulo,3550308,True,,34406,,,-23.581295,-46.585907500000005,,,,2,2023-06-17T06:15:58+00:00
SAO_575A-10,São Paulo,3550308,True,,34406,,,-23.542009,-46.5755465,,,,2,2023-06-17T06:17:40+00:00
SAO_342C-10,São Paulo,3550308,True,,33770,,,-23.543997750000003,-46.489855250000005,,,,2,2023-06-17T06:17:16+00:00
SAO_805L-10,São Paulo,3550308,True,EMTU,124,https://moovitapp.com/index/pt-br/transporte_p%C3%BAblico-line-124-Sao_Paulo-242-2038937-36419282-0,5.15,-23.546264625,-46.643076625,,,,1,2023-06-17T06:17:43+00:00
SAO_6030-10,São Paulo,3550308,True,,33910,,,-23.7189315,-46.704332,,,,2,2023-06-17T06:17:23+00:00
SAO_6030-10,São Paulo,3550308,True,,33910,,,-23.731601,-46.70712425,,,,2,2023-06-17T06:17:11+00:00
SAO_3063-10,São Paulo,3550308,True,EMTU,253,https://moovitapp.com/index/pt-br/transporte_p%C3%BAblico-line-253-Sao_Paulo-242-2038937-36419364-0,5.4,-23.585396499999998,-46.414854500000004,,,,1,2023-06-17T06:14:26+00:00
SAO_3063-10,São Paulo,3550308,True,EMTU,253,https://moovitapp.com/index/pt-br/transporte_p%C3%BAblico-line-253-Sao_Paulo-242-2038937-36419364-0,5.4,-23.564861,-46.4157795,,,,1,2023-06-17T06:17:40+00:00
SAO_3063-10,São Paulo,3550308,True,EMTU,253,https://moovitapp.com/index/pt-br/transporte_p%C3%BAblico-line-253-Sao_Paulo-242-2038937-36419364-0,5.4,-23.5963415,-46.4557815,,,,1,2023-06-17T06:17:30+00:00
SAO_3053-10,São Paulo,3550308,True,,973,,,-23.542912,-46.588283000000004,,,,1,2023-06-17T06:17:44+00:00
SAO_3053-10,São Paulo,3550308,True,,973,,,-23.579434499999998,-46.538717000000005,,,,1,2023-06-17T06:17:03+00:00
SAO_6250-10,São Paulo,3550308,True,,33236,,,-23.571419,-46.694848500000006,,,,2,2023-06-17T06:17:46+00:00
SAO_6250-10,São Paulo,3550308,True,,33236,,,-23.549774749999997,-46.642553250000006,,,,2,2023-06-17T06:17:43+00:00
SAO_695X-10,São Paulo,3550308,True,,1441,,,-23.645530375,-46.647799500000005,,,,1,2023-06-17T06:17:41+00:00
SAO_701A-10,São Paulo,3550308,True,,33457,,,-23.530594999999998,-46.600172,,,,2,2023-06-17T06:17:37+00:00
SAO_701A-10,São Paulo,3550308,True,,33457,,,-23.4742175,-46.562446,,,,2,2023-06-17T06:17:19+00:00
SAO_701A-10,São Paulo,3550308,True,,33457,,,-23.547852499999998,-46.6434055,,,,2,2023-06-17T06:17:16+00:00
SAO_701A-10,São Paulo,3550308,True,,33457,,,-23.558774,-46.689572,,,,2,2023-06-17T06:17:09+00:00
SAO_775P-10,São Paulo,3550308,True,,33275,,,-23.597096,-46.7681435,,,,2,2023-06-17T06:17:08+00:00
SAO_775P-10,São Paulo,3550308,True,,33275,,,-23.5784005,-46.708968999999996,,,,2,2023-06-17T06:17:43+00:00
SAO_273J-10,São Paulo,3550308,True,,33157,,,-23.521815,-46.516996750000004,,,,2,2023-06-17T06:17:23+00:00
SAO_273J-10,São Paulo,3550308,True,,33157,,,-23.5174155,-46.475402,,,,2,2023-06-17T06:17:19+00:00
SAO_273J-10,São Paulo,3550308,True,,33157,,,-23.4789165,-46.384702000000004,,,,2,2023-06-17T06:17:13+00:00
SAO_273J-10,São Paulo,3550308,True,,33157,,,-23.490626,-46.439096,,,,2,2023-06-17T06:17:15+00:00
SAO_178Y-10,São Paulo,3550308,True,,33636,,,-23.4851765,-46.623802999999995,,,,2,2023-06-17T06:16:11+00:00
SAO_N739-11,São Paulo,3550308,True,,2420,,,-23.6789475,-46.741097499999995,,,,1,2023-06-17T06:17:43+00:00
SAO_6970-10,São Paulo,3550308,True,,34273,,,-23.701024250000003,-46.71515425,,,,2,2023-06-17T06:17:40+00:00
SAO_N303-11,São Paulo,3550308,True,,2337,,,-23.52347725,-46.512134249999995,,,,1,2023-06-17T06:17:11+00:00
SAO_3161-10,São Paulo,3550308,True,,33852,,,-23.573187,-46.562423499999994,,,,2,2023-06-17T06:17:39+00:00
SAO_N205-11,São Paulo,3550308,True,,35083,,,-23.5317955,-46.676422,,,,2,2023-06-17T06:17:24+00:00
SAO_N403-11,São Paulo,3550308,True,,2359,,,-23.542508499999997,-46.420069999999996,,,,1,2023-06-17T06:17:11+00:00
SAO_N341-11,São Paulo,3550308,True,,2353,,,-23.48574325,-46.50110375,,,,1,2023-06-17T06:17:36+00:00
SAO_6027-10,São Paulo,3550308,True,,90,,,-23.721588500000003,-46.6900635,,,,1,2023-06-17T06:17:28+00:00
SAO_6027-10,São Paulo,3550308,True,,90,,,-23.67874325,-46.70680275,,,,1,2023-06-17T06:17:40+00:00
SAO_6027-10,São Paulo,3550308,True,,90,,,-23.724714499999997,-46.68273,,,,1,2023-06-17T06:17:46+00:00
SAO_857R-10,São Paulo,3550308,True,,1892,,,-23.5666805,-46.633182000000005,,,,1,2023-06-17T06:17:07+00:00
SAO_857R-10,São Paulo,3550308,True,,1892,,,-23.630915,-46.772762,,,,1,2023-06-17T06:17:15+00:00
SAO_857R-10,São Paulo,3550308,True,,1892,,,-23.6308255,-46.772924,,,,1,2023-06-17T06:17:33+00:00
SAO_857R-10,São Paulo,3550308,True,,1892,,,-23.613732,-46.755429,,,,1,2023-06-17T06:17:46+00:00
SAO_857R-10,São Paulo,3550308,True,,1892,,,-23.622894,-46.763113000000004,,,,1,2023-06-17T06:17:02+00:00
SAO_857R-10,São Paulo,3550308,True,,1892,,,-23.5662105,-46.63256075,,,,1,2023-06-17T06:17:35+00:00
SAO_4029-10,São Paulo,3550308,True,,33867,,,-23.6084345,-46.5064895,,,,2,2023-06-17T06:17:29+00:00
SAO_4029-10,São Paulo,3550308,True,,33867,,,-23.597153499999997,-46.5302245,,,,2,2023-06-17T06:17:02+00:00
SAO_4029-10,São Paulo,3550308,True,,33867,,,-23.585109,-46.583715,,,,2,2023-06-17T06:17:43+00:00
SAO_675X-10,São Paulo,3550308,True,EMTU,111,https://moovitapp.com/index/pt-br/transporte_p%C3%BAblico-line-111-Sao_Paulo-242-2038937-36419271-0,5.1,-23.737689500000002,-46.697986,,,,1,2023-06-17T06:17:40+00:00
SAO_675X-10,São Paulo,3550308,True,EMTU,111,https://moovitapp.com/index/pt-br/transporte_p%C3%BAblico-line-111-Sao_Paulo-242-2038937-36419271-0,5.1,-23.67898675,-46.70671325,,,,1,2023-06-17T06:17:31+00:00
SAO_848L-10,São Paulo,3550308,True,,33576,,,-23.405517,-46.7518465,,,,2,2023-06-17T06:17:24+00:00
SAO_848L-10,São Paulo,3550308,True,,33576,,,-23.436522,-46.720689,,,,2,2023-06-17T06:17:13+00:00
SAO_971D-10,São Paulo,3550308,True,,709,,,-23.510856,-46.625114749999995,,,,1,2023-06-17T06:17:17+00:00
SAO_971D-10,São Paulo,3550308,True,,709,,,-23.4619625,-46.67924,,,,1,2023-06-17T06:13:50+00:00
SAO_8002-10,São Paulo,3550308,True,,1252,,,-23.519985,-46.700343,,,,1,2023-06-17T06:17:43+00:00
SAO_8002-10,São Paulo,3550308,True,,1252,,,-23.5160275,-46.726141999999996,,,,1,2023-06-17T06:17:30+00:00
SAO_6076-10,São Paulo,3550308,True,,33933,,,-23.654687250000002,-46.707991750000005,,,,2,2023-06-17T06:17:36+00:00
SAO_414P-10,São Paulo,3550308,True,,1105,,,-23.548327625,-46.565653875,,,,1,2023-06-17T06:17:03+00:00
SAO_527R-10,São Paulo,3550308,True,,271,,,-23.6756785,-46.6504555,,,,1,2023-06-17T06:17:04+00:00
SAO_527R-10,São Paulo,3550308,True,,271,,,-23.653906999999997,-46.710535500000006,,,,1,2023-06-17T06:17:00+00:00
SAO_3751-10,São Paulo,3550308,True,,33815,,,-23.537938999999998,-46.45276375,,,,2,2023-06-17T06:17:02+00:00
SAO_3751-10,São Paulo,3550308,True,,33815,,,-23.5695605,-46.4102685,,,,2,2023-06-17T06:17:29+00:00
SAO_3751-10,São Paulo,3550308,True,,33815,,,-23.5644505,-46.416008,,,,2,2023-06-17T06:17:16+00:00
SAO_3732-10,São Paulo,3550308,True,,1029,,,-23.542016500000003,-46.461094,,,,1,2023-06-17T06:17:28+00:00
SAO_3732-10,São Paulo,3550308,True,,1029,,,-23.542457374999998,-46.4498265,,,,1,2023-06-17T06:17:22+00:00
SAO_5106-31,São Paulo,3550308,True,,34073,,,-23.589772437500002,-46.64083062499999,,,,2,2023-06-17T06:17:21+00:00
SAO_5106-31,São Paulo,3550308,True,,34073,,,-23.661383,-46.637448,,,,2,2023-06-17T06:17:29+00:00
SAO_5106-31,São Paulo,3550308,True,,34073,,,-23.692552499999998,-46.645207,,,,2,2023-06-17T06:17:37+00:00
SAO_647P-10,São Paulo,3550308,True,,34084,,,-23.600934625,-46.723374750000005,,,,2,2023-06-17T06:17:44+00:00
SAO_647P-10,São Paulo,3550308,True,,34084,,,-23.5724685,-46.690042500000004,,,,2,2023-06-17T06:17:26+00:00
SAO_647P-10,São Paulo,3550308,True,,34084,,,-23.660725,-46.747394,,,,2,2023-06-17T06:17:12+00:00
SAO_647P-10,São Paulo,3550308,True,,34084,,,-23.674275,-46.783679,,,,2,2023-06-17T06:17:18+00:00
SAO_4003-10,São Paulo,3550308,True,,34927,,,-23.574084,-46.39846300000001,,,,2,2023-06-17T06:17:18+00:00
SAO_4003-10,São Paulo,3550308,True,,34927,,,-23.534584000000002,-46.45115875,,,,2,2023-06-17T06:17:08+00:00
SAO_425E-10,São Paulo,3550308,True,,1636,,,-23.621173,-46.4663065,,,,1,2023-06-17T06:17:18+00:00
SAO_175P-10,São Paulo,3550308,True,,675,,,-23.502966999999998,-46.6260415,,,,1,2023-06-17T06:17:40+00:00
SAO_175P-10,São Paulo,3550308,True,,675,,,-23.527144999999997,-46.663334000000006,,,,1,2023-06-17T06:17:28+00:00
SAO_847P-10,São Paulo,3550308,True,,33191,,,-23.571949,-46.6900785,,,,2,2023-06-17T06:17:43+00:00
SAO_847P-10,São Paulo,3550308,True,,33191,,,-23.520627,-46.7015185,,,,2,2023-06-17T06:17:37+00:00
SAO_847P-10,São Paulo,3550308,True,,33191,,,-23.5834015,-46.683516499999996,,,,2,2023-06-17T06:17:24+00:00
SAO_N737-11,São Paulo,3550308,True,,2418,,,-23.705101,-46.786092,,,,1,2023-06-17T06:17:08+00:00
SAO_9300-10,São Paulo,3550308,True,EMTU,116,https://moovitapp.com/index/pt-br/transporte_p%C3%BAblico-line-116-Sao_Paulo-242-2038937-36419276-0,12.1,-23.5219605,-46.6643335,,,,1,2023-06-17T06:16:17+00:00
SAO_9300-10,São Paulo,3550308,True,EMTU,116,https://moovitapp.com/index/pt-br/transporte_p%C3%BAblico-line-116-Sao_Paulo-242-2038937-36419276-0,12.1,-23.546565,-46.630926,,,,1,2023-06-17T06:17:39+00:00
SAO_1178-10,São Paulo,3550308,True,,132,,,-23.504322000000002,-46.433214,,,,1,2023-06-17T06:17:16+00:00
SAO_1178-10,São Paulo,3550308,True,,132,,,-23.5253655,-46.574863500000006,,,,1,2023-06-17T06:17:18+00:00
SAO_1178-10,São Paulo,3550308,True,,132,,,-23.504322000000002,-46.433214,,,,1,2023-06-17T06:14:23+00:00
SAO_1178-10,São Paulo,3550308,True,,132,,,-23.4857535,-46.5016145,,,,1,2023-06-17T06:17:31+00:00
SAO_1178-10,São Paulo,3550308,True,,132,,,-23.509588375,-46.53934675,,,,1,2023-06-17T06:15:04+00:00
SAO_1178-10,São Paulo,3550308,True,,132,,,-23.527596000000003,-46.58483725000001,,,,1,2023-06-17T06:17:40+00:00
SAO_6003-21,São Paulo,3550308,True,,35344,,,-23.751554,-46.710573999999994,,,,2,2023-06-17T06:17:24+00:00
SAO_273R-10,São Paulo,3550308,True,EMTU,226,https://moovitapp.com/index/pt-br/transporte_p%C3%BAblico-line-226-Sao_Paulo-242-2038937-36419343-0,5.05,-23.51395875,-46.451128875,,,,1,2023-06-17T06:16:49+00:00
SAO_273R-10,São Paulo,3550308,True,EMTU,226,https://moovitapp.com/index/pt-br/transporte_p%C3%BAblico-line-226-Sao_Paulo-242-2038937-36419343-0,5.05,-23.514752,-46.453837,,,,1,2023-06-17T06:17:39+00:00
SAO_273R-10,São Paulo,3550308,True,EMTU,226,https://moovitapp.com/index/pt-br/transporte_p%C3%BAblico-line-226-Sao_Paulo-242-2038937-36419343-0,5.05,-23.530842,-46.473843,,,,1,2023-06-17T06:17:27+00:00
SAO_273R-10,São Paulo,3550308,True,EMTU,226,https://moovitapp.com/index/pt-br/transporte_p%C3%BAblico-line-226-Sao_Paulo-242-2038937-36419343-0,5.05,-23.53987,-46.4833455,,,,1,2023-06-17T06:17:26+00:00
SAO_273R-10,São Paulo,3550308,True,EMTU,226,https://moovitapp.com/index/pt-br/transporte_p%C3%BAblico-line-226-Sao_Paulo-242-2038937-36419343-0,5.05,-23.525440250000003,-46.474858749999996,,,,1,2023-06-17T06:12:02+00:00
SAO_8027-10,São Paulo,3550308,True,,2162,,,-23.5631055,-46.747722499999995,,,,1,2023-06-17T06:17:02+00:00
SAO_1771-10,São Paulo,3550308,True,,33402,,,-23.489608750000002,-46.624299500000006,,,,2,2023-06-17T06:17:35+00:00
SAO_6835-31,São Paulo,3550308,True,,1407,,,-23.675608,-46.7739805,,,,1,2023-06-17T06:17:31+00:00
SAO_5036-10,São Paulo,3550308,True,,34434,,,-23.647494000000002,-46.61273,,,,2,2023-06-17T06:17:31+00:00
SAO_5036-10,São Paulo,3550308,True,,34434,,,-23.650326,-46.614008999999996,,,,2,2023-06-17T06:17:17+00:00
SAO_4013-10,São Paulo,3550308,True,,34954,,,-23.621360000000003,-46.4520245,,,,2,2023-06-17T06:17:12+00:00
SAO_4013-10,São Paulo,3550308,True,,34954,,,-23.61275,-46.476256,,,,2,2023-06-17T06:17:33+00:00
SAO_2201-10,São Paulo,3550308,True,,33677,,,-23.533054999999997,-46.39453999999999,,,,2,2023-06-17T06:17:12+00:00
SAO_607M-10,São Paulo,3550308,True,,2036,,,-23.613464999999998,-46.695501,,,,1,2023-06-17T06:17:34+00:00
SAO_607M-10,São Paulo,3550308,True,,2036,,,-23.70703875,-46.700295749999995,,,,1,2023-06-17T06:17:39+00:00
SAO_2735-10,São Paulo,3550308,True,,34689,,,-23.479697,-46.501482249999995,,,,2,2023-06-17T06:14:30+00:00
SAO_2735-10,São Paulo,3550308,True,,34689,,,-23.49990725,-46.52805575,,,,2,2023-06-17T06:17:03+00:00
SAO_3762-10,São Paulo,3550308,True,,33821,,,-23.54422075,-46.56457325,,,,2,2023-06-17T06:11:21+00:00
SAO_3762-10,São Paulo,3550308,True,,33821,,,-23.576477500000003,-46.520476,,,,2,2023-06-17T06:17:07+00:00
SAO_8047-41,São Paulo,3550308,True,,33178,,,-23.531536625,-46.734221500000004,,,,2,2023-06-17T06:17:06+00:00
SAO_8047-41,São Paulo,3550308,True,,33178,,,-23.43836575,-46.751590750000005,,,,2,2023-06-17T06:17:39+00:00
SAO_107T-10,São Paulo,3550308,True,,621,,,-23.5518730625,-46.652013249999996,,,,1,2023-06-17T06:17:04+00:00
SAO_107T-10,São Paulo,3550308,True,,621,,,-23.479182,-46.611408,,,,1,2023-06-17T06:15:16+00:00
SAO_4002-10,São Paulo,3550308,True,,2177,,,-23.555135,-46.395042,,,,1,2023-06-17T06:14:00+00:00
SAO_4002-10,São Paulo,3550308,True,,2177,,,-23.5436145,-46.411190000000005,,,,1,2023-06-17T06:17:22+00:00
SAO_4002-10,São Paulo,3550308,True,,2177,,,-23.575089499999997,-46.47713,,,,1,2023-06-17T06:17:25+00:00
SAO_6062-10,São Paulo,3550308,True,,33919,,,-23.73484475,-46.695252249999996,,,,2,2023-06-17T06:17:09+00:00
SAO_6049-10,São Paulo,3550308,True,,34077,,,-23.659283000000002,-46.743771,,,,2,2023-06-17T06:17:05+00:00
SAO_6049-10,São Paulo,3550308,True,,34077,,,-23.6935165,-46.797576500000005,,,,2,2023-06-17T06:17:01+00:00
SAO_342M-10,São Paulo,3550308,True,,747,,,-23.563111,-46.515100000000004,,,,1,2023-06-17T06:17:31+00:00
SAO_342M-10,São Paulo,3550308,True,,747,,,-23.532178000000002,-46.554471500000005,,,,1,2023-06-17T06:17:42+00:00
SAO_5015-10,São Paulo,3550308,True,,1119,,,-23.6924525,-46.659774999999996,,,,1,2023-06-17T06:17:12+00:00
SAO_669A-10,São Paulo,3550308,True,,4,,,-23.654157,-46.7105825,,,,1,2023-06-17T06:17:02+00:00
SAO_669A-10,São Paulo,3550308,True,,4,,,-23.53723,-46.64340025,,,,1,2023-06-17T06:17:46+00:00
SAO_3791-10,São Paulo,3550308,True,,33837,,,-23.564292000000002,-46.504931,,,,2,2023-06-17T06:17:21+00:00
SAO_3791-10,São Paulo,3550308,True,,33837,,,-23.5424005,-46.50196525,,,,2,2023-06-17T06:17:20+00:00
SAO_6291-10,São Paulo,3550308,True,,33126,,,-23.581296000000002,-46.6845395,,,,2,2023-06-17T06:17:45+00:00
SAO_6291-10,São Paulo,3550308,True,,33126,,,-23.6464565,-46.772658,,,,2,2023-06-17T06:17:29+00:00
SAO_6291-10,São Paulo,3550308,True,,33126,,,-23.642449499999998,-46.747006999999996,,,,2,2023-06-17T06:17:44+00:00
SAO_1742-10,São Paulo,3550308,True,EMTU,542,https://moovitapp.com/index/pt-br/transporte_p%C3%BAblico-line-542-Sao_Paulo-242-2038937-59914572-0,5.4,-23.4960935,-46.62587,,,,1,2023-06-17T06:17:28+00:00
SAO_9784-10,São Paulo,3550308,True,,33595,,,-23.4729635,-46.667052,,,,2,2023-06-17T06:17:04+00:00
SAO_9784-10,São Paulo,3550308,True,,33595,,,-23.506068749999997,-46.668161500000004,,,,2,2023-06-17T06:17:17+00:00
SAO_4115-10,São Paulo,3550308,True,,33090,,,-23.588856749999998,-46.6201655,,,,2,2023-06-17T06:17:16+00:00
SAO_5702-10,São Paulo,3550308,True,,1137,,,-23.688392,-46.643032,,,,1,2023-06-17T06:17:36+00:00
SAO_3762-10,São Paulo,3550308,True,,1053,,,-23.541065,-46.576965,,,,1,2023-06-17T06:17:01+00:00
SAO_3791-10,São Paulo,3550308,True,,1069,,,-23.5419325,-46.484893125,,,,1,2023-06-17T06:17:04+00:00
SAO_3791-10,São Paulo,3550308,True,,1069,,,-23.543342000000003,-46.493451500000006,,,,1,2023-06-17T06:17:08+00:00
SAO_5318-10,São Paulo,3550308,True,,32813,,,-23.635833124999998,-46.714596,,,,2,2023-06-17T06:17:22+00:00
SAO_5318-10,São Paulo,3550308,True,,32813,,,-23.671293,-46.746714999999995,,,,2,2023-06-17T06:17:40+00:00
SAO_5318-10,São Paulo,3550308,True,,32813,,,-23.5961815,-46.65530700000001,,,,2,2023-06-17T06:17:42+00:00
SAO_938V-10,São Paulo,3550308,True,STT,813,https://moovitapp.com/index/pt-br/transporte_p%C3%BAblico-line-813-Sao_Paulo-242-850661-183360-0,5.3,-23.527313,-46.673216999999994,,,,1,2023-06-17T06:17:41+00:00
SAO_938V-10,São Paulo,3550308,True,STT,813,https://moovitapp.com/index/pt-br/transporte_p%C3%BAblico-line-813-Sao_Paulo-242-850661-183360-0,5.3,-23.452041,-46.686785,,,,1,2023-06-17T06:17:35+00:00
SAO_N704-11,São Paulo,3550308,True,,2409,,,-23.645882,-46.70472,,,,1,2023-06-17T06:17:45+00:00
SAO_6051-10,São Paulo,3550308,True,,33911,,,-23.7621455,-46.689133,,,,2,2023-06-17T06:17:20+00:00
SAO_6051-10,São Paulo,3550308,True,,33911,,,-23.7621455,-46.689133,,,,2,2023-06-17T06:17:12+00:00
SAO_6051-10,São Paulo,3550308,True,,33911,,,-23.7621455,-46.689133,,,,2,2023-06-17T06:17:09+00:00
SAO_3459-23,São Paulo,3550308,True,EMTU,404,https://moovitapp.com/index/pt-br/transporte_p%C3%BAblico-line-404-Sao_Paulo-242-2038937-36419466-0,5.2,-23.5165205,-46.385602000000006,,,,1,2023-06-17T06:17:14+00:00
SAO_3459-23,São Paulo,3550308,True,EMTU,404,https://moovitapp.com/index/pt-br/transporte_p%C3%BAblico-line-404-Sao_Paulo-242-2038937-36419466-0,5.2,-23.5165205,-46.385602000000006,,,,1,2023-06-17T06:17:11+00:00
SAO_3754-10,São Paulo,3550308,True,,33817,,,-23.540413,-46.4565365,,,,2,2023-06-17T06:17:34+00:00
SAO_3754-10,São Paulo,3550308,True,,33817,,,-23.543858,-46.410825,,,,2,2023-06-17T06:16:59+00:00
SAO_3754-10,São Paulo,3550308,True,,33817,,,-23.57374,-46.398475000000005,,,,2,2023-06-17T06:17:27+00:00
SAO_805L-10,São Paulo,3550308,True,,32892,,,-23.577852,-46.639895499999994,,,,2,2023-06-17T06:17:31+00:00
SAO_805L-10,São Paulo,3550308,True,,32892,,,-23.540171,-46.6485545,,,,2,2023-06-17T06:17:20+00:00
SAO_N540-11,São Paulo,3550308,True,,35249,,,-23.6203095,-46.5033155,,,,2,2023-06-17T06:15:07+00:00
SAO_5290-10,São Paulo,3550308,True,,33365,,,-23.680852,-46.636013000000005,,,,2,2023-06-17T06:17:17+00:00
SAO_5290-10,São Paulo,3550308,True,,33365,,,-23.601990875,-46.63678775,,,,2,2023-06-17T06:17:34+00:00
SAO_476A-10,São Paulo,3550308,True,,304,,,-23.641780124999997,-46.699149125000005,,,,1,2023-06-17T06:17:37+00:00
SAO_971V-10,São Paulo,3550308,True,,619,,,-23.5131826875,-46.6161215,,,,1,2023-06-17T06:17:19+00:00
SAO_971V-10,São Paulo,3550308,True,,619,,,-23.484575,-46.6709315,,,,1,2023-06-17T06:17:17+00:00
SAO_1783-10,São Paulo,3550308,True,,33412,,,-23.40282525,-46.579963000000006,,,,2,2023-06-17T06:16:28+00:00
SAO_1783-10,São Paulo,3550308,True,,33412,,,-23.4967105,-46.621995999999996,,,,2,2023-06-17T06:17:16+00:00
SAO_6053-10,São Paulo,3550308,True,,1145,,,-23.736701500000002,-46.696777499999996,,,,1,2023-06-17T06:17:23+00:00
SAO_6053-10,São Paulo,3550308,True,,1145,,,-23.76693425,-46.66334575,,,,1,2023-06-17T06:17:20+00:00
SAO_352A-10,São Paulo,3550308,True,,32932,,,-23.599889750000003,-46.484817250000006,,,,2,2023-06-17T06:17:32+00:00
SAO_352A-10,São Paulo,3550308,True,,32932,,,-23.5341925,-46.452886,,,,2,2023-06-17T06:17:35+00:00
SAO_352A-10,São Paulo,3550308,True,,32932,,,-23.478314375,-46.41838,,,,2,2023-06-17T06:15:39+00:00
SAO_N432-11,São Paulo,3550308,True,,2365,,,-23.6248795,-46.461470500000004,,,,1,2023-06-17T06:17:30+00:00
SAO_6120-10,São Paulo,3550308,True,,33957,,,-23.7588005,-46.667684,,,,2,2023-06-17T06:17:42+00:00
SAO_N832-11,São Paulo,3550308,True,,2431,,,-23.5503711875,-46.739562875000004,,,,1,2023-06-17T06:17:24+00:00
SAO_978J-10,São Paulo,3550308,True,EMTU,591,https://moovitapp.com/index/pt-br/transporte_p%C3%BAblico-line-591-Sao_Paulo-242-2038937-36419577-0,5.4,-23.513696000000003,-46.703481499999995,,,,1,2023-06-17T06:17:16+00:00
SAO_978J-10,São Paulo,3550308,True,EMTU,591,https://moovitapp.com/index/pt-br/transporte_p%C3%BAblico-line-591-Sao_Paulo-242-2038937-36419577-0,5.4,-23.530192125,-46.666985249999996,,,,1,2023-06-17T06:17:39+00:00
SAO_807M-10,São Paulo,3550308,True,,1916,,,-23.608049,-46.708653,,,,1,2023-06-17T06:17:09+00:00
SAO_2059-10,São Paulo,3550308,True,Cidade de Caieiras,260,https://moovitapp.com/index/pt-br/transporte_p%C3%BAblico-line-260-Sao_Paulo-242-868761-496413-0,5.0,-23.4909655,-46.442477499999995,,,,1,2023-06-17T06:17:39+00:00
SAO_2059-10,São Paulo,3550308,True,Cidade de Caieiras,260,https://moovitapp.com/index/pt-br/transporte_p%C3%BAblico-line-260-Sao_Paulo-242-868761-496413-0,5.0,-23.491375499999997,-46.443605500000004,,,,1,2023-06-17T06:17:40+00:00
SAO_2059-10,São Paulo,3550308,True,Cidade de Caieiras,260,https://moovitapp.com/index/pt-br/transporte_p%C3%BAblico-line-260-Sao_Paulo-242-868761-496413-0,5.0,-23.514493,-46.424934,,,,1,2023-06-17T06:17:38+00:00
SAO_N139-11,São Paulo,3550308,True,,2295,,,-23.4618385,-46.7146835,,,,1,2023-06-17T06:17:13+00:00
SAO_4017-10,São Paulo,3550308,True,,34958,,,-23.60323025,-46.397706,,,,2,2023-06-17T06:17:41+00:00
SAO_4017-10,São Paulo,3550308,True,,34958,,,-23.602710000000002,-46.40198875,,,,2,2023-06-17T06:17:23+00:00
SAO_971R-42,São Paulo,3550308,True,,33384,,,-23.4435615,-46.735414500000005,,,,2,2023-06-17T06:17:09+00:00
SAO_3773-10,São Paulo,3550308,True,,33827,,,-23.5766055,-46.5020475,,,,2,2023-06-17T06:17:24+00:00
SAO_3773-10,São Paulo,3550308,True,,33827,,,-23.599062,-46.468776000000005,,,,2,2023-06-17T06:17:16+00:00
SAO_1178-31,São Paulo,3550308,True,,34580,,,-23.53867975,-46.63375925,,,,2,2023-06-17T06:17:30+00:00
SAO_1178-31,São Paulo,3550308,True,,34580,,,-23.491968999999997,-46.460516,,,,2,2023-06-17T06:16:45+00:00
SAO_8542-21,São Paulo,3550308,True,,34129,,,-23.520189000000002,-46.699146999999996,,,,2,2023-06-17T06:17:22+00:00
SAO_775A-10,São Paulo,3550308,True,EMTU,473,https://moovitapp.com/index/pt-br/transporte_p%C3%BAblico-line-473-Sao_Paulo-242-2038937-36419509-0,7.55,-23.56167575,-46.764616000000004,,,,1,2023-06-17T06:17:19+00:00
SAO_273X-10,São Paulo,3550308,True,EMTU,392,https://moovitapp.com/index/pt-br/transporte_p%C3%BAblico-line-392-Sao_Paulo-242-2038937-36419460-0,5.8,-23.49606,-46.37753925,,,,1,2023-06-17T06:17:23+00:00
SAO_273X-10,São Paulo,3550308,True,EMTU,392,https://moovitapp.com/index/pt-br/transporte_p%C3%BAblico-line-392-Sao_Paulo-242-2038937-36419460-0,5.8,-23.49527875,-46.431802250000004,,,,1,2023-06-17T06:17:42+00:00
SAO_637R-10,São Paulo,3550308,True,,32964,,,-23.658618500000003,-46.706303,,,,2,2023-06-17T06:17:25+00:00
SAO_637R-10,São Paulo,3550308,True,,32964,,,-23.654075,-46.711811,,,,2,2023-06-17T06:17:21+00:00
SAO_637R-10,São Paulo,3550308,True,,32964,,,-23.71842075,-46.768392250000005,,,,2,2023-06-17T06:17:18+00:00
SAO_637R-10,São Paulo,3550308,True,,32964,,,-23.6905325,-46.774566500000006,,,,2,2023-06-17T06:17:13+00:00
SAO_637R-10,São Paulo,3550308,True,,32964,,,-23.6755615,-46.75482325,,,,2,2023-06-17T06:17:34+00:00
SAO_1705-10,São Paulo,3550308,True,,849,,,-23.442104999999998,-46.5884335,,,,1,2023-06-17T06:17:18+00:00
SAO_1705-10,São Paulo,3550308,True,,849,,,-23.45636925,-46.592832,,,,1,2023-06-17T06:17:39+00:00
SAO_1705-10,São Paulo,3550308,True,,849,,,-23.443433499999998,-46.589321,,,,1,2023-06-17T06:17:38+00:00
SAO_1705-10,São Paulo,3550308,True,,849,,,-23.4354665,-46.584983,,,,1,2023-06-17T06:17:02+00:00
SAO_6L01-10,São Paulo,3550308,True,,1171,,,-23.8490755,-46.7504725,,,,1,2023-06-17T06:17:00+00:00
SAO_6L01-10,São Paulo,3550308,True,,1171,,,-23.8093345,-46.7371645,,,,1,2023-06-17T06:17:32+00:00
SAO_N631-11,São Paulo,3550308,True,,2396,,,-23.7039155,-46.686456500000006,,,,1,2023-06-17T06:16:45+00:00
SAO_407R-10,São Paulo,3550308,True,,34969,,,-23.5539545,-46.577246,,,,2,2023-06-17T06:17:25+00:00
SAO_3901-10,São Paulo,3550308,True,,34237,,,-23.52047425,-46.52494825,,,,2,2023-06-17T06:17:06+00:00
SAO_6824-10,São Paulo,3550308,True,,32791,,,-23.673696749999998,-46.79064525,,,,2,2023-06-17T06:17:39+00:00
SAO_N106-11,São Paulo,3550308,True,,35068,,,-23.534870875000003,-46.654443625,,,,2,2023-06-17T06:17:04+00:00
SAO_5630-10,São Paulo,3550308,True,,32846,,,-23.65030175,-46.677640624999995,,,,2,2023-06-17T06:17:42+00:00
SAO_5630-10,São Paulo,3550308,True,,32846,,,-23.736617,-46.696708,,,,2,2023-06-17T06:17:09+00:00
SAO_5630-10,São Paulo,3550308,True,,32846,,,-23.606899,-46.652261,,,,2,2023-06-17T06:17:28+00:00
SAO_8047-10,São Paulo,3550308,True,EMTU,408,https://moovitapp.com/index/pt-br/transporte_p%C3%BAblico-line-408-Sao_Paulo-242-2038937-36419468-0,7.55,-23.46983725,-46.754288125,,,,1,2023-06-17T06:17:21+00:00
SAO_8047-10,São Paulo,3550308,True,EMTU,408,https://moovitapp.com/index/pt-br/transporte_p%C3%BAblico-line-408-Sao_Paulo-242-2038937-36419468-0,7.55,-23.4339175,-46.7549995,,,,1,2023-06-17T06:17:29+00:00
SAO_2740-10,São Paulo,3550308,True,,34560,,,-23.471446375,-46.606359125,,,,2,2023-06-17T06:17:36+00:00
SAO_8003-10,São Paulo,3550308,True,,34021,,,-23.5120405,-46.756833,,,,2,2023-06-17T06:17:09+00:00
SAO_8003-10,São Paulo,3550308,True,,34021,,,-23.5200475,-46.7477995,,,,2,2023-06-17T06:17:06+00:00
SAO_2703-10,São Paulo,3550308,True,,33683,,,-23.524602,-46.4218255,,,,2,2023-06-17T06:17:08+00:00
SAO_2703-10,São Paulo,3550308,True,,33683,,,-23.5294885,-46.4206845,,,,2,2023-06-17T06:17:27+00:00
SAO_2703-10,São Paulo,3550308,True,,33683,,,-23.5292015,-46.420719500000004,,,,2,2023-06-17T06:17:15+00:00
SAO_2703-10,São Paulo,3550308,True,,33683,,,-23.529075,-46.42023275,,,,2,2023-06-17T06:16:15+00:00
SAO_4732-10,São Paulo,3550308,True,,33070,,,-23.625418749999998,-46.62030025,,,,2,2023-06-17T06:17:07+00:00
SAO_N405-11,São Paulo,3550308,True,,35129,,,-23.5492615,-46.507195,,,,2,2023-06-17T06:17:29+00:00
SAO_573T-10,São Paulo,3550308,True,,1632,,,-23.538576,-46.564368,,,,1,2023-06-17T06:17:33+00:00
SAO_573T-10,São Paulo,3550308,True,,1632,,,-23.545896,-46.543540500000006,,,,1,2023-06-17T06:17:27+00:00
SAO_573T-10,São Paulo,3550308,True,,1632,,,-23.614199499999998,-46.5007885,,,,1,2023-06-17T06:17:40+00:00
SAO_1896-10,São Paulo,3550308,True,,35288,,,-23.53741875,-46.648948,,,,2,2023-06-17T06:17:06+00:00
SAO_1896-10,São Paulo,3550308,True,,35288,,,-23.497166,-46.727383,,,,2,2023-06-17T06:17:04+00:00
SAO_1896-10,São Paulo,3550308,True,,35288,,,-23.4448685,-46.7509065,,,,2,2023-06-17T06:17:32+00:00
SAO_675I-10,São Paulo,3550308,True,,32836,,,-23.64300925,-46.7002665,,,,2,2023-06-17T06:17:02+00:00
SAO_675I-10,São Paulo,3550308,True,,32836,,,-23.64483,-46.716575500000005,,,,2,2023-06-17T06:17:07+00:00
SAO_3462-10,São Paulo,3550308,True,,33015,,,-23.52848125,-46.454783500000005,,,,2,2023-06-17T06:16:57+00:00
SAO_3462-10,São Paulo,3550308,True,,33015,,,-23.52396425,-46.475662,,,,2,2023-06-17T06:17:29+00:00
SAO_6062-51,São Paulo,3550308,True,,34507,,,-23.705064,-46.702547499999994,,,,2,2023-06-17T06:17:44+00:00
SAO_233A-10,São Paulo,3550308,True,EMTU,249,https://moovitapp.com/index/pt-br/transporte_p%C3%BAblico-line-249-Sao_Paulo-242-2038937-58093193-0,5.4,-23.47953425,-46.422231749999995,,,,1,2023-06-17T06:17:22+00:00
SAO_233A-10,São Paulo,3550308,True,EMTU,249,https://moovitapp.com/index/pt-br/transporte_p%C3%BAblico-line-249-Sao_Paulo-242-2038937-58093193-0,5.4,-23.532956,-46.454313,,,,1,2023-06-17T06:17:40+00:00
SAO_9012-10,São Paulo,3550308,True,,1268,,,-23.4899965,-46.694423,,,,1,2023-06-17T06:17:06+00:00
SAO_7062-10,São Paulo,3550308,True,,1898,,,-23.645773,-46.771611500000006,,,,1,2023-06-17T06:17:30+00:00
SAO_7062-10,São Paulo,3550308,True,,1898,,,-23.645670000000003,-46.7712555,,,,1,2023-06-17T06:17:38+00:00
SAO_7002-10,São Paulo,3550308,True,,33540,,,-23.557296,-46.681111875,,,,2,2023-06-17T06:17:02+00:00
SAO_8020-10,São Paulo,3550308,True,,1726,,,-23.591150499999998,-46.714408500000005,,,,1,2023-06-17T06:17:33+00:00
SAO_6063-10,São Paulo,3550308,True,,33920,,,-23.783673,-46.6827105,,,,2,2023-06-17T06:17:20+00:00
SAO_6063-10,São Paulo,3550308,True,,33920,,,-23.784246,-46.6830005,,,,2,2023-06-17T06:17:27+00:00
SAO_6063-10,São Paulo,3550308,True,,33920,,,-23.77068775,-46.7134735,,,,2,2023-06-17T06:17:38+00:00
SAO_6063-10,São Paulo,3550308,True,,33920,,,-23.783673,-46.6827105,,,,2,2023-06-17T06:17:27+00:00
SAO_6063-10,São Paulo,3550308,True,,33920,,,-23.783673,-46.6827105,,,,2,2023-06-17T06:17:28+00:00
SAO_6063-10,São Paulo,3550308,True,,33920,,,-23.766647,-46.716179,,,,2,2023-06-17T06:17:30+00:00
SAO_373T-10,São Paulo,3550308,True,,33859,,,-23.5849575,-46.5830825,,,,2,2023-06-17T06:17:26+00:00
SAO_373T-10,São Paulo,3550308,True,,33859,,,-23.596735000000002,-46.5008875,,,,2,2023-06-17T06:17:12+00:00
SAO_373T-10,São Paulo,3550308,True,,33859,,,-23.557115500000002,-46.600296,,,,2,2023-06-17T06:17:35+00:00
SAO_373T-10,São Paulo,3550308,True,,33859,,,-23.593725999999997,-46.498444,,,,2,2023-06-17T06:17:35+00:00
SAO_2026-10,São Paulo,3550308,True,,2269,,,-23.512747,-46.5637975,,,,1,2023-06-17T06:17:16+00:00
SAO_2127-10,São Paulo,3550308,True,,33461,,,-23.54893,-46.62942425,,,,2,2023-06-17T06:17:23+00:00
SAO_2127-10,São Paulo,3550308,True,,33461,,,-23.50686175,-46.5963685,,,,2,2023-06-17T06:15:16+00:00
SAO_2127-10,São Paulo,3550308,True,,33461,,,-23.4901925,-46.5744335,,,,2,2023-06-17T06:17:20+00:00
SAO_5630-10,São Paulo,3550308,True,,78,,,-23.552137000000002,-46.634062,,,,1,2023-06-17T06:17:34+00:00
SAO_5630-10,São Paulo,3550308,True,,78,,,-23.7374635,-46.697805,,,,1,2023-06-17T06:17:31+00:00
SAO_1722-10,São Paulo,3550308,True,,864,,,-23.457732749999998,-46.603072999999995,,,,1,2023-06-17T06:17:23+00:00
SAO_1722-10,São Paulo,3550308,True,,864,,,-23.458216375,-46.613158999999996,,,,1,2023-06-17T06:14:48+00:00
SAO_1722-10,São Paulo,3550308,True,,864,,,-23.469367,-46.645447000000004,,,,1,2023-06-17T06:12:43+00:00
SAO_1722-10,São Paulo,3550308,True,,864,,,-23.4587815,-46.585789,,,,1,2023-06-17T06:17:18+00:00
SAO_7040-10,São Paulo,3550308,True,,33544,,,-23.581506,-46.685200249999994,,,,2,2023-06-17T06:17:11+00:00
SAO_7040-10,São Paulo,3550308,True,,33544,,,-23.623826,-46.7272725,,,,2,2023-06-17T06:17:37+00:00
SAO_7016-10,São Paulo,3550308,True,,2118,,,-23.684618,-46.7469415,,,,1,2023-06-17T06:16:27+00:00
SAO_N434-11,São Paulo,3550308,True,,2367,,,-23.582850999999998,-46.4964795,,,,1,2023-06-17T06:17:11+00:00
SAO_5013-10,São Paulo,3550308,True,,33885,,,-23.661956500000002,-46.693298,,,,2,2023-06-17T06:17:17+00:00
SAO_5013-10,São Paulo,3550308,True,,33885,,,-23.6804855,-46.6416165,,,,2,2023-06-17T06:17:22+00:00
SAO_5013-10,São Paulo,3550308,True,,33885,,,-23.661797999999997,-46.6934765,,,,2,2023-06-17T06:17:45+00:00
SAO_6052-10,São Paulo,3550308,True,,33912,,,-23.775509999999997,-46.691679,,,,2,2023-06-17T06:17:42+00:00
SAO_6052-10,São Paulo,3550308,True,,33912,,,-23.775509999999997,-46.691679,,,,2,2023-06-17T06:17:06+00:00
SAO_6052-10,São Paulo,3550308,True,,33912,,,-23.775509999999997,-46.691679,,,,2,2023-06-17T06:17:36+00:00
SAO_6052-10,São Paulo,3550308,True,,33912,,,-23.775509999999997,-46.691679,,,,2,2023-06-17T06:17:08+00:00
SAO_6052-10,São Paulo,3550308,True,,33912,,,-23.775509999999997,-46.691679,,,,2,2023-06-17T06:17:08+00:00
SAO_5178-10,São Paulo,3550308,True,,33363,,,-23.684678499999997,-46.633152,,,,2,2023-06-17T06:17:30+00:00
SAO_5178-10,São Paulo,3550308,True,,33363,,,-23.5958135,-46.650927249999995,,,,2,2023-06-17T06:17:41+00:00
SAO_6116-10,São Paulo,3550308,True,,1186,,,-23.736617,-46.696708,,,,1,2023-06-17T06:17:25+00:00
SAO_2590-10,São Paulo,3550308,True,,33680,,,-23.486137,-46.5028165,,,,2,2023-06-17T06:17:27+00:00
SAO_2590-10,São Paulo,3550308,True,,33680,,,-23.533209999999997,-46.56429575,,,,2,2023-06-17T06:17:38+00:00
SAO_2590-10,São Paulo,3550308,True,,33680,,,-23.539212,-46.608181,,,,2,2023-06-17T06:17:02+00:00
SAO_253F-10,São Paulo,3550308,True,,32926,,,-23.613302,-46.4764105,,,,2,2023-06-17T06:17:16+00:00
SAO_253F-10,São Paulo,3550308,True,,32926,,,-23.518916500000003,-46.474219000000005,,,,2,2023-06-17T06:17:09+00:00
SAO_253F-10,São Paulo,3550308,True,,32926,,,-23.5730545,-46.445757,,,,2,2023-06-17T06:17:37+00:00
SAO_5103-10,São Paulo,3550308,True,,1646,,,-23.599688,-46.625401999999994,,,,1,2023-06-17T06:17:42+00:00
SAO_5103-10,São Paulo,3550308,True,,1646,,,-23.6032445,-46.602611499999995,,,,1,2023-06-17T06:15:20+00:00
SAO_5103-10,São Paulo,3550308,True,,1646,,,-23.6032445,-46.602611499999995,,,,1,2023-06-17T06:17:29+00:00
SAO_5103-10,São Paulo,3550308,True,,1646,,,-23.6032445,-46.602611499999995,,,,1,2023-06-17T06:17:17+00:00
SAO_5103-10,São Paulo,3550308,True,,1646,,,-23.6032445,-46.602611499999995,,,,1,2023-06-17T06:17:09+00:00
SAO_272N-10,São Paulo,3550308,True,,705,,,-23.509337,-46.562402500000005,,,,1,2023-06-17T06:14:19+00:00
SAO_1772-10,São Paulo,3550308,True,,635,,,-23.443305000000002,-46.5771705,,,,1,2023-06-17T06:17:22+00:00
SAO_1772-10,São Paulo,3550308,True,,635,,,-23.479800500000003,-46.6022105,,,,1,2023-06-17T06:17:37+00:00
SAO_6062-10,São Paulo,3550308,True,,1151,,,-23.737047,-46.697469,,,,1,2023-06-17T06:15:29+00:00
SAO_1785-10,São Paulo,3550308,True,,34584,,,-23.5020595,-46.6229275,,,,2,2023-06-17T06:17:30+00:00
SAO_1785-10,São Paulo,3550308,True,,34584,,,-23.4781285,-46.6229335,,,,2,2023-06-17T06:17:04+00:00
SAO_1738-10,São Paulo,3550308,True,,33440,,,-23.4735475,-46.581099,,,,2,2023-06-17T06:16:50+00:00
SAO_2726-10,São Paulo,3550308,True,Urubupungá,940,https://moovitapp.com/index/pt-br/transporte_p%C3%BAblico-line-940-Sao_Paulo-242-873835-496474-0,4.6,-23.515029499999997,-46.468916500000006,,,,1,2023-06-17T06:16:08+00:00
SAO_2726-10,São Paulo,3550308,True,Urubupungá,940,https://moovitapp.com/index/pt-br/transporte_p%C3%BAblico-line-940-Sao_Paulo-242-873835-496474-0,4.6,-23.5295835,-46.545024999999995,,,,1,2023-06-17T06:17:12+00:00
SAO_2726-10,São Paulo,3550308,True,Urubupungá,940,https://moovitapp.com/index/pt-br/transporte_p%C3%BAblico-line-940-Sao_Paulo-242-873835-496474-0,4.6,-23.511846000000002,-46.5116655,,,,1,2023-06-17T06:17:33+00:00
SAO_1732-10,São Paulo,3550308,True,,33439,,,-23.479228749999997,-46.578548500000004,,,,2,2023-06-17T06:15:37+00:00
SAO_1732-10,São Paulo,3550308,True,,33439,,,-23.504123625000002,-46.625460249999996,,,,2,2023-06-17T06:17:14+00:00
SAO_7040-10,São Paulo,3550308,True,,776,,,-23.579463750000002,-46.685451,,,,1,2023-06-17T06:17:15+00:00
SAO_N602-11,São Paulo,3550308,True,,2393,,,-23.660182875,-46.712926625,,,,1,2023-06-17T06:17:36+00:00
SAO_N837-11,São Paulo,3550308,True,,2436,,,-23.601886999999998,-46.751782500000004,,,,1,2023-06-17T06:17:29+00:00
SAO_909T-10,São Paulo,3550308,True,,2256,,,-23.546077500000003,-46.631047,,,,1,2023-06-17T06:17:16+00:00
SAO_909T-10,São Paulo,3550308,True,,2256,,,-23.547593499999998,-46.64387725,,,,1,2023-06-17T06:17:42+00:00
SAO_1759-10,São Paulo,3550308,True,,33321,,,-23.462498500000002,-46.659318999999996,,,,2,2023-06-17T06:17:24+00:00
SAO_4113-10,São Paulo,3550308,True,,33536,,,-23.544515125,-46.644026874999994,,,,2,2023-06-17T06:17:17+00:00
SAO_3099-10,São Paulo,3550308,True,,1079,,,-23.610744500000003,-46.4435615,,,,1,2023-06-17T06:17:43+00:00
SAO_6007-10,São Paulo,3550308,True,,176,,,-23.654528,-46.7141635,,,,1,2023-06-17T06:17:15+00:00
SAO_6007-10,São Paulo,3550308,True,,176,,,-23.6673105,-46.7275205,,,,1,2023-06-17T06:17:16+00:00
SAO_6007-10,São Paulo,3550308,True,,176,,,-23.65761975,-46.76105925,,,,1,2023-06-17T06:17:14+00:00
SAO_6007-10,São Paulo,3550308,True,,176,,,-23.661609,-46.7549175,,,,1,2023-06-17T06:17:41+00:00
SAO_978A-10,São Paulo,3550308,True,,1369,,,-23.524992124999997,-46.668006625000004,,,,1,2023-06-17T06:17:08+00:00
SAO_233C-10,São Paulo,3550308,True,,155,,,-23.52438525,-46.475050749999994,,,,1,2023-06-17T06:16:59+00:00
SAO_233C-10,São Paulo,3550308,True,,155,,,-23.526138,-46.4747285,,,,1,2023-06-17T06:17:33+00:00
SAO_233C-10,São Paulo,3550308,True,,155,,,-23.554814999999998,-46.516453999999996,,,,1,2023-06-17T06:17:04+00:00
SAO_2105-10,São Paulo,3550308,True,,35015,,,-23.451956000000003,-46.58545,,,,2,2023-06-17T06:16:50+00:00
SAO_407E-10,São Paulo,3550308,True,,2215,,,-23.553479000000003,-46.51809,,,,1,2023-06-17T06:17:29+00:00
SAO_407E-10,São Paulo,3550308,True,,2215,,,-23.6226785,-46.4497675,,,,1,2023-06-17T06:17:12+00:00
SAO_407E-10,São Paulo,3550308,True,,2215,,,-23.606362750000002,-46.465556500000005,,,,1,2023-06-17T06:17:06+00:00
SAO_6837-10,São Paulo,3550308,True,,32774,,,-23.615714,-46.740030000000004,,,,2,2023-06-17T06:17:06+00:00
SAO_6837-10,São Paulo,3550308,True,,32774,,,-23.64861825,-46.76158975,,,,2,2023-06-17T06:17:27+00:00
SAO_5021-10,São Paulo,3550308,True,,1667,,,-23.606040874999998,-46.614740749999996,,,,1,2023-06-17T06:17:24+00:00
SAO_6450-10,São Paulo,3550308,True,,59,,,-23.64668,-46.746952750000005,,,,1,2023-06-17T06:17:22+00:00
SAO_6450-10,São Paulo,3550308,True,,59,,,-23.5977815,-46.673862,,,,1,2023-06-17T06:17:43+00:00
SAO_6118-10,São Paulo,3550308,True,,33956,,,-23.7435915,-46.70258525,,,,2,2023-06-17T06:17:05+00:00
SAO_6118-10,São Paulo,3550308,True,,33956,,,-23.729432250000002,-46.71577125,,,,2,2023-06-17T06:17:33+00:00
SAO_6291-10,São Paulo,3550308,True,EMTU,358,https://moovitapp.com/index/pt-br/transporte_p%C3%BAblico-line-358-Sao_Paulo-242-2038937-36419439-0,4.8,-23.6461525,-46.7698945,,,,1,2023-06-17T06:17:05+00:00
SAO_709P-10,São Paulo,3550308,True,,1993,,,-23.6554885,-46.722805,,,,1,2023-06-17T06:17:43+00:00
SAO_6083-10,São Paulo,3550308,True,,34501,,,-23.7379535,-46.697821,,,,2,2023-06-17T06:17:23+00:00
SAO_2006-10,São Paulo,3550308,True,,895,,,-23.4941615,-46.400386,,,,1,2023-06-17T06:17:12+00:00
SAO_2006-10,São Paulo,3550308,True,,895,,,-23.506819874999998,-46.366454125,,,,1,2023-06-17T06:17:08+00:00
SAO_2006-10,São Paulo,3550308,True,,895,,,-23.5051475,-46.36660425,,,,1,2023-06-17T06:17:14+00:00
SAO_2006-10,São Paulo,3550308,True,,895,,,-23.495334999999997,-46.372143,,,,1,2023-06-17T06:17:07+00:00
SAO_2006-10,São Paulo,3550308,True,,895,,,-23.510832999999998,-46.366727,,,,1,2023-06-17T06:17:39+00:00
SAO_7002-10,São Paulo,3550308,True,,772,,,-23.5854305,-46.74638,,,,1,2023-06-17T06:17:09+00:00
SAO_857R-10,São Paulo,3550308,True,,34660,,,-23.59988525,-46.7419835,,,,2,2023-06-17T06:17:35+00:00
SAO_857R-10,São Paulo,3550308,True,,34660,,,-23.631218,-46.773197499999995,,,,2,2023-06-17T06:17:26+00:00
SAO_5034-31,São Paulo,3550308,True,,34432,,,-23.623129749999997,-46.60181925,,,,2,2023-06-17T06:17:21+00:00
SAO_524L-10,São Paulo,3550308,True,,34483,,,-23.564211750000002,-46.560891749999996,,,,2,2023-06-17T06:17:28+00:00
SAO_352A-10,São Paulo,3550308,True,,164,,,-23.610467,-46.476589375,,,,1,2023-06-17T06:17:01+00:00
SAO_352A-10,São Paulo,3550308,True,,164,,,-23.493354,-46.443937000000005,,,,1,2023-06-17T06:17:32+00:00
SAO_6072-10,São Paulo,3550308,True,,34356,,,-23.8274015,-46.69739250000001,,,,2,2023-06-17T06:17:31+00:00
SAO_6072-10,São Paulo,3550308,True,,34356,,,-23.8274015,-46.69739250000001,,,,2,2023-06-17T06:17:03+00:00
SAO_6072-10,São Paulo,3550308,True,,34356,,,-23.8274015,-46.69739250000001,,,,2,2023-06-17T06:17:22+00:00
SAO_6072-10,São Paulo,3550308,True,,34356,,,-23.8274015,-46.69739250000001,,,,2,2023-06-17T06:17:38+00:00
SAO_6072-10,São Paulo,3550308,True,,34356,,,-23.771853,-46.719546,,,,2,2023-06-17T06:17:30+00:00
SAO_6072-10,São Paulo,3550308,True,,34356,,,-23.8274015,-46.69739250000001,,,,2,2023-06-17T06:17:19+00:00
SAO_6072-10,São Paulo,3550308,True,,34356,,,-23.8274015,-46.69739250000001,,,,2,2023-06-17T06:17:44+00:00
SAO_6072-10,São Paulo,3550308,True,,34356,,,-23.827348,-46.69764012499999,,,,2,2023-06-17T06:17:31+00:00
SAO_6072-10,São Paulo,3550308,True,,34356,,,-23.805836,-46.713612,,,,2,2023-06-17T06:15:30+00:00
SAO_719R-10,São Paulo,3550308,True,,33237,,,-23.526614000000002,-46.668097,,,,2,2023-06-17T06:17:12+00:00
SAO_719R-10,São Paulo,3550308,True,,33237,,,-23.562407999999998,-46.764896375000006,,,,2,2023-06-17T06:17:41+00:00
SAO_N437-11,São Paulo,3550308,True,,2370,,,-23.56650875,-46.39805375,,,,1,2023-06-17T06:17:12+00:00
SAO_4031-10,São Paulo,3550308,True,,33869,,,-23.592907750000002,-46.584588,,,,2,2023-06-17T06:17:32+00:00
SAO_4031-10,São Paulo,3550308,True,,33869,,,-23.6141885,-46.517275999999995,,,,2,2023-06-17T06:17:16+00:00
SAO_5100-10,São Paulo,3550308,True,,1370,,,-23.566105999999998,-46.7019325,,,,1,2023-06-17T06:17:28+00:00
SAO_208V-10,São Paulo,3550308,True,Rápido Campinas,207,https://moovitapp.com/index/pt-br/transporte_p%C3%BAblico-line-207-Sao_Paulo-242-858660-638984-0,5.3,-23.517753,-46.475941500000005,,,,1,2023-06-17T06:17:27+00:00
SAO_208V-10,São Paulo,3550308,True,Rápido Campinas,207,https://moovitapp.com/index/pt-br/transporte_p%C3%BAblico-line-207-Sao_Paulo-242-858660-638984-0,5.3,-23.517753,-46.475941500000005,,,,1,2023-06-17T06:17:36+00:00
SAO_208V-10,São Paulo,3550308,True,Rápido Campinas,207,https://moovitapp.com/index/pt-br/transporte_p%C3%BAblico-line-207-Sao_Paulo-242-858660-638984-0,5.3,-23.517753,-46.475941500000005,,,,1,2023-06-17T06:17:13+00:00
SAO_208V-10,São Paulo,3550308,True,Rápido Campinas,207,https://moovitapp.com/index/pt-br/transporte_p%C3%BAblico-line-207-Sao_Paulo-242-858660-638984-0,5.3,-23.5430735,-46.6279255,,,,1,2023-06-17T06:17:27+00:00
SAO_208V-10,São Paulo,3550308,True,Rápido Campinas,207,https://moovitapp.com/index/pt-br/transporte_p%C3%BAblico-line-207-Sao_Paulo-242-858660-638984-0,5.3,-23.517753,-46.475941500000005,,,,1,2023-06-17T06:17:02+00:00
SAO_7060-10,São Paulo,3550308,True,,1889,,,-23.6313825,-46.77286,,,,1,2023-06-17T06:17:43+00:00
SAO_7060-10,São Paulo,3550308,True,,1889,,,-23.652925,-46.777986999999996,,,,1,2023-06-17T06:17:09+00:00
SAO_3025-10,São Paulo,3550308,True,,33729,,,-23.5594945,-46.4119435,,,,2,2023-06-17T06:17:44+00:00
SAO_3025-10,São Paulo,3550308,True,,33729,,,-23.575436124999996,-46.396136625000004,,,,2,2023-06-17T06:17:28+00:00
SAO_2702-10,São Paulo,3550308,True,,914,,,-23.510130750000002,-46.477472500000005,,,,1,2023-06-17T06:16:58+00:00
SAO_2702-10,São Paulo,3550308,True,,914,,,-23.495735500000002,-46.4447775,,,,1,2023-06-17T06:17:15+00:00
SAO_2702-10,São Paulo,3550308,True,,914,,,-23.495477,-46.4449435,,,,1,2023-06-17T06:16:45+00:00
SAO_2702-10,São Paulo,3550308,True,,914,,,-23.495477,-46.4449435,,,,1,2023-06-17T06:16:10+00:00
SAO_2702-10,São Paulo,3550308,True,,914,,,-23.498739999999998,-46.4654545,,,,1,2023-06-17T06:17:31+00:00
SAO_7051-10,São Paulo,3550308,True,,34653,,,-23.650481499999998,-46.782826,,,,2,2023-06-17T06:17:34+00:00
SAO_7051-10,São Paulo,3550308,True,,34653,,,-23.654795999999997,-46.7843735,,,,2,2023-06-17T06:17:12+00:00
SAO_6262-10,São Paulo,3550308,True,,34139,,,-23.580458,-46.680413,,,,2,2023-06-17T06:17:23+00:00
SAO_978L-10,São Paulo,3550308,True,EMTU,466,https://moovitapp.com/index/pt-br/transporte_p%C3%BAblico-line-466-Sao_Paulo-242-2038937-72712754-0,5.4,-23.53565725,-46.65342525,,,,1,2023-06-17T06:17:32+00:00
SAO_3051-10,São Paulo,3550308,True,,2446,,,-23.486259000000004,-46.48087725,,,,1,2023-06-17T06:17:04+00:00
SAO_3051-10,São Paulo,3550308,True,,2446,,,-23.51654875,-46.46826725,,,,1,2023-06-17T06:14:58+00:00
SAO_9191-10,São Paulo,3550308,True,EMTU,810,https://moovitapp.com/index/pt-br/transporte_p%C3%BAblico-line-810-Sao_Paulo-242-2038937-36419585-0,5.4,-23.5258545,-46.644837624999994,,,,1,2023-06-17T06:17:29+00:00
SAO_6L04-10,São Paulo,3550308,True,,1180,,,-23.827945999999997,-46.727483500000005,,,,1,2023-06-17T06:17:20+00:00
SAO_6L04-10,São Paulo,3550308,True,,1180,,,-23.828025500000003,-46.7271865,,,,1,2023-06-17T06:17:19+00:00
SAO_3903-10,São Paulo,3550308,True,,1471,,,-23.520953499999997,-46.457035000000005,,,,1,2023-06-17T06:17:37+00:00
SAO_6338-10,São Paulo,3550308,True,,34061,,,-23.629943,-46.646716,,,,2,2023-06-17T06:17:16+00:00
SAO_N834-11,São Paulo,3550308,True,,2433,,,-23.5460535,-46.69134,,,,1,2023-06-17T06:17:37+00:00
SAO_271M-10,São Paulo,3550308,True,,684,,,-23.507111,-46.571313,,,,1,2023-06-17T06:17:42+00:00
SAO_8018-10,São Paulo,3550308,True,,2070,,,-23.6050275,-46.73617125,,,,1,2023-06-17T06:17:05+00:00
SAO_8078-10,São Paulo,3550308,True,,34848,,,-23.6254505,-46.7479555,,,,2,2023-06-17T06:17:40+00:00
SAO_917M-10,São Paulo,3550308,True,,1366,,,-23.581736499999998,-46.638384,,,,1,2023-06-17T06:17:35+00:00
SAO_1773-10,São Paulo,3550308,True,,637,,,-23.489323499999998,-46.62424,,,,1,2023-06-17T06:16:56+00:00
SAO_5013-10,São Paulo,3550308,True,,1117,,,-23.6802155,-46.64096825,,,,1,2023-06-17T06:17:32+00:00
SAO_508L-10,São Paulo,3550308,True,,32885,,,-23.5664775,-46.63291425,,,,2,2023-06-17T06:17:38+00:00
SAO_407A-10,São Paulo,3550308,True,,2194,,,-23.540216,-46.61209975,,,,1,2023-06-17T06:17:25+00:00
SAO_407A-10,São Paulo,3550308,True,,2194,,,-23.579061,-46.538959500000004,,,,1,2023-06-17T06:17:16+00:00
SAO_958P-10,São Paulo,3550308,True,,33233,,,-23.501193999999998,-46.7388825,,,,2,2023-06-17T06:17:23+00:00
SAO_958P-10,São Paulo,3550308,True,,33233,,,-23.5365855,-46.72600275,,,,2,2023-06-17T06:17:43+00:00
SAO_677V-10,São Paulo,3550308,True,EMTU,112,https://moovitapp.com/index/pt-br/transporte_p%C3%BAblico-line-112-Sao_Paulo-242-2038937-36419272-0,5.7,-23.7275845,-46.704073,,,,1,2023-06-17T06:17:18+00:00
SAO_N334-11,São Paulo,3550308,True,,2346,,,-23.508286499999997,-46.435785249999995,,,,1,2023-06-17T06:17:22+00:00
SAO_6840-10,São Paulo,3550308,True,EMTU,201,https://moovitapp.com/index/pt-br/transporte_p%C3%BAblico-line-201-Sao_Paulo-242-2038937-58093160-0,20.4,-23.7320815,-46.786311,,,,1,2023-06-17T06:17:29+00:00
SAO_6840-10,São Paulo,3550308,True,EMTU,201,https://moovitapp.com/index/pt-br/transporte_p%C3%BAblico-line-201-Sao_Paulo-242-2038937-58093160-0,20.4,-23.7317975,-46.7861475,,,,1,2023-06-17T06:05:51+00:00
SAO_6840-10,São Paulo,3550308,True,EMTU,201,https://moovitapp.com/index/pt-br/transporte_p%C3%BAblico-line-201-Sao_Paulo-242-2038937-58093160-0,20.4,-23.7317975,-46.7861475,,,,1,2023-06-17T06:12:51+00:00
SAO_6840-10,São Paulo,3550308,True,EMTU,201,https://moovitapp.com/index/pt-br/transporte_p%C3%BAblico-line-201-Sao_Paulo-242-2038937-58093160-0,20.4,-23.7320815,-46.786311,,,,1,2023-06-17T06:17:43+00:00
SAO_6840-10,São Paulo,3550308,True,EMTU,201,https://moovitapp.com/index/pt-br/transporte_p%C3%BAblico-line-201-Sao_Paulo-242-2038937-58093160-0,20.4,-23.666631,-46.771947,,,,1,2023-06-17T06:17:26+00:00
SAO_6840-10,São Paulo,3550308,True,EMTU,201,https://moovitapp.com/index/pt-br/transporte_p%C3%BAblico-line-201-Sao_Paulo-242-2038937-58093160-0,20.4,-23.727213,-46.7863825,,,,1,2023-06-17T06:17:38+00:00
SAO_N301-11,São Paulo,3550308,True,,2335,,,-23.521151500000002,-46.54670075,,,,1,2023-06-17T06:17:11+00:00
SAO_N301-11,São Paulo,3550308,True,,2335,,,-23.517753,-46.475941500000005,,,,1,2023-06-17T06:17:36+00:00
SAO_3739-10,São Paulo,3550308,True,,1039,,,-23.5629695,-46.44609975,,,,1,2023-06-17T06:17:18+00:00
SAO_3739-10,São Paulo,3550308,True,,1039,,,-23.542499499999998,-46.4704655,,,,1,2023-06-17T06:17:46+00:00
SAO_3739-10,São Paulo,3550308,True,,1039,,,-23.5629695,-46.44609975,,,,1,2023-06-17T06:17:43+00:00
SAO_3739-10,São Paulo,3550308,True,,1039,,,-23.5426505,-46.471396999999996,,,,1,2023-06-17T06:17:40+00:00
SAO_3739-10,São Paulo,3550308,True,,1039,,,-23.611822,-46.416231499999995,,,,1,2023-06-17T06:17:25+00:00
SAO_3734-10,São Paulo,3550308,True,,33802,,,-23.542741,-46.482468,,,,2,2023-06-17T06:17:04+00:00
SAO_177H-10,São Paulo,3550308,True,,33398,,,-23.5546455,-46.672629375,,,,2,2023-06-17T06:17:27+00:00
SAO_177H-10,São Paulo,3550308,True,,33398,,,-23.500697,-46.648617,,,,2,2023-06-17T06:17:38+00:00
SAO_971V-10,São Paulo,3550308,True,,33387,,,-23.4517225,-46.6884375,,,,2,2023-06-17T06:17:25+00:00
SAO_971V-10,São Paulo,3550308,True,,33387,,,-23.4598465,-46.6751205,,,,2,2023-06-17T06:17:27+00:00
SAO_971V-10,São Paulo,3550308,True,,33387,,,-23.4508735,-46.6900225,,,,2,2023-06-17T06:17:35+00:00
SAO_971V-10,São Paulo,3550308,True,,33387,,,-23.4577905,-46.675678,,,,2,2023-06-17T06:16:59+00:00
SAO_477P-10,São Paulo,3550308,True,,33116,,,-23.5786365,-46.6087055,,,,2,2023-06-17T06:17:44+00:00
SAO_477P-10,São Paulo,3550308,True,,33116,,,-23.598042624999998,-46.622745,,,,2,2023-06-17T06:17:15+00:00
SAO_477P-10,São Paulo,3550308,True,,33116,,,-23.603403,-46.655918875,,,,2,2023-06-17T06:17:41+00:00
SAO_477P-10,São Paulo,3550308,True,,33116,,,-23.606357375,-46.684633875,,,,2,2023-06-17T06:17:43+00:00
SAO_477P-10,São Paulo,3550308,True,,33116,,,-23.579792500000003,-46.612548000000004,,,,2,2023-06-17T06:17:44+00:00
SAO_372F-10,São Paulo,3550308,True,,1015,,,-23.546568,-46.605794,,,,1,2023-06-17T06:17:40+00:00
SAO_971T-10,São Paulo,3550308,True,,618,,,-23.4919685,-46.6691165,,,,1,2023-06-17T06:17:19+00:00
SAO_407N-10,São Paulo,3550308,True,,34937,,,-23.5830225,-46.4086875,,,,2,2023-06-17T06:17:39+00:00
SAO_407N-10,São Paulo,3550308,True,,34937,,,-23.545674750000003,-46.528944499999994,,,,2,2023-06-17T06:17:41+00:00
SAO_407N-10,São Paulo,3550308,True,,34937,,,-23.596168,-46.4663305,,,,2,2023-06-17T06:17:25+00:00
SAO_6046-10,São Paulo,3550308,True,,33991,,,-23.6843195,-46.781726500000005,,,,2,2023-06-17T06:17:42+00:00
SAO_6046-10,São Paulo,3550308,True,,33991,,,-23.684154999999997,-46.7816525,,,,2,2023-06-17T06:17:16+00:00
SAO_4742-10,São Paulo,3550308,True,,33110,,,-23.650326,-46.614008999999996,,,,2,2023-06-17T06:17:22+00:00
SAO_4742-10,São Paulo,3550308,True,,33110,,,-23.62632875,-46.63062975,,,,2,2023-06-17T06:17:39+00:00
SAO_4742-10,São Paulo,3550308,True,,33110,,,-23.650569,-46.614115999999996,,,,2,2023-06-17T06:17:06+00:00
SAO_3735-10,São Paulo,3550308,True,,1035,,,-23.54143525,-46.48684725,,,,1,2023-06-17T06:17:09+00:00
SAO_3735-10,São Paulo,3550308,True,,1035,,,-23.540855999999998,-46.4849405,,,,1,2023-06-17T06:17:27+00:00
SAO_9501-10,São Paulo,3550308,True,EMTU,462,https://moovitapp.com/index/pt-br/transporte_p%C3%BAblico-line-462-Sao_Paulo-242-2038937-36419502-0,7.4,-23.519113625000003,-46.67581725000001,,,,1,2023-06-17T06:17:19+00:00
SAO_9501-10,São Paulo,3550308,True,EMTU,462,https://moovitapp.com/index/pt-br/transporte_p%C3%BAblico-line-462-Sao_Paulo-242-2038937-36419502-0,7.4,-23.5027745,-46.687813250000005,,,,1,2023-06-17T06:17:08+00:00
SAO_775F-10,São Paulo,3550308,True,,33564,,,-23.55846925,-46.683035000000004,,,,2,2023-06-17T06:17:31+00:00
SAO_775F-10,São Paulo,3550308,True,,33564,,,-23.608361000000002,-46.751095500000005,,,,2,2023-06-17T06:17:46+00:00
SAO_775F-10,São Paulo,3550308,True,,33564,,,-23.6115085,-46.733822,,,,2,2023-06-17T06:17:10+00:00
SAO_407J-10,São Paulo,3550308,True,,2198,,,-23.541129750000003,-46.55422,,,,1,2023-06-17T06:17:37+00:00
SAO_407J-10,São Paulo,3550308,True,,2198,,,-23.56881,-46.4756615,,,,1,2023-06-17T06:17:37+00:00
SAO_4286-10,São Paulo,3550308,True,,33094,,,-23.5971895,-46.5442745,,,,2,2023-06-17T06:16:44+00:00
SAO_5024-10,São Paulo,3550308,True,,33890,,,-23.6738765,-46.68629525,,,,2,2023-06-17T06:17:20+00:00
SAO_N203-11,São Paulo,3550308,True,,2313,,,-23.5104885,-46.62510475,,,,1,2023-06-17T06:17:25+00:00
SAO_2710-10,São Paulo,3550308,True,,924,,,-23.51982,-46.48323025,,,,1,2023-06-17T06:17:39+00:00
SAO_2710-10,São Paulo,3550308,True,,924,,,-23.529988,-46.5012995,,,,1,2023-06-17T06:17:07+00:00
SAO_5141-10,São Paulo,3550308,True,,34393,,,-23.5997585,-46.513968,,,,2,2023-06-17T06:17:38+00:00
SAO_5141-10,São Paulo,3550308,True,,34393,,,-23.5484805,-46.58988,,,,2,2023-06-17T06:17:33+00:00
SAO_3459-23,São Paulo,3550308,True,,33172,,,-23.516064749999998,-46.383449,,,,2,2023-06-17T06:17:29+00:00
SAO_3459-23,São Paulo,3550308,True,,33172,,,-23.516330250000003,-46.383790999999995,,,,2,2023-06-17T06:17:36+00:00
SAO_1178-33,São Paulo,3550308,True,,34778,,,-23.541905,-46.635033,,,,2,2023-06-17T06:12:46+00:00
SAO_3020-10,São Paulo,3550308,True,,33726,,,-23.5650335,-46.50717,,,,2,2023-06-17T06:17:45+00:00
SAO_3020-10,São Paulo,3550308,True,,33726,,,-23.557758,-46.475693625,,,,2,2023-06-17T06:17:23+00:00
SAO_6824-10,São Paulo,3550308,True,BR7 Mobilidade,23,https://moovitapp.com/index/pt-br/transporte_p%C3%BAblico-line-23-Sao_Paulo-242-851856-518590-0,5.75,-23.6539115,-46.762288,,,,1,2023-06-17T06:17:35+00:00
SAO_2006-10,São Paulo,3550308,True,,33663,,,-23.494194,-46.400918,,,,2,2023-06-17T06:17:28+00:00
SAO_2006-10,São Paulo,3550308,True,,33663,,,-23.494194,-46.400918,,,,2,2023-06-17T06:17:24+00:00
SAO_2723-10,São Paulo,3550308,True,,937,,,-23.542183,-46.472731499999995,,,,1,2023-06-17T06:17:33+00:00
SAO_2723-10,São Paulo,3550308,True,,937,,,-23.4945855,-46.443143,,,,1,2023-06-17T06:17:20+00:00
SAO_719P-10,São Paulo,3550308,True,,34140,,,-23.535651625,-46.64792575,,,,2,2023-06-17T06:16:57+00:00
SAO_719P-10,São Paulo,3550308,True,,34140,,,-23.565859,-46.7013775,,,,2,2023-06-17T06:17:09+00:00
SAO_5108-10,São Paulo,3550308,True,,34443,,,-23.661933875000003,-46.618261375,,,,2,2023-06-17T06:17:17+00:00
SAO_5108-10,São Paulo,3550308,True,,34443,,,-23.6496705,-46.6138115,,,,2,2023-06-17T06:17:17+00:00
SAO_5108-10,São Paulo,3550308,True,,34443,,,-23.650326,-46.614008999999996,,,,2,2023-06-17T06:17:19+00:00
SAO_5108-10,São Paulo,3550308,True,,34443,,,-23.606575,-46.6164105,,,,2,2023-06-17T06:17:44+00:00
SAO_N738-11,São Paulo,3550308,True,,2419,,,-23.6899025,-46.7591965,,,,1,2023-06-17T06:17:23+00:00
SAO_4717-10,São Paulo,3550308,True,EMTU,335,https://moovitapp.com/index/pt-br/transporte_p%C3%BAblico-line-335-Sao_Paulo-242-2038937-36419420-0,5.35,-23.63464875,-46.599733,,,,1,2023-06-17T06:17:32+00:00
SAO_637P-10,São Paulo,3550308,True,,32815,,,-23.576913500000003,-46.68722325,,,,2,2023-06-17T06:17:45+00:00
SAO_637P-10,São Paulo,3550308,True,,32815,,,-23.6431665,-46.700297250000006,,,,2,2023-06-17T06:17:42+00:00
SAO_8007-10,São Paulo,3550308,True,,1257,,,-23.483933999999998,-46.740694000000005,,,,1,2023-06-17T06:17:35+00:00
SAO_1018-10,São Paulo,3550308,True,,33600,,,-23.4685865,-46.6167715,,,,2,2023-06-17T06:14:50+00:00
SAO_2523-10,São Paulo,3550308,True,Cidade de Caieiras,250,https://moovitapp.com/index/pt-br/transporte_p%C3%BAblico-line-250-Sao_Paulo-242-868761-752902-0,5.0,-23.5182095,-46.475659,,,,1,2023-06-17T06:17:36+00:00
SAO_2523-10,São Paulo,3550308,True,Cidade de Caieiras,250,https://moovitapp.com/index/pt-br/transporte_p%C3%BAblico-line-250-Sao_Paulo-242-868761-752902-0,5.0,-23.5229945,-46.4272675,,,,1,2023-06-17T06:17:31+00:00
SAO_2523-10,São Paulo,3550308,True,Cidade de Caieiras,250,https://moovitapp.com/index/pt-br/transporte_p%C3%BAblico-line-250-Sao_Paulo-242-868761-752902-0,5.0,-23.5182095,-46.475659,,,,1,2023-06-17T06:17:00+00:00
SAO_2523-10,São Paulo,3550308,True,Cidade de Caieiras,250,https://moovitapp.com/index/pt-br/transporte_p%C3%BAblico-line-250-Sao_Paulo-242-868761-752902-0,5.0,-23.517178,-46.4754515,,,,1,2023-06-17T06:17:04+00:00
SAO_273R-10,São Paulo,3550308,True,,32994,,,-23.525419875,-46.474753125,,,,2,2023-06-17T06:17:44+00:00
SAO_273R-10,São Paulo,3550308,True,,32994,,,-23.522662999999998,-46.41263875,,,,2,2023-06-17T06:17:41+00:00
SAO_2728-10,São Paulo,3550308,True,,33711,,,-23.5084565,-46.5381285,,,,2,2023-06-17T06:17:36+00:00
SAO_2728-10,São Paulo,3550308,True,,33711,,,-23.529331499999998,-46.552138,,,,2,2023-06-17T06:17:09+00:00
SAO_2728-10,São Paulo,3550308,True,,33711,,,-23.500805999999997,-46.5126535,,,,2,2023-06-17T06:17:33+00:00
SAO_4312-10,São Paulo,3550308,True,,2172,,,-23.5428375,-46.587731000000005,,,,1,2023-06-17T06:17:41+00:00
SAO_4312-10,São Paulo,3550308,True,,2172,,,-23.536688875000003,-46.557333375,,,,1,2023-06-17T06:17:21+00:00
SAO_4312-10,São Paulo,3550308,True,,2172,,,-23.543466375,-46.590280875,,,,1,2023-06-17T06:17:34+00:00
SAO_6422-10,São Paulo,3550308,True,EMTU,361,https://moovitapp.com/index/pt-br/transporte_p%C3%BAblico-line-361-Sao_Paulo-242-2038937-36419442-0,7.9,-23.559576,-46.65437225000001,,,,1,2023-06-17T06:17:20+00:00
SAO_8021-10,São Paulo,3550308,True,,34841,,,-23.5776215,-46.765493000000006,,,,2,2023-06-17T06:17:45+00:00
SAO_273J-10,São Paulo,3550308,True,STT,389,https://moovitapp.com/index/pt-br/transporte_p%C3%BAblico-line-389-Sao_Paulo-242-850661-183299-0,5.3,-23.51458625,-46.500143249999994,,,,1,2023-06-17T06:17:07+00:00
SAO_273J-10,São Paulo,3550308,True,STT,389,https://moovitapp.com/index/pt-br/transporte_p%C3%BAblico-line-389-Sao_Paulo-242-850661-183299-0,5.3,-23.50145,-46.44841325,,,,1,2023-06-17T06:17:31+00:00
SAO_3735-41,São Paulo,3550308,True,,1920,,,-23.5497695,-46.4928965,,,,1,2023-06-17T06:17:24+00:00
SAO_1177-10,São Paulo,3550308,True,,129,,,-23.518318999999998,-46.4758545,,,,1,2023-06-17T06:17:09+00:00
SAO_1177-10,São Paulo,3550308,True,,129,,,-23.518318999999998,-46.4758545,,,,1,2023-06-17T06:17:36+00:00
SAO_2010-10,São Paulo,3550308,True,,2104,,,-23.52362875,-46.62549275,,,,1,2023-06-17T06:17:35+00:00
SAO_2010-10,São Paulo,3550308,True,,2104,,,-23.480325999999998,-46.5627615,,,,1,2023-06-17T06:17:44+00:00
SAO_8075-21,São Paulo,3550308,True,,35305,,,-23.591,-46.7362035,,,,2,2023-06-17T06:17:15+00:00
SAO_N407-11,São Paulo,3550308,True,,2363,,,-23.5431195,-46.564417,,,,1,2023-06-17T06:17:26+00:00
SAO_278A-10,São Paulo,3550308,True,,33474,,,-23.534166,-46.5676,,,,2,2023-06-17T06:17:42+00:00
SAO_278A-10,São Paulo,3550308,True,,33474,,,-23.504883,-46.623668625,,,,2,2023-06-17T06:17:21+00:00
SAO_2717-10,São Paulo,3550308,True,,33698,,,-23.4983835,-46.506795,,,,2,2023-06-17T06:17:40+00:00
SAO_8500-10,São Paulo,3550308,True,,34035,,,-23.498233,-46.706727,,,,2,2023-06-17T06:17:41+00:00
SAO_8028-10,São Paulo,3550308,True,,2532,,,-23.6220775,-46.7278395,,,,1,2023-06-17T06:17:33+00:00
SAO_746V-10,São Paulo,3550308,True,,33560,,,-23.61964675,-46.758040875,,,,2,2023-06-17T06:17:38+00:00
SAO_746V-10,São Paulo,3550308,True,,33560,,,-23.642847,-46.76572,,,,2,2023-06-17T06:17:34+00:00
SAO_2724-10,São Paulo,3550308,True,,33706,,,-23.534727,-46.473905,,,,2,2023-06-17T06:17:02+00:00
SAO_2724-10,São Paulo,3550308,True,,33706,,,-23.5398895,-46.483771000000004,,,,2,2023-06-17T06:16:53+00:00
SAO_6821-10,São Paulo,3550308,True,,32789,,,-23.681885,-46.777691000000004,,,,2,2023-06-17T06:17:09+00:00
SAO_354M-10,São Paulo,3550308,True,,1619,,,-23.493789,-46.4398925,,,,1,2023-06-17T06:17:26+00:00
SAO_354M-10,São Paulo,3550308,True,,1619,,,-23.577302500000002,-46.44377075,,,,1,2023-06-17T06:17:15+00:00
SAO_6041-10,São Paulo,3550308,True,,33986,,,-23.6899145,-46.7808755,,,,2,2023-06-17T06:17:18+00:00
SAO_6041-10,São Paulo,3550308,True,,33986,,,-23.644084499999998,-46.7308075,,,,2,2023-06-17T06:17:42+00:00
SAO_6041-10,São Paulo,3550308,True,,33986,,,-23.6762565,-46.7753185,,,,2,2023-06-17T06:17:11+00:00
SAO_8040-10,São Paulo,3550308,True,,33174,,,-23.494018500000003,-46.763138,,,,2,2023-06-17T06:17:30+00:00
SAO_8040-10,São Paulo,3550308,True,,33174,,,-23.5185845,-46.7026815,,,,2,2023-06-17T06:17:34+00:00
SAO_8040-10,São Paulo,3550308,True,,33174,,,-23.438968,-46.7660975,,,,2,2023-06-17T06:17:10+00:00
SAO_5022-10,São Paulo,3550308,True,,1120,,,-23.6524195,-46.6447535,,,,1,2023-06-17T06:17:19+00:00
SAO_5022-10,São Paulo,3550308,True,,1120,,,-23.672228,-46.638205,,,,1,2023-06-17T06:17:20+00:00
SAO_5131-10,São Paulo,3550308,True,,34050,,,-23.5551045,-46.639196625000004,,,,2,2023-06-17T06:17:17+00:00
SAO_607A-10,São Paulo,3550308,True,,34907,,,-23.703283499999998,-46.6500815,,,,2,2023-06-17T06:16:50+00:00
SAO_607A-10,São Paulo,3550308,True,,34907,,,-23.710093,-46.6530105,,,,2,2023-06-17T06:12:50+00:00
SAO_607A-10,São Paulo,3550308,True,,34907,,,-23.7050945,-46.6515495,,,,2,2023-06-17T06:17:23+00:00
SAO_2100-10,São Paulo,3550308,True,STT,713,https://moovitapp.com/index/pt-br/transporte_p%C3%BAblico-line-713-Sao_Paulo-242-850661-183342-0,5.3,-23.564413000000002,-46.547603,,,,1,2023-06-17T06:17:10+00:00
SAO_2100-10,São Paulo,3550308,True,STT,713,https://moovitapp.com/index/pt-br/transporte_p%C3%BAblico-line-713-Sao_Paulo-242-850661-183342-0,5.3,-23.549877000000002,-46.631001999999995,,,,1,2023-06-17T06:17:26+00:00
SAO_373T-10,São Paulo,3550308,True,,1091,,,-23.59146725,-46.52915025,,,,1,2023-06-17T06:17:22+00:00
SAO_373T-10,São Paulo,3550308,True,,1091,,,-23.573725,-46.5874805,,,,1,2023-06-17T06:17:20+00:00
SAO_2728-10,São Paulo,3550308,True,,943,,,-23.507894,-46.533983000000006,,,,1,2023-06-17T06:17:11+00:00
SAO_6034-10,São Paulo,3550308,True,,32863,,,-23.746050500000003,-46.671514,,,,2,2023-06-17T06:17:25+00:00
SAO_407Y-10,São Paulo,3550308,True,,2206,,,-23.5846035,-46.584162500000005,,,,1,2023-06-17T06:17:34+00:00
SAO_407Y-10,São Paulo,3550308,True,,2206,,,-23.5712975,-46.506493500000005,,,,1,2023-06-17T06:17:03+00:00
SAO_9501-10,São Paulo,3550308,True,,33230,,,-23.4835285,-46.6787595,,,,2,2023-06-17T06:17:19+00:00
SAO_2582-10,São Paulo,3550308,True,EMTU,374,https://moovitapp.com/index/pt-br/transporte_p%C3%BAblico-line-374-Sao_Paulo-242-2038937-36419448-0,3.7,-23.5110745,-46.431286,,,,1,2023-06-17T06:15:35+00:00
SAO_2582-10,São Paulo,3550308,True,EMTU,374,https://moovitapp.com/index/pt-br/transporte_p%C3%BAblico-line-374-Sao_Paulo-242-2038937-36419448-0,3.7,-23.527739500000003,-46.5518895,,,,1,2023-06-17T06:17:33+00:00
SAO_2582-10,São Paulo,3550308,True,EMTU,374,https://moovitapp.com/index/pt-br/transporte_p%C3%BAblico-line-374-Sao_Paulo-242-2038937-36419448-0,3.7,-23.5366255,-46.589150000000004,,,,1,2023-06-17T06:17:38+00:00
SAO_6092-10,São Paulo,3550308,True,,33945,,,-23.7498465,-46.6878285,,,,2,2023-06-17T06:17:46+00:00
SAO_6092-10,São Paulo,3550308,True,,33945,,,-23.778464,-46.68450625,,,,2,2023-06-17T06:17:29+00:00
SAO_N503-11,São Paulo,3550308,True,,35145,,,-23.5588615,-46.576154,,,,2,2023-06-17T06:16:45+00:00
SAO_N503-11,São Paulo,3550308,True,,35145,,,-23.612541,-46.4761165,,,,2,2023-06-17T06:17:21+00:00
SAO_6051-31,São Paulo,3550308,True,,34374,,,-23.7673145,-46.7161625,,,,2,2023-06-17T06:17:31+00:00
SAO_6051-31,São Paulo,3550308,True,,34374,,,-23.767961,-46.716508,,,,2,2023-06-17T06:17:39+00:00
SAO_6051-31,São Paulo,3550308,True,,34374,,,-23.7621455,-46.689133,,,,2,2023-06-17T06:17:37+00:00
SAO_6051-31,São Paulo,3550308,True,,34374,,,-23.7621455,-46.689133,,,,2,2023-06-17T06:17:42+00:00
SAO_8549-10,São Paulo,3550308,True,,33348,,,-23.522753375,-46.691829187500005,,,,2,2023-06-17T06:17:44+00:00
SAO_8549-10,São Paulo,3550308,True,,33348,,,-23.515495,-46.6905195,,,,2,2023-06-17T06:13:02+00:00
SAO_8549-10,São Paulo,3550308,True,,33348,,,-23.530353499999997,-46.66647525,,,,2,2023-06-17T06:17:43+00:00
SAO_8549-10,São Paulo,3550308,True,,33348,,,-23.464514,-46.679869,,,,2,2023-06-17T06:17:23+00:00
SAO_8549-10,São Paulo,3550308,True,,33348,,,-23.436173500000002,-46.7172835,,,,2,2023-06-17T06:17:07+00:00
SAO_971A-10,São Paulo,3550308,True,,33426,,,-23.5025645,-46.671980500000004,,,,2,2023-06-17T06:17:24+00:00
SAO_4310-10,São Paulo,3550308,True,,34928,,,-23.539882,-46.458713,,,,2,2023-06-17T06:17:05+00:00
SAO_4310-10,São Paulo,3550308,True,,34928,,,-23.534565999999998,-46.4530625,,,,2,2023-06-17T06:17:08+00:00
SAO_4310-10,São Paulo,3550308,True,,34928,,,-23.5434835,-46.470408,,,,2,2023-06-17T06:17:12+00:00
SAO_4310-10,São Paulo,3550308,True,,34928,,,-23.548907,-46.60393525,,,,2,2023-06-17T06:17:23+00:00
SAO_4310-10,São Paulo,3550308,True,,34928,,,-23.53179125,-46.5233455,,,,2,2023-06-17T06:17:39+00:00
SAO_4310-10,São Paulo,3550308,True,,34928,,,-23.5280145,-46.507144,,,,2,2023-06-17T06:17:17+00:00
SAO_4310-10,São Paulo,3550308,True,,34928,,,-23.5493125,-46.629169000000005,,,,2,2023-06-17T06:17:25+00:00
SAO_5614-10,São Paulo,3550308,True,,34283,,,-23.5521755,-46.6354605,,,,2,2023-06-17T06:17:27+00:00
SAO_5614-10,São Paulo,3550308,True,,34283,,,-23.65913975,-46.6795975,,,,2,2023-06-17T06:17:29+00:00
SAO_5614-10,São Paulo,3550308,True,,34283,,,-23.577369750000003,-46.64466675,,,,2,2023-06-17T06:17:08+00:00
SAO_5614-10,São Paulo,3550308,True,,34283,,,-23.7043985,-46.626959,,,,2,2023-06-17T06:17:00+00:00
SAO_502J-10,São Paulo,3550308,True,,1275,,,-23.679771000000002,-46.664113,,,,1,2023-06-17T06:17:24+00:00
SAO_502J-10,São Paulo,3550308,True,,1275,,,-23.624855750000002,-46.64054324999999,,,,1,2023-06-17T06:17:22+00:00
SAO_6078-10,São Paulo,3550308,True,,33934,,,-23.7258165,-46.6996625,,,,2,2023-06-17T06:17:43+00:00
SAO_6078-10,São Paulo,3550308,True,,33934,,,-23.753009499999997,-46.682316,,,,2,2023-06-17T06:17:45+00:00
SAO_6078-10,São Paulo,3550308,True,,33934,,,-23.6714015,-46.67781975,,,,2,2023-06-17T06:17:17+00:00
SAO_8003-10,São Paulo,3550308,True,,1253,,,-23.5196005,-46.700601,,,,1,2023-06-17T06:17:09+00:00
SAO_807A-10,São Paulo,3550308,True,,1900,,,-23.649198,-46.7526175,,,,1,2023-06-17T06:17:16+00:00
SAO_7411-10,São Paulo,3550308,True,,34144,,,-23.5619965,-46.674605,,,,2,2023-06-17T06:17:33+00:00
SAO_6822-10,São Paulo,3550308,True,,32790,,,-23.653014,-46.791875000000005,,,,2,2023-06-17T06:17:04+00:00
SAO_6822-10,São Paulo,3550308,True,,32790,,,-23.650111250000002,-46.7792905,,,,2,2023-06-17T06:17:07+00:00
SAO_1787-10,São Paulo,3550308,True,,650,,,-23.455876375,-46.623459,,,,1,2023-06-17T06:17:11+00:00
SAO_6805-10,São Paulo,3550308,True,,31,,,-23.661125,-46.7543255,,,,1,2023-06-17T06:17:35+00:00
SAO_3789-10,São Paulo,3550308,True,,1067,,,-23.603413500000002,-46.398181,,,,1,2023-06-17T06:17:11+00:00
SAO_3789-10,São Paulo,3550308,True,,1067,,,-23.57454125,-46.4569015,,,,1,2023-06-17T06:17:39+00:00
SAO_3789-10,São Paulo,3550308,True,,1067,,,-23.542547,-46.4707595,,,,1,2023-06-17T06:17:27+00:00
SAO_3789-10,São Paulo,3550308,True,,1067,,,-23.611663,-46.3964115,,,,1,2023-06-17T06:17:01+00:00
SAO_3789-10,São Paulo,3550308,True,,1067,,,-23.611982,-46.3961475,,,,1,2023-06-17T06:17:03+00:00
SAO_407G-10,São Paulo,3550308,True,,2196,,,-23.540302,-46.540602,,,,1,2023-06-17T06:17:32+00:00
SAO_6L04-10,São Paulo,3550308,True,,33948,,,-23.866361249999997,-46.75256875,,,,2,2023-06-17T06:17:05+00:00
SAO_8019-10,São Paulo,3550308,True,,34839,,,-23.54793625,-46.750033,,,,2,2023-06-17T06:17:26+00:00
SAO_6037-10,São Paulo,3550308,True,,33983,,,-23.648692250000003,-46.78592975,,,,2,2023-06-17T06:17:41+00:00
SAO_6037-10,São Paulo,3550308,True,,33983,,,-23.64904925,-46.78534475,,,,2,2023-06-17T06:17:31+00:00
SAO_6037-10,São Paulo,3550308,True,,33983,,,-23.650481499999998,-46.782826,,,,2,2023-06-17T06:17:08+00:00
SAO_6037-10,São Paulo,3550308,True,,33983,,,-23.64887075,-46.78563725,,,,2,2023-06-17T06:17:28+00:00
SAO_6037-10,São Paulo,3550308,True,,33983,,,-23.64887075,-46.78563725,,,,2,2023-06-17T06:17:09+00:00
SAO_6037-10,São Paulo,3550308,True,,33983,,,-23.648520750000003,-46.78621425,,,,2,2023-06-17T06:17:46+00:00
SAO_6037-10,São Paulo,3550308,True,,33983,,,-23.648692250000003,-46.78592975,,,,2,2023-06-17T06:17:35+00:00
SAO_213E-10,São Paulo,3550308,True,,2498,,,-23.5366255,-46.589150000000004,,,,1,2023-06-17T06:17:22+00:00
SAO_3763-10,São Paulo,3550308,True,,1054,,,-23.555925000000002,-46.554116500000006,,,,1,2023-06-17T06:17:39+00:00
SAO_3763-10,São Paulo,3550308,True,,1054,,,-23.5409625,-46.5764615,,,,1,2023-06-17T06:17:33+00:00
SAO_5110-10,São Paulo,3550308,True,,2209,,,-23.613857,-46.476304,,,,1,2023-06-17T06:17:45+00:00
SAO_5110-10,São Paulo,3550308,True,,2209,,,-23.5570576875,-46.619944187499996,,,,1,2023-06-17T06:17:23+00:00
SAO_5110-10,São Paulo,3550308,True,,2209,,,-23.6028755,-46.514859,,,,1,2023-06-17T06:17:36+00:00
SAO_2290-10,São Paulo,3550308,True,,718,,,-23.5525025,-46.638121749999996,,,,1,2023-06-17T06:17:20+00:00
SAO_2290-10,São Paulo,3550308,True,,718,,,-23.608943,-46.477615,,,,1,2023-06-17T06:17:32+00:00
SAO_2290-10,São Paulo,3550308,True,,718,,,-23.53362875,-46.56546,,,,1,2023-06-17T06:17:08+00:00
SAO_2290-10,São Paulo,3550308,True,,718,,,-23.545313,-46.544859,,,,1,2023-06-17T06:17:32+00:00
SAO_2290-10,São Paulo,3550308,True,,718,,,-23.551674999999996,-46.6398785,,,,1,2023-06-17T06:17:24+00:00
SAO_3761-10,São Paulo,3550308,True,,1051,,,-23.616551,-46.42312750000001,,,,1,2023-06-17T06:17:18+00:00
SAO_3761-10,São Paulo,3550308,True,,1051,,,-23.5380685,-46.545904500000006,,,,1,2023-06-17T06:17:14+00:00
SAO_3761-10,São Paulo,3550308,True,,1051,,,-23.594973,-46.440048000000004,,,,1,2023-06-17T06:17:39+00:00
SAO_3761-10,São Paulo,3550308,True,,1051,,,-23.6135855,-46.423625,,,,1,2023-06-17T06:17:16+00:00
SAO_546T-10,São Paulo,3550308,True,,272,,,-23.6538355,-46.7110955,,,,1,2023-06-17T06:17:05+00:00
SAO_5757-10,São Paulo,3550308,True,,34056,,,-23.663238,-46.6492685,,,,2,2023-06-17T06:17:10+00:00
SAO_5757-10,São Paulo,3550308,True,,34056,,,-23.634332,-46.640935999999996,,,,2,2023-06-17T06:17:26+00:00
SAO_8062-10,São Paulo,3550308,True,,33188,,,-23.511757875,-46.73816099999999,,,,2,2023-06-17T06:17:25+00:00
SAO_8014-10,São Paulo,3550308,True,,33569,,,-23.449854000000002,-46.793964,,,,2,2023-06-17T06:17:15+00:00
SAO_8014-10,São Paulo,3550308,True,,33569,,,-23.446309499999998,-46.789116,,,,2,2023-06-17T06:17:22+00:00
SAO_8014-10,São Paulo,3550308,True,,33569,,,-23.404367999999998,-46.7515875,,,,2,2023-06-17T06:17:31+00:00
SAO_2733-10,São Paulo,3550308,True,,33716,,,-23.515938499999997,-46.4623815,,,,2,2023-06-17T06:17:25+00:00
SAO_N536-11,São Paulo,3550308,True,,2388,,,-23.5833565,-46.574647,,,,1,2023-06-17T06:17:19+00:00
SAO_7022-10,São Paulo,3550308,True,,2084,,,-23.670865499999998,-46.768071,,,,1,2023-06-17T06:17:32+00:00
SAO_7022-10,São Paulo,3550308,True,,2084,,,-23.674339000000003,-46.747109125,,,,1,2023-06-17T06:17:24+00:00
SAO_7054-10,São Paulo,3550308,True,,32809,,,-23.651447,-46.790718,,,,2,2023-06-17T06:17:09+00:00
SAO_7054-10,São Paulo,3550308,True,,32809,,,-23.646119,-46.7853245,,,,2,2023-06-17T06:17:13+00:00
SAO_7054-10,São Paulo,3550308,True,,32809,,,-23.651447,-46.790718,,,,2,2023-06-17T06:17:19+00:00
SAO_N304-11,São Paulo,3550308,True,,35106,,,-23.5259405,-46.552777000000006,,,,2,2023-06-17T06:17:07+00:00
SAO_118C-10,São Paulo,3550308,True,,33287,,,-23.467822749999996,-46.666957249999996,,,,2,2023-06-17T06:17:36+00:00
SAO_118C-10,São Paulo,3550308,True,,33287,,,-23.538683499999998,-46.648866,,,,2,2023-06-17T06:17:05+00:00
SAO_118C-10,São Paulo,3550308,True,,33287,,,-23.504861374999997,-46.624694625000004,,,,2,2023-06-17T06:17:28+00:00
SAO_6069-10,São Paulo,3550308,True,,33922,,,-23.7471885,-46.708067,,,,2,2023-06-17T06:17:40+00:00
SAO_6069-10,São Paulo,3550308,True,,33922,,,-23.747204,-46.6960135,,,,2,2023-06-17T06:17:24+00:00
SAO_1742-10,São Paulo,3550308,True,,33310,,,-23.47016425,-46.6490485,,,,2,2023-06-17T06:17:16+00:00
SAO_6071-10,São Paulo,3550308,True,,33924,,,-23.658759,-46.698775999999995,,,,2,2023-06-17T06:17:23+00:00
SAO_6071-10,São Paulo,3550308,True,,33924,,,-23.70662575,-46.68485925,,,,2,2023-06-17T06:17:08+00:00
SAO_702C-10,São Paulo,3550308,True,,33253,,,-23.544293500000002,-46.605995,,,,2,2023-06-17T06:17:40+00:00
SAO_702C-10,São Paulo,3550308,True,,33253,,,-23.543779999999998,-46.642054,,,,2,2023-06-17T06:17:06+00:00
SAO_702C-10,São Paulo,3550308,True,,33253,,,-23.578987,-46.709953,,,,2,2023-06-17T06:17:43+00:00
SAO_6L07-10,São Paulo,3550308,True,,1545,,,-23.7667025,-46.7163285,,,,1,2023-06-17T06:17:09+00:00
SAO_2678-10,São Paulo,3550308,True,,33151,,,-23.492062249999996,-46.444908999999996,,,,2,2023-06-17T06:17:40+00:00
SAO_2678-10,São Paulo,3550308,True,,33151,,,-23.4938845,-46.37678150000001,,,,2,2023-06-17T06:17:43+00:00
SAO_2678-10,São Paulo,3550308,True,,33151,,,-23.4943805,-46.438734499999995,,,,2,2023-06-17T06:17:44+00:00
SAO_2678-10,São Paulo,3550308,True,,33151,,,-23.531755500000003,-46.55994225,,,,2,2023-06-17T06:17:29+00:00
SAO_2678-10,São Paulo,3550308,True,,33151,,,-23.5127235,-46.515349,,,,2,2023-06-17T06:17:10+00:00
SAO_702U-10,São Paulo,3550308,True,,1330,,,-23.557124,-46.6660635,,,,1,2023-06-17T06:17:17+00:00
SAO_7006-10,São Paulo,3550308,True,,1995,,,-23.700074,-46.780868,,,,1,2023-06-17T06:17:21+00:00
SAO_7006-10,São Paulo,3550308,True,,1995,,,-23.733466,-46.783136999999996,,,,1,2023-06-17T06:17:24+00:00
SAO_8022-10,São Paulo,3550308,True,,34853,,,-23.571965,-46.708397500000004,,,,2,2023-06-17T06:17:16+00:00
SAO_8022-10,São Paulo,3550308,True,,34853,,,-23.5716415,-46.7082335,,,,2,2023-06-17T06:17:01+00:00
SAO_N243-11,São Paulo,3550308,True,,2332,,,-23.48395175,-46.591115625,,,,1,2023-06-17T06:17:20+00:00
SAO_407E-10,São Paulo,3550308,True,,34983,,,-23.624413750000002,-46.4465845,,,,2,2023-06-17T06:17:36+00:00
SAO_407E-10,São Paulo,3550308,True,,34983,,,-23.54111175,-46.5399955,,,,2,2023-06-17T06:17:17+00:00
SAO_407E-10,São Paulo,3550308,True,,34983,,,-23.6059,-46.469008,,,,2,2023-06-17T06:17:23+00:00
SAO_819A-10,São Paulo,3550308,True,Rápido Campinas,803,https://moovitapp.com/index/pt-br/transporte_p%C3%BAblico-line-803-Sao_Paulo-242-858660-544941-0,5.3,-23.45461375,-46.74151975,,,,1,2023-06-17T06:17:04+00:00
SAO_N238-11,São Paulo,3550308,True,,2327,,,-23.4579565,-46.602463,,,,1,2023-06-17T06:16:07+00:00
SAO_848L-10,São Paulo,3550308,True,EMTU,808,https://moovitapp.com/index/pt-br/transporte_p%C3%BAblico-line-808-Sao_Paulo-242-2038937-36419584-0,4.8,-23.4091455,-46.7493635,,,,1,2023-06-17T06:17:11+00:00
SAO_848L-10,São Paulo,3550308,True,EMTU,808,https://moovitapp.com/index/pt-br/transporte_p%C3%BAblico-line-808-Sao_Paulo-242-2038937-36419584-0,4.8,-23.474486749999997,-46.72775575,,,,1,2023-06-17T06:17:45+00:00
SAO_5142-10,São Paulo,3550308,True,,34394,,,-23.5824915,-46.563059,,,,2,2023-06-17T06:17:08+00:00
SAO_5142-10,São Paulo,3550308,True,,34394,,,-23.576068,-46.61065625,,,,2,2023-06-17T06:17:41+00:00
SAO_5142-10,São Paulo,3550308,True,,34394,,,-23.6018795,-46.534847,,,,2,2023-06-17T06:17:36+00:00
SAO_6960-10,São Paulo,3550308,True,,34211,,,-23.739060000000002,-46.701387499999996,,,,2,2023-06-17T06:17:32+00:00
SAO_6960-10,São Paulo,3550308,True,,34211,,,-23.7444815,-46.707066499999996,,,,2,2023-06-17T06:17:31+00:00
SAO_4725-10,São Paulo,3550308,True,,33106,,,-23.625418749999998,-46.62030025,,,,2,2023-06-17T06:17:28+00:00
SAO_648P-10,São Paulo,3550308,True,,66,,,-23.6545265,-46.762821,,,,1,2023-06-17T06:17:40+00:00
SAO_648P-10,São Paulo,3550308,True,,66,,,-23.5708095,-46.690777499999996,,,,1,2023-06-17T06:17:29+00:00
SAO_707K-10,São Paulo,3550308,True,,2503,,,-23.6477145,-46.6385,,,,1,2023-06-17T06:17:26+00:00
SAO_707K-10,São Paulo,3550308,True,,2503,,,-23.648919125,-46.676356999999996,,,,1,2023-06-17T06:17:23+00:00
SAO_6358-10,São Paulo,3550308,True,,1294,,,-23.57357475,-46.6664145,,,,1,2023-06-17T06:17:42+00:00
SAO_3462-10,São Paulo,3550308,True,EMTU,247,https://moovitapp.com/index/pt-br/transporte_p%C3%BAblico-line-247-Sao_Paulo-242-2038937-36419359-0,6.55,-23.524883375,-46.474853625,,,,1,2023-06-17T06:15:30+00:00
SAO_3462-10,São Paulo,3550308,True,EMTU,247,https://moovitapp.com/index/pt-br/transporte_p%C3%BAblico-line-247-Sao_Paulo-242-2038937-36419359-0,6.55,-23.521818,-46.515618,,,,1,2023-06-17T06:17:16+00:00
SAO_3721-10,São Paulo,3550308,True,,1019,,,-23.5622725,-46.493492,,,,1,2023-06-17T06:17:13+00:00
SAO_3721-10,São Paulo,3550308,True,,1019,,,-23.5630785,-46.5055855,,,,1,2023-06-17T06:17:17+00:00
SAO_3721-10,São Paulo,3550308,True,,1019,,,-23.55420325,-46.491747000000004,,,,1,2023-06-17T06:17:11+00:00
SAO_6820-10,São Paulo,3550308,True,,32787,,,-23.658609,-46.78921425,,,,2,2023-06-17T06:17:34+00:00
SAO_6820-10,São Paulo,3550308,True,,32787,,,-23.659893500000003,-46.7761195,,,,2,2023-06-17T06:17:24+00:00
SAO_1018-10,São Paulo,3550308,True,,832,,,-23.502498000000003,-46.62359549999999,,,,1,2023-06-17T06:17:43+00:00
SAO_N538-11,São Paulo,3550308,True,,2390,,,-23.628816,-46.6187585,,,,1,2023-06-17T06:17:29+00:00
SAO_3069-10,São Paulo,3550308,True,,984,,,-23.605977,-46.417018999999996,,,,1,2023-06-17T06:17:42+00:00
SAO_3069-10,São Paulo,3550308,True,,984,,,-23.605977,-46.417018999999996,,,,1,2023-06-17T06:17:18+00:00
SAO_5029-10,São Paulo,3550308,True,,1672,,,-23.6232165,-46.58551925,,,,1,2023-06-17T06:17:34+00:00
SAO_971R-51,São Paulo,3550308,True,,33385,,,-23.501060000000003,-46.62484499999999,,,,2,2023-06-17T06:17:26+00:00
SAO_6027-10,São Paulo,3550308,True,,32858,,,-23.727138,-46.685177,,,,2,2023-06-17T06:17:13+00:00
SAO_271A-51,São Paulo,3550308,True,,703,,,-23.507360499999997,-46.5711955,,,,1,2023-06-17T06:17:09+00:00
SAO_271A-51,São Paulo,3550308,True,,703,,,-23.502815,-46.623698,,,,1,2023-06-17T06:17:04+00:00
SAO_1016-10,São Paulo,3550308,True,,33599,,,-23.479074750000002,-46.6090205,,,,2,2023-06-17T06:17:29+00:00
SAO_1016-10,São Paulo,3550308,True,,33599,,,-23.513872,-46.6160225,,,,2,2023-06-17T06:17:16+00:00
SAO_7011-10,São Paulo,3550308,True,,34720,,,-23.6933505,-46.78484025,,,,2,2023-06-17T06:17:33+00:00
SAO_2772-10,São Paulo,3550308,True,,398,,,-23.49529025,-46.43150675,,,,1,2023-06-17T06:17:40+00:00
SAO_8008-10,São Paulo,3550308,True,,34026,,,-23.47043,-46.752005999999994,,,,2,2023-06-17T06:17:40+00:00
SAO_8008-10,São Paulo,3550308,True,,34026,,,-23.48633425,-46.738707500000004,,,,2,2023-06-17T06:17:15+00:00
SAO_8008-10,São Paulo,3550308,True,,34026,,,-23.485525000000003,-46.725356500000004,,,,2,2023-06-17T06:17:42+00:00
SAO_8055-51,São Paulo,3550308,True,,33185,,,-23.515031,-46.726015000000004,,,,2,2023-06-17T06:17:39+00:00
SAO_2626-10,São Paulo,3550308,True,EMTU,376,https://moovitapp.com/index/pt-br/transporte_p%C3%BAblico-line-376-Sao_Paulo-242-2038937-114744732-0,5.1,-23.520187,-46.4009225,,,,1,2023-06-17T06:17:10+00:00
SAO_2626-10,São Paulo,3550308,True,EMTU,376,https://moovitapp.com/index/pt-br/transporte_p%C3%BAblico-line-376-Sao_Paulo-242-2038937-114744732-0,5.1,-23.52137775,-46.54647,,,,1,2023-06-17T06:17:34+00:00
SAO_2626-10,São Paulo,3550308,True,EMTU,376,https://moovitapp.com/index/pt-br/transporte_p%C3%BAblico-line-376-Sao_Paulo-242-2038937-114744732-0,5.1,-23.519234750000003,-46.40249625,,,,1,2023-06-17T06:17:11+00:00
SAO_172Y-10,São Paulo,3550308,True,,862,,,-23.5416595,-46.58983475,,,,1,2023-06-17T06:17:06+00:00
SAO_172Y-10,São Paulo,3550308,True,,862,,,-23.507514999999998,-46.5948025,,,,1,2023-06-17T06:14:01+00:00
SAO_908T-10,São Paulo,3550308,True,,2116,,,-23.559997375000002,-46.662178,,,,1,2023-06-17T06:17:07+00:00
SAO_2202-10,São Paulo,3550308,True,Urubupungá,910,https://moovitapp.com/index/pt-br/transporte_p%C3%BAblico-line-910-Sao_Paulo-242-873835-496471-0,4.6,-23.5420445,-46.415096500000004,,,,1,2023-06-17T06:17:27+00:00
SAO_2202-10,São Paulo,3550308,True,Urubupungá,910,https://moovitapp.com/index/pt-br/transporte_p%C3%BAblico-line-910-Sao_Paulo-242-873835-496471-0,4.6,-23.508031,-46.402504,,,,1,2023-06-17T06:17:39+00:00
SAO_2202-10,São Paulo,3550308,True,Urubupungá,910,https://moovitapp.com/index/pt-br/transporte_p%C3%BAblico-line-910-Sao_Paulo-242-873835-496471-0,4.6,-23.488076999999997,-46.3817875,,,,1,2023-06-17T06:17:30+00:00
SAO_2202-10,São Paulo,3550308,True,Urubupungá,910,https://moovitapp.com/index/pt-br/transporte_p%C3%BAblico-line-910-Sao_Paulo-242-873835-496471-0,4.6,-23.541988,-46.4152385,,,,1,2023-06-17T06:17:29+00:00
SAO_6013-10,São Paulo,3550308,True,,32954,,,-23.689074125,-46.77322225,,,,2,2023-06-17T06:17:17+00:00
SAO_6013-10,São Paulo,3550308,True,,32954,,,-23.6995785,-46.763411500000004,,,,2,2023-06-17T06:17:44+00:00
SAO_1741-10,São Paulo,3550308,True,,33307,,,-23.4647525,-46.6632075,,,,2,2023-06-17T06:17:13+00:00
SAO_4021-10,São Paulo,3550308,True,,35316,,,-23.542792499999997,-46.470580999999996,,,,2,2023-06-17T06:17:09+00:00
SAO_4021-10,São Paulo,3550308,True,,35316,,,-23.542792499999997,-46.470580999999996,,,,2,2023-06-17T06:17:43+00:00
SAO_4021-10,São Paulo,3550308,True,,35316,,,-23.542792499999997,-46.470580999999996,,,,2,2023-06-17T06:17:35+00:00
SAO_4021-10,São Paulo,3550308,True,,35316,,,-23.542792499999997,-46.470580999999996,,,,2,2023-06-17T06:17:26+00:00
SAO_4021-10,São Paulo,3550308,True,,35316,,,-23.542792499999997,-46.470580999999996,,,,2,2023-06-17T06:17:15+00:00
SAO_4021-10,São Paulo,3550308,True,,35316,,,-23.542792499999997,-46.470580999999996,,,,2,2023-06-17T06:17:19+00:00
SAO_4021-10,São Paulo,3550308,True,,35316,,,-23.542792499999997,-46.470580999999996,,,,2,2023-06-17T06:17:23+00:00
SAO_5300-10,São Paulo,3550308,True,,33122,,,-23.637971375,-46.69459475000001,,,,2,2023-06-17T06:17:19+00:00
SAO_5300-10,São Paulo,3550308,True,,33122,,,-23.581509500000003,-46.650363,,,,2,2023-06-17T06:17:33+00:00
SAO_875C-10,São Paulo,3550308,True,EMTU,478,https://moovitapp.com/index/pt-br/transporte_p%C3%BAblico-line-478-Sao_Paulo-242-2038937-36419510-0,6.25,-23.5221425,-46.700432,,,,1,2023-06-17T06:17:23+00:00
SAO_875C-10,São Paulo,3550308,True,EMTU,478,https://moovitapp.com/index/pt-br/transporte_p%C3%BAblico-line-478-Sao_Paulo-242-2038937-36419510-0,6.25,-23.569736125,-46.691721125,,,,1,2023-06-17T06:17:36+00:00
SAO_778R-10,São Paulo,3550308,True,,33277,,,-23.53482875,-46.649702000000005,,,,2,2023-06-17T06:17:26+00:00
SAO_778R-10,São Paulo,3550308,True,,33277,,,-23.58097325,-46.72987825,,,,2,2023-06-17T06:17:38+00:00
SAO_778R-10,São Paulo,3550308,True,,33277,,,-23.5777805,-46.725455499999995,,,,2,2023-06-17T06:17:23+00:00
SAO_778R-10,São Paulo,3550308,True,,33277,,,-23.568035000000002,-46.685206,,,,2,2023-06-17T06:17:09+00:00
SAO_3023-10,São Paulo,3550308,True,,33728,,,-23.608188,-46.478106499999996,,,,2,2023-06-17T06:17:26+00:00
SAO_1765-10,São Paulo,3550308,True,,34550,,,-23.480548,-46.602700999999996,,,,2,2023-06-17T06:17:33+00:00
SAO_1765-10,São Paulo,3550308,True,,34550,,,-23.4661845,-46.56898525,,,,2,2023-06-17T06:17:42+00:00
SAO_637P-10,São Paulo,3550308,True,,47,,,-23.56998325,-46.691308250000006,,,,1,2023-06-17T06:17:38+00:00
SAO_637P-10,São Paulo,3550308,True,,47,,,-23.6541465,-46.711351,,,,1,2023-06-17T06:17:03+00:00
SAO_637P-10,São Paulo,3550308,True,,47,,,-23.6541465,-46.711351,,,,1,2023-06-17T06:17:29+00:00
SAO_637P-10,São Paulo,3550308,True,,47,,,-23.6541465,-46.711351,,,,1,2023-06-17T06:17:10+00:00
SAO_3796-10,São Paulo,3550308,True,,1074,,,-23.5421205,-46.471834,,,,1,2023-06-17T06:17:33+00:00
SAO_3796-10,São Paulo,3550308,True,,1074,,,-23.5802555,-46.453184,,,,1,2023-06-17T06:17:18+00:00
SAO_6063-42,São Paulo,3550308,True,,34770,,,-23.788416499999997,-46.689655,,,,2,2023-06-17T06:17:38+00:00
SAO_6063-42,São Paulo,3550308,True,,34770,,,-23.809403,-46.6612485,,,,2,2023-06-17T06:17:19+00:00
SAO_7005-10,São Paulo,3550308,True,,1998,,,-23.718654,-46.7846245,,,,1,2023-06-17T06:17:02+00:00
SAO_6034-10,São Paulo,3550308,True,,95,,,-23.736796499999997,-46.696856,,,,1,2023-06-17T06:17:37+00:00
SAO_N701-11,São Paulo,3550308,True,,2406,,,-23.597434999999997,-46.673819,,,,1,2023-06-17T06:17:37+00:00
SAO_5185-10,São Paulo,3550308,True,,34076,,,-23.667081,-46.725983,,,,2,2023-06-17T06:17:45+00:00
SAO_5011-10,São Paulo,3550308,True,,1115,,,-23.7102665,-46.6208535,,,,1,2023-06-17T06:17:16+00:00
SAO_2709-10,São Paulo,3550308,True,,922,,,-23.529814000000002,-46.5011675,,,,1,2023-06-17T06:17:22+00:00
SAO_2709-10,São Paulo,3550308,True,,922,,,-23.531610999999998,-46.485226499999996,,,,1,2023-06-17T06:17:41+00:00
SAO_1702-10,São Paulo,3550308,True,,33614,,,-23.4432505,-46.577110000000005,,,,2,2023-06-17T06:17:44+00:00
SAO_1702-10,São Paulo,3550308,True,,33614,,,-23.465463,-46.583659499999996,,,,2,2023-06-17T06:17:06+00:00
SAO_2004-10,São Paulo,3550308,True,,892,,,-23.537022999999998,-46.4048255,,,,1,2023-06-17T06:17:19+00:00
SAO_2004-10,São Paulo,3550308,True,,892,,,-23.519267,-46.386627250000004,,,,1,2023-06-17T06:17:31+00:00
SAO_2004-10,São Paulo,3550308,True,,892,,,-23.519267,-46.386627250000004,,,,1,2023-06-17T06:17:06+00:00
SAO_179X-10,São Paulo,3550308,True,STT,680,https://moovitapp.com/index/pt-br/transporte_p%C3%BAblico-line-680-Sao_Paulo-242-850661-183334-0,5.3,-23.5275495,-46.662452,,,,1,2023-06-17T06:17:31+00:00
SAO_1786-10,São Paulo,3550308,True,,649,,,-23.493555,-46.625425500000006,,,,1,2023-06-17T06:17:33+00:00
SAO_1178-31,São Paulo,3550308,True,,1812,,,-23.5369434375,-46.6343083125,,,,1,2023-06-17T06:17:31+00:00
SAO_546A-10,São Paulo,3550308,True,,33899,,,-23.668884499999997,-46.68928625,,,,2,2023-06-17T06:17:08+00:00
SAO_546A-10,São Paulo,3550308,True,,33899,,,-23.6929245,-46.659800000000004,,,,2,2023-06-17T06:16:09+00:00
SAO_546A-10,São Paulo,3550308,True,,33899,,,-23.713665,-46.65656725,,,,2,2023-06-17T06:14:56+00:00
SAO_8252-10,São Paulo,3550308,True,,1248,,,-23.5238175,-46.70002075000001,,,,1,2023-06-17T06:17:21+00:00
SAO_513C-10,São Paulo,3550308,True,,2535,,,-23.6142245,-46.497846499999994,,,,1,2023-06-17T06:16:20+00:00
SAO_N838-11,São Paulo,3550308,True,,35205,,,-23.526094625,-46.735397875,,,,2,2023-06-17T06:17:28+00:00
SAO_7272-10,São Paulo,3550308,True,,34101,,,-23.5557895,-46.66555925,,,,2,2023-06-17T06:17:30+00:00
SAO_967A-10,São Paulo,3550308,True,EMTU,568,https://moovitapp.com/index/pt-br/transporte_p%C3%BAblico-line-568-Sao_Paulo-242-2038937-36419565-0,7.8,-23.5672905,-46.6933745,,,,1,2023-06-17T06:17:15+00:00
SAO_967A-10,São Paulo,3550308,True,EMTU,568,https://moovitapp.com/index/pt-br/transporte_p%C3%BAblico-line-568-Sao_Paulo-242-2038937-36419565-0,7.8,-23.4804295,-46.656615,,,,1,2023-06-17T06:17:43+00:00
SAO_967A-10,São Paulo,3550308,True,EMTU,568,https://moovitapp.com/index/pt-br/transporte_p%C3%BAblico-line-568-Sao_Paulo-242-2038937-36419565-0,7.8,-23.4804295,-46.656615,,,,1,2023-06-17T06:17:38+00:00
SAO_2730-10,São Paulo,3550308,True,,33713,,,-23.526402625000003,-46.474567375,,,,2,2023-06-17T06:17:39+00:00
SAO_2730-10,São Paulo,3550308,True,,33713,,,-23.503151000000003,-46.4562365,,,,2,2023-06-17T06:17:00+00:00
SAO_2730-10,São Paulo,3550308,True,,33713,,,-23.5158075,-46.46547699999999,,,,2,2023-06-17T06:17:37+00:00
SAO_874T-10,São Paulo,3550308,True,,33075,,,-23.52577625,-46.67950425,,,,2,2023-06-17T06:17:10+00:00
SAO_874T-10,São Paulo,3550308,True,,33075,,,-23.5550435,-46.662276500000004,,,,2,2023-06-17T06:17:38+00:00
SAO_6726-10,São Paulo,3550308,True,,1193,,,-23.736596499999997,-46.6971045,,,,1,2023-06-17T06:17:23+00:00
SAO_6726-10,São Paulo,3550308,True,,1193,,,-23.741049,-46.668495,,,,1,2023-06-17T06:17:24+00:00
SAO_575C-10,São Paulo,3550308,True,,34454,,,-23.572126124999997,-46.561487625,,,,2,2023-06-17T06:17:29+00:00
SAO_6026-10,São Paulo,3550308,True,,32855,,,-23.691897375000003,-46.685466625000004,,,,2,2023-06-17T06:17:16+00:00
SAO_N506-11,São Paulo,3550308,True,,2380,,,-23.576963250000002,-46.64073325,,,,1,2023-06-17T06:17:00+00:00
SAO_8600-10,São Paulo,3550308,True,,1432,,,-23.487215,-46.726875,,,,1,2023-06-17T06:17:43+00:00
SAO_3731-10,São Paulo,3550308,True,,1028,,,-23.539874,-46.516463,,,,1,2023-06-17T06:17:12+00:00
SAO_3731-10,São Paulo,3550308,True,,1028,,,-23.541299875,-46.514454125,,,,1,2023-06-17T06:17:03+00:00
SAO_3731-10,São Paulo,3550308,True,,1028,,,-23.54011525,-46.51618425,,,,1,2023-06-17T06:17:08+00:00
SAO_3731-10,São Paulo,3550308,True,,1028,,,-23.530558999999997,-46.527693625,,,,1,2023-06-17T06:17:05+00:00
SAO_3731-10,São Paulo,3550308,True,,1028,,,-23.539874,-46.516463,,,,1,2023-06-17T06:17:38+00:00
SAO_3731-10,São Paulo,3550308,True,,1028,,,-23.539874,-46.516463,,,,1,2023-06-17T06:17:32+00:00
SAO_3731-10,São Paulo,3550308,True,,1028,,,-23.539874,-46.516463,,,,1,2023-06-17T06:17:38+00:00
SAO_7181-10,São Paulo,3550308,True,,34100,,,-23.553213,-46.732138000000006,,,,2,2023-06-17T06:17:31+00:00
SAO_7181-10,São Paulo,3550308,True,,34100,,,-23.5759285,-46.678803625,,,,2,2023-06-17T06:17:04+00:00
SAO_8025-10,São Paulo,3550308,True,,34844,,,-23.589886,-46.737159500000004,,,,2,2023-06-17T06:17:29+00:00
SAO_4019-10,São Paulo,3550308,True,,35292,,,-23.54636,-46.4688945,,,,2,2023-06-17T06:17:02+00:00
SAO_172K-10,São Paulo,3550308,True,,857,,,-23.539696499999998,-46.575877500000004,,,,1,2023-06-17T06:17:23+00:00
SAO_5164-10,São Paulo,3550308,True,,34051,,,-23.633249250000002,-46.64442137499999,,,,2,2023-06-17T06:17:40+00:00
SAO_5164-10,São Paulo,3550308,True,,34051,,,-23.646105499999997,-46.6450805,,,,2,2023-06-17T06:17:36+00:00
SAO_6036-10,São Paulo,3550308,True,,1214,,,-23.6538115,-46.789655499999995,,,,1,2023-06-17T06:17:28+00:00
SAO_6036-10,São Paulo,3550308,True,,1214,,,-23.65376725,-46.79044725,,,,1,2023-06-17T06:17:45+00:00
SAO_8548-10,São Paulo,3550308,True,,33346,,,-23.463238750000002,-46.682105750000005,,,,2,2023-06-17T06:17:16+00:00
SAO_8548-10,São Paulo,3550308,True,,33346,,,-23.5197335,-46.700115,,,,2,2023-06-17T06:17:31+00:00
SAO_N441-11,São Paulo,3550308,True,,2374,,,-23.573135,-46.3939375,,,,1,2023-06-17T06:17:28+00:00
SAO_8072-10,São Paulo,3550308,True,,34847,,,-23.5857665,-46.723943,,,,2,2023-06-17T06:17:27+00:00
SAO_8072-10,São Paulo,3550308,True,,34847,,,-23.5857665,-46.723943,,,,2,2023-06-17T06:17:08+00:00
SAO_809A-10,São Paulo,3550308,True,,34837,,,-23.57447725,-46.71602025,,,,2,2023-06-17T06:17:46+00:00
SAO_6422-10,São Paulo,3550308,True,,33129,,,-23.5986035,-46.674003,,,,2,2023-06-17T06:17:44+00:00
SAO_407H-10,São Paulo,3550308,True,,2197,,,-23.574572500000002,-46.454038,,,,1,2023-06-17T06:16:32+00:00
SAO_407H-10,São Paulo,3550308,True,,2197,,,-23.590266,-46.443014000000005,,,,1,2023-06-17T06:17:10+00:00
SAO_6074-10,São Paulo,3550308,True,,33929,,,-23.7546125,-46.6740805,,,,2,2023-06-17T06:17:37+00:00
SAO_6074-10,São Paulo,3550308,True,,33929,,,-23.7409215,-46.667859750000005,,,,2,2023-06-17T06:17:41+00:00
SAO_2731-10,São Paulo,3550308,True,,946,,,-23.52086025,-46.43272625,,,,1,2023-06-17T06:17:42+00:00
SAO_4035-10,São Paulo,3550308,True,,35328,,,-23.543691000000003,-46.410817,,,,2,2023-06-17T06:17:39+00:00
SAO_4035-10,São Paulo,3550308,True,,35328,,,-23.545434999999998,-46.4051695,,,,2,2023-06-17T06:17:38+00:00
SAO_857C-10,São Paulo,3550308,True,,1901,,,-23.63671375,-46.65793875,,,,1,2023-06-17T06:17:03+00:00
SAO_715M-10,São Paulo,3550308,True,,33258,,,-23.558113499999997,-46.667958,,,,2,2023-06-17T06:17:15+00:00
SAO_715M-10,São Paulo,3550308,True,,33258,,,-23.5685755,-46.686229499999996,,,,2,2023-06-17T06:17:11+00:00
SAO_715M-10,São Paulo,3550308,True,,33258,,,-23.573674187500004,-46.72600043749999,,,,2,2023-06-17T06:17:05+00:00
SAO_715M-10,São Paulo,3550308,True,,33258,,,-23.5845,-46.7545205,,,,2,2023-06-17T06:17:30+00:00
SAO_715M-10,São Paulo,3550308,True,,33258,,,-23.562227,-46.6448845,,,,2,2023-06-17T06:17:11+00:00
SAO_9011-21,São Paulo,3550308,True,,1768,,,-23.4547945,-46.738510500000004,,,,1,2023-06-17T06:17:04+00:00
SAO_9011-21,São Paulo,3550308,True,,1768,,,-23.4547945,-46.738510500000004,,,,1,2023-06-17T06:17:08+00:00
SAO_9011-21,São Paulo,3550308,True,,1768,,,-23.4547945,-46.738510500000004,,,,1,2023-06-17T06:12:39+00:00
SAO_9011-21,São Paulo,3550308,True,,1768,,,-23.4432575,-46.7217335,,,,1,2023-06-17T06:17:33+00:00
SAO_9011-21,São Paulo,3550308,True,,1768,,,-23.4547945,-46.738510500000004,,,,1,2023-06-17T06:17:24+00:00
SAO_9011-21,São Paulo,3550308,True,,1768,,,-23.4547945,-46.738510500000004,,,,1,2023-06-17T06:15:35+00:00
SAO_9011-21,São Paulo,3550308,True,,1768,,,-23.4547945,-46.738510500000004,,,,1,2023-06-17T06:17:19+00:00
SAO_7006-51,São Paulo,3550308,True,,34765,,,-23.7491515,-46.783023,,,,2,2023-06-17T06:17:07+00:00
SAO_7006-51,São Paulo,3550308,True,,34765,,,-23.750013000000003,-46.781842999999995,,,,2,2023-06-17T06:17:46+00:00
SAO_7006-51,São Paulo,3550308,True,,34765,,,-23.6790565,-46.770967,,,,2,2023-06-17T06:17:29+00:00
SAO_9090-10,São Paulo,3550308,True,,33652,,,-23.460222,-46.676261999999994,,,,2,2023-06-17T06:17:33+00:00
SAO_4007-10,São Paulo,3550308,True,,34949,,,-23.558581500000003,-46.522422,,,,2,2023-06-17T06:17:22+00:00
SAO_4007-10,São Paulo,3550308,True,,34949,,,-23.552236375,-46.442861750000006,,,,2,2023-06-17T06:17:25+00:00
SAO_675M-10,São Paulo,3550308,True,ETT,108,https://moovitapp.com/index/pt-br/transporte_p%C3%BAblico-line-108-Sao_Paulo-242-876373-496510-0,5.3,-23.648754500000003,-46.661461,,,,1,2023-06-17T06:17:25+00:00
SAO_675M-10,São Paulo,3550308,True,ETT,108,https://moovitapp.com/index/pt-br/transporte_p%C3%BAblico-line-108-Sao_Paulo-242-876373-496510-0,5.3,-23.720964000000002,-46.676227,,,,1,2023-06-17T06:12:31+00:00
SAO_8013-41,São Paulo,3550308,True,,34779,,,-23.436842,-46.810072,,,,2,2023-06-17T06:17:19+00:00
SAO_9653-10,São Paulo,3550308,True,EMTU,588,https://moovitapp.com/index/pt-br/transporte_p%C3%BAblico-line-588-Sao_Paulo-242-2038937-36419575-0,7.55,-23.5340575,-46.644261,,,,1,2023-06-17T06:17:42+00:00
SAO_9653-10,São Paulo,3550308,True,EMTU,588,https://moovitapp.com/index/pt-br/transporte_p%C3%BAblico-line-588-Sao_Paulo-242-2038937-36419575-0,7.55,-23.4698275,-46.654962,,,,1,2023-06-17T06:17:33+00:00
SAO_N137-11,São Paulo,3550308,True,,2293,,,-23.4437595,-46.728866374999996,,,,1,2023-06-17T06:17:14+00:00
SAO_807M-10,São Paulo,3550308,True,,34684,,,-23.619429249999996,-46.74703425,,,,2,2023-06-17T06:17:22+00:00
SAO_807M-10,São Paulo,3550308,True,,34684,,,-23.6156125,-46.739903,,,,2,2023-06-17T06:17:10+00:00
SAO_807M-10,São Paulo,3550308,True,,34684,,,-23.62028,-46.6984345,,,,2,2023-06-17T06:17:44+00:00
SAO_N835-11,São Paulo,3550308,True,,2434,,,-23.586385999999997,-46.7576615,,,,1,2023-06-17T06:17:08+00:00
SAO_N134-11,São Paulo,3550308,True,,2290,,,-23.448213000000003,-46.702635,,,,1,2023-06-17T06:17:14+00:00
SAO_857C-10,São Paulo,3550308,True,,34669,,,-23.628566375000002,-46.674263624999995,,,,2,2023-06-17T06:17:07+00:00
SAO_857C-10,São Paulo,3550308,True,,34669,,,-23.639792999999997,-46.746141,,,,2,2023-06-17T06:17:30+00:00
SAO_N507-11,São Paulo,3550308,True,,35149,,,-23.508782,-46.593920999999995,,,,2,2023-06-17T06:15:20+00:00
SAO_N537-11,São Paulo,3550308,True,,2389,,,-23.5648465,-46.60815425,,,,1,2023-06-17T06:17:31+00:00
SAO_7050-10,São Paulo,3550308,True,,34652,,,-23.667002500000002,-46.788182500000005,,,,2,2023-06-17T06:17:37+00:00
SAO_3098-10,São Paulo,3550308,True,,33846,,,-23.60958175,-46.477186,,,,2,2023-06-17T06:17:07+00:00
SAO_3098-10,São Paulo,3550308,True,,33846,,,-23.631781750000002,-46.45626,,,,2,2023-06-17T06:17:13+00:00
SAO_6017-10,São Paulo,3550308,True,,33974,,,-23.699192500000002,-46.767854,,,,2,2023-06-17T06:17:03+00:00
SAO_6017-10,São Paulo,3550308,True,,33974,,,-23.6728545,-46.74413925,,,,2,2023-06-17T06:17:31+00:00
SAO_6017-10,São Paulo,3550308,True,,33974,,,-23.646386,-46.7039875,,,,2,2023-06-17T06:17:25+00:00
SAO_3046-10,São Paulo,3550308,True,,33739,,,-23.579907,-46.5325225,,,,2,2023-06-17T06:16:47+00:00
SAO_3046-10,São Paulo,3550308,True,,33739,,,-23.553293250000003,-46.57535375,,,,2,2023-06-17T06:17:25+00:00
SAO_3046-10,São Paulo,3550308,True,,33739,,,-23.581203,-46.548553,,,,2,2023-06-17T06:17:37+00:00
SAO_875A-10,São Paulo,3550308,True,,33377,,,-23.54593375,-46.64485575,,,,2,2023-06-17T06:17:37+00:00
SAO_875A-10,São Paulo,3550308,True,,33377,,,-23.629167000000002,-46.6459095,,,,2,2023-06-17T06:17:32+00:00
SAO_875A-10,São Paulo,3550308,True,,33377,,,-23.5351135,-46.671761125,,,,2,2023-06-17T06:17:42+00:00
SAO_875A-10,São Paulo,3550308,True,,33377,,,-23.534087625,-46.65517224999999,,,,2,2023-06-17T06:17:02+00:00
SAO_6057-10,São Paulo,3550308,True,,1148,,,-23.74271025,-46.70255975,,,,1,2023-06-17T06:17:23+00:00
SAO_6057-10,São Paulo,3550308,True,,1148,,,-23.7371425,-46.697546,,,,1,2023-06-17T06:17:24+00:00
SAO_273D-10,São Paulo,3550308,True,,32990,,,-23.497709,-46.411232749999996,,,,2,2023-06-17T06:17:29+00:00
SAO_273D-10,São Paulo,3550308,True,,32990,,,-23.51701675,-46.468363999999994,,,,2,2023-06-17T06:17:06+00:00
SAO_N340-11,São Paulo,3550308,True,,2352,,,-23.516706,-46.4258835,,,,1,2023-06-17T06:17:35+00:00
SAO_N638-11,São Paulo,3550308,True,,2403,,,-23.73027875,-46.708003500000004,,,,1,2023-06-17T06:17:29+00:00
SAO_1016-10,São Paulo,3550308,True,EMTU,831,https://moovitapp.com/index/pt-br/transporte_p%C3%BAblico-line-831-Sao_Paulo-242-2038937-36419598-0,5.7,-23.4806915,-46.6113555,,,,1,2023-06-17T06:17:00+00:00
SAO_2363-10,São Paulo,3550308,True,,135,,,-23.538131999999997,-46.599534750000004,,,,1,2023-06-17T06:17:14+00:00
SAO_4020-10,São Paulo,3550308,True,,35298,,,-23.5601775,-46.4455895,,,,2,2023-06-17T06:17:26+00:00
SAO_N405-11,São Paulo,3550308,True,,2361,,,-23.550987499999998,-46.463438499999995,,,,1,2023-06-17T06:17:38+00:00
SAO_6019-10,São Paulo,3550308,True,,34258,,,-23.667917,-46.7355005,,,,2,2023-06-17T06:17:06+00:00
SAO_5091-10,São Paulo,3550308,True,,1523,,,-23.684126499999998,-46.676656,,,,1,2023-06-17T06:17:31+00:00
SAO_6412-10,São Paulo,3550308,True,,33538,,,-23.61699275,-46.720967,,,,2,2023-06-17T06:17:28+00:00
SAO_6412-10,São Paulo,3550308,True,,33538,,,-23.603969375,-46.674927374999996,,,,2,2023-06-17T06:17:31+00:00
SAO_6412-10,São Paulo,3550308,True,,33538,,,-23.56677975,-46.64852225,,,,2,2023-06-17T06:17:43+00:00
SAO_N701-11,São Paulo,3550308,True,,35174,,,-23.549802999999997,-46.640493500000005,,,,2,2023-06-17T06:17:15+00:00
SAO_N305-11,São Paulo,3550308,True,,2339,,,-23.539213250000003,-46.413863250000006,,,,1,2023-06-17T06:17:16+00:00
SAO_971R-42,São Paulo,3550308,True,,616,,,-23.4555595,-46.693365,,,,1,2023-06-17T06:17:24+00:00
SAO_N209-11,São Paulo,3550308,True,,2319,,,-23.500229625,-46.63319625,,,,1,2023-06-17T06:17:32+00:00
SAO_407G-10,São Paulo,3550308,True,,34964,,,-23.610073999999997,-46.4532655,,,,2,2023-06-17T06:17:33+00:00
SAO_407G-10,São Paulo,3550308,True,,34964,,,-23.5433575,-46.532869500000004,,,,2,2023-06-17T06:17:33+00:00
SAO_407G-10,São Paulo,3550308,True,,34964,,,-23.608943,-46.477615,,,,2,2023-06-17T06:17:44+00:00
SAO_3029-10,São Paulo,3550308,True,,33734,,,-23.585295,-46.5067185,,,,2,2023-06-17T06:17:40+00:00
SAO_3029-10,São Paulo,3550308,True,,33734,,,-23.561912,-46.5414515,,,,2,2023-06-17T06:17:28+00:00
SAO_3728-41,São Paulo,3550308,True,,34756,,,-23.5606595,-46.482326,,,,2,2023-06-17T06:17:41+00:00
SAO_1015-10,São Paulo,3550308,True,,34998,,,-23.413992999999998,-46.8121695,,,,2,2023-06-17T06:17:12+00:00
SAO_N132-11,São Paulo,3550308,True,,35056,,,-23.491381,-46.750789499999996,,,,2,2023-06-17T06:17:31+00:00
SAO_9047-10,São Paulo,3550308,True,,33651,,,-23.498554125,-46.6968825,,,,2,2023-06-17T06:17:41+00:00
SAO_6012-10,São Paulo,3550308,True,,33972,,,-23.666089624999998,-46.716364375,,,,2,2023-06-17T06:17:13+00:00
SAO_6012-10,São Paulo,3550308,True,,33972,,,-23.686754,-46.7876415,,,,2,2023-06-17T06:17:36+00:00
SAO_6012-10,São Paulo,3550308,True,,33972,,,-23.686754,-46.7876415,,,,2,2023-06-17T06:17:17+00:00
SAO_2079-10,São Paulo,3550308,True,,33138,,,-23.494310499999997,-46.402223,,,,2,2023-06-17T06:17:24+00:00
SAO_2079-10,São Paulo,3550308,True,,33138,,,-23.494310499999997,-46.402223,,,,2,2023-06-17T06:13:10+00:00
SAO_2079-10,São Paulo,3550308,True,,33138,,,-23.516849999999998,-46.3847265,,,,2,2023-06-17T06:16:42+00:00
SAO_2079-10,São Paulo,3550308,True,,33138,,,-23.494310499999997,-46.402223,,,,2,2023-06-17T06:17:28+00:00
SAO_2079-10,São Paulo,3550308,True,,33138,,,-23.494310499999997,-46.402223,,,,2,2023-06-17T06:17:15+00:00
SAO_574R-10,São Paulo,3550308,True,,34391,,,-23.61408,-46.5008325,,,,2,2023-06-17T06:17:39+00:00
SAO_574R-10,São Paulo,3550308,True,,34391,,,-23.57339175,-46.55935425,,,,2,2023-06-17T06:16:29+00:00
SAO_3778-10,São Paulo,3550308,True,,1062,,,-23.569554,-46.486423,,,,1,2023-06-17T06:17:08+00:00
SAO_3778-10,São Paulo,3550308,True,,1062,,,-23.54093125,-46.553191125,,,,1,2023-06-17T06:17:18+00:00
SAO_6816-10,São Paulo,3550308,True,,32794,,,-23.648924,-46.784354500000006,,,,2,2023-06-17T06:17:43+00:00
SAO_N103-11,São Paulo,3550308,True,,35052,,,-23.4916305,-46.7321915,,,,2,2023-06-17T06:17:05+00:00
SAO_2009-10,São Paulo,3550308,True,,33666,,,-23.541789,-46.4160215,,,,2,2023-06-17T06:17:23+00:00
SAO_2009-10,São Paulo,3550308,True,,33666,,,-23.52666825,-46.4180455,,,,2,2023-06-17T06:17:43+00:00
SAO_2435-10,São Paulo,3550308,True,Cidade de Caieiras,210,https://moovitapp.com/index/pt-br/transporte_p%C3%BAblico-line-210-Sao_Paulo-242-868761-496408-0,5.0,-23.5293535,-46.479913499999995,,,,1,2023-06-17T06:17:18+00:00
SAO_2435-10,São Paulo,3550308,True,Cidade de Caieiras,210,https://moovitapp.com/index/pt-br/transporte_p%C3%BAblico-line-210-Sao_Paulo-242-868761-496408-0,5.0,-23.527739500000003,-46.5518895,,,,1,2023-06-17T06:17:43+00:00
SAO_172N-10,São Paulo,3550308,True,,664,,,-23.516242,-46.616273,,,,1,2023-06-17T06:15:54+00:00
SAO_172N-10,São Paulo,3550308,True,,664,,,-23.5422145,-46.589565,,,,1,2023-06-17T06:17:04+00:00
SAO_637V-10,São Paulo,3550308,True,EMTU,104,https://moovitapp.com/index/pt-br/transporte_p%C3%BAblico-line-104-Sao_Paulo-242-2038937-36419267-0,5.1,-23.7382055,-46.6893095,,,,1,2023-06-17T06:17:27+00:00
SAO_3735-41,São Paulo,3550308,True,,34688,,,-23.541107,-46.4847105,,,,2,2023-06-17T06:17:41+00:00
SAO_2583-10,São Paulo,3550308,True,,33143,,,-23.511350375,-46.509882875,,,,2,2023-06-17T06:17:06+00:00
SAO_2583-10,São Paulo,3550308,True,,33143,,,-23.495133,-46.44280775,,,,2,2023-06-17T06:17:29+00:00
SAO_N501-11,São Paulo,3550308,True,,35143,,,-23.583897,-46.5757425,,,,2,2023-06-17T06:17:28+00:00
SAO_N435-11,São Paulo,3550308,True,,35136,,,-23.605092499999998,-46.4028985,,,,2,2023-06-17T06:17:18+00:00
SAO_917M-10,São Paulo,3550308,True,,34134,,,-23.510385,-46.673281625,,,,2,2023-06-17T06:17:36+00:00
SAO_917M-10,São Paulo,3550308,True,,34134,,,-23.5450095,-46.666396,,,,2,2023-06-17T06:17:02+00:00
SAO_8023-10,São Paulo,3550308,True,,34842,,,-23.590418624999998,-46.802857625,,,,2,2023-06-17T06:17:17+00:00
SAO_5028-10,São Paulo,3550308,True,,1634,,,-23.602739,-46.591389125000006,,,,1,2023-06-17T06:17:30+00:00
SAO_8007-10,São Paulo,3550308,True,,34025,,,-23.4754595,-46.756460000000004,,,,2,2023-06-17T06:17:18+00:00
SAO_8007-10,São Paulo,3550308,True,,34025,,,-23.486430499999997,-46.7384415,,,,2,2023-06-17T06:17:20+00:00
SAO_2008-10,São Paulo,3550308,True,,897,,,-23.521084000000002,-46.3870275,,,,1,2023-06-17T06:17:32+00:00
SAO_2008-10,São Paulo,3550308,True,,897,,,-23.4979455,-46.400407,,,,1,2023-06-17T06:17:30+00:00
SAO_407I-10,São Paulo,3550308,True,,2222,,,-23.5429115,-46.5874025,,,,1,2023-06-17T06:17:29+00:00
SAO_271C-10,São Paulo,3550308,True,STT,682,https://moovitapp.com/index/pt-br/transporte_p%C3%BAblico-line-682-Sao_Paulo-242-850661-183336-0,5.3,-23.5249345,-46.6296135,,,,1,2023-06-17T06:17:06+00:00
SAO_6045-10,São Paulo,3550308,True,,33990,,,-23.69435,-46.794564,,,,2,2023-06-17T06:17:16+00:00
SAO_6045-10,São Paulo,3550308,True,,33990,,,-23.6438595,-46.731730999999996,,,,2,2023-06-17T06:17:36+00:00
SAO_6045-10,São Paulo,3550308,True,,33990,,,-23.69435,-46.794564,,,,2,2023-06-17T06:17:20+00:00
SAO_342M-10,São Paulo,3550308,True,,33515,,,-23.539279999999998,-46.553519875,,,,2,2023-06-17T06:17:07+00:00
SAO_342M-10,São Paulo,3550308,True,,33515,,,-23.562568499999998,-46.515933000000004,,,,2,2023-06-17T06:17:13+00:00
SAO_273N-10,São Paulo,3550308,True,,33158,,,-23.5267535,-46.526430625,,,,2,2023-06-17T06:17:14+00:00
SAO_273N-10,São Paulo,3550308,True,,33158,,,-23.49469925,-46.4135045,,,,2,2023-06-17T06:17:44+00:00
SAO_8605-10,São Paulo,3550308,True,,1917,,,-23.581658,-46.68468475,,,,1,2023-06-17T06:17:42+00:00
SAO_199D-10,São Paulo,3550308,True,,2135,,,-23.565996,-46.7019515,,,,1,2023-06-17T06:17:03+00:00
SAO_172U-10,São Paulo,3550308,True,,33628,,,-23.5693275,-46.581612500000006,,,,2,2023-06-17T06:17:02+00:00
SAO_172U-10,São Paulo,3550308,True,,33628,,,-23.441848999999998,-46.588781499999996,,,,2,2023-06-17T06:17:28+00:00
SAO_172U-10,São Paulo,3550308,True,,33628,,,-23.521282875,-46.625194875,,,,2,2023-06-17T06:17:46+00:00
SAO_695Y-10,São Paulo,3550308,True,,33966,,,-23.686216,-46.693711,,,,2,2023-06-17T06:17:20+00:00
SAO_695Y-10,São Paulo,3550308,True,,33966,,,-23.596487250000003,-46.636721,,,,2,2023-06-17T06:17:08+00:00
SAO_695Y-10,São Paulo,3550308,True,,33966,,,-23.69414275,-46.699196,,,,2,2023-06-17T06:16:34+00:00
SAO_695Y-10,São Paulo,3550308,True,,33966,,,-23.649684999999998,-46.705203,,,,2,2023-06-17T06:17:23+00:00
SAO_4001-10,São Paulo,3550308,True,,34944,,,-23.552665750000003,-46.49403075,,,,2,2023-06-17T06:17:20+00:00
SAO_4001-10,São Paulo,3550308,True,,34944,,,-23.547614000000003,-46.45469075,,,,2,2023-06-17T06:17:37+00:00
SAO_4001-10,São Paulo,3550308,True,,34944,,,-23.532895,-46.442355500000005,,,,2,2023-06-17T06:17:28+00:00
SAO_1775-10,São Paulo,3550308,True,,33406,,,-23.449227999999998,-46.607431500000004,,,,2,2023-06-17T06:17:00+00:00
SAO_809T-10,São Paulo,3550308,True,,35014,,,-23.55160875,-46.740855249999996,,,,2,2023-06-17T06:17:39+00:00
SAO_809T-10,São Paulo,3550308,True,,35014,,,-23.589108,-46.796997000000005,,,,2,2023-06-17T06:17:35+00:00
SAO_6500-10,São Paulo,3550308,True,,32814,,,-23.644555000000004,-46.701621375,,,,2,2023-06-17T06:17:40+00:00
SAO_5164-41,São Paulo,3550308,True,,1617,,,-23.6461105,-46.6469465,,,,1,2023-06-17T06:17:04+00:00
SAO_5164-41,São Paulo,3550308,True,,1617,,,-23.6463425,-46.64646425,,,,1,2023-06-17T06:17:03+00:00
SAO_5164-41,São Paulo,3550308,True,,1617,,,-23.645311875,-46.6482655,,,,1,2023-06-17T06:17:40+00:00
SAO_574W-10,São Paulo,3550308,True,,1629,,,-23.570818,-46.5389225,,,,1,2023-06-17T06:17:29+00:00
SAO_574W-10,São Paulo,3550308,True,,1629,,,-23.613961,-46.496017499999994,,,,1,2023-06-17T06:17:36+00:00
SAO_6801-10,São Paulo,3550308,True,,5,,,-23.643927,-46.7328295,,,,1,2023-06-17T06:17:43+00:00
SAO_7049-10,São Paulo,3550308,True,,1912,,,-23.7116535,-46.777972,,,,1,2023-06-17T06:17:25+00:00
SAO_7049-10,São Paulo,3550308,True,,1912,,,-23.7116535,-46.777972,,,,1,2023-06-17T06:17:37+00:00
SAO_7049-10,São Paulo,3550308,True,,1912,,,-23.71189,-46.777949500000005,,,,1,2023-06-17T06:17:30+00:00
SAO_7049-10,São Paulo,3550308,True,,1912,,,-23.7116535,-46.777972,,,,1,2023-06-17T06:17:16+00:00
SAO_7049-10,São Paulo,3550308,True,,1912,,,-23.7116535,-46.777972,,,,1,2023-06-17T06:17:41+00:00
SAO_6001-10,São Paulo,3550308,True,,32820,,,-23.6476315,-46.7476445,,,,2,2023-06-17T06:17:45+00:00
SAO_5028-10,São Paulo,3550308,True,,34402,,,-23.6108005,-46.580852500000006,,,,2,2023-06-17T06:16:08+00:00
SAO_5028-10,São Paulo,3550308,True,,34402,,,-23.59873675,-46.59697425,,,,2,2023-06-17T06:16:59+00:00
SAO_8050-10,São Paulo,3550308,True,,412,,,-23.494427,-46.757297,,,,1,2023-06-17T06:17:18+00:00
SAO_5111-10,São Paulo,3550308,True,,32816,,,-23.6428855,-46.699923999999996,,,,2,2023-06-17T06:17:46+00:00
SAO_5111-10,São Paulo,3550308,True,,32816,,,-23.58138925,-46.665473,,,,2,2023-06-17T06:17:13+00:00
SAO_8009-10,São Paulo,3550308,True,,34027,,,-23.487215,-46.726875,,,,2,2023-06-17T06:17:31+00:00
SAO_2020-10,São Paulo,3550308,True,,35030,,,-23.458073,-46.6051815,,,,2,2023-06-17T06:17:34+00:00
SAO_N140-11,São Paulo,3550308,True,,35064,,,-23.469687999999998,-46.721875,,,,2,2023-06-17T06:17:37+00:00
SAO_5178-10,São Paulo,3550308,True,,595,,,-23.5637695,-46.6461975,,,,1,2023-06-17T06:17:23+00:00
SAO_5178-10,São Paulo,3550308,True,,595,,,-23.681904,-46.638852,,,,1,2023-06-17T06:17:16+00:00
SAO_3736-10,São Paulo,3550308,True,,33804,,,-23.5417095,-46.484257,,,,2,2023-06-17T06:17:03+00:00
SAO_3736-10,São Paulo,3550308,True,,33804,,,-23.5537085,-46.480502,,,,2,2023-06-17T06:17:17+00:00
SAO_874C-10,São Paulo,3550308,True,,33245,,,-23.53537,-46.712353,,,,2,2023-06-17T06:17:28+00:00
SAO_695X-10,São Paulo,3550308,True,,34209,,,-23.65942225,-46.6795805,,,,2,2023-06-17T06:17:38+00:00
SAO_695X-10,São Paulo,3550308,True,,34209,,,-23.762571,-46.715889000000004,,,,2,2023-06-17T06:17:20+00:00
SAO_407T-10,São Paulo,3550308,True,,34970,,,-23.539747124999998,-46.4552775,,,,2,2023-06-17T06:17:04+00:00
SAO_4727-10,São Paulo,3550308,True,Cidade de Caieiras,340,https://moovitapp.com/index/pt-br/transporte_p%C3%BAblico-line-340-Sao_Paulo-242-868761-101563062-0,5.0,-23.635481,-46.614987,,,,1,2023-06-17T06:17:38+00:00
SAO_938C-10,São Paulo,3550308,True,,33354,,,-23.51390125,-46.7023075,,,,2,2023-06-17T06:17:29+00:00
SAO_938C-10,São Paulo,3550308,True,,33354,,,-23.5054515,-46.710021,,,,2,2023-06-17T06:17:24+00:00
SAO_2708-10,São Paulo,3550308,True,,33689,,,-23.5236605,-46.418086,,,,2,2023-06-17T06:17:42+00:00
SAO_2708-10,São Paulo,3550308,True,,33689,,,-23.534399999999998,-46.45086025,,,,2,2023-06-17T06:16:54+00:00
SAO_3033-10,São Paulo,3550308,True,,33736,,,-23.596248,-46.435424499999996,,,,2,2023-06-17T06:17:28+00:00
SAO_3033-10,São Paulo,3550308,True,,33736,,,-23.554381499999998,-46.401443,,,,2,2023-06-17T06:17:38+00:00
SAO_4706-10,São Paulo,3550308,True,,299,,,-23.589358500000003,-46.6337405,,,,1,2023-06-17T06:17:23+00:00
SAO_5317-10,São Paulo,3550308,True,,69,,,-23.572332,-46.640927,,,,1,2023-06-17T06:17:07+00:00
SAO_5317-10,São Paulo,3550308,True,,69,,,-23.5790364375,-46.646698875,,,,1,2023-06-17T06:17:15+00:00
SAO_3743-10,São Paulo,3550308,True,,33811,,,-23.5579995,-46.465612500000006,,,,2,2023-06-17T06:17:43+00:00
SAO_3743-10,São Paulo,3550308,True,,33811,,,-23.609576250000003,-46.4755425,,,,2,2023-06-17T06:17:28+00:00
SAO_695T-10,São Paulo,3550308,True,,34090,,,-23.641504374999997,-46.699098875,,,,2,2023-06-17T06:17:40+00:00
SAO_695T-10,São Paulo,3550308,True,,34090,,,-23.59850275,-46.63896425,,,,2,2023-06-17T06:17:46+00:00
SAO_274P-10,São Paulo,3550308,True,,33000,,,-23.543049125,-46.61677125,,,,2,2023-06-17T06:17:36+00:00
SAO_N801-11,São Paulo,3550308,True,,35196,,,-23.54862,-46.65147,,,,2,2023-06-17T06:17:41+00:00
SAO_6013-10,São Paulo,3550308,True,,186,,,-23.654108,-46.712056000000004,,,,1,2023-06-17T06:17:16+00:00
SAO_2734-10,São Paulo,3550308,True,,1760,,,-23.5421945,-46.472266000000005,,,,1,2023-06-17T06:17:23+00:00
SAO_2734-10,São Paulo,3550308,True,,1760,,,-23.541961999999998,-46.470873,,,,1,2023-06-17T06:17:40+00:00
SAO_2734-10,São Paulo,3550308,True,,1760,,,-23.512009,-46.40866,,,,1,2023-06-17T06:17:43+00:00
SAO_6063-42,São Paulo,3550308,True,,2002,,,-23.818282,-46.6775045,,,,1,2023-06-17T06:17:30+00:00
SAO_6063-42,São Paulo,3550308,True,,2002,,,-23.77154,-46.711777999999995,,,,1,2023-06-17T06:17:33+00:00
SAO_172U-10,São Paulo,3550308,True,,860,,,-23.438558999999998,-46.581469,,,,1,2023-06-17T06:17:05+00:00
SAO_3006-10,São Paulo,3550308,True,,1865,,,-23.548099999999998,-46.389815,,,,1,2023-06-17T06:17:14+00:00
SAO_3006-10,São Paulo,3550308,True,,1865,,,-23.548099999999998,-46.389815,,,,1,2023-06-17T06:17:26+00:00
SAO_3006-10,São Paulo,3550308,True,,1865,,,-23.543503625,-46.4090985,,,,1,2023-06-17T06:17:16+00:00
SAO_3006-10,São Paulo,3550308,True,,1865,,,-23.548099999999998,-46.389815,,,,1,2023-06-17T06:17:18+00:00
SAO_3006-10,São Paulo,3550308,True,,1865,,,-23.548099999999998,-46.389815,,,,1,2023-06-17T06:17:03+00:00
SAO_3006-10,São Paulo,3550308,True,,1865,,,-23.548099999999998,-46.389815,,,,1,2023-06-17T06:16:52+00:00
SAO_3006-10,São Paulo,3550308,True,,1865,,,-23.548099999999998,-46.389815,,,,1,2023-06-17T06:15:50+00:00
SAO_771P-10,São Paulo,3550308,True,,33274,,,-23.58382575,-46.73605275,,,,2,2023-06-17T06:17:26+00:00
SAO_N202-11,São Paulo,3550308,True,,35080,,,-23.5357173125,-46.6627435625,,,,2,2023-06-17T06:17:42+00:00
SAO_4025-10,São Paulo,3550308,True,,33863,,,-23.593271,-46.560283,,,,2,2023-06-17T06:17:30+00:00
SAO_4025-10,São Paulo,3550308,True,,33863,,,-23.6049335,-46.559254124999995,,,,2,2023-06-17T06:17:34+00:00
SAO_4025-10,São Paulo,3550308,True,,33863,,,-23.579289250000002,-46.58038775,,,,2,2023-06-17T06:17:34+00:00
SAO_4025-10,São Paulo,3550308,True,,33863,,,-23.543080500000002,-46.5800055,,,,2,2023-06-17T06:17:30+00:00
SAO_5611-10,São Paulo,3550308,True,EMTU,598,https://moovitapp.com/index/pt-br/transporte_p%C3%BAblico-line-598-Sao_Paulo-242-2038937-36419579-0,7.05,-23.7028335,-46.644758499999995,,,,1,2023-06-17T06:17:15+00:00
SAO_5611-10,São Paulo,3550308,True,EMTU,598,https://moovitapp.com/index/pt-br/transporte_p%C3%BAblico-line-598-Sao_Paulo-242-2038937-36419579-0,7.05,-23.557504625,-46.63795987499999,,,,1,2023-06-17T06:17:02+00:00
SAO_5611-10,São Paulo,3550308,True,EMTU,598,https://moovitapp.com/index/pt-br/transporte_p%C3%BAblico-line-598-Sao_Paulo-242-2038937-36419579-0,7.05,-23.7030885,-46.6444935,,,,1,2023-06-17T06:14:27+00:00
SAO_5611-10,São Paulo,3550308,True,EMTU,598,https://moovitapp.com/index/pt-br/transporte_p%C3%BAblico-line-598-Sao_Paulo-242-2038937-36419579-0,7.05,-23.659986,-46.679460999999996,,,,1,2023-06-17T06:17:16+00:00
SAO_172Y-10,São Paulo,3550308,True,,33630,,,-23.5031155,-46.591468,,,,2,2023-06-17T06:17:16+00:00
SAO_1026-10,São Paulo,3550308,True,,2306,,,-23.488557999999998,-46.697984500000004,,,,1,2023-06-17T06:17:20+00:00
SAO_857A-10,São Paulo,3550308,True,,1925,,,-23.59849425,-46.63818525,,,,1,2023-06-17T06:17:15+00:00
SAO_857A-10,São Paulo,3550308,True,,1925,,,-23.570447,-46.691294,,,,1,2023-06-17T06:17:46+00:00
SAO_3732-10,São Paulo,3550308,True,,33797,,,-23.542063499999998,-46.43687875,,,,2,2023-06-17T06:17:34+00:00
SAO_3732-10,São Paulo,3550308,True,,33797,,,-23.542998,-46.4711105,,,,2,2023-06-17T06:17:21+00:00
SAO_3732-10,São Paulo,3550308,True,,33797,,,-23.540044,-46.4317305,,,,2,2023-06-17T06:17:22+00:00
SAO_N407-11,São Paulo,3550308,True,,35131,,,-23.541143499999997,-46.543657249999995,,,,2,2023-06-17T06:17:01+00:00
SAO_637A-10,São Paulo,3550308,True,,32953,,,-23.6754575,-46.7490255,,,,2,2023-06-17T06:17:35+00:00
SAO_637A-10,São Paulo,3550308,True,,32953,,,-23.629877,-46.71685825,,,,2,2023-06-17T06:17:09+00:00
SAO_637A-10,São Paulo,3550308,True,,32953,,,-23.6901525,-46.774198999999996,,,,2,2023-06-17T06:17:04+00:00
SAO_2732-10,São Paulo,3550308,True,,33715,,,-23.540062499999998,-46.482594375,,,,2,2023-06-17T06:17:19+00:00
SAO_2732-10,São Paulo,3550308,True,,947,,,-23.5402155,-46.483134,,,,1,2023-06-17T06:17:34+00:00
SAO_2732-10,São Paulo,3550308,True,,947,,,-23.5402155,-46.483134,,,,1,2023-06-17T06:17:00+00:00
SAO_2732-10,São Paulo,3550308,True,,947,,,-23.5402155,-46.483134,,,,1,2023-06-17T06:17:06+00:00
SAO_2732-10,São Paulo,3550308,True,,947,,,-23.5402155,-46.483134,,,,1,2023-06-17T06:17:32+00:00
SAO_3027-10,São Paulo,3550308,True,,33731,,,-23.5765035,-46.479666,,,,2,2023-06-17T06:17:29+00:00
SAO_3027-10,São Paulo,3550308,True,,33731,,,-23.5405345,-46.43791075,,,,2,2023-06-17T06:17:11+00:00
SAO_3729-10,São Paulo,3550308,True,,33794,,,-23.564648,-46.5464445,,,,2,2023-06-17T06:17:30+00:00
SAO_3729-10,São Paulo,3550308,True,,33794,,,-23.563938999999998,-46.5031725,,,,2,2023-06-17T06:17:12+00:00
SAO_3729-10,São Paulo,3550308,True,,33794,,,-23.564021500000003,-46.5052175,,,,2,2023-06-17T06:17:21+00:00
SAO_7011-31,São Paulo,3550308,True,,1954,,,-23.689673,-46.773585499999996,,,,1,2023-06-17T06:17:02+00:00
SAO_9717-10,São Paulo,3550308,True,,817,,,-23.511937250000003,-46.624909,,,,1,2023-06-17T06:17:26+00:00
SAO_9004-10,São Paulo,3550308,True,,33639,,,-23.475167499999998,-46.6699895,,,,2,2023-06-17T06:17:16+00:00
SAO_9004-10,São Paulo,3550308,True,,33639,,,-23.4567555,-46.6849275,,,,2,2023-06-17T06:17:19+00:00
SAO_312N-10,São Paulo,3550308,True,,33758,,,-23.565270625,-46.403667500000005,,,,2,2023-06-17T06:17:35+00:00
SAO_312N-10,São Paulo,3550308,True,,33758,,,-23.5159335,-46.41423525,,,,2,2023-06-17T06:17:34+00:00
SAO_875A-10,São Paulo,3550308,True,,609,,,-23.575457999999998,-46.6413405,,,,1,2023-06-17T06:17:39+00:00
SAO_875A-10,São Paulo,3550308,True,,609,,,-23.6431545,-46.663253999999995,,,,1,2023-06-17T06:17:08+00:00
SAO_875A-10,São Paulo,3550308,True,,609,,,-23.533734,-46.662614500000004,,,,1,2023-06-17T06:17:11+00:00
SAO_3112-10,São Paulo,3550308,True,,33848,,,-23.6042995,-46.527318,,,,2,2023-06-17T06:17:10+00:00
SAO_3112-10,São Paulo,3550308,True,,33848,,,-23.551536625,-46.5955425,,,,2,2023-06-17T06:17:24+00:00
SAO_2451-10,São Paulo,3550308,True,EMTU,213,https://moovitapp.com/index/pt-br/transporte_p%C3%BAblico-line-213-Sao_Paulo-242-2038937-36419335-0,6.7,-23.529283,-46.5540615,,,,1,2023-06-17T06:17:43+00:00
SAO_351F-10,São Paulo,3550308,True,,33455,,,-23.541178,-46.575342250000006,,,,2,2023-06-17T06:17:01+00:00
SAO_351F-10,São Paulo,3550308,True,,33455,,,-23.513438750000002,-46.58576475,,,,2,2023-06-17T06:17:34+00:00
SAO_351F-10,São Paulo,3550308,True,,33455,,,-23.4618045,-46.5828915,,,,2,2023-06-17T06:17:39+00:00
SAO_715M-10,São Paulo,3550308,True,EMTU,490,https://moovitapp.com/index/pt-br/transporte_p%C3%BAblico-line-490-Sao_Paulo-242-2038937-36419517-0,5.15,-23.566518875,-46.65122175,,,,1,2023-06-17T06:17:19+00:00
SAO_715M-10,São Paulo,3550308,True,EMTU,490,https://moovitapp.com/index/pt-br/transporte_p%C3%BAblico-line-490-Sao_Paulo-242-2038937-36419517-0,5.15,-23.578207,-46.7489585,,,,1,2023-06-17T06:17:25+00:00
SAO_715M-10,São Paulo,3550308,True,EMTU,490,https://moovitapp.com/index/pt-br/transporte_p%C3%BAblico-line-490-Sao_Paulo-242-2038937-36419517-0,5.15,-23.570591375,-46.7108125,,,,1,2023-06-17T06:17:30+00:00
SAO_809U-10,São Paulo,3550308,True,,2254,,,-23.54751075,-46.6900415,,,,1,2023-06-17T06:17:02+00:00
SAO_2028-10,São Paulo,3550308,True,,35031,,,-23.434402499999997,-46.5717385,,,,2,2023-06-17T06:17:42+00:00
SAO_2028-10,São Paulo,3550308,True,,35031,,,-23.477647500000003,-46.605779999999996,,,,2,2023-06-17T06:17:25+00:00
SAO_1783-10,São Paulo,3550308,True,,644,,,-23.430778250000003,-46.59381275,,,,1,2023-06-17T06:17:19+00:00
SAO_1783-10,São Paulo,3550308,True,,644,,,-23.408337,-46.582789000000005,,,,1,2023-06-17T06:17:33+00:00
SAO_314J-10,São Paulo,3550308,True,Cidade de Caieiras,310,https://moovitapp.com/index/pt-br/transporte_p%C3%BAblico-line-310-Sao_Paulo-242-868761-496418-0,5.0,-23.559757374999997,-46.622573124999995,,,,1,2023-06-17T06:17:00+00:00
SAO_N802-11,São Paulo,3550308,True,,35197,,,-23.573071,-46.6546745,,,,2,2023-06-17T06:17:25+00:00
SAO_1764-10,São Paulo,3550308,True,,625,,,-23.450993,-46.596401,,,,1,2023-06-17T06:17:35+00:00
SAO_6015-10,São Paulo,3550308,True,,33973,,,-23.6628155,-46.707258625,,,,2,2023-06-17T06:17:23+00:00
SAO_6015-10,São Paulo,3550308,True,,33973,,,-23.700074,-46.780868,,,,2,2023-06-17T06:17:19+00:00
SAO_5702-10,São Paulo,3550308,True,,33905,,,-23.6935215,-46.6413835,,,,2,2023-06-17T06:17:16+00:00
SAO_N101-11,São Paulo,3550308,True,,35050,,,-23.520782500000003,-46.667924,,,,2,2023-06-17T06:17:16+00:00
SAO_6835-31,São Paulo,3550308,True,,34175,,,-23.686184,-46.793074250000004,,,,2,2023-06-17T06:17:09+00:00
SAO_6076-41,São Paulo,3550308,True,,34754,,,-23.680037249999998,-46.710535500000006,,,,2,2023-06-17T06:17:07+00:00
SAO_5034-10,São Paulo,3550308,True,,34431,,,-23.6530245,-46.602299,,,,2,2023-06-17T06:17:06+00:00
SAO_5034-10,São Paulo,3550308,True,,34431,,,-23.637371,-46.5949895,,,,2,2023-06-17T06:17:23+00:00
SAO_5034-10,São Paulo,3550308,True,,34431,,,-23.603196500000003,-46.602447999999995,,,,2,2023-06-17T06:17:21+00:00
SAO_847P-10,São Paulo,3550308,True,,423,,,-23.4861505,-46.7258785,,,,1,2023-06-17T06:17:39+00:00
SAO_847P-10,São Paulo,3550308,True,,423,,,-23.59616325,-46.691351,,,,1,2023-06-17T06:17:40+00:00
SAO_7005-51,São Paulo,3550308,True,,1999,,,-23.660947999999998,-46.7694695,,,,1,2023-06-17T06:17:26+00:00
SAO_695Y-41,São Paulo,3550308,True,,1199,,,-23.8279045,-46.727655,,,,1,2023-06-17T06:14:23+00:00
SAO_2726-10,São Paulo,3550308,True,,33708,,,-23.523171750000003,-46.544194250000004,,,,2,2023-06-17T06:17:27+00:00
SAO_2726-10,São Paulo,3550308,True,,33708,,,-23.5164355,-46.5211235,,,,2,2023-06-17T06:17:13+00:00
SAO_2726-10,São Paulo,3550308,True,,33708,,,-23.51335725,-46.46883025,,,,2,2023-06-17T06:17:07+00:00
SAO_2726-10,São Paulo,3550308,True,,33708,,,-23.508566000000002,-46.4683395,,,,2,2023-06-17T06:17:05+00:00
SAO_3787-10,São Paulo,3550308,True,,34380,,,-23.5433195,-46.470394,,,,2,2023-06-17T06:17:01+00:00
SAO_3787-10,São Paulo,3550308,True,,34380,,,-23.5425565,-46.4708155,,,,2,2023-06-17T06:17:14+00:00
SAO_3787-10,São Paulo,3550308,True,,34380,,,-23.5847005,-46.409005,,,,2,2023-06-17T06:17:09+00:00
SAO_3787-10,São Paulo,3550308,True,,34380,,,-23.6043855,-46.40376,,,,2,2023-06-17T06:17:21+00:00
SAO_3787-10,São Paulo,3550308,True,,34380,,,-23.587325,-46.443051499999996,,,,2,2023-06-17T06:17:42+00:00
SAO_211L-10,São Paulo,3550308,True,,2265,,,-23.5199865,-46.701155,,,,1,2023-06-17T06:17:12+00:00
SAO_211L-10,São Paulo,3550308,True,,2265,,,-23.467225499999998,-46.639269999999996,,,,1,2023-06-17T06:17:14+00:00
SAO_576C-10,São Paulo,3550308,True,,1290,,,-23.6460055,-46.644996,,,,1,2023-06-17T06:17:01+00:00
SAO_576C-10,São Paulo,3550308,True,,1290,,,-23.6460055,-46.644996,,,,1,2023-06-17T06:16:13+00:00
SAO_576C-10,São Paulo,3550308,True,,1290,,,-23.6460055,-46.644996,,,,1,2023-06-17T06:17:14+00:00
SAO_576C-10,São Paulo,3550308,True,,1290,,,-23.638162,-46.6322935,,,,1,2023-06-17T06:17:27+00:00
SAO_N141-11,São Paulo,3550308,True,,2297,,,-23.462184999999998,-46.696357,,,,1,2023-06-17T06:17:18+00:00
SAO_3795-10,São Paulo,3550308,True,,33841,,,-23.5506815,-46.456769,,,,2,2023-06-17T06:16:59+00:00
SAO_274P-10,São Paulo,3550308,True,Grupo Vida,232,https://moovitapp.com/index/pt-br/transporte_p%C3%BAblico-line-232-Sao_Paulo-242-887112-748347-0,5.3,-23.564375,-46.6216915,,,,1,2023-06-17T06:17:27+00:00
SAO_9009-10,São Paulo,3550308,True,,33645,,,-23.463238750000002,-46.682105750000005,,,,2,2023-06-17T06:17:05+00:00
SAO_9009-10,São Paulo,3550308,True,,33645,,,-23.445848875000003,-46.708823375,,,,2,2023-06-17T06:17:28+00:00
SAO_3160-10,São Paulo,3550308,True,EMTU,125,https://moovitapp.com/index/pt-br/transporte_p%C3%BAblico-line-125-Sao_Paulo-242-2038937-36419283-0,5.15,-23.5463875,-46.630173,,,,1,2023-06-17T06:17:04+00:00
SAO_N336-11,São Paulo,3550308,True,,2348,,,-23.51900825,-46.410292125,,,,1,2023-06-17T06:17:42+00:00
SAO_172X-10,São Paulo,3550308,True,,33629,,,-23.50426375,-46.565462249999996,,,,2,2023-06-17T06:17:17+00:00
SAO_172X-10,São Paulo,3550308,True,,33629,,,-23.53875525,-46.575541,,,,2,2023-06-17T06:17:42+00:00
SAO_172X-10,São Paulo,3550308,True,,33629,,,-23.52266075,-46.561479000000006,,,,2,2023-06-17T06:15:09+00:00
SAO_6048-10,São Paulo,3550308,True,BR7 Mobilidade,56,https://moovitapp.com/index/pt-br/transporte_p%C3%BAblico-line-56-Sao_Paulo-242-851856-518592-0,5.75,-23.66215,-46.7691005,,,,1,2023-06-17T06:17:04+00:00
SAO_6048-10,São Paulo,3550308,True,BR7 Mobilidade,56,https://moovitapp.com/index/pt-br/transporte_p%C3%BAblico-line-56-Sao_Paulo-242-851856-518592-0,5.75,-23.6805215,-46.769168500000006,,,,1,2023-06-17T06:17:45+00:00
SAO_314J-10,São Paulo,3550308,True,,33078,,,-23.588873,-46.584588,,,,2,2023-06-17T06:17:42+00:00
SAO_314J-10,São Paulo,3550308,True,,33078,,,-23.597073,-46.565962999999996,,,,2,2023-06-17T06:17:12+00:00
SAO_314J-10,São Paulo,3550308,True,,33078,,,-23.605895,-46.513215,,,,2,2023-06-17T06:17:16+00:00
SAO_314J-10,São Paulo,3550308,True,,33078,,,-23.5610735,-46.63240725,,,,2,2023-06-17T06:17:42+00:00
SAO_372U-10,São Paulo,3550308,True,,1016,,,-23.5564715,-46.537433,,,,1,2023-06-17T06:17:05+00:00
SAO_372U-10,São Paulo,3550308,True,,1016,,,-23.541065,-46.576965,,,,1,2023-06-17T06:17:36+00:00
SAO_9354-10,São Paulo,3550308,True,,708,,,-23.5079105,-46.657836625,,,,1,2023-06-17T06:17:44+00:00
SAO_312N-10,São Paulo,3550308,True,,990,,,-23.4910945,-46.441233999999994,,,,1,2023-06-17T06:17:02+00:00
SAO_N242-11,São Paulo,3550308,True,,2331,,,-23.46831725,-46.60394062499999,,,,1,2023-06-17T06:17:05+00:00
SAO_N705-11,São Paulo,3550308,True,,35178,,,-23.5925145,-46.694821000000005,,,,2,2023-06-17T06:17:08+00:00
SAO_4729-10,São Paulo,3550308,True,,1108,,,-23.5468075,-46.583911125,,,,1,2023-06-17T06:17:19+00:00
SAO_N204-11,São Paulo,3550308,True,,2314,,,-23.5024885,-46.597522,,,,1,2023-06-17T06:14:49+00:00
SAO_5143-10,São Paulo,3550308,True,,34396,,,-23.58236325,-46.599820750000006,,,,2,2023-06-17T06:17:16+00:00
SAO_6039-10,São Paulo,3550308,True,,1217,,,-23.64479025,-46.725692,,,,1,2023-06-17T06:17:04+00:00
SAO_1786-10,São Paulo,3550308,True,,33417,,,-23.4947065,-46.622623000000004,,,,2,2023-06-17T06:17:36+00:00
SAO_888P-10,São Paulo,3550308,True,EMTU,454,https://moovitapp.com/index/pt-br/transporte_p%C3%BAblico-line-454-Sao_Paulo-242-2038937-36419497-0,5.25,-23.4471055,-46.7442375,,,,1,2023-06-17T06:17:36+00:00
SAO_888P-10,São Paulo,3550308,True,EMTU,454,https://moovitapp.com/index/pt-br/transporte_p%C3%BAblico-line-454-Sao_Paulo-242-2038937-36419497-0,5.25,-23.441021499999998,-46.7081045,,,,1,2023-06-17T06:17:27+00:00
SAO_7055-10,São Paulo,3550308,True,,34656,,,-23.6923765,-46.7911055,,,,2,2023-06-17T06:17:31+00:00
SAO_7055-10,São Paulo,3550308,True,,34656,,,-23.646844,-46.779120250000005,,,,2,2023-06-17T06:17:46+00:00
SAO_7055-10,São Paulo,3550308,True,,34656,,,-23.679083499999997,-46.77927975,,,,2,2023-06-17T06:17:20+00:00
SAO_8319-10,São Paulo,3550308,True,,33244,,,-23.553734,-46.7529455,,,,2,2023-06-17T06:17:25+00:00
SAO_8319-10,São Paulo,3550308,True,,33244,,,-23.54837,-46.7591325,,,,2,2023-06-17T06:17:33+00:00
SAO_6044-10,São Paulo,3550308,True,,33989,,,-23.6575565,-46.764503,,,,2,2023-06-17T06:17:35+00:00
SAO_6044-10,São Paulo,3550308,True,,33989,,,-23.6769685,-46.794531750000004,,,,2,2023-06-17T06:17:17+00:00
SAO_8010-10,São Paulo,3550308,True,,33566,,,-23.415335,-46.7320725,,,,2,2023-06-17T06:17:38+00:00
SAO_8026-10,São Paulo,3550308,True,,2083,,,-23.5910905,-46.735774500000005,,,,1,2023-06-17T06:17:14+00:00
SAO_8026-10,São Paulo,3550308,True,,2083,,,-23.59181125,-46.73579,,,,1,2023-06-17T06:17:14+00:00
SAO_4056-10,São Paulo,3550308,True,,35005,,,-23.611497999999997,-46.460027249999996,,,,2,2023-06-17T06:17:31+00:00
SAO_4056-10,São Paulo,3550308,True,,35005,,,-23.606513500000002,-46.45074075,,,,2,2023-06-17T06:17:27+00:00
SAO_374M-10,São Paulo,3550308,True,,34733,,,-23.5139275,-46.505485500000006,,,,2,2023-06-17T06:17:31+00:00
SAO_374M-10,São Paulo,3550308,True,,34733,,,-23.48555,-46.48161125,,,,2,2023-06-17T06:17:18+00:00
SAO_N603-11,São Paulo,3550308,True,,35162,,,-23.59130125,-46.686572999999996,,,,2,2023-06-17T06:17:05+00:00
SAO_6813-10,São Paulo,3550308,True,,32801,,,-23.668012249999997,-46.764174,,,,2,2023-06-17T06:17:35+00:00
SAO_775N-10,São Paulo,3550308,True,,474,,,-23.5466355,-46.69045,,,,1,2023-06-17T06:17:45+00:00
SAO_513L-10,São Paulo,3550308,True,,34423,,,-23.53831475,-46.5914905,,,,2,2023-06-17T06:17:29+00:00
SAO_513L-10,São Paulo,3550308,True,,34423,,,-23.602657999999998,-46.601800499999996,,,,2,2023-06-17T06:17:03+00:00
SAO_5164-21,São Paulo,3550308,True,,34384,,,-23.647766,-46.6515645,,,,2,2023-06-17T06:17:06+00:00
SAO_5164-21,São Paulo,3550308,True,,34384,,,-23.61322,-46.638131,,,,2,2023-06-17T06:17:07+00:00
SAO_6062-51,São Paulo,3550308,True,,1739,,,-23.654038,-46.708869500000006,,,,1,2023-06-17T06:17:19+00:00
SAO_6062-51,São Paulo,3550308,True,,1739,,,-23.7419465,-46.681698499999996,,,,1,2023-06-17T06:17:23+00:00
SAO_8622-10,São Paulo,3550308,True,,33206,,,-23.430564500000003,-46.788671,,,,2,2023-06-17T06:17:02+00:00
SAO_8622-10,São Paulo,3550308,True,,33206,,,-23.5201025,-46.700795,,,,2,2023-06-17T06:17:43+00:00
SAO_8622-10,São Paulo,3550308,True,,33206,,,-23.4939475,-46.758728250000004,,,,2,2023-06-17T06:17:24+00:00
SAO_8500-10,São Paulo,3550308,True,,1267,,,-23.525028624999997,-46.667401125,,,,1,2023-06-17T06:17:32+00:00
SAO_6812-10,São Paulo,3550308,True,,1242,,,-23.733515500000003,-46.7905865,,,,1,2023-06-17T06:17:24+00:00
SAO_6812-10,São Paulo,3550308,True,,1242,,,-23.71889675,-46.78474375,,,,1,2023-06-17T06:17:19+00:00
SAO_N802-11,São Paulo,3550308,True,,2429,,,-23.57265875,-46.668621125,,,,1,2023-06-17T06:17:37+00:00
SAO_3739-10,São Paulo,3550308,True,,33807,,,-23.616591,-46.417780500000006,,,,2,2023-06-17T06:17:15+00:00
SAO_3739-10,São Paulo,3550308,True,,33807,,,-23.56382975,-46.44634175,,,,2,2023-06-17T06:17:37+00:00
SAO_2715-10,São Paulo,3550308,True,,928,,,-23.53005825,-46.500728249999995,,,,1,2023-06-17T06:17:09+00:00
SAO_N506-11,São Paulo,3550308,True,,35148,,,-23.57124375,-46.644467250000005,,,,2,2023-06-17T06:17:11+00:00
SAO_6061-10,São Paulo,3550308,True,,1150,,,-23.7882205,-46.685370500000005,,,,1,2023-06-17T06:17:11+00:00
SAO_7057-10,São Paulo,3550308,True,,1897,,,-23.649582000000002,-46.784457,,,,1,2023-06-17T06:17:27+00:00
SAO_6014-10,São Paulo,3550308,True,,32956,,,-23.695515,-46.779732499999994,,,,2,2023-06-17T06:17:00+00:00
SAO_6014-10,São Paulo,3550308,True,,32956,,,-23.7277955,-46.7863145,,,,2,2023-06-17T06:17:33+00:00
SAO_6014-10,São Paulo,3550308,True,,32956,,,-23.7339,-46.792988,,,,2,2023-06-17T06:15:37+00:00
SAO_6014-10,São Paulo,3550308,True,,32956,,,-23.7342425,-46.7937295,,,,2,2023-06-17T06:16:04+00:00
SAO_6014-10,São Paulo,3550308,True,,32956,,,-23.675834000000002,-46.7493985,,,,2,2023-06-17T06:17:26+00:00
SAO_N343-11,São Paulo,3550308,True,,2355,,,-23.543407000000002,-46.4644655,,,,1,2023-06-17T06:17:25+00:00
SAO_N205-11,São Paulo,3550308,True,,2315,,,-23.509026,-46.6662465,,,,1,2023-06-17T06:17:29+00:00
SAO_4003-10,São Paulo,3550308,True,,2159,,,-23.5634045,-46.4183525,,,,1,2023-06-17T06:17:28+00:00
SAO_4086-10,São Paulo,3550308,True,,2250,,,-23.600070000000002,-46.4004245,,,,1,2023-06-17T06:17:39+00:00
SAO_178A-10,São Paulo,3550308,True,,33326,,,-23.52559025,-46.6819255,,,,2,2023-06-17T06:17:15+00:00
SAO_178A-10,São Paulo,3550308,True,,33326,,,-23.523176875,-46.653549125000005,,,,2,2023-06-17T06:17:41+00:00
SAO_2161-10,São Paulo,3550308,True,,33462,,,-23.480677,-46.58151225,,,,2,2023-06-17T06:17:41+00:00
SAO_2161-10,São Paulo,3550308,True,,33462,,,-23.4740875,-46.566756999999996,,,,2,2023-06-17T06:17:00+00:00
SAO_2161-10,São Paulo,3550308,True,,33462,,,-23.542090875,-46.61610175,,,,2,2023-06-17T06:17:18+00:00
SAO_2435-10,São Paulo,3550308,True,,32978,,,-23.528665500000002,-46.554443500000005,,,,2,2023-06-17T06:17:29+00:00
SAO_N104-11,São Paulo,3550308,True,,2285,,,-23.519739,-46.7008255,,,,1,2023-06-17T06:17:38+00:00
SAO_N142-11,São Paulo,3550308,True,,2298,,,-23.490685,-46.6888225,,,,1,2023-06-17T06:17:02+00:00
SAO_8545-10,São Paulo,3550308,True,,34132,,,-23.515402,-46.69489875000001,,,,2,2023-06-17T06:17:42+00:00
SAO_8545-10,São Paulo,3550308,True,,34132,,,-23.470173000000003,-46.685679,,,,2,2023-06-17T06:17:44+00:00
SAO_2088-10,São Paulo,3550308,True,EMTU,372,https://moovitapp.com/index/pt-br/transporte_p%C3%BAblico-line-372-Sao_Paulo-242-2038937-36419447-0,4.9,-23.515267,-46.4554825,,,,1,2023-06-17T06:17:30+00:00
SAO_208M-10,São Paulo,3550308,True,,2478,,,-23.549114000000003,-46.674974500000005,,,,1,2023-06-17T06:17:42+00:00
SAO_N743-11,São Paulo,3550308,True,,2424,,,-23.680833749999998,-46.734853,,,,1,2023-06-17T06:17:36+00:00
SAO_6L10-41,São Paulo,3550308,True,,34773,,,-23.7880685,-46.765596,,,,2,2023-06-17T06:17:44+00:00
SAO_6L10-41,São Paulo,3550308,True,,34773,,,-23.7880685,-46.765596,,,,2,2023-06-17T06:17:27+00:00
SAO_3027-10,São Paulo,3550308,True,,963,,,-23.563912000000002,-46.5052585,,,,1,2023-06-17T06:17:11+00:00
SAO_3027-10,São Paulo,3550308,True,,963,,,-23.5431935,-46.4152505,,,,1,2023-06-17T06:17:23+00:00
SAO_3069-10,São Paulo,3550308,True,,33752,,,-23.60662525,-46.41692075,,,,2,2023-06-17T06:17:04+00:00
SAO_3069-10,São Paulo,3550308,True,,33752,,,-23.60662525,-46.41692075,,,,2,2023-06-17T06:17:22+00:00
SAO_3069-10,São Paulo,3550308,True,,33752,,,-23.60662525,-46.41692075,,,,2,2023-06-17T06:17:21+00:00
SAO_3069-10,São Paulo,3550308,True,,33752,,,-23.606985,-46.416852500000005,,,,2,2023-06-17T06:17:06+00:00
SAO_3069-10,São Paulo,3550308,True,,33752,,,-23.622170750000002,-46.465669250000005,,,,2,2023-06-17T06:17:41+00:00
SAO_3069-10,São Paulo,3550308,True,,33752,,,-23.6193625,-46.424206999999996,,,,2,2023-06-17T06:17:31+00:00
SAO_3069-10,São Paulo,3550308,True,,33752,,,-23.606299749999998,-46.41697025,,,,2,2023-06-17T06:17:34+00:00
SAO_6806-10,São Paulo,3550308,True,,32800,,,-23.634156,-46.757954,,,,2,2023-06-17T06:17:25+00:00
SAO_719P-10,São Paulo,3550308,True,,1372,,,-23.546972250000003,-46.658325250000004,,,,1,2023-06-17T06:17:21+00:00
SAO_N732-11,São Paulo,3550308,True,,2413,,,-23.7399375,-46.793373,,,,1,2023-06-17T06:17:17+00:00
SAO_2033-10,São Paulo,3550308,True,,35267,,,-23.513487249999997,-46.60955799999999,,,,2,2023-06-17T06:17:31+00:00
SAO_7059-10,São Paulo,3550308,True,,34692,,,-23.658293999999998,-46.7752675,,,,2,2023-06-17T06:17:28+00:00
SAO_7059-10,São Paulo,3550308,True,,34692,,,-23.658105,-46.7818715,,,,2,2023-06-17T06:17:21+00:00
SAO_106A-10,São Paulo,3550308,True,,516,,,-23.5854545,-46.673177,,,,1,2023-06-17T06:17:14+00:00
SAO_273F-10,São Paulo,3550308,True,,32927,,,-23.490477750000004,-46.42038325,,,,2,2023-06-17T06:15:09+00:00
SAO_5145-10,São Paulo,3550308,True,,34409,,,-23.574130125,-46.610845749999996,,,,2,2023-06-17T06:17:37+00:00
SAO_5145-10,São Paulo,3550308,True,,34409,,,-23.581135500000002,-46.604696000000004,,,,2,2023-06-17T06:17:12+00:00
SAO_6061-10,São Paulo,3550308,True,,33918,,,-23.750571,-46.6881895,,,,2,2023-06-17T06:17:43+00:00
SAO_809D-10,São Paulo,3550308,True,,2068,,,-23.581624875,-46.731044624999996,,,,1,2023-06-17T06:17:37+00:00
SAO_8194-10,São Paulo,3550308,True,,33573,,,-23.4134345,-46.749998500000004,,,,2,2023-06-17T06:17:27+00:00
SAO_8194-10,São Paulo,3550308,True,,33573,,,-23.436851750000002,-46.71219800000001,,,,2,2023-06-17T06:17:38+00:00
SAO_8194-10,São Paulo,3550308,True,,33573,,,-23.405450000000002,-46.7349175,,,,2,2023-06-17T06:17:38+00:00
SAO_737A-10,São Paulo,3550308,True,,34498,,,-23.677236999999998,-46.7609965,,,,2,2023-06-17T06:17:30+00:00
SAO_6051-10,São Paulo,3550308,True,,1143,,,-23.767886500000003,-46.7165485,,,,1,2023-06-17T06:17:15+00:00
SAO_5144-10,São Paulo,3550308,True,,34395,,,-23.5810445,-46.53825525,,,,2,2023-06-17T06:17:18+00:00
SAO_5144-10,São Paulo,3550308,True,,34395,,,-23.536783,-46.62226,,,,2,2023-06-17T06:17:15+00:00
SAO_809P-10,São Paulo,3550308,True,,34659,,,-23.567620499999997,-46.6955405,,,,2,2023-06-17T06:17:40+00:00
SAO_809P-10,São Paulo,3550308,True,,34659,,,-23.622169,-46.7590395,,,,2,2023-06-17T06:17:25+00:00
SAO_9032-10,São Paulo,3550308,True,,33648,,,-23.4542055,-46.696564,,,,2,2023-06-17T06:17:14+00:00
SAO_9032-10,São Paulo,3550308,True,,33648,,,-23.4506795,-46.699188500000005,,,,2,2023-06-17T06:17:13+00:00
SAO_4052-10,São Paulo,3550308,True,,34913,,,-23.541319,-46.42559925,,,,2,2023-06-17T06:17:18+00:00
SAO_5018-31,São Paulo,3550308,True,,1861,,,-23.691888,-46.6605995,,,,1,2023-06-17T06:17:39+00:00
SAO_847J-10,São Paulo,3550308,True,,34110,,,-23.4629355,-46.721095500000004,,,,2,2023-06-17T06:16:29+00:00
SAO_5391-10,São Paulo,3550308,True,EMTU,171,https://moovitapp.com/index/pt-br/transporte_p%C3%BAblico-line-171-Sao_Paulo-242-2038937-36419310-0,4.8,-23.567836749999998,-46.640503,,,,1,2023-06-17T06:17:32+00:00
SAO_5391-10,São Paulo,3550308,True,EMTU,171,https://moovitapp.com/index/pt-br/transporte_p%C3%BAblico-line-171-Sao_Paulo-242-2038937-36419310-0,4.8,-23.689673,-46.773585499999996,,,,1,2023-06-17T06:17:02+00:00
SAO_5391-10,São Paulo,3550308,True,EMTU,171,https://moovitapp.com/index/pt-br/transporte_p%C3%BAblico-line-171-Sao_Paulo-242-2038937-36419310-0,4.8,-23.690631,-46.774444,,,,1,2023-06-17T06:12:45+00:00
SAO_N204-11,São Paulo,3550308,True,,35082,,,-23.5133915,-46.602871,,,,2,2023-06-17T06:17:06+00:00
SAO_311C-10,São Paulo,3550308,True,,33077,,,-23.594777,-46.5478045,,,,2,2023-06-17T06:17:24+00:00
SAO_546J-10,São Paulo,3550308,True,,33901,,,-23.68907575,-46.662764749999994,,,,2,2023-06-17T06:17:34+00:00
SAO_546J-10,São Paulo,3550308,True,,33901,,,-23.653772500000002,-46.704392,,,,2,2023-06-17T06:17:34+00:00
SAO_172J-10,São Paulo,3550308,True,,33624,,,-23.5226545,-46.581943,,,,2,2023-06-17T06:14:45+00:00
SAO_172J-10,São Paulo,3550308,True,,33624,,,-23.518509375,-46.589751,,,,2,2023-06-17T06:17:02+00:00
SAO_174M-10,São Paulo,3550308,True,,673,,,-23.487883500000002,-46.574864500000004,,,,1,2023-06-17T06:17:28+00:00
SAO_174M-10,São Paulo,3550308,True,,673,,,-23.579950750000002,-46.60480425,,,,1,2023-06-17T06:17:17+00:00
SAO_2014-10,São Paulo,3550308,True,,33668,,,-23.4953655,-46.6609615,,,,2,2023-06-17T06:17:36+00:00
SAO_2014-10,São Paulo,3550308,True,,33668,,,-23.525684,-46.670137499999996,,,,2,2023-06-17T06:17:29+00:00
SAO_2014-10,São Paulo,3550308,True,,33668,,,-23.462994000000002,-46.6697405,,,,2,2023-06-17T06:17:37+00:00
SAO_2014-10,São Paulo,3550308,True,,33668,,,-23.51564425,-46.66676375,,,,2,2023-06-17T06:17:10+00:00
SAO_3789-10,São Paulo,3550308,True,,33835,,,-23.542599000000003,-46.4710815,,,,2,2023-06-17T06:17:29+00:00
SAO_3789-10,São Paulo,3550308,True,,33835,,,-23.544307500000002,-46.4650025,,,,2,2023-06-17T06:17:26+00:00
SAO_3789-10,São Paulo,3550308,True,,33835,,,-23.594738,-46.443792,,,,2,2023-06-17T06:17:23+00:00
SAO_3789-10,São Paulo,3550308,True,,33835,,,-23.600070000000002,-46.4004245,,,,2,2023-06-17T06:17:08+00:00
SAO_2705-10,São Paulo,3550308,True,,33685,,,-23.5477105,-46.393362499999995,,,,2,2023-06-17T06:17:23+00:00
SAO_2705-10,São Paulo,3550308,True,,33685,,,-23.5424075,-46.470879499999995,,,,2,2023-06-17T06:17:03+00:00
SAO_2705-10,São Paulo,3550308,True,,33685,,,-23.5318265,-46.440373,,,,2,2023-06-17T06:17:17+00:00
SAO_2028-10,São Paulo,3550308,True,,2263,,,-23.435933,-46.5767585,,,,1,2023-06-17T06:15:21+00:00
SAO_N533-11,São Paulo,3550308,True,,2385,,,-23.599297,-46.5521315,,,,1,2023-06-17T06:17:13+00:00
SAO_4055-10,São Paulo,3550308,True,,2447,,,-23.5501515,-46.419253,,,,1,2023-06-17T06:16:48+00:00
SAO_172P-10,São Paulo,3550308,True,,33626,,,-23.441767,-46.589588000000006,,,,2,2023-06-17T06:17:41+00:00
SAO_172P-10,São Paulo,3550308,True,,33626,,,-23.503352999999997,-46.591733000000005,,,,2,2023-06-17T06:17:17+00:00
SAO_172P-10,São Paulo,3550308,True,,33626,,,-23.4492635,-46.5886495,,,,2,2023-06-17T06:17:21+00:00
SAO_875P-10,São Paulo,3550308,True,,34109,,,-23.557784625,-46.66049075,,,,2,2023-06-17T06:17:25+00:00
SAO_546L-10,São Paulo,3550308,True,,34053,,,-23.687742,-46.63932225,,,,2,2023-06-17T06:17:24+00:00
SAO_546L-10,São Paulo,3550308,True,,34053,,,-23.675676,-46.66063125,,,,2,2023-06-17T06:17:42+00:00
SAO_1702-10,São Paulo,3550308,True,,846,,,-23.5271905,-46.6270085,,,,1,2023-06-17T06:17:19+00:00
SAO_7052-10,São Paulo,3550308,True,,34654,,,-23.640404,-46.7734515,,,,2,2023-06-17T06:17:16+00:00
SAO_7052-10,São Paulo,3550308,True,,34654,,,-23.653266000000002,-46.773652999999996,,,,2,2023-06-17T06:17:36+00:00
SAO_7052-10,São Paulo,3550308,True,,34654,,,-23.653421,-46.773264999999995,,,,2,2023-06-17T06:17:29+00:00
SAO_5129-41,São Paulo,3550308,True,,1974,,,-23.680734,-46.635801,,,,1,2023-06-17T06:17:01+00:00
SAO_N535-11,São Paulo,3550308,True,,2387,,,-23.629752000000003,-46.604234874999996,,,,1,2023-06-17T06:17:24+00:00
SAO_4033-10,São Paulo,3550308,True,,1103,,,-23.615071,-46.45224475,,,,1,2023-06-17T06:17:19+00:00
SAO_4033-10,São Paulo,3550308,True,,1103,,,-23.603224,-46.542550750000004,,,,1,2023-06-17T06:17:10+00:00
SAO_5129-41,São Paulo,3550308,True,,34742,,,-23.6535095,-46.703309000000004,,,,2,2023-06-17T06:17:38+00:00
SAO_2704-10,São Paulo,3550308,True,,916,,,-23.5198535,-46.41966,,,,1,2023-06-17T06:17:18+00:00
SAO_2704-10,São Paulo,3550308,True,,916,,,-23.5422665,-46.470055,,,,1,2023-06-17T06:16:21+00:00
SAO_2704-10,São Paulo,3550308,True,,916,,,-23.5422255,-46.4699185,,,,1,2023-06-17T06:16:55+00:00
SAO_9701-10,São Paulo,3550308,True,,33337,,,-23.4765065,-46.670527500000006,,,,2,2023-06-17T06:17:04+00:00
SAO_975A-10,São Paulo,3550308,True,EMTU,589,https://moovitapp.com/index/pt-br/transporte_p%C3%BAblico-line-589-Sao_Paulo-242-2038937-36419576-0,5.35,-23.541599249999997,-46.67119674999999,,,,1,2023-06-17T06:17:21+00:00
SAO_N239-11,São Paulo,3550308,True,,35096,,,-23.452254500000002,-46.57123,,,,2,2023-06-17T06:16:53+00:00
SAO_1020-10,São Paulo,3550308,True,,35265,,,-23.484282999999998,-46.7219425,,,,2,2023-06-17T06:17:07+00:00
SAO_1020-10,São Paulo,3550308,True,,35265,,,-23.4106675,-46.763892,,,,2,2023-06-17T06:17:02+00:00
SAO_4115-10,São Paulo,3550308,True,EMTU,322,https://moovitapp.com/index/pt-br/transporte_p%C3%BAblico-line-322-Sao_Paulo-242-2038937-36419412-0,6.2,-23.559263625,-46.63286775,,,,1,2023-06-17T06:17:26+00:00
SAO_N136-11,São Paulo,3550308,True,,2292,,,-23.500678,-46.754298,,,,1,2023-06-17T06:17:34+00:00
SAO_1720-10,São Paulo,3550308,True,,33631,,,-23.4835345,-46.584977249999994,,,,2,2023-06-17T06:17:25+00:00
SAO_364A-10,São Paulo,3550308,True,,1246,,,-23.595695499999998,-46.5249735,,,,1,2023-06-17T06:17:25+00:00
SAO_364A-10,São Paulo,3550308,True,,1246,,,-23.586788,-46.610682,,,,1,2023-06-17T06:17:14+00:00
SAO_364A-10,São Paulo,3550308,True,,1246,,,-23.5834295,-46.5748375,,,,1,2023-06-17T06:17:42+00:00
SAO_364A-10,São Paulo,3550308,True,,1246,,,-23.59711,-46.5067995,,,,1,2023-06-17T06:17:43+00:00
SAO_N401-11,São Paulo,3550308,True,,35125,,,-23.555879875000002,-46.575785874999994,,,,2,2023-06-17T06:17:00+00:00
SAO_576M-10,São Paulo,3550308,True,,33372,,,-23.632059249999998,-46.661469749999995,,,,2,2023-06-17T06:17:09+00:00
SAO_576M-10,São Paulo,3550308,True,,33372,,,-23.597367499999997,-46.678753875,,,,2,2023-06-17T06:17:07+00:00
SAO_9701-10,São Paulo,3550308,True,,569,,,-23.50616,-46.669624999999996,,,,1,2023-06-17T06:16:58+00:00
SAO_7055-10,São Paulo,3550308,True,,1888,,,-23.6919635,-46.7907745,,,,1,2023-06-17T06:17:20+00:00
SAO_7055-10,São Paulo,3550308,True,,1888,,,-23.6919635,-46.7907745,,,,1,2023-06-17T06:17:35+00:00
SAO_8200-10,São Paulo,3550308,True,,34031,,,-23.4863635,-46.726336,,,,2,2023-06-17T06:17:23+00:00
SAO_8200-10,São Paulo,3550308,True,,34031,,,-23.5007685,-46.710769,,,,2,2023-06-17T06:17:22+00:00
SAO_EVEN-10,São Paulo,3550308,True,,34358,,,-23.7301305,-46.7858815,,,,2,2023-06-17T06:14:04+00:00
SAO_2161-10,São Paulo,3550308,True,,694,,,-23.51949775,-46.59069025,,,,1,2023-06-17T06:14:41+00:00
SAO_5031-10,São Paulo,3550308,True,,1746,,,-23.60328075,-46.602380499999995,,,,1,2023-06-17T06:17:07+00:00
SAO_7011-31,São Paulo,3550308,True,,34722,,,-23.69840475,-46.78049225,,,,2,2023-06-17T06:17:12+00:00
SAO_5091-10,São Paulo,3550308,True,,34291,,,-23.691416124999996,-46.6440195,,,,2,2023-06-17T06:17:05+00:00
SAO_4708-10,São Paulo,3550308,True,,33100,,,-23.60626575,-46.6142765,,,,2,2023-06-17T06:17:22+00:00
SAO_5106-21,São Paulo,3550308,True,,34740,,,-23.6081445,-46.66040075,,,,2,2023-06-17T06:17:00+00:00
SAO_5106-21,São Paulo,3550308,True,,34740,,,-23.619704749999997,-46.647825999999995,,,,2,2023-06-17T06:17:31+00:00
SAO_5106-21,São Paulo,3550308,True,,34740,,,-23.6882825,-46.6342525,,,,2,2023-06-17T06:17:29+00:00
SAO_6823-10,São Paulo,3550308,True,,34,,,-23.691169000000002,-46.7901645,,,,1,2023-06-17T06:17:04+00:00
SAO_5290-10,São Paulo,3550308,True,,597,,,-23.546433999999998,-46.630430000000004,,,,1,2023-06-17T06:17:30+00:00
SAO_775P-10,São Paulo,3550308,True,EMTU,507,https://moovitapp.com/index/pt-br/transporte_p%C3%BAblico-line-507-Sao_Paulo-242-2038937-36419529-0,5.65,-23.5744245,-46.642087499999995,,,,1,2023-06-17T06:17:46+00:00
SAO_709A-10,São Paulo,3550308,True,,2092,,,-23.589282,-46.676553,,,,1,2023-06-17T06:17:32+00:00
SAO_408A-10,São Paulo,3550308,True,,766,,,-23.5664775,-46.63291425,,,,1,2023-06-17T06:17:04+00:00
SAO_6048-10,São Paulo,3550308,True,,32824,,,-23.64531,-46.7130375,,,,2,2023-06-17T06:17:24+00:00
SAO_178T-10,São Paulo,3550308,True,EMTU,565,https://moovitapp.com/index/pt-br/transporte_p%C3%BAblico-line-565-Sao_Paulo-242-2038937-36419563-0,8.1,-23.50629,-46.7060955,,,,1,2023-06-17T06:17:31+00:00
SAO_178T-10,São Paulo,3550308,True,EMTU,565,https://moovitapp.com/index/pt-br/transporte_p%C3%BAblico-line-565-Sao_Paulo-242-2038937-36419563-0,8.1,-23.497252500000002,-46.627555,,,,1,2023-06-17T06:17:11+00:00
SAO_677A-10,São Paulo,3550308,True,,1239,,,-23.651874499999998,-46.7213745,,,,1,2023-06-17T06:17:00+00:00
SAO_677A-10,São Paulo,3550308,True,,1239,,,-23.690655,-46.774251500000005,,,,1,2023-06-17T06:17:01+00:00
SAO_7903-10,São Paulo,3550308,True,,512,,,-23.571223,-46.691788,,,,1,2023-06-17T06:17:10+00:00
SAO_4085-10,São Paulo,3550308,True,,2156,,,-23.546550250000003,-46.461182,,,,1,2023-06-17T06:17:05+00:00
SAO_4085-10,São Paulo,3550308,True,,2156,,,-23.56314,-46.429576,,,,1,2023-06-17T06:17:35+00:00
SAO_2202-10,São Paulo,3550308,True,,33678,,,-23.5156545,-46.4029025,,,,2,2023-06-17T06:14:33+00:00
SAO_2202-10,São Paulo,3550308,True,,33678,,,-23.498913625,-46.405933125,,,,2,2023-06-17T06:16:24+00:00
SAO_8600-22,São Paulo,3550308,True,,34822,,,-23.54222525,-46.6382325,,,,2,2023-06-17T06:17:17+00:00
SAO_8600-22,São Paulo,3550308,True,,34822,,,-23.543515,-46.6379685,,,,2,2023-06-17T06:15:17+00:00
SAO_930P-10,São Paulo,3550308,True,,34883,,,-23.577779375,-46.680732000000006,,,,2,2023-06-17T06:17:44+00:00
SAO_5370-10,São Paulo,3550308,True,,34210,,,-23.6827,-46.704150999999996,,,,2,2023-06-17T06:17:39+00:00
SAO_5370-10,São Paulo,3550308,True,,34210,,,-23.74047675,-46.70428525,,,,2,2023-06-17T06:17:16+00:00
SAO_5370-10,São Paulo,3550308,True,,34210,,,-23.727758,-46.69934625,,,,2,2023-06-17T06:17:26+00:00
SAO_5370-10,São Paulo,3550308,True,,34210,,,-23.600950875000002,-46.6598455,,,,2,2023-06-17T06:17:04+00:00
SAO_N843-11,São Paulo,3550308,True,,2442,,,-23.645773,-46.771611500000006,,,,1,2023-06-17T06:17:15+00:00
SAO_6823-10,São Paulo,3550308,True,,32802,,,-23.691575,-46.790484,,,,2,2023-06-17T06:17:03+00:00
SAO_6069-10,São Paulo,3550308,True,,1154,,,-23.755853375,-46.708646,,,,1,2023-06-17T06:17:22+00:00
SAO_407P-10,São Paulo,3550308,True,,34968,,,-23.543388,-46.469908000000004,,,,2,2023-06-17T06:17:27+00:00
SAO_407P-10,São Paulo,3550308,True,,34968,,,-23.542969499999998,-46.4127405,,,,2,2023-06-17T06:17:29+00:00
SAO_2719-10,São Paulo,3550308,True,,33700,,,-23.514127000000002,-46.5185385,,,,2,2023-06-17T06:17:44+00:00
SAO_2719-10,São Paulo,3550308,True,,33700,,,-23.494729,-46.4696005,,,,2,2023-06-17T06:17:09+00:00
SAO_2719-10,São Paulo,3550308,True,,33700,,,-23.492480750000002,-46.479440749999995,,,,2,2023-06-17T06:17:21+00:00
SAO_271A-51,São Paulo,3550308,True,,33471,,,-23.52087125,-46.568260249999994,,,,2,2023-06-17T06:17:27+00:00
SAO_271A-51,São Paulo,3550308,True,,33471,,,-23.522539375,-46.549523625000006,,,,2,2023-06-17T06:17:41+00:00
SAO_3414-10,São Paulo,3550308,True,,33514,,,-23.5407385,-46.524578,,,,2,2023-06-17T06:17:41+00:00
SAO_4742-10,São Paulo,3550308,True,EMTU,342,https://moovitapp.com/index/pt-br/transporte_p%C3%BAblico-line-342-Sao_Paulo-242-2038937-36419426-0,7.55,-23.6496705,-46.6138115,,,,1,2023-06-17T06:17:31+00:00
SAO_4742-10,São Paulo,3550308,True,EMTU,342,https://moovitapp.com/index/pt-br/transporte_p%C3%BAblico-line-342-Sao_Paulo-242-2038937-36419426-0,7.55,-23.650569,-46.614115999999996,,,,1,2023-06-17T06:17:27+00:00
SAO_6044-10,São Paulo,3550308,True,,1221,,,-23.63981975,-46.722834750000004,,,,1,2023-06-17T06:17:22+00:00
SAO_N301-11,São Paulo,3550308,True,,35103,,,-23.5345895,-46.568281999999996,,,,2,2023-06-17T06:17:25+00:00
SAO_1787-10,São Paulo,3550308,True,,33418,,,-23.4696205,-46.616898,,,,2,2023-06-17T06:16:04+00:00
SAO_N237-11,São Paulo,3550308,True,,2326,,,-23.4811835,-46.56309,,,,1,2023-06-17T06:16:53+00:00
SAO_4709-10,São Paulo,3550308,True,,33101,,,-23.5894755,-46.633868,,,,2,2023-06-17T06:17:10+00:00
SAO_4709-10,São Paulo,3550308,True,,33101,,,-23.59753,-46.627292374999996,,,,2,2023-06-17T06:17:29+00:00
SAO_4709-10,São Paulo,3550308,True,,33101,,,-23.5894755,-46.633868,,,,2,2023-06-17T06:17:08+00:00
SAO_N403-11,São Paulo,3550308,True,,35127,,,-23.534359,-46.429336500000005,,,,2,2023-06-17T06:17:20+00:00
SAO_N102-11,São Paulo,3550308,True,,35051,,,-23.5302285,-46.66669375,,,,2,2023-06-17T06:17:42+00:00
SAO_9020-10,São Paulo,3550308,True,,1434,,,-23.467608,-46.7211755,,,,1,2023-06-17T06:17:34+00:00
SAO_4032-10,São Paulo,3550308,True,,33870,,,-23.6186255,-46.6352845,,,,2,2023-06-17T06:17:09+00:00
SAO_778J-10,São Paulo,3550308,True,,33276,,,-23.561942000000002,-46.688852749999995,,,,2,2023-06-17T06:17:27+00:00
SAO_778J-10,São Paulo,3550308,True,,33276,,,-23.525682,-46.6719775,,,,2,2023-06-17T06:17:26+00:00
SAO_1745-10,São Paulo,3550308,True,,546,,,-23.491168375,-46.649953,,,,1,2023-06-17T06:16:42+00:00
SAO_746V-10,São Paulo,3550308,True,,792,,,-23.62694175,-46.766502,,,,1,2023-06-17T06:17:33+00:00
SAO_5033-10,São Paulo,3550308,True,,1665,,,-23.603656,-46.6035635,,,,1,2023-06-17T06:17:38+00:00
SAO_6052-10,São Paulo,3550308,True,,1144,,,-23.767886500000003,-46.7165485,,,,1,2023-06-17T06:17:45+00:00
SAO_6052-10,São Paulo,3550308,True,,1144,,,-23.775509999999997,-46.691679,,,,1,2023-06-17T06:17:37+00:00
SAO_2715-10,São Paulo,3550308,True,,33696,,,-23.525123625,-46.50150225,,,,2,2023-06-17T06:17:26+00:00
SAO_2715-10,São Paulo,3550308,True,,33696,,,-23.50619725,-46.500665125,,,,2,2023-06-17T06:17:15+00:00
SAO_3756-10,São Paulo,3550308,True,,1050,,,-23.557363000000002,-46.444508,,,,1,2023-06-17T06:17:45+00:00
SAO_4032-10,São Paulo,3550308,True,,1102,,,-23.6039045,-46.6495455,,,,1,2023-06-17T06:17:08+00:00
SAO_N504-11,São Paulo,3550308,True,,35146,,,-23.557115500000002,-46.600296,,,,2,2023-06-17T06:17:34+00:00
SAO_6258-10,São Paulo,3550308,True,,34000,,,-23.684614,-46.736576,,,,2,2023-06-17T06:17:24+00:00
SAO_6038-10,São Paulo,3550308,True,,33984,,,-23.658400999999998,-46.78931475,,,,2,2023-06-17T06:17:31+00:00
SAO_6038-10,São Paulo,3550308,True,,33984,,,-23.6582,-46.7894615,,,,2,2023-06-17T06:17:14+00:00
SAO_6038-10,São Paulo,3550308,True,,33984,,,-23.641378000000003,-46.71796825,,,,2,2023-06-17T06:17:25+00:00
SAO_6038-10,São Paulo,3550308,True,,33984,,,-23.658400999999998,-46.78931475,,,,2,2023-06-17T06:17:27+00:00
SAO_3795-10,São Paulo,3550308,True,,1073,,,-23.546550250000003,-46.461182,,,,1,2023-06-17T06:16:46+00:00
SAO_5123-10,São Paulo,3550308,True,,33893,,,-23.669349,-46.635788500000004,,,,2,2023-06-17T06:17:17+00:00
SAO_5123-10,São Paulo,3550308,True,,33893,,,-23.681586,-46.637748,,,,2,2023-06-17T06:17:04+00:00
SAO_5123-10,São Paulo,3550308,True,,33893,,,-23.603158125,-46.636805499999994,,,,2,2023-06-17T06:17:11+00:00
SAO_3725-10,São Paulo,3550308,True,,1022,,,-23.537144249999997,-46.52574575,,,,1,2023-06-17T06:17:12+00:00
SAO_1703-10,São Paulo,3550308,True,,33615,,,-23.467895,-46.584211499999995,,,,2,2023-06-17T06:17:28+00:00
SAO_8002-10,São Paulo,3550308,True,,34020,,,-23.490202500000002,-46.740869,,,,2,2023-06-17T06:17:15+00:00
SAO_314V-10,São Paulo,3550308,True,EMTU,311,https://moovitapp.com/index/pt-br/transporte_p%C3%BAblico-line-311-Sao_Paulo-242-2038937-36419403-0,7.9,-23.5570455,-46.633244000000005,,,,1,2023-06-17T06:17:19+00:00
SAO_875H-10,São Paulo,3550308,True,,34108,,,-23.57592375,-46.6411165,,,,2,2023-06-17T06:17:32+00:00
SAO_172R-10,São Paulo,3550308,True,,859,,,-23.5423885,-46.590565,,,,1,2023-06-17T06:17:20+00:00
SAO_2004-10,São Paulo,3550308,True,,33660,,,-23.5418345,-46.4158545,,,,2,2023-06-17T05:56:08+00:00
SAO_2004-10,São Paulo,3550308,True,,33660,,,-23.543295999999998,-46.410864000000004,,,,2,2023-06-17T06:15:44+00:00
SAO_6L08-10,São Paulo,3550308,True,,33950,,,-23.8288865,-46.7245655,,,,2,2023-06-17T06:17:02+00:00
SAO_N604-11,São Paulo,3550308,True,,2395,,,-23.588496499999998,-46.634487,,,,1,2023-06-17T06:17:22+00:00
SAO_N604-11,São Paulo,3550308,True,,2395,,,-23.647145000000002,-46.640127,,,,1,2023-06-17T06:17:03+00:00
SAO_5030-10,São Paulo,3550308,True,,1669,,,-23.637105499999997,-46.595567,,,,1,2023-06-17T06:17:05+00:00
SAO_7001-10,São Paulo,3550308,True,,1722,,,-23.688184,-46.772277125,,,,1,2023-06-17T06:17:40+00:00
SAO_3031-10,São Paulo,3550308,True,,33735,,,-23.573575500000004,-46.4584575,,,,2,2023-06-17T06:17:17+00:00
SAO_3031-10,São Paulo,3550308,True,,33735,,,-23.6101935,-46.451900499999994,,,,2,2023-06-17T06:17:22+00:00
SAO_N842-11,São Paulo,3550308,True,,2441,,,-23.566360500000002,-46.701766500000005,,,,1,2023-06-17T06:17:01+00:00
SAO_N842-11,São Paulo,3550308,True,,2441,,,-23.584975,-46.740498,,,,1,2023-06-17T06:17:39+00:00
SAO_390E-10,São Paulo,3550308,True,,1882,,,-23.539987,-46.61139225,,,,1,2023-06-17T06:17:12+00:00
SAO_N206-11,São Paulo,3550308,True,,2316,,,-23.48873075,-46.65277175,,,,1,2023-06-17T06:17:17+00:00
SAO_6022-10,São Paulo,3550308,True,,33975,,,-23.6922445,-46.7772405,,,,2,2023-06-17T06:17:17+00:00
SAO_6803-10,São Paulo,3550308,True,,32797,,,-23.6529035,-46.741391,,,,2,2023-06-17T06:17:36+00:00
SAO_5025-10,São Paulo,3550308,True,,34332,,,-23.5970975,-46.559188500000005,,,,2,2023-06-17T06:17:40+00:00
SAO_5025-10,São Paulo,3550308,True,,34332,,,-23.606635249999997,-46.57913825,,,,2,2023-06-17T06:17:39+00:00
SAO_6115-10,São Paulo,3550308,True,,33953,,,-23.754741125000002,-46.672484125,,,,2,2023-06-17T06:17:17+00:00
SAO_3032-10,São Paulo,3550308,True,STT,720,https://moovitapp.com/index/pt-br/transporte_p%C3%BAblico-line-720-Sao_Paulo-242-850661-183345-0,5.3,-23.5654875,-46.4941965,,,,1,2023-06-17T06:17:40+00:00
SAO_N742-11,São Paulo,3550308,True,,2423,,,-23.598890250000004,-46.720772,,,,1,2023-06-17T06:17:29+00:00
SAO_N833-11,São Paulo,3550308,True,,2432,,,-23.53244175,-46.72951625,,,,1,2023-06-17T06:17:24+00:00
SAO_9653-10,São Paulo,3550308,True,,33356,,,-23.46421,-46.65332975,,,,2,2023-06-17T06:17:13+00:00
SAO_9653-10,São Paulo,3550308,True,,33356,,,-23.492835999999997,-46.677679,,,,2,2023-06-17T06:17:10+00:00
SAO_8032-10,São Paulo,3550308,True,,2545,,,-23.568261,-46.7081285,,,,1,2023-06-17T06:17:22+00:00
SAO_477U-10,São Paulo,3550308,True,,33074,,,-23.59400175,-46.6057095,,,,2,2023-06-17T06:17:16+00:00
SAO_5103-10,São Paulo,3550308,True,,34414,,,-23.6009095,-46.6508565,,,,2,2023-06-17T06:17:18+00:00
SAO_3021-10,São Paulo,3550308,True,,33044,,,-23.596272,-46.527043,,,,2,2023-06-17T06:17:32+00:00
SAO_N302-11,São Paulo,3550308,True,,2336,,,-23.505264,-46.5189785,,,,1,2023-06-17T06:17:30+00:00
SAO_519M-10,São Paulo,3550308,True,,2211,,,-23.585162,-46.584246,,,,1,2023-06-17T06:17:40+00:00
SAO_2709-31,São Paulo,3550308,True,,923,,,-23.53197825,-46.48834075,,,,1,2023-06-17T06:17:37+00:00
SAO_3742-10,São Paulo,3550308,True,,1042,,,-23.60140825,-46.438100250000005,,,,1,2023-06-17T06:17:39+00:00
SAO_1721-10,São Paulo,3550308,True,,33434,,,-23.4930025,-46.583398,,,,2,2023-06-17T06:17:42+00:00
SAO_4056-10,São Paulo,3550308,True,,2237,,,-23.61017025,-46.457685,,,,1,2023-06-17T06:17:17+00:00
SAO_746P-10,São Paulo,3550308,True,,33556,,,-23.6250425,-46.7341295,,,,2,2023-06-17T06:17:32+00:00
SAO_938P-10,São Paulo,3550308,True,,33656,,,-23.475164499999998,-46.6843655,,,,2,2023-06-17T06:17:38+00:00
SAO_938P-10,São Paulo,3550308,True,,33656,,,-23.520627,-46.7015185,,,,2,2023-06-17T06:17:37+00:00
SAO_6806-10,São Paulo,3550308,True,BR7 Mobilidade,32,https://moovitapp.com/index/pt-br/transporte_p%C3%BAblico-line-32-Sao_Paulo-242-851856-586488-0,5.75,-23.6440135,-46.734696,,,,1,2023-06-17T06:17:05+00:00
SAO_6258-10,São Paulo,3550308,True,,1232,,,-23.66631225,-46.71752375,,,,1,2023-06-17T06:17:11+00:00
SAO_6258-10,São Paulo,3550308,True,,1232,,,-23.653938,-46.709849000000006,,,,1,2023-06-17T06:17:35+00:00
SAO_573H-10,São Paulo,3550308,True,,34398,,,-23.5743425,-46.5793465,,,,2,2023-06-17T06:17:38+00:00
SAO_573H-10,São Paulo,3550308,True,,34398,,,-23.606486500000003,-46.502826999999996,,,,2,2023-06-17T06:17:35+00:00
SAO_524M-10,São Paulo,3550308,True,,34399,,,-23.6142395,-46.501328,,,,2,2023-06-17T06:17:38+00:00
SAO_524M-10,São Paulo,3550308,True,,34399,,,-23.591917,-46.5024265,,,,2,2023-06-17T06:17:36+00:00
SAO_2290-10,São Paulo,3550308,True,,33486,,,-23.546017499999998,-46.543262,,,,2,2023-06-17T06:17:20+00:00
SAO_2290-10,São Paulo,3550308,True,,33486,,,-23.5961135,-46.487461374999995,,,,2,2023-06-17T06:17:34+00:00
SAO_N209-11,São Paulo,3550308,True,,35087,,,-23.4832245,-46.654132000000004,,,,2,2023-06-17T06:17:23+00:00
SAO_6058-10,São Paulo,3550308,True,,1149,,,-23.767376,-46.716275499999995,,,,1,2023-06-17T06:17:43+00:00
SAO_2718-10,São Paulo,3550308,True,,931,,,-23.496283249999998,-46.513113249999996,,,,1,2023-06-17T06:17:37+00:00
SAO_2718-10,São Paulo,3550308,True,,931,,,-23.493575,-46.499411,,,,1,2023-06-17T06:17:25+00:00
SAO_7725-10,São Paulo,3550308,True,,33240,,,-23.555833,-46.710184999999996,,,,2,2023-06-17T06:17:37+00:00
SAO_5038-10,São Paulo,3550308,True,,34429,,,-23.619049249999996,-46.6031295,,,,2,2023-06-17T06:17:16+00:00
SAO_5038-10,São Paulo,3550308,True,,34429,,,-23.650012,-46.6139055,,,,2,2023-06-17T06:17:38+00:00
SAO_5038-10,São Paulo,3550308,True,,34429,,,-23.648757749999998,-46.611088,,,,2,2023-06-17T06:17:41+00:00
SAO_3754-10,São Paulo,3550308,True,,1049,,,-23.5437,-46.4225065,,,,1,2023-06-17T06:16:41+00:00
SAO_3754-10,São Paulo,3550308,True,,1049,,,-23.5425065,-46.4668655,,,,1,2023-06-17T06:17:29+00:00
SAO_3206-10,São Paulo,3550308,True,,34880,,,-23.5181245,-46.5462095,,,,2,2023-06-17T06:17:28+00:00
SAO_N131-11,São Paulo,3550308,True,,2287,,,-23.514366375,-46.7373426875,,,,1,2023-06-17T06:17:33+00:00
SAO_6012-10,São Paulo,3550308,True,,1204,,,-23.686436999999998,-46.7873475,,,,1,2023-06-17T06:17:04+00:00
SAO_6012-10,São Paulo,3550308,True,,1204,,,-23.692187,-46.783429999999996,,,,1,2023-06-17T06:17:35+00:00
SAO_6012-10,São Paulo,3550308,True,,1204,,,-23.686436999999998,-46.7873475,,,,1,2023-06-17T06:17:20+00:00
SAO_971A-10,São Paulo,3550308,True,,658,,,-23.522855,-46.623938,,,,1,2023-06-17T06:17:38+00:00
SAO_4315-10,São Paulo,3550308,True,,34943,,,-23.55812,-46.523185999999995,,,,2,2023-06-17T06:17:04+00:00
SAO_746P-10,São Paulo,3550308,True,,788,,,-23.64467875,-46.726809,,,,1,2023-06-17T06:17:41+00:00
SAO_263C-10,São Paulo,3550308,True,,33020,,,-23.49705925,-46.4128315,,,,2,2023-06-17T06:17:28+00:00
SAO_N406-11,São Paulo,3550308,True,,35130,,,-23.594221,-46.4200175,,,,2,2023-06-17T06:17:05+00:00
SAO_9500-10,São Paulo,3550308,True,,33229,,,-23.532787874999997,-46.645032625,,,,2,2023-06-17T06:17:33+00:00
SAO_675A-10,São Paulo,3550308,True,,34086,,,-23.63123775,-46.705691,,,,2,2023-06-17T06:17:13+00:00
SAO_675A-10,São Paulo,3550308,True,,34086,,,-23.661958499999997,-46.755533,,,,2,2023-06-17T06:17:16+00:00
SAO_675A-10,São Paulo,3550308,True,,34086,,,-23.6619785,-46.755653,,,,2,2023-06-17T06:17:22+00:00
SAO_106A-10,São Paulo,3550308,True,,33284,,,-23.503256874999998,-46.62464249999999,,,,2,2023-06-17T06:17:30+00:00
SAO_N736-11,São Paulo,3550308,True,,2417,,,-23.735196000000002,-46.781395,,,,1,2023-06-17T06:17:31+00:00
SAO_5035-10,São Paulo,3550308,True,,34436,,,-23.606748,-46.598462999999995,,,,2,2023-06-17T06:17:11+00:00
SAO_N102-11,São Paulo,3550308,True,,2283,,,-23.5259505,-46.6781165,,,,1,2023-06-17T06:17:15+00:00
SAO_857P-10,São Paulo,3550308,True,,1926,,,-23.57669075,-46.64178875,,,,1,2023-06-17T06:17:21+00:00
SAO_857P-10,São Paulo,3550308,True,,1926,,,-23.592679750000002,-46.732909875000004,,,,1,2023-06-17T06:17:46+00:00
SAO_809T-10,São Paulo,3550308,True,,2246,,,-23.55123175,-46.740238250000004,,,,1,2023-06-17T06:17:07+00:00
SAO_3539-10,São Paulo,3550308,True,,748,,,-23.54615475,-46.605053749999996,,,,1,2023-06-17T06:17:32+00:00
SAO_3539-10,São Paulo,3550308,True,,748,,,-23.532094999999998,-46.530499,,,,1,2023-06-17T06:17:42+00:00
SAO_648P-10,São Paulo,3550308,True,,32834,,,-23.6068035,-46.69352575,,,,2,2023-06-17T06:17:31+00:00
SAO_N831-11,São Paulo,3550308,True,,2430,,,-23.531273,-46.729718125000005,,,,1,2023-06-17T06:17:20+00:00
SAO_709M-10,São Paulo,3550308,True,,35230,,,-23.566688,-46.701549,,,,2,2023-06-17T06:17:29+00:00
SAO_709M-10,São Paulo,3550308,True,,35230,,,-23.596595,-46.691214,,,,2,2023-06-17T06:17:14+00:00
SAO_809A-10,São Paulo,3550308,True,,2069,,,-23.5665955,-46.69650125,,,,1,2023-06-17T06:17:25+00:00
SAO_809A-10,São Paulo,3550308,True,,2069,,,-23.580182750000002,-46.780060812500004,,,,1,2023-06-17T06:17:39+00:00
SAO_2552-10,São Paulo,3550308,True,,142,,,-23.49081,-46.4376295,,,,1,2023-06-17T06:17:21+00:00
SAO_2552-10,São Paulo,3550308,True,,142,,,-23.539987,-46.61139225,,,,1,2023-06-17T06:17:11+00:00
SAO_2552-10,São Paulo,3550308,True,,142,,,-23.521054,-46.525456500000004,,,,1,2023-06-17T06:16:41+00:00
SAO_407K-10,São Paulo,3550308,True,,2168,,,-23.5790835,-46.4936885,,,,1,2023-06-17T06:17:31+00:00
SAO_407K-10,São Paulo,3550308,True,,2168,,,-23.5380945,-46.564400750000004,,,,1,2023-06-17T06:17:17+00:00
SAO_407K-10,São Paulo,3550308,True,,2168,,,-23.613653,-46.4766475,,,,1,2023-06-17T06:17:16+00:00
SAO_N245-11,São Paulo,3550308,True,,2334,,,-23.483981999999997,-46.642202499999996,,,,1,2023-06-17T06:17:32+00:00
SAO_8026-10,São Paulo,3550308,True,,34851,,,-23.616358750000003,-46.75709175,,,,2,2023-06-17T06:17:06+00:00
SAO_N431-11,São Paulo,3550308,True,,2364,,,-23.613701,-46.4558955,,,,1,2023-06-17T06:17:06+00:00
SAO_1771-10,São Paulo,3550308,True,,634,,,-23.435454,-46.582171,,,,1,2023-06-17T06:17:18+00:00
SAO_N402-11,São Paulo,3550308,True,,35126,,,-23.572899,-46.4742115,,,,2,2023-06-17T06:17:11+00:00
SAO_6L03-10,São Paulo,3550308,True,,34333,,,-23.837814625,-46.732496624999996,,,,2,2023-06-17T06:17:17+00:00
SAO_6045-21,São Paulo,3550308,True,,2164,,,-23.694135,-46.793816500000005,,,,1,2023-06-17T06:17:35+00:00
SAO_647A-10,São Paulo,3550308,True,,1315,,,-23.6206215,-46.7333985,,,,1,2023-06-17T06:17:19+00:00
SAO_407L-10,São Paulo,3550308,True,,34967,,,-23.535292499999997,-46.456417,,,,2,2023-06-17T06:17:02+00:00
SAO_407L-10,São Paulo,3550308,True,,34967,,,-23.583215,-46.408328,,,,2,2023-06-17T06:17:04+00:00
SAO_407L-10,São Paulo,3550308,True,,34967,,,-23.553019499999998,-46.4137295,,,,2,2023-06-17T06:17:14+00:00
SAO_675A-10,São Paulo,3550308,True,,1318,,,-23.63470675,-46.693451875,,,,1,2023-06-17T06:17:16+00:00
SAO_675A-10,São Paulo,3550308,True,,1318,,,-23.6274845,-46.642675,,,,1,2023-06-17T06:17:43+00:00
SAO_4288-10,São Paulo,3550308,True,Cidade de Caieiras,290,https://moovitapp.com/index/pt-br/transporte_p%C3%BAblico-line-290-Sao_Paulo-242-868761-496416-0,5.0,-23.54609,-46.6307405,,,,1,2023-06-17T06:17:43+00:00
SAO_4030-10,São Paulo,3550308,True,,33868,,,-23.62282575,-46.487854999999996,,,,2,2023-06-17T06:17:29+00:00
SAO_3745-10,São Paulo,3550308,True,,1044,,,-23.5431195,-46.564417,,,,1,2023-06-17T06:17:30+00:00
SAO_3112-10,São Paulo,3550308,True,,1080,,,-23.546959375,-46.59089725,,,,1,2023-06-17T06:17:26+00:00
SAO_4734-10,São Paulo,3550308,True,,33877,,,-23.64250775,-46.6080075,,,,2,2023-06-17T06:17:43+00:00
SAO_4734-10,São Paulo,3550308,True,,33877,,,-23.6418345,-46.6083455,,,,2,2023-06-17T06:17:07+00:00
SAO_6L11-10,São Paulo,3550308,True,,33935,,,-23.8015465,-46.6276715,,,,2,2023-06-17T06:17:10+00:00
SAO_6L11-10,São Paulo,3550308,True,,33935,,,-23.73591725,-46.694809125000006,,,,2,2023-06-17T06:17:24+00:00
SAO_9012-10,São Paulo,3550308,True,,34036,,,-23.482212,-46.6915925,,,,2,2023-06-17T06:17:04+00:00
SAO_3735-10,São Paulo,3550308,True,,33803,,,-23.541323,-46.4845135,,,,2,2023-06-17T06:17:13+00:00
SAO_3735-10,São Paulo,3550308,True,,33803,,,-23.541323,-46.4845135,,,,2,2023-06-17T06:17:01+00:00
SAO_3735-10,São Paulo,3550308,True,,33803,,,-23.5460205,-46.501273499999996,,,,2,2023-06-17T06:17:36+00:00
SAO_577T-10,São Paulo,3550308,True,,34059,,,-23.656567749999997,-46.65466275,,,,2,2023-06-17T06:17:05+00:00
SAO_577T-10,São Paulo,3550308,True,,34059,,,-23.6002268125,-46.636757375,,,,2,2023-06-17T06:17:44+00:00
SAO_6837-10,São Paulo,3550308,True,,6,,,-23.62412475,-46.76502275,,,,1,2023-06-17T06:17:13+00:00
SAO_6837-10,São Paulo,3550308,True,,6,,,-23.6161065,-46.739967,,,,1,2023-06-17T06:17:30+00:00
SAO_9050-10,São Paulo,3550308,True,,34856,,,-23.549947125000003,-46.70843025,,,,2,2023-06-17T06:17:08+00:00
SAO_4013-10,São Paulo,3550308,True,,2186,,,-23.6353085,-46.443883,,,,1,2023-06-17T06:17:39+00:00
SAO_1767-10,São Paulo,3550308,True,,33396,,,-23.47475875,-46.57032425,,,,2,2023-06-17T06:17:01+00:00
SAO_2710-31,São Paulo,3550308,True,,34422,,,-23.529882,-46.501219000000006,,,,2,2023-06-17T06:17:29+00:00
SAO_1017-10,São Paulo,3550308,True,,34909,,,-23.4345435,-46.7188635,,,,2,2023-06-17T06:17:03+00:00
SAO_1017-10,São Paulo,3550308,True,,34909,,,-23.468941,-46.7132555,,,,2,2023-06-17T06:17:11+00:00
SAO_1017-10,São Paulo,3550308,True,,34909,,,-23.404953,-46.744240250000004,,,,2,2023-06-17T06:17:28+00:00
SAO_6L05-10,São Paulo,3550308,True,,1173,,,-23.828203,-46.726499000000004,,,,1,2023-06-17T06:17:06+00:00
SAO_6L05-10,São Paulo,3550308,True,,1173,,,-23.828203,-46.726499000000004,,,,1,2023-06-17T06:17:38+00:00
SAO_2713-10,São Paulo,3550308,True,Cidade de Caieiras,220,https://moovitapp.com/index/pt-br/transporte_p%C3%BAblico-line-220-Sao_Paulo-242-868761-496409-0,5.0,-23.533023999999997,-46.5438255,,,,1,2023-06-17T06:17:44+00:00
SAO_3026-10,São Paulo,3550308,True,,33730,,,-23.565082250000003,-46.403497875,,,,2,2023-06-17T06:17:07+00:00
SAO_3026-10,São Paulo,3550308,True,,33730,,,-23.5428155,-46.416185,,,,2,2023-06-17T06:17:07+00:00
SAO_2060-10,São Paulo,3550308,True,EMTU,134,https://moovitapp.com/index/pt-br/transporte_p%C3%BAblico-line-134-Sao_Paulo-242-2038937-36419287-0,5.2,-23.5333875,-46.469106999999994,,,,1,2023-06-17T06:17:27+00:00
SAO_3738-10,São Paulo,3550308,True,,1038,,,-23.552427,-46.4249925,,,,1,2023-06-17T06:17:22+00:00
SAO_3738-10,São Paulo,3550308,True,,1038,,,-23.542603999999997,-46.469476,,,,1,2023-06-17T06:17:03+00:00
SAO_3738-10,São Paulo,3550308,True,,1038,,,-23.5630765,-46.394354,,,,1,2023-06-17T06:17:32+00:00
SAO_N438-11,São Paulo,3550308,True,,35139,,,-23.574691,-46.450632,,,,2,2023-06-17T06:17:20+00:00
SAO_N331-11,São Paulo,3550308,True,,2343,,,-23.5069535,-46.4431555,,,,1,2023-06-17T06:15:08+00:00
SAO_6L03-10,São Paulo,3550308,True,,1565,,,-23.827983,-46.727349000000004,,,,1,2023-06-17T06:17:30+00:00
SAO_N207-11,São Paulo,3550308,True,,2317,,,-23.545999875,-46.643137875,,,,1,2023-06-17T06:17:20+00:00
SAO_6030-10,São Paulo,3550308,True,,1142,,,-23.6876405,-46.695801,,,,1,2023-06-17T06:17:09+00:00
SAO_6052-31,São Paulo,3550308,True,,34600,,,-23.769512499999998,-46.7149195,,,,2,2023-06-17T06:17:12+00:00
SAO_6052-31,São Paulo,3550308,True,,34600,,,-23.775509999999997,-46.691679,,,,2,2023-06-17T06:17:24+00:00
SAO_5752-10,São Paulo,3550308,True,,34055,,,-23.6686495,-46.66836,,,,2,2023-06-17T06:17:04+00:00
SAO_9006-10,São Paulo,3550308,True,,33642,,,-23.464864,-46.6906185,,,,2,2023-06-17T06:16:34+00:00
SAO_9789-10,São Paulo,3550308,True,,33597,,,-23.503904,-46.680873,,,,2,2023-06-17T06:17:28+00:00
SAO_307C-10,São Paulo,3550308,True,,34882,,,-23.51828025,-46.3879975,,,,2,2023-06-17T06:17:33+00:00
SAO_307C-10,São Paulo,3550308,True,,34882,,,-23.5037935,-46.379870499999996,,,,2,2023-06-17T06:17:27+00:00
SAO_1757-10,São Paulo,3550308,True,,33316,,,-23.47146,-46.636857500000005,,,,2,2023-06-17T06:17:31+00:00
SAO_1757-10,São Paulo,3550308,True,,33316,,,-23.49448275,-46.62609775,,,,2,2023-06-17T06:15:34+00:00
SAO_9050-10,São Paulo,3550308,True,,2088,,,-23.5529425,-46.698401000000004,,,,1,2023-06-17T06:16:58+00:00
SAO_6L11-10,São Paulo,3550308,True,,1167,,,-23.7616865,-46.6556885,,,,1,2023-06-17T06:17:13+00:00
SAO_7550-10,São Paulo,3550308,True,,34861,,,-23.6513785,-46.7150575,,,,2,2023-06-17T06:17:35+00:00
SAO_507T-10,São Paulo,3550308,True,,34976,,,-23.586036999999997,-46.518143,,,,2,2023-06-17T06:17:37+00:00
SAO_507T-10,São Paulo,3550308,True,,34976,,,-23.5371325,-46.558893999999995,,,,2,2023-06-17T06:17:29+00:00
SAO_N342-11,São Paulo,3550308,True,,2354,,,-23.521203749999998,-46.5247765,,,,1,2023-06-17T06:16:46+00:00
SAO_857P-10,São Paulo,3550308,True,,34694,,,-23.58284575,-46.71415175,,,,2,2023-06-17T06:17:36+00:00
SAO_857P-10,São Paulo,3550308,True,,34694,,,-23.60179075,-46.7436505,,,,2,2023-06-17T06:17:35+00:00
SAO_857P-10,São Paulo,3550308,True,,34694,,,-23.5552735,-46.6644295,,,,2,2023-06-17T06:17:42+00:00
SAO_N404-11,São Paulo,3550308,True,,35128,,,-23.561839625,-46.5174845,,,,2,2023-06-17T06:17:21+00:00
SAO_978L-10,São Paulo,3550308,True,,33234,,,-23.525191,-46.664248,,,,2,2023-06-17T06:17:01+00:00
SAO_519M-10,São Paulo,3550308,True,,34979,,,-23.5944975,-46.5570535,,,,2,2023-06-17T06:17:35+00:00
SAO_121G-10,São Paulo,3550308,True,,33459,,,-23.497451,-46.574927875,,,,2,2023-06-17T06:17:08+00:00
SAO_3742-10,São Paulo,3550308,True,,33810,,,-23.5597675,-46.4458145,,,,2,2023-06-17T06:17:38+00:00
SAO_407W-10,São Paulo,3550308,True,,2204,,,-23.55071425,-46.534550749999994,,,,1,2023-06-17T06:17:04+00:00
SAO_575C-10,São Paulo,3550308,True,,1686,,,-23.58297475,-46.5681515,,,,1,2023-06-17T06:17:34+00:00
SAO_172N-10,São Paulo,3550308,True,,33432,,,-23.515946749999998,-46.61641775,,,,2,2023-06-17T06:17:03+00:00
SAO_6826-10,São Paulo,3550308,True,,32784,,,-23.673772,-46.797123,,,,2,2023-06-17T06:17:37+00:00
SAO_N404-11,São Paulo,3550308,True,,2360,,,-23.562568499999998,-46.515933000000004,,,,1,2023-06-17T06:17:19+00:00
SAO_4016-10,São Paulo,3550308,True,,34957,,,-23.62321,-46.471911500000004,,,,2,2023-06-17T06:17:33+00:00
SAO_N744-11,São Paulo,3550308,True,,2425,,,-23.66926625,-46.75626325,,,,1,2023-06-17T06:17:41+00:00
SAO_978T-10,São Paulo,3550308,True,,889,,,-23.526591000000003,-46.668301,,,,1,2023-06-17T06:17:03+00:00
SAO_1760-10,São Paulo,3550308,True,EMTU,557,https://moovitapp.com/index/pt-br/transporte_p%C3%BAblico-line-557-Sao_Paulo-242-2038937-36419558-0,6.2,-23.4559865,-46.6556865,,,,1,2023-06-17T06:17:29+00:00
SAO_7062-10,São Paulo,3550308,True,,34666,,,-23.646065,-46.772230500000006,,,,2,2023-06-17T06:17:34+00:00
SAO_7062-10,São Paulo,3550308,True,,34666,,,-23.645670000000003,-46.7712555,,,,2,2023-06-17T06:17:04+00:00
SAO_7062-10,São Paulo,3550308,True,,34666,,,-23.646132,-46.7723025,,,,2,2023-06-17T06:17:20+00:00
SAO_2770-10,São Paulo,3550308,True,,243,,,-23.496990125,-46.42311875,,,,1,2023-06-17T06:17:23+00:00
SAO_2770-10,São Paulo,3550308,True,,243,,,-23.49975825,-46.4688665,,,,1,2023-06-17T06:17:28+00:00
SAO_N640-11,São Paulo,3550308,True,,2405,,,-23.6959,-46.676129,,,,1,2023-06-17T06:17:39+00:00
SAO_877T-10,São Paulo,3550308,True,,1381,,,-23.5660375,-46.65107437500001,,,,1,2023-06-17T06:17:09+00:00
SAO_888P-10,São Paulo,3550308,True,,33222,,,-23.434525,-46.754654,,,,2,2023-06-17T06:17:16+00:00
SAO_6262-10,São Paulo,3550308,True,,1371,,,-23.549622499999998,-46.640210499999995,,,,1,2023-06-17T06:17:45+00:00
SAO_4732-31,São Paulo,3550308,True,,34895,,,-23.621328,-46.6207675,,,,2,2023-06-17T06:17:44+00:00
SAO_4732-31,São Paulo,3550308,True,,34895,,,-23.6529585,-46.600877499999996,,,,2,2023-06-17T06:17:27+00:00
SAO_967A-10,São Paulo,3550308,True,,33336,,,-23.576032499999997,-46.65792175,,,,2,2023-06-17T06:17:07+00:00
SAO_967A-10,São Paulo,3550308,True,,33336,,,-23.498176,-46.65528275,,,,2,2023-06-17T06:17:41+00:00
SAO_N745-11,São Paulo,3550308,True,,2426,,,-23.634623,-46.775131,,,,1,2023-06-17T06:17:33+00:00
SAO_5035-10,São Paulo,3550308,True,,1668,,,-23.620673,-46.5960345,,,,1,2023-06-17T06:17:45+00:00
SAO_3008-10,São Paulo,3550308,True,,2515,,,-23.4941885,-46.400822,,,,1,2023-06-17T06:17:40+00:00
SAO_2730-10,São Paulo,3550308,True,Urubupungá,945,https://moovitapp.com/index/pt-br/transporte_p%C3%BAblico-line-945-Sao_Paulo-242-873835-75841138-0,4.6,-23.539995499999996,-46.482319125,,,,1,2023-06-17T06:17:29+00:00
SAO_695V-10,São Paulo,3550308,True,,8,,,-23.623647499999997,-46.681008375000005,,,,1,2023-06-17T06:17:28+00:00
SAO_695V-10,São Paulo,3550308,True,,8,,,-23.582666,-46.6377195,,,,1,2023-06-17T06:17:25+00:00
SAO_N532-11,São Paulo,3550308,True,,2384,,,-23.592569500000003,-46.487184,,,,1,2023-06-17T06:17:11+00:00
SAO_701U-10,São Paulo,3550308,True,,657,,,-23.502836,-46.623605,,,,1,2023-06-17T06:17:06+00:00
SAO_N308-11,São Paulo,3550308,True,,2342,,,-23.5342275,-46.544989375,,,,1,2023-06-17T06:17:41+00:00
SAO_9301-10,São Paulo,3550308,True,,33226,,,-23.495945,-46.662106,,,,2,2023-06-17T06:17:34+00:00
SAO_9301-10,São Paulo,3550308,True,,33226,,,-23.537172499999997,-46.6418485,,,,2,2023-06-17T06:17:16+00:00
SAO_6003-10,São Paulo,3550308,True,,34240,,,-23.740868,-46.704811750000005,,,,2,2023-06-17T06:17:35+00:00
SAO_6007-10,São Paulo,3550308,True,,32944,,,-23.672006000000003,-46.742043,,,,2,2023-06-17T06:17:01+00:00
SAO_6007-10,São Paulo,3550308,True,,32944,,,-23.645736499999998,-46.729986,,,,2,2023-06-17T06:17:40+00:00
SAO_719R-10,São Paulo,3550308,True,EMTU,469,https://moovitapp.com/index/pt-br/transporte_p%C3%BAblico-line-469-Sao_Paulo-242-2038937-36419507-0,5.4,-23.575131,-46.729327,,,,1,2023-06-17T06:17:16+00:00
SAO_719R-10,São Paulo,3550308,True,EMTU,469,https://moovitapp.com/index/pt-br/transporte_p%C3%BAblico-line-469-Sao_Paulo-242-2038937-36419507-0,5.4,-23.5623195,-46.7647105,,,,1,2023-06-17T06:17:44+00:00
SAO_809R-10,São Paulo,3550308,True,,34835,,,-23.581757500000002,-46.7601035,,,,2,2023-06-17T06:17:17+00:00
SAO_273L-10,São Paulo,3550308,True,,224,,,-23.534014,-46.4204315,,,,1,2023-06-17T06:17:15+00:00
SAO_273L-10,São Paulo,3550308,True,,224,,,-23.5364515,-46.473638,,,,1,2023-06-17T06:16:13+00:00
SAO_2023-10,São Paulo,3550308,True,,35028,,,-23.455523,-46.602472750000004,,,,2,2023-06-17T06:13:56+00:00
SAO_4010-10,São Paulo,3550308,True,,34951,,,-23.572512,-46.480931,,,,2,2023-06-17T06:17:27+00:00
SAO_273V-10,São Paulo,3550308,True,,32999,,,-23.531095625,-46.453025000000004,,,,2,2023-06-17T06:17:22+00:00
SAO_4221-10,São Paulo,3550308,True,,325,,,-23.5460165,-46.6301705,,,,1,2023-06-17T06:17:39+00:00
SAO_3737-10,São Paulo,3550308,True,,1037,,,-23.563410499999996,-46.50840425,,,,1,2023-06-17T06:14:25+00:00
SAO_3737-10,São Paulo,3550308,True,,1037,,,-23.538782750000003,-46.51567075,,,,1,2023-06-17T06:17:37+00:00
SAO_3054-10,São Paulo,3550308,True,,975,,,-23.609925,-46.407969,,,,1,2023-06-17T06:17:40+00:00
SAO_3054-10,São Paulo,3550308,True,,975,,,-23.609925,-46.407969,,,,1,2023-06-17T06:17:39+00:00
SAO_8594-10,São Paulo,3550308,True,EMTU,432,https://moovitapp.com/index/pt-br/transporte_p%C3%BAblico-line-432-Sao_Paulo-242-2038937-36419486-0,4.8,-23.5316625,-46.66445225,,,,1,2023-06-17T06:17:07+00:00
SAO_8594-10,São Paulo,3550308,True,EMTU,432,https://moovitapp.com/index/pt-br/transporte_p%C3%BAblico-line-432-Sao_Paulo-242-2038937-36419486-0,4.8,-23.540568,-46.645134999999996,,,,1,2023-06-17T06:17:27+00:00
SAO_8077-10,São Paulo,3550308,True,,34818,,,-23.588569874999997,-46.76650325,,,,2,2023-06-17T06:17:14+00:00
SAO_2719-10,São Paulo,3550308,True,,932,,,-23.521459,-46.528273999999996,,,,1,2023-06-17T06:17:07+00:00
SAO_2719-10,São Paulo,3550308,True,,932,,,-23.521471499999997,-46.528538499999996,,,,1,2023-06-17T06:17:23+00:00
SAO_2719-10,São Paulo,3550308,True,,932,,,-23.511128,-46.509549,,,,1,2023-06-17T06:17:20+00:00
SAO_1036-10,São Paulo,3550308,True,,35221,,,-23.454738,-46.71226300000001,,,,2,2023-06-17T06:17:20+00:00
SAO_1036-10,São Paulo,3550308,True,,35221,,,-23.447865999999998,-46.708386,,,,2,2023-06-17T06:17:11+00:00
SAO_677A-10,São Paulo,3550308,True,,34007,,,-23.6139795,-46.696125499999994,,,,2,2023-06-17T06:17:32+00:00
SAO_4284-10,São Paulo,3550308,True,,33057,,,-23.605649375,-46.558588375,,,,2,2023-06-17T06:17:27+00:00
SAO_4033-10,São Paulo,3550308,True,,33871,,,-23.6127635,-46.490142,,,,2,2023-06-17T06:17:13+00:00
SAO_4092-10,São Paulo,3550308,True,,1876,,,-23.58055825,-46.413486750000004,,,,1,2023-06-17T06:17:37+00:00
SAO_4092-10,São Paulo,3550308,True,,1876,,,-23.579996,-46.411519999999996,,,,1,2023-06-17T06:17:06+00:00
SAO_8015-10,São Paulo,3550308,True,,1345,,,-23.4048385,-46.753668000000005,,,,1,2023-06-17T06:17:14+00:00
SAO_8075-10,São Paulo,3550308,True,,34812,,,-23.572110000000002,-46.709346,,,,2,2023-06-17T06:17:21+00:00
SAO_8075-10,São Paulo,3550308,True,,34812,,,-23.629922,-46.770032,,,,2,2023-06-17T06:17:20+00:00
SAO_9166-10,São Paulo,3550308,True,,33475,,,-23.4747495,-46.6698195,,,,2,2023-06-17T06:17:44+00:00
SAO_3728-41,São Paulo,3550308,True,,1988,,,-23.5607995,-46.483093,,,,1,2023-06-17T06:17:11+00:00
SAO_3728-41,São Paulo,3550308,True,,1988,,,-23.5421635,-46.4837615,,,,1,2023-06-17T06:17:18+00:00
SAO_8030-10,São Paulo,3550308,True,,2562,,,-23.605874125,-46.73721449999999,,,,1,2023-06-17T06:17:32+00:00
SAO_7062-31,São Paulo,3550308,True,,34682,,,-23.6463475,-46.7730035,,,,2,2023-06-17T06:17:30+00:00
SAO_7062-31,São Paulo,3550308,True,,34682,,,-23.6463915,-46.7728495,,,,2,2023-06-17T06:17:34+00:00
SAO_2058-10,São Paulo,3550308,True,,259,,,-23.494246,-46.422235125,,,,1,2023-06-17T06:16:59+00:00
SAO_4222-10,São Paulo,3550308,True,EMTU,288,https://moovitapp.com/index/pt-br/transporte_p%C3%BAblico-line-288-Sao_Paulo-242-2038937-36419389-0,5.1,-23.577731999999997,-46.576389500000005,,,,1,2023-06-17T06:17:24+00:00
SAO_N105-11,São Paulo,3550308,True,,2286,,,-23.520121500000002,-46.7000015,,,,1,2023-06-17T06:17:25+00:00
SAO_856R-10,São Paulo,3550308,True,,1428,,,-23.569531375,-46.691846375,,,,1,2023-06-17T06:17:27+00:00
SAO_971M-10,São Paulo,3550308,True,,612,,,-23.478577,-46.6625495,,,,1,2023-06-17T06:17:20+00:00
SAO_7050-10,São Paulo,3550308,True,,1884,,,-23.631508,-46.7726,,,,1,2023-06-17T06:17:23+00:00
SAO_7050-10,São Paulo,3550308,True,,1884,,,-23.6565075,-46.7763865,,,,1,2023-06-17T06:17:28+00:00
SAO_7050-10,São Paulo,3550308,True,,1884,,,-23.6566405,-46.776344,,,,1,2023-06-17T06:17:31+00:00
SAO_948A-10,São Paulo,3550308,True,,34191,,,-23.4821255,-46.718467000000004,,,,2,2023-06-17T06:17:42+00:00
SAO_7458-10,São Paulo,3550308,True,,33264,,,-23.583244,-46.78387,,,,2,2023-06-17T06:17:39+00:00
SAO_N843-11,São Paulo,3550308,True,,35210,,,-23.65401725,-46.76189925,,,,2,2023-06-17T06:17:22+00:00
SAO_775V-10,São Paulo,3550308,True,,33243,,,-23.56862075,-46.69213975,,,,2,2023-06-17T06:17:45+00:00
SAO_8319-21,São Paulo,3550308,True,,34475,,,-23.5456615,-46.761881,,,,2,2023-06-17T06:17:40+00:00
SAO_407N-10,São Paulo,3550308,True,,2169,,,-23.540302,-46.540602,,,,1,2023-06-17T06:17:18+00:00
SAO_7013-10,São Paulo,3550308,True,,33543,,,-23.62682075,-46.76171425,,,,2,2023-06-17T06:17:24+00:00
SAO_6804-10,São Paulo,3550308,True,,32798,,,-23.632339,-46.747420500000004,,,,2,2023-06-17T06:17:43+00:00
SAO_736I-10,São Paulo,3550308,True,,33549,,,-23.633961499999998,-46.747332,,,,2,2023-06-17T06:17:21+00:00
SAO_509M-10,São Paulo,3550308,True,,1277,,,-23.681603000000003,-46.6374495,,,,1,2023-06-17T06:17:30+00:00
SAO_4015-10,São Paulo,3550308,True,,2188,,,-23.613228499999998,-46.476530999999994,,,,1,2023-06-17T06:17:03+00:00
SAO_4288-10,São Paulo,3550308,True,,33058,,,-23.592894,-46.545981,,,,2,2023-06-17T06:17:01+00:00
SAO_4708-10,São Paulo,3550308,True,EMTU,332,https://moovitapp.com/index/pt-br/transporte_p%C3%BAblico-line-332-Sao_Paulo-242-2038937-36419418-0,4.5,-23.6049985,-46.6144795,,,,1,2023-06-17T06:17:39+00:00
SAO_N307-11,São Paulo,3550308,True,,35109,,,-23.545974,-46.630997,,,,2,2023-06-17T06:17:40+00:00
SAO_351F-10,São Paulo,3550308,True,,687,,,-23.5721435,-46.535728187500006,,,,1,2023-06-17T06:17:36+00:00
SAO_8038-10,São Paulo,3550308,True,,33565,,,-23.542752125,-46.731549875,,,,2,2023-06-17T06:17:22+00:00
SAO_574W-10,São Paulo,3550308,True,,34397,,,-23.5463825,-46.591800500000005,,,,2,2023-06-17T06:17:44+00:00
SAO_574W-10,São Paulo,3550308,True,,34397,,,-23.613491500000002,-46.495283,,,,2,2023-06-17T06:17:03+00:00
SAO_574W-10,São Paulo,3550308,True,,34397,,,-23.577033,-46.5164375,,,,2,2023-06-17T06:17:23+00:00
SAO_5652-10,São Paulo,3550308,True,STT,274,https://moovitapp.com/index/pt-br/transporte_p%C3%BAblico-line-274-Sao_Paulo-242-850661-183274-0,5.3,-23.5506,-46.63518500000001,,,,1,2023-06-17T06:17:22+00:00
SAO_8610-10,São Paulo,3550308,True,,34831,,,-23.60201,-46.7903515,,,,2,2023-06-17T06:17:03+00:00
SAO_8610-10,São Paulo,3550308,True,,34831,,,-23.5702755,-46.691122500000006,,,,2,2023-06-17T06:17:18+00:00
SAO_6835-10,São Paulo,3550308,True,BR7 Mobilidade,12,https://moovitapp.com/index/pt-br/transporte_p%C3%BAblico-line-12-Sao_Paulo-242-851856-542340-0,5.75,-23.654101,-46.763310000000004,,,,1,2023-06-17T06:17:41+00:00
SAO_8700-1,São Paulo,3550308,True,,35276,,,-23.606771875,-46.750001375,,,,2,2023-06-17T06:17:12+00:00
SAO_6L10-10,São Paulo,3550308,True,,33927,,,-23.808874000000003,-46.764905999999996,,,,2,2023-06-17T06:17:46+00:00
SAO_7062-41,São Paulo,3550308,True,,35039,,,-23.650688625,-46.770039874999995,,,,2,2023-06-17T06:17:12+00:00
SAO_7062-41,São Paulo,3550308,True,,35039,,,-23.650688625,-46.770039874999995,,,,2,2023-06-17T06:17:05+00:00
SAO_7062-41,São Paulo,3550308,True,,35039,,,-23.648631,-46.7623375,,,,2,2023-06-17T06:17:10+00:00
SAO_807A-10,São Paulo,3550308,True,,34668,,,-23.631218,-46.773197499999995,,,,2,2023-06-17T06:17:35+00:00
SAO_807A-10,São Paulo,3550308,True,,34668,,,-23.644824999999997,-46.71799274999999,,,,2,2023-06-17T06:17:46+00:00
SAO_807A-10,São Paulo,3550308,True,,34668,,,-23.637677,-46.768162000000004,,,,2,2023-06-17T06:17:19+00:00
SAO_5026-10,São Paulo,3550308,True,,1635,,,-23.614258999999997,-46.501757,,,,1,2023-06-17T06:17:45+00:00
SAO_8544-10,São Paulo,3550308,True,EMTU,430,https://moovitapp.com/index/pt-br/transporte_p%C3%BAblico-line-430-Sao_Paulo-242-2038937-36584270-0,5.2,-23.5219605,-46.6643335,,,,1,2023-06-17T06:17:39+00:00
SAO_5141-10,São Paulo,3550308,True,,1625,,,-23.5393845,-46.633106,,,,1,2023-06-17T06:17:41+00:00
SAO_3745-10,São Paulo,3550308,True,,33812,,,-23.57303375,-46.52372375,,,,2,2023-06-17T06:16:38+00:00
SAO_3745-10,São Paulo,3550308,True,,33812,,,-23.54366375,-46.556216250000006,,,,2,2023-06-17T06:17:31+00:00
SAO_7060-10,São Paulo,3550308,True,,34657,,,-23.685346,-46.800567,,,,2,2023-06-17T06:17:34+00:00
SAO_4021-10,São Paulo,3550308,True,,2548,,,-23.559476,-46.4461365,,,,1,2023-06-17T06:17:13+00:00
SAO_N735-11,São Paulo,3550308,True,,2416,,,-23.683855,-46.7699245,,,,1,2023-06-17T06:17:40+00:00
SAO_N333-11,São Paulo,3550308,True,,2345,,,-23.491958999999998,-46.391264,,,,1,2023-06-17T06:17:21+00:00
SAO_8025-10,São Paulo,3550308,True,,2076,,,-23.5925665,-46.764937,,,,1,2023-06-17T06:17:05+00:00
SAO_3019-10,São Paulo,3550308,True,,33725,,,-23.582577,-46.408426,,,,2,2023-06-17T06:17:22+00:00
SAO_3741-10,São Paulo,3550308,True,,33809,,,-23.556772125,-46.460532,,,,2,2023-06-17T06:17:25+00:00
SAO_407K-10,São Paulo,3550308,True,,34936,,,-23.575232749999998,-46.503189250000005,,,,2,2023-06-17T06:17:25+00:00
SAO_N702-11,São Paulo,3550308,True,,2407,,,-23.602103999999997,-46.660708,,,,1,2023-06-17T06:17:41+00:00
SAO_N702-11,São Paulo,3550308,True,,2407,,,-23.55022025,-46.631459750000005,,,,1,2023-06-17T06:17:31+00:00
SAO_4716-10,São Paulo,3550308,True,,33874,,,-23.603400875,-46.636806500000006,,,,2,2023-06-17T06:17:30+00:00
SAO_4716-10,São Paulo,3550308,True,,33874,,,-23.601394,-46.603005,,,,2,2023-06-17T06:17:35+00:00
SAO_4716-10,São Paulo,3550308,True,,33874,,,-23.599436,-46.6383915,,,,2,2023-06-17T06:17:28+00:00
SAO_5031-10,São Paulo,3550308,True,,34514,,,-23.6360655,-46.593399000000005,,,,2,2023-06-17T06:17:40+00:00
SAO_4052-10,São Paulo,3550308,True,,2145,,,-23.542498000000002,-46.471391499999996,,,,1,2023-06-17T06:17:00+00:00
SAO_177Y-10,São Paulo,3550308,True,,867,,,-23.566136750000002,-46.701097,,,,1,2023-06-17T06:17:13+00:00
SAO_N302-11,São Paulo,3550308,True,,35104,,,-23.524130999999997,-46.60841775,,,,2,2023-06-17T06:17:09+00:00
SAO_N302-11,São Paulo,3550308,True,,35104,,,-23.5180825,-46.4756835,,,,2,2023-06-17T06:17:06+00:00
SAO_709P-10,São Paulo,3550308,True,,34761,,,-23.566234,-46.7020095,,,,2,2023-06-17T06:17:04+00:00
SAO_709P-10,São Paulo,3550308,True,,34761,,,-23.655492000000002,-46.7223025,,,,2,2023-06-17T06:17:39+00:00
SAO_6826-10,São Paulo,3550308,True,BR7 Mobilidade,16,https://moovitapp.com/index/pt-br/transporte_p%C3%BAblico-line-16-Sao_Paulo-242-851856-513215-0,5.75,-23.6540545,-46.763478,,,,1,2023-06-17T06:17:11+00:00
SAO_N731-11,São Paulo,3550308,True,,2412,,,-23.64939225,-46.709610999999995,,,,1,2023-06-17T06:17:32+00:00
SAO_N306-11,São Paulo,3550308,True,,2340,,,-23.5331765,-46.454553000000004,,,,1,2023-06-17T06:17:41+00:00
SAO_8077-10,São Paulo,3550308,True,,2050,,,-23.5866945,-46.761433,,,,1,2023-06-17T06:17:30+00:00
SAO_5164-41,São Paulo,3550308,True,,34385,,,-23.652939500000002,-46.64557925,,,,2,2023-06-17T06:17:43+00:00
SAO_N633-11,São Paulo,3550308,True,,2398,,,-23.6270955,-46.67539,,,,1,2023-06-17T06:17:18+00:00
SAO_675K-10,São Paulo,3550308,True,EMTU,198,https://moovitapp.com/index/pt-br/transporte_p%C3%BAblico-line-198-Sao_Paulo-242-2038937-59811937-0,6.35,-23.598833,-46.637642,,,,1,2023-06-17T06:17:42+00:00
SAO_N636-11,São Paulo,3550308,True,,2401,,,-23.7737065,-46.721653,,,,1,2023-06-17T06:17:32+00:00
SAO_8050-10,São Paulo,3550308,True,,33180,,,-23.4387565,-46.791599500000004,,,,2,2023-06-17T06:17:43+00:00
SAO_5032-10,São Paulo,3550308,True,,1662,,,-23.603415,-46.5913525,,,,1,2023-06-17T06:17:35+00:00
SAO_3001-10,São Paulo,3550308,True,,1650,,,-23.514332500000002,-46.3800935,,,,1,2023-06-17T06:17:18+00:00
SAO_3001-10,São Paulo,3550308,True,,1650,,,-23.512174,-46.3790425,,,,1,2023-06-17T06:16:07+00:00
SAO_N501-11,São Paulo,3550308,True,,2375,,,-23.599848,-46.528400500000004,,,,1,2023-06-17T06:17:43+00:00
SAO_1756-10,São Paulo,3550308,True,,547,,,-23.4647735,-46.654754999999994,,,,1,2023-06-17T06:17:17+00:00
SAO_8215-10,São Paulo,3550308,True,,33342,,,-23.503671,-46.6774875,,,,2,2023-06-17T06:17:01+00:00
SAO_211L-10,São Paulo,3550308,True,,35033,,,-23.4694905,-46.646887,,,,2,2023-06-17T06:15:26+00:00
SAO_5164-10,São Paulo,3550308,True,,1283,,,-23.6466305,-46.6450555,,,,1,2023-06-17T06:17:28+00:00
SAO_6L07-10,São Paulo,3550308,True,,34313,,,-23.8313465,-46.711774500000004,,,,2,2023-06-17T06:17:21+00:00
SAO_4732-31,São Paulo,3550308,True,,2127,,,-23.6260655,-46.6183785,,,,1,2023-06-17T06:17:43+00:00
SAO_1156-10,São Paulo,3550308,True,,659,,,-23.52493125,-46.59884825,,,,1,2023-06-17T06:13:37+00:00
SAO_7458-10,São Paulo,3550308,True,EMTU,496,https://moovitapp.com/index/pt-br/transporte_p%C3%BAblico-line-496-Sao_Paulo-242-2038937-36419521-0,5.4,-23.5853465,-46.738911,,,,1,2023-06-17T06:17:05+00:00
SAO_N201-11,São Paulo,3550308,True,,2311,,,-23.489214500000003,-46.5709745,,,,1,2023-06-17T06:16:22+00:00
SAO_5705-10,São Paulo,3550308,True,,34425,,,-23.58925,-46.63376375,,,,2,2023-06-17T06:17:36+00:00
SAO_4053-10,São Paulo,3550308,True,,34914,,,-23.55280925,-46.3944755,,,,2,2023-06-17T06:17:07+00:00
SAO_4053-10,São Paulo,3550308,True,,34914,,,-23.550765,-46.396595000000005,,,,2,2023-06-17T06:17:10+00:00
SAO_3746-10,São Paulo,3550308,True,EMTU,283,https://moovitapp.com/index/pt-br/transporte_p%C3%BAblico-line-283-Sao_Paulo-242-2038937-36419384-0,5.2,-23.5632625,-46.552607,,,,1,2023-06-17T06:17:01+00:00
SAO_2765-10,São Paulo,3550308,True,EMTU,145,https://moovitapp.com/index/pt-br/transporte_p%C3%BAblico-line-145-Sao_Paulo-242-2038937-36419293-0,5.35,-23.5338145,-46.566121,,,,1,2023-06-17T06:17:22+00:00
SAO_N634-11,São Paulo,3550308,True,,2399,,,-23.6808655,-46.683137,,,,1,2023-06-17T06:17:33+00:00
SAO_N241-11,São Paulo,3550308,True,,2330,,,-23.4490045,-46.614829,,,,1,2023-06-17T06:17:19+00:00
SAO_4114-10,São Paulo,3550308,True,,33089,,,-23.566008,-46.632290499999996,,,,2,2023-06-17T06:17:05+00:00
SAO_5701-10,São Paulo,3550308,True,,33904,,,-23.618764499999997,-46.698312,,,,2,2023-06-17T06:17:10+00:00
SAO_5701-10,São Paulo,3550308,True,,33904,,,-23.6244055,-46.683263499999995,,,,2,2023-06-17T06:17:04+00:00
SAO_2762-10,São Paulo,3550308,True,,144,,,-23.49992,-46.5244895,,,,1,2023-06-17T06:17:34+00:00
SAO_7017-10,São Paulo,3550308,True,,35270,,,-23.669655,-46.7366765,,,,2,2023-06-17T06:17:15+00:00
SAO_297A-10,São Paulo,3550308,True,,2133,,,-23.5250975,-46.6664375,,,,1,2023-06-17T06:17:27+00:00
SAO_8073-10,São Paulo,3550308,True,,2081,,,-23.595013,-46.7616845,,,,1,2023-06-17T06:17:23+00:00
SAO_6505-10,São Paulo,3550308,True,,34218,,,-23.6689235,-46.735557,,,,2,2023-06-17T06:17:07+00:00
SAO_6505-10,São Paulo,3550308,True,,34218,,,-23.5986035,-46.674003,,,,2,2023-06-17T06:17:07+00:00
SAO_5107-10,São Paulo,3550308,True,,34427,,,-23.6033435,-46.602573,,,,2,2023-06-17T06:17:42+00:00
SAO_6059-10,São Paulo,3550308,True,,33994,,,-23.6794545,-46.741934,,,,2,2023-06-17T06:17:37+00:00
SAO_809N-10,São Paulo,3550308,True,,35012,,,-23.5503711875,-46.739562875000004,,,,2,2023-06-17T06:17:05+00:00
SAO_3098-10,São Paulo,3550308,True,,1078,,,-23.611891999999997,-46.4742795,,,,1,2023-06-17T06:17:30+00:00
SAO_573A-10,São Paulo,3550308,True,,1637,,,-23.6023585,-46.552398749999995,,,,1,2023-06-17T06:17:30+00:00
SAO_637R-10,São Paulo,3550308,True,EMTU,196,https://moovitapp.com/index/pt-br/transporte_p%C3%BAblico-line-196-Sao_Paulo-242-2038937-36419323-0,4.85,-23.7200295,-46.7691155,,,,1,2023-06-17T06:17:15+00:00
SAO_5632-10,São Paulo,3550308,True,,32849,,,-23.719106,-46.70138,,,,2,2023-06-17T06:17:35+00:00
SAO_N203-11,São Paulo,3550308,True,,35081,,,-23.51405075,-46.62495075,,,,2,2023-06-17T06:17:23+00:00
SAO_278A-10,São Paulo,3550308,True,,706,,,-23.534973,-46.5792205,,,,1,2023-06-17T06:17:17+00:00
SAO_6063-41,São Paulo,3550308,True,,1773,,,-23.767299,-46.716265,,,,1,2023-06-17T06:17:31+00:00
SAO_N746-11,São Paulo,3550308,True,,2427,,,-23.650888,-46.7911165,,,,1,2023-06-17T06:17:43+00:00
SAO_4007-10,São Paulo,3550308,True,,2181,,,-23.554782125,-46.4542,,,,1,2023-06-17T06:17:21+00:00
SAO_2182-10,São Paulo,3550308,True,STT,700,https://moovitapp.com/index/pt-br/transporte_p%C3%BAblico-line-700-Sao_Paulo-242-850661-183337-0,5.3,-23.542960875,-46.6178055,,,,1,2023-06-17T06:17:07+00:00
SAO_N306-11,São Paulo,3550308,True,,35108,,,-23.5023385,-46.4427095,,,,2,2023-06-17T06:17:21+00:00
SAO_374V-10,São Paulo,3550308,True,,1647,,,-23.543489,-46.4637295,,,,1,2023-06-17T06:17:05+00:00
SAO_5015-10,São Paulo,3550308,True,,33887,,,-23.6679715,-46.636271,,,,2,2023-06-17T06:17:01+00:00
SAO_874C-10,São Paulo,3550308,True,,477,,,-23.552509375,-46.674890500000004,,,,1,2023-06-17T06:17:17+00:00
SAO_N703-11,São Paulo,3550308,True,,35176,,,-23.6728545,-46.74413925,,,,2,2023-06-17T06:17:24+00:00
SAO_N635-11,São Paulo,3550308,True,,2400,,,-23.736596499999997,-46.6971045,,,,1,2023-06-17T06:17:07+00:00
SAO_N635-11,São Paulo,3550308,True,,2400,,,-23.75487275,-46.66714025,,,,1,2023-06-17T06:17:33+00:00
SAO_208M-10,São Paulo,3550308,True,,35246,,,-23.527203999999998,-46.663144,,,,2,2023-06-17T06:16:59+00:00
SAO_1745-10,São Paulo,3550308,True,,33314,,,-23.473114,-46.6655995,,,,2,2023-06-17T06:17:30+00:00
SAO_1745-10,São Paulo,3550308,True,,33314,,,-23.5002085,-46.6297175,,,,2,2023-06-17T06:17:23+00:00
SAO_6080-10,São Paulo,3550308,True,,33936,,,-23.752782000000003,-46.683563,,,,2,2023-06-17T06:17:37+00:00
SAO_3718-10,São Paulo,3550308,True,,1013,,,-23.5526605,-46.4857035,,,,1,2023-06-17T06:17:16+00:00
SAO_6042-21,São Paulo,3550308,True,,34543,,,-23.674391999999997,-46.769508,,,,2,2023-06-17T06:17:43+00:00
SAO_6042-21,São Paulo,3550308,True,,34543,,,-23.654173,-46.762701500000006,,,,2,2023-06-17T06:17:31+00:00
SAO_4085-10,São Paulo,3550308,True,,34924,,,-23.57041325,-46.42864425,,,,2,2023-06-17T06:17:44+00:00
SAO_4085-10,São Paulo,3550308,True,,34924,,,-23.5708195,-46.423918,,,,2,2023-06-17T06:16:57+00:00
SAO_7053-22,São Paulo,3550308,True,,1896,,,-23.6431875,-46.787111,,,,1,2023-06-17T06:17:37+00:00
SAO_2709-31,São Paulo,3550308,True,,33691,,,-23.5296745,-46.5008815,,,,2,2023-06-17T06:17:44+00:00
SAO_8400-10,São Paulo,3550308,True,,34033,,,-23.5063935,-46.705843,,,,2,2023-06-17T06:14:52+00:00
SAO_6913-10,São Paulo,3550308,True,,1465,,,-23.738324499999997,-46.700317999999996,,,,1,2023-06-17T06:17:28+00:00
SAO_N840-11,São Paulo,3550308,True,,2439,,,-23.55004025,-46.648243875000006,,,,1,2023-06-17T06:17:14+00:00
SAO_2026-10,São Paulo,3550308,True,,35037,,,-23.468732125000002,-46.578811875,,,,2,2023-06-17T06:14:17+00:00
SAO_524M-10,São Paulo,3550308,True,,1631,,,-23.563885499999998,-46.502797,,,,1,2023-06-17T06:17:40+00:00
SAO_373M-10,São Paulo,3550308,True,,33049,,,-23.591961750000003,-46.551289249999996,,,,2,2023-06-17T06:16:59+00:00
SAO_373M-10,São Paulo,3550308,True,,33049,,,-23.540841,-46.575876,,,,2,2023-06-17T06:17:01+00:00
SAO_N601-11,São Paulo,3550308,True,,35160,,,-23.5824535,-46.652125,,,,2,2023-06-17T06:17:25+00:00
SAO_5038-10,São Paulo,3550308,True,,1661,,,-23.650326,-46.614008999999996,,,,1,2023-06-17T06:17:44+00:00
SAO_8028-10,São Paulo,3550308,True,,35300,,,-23.585691,-46.724018,,,,2,2023-06-17T06:17:43+00:00
SAO_407P-10,São Paulo,3550308,True,,2200,,,-23.580191874999997,-46.4128965,,,,1,2023-06-17T06:17:13+00:00
SAO_139A-10,São Paulo,3550308,True,,35219,,,-23.501784999999998,-46.6998665,,,,2,2023-06-17T06:17:08+00:00
SAO_2100-10,São Paulo,3550308,True,,33481,,,-23.570249500000003,-46.529523,,,,2,2023-06-17T06:17:15+00:00
SAO_271C-10,São Paulo,3550308,True,,33450,,,-23.497451,-46.574927875,,,,2,2023-06-17T06:14:01+00:00
SAO_271C-10,São Paulo,3550308,True,,33450,,,-23.534060500000002,-46.6449245,,,,2,2023-06-17T06:17:41+00:00
SAO_N433-11,São Paulo,3550308,True,,2366,,,-23.561276,-46.562878,,,,1,2023-06-17T06:17:25+00:00
SAO_8055-10,São Paulo,3550308,True,,33182,,,-23.408789,-46.740467,,,,2,2023-06-17T06:17:38+00:00
SAO_8055-10,São Paulo,3550308,True,,33182,,,-23.453165249999998,-46.78652925,,,,2,2023-06-17T06:17:12+00:00
SAO_8055-10,São Paulo,3550308,True,,33182,,,-23.4340055,-46.786409500000005,,,,2,2023-06-17T06:17:41+00:00
SAO_6016-10,São Paulo,3550308,True,,32852,,,-23.771499499999997,-46.673306,,,,2,2023-06-17T06:17:33+00:00
SAO_6016-10,São Paulo,3550308,True,,32852,,,-23.737647000000003,-46.6975635,,,,2,2023-06-17T06:17:07+00:00
SAO_6803-10,São Paulo,3550308,True,BR7 Mobilidade,29,https://moovitapp.com/index/pt-br/transporte_p%C3%BAblico-line-29-Sao_Paulo-242-851856-500111-0,5.75,-23.6642385,-46.741112,,,,1,2023-06-17T06:17:18+00:00
SAO_2002-10,São Paulo,3550308,True,STT,711,https://moovitapp.com/index/pt-br/transporte_p%C3%BAblico-line-711-Sao_Paulo-242-850661-183340-0,5.3,-23.549846,-46.6390715,,,,1,2023-06-17T06:17:17+00:00
SAO_N632-11,São Paulo,3550308,True,,2397,,,-23.6859015,-46.702428,,,,1,2023-06-17T06:17:38+00:00
SAO_N401-11,São Paulo,3550308,True,,2357,,,-23.558371625,-46.58419375,,,,1,2023-06-17T06:17:43+00:00
SAO_9009-10,São Paulo,3550308,True,,877,,,-23.4629595,-46.682823,,,,1,2023-06-17T06:17:31+00:00
SAO_675N-10,São Paulo,3550308,True,,33130,,,-23.652072000000004,-46.7168815,,,,2,2023-06-17T06:17:10+00:00
SAO_637J-10,São Paulo,3550308,True,,32871,,,-23.692401500000003,-46.6984845,,,,2,2023-06-17T06:16:58+00:00
SAO_2780-10,São Paulo,3550308,True,EMTU,399,https://moovitapp.com/index/pt-br/transporte_p%C3%BAblico-line-399-Sao_Paulo-242-2038937-36419463-0,6.45,-23.4987305,-46.382000000000005,,,,1,2023-06-17T06:17:05+00:00
SAO_2007-10,São Paulo,3550308,True,,896,,,-23.49431425,-46.402814,,,,1,2023-06-17T06:17:27+00:00
SAO_2007-10,São Paulo,3550308,True,,896,,,-23.511344,-46.37616,,,,1,2023-06-17T06:15:49+00:00
SAO_4111-10,São Paulo,3550308,True,Cidade de Caieiras,320,https://moovitapp.com/index/pt-br/transporte_p%C3%BAblico-line-320-Sao_Paulo-242-868761-752903-0,5.0,-23.56004975,-46.632066249999994,,,,1,2023-06-17T06:17:38+00:00
SAO_N705-11,São Paulo,3550308,True,,2410,,,-23.582816,-46.6918395,,,,1,2023-06-17T06:17:40+00:00
SAO_4004-10,São Paulo,3550308,True,,34946,,,-23.58095075,-46.39820625,,,,2,2023-06-17T06:16:44+00:00
SAO_5362-10,São Paulo,3550308,True,BR7 Mobilidade,70,https://moovitapp.com/index/pt-br/transporte_p%C3%BAblico-line-70-Sao_Paulo-242-851856-2250296-0,5.75,-23.7445215,-46.670979,,,,1,2023-06-17T06:17:22+00:00
SAO_3768-10,São Paulo,3550308,True,,1056,,,-23.56414275,-46.4097285,,,,1,2023-06-17T06:17:28+00:00
SAO_675R-10,São Paulo,3550308,True,,109,,,-23.6527015,-46.679465,,,,1,2023-06-17T06:17:23+00:00
SAO_3746-31,São Paulo,3550308,True,,34865,,,-23.542912,-46.588283000000004,,,,2,2023-06-17T06:17:08+00:00
SAO_2716-10,São Paulo,3550308,True,,929,,,-23.5326465,-46.545022,,,,1,2023-06-17T06:17:31+00:00
SAO_4014-10,São Paulo,3550308,True,,34955,,,-23.559776999999997,-46.52013825,,,,2,2023-06-17T06:17:19+00:00
SAO_3064-10,São Paulo,3550308,True,Urubupungá,980,https://moovitapp.com/index/pt-br/transporte_p%C3%BAblico-line-980-Sao_Paulo-242-873835-76224585-0,4.6,-23.6010135,-46.3994905,,,,1,2023-06-17T06:17:22+00:00
SAO_3064-10,São Paulo,3550308,True,Urubupungá,980,https://moovitapp.com/index/pt-br/transporte_p%C3%BAblico-line-980-Sao_Paulo-242-873835-76224585-0,4.6,-23.557473,-46.410261500000004,,,,1,2023-06-17T06:17:27+00:00
SAO_N236-11,São Paulo,3550308,True,,2325,,,-23.464035125000002,-46.654045625,,,,1,2023-06-17T06:17:19+00:00
SAO_8000-10,São Paulo,3550308,True,,1273,,,-23.532115750000003,-46.66159325,,,,1,2023-06-17T06:17:42+00:00
SAO_2007-10,São Paulo,3550308,True,,33664,,,-23.498396749999998,-46.38324025,,,,2,2023-06-17T06:16:44+00:00
SAO_2030-10,São Paulo,3550308,True,,35032,,,-23.493489,-46.63207625,,,,2,2023-06-17T06:17:30+00:00
SAO_675G-10,São Paulo,3550308,True,ETT,106,https://moovitapp.com/index/pt-br/transporte_p%C3%BAblico-line-106-Sao_Paulo-242-876373-496508-0,5.3,-23.716451499999998,-46.699146999999996,,,,1,2023-06-17T06:17:28+00:00
SAO_938C-10,São Paulo,3550308,True,,586,,,-23.531838,-46.6641255,,,,1,2023-06-17T06:17:38+00:00
SAO_9717-10,São Paulo,3550308,True,,33585,,,-23.5060085,-46.6685925,,,,2,2023-06-17T06:17:28+00:00
SAO_N436-11,São Paulo,3550308,True,,35137,,,-23.5849955,-46.3906585,,,,2,2023-06-17T06:15:28+00:00
SAO_609F-10,São Paulo,3550308,True,BR7 Mobilidade,37,https://moovitapp.com/index/pt-br/transporte_p%C3%BAblico-line-37-Sao_Paulo-242-851856-596010-0,5.75,-23.661763999999998,-46.7536975,,,,1,2023-06-17T06:17:20+00:00
SAO_7012-10,São Paulo,3550308,True,,2043,,,-23.69138175,-46.77535775,,,,1,2023-06-17T06:17:27+00:00
SAO_8008-10,São Paulo,3550308,True,,1258,,,-23.4838435,-46.755238,,,,1,2023-06-17T06:17:07+00:00
SAO_8040-10,São Paulo,3550308,True,,406,,,-23.497519500000003,-46.7549295,,,,1,2023-06-17T06:17:40+00:00
SAO_5705-10,São Paulo,3550308,True,,1657,,,-23.577723875000004,-46.608669250000005,,,,1,2023-06-17T06:17:16+00:00
SAO_119C-10,São Paulo,3550308,True,,661,,,-23.533412750000004,-46.628153749999996,,,,1,2023-06-17T06:17:00+00:00
SAO_5759-10,São Paulo,3550308,True,,1138,,,-23.665721,-46.664506,,,,1,2023-06-17T06:17:10+00:00
SAO_1760-10,São Paulo,3550308,True,,33325,,,-23.466927,-46.663698,,,,2,2023-06-17T06:17:36+00:00
SAO_1760-10,São Paulo,3550308,True,,33325,,,-23.5090655,-46.616722249999995,,,,2,2023-06-17T06:17:13+00:00
SAO_2704-10,São Paulo,3550308,True,,33684,,,-23.525421,-46.445522499999996,,,,2,2023-06-17T06:16:46+00:00
SAO_2704-10,São Paulo,3550308,True,,33684,,,-23.524311,-46.414347250000006,,,,2,2023-06-17T06:14:11+00:00
SAO_778J-41,São Paulo,3550308,True,,34254,,,-23.586385999999997,-46.7576615,,,,2,2023-06-17T06:17:03+00:00
SAO_209P-1,São Paulo,3550308,True,,35069,,,-23.564370625,-46.68886175,,,,2,2023-06-17T06:17:03+00:00
SAO_6042-10,São Paulo,3550308,True,,33987,,,-23.67824975,-46.772493499999996,,,,2,2023-06-17T06:17:22+00:00
SAO_3099-10,São Paulo,3550308,True,,33847,,,-23.6208405,-46.466502500000004,,,,2,2023-06-17T06:17:28+00:00
SAO_2008-10,São Paulo,3550308,True,,33665,,,-23.52118775,-46.38765975,,,,2,2023-06-17T06:17:45+00:00
SAO_N706-11,São Paulo,3550308,True,,2411,,,-23.591213500000002,-46.73084525,,,,1,2023-06-17T06:17:43+00:00
SAO_N201-11,São Paulo,3550308,True,,35079,,,-23.514228000000003,-46.581711,,,,2,2023-06-17T06:17:29+00:00
SAO_4012-10,São Paulo,3550308,True,,34953,,,-23.607639499999998,-46.4471185,,,,2,2023-06-17T06:17:37+00:00
SAO_172R-10,São Paulo,3550308,True,,33627,,,-23.53116225,-46.60197575,,,,2,2023-06-17T06:17:37+00:00
SAO_172R-10,São Paulo,3550308,True,,33627,,,-23.5073825,-46.578048499999994,,,,2,2023-06-17T06:17:15+00:00
SAO_6043-10,São Paulo,3550308,True,,33988,,,-23.65620975,-46.74714175,,,,2,2023-06-17T06:17:35+00:00
SAO_1709-10,São Paulo,3550308,True,,33619,,,-23.479985,-46.603936000000004,,,,2,2023-06-17T06:17:13+00:00
SAO_1709-10,São Paulo,3550308,True,,33619,,,-23.4399205,-46.5814065,,,,2,2023-06-17T06:16:36+00:00
SAO_1709-10,São Paulo,3550308,True,,33619,,,-23.4662625,-46.597212999999996,,,,2,2023-06-17T06:17:07+00:00
SAO_1709-10,São Paulo,3550308,True,,33619,,,-23.479985,-46.603936000000004,,,,2,2023-06-17T06:17:44+00:00
SAO_N138-11,São Paulo,3550308,True,,35062,,,-23.4500005,-46.687135,,,,2,2023-06-17T06:17:40+00:00
SAO_714C-10,São Paulo,3550308,True,,487,,,-23.5718015,-46.709463,,,,1,2023-06-17T06:17:17+00:00
SAO_118Y-10,São Paulo,3550308,True,,33609,,,-23.493837499999998,-46.672309999999996,,,,2,2023-06-17T06:17:34+00:00
SAO_4093-10,São Paulo,3550308,True,,35216,,,-23.58736125,-46.406421249999994,,,,2,2023-06-17T06:17:16+00:00
SAO_8022-10,São Paulo,3550308,True,,2085,,,-23.568141,-46.7400545,,,,1,2023-06-17T06:17:30+00:00
SAO_407F-10,São Paulo,3550308,True,,34935,,,-23.541961124999997,-46.589186749999996,,,,2,2023-06-17T06:17:17+00:00
SAO_407F-10,São Paulo,3550308,True,,34935,,,-23.576466500000002,-46.521342000000004,,,,2,2023-06-17T06:17:25+00:00
SAO_746H-10,São Paulo,3550308,True,,33553,,,-23.622065,-46.733575,,,,2,2023-06-17T06:17:28+00:00
SAO_N339-11,São Paulo,3550308,True,,2351,,,-23.533054,-46.45736775,,,,1,2023-06-17T06:17:18+00:00
SAO_N639-11,São Paulo,3550308,True,,2404,,,-23.789313999999997,-46.726650625000005,,,,1,2023-06-17T06:17:26+00:00
SAO_4221-10,São Paulo,3550308,True,,33093,,,-23.60548,-46.513875,,,,2,2023-06-17T06:17:34+00:00
SAO_4221-10,São Paulo,3550308,True,,33093,,,-23.58525975,-46.5894495,,,,2,2023-06-17T06:17:13+00:00
SAO_3008-10,São Paulo,3550308,True,,35283,,,-23.4945205,-46.4044015,,,,2,2023-06-17T06:17:20+00:00
SAO_6820-10,São Paulo,3550308,True,BR7 Mobilidade,19,https://moovitapp.com/index/pt-br/transporte_p%C3%BAblico-line-19-Sao_Paulo-242-851856-516833-0,5.75,-23.6606095,-46.7777425,,,,1,2023-06-17T06:17:24+00:00
SAO_746R-10,São Paulo,3550308,True,,33558,,,-23.609332875,-46.7063285,,,,2,2023-06-17T06:17:43+00:00
SAO_8017-10,São Paulo,3550308,True,,1261,,,-23.44056775,-46.722697249999996,,,,1,2023-06-17T06:17:25+00:00
SAO_9006-10,São Paulo,3550308,True,,874,,,-23.46927075,-46.67708125,,,,1,2023-06-17T06:16:57+00:00
SAO_N143-11,São Paulo,3550308,True,,2299,,,-23.518756624999998,-46.676559125000004,,,,1,2023-06-17T06:17:41+00:00
SAO_N440-11,São Paulo,3550308,True,,2373,,,-23.563056500000002,-46.4972575,,,,1,2023-06-17T06:17:07+00:00
SAO_4114-10,São Paulo,3550308,True,EMTU,321,https://moovitapp.com/index/pt-br/transporte_p%C3%BAblico-line-321-Sao_Paulo-242-2038937-36419411-0,5.4,-23.558078000000002,-46.636892,,,,1,2023-06-17T06:17:02+00:00
SAO_N734-11,São Paulo,3550308,True,,2415,,,-23.6786095,-46.784029000000004,,,,1,2023-06-17T06:17:12+00:00
SAO_5154-10,São Paulo,3550308,True,EMTU,353,https://moovitapp.com/index/pt-br/transporte_p%C3%BAblico-line-353-Sao_Paulo-242-2038937-36419436-0,5.1,-23.55668,-46.640147,,,,1,2023-06-17T06:17:36+00:00
SAO_5154-10,São Paulo,3550308,True,EMTU,353,https://moovitapp.com/index/pt-br/transporte_p%C3%BAblico-line-353-Sao_Paulo-242-2038937-36419436-0,5.1,-23.654157,-46.710629,,,,1,2023-06-17T06:17:42+00:00
SAO_775A-10,São Paulo,3550308,True,,33241,,,-23.5712135,-46.6905285,,,,2,2023-06-17T06:17:13+00:00
SAO_1726-10,São Paulo,3550308,True,,34171,,,-23.4392575,-46.572225249999995,,,,2,2023-06-17T06:15:17+00:00
SAO_546A-31,São Paulo,3550308,True,,33900,,,-23.7064065,-46.6544005,,,,2,2023-06-17T06:17:02+00:00
SAO_N839-11,São Paulo,3550308,True,,2438,,,-23.577278,-46.673165,,,,1,2023-06-17T06:17:41+00:00
SAO_3725-10,São Paulo,3550308,True,,33790,,,-23.532943000000003,-46.53074,,,,2,2023-06-17T06:17:08+00:00
SAO_3725-10,São Paulo,3550308,True,,33790,,,-23.54922525,-46.519968,,,,2,2023-06-17T06:17:16+00:00
SAO_909T-1,São Paulo,3550308,True,,35280,,,-23.563143,-46.690856,,,,2,2023-06-17T06:17:06+00:00
SAO_8078-10,São Paulo,3550308,True,,2080,,,-23.63338925,-46.758725,,,,1,2023-06-17T06:17:33+00:00
SAO_5142-10,São Paulo,3550308,True,,1626,,,-23.571181875,-46.611043625,,,,1,2023-06-17T06:17:44+00:00
SAO_N706-11,São Paulo,3550308,True,,35179,,,-23.5809595,-46.7115805,,,,2,2023-06-17T06:17:46+00:00
SAO_3001-10,São Paulo,3550308,True,,34418,,,-23.49469925,-46.4135045,,,,2,2023-06-17T06:17:43+00:00
SAO_407F-10,São Paulo,3550308,True,,2167,,,-23.564233,-46.5482605,,,,1,2023-06-17T06:17:06+00:00
SAO_4112-10,São Paulo,3550308,True,,33535,,,-23.5658475,-46.632071499999995,,,,2,2023-06-17T06:17:40+00:00
SAO_647P-10,São Paulo,3550308,True,,1316,,,-23.586788,-46.698533999999995,,,,1,2023-06-17T06:17:23+00:00
SAO_1780-10,São Paulo,3550308,True,,33637,,,-23.482073999999997,-46.603697,,,,2,2023-06-17T06:17:41+00:00
SAO_N304-11,São Paulo,3550308,True,,2338,,,-23.5115195,-46.51065,,,,1,2023-06-17T06:17:27+00:00
SAO_675P-10,São Paulo,3550308,True,STT,275,https://moovitapp.com/index/pt-br/transporte_p%C3%BAblico-line-275-Sao_Paulo-242-850661-183275-0,5.3,-23.6466305,-46.6450555,,,,1,2023-06-17T06:17:18+00:00
SAO_709G-10,São Paulo,3550308,True,,34788,,,-23.633460499999998,-46.693062999999995,,,,2,2023-06-17T06:17:46+00:00
SAO_271A-10,São Paulo,3550308,True,STT,702,https://moovitapp.com/index/pt-br/transporte_p%C3%BAblico-line-702-Sao_Paulo-242-850661-641780-0,5.3,-23.507283,-46.580382,,,,1,2023-06-17T06:17:10+00:00
SAO_N836-11,São Paulo,3550308,True,,2435,,,-23.574813,-46.7299455,,,,1,2023-06-17T06:17:25+00:00
SAO_1782-10,São Paulo,3550308,True,,33411,,,-23.478549125,-46.60900637499999,,,,2,2023-06-17T06:17:33+00:00
SAO_6045-21,São Paulo,3550308,True,,34932,,,-23.693829,-46.7936565,,,,2,2023-06-17T06:17:05+00:00
SAO_709A-10,São Paulo,3550308,True,,34860,,,-23.5869145,-46.6744195,,,,2,2023-06-17T06:17:30+00:00
SAO_7023-10,São Paulo,3550308,True,,2152,,,-23.669065000000003,-46.7337665,,,,1,2023-06-17T06:17:28+00:00
SAO_5185-10,São Paulo,3550308,True,,1308,,,-23.551139999999997,-46.632251499999995,,,,1,2023-06-17T06:17:04+00:00
SAO_N335-11,São Paulo,3550308,True,,2347,,,-23.504879,-46.507585500000005,,,,1,2023-06-17T06:16:13+00:00
SAO_6817-10,São Paulo,3550308,True,,27,,,-23.6784235,-46.77720175,,,,1,2023-06-17T06:17:30+00:00
SAO_775N-10,São Paulo,3550308,True,,33242,,,-23.566681000000003,-46.7537455,,,,2,2023-06-17T06:17:13+00:00
SAO_847J-10,São Paulo,3550308,True,,1342,,,-23.466617499999998,-46.7241045,,,,1,2023-06-17T06:17:33+00:00
SAO_7012-10,São Paulo,3550308,True,,34811,,,-23.708119,-46.771581499999996,,,,2,2023-06-17T06:17:36+00:00
SAO_2021-10,São Paulo,3550308,True,,906,,,-23.544384,-46.389341,,,,1,2023-06-17T06:17:34+00:00
SAO_2021-10,São Paulo,3550308,True,,906,,,-23.543597624999997,-46.40407975,,,,1,2023-06-17T06:16:55+00:00
SAO_2021-10,São Paulo,3550308,True,,906,,,-23.5443145,-46.389241999999996,,,,1,2023-06-17T06:17:24+00:00
SAO_809V-10,São Paulo,3550308,True,,2243,,,-23.573125,-46.724413999999996,,,,1,2023-06-17T06:17:45+00:00
SAO_N801-11,São Paulo,3550308,True,,2428,,,-23.551996375,-46.65760962499999,,,,1,2023-06-17T06:17:42+00:00
SAO_N741-11,São Paulo,3550308,True,,35190,,,-23.654376,-46.761618999999996,,,,2,2023-06-17T06:17:39+00:00
SAO_8055-51,São Paulo,3550308,True,EMTU,417,https://moovitapp.com/index/pt-br/transporte_p%C3%BAblico-line-417-Sao_Paulo-242-2038937-36419474-0,5.2,-23.494131250000002,-46.7643805,,,,1,2023-06-17T06:17:05+00:00
SAO_2025-10,São Paulo,3550308,True,,35035,,,-23.453883750000003,-46.57390825,,,,2,2023-06-17T06:14:58+00:00
SAO_2025-10,São Paulo,3550308,True,,35035,,,-23.502243999999997,-46.623825,,,,2,2023-06-17T06:17:40+00:00
SAO_4734-10,São Paulo,3550308,True,,1109,,,-23.619217375,-46.637310875,,,,1,2023-06-17T06:17:26+00:00
SAO_4734-10,São Paulo,3550308,True,,1109,,,-23.62225,-46.627363,,,,1,2023-06-17T06:17:03+00:00
SAO_5111-10,São Paulo,3550308,True,,48,,,-23.6542935,-46.7114185,,,,1,2023-06-17T06:17:22+00:00
SAO_2722-31,São Paulo,3550308,True,,33704,,,-23.492691625,-46.490463250000005,,,,2,2023-06-17T06:14:10+00:00
SAO_476G-41,São Paulo,3550308,True,,33880,,,-23.5911835,-46.568123,,,,2,2023-06-17T06:17:37+00:00
SAO_476G-41,São Paulo,3550308,True,,33880,,,-23.6098365,-46.529281,,,,2,2023-06-17T06:17:16+00:00
SAO_4020-10,São Paulo,3550308,True,,2530,,,-23.562766250000003,-46.4462375,,,,1,2023-06-17T06:17:44+00:00
SAO_407R-10,São Paulo,3550308,True,,2201,,,-23.560541125,-46.565458,,,,1,2023-06-17T06:15:15+00:00
SAO_8677-10,São Paulo,3550308,True,EMTU,443,https://moovitapp.com/index/pt-br/transporte_p%C3%BAblico-line-443-Sao_Paulo-242-2038937-36419491-0,5.4,-23.5256045,-46.681706500000004,,,,1,2023-06-17T06:17:34+00:00
SAO_8677-10,São Paulo,3550308,True,EMTU,443,https://moovitapp.com/index/pt-br/transporte_p%C3%BAblico-line-443-Sao_Paulo-242-2038937-36419491-0,5.4,-23.530192125,-46.666985249999996,,,,1,2023-06-17T06:17:34+00:00
SAO_9011-21,São Paulo,3550308,True,,34536,,,-23.45467,-46.738116000000005,,,,2,2023-06-17T06:17:34+00:00
SAO_403A-10,São Paulo,3550308,True,,2192,,,-23.548894,-46.436669249999994,,,,1,2023-06-17T06:17:37+00:00
SAO_1773-10,São Paulo,3550308,True,,33405,,,-23.478193625,-46.609395875,,,,2,2023-06-17T06:16:56+00:00
SAO_3053-10,São Paulo,3550308,True,,33741,,,-23.591492000000002,-46.498906250000005,,,,2,2023-06-17T06:17:40+00:00
SAO_3053-10,São Paulo,3550308,True,,33741,,,-23.5591285,-46.5674245,,,,2,2023-06-17T06:15:41+00:00
SAO_2522-10,São Paulo,3550308,True,Cidade de Caieiras,140,https://moovitapp.com/index/pt-br/transporte_p%C3%BAblico-line-140-Sao_Paulo-242-868761-496401-0,5.0,-23.518954,-46.4260315,,,,1,2023-06-17T06:17:10+00:00
SAO_174M-10,São Paulo,3550308,True,,33441,,,-23.501340499999998,-46.624582000000004,,,,2,2023-06-17T06:17:24+00:00
SAO_174M-10,São Paulo,3550308,True,,33441,,,-23.542585000000003,-46.6159675,,,,2,2023-06-17T06:17:10+00:00
SAO_5018-31,São Paulo,3550308,True,,34629,,,-23.681896000000002,-46.645326999999995,,,,2,2023-06-17T06:17:41+00:00
SAO_2201-10,São Paulo,3550308,True,,909,,,-23.5324795,-46.3946915,,,,1,2023-06-17T06:17:40+00:00
SAO_476G-41,São Paulo,3550308,True,,1112,,,-23.575643999999997,-46.6249325,,,,1,2023-06-17T06:17:05+00:00
SAO_2012-10,São Paulo,3550308,True,,35049,,,-23.4908215,-46.58887275,,,,2,2023-06-17T06:17:18+00:00
SAO_4111-10,São Paulo,3550308,True,,33088,,,-23.5732925,-46.615018500000005,,,,2,2023-06-17T06:17:29+00:00
SAO_271A-10,São Paulo,3550308,True,,33470,,,-23.503065999999997,-46.621279,,,,2,2023-06-17T06:16:59+00:00
SAO_271A-10,São Paulo,3550308,True,,33470,,,-23.52706725,-46.58320125,,,,2,2023-06-17T06:14:45+00:00
SAO_1738-10,São Paulo,3550308,True,,672,,,-23.50316325,-46.6230835,,,,1,2023-06-17T06:17:25+00:00
SAO_2762-10,São Paulo,3550308,True,,32912,,,-23.499855500000002,-46.5233905,,,,2,2023-06-17T06:17:29+00:00
SAO_2762-10,São Paulo,3550308,True,,32912,,,-23.4868835,-46.478195,,,,2,2023-06-17T06:17:28+00:00
SAO_374M-10,São Paulo,3550308,True,,1965,,,-23.518802,-46.5124955,,,,1,2023-06-17T06:17:25+00:00
SAO_272N-10,São Paulo,3550308,True,,33473,,,-23.534700500000003,-46.613144750000004,,,,2,2023-06-17T06:17:34+00:00
SAO_4005-10,São Paulo,3550308,True,,34947,,,-23.58888925,-46.394664,,,,2,2023-06-17T06:17:00+00:00
SAO_2123-10,São Paulo,3550308,True,,692,,,-23.55568575,-46.634229000000005,,,,1,2023-06-17T06:17:24+00:00
SAO_2765-10,São Paulo,3550308,True,,32913,,,-23.492718500000002,-46.494104750000005,,,,2,2023-06-17T06:17:11+00:00
SAO_271P-10,São Paulo,3550308,True,,33472,,,-23.529099374999998,-46.608608,,,,2,2023-06-17T06:15:20+00:00
SAO_4222-10,São Paulo,3550308,True,,33056,,,-23.60728925,-46.5109765,,,,2,2023-06-17T06:17:36+00:00
SAO_407W-10,São Paulo,3550308,True,,34972,,,-23.577023250000003,-46.51595075,,,,2,2023-06-17T06:14:45+00:00
SAO_1726-10,São Paulo,3550308,True,,1403,,,-23.501943500000003,-46.6235805,,,,1,2023-06-17T06:17:17+00:00
SAO_1726-10,São Paulo,3550308,True,,1403,,,-23.450737500000002,-46.595733249999995,,,,1,2023-06-17T06:17:33+00:00
SAO_574C-10,São Paulo,3550308,True,,34407,,,-23.597566999999998,-46.522822500000004,,,,2,2023-06-17T06:16:46+00:00
SAO_2032-10,São Paulo,3550308,True,,35034,,,-23.4798665,-46.5851925,,,,2,2023-06-17T06:17:41+00:00
SAO_2012-10,São Paulo,3550308,True,,2281,,,-23.518384625,-46.613244249999994,,,,1,2023-06-17T06:14:05+00:00
SAO_576M-10,São Paulo,3550308,True,,604,,,-23.56862075,-46.69213975,,,,1,2023-06-17T06:17:36+00:00
SAO_N503-11,São Paulo,3550308,True,,2377,,,-23.598624,-46.519482249999996,,,,1,2023-06-17T06:17:06+00:00
SAO_2123-10,São Paulo,3550308,True,,33460,,,-23.546586249999997,-46.623060499999994,,,,2,2023-06-17T06:14:31+00:00
SAO_3737-31,São Paulo,3550308,True,,34122,,,-23.530354000000003,-46.5168625,,,,2,2023-06-17T06:17:18+00:00
SAO_2735-10,São Paulo,3550308,True,,1921,,,-23.493590875,-46.5147185,,,,1,2023-06-17T06:17:18+00:00
SAO_N332-11,São Paulo,3550308,True,,2344,,,-23.509614,-46.49865025,,,,1,2023-06-17T06:17:29+00:00
SAO_7052-10,São Paulo,3550308,True,,1886,,,-23.631258,-46.773112999999995,,,,1,2023-06-17T06:17:12+00:00
SAO_7052-10,São Paulo,3550308,True,,1886,,,-23.6529745,-46.773157999999995,,,,1,2023-06-17T06:17:21+00:00
SAO_7052-10,São Paulo,3550308,True,,1886,,,-23.6529745,-46.773157999999995,,,,1,2023-06-17T06:17:30+00:00
SAO_271F-10,São Paulo,3550308,True,,683,,,-23.542133999999997,-46.589614,,,,1,2023-06-17T06:17:19+00:00
SAO_2182-10,São Paulo,3550308,True,,33468,,,-23.5278855,-46.597172,,,,2,2023-06-17T06:16:34+00:00
SAO_2175-10,São Paulo,3550308,True,,33465,,,-23.53927375,-46.600975250000005,,,,2,2023-06-17T06:16:59+00:00
SAO_273F-10,São Paulo,3550308,True,,159,,,-23.4897435,-46.420902,,,,1,2023-06-17T06:17:23+00:00
SAO_5022-10,São Paulo,3550308,True,,33888,,,-23.651840999999997,-46.6380705,,,,2,2023-06-17T06:13:28+00:00
SAO_9188-10,São Paulo,3550308,True,,33577,,,-23.466448,-46.7239745,,,,2,2023-06-17T06:17:24+00:00
SAO_4008-10,São Paulo,3550308,True,,34950,,,-23.5580685,-46.5228605,,,,2,2023-06-17T06:17:41+00:00
SAO_1759-10,São Paulo,3550308,True,,553,,,-23.5025625,-46.624213,,,,1,2023-06-17T06:17:15+00:00
SAO_N202-11,São Paulo,3550308,True,,2312,,,-23.538880499999998,-46.664,,,,1,2023-06-17T06:17:31+00:00
SAO_2731-10,São Paulo,3550308,True,,33714,,,-23.542613,-46.4721415,,,,2,2023-06-17T06:12:57+00:00
SAO_3721-10,São Paulo,3550308,True,,33787,,,-23.549667499999998,-46.483762999999996,,,,2,2023-06-17T06:17:20+00:00
SAO_7054-10,São Paulo,3550308,True,,41,,,-23.6517055,-46.7906215,,,,1,2023-06-17T06:17:24+00:00
SAO_4311-10,São Paulo,3550308,True,,2171,,,-23.535632,-46.54746475,,,,1,2023-06-17T06:17:21+00:00
SAO_2104-10,São Paulo,3550308,True,,35023,,,-23.502707,-46.624029,,,,2,2023-06-17T06:17:03+00:00
SAO_4002-10,São Paulo,3550308,True,,34945,,,-23.54147425,-46.4575135,,,,2,2023-06-17T06:17:30+00:00
SAO_2010-10,São Paulo,3550308,True,,34872,,,-23.485349499999998,-46.592062,,,,2,2023-06-17T06:17:30+00:00
SAO_5759-10,São Paulo,3550308,True,,33906,,,-23.6950395,-46.6487305,,,,2,2023-06-17T06:17:34+00:00
SAO_N604-11,São Paulo,3550308,True,,35163,,,-23.603400875,-46.636806500000006,,,,2,2023-06-17T06:17:41+00:00
SAO_1767-10,São Paulo,3550308,True,,628,,,-23.469716249999998,-46.574204249999994,,,,1,2023-06-17T06:17:27+00:00
SAO_695D-10,São Paulo,3550308,True,EMTU,114,https://moovitapp.com/index/pt-br/transporte_p%C3%BAblico-line-114-Sao_Paulo-242-2038937-36419274-0,6.4,-23.7329935,-46.676147,,,,1,2023-06-17T06:09:33+00:00
SAO_N135-11,São Paulo,3550308,True,,2291,,,-23.448469,-46.734719999999996,,,,1,2023-06-17T06:17:12+00:00
SAO_3725-41,São Paulo,3550308,True,,1531,,,-23.541213,-46.5312345,,,,1,2023-06-17T06:17:24+00:00
SAO_978A-10,São Paulo,3550308,True,,34137,,,-23.509054999999996,-46.689615374999995,,,,2,2023-06-17T06:17:29+00:00
SAO_N841-11,São Paulo,3550308,True,,2440,,,-23.552204875,-46.66093425,,,,1,2023-06-17T06:17:11+00:00
