bus_id,city,city_code,adapted,agency,line_code,line_url,line_fare,latitude,longitude,bus_speed,is_eletric,bus_type,bus_direction,updated_at
SAO_5154-10,São Paulo,3550308,True,EMTU,353,https://moovitapp.com/index/pt-br/transporte_p%C3%BAblico-line-353-Sao_Paulo-242-2038937-36419436-0,5.1,-23.654157,-46.710629,,,,1,2023-06-20T07:27:18+00:00
SAO_5154-10,São Paulo,3550308,True,EMTU,353,https://moovitapp.com/index/pt-br/transporte_p%C3%BAblico-line-353-Sao_Paulo-242-2038937-36419436-0,5.1,-23.654157,-46.710629,,,,1,2023-06-20T07:27:29+00:00
SAO_5705-10,São Paulo,3550308,True,,34425,,,-23.603754000000002,-46.603399499999995,,,,2,2023-06-20T07:23:35+00:00
SAO_5705-10,São Paulo,3550308,True,,34425,,,-23.603656,-46.6035635,,,,2,2023-06-20T07:27:20+00:00
SAO_5012-10,São Paulo,3550308,True,,33884,,,-23.6459105,-46.6397875,,,,2,2023-06-20T07:26:36+00:00
SAO_5012-10,São Paulo,3550308,True,,33884,,,-23.6459105,-46.6397875,,,,2,2023-06-20T07:24:30+00:00
SAO_5012-10,São Paulo,3550308,True,,33884,,,-23.6459105,-46.6397875,,,,2,2023-06-20T07:26:37+00:00
SAO_5012-10,São Paulo,3550308,True,,33884,,,-23.6459105,-46.6397875,,,,2,2023-06-20T07:26:07+00:00
SAO_5012-10,São Paulo,3550308,True,,33884,,,-23.6459105,-46.6397875,,,,2,2023-06-20T07:26:24+00:00
SAO_5012-10,São Paulo,3550308,True,,33884,,,-23.6459105,-46.6397875,,,,2,2023-06-20T07:26:49+00:00
SAO_5012-10,São Paulo,3550308,True,,33884,,,-23.6459105,-46.6397875,,,,2,2023-06-20T07:26:10+00:00
SAO_5012-10,São Paulo,3550308,True,,33884,,,-23.6459105,-46.6397875,,,,2,2023-06-20T07:26:24+00:00
SAO_5012-10,São Paulo,3550308,True,,33884,,,-23.6459105,-46.6397875,,,,2,2023-06-20T07:26:58+00:00
SAO_5012-10,São Paulo,3550308,True,,33884,,,-23.6459105,-46.6397875,,,,2,2023-06-20T07:25:25+00:00
SAO_5012-10,São Paulo,3550308,True,,33884,,,-23.6459105,-46.6397875,,,,2,2023-06-20T07:26:26+00:00
SAO_3736-10,São Paulo,3550308,True,,1036,,,-23.575533,-46.4834125,,,,1,2023-06-20T07:27:14+00:00
SAO_3736-10,São Paulo,3550308,True,,1036,,,-23.575533,-46.4834125,,,,1,2023-06-20T07:27:16+00:00
SAO_3736-10,São Paulo,3550308,True,,1036,,,-23.575533,-46.4834125,,,,1,2023-06-20T07:27:20+00:00
SAO_3736-10,São Paulo,3550308,True,,1036,,,-23.575533,-46.4834125,,,,1,2023-06-20T07:27:09+00:00
SAO_3736-10,São Paulo,3550308,True,,1036,,,-23.575533,-46.4834125,,,,1,2023-06-20T07:27:14+00:00
SAO_3736-10,São Paulo,3550308,True,,1036,,,-23.575533,-46.4834125,,,,1,2023-06-20T07:27:21+00:00
SAO_4115-10,São Paulo,3550308,True,,33090,,,-23.5878875,-46.6208775,,,,2,2023-06-20T07:27:06+00:00
SAO_5105-10,São Paulo,3550308,True,,1651,,,-23.603002500000002,-46.602852,,,,1,2023-06-20T07:26:47+00:00
SAO_5105-10,São Paulo,3550308,True,,1651,,,-23.602994000000002,-46.602816000000004,,,,1,2023-06-20T07:27:18+00:00
SAO_675P-10,São Paulo,3550308,True,STT,275,https://moovitapp.com/index/pt-br/transporte_p%C3%BAblico-line-275-Sao_Paulo-242-850661-183275-0,5.3,-23.6466305,-46.6450555,,,,1,2023-06-20T07:27:17+00:00
SAO_675P-10,São Paulo,3550308,True,STT,275,https://moovitapp.com/index/pt-br/transporte_p%C3%BAblico-line-275-Sao_Paulo-242-850661-183275-0,5.3,-23.647017499999997,-46.6451665,,,,1,2023-06-20T07:27:13+00:00
SAO_148L-10,São Paulo,3550308,True,,33299,,,-23.465025999999998,-46.65187775,,,,2,2023-06-20T07:26:54+00:00
SAO_148L-10,São Paulo,3550308,True,,33299,,,-23.46481,-46.65197525,,,,2,2023-06-20T07:27:04+00:00
SAO_148L-10,São Paulo,3550308,True,,33299,,,-23.464495499999998,-46.65211625,,,,2,2023-06-20T07:27:07+00:00
SAO_148L-10,São Paulo,3550308,True,,33299,,,-23.464495499999998,-46.65211625,,,,2,2023-06-20T07:26:56+00:00
SAO_148L-10,São Paulo,3550308,True,,33299,,,-23.465025999999998,-46.65187775,,,,2,2023-06-20T07:27:09+00:00
SAO_148L-10,São Paulo,3550308,True,,33299,,,-23.4653245,-46.6517335,,,,2,2023-06-20T07:26:56+00:00
SAO_148L-10,São Paulo,3550308,True,,33299,,,-23.4653245,-46.6517335,,,,2,2023-06-20T07:27:12+00:00
SAO_148L-10,São Paulo,3550308,True,,33299,,,-23.46481,-46.65197525,,,,2,2023-06-20T07:27:24+00:00
SAO_148L-10,São Paulo,3550308,True,,33299,,,-23.465025999999998,-46.65187775,,,,2,2023-06-20T07:27:11+00:00
SAO_148L-10,São Paulo,3550308,True,,33299,,,-23.4656105,-46.6516035,,,,2,2023-06-20T07:26:50+00:00
SAO_148L-10,São Paulo,3550308,True,,33299,,,-23.465025999999998,-46.65187775,,,,2,2023-06-20T07:27:05+00:00
SAO_1709-10,São Paulo,3550308,True,,851,,,-23.4412375,-46.5814765,,,,1,2023-06-20T07:26:57+00:00
SAO_1709-10,São Paulo,3550308,True,,851,,,-23.4412375,-46.5814765,,,,1,2023-06-20T07:24:31+00:00
SAO_1709-10,São Paulo,3550308,True,,851,,,-23.4412375,-46.5814765,,,,1,2023-06-20T07:26:40+00:00
SAO_1709-10,São Paulo,3550308,True,,851,,,-23.4412375,-46.5814765,,,,1,2023-06-20T07:26:02+00:00
SAO_1709-10,São Paulo,3550308,True,,851,,,-23.4412375,-46.5814765,,,,1,2023-06-20T07:26:55+00:00
SAO_1709-10,São Paulo,3550308,True,,851,,,-23.4412375,-46.5814765,,,,1,2023-06-20T07:26:59+00:00
SAO_1709-10,São Paulo,3550308,True,,851,,,-23.4412375,-46.5814765,,,,1,2023-06-20T07:27:29+00:00
SAO_1709-10,São Paulo,3550308,True,,851,,,-23.4412375,-46.5814765,,,,1,2023-06-20T07:27:27+00:00
SAO_1709-10,São Paulo,3550308,True,,851,,,-23.4412375,-46.5814765,,,,1,2023-06-20T07:26:41+00:00
SAO_1709-10,São Paulo,3550308,True,,851,,,-23.4412375,-46.5814765,,,,1,2023-06-20T07:27:28+00:00
SAO_1709-10,São Paulo,3550308,True,,851,,,-23.4412375,-46.5814765,,,,1,2023-06-20T07:27:22+00:00
SAO_1709-10,São Paulo,3550308,True,,851,,,-23.4412375,-46.5814765,,,,1,2023-06-20T07:27:29+00:00
SAO_1709-10,São Paulo,3550308,True,,851,,,-23.4412375,-46.5814765,,,,1,2023-06-20T07:27:06+00:00
SAO_1709-10,São Paulo,3550308,True,,851,,,-23.4412375,-46.5814765,,,,1,2023-06-20T07:26:49+00:00
SAO_1709-10,São Paulo,3550308,True,,851,,,-23.4412375,-46.5814765,,,,1,2023-06-20T07:25:27+00:00
SAO_1709-10,São Paulo,3550308,True,,851,,,-23.4412375,-46.5814765,,,,1,2023-06-20T07:27:12+00:00
SAO_857A-10,São Paulo,3550308,True,,34693,,,-23.59664075,-46.650501250000005,,,,2,2023-06-20T07:26:52+00:00
SAO_857A-10,São Paulo,3550308,True,,34693,,,-23.57676,-46.70782225,,,,2,2023-06-20T07:27:33+00:00
SAO_3787-10,São Paulo,3550308,True,,1612,,,-23.601638,-46.3989395,,,,1,2023-06-20T07:27:24+00:00
SAO_3787-10,São Paulo,3550308,True,,1612,,,-23.563545,-46.446155,,,,1,2023-06-20T07:27:31+00:00
SAO_3787-10,São Paulo,3550308,True,,1612,,,-23.563545,-46.446155,,,,1,2023-06-20T07:27:03+00:00
SAO_6052-31,São Paulo,3550308,True,,34600,,,-23.775509999999997,-46.691679,,,,2,2023-06-20T07:27:19+00:00
SAO_6052-31,São Paulo,3550308,True,,34600,,,-23.775509999999997,-46.691679,,,,2,2023-06-20T07:27:05+00:00
SAO_414P-10,São Paulo,3550308,True,,33873,,,-23.6103715,-46.529692,,,,2,2023-06-20T07:27:30+00:00
SAO_675G-10,São Paulo,3550308,True,,32874,,,-23.70607,-46.7010345,,,,2,2023-06-20T07:27:13+00:00
SAO_374V-10,São Paulo,3550308,True,,1647,,,-23.5263255,-46.452581,,,,1,2023-06-20T07:27:06+00:00
SAO_374V-10,São Paulo,3550308,True,,1647,,,-23.52588375,-46.4519395,,,,1,2023-06-20T07:26:47+00:00
SAO_7051-10,São Paulo,3550308,True,,34653,,,-23.6548705,-46.7842895,,,,2,2023-06-20T07:27:13+00:00
SAO_756A-10,São Paulo,3550308,True,,793,,,-23.602597,-46.7919105,,,,1,2023-06-20T07:27:30+00:00
SAO_756A-10,São Paulo,3550308,True,,793,,,-23.598065499999997,-46.796682000000004,,,,1,2023-06-20T07:27:31+00:00
SAO_9011-21,São Paulo,3550308,True,,1768,,,-23.4547945,-46.738510500000004,,,,1,2023-06-20T07:22:40+00:00
SAO_9011-21,São Paulo,3550308,True,,1768,,,-23.4547945,-46.738510500000004,,,,1,2023-06-20T07:27:03+00:00
SAO_9011-21,São Paulo,3550308,True,,1768,,,-23.4547945,-46.738510500000004,,,,1,2023-06-20T07:27:12+00:00
SAO_9011-21,São Paulo,3550308,True,,1768,,,-23.4547945,-46.738510500000004,,,,1,2023-06-20T07:23:56+00:00
SAO_9011-21,São Paulo,3550308,True,,1768,,,-23.4547945,-46.738510500000004,,,,1,2023-06-20T07:26:57+00:00
SAO_9011-21,São Paulo,3550308,True,,1768,,,-23.4547945,-46.738510500000004,,,,1,2023-06-20T07:26:15+00:00
SAO_6836-10,São Paulo,3550308,True,,32781,,,-23.684404999999998,-46.7817855,,,,2,2023-06-20T07:26:51+00:00
SAO_N839-11,São Paulo,3550308,True,,2438,,,-23.5772005,-46.6728675,,,,1,2023-06-20T07:27:21+00:00
SAO_6072-10,São Paulo,3550308,True,,1588,,,-23.7665845,-46.7163125,,,,1,2023-06-20T07:27:02+00:00
SAO_6072-10,São Paulo,3550308,True,,1588,,,-23.7665845,-46.7163125,,,,1,2023-06-20T07:27:08+00:00
SAO_6817-10,São Paulo,3550308,True,,27,,,-23.654274,-46.7625595,,,,1,2023-06-20T07:27:10+00:00
SAO_263J-10,São Paulo,3550308,True,,32987,,,-23.5504205,-46.4362705,,,,2,2023-06-20T07:27:25+00:00
SAO_263J-10,São Paulo,3550308,True,,32987,,,-23.5243065,-46.47496075,,,,2,2023-06-20T07:27:15+00:00
SAO_N337-11,São Paulo,3550308,True,,35117,,,-23.5186335,-46.399715,,,,2,2023-06-20T07:27:25+00:00
SAO_N337-11,São Paulo,3550308,True,,35117,,,-23.491765,-46.4345455,,,,2,2023-06-20T07:27:02+00:00
SAO_7060-10,São Paulo,3550308,True,,34657,,,-23.656190000000002,-46.776433,,,,2,2023-06-20T07:27:24+00:00
SAO_7060-10,São Paulo,3550308,True,,34657,,,-23.685482999999998,-46.800789249999994,,,,2,2023-06-20T07:27:07+00:00
SAO_6007-10,São Paulo,3550308,True,,32944,,,-23.6653525,-46.75405625,,,,2,2023-06-20T07:24:02+00:00
SAO_6007-10,São Paulo,3550308,True,,32944,,,-23.667954,-46.732462,,,,2,2023-06-20T07:27:04+00:00
SAO_6007-10,São Paulo,3550308,True,,32944,,,-23.654448000000002,-46.763219500000005,,,,2,2023-06-20T07:27:25+00:00
SAO_6007-10,São Paulo,3550308,True,,32944,,,-23.663629999999998,-46.727839,,,,2,2023-06-20T07:27:24+00:00
SAO_2020-10,São Paulo,3550308,True,,35030,,,-23.458359,-46.606503000000004,,,,2,2023-06-20T07:27:14+00:00
SAO_809A-10,São Paulo,3550308,True,,2069,,,-23.578617,-46.7787985,,,,1,2023-06-20T07:27:22+00:00
SAO_475R-10,São Paulo,3550308,True,,33112,,,-23.5470345,-46.6298525,,,,2,2023-06-20T07:26:53+00:00
SAO_475R-10,São Paulo,3550308,True,,33112,,,-23.5470345,-46.6298525,,,,2,2023-06-20T07:26:53+00:00
SAO_475R-10,São Paulo,3550308,True,,33112,,,-23.5470345,-46.6298525,,,,2,2023-06-20T07:27:19+00:00
SAO_475R-10,São Paulo,3550308,True,,33112,,,-23.5470345,-46.6298525,,,,2,2023-06-20T07:27:19+00:00
SAO_475R-10,São Paulo,3550308,True,,33112,,,-23.5470345,-46.6298525,,,,2,2023-06-20T07:27:23+00:00
SAO_475R-10,São Paulo,3550308,True,,33112,,,-23.5470345,-46.6298525,,,,2,2023-06-20T07:27:08+00:00
SAO_475R-10,São Paulo,3550308,True,,33112,,,-23.5470345,-46.6298525,,,,2,2023-06-20T07:27:24+00:00
SAO_475R-10,São Paulo,3550308,True,,33112,,,-23.5470345,-46.6298525,,,,2,2023-06-20T07:26:52+00:00
SAO_475R-10,São Paulo,3550308,True,,33112,,,-23.5470345,-46.6298525,,,,2,2023-06-20T07:27:32+00:00
SAO_475R-10,São Paulo,3550308,True,,33112,,,-23.5470345,-46.6298525,,,,2,2023-06-20T07:27:00+00:00
SAO_475R-10,São Paulo,3550308,True,,33112,,,-23.5470345,-46.6298525,,,,2,2023-06-20T07:27:01+00:00
SAO_475R-10,São Paulo,3550308,True,,33112,,,-23.5470345,-46.6298525,,,,2,2023-06-20T07:26:58+00:00
SAO_475R-10,São Paulo,3550308,True,,33112,,,-23.5470345,-46.6298525,,,,2,2023-06-20T07:27:11+00:00
SAO_475R-10,São Paulo,3550308,True,,33112,,,-23.5470345,-46.6298525,,,,2,2023-06-20T07:27:08+00:00
SAO_475R-10,São Paulo,3550308,True,,33112,,,-23.5470345,-46.6298525,,,,2,2023-06-20T07:26:50+00:00
SAO_475R-10,São Paulo,3550308,True,,33112,,,-23.5470345,-46.6298525,,,,2,2023-06-20T07:26:50+00:00
SAO_475R-10,São Paulo,3550308,True,,33112,,,-23.5470345,-46.6298525,,,,2,2023-06-20T07:26:48+00:00
SAO_475R-10,São Paulo,3550308,True,,33112,,,-23.6271564375,-46.6364838125,,,,2,2023-06-20T07:27:03+00:00
SAO_4709-10,São Paulo,3550308,True,,33101,,,-23.5894755,-46.633868,,,,2,2023-06-20T07:27:02+00:00
SAO_4709-10,São Paulo,3550308,True,,33101,,,-23.5894755,-46.633868,,,,2,2023-06-20T07:26:57+00:00
SAO_4709-10,São Paulo,3550308,True,,33101,,,-23.5894755,-46.633868,,,,2,2023-06-20T07:27:06+00:00
SAO_4709-10,São Paulo,3550308,True,,33101,,,-23.5894755,-46.633868,,,,2,2023-06-20T07:26:52+00:00
SAO_4709-10,São Paulo,3550308,True,,33101,,,-23.5894755,-46.633868,,,,2,2023-06-20T07:27:02+00:00
SAO_4709-10,São Paulo,3550308,True,,33101,,,-23.6533875,-46.6079955,,,,2,2023-06-20T07:26:56+00:00
SAO_N341-11,São Paulo,3550308,True,,35121,,,-23.492442,-46.458879499999995,,,,2,2023-06-20T07:27:29+00:00
SAO_3746-10,São Paulo,3550308,True,,33051,,,-23.542912,-46.588283000000004,,,,2,2023-06-20T07:27:26+00:00
SAO_3746-10,São Paulo,3550308,True,,33051,,,-23.542912,-46.588283000000004,,,,2,2023-06-20T07:27:23+00:00
SAO_3746-10,São Paulo,3550308,True,,33051,,,-23.542912,-46.588283000000004,,,,2,2023-06-20T07:26:44+00:00
SAO_3746-10,São Paulo,3550308,True,,33051,,,-23.542912,-46.588283000000004,,,,2,2023-06-20T07:27:20+00:00
SAO_3746-10,São Paulo,3550308,True,,33051,,,-23.542912,-46.588283000000004,,,,2,2023-06-20T07:27:24+00:00
SAO_3746-10,São Paulo,3550308,True,,33051,,,-23.542912,-46.588283000000004,,,,2,2023-06-20T07:26:48+00:00
SAO_3746-10,São Paulo,3550308,True,,33051,,,-23.542912,-46.588283000000004,,,,2,2023-06-20T07:27:17+00:00
SAO_3746-10,São Paulo,3550308,True,,33051,,,-23.542912,-46.588283000000004,,,,2,2023-06-20T07:27:20+00:00
SAO_3746-10,São Paulo,3550308,True,,33051,,,-23.542912,-46.588283000000004,,,,2,2023-06-20T07:27:05+00:00
SAO_3746-10,São Paulo,3550308,True,,33051,,,-23.542912,-46.588283000000004,,,,2,2023-06-20T07:27:29+00:00
SAO_3746-10,São Paulo,3550308,True,,33051,,,-23.542912,-46.588283000000004,,,,2,2023-06-20T07:26:48+00:00
SAO_5154-10,São Paulo,3550308,True,,33121,,,-23.654868999999998,-46.715183874999994,,,,2,2023-06-20T07:26:48+00:00
SAO_5154-10,São Paulo,3550308,True,,33121,,,-23.654935000000002,-46.715513625,,,,2,2023-06-20T07:27:32+00:00
SAO_5154-10,São Paulo,3550308,True,,33121,,,-23.654592,-46.714560500000005,,,,2,2023-06-20T07:26:59+00:00
SAO_5154-10,São Paulo,3550308,True,,33121,,,-23.655067000000003,-46.716173125,,,,2,2023-06-20T07:26:53+00:00
SAO_2551-10,São Paulo,3550308,True,,32909,,,-23.546832000000002,-46.6301665,,,,2,2023-06-20T07:26:54+00:00
SAO_2551-10,São Paulo,3550308,True,,32909,,,-23.546832000000002,-46.6301665,,,,2,2023-06-20T07:27:11+00:00
SAO_2551-10,São Paulo,3550308,True,,32909,,,-23.546832000000002,-46.6301665,,,,2,2023-06-20T07:27:02+00:00
SAO_2551-10,São Paulo,3550308,True,,32909,,,-23.546832000000002,-46.6301665,,,,2,2023-06-20T07:26:56+00:00
SAO_2551-10,São Paulo,3550308,True,,32909,,,-23.546832000000002,-46.6301665,,,,2,2023-06-20T07:27:31+00:00
SAO_407K-10,São Paulo,3550308,True,,2168,,,-23.611961,-46.4750065,,,,1,2023-06-20T07:27:05+00:00
SAO_6036-10,São Paulo,3550308,True,,33982,,,-23.65385975,-46.79008575,,,,2,2023-06-20T07:27:28+00:00
SAO_6036-10,São Paulo,3550308,True,,33982,,,-23.65385975,-46.79008575,,,,2,2023-06-20T07:27:29+00:00
SAO_6036-10,São Paulo,3550308,True,,33982,,,-23.6497485,-46.7062485,,,,2,2023-06-20T07:27:23+00:00
SAO_6036-10,São Paulo,3550308,True,,33982,,,-23.65385975,-46.79008575,,,,2,2023-06-20T07:27:17+00:00
SAO_6036-10,São Paulo,3550308,True,,33982,,,-23.65385975,-46.79008575,,,,2,2023-06-20T07:27:01+00:00
SAO_7004-10,São Paulo,3550308,True,,34760,,,-23.7320815,-46.786311,,,,2,2023-06-20T07:26:57+00:00
SAO_7004-10,São Paulo,3550308,True,,34760,,,-23.74156775,-46.8004435,,,,2,2023-06-20T07:26:55+00:00
SAO_7004-10,São Paulo,3550308,True,,34760,,,-23.731476999999998,-46.7859925,,,,2,2023-06-20T07:27:13+00:00
SAO_7004-10,São Paulo,3550308,True,,34760,,,-23.686709999999998,-46.7538305,,,,2,2023-06-20T07:27:05+00:00
SAO_7004-10,São Paulo,3550308,True,,34760,,,-23.7317975,-46.7861475,,,,2,2023-06-20T07:25:22+00:00
SAO_7004-10,São Paulo,3550308,True,,34760,,,-23.7312905,-46.7859135,,,,2,2023-06-20T07:26:51+00:00
SAO_5175-10,São Paulo,3550308,True,,33361,,,-23.5505945,-46.635301,,,,2,2023-06-20T07:26:55+00:00
SAO_5175-10,São Paulo,3550308,True,,33361,,,-23.5505945,-46.635301,,,,2,2023-06-20T07:27:25+00:00
SAO_5175-10,São Paulo,3550308,True,,33361,,,-23.5505945,-46.635301,,,,2,2023-06-20T07:26:12+00:00
SAO_5175-10,São Paulo,3550308,True,,33361,,,-23.5505945,-46.635301,,,,2,2023-06-20T07:27:14+00:00
SAO_5175-10,São Paulo,3550308,True,,33361,,,-23.5505945,-46.635301,,,,2,2023-06-20T07:24:57+00:00
SAO_5175-10,São Paulo,3550308,True,,33361,,,-23.5505945,-46.635301,,,,2,2023-06-20T07:27:20+00:00
SAO_5175-10,São Paulo,3550308,True,,33361,,,-23.5505945,-46.635301,,,,2,2023-06-20T07:27:28+00:00
SAO_5175-10,São Paulo,3550308,True,,33361,,,-23.5505945,-46.635301,,,,2,2023-06-20T07:27:12+00:00
SAO_5175-10,São Paulo,3550308,True,,33361,,,-23.5505945,-46.635301,,,,2,2023-06-20T07:27:02+00:00
SAO_5175-10,São Paulo,3550308,True,,33361,,,-23.68516875,-46.6458195,,,,2,2023-06-20T07:27:05+00:00
SAO_5175-10,São Paulo,3550308,True,,33361,,,-23.5505945,-46.635301,,,,2,2023-06-20T07:26:48+00:00
SAO_5175-10,São Paulo,3550308,True,,33361,,,-23.5505945,-46.635301,,,,2,2023-06-20T07:27:24+00:00
SAO_5175-10,São Paulo,3550308,True,,33361,,,-23.5505945,-46.635301,,,,2,2023-06-20T07:26:56+00:00
SAO_5175-10,São Paulo,3550308,True,,33361,,,-23.5505945,-46.635301,,,,2,2023-06-20T07:25:54+00:00
SAO_5175-10,São Paulo,3550308,True,,33361,,,-23.5505945,-46.635301,,,,2,2023-06-20T07:26:50+00:00
SAO_5175-10,São Paulo,3550308,True,,33361,,,-23.5505945,-46.635301,,,,2,2023-06-20T07:26:09+00:00
SAO_5175-10,São Paulo,3550308,True,,33361,,,-23.5505945,-46.635301,,,,2,2023-06-20T07:27:21+00:00
SAO_5175-10,São Paulo,3550308,True,,33361,,,-23.5505945,-46.635301,,,,2,2023-06-20T07:26:03+00:00
SAO_5175-10,São Paulo,3550308,True,,33361,,,-23.5505945,-46.635301,,,,2,2023-06-20T07:26:44+00:00
SAO_5175-10,São Paulo,3550308,True,,33361,,,-23.642864,-46.672678000000005,,,,2,2023-06-20T07:27:28+00:00
SAO_5175-10,São Paulo,3550308,True,,33361,,,-23.5505945,-46.635301,,,,2,2023-06-20T07:26:52+00:00
SAO_5175-10,São Paulo,3550308,True,,33361,,,-23.5505945,-46.635301,,,,2,2023-06-20T07:27:12+00:00
SAO_5175-10,São Paulo,3550308,True,,33361,,,-23.5505945,-46.635301,,,,2,2023-06-20T07:27:08+00:00
SAO_5175-10,São Paulo,3550308,True,,33361,,,-23.5505945,-46.635301,,,,2,2023-06-20T07:26:20+00:00
SAO_5175-10,São Paulo,3550308,True,,33361,,,-23.5505945,-46.635301,,,,2,2023-06-20T07:27:07+00:00
SAO_N201-11,São Paulo,3550308,True,,2311,,,-23.4773995,-46.5843905,,,,1,2023-06-20T07:26:50+00:00
SAO_2708-10,São Paulo,3550308,True,,33689,,,-23.524261,-46.414643749999996,,,,2,2023-06-20T07:27:23+00:00
SAO_2666-10,São Paulo,3550308,True,EMTU,378,https://moovitapp.com/index/pt-br/transporte_p%C3%BAblico-line-378-Sao_Paulo-242-2038937-36419452-0,12.1,-23.5183915,-46.39161300000001,,,,1,2023-06-20T07:26:47+00:00
SAO_2666-10,São Paulo,3550308,True,EMTU,378,https://moovitapp.com/index/pt-br/transporte_p%C3%BAblico-line-378-Sao_Paulo-242-2038937-36419452-0,12.1,-23.5183915,-46.39161300000001,,,,1,2023-06-20T07:27:06+00:00
SAO_2666-10,São Paulo,3550308,True,EMTU,378,https://moovitapp.com/index/pt-br/transporte_p%C3%BAblico-line-378-Sao_Paulo-242-2038937-36419452-0,12.1,-23.5183915,-46.39161300000001,,,,1,2023-06-20T07:27:18+00:00
SAO_2666-10,São Paulo,3550308,True,EMTU,378,https://moovitapp.com/index/pt-br/transporte_p%C3%BAblico-line-378-Sao_Paulo-242-2038937-36419452-0,12.1,-23.51828025,-46.3879975,,,,1,2023-06-20T07:26:50+00:00
SAO_7054-10,São Paulo,3550308,True,,32809,,,-23.651257,-46.7909195,,,,2,2023-06-20T07:27:09+00:00
SAO_7054-10,São Paulo,3550308,True,,32809,,,-23.651257,-46.7909195,,,,2,2023-06-20T07:27:23+00:00
SAO_5028-10,São Paulo,3550308,True,,1634,,,-23.592375000000004,-46.610278,,,,1,2023-06-20T07:27:05+00:00
SAO_273G-10,São Paulo,3550308,True,EMTU,223,https://moovitapp.com/index/pt-br/transporte_p%C3%BAblico-line-223-Sao_Paulo-242-2038937-36419342-0,5.2,-23.516960500000003,-46.4763955,,,,1,2023-06-20T07:27:30+00:00
SAO_273G-10,São Paulo,3550308,True,EMTU,223,https://moovitapp.com/index/pt-br/transporte_p%C3%BAblico-line-223-Sao_Paulo-242-2038937-36419342-0,5.2,-23.498908999999998,-46.466344750000005,,,,1,2023-06-20T07:27:03+00:00
SAO_273G-10,São Paulo,3550308,True,EMTU,223,https://moovitapp.com/index/pt-br/transporte_p%C3%BAblico-line-223-Sao_Paulo-242-2038937-36419342-0,5.2,-23.52576275,-46.47479825,,,,1,2023-06-20T07:27:04+00:00
SAO_273G-10,São Paulo,3550308,True,EMTU,223,https://moovitapp.com/index/pt-br/transporte_p%C3%BAblico-line-223-Sao_Paulo-242-2038937-36419342-0,5.2,-23.4989135,-46.466081,,,,1,2023-06-20T07:26:58+00:00
SAO_N104-11,São Paulo,3550308,True,,35053,,,-23.520215999999998,-46.700196000000005,,,,2,2023-06-20T07:27:03+00:00
SAO_N104-11,São Paulo,3550308,True,,35053,,,-23.485485500000003,-46.7254255,,,,2,2023-06-20T07:27:25+00:00
SAO_3902-10,São Paulo,3550308,True,,34238,,,-23.484951000000002,-46.38398325,,,,2,2023-06-20T07:27:01+00:00
SAO_172P-10,São Paulo,3550308,True,,33626,,,-23.4424695,-46.589804,,,,2,2023-06-20T07:27:04+00:00
SAO_172P-10,São Paulo,3550308,True,,33626,,,-23.441767,-46.589588000000006,,,,2,2023-06-20T07:26:58+00:00
SAO_172P-10,São Paulo,3550308,True,,33626,,,-23.4424695,-46.589804,,,,2,2023-06-20T07:26:05+00:00
SAO_172P-10,São Paulo,3550308,True,,33626,,,-23.4424695,-46.589804,,,,2,2023-06-20T07:27:19+00:00
SAO_172P-10,São Paulo,3550308,True,,33626,,,-23.4418065,-46.5890285,,,,2,2023-06-20T07:27:13+00:00
SAO_N102-11,São Paulo,3550308,True,,35051,,,-23.520104500000002,-46.700487499999994,,,,2,2023-06-20T07:27:06+00:00
SAO_N102-11,São Paulo,3550308,True,,35051,,,-23.542354500000002,-46.6403335,,,,2,2023-06-20T07:27:25+00:00
SAO_172P-10,São Paulo,3550308,True,,858,,,-23.4419105,-46.588513500000005,,,,1,2023-06-20T07:26:58+00:00
SAO_172P-10,São Paulo,3550308,True,,858,,,-23.441876999999998,-46.5883755,,,,1,2023-06-20T07:27:26+00:00
SAO_172P-10,São Paulo,3550308,True,,858,,,-23.441891,-46.589701250000005,,,,1,2023-06-20T07:27:18+00:00
SAO_172P-10,São Paulo,3550308,True,,858,,,-23.441876999999998,-46.5883755,,,,1,2023-06-20T07:27:05+00:00
SAO_172P-10,São Paulo,3550308,True,,858,,,-23.4418065,-46.5890285,,,,1,2023-06-20T07:26:49+00:00
SAO_172P-10,São Paulo,3550308,True,,858,,,-23.441848999999998,-46.588781499999996,,,,1,2023-06-20T07:27:32+00:00
SAO_172P-10,São Paulo,3550308,True,,858,,,-23.441891,-46.589701250000005,,,,1,2023-06-20T07:27:23+00:00
SAO_2079-10,São Paulo,3550308,True,,33138,,,-23.494310499999997,-46.402223,,,,2,2023-06-20T07:27:06+00:00
SAO_2079-10,São Paulo,3550308,True,,33138,,,-23.494310499999997,-46.402223,,,,2,2023-06-20T07:27:05+00:00
SAO_2079-10,São Paulo,3550308,True,,33138,,,-23.494310499999997,-46.402223,,,,2,2023-06-20T07:26:17+00:00
SAO_2079-10,São Paulo,3550308,True,,33138,,,-23.494310499999997,-46.402223,,,,2,2023-06-20T07:27:11+00:00
SAO_5141-10,São Paulo,3550308,True,,34393,,,-23.614544,-46.500679,,,,2,2023-06-20T07:26:48+00:00
SAO_8004-10,São Paulo,3550308,True,,1254,,,-23.469990000000003,-46.751969,,,,1,2023-06-20T07:27:08+00:00
SAO_3459-10,São Paulo,3550308,True,,33170,,,-23.547625500000002,-46.629791499999996,,,,2,2023-06-20T07:26:56+00:00
SAO_3459-10,São Paulo,3550308,True,,33170,,,-23.547625500000002,-46.629791499999996,,,,2,2023-06-20T07:27:18+00:00
SAO_3459-10,São Paulo,3550308,True,,33170,,,-23.547625500000002,-46.629791499999996,,,,2,2023-06-20T07:27:22+00:00
SAO_3459-10,São Paulo,3550308,True,,33170,,,-23.516686749999998,-46.38517525,,,,2,2023-06-20T07:27:30+00:00
SAO_3459-10,São Paulo,3550308,True,,33170,,,-23.547625500000002,-46.629791499999996,,,,2,2023-06-20T07:26:51+00:00
SAO_3459-10,São Paulo,3550308,True,,33170,,,-23.547625500000002,-46.629791499999996,,,,2,2023-06-20T07:27:04+00:00
SAO_3459-10,São Paulo,3550308,True,,33170,,,-23.547625500000002,-46.629791499999996,,,,2,2023-06-20T07:27:12+00:00
SAO_3459-10,São Paulo,3550308,True,,33170,,,-23.494294,-46.4433315,,,,2,2023-06-20T07:27:05+00:00
SAO_3459-10,São Paulo,3550308,True,,33170,,,-23.547625500000002,-46.629791499999996,,,,2,2023-06-20T07:27:32+00:00
SAO_3459-10,São Paulo,3550308,True,,33170,,,-23.547625500000002,-46.629791499999996,,,,2,2023-06-20T07:27:15+00:00
SAO_3459-10,São Paulo,3550308,True,,33170,,,-23.516686749999998,-46.38517525,,,,2,2023-06-20T07:27:11+00:00
SAO_3459-10,São Paulo,3550308,True,,33170,,,-23.547625500000002,-46.629791499999996,,,,2,2023-06-20T07:27:05+00:00
SAO_3459-10,São Paulo,3550308,True,,33170,,,-23.547625500000002,-46.629791499999996,,,,2,2023-06-20T07:27:15+00:00
SAO_3459-10,São Paulo,3550308,True,,33170,,,-23.516762,-46.384977500000005,,,,2,2023-06-20T07:26:53+00:00
SAO_3459-10,São Paulo,3550308,True,,33170,,,-23.547625500000002,-46.629791499999996,,,,2,2023-06-20T07:27:01+00:00
SAO_3459-10,São Paulo,3550308,True,,33170,,,-23.547625500000002,-46.629791499999996,,,,2,2023-06-20T07:27:20+00:00
SAO_3459-10,São Paulo,3550308,True,,33170,,,-23.517118,-46.475767000000005,,,,2,2023-06-20T07:27:10+00:00
SAO_3459-10,São Paulo,3550308,True,,33170,,,-23.547625500000002,-46.629791499999996,,,,2,2023-06-20T07:27:16+00:00
SAO_3459-10,São Paulo,3550308,True,,33170,,,-23.547625500000002,-46.629791499999996,,,,2,2023-06-20T07:27:00+00:00
SAO_3459-10,São Paulo,3550308,True,,33170,,,-23.547625500000002,-46.629791499999996,,,,2,2023-06-20T07:27:15+00:00
SAO_3459-10,São Paulo,3550308,True,,33170,,,-23.516686749999998,-46.38517525,,,,2,2023-06-20T07:27:07+00:00
SAO_3459-10,São Paulo,3550308,True,,33170,,,-23.547625500000002,-46.629791499999996,,,,2,2023-06-20T07:27:02+00:00
SAO_3459-10,São Paulo,3550308,True,,33170,,,-23.547625500000002,-46.629791499999996,,,,2,2023-06-20T07:26:49+00:00
SAO_3459-10,São Paulo,3550308,True,,33170,,,-23.5002815,-46.393823499999996,,,,2,2023-06-20T07:27:05+00:00
SAO_3459-10,São Paulo,3550308,True,,33170,,,-23.547625500000002,-46.629791499999996,,,,2,2023-06-20T07:26:48+00:00
SAO_3459-10,São Paulo,3550308,True,,33170,,,-23.494943,-46.405331000000004,,,,2,2023-06-20T07:27:04+00:00
SAO_3459-10,São Paulo,3550308,True,,33170,,,-23.547625500000002,-46.629791499999996,,,,2,2023-06-20T07:27:16+00:00
SAO_3459-10,São Paulo,3550308,True,,33170,,,-23.547625500000002,-46.629791499999996,,,,2,2023-06-20T07:26:52+00:00
SAO_3459-10,São Paulo,3550308,True,,33170,,,-23.547625500000002,-46.629791499999996,,,,2,2023-06-20T07:27:31+00:00
SAO_3459-10,São Paulo,3550308,True,,33170,,,-23.547625500000002,-46.629791499999996,,,,2,2023-06-20T07:26:42+00:00
SAO_3459-10,São Paulo,3550308,True,,33170,,,-23.547625500000002,-46.629791499999996,,,,2,2023-06-20T07:27:19+00:00
SAO_3459-10,São Paulo,3550308,True,,33170,,,-23.547625500000002,-46.629791499999996,,,,2,2023-06-20T07:27:02+00:00
SAO_3459-10,São Paulo,3550308,True,,33170,,,-23.547625500000002,-46.629791499999996,,,,2,2023-06-20T07:20:36+00:00
SAO_3459-10,São Paulo,3550308,True,,33170,,,-23.547625500000002,-46.629791499999996,,,,2,2023-06-20T07:27:04+00:00
SAO_3459-10,São Paulo,3550308,True,,33170,,,-23.516686749999998,-46.38517525,,,,2,2023-06-20T07:27:12+00:00
SAO_3459-10,São Paulo,3550308,True,,33170,,,-23.5002815,-46.393823499999996,,,,2,2023-06-20T07:27:09+00:00
SAO_6818-10,São Paulo,3550308,True,BR7 Mobilidade,28,https://moovitapp.com/index/pt-br/transporte_p%C3%BAblico-line-28-Sao_Paulo-242-851856-596008-0,5.75,-23.655842999999997,-46.7727765,,,,1,2023-06-20T07:27:18+00:00
SAO_6818-10,São Paulo,3550308,True,BR7 Mobilidade,28,https://moovitapp.com/index/pt-br/transporte_p%C3%BAblico-line-28-Sao_Paulo-242-851856-596008-0,5.75,-23.655842999999997,-46.7727765,,,,1,2023-06-20T07:27:29+00:00
SAO_6818-10,São Paulo,3550308,True,BR7 Mobilidade,28,https://moovitapp.com/index/pt-br/transporte_p%C3%BAblico-line-28-Sao_Paulo-242-851856-596008-0,5.75,-23.655842999999997,-46.7727765,,,,1,2023-06-20T07:27:21+00:00
SAO_6818-10,São Paulo,3550308,True,BR7 Mobilidade,28,https://moovitapp.com/index/pt-br/transporte_p%C3%BAblico-line-28-Sao_Paulo-242-851856-596008-0,5.75,-23.655842999999997,-46.7727765,,,,1,2023-06-20T07:26:58+00:00
SAO_6818-10,São Paulo,3550308,True,BR7 Mobilidade,28,https://moovitapp.com/index/pt-br/transporte_p%C3%BAblico-line-28-Sao_Paulo-242-851856-596008-0,5.75,-23.654173,-46.762701500000006,,,,1,2023-06-20T07:27:19+00:00
SAO_574J-10,São Paulo,3550308,True,,34453,,,-23.59414975,-46.601037375000004,,,,2,2023-06-20T07:27:16+00:00
SAO_778R-10,São Paulo,3550308,True,,33277,,,-23.584702999999998,-46.76706825,,,,2,2023-06-20T07:26:52+00:00
SAO_N333-11,São Paulo,3550308,True,,35113,,,-23.510506499999998,-46.367354500000005,,,,2,2023-06-20T07:27:29+00:00
SAO_1177-10,São Paulo,3550308,True,,32897,,,-23.5361185,-46.632417000000004,,,,2,2023-06-20T07:26:59+00:00
SAO_1177-10,São Paulo,3550308,True,,32897,,,-23.5361185,-46.632417000000004,,,,2,2023-06-20T07:26:52+00:00
SAO_1177-10,São Paulo,3550308,True,,32897,,,-23.5361185,-46.632417000000004,,,,2,2023-06-20T07:27:21+00:00
SAO_1177-10,São Paulo,3550308,True,,32897,,,-23.5361185,-46.632417000000004,,,,2,2023-06-20T07:26:59+00:00
SAO_1177-10,São Paulo,3550308,True,,32897,,,-23.5361185,-46.632417000000004,,,,2,2023-06-20T07:27:08+00:00
SAO_1177-10,São Paulo,3550308,True,,32897,,,-23.5361185,-46.632417000000004,,,,2,2023-06-20T07:27:19+00:00
SAO_1177-10,São Paulo,3550308,True,,32897,,,-23.5361185,-46.632417000000004,,,,2,2023-06-20T07:26:47+00:00
SAO_1177-10,São Paulo,3550308,True,,32897,,,-23.5361185,-46.632417000000004,,,,2,2023-06-20T07:27:11+00:00
SAO_1177-10,São Paulo,3550308,True,,32897,,,-23.5361185,-46.632417000000004,,,,2,2023-06-20T07:26:47+00:00
SAO_253F-10,São Paulo,3550308,True,,32926,,,-23.613302,-46.4764105,,,,2,2023-06-20T07:27:26+00:00
SAO_253F-10,São Paulo,3550308,True,,32926,,,-23.613302,-46.4764105,,,,2,2023-06-20T07:27:09+00:00
SAO_253F-10,São Paulo,3550308,True,,32926,,,-23.613302,-46.4764105,,,,2,2023-06-20T07:27:11+00:00
SAO_253F-10,São Paulo,3550308,True,,32926,,,-23.613302,-46.4764105,,,,2,2023-06-20T07:27:04+00:00
SAO_253F-10,São Paulo,3550308,True,,32926,,,-23.518785,-46.474401,,,,2,2023-06-20T07:27:03+00:00
SAO_253F-10,São Paulo,3550308,True,,32926,,,-23.613302,-46.4764105,,,,2,2023-06-20T07:27:03+00:00
SAO_714C-10,São Paulo,3550308,True,,33255,,,-23.600395499999998,-46.7841735,,,,2,2023-06-20T07:27:09+00:00
SAO_875C-10,São Paulo,3550308,True,,33246,,,-23.520066999999997,-46.6995985,,,,2,2023-06-20T07:27:05+00:00
SAO_875C-10,São Paulo,3550308,True,,33246,,,-23.519885000000002,-46.700064999999995,,,,2,2023-06-20T07:26:50+00:00
SAO_875C-10,São Paulo,3550308,True,,33246,,,-23.595488125,-46.668606374999996,,,,2,2023-06-20T07:27:29+00:00
SAO_875C-10,São Paulo,3550308,True,,33246,,,-23.5442425,-46.715113,,,,2,2023-06-20T07:27:20+00:00
SAO_875C-10,São Paulo,3550308,True,,33246,,,-23.520992749999998,-46.699836,,,,2,2023-06-20T07:27:28+00:00
SAO_875C-10,São Paulo,3550308,True,,33246,,,-23.520775999999998,-46.70046,,,,2,2023-06-20T06:15:44+00:00
SAO_875C-10,São Paulo,3550308,True,,33246,,,-23.599600000000002,-46.6372275,,,,2,2023-06-20T07:21:38+00:00
SAO_5757-51,São Paulo,3550308,True,,34744,,,-23.635112499999998,-46.640995000000004,,,,2,2023-06-20T07:25:13+00:00
SAO_5757-51,São Paulo,3550308,True,,34744,,,-23.635112499999998,-46.640995000000004,,,,2,2023-06-20T07:25:57+00:00
SAO_5757-51,São Paulo,3550308,True,,34744,,,-23.635112499999998,-46.640995000000004,,,,2,2023-06-20T07:27:17+00:00
SAO_5757-51,São Paulo,3550308,True,,34744,,,-23.635112499999998,-46.640995000000004,,,,2,2023-06-20T07:26:56+00:00
SAO_5757-51,São Paulo,3550308,True,,34744,,,-23.635112499999998,-46.640995000000004,,,,2,2023-06-20T07:27:08+00:00
SAO_5757-51,São Paulo,3550308,True,,34744,,,-23.635112499999998,-46.640995000000004,,,,2,2023-06-20T07:26:32+00:00
SAO_5757-51,São Paulo,3550308,True,,34744,,,-23.635112499999998,-46.640995000000004,,,,2,2023-06-20T07:25:08+00:00
SAO_5757-51,São Paulo,3550308,True,,34744,,,-23.70636,-46.64149,,,,2,2023-06-20T07:26:19+00:00
SAO_5757-51,São Paulo,3550308,True,,34744,,,-23.635112499999998,-46.640995000000004,,,,2,2023-06-20T07:27:04+00:00
SAO_5757-51,São Paulo,3550308,True,,34744,,,-23.635112499999998,-46.640995000000004,,,,2,2023-06-20T07:26:54+00:00
SAO_5757-51,São Paulo,3550308,True,,34744,,,-23.635112499999998,-46.640995000000004,,,,2,2023-06-20T07:27:30+00:00
SAO_5757-51,São Paulo,3550308,True,,34744,,,-23.635112499999998,-46.640995000000004,,,,2,2023-06-20T07:26:50+00:00
SAO_5757-51,São Paulo,3550308,True,,34744,,,-23.635112499999998,-46.640995000000004,,,,2,2023-06-20T07:27:27+00:00
SAO_5757-51,São Paulo,3550308,True,,34744,,,-23.635112499999998,-46.640995000000004,,,,2,2023-06-20T07:26:36+00:00
SAO_5757-51,São Paulo,3550308,True,,34744,,,-23.635112499999998,-46.640995000000004,,,,2,2023-06-20T07:27:25+00:00
SAO_8548-10,São Paulo,3550308,True,,33346,,,-23.453412,-46.699248499999996,,,,2,2023-06-20T07:27:12+00:00
SAO_6051-10,São Paulo,3550308,True,,33911,,,-23.7621455,-46.689133,,,,2,2023-06-20T07:27:32+00:00
SAO_6051-10,São Paulo,3550308,True,,33911,,,-23.7621455,-46.689133,,,,2,2023-06-20T07:26:54+00:00
SAO_6051-10,São Paulo,3550308,True,,33911,,,-23.7621455,-46.689133,,,,2,2023-06-20T07:26:52+00:00
SAO_6051-10,São Paulo,3550308,True,,33911,,,-23.7621455,-46.689133,,,,2,2023-06-20T07:27:07+00:00
SAO_2727-10,São Paulo,3550308,True,,942,,,-23.540153,-46.483096,,,,1,2023-06-20T07:27:09+00:00
SAO_2727-10,São Paulo,3550308,True,,942,,,-23.540153,-46.483096,,,,1,2023-06-20T07:26:50+00:00
SAO_2727-10,São Paulo,3550308,True,,942,,,-23.540153,-46.483096,,,,1,2023-06-20T07:27:03+00:00
SAO_2727-10,São Paulo,3550308,True,,942,,,-23.540153,-46.483096,,,,1,2023-06-20T07:27:06+00:00
SAO_2727-10,São Paulo,3550308,True,,942,,,-23.540153,-46.483096,,,,1,2023-06-20T07:27:31+00:00
SAO_2727-10,São Paulo,3550308,True,,942,,,-23.540153,-46.483096,,,,1,2023-06-20T07:27:30+00:00
SAO_2727-10,São Paulo,3550308,True,,942,,,-23.540153,-46.483096,,,,1,2023-06-20T07:27:04+00:00
SAO_2727-10,São Paulo,3550308,True,,942,,,-23.540153,-46.483096,,,,1,2023-06-20T07:27:21+00:00
SAO_3686-10,São Paulo,3550308,True,,32934,,,-23.542444,-46.416917999999995,,,,2,2023-06-20T07:27:21+00:00
SAO_3686-10,São Paulo,3550308,True,,32934,,,-23.547283,-46.6301645,,,,2,2023-06-20T07:27:19+00:00
SAO_3686-10,São Paulo,3550308,True,,32934,,,-23.547283,-46.6301645,,,,2,2023-06-20T07:27:06+00:00
SAO_3686-10,São Paulo,3550308,True,,32934,,,-23.537325000000003,-46.490404,,,,2,2023-06-20T07:27:24+00:00
SAO_6016-10,São Paulo,3550308,True,,84,,,-23.7716985,-46.6731285,,,,1,2023-06-20T07:27:16+00:00
SAO_8700-10,São Paulo,3550308,True,,1877,,,-23.631071,-46.7724605,,,,1,2023-06-20T07:27:03+00:00
SAO_8700-10,São Paulo,3550308,True,,1877,,,-23.630915,-46.772762,,,,1,2023-06-20T07:27:19+00:00
SAO_8700-10,São Paulo,3550308,True,,1877,,,-23.6304685,-46.773606,,,,1,2023-06-20T07:26:50+00:00
SAO_8700-10,São Paulo,3550308,True,,1877,,,-23.6304685,-46.773606,,,,1,2023-06-20T07:27:27+00:00
SAO_8700-10,São Paulo,3550308,True,,1877,,,-23.6304685,-46.773606,,,,1,2023-06-20T07:27:23+00:00
SAO_2766-10,São Paulo,3550308,True,EMTU,405,https://moovitapp.com/index/pt-br/transporte_p%C3%BAblico-line-405-Sao_Paulo-242-2038937-36419467-0,5.35,-23.51828025,-46.3879975,,,,1,2023-06-20T07:26:49+00:00
SAO_2766-10,São Paulo,3550308,True,EMTU,405,https://moovitapp.com/index/pt-br/transporte_p%C3%BAblico-line-405-Sao_Paulo-242-2038937-36419467-0,5.35,-23.5205845,-46.390026500000005,,,,1,2023-06-20T07:27:22+00:00
SAO_2766-10,São Paulo,3550308,True,EMTU,405,https://moovitapp.com/index/pt-br/transporte_p%C3%BAblico-line-405-Sao_Paulo-242-2038937-36419467-0,5.35,-23.5205845,-46.390026500000005,,,,1,2023-06-20T07:27:31+00:00
SAO_2766-10,São Paulo,3550308,True,EMTU,405,https://moovitapp.com/index/pt-br/transporte_p%C3%BAblico-line-405-Sao_Paulo-242-2038937-36419467-0,5.35,-23.51828025,-46.3879975,,,,1,2023-06-20T07:27:12+00:00
SAO_2766-10,São Paulo,3550308,True,EMTU,405,https://moovitapp.com/index/pt-br/transporte_p%C3%BAblico-line-405-Sao_Paulo-242-2038937-36419467-0,5.35,-23.5205845,-46.390026500000005,,,,1,2023-06-20T07:24:26+00:00
SAO_N703-11,São Paulo,3550308,True,,35176,,,-23.6901525,-46.774198999999996,,,,2,2023-06-20T07:26:59+00:00
SAO_N502-11,São Paulo,3550308,True,,2376,,,-23.54609,-46.6307405,,,,1,2023-06-20T07:27:14+00:00
SAO_N502-11,São Paulo,3550308,True,,2376,,,-23.6033435,-46.602573,,,,1,2023-06-20T07:27:12+00:00
SAO_4002-10,São Paulo,3550308,True,,34945,,,-23.556259500000003,-46.4651555,,,,2,2023-06-20T07:26:54+00:00
SAO_N704-11,São Paulo,3550308,True,,35177,,,-23.654127000000003,-46.762448000000006,,,,2,2023-06-20T07:27:14+00:00
SAO_971A-10,São Paulo,3550308,True,,658,,,-23.48751875,-46.677612499999995,,,,1,2023-06-20T07:27:01+00:00
SAO_6058-10,São Paulo,3550308,True,,33917,,,-23.769851000000003,-46.676743,,,,2,2023-06-20T07:27:30+00:00
SAO_6058-10,São Paulo,3550308,True,,33917,,,-23.7695835,-46.7148705,,,,2,2023-06-20T07:27:27+00:00
SAO_6058-10,São Paulo,3550308,True,,33917,,,-23.769750000000002,-46.714714,,,,2,2023-06-20T07:27:15+00:00
SAO_6058-10,São Paulo,3550308,True,,33917,,,-23.769851000000003,-46.676743,,,,2,2023-06-20T07:27:22+00:00
SAO_6058-10,São Paulo,3550308,True,,33917,,,-23.769750000000002,-46.714714,,,,2,2023-06-20T07:27:32+00:00
SAO_N203-11,São Paulo,3550308,True,,35081,,,-23.52726475,-46.63061725,,,,2,2023-06-20T07:27:30+00:00
SAO_N103-11,São Paulo,3550308,True,,35052,,,-23.5202965,-46.6999955,,,,2,2023-06-20T07:27:27+00:00
SAO_N103-11,São Paulo,3550308,True,,35052,,,-23.48692225,-46.726247,,,,2,2023-06-20T07:27:12+00:00
SAO_909T-1,São Paulo,3550308,True,,35280,,,-23.565214249999997,-46.7010625,,,,2,2023-06-20T07:27:10+00:00
SAO_909T-1,São Paulo,3550308,True,,35280,,,-23.56555875,-46.7010795,,,,2,2023-06-20T07:26:54+00:00
SAO_5127-10,São Paulo,3550308,True,,33895,,,-23.677825,-46.701614500000005,,,,2,2023-06-20T07:27:31+00:00
SAO_5127-10,São Paulo,3550308,True,,33895,,,-23.677825,-46.701614500000005,,,,2,2023-06-20T07:26:49+00:00
SAO_5127-10,São Paulo,3550308,True,,33895,,,-23.677825,-46.701614500000005,,,,2,2023-06-20T07:26:52+00:00
SAO_5127-10,São Paulo,3550308,True,,33895,,,-23.677825,-46.701614500000005,,,,2,2023-06-20T07:27:04+00:00
SAO_5127-10,São Paulo,3550308,True,,33895,,,-23.677825,-46.701614500000005,,,,2,2023-06-20T07:26:58+00:00
SAO_5127-10,São Paulo,3550308,True,,33895,,,-23.677825,-46.701614500000005,,,,2,2023-06-20T07:27:05+00:00
SAO_5127-10,São Paulo,3550308,True,,33895,,,-23.677825,-46.701614500000005,,,,2,2023-06-20T07:27:28+00:00
SAO_5127-10,São Paulo,3550308,True,,33895,,,-23.677825,-46.701614500000005,,,,2,2023-06-20T07:25:02+00:00
SAO_5127-10,São Paulo,3550308,True,,33895,,,-23.677825,-46.701614500000005,,,,2,2023-06-20T07:25:17+00:00
SAO_5127-10,São Paulo,3550308,True,,33895,,,-23.677825,-46.701614500000005,,,,2,2023-06-20T07:25:54+00:00
SAO_5127-10,São Paulo,3550308,True,,33895,,,-23.677825,-46.701614500000005,,,,2,2023-06-20T07:25:47+00:00
SAO_5127-10,São Paulo,3550308,True,,33895,,,-23.677825,-46.701614500000005,,,,2,2023-06-20T07:26:57+00:00
SAO_5127-10,São Paulo,3550308,True,,33895,,,-23.677825,-46.701614500000005,,,,2,2023-06-20T07:26:50+00:00
SAO_5127-10,São Paulo,3550308,True,,33895,,,-23.677825,-46.701614500000005,,,,2,2023-06-20T07:26:20+00:00
SAO_5127-10,São Paulo,3550308,True,,33895,,,-23.677825,-46.701614500000005,,,,2,2023-06-20T07:27:03+00:00
SAO_5127-10,São Paulo,3550308,True,,33895,,,-23.677825,-46.701614500000005,,,,2,2023-06-20T07:26:38+00:00
SAO_5127-10,São Paulo,3550308,True,,33895,,,-23.677825,-46.701614500000005,,,,2,2023-06-20T07:26:50+00:00
SAO_9784-10,São Paulo,3550308,True,EMTU,827,https://moovitapp.com/index/pt-br/transporte_p%C3%BAblico-line-827-Sao_Paulo-242-2038937-36419596-0,12.1,-23.4503535,-46.683854999999994,,,,1,2023-06-20T07:27:03+00:00
SAO_N603-11,São Paulo,3550308,True,,2394,,,-23.628849,-46.684934,,,,1,2023-06-20T07:27:32+00:00
SAO_6063-41,São Paulo,3550308,True,,34541,,,-23.787596999999998,-46.679432,,,,2,2023-06-20T07:26:53+00:00
SAO_6063-41,São Paulo,3550308,True,,34541,,,-23.787596999999998,-46.679432,,,,2,2023-06-20T07:26:52+00:00
SAO_7059-10,São Paulo,3550308,True,,1924,,,-23.658379,-46.782346000000004,,,,1,2023-06-20T07:26:50+00:00
SAO_7059-10,São Paulo,3550308,True,,1924,,,-23.6316405,-46.772316,,,,1,2023-06-20T07:27:06+00:00
SAO_7059-10,São Paulo,3550308,True,,1924,,,-23.653269,-46.7776185,,,,1,2023-06-20T07:27:07+00:00
SAO_971V-10,São Paulo,3550308,True,,33387,,,-23.494426500000003,-46.661634750000005,,,,2,2023-06-20T07:27:31+00:00
SAO_971V-10,São Paulo,3550308,True,,33387,,,-23.4655835,-46.6794295,,,,2,2023-06-20T07:27:26+00:00
SAO_6816-31,São Paulo,3550308,True,,1748,,,-23.65279,-46.778128499999994,,,,1,2023-06-20T07:26:50+00:00
SAO_6816-31,São Paulo,3550308,True,,1748,,,-23.652935499999998,-46.776088,,,,1,2023-06-20T07:26:58+00:00
SAO_7052-10,São Paulo,3550308,True,,1886,,,-23.6529745,-46.773157999999995,,,,1,2023-06-20T07:27:05+00:00
SAO_7052-10,São Paulo,3550308,True,,1886,,,-23.6529745,-46.773157999999995,,,,1,2023-06-20T07:27:07+00:00
SAO_1178-33,São Paulo,3550308,True,,34778,,,-23.5041765,-46.433013,,,,2,2023-06-20T07:27:18+00:00
SAO_352A-10,São Paulo,3550308,True,,32932,,,-23.478664375,-46.421882625,,,,2,2023-06-20T07:25:23+00:00
SAO_9011-10,São Paulo,3550308,True,,878,,,-23.45467,-46.738116000000005,,,,1,2023-06-20T07:26:21+00:00
SAO_9011-10,São Paulo,3550308,True,,878,,,-23.45467,-46.738116000000005,,,,1,2023-06-20T07:26:56+00:00
SAO_9011-10,São Paulo,3550308,True,,878,,,-23.45467,-46.738116000000005,,,,1,2023-06-20T07:27:14+00:00
SAO_9011-10,São Paulo,3550308,True,,878,,,-23.45467,-46.738116000000005,,,,1,2023-06-20T07:18:16+00:00
SAO_9011-10,São Paulo,3550308,True,,878,,,-23.45467,-46.738116000000005,,,,1,2023-06-20T07:27:05+00:00
SAO_9011-10,São Paulo,3550308,True,,878,,,-23.45467,-46.738116000000005,,,,1,2023-06-20T07:27:18+00:00
SAO_9011-10,São Paulo,3550308,True,,878,,,-23.45467,-46.738116000000005,,,,1,2023-06-20T07:26:48+00:00
SAO_9011-10,São Paulo,3550308,True,,878,,,-23.45467,-46.738116000000005,,,,1,2023-06-20T07:27:19+00:00
SAO_9011-10,São Paulo,3550308,True,,878,,,-23.45467,-46.738116000000005,,,,1,2023-06-20T07:26:53+00:00
SAO_9011-10,São Paulo,3550308,True,,878,,,-23.45467,-46.738116000000005,,,,1,2023-06-20T07:22:40+00:00
SAO_9011-10,São Paulo,3550308,True,,878,,,-23.45467,-46.738116000000005,,,,1,2023-06-20T07:27:31+00:00
SAO_N504-11,São Paulo,3550308,True,,2378,,,-23.5461345,-46.630341,,,,1,2023-06-20T07:27:15+00:00
SAO_N504-11,São Paulo,3550308,True,,2378,,,-23.584640999999998,-46.5839455,,,,1,2023-06-20T07:27:27+00:00
SAO_6084-10,São Paulo,3550308,True,,33937,,,-23.7812805,-46.67209375,,,,2,2023-06-20T07:27:12+00:00
SAO_6084-10,São Paulo,3550308,True,,33937,,,-23.7812805,-46.67209375,,,,2,2023-06-20T07:26:58+00:00
SAO_6084-10,São Paulo,3550308,True,,33937,,,-23.7812805,-46.67209375,,,,2,2023-06-20T07:27:14+00:00
SAO_6084-10,São Paulo,3550308,True,,33937,,,-23.7812805,-46.67209375,,,,2,2023-06-20T07:27:32+00:00
SAO_6084-10,São Paulo,3550308,True,,33937,,,-23.7812805,-46.67209375,,,,2,2023-06-20T07:26:56+00:00
SAO_6084-10,São Paulo,3550308,True,,33937,,,-23.7812805,-46.67209375,,,,2,2023-06-20T07:27:19+00:00
SAO_6084-10,São Paulo,3550308,True,,33937,,,-23.7812805,-46.67209375,,,,2,2023-06-20T07:27:18+00:00
SAO_6084-10,São Paulo,3550308,True,,33937,,,-23.769396,-46.7150415,,,,2,2023-06-20T07:26:53+00:00
SAO_4021-10,São Paulo,3550308,True,,35316,,,-23.542792499999997,-46.470580999999996,,,,2,2023-06-20T07:26:49+00:00
SAO_4021-10,São Paulo,3550308,True,,35316,,,-23.542792499999997,-46.470580999999996,,,,2,2023-06-20T07:26:53+00:00
SAO_4021-10,São Paulo,3550308,True,,35316,,,-23.542792499999997,-46.470580999999996,,,,2,2023-06-20T07:26:51+00:00
SAO_4021-10,São Paulo,3550308,True,,35316,,,-23.542792499999997,-46.470580999999996,,,,2,2023-06-20T07:27:16+00:00
SAO_4021-10,São Paulo,3550308,True,,35316,,,-23.542792499999997,-46.470580999999996,,,,2,2023-06-20T07:26:59+00:00
SAO_4021-10,São Paulo,3550308,True,,35316,,,-23.542792499999997,-46.470580999999996,,,,2,2023-06-20T07:27:31+00:00
SAO_748R-10,São Paulo,3550308,True,EMTU,501,https://moovitapp.com/index/pt-br/transporte_p%C3%BAblico-line-501-Sao_Paulo-242-2038937-36419526-0,7.55,-23.550092562499998,-46.7390546875,,,,1,2023-06-20T07:27:13+00:00
SAO_748R-10,São Paulo,3550308,True,EMTU,501,https://moovitapp.com/index/pt-br/transporte_p%C3%BAblico-line-501-Sao_Paulo-242-2038937-36419526-0,7.55,-23.550092562499998,-46.7390546875,,,,1,2023-06-20T07:27:16+00:00
SAO_6015-10,São Paulo,3550308,True,,1205,,,-23.718400000000003,-46.784493499999996,,,,1,2023-06-20T07:26:56+00:00
SAO_6015-10,São Paulo,3550308,True,,1205,,,-23.71889675,-46.78474375,,,,1,2023-06-20T07:27:29+00:00
SAO_6015-10,São Paulo,3550308,True,,1205,,,-23.6894615,-46.77340325,,,,1,2023-06-20T07:27:15+00:00
SAO_6015-10,São Paulo,3550308,True,,1205,,,-23.736770749999998,-46.79505825,,,,1,2023-06-20T07:27:02+00:00
SAO_3728-10,São Paulo,3550308,True,,1025,,,-23.573595,-46.490476,,,,1,2023-06-20T07:26:49+00:00
SAO_3728-10,São Paulo,3550308,True,,1025,,,-23.573595,-46.490476,,,,1,2023-06-20T07:27:21+00:00
SAO_3728-10,São Paulo,3550308,True,,1025,,,-23.5509675,-46.489425999999995,,,,1,2023-06-20T07:27:21+00:00
SAO_N302-11,São Paulo,3550308,True,,2336,,,-23.541596249999998,-46.632160999999996,,,,1,2023-06-20T07:27:27+00:00
SAO_N302-11,São Paulo,3550308,True,,2336,,,-23.518318999999998,-46.4758545,,,,1,2023-06-20T07:27:15+00:00
SAO_N302-11,São Paulo,3550308,True,,2336,,,-23.4873145,-46.4784585,,,,1,2023-06-20T07:27:12+00:00
SAO_5110-10,São Paulo,3550308,True,,34977,,,-23.547036,-46.628932,,,,2,2023-06-20T07:27:14+00:00
SAO_5110-10,São Paulo,3550308,True,,34977,,,-23.6022835,-46.523101499999996,,,,2,2023-06-20T07:27:22+00:00
SAO_5110-10,São Paulo,3550308,True,,34977,,,-23.547036,-46.628932,,,,2,2023-06-20T07:27:12+00:00
SAO_5110-10,São Paulo,3550308,True,,34977,,,-23.547036,-46.628932,,,,2,2023-06-20T07:26:50+00:00
SAO_857R-10,São Paulo,3550308,True,,34660,,,-23.631218,-46.773197499999995,,,,2,2023-06-20T07:26:58+00:00
SAO_857R-10,São Paulo,3550308,True,,34660,,,-23.631508,-46.7726,,,,2,2023-06-20T07:27:23+00:00
SAO_857R-10,São Paulo,3550308,True,,34660,,,-23.631026499999997,-46.773642,,,,2,2023-06-20T07:27:30+00:00
SAO_7017-10,São Paulo,3550308,True,,2502,,,-23.693067,-46.7912135,,,,1,2023-06-20T07:27:11+00:00
SAO_7017-10,São Paulo,3550308,True,,2502,,,-23.6931665,-46.791157,,,,1,2023-06-20T07:27:23+00:00
SAO_7017-10,São Paulo,3550308,True,,2502,,,-23.6931665,-46.791157,,,,1,2023-06-20T07:26:49+00:00
SAO_N503-11,São Paulo,3550308,True,,35145,,,-23.5782935,-46.54525625,,,,2,2023-06-20T07:26:47+00:00
SAO_N836-11,São Paulo,3550308,True,,2435,,,-23.5737855625,-46.72626431249999,,,,1,2023-06-20T07:27:19+00:00
SAO_3766-10,São Paulo,3550308,True,,1055,,,-23.553675499999997,-46.427672,,,,1,2023-06-20T07:27:02+00:00
SAO_3766-10,São Paulo,3550308,True,,1055,,,-23.553675499999997,-46.427672,,,,1,2023-06-20T07:27:27+00:00
SAO_3766-10,São Paulo,3550308,True,,1055,,,-23.553675499999997,-46.427672,,,,1,2023-06-20T07:27:24+00:00
SAO_3766-10,São Paulo,3550308,True,,1055,,,-23.553675499999997,-46.427672,,,,1,2023-06-20T07:27:13+00:00
SAO_3766-10,São Paulo,3550308,True,,1055,,,-23.553675499999997,-46.427672,,,,1,2023-06-20T07:27:22+00:00
SAO_6052-10,São Paulo,3550308,True,,33912,,,-23.775509999999997,-46.691679,,,,2,2023-06-20T07:26:57+00:00
SAO_6052-10,São Paulo,3550308,True,,33912,,,-23.775509999999997,-46.691679,,,,2,2023-06-20T07:27:24+00:00
SAO_6052-10,São Paulo,3550308,True,,33912,,,-23.775509999999997,-46.691679,,,,2,2023-06-20T07:26:50+00:00
SAO_6052-10,São Paulo,3550308,True,,33912,,,-23.775509999999997,-46.691679,,,,2,2023-06-20T07:27:19+00:00
SAO_6052-10,São Paulo,3550308,True,,33912,,,-23.775509999999997,-46.691679,,,,2,2023-06-20T07:26:56+00:00
SAO_6052-10,São Paulo,3550308,True,,33912,,,-23.775509999999997,-46.691679,,,,2,2023-06-20T07:26:56+00:00
SAO_8528-10,São Paulo,3550308,True,,33343,,,-23.507077375,-46.689163875000006,,,,2,2023-06-20T07:27:03+00:00
SAO_8319-21,São Paulo,3550308,True,,34475,,,-23.545756,-46.761807000000005,,,,2,2023-06-20T07:26:41+00:00
SAO_5300-10,São Paulo,3550308,True,,33122,,,-23.547731,-46.6300275,,,,2,2023-06-20T07:27:30+00:00
SAO_5300-10,São Paulo,3550308,True,,33122,,,-23.547731,-46.6300275,,,,2,2023-06-20T07:27:30+00:00
SAO_5300-10,São Paulo,3550308,True,,33122,,,-23.547731,-46.6300275,,,,2,2023-06-20T07:26:58+00:00
SAO_5300-10,São Paulo,3550308,True,,33122,,,-23.547731,-46.6300275,,,,2,2023-06-20T07:27:08+00:00
SAO_5300-10,São Paulo,3550308,True,,33122,,,-23.547731,-46.6300275,,,,2,2023-06-20T07:26:58+00:00
SAO_5300-10,São Paulo,3550308,True,,33122,,,-23.547731,-46.6300275,,,,2,2023-06-20T07:26:57+00:00
SAO_6000-10,São Paulo,3550308,True,,1140,,,-23.762157000000002,-46.71555,,,,1,2023-06-20T07:27:15+00:00
SAO_6000-10,São Paulo,3550308,True,,1140,,,-23.7063025625,-46.713316625000004,,,,1,2023-06-20T07:27:21+00:00
SAO_6000-10,São Paulo,3550308,True,,1140,,,-23.82665775,-46.732121,,,,1,2023-06-20T07:27:12+00:00
SAO_874T-10,São Paulo,3550308,True,,33075,,,-23.5320745,-46.659060499999995,,,,2,2023-06-20T07:27:21+00:00
SAO_3756-10,São Paulo,3550308,True,,1050,,,-23.591324,-46.389072,,,,1,2023-06-20T07:27:27+00:00
SAO_2004-10,São Paulo,3550308,True,,892,,,-23.534838,-46.400812,,,,1,2023-06-20T04:29:54+00:00
SAO_2004-10,São Paulo,3550308,True,,892,,,-23.519267,-46.386627250000004,,,,1,2023-06-20T07:27:24+00:00
SAO_2004-10,São Paulo,3550308,True,,892,,,-23.5271605,-46.3916225,,,,1,2023-06-20T07:26:37+00:00
SAO_5103-10,São Paulo,3550308,True,,1646,,,-23.6032445,-46.602611499999995,,,,1,2023-06-20T07:27:23+00:00
SAO_5103-10,São Paulo,3550308,True,,1646,,,-23.6032445,-46.602611499999995,,,,1,2023-06-20T07:26:59+00:00
SAO_2014-10,São Paulo,3550308,True,Urubupungá,900,https://moovitapp.com/index/pt-br/transporte_p%C3%BAblico-line-900-Sao_Paulo-242-873835-496470-0,4.6,-23.457081000000002,-46.669748,,,,1,2023-06-20T07:26:55+00:00
SAO_2014-10,São Paulo,3550308,True,Urubupungá,900,https://moovitapp.com/index/pt-br/transporte_p%C3%BAblico-line-900-Sao_Paulo-242-873835-496470-0,4.6,-23.457081000000002,-46.669748,,,,1,2023-06-20T07:26:54+00:00
SAO_2014-10,São Paulo,3550308,True,Urubupungá,900,https://moovitapp.com/index/pt-br/transporte_p%C3%BAblico-line-900-Sao_Paulo-242-873835-496470-0,4.6,-23.457081000000002,-46.669748,,,,1,2023-06-20T07:26:54+00:00
SAO_2014-10,São Paulo,3550308,True,Urubupungá,900,https://moovitapp.com/index/pt-br/transporte_p%C3%BAblico-line-900-Sao_Paulo-242-873835-496470-0,4.6,-23.457081000000002,-46.669748,,,,1,2023-06-20T07:27:01+00:00
SAO_2014-10,São Paulo,3550308,True,Urubupungá,900,https://moovitapp.com/index/pt-br/transporte_p%C3%BAblico-line-900-Sao_Paulo-242-873835-496470-0,4.6,-23.457081000000002,-46.669748,,,,1,2023-06-20T07:27:32+00:00
SAO_2014-10,São Paulo,3550308,True,Urubupungá,900,https://moovitapp.com/index/pt-br/transporte_p%C3%BAblico-line-900-Sao_Paulo-242-873835-496470-0,4.6,-23.457081000000002,-46.669748,,,,1,2023-06-20T07:27:26+00:00
SAO_2014-10,São Paulo,3550308,True,Urubupungá,900,https://moovitapp.com/index/pt-br/transporte_p%C3%BAblico-line-900-Sao_Paulo-242-873835-496470-0,4.6,-23.457081000000002,-46.669748,,,,1,2023-06-20T07:27:06+00:00
SAO_2014-10,São Paulo,3550308,True,Urubupungá,900,https://moovitapp.com/index/pt-br/transporte_p%C3%BAblico-line-900-Sao_Paulo-242-873835-496470-0,4.6,-23.457081000000002,-46.669748,,,,1,2023-06-20T07:27:10+00:00
SAO_2014-10,São Paulo,3550308,True,Urubupungá,900,https://moovitapp.com/index/pt-br/transporte_p%C3%BAblico-line-900-Sao_Paulo-242-873835-496470-0,4.6,-23.457081000000002,-46.669748,,,,1,2023-06-20T07:26:50+00:00
SAO_2014-10,São Paulo,3550308,True,Urubupungá,900,https://moovitapp.com/index/pt-br/transporte_p%C3%BAblico-line-900-Sao_Paulo-242-873835-496470-0,4.6,-23.457081000000002,-46.669748,,,,1,2023-06-20T07:27:11+00:00
SAO_2014-10,São Paulo,3550308,True,Urubupungá,900,https://moovitapp.com/index/pt-br/transporte_p%C3%BAblico-line-900-Sao_Paulo-242-873835-496470-0,4.6,-23.457081000000002,-46.669748,,,,1,2023-06-20T07:27:18+00:00
SAO_2014-10,São Paulo,3550308,True,Urubupungá,900,https://moovitapp.com/index/pt-br/transporte_p%C3%BAblico-line-900-Sao_Paulo-242-873835-496470-0,4.6,-23.457081000000002,-46.669748,,,,1,2023-06-20T07:27:27+00:00
SAO_2014-10,São Paulo,3550308,True,Urubupungá,900,https://moovitapp.com/index/pt-br/transporte_p%C3%BAblico-line-900-Sao_Paulo-242-873835-496470-0,4.6,-23.457081000000002,-46.669748,,,,1,2023-06-20T07:26:52+00:00
SAO_2014-10,São Paulo,3550308,True,Urubupungá,900,https://moovitapp.com/index/pt-br/transporte_p%C3%BAblico-line-900-Sao_Paulo-242-873835-496470-0,4.6,-23.457081000000002,-46.669748,,,,1,2023-06-20T07:26:59+00:00
SAO_2014-10,São Paulo,3550308,True,Urubupungá,900,https://moovitapp.com/index/pt-br/transporte_p%C3%BAblico-line-900-Sao_Paulo-242-873835-496470-0,4.6,-23.457081000000002,-46.669748,,,,1,2023-06-20T07:27:15+00:00
SAO_2014-10,São Paulo,3550308,True,Urubupungá,900,https://moovitapp.com/index/pt-br/transporte_p%C3%BAblico-line-900-Sao_Paulo-242-873835-496470-0,4.6,-23.457081000000002,-46.669748,,,,1,2023-06-20T07:26:25+00:00
SAO_2014-10,São Paulo,3550308,True,Urubupungá,900,https://moovitapp.com/index/pt-br/transporte_p%C3%BAblico-line-900-Sao_Paulo-242-873835-496470-0,4.6,-23.457081000000002,-46.669748,,,,1,2023-06-20T07:26:55+00:00
SAO_2014-10,São Paulo,3550308,True,Urubupungá,900,https://moovitapp.com/index/pt-br/transporte_p%C3%BAblico-line-900-Sao_Paulo-242-873835-496470-0,4.6,-23.457081000000002,-46.669748,,,,1,2023-06-20T07:26:59+00:00
SAO_2014-10,São Paulo,3550308,True,Urubupungá,900,https://moovitapp.com/index/pt-br/transporte_p%C3%BAblico-line-900-Sao_Paulo-242-873835-496470-0,4.6,-23.457081000000002,-46.669748,,,,1,2023-06-20T07:27:11+00:00
SAO_N134-11,São Paulo,3550308,True,,35058,,,-23.441021499999998,-46.7081045,,,,2,2023-06-20T07:27:10+00:00
SAO_9008-10,São Paulo,3550308,True,,875,,,-23.474057000000002,-46.670131,,,,1,2023-06-20T07:27:09+00:00
SAO_N336-11,São Paulo,3550308,True,,35116,,,-23.491775,-46.434236999999996,,,,2,2023-06-20T07:27:18+00:00
SAO_7049-10,São Paulo,3550308,True,,1912,,,-23.7116535,-46.777972,,,,1,2023-06-20T07:27:11+00:00
SAO_7049-10,São Paulo,3550308,True,,1912,,,-23.71189,-46.777949500000005,,,,1,2023-06-20T07:27:08+00:00
SAO_7049-10,São Paulo,3550308,True,,1912,,,-23.7116535,-46.777972,,,,1,2023-06-20T07:27:33+00:00
SAO_7049-10,São Paulo,3550308,True,,1912,,,-23.7116535,-46.777972,,,,1,2023-06-20T07:26:53+00:00
SAO_7049-10,São Paulo,3550308,True,,1912,,,-23.7116535,-46.777972,,,,1,2023-06-20T07:27:33+00:00
SAO_7049-10,São Paulo,3550308,True,,1912,,,-23.7116535,-46.777972,,,,1,2023-06-20T07:27:31+00:00
SAO_7049-10,São Paulo,3550308,True,,1912,,,-23.7116535,-46.777972,,,,1,2023-06-20T07:27:32+00:00
SAO_307C-10,São Paulo,3550308,True,,2114,,,-23.51828025,-46.3879975,,,,1,2023-06-20T07:27:20+00:00
SAO_307C-10,São Paulo,3550308,True,,2114,,,-23.517810500000003,-46.385742,,,,1,2023-06-20T07:26:50+00:00
SAO_307C-10,São Paulo,3550308,True,,2114,,,-23.518107999999998,-46.386143000000004,,,,1,2023-06-20T07:27:21+00:00
SAO_307C-10,São Paulo,3550308,True,,2114,,,-23.503588,-46.380306000000004,,,,1,2023-06-20T07:27:22+00:00
SAO_307C-10,São Paulo,3550308,True,,2114,,,-23.517810500000003,-46.385742,,,,1,2023-06-20T07:27:25+00:00
SAO_273D-10,São Paulo,3550308,True,,32990,,,-23.494612,-46.4263205,,,,2,2023-06-20T07:27:29+00:00
SAO_677A-10,São Paulo,3550308,True,,34007,,,-23.59030275,-46.68859425,,,,2,2023-06-20T07:26:50+00:00
SAO_7550-10,São Paulo,3550308,True,,34861,,,-23.654646999999997,-46.714907499999995,,,,2,2023-06-20T07:26:55+00:00
SAO_607M-10,São Paulo,3550308,True,,34804,,,-23.7364975,-46.69661000000001,,,,2,2023-06-20T07:27:19+00:00
SAO_6038-10,São Paulo,3550308,True,,1216,,,-23.6578735,-46.7897725,,,,1,2023-06-20T07:27:13+00:00
SAO_6038-10,São Paulo,3550308,True,,1216,,,-23.66147575,-46.790868625,,,,1,2023-06-20T07:26:59+00:00
SAO_6038-10,São Paulo,3550308,True,,1216,,,-23.665846000000002,-46.788559,,,,1,2023-06-20T07:27:25+00:00
SAO_6038-10,São Paulo,3550308,True,,1216,,,-23.66189,-46.790254000000004,,,,1,2023-06-20T07:27:16+00:00
SAO_6038-10,São Paulo,3550308,True,,1216,,,-23.665846000000002,-46.788559,,,,1,2023-06-20T07:27:14+00:00
SAO_6028-10,São Paulo,3550308,True,,33979,,,-23.702019,-46.7446975,,,,2,2023-06-20T07:27:25+00:00
SAO_6028-10,São Paulo,3550308,True,,33979,,,-23.701885,-46.7448945,,,,2,2023-06-20T07:27:18+00:00
SAO_6028-10,São Paulo,3550308,True,,33979,,,-23.702151,-46.7444065,,,,2,2023-06-20T07:27:26+00:00
SAO_6028-10,São Paulo,3550308,True,,33979,,,-23.702151,-46.7444065,,,,2,2023-06-20T07:27:03+00:00
SAO_6028-10,São Paulo,3550308,True,,33979,,,-23.702326,-46.744178000000005,,,,2,2023-06-20T07:27:20+00:00
SAO_6028-10,São Paulo,3550308,True,,33979,,,-23.701967500000002,-46.744757500000006,,,,2,2023-06-20T07:27:31+00:00
SAO_6028-10,São Paulo,3550308,True,,33979,,,-23.70207,-46.744642,,,,2,2023-06-20T07:26:53+00:00
SAO_2008-10,São Paulo,3550308,True,,897,,,-23.513673375,-46.39163925,,,,1,2023-06-20T07:27:27+00:00
SAO_2008-10,São Paulo,3550308,True,,897,,,-23.5142615,-46.390609,,,,1,2023-06-20T07:26:53+00:00
SAO_2008-10,São Paulo,3550308,True,,897,,,-23.521084000000002,-46.3870275,,,,1,2023-06-20T07:27:20+00:00
SAO_7057-10,São Paulo,3550308,True,,34665,,,-23.64922775,-46.78505225,,,,2,2023-06-20T07:27:24+00:00
SAO_7057-10,São Paulo,3550308,True,,34665,,,-23.64904925,-46.78534475,,,,2,2023-06-20T07:27:11+00:00
SAO_6200-10,São Paulo,3550308,True,,33123,,,-23.654646999999997,-46.714907499999995,,,,2,2023-06-20T07:26:52+00:00
SAO_6200-10,São Paulo,3550308,True,,33123,,,-23.654528,-46.7141635,,,,2,2023-06-20T07:27:24+00:00
SAO_N505-11,São Paulo,3550308,True,,2379,,,-23.56555875,-46.7010795,,,,1,2023-06-20T07:27:18+00:00
SAO_N505-11,São Paulo,3550308,True,,2379,,,-23.5826205,-46.683752,,,,1,2023-06-20T07:27:24+00:00
SAO_N204-11,São Paulo,3550308,True,,35082,,,-23.537992250000002,-46.6162005,,,,2,2023-06-20T07:27:07+00:00
SAO_407E-10,São Paulo,3550308,True,,34983,,,-23.61471125,-46.470661750000005,,,,2,2023-06-20T07:27:29+00:00
SAO_N831-11,São Paulo,3550308,True,,35198,,,-23.5205245,-46.7007655,,,,2,2023-06-20T07:27:27+00:00
SAO_978J-10,São Paulo,3550308,True,,33359,,,-23.47603,-46.723496499999996,,,,2,2023-06-20T07:27:30+00:00
SAO_N507-11,São Paulo,3550308,True,,35149,,,-23.562914874999997,-46.576221625,,,,2,2023-06-20T07:27:04+00:00
SAO_N507-11,São Paulo,3550308,True,,35149,,,-23.502784499999997,-46.6242225,,,,2,2023-06-20T07:26:55+00:00
SAO_2079-10,São Paulo,3550308,True,,370,,,-23.51630325,-46.386194,,,,1,2023-06-20T07:27:17+00:00
SAO_2079-10,São Paulo,3550308,True,,370,,,-23.51630325,-46.386194,,,,1,2023-06-20T07:27:31+00:00
SAO_3773-10,São Paulo,3550308,True,,1059,,,-23.6106315,-46.46461,,,,1,2023-06-20T07:27:21+00:00
SAO_N402-11,São Paulo,3550308,True,,2358,,,-23.5580635,-46.522337500000006,,,,1,2023-06-20T07:27:33+00:00
SAO_N402-11,São Paulo,3550308,True,,2358,,,-23.542766999999998,-46.470827,,,,1,2023-06-20T07:27:14+00:00
SAO_6000-10,São Paulo,3550308,True,,33908,,,-23.77306925,-46.720437,,,,2,2023-06-20T07:24:53+00:00
SAO_6000-10,São Paulo,3550308,True,,33908,,,-23.667179499999996,-46.712049,,,,2,2023-06-20T07:27:14+00:00
SAO_7004-10,São Paulo,3550308,True,,1992,,,-23.7312905,-46.7859135,,,,1,2023-06-20T07:26:34+00:00
SAO_7004-10,São Paulo,3550308,True,,1992,,,-23.7320815,-46.786311,,,,1,2023-06-20T07:27:28+00:00
SAO_7004-10,São Paulo,3550308,True,,1992,,,-23.7317975,-46.7861475,,,,1,2023-06-20T07:27:05+00:00
SAO_7004-10,São Paulo,3550308,True,,1992,,,-23.7309495,-46.785837,,,,1,2023-06-20T07:26:51+00:00
SAO_6072-23,São Paulo,3550308,True,,2004,,,-23.767591,-46.7163045,,,,1,2023-06-20T07:27:05+00:00
SAO_6072-23,São Paulo,3550308,True,,2004,,,-23.767591,-46.7163045,,,,1,2023-06-20T07:27:00+00:00
SAO_6072-23,São Paulo,3550308,True,,2004,,,-23.767591,-46.7163045,,,,1,2023-06-20T07:27:24+00:00
SAO_6072-23,São Paulo,3550308,True,,2004,,,-23.767591,-46.7163045,,,,1,2023-06-20T07:27:19+00:00
SAO_6072-23,São Paulo,3550308,True,,2004,,,-23.767591,-46.7163045,,,,1,2023-06-20T07:27:04+00:00
SAO_6072-23,São Paulo,3550308,True,,2004,,,-23.767591,-46.7163045,,,,1,2023-06-20T07:27:21+00:00
SAO_6021-10,São Paulo,3550308,True,EMTU,177,https://moovitapp.com/index/pt-br/transporte_p%C3%BAblico-line-177-Sao_Paulo-242-2038937-36419313-0,5.2,-23.7668205,-46.716344500000005,,,,1,2023-06-20T07:27:03+00:00
SAO_6021-10,São Paulo,3550308,True,EMTU,177,https://moovitapp.com/index/pt-br/transporte_p%C3%BAblico-line-177-Sao_Paulo-242-2038937-36419313-0,5.2,-23.7668205,-46.716344500000005,,,,1,2023-06-20T07:27:31+00:00
SAO_6021-10,São Paulo,3550308,True,EMTU,177,https://moovitapp.com/index/pt-br/transporte_p%C3%BAblico-line-177-Sao_Paulo-242-2038937-36419313-0,5.2,-23.7668205,-46.716344500000005,,,,1,2023-06-20T07:26:58+00:00
SAO_6021-10,São Paulo,3550308,True,EMTU,177,https://moovitapp.com/index/pt-br/transporte_p%C3%BAblico-line-177-Sao_Paulo-242-2038937-36419313-0,5.2,-23.7668205,-46.716344500000005,,,,1,2023-06-20T07:27:26+00:00
SAO_6021-10,São Paulo,3550308,True,EMTU,177,https://moovitapp.com/index/pt-br/transporte_p%C3%BAblico-line-177-Sao_Paulo-242-2038937-36419313-0,5.2,-23.7668205,-46.716344500000005,,,,1,2023-06-20T07:27:10+00:00
SAO_6021-10,São Paulo,3550308,True,EMTU,177,https://moovitapp.com/index/pt-br/transporte_p%C3%BAblico-line-177-Sao_Paulo-242-2038937-36419313-0,5.2,-23.7668205,-46.716344500000005,,,,1,2023-06-20T07:27:17+00:00
SAO_2582-10,São Paulo,3550308,True,,33142,,,-23.494694,-46.469748,,,,2,2023-06-20T07:27:23+00:00
SAO_675M-10,São Paulo,3550308,True,,32876,,,-23.6416405,-46.655144,,,,2,2023-06-20T07:27:17+00:00
SAO_675M-10,São Paulo,3550308,True,,32876,,,-23.64675425,-46.645568,,,,2,2023-06-20T07:27:15+00:00
SAO_7545-10,São Paulo,3550308,True,,504,,,-23.547548,-46.647615,,,,1,2023-06-20T07:26:52+00:00
SAO_2702-10,São Paulo,3550308,True,,914,,,-23.495477,-46.4449435,,,,1,2023-06-20T07:27:12+00:00
SAO_2702-10,São Paulo,3550308,True,,914,,,-23.495477,-46.4449435,,,,1,2023-06-20T07:27:09+00:00
SAO_2435-10,São Paulo,3550308,True,,32978,,,-23.528665500000002,-46.554443500000005,,,,2,2023-06-20T07:26:52+00:00
SAO_2363-10,São Paulo,3550308,True,,32903,,,-23.539987,-46.61139225,,,,2,2023-06-20T07:27:19+00:00
SAO_6200-10,São Paulo,3550308,True,,355,,,-23.654486499999997,-46.7150675,,,,1,2023-06-20T07:27:14+00:00
SAO_6200-10,São Paulo,3550308,True,,355,,,-23.654486499999997,-46.7150675,,,,1,2023-06-20T07:27:15+00:00
SAO_6200-10,São Paulo,3550308,True,,355,,,-23.654486499999997,-46.7150675,,,,1,2023-06-20T07:27:31+00:00
SAO_6200-10,São Paulo,3550308,True,,355,,,-23.654486499999997,-46.7150675,,,,1,2023-06-20T07:27:27+00:00
SAO_6200-10,São Paulo,3550308,True,,355,,,-23.654486499999997,-46.7150675,,,,1,2023-06-20T07:26:58+00:00
SAO_7052-10,São Paulo,3550308,True,,34654,,,-23.6525575,-46.773193,,,,2,2023-06-20T07:27:28+00:00
SAO_7052-10,São Paulo,3550308,True,,34654,,,-23.652754,-46.773064500000004,,,,2,2023-06-20T07:27:00+00:00
SAO_7052-10,São Paulo,3550308,True,,34654,,,-23.6525575,-46.773193,,,,2,2023-06-20T07:26:54+00:00
SAO_8622-10,São Paulo,3550308,True,EMTU,438,https://moovitapp.com/index/pt-br/transporte_p%C3%BAblico-line-438-Sao_Paulo-242-2038937-36419488-0,7.65,-23.448002000000002,-46.787583,,,,1,2023-06-20T07:27:21+00:00
SAO_8622-10,São Paulo,3550308,True,EMTU,438,https://moovitapp.com/index/pt-br/transporte_p%C3%BAblico-line-438-Sao_Paulo-242-2038937-36419488-0,7.65,-23.50365125,-46.753935999999996,,,,1,2023-06-20T07:27:09+00:00
SAO_6041-10,São Paulo,3550308,True,,33986,,,-23.6901555,-46.7807875,,,,2,2023-06-20T07:27:05+00:00
SAO_6041-10,São Paulo,3550308,True,,33986,,,-23.6899145,-46.7808755,,,,2,2023-06-20T07:27:08+00:00
SAO_6041-10,São Paulo,3550308,True,,33986,,,-23.690214,-46.7807575,,,,2,2023-06-20T07:27:22+00:00
SAO_6041-10,São Paulo,3550308,True,,33986,,,-23.689674500000002,-46.78096725,,,,2,2023-06-20T07:27:27+00:00
SAO_6041-10,São Paulo,3550308,True,,33986,,,-23.689674500000002,-46.78096725,,,,2,2023-06-20T07:27:07+00:00
SAO_6041-10,São Paulo,3550308,True,,33986,,,-23.6901555,-46.7807875,,,,2,2023-06-20T07:27:26+00:00
SAO_6041-10,São Paulo,3550308,True,,33986,,,-23.6899145,-46.7808755,,,,2,2023-06-20T07:27:00+00:00
SAO_6041-10,São Paulo,3550308,True,,33986,,,-23.6899145,-46.7808755,,,,2,2023-06-20T07:27:16+00:00
SAO_807A-10,São Paulo,3550308,True,,1900,,,-23.647202999999998,-46.747170999999994,,,,1,2023-06-20T07:27:25+00:00
SAO_807A-10,São Paulo,3550308,True,,1900,,,-23.6455275,-46.746255500000004,,,,1,2023-06-20T07:27:05+00:00
SAO_3731-10,São Paulo,3550308,True,,1028,,,-23.539874,-46.516463,,,,1,2023-06-20T07:26:43+00:00
SAO_3731-10,São Paulo,3550308,True,,1028,,,-23.539611999999998,-46.516724999999994,,,,1,2023-06-20T07:27:06+00:00
SAO_3731-10,São Paulo,3550308,True,,1028,,,-23.539874,-46.516463,,,,1,2023-06-20T07:27:18+00:00
SAO_3731-10,São Paulo,3550308,True,,1028,,,-23.539874,-46.516463,,,,1,2023-06-20T07:26:59+00:00
SAO_3731-10,São Paulo,3550308,True,,1028,,,-23.539874,-46.516463,,,,1,2023-06-20T07:27:11+00:00
SAO_3731-10,São Paulo,3550308,True,,1028,,,-23.54011525,-46.51618425,,,,1,2023-06-20T07:27:31+00:00
SAO_3731-10,São Paulo,3550308,True,,1028,,,-23.539874,-46.516463,,,,1,2023-06-20T07:27:19+00:00
SAO_3731-10,São Paulo,3550308,True,,1028,,,-23.539611999999998,-46.516724999999994,,,,1,2023-06-20T07:27:28+00:00
SAO_2202-10,São Paulo,3550308,True,Urubupungá,910,https://moovitapp.com/index/pt-br/transporte_p%C3%BAblico-line-910-Sao_Paulo-242-873835-496471-0,4.6,-23.5332815,-46.399273,,,,1,2023-06-20T07:25:34+00:00
SAO_938V-10,São Paulo,3550308,True,STT,813,https://moovitapp.com/index/pt-br/transporte_p%C3%BAblico-line-813-Sao_Paulo-242-850661-183360-0,5.3,-23.452056499999998,-46.686962,,,,1,2023-06-20T07:27:12+00:00
SAO_5759-31,São Paulo,3550308,True,,33907,,,-23.649876,-46.663676375,,,,2,2023-06-20T07:24:30+00:00
SAO_6003-10,São Paulo,3550308,True,,1472,,,-23.7377555,-46.6976535,,,,1,2023-06-20T07:27:07+00:00
SAO_6003-10,São Paulo,3550308,True,,1472,,,-23.7377555,-46.6976535,,,,1,2023-06-20T07:27:03+00:00
SAO_6010-10,São Paulo,3550308,True,,33970,,,-23.667592,-46.7354985,,,,2,2023-06-20T07:27:19+00:00
SAO_6010-10,São Paulo,3550308,True,,33970,,,-23.667592,-46.7354985,,,,2,2023-06-20T07:26:59+00:00
SAO_6010-10,São Paulo,3550308,True,,33970,,,-23.667592,-46.7354985,,,,2,2023-06-20T07:27:10+00:00
SAO_6010-10,São Paulo,3550308,True,,33970,,,-23.6932185,-46.794213,,,,2,2023-06-20T07:27:30+00:00
SAO_6010-10,São Paulo,3550308,True,,33970,,,-23.6933645,-46.794154,,,,2,2023-06-20T07:27:28+00:00
SAO_6010-10,São Paulo,3550308,True,,33970,,,-23.693569500000002,-46.794188,,,,2,2023-06-20T07:27:21+00:00
SAO_6010-10,São Paulo,3550308,True,,33970,,,-23.693805,-46.7944445,,,,2,2023-06-20T07:27:33+00:00
SAO_6010-10,São Paulo,3550308,True,,33970,,,-23.659830499999998,-46.76968,,,,2,2023-06-20T07:27:00+00:00
SAO_6010-10,São Paulo,3550308,True,,33970,,,-23.667592,-46.7354985,,,,2,2023-06-20T07:26:50+00:00
SAO_6010-10,São Paulo,3550308,True,,33970,,,-23.6938785,-46.7945825,,,,2,2023-06-20T07:27:09+00:00
SAO_6010-10,São Paulo,3550308,True,,33970,,,-23.667592,-46.7354985,,,,2,2023-06-20T07:27:02+00:00
SAO_6010-10,São Paulo,3550308,True,,33970,,,-23.6938785,-46.7945825,,,,2,2023-06-20T07:27:08+00:00
SAO_N636-11,São Paulo,3550308,True,,2401,,,-23.736292,-46.696856499999996,,,,1,2023-06-20T07:27:14+00:00
SAO_351F-10,São Paulo,3550308,True,,33455,,,-23.468680374999998,-46.579077625000004,,,,2,2023-06-20T07:26:49+00:00
SAO_N501-11,São Paulo,3550308,True,,35143,,,-23.598714625,-46.532474375,,,,2,2023-06-20T07:26:50+00:00
SAO_N501-11,São Paulo,3550308,True,,35143,,,-23.547106,-46.629678,,,,2,2023-06-20T07:27:02+00:00
SAO_2755-10,São Paulo,3550308,True,STT,233,https://moovitapp.com/index/pt-br/transporte_p%C3%BAblico-line-233-Sao_Paulo-242-850661-183266-0,5.3,-23.534726499999998,-46.4005875,,,,1,2023-06-20T07:27:15+00:00
SAO_2707-10,São Paulo,3550308,True,,33687,,,-23.530373,-46.410030500000005,,,,2,2023-06-20T07:26:58+00:00
SAO_3785-10,São Paulo,3550308,True,,1063,,,-23.562078624999998,-46.445963,,,,1,2023-06-20T07:26:49+00:00
SAO_3785-10,São Paulo,3550308,True,,1063,,,-23.591207,-46.394471,,,,1,2023-06-20T07:27:03+00:00
SAO_3785-10,São Paulo,3550308,True,,1063,,,-23.580193,-46.411458999999994,,,,1,2023-06-20T07:27:01+00:00
SAO_3785-10,São Paulo,3550308,True,,1063,,,-23.591207,-46.394471,,,,1,2023-06-20T07:27:33+00:00
SAO_3785-10,São Paulo,3550308,True,,1063,,,-23.591207,-46.394471,,,,1,2023-06-20T07:27:17+00:00
SAO_3785-10,São Paulo,3550308,True,,1063,,,-23.591207,-46.394471,,,,1,2023-06-20T07:27:18+00:00
SAO_3785-10,São Paulo,3550308,True,,1063,,,-23.591207,-46.394471,,,,1,2023-06-20T07:27:31+00:00
SAO_3785-10,São Paulo,3550308,True,,1063,,,-23.591207,-46.394471,,,,1,2023-06-20T07:27:31+00:00
SAO_3785-10,São Paulo,3550308,True,,1063,,,-23.591207,-46.394471,,,,1,2023-06-20T07:27:21+00:00
SAO_2732-10,São Paulo,3550308,True,,947,,,-23.5402155,-46.483134,,,,1,2023-06-20T07:26:56+00:00
SAO_2732-10,São Paulo,3550308,True,,947,,,-23.540282,-46.482984,,,,1,2023-06-20T07:27:19+00:00
SAO_2732-10,São Paulo,3550308,True,,947,,,-23.5402155,-46.483134,,,,1,2023-06-20T07:27:15+00:00
SAO_2732-10,São Paulo,3550308,True,,947,,,-23.5402155,-46.483134,,,,1,2023-06-20T07:27:19+00:00
SAO_2732-10,São Paulo,3550308,True,,947,,,-23.5402155,-46.483134,,,,1,2023-06-20T07:26:43+00:00
SAO_2732-10,São Paulo,3550308,True,,947,,,-23.5402155,-46.483134,,,,1,2023-06-20T07:27:18+00:00
SAO_2732-10,São Paulo,3550308,True,,947,,,-23.5402155,-46.483134,,,,1,2023-06-20T07:27:26+00:00
SAO_6063-42,São Paulo,3550308,True,,34770,,,-23.809403,-46.6612485,,,,2,2023-06-20T07:27:16+00:00
SAO_6063-42,São Paulo,3550308,True,,34770,,,-23.809403,-46.6612485,,,,2,2023-06-20T07:27:24+00:00
SAO_6063-42,São Paulo,3550308,True,,34770,,,-23.809403,-46.6612485,,,,2,2023-06-20T07:27:08+00:00
SAO_PAEC-10,São Paulo,3550308,True,,34190,,,-23.503025,-46.6242335,,,,2,2023-06-20T07:25:08+00:00
SAO_5164-21,São Paulo,3550308,True,,1616,,,-23.646406,-46.644999,,,,1,2023-06-20T07:27:06+00:00
SAO_5164-21,São Paulo,3550308,True,,1616,,,-23.646586749999997,-46.645936000000006,,,,1,2023-06-20T07:27:11+00:00
SAO_5164-21,São Paulo,3550308,True,,1616,,,-23.646586749999997,-46.645936000000006,,,,1,2023-06-20T07:27:17+00:00
SAO_5164-21,São Paulo,3550308,True,,1616,,,-23.6464495,-46.646234750000005,,,,1,2023-06-20T07:26:48+00:00
SAO_5164-21,São Paulo,3550308,True,,1616,,,-23.6464495,-46.646234750000005,,,,1,2023-06-20T07:27:14+00:00
SAO_5164-21,São Paulo,3550308,True,,1616,,,-23.646586749999997,-46.645936000000006,,,,1,2023-06-20T07:27:27+00:00
SAO_5164-21,São Paulo,3550308,True,,1616,,,-23.6461565,-46.644951,,,,1,2023-06-20T07:27:11+00:00
SAO_5164-21,São Paulo,3550308,True,,1616,,,-23.646586749999997,-46.645936000000006,,,,1,2023-06-20T07:27:12+00:00
SAO_5391-10,São Paulo,3550308,True,,32939,,,-23.683030000000002,-46.7687525,,,,2,2023-06-20T07:27:26+00:00
SAO_6075-10,São Paulo,3550308,True,,33930,,,-23.797689499999997,-46.7382825,,,,2,2023-06-20T07:27:10+00:00
SAO_6075-10,São Paulo,3550308,True,,33930,,,-23.797689499999997,-46.7382825,,,,2,2023-06-20T07:26:49+00:00
SAO_6075-10,São Paulo,3550308,True,,33930,,,-23.797689499999997,-46.7382825,,,,2,2023-06-20T07:26:55+00:00
SAO_6075-10,São Paulo,3550308,True,,33930,,,-23.797689499999997,-46.7382825,,,,2,2023-06-20T07:26:56+00:00
SAO_6075-10,São Paulo,3550308,True,,33930,,,-23.797689499999997,-46.7382825,,,,2,2023-06-20T07:26:54+00:00
SAO_N209-11,São Paulo,3550308,True,,35087,,,-23.4752765,-46.6688805,,,,2,2023-06-20T07:27:18+00:00
SAO_857P-10,São Paulo,3550308,True,,34694,,,-23.631797499999998,-46.7719915,,,,2,2023-06-20T07:26:51+00:00
SAO_N209-11,São Paulo,3550308,True,,2319,,,-23.503125,-46.6245765,,,,1,2023-06-20T07:27:15+00:00
SAO_748A-41,São Paulo,3550308,True,EMTU,499,https://moovitapp.com/index/pt-br/transporte_p%C3%BAblico-line-499-Sao_Paulo-242-2038937-36419524-0,5.4,-23.55123175,-46.740238250000004,,,,1,2023-06-20T07:26:49+00:00
SAO_748A-41,São Paulo,3550308,True,EMTU,499,https://moovitapp.com/index/pt-br/transporte_p%C3%BAblico-line-499-Sao_Paulo-242-2038937-36419524-0,5.4,-23.55123175,-46.740238250000004,,,,1,2023-06-20T07:27:30+00:00
SAO_6026-10,São Paulo,3550308,True,,32855,,,-23.7292675,-46.7174,,,,2,2023-06-20T07:27:01+00:00
SAO_2060-10,São Paulo,3550308,True,,32902,,,-23.523636250000003,-46.47435425,,,,2,2023-06-20T07:27:16+00:00
SAO_3718-10,São Paulo,3550308,True,,33781,,,-23.540547,-46.485232999999994,,,,2,2023-06-20T07:26:51+00:00
SAO_N702-11,São Paulo,3550308,True,,2407,,,-23.629555,-46.686644,,,,1,2023-06-20T07:27:31+00:00
SAO_N702-11,São Paulo,3550308,True,,2407,,,-23.5471955,-46.630402000000004,,,,1,2023-06-20T07:26:58+00:00
SAO_N834-11,São Paulo,3550308,True,,35201,,,-23.567515,-46.69430799999999,,,,2,2023-06-20T07:27:26+00:00
SAO_6017-10,São Paulo,3550308,True,,33974,,,-23.646386,-46.7039875,,,,2,2023-06-20T07:26:58+00:00
SAO_N503-11,São Paulo,3550308,True,,2377,,,-23.562175500000002,-46.573817874999996,,,,1,2023-06-20T07:27:20+00:00
SAO_N503-11,São Paulo,3550308,True,,2377,,,-23.54620025,-46.63007,,,,1,2023-06-20T07:26:47+00:00
SAO_707A-10,São Paulo,3550308,True,,34758,,,-23.692423,-46.7776975,,,,2,2023-06-20T07:26:53+00:00
SAO_707A-10,São Paulo,3550308,True,,34758,,,-23.609273375,-46.667640875,,,,2,2023-06-20T07:27:21+00:00
SAO_707A-10,São Paulo,3550308,True,,34758,,,-23.692809,-46.778341,,,,2,2023-06-20T07:27:23+00:00
SAO_6L07-10,São Paulo,3550308,True,,34313,,,-23.8313465,-46.711774500000004,,,,2,2023-06-20T07:27:30+00:00
SAO_6L07-10,São Paulo,3550308,True,,34313,,,-23.8313465,-46.711774500000004,,,,2,2023-06-20T07:27:21+00:00
SAO_476G-10,São Paulo,3550308,True,,33879,,,-23.589318,-46.6352135,,,,2,2023-06-20T07:27:24+00:00
SAO_476G-10,São Paulo,3550308,True,,33879,,,-23.606871,-46.5363095,,,,2,2023-06-20T07:26:51+00:00
SAO_3006-10,São Paulo,3550308,True,,1865,,,-23.548099999999998,-46.389815,,,,1,2023-06-20T07:27:09+00:00
SAO_3006-10,São Paulo,3550308,True,,1865,,,-23.545738,-46.393099500000005,,,,1,2023-06-20T07:27:29+00:00
SAO_3006-10,São Paulo,3550308,True,,1865,,,-23.548099999999998,-46.389815,,,,1,2023-06-20T07:27:19+00:00
SAO_3006-10,São Paulo,3550308,True,,1865,,,-23.548099999999998,-46.389815,,,,1,2023-06-20T07:27:01+00:00
SAO_3006-10,São Paulo,3550308,True,,1865,,,-23.548099999999998,-46.389815,,,,1,2023-06-20T07:25:37+00:00
SAO_3006-10,São Paulo,3550308,True,,1865,,,-23.548099999999998,-46.389815,,,,1,2023-06-20T07:25:34+00:00
SAO_N306-11,São Paulo,3550308,True,,2340,,,-23.542672000000003,-46.470274,,,,1,2023-06-20T07:27:09+00:00
SAO_2712-10,São Paulo,3550308,True,,926,,,-23.5404755,-46.4828995,,,,1,2023-06-20T07:27:02+00:00
SAO_2712-10,São Paulo,3550308,True,,926,,,-23.539784,-46.4726735,,,,1,2023-06-20T07:27:03+00:00
SAO_2712-10,São Paulo,3550308,True,,926,,,-23.5410635,-46.482572000000005,,,,1,2023-06-20T07:27:04+00:00
SAO_2712-10,São Paulo,3550308,True,,926,,,-23.5411545,-46.4825225,,,,1,2023-06-20T07:27:21+00:00
SAO_2712-10,São Paulo,3550308,True,,926,,,-23.540146,-46.4828645,,,,1,2023-06-20T07:23:47+00:00
SAO_2712-10,São Paulo,3550308,True,,926,,,-23.5407195,-46.482772499999996,,,,1,2023-06-20T07:27:17+00:00
SAO_2712-10,São Paulo,3550308,True,,926,,,-23.5403625,-46.482903,,,,1,2023-06-20T07:27:16+00:00
SAO_2712-10,São Paulo,3550308,True,,926,,,-23.5407195,-46.482772499999996,,,,1,2023-06-20T07:27:23+00:00
SAO_6016-10,São Paulo,3550308,True,,32852,,,-23.749999000000003,-46.6879225,,,,2,2023-06-20T07:27:30+00:00
SAO_372F-10,São Paulo,3550308,True,,33783,,,-23.552103000000002,-46.598889,,,,2,2023-06-20T07:27:07+00:00
SAO_372F-10,São Paulo,3550308,True,,33783,,,-23.552103000000002,-46.598889,,,,2,2023-06-20T07:27:31+00:00
SAO_372F-10,São Paulo,3550308,True,,33783,,,-23.552103000000002,-46.598889,,,,2,2023-06-20T07:27:14+00:00
SAO_3712-10,São Paulo,3550308,True,,1009,,,-23.551171500000002,-46.425402500000004,,,,1,2023-06-20T07:27:23+00:00
SAO_3712-10,São Paulo,3550308,True,,1009,,,-23.5525595,-46.4257145,,,,1,2023-06-20T07:27:27+00:00
SAO_3712-10,São Paulo,3550308,True,,1009,,,-23.5525595,-46.4257145,,,,1,2023-06-20T07:26:54+00:00
SAO_3712-10,São Paulo,3550308,True,,1009,,,-23.551171500000002,-46.425402500000004,,,,1,2023-06-20T07:27:23+00:00
SAO_3712-10,São Paulo,3550308,True,,1009,,,-23.5525595,-46.4257145,,,,1,2023-06-20T07:26:59+00:00
SAO_3712-10,São Paulo,3550308,True,,1009,,,-23.551171500000002,-46.425402500000004,,,,1,2023-06-20T07:27:22+00:00
SAO_3712-10,São Paulo,3550308,True,,1009,,,-23.5525595,-46.4257145,,,,1,2023-06-20T07:27:23+00:00
SAO_N604-11,São Paulo,3550308,True,,2395,,,-23.6468255,-46.6391905,,,,1,2023-06-20T07:27:00+00:00
SAO_N604-11,São Paulo,3550308,True,,2395,,,-23.547387999999998,-46.6303475,,,,1,2023-06-20T07:27:29+00:00
SAO_2703-10,São Paulo,3550308,True,Urubupungá,915,https://moovitapp.com/index/pt-br/transporte_p%C3%BAblico-line-915-Sao_Paulo-242-873835-75841134-0,4.6,-23.529542499999998,-46.420608,,,,1,2023-06-20T07:27:14+00:00
SAO_2703-10,São Paulo,3550308,True,Urubupungá,915,https://moovitapp.com/index/pt-br/transporte_p%C3%BAblico-line-915-Sao_Paulo-242-873835-75841134-0,4.6,-23.529542499999998,-46.420608,,,,1,2023-06-20T07:26:55+00:00
SAO_2703-10,São Paulo,3550308,True,Urubupungá,915,https://moovitapp.com/index/pt-br/transporte_p%C3%BAblico-line-915-Sao_Paulo-242-873835-75841134-0,4.6,-23.529542499999998,-46.420608,,,,1,2023-06-20T07:26:54+00:00
SAO_2703-10,São Paulo,3550308,True,Urubupungá,915,https://moovitapp.com/index/pt-br/transporte_p%C3%BAblico-line-915-Sao_Paulo-242-873835-75841134-0,4.6,-23.529542499999998,-46.420608,,,,1,2023-06-20T07:27:28+00:00
SAO_2703-10,São Paulo,3550308,True,Urubupungá,915,https://moovitapp.com/index/pt-br/transporte_p%C3%BAblico-line-915-Sao_Paulo-242-873835-75841134-0,4.6,-23.52533675,-46.41941025,,,,1,2023-06-20T07:26:51+00:00
SAO_2703-10,São Paulo,3550308,True,Urubupungá,915,https://moovitapp.com/index/pt-br/transporte_p%C3%BAblico-line-915-Sao_Paulo-242-873835-75841134-0,4.6,-23.52533675,-46.41941025,,,,1,2023-06-20T07:26:41+00:00
SAO_2703-10,São Paulo,3550308,True,Urubupungá,915,https://moovitapp.com/index/pt-br/transporte_p%C3%BAblico-line-915-Sao_Paulo-242-873835-75841134-0,4.6,-23.529542499999998,-46.420608,,,,1,2023-06-20T07:27:15+00:00
SAO_2755-10,São Paulo,3550308,True,,33001,,,-23.531996499999998,-46.415543,,,,2,2023-06-20T07:27:23+00:00
SAO_2755-10,São Paulo,3550308,True,,33001,,,-23.5354355,-46.4019375,,,,2,2023-06-20T07:26:55+00:00
SAO_2723-10,São Paulo,3550308,True,,33705,,,-23.487599000000003,-46.4633835,,,,2,2023-06-20T07:26:52+00:00
SAO_2723-10,São Paulo,3550308,True,,33705,,,-23.487599000000003,-46.4633835,,,,2,2023-06-20T07:27:03+00:00
SAO_2723-10,São Paulo,3550308,True,,33705,,,-23.487481000000002,-46.463549,,,,2,2023-06-20T07:27:19+00:00
SAO_2723-10,São Paulo,3550308,True,,33705,,,-23.487481000000002,-46.463549,,,,2,2023-06-20T07:27:29+00:00
SAO_2723-10,São Paulo,3550308,True,,33705,,,-23.487481000000002,-46.463549,,,,2,2023-06-20T07:26:51+00:00
SAO_2723-10,São Paulo,3550308,True,,33705,,,-23.487599000000003,-46.4633835,,,,2,2023-06-20T07:26:55+00:00
SAO_2723-10,São Paulo,3550308,True,,33705,,,-23.487599000000003,-46.4633835,,,,2,2023-06-20T07:27:23+00:00
SAO_2723-10,São Paulo,3550308,True,,33705,,,-23.487599000000003,-46.4633835,,,,2,2023-06-20T07:27:20+00:00
SAO_2723-10,São Paulo,3550308,True,,33705,,,-23.487599000000003,-46.4633835,,,,2,2023-06-20T07:27:07+00:00
SAO_8705-10,São Paulo,3550308,True,,2072,,,-23.5471285,-46.76075,,,,1,2023-06-20T07:27:17+00:00
SAO_8705-10,São Paulo,3550308,True,,2072,,,-23.5473665,-46.7605345,,,,1,2023-06-20T07:27:22+00:00
SAO_8705-10,São Paulo,3550308,True,,2072,,,-23.5467645,-46.761089999999996,,,,1,2023-06-20T07:27:33+00:00
SAO_8705-10,São Paulo,3550308,True,,2072,,,-23.5478735,-46.760012,,,,1,2023-06-20T07:26:51+00:00
SAO_8705-10,São Paulo,3550308,True,,2072,,,-23.5473665,-46.7605345,,,,1,2023-06-20T07:27:27+00:00
SAO_8705-10,São Paulo,3550308,True,,2072,,,-23.5478735,-46.760012,,,,1,2023-06-20T07:27:10+00:00
SAO_6801-10,São Paulo,3550308,True,,5,,,-23.6438335,-46.734375,,,,1,2023-06-20T07:26:54+00:00
SAO_N344-11,São Paulo,3550308,True,,2356,,,-23.49267,-46.49621775,,,,1,2023-06-20T07:25:21+00:00
SAO_7051-10,São Paulo,3550308,True,,1885,,,-23.655096,-46.7838845,,,,1,2023-06-20T07:26:53+00:00
SAO_7051-10,São Paulo,3550308,True,,1885,,,-23.655096,-46.7838845,,,,1,2023-06-20T07:27:14+00:00
SAO_7051-10,São Paulo,3550308,True,,1885,,,-23.655096,-46.7838845,,,,1,2023-06-20T07:26:56+00:00
SAO_6073-10,São Paulo,3550308,True,,33928,,,-23.853313,-46.6956225,,,,2,2023-06-20T07:26:58+00:00
SAO_6073-10,São Paulo,3550308,True,,33928,,,-23.853313,-46.6956225,,,,2,2023-06-20T07:27:28+00:00
SAO_6073-10,São Paulo,3550308,True,,33928,,,-23.853313,-46.6956225,,,,2,2023-06-20T07:26:58+00:00
SAO_6073-10,São Paulo,3550308,True,,33928,,,-23.853313,-46.6956225,,,,2,2023-06-20T07:27:10+00:00
SAO_6073-10,São Paulo,3550308,True,,33928,,,-23.853313,-46.6956225,,,,2,2023-06-20T07:27:21+00:00
SAO_6073-10,São Paulo,3550308,True,,33928,,,-23.767210499999997,-46.7163985,,,,2,2023-06-20T07:26:51+00:00
SAO_6073-10,São Paulo,3550308,True,,33928,,,-23.853313,-46.6956225,,,,2,2023-06-20T07:27:12+00:00
SAO_6073-10,São Paulo,3550308,True,,33928,,,-23.853313,-46.6956225,,,,2,2023-06-20T07:27:27+00:00
SAO_6073-10,São Paulo,3550308,True,,33928,,,-23.853313,-46.6956225,,,,2,2023-06-20T07:27:31+00:00
SAO_N137-11,São Paulo,3550308,True,,35061,,,-23.446763,-46.722561999999996,,,,2,2023-06-20T07:27:15+00:00
SAO_N231-11,São Paulo,3550308,True,,35088,,,-23.461606500000002,-46.658141,,,,2,2023-06-20T07:26:53+00:00
SAO_273V-10,São Paulo,3550308,True,,32999,,,-23.52299,-46.426497,,,,2,2023-06-20T07:26:51+00:00
SAO_2551-10,São Paulo,3550308,True,EMTU,141,https://moovitapp.com/index/pt-br/transporte_p%C3%BAblico-line-141-Sao_Paulo-242-2038937-36419292-0,8.15,-23.517939,-46.475913500000004,,,,1,2023-06-20T07:26:48+00:00
SAO_2725-10,São Paulo,3550308,True,,33707,,,-23.512969499999997,-46.4736135,,,,2,2023-06-20T07:27:02+00:00
SAO_2725-10,São Paulo,3550308,True,,33707,,,-23.512969499999997,-46.4736135,,,,2,2023-06-20T07:27:06+00:00
SAO_N501-11,São Paulo,3550308,True,,2375,,,-23.584475499999996,-46.586600250000004,,,,1,2023-06-20T07:27:18+00:00
SAO_6047-10,São Paulo,3550308,True,,33992,,,-23.668284,-46.763536,,,,2,2023-06-20T07:27:23+00:00
SAO_8047-41,São Paulo,3550308,True,STT,410,https://moovitapp.com/index/pt-br/transporte_p%C3%BAblico-line-410-Sao_Paulo-242-850661-183302-0,5.3,-23.502283375,-46.747895875,,,,1,2023-06-20T07:26:55+00:00
SAO_4021-10,São Paulo,3550308,True,,2548,,,-23.561562000000002,-46.446068749999995,,,,1,2023-06-20T07:27:07+00:00
SAO_4021-10,São Paulo,3550308,True,,2548,,,-23.561562000000002,-46.446068749999995,,,,1,2023-06-20T07:27:04+00:00
SAO_4021-10,São Paulo,3550308,True,,2548,,,-23.561562000000002,-46.446068749999995,,,,1,2023-06-20T07:26:52+00:00
SAO_5142-10,São Paulo,3550308,True,,34394,,,-23.619546749999998,-46.5023755,,,,2,2023-06-20T07:27:16+00:00
SAO_N540-11,São Paulo,3550308,True,,2481,,,-23.614103,-46.501052,,,,1,2023-06-20T07:27:01+00:00
SAO_6038-10,São Paulo,3550308,True,,33984,,,-23.658400999999998,-46.78931475,,,,2,2023-06-20T07:27:15+00:00
SAO_6038-10,São Paulo,3550308,True,,33984,,,-23.657987499999997,-46.7896665,,,,2,2023-06-20T07:27:06+00:00
SAO_6038-10,São Paulo,3550308,True,,33984,,,-23.657987499999997,-46.7896665,,,,2,2023-06-20T07:27:22+00:00
SAO_6038-10,São Paulo,3550308,True,,33984,,,-23.6582,-46.7894615,,,,2,2023-06-20T07:27:22+00:00
SAO_6038-10,São Paulo,3550308,True,,33984,,,-23.658609,-46.78921425,,,,2,2023-06-20T07:27:20+00:00
SAO_6038-10,São Paulo,3550308,True,,33984,,,-23.660767,-46.7920405,,,,2,2023-06-20T07:27:10+00:00
SAO_N105-11,São Paulo,3550308,True,,2286,,,-23.4883325,-46.683851250000004,,,,1,2023-06-20T07:27:05+00:00
SAO_N335-11,São Paulo,3550308,True,,35115,,,-23.507372125000003,-46.488834374999996,,,,2,2023-06-20T07:26:50+00:00
SAO_6072-10,São Paulo,3550308,True,,34356,,,-23.8274015,-46.69739250000001,,,,2,2023-06-20T07:27:04+00:00
SAO_6072-10,São Paulo,3550308,True,,34356,,,-23.8274015,-46.69739250000001,,,,2,2023-06-20T07:27:31+00:00
SAO_6072-10,São Paulo,3550308,True,,34356,,,-23.8274015,-46.69739250000001,,,,2,2023-06-20T07:27:16+00:00
SAO_6072-10,São Paulo,3550308,True,,34356,,,-23.8274015,-46.69739250000001,,,,2,2023-06-20T07:26:49+00:00
SAO_6072-10,São Paulo,3550308,True,,34356,,,-23.822808000000002,-46.706244999999996,,,,2,2023-06-20T07:27:24+00:00
SAO_6072-10,São Paulo,3550308,True,,34356,,,-23.8274015,-46.69739250000001,,,,2,2023-06-20T07:27:23+00:00
SAO_875C-10,São Paulo,3550308,True,EMTU,478,https://moovitapp.com/index/pt-br/transporte_p%C3%BAblico-line-478-Sao_Paulo-242-2038937-36419510-0,6.25,-23.5201835,-46.699305499999994,,,,1,2023-06-20T07:27:05+00:00
SAO_875C-10,São Paulo,3550308,True,EMTU,478,https://moovitapp.com/index/pt-br/transporte_p%C3%BAblico-line-478-Sao_Paulo-242-2038937-36419510-0,6.25,-23.5201835,-46.699305499999994,,,,1,2023-06-20T07:27:24+00:00
SAO_407J-10,São Paulo,3550308,True,,34966,,,-23.542444,-46.416917999999995,,,,2,2023-06-20T07:27:31+00:00
SAO_4012-10,São Paulo,3550308,True,,2185,,,-23.61275,-46.476256,,,,1,2023-06-20T07:26:55+00:00
SAO_N507-11,São Paulo,3550308,True,,2381,,,-23.505863750000003,-46.603935,,,,1,2023-06-20T07:27:25+00:00
SAO_857A-10,São Paulo,3550308,True,,1925,,,-23.6307725,-46.7731845,,,,1,2023-06-20T07:27:28+00:00
SAO_5038-10,São Paulo,3550308,True,,34429,,,-23.650012,-46.6139055,,,,2,2023-06-20T07:27:17+00:00
SAO_8003-10,São Paulo,3550308,True,,34021,,,-23.5200685,-46.700133,,,,2,2023-06-20T07:27:24+00:00
SAO_N132-11,São Paulo,3550308,True,,2288,,,-23.4874185,-46.7268445,,,,1,2023-06-20T07:27:19+00:00
SAO_6063-10,São Paulo,3550308,True,,1152,,,-23.7730165,-46.7025605,,,,1,2023-06-20T07:27:13+00:00
SAO_6063-10,São Paulo,3550308,True,,1152,,,-23.767819000000003,-46.716452000000004,,,,1,2023-06-20T07:27:32+00:00
SAO_7049-10,São Paulo,3550308,True,,34680,,,-23.7115665,-46.7780305,,,,2,2023-06-20T07:27:03+00:00
SAO_7049-10,São Paulo,3550308,True,,34680,,,-23.71138725,-46.77812725,,,,2,2023-06-20T07:27:05+00:00
SAO_7049-10,São Paulo,3550308,True,,34680,,,-23.710983499999998,-46.7790255,,,,2,2023-06-20T07:27:32+00:00
SAO_7049-10,São Paulo,3550308,True,,34680,,,-23.6315095,-46.772093,,,,2,2023-06-20T07:27:08+00:00
SAO_7049-10,São Paulo,3550308,True,,34680,,,-23.710834499999997,-46.778369,,,,2,2023-06-20T07:27:17+00:00
SAO_7049-10,São Paulo,3550308,True,,34680,,,-23.711143749999998,-46.778219750000005,,,,2,2023-06-20T07:26:49+00:00
SAO_7049-10,São Paulo,3550308,True,,34680,,,-23.71138725,-46.77812725,,,,2,2023-06-20T07:26:59+00:00
SAO_7245-10,São Paulo,3550308,True,,33131,,,-23.5505705,-46.659073,,,,2,2023-06-20T07:27:02+00:00
SAO_2666-10,São Paulo,3550308,True,,33146,,,-23.546655,-46.630598,,,,2,2023-06-20T07:27:29+00:00
SAO_2666-10,São Paulo,3550308,True,,33146,,,-23.546655,-46.630598,,,,2,2023-06-20T07:27:01+00:00
SAO_2666-10,São Paulo,3550308,True,,33146,,,-23.51828025,-46.3879975,,,,2,2023-06-20T07:25:48+00:00
SAO_2666-10,São Paulo,3550308,True,,33146,,,-23.52002425,-46.52463675,,,,2,2023-06-20T07:27:04+00:00
SAO_2666-10,São Paulo,3550308,True,,33146,,,-23.51798475,-46.3882325,,,,2,2023-06-20T07:27:02+00:00
SAO_2666-10,São Paulo,3550308,True,,33146,,,-23.546655,-46.630598,,,,2,2023-06-20T07:27:09+00:00
SAO_2666-10,São Paulo,3550308,True,,33146,,,-23.51828025,-46.3879975,,,,2,2023-06-20T07:27:32+00:00
SAO_2666-10,São Paulo,3550308,True,,33146,,,-23.502602,-46.397344000000004,,,,2,2023-06-20T07:26:53+00:00
SAO_2666-10,São Paulo,3550308,True,,33146,,,-23.546655,-46.630598,,,,2,2023-06-20T07:26:59+00:00
SAO_3069-10,São Paulo,3550308,True,,33752,,,-23.606299749999998,-46.41697025,,,,2,2023-06-20T07:27:26+00:00
SAO_3069-10,São Paulo,3550308,True,,33752,,,-23.60662525,-46.41692075,,,,2,2023-06-20T07:27:32+00:00
SAO_3069-10,São Paulo,3550308,True,,33752,,,-23.60662525,-46.41692075,,,,2,2023-06-20T07:27:10+00:00
SAO_3069-10,São Paulo,3550308,True,,33752,,,-23.60662525,-46.41692075,,,,2,2023-06-20T07:26:52+00:00
SAO_3069-10,São Paulo,3550308,True,,33752,,,-23.60662525,-46.41692075,,,,2,2023-06-20T07:27:00+00:00
SAO_3069-10,São Paulo,3550308,True,,33752,,,-23.60662525,-46.41692075,,,,2,2023-06-20T07:27:19+00:00
SAO_3069-10,São Paulo,3550308,True,,33752,,,-23.60662525,-46.41692075,,,,2,2023-06-20T07:27:05+00:00
SAO_5611-10,São Paulo,3550308,True,EMTU,598,https://moovitapp.com/index/pt-br/transporte_p%C3%BAblico-line-598-Sao_Paulo-242-2038937-36419579-0,7.05,-23.702534,-46.645044999999996,,,,1,2023-06-20T07:27:06+00:00
SAO_2704-10,São Paulo,3550308,True,,916,,,-23.5198535,-46.41966,,,,1,2023-06-20T07:27:18+00:00
SAO_2704-10,São Paulo,3550308,True,,916,,,-23.5198535,-46.41966,,,,1,2023-06-20T07:27:12+00:00
SAO_2704-10,São Paulo,3550308,True,,916,,,-23.5198535,-46.41966,,,,1,2023-06-20T07:27:12+00:00
SAO_2704-10,São Paulo,3550308,True,,916,,,-23.526659000000002,-46.409887999999995,,,,1,2023-06-20T07:26:13+00:00
SAO_6412-10,São Paulo,3550308,True,,33538,,,-23.611216499999998,-46.7210465,,,,2,2023-06-20T07:27:31+00:00
SAO_208V-10,São Paulo,3550308,True,,32975,,,-23.5476865,-46.6292585,,,,2,2023-06-20T07:27:28+00:00
SAO_208V-10,São Paulo,3550308,True,,32975,,,-23.517957000000003,-46.4757075,,,,2,2023-06-20T07:27:16+00:00
SAO_208V-10,São Paulo,3550308,True,,32975,,,-23.5476865,-46.6292585,,,,2,2023-06-20T07:26:48+00:00
SAO_208V-10,São Paulo,3550308,True,,32975,,,-23.518814499999998,-46.475541,,,,2,2023-06-20T07:27:06+00:00
SAO_208V-10,São Paulo,3550308,True,,32975,,,-23.5476865,-46.6292585,,,,2,2023-06-20T07:26:50+00:00
SAO_208V-10,São Paulo,3550308,True,,32975,,,-23.5476865,-46.6292585,,,,2,2023-06-20T07:27:06+00:00
SAO_208V-10,São Paulo,3550308,True,,32975,,,-23.517572,-46.475783,,,,2,2023-06-20T07:27:14+00:00
SAO_208V-10,São Paulo,3550308,True,,32975,,,-23.5476865,-46.6292585,,,,2,2023-06-20T07:27:25+00:00
SAO_208V-10,São Paulo,3550308,True,,32975,,,-23.5476865,-46.6292585,,,,2,2023-06-20T07:27:14+00:00
SAO_208V-10,São Paulo,3550308,True,,32975,,,-23.518321,-46.475637,,,,2,2023-06-20T07:27:12+00:00
SAO_208V-10,São Paulo,3550308,True,,32975,,,-23.5476865,-46.6292585,,,,2,2023-06-20T07:07:08+00:00
SAO_208V-10,São Paulo,3550308,True,,32975,,,-23.5476865,-46.6292585,,,,2,2023-06-20T07:27:32+00:00
SAO_208V-10,São Paulo,3550308,True,,32975,,,-23.518699499999997,-46.4755635,,,,2,2023-06-20T07:26:48+00:00
SAO_208V-10,São Paulo,3550308,True,,32975,,,-23.5184535,-46.475611,,,,2,2023-06-20T07:27:23+00:00
SAO_208V-10,São Paulo,3550308,True,,32975,,,-23.5182095,-46.475659,,,,2,2023-06-20T07:27:21+00:00
SAO_7055-10,São Paulo,3550308,True,,1888,,,-23.6919635,-46.7907745,,,,1,2023-06-20T07:27:29+00:00
SAO_7055-10,São Paulo,3550308,True,,1888,,,-23.6919635,-46.7907745,,,,1,2023-06-20T07:27:17+00:00
SAO_6835-31,São Paulo,3550308,True,,34175,,,-23.688617999999998,-46.8001245,,,,2,2023-06-20T07:26:58+00:00
SAO_N603-11,São Paulo,3550308,True,,35162,,,-23.66451625,-46.6378775,,,,2,2023-06-20T07:26:59+00:00
SAO_N603-11,São Paulo,3550308,True,,35162,,,-23.66288725,-46.66204225,,,,2,2023-06-20T07:27:28+00:00
SAO_5119-10,São Paulo,3550308,True,,32769,,,-23.654501,-46.76131049999999,,,,2,2023-06-20T07:27:25+00:00
SAO_5119-10,São Paulo,3550308,True,,32769,,,-23.586280000000002,-46.6981865,,,,2,2023-06-20T07:27:19+00:00
SAO_8705-10,São Paulo,3550308,True,,34840,,,-23.5470875,-46.7607205,,,,2,2023-06-20T07:26:48+00:00
SAO_8705-10,São Paulo,3550308,True,,34840,,,-23.548577,-46.758864,,,,2,2023-06-20T07:26:55+00:00
SAO_3459-23,São Paulo,3550308,True,EMTU,404,https://moovitapp.com/index/pt-br/transporte_p%C3%BAblico-line-404-Sao_Paulo-242-2038937-36419466-0,5.2,-23.5165205,-46.385602000000006,,,,1,2023-06-20T07:27:07+00:00
SAO_3459-23,São Paulo,3550308,True,EMTU,404,https://moovitapp.com/index/pt-br/transporte_p%C3%BAblico-line-404-Sao_Paulo-242-2038937-36419466-0,5.2,-23.5165205,-46.385602000000006,,,,1,2023-06-20T07:27:02+00:00
SAO_407L-10,São Paulo,3550308,True,,34967,,,-23.583215,-46.408328,,,,2,2023-06-20T07:27:30+00:00
SAO_N207-11,São Paulo,3550308,True,,2317,,,-23.513513500000002,-46.65639125,,,,1,2023-06-20T07:26:54+00:00
SAO_373L-10,São Paulo,3550308,True,,1027,,,-23.6149385,-46.4230495,,,,1,2023-06-20T07:27:16+00:00
SAO_373L-10,São Paulo,3550308,True,,1027,,,-23.615178999999998,-46.423012,,,,1,2023-06-20T07:27:28+00:00
SAO_373L-10,São Paulo,3550308,True,,1027,,,-23.614715500000003,-46.423099,,,,1,2023-06-20T07:26:58+00:00
SAO_373L-10,São Paulo,3550308,True,,1027,,,-23.614715500000003,-46.423099,,,,1,2023-06-20T07:26:50+00:00
SAO_N740-11,São Paulo,3550308,True,,35189,,,-23.694415,-46.7573905,,,,2,2023-06-20T07:27:33+00:00
SAO_N843-11,São Paulo,3550308,True,,2442,,,-23.655419000000002,-46.7722955,,,,1,2023-06-20T07:27:26+00:00
SAO_2021-10,São Paulo,3550308,True,,906,,,-23.5443145,-46.389241999999996,,,,1,2023-06-20T07:26:20+00:00
SAO_2021-10,São Paulo,3550308,True,,906,,,-23.5443145,-46.389241999999996,,,,1,2023-06-20T07:26:53+00:00
SAO_2021-10,São Paulo,3550308,True,,906,,,-23.5443145,-46.389241999999996,,,,1,2023-06-20T07:25:59+00:00
SAO_2021-10,São Paulo,3550308,True,,906,,,-23.544384,-46.389341,,,,1,2023-06-20T07:26:49+00:00
SAO_3785-10,São Paulo,3550308,True,,33831,,,-23.56210475,-46.4461535,,,,2,2023-06-20T07:26:52+00:00
SAO_3785-10,São Paulo,3550308,True,,33831,,,-23.596272999999997,-46.435561500000006,,,,2,2023-06-20T07:27:25+00:00
SAO_3008-10,São Paulo,3550308,True,,2515,,,-23.522628,-46.396638,,,,1,2023-06-20T07:26:57+00:00
SAO_7062-10,São Paulo,3550308,True,,1898,,,-23.645670000000003,-46.7712555,,,,1,2023-06-20T07:27:14+00:00
SAO_7062-10,São Paulo,3550308,True,,1898,,,-23.645773,-46.771611500000006,,,,1,2023-06-20T07:27:32+00:00
SAO_7062-10,São Paulo,3550308,True,,1898,,,-23.645670000000003,-46.7712555,,,,1,2023-06-20T07:27:15+00:00
SAO_3789-10,São Paulo,3550308,True,,33835,,,-23.542599000000003,-46.4710815,,,,2,2023-06-20T07:27:12+00:00
SAO_3789-10,São Paulo,3550308,True,,33835,,,-23.6041935,-46.3987725,,,,2,2023-06-20T07:27:26+00:00
SAO_675P-10,São Paulo,3550308,True,,33043,,,-23.645426,-46.645011499999995,,,,2,2023-06-20T07:27:05+00:00
SAO_675P-10,São Paulo,3550308,True,,33043,,,-23.645426,-46.645011499999995,,,,2,2023-06-20T07:27:25+00:00
SAO_N202-11,São Paulo,3550308,True,,35080,,,-23.5593425,-46.68047825,,,,2,2023-06-20T07:27:07+00:00
SAO_6076-10,São Paulo,3550308,True,,1165,,,-23.6669665,-46.7119285,,,,1,2023-06-20T07:26:51+00:00
SAO_9012-10,São Paulo,3550308,True,,1268,,,-23.5196905,-46.7002195,,,,1,2023-06-20T07:26:55+00:00
SAO_6L04-10,São Paulo,3550308,True,,1180,,,-23.827945999999997,-46.727483500000005,,,,1,2023-06-20T07:27:17+00:00
SAO_273D-10,São Paulo,3550308,True,,222,,,-23.515267,-46.4554825,,,,1,2023-06-20T07:27:25+00:00
SAO_5036-10,São Paulo,3550308,True,,1666,,,-23.651166500000002,-46.6143845,,,,1,2023-06-20T07:27:23+00:00
SAO_5034-10,São Paulo,3550308,True,,34431,,,-23.6471595,-46.596646,,,,2,2023-06-20T07:27:25+00:00
SAO_3054-10,São Paulo,3550308,True,,33743,,,-23.609925,-46.407969,,,,2,2023-06-20T07:27:08+00:00
SAO_6L01-10,São Paulo,3550308,True,,33939,,,-23.90679,-46.708217000000005,,,,2,2023-06-20T07:27:12+00:00
SAO_6L01-10,São Paulo,3550308,True,,33939,,,-23.90679,-46.708217000000005,,,,2,2023-06-20T07:27:05+00:00
SAO_6L01-10,São Paulo,3550308,True,,33939,,,-23.90679,-46.708217000000005,,,,2,2023-06-20T07:26:49+00:00
SAO_6L01-10,São Paulo,3550308,True,,33939,,,-23.897684499999997,-46.729376,,,,2,2023-06-20T07:26:58+00:00
SAO_6L01-10,São Paulo,3550308,True,,33939,,,-23.90679,-46.708217000000005,,,,2,2023-06-20T07:27:31+00:00
SAO_6L01-10,São Paulo,3550308,True,,33939,,,-23.90679,-46.708217000000005,,,,2,2023-06-20T07:27:27+00:00
SAO_6L01-10,São Paulo,3550308,True,,33939,,,-23.90679,-46.708217000000005,,,,2,2023-06-20T07:26:58+00:00
SAO_6L01-10,São Paulo,3550308,True,,33939,,,-23.7667025,-46.7163285,,,,2,2023-06-20T07:27:26+00:00
SAO_5030-10,São Paulo,3550308,True,,1669,,,-23.63738875,-46.598289,,,,1,2023-06-20T07:27:05+00:00
SAO_4314-10,São Paulo,3550308,True,,34942,,,-23.5736485,-46.3986825,,,,2,2023-06-20T07:27:08+00:00
SAO_4314-10,São Paulo,3550308,True,,34942,,,-23.5513165,-46.51211975,,,,2,2023-06-20T07:27:02+00:00
SAO_6013-10,São Paulo,3550308,True,,32954,,,-23.6478875,-46.73155625,,,,2,2023-06-20T07:24:08+00:00
SAO_3766-10,São Paulo,3550308,True,,33823,,,-23.542434,-46.471034,,,,2,2023-06-20T07:27:23+00:00
SAO_6063-10,São Paulo,3550308,True,,33920,,,-23.783673,-46.6827105,,,,2,2023-06-20T07:26:55+00:00
SAO_6063-10,São Paulo,3550308,True,,33920,,,-23.783673,-46.6827105,,,,2,2023-06-20T07:27:21+00:00
SAO_6063-10,São Paulo,3550308,True,,33920,,,-23.783673,-46.6827105,,,,2,2023-06-20T07:27:24+00:00
SAO_1017-10,São Paulo,3550308,True,,34909,,,-23.4136605,-46.750937,,,,2,2023-06-20T07:27:02+00:00
SAO_1017-10,São Paulo,3550308,True,,34909,,,-23.456190499999998,-46.713716500000004,,,,2,2023-06-20T07:27:33+00:00
SAO_917M-10,São Paulo,3550308,True,,34134,,,-23.472072,-46.705105,,,,2,2023-06-20T07:27:08+00:00
SAO_9023-10,São Paulo,3550308,True,,1437,,,-23.478653,-46.7276515,,,,1,2023-06-20T07:26:50+00:00
SAO_407W-10,São Paulo,3550308,True,,34972,,,-23.577023250000003,-46.51595075,,,,2,2023-06-20T07:27:10+00:00
SAO_7006-51,São Paulo,3550308,True,,34765,,,-23.7258605,-46.7861355,,,,2,2023-06-20T07:26:53+00:00
SAO_5630-10,São Paulo,3550308,True,,32846,,,-23.7346935,-46.696020000000004,,,,2,2023-06-20T07:27:14+00:00
SAO_5630-10,São Paulo,3550308,True,,32846,,,-23.546747,-46.6164905,,,,2,2023-06-20T07:27:21+00:00
SAO_175T-10,São Paulo,3550308,True,,33391,,,-23.617137999999997,-46.661422375,,,,2,2023-06-20T07:26:51+00:00
SAO_175T-10,São Paulo,3550308,True,,33391,,,-23.503788375,-46.624660500000005,,,,2,2023-06-20T07:27:22+00:00
SAO_N635-11,São Paulo,3550308,True,,2400,,,-23.736596499999997,-46.6971045,,,,1,2023-06-20T07:27:11+00:00
SAO_7550-10,São Paulo,3550308,True,,2093,,,-23.654166500000002,-46.711513,,,,1,2023-06-20T07:26:55+00:00
SAO_1705-10,São Paulo,3550308,True,,849,,,-23.4432885,-46.589848,,,,1,2023-06-20T07:25:19+00:00
SAO_N343-11,São Paulo,3550308,True,,35123,,,-23.525287249999998,-46.4573665,,,,2,2023-06-20T07:26:48+00:00
SAO_4001-10,São Paulo,3550308,True,,2176,,,-23.556762,-46.518831000000006,,,,1,2023-06-20T07:27:04+00:00
SAO_3761-10,São Paulo,3550308,True,,1051,,,-23.616859249999997,-46.4231815,,,,1,2023-06-20T07:27:30+00:00
SAO_3761-10,São Paulo,3550308,True,,1051,,,-23.616859249999997,-46.4231815,,,,1,2023-06-20T07:27:26+00:00
SAO_3761-10,São Paulo,3550308,True,,1051,,,-23.616551,-46.42312750000001,,,,1,2023-06-20T07:27:30+00:00
SAO_3761-10,São Paulo,3550308,True,,1051,,,-23.618599,-46.4234555,,,,1,2023-06-20T07:27:04+00:00
SAO_3761-10,São Paulo,3550308,True,,1051,,,-23.618599,-46.4234555,,,,1,2023-06-20T07:26:57+00:00
SAO_6091-10,São Paulo,3550308,True,,33943,,,-23.706274999999998,-46.70078,,,,2,2023-06-20T07:27:25+00:00
SAO_N731-11,São Paulo,3550308,True,,2412,,,-23.6540525,-46.712609,,,,1,2023-06-20T07:27:15+00:00
SAO_6840-10,São Paulo,3550308,True,EMTU,201,https://moovitapp.com/index/pt-br/transporte_p%C3%BAblico-line-201-Sao_Paulo-242-2038937-58093160-0,20.4,-23.7317975,-46.7861475,,,,1,2023-06-20T07:26:58+00:00
SAO_6840-10,São Paulo,3550308,True,EMTU,201,https://moovitapp.com/index/pt-br/transporte_p%C3%BAblico-line-201-Sao_Paulo-242-2038937-58093160-0,20.4,-23.7383255,-46.790465,,,,1,2023-06-20T07:27:28+00:00
SAO_6840-10,São Paulo,3550308,True,EMTU,201,https://moovitapp.com/index/pt-br/transporte_p%C3%BAblico-line-201-Sao_Paulo-242-2038937-58093160-0,20.4,-23.7317975,-46.7861475,,,,1,2023-06-20T07:25:46+00:00
SAO_6840-10,São Paulo,3550308,True,EMTU,201,https://moovitapp.com/index/pt-br/transporte_p%C3%BAblico-line-201-Sao_Paulo-242-2038937-58093160-0,20.4,-23.7320815,-46.786311,,,,1,2023-06-20T07:26:24+00:00
SAO_6840-10,São Paulo,3550308,True,EMTU,201,https://moovitapp.com/index/pt-br/transporte_p%C3%BAblico-line-201-Sao_Paulo-242-2038937-58093160-0,20.4,-23.7317975,-46.7861475,,,,1,2023-06-20T07:26:53+00:00
SAO_2076-10,São Paulo,3550308,True,,33136,,,-23.502257,-46.384414,,,,2,2023-06-20T07:26:52+00:00
SAO_2076-10,São Paulo,3550308,True,,33136,,,-23.504168999999997,-46.379309,,,,2,2023-06-20T07:27:03+00:00
SAO_6037-10,São Paulo,3550308,True,,33983,,,-23.64887075,-46.78563725,,,,2,2023-06-20T07:26:55+00:00
SAO_6037-10,São Paulo,3550308,True,,33983,,,-23.64904925,-46.78534475,,,,2,2023-06-20T07:26:52+00:00
SAO_6037-10,São Paulo,3550308,True,,33983,,,-23.648520750000003,-46.78621425,,,,2,2023-06-20T07:27:25+00:00
SAO_6037-10,São Paulo,3550308,True,,33983,,,-23.648520750000003,-46.78621425,,,,2,2023-06-20T07:27:13+00:00
SAO_6037-10,São Paulo,3550308,True,,33983,,,-23.648692250000003,-46.78592975,,,,2,2023-06-20T07:27:27+00:00
SAO_N206-11,São Paulo,3550308,True,,35084,,,-23.5316465,-46.67941625,,,,2,2023-06-20T07:26:38+00:00
SAO_N206-11,São Paulo,3550308,True,,35084,,,-23.488910500000003,-46.6525115,,,,2,2023-06-20T07:27:06+00:00
SAO_1764-10,São Paulo,3550308,True,,33393,,,-23.4257975,-46.581669500000004,,,,2,2023-06-20T07:27:24+00:00
SAO_N303-11,São Paulo,3550308,True,,2337,,,-23.5330665,-46.4816405,,,,1,2023-06-20T07:27:05+00:00
SAO_6970-10,São Paulo,3550308,True,,1505,,,-23.737581499999997,-46.697899500000005,,,,1,2023-06-20T07:27:29+00:00
SAO_6970-10,São Paulo,3550308,True,,1505,,,-23.737581499999997,-46.697899500000005,,,,1,2023-06-20T07:27:28+00:00
SAO_6970-10,São Paulo,3550308,True,,1505,,,-23.737581499999997,-46.697899500000005,,,,1,2023-06-20T07:26:55+00:00
SAO_6045-10,São Paulo,3550308,True,,1222,,,-23.694674999999997,-46.793941000000004,,,,1,2023-06-20T07:27:07+00:00
SAO_6045-10,São Paulo,3550308,True,,1222,,,-23.694454,-46.794375,,,,1,2023-06-20T07:26:54+00:00
SAO_6045-10,São Paulo,3550308,True,,1222,,,-23.6945445,-46.794182,,,,1,2023-06-20T07:26:59+00:00
SAO_6045-10,São Paulo,3550308,True,,1222,,,-23.694454,-46.794375,,,,1,2023-06-20T07:26:59+00:00
SAO_6045-10,São Paulo,3550308,True,,1222,,,-23.694674999999997,-46.793941000000004,,,,1,2023-06-20T07:27:28+00:00
SAO_6045-10,São Paulo,3550308,True,,1222,,,-23.694674999999997,-46.793941000000004,,,,1,2023-06-20T07:26:59+00:00
SAO_6045-10,São Paulo,3550308,True,,1222,,,-23.6945445,-46.794182,,,,1,2023-06-20T07:26:53+00:00
SAO_6045-10,São Paulo,3550308,True,,1222,,,-23.6945995,-46.794075500000005,,,,1,2023-06-20T07:26:56+00:00
SAO_6826-10,São Paulo,3550308,True,BR7 Mobilidade,16,https://moovitapp.com/index/pt-br/transporte_p%C3%BAblico-line-16-Sao_Paulo-242-851856-513215-0,5.75,-23.654369000000003,-46.762426500000004,,,,1,2023-06-20T07:27:32+00:00
SAO_N440-11,São Paulo,3550308,True,,35141,,,-23.55323175,-46.48898375,,,,2,2023-06-20T07:27:13+00:00
SAO_715M-10,São Paulo,3550308,True,,33258,,,-23.558390000000003,-46.636261000000005,,,,2,2023-06-20T07:27:22+00:00
SAO_715M-10,São Paulo,3550308,True,,33258,,,-23.584176499999998,-46.7517575,,,,2,2023-06-20T07:27:02+00:00
SAO_715M-10,São Paulo,3550308,True,,33258,,,-23.559941,-46.67114024999999,,,,2,2023-06-20T07:26:56+00:00
SAO_N102-11,São Paulo,3550308,True,,2283,,,-23.547625500000002,-46.629791499999996,,,,1,2023-06-20T07:26:59+00:00
SAO_6012-10,São Paulo,3550308,True,,1204,,,-23.686436999999998,-46.7873475,,,,1,2023-06-20T07:27:14+00:00
SAO_6012-10,São Paulo,3550308,True,,1204,,,-23.685298500000002,-46.770142500000006,,,,1,2023-06-20T07:27:28+00:00
SAO_7005-51,São Paulo,3550308,True,,1999,,,-23.720883999999998,-46.785277,,,,1,2023-06-20T07:27:27+00:00
SAO_7005-51,São Paulo,3550308,True,,1999,,,-23.718654,-46.7846245,,,,1,2023-06-20T07:26:55+00:00
SAO_6825-10,São Paulo,3550308,True,BR7 Mobilidade,14,https://moovitapp.com/index/pt-br/transporte_p%C3%BAblico-line-14-Sao_Paulo-242-851856-183465-0,5.75,-23.659604,-46.775132,,,,1,2023-06-20T07:27:26+00:00
SAO_6825-10,São Paulo,3550308,True,BR7 Mobilidade,14,https://moovitapp.com/index/pt-br/transporte_p%C3%BAblico-line-14-Sao_Paulo-242-851856-183465-0,5.75,-23.6541735,-46.763611,,,,1,2023-06-20T07:27:04+00:00
SAO_174M-10,São Paulo,3550308,True,,33441,,,-23.478520500000002,-46.577043,,,,2,2023-06-20T07:23:52+00:00
SAO_7053-10,São Paulo,3550308,True,,34655,,,-23.653941000000003,-46.78870825,,,,2,2023-06-20T07:27:08+00:00
SAO_7053-10,São Paulo,3550308,True,,34655,,,-23.653941000000003,-46.78870825,,,,2,2023-06-20T07:27:04+00:00
SAO_7053-10,São Paulo,3550308,True,,34655,,,-23.653941000000003,-46.78870825,,,,2,2023-06-20T07:26:51+00:00
SAO_7053-10,São Paulo,3550308,True,,34655,,,-23.653941000000003,-46.78870825,,,,2,2023-06-20T07:27:10+00:00
SAO_6031-10,São Paulo,3550308,True,,92,,,-23.7544845,-46.708985999999996,,,,1,2023-06-20T07:26:54+00:00
SAO_507T-10,São Paulo,3550308,True,,34976,,,-23.613987,-46.5014315,,,,2,2023-06-20T07:27:01+00:00
SAO_1783-10,São Paulo,3550308,True,,644,,,-23.3980705,-46.57777,,,,1,2023-06-20T07:27:29+00:00
SAO_N439-11,São Paulo,3550308,True,,35140,,,-23.542599000000003,-46.4710815,,,,2,2023-06-20T07:24:48+00:00
SAO_675X-10,São Paulo,3550308,True,EMTU,111,https://moovitapp.com/index/pt-br/transporte_p%C3%BAblico-line-111-Sao_Paulo-242-2038937-36419271-0,5.1,-23.737689500000002,-46.697986,,,,1,2023-06-20T07:27:27+00:00
SAO_675X-10,São Paulo,3550308,True,EMTU,111,https://moovitapp.com/index/pt-br/transporte_p%C3%BAblico-line-111-Sao_Paulo-242-2038937-36419271-0,5.1,-23.737689500000002,-46.697986,,,,1,2023-06-20T07:26:56+00:00
SAO_675X-10,São Paulo,3550308,True,EMTU,111,https://moovitapp.com/index/pt-br/transporte_p%C3%BAblico-line-111-Sao_Paulo-242-2038937-36419271-0,5.1,-23.737689500000002,-46.697986,,,,1,2023-06-20T07:27:19+00:00
SAO_709P-10,São Paulo,3550308,True,,34761,,,-23.6065525,-46.69343525,,,,2,2023-06-20T07:27:20+00:00
SAO_715M-10,São Paulo,3550308,True,EMTU,490,https://moovitapp.com/index/pt-br/transporte_p%C3%BAblico-line-490-Sao_Paulo-242-2038937-36419517-0,5.15,-23.566740125,-46.65144025,,,,1,2023-06-20T07:27:29+00:00
SAO_273X-10,São Paulo,3550308,True,,33160,,,-23.497997624999996,-46.376735124999996,,,,2,2023-06-20T07:27:27+00:00
SAO_273X-10,São Paulo,3550308,True,,33160,,,-23.49551025,-46.37769125,,,,2,2023-06-20T07:27:14+00:00
SAO_273X-10,São Paulo,3550308,True,,33160,,,-23.497997624999996,-46.376735124999996,,,,2,2023-06-20T07:26:54+00:00
SAO_273X-10,São Paulo,3550308,True,,33160,,,-23.4948075,-46.405891,,,,2,2023-06-20T07:27:15+00:00
SAO_7013-10,São Paulo,3550308,True,,775,,,-23.639982,-46.749115,,,,1,2023-06-20T07:27:27+00:00
SAO_6099-10,São Paulo,3550308,True,,1587,,,-23.771853,-46.719546,,,,1,2023-06-20T07:27:03+00:00
SAO_N534-11,São Paulo,3550308,True,,2386,,,-23.630733499999998,-46.58568725,,,,1,2023-06-20T07:27:33+00:00
SAO_677Y-10,São Paulo,3550308,True,,34008,,,-23.68357,-46.7894015,,,,2,2023-06-20T07:27:29+00:00
SAO_677Y-10,São Paulo,3550308,True,,34008,,,-23.68357,-46.7894015,,,,2,2023-06-20T07:27:26+00:00
SAO_6835-10,São Paulo,3550308,True,BR7 Mobilidade,12,https://moovitapp.com/index/pt-br/transporte_p%C3%BAblico-line-12-Sao_Paulo-242-851856-542340-0,5.75,-23.654132,-46.7632315,,,,1,2023-06-20T07:27:32+00:00
SAO_2727-10,São Paulo,3550308,True,,33710,,,-23.521929,-46.4574135,,,,2,2023-06-20T07:27:26+00:00
SAO_2727-10,São Paulo,3550308,True,,33710,,,-23.521929,-46.4574135,,,,2,2023-06-20T07:27:16+00:00
SAO_7063-10,São Paulo,3550308,True,,1899,,,-23.651991000000002,-46.789846499999996,,,,1,2023-06-20T07:27:03+00:00
SAO_7063-10,São Paulo,3550308,True,,1899,,,-23.651991000000002,-46.789846499999996,,,,1,2023-06-20T07:27:24+00:00
SAO_7063-10,São Paulo,3550308,True,,1899,,,-23.651991000000002,-46.789846499999996,,,,1,2023-06-20T07:26:51+00:00
SAO_7063-10,São Paulo,3550308,True,,1899,,,-23.651991000000002,-46.789846499999996,,,,1,2023-06-20T07:27:12+00:00
SAO_7063-10,São Paulo,3550308,True,,1899,,,-23.651991000000002,-46.789846499999996,,,,1,2023-06-20T07:26:16+00:00
SAO_6063-43,São Paulo,3550308,True,,35248,,,-23.8149625,-46.669669,,,,2,2023-06-20T07:26:54+00:00
SAO_6063-43,São Paulo,3550308,True,,35248,,,-23.8149625,-46.669669,,,,2,2023-06-20T07:27:08+00:00
SAO_3013-10,São Paulo,3550308,True,,954,,,-23.582969,-46.407816499999996,,,,1,2023-06-20T07:27:08+00:00
SAO_5611-10,São Paulo,3550308,True,,33366,,,-23.702686,-46.6449055,,,,2,2023-06-20T07:27:20+00:00
SAO_5611-10,São Paulo,3550308,True,,33366,,,-23.687144500000002,-46.68091,,,,2,2023-06-20T07:27:00+00:00
SAO_5611-10,São Paulo,3550308,True,,33366,,,-23.706657999999997,-46.6413965,,,,2,2023-06-20T07:25:49+00:00
SAO_4051-10,São Paulo,3550308,True,,2144,,,-23.561616,-46.401831,,,,1,2023-06-20T07:27:31+00:00
SAO_4051-10,São Paulo,3550308,True,,2144,,,-23.561616,-46.401831,,,,1,2023-06-20T07:27:10+00:00
SAO_2523-10,São Paulo,3550308,True,Cidade de Caieiras,250,https://moovitapp.com/index/pt-br/transporte_p%C3%BAblico-line-250-Sao_Paulo-242-868761-752902-0,5.0,-23.5182095,-46.475659,,,,1,2023-06-20T07:26:59+00:00
SAO_2523-10,São Paulo,3550308,True,Cidade de Caieiras,250,https://moovitapp.com/index/pt-br/transporte_p%C3%BAblico-line-250-Sao_Paulo-242-868761-752902-0,5.0,-23.5182095,-46.475659,,,,1,2023-06-20T07:26:51+00:00
SAO_2523-10,São Paulo,3550308,True,Cidade de Caieiras,250,https://moovitapp.com/index/pt-br/transporte_p%C3%BAblico-line-250-Sao_Paulo-242-868761-752902-0,5.0,-23.5182095,-46.475659,,,,1,2023-06-20T07:26:57+00:00
SAO_2523-10,São Paulo,3550308,True,Cidade de Caieiras,250,https://moovitapp.com/index/pt-br/transporte_p%C3%BAblico-line-250-Sao_Paulo-242-868761-752902-0,5.0,-23.5182095,-46.475659,,,,1,2023-06-20T07:27:20+00:00
SAO_2523-10,São Paulo,3550308,True,Cidade de Caieiras,250,https://moovitapp.com/index/pt-br/transporte_p%C3%BAblico-line-250-Sao_Paulo-242-868761-752902-0,5.0,-23.5182095,-46.475659,,,,1,2023-06-20T07:27:29+00:00
SAO_2523-10,São Paulo,3550308,True,Cidade de Caieiras,250,https://moovitapp.com/index/pt-br/transporte_p%C3%BAblico-line-250-Sao_Paulo-242-868761-752902-0,5.0,-23.5182095,-46.475659,,,,1,2023-06-20T07:27:18+00:00
SAO_2724-10,São Paulo,3550308,True,,938,,,-23.5396445,-46.483602,,,,1,2023-06-20T07:27:32+00:00
SAO_2724-10,São Paulo,3550308,True,,938,,,-23.5396445,-46.483602,,,,1,2023-06-20T07:26:57+00:00
SAO_2724-10,São Paulo,3550308,True,,938,,,-23.5396445,-46.483602,,,,1,2023-06-20T07:27:09+00:00
SAO_2724-10,São Paulo,3550308,True,,938,,,-23.5396445,-46.483602,,,,1,2023-06-20T07:26:52+00:00
SAO_6045-21,São Paulo,3550308,True,,34932,,,-23.693829,-46.7936565,,,,2,2023-06-20T07:26:51+00:00
SAO_2705-10,São Paulo,3550308,True,,33685,,,-23.543597624999997,-46.40407975,,,,2,2023-06-20T07:26:53+00:00
SAO_7063-10,São Paulo,3550308,True,,34667,,,-23.65178525,-46.78974675,,,,2,2023-06-20T07:27:19+00:00
SAO_7063-10,São Paulo,3550308,True,,34667,,,-23.651561,-46.790330499999996,,,,2,2023-06-20T07:26:55+00:00
SAO_5012-10,São Paulo,3550308,True,,1116,,,-23.7097155,-46.6354455,,,,1,2023-06-20T07:26:26+00:00
SAO_5012-10,São Paulo,3550308,True,,1116,,,-23.7097155,-46.6354455,,,,1,2023-06-20T07:27:00+00:00
SAO_5012-10,São Paulo,3550308,True,,1116,,,-23.7097155,-46.6354455,,,,1,2023-06-20T07:25:43+00:00
SAO_3751-10,São Paulo,3550308,True,,1047,,,-23.569356,-46.4108985,,,,1,2023-06-20T07:26:55+00:00
SAO_3751-10,São Paulo,3550308,True,,1047,,,-23.569356,-46.4108985,,,,1,2023-06-20T07:27:11+00:00
SAO_3751-10,São Paulo,3550308,True,,1047,,,-23.569356,-46.4108985,,,,1,2023-06-20T07:26:49+00:00
SAO_675M-10,São Paulo,3550308,True,ETT,108,https://moovitapp.com/index/pt-br/transporte_p%C3%BAblico-line-108-Sao_Paulo-242-876373-496510-0,5.3,-23.6464495,-46.646234750000005,,,,1,2023-06-20T07:26:49+00:00
SAO_675M-10,São Paulo,3550308,True,ETT,108,https://moovitapp.com/index/pt-br/transporte_p%C3%BAblico-line-108-Sao_Paulo-242-876373-496510-0,5.3,-23.677901249999998,-46.683391875,,,,1,2023-06-20T07:27:29+00:00
SAO_675M-10,São Paulo,3550308,True,ETT,108,https://moovitapp.com/index/pt-br/transporte_p%C3%BAblico-line-108-Sao_Paulo-242-876373-496510-0,5.3,-23.6466305,-46.6450555,,,,1,2023-06-20T07:26:58+00:00
SAO_675M-10,São Paulo,3550308,True,ETT,108,https://moovitapp.com/index/pt-br/transporte_p%C3%BAblico-line-108-Sao_Paulo-242-876373-496510-0,5.3,-23.6461105,-46.6469465,,,,1,2023-06-20T07:27:00+00:00
SAO_6093-10,São Paulo,3550308,True,,1585,,,-23.7721665,-46.7195685,,,,1,2023-06-20T07:27:11+00:00
SAO_3735-41,São Paulo,3550308,True,,1920,,,-23.5497695,-46.4928965,,,,1,2023-06-20T07:27:12+00:00
SAO_3735-41,São Paulo,3550308,True,,1920,,,-23.540658999999998,-46.4851245,,,,1,2023-06-20T07:27:15+00:00
SAO_2766-10,São Paulo,3550308,True,,33173,,,-23.51798475,-46.3882325,,,,2,2023-06-20T07:27:21+00:00
SAO_2766-10,São Paulo,3550308,True,,33173,,,-23.51798475,-46.3882325,,,,2,2023-06-20T07:27:24+00:00
SAO_2766-10,São Paulo,3550308,True,,33173,,,-23.5425775,-46.4719335,,,,2,2023-06-20T07:26:56+00:00
SAO_2766-10,São Paulo,3550308,True,,33173,,,-23.5425775,-46.4719335,,,,2,2023-06-20T07:26:57+00:00
SAO_2766-10,São Paulo,3550308,True,,33173,,,-23.494052500000002,-46.419838999999996,,,,2,2023-06-20T07:27:15+00:00
SAO_2766-10,São Paulo,3550308,True,,33173,,,-23.5425775,-46.4719335,,,,2,2023-06-20T07:27:20+00:00
SAO_2766-10,São Paulo,3550308,True,,33173,,,-23.5425775,-46.4719335,,,,2,2023-06-20T07:24:37+00:00
SAO_2766-10,São Paulo,3550308,True,,33173,,,-23.5425775,-46.4719335,,,,2,2023-06-20T07:27:23+00:00
SAO_N406-11,São Paulo,3550308,True,,35130,,,-23.599988,-46.469717,,,,2,2023-06-20T07:27:11+00:00
SAO_702C-10,São Paulo,3550308,True,STT,485,https://moovitapp.com/index/pt-br/transporte_p%C3%BAblico-line-485-Sao_Paulo-242-850661-183324-0,5.3,-23.542462,-46.590803,,,,1,2023-06-20T07:27:21+00:00
SAO_702C-10,São Paulo,3550308,True,STT,485,https://moovitapp.com/index/pt-br/transporte_p%C3%BAblico-line-485-Sao_Paulo-242-850661-183324-0,5.3,-23.566491375000002,-46.68198112499999,,,,1,2023-06-20T07:27:17+00:00
SAO_271A-51,São Paulo,3550308,True,,33471,,,-23.50225,-46.623670000000004,,,,2,2023-06-20T07:26:53+00:00
SAO_N301-11,São Paulo,3550308,True,,2335,,,-23.535102875,-46.581697250000005,,,,1,2023-06-20T07:27:22+00:00
SAO_6L05-10,São Paulo,3550308,True,,1173,,,-23.828203,-46.726499000000004,,,,1,2023-06-20T07:27:01+00:00
SAO_2006-10,São Paulo,3550308,True,,895,,,-23.510832999999998,-46.366727,,,,1,2023-06-20T07:27:13+00:00
SAO_2006-10,São Paulo,3550308,True,,895,,,-23.510832999999998,-46.366727,,,,1,2023-06-20T06:27:34+00:00
SAO_2006-10,São Paulo,3550308,True,,895,,,-23.510832999999998,-46.366727,,,,1,2023-06-20T07:27:26+00:00
SAO_1178-10,São Paulo,3550308,True,,32900,,,-23.48317,-46.491359,,,,2,2023-06-20T07:26:43+00:00
SAO_971C-10,São Paulo,3550308,True,,33339,,,-23.44518525,-46.70940325,,,,2,2023-06-20T07:27:30+00:00
SAO_971C-10,São Paulo,3550308,True,,33339,,,-23.471397,-46.67505,,,,2,2023-06-20T07:27:20+00:00
SAO_N536-11,São Paulo,3550308,True,,35156,,,-23.603656,-46.6035635,,,,2,2023-06-20T07:27:14+00:00
SAO_373L-10,São Paulo,3550308,True,,33795,,,-23.622793,-46.417176999999995,,,,2,2023-06-20T07:26:50+00:00
SAO_5164-10,São Paulo,3550308,True,,1283,,,-23.6468385,-46.645112,,,,1,2023-06-20T07:27:02+00:00
SAO_5164-10,São Paulo,3550308,True,,1283,,,-23.6468385,-46.645112,,,,1,2023-06-20T07:27:13+00:00
SAO_N342-11,São Paulo,3550308,True,,2354,,,-23.4995135,-46.5014095,,,,1,2023-06-20T07:26:09+00:00
SAO_N841-11,São Paulo,3550308,True,,35208,,,-23.554995249999997,-46.646771,,,,2,2023-06-20T07:27:05+00:00
SAO_N203-11,São Paulo,3550308,True,,2313,,,-23.499868499999998,-46.61434775,,,,1,2023-06-20T07:27:14+00:00
SAO_6816-10,São Paulo,3550308,True,BR7 Mobilidade,26,https://moovitapp.com/index/pt-br/transporte_p%C3%BAblico-line-26-Sao_Paulo-242-851856-577923-0,5.75,-23.653551,-46.777357,,,,1,2023-06-20T07:27:17+00:00
SAO_6816-10,São Paulo,3550308,True,BR7 Mobilidade,26,https://moovitapp.com/index/pt-br/transporte_p%C3%BAblico-line-26-Sao_Paulo-242-851856-577923-0,5.75,-23.654044,-46.7630505,,,,1,2023-06-20T07:26:51+00:00
SAO_6816-10,São Paulo,3550308,True,BR7 Mobilidade,26,https://moovitapp.com/index/pt-br/transporte_p%C3%BAblico-line-26-Sao_Paulo-242-851856-577923-0,5.75,-23.653454,-46.776790500000004,,,,1,2023-06-20T07:27:12+00:00
SAO_6816-10,São Paulo,3550308,True,BR7 Mobilidade,26,https://moovitapp.com/index/pt-br/transporte_p%C3%BAblico-line-26-Sao_Paulo-242-851856-577923-0,5.75,-23.653551,-46.777357,,,,1,2023-06-20T07:27:16+00:00
SAO_637P-10,São Paulo,3550308,True,,32815,,,-23.566628,-46.701685499999996,,,,2,2023-06-20T07:26:56+00:00
SAO_637P-10,São Paulo,3550308,True,,32815,,,-23.566628,-46.701685499999996,,,,2,2023-06-20T07:26:53+00:00
SAO_273R-10,São Paulo,3550308,True,,32994,,,-23.524261,-46.414643749999996,,,,2,2023-06-20T07:26:52+00:00
SAO_6840-10,São Paulo,3550308,True,,32969,,,-23.7317975,-46.7861475,,,,2,2023-06-20T07:27:26+00:00
SAO_6840-10,São Paulo,3550308,True,,32969,,,-23.731476999999998,-46.7859925,,,,2,2023-06-20T07:27:13+00:00
SAO_6840-10,São Paulo,3550308,True,,32969,,,-23.7317975,-46.7861475,,,,2,2023-06-20T07:26:55+00:00
SAO_6840-10,São Paulo,3550308,True,,32969,,,-23.7317975,-46.7861475,,,,2,2023-06-20T07:27:09+00:00
SAO_6840-10,São Paulo,3550308,True,,32969,,,-23.7317975,-46.7861475,,,,2,2023-06-20T07:26:53+00:00
SAO_6840-10,São Paulo,3550308,True,,32969,,,-23.741992,-46.8006415,,,,2,2023-06-20T07:27:14+00:00
SAO_6840-10,São Paulo,3550308,True,,32969,,,-23.7317975,-46.7861475,,,,2,2023-06-20T07:27:11+00:00
SAO_857P-10,São Paulo,3550308,True,,1926,,,-23.6312955,-46.773033999999996,,,,1,2023-06-20T07:27:13+00:00
SAO_7060-10,São Paulo,3550308,True,,1889,,,-23.653551,-46.777357,,,,1,2023-06-20T07:27:10+00:00
SAO_7060-10,São Paulo,3550308,True,,1889,,,-23.65279,-46.778128499999994,,,,1,2023-06-20T07:27:05+00:00
SAO_148L-10,São Paulo,3550308,True,EMTU,531,https://moovitapp.com/index/pt-br/transporte_p%C3%BAblico-line-531-Sao_Paulo-242-2038937-36419543-0,4.4,-23.454537,-46.6522975,,,,1,2023-06-20T07:27:25+00:00
SAO_148L-10,São Paulo,3550308,True,EMTU,531,https://moovitapp.com/index/pt-br/transporte_p%C3%BAblico-line-531-Sao_Paulo-242-2038937-36419543-0,4.4,-23.46433675,-46.65358325,,,,1,2023-06-20T07:24:13+00:00
SAO_6006-10,São Paulo,3550308,True,,32943,,,-23.691329000000003,-46.75807025,,,,2,2023-06-20T07:27:30+00:00
SAO_N405-11,São Paulo,3550308,True,,35129,,,-23.558113,-46.5233375,,,,2,2023-06-20T07:27:14+00:00
SAO_N737-11,São Paulo,3550308,True,,35186,,,-23.7115665,-46.7780305,,,,2,2023-06-20T07:26:54+00:00
SAO_1016-10,São Paulo,3550308,True,EMTU,831,https://moovitapp.com/index/pt-br/transporte_p%C3%BAblico-line-831-Sao_Paulo-242-2038937-36419598-0,5.7,-23.45368525,-46.607387,,,,1,2023-06-20T07:24:30+00:00
SAO_3459-10,São Paulo,3550308,True,EMTU,402,https://moovitapp.com/index/pt-br/transporte_p%C3%BAblico-line-402-Sao_Paulo-242-2038937-36419464-0,3.7,-23.5165205,-46.385602000000006,,,,1,2023-06-20T07:27:16+00:00
SAO_3459-10,São Paulo,3550308,True,EMTU,402,https://moovitapp.com/index/pt-br/transporte_p%C3%BAblico-line-402-Sao_Paulo-242-2038937-36419464-0,3.7,-23.5165205,-46.385602000000006,,,,1,2023-06-20T07:26:46+00:00
SAO_3459-10,São Paulo,3550308,True,EMTU,402,https://moovitapp.com/index/pt-br/transporte_p%C3%BAblico-line-402-Sao_Paulo-242-2038937-36419464-0,3.7,-23.5165205,-46.385602000000006,,,,1,2023-06-20T07:27:07+00:00
SAO_3459-10,São Paulo,3550308,True,EMTU,402,https://moovitapp.com/index/pt-br/transporte_p%C3%BAblico-line-402-Sao_Paulo-242-2038937-36419464-0,3.7,-23.5165205,-46.385602000000006,,,,1,2023-06-20T07:27:03+00:00
SAO_3462-10,São Paulo,3550308,True,EMTU,247,https://moovitapp.com/index/pt-br/transporte_p%C3%BAblico-line-247-Sao_Paulo-242-2038937-36419359-0,6.55,-23.5260655,-46.47463125,,,,1,2023-06-20T07:27:24+00:00
SAO_3462-10,São Paulo,3550308,True,EMTU,247,https://moovitapp.com/index/pt-br/transporte_p%C3%BAblico-line-247-Sao_Paulo-242-2038937-36419359-0,6.55,-23.5260655,-46.47463125,,,,1,2023-06-20T07:26:54+00:00
SAO_637G-10,São Paulo,3550308,True,,32869,,,-23.696506999999997,-46.7014925,,,,2,2023-06-20T07:27:11+00:00
SAO_3002-10,São Paulo,3550308,True,,34576,,,-23.50940175,-46.379290749999996,,,,2,2023-06-20T07:24:17+00:00
SAO_3002-10,São Paulo,3550308,True,,34576,,,-23.5110475,-46.378864,,,,2,2023-06-20T07:26:59+00:00
SAO_373T-10,São Paulo,3550308,True,,33859,,,-23.5941885,-46.498267,,,,2,2023-06-20T07:27:23+00:00
SAO_373T-10,São Paulo,3550308,True,,33859,,,-23.5849575,-46.5830825,,,,2,2023-06-20T07:26:49+00:00
SAO_N136-11,São Paulo,3550308,True,,2292,,,-23.508055125000002,-46.73537475,,,,1,2023-06-20T07:27:15+00:00
SAO_8022-10,São Paulo,3550308,True,,2085,,,-23.552867,-46.728132625,,,,1,2023-06-20T07:17:09+00:00
SAO_8012-10,São Paulo,3550308,True,,34791,,,-23.571781,-46.70828,,,,2,2023-06-20T07:27:30+00:00
SAO_2725-10,São Paulo,3550308,True,,939,,,-23.540045,-46.483149499999996,,,,1,2023-06-20T07:27:15+00:00
SAO_2725-10,São Paulo,3550308,True,,939,,,-23.540045,-46.483149499999996,,,,1,2023-06-20T07:26:55+00:00
SAO_2725-10,São Paulo,3550308,True,,939,,,-23.539628,-46.482977500000004,,,,1,2023-06-20T07:27:02+00:00
SAO_2725-10,São Paulo,3550308,True,,939,,,-23.540045,-46.483149499999996,,,,1,2023-06-20T07:27:26+00:00
SAO_2725-10,São Paulo,3550308,True,,939,,,-23.540045,-46.483149499999996,,,,1,2023-06-20T07:27:21+00:00
SAO_2725-10,São Paulo,3550308,True,,939,,,-23.540045,-46.483149499999996,,,,1,2023-06-20T07:26:59+00:00
SAO_2725-10,São Paulo,3550308,True,,939,,,-23.540045,-46.483149499999996,,,,1,2023-06-20T07:26:56+00:00
SAO_N745-11,São Paulo,3550308,True,,2426,,,-23.631508,-46.7726,,,,1,2023-06-20T07:27:14+00:00
SAO_6052-10,São Paulo,3550308,True,,1144,,,-23.773668,-46.693383999999995,,,,1,2023-06-20T07:26:50+00:00
SAO_2028-10,São Paulo,3550308,True,,2263,,,-23.4404255,-46.577217000000005,,,,1,2023-06-20T07:27:05+00:00
SAO_2770-10,São Paulo,3550308,True,,33011,,,-23.510995,-46.416292999999996,,,,2,2023-06-20T07:27:30+00:00
SAO_6036-10,São Paulo,3550308,True,,1214,,,-23.6538115,-46.789655499999995,,,,1,2023-06-20T07:27:07+00:00
SAO_6822-10,São Paulo,3550308,True,Del Rey,22,https://moovitapp.com/index/pt-br/transporte_p%C3%BAblico-line-22-Sao_Paulo-242-868760-496394-0,4.5,-23.6536315,-46.789668000000006,,,,1,2023-06-20T07:26:58+00:00
SAO_6822-10,São Paulo,3550308,True,Del Rey,22,https://moovitapp.com/index/pt-br/transporte_p%C3%BAblico-line-22-Sao_Paulo-242-868760-496394-0,4.5,-23.654173,-46.762701500000006,,,,1,2023-06-20T07:27:20+00:00
SAO_6822-10,São Paulo,3550308,True,Del Rey,22,https://moovitapp.com/index/pt-br/transporte_p%C3%BAblico-line-22-Sao_Paulo-242-868760-496394-0,4.5,-23.653551,-46.777357,,,,1,2023-06-20T07:27:21+00:00
SAO_6822-10,São Paulo,3550308,True,Del Rey,22,https://moovitapp.com/index/pt-br/transporte_p%C3%BAblico-line-22-Sao_Paulo-242-868760-496394-0,4.5,-23.65279,-46.778128499999994,,,,1,2023-06-20T07:27:13+00:00
SAO_3718-10,São Paulo,3550308,True,,1013,,,-23.557025,-46.4865765,,,,1,2023-06-20T07:27:19+00:00
SAO_3718-10,São Paulo,3550308,True,,1013,,,-23.557025,-46.4865765,,,,1,2023-06-20T07:27:31+00:00
SAO_5128-10,São Paulo,3550308,True,,33896,,,-23.711726249999998,-46.65239675,,,,2,2023-06-20T07:27:04+00:00
SAO_5128-10,São Paulo,3550308,True,,33896,,,-23.7127065,-46.6521065,,,,2,2023-06-20T07:27:29+00:00
SAO_7050-10,São Paulo,3550308,True,,34652,,,-23.6559205,-46.776455,,,,2,2023-06-20T07:27:00+00:00
SAO_7050-10,São Paulo,3550308,True,,34652,,,-23.6636705,-46.7938005,,,,2,2023-06-20T07:27:13+00:00
SAO_3738-10,São Paulo,3550308,True,,1038,,,-23.5630765,-46.394354,,,,1,2023-06-20T07:27:03+00:00
SAO_3738-10,São Paulo,3550308,True,,1038,,,-23.5630765,-46.394354,,,,1,2023-06-20T07:27:05+00:00
SAO_N701-11,São Paulo,3550308,True,,35174,,,-23.5500985,-46.639879,,,,2,2023-06-20T07:27:28+00:00
SAO_N308-11,São Paulo,3550308,True,,2342,,,-23.5477475,-46.60245575,,,,1,2023-06-20T07:27:18+00:00
SAO_5013-10,São Paulo,3550308,True,,1117,,,-23.682060999999997,-46.633000499999994,,,,1,2023-06-20T07:27:01+00:00
SAO_273G-10,São Paulo,3550308,True,,32991,,,-23.483933625,-46.43385256250001,,,,2,2023-06-20T07:27:01+00:00
SAO_2718-10,São Paulo,3550308,True,,931,,,-23.525074000000004,-46.54891175,,,,1,2023-06-20T07:27:12+00:00
SAO_971V-10,São Paulo,3550308,True,,619,,,-23.4516065,-46.6878835,,,,1,2023-06-20T07:26:54+00:00
SAO_N138-11,São Paulo,3550308,True,,35062,,,-23.45052675,-46.681259,,,,2,2023-06-20T07:27:17+00:00
SAO_576C-10,São Paulo,3550308,True,,1290,,,-23.6460055,-46.644996,,,,1,2023-06-20T07:27:30+00:00
SAO_576C-10,São Paulo,3550308,True,,1290,,,-23.64649975,-46.64515875,,,,1,2023-06-20T07:26:46+00:00
SAO_576C-10,São Paulo,3550308,True,,1290,,,-23.6460055,-46.644996,,,,1,2023-06-20T07:27:00+00:00
SAO_576C-10,São Paulo,3550308,True,,1290,,,-23.6460055,-46.644996,,,,1,2023-06-20T07:27:24+00:00
SAO_576C-10,São Paulo,3550308,True,,1290,,,-23.6460055,-46.644996,,,,1,2023-06-20T07:27:18+00:00
SAO_971R-10,São Paulo,3550308,True,,614,,,-23.4314825,-46.725972,,,,1,2023-06-20T07:27:04+00:00
SAO_N139-11,São Paulo,3550308,True,,35063,,,-23.462207,-46.7144135,,,,2,2023-06-20T07:27:09+00:00
SAO_5370-10,São Paulo,3550308,True,,34210,,,-23.767727999999998,-46.7167135,,,,2,2023-06-20T07:26:46+00:00
SAO_5370-10,São Paulo,3550308,True,,34210,,,-23.734389999999998,-46.6990485,,,,2,2023-06-20T07:27:05+00:00
SAO_N404-11,São Paulo,3550308,True,,35128,,,-23.5316105,-46.55950875,,,,2,2023-06-20T07:25:19+00:00
SAO_677V-10,São Paulo,3550308,True,,32880,,,-23.734253000000002,-46.712109999999996,,,,2,2023-06-20T07:27:03+00:00
SAO_N801-11,São Paulo,3550308,True,,35196,,,-23.55743275,-46.6671105,,,,2,2023-06-20T07:27:32+00:00
SAO_7062-10,São Paulo,3550308,True,,34666,,,-23.6460105,-46.7721625,,,,2,2023-06-20T07:27:13+00:00
SAO_7062-10,São Paulo,3550308,True,,34666,,,-23.646132,-46.7723025,,,,2,2023-06-20T07:27:33+00:00
SAO_4313-10,São Paulo,3550308,True,,34941,,,-23.5952665,-46.4305515,,,,2,2023-06-20T07:27:09+00:00
SAO_5317-10,São Paulo,3550308,True,,32837,,,-23.719349,-46.6784235,,,,2,2023-06-20T07:27:13+00:00
SAO_8055-51,São Paulo,3550308,True,EMTU,417,https://moovitapp.com/index/pt-br/transporte_p%C3%BAblico-line-417-Sao_Paulo-242-2038937-36419474-0,5.2,-23.474179499999998,-46.772208,,,,1,2023-06-20T07:27:19+00:00
SAO_N437-11,São Paulo,3550308,True,,35138,,,-23.5833695,-46.407107499999995,,,,2,2023-06-20T07:24:09+00:00
SAO_695X-22,São Paulo,3550308,True,,1621,,,-23.7667585,-46.71704,,,,1,2023-06-20T07:27:22+00:00
SAO_233C-10,São Paulo,3550308,True,,32923,,,-23.525419875,-46.474753125,,,,2,2023-06-20T07:26:54+00:00
SAO_233C-10,São Paulo,3550308,True,,32923,,,-23.5243065,-46.47496075,,,,2,2023-06-20T07:26:48+00:00
SAO_233C-10,São Paulo,3550308,True,,32923,,,-23.525419875,-46.474753125,,,,2,2023-06-20T07:24:43+00:00
SAO_N432-11,São Paulo,3550308,True,,35133,,,-23.630965500000002,-46.4467205,,,,2,2023-06-20T07:27:28+00:00
SAO_N701-11,São Paulo,3550308,True,,2406,,,-23.55028425,-46.641488249999995,,,,1,2023-06-20T07:27:07+00:00
SAO_N701-11,São Paulo,3550308,True,,2406,,,-23.654395,-46.7121185,,,,1,2023-06-20T07:26:50+00:00
SAO_N340-11,São Paulo,3550308,True,,2352,,,-23.5428295,-46.4707985,,,,1,2023-06-20T07:27:10+00:00
SAO_675K-10,São Paulo,3550308,True,EMTU,198,https://moovitapp.com/index/pt-br/transporte_p%C3%BAblico-line-198-Sao_Paulo-242-2038937-59811937-0,6.35,-23.66649675,-46.7191605,,,,1,2023-06-20T07:27:28+00:00
SAO_5025-10,São Paulo,3550308,True,,1564,,,-23.601353,-46.5442635,,,,1,2023-06-20T07:27:05+00:00
SAO_2721-10,São Paulo,3550308,True,,33702,,,-23.5198535,-46.408913,,,,2,2023-06-20T07:26:52+00:00
SAO_2201-10,São Paulo,3550308,True,,909,,,-23.533308999999996,-46.394459999999995,,,,1,2023-06-20T07:26:48+00:00
SAO_2201-10,São Paulo,3550308,True,,909,,,-23.5324795,-46.3946915,,,,1,2023-06-20T07:27:11+00:00
SAO_N407-11,São Paulo,3550308,True,,35131,,,-23.5458085,-46.572578500000006,,,,2,2023-06-20T07:27:05+00:00
SAO_N407-11,São Paulo,3550308,True,,35131,,,-23.5580635,-46.522337500000006,,,,2,2023-06-20T07:27:13+00:00
SAO_513L-10,São Paulo,3550308,True,,34423,,,-23.595205125,-46.60094075000001,,,,2,2023-06-20T07:26:46+00:00
SAO_3739-10,São Paulo,3550308,True,,1039,,,-23.575139,-46.4447935,,,,1,2023-06-20T07:27:29+00:00
SAO_3739-10,São Paulo,3550308,True,,1039,,,-23.596887000000002,-46.4352085,,,,1,2023-06-20T07:27:22+00:00
SAO_3731-10,São Paulo,3550308,True,,33796,,,-23.539611999999998,-46.516724999999994,,,,2,2023-06-20T07:25:30+00:00
SAO_3731-10,São Paulo,3550308,True,,33796,,,-23.539611999999998,-46.516724999999994,,,,2,2023-06-20T07:27:13+00:00
SAO_3731-10,São Paulo,3550308,True,,33796,,,-23.538997000000002,-46.5171695,,,,2,2023-06-20T07:25:52+00:00
SAO_3731-10,São Paulo,3550308,True,,33796,,,-23.539874,-46.516463,,,,2,2023-06-20T07:27:21+00:00
SAO_3731-10,São Paulo,3550308,True,,33796,,,-23.538997000000002,-46.5171695,,,,2,2023-06-20T07:26:30+00:00
SAO_2772-10,São Paulo,3550308,True,,33166,,,-23.510883,-46.4039935,,,,2,2023-06-20T07:27:09+00:00
SAO_2772-10,São Paulo,3550308,True,,33166,,,-23.533080499999997,-46.543136,,,,2,2023-06-20T07:26:51+00:00
SAO_N302-11,São Paulo,3550308,True,,35104,,,-23.51775,-46.4757475,,,,2,2023-06-20T07:26:53+00:00
SAO_N242-11,São Paulo,3550308,True,,2331,,,-23.500623,-46.6153075,,,,1,2023-06-20T07:23:35+00:00
SAO_809U-21,São Paulo,3550308,True,,2307,,,-23.525606,-46.6712185,,,,1,2023-06-20T07:27:27+00:00
SAO_372F-10,São Paulo,3550308,True,,1015,,,-23.546568,-46.605794,,,,1,2023-06-20T07:26:52+00:00
SAO_5108-10,São Paulo,3550308,True,,34443,,,-23.6496705,-46.6138115,,,,2,2023-06-20T07:27:21+00:00
SAO_5108-10,São Paulo,3550308,True,,34443,,,-23.648207,-46.613465500000004,,,,2,2023-06-20T07:27:27+00:00
SAO_5108-10,São Paulo,3550308,True,,34443,,,-23.650012,-46.6139055,,,,2,2023-06-20T07:27:02+00:00
SAO_5108-10,São Paulo,3550308,True,,34443,,,-23.650012,-46.6139055,,,,2,2023-06-20T07:26:51+00:00
SAO_3732-10,São Paulo,3550308,True,,1029,,,-23.554565500000002,-46.439924500000004,,,,1,2023-06-20T07:27:20+00:00
SAO_2732-10,São Paulo,3550308,True,,33715,,,-23.529743,-46.45955,,,,2,2023-06-20T07:27:20+00:00
SAO_607A-10,São Paulo,3550308,True,,34907,,,-23.678701750000002,-46.6968985,,,,2,2023-06-20T07:27:30+00:00
SAO_607A-10,São Paulo,3550308,True,,34907,,,-23.708807999999998,-46.656356,,,,2,2023-06-20T07:26:54+00:00
SAO_2723-10,São Paulo,3550308,True,,937,,,-23.487495,-46.463618999999994,,,,1,2023-06-20T07:27:32+00:00
SAO_2723-10,São Paulo,3550308,True,,937,,,-23.487495,-46.463618999999994,,,,1,2023-06-20T07:27:07+00:00
SAO_2723-10,São Paulo,3550308,True,,937,,,-23.487495,-46.463618999999994,,,,1,2023-06-20T07:27:28+00:00
SAO_6051-31,São Paulo,3550308,True,,34374,,,-23.7621455,-46.689133,,,,2,2023-06-20T07:27:30+00:00
SAO_6051-31,São Paulo,3550308,True,,34374,,,-23.7621455,-46.689133,,,,2,2023-06-20T07:27:17+00:00
SAO_8004-10,São Paulo,3550308,True,,34022,,,-23.487218499999997,-46.756806499999996,,,,2,2023-06-20T07:26:59+00:00
SAO_2767-10,São Paulo,3550308,True,,33009,,,-23.502146249999996,-46.464259,,,,2,2023-06-20T07:27:12+00:00
SAO_8002-10,São Paulo,3550308,True,,34020,,,-23.508299,-46.732738499999996,,,,2,2023-06-20T07:27:22+00:00
SAO_N405-11,São Paulo,3550308,True,,2361,,,-23.542766999999998,-46.470827,,,,1,2023-06-20T07:27:14+00:00
SAO_6042-21,São Paulo,3550308,True,,34543,,,-23.654173,-46.762701500000006,,,,2,2023-06-20T07:27:02+00:00
SAO_N141-11,São Paulo,3550308,True,,35065,,,-23.483971,-46.691477,,,,2,2023-06-20T07:27:23+00:00
SAO_374M-10,São Paulo,3550308,True,,34733,,,-23.5098845,-46.497307,,,,2,2023-06-20T07:27:04+00:00
SAO_3301-10,São Paulo,3550308,True,,34386,,,-23.51262775,-46.515058749999994,,,,2,2023-06-20T07:26:49+00:00
SAO_3301-10,São Paulo,3550308,True,,34386,,,-23.491747500000002,-46.433961,,,,2,2023-06-20T07:27:07+00:00
SAO_4035-10,São Paulo,3550308,True,,35328,,,-23.558587000000003,-46.399857999999995,,,,2,2023-06-20T07:27:05+00:00
SAO_4035-10,São Paulo,3550308,True,,35328,,,-23.558008,-46.3996015,,,,2,2023-06-20T07:27:27+00:00
SAO_5033-10,São Paulo,3550308,True,,1665,,,-23.602399,-46.6046415,,,,1,2023-06-20T07:27:25+00:00
SAO_857R-10,São Paulo,3550308,True,,1892,,,-23.605173,-46.7460725,,,,1,2023-06-20T07:27:17+00:00
SAO_6L01-10,São Paulo,3550308,True,,1171,,,-23.769672,-46.7172255,,,,1,2023-06-20T07:27:10+00:00
SAO_N632-11,São Paulo,3550308,True,,2397,,,-23.654320499999997,-46.7129215,,,,1,2023-06-20T07:26:49+00:00
SAO_4033-10,São Paulo,3550308,True,,1103,,,-23.6032955,-46.5422345,,,,1,2023-06-20T07:27:21+00:00
SAO_3712-10,São Paulo,3550308,True,,33777,,,-23.551032,-46.4372195,,,,2,2023-06-20T07:27:08+00:00
SAO_N602-11,São Paulo,3550308,True,,35161,,,-23.6881275,-46.71470775,,,,2,2023-06-20T07:27:07+00:00
SAO_695Y-10,São Paulo,3550308,True,,1198,,,-23.824735500000003,-46.7343515,,,,1,2023-06-20T07:27:26+00:00
SAO_N702-11,São Paulo,3550308,True,,35175,,,-23.609473125,-46.667825625,,,,2,2023-06-20T07:27:28+00:00
SAO_1709-10,São Paulo,3550308,True,,33619,,,-23.479985,-46.603936000000004,,,,2,2023-06-20T07:26:46+00:00
SAO_1709-10,São Paulo,3550308,True,,33619,,,-23.479985,-46.603936000000004,,,,2,2023-06-20T07:26:57+00:00
SAO_9002-10,São Paulo,3550308,True,,870,,,-23.4579405,-46.6705775,,,,1,2023-06-20T07:27:20+00:00
SAO_695V-10,São Paulo,3550308,True,,32776,,,-23.627412437500002,-46.6846245,,,,2,2023-06-20T07:27:31+00:00
SAO_8009-31,São Paulo,3550308,True,,34028,,,-23.442325,-46.755354,,,,2,2023-06-20T07:27:10+00:00
SAO_6041-10,São Paulo,3550308,True,,1218,,,-23.690493500000002,-46.780443,,,,1,2023-06-20T07:26:51+00:00
SAO_6041-10,São Paulo,3550308,True,,1218,,,-23.690493500000002,-46.780443,,,,1,2023-06-20T07:26:48+00:00
SAO_6041-10,São Paulo,3550308,True,,1218,,,-23.690493500000002,-46.780443,,,,1,2023-06-20T07:26:59+00:00
SAO_2756-10,São Paulo,3550308,True,,33006,,,-23.51024125,-46.438597,,,,2,2023-06-20T07:27:06+00:00
SAO_2756-10,São Paulo,3550308,True,,33006,,,-23.5392835,-46.4083225,,,,2,2023-06-20T07:27:03+00:00
SAO_179X-10,São Paulo,3550308,True,,33448,,,-23.5264125,-46.667292,,,,2,2023-06-20T07:27:06+00:00
SAO_478P-10,São Paulo,3550308,True,,33117,,,-23.5849715,-46.636308,,,,2,2023-06-20T07:27:18+00:00
SAO_477A-10,São Paulo,3550308,True,EMTU,346,https://moovitapp.com/index/pt-br/transporte_p%C3%BAblico-line-346-Sao_Paulo-242-2038937-36419429-0,6.3,-23.603806499999997,-46.603359499999996,,,,1,2023-06-20T07:27:16+00:00
SAO_477A-10,São Paulo,3550308,True,EMTU,346,https://moovitapp.com/index/pt-br/transporte_p%C3%BAblico-line-346-Sao_Paulo-242-2038937-36419429-0,6.3,-23.585894500000002,-46.634992,,,,1,2023-06-20T07:27:30+00:00
SAO_477A-10,São Paulo,3550308,True,EMTU,346,https://moovitapp.com/index/pt-br/transporte_p%C3%BAblico-line-346-Sao_Paulo-242-2038937-36419429-0,6.3,-23.603806499999997,-46.603359499999996,,,,1,2023-06-20T07:27:30+00:00
SAO_118C-10,São Paulo,3550308,True,,33287,,,-23.4696645,-46.655981499999996,,,,2,2023-06-20T07:26:59+00:00
SAO_2678-10,São Paulo,3550308,True,,33151,,,-23.4943015,-46.415208500000006,,,,2,2023-06-20T07:27:01+00:00
SAO_2678-10,São Paulo,3550308,True,,33151,,,-23.52248175,-46.540659,,,,2,2023-06-20T07:27:23+00:00
SAO_2678-10,São Paulo,3550308,True,,33151,,,-23.510477,-46.504323,,,,2,2023-06-20T07:27:24+00:00
SAO_709M-10,São Paulo,3550308,True,,2462,,,-23.654158,-46.710677000000004,,,,1,2023-06-20T07:27:07+00:00
SAO_709M-10,São Paulo,3550308,True,,2462,,,-23.654158,-46.710677000000004,,,,1,2023-06-20T07:26:56+00:00
SAO_N235-11,São Paulo,3550308,True,,35092,,,-23.473547500000002,-46.639816999999994,,,,2,2023-06-20T07:27:31+00:00
SAO_4001-10,São Paulo,3550308,True,,34944,,,-23.558332999999998,-46.5225965,,,,2,2023-06-20T07:27:02+00:00
SAO_4001-10,São Paulo,3550308,True,,34944,,,-23.5324585,-46.4411255,,,,2,2023-06-20T07:27:05+00:00
SAO_8019-31,São Paulo,3550308,True,,35342,,,-23.548056000000003,-46.751441,,,,2,2023-06-20T07:27:32+00:00
SAO_106A-10,São Paulo,3550308,True,,33284,,,-23.515189499999998,-46.628763000000006,,,,2,2023-06-20T07:27:06+00:00
SAO_2435-10,São Paulo,3550308,True,Cidade de Caieiras,210,https://moovitapp.com/index/pt-br/transporte_p%C3%BAblico-line-210-Sao_Paulo-242-868761-496408-0,5.0,-23.5293535,-46.479913499999995,,,,1,2023-06-20T07:27:11+00:00
SAO_2435-10,São Paulo,3550308,True,Cidade de Caieiras,210,https://moovitapp.com/index/pt-br/transporte_p%C3%BAblico-line-210-Sao_Paulo-242-868761-496408-0,5.0,-23.5293535,-46.479913499999995,,,,1,2023-06-20T07:26:38+00:00
SAO_N304-11,São Paulo,3550308,True,,35106,,,-23.514884625,-46.530816,,,,2,2023-06-20T07:27:30+00:00
SAO_675L-10,São Paulo,3550308,True,,34246,,,-23.603628750000002,-46.6623445,,,,2,2023-06-20T07:26:52+00:00
SAO_971C-10,São Paulo,3550308,True,,571,,,-23.453593499999997,-46.698297499999995,,,,1,2023-06-20T07:27:00+00:00
SAO_N234-11,São Paulo,3550308,True,,35091,,,-23.470377499999998,-46.65239,,,,2,2023-06-20T07:26:57+00:00
SAO_6821-10,São Paulo,3550308,True,BR7 Mobilidade,21,https://moovitapp.com/index/pt-br/transporte_p%C3%BAblico-line-21-Sao_Paulo-242-851856-707765-0,5.75,-23.654274,-46.7625595,,,,1,2023-06-20T07:27:09+00:00
SAO_208V-10,São Paulo,3550308,True,Rápido Campinas,207,https://moovitapp.com/index/pt-br/transporte_p%C3%BAblico-line-207-Sao_Paulo-242-858660-638984-0,5.3,-23.517753,-46.475941500000005,,,,1,2023-06-20T07:26:51+00:00
SAO_208V-10,São Paulo,3550308,True,Rápido Campinas,207,https://moovitapp.com/index/pt-br/transporte_p%C3%BAblico-line-207-Sao_Paulo-242-858660-638984-0,5.3,-23.517753,-46.475941500000005,,,,1,2023-06-20T07:26:54+00:00
SAO_208V-10,São Paulo,3550308,True,Rápido Campinas,207,https://moovitapp.com/index/pt-br/transporte_p%C3%BAblico-line-207-Sao_Paulo-242-858660-638984-0,5.3,-23.517753,-46.475941500000005,,,,1,2023-06-20T07:26:48+00:00
SAO_208V-10,São Paulo,3550308,True,Rápido Campinas,207,https://moovitapp.com/index/pt-br/transporte_p%C3%BAblico-line-207-Sao_Paulo-242-858660-638984-0,5.3,-23.517753,-46.475941500000005,,,,1,2023-06-20T07:26:53+00:00
SAO_208V-10,São Paulo,3550308,True,Rápido Campinas,207,https://moovitapp.com/index/pt-br/transporte_p%C3%BAblico-line-207-Sao_Paulo-242-858660-638984-0,5.3,-23.517753,-46.475941500000005,,,,1,2023-06-20T07:27:02+00:00
SAO_208V-10,São Paulo,3550308,True,Rápido Campinas,207,https://moovitapp.com/index/pt-br/transporte_p%C3%BAblico-line-207-Sao_Paulo-242-858660-638984-0,5.3,-23.517753,-46.475941500000005,,,,1,2023-06-20T07:27:25+00:00
SAO_4210-10,São Paulo,3550308,True,,2170,,,-23.582577,-46.408426,,,,1,2023-06-20T07:27:30+00:00
SAO_938C-10,São Paulo,3550308,True,,586,,,-23.4754335,-46.727731750000004,,,,1,2023-06-20T07:26:50+00:00
SAO_N738-11,São Paulo,3550308,True,,35187,,,-23.710799,-46.770011,,,,2,2023-06-20T07:27:25+00:00
SAO_N535-11,São Paulo,3550308,True,,35155,,,-23.602621499999998,-46.6023615,,,,2,2023-06-20T07:27:15+00:00
SAO_6047-10,São Paulo,3550308,True,,1224,,,-23.6687965,-46.764152499999994,,,,1,2023-06-20T07:27:31+00:00
SAO_8012-10,São Paulo,3550308,True,,2023,,,-23.568261,-46.7081285,,,,1,2023-06-20T07:27:09+00:00
SAO_874T-10,São Paulo,3550308,True,EMTU,307,https://moovitapp.com/index/pt-br/transporte_p%C3%BAblico-line-307-Sao_Paulo-242-2038937-36419399-0,5.2,-23.530237999999997,-46.666238,,,,1,2023-06-20T07:27:06+00:00
SAO_874T-10,São Paulo,3550308,True,EMTU,307,https://moovitapp.com/index/pt-br/transporte_p%C3%BAblico-line-307-Sao_Paulo-242-2038937-36419399-0,5.2,-23.578074,-46.6021865,,,,1,2023-06-20T07:27:30+00:00
SAO_477P-10,São Paulo,3550308,True,,33116,,,-23.607863687500004,-46.627291,,,,2,2023-06-20T07:27:08+00:00
SAO_477P-10,São Paulo,3550308,True,,33116,,,-23.582254,-46.684310499999995,,,,2,2023-06-20T07:27:24+00:00
SAO_917H-10,São Paulo,3550308,True,STT,456,https://moovitapp.com/index/pt-br/transporte_p%C3%BAblico-line-456-Sao_Paulo-242-850661-10416524-0,5.3,-23.486014,-46.7257505,,,,1,2023-06-20T07:27:07+00:00
SAO_3751-10,São Paulo,3550308,True,,33815,,,-23.569594000000002,-46.409662,,,,2,2023-06-20T07:27:20+00:00
SAO_3751-10,São Paulo,3550308,True,,33815,,,-23.5640315,-46.408191,,,,2,2023-06-20T07:26:51+00:00
SAO_N142-11,São Paulo,3550308,True,,2298,,,-23.506332,-46.6694535,,,,1,2023-06-20T07:27:17+00:00
SAO_695Y-10,São Paulo,3550308,True,,33966,,,-23.675131999999998,-46.6911035,,,,2,2023-06-20T07:26:59+00:00
SAO_695Y-10,São Paulo,3550308,True,,33966,,,-23.599355000000003,-46.646642,,,,2,2023-06-20T07:27:07+00:00
SAO_695Y-10,São Paulo,3550308,True,,33966,,,-23.7474395,-46.7082355,,,,2,2023-06-20T07:27:09+00:00
SAO_6074-10,São Paulo,3550308,True,,33929,,,-23.734608,-46.6640375,,,,2,2023-06-20T07:27:13+00:00
SAO_3721-10,São Paulo,3550308,True,,1019,,,-23.5623535,-46.493435,,,,1,2023-06-20T07:27:21+00:00
SAO_N732-11,São Paulo,3550308,True,,35181,,,-23.73011,-46.7913145,,,,2,2023-06-20T07:27:13+00:00
SAO_3737-10,São Paulo,3550308,True,,1037,,,-23.539483500000003,-46.514731,,,,1,2023-06-20T07:26:56+00:00
SAO_N638-11,São Paulo,3550308,True,,35171,,,-23.7362635,-46.6964265,,,,2,2023-06-20T07:27:14+00:00
SAO_N135-11,São Paulo,3550308,True,,2291,,,-23.4337045,-46.727669500000005,,,,1,2023-06-20T07:27:29+00:00
SAO_476A-10,São Paulo,3550308,True,,33072,,,-23.57545125,-46.60322875,,,,2,2023-06-20T07:27:19+00:00
SAO_N243-11,São Paulo,3550308,True,,2332,,,-23.498711,-46.60600325,,,,1,2023-06-20T07:27:01+00:00
SAO_2552-10,São Paulo,3550308,True,,32910,,,-23.4841585,-46.420317999999995,,,,2,2023-06-20T07:27:25+00:00
SAO_6913-10,São Paulo,3550308,True,,34233,,,-23.7676285,-46.7168275,,,,2,2023-06-20T07:27:14+00:00
SAO_N240-11,São Paulo,3550308,True,,2329,,,-23.4901515,-46.624446,,,,1,2023-06-20T07:25:17+00:00
SAO_N202-11,São Paulo,3550308,True,,2312,,,-23.503494,-46.635054625,,,,1,2023-06-20T07:26:52+00:00
SAO_N532-11,São Paulo,3550308,True,,2384,,,-23.599813625,-46.500291875,,,,1,2023-06-20T07:27:30+00:00
SAO_6046-10,São Paulo,3550308,True,,33991,,,-23.683948,-46.7815925,,,,2,2023-06-20T07:26:55+00:00
SAO_N635-11,São Paulo,3550308,True,,35168,,,-23.73479,-46.66230675,,,,2,2023-06-20T07:27:21+00:00
SAO_N433-11,São Paulo,3550308,True,,2366,,,-23.542945500000002,-46.588449,,,,1,2023-06-20T07:26:56+00:00
SAO_6813-10,São Paulo,3550308,True,BR7 Mobilidade,33,https://moovitapp.com/index/pt-br/transporte_p%C3%BAblico-line-33-Sao_Paulo-242-851856-529134-0,5.75,-23.6541265,-46.7631545,,,,1,2023-06-20T07:26:49+00:00
SAO_8215-10,São Paulo,3550308,True,,33342,,,-23.467734999999998,-46.697888000000006,,,,2,2023-06-20T07:27:24+00:00
SAO_N205-11,São Paulo,3550308,True,,35083,,,-23.5593705,-46.68124,,,,2,2023-06-20T07:26:47+00:00
SAO_6010-10,São Paulo,3550308,True,,1202,,,-23.6938785,-46.7945825,,,,1,2023-06-20T07:27:31+00:00
SAO_6010-10,São Paulo,3550308,False,,1202,,,-23.6938785,-46.7945825,,,,1,2023-06-20T07:26:56+00:00
SAO_N801-11,São Paulo,3550308,True,,2428,,,-23.547867,-46.64265949999999,,,,1,2023-06-20T07:27:33+00:00
SAO_8707-10,São Paulo,3550308,True,,34832,,,-23.57683825,-46.764966625,,,,2,2023-06-20T07:27:30+00:00
SAO_N239-11,São Paulo,3550308,True,,2328,,,-23.4635535,-46.59553150000001,,,,1,2023-06-20T07:26:06+00:00
SAO_2552-10,São Paulo,3550308,True,,142,,,-23.498184,-46.4575575,,,,1,2023-06-20T07:27:11+00:00
SAO_7062-31,São Paulo,3550308,True,,34682,,,-23.6463475,-46.7730035,,,,2,2023-06-20T07:27:11+00:00
SAO_7062-31,São Paulo,3550308,True,,34682,,,-23.6463915,-46.7728495,,,,2,2023-06-20T07:27:21+00:00
SAO_5105-10,São Paulo,3550308,True,,34419,,,-23.6034985,-46.601729000000006,,,,2,2023-06-20T07:26:46+00:00
SAO_5105-10,São Paulo,3550308,True,,34419,,,-23.6034215,-46.602013,,,,2,2023-06-20T07:27:19+00:00
SAO_5105-10,São Paulo,3550308,True,,34419,,,-23.603538999999998,-46.601470500000005,,,,2,2023-06-20T07:26:49+00:00
SAO_N742-11,São Paulo,3550308,True,,2423,,,-23.6244995,-46.73398,,,,1,2023-06-20T07:27:17+00:00
SAO_3112-10,São Paulo,3550308,True,,1080,,,-23.598871000000003,-46.538347,,,,1,2023-06-20T07:27:00+00:00
SAO_274P-10,São Paulo,3550308,True,Grupo Vida,232,https://moovitapp.com/index/pt-br/transporte_p%C3%BAblico-line-232-Sao_Paulo-242-887112-748347-0,5.3,-23.512145500000003,-46.530806,,,,1,2023-06-20T07:27:23+00:00
SAO_TREI-10,São Paulo,3550308,True,,35257,,,-23.649334,-46.6137015,,,,2,2023-06-20T07:26:47+00:00
SAO_TREI-10,São Paulo,3550308,True,,35257,,,-23.594777,-46.5478045,,,,2,2023-06-20T07:27:12+00:00
SAO_233C-10,São Paulo,3550308,True,,155,,,-23.52475475,-46.47498425,,,,1,2023-06-20T07:27:30+00:00
SAO_233C-10,São Paulo,3550308,True,,155,,,-23.523995749999997,-46.47512025,,,,1,2023-06-20T07:26:59+00:00
SAO_3738-10,São Paulo,3550308,True,,33806,,,-23.5629515,-46.3946025,,,,2,2023-06-20T07:27:28+00:00
SAO_3738-10,São Paulo,3550308,True,,33806,,,-23.55263925,-46.4329455,,,,2,2023-06-20T07:27:18+00:00
SAO_9354-10,São Paulo,3550308,True,,33476,,,-23.5030125,-46.654415,,,,2,2023-06-20T07:27:11+00:00
SAO_6037-10,São Paulo,3550308,True,,1215,,,-23.6493575,-46.7848365,,,,1,2023-06-20T07:27:12+00:00
SAO_6037-10,São Paulo,3550308,True,,1215,,,-23.6494785,-46.784633,,,,1,2023-06-20T07:26:55+00:00
SAO_6037-10,São Paulo,3550308,True,,1215,,,-23.6493575,-46.7848365,,,,1,2023-06-20T07:26:59+00:00
SAO_6037-10,São Paulo,3550308,True,,1215,,,-23.6493575,-46.7848365,,,,1,2023-06-20T07:27:14+00:00
SAO_6837-10,São Paulo,3550308,True,,32774,,,-23.61925275,-46.74633125,,,,2,2023-06-20T07:27:14+00:00
SAO_3027-10,São Paulo,3550308,True,,963,,,-23.5431935,-46.4152505,,,,1,2023-06-20T07:27:23+00:00
SAO_3027-10,São Paulo,3550308,True,,963,,,-23.550971500000003,-46.436522,,,,1,2023-06-20T07:26:59+00:00
SAO_N706-11,São Paulo,3550308,True,,35179,,,-23.571253249999998,-46.693721749999995,,,,2,2023-06-20T07:27:28+00:00
SAO_5107-10,São Paulo,3550308,True,,1659,,,-23.603439,-46.602865,,,,1,2023-06-20T07:27:11+00:00
SAO_N601-11,São Paulo,3550308,True,,35160,,,-23.61344975,-46.65811375,,,,2,2023-06-20T07:27:32+00:00
SAO_6812-10,São Paulo,3550308,True,,1242,,,-23.6677405,-46.73030275,,,,1,2023-06-20T07:27:17+00:00
SAO_N331-11,São Paulo,3550308,True,,35111,,,-23.517459000000002,-46.475209500000005,,,,2,2023-06-20T07:27:30+00:00
SAO_107T-10,São Paulo,3550308,True,,33389,,,-23.501817000000003,-46.624587,,,,2,2023-06-20T07:27:05+00:00
SAO_N307-11,São Paulo,3550308,True,,35109,,,-23.5681965,-46.670736500000004,,,,2,2023-06-20T07:27:01+00:00
SAO_N307-11,São Paulo,3550308,True,,35109,,,-23.546062,-46.630887,,,,2,2023-06-20T07:27:25+00:00
SAO_917H-10,São Paulo,3550308,True,,33224,,,-23.509420499999997,-46.7536445,,,,2,2023-06-20T07:27:04+00:00
SAO_917H-10,São Paulo,3550308,True,,33224,,,-23.50806875,-46.750578250000004,,,,2,2023-06-20T07:27:29+00:00
SAO_7053-10,São Paulo,3550308,True,,1887,,,-23.640779000000002,-46.7825665,,,,1,2023-06-20T07:27:15+00:00
SAO_7053-10,São Paulo,3550308,True,,1887,,,-23.654132500000003,-46.788232,,,,1,2023-06-20T07:27:03+00:00
SAO_7053-10,São Paulo,3550308,True,,1887,,,-23.654132500000003,-46.788232,,,,1,2023-06-20T07:27:25+00:00
SAO_7053-10,São Paulo,3550308,True,,1887,,,-23.640779000000002,-46.7825665,,,,1,2023-06-20T07:27:13+00:00
SAO_7053-10,São Paulo,3550308,True,,1887,,,-23.640779000000002,-46.7825665,,,,1,2023-06-20T07:27:32+00:00
SAO_6091-10,São Paulo,3550308,True,,1175,,,-23.654212,-46.711248999999995,,,,1,2023-06-20T07:27:13+00:00
SAO_6091-10,São Paulo,3550308,True,,1175,,,-23.786246499999997,-46.726106,,,,1,2023-06-20T07:27:29+00:00
SAO_3051-10,São Paulo,3550308,True,,35214,,,-23.518814499999998,-46.475541,,,,2,2023-06-20T07:26:57+00:00
SAO_3051-10,São Paulo,3550308,True,,35214,,,-23.515351,-46.4687215,,,,2,2023-06-20T07:27:24+00:00
SAO_N833-11,São Paulo,3550308,True,,35200,,,-23.55892875,-46.698054,,,,2,2023-06-20T07:27:18+00:00
SAO_7013-10,São Paulo,3550308,True,,33543,,,-23.636114,-46.75805,,,,2,2023-06-20T07:26:55+00:00
SAO_N301-11,São Paulo,3550308,True,,35103,,,-23.535944,-46.5720685,,,,2,2023-06-20T07:26:55+00:00
SAO_N301-11,São Paulo,3550308,True,,35103,,,-23.5173865,-46.47583825,,,,2,2023-06-20T07:27:02+00:00
SAO_5109-10,São Paulo,3550308,True,,34619,,,-23.546896,-46.629020999999995,,,,2,2023-06-20T07:26:49+00:00
SAO_5109-10,São Paulo,3550308,True,,34619,,,-23.547353,-46.6287365,,,,2,2023-06-20T07:27:07+00:00
SAO_N131-11,São Paulo,3550308,True,,35055,,,-23.509811,-46.7556465,,,,2,2023-06-20T07:27:21+00:00
SAO_477A-10,São Paulo,3550308,True,,33114,,,-23.603827000000003,-46.602784,,,,2,2023-06-20T07:27:17+00:00
SAO_477A-10,São Paulo,3550308,True,,33114,,,-23.5820735,-46.626922,,,,2,2023-06-20T07:27:23+00:00
SAO_477A-10,São Paulo,3550308,True,,33114,,,-23.579137000000003,-46.661575,,,,2,2023-06-20T07:27:06+00:00
SAO_1178-10,São Paulo,3550308,True,,132,,,-23.504322000000002,-46.433214,,,,1,2023-06-20T07:26:45+00:00
SAO_407L-10,São Paulo,3550308,True,,2199,,,-23.5757165,-46.416253499999996,,,,1,2023-06-20T07:27:30+00:00
SAO_5034-10,São Paulo,3550308,True,,1663,,,-23.621144125,-46.602496375,,,,1,2023-06-20T07:26:56+00:00
SAO_6012-10,São Paulo,3550308,True,,33972,,,-23.686754,-46.7876415,,,,2,2023-06-20T07:26:54+00:00
SAO_N505-11,São Paulo,3550308,True,,35147,,,-23.599728,-46.628146,,,,2,2023-06-20T07:26:59+00:00
SAO_5614-10,São Paulo,3550308,True,,34283,,,-23.69952275,-46.64200425,,,,2,2023-06-20T07:26:31+00:00
SAO_9011-10,São Paulo,3550308,True,,33646,,,-23.47494,-46.67014399999999,,,,2,2023-06-20T07:26:46+00:00
SAO_9011-10,São Paulo,3550308,True,,33646,,,-23.47494,-46.67014399999999,,,,2,2023-06-20T07:26:54+00:00
SAO_9011-10,São Paulo,3550308,True,,33646,,,-23.47494,-46.67014399999999,,,,2,2023-06-20T07:26:50+00:00
SAO_2201-10,São Paulo,3550308,True,,33677,,,-23.532773499999998,-46.394621,,,,2,2023-06-20T07:26:23+00:00
SAO_1772-10,São Paulo,3550308,True,,33403,,,-23.4404255,-46.577217000000005,,,,2,2023-06-20T07:27:01+00:00
SAO_N704-11,São Paulo,3550308,True,,2409,,,-23.653958125,-46.712061750000004,,,,1,2023-06-20T07:27:14+00:00
SAO_9354-10,São Paulo,3550308,True,,708,,,-23.474202,-46.669375,,,,1,2023-06-20T07:26:52+00:00
SAO_6L10-10,São Paulo,3550308,True,,33927,,,-23.808874000000003,-46.764905999999996,,,,2,2023-06-20T07:26:51+00:00
SAO_8015-10,São Paulo,3550308,True,,1345,,,-23.4776485,-46.714215,,,,1,2023-06-20T07:26:57+00:00
SAO_4053-10,São Paulo,3550308,True,,2146,,,-23.5529695,-46.3943265,,,,1,2023-06-20T07:27:05+00:00
SAO_4053-10,São Paulo,3550308,True,,2146,,,-23.553117999999998,-46.394191,,,,1,2023-06-20T07:27:12+00:00
SAO_5110-10,São Paulo,3550308,True,,2209,,,-23.61259,-46.479862999999995,,,,1,2023-06-20T07:27:28+00:00
SAO_307C-10,São Paulo,3550308,True,,34882,,,-23.5037935,-46.379870499999996,,,,2,2023-06-20T07:27:23+00:00
SAO_5300-10,São Paulo,3550308,True,EMTU,354,https://moovitapp.com/index/pt-br/transporte_p%C3%BAblico-line-354-Sao_Paulo-242-2038937-36419437-0,7.55,-23.654195,-46.711744499999995,,,,1,2023-06-20T07:27:25+00:00
SAO_5300-10,São Paulo,3550308,True,EMTU,354,https://moovitapp.com/index/pt-br/transporte_p%C3%BAblico-line-354-Sao_Paulo-242-2038937-36419437-0,7.55,-23.654195,-46.711744499999995,,,,1,2023-06-20T07:27:03+00:00
SAO_3756-10,São Paulo,3550308,True,,33818,,,-23.590653500000002,-46.389331375,,,,2,2023-06-20T07:27:22+00:00
SAO_3756-10,São Paulo,3550308,True,,33818,,,-23.5598985,-46.435769,,,,2,2023-06-20T07:26:50+00:00
SAO_778J-10,São Paulo,3550308,True,,33276,,,-23.589986500000002,-46.785504,,,,2,2023-06-20T07:26:54+00:00
SAO_311C-10,São Paulo,3550308,True,,33077,,,-23.594777,-46.5478045,,,,2,2023-06-20T07:27:04+00:00
SAO_2060-10,São Paulo,3550308,True,EMTU,134,https://moovitapp.com/index/pt-br/transporte_p%C3%BAblico-line-134-Sao_Paulo-242-2038937-36419287-0,5.2,-23.52375,-46.4749075,,,,1,2023-06-20T07:27:32+00:00
SAO_3063-10,São Paulo,3550308,True,EMTU,253,https://moovitapp.com/index/pt-br/transporte_p%C3%BAblico-line-253-Sao_Paulo-242-2038937-36419364-0,5.4,-23.558697000000002,-46.3999615,,,,1,2023-06-20T07:26:55+00:00
SAO_875A-10,São Paulo,3550308,True,,609,,,-23.617147,-46.638850375,,,,1,2023-06-20T07:27:23+00:00
SAO_6084-10,São Paulo,3550308,True,,1169,,,-23.768638000000003,-46.715811,,,,1,2023-06-20T07:27:26+00:00
SAO_N837-11,São Paulo,3550308,True,,2436,,,-23.597091,-46.7768115,,,,1,2023-06-20T07:26:59+00:00
SAO_573T-10,São Paulo,3550308,True,,34400,,,-23.614441499999998,-46.500118,,,,2,2023-06-20T07:27:28+00:00
SAO_N705-11,São Paulo,3550308,True,,35178,,,-23.643911000000003,-46.733135000000004,,,,2,2023-06-20T07:27:10+00:00
SAO_N334-11,São Paulo,3550308,True,,35114,,,-23.517572,-46.475783,,,,2,2023-06-20T07:26:50+00:00
SAO_3721-41,São Paulo,3550308,True,,1693,,,-23.5579705,-46.495577999999995,,,,1,2023-06-20T07:27:18+00:00
SAO_6815-10,São Paulo,3550308,True,BR7 Mobilidade,25,https://moovitapp.com/index/pt-br/transporte_p%C3%BAblico-line-25-Sao_Paulo-242-851856-758720-0,5.75,-23.654369000000003,-46.762426500000004,,,,1,2023-06-20T07:27:24+00:00
SAO_N435-11,São Paulo,3550308,True,,2368,,,-23.583009500000003,-46.4076625,,,,1,2023-06-20T07:26:57+00:00
SAO_6099-10,São Paulo,3550308,True,,34355,,,-23.843864,-46.7435405,,,,2,2023-06-20T07:24:03+00:00
SAO_314J-10,São Paulo,3550308,True,Cidade de Caieiras,310,https://moovitapp.com/index/pt-br/transporte_p%C3%BAblico-line-310-Sao_Paulo-242-868761-496418-0,5.0,-23.6103875,-46.508309,,,,1,2023-06-20T07:26:37+00:00
SAO_3539-10,São Paulo,3550308,True,,33516,,,-23.60323025,-46.397706,,,,2,2023-06-20T07:26:59+00:00
SAO_3539-10,São Paulo,3550308,True,,33516,,,-23.573963,-46.445578,,,,2,2023-06-20T07:27:21+00:00
SAO_7057-10,São Paulo,3550308,True,,1897,,,-23.649582000000002,-46.784457,,,,1,2023-06-20T07:26:49+00:00
SAO_N736-11,São Paulo,3550308,True,,35185,,,-23.7464985,-46.778683,,,,2,2023-06-20T07:26:54+00:00
SAO_978J-10,São Paulo,3550308,True,EMTU,591,https://moovitapp.com/index/pt-br/transporte_p%C3%BAblico-line-591-Sao_Paulo-242-2038937-36419577-0,5.4,-23.4377645,-46.7402525,,,,1,2023-06-20T07:26:53+00:00
SAO_6063-21,São Paulo,3550308,True,,34769,,,-23.7690195,-46.715415500000006,,,,2,2023-06-20T07:26:59+00:00
SAO_2769-10,São Paulo,3550308,True,,33165,,,-23.4845585,-46.4295565,,,,2,2023-06-20T07:27:18+00:00
SAO_2769-10,São Paulo,3550308,True,,33165,,,-23.488800249999997,-46.392363625,,,,2,2023-06-20T07:27:01+00:00
SAO_5391-22,São Paulo,3550308,True,,34546,,,-23.692036,-46.776298499999996,,,,2,2023-06-20T07:27:05+00:00
SAO_N406-11,São Paulo,3550308,True,,2362,,,-23.582969,-46.407816499999996,,,,1,2023-06-20T07:27:26+00:00
SAO_3741-10,São Paulo,3550308,True,,1041,,,-23.552296375,-46.45134875,,,,1,2023-06-20T07:27:21+00:00
SAO_N538-11,São Paulo,3550308,True,,35158,,,-23.66302925,-46.6197265,,,,2,2023-06-20T07:23:37+00:00
SAO_576C-10,São Paulo,3550308,True,,34058,,,-23.6466305,-46.6450555,,,,2,2023-06-20T07:27:19+00:00
SAO_7053-21,São Paulo,3550308,True,,34663,,,-23.642522,-46.786126499999995,,,,2,2023-06-20T07:27:26+00:00
SAO_7053-21,São Paulo,3550308,True,,34663,,,-23.642354750000003,-46.78591075,,,,2,2023-06-20T07:26:57+00:00
SAO_709A-10,São Paulo,3550308,True,,2092,,,-23.6132095,-46.696375,,,,1,2023-06-20T07:27:29+00:00
SAO_N308-11,São Paulo,3550308,True,,35110,,,-23.5403895,-46.574349999999995,,,,2,2023-06-20T07:27:21+00:00
SAO_N308-11,São Paulo,3550308,True,,35110,,,-23.542699,-46.4704295,,,,2,2023-06-20T07:24:35+00:00
SAO_475R-10,São Paulo,3550308,True,,344,,,-23.65282,-46.607729000000006,,,,1,2023-06-20T07:27:29+00:00
SAO_N140-11,São Paulo,3550308,True,,35064,,,-23.486474,-46.7266785,,,,2,2023-06-20T07:27:04+00:00
SAO_3754-10,São Paulo,3550308,True,,33817,,,-23.57374,-46.398475000000005,,,,2,2023-06-20T07:26:57+00:00
SAO_5630-10,São Paulo,3550308,True,,78,,,-23.7374635,-46.697805,,,,1,2023-06-20T07:27:25+00:00
SAO_5630-10,São Paulo,3550308,True,,78,,,-23.7374635,-46.697805,,,,1,2023-06-20T07:27:26+00:00
SAO_5630-10,São Paulo,3550308,True,,78,,,-23.7374635,-46.697805,,,,1,2023-06-20T07:27:16+00:00
SAO_N843-11,São Paulo,3550308,True,,35210,,,-23.632229000000002,-46.758911499999996,,,,2,2023-06-20T07:26:59+00:00
SAO_775N-10,São Paulo,3550308,True,,474,,,-23.5502831875,-46.7392525625,,,,1,2023-06-20T07:27:02+00:00
SAO_775N-10,São Paulo,3550308,True,,474,,,-23.55123175,-46.740238250000004,,,,1,2023-06-20T07:26:53+00:00
SAO_971D-10,São Paulo,3550308,True,,33477,,,-23.447985,-46.697056,,,,2,2023-06-20T07:27:24+00:00
SAO_N106-11,São Paulo,3550308,True,,35068,,,-23.52644,-46.66704,,,,2,2023-06-20T07:27:28+00:00
SAO_508L-10,São Paulo,3550308,True,EMTU,117,https://moovitapp.com/index/pt-br/transporte_p%C3%BAblico-line-117-Sao_Paulo-242-2038937-36419277-0,4.8,-23.534772,-46.644349,,,,1,2023-06-20T07:27:19+00:00
SAO_7053-21,São Paulo,3550308,True,,1895,,,-23.642771,-46.786125,,,,1,2023-06-20T07:27:18+00:00
SAO_N733-11,São Paulo,3550308,True,,35182,,,-23.72404375,-46.755942000000005,,,,2,2023-06-20T07:27:14+00:00
SAO_N305-11,São Paulo,3550308,True,,2339,,,-23.542614,-46.4155005,,,,1,2023-06-20T07:26:25+00:00
SAO_N204-11,São Paulo,3550308,True,,2314,,,-23.496263749999997,-46.58603050000001,,,,1,2023-06-20T07:27:30+00:00
SAO_N306-11,São Paulo,3550308,True,,35108,,,-23.491608499999998,-46.434101999999996,,,,2,2023-06-20T07:27:26+00:00
SAO_7062-41,São Paulo,3550308,True,,35039,,,-23.650915875,-46.770043625,,,,2,2023-06-20T07:27:18+00:00
SAO_7062-41,São Paulo,3550308,True,,35039,,,-23.650688625,-46.770039874999995,,,,2,2023-06-20T07:27:10+00:00
SAO_778R-10,São Paulo,3550308,True,EMTU,509,https://moovitapp.com/index/pt-br/transporte_p%C3%BAblico-line-509-Sao_Paulo-242-2038937-36419531-0,4.95,-23.53506275,-46.644746999999995,,,,1,2023-06-20T07:27:24+00:00
SAO_778R-10,São Paulo,3550308,True,EMTU,509,https://moovitapp.com/index/pt-br/transporte_p%C3%BAblico-line-509-Sao_Paulo-242-2038937-36419531-0,4.95,-23.585677,-46.811881,,,,1,2023-06-20T07:27:27+00:00
SAO_6042-10,São Paulo,3550308,True,,1219,,,-23.672669,-46.7646945,,,,1,2023-06-20T07:27:24+00:00
SAO_N741-11,São Paulo,3550308,True,,35190,,,-23.660479000000002,-46.777412,,,,2,2023-06-20T07:27:24+00:00
SAO_6820-31,São Paulo,3550308,True,,1406,,,-23.6540345,-46.7621105,,,,1,2023-06-20T07:27:20+00:00
SAO_3390-10,São Paulo,3550308,True,,33506,,,-23.561859499999997,-46.623039500000004,,,,2,2023-06-20T07:27:09+00:00
SAO_3390-10,São Paulo,3550308,True,,33506,,,-23.5962565,-46.5353645,,,,2,2023-06-20T07:26:57+00:00
SAO_1024-10,São Paulo,3550308,True,,35070,,,-23.461024000000002,-46.708865,,,,2,2023-06-20T07:27:16+00:00
SAO_407K-10,São Paulo,3550308,True,,34936,,,-23.555702500000002,-46.51713475,,,,2,2023-06-20T07:27:29+00:00
SAO_342N-10,São Paulo,3550308,True,,1003,,,-23.563197,-46.3939975,,,,1,2023-06-20T07:27:01+00:00
SAO_407H-10,São Paulo,3550308,True,,2197,,,-23.630965500000002,-46.4467205,,,,1,2023-06-20T07:27:29+00:00
SAO_N241-11,São Paulo,3550308,True,,35098,,,-23.453610750000003,-46.607701,,,,2,2023-06-20T07:25:10+00:00
SAO_6L11-10,São Paulo,3550308,True,,1167,,,-23.75833575,-46.66592825,,,,1,2023-06-20T07:27:28+00:00
SAO_263C-10,São Paulo,3550308,True,,33020,,,-23.479059749999998,-46.42096825,,,,2,2023-06-20T07:27:31+00:00
SAO_807A-10,São Paulo,3550308,True,,34668,,,-23.6432905,-46.742360000000005,,,,2,2023-06-20T07:27:09+00:00
SAO_N401-11,São Paulo,3550308,True,,2357,,,-23.5696245,-46.5404715,,,,1,2023-06-20T07:26:56+00:00
SAO_4013-10,São Paulo,3550308,True,,34954,,,-23.6132725,-46.472132,,,,2,2023-06-20T07:27:23+00:00
SAO_807P-10,São Paulo,3550308,True,,34867,,,-23.6163415,-46.720850999999996,,,,2,2023-06-20T07:26:55+00:00
SAO_7053-22,São Paulo,3550308,True,,34664,,,-23.6404155,-46.781168,,,,2,2023-06-20T07:27:22+00:00
SAO_709M-10,São Paulo,3550308,True,,35230,,,-23.566688,-46.701549,,,,2,2023-06-20T07:27:14+00:00
SAO_709M-10,São Paulo,3550308,True,,35230,,,-23.566688,-46.701549,,,,2,2023-06-20T07:26:49+00:00
SAO_5362-41,São Paulo,3550308,True,,72,,,-23.74488,-46.668146,,,,1,2023-06-20T07:27:32+00:00
SAO_675I-10,São Paulo,3550308,True,,32836,,,-23.643877,-46.733764,,,,2,2023-06-20T07:27:30+00:00
SAO_4286-10,São Paulo,3550308,True,,33094,,,-23.605458499999997,-46.5275475,,,,2,2023-06-20T07:27:29+00:00
SAO_6835-10,São Paulo,3550308,True,,32780,,,-23.687793,-46.800698499999996,,,,2,2023-06-20T07:27:03+00:00
SAO_1703-10,São Paulo,3550308,True,,847,,,-23.4492635,-46.5886495,,,,1,2023-06-20T07:27:21+00:00
SAO_6L10-41,São Paulo,3550308,True,,34773,,,-23.7880685,-46.765596,,,,2,2023-06-20T07:27:13+00:00
SAO_6L10-41,São Paulo,3550308,True,,34773,,,-23.7880685,-46.765596,,,,2,2023-06-20T07:26:55+00:00
SAO_6L10-41,São Paulo,3550308,True,,34773,,,-23.7880685,-46.765596,,,,2,2023-06-20T07:27:33+00:00
SAO_975A-10,São Paulo,3550308,True,,33357,,,-23.48442,-46.687509,,,,2,2023-06-20T07:27:12+00:00
SAO_408A-10,São Paulo,3550308,True,,33534,,,-23.558581874999998,-46.63291125,,,,2,2023-06-20T07:27:09+00:00
SAO_6803-10,São Paulo,3550308,True,BR7 Mobilidade,29,https://moovitapp.com/index/pt-br/transporte_p%C3%BAblico-line-29-Sao_Paulo-242-851856-500111-0,5.75,-23.643827,-46.734452000000005,,,,1,2023-06-20T07:27:12+00:00
SAO_3054-10,São Paulo,3550308,True,,975,,,-23.609925,-46.407969,,,,1,2023-06-20T07:26:59+00:00
SAO_3054-10,São Paulo,3550308,True,,975,,,-23.609925,-46.407969,,,,1,2023-06-20T07:27:09+00:00
SAO_5119-10,São Paulo,3550308,True,,1,,,-23.6514915,-46.757566249999996,,,,1,2023-06-20T07:27:23+00:00
SAO_N101-11,São Paulo,3550308,True,,35050,,,-23.520177500000003,-46.700295499999996,,,,2,2023-06-20T07:26:57+00:00
SAO_N436-11,São Paulo,3550308,True,,35137,,,-23.582943,-46.408454,,,,2,2023-06-20T07:27:06+00:00
SAO_5164-41,São Paulo,3550308,True,,1617,,,-23.646586749999997,-46.645936000000006,,,,1,2023-06-20T07:27:24+00:00
SAO_5164-41,São Paulo,3550308,True,,1617,,,-23.6463425,-46.64646425,,,,1,2023-06-20T07:27:00+00:00
SAO_5164-41,São Paulo,3550308,True,,1617,,,-23.6461105,-46.6469465,,,,1,2023-06-20T07:27:32+00:00
SAO_2523-10,São Paulo,3550308,True,,33018,,,-23.5216,-46.4253885,,,,2,2023-06-20T07:27:19+00:00
SAO_2523-10,São Paulo,3550308,True,,33018,,,-23.5216,-46.4253885,,,,2,2023-06-20T07:27:06+00:00
SAO_2523-10,São Paulo,3550308,True,,33018,,,-23.5216,-46.4253885,,,,2,2023-06-20T07:27:31+00:00
SAO_2523-10,São Paulo,3550308,True,,33018,,,-23.5216,-46.4253885,,,,2,2023-06-20T07:26:48+00:00
SAO_2523-10,São Paulo,3550308,True,,33018,,,-23.5216,-46.4253885,,,,2,2023-06-20T07:27:09+00:00
SAO_3006-10,São Paulo,3550308,True,,34633,,,-23.5476935,-46.390091,,,,2,2023-06-20T07:26:33+00:00
SAO_2363-10,São Paulo,3550308,True,,135,,,-23.539895,-46.61106075,,,,1,2023-06-20T07:27:26+00:00
SAO_7054-10,São Paulo,3550308,True,,41,,,-23.6517055,-46.7906215,,,,1,2023-06-20T07:27:26+00:00
SAO_N133-11,São Paulo,3550308,True,,35057,,,-23.43789375,-46.7485555,,,,2,2023-06-20T07:27:25+00:00
SAO_2028-10,São Paulo,3550308,True,,35031,,,-23.4339345,-46.5715405,,,,2,2023-06-20T07:27:28+00:00
SAO_N403-11,São Paulo,3550308,True,,35127,,,-23.5704055,-46.4156715,,,,2,2023-06-20T07:26:57+00:00
SAO_6804-10,São Paulo,3550308,True,BR7 Mobilidade,30,https://moovitapp.com/index/pt-br/transporte_p%C3%BAblico-line-30-Sao_Paulo-242-851856-500112-0,5.75,-23.6441005,-46.7345045,,,,1,2023-06-20T07:26:57+00:00
SAO_6045-10,São Paulo,3550308,True,,33990,,,-23.694454,-46.794375,,,,2,2023-06-20T07:27:08+00:00
SAO_647A-10,São Paulo,3550308,True,,34083,,,-23.679043999999998,-46.783718,,,,2,2023-06-20T07:27:16+00:00
SAO_6017-10,São Paulo,3550308,True,,1206,,,-23.679985875,-46.764589875,,,,1,2023-06-20T07:26:57+00:00
SAO_N739-11,São Paulo,3550308,True,,35188,,,-23.672321500000002,-46.744934,,,,2,2023-06-20T07:26:57+00:00
SAO_7006-51,São Paulo,3550308,True,,1997,,,-23.69138175,-46.77535775,,,,1,2023-06-20T07:27:01+00:00
SAO_9011-21,São Paulo,3550308,True,,34536,,,-23.446984,-46.7225025,,,,2,2023-06-20T07:27:03+00:00
SAO_425E-10,São Paulo,3550308,True,,1636,,,-23.614058,-46.5006185,,,,1,2023-06-20T07:27:21+00:00
SAO_N746-11,São Paulo,3550308,True,,35195,,,-23.6635075,-46.79383850000001,,,,2,2023-06-20T07:27:33+00:00
SAO_2722-10,São Paulo,3550308,True,Urubupungá,935,https://moovitapp.com/index/pt-br/transporte_p%C3%BAblico-line-935-Sao_Paulo-242-873835-76437456-0,4.6,-23.5086175,-46.494797,,,,1,2023-06-20T07:27:00+00:00
SAO_3787-10,São Paulo,3550308,True,,34380,,,-23.56241275,-46.4461925,,,,2,2023-06-20T07:27:33+00:00
SAO_3787-10,São Paulo,3550308,True,,34380,,,-23.595904250000004,-46.43729625,,,,2,2023-06-20T07:27:23+00:00
SAO_6045-21,São Paulo,3550308,True,,2164,,,-23.6943805,-46.793962,,,,1,2023-06-20T07:27:05+00:00
SAO_6045-21,São Paulo,3550308,True,,2164,,,-23.6945095,-46.7940355,,,,1,2023-06-20T07:27:25+00:00
SAO_3721-10,São Paulo,3550308,True,,33787,,,-23.549149,-46.483338,,,,2,2023-06-20T07:26:59+00:00
SAO_574J-10,São Paulo,3550308,True,,1685,,,-23.5580635,-46.522337500000006,,,,1,2023-06-20T07:26:50+00:00
SAO_637R-10,São Paulo,3550308,True,,32964,,,-23.67578575,-46.753684500000006,,,,2,2023-06-20T07:27:30+00:00
SAO_N604-11,São Paulo,3550308,True,,35163,,,-23.631601,-46.646734499999994,,,,2,2023-06-20T07:26:51+00:00
SAO_N802-11,São Paulo,3550308,True,,35197,,,-23.5657815,-46.7010925,,,,2,2023-06-20T07:27:04+00:00
SAO_209P-1,São Paulo,3550308,True,,2301,,,-23.486594999999998,-46.682212,,,,1,2023-06-20T07:27:27+00:00
SAO_675K-10,São Paulo,3550308,True,,32966,,,-23.67682,-46.7581165,,,,2,2023-06-20T07:26:59+00:00
SAO_N537-11,São Paulo,3550308,True,,35157,,,-23.581889,-46.585524,,,,2,2023-06-20T07:27:16+00:00
SAO_N205-11,São Paulo,3550308,True,,2315,,,-23.4932105,-46.678656000000004,,,,1,2023-06-20T07:26:55+00:00
SAO_N802-11,São Paulo,3550308,True,,2429,,,-23.546077500000003,-46.631047,,,,1,2023-06-20T07:27:00+00:00
SAO_N842-11,São Paulo,3550308,True,,2441,,,-23.584043,-46.7620915,,,,1,2023-06-20T07:27:31+00:00
SAO_N404-11,São Paulo,3550308,True,,2360,,,-23.593664125,-46.488393499999994,,,,1,2023-06-20T07:27:08+00:00
SAO_4210-10,São Paulo,3550308,True,,34938,,,-23.538832,-46.555271749999996,,,,2,2023-06-20T07:27:28+00:00
SAO_4210-10,São Paulo,3550308,True,,34938,,,-23.5655155,-46.5077565,,,,2,2023-06-20T07:27:18+00:00
SAO_8542-21,São Paulo,3550308,True,,34129,,,-23.477871,-46.7003155,,,,2,2023-06-20T07:26:52+00:00
SAO_N706-11,São Paulo,3550308,True,,2411,,,-23.628644,-46.768147,,,,1,2023-06-20T07:27:03+00:00
SAO_8022-10,São Paulo,3550308,True,,34853,,,-23.561428999999997,-46.742356,,,,2,2023-06-20T07:27:16+00:00
SAO_6L05-10,São Paulo,3550308,True,,33941,,,-23.87687675,-46.64925375,,,,2,2023-06-20T07:21:25+00:00
SAO_2780-10,São Paulo,3550308,True,,33167,,,-23.494404,-46.4148335,,,,2,2023-06-20T07:27:23+00:00
SAO_7545-10,São Paulo,3550308,True,,33272,,,-23.5912775,-46.7739315,,,,2,2023-06-20T07:26:52+00:00
SAO_7545-10,São Paulo,3550308,True,,33272,,,-23.572547,-46.7079645,,,,2,2023-06-20T07:27:24+00:00
SAO_N403-11,São Paulo,3550308,True,,2359,,,-23.5304715,-46.44456,,,,1,2023-06-20T07:23:16+00:00
SAO_7016-10,São Paulo,3550308,True,,34886,,,-23.686005,-46.753129,,,,2,2023-06-20T07:27:31+00:00
SAO_675A-10,São Paulo,3550308,True,,34086,,,-23.60836475,-46.65240824999999,,,,2,2023-06-20T07:27:14+00:00
SAO_6L11-10,São Paulo,3550308,True,,33935,,,-23.762444000000002,-46.655004000000005,,,,2,2023-06-20T07:27:07+00:00
SAO_4053-10,São Paulo,3550308,True,,34914,,,-23.55280925,-46.3944755,,,,2,2023-06-20T07:27:06+00:00
SAO_4003-10,São Paulo,3550308,True,,34927,,,-23.57007,-46.407599000000005,,,,2,2023-06-20T07:26:57+00:00
SAO_N601-11,São Paulo,3550308,True,,2392,,,-23.589728249999997,-46.6513285,,,,1,2023-06-20T07:27:23+00:00
SAO_N601-11,São Paulo,3550308,True,,2392,,,-23.7374635,-46.697805,,,,1,2023-06-20T07:26:53+00:00
SAO_5033-10,São Paulo,3550308,True,,34433,,,-23.603151,-46.6022615,,,,2,2023-06-20T07:27:28+00:00
SAO_2719-10,São Paulo,3550308,True,,932,,,-23.510440000000003,-46.50764,,,,1,2023-06-20T07:26:55+00:00
SAO_707K-10,São Paulo,3550308,True,,35271,,,-23.642864,-46.672678000000005,,,,2,2023-06-20T07:27:22+00:00
SAO_3736-10,São Paulo,3550308,True,,33804,,,-23.5758665,-46.4834185,,,,2,2023-06-20T07:27:29+00:00
SAO_N106-11,São Paulo,3550308,True,,2300,,,-23.52644,-46.66704,,,,1,2023-06-20T07:26:52+00:00
SAO_N531-11,São Paulo,3550308,True,,2383,,,-23.614004,-46.501168500000006,,,,1,2023-06-20T07:27:20+00:00
SAO_6806-10,São Paulo,3550308,True,BR7 Mobilidade,32,https://moovitapp.com/index/pt-br/transporte_p%C3%BAblico-line-32-Sao_Paulo-242-851856-586488-0,5.75,-23.644223,-46.733958,,,,1,2023-06-20T07:27:29+00:00
SAO_8600-22,São Paulo,3550308,True,,34822,,,-23.54222525,-46.6382325,,,,2,2023-06-20T07:26:58+00:00
SAO_6358-10,São Paulo,3550308,True,,34062,,,-23.686753500000002,-46.6381915,,,,2,2023-06-20T07:27:14+00:00
SAO_N506-11,São Paulo,3550308,True,,2380,,,-23.593686,-46.6292815,,,,1,2023-06-20T07:27:22+00:00
SAO_2080-10,São Paulo,3550308,True,,33139,,,-23.510135124999998,-46.366632749999994,,,,2,2023-06-20T07:27:25+00:00
SAO_5757-51,São Paulo,3550308,True,,1976,,,-23.7079895,-46.641386499999996,,,,1,2023-06-20T07:27:10+00:00
SAO_5757-51,São Paulo,3550308,True,,1976,,,-23.7079895,-46.641386499999996,,,,1,2023-06-20T07:27:24+00:00
SAO_2007-10,São Paulo,3550308,True,,33664,,,-23.504057875,-46.39025925,,,,2,2023-06-20T07:27:15+00:00
SAO_N238-11,São Paulo,3550308,True,,2327,,,-23.477443,-46.6054705,,,,1,2023-06-20T07:27:25+00:00
SAO_N634-11,São Paulo,3550308,True,,35167,,,-23.654381,-46.7120195,,,,2,2023-06-20T07:27:06+00:00
SAO_745M-10,São Paulo,3550308,True,,782,,,-23.637676499999998,-46.7796345,,,,1,2023-06-20T07:27:19+00:00
SAO_2626-10,São Paulo,3550308,True,,33144,,,-23.5117745,-46.402195999999996,,,,2,2023-06-20T07:27:29+00:00
SAO_8677-10,São Paulo,3550308,True,,33211,,,-23.483776,-46.7537555,,,,2,2023-06-20T07:27:21+00:00
SAO_967A-10,São Paulo,3550308,True,,33336,,,-23.480661,-46.656176,,,,2,2023-06-20T07:26:58+00:00
SAO_6820-10,São Paulo,3550308,True,,32787,,,-23.6539115,-46.762288,,,,2,2023-06-20T07:26:53+00:00
SAO_N633-11,São Paulo,3550308,True,,2398,,,-23.6135485,-46.6952225,,,,1,2023-06-20T07:27:23+00:00
SAO_N840-11,São Paulo,3550308,True,,35207,,,-23.557943,-46.662396375,,,,2,2023-06-20T07:27:32+00:00
SAO_253F-10,São Paulo,3550308,True,EMTU,158,https://moovitapp.com/index/pt-br/transporte_p%C3%BAblico-line-158-Sao_Paulo-242-2038937-36419303-0,7.45,-23.518814499999998,-46.475541,,,,1,2023-06-20T07:21:50+00:00
SAO_253F-10,São Paulo,3550308,True,EMTU,158,https://moovitapp.com/index/pt-br/transporte_p%C3%BAblico-line-158-Sao_Paulo-242-2038937-36419303-0,7.45,-23.5185795,-46.475586,,,,1,2023-06-20T07:27:27+00:00
SAO_N201-11,São Paulo,3550308,True,,35079,,,-23.5383115,-46.601995,,,,2,2023-06-20T07:27:11+00:00
SAO_N307-11,São Paulo,3550308,True,,2341,,,-23.565859,-46.7013775,,,,1,2023-06-20T07:26:54+00:00
SAO_5029-10,São Paulo,3550308,True,,1672,,,-23.603042000000002,-46.601376,,,,1,2023-06-20T07:27:31+00:00
SAO_N431-11,São Paulo,3550308,True,,2364,,,-23.609823249999998,-46.4260955,,,,1,2023-06-20T07:27:17+00:00
SAO_4093-10,São Paulo,3550308,True,,35216,,,-23.589928,-46.395147,,,,2,2023-06-20T07:27:27+00:00
SAO_N245-11,São Paulo,3550308,True,,35102,,,-23.47636025,-46.64899025,,,,2,2023-06-20T07:26:49+00:00
SAO_N631-11,São Paulo,3550308,True,,2396,,,-23.666698500000003,-46.706092,,,,1,2023-06-20T07:27:05+00:00
SAO_N438-11,São Paulo,3550308,True,,35139,,,-23.587626,-46.4429655,,,,2,2023-06-20T07:26:59+00:00
SAO_8008-10,São Paulo,3550308,True,,34026,,,-23.485873499999997,-46.7256145,,,,2,2023-06-20T07:27:27+00:00
SAO_N143-11,São Paulo,3550308,True,,2299,,,-23.474278,-46.7077875,,,,1,2023-06-20T07:27:26+00:00
SAO_N533-11,São Paulo,3550308,True,,2385,,,-23.584821499999997,-46.5834725,,,,1,2023-06-20T07:27:11+00:00
SAO_273N-10,São Paulo,3550308,True,,33158,,,-23.5107775,-46.4377285,,,,2,2023-06-20T07:24:56+00:00
SAO_273J-10,São Paulo,3550308,True,,33157,,,-23.4924305,-46.416829250000006,,,,2,2023-06-20T07:27:32+00:00
SAO_6035-21,São Paulo,3550308,True,,1795,,,-23.720715499999997,-46.755851,,,,1,2023-06-20T07:26:54+00:00
SAO_748A-10,São Paulo,3550308,True,EMTU,498,https://moovitapp.com/index/pt-br/transporte_p%C3%BAblico-line-498-Sao_Paulo-242-2038937-36419523-0,5.4,-23.5510456875,-46.740044062500004,,,,1,2023-06-20T07:27:16+00:00
SAO_6837-10,São Paulo,3550308,True,,6,,,-23.654061499999997,-46.763393,,,,1,2023-06-20T07:27:15+00:00
SAO_N401-11,São Paulo,3550308,True,,35125,,,-23.553073500000004,-46.60227175,,,,2,2023-06-20T07:27:13+00:00
SAO_6008-10,São Paulo,3550308,True,,33968,,,-23.68727,-46.7629345,,,,2,2023-06-20T07:27:13+00:00
SAO_6008-10,São Paulo,3550308,True,,33968,,,-23.68727,-46.7629345,,,,2,2023-06-20T07:26:50+00:00
SAO_N332-11,São Paulo,3550308,True,,35112,,,-23.4878095,-46.5021815,,,,2,2023-06-20T07:27:19+00:00
SAO_N506-11,São Paulo,3550308,True,,35148,,,-23.556050499999998,-46.6631305,,,,2,2023-06-20T07:26:50+00:00
SAO_N236-11,São Paulo,3550308,True,,35093,,,-23.4601465,-46.643952,,,,2,2023-06-20T07:27:03+00:00
SAO_702C-10,São Paulo,3550308,True,,33253,,,-23.5550435,-46.662276500000004,,,,2,2023-06-20T07:27:23+00:00
SAO_702C-10,São Paulo,3550308,True,,33253,,,-23.565614500000002,-46.751117,,,,2,2023-06-20T07:26:57+00:00
SAO_N838-11,São Paulo,3550308,True,,35205,,,-23.5460535,-46.69134,,,,2,2023-06-20T07:26:47+00:00
SAO_N734-11,São Paulo,3550308,True,,35183,,,-23.681549,-46.7834115,,,,2,2023-06-20T07:27:09+00:00
SAO_5144-10,São Paulo,3550308,True,,34395,,,-23.614938000000002,-46.5020905,,,,2,2023-06-20T07:27:31+00:00
SAO_273L-10,São Paulo,3550308,True,,32992,,,-23.53385,-46.4257415,,,,2,2023-06-20T07:27:24+00:00
SAO_3789-10,São Paulo,3550308,True,,1067,,,-23.592042499999998,-46.407144,,,,1,2023-06-20T07:27:24+00:00
SAO_N206-11,São Paulo,3550308,True,,2316,,,-23.5245125,-46.66572375,,,,1,2023-06-20T07:27:13+00:00
SAO_574W-10,São Paulo,3550308,True,,34397,,,-23.615419,-46.481721750000005,,,,2,2023-06-20T07:27:21+00:00
SAO_8015-10,São Paulo,3550308,True,,34113,,,-23.475819,-46.714977,,,,2,2023-06-20T07:26:51+00:00
SAO_5011-10,São Paulo,3550308,True,,33883,,,-23.706204,-46.641568,,,,2,2023-06-20T07:25:58+00:00
SAO_4033-10,São Paulo,3550308,True,,33871,,,-23.60295,-46.54262025,,,,2,2023-06-20T07:27:14+00:00
SAO_N835-11,São Paulo,3550308,True,,2434,,,-23.5864425625,-46.754773375,,,,1,2023-06-20T07:27:29+00:00
SAO_3069-10,São Paulo,3550308,True,,984,,,-23.62318125,-46.44435525,,,,1,2023-06-20T07:26:54+00:00
SAO_N842-11,São Paulo,3550308,True,,35209,,,-23.567389,-46.7552445,,,,2,2023-06-20T07:27:03+00:00
SAO_6063-42,São Paulo,3550308,True,,2002,,,-23.768084,-46.716452,,,,1,2023-06-20T07:27:19+00:00
SAO_N101-11,São Paulo,3550308,True,,2282,,,-23.546979,-46.63057,,,,1,2023-06-20T07:26:51+00:00
SAO_2582-10,São Paulo,3550308,True,EMTU,374,https://moovitapp.com/index/pt-br/transporte_p%C3%BAblico-line-374-Sao_Paulo-242-2038937-36419448-0,3.7,-23.512712,-46.433335,,,,1,2023-06-20T07:26:08+00:00
SAO_N735-11,São Paulo,3550308,True,,35184,,,-23.692131,-46.78990950000001,,,,2,2023-06-20T07:27:05+00:00
SAO_407A-10,São Paulo,3550308,True,,2194,,,-23.564895,-46.506786000000005,,,,1,2023-06-20T07:27:06+00:00
SAO_178L-10,São Paulo,3550308,True,,33328,,,-23.536884,-46.64311525000001,,,,2,2023-06-20T07:27:25+00:00
SAO_677Y-10,São Paulo,3550308,True,,1240,,,-23.6836685,-46.7890555,,,,1,2023-06-20T07:27:04+00:00
SAO_6L10-10,São Paulo,3550308,True,,1159,,,-23.767440999999998,-46.716431,,,,1,2023-06-20T07:27:05+00:00
SAO_6L10-10,São Paulo,3550308,True,,1159,,,-23.767440999999998,-46.716431,,,,1,2023-06-20T07:27:17+00:00
SAO_7011-31,São Paulo,3550308,True,,34722,,,-23.707812,-46.7918005,,,,2,2023-06-20T07:27:07+00:00
SAO_N434-11,São Paulo,3550308,True,,35135,,,-23.586710250000003,-46.4847635,,,,2,2023-06-20T07:27:17+00:00
SAO_178T-10,São Paulo,3550308,True,EMTU,565,https://moovitapp.com/index/pt-br/transporte_p%C3%BAblico-line-565-Sao_Paulo-242-2038937-36419563-0,8.1,-23.525247,-46.71580525,,,,1,2023-06-20T07:27:25+00:00
SAO_6824-10,São Paulo,3550308,True,,32791,,,-23.673658500000002,-46.791049,,,,2,2023-06-20T07:27:21+00:00
SAO_5029-10,São Paulo,3550308,True,,34440,,,-23.628492,-46.5859155,,,,2,2023-06-20T07:27:15+00:00
SAO_N703-11,São Paulo,3550308,True,,2408,,,-23.653924375,-46.71180125000001,,,,1,2023-06-20T07:27:27+00:00
SAO_6062-10,São Paulo,3550308,True,,1151,,,-23.741927,-46.6815325,,,,1,2023-06-20T07:27:14+00:00
SAO_875A-10,São Paulo,3550308,True,,33377,,,-23.60876,-46.653268999999995,,,,2,2023-06-20T07:27:09+00:00
SAO_6073-10,São Paulo,3550308,True,,1160,,,-23.82665775,-46.732121,,,,1,2023-06-20T07:27:22+00:00
SAO_N743-11,São Paulo,3550308,True,,35192,,,-23.685222,-46.7480135,,,,2,2023-06-20T07:26:55+00:00
SAO_N705-11,São Paulo,3550308,True,,2410,,,-23.57121125,-46.70081424999999,,,,1,2023-06-20T07:27:23+00:00
SAO_2726-10,São Paulo,3550308,True,,33708,,,-23.515029499999997,-46.468916500000006,,,,2,2023-06-20T07:27:03+00:00
SAO_N639-11,São Paulo,3550308,True,,2404,,,-23.736168499999998,-46.6967525,,,,1,2023-06-20T07:27:29+00:00
SAO_N339-11,São Paulo,3550308,True,,35119,,,-23.5377205,-46.481616,,,,2,2023-06-20T07:27:25+00:00
SAO_407N-10,São Paulo,3550308,True,,2169,,,-23.594362,-46.42451,,,,1,2023-06-20T07:27:06+00:00
SAO_675R-10,São Paulo,3550308,True,,32877,,,-23.7383025,-46.685518,,,,2,2023-06-20T07:27:06+00:00
SAO_2708-10,São Paulo,3550308,True,,921,,,-23.533921499999998,-46.399558999999996,,,,1,2023-06-20T07:27:09+00:00
SAO_4312-10,São Paulo,3550308,True,,34940,,,-23.5572495,-46.495866500000005,,,,2,2023-06-20T07:26:59+00:00
SAO_N832-11,São Paulo,3550308,True,,35199,,,-23.557833000000002,-46.748490000000004,,,,2,2023-06-20T07:24:20+00:00
SAO_4007-10,São Paulo,3550308,True,,2181,,,-23.5665605,-46.40022,,,,1,2023-06-20T07:27:00+00:00
SAO_502J-10,São Paulo,3550308,True,,34043,,,-23.6793045,-46.6639455,,,,2,2023-06-20T07:26:48+00:00
SAO_N233-11,São Paulo,3550308,True,,35090,,,-23.48931,-46.5738365,,,,2,2023-06-20T07:27:31+00:00
SAO_701A-10,São Paulo,3550308,True,,33457,,,-23.4861425,-46.578312,,,,2,2023-06-20T07:26:55+00:00
SAO_3462-10,São Paulo,3550308,True,,33015,,,-23.536789499999998,-46.470034,,,,2,2023-06-20T07:27:10+00:00
SAO_211L-10,São Paulo,3550308,True,,35033,,,-23.473413,-46.6372915,,,,2,2023-06-20T07:26:49+00:00
SAO_909T-1,São Paulo,3550308,True,,2512,,,-23.566103499999997,-46.7018865,,,,1,2023-06-20T07:27:05+00:00
SAO_637R-10,São Paulo,3550308,True,EMTU,196,https://moovitapp.com/index/pt-br/transporte_p%C3%BAblico-line-196-Sao_Paulo-242-2038937-36419323-0,4.85,-23.654646999999997,-46.714907499999995,,,,1,2023-06-20T07:27:03+00:00
SAO_N637-11,São Paulo,3550308,True,,35170,,,-23.690504999999998,-46.6484425,,,,2,2023-06-20T07:27:08+00:00
SAO_4005-10,São Paulo,3550308,True,,34947,,,-23.5876545,-46.39578525,,,,2,2023-06-20T07:27:25+00:00
SAO_9023-10,São Paulo,3550308,True,,34205,,,-23.4197105,-46.7166475,,,,2,2023-06-20T07:27:07+00:00
SAO_1788-10,São Paulo,3550308,True,,653,,,-23.441767,-46.589588000000006,,,,1,2023-06-20T07:26:41+00:00
SAO_N640-11,São Paulo,3550308,True,,2405,,,-23.658759,-46.698775999999995,,,,1,2023-06-20T07:27:23+00:00
SAO_N441-11,São Paulo,3550308,True,,35142,,,-23.5814445,-46.381487,,,,2,2023-06-20T07:25:46+00:00
SAO_N539-11,São Paulo,3550308,True,,35159,,,-23.6026135,-46.602717,,,,2,2023-06-20T07:27:13+00:00
SAO_177H-10,São Paulo,3550308,True,,33398,,,-23.544143,-46.6569185,,,,2,2023-06-20T07:26:48+00:00
SAO_573A-10,São Paulo,3550308,True,,34405,,,-23.579991,-46.586749,,,,2,2023-06-20T07:22:22+00:00
SAO_4003-10,São Paulo,3550308,True,,2159,,,-23.532261249999998,-46.44741775,,,,1,2023-06-20T07:27:21+00:00
SAO_5128-10,São Paulo,3550308,True,,1128,,,-23.7117175,-46.651781,,,,1,2023-06-20T07:26:42+00:00
SAO_701U-10,São Paulo,3550308,True,,33425,,,-23.544144125,-46.638290875,,,,2,2023-06-20T07:26:56+00:00
SAO_175P-10,São Paulo,3550308,True,,33443,,,-23.503047000000002,-46.655145,,,,2,2023-06-20T07:27:03+00:00
SAO_N244-11,São Paulo,3550308,True,,35101,,,-23.435932,-46.58277,,,,2,2023-06-20T07:25:04+00:00
SAO_1732-10,São Paulo,3550308,True,,671,,,-23.487852,-46.5743735,,,,1,2023-06-20T07:25:45+00:00
SAO_N207-11,São Paulo,3550308,True,,35085,,,-23.5373795,-46.6416975,,,,2,2023-06-20T07:27:22+00:00
SAO_6042-21,São Paulo,3550308,True,,1775,,,-23.674391999999997,-46.769508,,,,1,2023-06-20T07:27:20+00:00
SAO_N232-11,São Paulo,3550308,True,,35089,,,-23.503648499999997,-46.5732365,,,,2,2023-06-20T07:25:40+00:00
SAO_4313-10,São Paulo,3550308,True,,2173,,,-23.583196,-46.407725,,,,1,2023-06-20T07:27:15+00:00
SAO_8010-10,São Paulo,3550308,True,,33566,,,-23.463771,-46.7209065,,,,2,2023-06-20T02:49:47+00:00
SAO_2702-21,São Paulo,3550308,True,,1526,,,-23.50286,-46.4672975,,,,1,2023-06-20T07:26:44+00:00
SAO_875C-1,São Paulo,3550308,True,,35278,,,-23.519759,-46.700522500000005,,,,2,2023-06-20T07:27:19+00:00
SAO_3002-10,São Paulo,3550308,True,,1808,,,-23.510468,-46.378808,,,,1,2023-06-20T07:25:32+00:00
SAO_856R-10,São Paulo,3550308,True,,34196,,,-23.5593425,-46.68047825,,,,2,2023-06-20T07:27:05+00:00
SAO_8040-10,São Paulo,3550308,True,,406,,,-23.508308999999997,-46.741544875,,,,1,2023-06-20T07:27:06+00:00
SAO_1036-10,São Paulo,3550308,True,,35221,,,-23.447865999999998,-46.708386,,,,2,2023-06-20T07:27:04+00:00
SAO_9090-10,São Paulo,3550308,True,,33652,,,-23.4931035,-46.672356,,,,2,2023-06-20T07:27:04+00:00
SAO_7053-22,São Paulo,3550308,True,,1896,,,-23.6431875,-46.787111,,,,1,2023-06-20T07:26:56+00:00
SAO_775N-10,São Paulo,3550308,True,,33242,,,-23.5505625625,-46.739762625,,,,2,2023-06-20T07:27:32+00:00
SAO_938V-10,São Paulo,3550308,True,,33581,,,-23.4527645,-46.6849925,,,,2,2023-06-20T07:27:29+00:00
SAO_N237-11,São Paulo,3550308,True,,2326,,,-23.467895,-46.584211499999995,,,,1,2023-06-20T07:24:42+00:00
